side1^2,side2^2,side3^2,side1^2+side2^2,side1^2+side3^2,side2^2+side3^2,validity
4004001,23716,4012009,4027717,8016010,4035725,0
368449,15625,370881,384074,739330,386506,0
23201382400,19501056,23220883456,23220883456,46422265856,23240384512,1
31371201,717409,30824704,32088610,62195905,31542113,0
18769,4356,19044,23125,37813,23400,0
146168100,3013696,149181796,149181796,295349896,152195492,1
4931550625,17214201,4818858724,4948764826,9750409349,4836072925,0
32970564,62372065536,62405036100,62405036100,62438006664,124777101636,1
3694084,25600,3701776,3719684,7395860,3727376,0
9216,5303809,5313025,5313025,5322241,10616834,1
2304,400,2704,2704,5008,3104,1
21609,9604,21904,31213,43513,31508,0
15455959684,58767556,15096545424,15514727240,30552505108,15155312980,0
22477081,842724,22743361,23319805,45220442,23586085,0
47334400,2396304,49730704,49730704,97065104,52127008,1
15586704,6865945321,6881532025,6881532025,6897118729,13747477346,1
7018753284,37258816,6873404836,7056012100,13892158120,6910663652,0
7226700100,32695524,6944888896,7259395624,14171588996,6977584420,0
57600,893025,950625,950625,1008225,1843650,1
424689664,7617600,432307264,432307264,856996928,439924864,1
2143296,182329,2325625,2325625,4468921,2507954,1
96387895296,40985604,96428880900,96428880900,192816776196,96469866504,1
55681444,23372294400,23427975844,23427975844,23483657288,46800270244,1
442225,8281,444889,450506,887114,453170,0
5929,2116,6084,8045,12013,8200,0
0,0,0,0,0,0,1
2373638400,5654884,2379293284,2379293284,4752931684,2384948168,1
5189284,372335616,377524900,377524900,382714184,749860516,1
556516,9801,558009,566317,1114525,567810,0
467467641,22052416,302516449,489520057,769984090,324568865,0
341584324,4730625,303560929,346314949,645145253,308291554,0
12006225,17790224400,17802230625,17802230625,17814236850,35592455025,1
2408704,9025,2411809,2417729,4820513,2420834,0
806105664,4435236,810540900,810540900,1616646564,814976136,1
1704120961,9703225,1674119056,1713824186,3378240017,1683822281,0
74666881,1014049,67371264,75680930,142038145,68385313,0
22500,5041,23104,27541,45604,28145,0
9922500,5018305600,5028228100,5028228100,5038150600,10046533700,1
79569126400,48525156,79617651556,79617651556,159186777956,79666176712,1
4012009,24336,4020025,4036345,8032034,4044361,0
1102500,121000000,122102500,122102500,123205000,243102500,1
19953540049,68409441,19474760704,20021949490,39428300753,19543170145,0
170485249,1697809,157954624,172183058,328439873,159652433,0
12096040324,46335249,11676747481,12142375573,23772787805,11723082730,0
4549689,7096377600,7100927289,7100927289,7105476978,14197304889,1
339738624,4734976,344473600,344473600,684212224,349208576,1
34225,7569,34969,41794,69194,42538,0
41990400,585225,42575625,42575625,84566025,43160850,1
63680400,28051225225,28114905625,28114905625,28178586025,56166130850,1
8088336,651117289,659205625,659205625,667293961,1310322914,1
176400,9834496,10010896,10010896,10187296,19845392,1
2718996736,18653761,2643707889,2737650497,5362704625,2662361650,0
1404225,399424,1803649,1803649,3207874,2203073,1
50301518400,39929761,50341448161,50341448161,100642966561,50381377922,1
50808384,2073600,52881984,52881984,103690368,54955584,1
35948918404,100881936,35139002116,36049800340,71087920520,35239884052,0
9916201,11123499024,11133415225,11133415225,11143331426,22256914249,1
74529,2500,75625,77029,150154,78125,0
20702500,42849000000,42869702500,42869702500,42890405000,85718702500,1
519840000,866761,520706761,520706761,1040546761,521573522,1
105677006400,58522500,105735528900,105735528900,211412535300,105794051400,1
113252164,3952144,84824100,117204308,198076264,88776244,0
8404201,26244,8410000,8430445,16814201,8436244,0
8940100,1177862400,1186802500,1186802500,1195742600,2364664900,1
2427364,1018886400,1021313764,1021313764,1023741128,2040200164,1
50126400,1684804,51811204,51811204,101937604,53496008,1
1166400,261857124,263023524,263023524,264189924,524880648,1
1042441,15129,1046529,1057570,2088970,1061658,0
3610687921,13512976,3428922249,3624200897,7039610170,3442435225,0
18169152849,39664804,17770756249,18208817653,35939909098,17810421053,0
2683447204,16834609,2565929025,2700281813,5249376229,2582763634,0
7096896,5329,7102225,7102225,14199121,7107554,1
7772944,3262694400,3270467344,3270467344,3278240288,6533161744,1
2809,2916,3025,5725,5834,5941,0
6205081,35721,6215049,6240802,12420130,6250770,0
16890121444,69288976,16603353316,16959410420,33493474760,16672642292,0
614656,11025,625681,625681,1240337,636706,1
1327363489,6692569,1260250000,1334056058,2587613489,1266942569,0
12100,2304,12544,14404,24644,14848,0
22105742400,17547721,22123290121,22123290121,44229032521,22140837842,1
31832164,65884622400,65916454564,65916454564,65948286728,131801076964,1
230400,14641,232324,245041,462724,246965,0
13887444025,42928704,13930372729,13930372729,27817816754,13973301433,1
6247321600,16451136,6263772736,6263772736,12511094336,6280223872,1
18473430889,69205761,18107470096,18542636650,36580900985,18176675857,0
23058118801,45589504,22294371969,23103708305,45352490770,22339961473,0
24462916,21025,24472809,24483941,48935725,24493834,0
9572836,686859264,696432100,696432100,706004936,1383291364,1
25401600,608400,26010000,26010000,51411600,26618400,1
20340100,8537760000,8558100100,8558100100,8578440200,17095860100,1
4622500,2134440000,2139062500,2139062500,2143685000,4273502500,1
199809,15625,201601,215434,401410,217226,0
2286144,3025,2289169,2289169,4575313,2292194,1
123858948096,54908100,123913856196,123913856196,247772804292,123968764296,1
6538249,11664,6543364,6549913,13081613,6555028,0
112225,6561,113569,118786,225794,120130,0
2134440000,10176100,2144616100,2144616100,4279056100,2154792200,1
4165681,11449,4173849,4177130,8339530,4185298,0
3106724644,13838400,3120563044,3120563044,6227287688,3134401444,1
2223081,19600,2226064,2242681,4449145,2245664,0
10816,6084,16900,16900,27716,22984,1
6036849,21316,6041764,6058165,12078613,6063080,0
0,0,0,0,0,0,1
8964036,11449,8970025,8975485,17934061,8981474,0
5992704,482417296,488410000,488410000,494402704,970827296,1
1295044,13456,1299600,1308500,2594644,1313056,0
20448484,254016,20702500,20702500,41150984,20956516,1
23014407025,50367409,21968575524,23064774434,44982982549,22018942933,0
7546009,8464736016,8472282025,8472282025,8479828034,16937018041,1
788486400,5062500,793548900,793548900,1582035300,798611400,1
960400,293642496,294602896,294602896,295563296,588245392,1
45091225,70331040000,70376131225,70376131225,70421222450,140707171225,1
4840000,44100,4884100,4884100,9724100,4928200,1
63504,3364,64516,66868,128020,67880,0
1461681,14884,1466521,1476565,2928202,1481405,0
94136057856,41731600,94177789456,94177789456,188313847312,94219521056,1
49280400,549081,49829481,49829481,99109881,50378562,1
50552100,78848640000,78899192100,78899192100,78949744200,157747832100,1
12194064,981631561,993825625,993825625,1006019689,1975457186,1
526794304,9628609,524639025,536422913,1051433329,534267634,0
152300281,345744,152646025,152646025,304946306,152991769,1
68558400,763876,69322276,69322276,137880676,70086152,1
6889,1156,7056,8045,13945,8212,0
503553600,448900,504002500,504002500,1007556100,504451400,1
76176,135424,211600,211600,287776,347024,1
7033104,504631296,511664400,511664400,518697504,1016295696,1
19448100,5946260544,5965708644,5965708644,5985156744,11911969188,1
24336,5929,24964,30265,49300,30893,0
2592100,23409,2595321,2615509,5187421,2618730,0
4190209,15876,4194304,4206085,8384513,4210180,0
83313626881,106646929,81526238784,83420273810,164839865665,81632885713,0
1,1764,1849,1765,1850,3613,0
146689,9216,148225,155905,294914,157441,0
1857769,19600,1863225,1877369,3720994,1882825,0
6461764,1549209600,1555671364,1555671364,1562133128,3104880964,1
278784,23716,302500,302500,581284,326216,1
4761124,25281,4769856,4786405,9530980,4795137,0
5550736,498182400,503733136,503733136,509283872,1001915536,1
1174707076,9696996,1100381584,1184404072,2275088660,1110078580,0
1001975716,12446784,1014422500,1014422500,2016398216,1026869284,1
707281,705600,1681,1412881,708962,707281,1
1855044,135424,1768900,1990468,3623944,1904324,0
11964681,9604,11971600,11974285,23936281,11981204,0
3572100,1806590016,1810162116,1810162116,1813734216,3616752132,1
427716,16129,430336,443845,858052,446465,0
49177497600,39037504,49216535104,49216535104,98394032704,49255572608,1
3186225,10816,3189796,3197041,6376021,3200612,0
153958464,1168561,155127025,155127025,309085489,156295586,1
12724065601,33143049,12486274564,12757208650,25210340165,12519417613,0
864360000,4120900,868480900,868480900,1732840900,872601800,1
40000,10609,40401,50609,80401,51010,0
19360000,176400,19536400,19536400,38896400,19712800,1
18352656,60025,18412681,18412681,36765337,18472706,1
25258744900,83868964,24754616896,25342613864,50013361796,24838485860,0
5822569,12321,5832225,5834890,11654794,5844546,0
495552121,3717184,480530241,499269305,976082362,484247425,0
910116,638673984,639584100,639584100,640494216,1278258084,1
13225,2809,13689,16034,26914,16498,0
515153809,9431041,512931904,524584850,1028085713,522362945,0
39690000,12135225600,12174915600,12174915600,12214605600,24310141200,1
2862864,1579585536,1582448400,1582448400,1585311264,3162033936,1
30976,6084,31684,37060,62660,37768,0
65536,9025,66049,74561,131585,75074,0
5202961,27889,5212089,5230850,10415050,5239978,0
272250000,2480625,274730625,274730625,546980625,277211250,1
5345344,383533056,388878400,388878400,394223744,772411456,1
1684445764,12348196,1584358416,1696793960,3268804180,1596706612,0
523585924,6666724,510037056,530252648,1033622980,516703780,0
540841536,1582564,542424100,542424100,1083265636,544006664,1
919681,14400,923521,934081,1843202,937921,0
19349922816,25603600,19375526416,19375526416,38725449232,19401130016,1
200732224,396900,201129124,201129124,401861348,201526024,1
11977551364,52041796,11729756416,12029593160,23707307780,11781798212,0
13254456384,33177600,13287633984,13287633984,26542090368,13320811584,1
4210704,13924,4218916,4224628,8429620,4232840,0
19079424,104976,19184400,19184400,38263824,19289376,1
1859765625,12960000,1872725625,1872725625,3732491250,1885685625,1
473541121,3352561,453178944,476893682,926720065,456531505,0
2195016201,18215824,2213232025,2213232025,4408248226,2231447849,1
16337764,29241,16345849,16367005,32683613,16375090,0
2166784,285474816,287641600,287641600,289808384,573116416,1
1521,2704,4225,4225,5746,6929,1
25704900,27137949696,27163654596,27163654596,27189359496,54301604292,1
0,1089,1089,1089,1089,2178,1
42839478529,78765625,40970617744,42918244154,83810096273,41049383369,0
18910100196,47334400,18957434596,18957434596,37867534792,19004768996,1
4609609,15376,4618201,4624985,9227810,4633577,0
9,16,16,25,25,32,0
8693697600,6901129,8700598729,8700598729,17394296329,8707499858,1
108900,29593600,29702500,29702500,29811400,59296100,1
1034289,14161,1038361,1048450,2072650,1052522,0
12341169,23104,12348196,12364273,24689365,12371300,0
26708224,1846881,27888961,28555105,54597185,29735842,0
22924944,22735814656,22758739600,22758739600,22781664544,45494554256,1
55225,1296,55696,56521,110921,56992,0
13456,22801,35721,36257,49177,58522,0
8479744,46656,8526400,8526400,17006144,8573056,1
3541202064,10361961,3551564025,3551564025,7092766089,3561925986,1
3657830400,17438976,3675269376,3675269376,7333099776,3692708352,1
2433600,86397025,88830625,88830625,91264225,175227650,1
120409,36481,145924,156890,266333,182405,0
2286144,194481,2480625,2480625,4766769,2675106,1
20650839616,40832100,20691671716,20691671716,41342511332,20732503816,1
14745600,746496,15492096,15492096,30237696,16238592,1
0,0,0,0,0,0,1
711608976,2082249,713691225,713691225,1425300201,715773474,1
8649,7396,8836,16045,17485,16232,0
18404100,19430129664,19448533764,19448533764,19466937864,38878663428,1
1249924,9216,1254400,1259140,2504324,1263616,0
1894164484,13410244,1812715776,1907574728,3706880260,1826126020,0
523585924,6666724,510037056,530252648,1033622980,516703780,0
3739567104,24010000,3763577104,3763577104,7503144208,3787587104,1
29653184401,56415121,28523156544,29709599522,58176340945,28579571665,0
5184,417316,422500,422500,427684,839816,1
5978025,17956,5982916,5995981,11960941,6000872,0
16384,6241,16641,22625,33025,22882,0
20106256,17487417600,17507523856,17507523856,17527630112,34994941456,1
17139600,576081,17715681,17715681,34855281,18291762,1
11025,5041,11449,16066,22474,16490,0
1333710400,12152196,1345862596,1345862596,2679572996,1358014792,1
491774976,6853924,498628900,498628900,990403876,505482824,1
7779416401,43335889,6958229056,7822752290,14737645457,7001564945,0
3336217600,8785296,3345002896,3345002896,6681220496,3353788192,1
4120900,864360000,868480900,868480900,872601800,1732840900,1
660969,8464,662596,669433,1323565,671060,0
93025,6724,94249,99749,187274,100973,0
7623121,28900,7628644,7652021,15251765,7657544,0
2373833284,15808576,2225763684,2389641860,4599596968,2241572260,0
156025,5329,157609,161354,313634,162938,0
7056,3721,7396,10777,14452,11117,0
3705625,26569,3713329,3732194,7418954,3739898,0
3481956,10816,3489424,3492772,6971380,3500240,0
19600,950625,970225,970225,989825,1920850,1
54641664,414736,55056400,55056400,109698064,55471136,1
435600,3969,439569,439569,875169,443538,1
25384455625,48080356,24717185089,25432535981,50101640714,24765265445,0
32798529,56470868496,56503667025,56503667025,56536465554,112974535521,1
19998784,3369802500,3389801284,3389801284,3409800068,6759603784,1
61504,34596,96100,96100,157604,130696,1
5062500,788486400,793548900,793548900,798611400,1582035300,1
17447329,384400,16621929,17831729,34069258,17006329,0
5900041,16129,5909761,5916170,11809802,5925890,0
3104644,320356,1871424,3425000,4976068,2191780,0
29822521,1102500,30261001,30925021,60083522,31363501,0
20675209,16900,20684304,20692109,41359513,20701204,0
4112784,1561830400,1565943184,1565943184,1570055968,3127773584,1
16305444,27889,16313521,16333333,32618965,16341410,0
181279296,161604,181440900,181440900,362720196,181602504,1
7463824,312481,6702921,7776305,14166745,7015402,0
31494544,29282054400,29313548944,29313548944,29345043488,58595603344,1
78400,44100,122500,122500,200900,166600,1
264196,5625,266256,269821,530452,271881,0
8281,8464,8464,16745,16745,16928,0
1254400,124813584,126067984,126067984,127322384,250881568,1
2477476,17424,2483776,2494900,4961252,2501200,0
1607288281,16736281,1585154596,1624024562,3192442877,1601890877,0
466603201,3400336,449228025,470003537,915831226,452628361,0
1849600,533610000,535459600,535459600,537309200,1069069600,1
1985281,13225,1990921,1998506,3976202,2004146,0
2458624,156125025,158583649,158583649,161042273,314708674,1
5780865024,5475600,5786340624,5786340624,11567205648,5791816224,1
1874024100,5198400,1879222500,1879222500,3753246600,1884420900,1
4761,2704,4900,7465,9661,7604,0
66564,1225,67600,67789,134164,68825,0
13225,7056,13456,20281,26681,20512,0
675168256,831744,676000000,676000000,1351168256,676831744,1
265038400,2414916,267453316,267453316,532491716,269868232,1
1122049009,2547216,1124596225,1124596225,2246645234,1127143441,1
4138220241,26790976,3678058609,4165011217,7816278850,3704849585,0
20466576,625681,18156121,21092257,38622697,18781802,0
12390400,5990760000,6003150400,6003150400,6015540800,11993910400,1
313600,4862025,5175625,5175625,5489225,10037650,1
11289600,270400,11560000,11560000,22849600,11830400,1
71871711921,99940009,69652710724,71971651930,141524422645,69752650733,0
29584,16641,46225,46225,75809,62866,1
3122289,7396,3125824,3129685,6248113,3133220,0
35344,4761,36100,40105,71444,40861,0
70812225,173472250000,173543062225,173543062225,173613874450,347015312225,1
7399440400,14630625,7414071025,7414071025,14813511425,7428701650,1
69989956,138562617600,138632607556,138632607556,138702597512,277195225156,1
1,441,484,442,485,925,0
360000,506070016,506430016,506430016,506790016,1012500032,1
127916100,2637376,130553476,130553476,258469576,133190852,1
20784481,48879903744,48900688225,48900688225,48921472706,97780591969,1
559504,5476,562500,564980,1122004,567976,0
4708900,1439747136,1444456036,1444456036,1449164936,2884203172,1
11202105600,8892324,11210997924,11210997924,22413103524,11219890248,1
5664400,29929,5673924,5694329,11338324,5703853,0
7528165225,23270976,7551436201,7551436201,15079601426,7574707177,1
518400,116380944,116899344,116899344,117417744,233280288,1
732736,16641,736164,749377,1468900,752805,0
1557504,9409,1560001,1566913,3117505,1569410,0
207662490000,84768849,207747258849,207747258849,415409748849,207832027698,1
7971275524,44408896,7843936356,8015684420,15815211880,7888345252,0
192127321,2637376,189750625,194764697,381877946,192388001,0
2515396,105021504,107536900,107536900,110052296,212558404,1
43560000,21061265625,21104825625,21104825625,21148385625,42166091250,1
41990400,13583902500,13625892900,13625892900,13667883300,27209795400,1
4477456,2366336025,2370813481,2370813481,2375290937,4737149506,1
318096,6724,320356,324820,638452,327080,0
30525625,32227430400,32257956025,32257956025,32288481650,64485386425,1
1172889,13456,1175056,1186345,2347945,1188512,0
52620516,19982649600,20035270116,20035270116,20087890632,40017919716,1
40144896,10909384704,10949529600,10949529600,10989674496,21858914304,1
49956624,107993733376,108043690000,108043690000,108093646624,216037423376,1
350438400,2250000,352688400,352688400,703126800,354938400,1
7398400,2134440000,2141838400,2141838400,2149236800,4276278400,1
41951529,2505889,27667600,44457418,69619129,30173489,0
540841536,1582564,542424100,542424100,1083265636,544006664,1
32867289,2119936,34987225,34987225,67854514,37107161,1
631868769,6350400,638219169,638219169,1270087938,644569569,1
2896592400,1399489,2897991889,2897991889,5794584289,2899391378,1
42839064576,18215824,42857280400,42857280400,85696344976,42875496224,1
13227769,12100,13235044,13239869,26462813,13247144,0
34245904,1014049,32959081,35259953,67204985,33973130,0
28224,50176,78400,78400,106624,128576,1
589824,2073600,2663424,2663424,3253248,4737024,1
1067089,190969,1232100,1258058,2299189,1423069,0
79316836,2310400,78605956,81627236,157922792,80916356,0
19773140689,43191184,19390841001,19816331873,39163981690,19434032185,0
935089,4761,938961,939850,1874050,943722,0
50979600,802816,51782416,51782416,102762016,52585232,1
1133601561,5798464,1139400025,1139400025,2273001586,1145198489,1
45185284,1196836,43349056,46382120,88534340,44545892,0
7590025,17121199104,17128789129,17128789129,17136379154,34249988233,1
20142144,13087360000,13107502144,13107502144,13127644288,26194862144,1
4210704,338964921,343175625,343175625,347386329,682140546,1
20323353600,10265616,20333619216,20333619216,40656972816,20343884832,1
26407875025,49617936,25591360729,26457492961,51999235754,25640978665,0
50625,1000000,1050625,1050625,1101250,2050625,1
4239481,15625,4247721,4255106,8487202,4263346,0
86105272969,110460100,84475678609,86215733069,170580951578,84586138709,0
962361,6889,966289,969250,1928650,973178,0
3290596,18225,3297856,3308821,6588452,3316081,0
921851044,11451456,933302500,933302500,1855153544,944753956,1
17472400,6298803225,6316275625,6316275625,6333748025,12615078850,1
4072324,386884,4260096,4459208,8332420,4646980,0
2890137600,6885376,2897022976,2897022976,5787160576,2903908352,1
30581965129,55204900,29600170209,30637170029,60182135338,29655375109,0
2554797025,10621081,2423395984,2565418106,4978193009,2434017065,0
3312400,1012766976,1016079376,1016079376,1019391776,2028846352,1
625,361,784,986,1409,1145,0
0,3249,3249,3249,3249,6498,1
2030625,182250000,184280625,184280625,186311250,366530625,1
2414916,265038400,267453316,267453316,269868232,532491716,1
104329,1296,105625,105625,209954,106921,1
2446096,322274304,324720400,324720400,327166496,646994704,1
14295961,425104,11539609,14721065,25835570,11964713,0
37454400,122500,37576900,37576900,75031300,37699400,1
4515625,6084,4519876,4521709,9035501,4525960,0
12995772001,54331641,12720681796,13050103642,25716453797,12775013437,0
16769025,8480936464,8497705489,8497705489,8514474514,16978641953,1
65454105600,41964484,65496070084,65496070084,130950175684,65538034568,1
26104218624,23270976,26127489600,26127489600,52231708224,26150760576,1
207936,3364,209764,211300,417700,213128,0
16032016,2701400625,2717432641,2717432641,2733464657,5418833266,1
3457440000,5764801,3463204801,3463204801,6920644801,3468969602,1
65610000,389376,65999376,65999376,131609376,66388752,1
60280561441,88153321,58423724100,60368714762,118704285541,58511877421,0
19236996,12499240000,12518476996,12518476996,12537713992,25017716996,1
21432960000,35736484,21468696484,21468696484,42901656484,21504432968,1
6658886404,31741956,6298644496,6690628360,12957530900,6330386452,0
1522756,21609,1527696,1544365,3050452,1549305,0
1347921,19321,1352569,1367242,2700490,1371890,0
22278400,8900224281,8922502681,8922502681,8944781081,17822726962,1
3999297600,4301476,4003599076,4003599076,8002896676,4007900552,1
937024,453051225,453988249,453988249,454925273,907039474,1
640000,15681600,16321600,16321600,16961600,32003200,1
0,1764,1764,1764,1764,3528,1
3644281,6274540944,6278185225,6278185225,6281829506,12552726169,1
19079424,456976,19536400,19536400,38615824,19993376,1
40157569,628849,37429924,40786418,77587493,38058773,0
7131633601,20529961,6877716624,7152163562,14009350225,6898246585,0
611919169,11068929,610287616,622988098,1222206785,621356545,0
233784100,3268864,214739716,237052964,448523816,218008580,0
3920400,131769,4052169,4052169,7972569,4183938,1
2975625,3540250000,3543225625,3543225625,3546201250,7083475625,1
17860718736,9891025,17870609761,17870609761,35731328497,17880500786,1
894916,26625600,27520516,27520516,28415432,54146116,1
103041,6400,103684,109441,206725,110084,0
224280576,1440000,225720576,225720576,450001152,227160576,1
134374464,3218436,137592900,137592900,271967364,140811336,1
2802276,509314624,512116900,512116900,514919176,1021431524,1
2689600,267616881,270306481,270306481,272996081,537923362,1
26244,10000,26896,36244,53140,36896,0
127449,4900,128164,132349,255613,133064,0
38638656,925444,39564100,39564100,78202756,40489544,1
0,1600,1600,1600,1600,3200,1
8031556,739600,8491396,8771156,16522952,9230996,0
1420864,185761,1520289,1606625,2941153,1706050,0
514089,4900,515524,518989,1029613,520424,0
26873856,6866276769,6893150625,6893150625,6920024481,13759427394,1
35426304,20387841796,20423268100,20423268100,20458694404,40811109896,1
4,8836,9216,8840,9220,18052,0
100489,13924,101124,114413,201613,115048,0
635040000,504100,635544100,635544100,1270584100,636048200,1
160000,63920025,64080025,64080025,64240025,128000050,1
4060225,28224,4068289,4088449,8128514,4096513,0
3969,0,3969,3969,7938,3969,1
22401289,15876,22410756,22417165,44812045,22426632,0
592900,181279296,181872196,181872196,182465096,363151492,1
400,169,484,569,884,653,0
256,289,289,545,545,578,0
10404,7225,10609,17629,21013,17834,0
41835024,1002001,42837025,42837025,84672049,43839026,1
1674446400,6553600,1681000000,1681000000,3355446400,1687553600,1
480661776,2458624,483120400,483120400,963782176,485579024,1
8785296,1480325625,1489110921,1489110921,1497896217,2969436546,1
1452905689,11095561,1375816464,1464001250,2828722153,1386912025,0
12006225,11907174400,11919180625,11919180625,11931186850,23826355025,1
12723840000,5640625,12729480625,12729480625,25453320625,12735121250,1
175536001,2627641,148888804,178163642,324424805,151516445,0
29953729,597529,28965924,30551258,58919653,29563453,0
2025,2116,2209,4141,4234,4325,0
717409,15876,719104,733285,1436513,734980,0
2893401,317552400,320445801,320445801,323339202,637998201,1
8242641,17956,8248384,8260597,16491025,8266340,0
27720918016,14653584,27735571600,27735571600,55456489616,27750225184,1
2869636,85377600,88247236,88247236,91116872,173624836,1
1419480976,14984641,1397937321,1434465617,2817418297,1412921962,0
226472401,2408704,220908769,228881105,447381170,223317473,0
767376,6528025,7295401,7295401,8062777,13823426,1
960752016,558009,961310025,961310025,1922062041,961868034,1
6390784,6241,6395841,6397025,12786625,6402082,0
30625,5929,31329,36554,61954,37258,0
6553600,331776,6885376,6885376,13438976,7217152,1
515607849,2637376,518245225,518245225,1033853074,520882601,1
3229209,13456,3232804,3242665,6462013,3246260,0
20051126404,65351056,19436263396,20116477460,39487389800,19501614452,0
2822400,331776,3154176,3154176,5976576,3485952,1
1907161,17424,1909924,1924585,3817085,1927348,0
48776256,114709561344,114758337600,114758337600,114807113856,229467898944,1
7322436,3073593600,3080916036,3080916036,3088238472,6154509636,1
3969,1600,4225,5569,8194,5825,0
937024,27878400,28815424,28815424,29752448,56693824,1
3147076,8649,3150625,3155725,6297701,3159274,0
9025,6561,9409,15586,18434,15970,0
769129,138384,885481,907513,1654610,1023865,0
15256836,32981465664,32996722500,32996722500,33011979336,65978188164,1
1533505600,13972644,1547478244,1547478244,3080983844,1561450888,1
46580625,65480715664,65527296289,65527296289,65573876914,131008011953,1
20575296,9063420804,9083996100,9083996100,9104571396,18147416904,1
92198404,3452164,93315600,95650568,185514004,96767764,0
144400,8649,145161,153049,289561,153810,0
11587216,6123845025,6135432241,6135432241,6147019457,12259277266,1
414736,4875264,5290000,5290000,5704736,10165264,1
5764801,9801,5774409,5774602,11539210,5784210,0
1166400,65028096,66194496,66194496,67360896,131222592,1
11449,3600,11881,15049,23330,15481,0
1681,1600,81,3281,1762,1681,1
282240000,470596,282710596,282710596,564950596,283181192,1
28324890000,25250625,28350140625,28350140625,56675030625,28375391250,1
13249600,13988265984,14001515584,14001515584,14014765184,27989781568,1
980100,266342400,267322500,267322500,268302600,533664900,1
349281,6400,350464,355681,699745,356864,0
46822035456,84860944,46906896400,46906896400,93728931856,46991757344,1
776161,9801,779689,785962,1555850,789490,0
372100,9801,373321,381901,745421,383122,0
2824497316,21307456,2768232996,2845804772,5592730312,2789540452,0
28820155225,56580484,27650036089,28876735709,56470191314,27706616573,0
409657600,810000,410467600,410467600,820125200,411277600,1
1312395529,12609601,1283215684,1325005130,2595611213,1295825285,0
10995856,13689,11002489,11009545,21998345,11016178,0
101646724,2085136,97891236,103731860,199537960,99976372,0
249001,11664,250000,260665,499001,261664,0
3175524,7779240000,7782415524,7782415524,7785591048,15561655524,1
0,8464,8464,8464,8464,16928,1
2534518336,11289600,2545807936,2545807936,5080326272,2557097536,1
3052009,22201,3059001,3074210,6111010,3081202,0
875035561,7203856,779247225,882239417,1654282786,786451081,0
278784,134792100,135070884,135070884,135349668,269862984,1
553536,9409,555025,562945,1108561,564434,0
1631513664,5336100,1636849764,1636849764,3268363428,1642185864,1
7365796,15129,7371225,7380925,14737021,7386354,0
1329409,237169,1537600,1566578,2867009,1774769,0
902500,4761,904401,907261,1806901,909162,0
8219689,7642256400,7650476089,7650476089,7658695778,15292732489,1
24601600,25281,24611521,24626881,49213121,24636802,0
37249,1024,37636,38273,74885,38660,0
1366041600,6512704,1372554304,1372554304,2738595904,1379067008,1
553190400,1317904,554508304,554508304,1107698704,555826208,1
196448256,6105841,198499921,202554097,394948177,204605762,0
2955661956,7398400,2963060356,2963060356,5918722312,2970458756,1
8265625,57600,8323225,8323225,16588850,8380825,1
32761,7056,33124,39817,65885,40180,0
42928704,236196,43164900,43164900,86093604,43401096,1
18108546624,23961025,18132507649,18132507649,36241054273,18156468674,1
15571795369,55517401,15099002884,15627312770,30670798253,15154520285,0
339075396,1327104,340402500,340402500,679477896,341729604,1
14371681,8836,14379264,14380517,28750945,14388100,0
2592100,341510400,344102500,344102500,346694600,685612900,1
1315609,315417600,316733209,316733209,318048818,632150809,1
28561,729,29241,29290,57802,29970,0
1979649,2220671376,2222651025,2222651025,2224630674,4443322401,1
1731891456,5664400,1737555856,1737555856,3469447312,1743220256,1
22014864,14304160000,14326174864,14326174864,14348189728,28630334864,1
59049,1936,59536,60985,118585,61472,0
97160449,2007889,96943716,99168338,194104165,98951605,0
802532241,8065600,810597841,810597841,1613130082,818663441,1
4950625,9801000000,9805950625,9805950625,9810901250,19606950625,1
14538969,13456,14546596,14552425,29085565,14560052,0
2022084,39942400,41964484,41964484,43986568,81906884,1
473344,218566656,219040000,219040000,219513344,437606656,1
118374400,435600,118810000,118810000,237184400,119245600,1
12222016,1096934400,1109156416,1109156416,1121378432,2206090816,1
461261529,3724900,449312809,464986429,910574338,453037709,0
27423360000,45724644,27469084644,27469084644,54892444644,27514809288,1
5991069604,28804689,5720048161,6019874293,11711117765,5748852850,0
9,16,16,25,25,32,0
2079364,21904,2085136,2101268,4164500,2107040,0
1315609,15625,1320201,1331234,2635810,1335826,0
0,2916,2916,2916,2916,5832,1
1758276,126157824,127916100,127916100,129674376,254073924,1
18662400,944784,19607184,19607184,38269584,20551968,1
30924721,34689807504,34720732225,34720732225,34751656946,69410539729,1
16000000,6392002500,6408002500,6408002500,6424002500,12800005000,1
20976400,26569,20985561,21002969,41961961,21012130,0
3457440000,8236900,3465676900,3465676900,6923116900,3473913800,1
11560000,585225,12145225,12145225,23705225,12730450,1
7349521,14400,7354944,7363921,14704465,7369344,0
27415696,7909434225,7936849921,7936849921,7964265617,15846284146,1
6205081,4354416144,4360621225,4360621225,4366826306,8715037369,1
14683865329,33582025,14173378704,14717447354,28857244033,14206960729,0
154684890000,74736025,154759626025,154759626025,309444516025,154834362050,1
12145225,5097960000,5110105225,5110105225,5122250450,10208065225,1
5827396,12544,5837056,5839940,11664452,5849600,0
13853284,608400,13557124,14461684,27410408,14165524,0
4356,1024,4624,5380,8980,5648,0
7941124,6561,7946761,7947685,15887885,7953322,0
18218520576,12960000,18231480576,18231480576,36450001152,18244440576,1
18593344,27550688256,27569281600,27569281600,27587874944,55119969856,1
672400,21316,675684,693716,1348084,697000,0
16451136,2772022500,2788473636,2788473636,2804924772,5560496136,1
1254400,14745600,16000000,16000000,17254400,30745600,1
793881,11881,797449,805762,1591330,809330,0
2359296,602800704,605160000,605160000,607519296,1207960704,1
14707225,12791610000,12806317225,12806317225,12821024450,25597927225,1
697225,12996,698896,710221,1396121,711892,0
21049744,5046681600,5067731344,5067731344,5088781088,10114412944,1
7970918400,33246756,8004165156,8004165156,15975083556,8037411912,1
1944810000,793881,1945603881,1945603881,3890413881,1946397762,1
4293001441,15976009,4198780804,4308977450,8491782245,4214756813,0
22752900,26569,22762441,22779469,45515341,22789010,0
5349969,11236,5359225,5361205,10709194,5370461,0
3470769,5691193600,5694664369,5694664369,5698135138,11385857969,1
6365529,1335171600,1341537129,1341537129,1347902658,2676708729,1
4202500,1764000000,1768202500,1768202500,1772405000,3532202500,1
1296,225,1521,1521,2817,1746,1
1600,39204,40804,40804,42404,80008,1
9000000,2020502500,2029502500,2029502500,2038502500,4050005000,1
2829124,509796,3254416,3338920,6083540,3764212,0
1281424,12100,1285956,1293524,2567380,1298056,0
1366115521,8661249,1343662336,1374776770,2709777857,1352323585,0
43681,4489,44521,48170,88202,49010,0
758641,7921,762129,766562,1520770,770050,0
254016,6084,260100,260100,514116,266184,1
69696,18939904,19009600,19009600,19079296,37949504,1
8479744,152100,8631844,8631844,17111588,8783944,1
4406304400,23648769,4238140201,4429953169,8644444601,4261788970,0
3481,1296,3721,4777,7202,5017,0
14017536,2361960000,2375977536,2375977536,2389995072,4737937536,1
11025,6724,11449,17749,22474,18173,0
129600,2560000,2689600,2689600,2819200,5249600,1
58018689,946729,50665924,58965418,108684613,51612653,0
8311689,21316,8317456,8333005,16629145,8338772,0
971007921,5382400,928969441,976390321,1899977362,934351841,0
14806022400,9492561,14815514961,14815514961,29621537361,14825007522,1
354832569,2944656,357777225,357777225,712609794,360721881,1
5972507524,28836900,5741395984,6001344424,11713903508,5770232884,0
2253001,3514118400,3516371401,3516371401,3518624402,7030489801,1
56070144,781456,56851600,56851600,112921744,57633056,1
760384,8100,763876,768484,1524260,771976,0
1118367364,9972964,1026561600,1128340328,2144928964,1036534564,0
47761921,6225025,22146436,53986946,69908357,28371461,0
3359889,23104,3363556,3382993,6723445,3386660,0
2437001956,16248961,2279012121,2453250917,4716014077,2295261082,0
2208436036,20939776,2179582596,2229375812,4388018632,2200522372,0
45212176,18977817600,19023029776,19023029776,19068241952,38000847376,1
9474084,15535129600,15544603684,15544603684,15554077768,31079733284,1
7096896,2425365504,2432462400,2432462400,2439559296,4857827904,1
12047841,12100,12054784,12059941,24102625,12066884,0
24940036,37249,24950025,24977285,49890061,24987274,0
1535121,23104,1540081,1558225,3075202,1563185,0
19600,11025,30625,30625,50225,41650,1
35426304,8493465600,8528891904,8528891904,8564318208,17022357504,1
26873856,44066406400,44093280256,44093280256,44120154112,88159686656,1
17424,9801,27225,27225,44649,37026,1
0,1444,1444,1444,1444,2888,1
2569374721,13010449,2368184896,2582385170,4937559617,2381195345,0
55686560400,26904969,55713465369,55713465369,111400025769,55740370338,1
444889,8649,447561,453538,892450,456210,0
142129,29811600,29953729,29953729,30095858,59765329,1
2333083204,20784481,2298147721,2353867685,4631230925,2318932202,0
777924,50176,828100,828100,1606024,878276,1
250905600,1046529,251952129,251952129,502857729,252998658,1
193600,1115136,1308736,1308736,1502336,2423872,1
8116801,12027070224,12035187025,12035187025,12043303826,24062257249,1
10764961,591361,11088900,11356322,21853861,11680261,0
41370624,46407499776,46448870400,46448870400,46490241024,92856370176,1
7441984,18769,7447441,7460753,14889425,7466210,0
3433609,30276,3441025,3463885,6874634,3471301,0
1183744,84934656,86118400,86118400,87302144,171053056,1
8503056,684502569,693005625,693005625,701508681,1377508194,1
2289169,209764,2424249,2498933,4713418,2634013,0
244985104,1347921,246333025,246333025,491318129,247680946,1
23011209,57600,23068809,23068809,46080018,23126409,1
15497511121,37466641,14796776164,15534977762,30294287285,14834242805,0
331776,21068100,21399876,21399876,21731652,42467976,1
447576336,1016064,448592400,448592400,896168736,449608464,1
7056000000,11764900,7067764900,7067764900,14123764900,7079529800,1
1,4356,4489,4357,4490,8845,0
429025,6561,431649,435586,860674,438210,0
131044,5625,131769,136669,262813,137394,0
215296,4356,217156,219652,432452,221512,0
2755600,19881,2762244,2775481,5517844,2782125,0
253009,11025,255025,264034,508034,266050,0
3625216,20164,3632836,3645380,7258052,3653000,0
7415276544,13439556,7428716100,7428716100,14843992644,7442155656,1
1019014084,9486400,931348324,1028500484,1950362408,940834724,0
57600,8265625,8323225,8323225,8380825,16588850,1
1874161,21316,1879641,1895477,3753802,1900957,0
8105409,3078030400,3086135809,3086135809,3094241218,6164166209,1
574564,12321,576081,586885,1150645,588402,0
4862025,4821913600,4826775625,4826775625,4831637650,9648689225,1
14907321,36519210000,36534117321,36534117321,36549024642,73053327321,1
3459600,32761,3467044,3492361,6926644,3499805,0
0,0,0,0,0,0,1
18879025,14267824704,14286703729,14286703729,14305582754,28554528433,1
108378565681,126922756,106013406409,108505488437,214391972090,106140329165,0
2286144,194481,2480625,2480625,4766769,2675106,1
67108864,1803649,65691025,68912513,132799889,67494674,0
1024144,12996,1028196,1037140,2052340,1041192,0
1089,295936,297025,297025,298114,592961,1
6561,5476,6889,12037,13450,12365,0
9784384,2822796900,2832581284,2832581284,2842365668,5655378184,1
310249,2116,311364,312365,621613,313480,0
451584,9025,452929,460609,904513,461954,0
17030250000,19580625,17049830625,17049830625,34080080625,17069411250,1
7322436,3073593600,3080916036,3080916036,3088238472,6154509636,1
432964,17161,435600,450125,868564,452761,0
4711586881,22838841,4305984400,4734425722,9017571281,4328823241,0
994009,13456,996004,1007465,1990013,1009460,0
746496,18769,749956,765265,1496452,768725,0
338964921,4210704,343175625,343175625,682140546,347386329,1
31629911104,16719921,31646631025,31646631025,63276542129,31663350946,1
22174681,10404,22184100,22185085,44358781,22194504,0
527076,10609,529984,537685,1057060,540593,0
2745649,19044,2752281,2764693,5497930,2771325,0
12397441,677329,12787776,13074770,25185217,13465105,0
2359296,338560000,340919296,340919296,343278592,679479296,1
699338025,1587600,700925625,700925625,1400263650,702513225,1
59536,10404,60516,69940,120052,70920,0
6853924,491774976,498628900,498628900,505482824,990403876,1
1742400,5041,1745041,1747441,3487441,1750082,0
303665476,4000000,289204036,307665476,592869512,293204036,0
40475044,1597696,40525956,42072740,81001000,42123652,0
25071872281,49702500,24570249001,25121574781,49642121282,24619951501,0
29412250000,12006225,29424256225,29424256225,58836506225,29436262450,1
273042576,893025,273935601,273935601,546978177,274828626,1
22486564,18225,22496049,22504789,44982613,22514274,0
50176,176400,226576,226576,276752,402976,1
10125124,3460262976,3470388100,3470388100,3480513224,6930651076,1
5817744,468332881,474150625,474150625,479968369,942483506,1
37419420481,63027721,36275011600,37482448202,73694432081,36338039321,0
142129,8100,143641,150229,285770,151741,0
3038049,3844,3041536,3041893,6079585,3045380,0
1,2500,2601,2501,2602,5101,0
218566656,5234944,223801600,223801600,442368256,229036544,1
116057529,1166400,117223929,117223929,233281458,118390329,1
24186724,13689,24196561,24200413,48383285,24210250,0
21316,28387584,28408900,28408900,28430216,56796484,1
11431161,94864,11526025,11526025,22957186,11620889,1
39226971364,68161536,39295132900,39295132900,78522104264,39363294436,1
1301405625,3610000,1305015625,1305015625,2606421250,1308625625,1
77729997601,101687056,76002219225,77831684657,153732216826,76103906281,0
3418801,161604,2601769,3580405,6020570,2763373,0
42237001,47379358224,47421595225,47421595225,47463832226,94800953449,1
0,10000,10000,10000,10000,20000,1
5329,1521,5625,6850,10954,7146,0
70756,831744,902500,902500,973256,1734244,1
18861649,12544,18870336,18874193,37731985,18882880,0
5184729,6168531600,6173716329,6173716329,6178901058,12342247929,1
846400,111513600,112360000,112360000,113206400,223873600,1
14584761,14884,14592400,14599645,29177161,14607284,0
3534400,13924,3541924,3548324,7076324,3555848,0
15575040000,23970816,15599010816,15599010816,31174050816,15622981632,1
1016064,447576336,448592400,448592400,449608464,896168736,1
294534244,4145296,283518244,298679540,578052488,287663540,0
6110784,28900,6120676,6139684,12231460,6149576,0
483025,5184,485809,488209,968834,490993,0
31005927225,64128064,31070055289,31070055289,62075982514,31134183353,1
2401,1440000,1442401,1442401,1444802,2882401,1
2137444,9025,2143296,2146469,4280740,2152321,0
30250000,275625,30525625,30525625,60775625,30801250,1
26873856,6866276769,6893150625,6893150625,6920024481,13759427394,1
62489025,135085651600,135148140625,135148140625,135210629650,270233792225,1
446054400,4064256,450118656,450118656,896173056,454182912,1
3572100,8281,3575881,3580381,7147981,3584162,0
28005264,27774222336,27802227600,27802227600,27830232864,55576449936,1
45171841,1270129,35141184,46441970,80313025,36411313,0
230593000401,210337009,226096446016,230803337410,456689446417,226306783025,0
21827584,5576953041,5598780625,5598780625,5620608209,11175733666,1
207936,3364,209764,211300,417700,213128,0
462400,260100,722500,722500,1184900,982600,1
304704,541696,846400,846400,1151104,1388096,1
3489424,11236,3496900,3500660,6986324,3508136,0
9746884,6561,9753129,9753445,19500013,9759690,0
1040400,2809,1042441,1043209,2082841,1045250,0
7519491225,14227984,7533719209,7533719209,15053210434,7547947193,1
248004,427000896,427248900,427248900,427496904,854249796,1
8761600,2994278400,3003040000,3003040000,3011801600,5997318400,1
42406144,14492307456,14534713600,14534713600,14577119744,29027021056,1
1392400,1211040000,1212432400,1212432400,1213824800,2423472400,1
40145331769,111492481,39333202276,40256824250,79478534045,39444694757,0
0,28900,28900,28900,28900,57800,1
656384400,3129361,659513761,659513761,1315898161,662643122,1
1860496,19881,1865956,1880377,3726452,1885837,0
1062961,17689,1067089,1080650,2130050,1084778,0
8381025,24964,8386816,8405989,16767841,8411780,0
8462281,29584,8468100,8491865,16930381,8497684,0
21025,9216,21316,30241,42341,30532,0
11881809,7396,11888704,11889205,23770513,11896100,0
64,81,100,145,164,181,0
4734976,300675600,305410576,305410576,310145552,606086176,1
2437001956,16248961,2279012121,2453250917,4716014077,2295261082,0
2872316836,18113536,2692156996,2890430372,5564473832,2710270532,0
5929,9801,15376,15730,21305,25177,0
427745124,5626384,415099876,433371508,842845000,420726260,0
21418384,42403046400,42424464784,42424464784,42445883168,84827511184,1
6915918244,35796289,6759306225,6951714533,13675224469,6795102514,0
529,0,529,529,1058,529,1
1638400,16641,1640961,1655041,3279361,1657602,0
300304,11881,302500,312185,602804,314381,0
5340832561,17297281,5103673600,5358129842,10444506161,5120970881,0
35093776,2405601,36735721,37499377,71829497,39141322,0
921600,6241,923521,927841,1845121,929762,0
4091137444,22268961,3908625361,4113406405,7999762805,3930894322,0
7403841,413449,7595536,7817290,14999377,8008985,0
26244,4096,26896,30340,53140,30992,0
112225,125888400,126000625,126000625,126112850,251889025,1
1946025,984202384,986148409,986148409,988094434,1970350793,1
11309769,26896,11316496,11336665,22626265,11343392,0
2310400,116964,2427364,2427364,4737764,2544328,1
0,0,0,0,0,0,1
3214849,12544,3218436,3227393,6433285,3230980,0
4507129,10000,4515625,4517129,9022754,4525625,0
45185284,2477476,46566976,47662760,91752260,49044452,0
4472934400,11778624,4484713024,4484713024,8957647424,4496491648,1
1030153216,3790809,1033944025,1033944025,2064097241,1037734834,1
14884,1849,15376,16733,30260,17225,0
9897316,11025,9903609,9908341,19800925,9914634,0
863008129,5257849,836250724,868265978,1699258853,841508573,0
7225,6084,7569,13309,14794,13653,0
13739590656,10316944,13749907600,13749907600,27489498256,13760224544,1
69789316,1537600,66487716,71326916,136277032,68025316,0
480249,19600,499849,499849,980098,519449,1
16168441,22500,16176484,16190941,32344925,16198984,0
4648336,11881,4652649,4660217,9300985,4664530,0
461519289,1806336,463325625,463325625,924844914,465131961,1
902500,5198400,6100900,6100900,7003400,11299300,1
180687364,3976036,178596496,184663400,359283860,182572532,0
1,2809,2916,2810,2917,5725,0
48441600,55696,48497296,48497296,96938896,48552992,1
0,2116,2116,2116,2116,4232,1
4183761124,27541504,4102402500,4211302628,8286163624,4129944004,0
3644281,21609,3651921,3665890,7296202,3673530,0
65025,3136,65536,68161,130561,68672,0
19518724,1747684,20830096,21266408,40348820,22577780,0
1560001,145161,1643524,1705162,3203525,1788685,0
3600,20736,24336,24336,27936,45072,1
1256641,61009,1065024,1317650,2321665,1126033,0
23716,0,23716,23716,47432,23716,1
6185169,34225,6195121,6219394,12380290,6229346,0
732893184,10214416,743107600,743107600,1476000784,753322016,1
13437678241,43520409,12521162404,13481198650,25958840645,12564682813,0
14631805444,56280004,14281206016,14688085448,28913011460,14337486020,0
88209,10609,89401,98818,177610,100010,0
7921,6724,8100,14645,16021,14824,0
1265224900,11723776,1232431236,1276948676,2497656136,1244155012,0
5329,2500,5625,7829,10954,8125,0
7971275524,44408896,7843936356,8015684420,15815211880,7888345252,0
23716,0,23716,23716,47432,23716,1
4601025,4857532416,4862133441,4862133441,4866734466,9719665857,1
20736,2116,21316,22852,42052,23432,0
184552225,5198400,189750625,189750625,374302850,194949025,1
14884,7744,15376,22628,30260,23120,0
3883782400,10227204,3894009604,3894009604,7777792004,3904236808,1
30976,3249,31684,34225,62660,34933,0
1174569984,4322241,1178892225,1178892225,2353462209,1183214466,1
590490000,3504384,593994384,593994384,1184484384,597498768,1
1822500,331240000,333062500,333062500,334885000,664302500,1
5640625,12723840000,12729480625,12729480625,12735121250,25453320625,1
90000,5017600,5107600,5107600,5197600,10125200,1
433056100,5494336,387538596,438550436,820594696,393032932,0
550564,386358336,386908900,386908900,387459464,773267236,1
18627856,3138800625,3157428481,3157428481,3176056337,6296229106,1
5040025,4624,5044516,5044649,10084541,5049140,0
1690000,2601,1692601,1692601,3382601,1695202,1
1296,1369,1369,2665,2665,2738,0
9253764,24025,9259849,9277789,18513613,9283874,0
4674244,835396,5400976,5509640,10075220,6236372,0
51984,29241,81225,81225,133209,110466,1
4100625,6724000000,6728100625,6728100625,6732201250,13452100625,1
1638630400,3240000,1641870400,1641870400,3280500800,1645110400,1
191684025,3952144,195636169,195636169,387320194,199588313,1
10588410000,4322241,10592732241,10592732241,21181142241,10597054482,1
120494529,2455489,120472576,122950018,240967105,122928065,0
54756,97344,152100,152100,206856,249444,1
284765625,1690000,286455625,286455625,571221250,288145625,1
21778970929,50268100,20712102889,21829239029,42491073818,20762370989,0
3159901369,29593600,2703272049,3189494969,5863173418,2732865649,0
76729,1296,77284,78025,154013,78580,0
44971140096,19936225,44991076321,44991076321,89962216417,45011012546,1
22810665024,28100601,22838765625,22838765625,45649430649,22866866226,1
1210000,6084,1214404,1216084,2424404,1220488,0
1758276,10609,1763584,1768885,3521860,1774193,0
1577042944,5803281,1582846225,1582846225,3159889169,1588649506,1
28900,2601,29584,31501,58484,32185,0
4112015625,24403600,4136419225,4136419225,8248434850,4160822825,1
976144,351900081,352876225,352876225,353852369,704776306,1
7001316,4199040000,4206041316,4206041316,4213042632,8405081316,1
1,2916,3025,2917,3026,5941,0
16573041,19717776400,19734349441,19734349441,19750922482,39452125841,1
586756,14161,588289,600917,1175045,602450,0
34596,74787904,74822500,74822500,74857096,149610404,1
3047260804,26368225,3009948769,3073629029,6057209573,3036316994,0
146076840000,59629284,146136469284,146136469284,292213309284,146196098568,1
4,24964,25600,24968,25604,50564,0
241926916,4368100,237283216,246295016,479210132,241651316,0
18225,9217296,9235521,9235521,9253746,18452817,1
2061523216,20930625,2038432201,2082453841,4099955417,2059362826,0
85525504,314721,85840225,85840225,171365729,86154946,1
49112064,28263998161,28313110225,28313110225,28362222289,56577108386,1
6530256100,31618129,6328361601,6561874229,12858617701,6359979730,0
289,169,324,458,613,493,0
26522500,966289,25999801,27488789,52522301,26966090,0
278055625,1937664,279993289,279993289,558048914,281930953,1
136072225,2262016,134954689,138334241,271026914,137216705,0
4674244,440896,4901796,5115140,9576040,5342692,0
1764,1600,1936,3364,3700,3536,0
69155856,2822400,71978256,71978256,141134112,74800656,1
8529261316,38825361,8301214321,8568086677,16830475637,8340039682,0
4844438404,26460736,4536561316,4870899140,9380999720,4563022052,0
142884,15681600,15824484,15824484,15967368,31506084,1
14017536,1192464,15210000,15210000,29227536,16402464,1
3175322500,22127616,3197450116,3197450116,6372772616,3219577732,1
0,0,0,0,0,0,1
33177600,369664,33547264,33547264,66724864,33916928,1
19132975684,72931600,18784895364,19205907284,37917871048,18857826964,0
3540369001,16289296,3273327369,3556658297,6813696370,3289616665,0
1758276,1142440000,1144198276,1144198276,1145956552,2286638276,1
1097066884,12418576,963109156,1109485460,2060176040,975527732,0
1768900,11449,1774224,1780349,3543124,1785673,0
3912484,515471616,519384100,519384100,523296584,1034855716,1
4075545600,9709456,4085255056,4085255056,8160800656,4094964512,1
360000,3062500,3422500,3422500,3782500,6485000,1
15006495001,52940176,13858704729,15059435177,28865199730,13911644905,0
4761,4489,5041,9250,9802,9530,0
1245456,24601600,25847056,25847056,27092512,50448656,1
1866326401,10491121,1835265600,1876817522,3701592001,1845756721,0
534361,246741264,247275625,247275625,247809986,494016889,1
26163225,19772859456,19799022681,19799022681,19825185906,39571882137,1
14561856,14161,14569489,14576017,29131345,14583650,0
0,1089,1089,1089,1089,2178,1
1865956,13689,1868689,1879645,3734645,1882378,0
12100,7569,12544,19669,24644,20113,0
797449,439992576,440790025,440790025,441587474,880782601,1
3363556,23409,3367225,3386965,6730781,3390634,0
2079360000,8673025,2088033025,2088033025,4167393025,2096706050,1
5546025,21904,5555449,5567929,11101474,5577353,0
14032516,484416,12348196,14516932,26380712,12832612,0
0,12996,12996,12996,12996,25992,1
1397264400,6661561,1403925961,1403925961,2801190361,1410587522,1
615833856,4674244,620508100,620508100,1236341956,625182344,1
53582400,1800964,55383364,55383364,108965764,57184328,1
29929,2116,30276,32045,60205,32392,0
608400,642318336,642926736,642926736,643535136,1285245072,1
7958245681,22108804,7710420481,7980354485,15668666162,7732529285,0
10020010000,15421329,10035431329,10035431329,20055441329,10050852658,1
783225,222784,1006009,1006009,1789234,1228793,1
608400,231040000,231648400,231648400,232256800,462688400,1
5067001,18769,5076009,5085770,10143010,5094778,0
3936256,943718400,947654656,947654656,951590912,1891373056,1
3844,1,3969,3845,7813,3970,0
1782950625,9296401,1655025124,1792247026,3437975749,1664321525,0
13531505625,25603600,13557109225,13557109225,27088614850,13582712825,1
49112064,28263998161,28313110225,28313110225,28362222289,56577108386,1
154256400,74529,154330929,154330929,308587329,154405458,1
5527201,20736,5536609,5547937,11063810,5557345,0
15681600,119025,15800625,15800625,31482225,15919650,1
8828481600,10150596,8838632196,8838632196,17667113796,8848782792,1
3572100,1092170304,1095742404,1095742404,1099314504,2187912708,1
85696707600,49773025,85746480625,85746480625,171443188225,85796253650,1
139428864,1943236,141372100,141372100,280800964,143315336,1
839898361,5721664,821223649,845620025,1661122010,826945313,0
76422564,42166158336,42242580900,42242580900,42319003464,84408739236,1
22429696,5730792804,5753222500,5753222500,5775652196,11484015304,1
1073348644,14288400,1063933924,1087637044,2137282568,1078222324,0
1444804,264196,1648656,1709000,3093460,1912852,0
40000,3364,40804,43364,80804,44168,0
18496,10404,28900,28900,47396,39304,1
29593600,11822647824,11852241424,11852241424,11881835024,23674889248,1
7784100,1866240000,1874024100,1874024100,1881808200,3740264100,1
581774400,6482116,588256516,588256516,1170030916,594738632,1
11370384,29929,11377129,11400313,22747513,11407058,0
7290000,1135420416,1142710416,1142710416,1150000416,2278130832,1
605284,17161,606841,622445,1212125,624002,0
44944,25281,70225,70225,115169,95506,1
26132544,32920473600,32946606144,32946606144,32972738688,65867079744,1
933156,4624,937024,937780,1870180,941648,0
5476,1849,5625,7325,11101,7474,0
0,0,0,0,0,0,1
55980324,105900779776,105956760100,105956760100,106012740424,211857539876,1
197136,2116,198916,199252,396052,201032,0
3286969,1123322256,1126609225,1126609225,1129896194,2249931481,1
17056900,5215150656,5232207556,5232207556,5249264456,10447358212,1
8116568464,40844881,7948970649,8157413345,16065539113,7989815530,0
1782866176,9809424,1792675600,1792675600,3575541776,1802485024,1
89712230400,57517056,89769747456,89769747456,179481977856,89827264512,1
3732624,17689,3736489,3750313,7469113,3754178,0
4809249,2220671376,2225480625,2225480625,2230289874,4446152001,1
1827904,16641,1833316,1844545,3661220,1849957,0
400800400,2205225,403005625,403005625,803806025,405210850,1
914578564,12348196,905047056,926926760,1819625620,917395252,0
6168688681,20575296,6043974049,6189263977,12212662730,6064549345,0
267289,4624,268324,271913,535613,272948,0
19915418884,72012196,19512737344,19987431080,39428156228,19584749540,0
6436369,2971994256,2978430625,2978430625,2984866994,5950424881,1
2650384,11881,2656900,2662265,5307284,2668781,0
282307204,5973136,280696516,288280340,563003720,286669652,0
14546596,13689,14554225,14560285,29100821,14567914,0
85696707600,49773025,85746480625,85746480625,171443188225,85796253650,1
505125625,2250000,507375625,507375625,1012501250,509625625,1
9654438049,27457600,9464760369,9681895649,19119198418,9492217969,0
76176,5929,76729,82105,152905,82658,0
22752900,26569,22762441,22779469,45515341,22789010,0
2989441,109561,2598544,3099002,5587985,2708105,0
5992704,482417296,488410000,488410000,494402704,970827296,1
22127616,4325955984,4348083600,4348083600,4370211216,8674039584,1
30482366464,30735936,30513102400,30513102400,60995468864,30543838336,1
1007173696,10182481,905347921,1017356177,1912521617,915530402,0
36590401,822649,36048016,37413050,72638417,36870665,0
5527201,20736,5536609,5547937,11063810,5557345,0
4765489,1628606736,1633372225,1633372225,1638137714,3261978961,1
4375822500,25969216,4401791716,4401791716,8777614216,4427760932,1
24285184,435600,24720784,24720784,49005968,25156384,1
487526400,883600,488410000,488410000,975936400,489293600,1
3249000000,8555625,3257555625,3257555625,6506555625,3266111250,1
28398241,571536,27426169,28969777,55824410,27997705,0
24336000000,40576900,24376576900,24376576900,48712576900,24417153800,1
8427240000,27562500,8454802500,8454802500,16882042500,8482365000,1
95883264,313600,96196864,96196864,192080128,96510464,1
17417928529,40106889,17087195524,17458035418,34505124053,17127302413,0
2169416929,19492225,2135179264,2188909154,4304596193,2154671489,0
1218816,18769,1221025,1237585,2439841,1239794,0
25421764,1276900,18215824,26698664,43637588,19492724,0
348100,2005056,2353156,2353156,2701256,4358212,1
3240000,260822500,264062500,264062500,267302500,524885000,1
2328676,25281,2334784,2353957,4663460,2360065,0
729,132496,133225,133225,133954,265721,1
3822025,11664,3829849,3833689,7651874,3841513,0
1430416,19321,1432809,1449737,2863225,1452130,0
2408704,5664669696,5667078400,5667078400,5669487104,11331748096,1
7462713769,16941456,7479655225,7479655225,14942368994,7496596681,1
34105600,1726596,35832196,35832196,69937796,37558792,1
5340686400,12723489,5353409889,5353409889,10694096289,5366133378,1
400689,11236,403225,411925,803914,414461,0
6355441,212521,6140484,6567962,12495925,6353005,0
72361,5625,73441,77986,145802,79066,0
1633284,32262400,33895684,33895684,35528968,66158084,1
10088193600,10850436,10099044036,10099044036,20187237636,10109894472,1
2440360000,3755844,2444115844,2444115844,4884475844,2447871688,1
4528384,11025,4536900,4539409,9065284,4547925,0
496710369,6170256,502880625,502880625,999590994,509050881,1
1018950241,6734025,998812816,1025684266,2017763057,1005546841,0
4900,1296,5184,6196,10084,6480,0
898704,11881,902500,910585,1801204,914381,0
512656,8649,515524,521305,1028180,524173,0
4639716,17161,4648336,4656877,9288052,4665497,0
13256881,722500,13682601,13979381,26939482,14405101,0
7306209,4747210000,4754516209,4754516209,4761822418,9501726209,1
2509056,213444,2722500,2722500,5231556,2935944,1
14295961,550564,14386849,14846525,28682810,14937413,0
82301184,1476225,83777409,83777409,166078593,85253634,1
17698849,24964,17707264,17723813,35406113,17732228,0
25887744,14898399481,14924287225,14924287225,14950174969,29822686706,1
21412761561,74839801,20971094596,21487601362,42383856157,21045934397,0
159201,12544,160801,171745,320002,173345,0
3136,1764,4900,4900,8036,6664,1
1256641,112784400,114041041,114041041,115297682,226825441,1
1920718276,18490000,1892772036,1939208276,3813490312,1911262036,0
144400,1849,145161,146249,289561,147010,0
80656,140625,219961,221281,300617,360586,0
8116568464,40844881,7948970649,8157413345,16065539113,7989815530,0
4710763225,14561856,4725325081,4725325081,9436088306,4739886937,1
12446784,3411409,3418801,15858193,15865585,6830210,0
90601,6084,91809,96685,182410,97893,0
32990183424,17438976,33007622400,33007622400,65997805824,33025061376,1
1328748304,11771761,1291180489,1340520065,2619928793,1302952250,0
5308416,427331584,432640000,432640000,437948416,859971584,1
