side1^2,side2^2,side3^2,side1^2+side2^2,side1^2+side3^2,side2^2+side3^2,validity
22791076,20534030209,20556103876,20556821285,20578894952,41090134085,0
8100,10404,2304,18504,10404,12708,1
230400,5953600,6150400,6184000,6380800,12104000,0
17522596,2308610304,2326132900,2326132900,2343655496,4634743204,1
5953600,6255001,301401,12208601,6255001,6556402,1
0,0,0,0,0,0,1
242064,6255001,6461764,6497065,6703828,12716765,0
1000000,2401980100,2402960400,2402980100,2403960400,4804940500,0
6125625,4629441600,4635567225,4635567225,4641692850,9265008825,1
7620417025,7634215876,14379264,15254632901,7634796289,7648595140,0
6350400,12300584464,12306796096,12306934864,12313146496,24607380560,0
9200646400,33732864,9166913536,9234379264,18367559936,9200646400,1
1750329,192099600,193849929,193849929,195600258,385949529,1
13835640625,5880625,13829760000,13841521250,27665400625,13835640625,1
113358609,116057529,2893401,229416138,116252010,118950930,0
10247917824,10255612900,7695076,20503530724,10255612900,10263307976,1
27838255104,27864623329,26368225,55702878433,27864623329,27890991554,1
66015625,66438801,439569,132454426,66455194,66878370,0
802816,12446784,13249600,13249600,14052416,25696384,1
831514896,1411344,830131344,832926240,1661646240,831542688,0
3359361600,3367364841,8003241,6726726441,3367364841,3375368082,1
342990400,774400,342250000,343764800,685240400,343024400,0
11085352369,38291344,11047061025,11123643713,22132413394,11085352369,1
40829051844,21068100,40808444121,40850119944,81637495965,40829512221,0
6556950625,25563136,6531387489,6582513761,13088338114,6556950625,1
92416,1679616,1763584,1772032,1856000,3443200,0
278784,2371600,2650384,2650384,2929168,5021984,1
196,49,0,245,196,49,0
5062500,5475600,518400,10538100,5580900,5994000,0
0,9409,9409,9409,9409,18818,1
28132416,1192464,27040000,29324880,55172416,28232464,0
378224704,3415104,374809600,381639808,753034304,378224704,1
722500,416853889,417548356,417576389,418270856,834402245,0
42875500096,18593344,42857280400,42894093440,85732780496,42875873744,0
40179400704,40249186884,71216721,80428587588,40250617425,40320403605,0
2396304,1106493696,1108890000,1108890000,1111286304,2215383696,1
3610000,1951872400,1955408400,1955482400,1959018400,3907280800,0
419904,10850436,11209104,11270340,11629008,22059540,0
58187088400,34574400,58153322500,58221662800,116340410900,58187896900,0
8102880256,5760000,8097120256,8108640256,16200000512,8102880256,1
879844,232440516,233295076,233320360,234174920,465735592,0
37994896,20080307025,20118301921,20118301921,20156296817,40198608946,1
16378209,3098480896,3114309636,3114859105,3130687845,6212790532,0
6190385041,6193375204,3055504,12383760245,6193440545,6196430708,0
8836,0,8836,8836,17672,8836,1
46656,1827904,1871424,1874560,1918080,3699328,0
1521,1521,0,3042,1521,1521,1
7311616,7354944,44944,14666560,7356560,7399888,0
419904,8294400,8714304,8714304,9134208,17008704,1
7812025,1938817024,1946397924,1946629049,1954209949,3885214948,0
7441984,13767502225,13774777956,13774944209,13782219940,27542280181,0
1192464,10144225,11336689,11336689,12529153,21480914,1
324900,417316,92416,742216,417316,509732,1
4082443236,9217296,4073630625,4091660532,8156073861,4082847921,0
64128064,31755240000,31817997376,31819368064,31882125440,63573237376,0
14215554441,14223424644,8054244,28438979085,14223608685,14231478888,0
15232496400,15246075625,13579225,30478572025,15246075625,15259654850,1
1057355289,1057940676,599076,2115295965,1057954365,1058539752,0
7075600,635040000,642115600,642115600,649191200,1277155600,1
144288144,559504,143760100,144847648,288048244,144319604,0
2149249600,2154909241,5659641,4304158841,2154909241,2160568882,1
11943936,14642936064,14654555136,14654880000,14666499072,29297491200,0
5026564,1021313764,1026177156,1026340328,1031203720,2047490920,0
698333476,7695076,690638400,706028552,1388971876,698333476,1
97094560000,97153773025,59213025,194248333025,97153773025,97212986050,1
802928896,804516496,1587600,1607445392,804516496,806104096,1
4982524569,5002025625,19501056,9984550194,5002025625,5021526681,1
5143824,5475600,331776,10619424,5475600,5807376,1
14924287225,25887744,14898399481,14950174969,29822686706,14924287225,1
7239457225,13097161,7226360064,7252554386,14465817289,7239457225,1
16769025,17850625,1081600,34619650,17850625,18932225,1
22409491204,53260804,22356230400,22462752008,44765721604,22409491204,1
2402500,126562500,128822500,128965000,131225000,255385000,0
670810000,672883600,2073600,1343693600,672883600,674957200,1
18696976,37879669129,37897966276,37898366105,37916663252,75777635405,0
4624,5040025,5044516,5044649,5049140,10084541,0
578402500,2402500,576000000,580805000,1154402500,578402500,1
86051289025,38130625,86013158400,86089419650,172064447425,86051289025,1
32970564,2187441,31002624,35158005,63973188,33190065,0
4292870400,4296278116,3407716,8589148516,4296278116,4299685832,1
577600,47306884,47831056,47884484,48408656,95137940,0
32629003225,32867289,32596135936,32661870514,65225139161,32629003225,1
1695204,1527324561,1528966404,1529019765,1530661608,3056290965,0
26244,17766225,17791524,17792469,17817768,35557749,0
25988664100,26033822500,45158400,52022486600,26033822500,26078980900,1
230098561,4648336,225450225,234746897,455548786,230098561,1
66564,118336,184900,184900,251464,303236,1
2047761,333135504,335109636,335183265,337157397,668245140,0
8526400,129600,8410000,8656000,16936400,8539600,0
82944,262144,331776,345088,414720,593920,0
14958268416,14964628900,6360484,29922897316,14964628900,14970989384,1
2250000,176400,2073600,2426400,4323600,2250000,1
21178404,18419918400,18441096804,18441096804,18462275208,36861015204,1
1857769,389667600,391525369,391525369,393383138,781192969,1
59907600,116039697316,116098295824,116099604916,116158203424,232137993140,0
1521000000,1523340900,2340900,3044340900,1523340900,1525681800,1
14854246884,6718464,14847666201,14860965348,29701913085,14854384665,0
0,0,0,0,0,0,1
186624,228795876,228977424,228982500,229164048,457773300,0
81680496804,40297104,81641061441,81720793908,163321558245,81681358545,0
2677855504,7033104,2670822400,2684888608,5348677904,2677855504,1
610584100,1382976,609201124,611967076,1219785224,610584100,1
358004241,1587600,356416641,359591841,714420882,358004241,1
2425365504,2432462400,7096896,4857827904,2432462400,2439559296,1
606841,29241,577600,636082,1184441,606841,1
1308736,578402500,579653776,579711236,580962512,1158056276,0
965966400,968952384,2985984,1934918784,968952384,971938368,1
3211715584,3218065984,6350400,6429781568,3218065984,3224416384,1
12390400,4484713024,4496507136,4497103424,4508897536,8981220160,0
38464804,362404,38118276,38827208,76583080,38480680,0
61989048576,62030883600,41835024,124019932176,62030883600,62072718624,1
573985764,576096004,2172676,1150081768,576158440,578268680,0
1108809,43441281,44475561,44550090,45584370,87916842,0
1044484,329204736,330221584,330249220,331266068,659426320,0
2524921,47089,2480625,2572010,5005546,2527714,0
50176,1849600,1893376,1899776,1943552,3742976,0
4484713024,11778624,4472934400,4496491648,8957647424,4484713024,1
1658944,218566656,220225600,220225600,221884544,438792256,1
52591504,121222348900,121273883536,121274940404,121326475040,242496232436,0
5184,20736,20736,25920,25920,41472,0
15649936,31706431969,31721747236,31722081905,31737397172,63428179205,0
2226141124,5846724,2220294400,2231987848,4446435524,2226141124,1
1081600,8294400,9241600,9376000,10323200,17536000,0
2151939321,2155837761,3980025,4307777082,2155919346,2159817786,0
311364,6150400,6461764,6461764,6773128,12612164,1
226231681,231617961,5774409,457849642,232006090,237392370,0
9463398400,9488318464,24920064,18951716864,9488318464,9513238528,1
1585313856,2985984,1582448400,1588299840,3167762256,1585434384,0
42109092025,31595641,42077496384,42140687666,84186588409,42109092025,1
9953254756,17222500,9936700489,9970477256,19889955245,9953922989,0
122500,22500,105625,145000,228125,128125,0
5625,10000,15625,15625,21250,25625,1
12027024,12068676,42849,24095700,12069873,12111525,0
1265625,1625625,360000,2891250,1625625,1985625,1
4769856,1912487824,1917038656,1917257680,1921808512,3829526480,0
2337529104,2345174329,7645225,4682703433,2345174329,2352819554,1
3175524,862949376,866124900,866124900,869300424,1729074276,1
285441025,286489476,1110916,571930501,286551941,287600392,0
97344,3455881,3553225,3553225,3650569,7009106,1
1338242724,5189284,1333345225,1343432008,2671587949,1338534509,0
118336,1155625,1249924,1273961,1368260,2405549,0
109693440000,109746438400,52998400,219439878400,109746438400,109799436800,1
1758276,126157824,127916100,127916100,129674376,254073924,1
686859264,690638400,3779136,1377497664,690638400,694417536,1
35141184,35366809,225625,70507993,35366809,35592434,1
21548164,108900,21446161,21657064,42994325,21555061,0
10196960400,24800400,10172739600,10221760800,20369700000,10197540000,0
1890625,148225,1742400,2038850,3633025,1890625,1
533794816,535274496,1517824,1069069312,535312640,536792320,0
46225,29584,16641,75809,62866,46225,1
117939600,1299600,116640000,119239200,234579600,117939600,1
8230844176,26832400,8204011776,8257676576,16434855952,8230844176,1
105781225,109307025,3822025,215088250,109603250,113129050,0
22391824,22524516,137641,44916340,22529465,22662157,0
2125764,386358336,388484100,388484100,390609864,774842436,1
4186116,4290643009,4294705156,4294829125,4298891272,8585348165,0
7929856,503553600,511483456,511483456,519413312,1015037056,1
1338649,2650190400,2651529049,2651529049,2652867698,5301719449,1
409657600,410467600,810000,820125200,410467600,411277600,1
302500,5085025,5336100,5387525,5638600,10421125,0
119530489,120099681,588289,239630170,120118778,120687970,0
1304654400,1307762569,3108169,2612416969,1307762569,1310870738,1
111978724,112444816,495616,224423540,112474340,112940432,0
5760810000,5772200625,11390625,11533010625,5772200625,5783591250,1
7188326656,9834496,7178833984,7198161152,14367160640,7188668480,0
354192400,150544,354041856,354342944,708234256,354192400,1
20070400,21344400,1416100,41414800,21486500,22760500,0
662596,19713600,20376196,20376196,21038792,40089796,1
3845860225,19571776,3826288449,3865432001,7672148674,3845860225,1
2732409,2218033216,2220765625,2220765625,2223498034,4438798841,1
922093956,2614689,919544976,924708645,1841638932,922159665,0
119902500,656100,119246400,120558600,239148900,119902500,1
12660750400,12669753600,9241600,25330504000,12669992000,12678995200,0
5394168025,5433561,5388734464,5399601586,10782902489,5394168025,1
0,0,0,0,0,0,1
421070400,422179209,1108809,843249609,422179209,423288018,1
169,169,0,338,169,169,1
585640000,590490000,5062500,1176130000,590702500,595552500,0
9585216,4425974784,4435560000,4435560000,4445145216,8861534784,1
443102500,2102500,441000000,445205000,884102500,443102500,1
28387584,28408900,21316,56796484,28408900,28430216,1
40576900,83984040000,84024616900,84024616900,84065193800,168008656900,1
51164178025,51207164100,44222500,102371342125,51208400525,51251386600,0
14107536,90000,14017536,14197536,28125072,14107536,1
18740241,18792225,51984,37532466,18792225,18844209,1
17438976,21379703524,21396668176,21397142500,21414107152,42776371700,0
11553025225,11588737801,35712576,23141763026,11588737801,11624450377,1
234256,28227969,28462225,28462225,28696481,56690194,1
42719296,75398569744,75440312896,75441289040,75483032192,150838882640,0
5262436,197136,5094049,5459572,10356485,5291185,0
240100,4036081,4235364,4276181,4475464,8271445,0
325874704,144400,325730304,326019104,651605008,325874704,1
66389904,960400,65480464,67350304,131870368,66440864,0
333792900,4588164,329204736,338381064,662997636,333792900,1
39778249,176400,39601849,39954649,79380098,39778249,1
72900,18225,57600,91125,130500,75825,0
5396329,211600,5184729,5607929,10581058,5396329,1
136900,46785600,46922500,46922500,47059400,93708100,1
3610000,562258944,565868944,565868944,569478944,1128127888,1
8423568400,19079424,8404488976,8442647824,16828057376,8423568400,1
2130745600,14745600,2116000000,2145491200,4246745600,2130745600,1
303595776,3504384,300259584,307100160,603855360,303763968,0
22515025,23770238976,23792754001,23792754001,23815269026,47562992977,1
105443078400,105496339204,53260804,210939417604,105496339204,105549600008,1
656100,119246400,119902500,119902500,120558600,239148900,1
6528025,8693697600,8700225625,8700225625,8706753650,17393923225,1
1764000000,1772410000,8410000,3536410000,1772410000,1780820000,1
59059225,811801,58247424,59871026,117306649,59059225,1
1249127649,3038049,1246160601,1252165698,2495288250,1249198650,0
18225,26244,11664,44469,29889,37908,0
403005625,405216900,2371600,808222525,405377225,407588500,0
1830609,497468416,499299025,499299025,501129634,996767441,1
7535025,7784100,291600,15319125,7826625,8075700,0
100200100,103022500,2822400,203222600,103022500,105844900,1
1550025,81225,1476225,1631250,3026250,1557450,0
65454105600,65496070084,41964484,130950175684,65496070084,65538034568,1
4809249,2220671376,2225480625,2225480625,2230289874,4446152001,1
23658496,22758739600,22781676096,22782398096,22805334592,45540415696,0
1382976,554508304,555827776,555891280,557210752,1110336080,0
263997504,1557504,262440000,265555008,526437504,263997504,1
4225,1048576,1052676,1052801,1056901,2101252,0
4203188224,8294400,4194893824,4211482624,8398082048,4203188224,1
33408400,33524100,119025,66932500,33527425,33643125,0
4018292100,4022096400,3920400,8040388500,4022212500,4026016800,0
1186113600,1191768484,5654884,2377882084,1191768484,1197423368,1
7431076,1558670400,1566101476,1566101476,1573532552,3124771876,1
8294400,9000000,705600,17294400,9000000,9705600,1
0,0,0,0,0,0,1
2172676,2437199424,2439372100,2439372100,2441544776,4876571524,1
976144,1132096,207936,2108240,1184080,1340032,0
25921,42849,64009,68770,89930,106858,0
22071204,14941395225,14962671684,14963466429,14984742888,29904066909,0
19349922816,19375526416,25603600,38725449232,19375526416,19401130016,1
105170490000,105219140625,48650625,210389630625,105219140625,105267791250,1
3086135809,3094251876,8526400,6180387685,3094662209,3102778276,0
16032016,16120225,88209,32152241,16120225,16208434,1
3270238596,6305121,3264065424,3276543717,6534304020,3270370545,0
63107136,65536,63043600,63172672,126150736,63109136,0
38875225,39413284,599076,78288509,39474301,40012360,0
5722922500,5730490000,7840000,11453412500,5730762500,5738330000,0
352876225,353515204,665856,706391429,353542081,354181060,0
1515155625,1515856356,715716,3031011981,1515871341,1516572072,0
1679616,204776100,206324496,206455716,208004112,411100596,0
338854464,341030089,2175625,679884553,341030089,343205714,1
1650390625,2030625,1648360000,1652421250,3298750625,1650390625,1
66341025,67076100,810000,133417125,67151025,67886100,0
2452356,445716544,448168900,448168900,450621256,893885444,1
69923044,71166096,1401856,141089140,71324900,72567952,0
6093363600,6102734400,9734400,12196098000,6103098000,6112468800,0
2890000,5218617600,5221507600,5221507600,5224397600,10440125200,1
204004089,205549569,1610361,409553658,205614450,207159930,0
165636900,169052004,3415104,334688904,169052004,172467108,1
4665600,539725824,544195584,544391424,548861184,1083921408,0
6859814976,6868265625,8450649,13728080601,6868265625,6876716274,1
516834756,2452356,514382400,519287112,1031217156,516834756,1
7225344,409600,6885376,7634944,14110720,7294976,0
5089395600,5095247161,5851561,10184642761,5095247161,5101098722,1
43560000,43956900,396900,87516900,43956900,44353800,1
342916324,6927424,335988900,349843748,678905224,342916324,1
151782400,153165376,1382976,304947776,153165376,154548352,1
5076990009,5102959225,25969216,10179949234,5102959225,5128928441,1
81162081,198826810000,198907972081,198907972081,198989134162,397734782081,1
2205225,400800400,403005625,403005625,405210850,803806025,1
32745073936,27499536,32717574400,32772573472,65462648336,32745073936,1
921600,45968400,46785600,46890000,47707200,92754000,0
62062884,2433600,59629284,64496484,121692168,62062884,1
13689,1172889,1185921,1186578,1199610,2358810,0
593994384,3504384,590490000,597498768,1184484384,593994384,1
8439025,14529891600,14538330625,14538330625,14546769650,29068222225,1
21873818404,43164900,21830653504,21916983304,43704471908,21873818404,1
1128960000,1131649600,2689600,2260609600,1131649600,1134339200,1
20784481,11467839744,11488624225,11488624225,11509408706,22956463969,1
33856,8464,0,42320,33856,8464,0
1183910464,1186251364,2340900,2370161828,1186251364,1188592264,1
45052609536,83174400,44971140096,45135783936,90023749632,45054314496,0
195364,8156736,8352100,8352100,8547464,16508836,1
5041,0,5041,5041,10082,5041,1
1818169600,1819534336,1401856,3637703936,1819571456,1820936192,0
2021401600,2024280064,2985984,4045681664,2024387584,2027266048,0
32798529,1718721,31236921,34517250,64035450,32955642,0
4161600,4301476,139876,8463076,4301476,4441352,1
15217801,8396423424,8411641225,8411641225,8426859026,16808064649,1
141848100,122500,141729025,141970600,283577125,141851525,0
169702729,182329,169520400,169885058,339223129,169702729,1
2682411264,2699633764,17222500,5382045028,2699633764,2716856264,1
0,2401,2401,2401,2401,4802,1
15288100,6584348736,6599287696,6599636836,6614575796,13183636432,0
100962304,692224,100320256,101654528,201282560,101012480,0
5267275776,5274245376,6969600,10541521152,5274245376,5281214976,1
7512382276,7322436,7505276689,7519704712,15017658965,7512599125,0
8761600,9205156,443556,17966756,9205156,9648712,1
565504,71639296,72182016,72204800,72747520,143821312,0
2402500,374190336,376592836,376592836,378995336,750783172,1
542703616,551216484,9018009,1093920100,551721625,560234493,0
0,0,0,0,0,0,1
9217296,2587146496,2596106304,2596363792,2605323600,5183252800,0
43996689,25878191689,25921322001,25922188378,25965318690,51799513690,0
14379264,15602500,1223236,29981764,15602500,16825736,1
37210000,1210000,36000000,38420000,73210000,37210000,1
49112064,65404993536,65454105600,65454105600,65503217664,130859099136,1
38837824,16302182400,16341020224,16341020224,16379858048,32643202624,1
12103441,7259040000,7271143441,7271143441,7283246882,14530183441,1
40704400,559504,40144896,41263904,80849296,40704400,1
384238404,4435236,380016036,388673640,764254440,384451272,0
19044,527076,544644,546120,563688,1071720,0
25492401,62001,25431849,25554402,50924250,25493850,0
3644174689,16160400,3628014289,3660335089,7272188978,3644174689,1
1547478244,5345344,1542132900,1552823588,3089611144,1547478244,1
1296,0,1296,1296,2592,1296,1
3869835264,3881788416,12278016,7751623680,3882113280,3894066432,0
3969,12544,15876,16513,19845,28420,0
17089956,2780241984,2796717456,2797331940,2813807412,5576959440,0
620458281,627352209,7241481,1247810490,627699762,634593690,0
78287104,147456,78145600,78434560,156432704,78293056,0
10480640625,12895281,10467745344,10493535906,20948385969,10480640625,1
5041,5041,0,10082,5041,5041,1
2235025,554696704,556865604,556931729,559100629,1111562308,0
16280739216,25969216,16255740004,16306708432,32536479220,16281709220,0
2289169,1083199744,1085438916,1085488913,1087728085,2168638660,0
2642782464,2646279364,3496900,5289061828,2646279364,2649776264,1
5753222500,12432676,5740789824,5765655176,11494012324,5753222500,1
3952385424,3975806916,24295041,7928192340,3976680465,4000101957,0
62500,4900,57600,67400,120100,62500,1
3218436,424030464,427248900,427248900,430467336,851279364,1
8244276804,27604516,8217422500,8271881320,16461699304,8245027016,0
157753600,802816,156950784,158556416,314704384,157753600,1
4064256,918271809,922093956,922336065,926158212,1840365765,0
4186116,4202500,16384,8388616,4202500,4218884,1
6017260041,6033094929,16232841,12050354970,6033492882,6049327770,0
21492496,19982649600,20004142096,20004142096,20025634592,39986791696,1
3701776,547600,3154176,4249376,6855952,3701776,1
14067857664,27123264,14041302016,14094980928,28109159680,14068425280,0
65496070084,65538048016,43033600,131034118100,65539103684,65581081616,0
20142144,21954348900,21973911696,21974491044,21994053840,43928260596,0
20340100,93025,20250000,20433125,40590100,20343025,0
6168531600,6173716329,5184729,12342247929,6173716329,6178901058,1
17232863076,41912676,17191929924,17274775752,34424793000,17233842600,0
473323536,4648336,469068964,477971872,942392500,473717300,0
22406497344,22455022500,48525156,44861519844,22455022500,22503547656,1
45562500,15180704100,15225092100,15226266600,15270654600,30405796200,0
135111380625,135166522500,56250000,270277903125,135167630625,135222772500,0
2039184,1324960000,1326999184,1326999184,1329038368,2651959184,1
84008384964,39664804,83969550625,84048049768,167977935589,84009215429,0
4356,4356,0,8712,4356,4356,1
151585344,152028900,443556,303614244,152028900,152472456,1
0,0,0,0,0,0,1
75440312896,42719296,75398569744,75483032192,150838882640,75441289040,0
90000,14017536,14107536,14107536,14197536,28125072,1
506944,4950625,5354596,5457569,5861540,10305221,0
2561979456,3779136,2558336400,2565758592,5120315856,2562115536,0
102400,107584,5184,209984,107584,112768,1
19536400,176400,19360000,19712800,38896400,19536400,1
50694400,20252420721,20303115121,20303115121,20353809521,40555535842,1
12089529,393129,11696400,12482658,23785929,12089529,1
190164100,3841600,186322500,194005700,376486600,190164100,1
3048516,44100,3006756,3092616,6055272,3050856,0
9449476,7417515625,7426647684,7426965101,7436097160,14844163309,0
48573074449,26884225,48546190224,48599958674,97119264673,48573074449,1
2975593401,19686969,2956640625,2995280370,5932234026,2976327594,0
2714931025,2723796100,9363600,5438727125,2724294625,2733159700,0
65025,93636,41616,158661,106641,135252,0
14062500,1102500,12960000,15165000,27022500,14062500,1
925444,1200276025,1201176964,1201201469,1202102408,2401452989,0
432972864,434388964,1416100,867361828,434388964,435805064,1
16057958400,16085848900,28462225,32143807300,16086420625,16114311125,0
2086479684,2166784,2084379025,2088646468,4170858709,2086545809,0
1331716,9216,1322500,1340932,2654216,1331716,1
1245456,298598400,299843856,299843856,301089312,598442256,1
8296659396,17497489,8279544064,8314156885,16576203460,8297041553,0
3075146116,1552516,3073593600,3076698632,6148739716,3075146116,1
4605316,965966400,970571716,970571716,975177032,1936538116,1
255680100,260951716,5271616,516631816,260951716,266223332,1
3034564,126697536,129732100,129732100,132766664,256429636,1
1540081,2051002944,2052543025,2052543025,2054083106,4103545969,1
23104,0,23104,23104,46208,23104,1
9455617600,17106496,9438511104,9472724096,18894128704,9455617600,1
2998986169,2518569,2996467600,3001504738,5995453769,2998986169,1
93636,3969,90000,97605,183636,93969,0
70526404,636804,69889600,71163208,140416004,70526404,1
432972864,3111696,429981696,436084560,862954560,433093392,0
75398569744,75440312896,42719296,150838882640,75441289040,75483032192,0
28100601,60746475024,60774575625,60774575625,60802676226,121521050649,1
88758709776,40144896,88719388164,88798854672,177478097940,88759533060,0
1235522500,1238195344,2795584,2473717844,1238318084,1240990928,0
1871424,2030625,159201,3902049,2030625,2189826,1
467856,152028900,152473104,152496756,152940960,304502004,0
1936440025,11424400,1925015625,1947864425,3861455650,1936440025,1
192515625,416025,192099600,192931650,384615225,192515625,1
65144394756,30758116,65114280625,65175152872,130258675381,65145038741,0
467856,698896,283024,1166752,750880,981920,0
2375197696,6390784,2368963584,2381588480,4744161280,2375354368,0
590976100,592046224,1115136,1183022324,592091236,593161360,0
7462713769,7479655225,16941456,14942368994,7479655225,7496596681,1
24591681,4652331264,4676097924,4676922945,4700689605,9328429188,0
2941225,200533921,203319081,203475146,206260306,403853002,0
665856,95550625,96216481,96216481,96882337,191767106,1
10103868324,27185796,10077348996,10131054120,20181217320,10104534792,0
138738370576,56610576,138681760000,138794981152,277420130576,138738370576,1
1759215249,1766100625,6885376,3525315874,1766100625,1772986001,1
6567481600,6580454400,13542400,13147936000,6581024000,6593996800,0
136048896,139854276,4100625,275903172,140149521,143954901,0
118265625,3240000,115025625,121505625,233291250,118265625,1
59893262361,42575625,59850686736,59935837986,119743949097,59893262361,1
22581504,10918160100,10940741604,10940741604,10963323108,21858901704,1
7263025,8116801,853776,15379826,8116801,8970577,1
15023376,2842169344,2856688704,2857192720,2871712080,5698858048,0
0,0,0,0,0,0,1
21492496,698896,20793600,22191392,42286096,21492496,1
3802500,1444000000,1447802500,1447802500,1451605000,2891802500,1
10679824,1123322256,1133534224,1134002080,1144214048,2256856480,0
68046001,69255684,1364224,137301685,69410225,70619908,0
25161890625,25209500625,47610000,50371391250,25209500625,25257110625,1
51025388544,22127616,51003705600,51047516160,102029094144,51025833216,0
7921,7921,0,15842,7921,7921,1
45773746704,23619600,45750643236,45797366304,91524389940,45774262836,0
21215236,11705508864,11726724100,11726724100,11747939336,23432232964,1
267813225,1010025,266832225,268823250,534645450,267842250,0
23406244,37472829241,37495675044,37496235485,37519081288,74968504285,0
1148396544,2214144,1146228736,1150610688,2294625280,1148442880,0
202500,23425600,23619600,23628100,23822100,47045200,0
252047376,254338704,2396304,506386080,254443680,256735008,0
18249984,9671739025,9689252356,9689989009,9707502340,19360991381,0
3666302500,3667998096,1731856,7334300596,3668034356,3669729952,0
1560329001,10323369,1550390625,1570652370,3110719626,1560713994,0
345744,614656,960400,960400,1306144,1575056,1
1866240000,1869351696,3111696,3735591696,1869351696,1872463392,1
213890625,2624400,211266225,216515025,425156850,213890625,1
1721344,82944,1638400,1804288,3359744,1721344,1
682724641,3027600,679697041,685752241,1362421682,682724641,1
260100,14500864,14760964,14760964,15021064,29261828,1
34222500,12996000000,13030222500,13030222500,13064445000,26026222500,1
768398400,769008361,609961,1537406761,769008361,769618322,1
2677441536,2691119376,14152644,5368560912,2691594180,2705272020,0
1432622500,756900,1431865600,1433379400,2864488100,1432622500,1
11029041,18084870400,18095899441,18095899441,18106928482,36180769841,1
1173953169,1180403449,6682225,2354356618,1180635394,1187085674,0
7574569024,7578573025,4004001,15153142049,7578573025,7582577026,1
298116,430770025,431060644,431068141,431358760,861830669,0
15586704,8599965696,8615552400,8615552400,8631139104,17215518096,1
18980021824,37454400,18942567424,19017476224,37922589248,18980021824,1
11512449,986399649,997359561,997912098,1008872010,1983759210,0
121104,1030225,1151329,1151329,1272433,2181554,1
49098049,24312605625,24360654241,24361703674,24409752290,48673259866,0
44927041600,23736384,44903305216,44950777984,89830346816,44927041600,1
2094984441,13860729,2081640625,2108845170,4176625066,2095501354,0
1285956,25401600,26687556,26687556,27973512,52089156,1
55442916,2350089,53290000,57793005,108732916,55640089,0
189225,1089936,1279161,1279161,1468386,2369097,1
1824998400,1832610481,7612081,3657608881,1832610481,1840222562,1
8076964,4844160000,4852236964,4852236964,4860313928,9696396964,1
95062500,116964,94945536,95179464,190008036,95062500,1
12745055236,21215236,12723840000,12766270472,25468895236,12745055236,1
63963468100,35402500,63928065600,63998870600,127891533700,63963468100,1
56550400,59413264,2862864,115963664,59413264,62276128,1
116281,600625,700569,716906,816850,1301194,0
117158976,118048225,889249,235207201,118048225,118937474,1
41602500,73427450625,73468102500,73469053125,73509705000,146895553125,0
68558400,70862724,2304324,139421124,70862724,73167048,1
448900,161604,287296,610504,736196,448900,1
21478954249,10843849,21468110400,21489798098,42947064649,21478954249,1
42771600,156816,42614784,42928416,85386384,42771600,1
465049225,8673025,456890625,473722250,921939850,465563650,0
10271822500,20702500,10251562500,10292525000,20523385000,10272265000,0
147622500,150258564,2802276,297881064,150424776,153060840,0
55472704,127863456400,127917814336,127918929104,127973287040,255781270736,0
28403709156,18198756,28385510400,28421907912,56789219556,28403709156,1
479259664,481539136,2433600,960798800,481693264,483972736,0
184041,11075584,11249316,11259625,11433357,22324900,0
27447121,28100601,700569,55547722,28147690,28801170,0
48024900,16889601600,16936419600,16937626500,16984444500,33826021200,0
3651921,312900721,316377369,316552642,320029290,629278090,0
100,576,676,676,776,1252,1
11142491364,31595641,11111689744,11174087005,22254181108,11143285385,0
5646019600,15618304,5630401296,5661637904,11276420896,5646019600,1
10334755600,10353469504,19501056,20688225104,10354256656,10372970560,0
33356639044,19820304,33337282225,33376459348,66693921269,33357102529,0
474721,77228944,77686596,77703665,78161317,154915540,0
3600,1296,2304,4896,5904,3600,1
28224,78400,50176,106624,78400,128576,1
11209104,24231280896,24242490000,24242490000,24253699104,48473770896,1
231361,24336,207025,255697,438386,231361,1
10125124,3460262976,3470388100,3470388100,3480513224,6930651076,1
9734400,10227204,492804,19961604,10227204,10720008,1
952576,14768649,15721225,15721225,16673801,30489874,1
451690009,4494400,447195609,456184409,898885618,451690009,1
14161,23409,34969,37570,49130,58378,0
18352656,30868733025,30886656516,30887085681,30905009172,61755389541,0
8934121,8306499600,8315433721,8315433721,8324367842,16621933321,1
54641664,80965287936,81019929600,81019929600,81074571264,161985217536,1
1366041600,1369000000,2958400,2735041600,1369000000,1371958400,1
39879225,189225,39690000,40068450,79569225,39879225,1
18542268900,18566787600,25401600,37109056500,18567670500,18592189200,0
18496,18496,0,36992,18496,18496,1
1260392004,7376656,1253514025,1267768660,2513906029,1260890681,0
159896025,160123716,236196,320019741,160132221,160359912,0
18496,65025,83521,83521,102017,148546,1
75625,81796,7744,157421,83369,89540,0
22810665024,22838765625,28100601,45649430649,22838765625,22866866226,1
534765625,535922500,1210000,1070688125,535975625,537132500,0
14670054400,7750656,14662303744,14677805056,29332358144,14670054400,1
2827686976,2837479824,10074276,5665166800,2837761252,2847554100,0
118374400,118810000,435600,237184400,118810000,119245600,1
6456681,6671889,233289,13128570,6689970,6905178,0
3560769,2313610000,2317170769,2317170769,2320731538,4630780769,1
656640625,660849849,4372281,1317490474,661012906,665222130,0
608400,90000,518400,698400,1126800,608400,1
20935196100,20947351824,12446784,41882547924,20947642884,20959798608,0
2473769169,12117361,2462045161,2485886530,4935814330,2474162522,0
9734400,3696640000,3706374400,3706374400,3716108800,7403014400,1
23525731161,23579138025,53406864,47104869186,23579138025,23632544889,1
2608225,36966400,39312900,39574625,41921125,76279300,0
5817744,6482116,758641,12299860,6576385,7240757,0
1028741476,1937664,1026882025,1030679140,2055623501,1028819689,0
305270784,1183744,304153600,306454528,609424384,305337344,0
14646808576,14661577225,14768649,29308385801,14661577225,14676345874,1
16483600,226576,16257024,16710176,32740624,16483600,1
6919078761,6922572804,3572100,13841651565,6922650861,6926144904,0
5354596,10600761600,10606116196,10606116196,10611470792,21206877796,1
147622500,148498596,876096,296121096,148498596,149374692,1
5783602500,11902500,5772200625,5795505000,11555803125,5784103125,0
5308416,2813241600,2818335744,2818550016,2823644160,5631577344,0
540225,603729,63504,1143954,603729,667233,1
49007333376,86713344,48922361856,49094046720,97929695232,49009075200,0
16970272900,16988515600,18835600,33958788500,16989108500,17007351200,0
16276911561,16312142961,36036009,32589054522,16312947570,16348178970,0
84100,1156,82944,85256,167044,84100,1
17479748521,17492178564,12759184,34971927085,17492507705,17504937748,0
4900,4900,0,9800,4900,4900,1
225625,81225,144400,306850,370025,225625,1
23136100,30006900625,30029424100,30030036725,30052560200,60036324725,0
748077201,1476225,746600976,749553426,1494678177,748077201,1
22014864,14304160000,14326174864,14326174864,14348189728,28630334864,1
3912484,108284836,111894084,112197320,115806568,220178920,0
1021313764,2427364,1018886400,1023741128,2040200164,1021313764,1
129600,152100,22500,281700,152100,174600,1
12544,15876,3969,28420,16513,19845,0
392911684,1742400,391169284,394654084,784080968,392911684,1
781873444,3575881,778410000,785449325,1560283444,781985881,0
986965056,989102500,2137444,1976067556,989102500,991239944,1
396900,200732224,201129124,201129124,201526024,401861348,1
1050625,1102500,62500,2153125,1113125,1165000,0
22896225,23213124,352836,46109349,23249061,23565960,0
9082852416,9108030096,25826724,18190882512,9108679140,9133856820,0
5476,0,5476,5476,10952,5476,1
2663424,2673225,9801,5336649,2673225,2683026,1
89415936,1806336,87609600,91222272,177025536,89415936,1
6677056,7277796100,7284281104,7284473156,7290958160,14562077204,0
11597997636,41177889,11557970064,11639175525,23155967700,11599147953,0
129294180625,68310225,129225870400,129362490850,258520051025,129294180625,1
25427491600,25448863729,21372129,50876355329,25448863729,25470235858,1
2196324,197121600,199317924,199317924,201514248,396439524,1
672400,32400,640000,704800,1312400,672400,1
0,2401,2401,2401,2401,4802,1
284089,298116,16900,582205,300989,315016,0
39866596,1920996,37945600,41787592,77812196,39866596,1
1435197456,1438305625,3108169,2873503081,1438305625,1441413794,1
6891656256,12194064,6879707136,6903850320,13771363392,6891901200,0
25401600,7766544384,7791945984,7791945984,7817347584,15558490368,1
32718400,33016516,298116,65734916,33016516,33314632,1
68310225,30854679025,30921464025,30922989250,30989774250,61776143050,0
19209960000,19251562500,41602500,38461522500,19251562500,19293165000,1
40000,25600,14400,65600,54400,40000,1
5993082225,6036849,5987045376,5999119074,11980127601,5993082225,1
17472400,6298803225,6316275625,6316275625,6333748025,12615078850,1
1552438801,1558907289,6671889,3111346090,1559110690,1565579178,0
32400,275625,308025,308025,340425,583650,1
629608464,631667689,2059225,1261276153,631667689,633726914,1
5531904,313600,5271616,5845504,10803520,5585216,0
125316,222784,348100,348100,473416,570884,1
23014103616,23066319376,53436100,46080422992,23067539716,23119755476,0
13838400,518400,13395600,14356800,27234000,13914000,0
10240000,10890000,722500,21130000,10962500,11612500,0
1347921,622402704,623750625,623750625,625098546,1246153329,1
23270976,242064,23040000,23513040,46310976,23282064,0
284089,2178576,2427364,2462665,2711453,4605940,0
389376,562638400,563017984,563027776,563407360,1125656384,0
13995081,6321363049,6335045649,6335358130,6349040730,12656408698,0
14382005625,10791225,14371214400,14392796850,28753220025,14382005625,1
312299584,312865344,577600,625164928,312877184,313442944,0
25608000625,25619843844,12096484,51227844469,25620097109,25631940328,0
2574446121,2578405284,4112784,5152851405,2578558905,2582518068,0
124813584,1016064,123876900,125829648,248690484,124892964,0
282105616,285610000,3504384,567715616,285610000,289114384,1
86601636,1857769,84860944,88459405,171462580,86718713,0
477422500,480749476,3326976,958171976,480749476,484076452,1
3015108100,8340544,3006767556,3023448644,6021875656,3015108100,1
831744,902500,70756,1734244,902500,973256,1
3419910400,19360000,3401222400,3439270400,6821132800,3420582400,0
455395600,3748096,451647504,459143696,907043104,455395600,1
11947801636,11974924900,27123264,23922726536,11974924900,12002048164,1
99225,10890000,10989225,10989225,11088450,21879225,1
56430144,56791296,389376,113221440,56819520,57180672,0
7683984,4519603984,4527136656,4527287968,4534820640,9046740640,0
1521,1521,0,3042,1521,1521,1
2039184,176400,1882384,2215584,3921568,2058784,0
731025,138297600,139004100,139028625,139735125,277301700,0
1849600,2815045249,2816849476,2816894849,2818699076,5631894725,0
26010000,608400,25401600,26618400,51411600,26010000,1
36864,43264,6400,80128,43264,49664,1
298116,28224,275625,326340,573741,303849,0
240100,268324,28224,508424,268324,296548,1
11276164,15017031936,15028308100,15028308100,15039584264,30045340036,1
4008004,4120900,112896,8128904,4120900,4233796,1
38130625,467856,37662769,38598481,75793394,38130625,1
1623076,3359361600,3360984676,3360984676,3362607752,6720346276,1
10366497856,35808256,10330689600,10402306112,20697187456,10366497856,1
1478656,377796969,379275625,379275625,380754281,757072594,1
2160900,237160000,239320900,239320900,241481800,476480900,1
7339006224,23213124,7316407296,7362219348,14655413520,7339620420,0
422500,40000,390625,462500,813125,430625,0
12702096,272484,12446784,12974580,25148880,12719268,0
142129,1089936,1214404,1232065,1356533,2304340,0
8555625,4327008400,4335564025,4335564025,4344119650,8662572425,1
2762553600,15116544,2747437056,2777670144,5509990656,2762553600,1
51313575625,51352092100,39564100,102665667725,51353139725,51391656200,0
3389801284,19998784,3369802500,3409800068,6759603784,3389801284,1
7322436,352836,6969600,7675272,14292036,7322436,1
1211040000,1213059241,2019241,2424099241,1213059241,1215078482,1
208224900,864900,207360000,209089800,415584900,208224900,1
21344400,9402211225,9423555625,9423555625,9444900025,18825766850,1
805367641,808719844,3564544,1614087485,808932185,812284388,0
853776,86155524,86936976,87009300,87790752,173092500,0
17723064384,17761425984,39237696,35484490368,17762302080,17800663680,0
21856665600,21904000000,47334400,43760665600,21904000000,21951334400,1
2149991424,2153888100,3896676,4303879524,2153888100,2157784776,1
8573184,8856576,331776,17429760,8904960,9188352,0
31663355364,17106496,31646631025,31680461860,63309986389,31663737521,0
6084,900,5184,6984,11268,6084,1
291600,197402500,197683600,197694100,197975200,395086100,0
13778944,13254916900,13268275344,13268695844,13282054288,26523192244,0
60989241600,61037655364,48413764,122026896964,61037655364,61086069128,1
9025,51984,61009,61009,70034,112993,1
360000,2073600,2433600,2433600,2793600,4507200,1
278784,9897316,10176100,10176100,10454884,20073416,1
589824,15241216,15745024,15831040,16334848,30986240,0
2637376,448168900,450627984,450806276,453265360,898796884,0
6242106049,6256968201,15217801,12499074250,6257323850,6272186002,0
0,7744,7744,7744,7744,15488,1
102938947281,51969681,102886977600,102990916962,205825924881,102938947281,1
84548025,275625,84272400,84823650,168820425,84548025,1
5631129,99225,5531904,5730354,11163033,5631129,1
28224,63504,44100,91728,72324,107604,0
1882384,319873225,321628356,321755609,323510740,641501581,0
15039588496,11587216,15028308100,15051175712,30067896596,15039895316,0
19131876,19236996,108900,38368872,19240776,19345896,0
39312900,774400,38626225,40087300,77939125,39400625,0
40335201,12713013504,12752281476,12753348705,12792616677,25465294980,0
57685471684,27857284,57657614400,57713328968,115343086084,57685471684,1
455625,17850625,18275625,18306250,18731250,36126250,0
1008380025,5517801,1002862224,1013897826,2011242249,1008380025,1
197683600,291600,197402500,197975200,395086100,197694100,0
13680577296,13718499876,38900169,27399077172,13719477465,13757400045,0
46848438025,31595641,46816842384,46880033666,93665280409,46848438025,1
29911702500,52925625,29859840000,29964628125,59771542500,29912765625,0
7272678400,7277113636,4435236,14549792036,7277113636,7281548872,1
925376400,1904400,923552100,927280800,1848928500,925456500,0
2082249,178409449,180391761,180491698,182474010,358801210,0
14437464336,30448324,14407681024,14467912660,28845145360,14438129348,0
53436100,23014103616,23066319376,23067539716,23119755476,46080422992,0
318301281,320338404,2196324,638639685,320497605,322534728,0
451307536,7952400,443355136,459259936,894662672,451307536,1
1024144,134931456,135955600,135955600,136979744,270887056,1
3052562500,5522500,3047040000,3058085000,6099602500,3052562500,1
107780890000,107824886689,43996689,215605776689,107824886689,107868883378,1
1764,3136,4900,4900,6664,8036,1
13660416,14822500,1162084,28482916,14822500,15984584,1
121550625,123721129,2307361,245271754,123857986,126028490,0
840652036,414736,840246169,841066772,1680898205,840660905,0
26011238400,26031886336,20647936,52043124736,26031886336,26052534272,1
2890137600,2897022976,6885376,5787160576,2897022976,2903908352,1
3004684225,20793600,2983890625,3025477825,5988574850,3004684225,1
447914896,1860496,446054400,449775392,893969296,447914896,1
6220036,164836,6076225,6384872,12296261,6241061,0
4468996,4356,4464769,4473352,8933765,4469125,0
12110400,2718788164,2730898564,2730898564,2743008964,5449686728,1
2802276,2524761009,2527475076,2527563285,2530277352,5052236085,0
22137025,9409,22127616,22146434,44264641,22137025,1
6502500,275625,6250000,6778125,12752500,6525625,0
21734244,5057200996,5078272644,5078935240,5100006888,10135473640,0
89401,2474329,2556801,2563730,2646202,5031130,0
365192100,1416100,363855625,366608200,729047725,365271725,0
2579236,812934144,815445136,815513380,818024372,1628379280,0
99201600,102535876,3334276,201737476,102535876,105870152,1
5256830016,5272212100,15382084,10529042116,5272212100,5287594184,1
134165889,137945025,3779136,272110914,137945025,141724161,1
1577536,10816,1567504,1588352,3145040,1578320,0
1379082496,6969600,1372554304,1386052096,2751636800,1379523904,0
180391761,2082249,178409449,182474010,358801210,180491698,0
8295566400,8299756609,4190209,16595323009,8299756609,8303946818,1
640950489,9272025,632170449,650222514,1273120938,641442474,0
2958400,78400,2890000,3036800,5848400,2968400,0
98903025,178929,98724096,99081954,197627121,98903025,1
115132900,3154176,111978724,118287076,227111624,115132900,1
6553550116,6559056144,5664400,13112606260,6559214516,6564720544,0
3565045264,3572094289,7049025,7137139553,3572094289,3579143314,1
30338064,30713764,395641,61051828,30733705,31109405,0
279926361,280663009,755161,560589370,280681522,281418170,0
280900,2116,278784,283016,559684,280900,1
36864,40000,3136,76864,40000,43136,1
0,576,576,576,576,1152,1
1392036100,1393080976,1073296,2785117076,1393109396,1394154272,0
62599744,110487100816,110548270144,110549700560,110610869888,221035370960,0
3666544704,8714304,3657830400,3675259008,7324375104,3666544704,1
3440526336,3442051561,1525225,6882577897,3442051561,3443576786,1
7001316,768398400,775399716,775399716,782401032,1543798116,1
0,0,0,0,0,0,1
1600,1600,0,3200,1600,1600,1
1977936676,3422500,1974646969,1981359176,3952583645,1978069469,0
777924,771506176,772284100,772284100,773062024,1543790276,1
27311076,7215143364,7241669604,7242454440,7268980680,14456812968,0
86436,15876,74529,102312,160965,90405,0
12210250000,15023376,12195226624,12225273376,24405476624,12210250000,1
2547216,298116,2286144,2845332,4833360,2584260,0
7290000,1324960000,1332250000,1332250000,1339540000,2657210000,1
1869351696,1872465984,3240000,3741817680,1872591696,1875705984,0
6951557376,24681024,6927565824,6976238400,13879123200,6952246848,0
11947801636,9205156,11938840225,11957006792,23886641861,11948045381,0
0,0,0,0,0,0,1
1411344,170067681,171479025,171479025,172890369,341546706,1
45604456704,31539456,45573710400,45635996160,91178167104,45605249856,0
129367876,133679844,4674244,263047720,134042120,138354088,0
0,0,0,0,0,0,1
43164900,13604889600,13646912400,13648054500,13690077300,27251802000,0
10412365681,28015849,10385036649,10440381530,20797402330,10413052498,0
4808312964,13249600,4795701001,4821562564,9604013965,4808950601,0
1734889104,4435236,1730560000,1739324340,3465449104,1734995236,0
226442304,227104900,662596,453547204,227104900,227767496,1
25470244836,21996100,25448863729,25492240936,50919108565,25470859829,0
1449934084,6390784,1443924001,1456324868,2893858085,1450314785,0
15876,1030225,1044484,1046101,1060360,2074709,0
4368100,2361765604,2366044164,2366133704,2370412264,4727809768,0
55353600,58155876,2802276,113509476,58155876,60958152,1
553660900,6100900,547560000,559761800,1101220900,553660900,1
222487056,3920400,218566656,226407456,441053712,222487056,1
3566956176,6718464,3560508900,3573674640,7127465076,3567227364,0
5760000,1919140864,1924752384,1924900864,1930512384,3843893248,0
36036009,10114727184,10149756516,10150763193,10185792525,20264483700,0
395771236,1214404,394618225,396985640,790389461,395832629,0
837407844,3247204,834343225,840655048,1671751069,837590429,0
9709456,3500260569,3509970025,3509970025,3519679481,7010230594,1
778298404,3232804,775065600,781531208,1553364004,778298404,1
20738916,21585316,846400,42324232,21585316,22431716,1
184900,118336,66564,303236,251464,184900,1
387538596,1375929,386201104,388914525,773739700,387577033,0
159516900,756900,158760000,160273800,318276900,159516900,1
97344,16402500,16499844,16499844,16597188,32902344,1
30294016,13988265984,14018560000,14018560000,14048854016,28006825984,1
31648410000,31669761600,21902400,63318171600,31670312400,31691664000,0
35815562500,18922500,35796640000,35834485000,71612202500,35815562500,1
23736384,4640470641,4664207025,4664207025,4687943409,9304677666,1
360000,70896400,71233600,71256400,71593600,142130000,0
47738317081,47817880929,81162081,95556198010,47819479162,47899043010,0
9012004,3340608804,3349399876,3349620808,3358411880,6690008680,0
122102500,122323600,230400,244426100,122332900,122554000,0
554602500,2822400,551780100,557424900,1106382600,554602500,1
1024,0,1024,1024,2048,1024,1
2154909241,5659641,2149249600,2160568882,4304158841,2154909241,1
14955822436,22982436,14932840000,14978804872,29888662436,14955822436,1
1210970401,1212571684,1658944,2423542085,1212629345,1214230628,0
16257024,16122904576,16139161600,16139161600,16155418624,32262066176,1
2039606244,7241481,2032567056,2046847725,4072173300,2039808537,0
22137025,9409,22127616,22146434,44264641,22137025,1
103684,2869636,2965284,2973320,3068968,5834920,0
20250000,4546130625,4566380625,4566380625,4586630625,9112511250,1
2374681,2663798544,2666173225,2666173225,2668547906,5329971769,1
31438449,7315209841,7345689849,7346648290,7377128298,14660899690,0
29241,531441,558009,560682,587250,1089450,0
2289909609,7667361,2282450625,2297576970,4572360234,2290117986,0
4439449,2049916176,2054355625,2054355625,2058795074,4104271801,1
685584,198781801,199430884,199467385,200116468,398212685,0
20933749225,56325025,20878805025,20990074250,41812554250,20935130050,0
66015625,66438801,439569,132454426,66455194,66878370,0
33246756,29954263329,29986463556,29987510085,30019710312,59940726885,0
681314404,1695204,679697041,683009608,1361011445,681392245,0
2372079616,6230016,2365849600,2378309632,4737929216,2372079616,1
921600,32718400,33640000,33640000,34561600,66358400,1
46963609,92976206400,93023170009,93023170009,93070133618,185999376409,1
12544,44100,56644,56644,69188,100744,1
19554084,21934794816,21954348900,21954348900,21973902984,43889143716,1
4356,4356,484,8712,4840,4840,0
2553604,183223296,185776900,185776900,188330504,369000196,1
1069813264,9659664,1060153600,1079472928,2129966864,1069813264,1
646416,758641,112225,1405057,758641,870866,1
46321636,19443513600,19489835236,19489835236,19536156872,38933348836,1
3395975625,7338681,3388636944,3403314306,6784612569,3395975625,1
24601600,37443024004,37467022096,37467625604,37491623696,74910046100,0
6695657929,6703351876,7952400,13399009805,6703610329,6711304276,0
1210000,1258884,53361,2468884,1263361,1312245,0
5785884225,10036224,5775848001,5795920449,11561732226,5785884225,1
18956608489,25050025,18931558464,18981658514,37888166953,18956608489,1
1284218896,1288666404,4575321,2572885300,1288794217,1293241725,0
156400036,649636,155750400,157049672,312150436,156400036,1
87616,9216,78400,96832,166016,87616,1
2678994081,2693713801,15249025,5372707882,2694243106,2708962826,0
6230016,1049760000,1055990016,1055990016,1062220032,2105750016,1
8357881,1698181681,1706268249,1706539562,1714626130,3404449930,0
224676,350438400,350663076,350663076,350887752,701101476,1
77686596,1368900,76317696,79055496,154004292,77686596,1
31472100,8552550400,8584022500,8584022500,8615494600,17136572900,1
278784,515744100,516016656,516022884,516295440,1031760756,0
21517075969,13786369,21503289600,21530862338,43020365569,21517075969,1
733543056,331776,733218084,733874832,1466761140,733549860,0
149010849,950625,148060224,149961474,297071073,149010849,1
5910534400,5935161600,25401600,11845696000,5935936000,5960563200,0
299843856,1245456,298598400,301089312,598442256,299843856,1
315417600,3097600,312582400,318515200,628000000,315680000,0
400,256,144,656,544,400,1
10036224,3246720400,3256756624,3256756624,3266792848,6503477024,1
1279278289,1282642596,3534400,2561920885,1282812689,1286176996,0
93023170009,46963609,92976206400,93070133618,185999376409,93023170009,1
56610576,138681760000,138738370576,138738370576,138794981152,277420130576,1
5452640964,4708900,5448063721,5457349864,10900704685,5452772621,0
45454240000,45488358400,35046400,90942598400,45489286400,45523404800,0
832899600,836366400,3686400,1669266000,836586000,840052800,0
1026169,2025,1024144,1028194,2050313,1026169,1
486202500,487791396,1633284,973993896,487835784,489424680,0
15327225,419904,14907321,15747129,30234546,15327225,1
42998169600,43072851600,76212900,86071021200,43074382500,43149064500,0
25847056,23287370404,23312403856,23313217460,23338250912,46599774260,0
19998784,12518476996,12537728784,12538475780,12557727568,25056205780,0
296528400,296700625,172225,593229025,296700625,296872850,1
5198400,4219801600,4225000000,4225000000,4230198400,8444801600,1
18106393600,43033600,18063360000,18149427200,36169753600,18106393600,1
424030464,427248900,3218436,851279364,427248900,430467336,1
101727396,101969604,248004,203697000,101975400,102217608,0
29106025,1525225,27720225,30631250,56826250,29245450,0
27497930625,50765625,27448205625,27548696250,54946136250,27498971250,0
9169020025,9179556100,10890000,18348576125,9179910025,9190446100,0
7750656,1751171409,1758460356,1758922065,1766211012,3509631765,0
2689600,220284964,222725776,222974564,225415376,443010740,0
6573966400,13249600,6561000000,6587216000,13134966400,6574249600,0
25250625,6670805625,6695330625,6696056250,6720581250,13366136250,0
30314292100,16016004,30298276096,30330308104,60612568196,30314292100,1
40000,42025,2025,82025,42025,44050,1
10824100,5972198400,5983022500,5983022500,5993846600,11955220900,1
4213437921,20638849,4193469049,4234076770,8406906970,4214107898,0
2262016,511076449,513203716,513338465,515465732,1024280165,0
2238016,225840784,227889216,228078800,230127232,453730000,0
1002001,1162084,213444,2164085,1215445,1375528,0
263169,23619600,23882769,23882769,24145938,47502369,1
424030464,427248900,3218436,851279364,427248900,430467336,1
16451136,6247321600,6263772736,6263772736,6280223872,12511094336,1
13006946304,13019266404,12320100,26026212708,13019266404,13031586504,1
6100900,6441025536,6447126436,6447126436,6453227336,12888151972,1
386201104,391564944,5664400,777766048,391865504,397229344,0
11390625,16012371600,16023762225,16023762225,16035152850,32036133825,1
15241216,3317760000,3332521984,3333001216,3347763200,6650281984,0
22222461184,22268399076,46963609,44490860260,22269424793,22315362685,0
40755456,14692348944,14733104400,14733104400,14773859856,29425453344,1
2033476,267911424,269944900,269944900,271978376,537856324,1
287031364,5798464,281232900,292829828,568264264,287031364,1
14440000,15171025,731025,29611025,15171025,15902050,1
32444416,34503876,2289169,66948292,34733585,36793045,0
1208257600,1219266724,11009124,2427524324,1219266724,1230275848,1
6498455769,6515556961,17530969,13014012730,6515986738,6533087930,0
26501904,7201898496,7228400400,7228400400,7254902304,14430298896,1
5635805184,5646019600,10214416,11281824784,5646019600,5656234016,1
202635225,206813161,4177936,409448386,206813161,210991097,1
11231760400,11237696064,6071296,22469456464,11237831696,11243767360,0
26475194944,26489190025,13995081,52964384969,26489190025,26503185106,1
5664400,1731891456,1737555856,1737555856,1743220256,3469447312,1
249956100,253892356,3936256,503848456,253892356,257828612,1
23270976,242064,23040000,23513040,46310976,23282064,0
82428241,254016,82174225,82682257,164602466,82428241,1
58721569,91590969600,91649691169,91649691169,91708412738,183240660769,1
34292736,1115136,33177600,35407872,67470336,34292736,1
52707600,608400,52128400,53316000,104836000,52736800,0
5017600,499254336,504271936,504271936,509289536,1003526272,1
5786340624,5791818816,5645376,11578159440,5791986000,5797464192,0
5303809,671898241,676988361,677202050,682292170,1348886602,0
32638369,659344,31979025,33297713,64617394,32638369,1
0,0,0,0,0,0,1
262144,66977856,67240000,67240000,67502144,134217856,1
20575296,21603904,1132096,42179200,21707392,22736000,0
1874161,1879641,5625,3753802,1879786,1885266,0
1521,577600,579121,579121,580642,1156721,1
1733223424,1735888896,2768896,3469112320,1735992320,1738657792,0
2465420409,2473470756,8503056,4938891165,2473923465,2481973812,0
12296370321,12332324601,36905625,24628694922,12333275946,12369230226,0
680625,514382400,515063025,515063025,515743650,1029445425,1
29882308225,29908935364,27415696,59791243589,29909723921,29936351060,0
1160424225,613089,1159811136,1161037314,2320235361,1160424225,1
18132507649,23961025,18108546624,18156468674,36241054273,18132507649,1
8217422500,8244276804,27604516,16461699304,8245027016,8271881320,0
178543044,938961,177635584,179482005,356178628,178574545,0
7290000,7535025,245025,14825025,7535025,7780050,1
2462045161,2467903684,6140484,4929948845,2468185645,2474044168,0
74242625625,74276961444,35070084,148519587069,74277695709,74312031528,0
2561979456,3779136,2558336400,2565758592,5120315856,2562115536,0
78400,122500,176400,200900,254800,298900,0
4038856704,4194304,4034790400,4043051008,8073647104,4038984704,0
636804,69889600,70526404,70526404,71163208,140416004,1
0,0,0,0,0,0,1
4100097024,4107528100,7431076,8207625124,4107528100,4114959176,1
1246160601,1249127649,3038049,2495288250,1249198650,1252165698,0
10351434564,6461764,10345127521,10357896328,20696562085,10351589285,0
627264,18662400,19289664,19289664,19916928,37952064,1
23440222404,49434961,23391867136,23489657365,46832089540,23441302097,0
3175524,191102976,194100624,194278500,197276148,385203600,0
6859161,16131032064,16137891225,16137891225,16144750386,32268923289,1
445083409,451265049,6528025,896348458,451611434,457793074,0
5972198400,5983022500,10824100,11955220900,5983022500,5993846600,1
3301489,1223810289,1227030841,1227111778,1230332330,2450841130,0
2094984441,13860729,2081640625,2108845170,4176625066,2095501354,0
4435236,656100,3779136,5091336,8214372,4435236,1
85581001,203401,85377600,85784402,170958601,85581001,1
6367082436,6392002500,24920064,12759084936,6392002500,6416922564,1
13838400,518400,13395600,14356800,27234000,13914000,0
45968400,810000,45158400,46778400,91126800,45968400,1
13616100,21799046025,21812336100,21812662125,21825952200,43611382125,0
1398236449,4558225,1393678224,1402794674,2791914673,1398236449,1
1679616,1971216,291600,3650832,1971216,2262816,1
36313113600,36349710336,37748736,72662823936,36350862336,36387459072,0
0,7056,1764,7056,1764,8820,0
19600,722500,739600,742100,759200,1462100,0
10334755600,18696976,10316058624,10353452576,20650814224,10334755600,1
4326400,6584673316,6588893584,6588999716,6593219984,13173566900,0
61027344,26882553681,26943581025,26943581025,27004608369,53826134706,1
17633980849,17685542169,52925625,35319523018,17686906474,17738467794,0
473344,835441216,835903744,835914560,836377088,1671344960,0
2585722500,15800625,2570490000,2601523125,5156212500,2586290625,0
181387024,182142016,802816,363529040,182189840,182944832,0
7022500,4928040000,4935062500,4935062500,4942085000,9863102500,1
24242490000,11209104,24231280896,24253699104,48473770896,24242490000,1
60871204,33585693696,33646564900,33646564900,33707436104,67232258596,1
3080025,559795600,562875625,562875625,565955650,1122671225,1
3175886025,3181636836,5992704,6357522861,3181878729,3187629540,0
1299600,245862400,247118400,247162000,248418000,492980800,0
26127489600,26150770944,23970816,52278260544,26151460416,26174741760,0
26896,0,26896,26896,53792,26896,1
778912281,7338681,771895089,786250962,1550807370,779233770,0
4096,9216,6400,13312,10496,15616,0
331240000,4064256,327175744,335304256,658415744,331240000,1
32421636,10218783744,10250347536,10251205380,10282769172,20469131280,0
20426126400,20575296,20405551104,20446701696,40831677504,20426126400,1
11265699600,11278652401,12952801,22544352001,11278652401,11291605202,1
29859840000,29911702500,52925625,59771542500,29912765625,29964628125,0
219024,18766224,18974736,18985248,19193760,37740960,0
8270993025,8288099521,17106496,16559092546,8288099521,8305206017,1
12702096,13220496,518400,25922592,13220496,13738896,1
12996,3249,12996,16245,25992,16245,0
2030625,21669025,23474025,23699650,25504650,45143050,0
7118224,3761982225,3769100449,3769100449,3776218673,7531082674,1
4148648100,25351225,4124208400,4173999325,8272856500,4149559625,0
542610436,544382224,1871424,1086992660,544481860,546253648,0
26496677284,25826724,26471615401,26522504008,52968292685,26497442125,0
3418801,359595369,362864401,363014170,366283202,722459770,0
14436022500,36905625,14400000000,14472928125,28836022500,14436905625,0
797449,101022601,101787921,101820050,102585370,202810522,0
7597562896,3920400,7593728164,7601483296,15191291060,7597648564,0
1792336896,1808630784,17040384,3600967680,1809377280,1825671168,0
114616102500,51840000,114565325625,114667942500,229181428125,114617165625,0
1764,441,0,2205,1764,441,0
540225,30118144,30658369,30658369,31198594,60776513,1
78848640000,78899192100,50552100,157747832100,78899192100,78949744200,1
3027600,168792064,171819664,171819664,174847264,340611728,1
0,0,0,0,0,0,1
17640000,18352656,777924,35992656,18417924,19130580,0
50949518400,50975253729,25735329,101924772129,50975253729,51000989058,1
15913822500,37822500,15876000000,15951645000,31789822500,15913822500,1
4000000,398002500,402002500,402002500,406002500,800005000,1
14930496,7240648464,7254950976,7255578960,7269881472,14495599440,0
2310400,5211684864,5213995264,5213995264,5216305664,10425680128,1
5635805184,5646019600,10214416,11281824784,5646019600,5656234016,1
2500100001,2099601,2498000400,2502199602,4998100401,2500100001,1
2340900,1183910464,1186251364,1186251364,1188592264,2370161828,1
1334025,14235529,15421329,15569554,16755354,29656858,0
111000916224,59969536,110942286400,111060885760,221943202624,111002255936,0
11902500,3340840000,3352410000,3352742500,3364312500,6693250000,0
167702500,168220900,518400,335923400,168220900,168739300,1
9363600,9511056,147456,18874656,9511056,9658512,1
28221312064,28277112964,55800900,56498425028,28277112964,28332913864,1
8386816,92416,8294400,8479232,16681216,8386816,1
212430625,1600225,210830400,214030850,423261025,212430625,1
9492561,3604801600,3614294161,3614294161,3623786722,7219095761,1
140309427241,62173225,140247254016,140371600466,280556681257,140309427241,1
234365481,235653201,1334025,470018682,235699506,236987226,0
153363456,155500900,2137444,308864356,155500900,157638344,1
779247225,837225,778410000,780084450,1557657225,779247225,1
7322436,1989873664,1997196100,1997196100,2004518536,3987069764,1
864536409,9979281,855036081,874515690,1719572490,865015362,0
7569,0,30276,7569,37845,30276,0
16131032064,16180857616,51179716,32311889680,16182211780,16232037332,0
5345344,38416,5308416,5383760,10653760,5346832,0
53231616,1048576,52301824,54280192,105533440,53350400,0
58982400,130349881600,130407654400,130408864000,130466636800,260757536000,0
1819801,33074001,34727449,34893802,36547250,67801450,0
49112064,28263998161,28313110225,28313110225,28362222289,56577108386,1
12153960025,37454400,12116505625,12191414425,24270465650,12153960025,1
1368900,692321344,693690244,693690244,695059144,1386011588,1
29474041,58351233600,58380707641,58380707641,58410181682,116731941241,1
47238129,17510434929,17556515001,17557673058,17603753130,35066949930,0
1634423184,1498176,1632968100,1635921360,3267391284,1634466276,0
2149713225,3059001,2146654224,2152772226,4296367449,2149713225,1
20851360000,20906268100,54908100,41757628100,20906268100,20961176200,1
81479989809,49660209,81430329600,81529650018,162910319409,81479989809,1
8667136,4580582400,4589249536,4589249536,4597916672,9169831936,1
2254160484,8003241,2246380816,2262163725,4500541300,2254384057,0
6969600,3369802500,3376772100,3376772100,3383741700,6746574600,1
30658369,31203396,614656,61861765,31273025,31818052,0
