side1,side2,side3,side1+side2,side1+side3,side2+side3,validity
5712,46072,38666,51784,44378,84738,0
80320,21688,52970,102008,133290,74658,0
91626,74020,67611,165646,159237,141631,1
46787,43662,21962,90449,68749,65624,1
62445,93531,23361,155976,85806,116892,0
79070,13081,3704,92151,82774,16785,0
54727,22479,85647,77206,140374,108126,0
837,71567,42425,72404,43262,113992,0
14363,47630,21064,61993,35427,68694,0
50522,25848,51331,76370,101853,77179,1
84543,10672,20543,95215,105086,31215,0
48300,44573,7387,92873,55687,51960,1
6188,87856,14592,94044,20780,102448,0
93751,52592,99080,146343,192831,151672,1
76958,81669,66584,158627,143542,148253,1
9802,6329,69997,16131,79799,76326,0
73570,32574,94969,106144,168539,127543,1
76603,86920,38853,163523,115456,125773,1
17734,96241,86576,113975,104310,182817,1
49601,33456,65696,83057,115297,99152,1
29802,26230,90500,56032,120302,116730,0
13745,66550,24340,80295,38085,90890,0
42082,86353,12805,128435,54887,99158,0
47625,56363,20914,103988,68539,77277,1
16972,53884,71748,70856,88720,125632,0
90469,10103,76265,100572,166734,86368,0
84632,35406,3657,120038,88289,39063,0
44648,61287,96354,105935,141002,157641,1
3572,81466,64192,85038,67764,145658,0
65788,74157,92343,139945,158131,166500,1
94854,76052,91635,170906,186489,167687,1
20116,31296,38932,51412,59048,70228,1
8147,90905,55626,99052,63773,146531,0
54114,29795,78554,83909,132668,108349,1
69359,8037,17476,77396,86835,25513,0
50590,48057,87642,98647,138232,135699,1
87520,88787,80481,176307,168001,169268,1
92692,55059,83248,147751,175940,138307,1
42929,69958,1825,112887,44754,71783,0
1060,54808,85595,55868,86655,140403,0
77870,46456,71990,124326,149860,118446,1
4460,28369,81101,32829,85561,109470,0
68062,64724,51619,132786,119681,116343,1
2187,15201,46876,17388,49063,62077,0
87769,70687,62291,158456,150060,132978,1
35179,90562,38515,125741,73694,129077,0
97370,67328,67915,164698,165285,135243,1
10979,87363,31891,98342,42870,119254,0
11886,28661,37883,40547,49769,66544,1
10023,65011,46036,75034,56059,111047,0
87549,60846,15054,148395,102603,75900,0
42728,54015,17861,96743,60589,71876,1
70673,90742,21908,161415,92581,112650,1
34891,10411,91323,45302,126214,101734,0
70297,49911,92979,120208,163276,142890,1
52418,15520,64636,67938,117054,80156,1
43632,572,42908,44204,86540,43480,0
55500,72005,49225,127505,104725,121230,1
44313,34823,18626,79136,62939,53449,1
44164,44421,29051,88585,73215,73472,1
81338,37855,12494,119193,93832,50349,0
25767,11910,71586,37677,97353,83496,0
87073,36429,74575,123502,161648,111004,1
2910,74261,81450,77171,84360,155711,0
75371,89727,99463,165098,174834,189190,1
24623,30491,2631,55114,27254,33122,0
17781,58709,49162,76490,66943,107871,1
41716,55331,81466,97047,123182,136797,1
6276,10614,29323,16890,35599,39937,0
92447,45140,65680,137587,158127,110820,1
62808,57886,66873,120694,129681,124759,1
70971,71759,41730,142730,112701,113489,1
67334,58366,80585,125700,147919,138951,1
91531,69600,65946,161131,157477,135546,1
84250,63413,64592,147663,148842,128005,1
29104,66006,36061,95110,65165,102067,0
6610,9196,16968,15806,23578,26164,0
27149,30183,15984,57332,43133,46167,1
43231,650,45649,43881,88880,46299,0
71519,5654,84822,77173,156341,90476,0
24148,76211,39910,100359,64058,116121,0
34645,36191,96466,70836,131111,132657,0
96618,51116,57127,147734,153745,108243,1
1713,95076,88288,96789,90001,183364,0
29377,32065,7739,61442,37116,39804,1
14603,2798,50298,17401,64901,53096,0
16912,33979,26237,50891,43149,60216,1
83701,70773,85846,154474,169547,156619,1
21893,21417,13773,43310,35666,35190,1
15518,9883,22355,25401,37873,32238,1
46300,97631,56475,143931,102775,154106,1
30570,36989,34011,67559,64581,71000,1
71696,88453,43145,160149,114841,131598,1
84594,52439,79950,137033,164544,132389,1
52252,236,20278,52488,72530,20514,0
72719,29371,56366,102090,129085,85737,1
86222,46913,66863,133135,153085,113776,1
959,77261,51902,78220,52861,129163,0
84629,61724,90879,146353,175508,152603,1
8355,13533,17765,21888,26120,31298,1
16366,41171,8332,57537,24698,49503,0
27698,35908,67496,63606,95194,103404,0
35270,2822,79209,38092,114479,82031,0
86904,75030,19878,161934,106782,94908,1
4584,81783,86446,86367,91030,168229,0
10030,18151,85154,28181,95184,103305,0
43869,19177,73622,63046,117491,92799,0
92872,39413,26475,132285,119347,65888,0
30013,49490,89260,79503,119273,138750,0
90153,97411,93473,187564,183626,190884,1
59918,68886,55261,128804,115179,124147,1
76711,84795,68810,161506,145521,153605,1
78458,98159,79250,176617,157708,177409,1
96004,9374,68756,105378,164760,78130,0
21102,82686,20647,103788,41749,103333,0
31034,47024,35681,78058,66715,82705,1
7980,79954,61820,87934,69800,141774,0
37489,72941,98497,110430,135986,171438,1
21190,94350,29073,115540,50263,123423,0
99461,57547,3232,157008,102693,60779,0
53848,30523,40109,84371,93957,70632,1
29176,5125,70461,34301,99637,75586,0
64477,57134,3679,121611,68156,60813,0
32009,53056,84203,85065,116212,137259,1
10906,28210,82591,39116,93497,110801,0
42612,59727,29460,102339,72072,89187,1
61714,17427,32724,79141,94438,50151,0
26558,40139,31638,66697,58196,71777,1
25572,90280,32011,115852,57583,122291,0
55385,85591,98993,140976,154378,184584,1
84349,39477,33762,123826,118111,73239,0
41818,9026,29762,50844,71580,38788,0
92121,77492,60923,169613,153044,138415,1
9859,54779,96422,64638,106281,151201,0
9307,28141,10689,37448,19996,38830,0
61770,12902,61917,74672,123687,74819,1
21725,55630,66474,77355,88199,122104,1
18345,73294,79084,91639,97429,152378,1
62545,51585,1342,114130,63887,52927,0
37849,39894,45481,77743,83330,85375,1
78997,47173,41456,126170,120453,88629,1
8669,79642,1513,88311,10182,81155,0
31625,81999,78222,113624,109847,160221,1
81818,43158,73862,124976,155680,117020,1
83602,75075,34783,158677,118385,109858,1
977,27899,36739,28876,37716,64638,0
9813,775,45953,10588,55766,46728,0
47594,61021,90636,108615,138230,151657,1
58594,33635,46198,92229,104792,79833,1
68214,75516,86274,143730,154488,161790,1
38282,29004,17491,67286,55773,46495,1
61127,15587,55066,76714,116193,70653,1
58166,44085,5520,102251,63686,49605,0
77369,20128,19729,97497,97098,39857,0
45836,48827,46706,94663,92542,95533,1
11707,11965,47974,23672,59681,59939,0
62300,42615,85285,104915,147585,127900,1
83185,11246,9387,94431,92572,20633,0
92968,8241,54474,101209,147442,62715,0
58171,95149,67685,153320,125856,162834,1
25814,25297,23022,51111,48836,48319,1
73780,52874,16828,126654,90608,69702,0
75528,20936,24421,96464,99949,45357,0
75162,80933,17561,156095,92723,98494,1
36590,81903,62687,118493,99277,144590,1
85324,96815,41553,182139,126877,138368,1
1017,54399,99029,55416,100046,153428,0
59041,22269,96706,81310,155747,118975,0
24941,35033,54375,59974,79316,89408,1
66549,45444,4238,111993,70787,49682,0
21441,1505,35708,22946,57149,37213,0
72138,93903,95176,166041,167314,189079,1
60302,23086,81910,83388,142212,104996,1
65,43947,16347,44012,16412,60294,0
41892,28154,11301,70046,53193,39455,0
32898,63330,82961,96228,115859,146291,1
27855,69266,36120,97121,63975,105386,0
85063,23766,58233,108829,143296,81999,0
19759,55236,1448,74995,21207,56684,0
84116,54498,92414,138614,176530,146912,1
18517,74721,12392,93238,30909,87113,0
35606,31130,9189,66736,44795,40319,1
35891,61575,65114,97466,101005,126689,1
83286,5171,73928,88457,157214,79099,0
86672,57822,400,144494,87072,58222,0
32257,67362,10738,99619,42995,78100,0
32176,25879,62513,58055,94689,88392,0
10125,53689,14355,63814,24480,68044,0
86256,69503,83717,155759,169973,153220,1
7861,16399,40626,24260,48487,57025,0
97496,32231,71588,129727,169084,103819,1
51497,94104,88084,145601,139581,182188,1
25310,60273,62530,85583,87840,122803,1
23999,75282,10864,99281,34863,86146,0
54760,57398,24426,112158,79186,81824,1
99683,71142,67937,170825,167620,139079,1
30473,18332,98218,48805,128691,116550,0
69647,48394,54449,118041,124096,102843,1
93776,5443,14783,99219,108559,20226,0
38663,10648,35311,49311,73974,45959,1
48592,14327,59437,62919,108029,73764,1
93373,54068,63800,147441,157173,117868,1
97501,58287,5137,155788,102638,63424,0
49323,81629,15009,130952,64332,96638,0
86414,78280,29015,164694,115429,107295,1
41142,42021,86620,83163,127762,128641,0
55570,42909,74821,98479,130391,117730,1
34659,3385,14212,38044,48871,17597,0
10051,11092,90331,21143,100382,101423,0
97725,39544,83523,137269,181248,123067,1
63302,46879,21905,110181,85207,68784,1
89531,55379,1199,144910,90730,56578,0
14138,36519,56010,50657,70148,92529,0
99179,25308,25181,124487,124360,50489,0
12628,6126,65207,18754,77835,71333,0
6399,38536,43742,44935,50141,82278,1
50698,46784,73523,97482,124221,120307,1
35248,16099,913,51347,36161,17012,0
47367,99428,99499,146795,146866,198927,1
3363,46651,83616,50014,86979,130267,0
29219,17535,88710,46754,117929,106245,0
68402,89559,47389,157961,115791,136948,1
12947,31369,63492,44316,76439,94861,0
70278,31059,71623,101337,141901,102682,1
66653,51540,41663,118193,108316,93203,1
19786,42407,97896,62193,117682,140303,0
56853,85951,16665,142804,73518,102616,0
62479,91679,46201,154158,108680,137880,1
55508,65222,88348,120730,143856,153570,1
53373,36199,3621,89572,56994,39820,0
11042,70094,99027,81136,110069,169121,0
45213,50989,19624,96202,64837,70613,1
48092,80297,7590,128389,55682,87887,0
70879,208,42953,71087,113832,43161,0
54652,57060,14348,111712,69000,71408,1
48979,91272,2930,140251,51909,94202,0
92910,73656,61865,166566,154775,135521,1
15577,34796,19701,50373,35278,54497,1
46270,1318,4507,47588,50777,5825,0
32453,37311,60052,69764,92505,97363,1
51579,98248,26731,149827,78310,124979,0
47325,53593,63749,100918,111074,117342,1
67711,59905,65172,127616,132883,125077,1
18025,34789,58096,52814,76121,92885,0
55748,62912,45657,118660,101405,108569,1
54530,36773,70949,91303,125479,107722,1
83524,80554,93064,164078,176588,173618,1
96319,82901,79842,179220,176161,162743,1
42312,53338,58668,95650,100980,112006,1
23829,55783,15596,79612,39425,71379,0
55702,35289,99993,90991,155695,135282,0
36745,16034,96043,52779,132788,112077,0
91897,69526,48846,161423,140743,118372,1
38187,40849,73627,79036,111814,114476,1
85258,78387,40237,163645,125495,118624,1
86437,27369,86666,113806,173103,114035,1
76277,383,74058,76660,150335,74441,0
34674,44617,60736,79291,95410,105353,1
49198,53889,47650,103087,96848,101539,1
33498,62595,68344,96093,101842,130939,1
75743,50787,85896,126530,161639,136683,1
33895,78305,69392,112200,103287,147697,1
51662,4813,28322,56475,79984,33135,0
94449,81881,13121,176330,107570,95002,1
93513,81175,20027,174688,113540,101202,1
36181,89104,50156,125285,86337,139260,0
99738,81955,85900,181693,185638,167855,1
76311,14601,84515,90912,160826,99116,1
63432,11127,71396,74559,134828,82523,1
68655,58696,17271,127351,85926,75967,1
1327,15074,16968,16401,18295,32042,0
20242,47231,14460,67473,34702,61691,0
80474,83190,55918,163664,136392,139108,1
72273,85587,87978,157860,160251,173565,1
39427,31482,26465,70909,65892,57947,1
71887,97888,43900,169775,115787,141788,1
58229,22875,23269,81104,81498,46144,0
60503,41779,16504,102282,77007,58283,0
6787,37807,48262,44594,55049,86069,0
49929,55356,109,105285,50038,55465,0
40397,57707,24877,98104,65274,82584,1
17704,91104,8073,108808,25777,99177,0
74041,57107,84677,131148,158718,141784,1
57311,34139,87598,91450,144909,121737,1
33605,92134,2497,125739,36102,94631,0
77509,96400,43899,173909,121408,140299,1
89826,55456,28773,145282,118599,84229,0
96431,49287,28229,145718,124660,77516,0
1131,70118,88677,71249,89808,158795,0
60937,19162,39036,80099,99973,58198,0
26626,52496,36189,79122,62815,88685,1
78675,66830,59503,145505,138178,126333,1
90523,96136,32149,186659,122672,128285,1
6229,27613,83816,33842,90045,111429,0
4129,53411,91826,57540,95955,145237,0
99295,42433,29427,141728,128722,71860,0
64342,14875,75748,79217,140090,90623,1
32826,73612,57074,106438,89900,130686,1
2183,54582,11942,56765,14125,66524,0
85136,72918,37786,158054,122922,110704,1
65049,59814,8690,124863,73739,68504,1
19861,98083,39325,117944,59186,137408,0
11772,98547,4785,110319,16557,103332,0
73854,90392,72238,164246,146092,162630,1
41558,23544,49113,65102,90671,72657,1
4250,94883,30550,99133,34800,125433,0
45497,4320,10262,49817,55759,14582,0
34823,3522,10774,38345,45597,14296,0
8337,81663,51379,90000,59716,133042,0
13627,31682,44062,45309,57689,75744,1
72347,52302,56563,124649,128910,108865,1
14101,41987,58563,56088,72664,100550,0
20805,55259,57391,76064,78196,112650,1
98852,9830,24885,108682,123737,34715,0
4459,47470,99020,51929,103479,146490,0
86802,85061,21204,171863,108006,106265,1
19347,49352,94128,68699,113475,143480,0
32204,42017,57296,74221,89500,99313,1
86206,56601,98850,142807,185056,155451,1
13060,74107,71503,87167,84563,145610,1
48635,97319,77269,145954,125904,174588,1
45768,64806,49167,110574,94935,113973,1
85438,69711,46019,155149,131457,115730,1
66938,10752,57802,77690,124740,68554,1
88591,49299,63009,137890,151600,112308,1
61650,60875,17876,122525,79526,78751,1
10089,37696,87219,47785,97308,124915,0
37614,77089,50894,114703,88508,127983,1
68,37494,54817,37562,54885,92311,0
44805,39326,2956,84131,47761,42282,0
20926,29561,67844,50487,88770,97405,0
35831,29837,54923,65668,90754,84760,1
9345,21236,19077,30581,28422,40313,1
86408,87567,63477,173975,149885,151044,1
1599,16161,20005,17760,21604,36166,0
12857,56142,91547,68999,104404,147689,0
86956,47945,87432,134901,174388,135377,1
47466,27479,15725,74945,63191,43204,0
1242,535,29881,1777,31123,30416,0
21216,21375,36155,42591,57371,57530,1
61610,83781,77557,145391,139167,161338,1
65784,15133,95554,80917,161338,110687,0
77538,44664,53293,122202,130831,97957,1
7896,1726,5750,9622,13646,7476,0
30800,2513,42053,33313,72853,44566,0
52065,3850,66603,55915,118668,70453,0
55465,23045,55807,78510,111272,78852,1
76936,56114,42346,133050,119282,98460,1
34690,8104,23979,42794,58669,32083,0
39349,57485,84291,96834,123640,141776,1
19417,12682,1835,32099,21252,14517,0
17468,94890,52715,112358,70183,147605,0
44338,49330,38107,93668,82445,87437,1
57485,53400,9323,110885,66808,62723,1
51300,45406,8390,96706,59690,53796,1
59138,50310,77525,109448,136663,127835,1
28244,45166,99459,73410,127703,144625,0
10666,71285,83146,81951,93812,154431,0
798,15564,48957,16362,49755,64521,0
43657,7504,92980,51161,136637,100484,0
10033,74086,23852,84119,33885,97938,0
41949,78060,61544,120009,103493,139604,1
60739,49608,39487,110347,100226,89095,1
75243,44803,90714,120046,165957,135517,1
19396,58133,51451,77529,70847,109584,1
13824,41731,74792,55555,88616,116523,0
57709,67560,33495,125269,91204,101055,1
32028,77160,25764,109188,57792,102924,0
95886,22287,74154,118173,170040,96441,1
70684,10008,7472,80692,78156,17480,0
83611,95397,22342,179008,105953,117739,1
96135,72368,84393,168503,180528,156761,1
55767,94450,62507,150217,118274,156957,1
23287,72944,35352,96231,58639,108296,0
83268,31974,21846,115242,105114,53820,0
68808,86066,75772,154874,144580,161838,1
69854,50324,88055,120178,157909,138379,1
7541,77075,44169,84616,51710,121244,0
65138,87454,99348,152592,164486,186802,1
10487,57609,43359,68096,53846,100968,0
9038,89976,41280,99014,50318,131256,0
85356,47577,79420,132933,164776,126997,1
64525,41991,51940,106516,116465,93931,1
78389,28199,64623,106588,143012,92822,1
4713,82788,88112,87501,92825,170900,0
49133,31635,51550,80768,100683,83185,1
83432,21668,23348,105100,106780,45016,0
19827,94278,60384,114105,80211,154662,0
22424,58622,88223,81046,110647,146845,0
79920,77618,56391,157538,136311,134009,1
36232,56262,94519,92494,130751,150781,0
27953,36164,91222,64117,119175,127386,0
87169,93773,83861,180942,171030,177634,1
53450,45566,38935,99016,92385,84501,1
3102,66918,56369,70020,59471,123287,0
79749,25845,25370,105594,105119,51215,0
59569,84946,38059,144515,97628,123005,1
47549,8568,1719,56117,49268,10287,0
40471,71250,90896,111721,131367,162146,1
13578,84418,43164,97996,56742,127582,0
47560,96835,48342,144395,95902,145177,0
86706,5887,65068,92593,151774,70955,0
55597,33676,76337,89273,131934,110013,1
74854,35469,23531,110323,98385,59000,0
2132,90692,1375,92824,3507,92067,0
22602,11189,91593,33791,114195,102782,0
73624,35377,2929,109001,76553,38306,0
69013,51437,80905,120450,149918,132342,1
77312,15633,29451,92945,106763,45084,0
65606,60031,38909,125637,104515,98940,1
20513,163,98764,20676,119277,98927,0
56801,57817,82322,114618,139123,140139,1
9954,65409,34032,75363,43986,99441,0
93081,10036,67730,103117,160811,77766,0
36927,24190,27006,61117,63933,51196,1
57176,18959,8243,76135,65419,27202,0
68442,43501,17068,111943,85510,60569,0
26690,46934,59135,73624,85825,106069,1
32371,28771,47999,61142,80370,76770,1
43987,4448,51648,48435,95635,56096,0
53053,83184,31397,136237,84450,114581,1
70680,27477,26916,98157,97596,54393,0
67764,37263,24980,105027,92744,62243,0
59905,56033,48001,115938,107906,104034,1
53685,34632,4414,88317,58099,39046,0
56769,78724,28524,135493,85293,107248,1
30017,82638,90237,112655,120254,172875,1
64455,63647,41205,128102,105660,104852,1
22006,34005,31430,56011,53436,65435,1
47620,49107,1006,96727,48626,50113,0
90101,61668,33980,151769,124081,95648,1
1982,27247,88777,29229,90759,116024,0
57895,58504,31790,116399,89685,90294,1
17294,66310,66795,83604,84089,133105,1
49564,21114,70131,70678,119695,91245,1
9286,73052,88307,82338,97593,161359,0
71666,81007,66513,152673,138179,147520,1
3832,99107,34152,102939,37984,133259,0
81484,92430,18702,173914,100186,111132,1
23188,34245,8240,57433,31428,42485,0
16596,42108,19543,58704,36139,61651,0
33703,27170,42551,60873,76254,69721,1
34948,83024,92266,117972,127214,175290,1
18872,79538,43007,98410,61879,122545,0
72933,79849,27029,152782,99962,106878,1
18644,30346,19835,48990,38479,50181,1
50160,32463,90972,82623,141132,123435,0
60711,36319,40212,97030,100923,76531,1
88774,23481,23162,112255,111936,46643,0
83846,86115,58224,169961,142070,144339,1
58690,69972,12097,128662,70787,82069,1
32112,54431,99959,86543,132071,154390,0
70901,7019,18211,77920,89112,25230,0
97896,73495,76330,171391,174226,149825,1
54719,46232,67745,100951,122464,113977,1
24046,85732,89613,109778,113659,175345,1
46133,17371,67335,63504,113468,84706,0
6632,22886,69084,29518,75716,91970,0
86479,57203,53164,143682,139643,110367,1
14051,68597,8748,82648,22799,77345,0
61630,12454,6683,74084,68313,19137,0
78581,63818,58849,142399,137430,122667,1
84794,30198,39463,114992,124257,69661,0
40902,93323,99565,134225,140467,192888,1
58982,57878,41742,116860,100724,99620,1
60455,55409,27688,115864,88143,83097,1
32234,79963,44434,112197,76668,124397,0
85435,75017,5048,160452,90483,80065,0
56800,69735,81469,126535,138269,151204,1
39813,94970,90588,134783,130401,185558,1
89739,73763,59915,163502,149654,133678,1
81079,57679,26368,138758,107447,84047,1
60695,66462,79351,127157,140046,145813,1
35381,81050,22898,116431,58279,103948,0
16076,73497,74821,89573,90897,148318,1
43924,94126,58764,138050,102688,152890,1
10325,36611,87506,46936,97831,124117,0
85536,23670,6415,109206,91951,30085,0
67919,61951,83020,129870,150939,144971,1
37558,46873,1989,84431,39547,48862,0
12310,97781,74484,110091,86794,172265,0
49124,36271,23797,85395,72921,60068,1
27506,83590,46098,111096,73604,129688,0
72339,79767,30752,152106,103091,110519,1
69868,58455,74102,128323,143970,132557,1
12500,84358,96668,96858,109168,181026,1
25385,57336,61471,82721,86856,118807,1
85712,39345,33093,125057,118805,72438,0
42787,49366,30559,92153,73346,79925,1
66578,81921,62863,148499,129441,144784,1
472,76701,78221,77173,78693,154922,0
13060,64425,11181,77485,24241,75606,0
4852,94490,85825,99342,90677,180315,0
414,83739,57181,84153,57595,140920,0
79908,46130,7143,126038,87051,53273,0
55890,70054,81178,125944,137068,151232,1
29710,21042,50867,50752,80577,71909,0
30823,28491,51914,59314,82737,80405,1
954,38664,52011,39618,52965,90675,0
3438,8522,74962,11960,78400,83484,0
12073,73758,48788,85831,60861,122546,0
72825,34830,80331,107655,153156,115161,1
16010,67823,19656,83833,35666,87479,0
25855,70267,98318,96122,124173,168585,0
23201,89839,91934,113040,115135,181773,1
50984,42769,41670,93753,92654,84439,1
89662,72353,86290,162015,175952,158643,1
72749,53399,73693,126148,146442,127092,1
60711,11948,20859,72659,81570,32807,0
72979,42601,77083,115580,150062,119684,1
3718,10314,72614,14032,76332,82928,0
14255,30517,7625,44772,21880,38142,0
69825,38160,17477,107985,87302,55637,0
88655,30229,74148,118884,162803,104377,1
98989,1733,67955,100722,166944,69688,0
11868,17387,21739,29255,33607,39126,1
9523,52,97872,9575,107395,97924,0
8449,4952,96491,13401,104940,101443,0
59690,4156,99900,63846,159590,104056,0
94114,44010,13332,138124,107446,57342,0
8835,56726,95344,65561,104179,152070,0
86490,40620,66665,127110,153155,107285,1
26066,29952,49786,56018,75852,79738,1
8856,33266,10637,42122,19493,43903,0
87083,13536,20871,100619,107954,34407,0
92047,79425,34829,171472,126876,114254,1
35526,12809,75765,48335,111291,88574,0
19460,66707,40031,86167,59491,106738,0
94816,30493,41371,125309,136187,71864,0
28821,67226,79807,96047,108628,147033,1
94299,65690,38999,159989,133298,104689,1
86856,888,21037,87744,107893,21925,0
56448,25667,13975,82115,70423,39642,0
94595,76621,11499,171216,106094,88120,0
32501,69221,70199,101722,102700,139420,1
17751,99642,33484,117393,51235,133126,0
43001,87119,87699,130120,130700,174818,1
97258,45833,40607,143091,137865,86440,0
78767,76919,39434,155686,118201,116353,1
60658,53980,35335,114638,95993,89315,1
94928,4291,88314,99219,183242,92605,0
32864,82382,37675,115246,70539,120057,0
29582,47301,9734,76883,39316,57035,0
34136,22316,41141,56452,75277,63457,1
75820,70121,69449,145941,145269,139570,1
27846,16687,86396,44533,114242,103083,0
58933,46585,76705,105518,135638,123290,1
17328,66851,76057,84179,93385,142908,1
23061,7502,15374,30563,38435,22876,0
53628,1449,9381,55077,63009,10830,0
61492,86067,82663,147559,144155,168730,1
38737,84361,60629,123098,99366,144990,1
85002,46866,35410,131868,120412,82276,0
51800,53755,89463,105555,141263,143218,1
44115,46180,26025,90295,70140,72205,1
83617,95632,14526,179249,98143,110158,1
22749,87688,11143,110437,33892,98831,0
20031,23851,8126,43882,28157,31977,1
30040,51932,73515,81972,103555,125447,1
35165,5804,35197,40969,70362,41001,1
84960,1156,6848,86116,91808,8004,0
30468,33744,47633,64212,78101,81377,1
41480,97220,81501,138700,122981,178721,1
26949,62840,65035,89789,91984,127875,1
26682,40994,64256,67676,90938,105250,1
64918,14926,17557,79844,82475,32483,0
53937,31251,34552,85188,88489,65803,1
64612,29646,71620,94258,136232,101266,1
81648,38477,33127,120125,114775,71604,0
26354,28001,86543,54355,112897,114544,0
48968,47321,96235,96289,145203,143556,1
39901,44281,12046,84182,51947,56327,1
54266,8705,70302,62971,124568,79007,0
63838,8858,42829,72696,106667,51687,0
84583,11608,60923,96191,145506,72531,0
83551,80130,37344,163681,120895,117474,1
87689,32964,17138,120653,104827,50102,0
74674,85017,44371,159691,119045,129388,1
10609,86596,77173,97205,87782,163769,1
36161,19621,49941,55782,86102,69562,1
16459,37532,17346,53991,33805,54878,0
36577,94007,19236,130584,55813,113243,0
65756,99093,43801,164849,109557,142894,1
41797,4517,6911,46314,48708,11428,0
50199,67903,77168,118102,127367,145071,1
31013,14997,64256,46010,95269,79253,0
85674,91200,62015,176874,147689,153215,1
71214,784,24382,71998,95596,25166,0
83349,71182,92034,154531,175383,163216,1
80103,16805,37512,96908,117615,54317,0
68636,54319,51129,122955,119765,105448,1
11241,78787,28461,90028,39702,107248,0
21255,78685,91000,99940,112255,169685,1
29873,32606,77408,62479,107281,110014,0
28867,14542,24042,43409,52909,38584,1
55140,30540,13176,85680,68316,43716,0
88705,80587,85678,169292,174383,166265,1
17979,66112,54065,84091,72044,120177,1
59417,46298,88579,105715,147996,134877,1
97853,14097,89700,111950,187553,103797,1
68980,68751,93072,137731,162052,161823,1
92923,20011,32849,112934,125772,52860,0
1685,42254,99151,43939,100836,141405,0
6852,24200,77526,31052,84378,101726,0
32904,58120,82334,91024,115238,140454,1
96538,11992,83024,108530,179562,95016,0
65430,74126,716,139556,66146,74842,0
77345,10134,13024,87479,90369,23158,0
47776,94788,8308,142564,56084,103096,0
13492,10269,40131,23761,53623,50400,0
94077,86442,58735,180519,152812,145177,1
90443,80109,44193,170552,134636,124302,1
28035,79360,67664,107395,95699,147024,1
59410,68111,70734,127521,130144,138845,1
53434,19533,1206,72967,54640,20739,0
52608,98528,9318,151136,61926,107846,0
49361,84830,11919,134191,61280,96749,0
40769,75728,59121,116497,99890,134849,1
46178,4526,86654,50704,132832,91180,0
30123,1774,29591,31897,59714,31365,1
11849,96431,54047,108280,65896,150478,0
4352,38539,16863,42891,21215,55402,0
29519,13382,90569,42901,120088,103951,0
91492,824,77044,92316,168536,77868,0
71102,53262,44744,124364,115846,98006,1
50905,76638,5617,127543,56522,82255,0
1,26499,74388,26500,74389,100887,0
71573,20784,41651,92357,113224,62435,0
73772,64683,19852,138455,93624,84535,1
77675,79669,83039,157344,160714,162708,1
28313,46621,64826,74934,93139,111447,1
63239,38102,74747,101341,137986,112849,1
63358,97669,6106,161027,69464,103775,0
2442,81181,8115,83623,10557,89296,0
55685,40946,22217,96631,77902,63163,1
95081,87076,34606,182157,129687,121682,1
48653,70393,28071,119046,76724,98464,1
12550,51378,7069,63928,19619,58447,0
3646,81031,41626,84677,45272,122657,0
78636,16012,63871,94648,142507,79883,1
74399,32881,53885,107280,128284,86766,1
66618,37760,70246,104378,136864,108006,1
64905,32387,27980,97292,92885,60367,0
41081,78277,44033,119358,85114,122310,1
84791,79648,65573,164439,150364,145221,1
67600,20926,74875,88526,142475,95801,1
12514,38800,77740,51314,90254,116540,0
34388,90082,63360,124470,97748,153442,1
9265,81726,48877,90991,58142,130603,0
10393,7317,95791,17710,106184,103108,0
71702,7117,41408,78819,113110,48525,0
67407,29484,42013,96891,109420,71497,1
40477,4747,96358,45224,136835,101105,0
76088,5987,27335,82075,103423,33322,0
53446,84809,77803,138255,131249,162612,1
35395,8033,1498,43428,36893,9531,0
94411,35717,58847,130128,153258,94564,1
28890,79303,15134,108193,44024,94437,0
58012,31389,44440,89401,102452,75829,1
63026,13004,68965,76030,131991,81969,1
21143,36445,50670,57588,71813,87115,1
9944,75328,85253,85272,95197,160581,1
94386,53946,17194,148332,111580,71140,0
44944,4917,43009,49861,87953,47926,1
24472,59492,18089,83964,42561,77581,0
55135,79060,28620,134195,83755,107680,1
39920,22726,59670,62646,99590,82396,1
91957,88053,58277,180010,150234,146330,1
87260,36288,83918,123548,171178,120206,1
94269,48209,58838,142478,153107,107047,1
66056,32573,59732,98629,125788,92305,1
59170,12124,27191,71294,86361,39315,0
32666,79630,39896,112296,72562,119526,0
98050,68894,46856,166944,144906,115750,1
11881,61952,10638,73833,22519,72590,0
28086,63346,39149,91432,67235,102495,1
67310,32976,41122,100286,108432,74098,1
57136,35140,1305,92276,58441,36445,0
75615,78712,26370,154327,101985,105082,1
54526,23508,25641,78034,80167,49149,0
92319,10308,63597,102627,155916,73905,0
16983,47635,82440,64618,99423,130075,0
50100,1584,92858,51684,142958,94442,0
29915,1671,72105,31586,102020,73776,0
5195,34383,8998,39578,14193,43381,0
59043,75147,17086,134190,76129,92233,1
19724,34518,67425,54242,87149,101943,0
44817,21728,76953,66545,121770,98681,0
3109,18592,99667,21701,102776,118259,0
33581,75103,78908,108684,112489,154011,1
75560,46768,10817,122328,86377,57585,0
93761,24115,24756,117876,118517,48871,0
33474,86484,69587,119958,103061,156071,1
27097,68324,11418,95421,38515,79742,0
95815,2585,12257,98400,108072,14842,0
1618,5381,41325,6999,42943,46706,0
78135,83977,49559,162112,127694,133536,1
39086,74154,60353,113240,99439,134507,1
60262,66850,37948,127112,98210,104798,1
4871,41913,56509,46784,61380,98422,0
35967,41499,16128,77466,52095,57627,1
72971,54608,32113,127579,105084,86721,1
9456,18746,58903,28202,68359,77649,0
61586,42178,46368,103764,107954,88546,1
56573,25046,59292,81619,115865,84338,1
63481,68289,2241,131770,65722,70530,0
68427,37550,2648,105977,71075,40198,0
70886,91351,80519,162237,151405,171870,1
11379,25050,51277,36429,62656,76327,0
85217,17964,98945,103181,184162,116909,1
52541,62666,54722,115207,107263,117388,1
95657,94796,38750,190453,134407,133546,1
98948,37453,33958,136401,132906,71411,0
50576,38965,11605,89541,62181,50570,0
94409,67054,39518,161463,133927,106572,1
61791,59422,51756,121213,113547,111178,1
77291,43073,57008,120364,134299,100081,1
32171,35348,29446,67519,61617,64794,1
59961,1294,68995,61255,128956,70289,0
74450,51599,91672,126049,166122,143271,1
12754,27372,99823,40126,112577,127195,0
25106,92524,52479,117630,77585,145003,0
52229,3724,18459,55953,70688,22183,0
62215,39665,85319,101880,147534,124984,1
95679,77273,86278,172952,181957,163551,1
39211,41256,5974,80467,45185,47230,1
33841,43499,94969,77340,128810,138468,0
23040,72922,29845,95962,52885,102767,0
74092,15300,18954,89392,93046,34254,0
34285,99835,75227,134120,109512,175062,1
31649,63113,59338,94762,90987,122451,1
65666,66756,69190,132422,134856,135946,1
86649,61631,52190,148280,138839,113821,1
88275,87884,17610,176159,105885,105494,1
9127,49374,30273,58501,39400,79647,0
29909,91612,4406,121521,34315,96018,0
79460,79604,37528,159064,116988,117132,1
15101,32549,36610,47650,51711,69159,1
14425,57495,56379,71920,70804,113874,1
28803,87025,24872,115828,53675,111897,0
81473,81011,56386,162484,137859,137397,1
95695,19945,80258,115640,175953,100203,1
24775,87469,69246,112244,94021,156715,1
29982,42774,33399,72756,63381,76173,1
85332,48472,15044,133804,100376,63516,0
15980,85690,67683,101670,83663,153373,0
32803,46578,15843,79381,48646,62421,1
84347,59433,45903,143780,130250,105336,1
2391,24834,53410,27225,55801,78244,0
60243,70317,31495,130560,91738,101812,1
3356,3782,91126,7138,94482,94908,0
44555,73005,58878,117560,103433,131883,1
39951,78625,32997,118576,72948,111622,0
60621,96137,49560,156758,110181,145697,1
7106,89023,65359,96129,72465,154382,0
16431,28597,60470,45028,76901,89067,0
67472,22377,41366,89849,108838,63743,0
6183,95446,73777,101629,79960,169223,0
15380,21717,72792,37097,88172,94509,0
57176,70733,40854,127909,98030,111587,1
31155,81579,10769,112734,41924,92348,0
81421,62366,59147,143787,140568,121513,1
68041,28458,25858,96499,93899,54316,0
85004,55751,20668,140755,105672,76419,0
56809,25815,969,82624,57778,26784,0
65927,59122,11719,125049,77646,70841,1
7766,35914,10211,43680,17977,46125,0
57810,45258,90224,103068,148034,135482,1
79227,85767,81402,164994,160629,167169,1
1575,72020,81423,73595,82998,153443,0
42011,9286,98168,51297,140179,107454,0
27645,48622,94350,76267,121995,142972,0
82940,57431,79099,140371,162039,136530,1
41493,60749,72237,102242,113730,132986,1
95861,44355,63867,140216,159728,108222,1
1902,19939,90791,21841,92693,110730,0
73320,18892,92222,92212,165542,111114,0
85518,63632,64535,149150,150053,128167,1
77797,72261,13266,150058,91063,85527,1
85388,45869,19379,131257,104767,65248,0
62509,47762,78146,110271,140655,125908,1
65144,85602,32943,150746,98087,118545,1
38260,47558,66417,85818,104677,113975,1
37333,93016,44112,130349,81445,137128,0
8256,7692,34833,15948,43089,42525,0
93380,10286,69871,103666,163251,80157,0
33837,29994,76603,63831,110440,106597,0
80331,68993,21936,149324,102267,90929,1
33078,89194,36618,122272,69696,125812,0
37231,12153,26688,49384,63919,38841,1
95886,89102,50665,184988,146551,139767,1
26867,8598,89857,35465,116724,98455,0
80218,52480,86677,132698,166895,139157,1
58929,58198,65076,117127,124005,123274,1
41955,28273,28549,70228,70504,56822,1
58003,9048,95618,67051,153621,104666,0
45153,35712,10070,80865,55223,45782,1
4086,35725,81297,39811,85383,117022,0
78274,1755,25626,80029,103900,27381,0
66436,15172,10284,81608,76720,25456,0
37137,6325,4492,43462,41629,10817,0
99273,97024,30363,196297,129636,127387,1
33072,78549,73277,111621,106349,151826,1
29575,62157,81199,91732,110774,143356,1
94007,7117,39052,101124,133059,46169,0
97076,58533,89423,155609,186499,147956,1
43378,29564,93454,72942,136832,123018,0
52899,50346,71,103245,52970,50417,0
3879,63619,56870,67498,60749,120489,0
45224,51590,27957,96814,73181,79547,1
68647,68641,19145,137288,87792,87786,1
31409,97426,25809,128835,57218,123235,0
4700,47778,61836,52478,66536,109614,0
24687,57385,81938,82072,106625,139323,1
71330,91765,25222,163095,96552,116987,1
74659,53700,40979,128359,115638,94679,1
55400,82361,88841,137761,144241,171202,1
91943,73704,35414,165647,127357,109118,1
72577,43115,91456,115692,164033,134571,1
23573,88747,33786,112320,57359,122533,0
70460,17472,15375,87932,85835,32847,0
56776,98372,82356,155148,139132,180728,1
50754,98832,78804,149586,129558,177636,1
9093,32717,17646,41810,26739,50363,0
33621,24656,30396,58277,64017,55052,1
70953,95399,17163,166352,88116,112562,0
71701,5115,22254,76816,93955,27369,0
71477,2198,39048,73675,110525,41246,0
19762,87321,18068,107083,37830,105389,0
66193,95799,90398,161992,156591,186197,1
51182,47792,35587,98974,86769,83379,1
68152,17735,56137,85887,124289,73872,1
57813,44460,13282,102273,71095,57742,0
82420,92138,47689,174558,130109,139827,1
63297,41783,68850,105080,132147,110633,1
89993,55120,95632,145113,185625,150752,1
32261,90519,25681,122780,57942,116200,0
69843,78258,98427,148101,168270,176685,1
79888,67408,5785,147296,85673,73193,0
61138,17505,56638,78643,117776,74143,1
67472,21659,87571,89131,155043,109230,1
19517,22506,59603,42023,79120,82109,0
41621,67323,73666,108944,115287,140989,1
97233,87908,50339,185141,147572,138247,1
18399,72549,79430,90948,97829,151979,1
28931,58824,44856,87755,73787,103680,1
84541,64885,56,149426,84597,64941,0
1469,12794,76251,14263,77720,89045,0
75030,43197,23269,118227,98299,66466,0
24293,83940,88580,108233,112873,172520,1
51973,51992,75881,103965,127854,127873,1
36020,19429,35350,55449,71370,54779,1
51411,25189,96657,76600,148068,121846,0
5160,53804,12717,58964,17877,66521,0
22791,28837,36202,51628,58993,65039,1
20206,63390,15172,83596,35378,78562,0
11766,78986,9305,90752,21071,88291,0
16208,77084,26080,93292,42288,103164,0
7891,68140,11450,76031,19341,79590,0
63386,97248,33742,160634,97128,130990,0
95000,93200,71830,188200,166830,165030,1
34460,18223,64808,52683,99268,83031,0
45938,71662,46463,117600,92401,118125,1
70904,68536,95814,139440,166718,164350,1
72167,59478,95882,131645,168049,155360,1
88979,54430,74646,143409,163625,129076,1
65219,4297,56721,69516,121940,61018,0
54744,44028,96884,98772,151628,140912,1
76666,19687,73542,96353,150208,93229,1
27394,64165,30263,91559,57657,94428,0
42726,39910,45487,82636,88213,85397,1
69074,62347,11010,131421,80084,73357,1
52560,63930,8356,116490,60916,72286,0
26596,36718,75434,63314,102030,112152,0
72001,14104,70835,86105,142836,84939,1
86265,57344,17548,143609,103813,74892,0
54319,19991,13762,74310,68081,33753,0
36609,36355,99728,72964,136337,136083,0
94305,23987,47448,118292,141753,71435,0
90861,71910,19630,162771,110491,91540,1
78997,39665,96052,118662,175049,135717,1
4465,72694,44645,77159,49110,117339,0
76162,30323,28617,106485,104779,58940,0
20723,68619,65025,89342,85748,133644,1
91736,89715,18327,181451,110063,108042,1
88736,83720,52311,172456,141047,136031,1
14506,85657,74981,100163,89487,160638,1
5560,60242,54239,65802,59799,114481,0
53665,16474,66565,70139,120230,83039,1
57501,21688,2089,79189,59590,23777,0
69442,655,51345,70097,120787,52000,0
91786,9871,8171,101657,99957,18042,0
32551,52285,98537,84836,131088,150822,0
58632,32165,83167,90797,141799,115332,1
59546,36988,33268,96534,92814,70256,1
32183,2618,36373,34801,68556,38991,0
40185,83714,70662,123899,110847,154376,1
86273,79043,4473,165316,90746,83516,0
86171,98040,61966,184211,148137,160006,1
25926,65983,82089,91909,108015,148072,1
10240,84364,98459,94604,108699,182823,0
96076,1934,85126,98010,181202,87060,0
5565,72472,81047,78037,86612,153519,0
98953,48362,81426,147315,180379,129788,1
68185,74586,8413,142771,76598,82999,1
34008,66640,82268,100648,116276,148908,1
41324,1532,86488,42856,127812,88020,0
60497,16575,84389,77072,144886,100964,0
23488,30699,55049,54187,78537,85748,0
72563,5770,72554,78333,145117,78324,1
46181,77025,79350,123206,125531,156375,1
34103,58696,11915,92799,46018,70611,0
27841,6307,55221,34148,83062,61528,0
38456,86034,32051,124490,70507,118085,0
75336,42876,37138,118212,112474,80014,1
27374,37471,90161,64845,117535,127632,0
24570,95643,75071,120213,99641,170714,1
87891,86129,61256,174020,149147,147385,1
36506,43672,15642,80178,52148,59314,1
21478,71916,17992,93394,39470,89908,0
21809,73270,51720,95079,73529,124990,1
73960,81225,36188,155185,110148,117413,1
22239,39206,99445,61445,121684,138651,0
61970,61729,85861,123699,147831,147590,1
23427,49512,34289,72939,57716,83801,1
28707,38648,79319,67355,108026,117967,0
49806,77535,30174,127341,79980,107709,1
38306,77414,34633,115720,72939,112047,0
42002,91860,79808,133862,121810,171668,1
22917,15735,64242,38652,87159,79977,0
39578,56823,97044,96401,136622,153867,0
47401,13238,31857,60639,79258,45095,0
26912,65814,13990,92726,40902,79804,0
38529,83674,90201,122203,128730,173875,1
38461,64908,17912,103369,56373,82820,0
52042,86144,87182,138186,139224,173326,1
81430,88548,39979,169978,121409,128527,1
14465,88370,62268,102835,76733,150638,0
14018,80396,33807,94414,47825,114203,0
81250,74065,83553,155315,164803,157618,1
30894,7849,36502,38743,67396,44351,1
5202,96193,185,101395,5387,96378,0
46142,59654,85489,105796,131631,145143,1
27607,89996,11350,117603,38957,101346,0
78562,98800,64569,177362,143131,163369,1
68648,4310,47012,72958,115660,51322,0
74812,60158,92039,134970,166851,152197,1
16226,87695,18714,103921,34940,106409,0
9406,86070,93296,95476,102702,179366,1
29653,19867,76442,49520,106095,96309,0
45993,17948,12924,63941,58917,30872,0
69335,39320,58279,108655,127614,97599,1
49552,44151,42955,93703,92507,87106,1
62591,72383,14162,134974,76753,86545,1
48106,73338,93950,121444,142056,167288,1
21086,86845,87596,107931,108682,174441,1
80904,65242,96789,146146,177693,162031,1
66164,5278,29438,71442,95602,34716,0
15248,54782,80037,70030,95285,134819,0
58576,88111,6737,146687,65313,94848,0
33662,57073,81925,90735,115587,138998,1
77646,92883,66894,170529,144540,159777,1
32453,89543,9827,121996,42280,99370,0
54251,13424,26727,67675,80978,40151,0
63392,5959,52213,69351,115605,58172,0
76283,3139,13879,79422,90162,17018,0
23753,80454,68856,104207,92609,149310,1
58525,56179,61514,114704,120039,117693,1
17687,49389,90591,67076,108278,139980,0
24469,20805,65195,45274,89664,86000,0
64746,79274,50045,144020,114791,129319,1
70256,91474,91191,161730,161447,182665,1
38141,7999,71300,46140,109441,79299,0
4174,81621,45265,85795,49439,126886,0
79353,74881,48009,154234,127362,122890,1
76166,98306,2035,174472,78201,100341,0
34659,71347,11567,106006,46226,82914,0
31923,99916,43744,131839,75667,143660,0
51333,19593,65874,70926,117207,85467,1
87339,43117,78752,130456,166091,121869,1
52639,56490,20920,109129,73559,77410,1
49058,792,60700,49850,109758,61492,0
93881,27681,30853,121562,124734,58534,0
19282,23081,99739,42363,119021,122820,0
27506,89843,71928,117349,99434,161771,1
34328,81705,5544,116033,39872,87249,0
85931,76566,46234,162497,132165,122800,1
29841,595,6547,30436,36388,7142,0
38705,75633,4510,114338,43215,80143,0
28471,65264,50103,93735,78574,115367,1
49165,17400,10244,66565,59409,27644,0
3697,2539,26011,6236,29708,28550,0
83301,39459,98135,122760,181436,137594,1
82453,3993,66179,86446,148632,70172,0
19528,85999,13563,105527,33091,99562,0
41794,33775,99922,75569,141716,133697,0
80339,26911,49199,107250,129538,76110,0
98119,48155,23671,146274,121790,71826,0
92904,82977,21452,175881,114356,104429,1
18453,3049,42164,21502,60617,45213,0
