side1,side2,side3,side1+side2,side1+side3,side2+side3,validity
95606,13265,30765,108871,126371,44030,0
53308,40569,43470,93877,96778,84039,1
86341,82090,45594,168431,131935,127684,1
77624,85046,54127,162670,131751,139173,1
97050,94481,15469,191531,112519,109950,1
88525,63871,62913,152396,151438,126784,1
15226,88245,50703,103471,65929,138948,0
35832,84096,86102,119928,121934,170198,1
4224,16916,64777,21140,69001,81693,0
46132,36153,67385,82285,113517,103538,1
26548,55383,60786,81931,87334,116169,1
73567,45481,22905,119048,96472,68386,0
98561,25554,21873,124115,120434,47427,0
86876,80174,33272,167050,120148,113446,1
48043,55670,38822,103713,86865,94492,1
61942,16306,21557,78248,83499,37863,0
10654,81288,57674,91942,68328,138962,0
95094,56223,45079,151317,140173,101302,1
49817,54036,81784,103853,131601,135820,1
71317,11393,55028,82710,126345,66421,0
27524,88517,1350,116041,28874,89867,0
76744,69916,72184,146660,148928,142100,1
67953,2680,4166,70633,72119,6846,0
8957,5442,51209,14399,60166,56651,0
6725,81838,2037,88563,8762,83875,0
43710,91111,85268,134821,128978,176379,1
63471,73326,11911,136797,75382,85237,1
96545,25234,66526,121779,163071,91760,0
43483,22107,27833,65590,71316,49940,1
12205,16846,70564,29051,82769,87410,0
65403,60040,93646,125443,159049,153686,1
84190,76615,93737,160805,177927,170352,1
15435,31392,54420,46827,69855,85812,0
19402,38747,63059,58149,82461,101806,0
87849,50620,98607,138469,186456,149227,1
93175,25149,80020,118324,173195,105169,1
48560,43942,30636,92502,79196,74578,1
46570,23764,4412,70334,50982,28176,0
14475,26248,17453,40723,31928,43701,1
10972,13794,95342,24766,106314,109136,0
87148,34713,53092,121861,140240,87805,1
51256,14077,1989,65333,53245,16066,0
12116,23774,59888,35890,72004,83662,0
56361,80378,92307,136739,148668,172685,1
45804,77874,66145,123678,111949,144019,1
40081,27877,23974,67958,64055,51851,1
23094,78719,65409,101813,88503,144128,1
93782,96305,67605,190087,161387,163910,1
77295,13064,77567,90359,154862,90631,1
2277,11195,105,13472,2382,11300,0
36169,20511,9449,56680,45618,29960,0
38989,35962,44389,74951,83378,80351,1
51956,63804,57830,115760,109786,121634,1
73181,31780,86619,104961,159800,118399,1
14734,55901,45517,70635,60251,101418,1
62767,70269,7583,133036,70350,77852,1
53791,82718,68705,136509,122496,151423,1
16510,22375,14270,38885,30780,36645,1
25936,28223,13034,54159,38970,41257,1
10238,25031,77409,35269,87647,102440,0
60968,20454,55432,81422,116400,75886,1
99880,2133,1141,102013,101021,3274,0
24216,27708,3984,51924,28200,31692,1
38794,21170,18758,59964,57552,39928,1
86081,47078,55776,133159,141857,102854,1
709,86773,94844,87482,95553,181617,0
22768,86434,1676,109202,24444,88110,0
2719,45470,97351,48189,100070,142821,0
97430,78085,43754,175515,141184,121839,1
45961,63399,92808,109360,138769,156207,1
20371,54924,39767,75295,60138,94691,1
81700,4151,65248,85851,146948,69399,0
39703,58619,87357,98322,127060,145976,1
83485,57754,44122,141239,127607,101876,1
91908,46499,71351,138407,163259,117850,1
3906,2996,97338,6902,101244,100334,0
50695,74463,51010,125158,101705,125473,1
61232,60638,79349,121870,140581,139987,1
46841,43684,95136,90525,141977,138820,0
44429,35451,98602,79880,143031,134053,0
58048,75590,57917,133638,115965,133507,1
8899,80835,11219,89734,20118,92054,0
14105,5787,15459,19892,29564,21246,1
67801,97348,52142,165149,119943,149490,1
60289,38750,63021,99039,123310,101771,1
70144,87318,6835,157462,76979,94153,0
64776,35400,18345,100176,83121,53745,0
87895,25891,95019,113786,182914,120910,1
77643,99901,89338,177544,166981,189239,1
53352,79495,75591,132847,128943,155086,1
82465,20473,53325,102938,135790,73798,0
48968,33669,37377,82637,86345,71046,1
768,8102,47842,8870,48610,55944,0
54212,77618,73516,131830,127728,151134,1
10852,50606,27302,61458,38154,77908,0
76175,95787,7667,171962,83842,103454,0
56140,12223,96644,68363,152784,108867,0
93762,49687,45143,143449,138905,94830,1
45002,68841,86828,113843,131830,155669,1
78676,40064,79653,118740,158329,119717,1
39535,58418,38801,97953,78336,97219,1
50579,40090,88688,90669,139267,128778,1
81891,31965,23695,113856,105586,55660,0
21471,38274,96401,59745,117872,134675,0
54050,60468,39673,114518,93723,100141,1
75025,57549,50522,132574,125547,108071,1
40768,58134,3958,98902,44726,62092,0
71856,3699,80633,75555,152489,84332,0
5261,6653,44917,11914,50178,51570,0
74257,58378,90678,132635,164935,149056,1
27889,90099,3799,117988,31688,93898,0
22790,7660,70711,30450,93501,78371,0
76593,87079,13247,163672,89840,100326,1
86085,3989,42122,90074,128207,46111,0
34888,48925,30198,83813,65086,79123,1
57176,13847,7574,71023,64750,21421,0
46874,57096,82415,103970,129289,139511,1
51721,56189,70065,107910,121786,126254,1
25527,84704,90365,110231,115892,175069,1
11089,26015,69215,37104,80304,95230,0
72201,86034,54309,158235,126510,140343,1
71675,81540,28605,153215,100280,110145,1
11391,45835,87887,57226,99278,133722,0
91916,74065,94669,165981,186585,168734,1
51355,13957,92037,65312,143392,105994,0
41018,75286,26258,116304,67276,101544,0
82686,31848,78320,114534,161006,110168,1
1635,34348,37570,35983,39205,71918,0
81259,49367,63824,130626,145083,113191,1
85045,86920,8422,171965,93467,95342,1
13775,32044,67503,45819,81278,99547,0
32364,55518,21847,87882,54211,77365,0
44073,29245,56873,73318,100946,86118,1
50698,78366,42182,129064,92880,120548,1
28592,12048,18577,40640,47169,30625,1
39323,11073,17903,50396,57226,28976,0
89872,79920,18526,169792,108398,98446,1
45835,99346,71394,145181,117229,170740,1
11178,3846,39168,15024,50346,43014,0
44932,23408,81452,68340,126384,104860,0
22196,96278,32187,118474,54383,128465,0
81134,73268,99982,154402,181116,173250,1
77656,48132,45267,125788,122923,93399,1
55082,9733,39932,64815,95014,49665,0
93470,82809,5552,176279,99022,88361,0
96620,85041,63951,181661,160571,148992,1
20137,98289,82971,118426,103108,181260,1
89281,22991,21728,112272,111009,44719,0
24312,69691,49492,94003,73804,119183,1
45829,12160,97455,57989,143284,109615,0
90477,80226,87354,170703,177831,167580,1
66634,60823,10622,127457,77256,71445,1
70364,66746,16046,137110,86410,82792,1
15489,29793,92795,45282,108284,122588,0
80357,29507,71294,109864,151651,100801,1
75420,9310,50819,84730,126239,60129,0
84419,54368,87244,138787,171663,141612,1
11029,54468,38119,65497,49148,92587,0
89843,90209,19321,180052,109164,109530,1
54916,93628,51087,148544,106003,144715,1
83737,10711,78266,94448,162003,88977,1
15192,11353,890,26545,16082,12243,0
72284,65189,81574,137473,153858,146763,1
91518,45375,68967,136893,160485,114342,1
17532,32500,74226,50032,91758,106726,0
45183,58751,34839,103934,80022,93590,1
68324,28535,95769,96859,164093,124304,1
82113,23705,21403,105818,103516,45108,0
14250,4674,67005,18924,81255,71679,0
25762,47069,404,72831,26166,47473,0
95006,81410,33642,176416,128648,115052,1
8223,26206,61509,34429,69732,87715,0
57439,63456,44788,120895,102227,108244,1
51060,53139,66145,104199,117205,119284,1
32131,58690,45336,90821,77467,104026,1
41305,12615,68790,53920,110095,81405,0
29313,8085,12966,37398,42279,21051,0
34021,56309,1758,90330,35779,58067,0
972,5943,5603,6915,6575,11546,1
3893,5137,209,9030,4102,5346,0
92747,15220,91802,107967,184549,107022,1
16870,64676,32560,81546,49430,97236,0
48548,26213,79056,74761,127604,105269,0
14438,10112,43959,24550,58397,54071,0
5599,27278,80439,32877,86038,107717,0
25859,72953,20217,98812,46076,93170,0
23175,73290,86858,96465,110033,160148,1
70579,2073,45167,72652,115746,47240,0
20089,22598,38274,42687,58363,60872,1
86165,47374,90002,133539,176167,137376,1
15790,65568,62452,81358,78242,128020,1
25890,90183,42070,116073,67960,132253,0
3091,86235,189,89326,3280,86424,0
22802,9124,80630,31926,103432,89754,0
99085,50081,89057,149166,188142,139138,1
84473,15292,1674,99765,86147,16966,0
33114,54599,35996,87713,69110,90595,1
12249,14107,49560,26356,61809,63667,0
44132,75961,25053,120093,69185,101014,0
55915,21126,84122,77041,140037,105248,0
22379,8963,26113,31342,48492,35076,1
91511,82992,44058,174503,135569,127050,1
29499,47894,7429,77393,36928,55323,0
77206,73701,30426,150907,107632,104127,1
34696,66014,43123,100710,77819,109137,1
85301,33356,60621,118657,145922,93977,1
10963,12337,88623,23300,99586,100960,0
23193,12633,1328,35826,24521,13961,0
33449,14236,69159,47685,102608,83395,0
85569,71017,76741,156586,162310,147758,1
57128,30133,39159,87261,96287,69292,1
16843,13801,29506,30644,46349,43307,1
23960,21125,16262,45085,40222,37387,1
48432,14512,51116,62944,99548,65628,1
70083,79253,30176,149336,100259,109429,1
63199,30173,33694,93372,96893,63867,1
41869,78781,57764,120650,99633,136545,1
94048,36924,9054,130972,103102,45978,0
49683,53790,49937,103473,99620,103727,1
84531,53707,28500,138238,113031,82207,0
36539,40347,44789,76886,81328,85136,1
52636,48841,29656,101477,82292,78497,1
39147,64288,28469,103435,67616,92757,1
70240,29183,82893,99423,153133,112076,1
81874,83760,89438,165634,171312,173198,1
39766,73856,42432,113622,82198,116288,1
97073,2112,6535,99185,103608,8647,0
31817,83337,23867,115154,55684,107204,0
54844,38326,87608,93170,142452,125934,1
3433,787,33830,4220,37263,34617,0
68592,7012,71253,75604,139845,78265,1
99841,79848,47766,179689,147607,127614,1
68973,41864,46023,110837,114996,87887,1
74536,92402,2022,166938,76558,94424,0
20015,92793,88338,112808,108353,181131,1
61559,19373,49902,80932,111461,69275,1
60350,63929,78321,124279,138671,142250,1
10343,40388,87590,50731,97933,127978,0
7635,42396,98141,50031,105776,140537,0
71262,76927,35687,148189,106949,112614,1
19973,51338,85764,71311,105737,137102,0
43622,3411,25187,47033,68809,28598,0
6002,22243,37254,28245,43256,59497,0
36747,58030,82604,94777,119351,140634,1
41305,98280,77266,139585,118571,175546,1
15562,95908,24824,111470,40386,120732,0
81403,99907,319,181310,81722,100226,0
15227,34867,86567,50094,101794,121434,0
96354,36347,56892,132701,153246,93239,0
29631,70362,91695,99993,121326,162057,1
58184,8640,66802,66824,124986,75442,1
66475,75143,78349,141618,144824,153492,1
32598,10009,74374,42607,106972,84383,0
99385,14069,36421,113454,135806,50490,0
31438,75381,54845,106819,86283,130226,1
86462,6850,51791,93312,138253,58641,0
74224,53311,31279,127535,105503,84590,1
20287,97697,37630,117984,57917,135327,0
53924,87971,22210,141895,76134,110181,0
93948,57832,2740,151780,96688,60572,0
52266,57191,79033,109457,131299,136224,1
32413,82987,62002,115400,94415,144989,1
72031,44635,93025,116666,165056,137660,1
71394,19457,51262,90851,122656,70719,0
1191,78313,63339,79504,64530,141652,0
1662,81078,3130,82740,4792,84208,0
38465,30991,49717,69456,88182,80708,1
23325,49547,7714,72872,31039,57261,0
41988,76644,1863,118632,43851,78507,0
90658,57882,54963,148540,145621,112845,1
99224,2926,3598,102150,102822,6524,0
91050,81312,5463,172362,96513,86775,0
4318,18942,88204,23260,92522,107146,0
80105,32662,86064,112767,166169,118726,1
11978,48108,57605,60086,69583,105713,1
16538,64199,1683,80737,18221,65882,0
73163,95590,86186,168753,159349,181776,1
13254,3916,11856,17170,25110,15772,1
85560,54968,40757,140528,126317,95725,1
18029,3737,79684,21766,97713,83421,0
62730,84447,90495,147177,153225,174942,1
61835,39048,61119,100883,122954,100167,1
60847,82575,49252,143422,110099,131827,1
67740,98256,24069,165996,91809,122325,0
65658,8426,74872,74084,140530,83298,0
84454,59933,16844,144387,101298,76777,0
21032,63490,58726,84522,79758,122216,1
38858,19690,86177,58548,125035,105867,0
62744,29365,24392,92109,87136,53757,0
82518,76915,38953,159433,121471,115868,1
66673,23075,16395,89748,83068,39470,0
49211,5042,87294,54253,136505,92336,0
98828,97562,65026,196390,163854,162588,1
82038,50671,89362,132709,171400,140033,1
68105,10404,36409,78509,104514,46813,0
96982,74097,50441,171079,147423,124538,1
12598,63570,27618,76168,40216,91188,0
54436,93568,93554,148004,147990,187122,1
14563,4057,35732,18620,50295,39789,0
36767,40640,51487,77407,88254,92127,1
34138,25882,7663,60020,41801,33545,0
41500,73525,8720,115025,50220,82245,0
19432,19743,13758,39175,33190,33501,1
3732,88292,63380,92024,67112,151672,0
7045,74074,4790,81119,11835,78864,0
10609,33850,24019,44459,34628,57869,1
68702,7342,9279,76044,77981,16621,0
44329,15219,3167,59548,47496,18386,0
69290,91063,20551,160353,89841,111614,0
8108,52273,67848,60381,75956,120121,0
67784,54177,5947,121961,73731,60124,0
5396,35742,99494,41138,104890,135236,0
71575,29009,61623,100584,133198,90632,1
5066,68276,61819,73342,66885,130095,0
93667,10956,96876,104623,190543,107832,1
37503,32707,5440,70210,42943,38147,1
40936,37188,23789,78124,64725,60977,1
11814,84550,41948,96364,53762,126498,0
19501,86259,95019,105760,114520,181278,1
70778,83976,52795,154754,123573,136771,1
34662,33264,94190,67926,128852,127454,0
92037,8253,4756,100290,96793,13009,0
28483,70565,95451,99048,123934,166016,1
3612,29747,47969,33359,51581,77716,0
33421,74994,83676,108415,117097,158670,1
90459,70061,8719,160520,99178,78780,0
58048,94697,25871,152745,83919,120568,0
10751,68360,26355,79111,37106,94715,0
17795,84976,92240,102771,110035,177216,1
43952,94561,80507,138513,124459,175068,1
15329,34689,16715,50018,32044,51404,0
7891,87145,17112,95036,25003,104257,0
3430,96883,10445,100313,13875,107328,0
68438,4738,34576,73176,103014,39314,0
77981,22125,15519,100106,93500,37644,0
27642,2921,95942,30563,123584,98863,0
42781,73429,30440,116210,73221,103869,0
81138,61956,14126,143094,95264,76082,0
70783,18190,28605,88973,99388,46795,0
43847,67025,19621,110872,63468,86646,0
73838,29938,44687,103776,118525,74625,1
95021,65891,25283,160912,120304,91174,0
76458,1227,50433,77685,126891,51660,0
67114,38089,65847,105203,132961,103936,1
62871,66367,95555,129238,158426,161922,1
54349,1356,26591,55705,80940,27947,0
65232,82238,10992,147470,76224,93230,0
46009,56008,75809,102017,121818,131817,1
7336,67912,17967,75248,25303,85879,0
16395,29295,26285,45690,42680,55580,1
44760,27595,88247,72355,133007,115842,0
26416,28228,33245,54644,59661,61473,1
73491,7592,31495,81083,104986,39087,0
39401,30773,80572,70174,119973,111345,0
62337,61077,57953,123414,120290,119030,1
176,72037,96053,72213,96229,168090,0
77306,32978,75237,110284,152543,108215,1
7474,51076,59571,58550,67045,110647,0
63746,52870,64021,116616,127767,116891,1
55938,39115,16779,95053,72717,55894,0
72225,57576,49276,129801,121501,106852,1
57972,7208,90751,65180,148723,97959,0
69317,95777,54038,165094,123355,149815,1
32443,98676,37008,131119,69451,135684,0
4001,81683,42449,85684,46450,124132,0
6644,55671,48594,62315,55238,104265,0
60024,16516,55985,76540,116009,72501,1
12439,13804,26874,26243,39313,40678,0
38270,70763,60208,109033,98478,130971,1
58649,94484,94038,153133,152687,188522,1
18267,44624,89360,62891,107627,133984,0
44682,26893,33801,71575,78483,60694,1
89817,3401,67889,93218,157706,71290,0
24766,5344,3081,30110,27847,8425,0
96442,25447,33454,121889,129896,58901,0
15106,51355,22951,66461,38057,74306,0
48508,71441,16281,119949,64789,87722,0
19228,99261,9733,118489,28961,108994,0
34866,76963,98674,111829,133540,175637,1
31572,8799,30512,40371,62084,39311,1
86818,43061,62037,129879,148855,105098,1
40820,87355,88659,128175,129479,176014,1
59431,33672,71730,93103,131161,105402,1
65430,51174,1841,116604,67271,53015,0
23665,64797,26491,88462,50156,91288,0
60143,48290,74269,108433,134412,122559,1
98124,76037,86108,174161,184232,162145,1
83092,93523,72786,176615,155878,166309,1
70822,76008,26101,146830,96923,102109,1
89462,79160,51132,168622,140594,130292,1
28452,63076,74623,91528,103075,137699,1
70616,11821,96911,82437,167527,108732,0
48926,95753,83993,144679,132919,179746,1
92780,71624,60228,164404,153008,131852,1
23181,63568,50153,86749,73334,113721,1
46764,7404,55359,54168,102123,62763,0
51820,28987,95411,80807,147231,124398,0
76505,25480,37436,101985,113941,62916,0
19549,10548,44384,30097,63933,54932,0
16845,16025,10326,32870,27171,26351,1
50320,63875,58210,114195,108530,122085,1
68221,95021,15092,163242,83313,110113,0
70452,37307,63465,107759,133917,100772,1
98890,55315,32360,154205,131250,87675,0
66503,84159,86241,150662,152744,170400,1
37181,69136,14858,106317,52039,83994,0
77576,20810,5448,98386,83024,26258,0
13884,57520,3164,71404,17048,60684,0
28405,88536,3940,116941,32345,92476,0
99298,30635,45291,129933,144589,75926,0
61459,28075,80889,89534,142348,108964,1
45519,7493,35888,53012,81407,43381,0
67866,31818,32519,99684,100385,64337,0
64768,7927,31351,72695,96119,39278,0
71197,50276,13654,121473,84851,63930,0
85787,41861,85630,127648,171417,127491,1
10674,23453,61720,34127,72394,85173,0
7459,21709,10395,29168,17854,32104,0
3635,59661,34532,63296,38167,94193,0
46837,81085,49285,127922,96122,130370,1
57499,503,45536,58002,103035,46039,0
89076,61020,94006,150096,183082,155026,1
28818,26679,88940,55497,117758,115619,0
31657,64888,44149,96545,75806,109037,1
34162,21238,27965,55400,62127,49203,1
12889,75898,943,88787,13832,76841,0
449,90623,904,91072,1353,91527,0
84721,20162,60074,104883,144795,80236,0
46667,63247,43537,109914,90204,106784,1
36254,70633,73763,106887,110017,144396,1
80298,8904,9459,89202,89757,18363,0
34829,21095,34099,55924,68928,55194,1
25535,59773,92423,85308,117958,152196,0
13779,53107,75663,66886,89442,128770,0
31810,84416,13872,116226,45682,98288,0
78013,45198,4998,123211,83011,50196,0
59895,8041,93405,67936,153300,101446,0
20407,40485,44067,60892,64474,84552,1
17143,93727,16354,110870,33497,110081,0
73697,61807,21125,135504,94822,82932,1
64652,37262,78988,101914,143640,116250,1
97269,91369,70879,188638,168148,162248,1
47892,85880,56027,133772,103919,141907,1
34253,99898,97170,134151,131423,197068,1
47957,11310,10931,59267,58888,22241,0
6912,45389,28900,52301,35812,74289,0
95683,8363,43150,104046,138833,51513,0
7485,44325,74209,51810,81694,118534,0
62386,74775,15992,137161,78378,90767,1
94211,70559,62585,164770,156796,133144,1
27856,12740,56396,40596,84252,69136,0
99825,57624,18977,157449,118802,76601,0
49841,66092,9184,115933,59025,75276,0
15763,31697,38602,47460,54365,70299,1
33129,63627,19797,96756,52926,83424,0
83134,62776,79723,145910,162857,142499,1
24394,45267,68461,69661,92855,113728,1
34272,11859,33668,46131,67940,45527,1
80050,86806,91745,166856,171795,178551,1
88045,78454,55674,166499,143719,134128,1
93000,89677,42073,182677,135073,131750,1
94166,72647,11337,166813,105503,83984,0
56313,99860,67730,156173,124043,167590,1
68883,91655,33825,160538,102708,125480,1
37046,87161,36178,124207,73224,123339,0
56030,31975,77066,88005,133096,109041,1
57276,34520,8798,91796,66074,43318,0
69532,91753,68718,161285,138250,160471,1
84760,85673,91539,170433,176299,177212,1
81107,7154,12540,88261,93647,19694,0
15147,63029,26040,78176,41187,89069,0
52561,46493,21318,99054,73879,67811,1
24451,81439,43774,105890,68225,125213,0
96397,6953,99926,103350,196323,106879,1
51132,7932,28468,59064,79600,36400,0
89725,24103,23436,113828,113161,47539,0
34656,87469,46375,122125,81031,133844,0
83152,58598,33480,141750,116632,92078,1
27473,89827,45198,117300,72671,135025,0
48773,9490,10577,58263,59350,20067,0
90813,51203,62254,142016,153067,113457,1
35110,74029,26965,109139,62075,100994,0
28151,9288,43843,37439,71994,53131,0
90622,65562,54868,156184,145490,120430,1
99811,64233,92508,164044,192319,156741,1
1543,50189,54754,51732,56297,104943,0
63849,25542,7946,89391,71795,33488,0
33199,93253,91994,126452,125193,185247,1
90926,94387,87029,185313,177955,181416,1
27209,12202,33368,39411,60577,45570,1
6966,21127,15909,28093,22875,37036,1
37086,93110,31977,130196,69063,125087,0
15545,69273,40041,84818,55586,109314,0
33405,83281,11353,116686,44758,94634,0
71470,941,89238,72411,160708,90179,0
26761,39327,40275,66088,67036,79602,1
80787,57642,82976,138429,163763,140618,1
27075,56695,60666,83770,87741,117361,1
9102,40457,92142,49559,101244,132599,0
94966,69146,51044,164112,146010,120190,1
44442,4258,95062,48700,139504,99320,0
52958,11698,83670,64656,136628,95368,0
72079,17888,54910,89967,126989,72798,1
35671,50130,74979,85801,110650,125109,1
71374,19903,90615,91277,161989,110518,1
72441,54035,7303,126476,79744,61338,0
54116,72582,15272,126698,69388,87854,0
66757,83374,45665,150131,112422,129039,1
98259,72878,92661,171137,190920,165539,1
79449,17707,5494,97156,84943,23201,0
27861,15784,78656,43645,106517,94440,0
86694,60218,90042,146912,176736,150260,1
9679,71924,56737,81603,66416,128661,0
16637,84965,19039,101602,35676,104004,0
88555,80993,18238,169548,106793,99231,1
61450,17461,95285,78911,156735,112746,0
41003,96616,65096,137619,106099,161712,1
82675,6839,83507,89514,166182,90346,1
98208,32927,49582,131135,147790,82509,0
43881,14525,65727,58406,109608,80252,0
1656,16772,43745,18428,45401,60517,0
19075,72489,96467,91564,115542,168956,0
56993,54280,44634,111273,101627,98914,1
44570,74911,78428,119481,122998,153339,1
13363,9151,17206,22514,30569,26357,1
83956,87443,75196,171399,159152,162639,1
76833,26061,17940,102894,94773,44001,0
97727,50871,55698,148598,153425,106569,1
98271,2928,11762,101199,110033,14690,0
25033,73784,33447,98817,58480,107231,0
4561,44417,34832,48978,39393,79249,0
51528,95518,77158,147046,128686,172676,1
85410,97185,92490,182595,177900,189675,1
57534,10432,93931,67966,151465,104363,0
46331,17426,9775,63757,56106,27201,0
25063,4044,71912,29107,96975,75956,0
30362,17177,50102,47539,80464,67279,0
11301,75160,30132,86461,41433,105292,0
99525,82434,98284,181959,197809,180718,1
70282,61337,77867,131619,148149,139204,1
8780,17814,13603,26594,22383,31417,1
57418,66738,47705,124156,105123,114443,1
57240,22347,73311,79587,130551,95658,1
16872,11832,93828,28704,110700,105660,0
91131,8508,44840,99639,135971,53348,0
94990,7999,39881,102989,134871,47880,0
9368,2371,32157,11739,41525,34528,0
93899,40888,95507,134787,189406,136395,1
40350,80781,48666,121131,89016,129447,1
15950,65187,19477,81137,35427,84664,0
63709,82375,17837,146084,81546,100212,0
26705,85441,9196,112146,35901,94637,0
10468,10964,73758,21432,84226,84722,0
49582,64226,76477,113808,126059,140703,1
4219,69075,30650,73294,34869,99725,0
37712,74942,47969,112654,85681,122911,1
45126,9231,19619,54357,64745,28850,0
64491,25621,18904,90112,83395,44525,0
38928,3649,33801,42577,72729,37450,0
32139,63728,77604,95867,109743,141332,1
66573,85873,78775,152446,145348,164648,1
97217,81744,55337,178961,152554,137081,1
76515,8781,13867,85296,90382,22648,0
50737,38620,50504,89357,101241,89124,1
56077,32088,88761,88165,144838,120849,0
44076,69390,41742,113466,85818,111132,1
35974,58266,34234,94240,70208,92500,1
30755,66133,2162,96888,32917,68295,0
20334,31913,65583,52247,85917,97496,0
58043,59755,45076,117798,103119,104831,1
73329,47694,69039,121023,142368,116733,1
26368,4742,67947,31110,94315,72689,0
15434,34954,22996,50388,38430,57950,1
70551,57769,87082,128320,157633,144851,1
26156,98096,6522,124252,32678,104618,0
5802,65271,87751,71073,93553,153022,0
8750,16106,59269,24856,68019,75375,0
61065,19803,27847,80868,88912,47650,0
4756,32049,64343,36805,69099,96392,0
58357,32522,21223,90879,79580,53745,0
81558,22402,28822,103960,110380,51224,0
64218,96879,79309,161097,143527,176188,1
94196,60807,15363,155003,109559,76170,0
13584,49983,1246,63567,14830,51229,0
47960,52004,82908,99964,130868,134912,1
80812,70030,88935,150842,169747,158965,1
73986,88252,73477,162238,147463,161729,1
92833,32484,81253,125317,174086,113737,1
70459,97963,53328,168422,123787,151291,1
40213,11693,26580,51906,66793,38273,0
57001,1603,41537,58604,98538,43140,0
8647,84335,97058,92982,105705,181393,0
88607,77707,89169,166314,177776,166876,1
15565,11250,47109,26815,62674,58359,0
99338,17169,97965,116507,197303,115134,1
81340,10638,96615,91978,177955,107253,0
62344,76773,25541,139117,87885,102314,1
67400,63863,38468,131263,105868,102331,1
83666,22227,15214,105893,98880,37441,0
19210,4466,80786,23676,99996,85252,0
78055,4343,42563,82398,120618,46906,0
22378,89038,59447,111416,81825,148485,0
44603,87940,76258,132543,120861,164198,1
66404,58879,73785,125283,140189,132664,1
14781,85591,6796,100372,21577,92387,0
77039,29312,4912,106351,81951,34224,0
57343,34874,68238,92217,125581,103112,1
37553,73354,1859,110907,39412,75213,0
78966,50622,9924,129588,88890,60546,0
9458,89134,54843,98592,64301,143977,0
8642,44914,46935,53556,55577,91849,1
64730,76198,45754,140928,110484,121952,1
82591,59701,78081,142292,160672,137782,1
37264,91580,89421,128844,126685,181001,1
30124,57637,36850,87761,66974,94487,1
97445,90089,79046,187534,176491,169135,1
45242,52518,52725,97760,97967,105243,1
54235,85411,82239,139646,136474,167650,1
35379,78711,88888,114090,124267,167599,1
86418,35992,53880,122410,140298,89872,1
62587,51004,46004,113591,108591,97008,1
1990,97705,62523,99695,64513,160228,0
14474,75699,10545,90173,25019,86244,0
8838,62778,64766,71616,73604,127544,1
40782,51916,54890,92698,95672,106806,1
49810,5725,84582,55535,134392,90307,0
6390,3289,98138,9679,104528,101427,0
47684,48267,37861,95951,85545,86128,1
77892,71270,66087,149162,143979,137357,1
51528,89736,17356,141264,68884,107092,0
91608,64341,11594,155949,103202,75935,0
19107,11936,47978,31043,67085,59914,0
24272,34292,75311,58564,99583,109603,0
19940,19722,39671,39662,59611,59393,0
20581,44526,66636,65107,87217,111162,0
87531,53540,65423,141071,152954,118963,1
28914,10439,40809,39353,69723,51248,0
17928,58607,45715,76535,63643,104322,1
84552,92210,52518,176762,137070,144728,1
56080,37957,63851,94037,119931,101808,1
21352,14652,43213,36004,64565,57865,0
43593,94341,39669,137934,83262,134010,0
2597,26781,90982,29378,93579,117763,0
22955,88256,39036,111211,61991,127292,0
58886,54006,24610,112892,83496,78616,1
18091,89750,67172,107841,85263,156922,0
12834,43480,75574,56314,88408,119054,0
69628,90755,93300,160383,162928,184055,1
65220,42123,83232,107343,148452,125355,1
13084,48886,21253,61970,34337,70139,0
15459,57646,79149,73105,94608,136795,0
87652,75356,74626,163008,162278,149982,1
48946,67788,71100,116734,120046,138888,1
46530,91033,369,137563,46899,91402,0
81731,72601,39072,154332,120803,111673,1
47247,41211,37053,88458,84300,78264,1
61383,13642,67356,75025,128739,80998,1
14628,71558,4576,86186,19204,76134,0
83841,65317,33840,149158,117681,99157,1
33808,17724,46737,51532,80545,64461,1
61179,92640,98653,153819,159832,191293,1
8152,3314,46847,11466,54999,50161,0
19076,38414,63621,57490,82697,102035,0
93468,98520,14104,191988,107572,112624,1
82912,26202,5592,109114,88504,31794,0
8835,35003,5291,43838,14126,40294,0
42442,38614,56112,81056,98554,94726,1
36497,28500,64264,64997,100761,92764,1
99198,35210,94233,134408,193431,129443,1
29312,25698,73566,55010,102878,99264,0
79585,59523,21438,139108,101023,80961,1
94353,87559,70197,181912,164550,157756,1
79472,27477,24377,106949,103849,51854,0
70380,27187,13221,97567,83601,40408,0
59511,39555,7627,99066,67138,47182,0
11350,48128,16666,59478,28016,64794,0
60028,72917,8462,132945,68490,81379,0
22516,33719,8686,56235,31202,42405,0
99704,43581,71055,143285,170759,114636,1
43836,22612,1580,66448,45416,24192,0
22463,55700,4577,78163,27040,60277,0
57203,27115,13965,84318,71168,41080,0
34242,82926,44902,117168,79144,127828,0
66083,94998,98057,161081,164140,193055,1
78928,48743,41837,127671,120765,90580,1
60231,53415,66499,113646,126730,119914,1
98546,28971,25418,127517,123964,54389,0
93308,69142,65756,162450,159064,134898,1
68513,96911,23438,165424,91951,120349,0
44261,30698,71123,74959,115384,101821,1
64523,83928,20212,148451,84735,104140,1
26374,12925,24078,39299,50452,37003,1
22304,8060,81246,30364,103550,89306,0
86165,64691,59421,150856,145586,124112,1
14461,2710,71761,17171,86222,74471,0
15241,19845,56564,35086,71805,76409,0
90658,43452,66961,134110,157619,110413,1
73779,72616,17225,146395,91004,89841,1
82970,12456,22464,95426,105434,34920,0
15907,28365,46682,44272,62589,75047,0
7171,80091,15265,87262,22436,95356,0
54210,34441,44508,88651,98718,78949,1
73845,63813,48795,137658,122640,112608,1
30997,7597,21051,38594,52048,28648,0
91588,46652,71447,138240,163035,118099,1
74455,9760,58110,84215,132565,67870,0
32296,10203,78495,42499,110791,88698,0
8551,56804,59588,65355,68139,116392,1
93755,3807,47504,97562,141259,51311,0
2305,83682,96395,85987,98700,180077,0
39522,39438,19358,78960,58880,58796,1
89556,52764,18176,142320,107732,70940,0
39128,14654,46020,53782,85148,60674,1
37813,78013,50039,115826,87852,128052,1
63879,25185,65278,89064,129157,90463,1
33683,11395,39057,45078,72740,50452,1
95032,20461,56439,115493,151471,76900,0
29996,37647,34981,67643,64977,72628,1
41823,14317,67355,56140,109178,81672,0
19048,70383,11608,89431,30656,81991,0
78860,15396,23478,94256,102338,38874,0
44418,45328,1875,89746,46293,47203,1
93285,4540,95449,97825,188734,99989,1
48880,62263,75929,111143,124809,138192,1
73852,10088,70484,83940,144336,80572,1
40069,12145,64731,52214,104800,76876,0
83348,65061,54235,148409,137583,119296,1
95341,94004,41591,189345,136932,135595,1
58200,8473,60431,66673,118631,68904,1
18793,30051,53306,48844,72099,83357,0
90713,88206,54944,178919,145657,143150,1
4898,60109,46134,65007,51032,106243,0
71159,3275,4041,74434,75200,7316,0
90048,25082,85787,115130,175835,110869,1
42371,20732,78121,63103,120492,98853,0
53930,98832,93454,152762,147384,192286,1
10136,29847,20520,39983,30656,50367,1
13293,63059,97818,76352,111111,160877,0
91546,34272,69866,125818,161412,104138,1
72301,40987,69937,113288,142238,110924,1
85557,37330,59943,122887,145500,97273,1
82594,93891,33863,176485,116457,127754,1
36967,65583,33593,102550,70560,99176,1
39749,35340,74076,75089,113825,109416,1
79178,69137,80011,148315,159189,149148,1
62591,71495,64733,134086,127324,136228,1
28511,53930,22155,82441,50666,76085,0
77635,49046,94756,126681,172391,143802,1
45948,2446,58501,48394,104449,60947,0
29387,8180,89145,37567,118532,97325,0
58347,7008,21576,65355,79923,28584,0
52988,73257,82111,126245,135099,155368,1
91455,56148,20507,147603,111962,76655,0
86750,95685,68855,182435,155605,164540,1
89997,47000,53875,136997,143872,100875,1
22234,27742,98398,49976,120632,126140,0
98761,18600,30944,117361,129705,49544,0
53250,98193,5773,151443,59023,103966,0
60636,91738,44821,152374,105457,136559,1
43049,84405,64012,127454,107061,148417,1
36201,3511,82145,39712,118346,85656,0
32819,30516,76897,63335,109716,107413,0
61326,48133,52305,109459,113631,100438,1
10551,92347,5188,102898,15739,97535,0
53621,58854,28424,112475,82045,87278,1
85509,34054,73509,119563,159018,107563,1
77587,52251,4992,129838,82579,57243,0
61181,67110,38790,128291,99971,105900,1
1082,44377,19417,45459,20499,63794,0
56810,11511,74385,68321,131195,85896,0
21190,28558,50021,49748,71211,78579,0
29071,56642,70504,85713,99575,127146,1
62018,86984,75476,149002,137494,162460,1
57778,32464,18988,90242,76766,51452,0
85603,81187,22419,166790,108022,103606,1
19311,41198,71822,60509,91133,113020,0
10975,86064,53255,97039,64230,139319,0
91268,30435,4773,121703,96041,35208,0
20769,34730,9261,55499,30030,43991,0
88529,8359,25569,96888,114098,33928,0
44883,23630,33648,68513,78531,57278,1
39497,43548,63548,83045,103045,107096,1
36556,71431,99059,107987,135615,170490,1
34481,17479,93036,51960,127517,110515,0
29326,57430,39806,86756,69132,97236,1
41834,38625,31828,80459,73662,70453,1
88366,83349,52556,171715,140922,135905,1
1634,87966,86086,89600,87720,174052,0
70681,95731,3068,166412,73749,98799,0
69646,19519,80829,89165,150475,100348,1
99509,40913,50009,140422,149518,90922,0
83095,55260,56412,138355,139507,111672,1
20341,6280,91993,26621,112334,98273,0
52564,26754,67711,79318,120275,94465,1
45995,9746,30311,55741,76306,40057,0
51018,27287,87765,78305,138783,115052,0
17561,72078,54020,89639,71581,126098,0
80619,78033,55179,158652,135798,133212,1
91161,20180,45966,111341,137127,66146,0
8926,33639,15312,42565,24238,48951,0
60864,88520,26094,149384,86958,114614,0
14432,12842,28292,27274,42724,41134,0
96883,84757,99495,181640,196378,184252,1
38890,27109,19301,65999,58191,46410,1
11510,68418,80928,79928,92438,149346,0
47912,3772,38237,51684,86149,42009,0
94040,82082,18506,176122,112546,100588,1
8496,6458,49355,14954,57851,55813,0
3184,13229,97484,16413,100668,110713,0
44935,51602,5214,96537,50149,56816,0
96493,55763,8884,152256,105377,64647,0
39043,46433,82755,85476,121798,129188,1
24349,51068,16249,75417,40598,67317,0
14290,55050,73370,69340,87660,128420,0
23026,66428,76045,89454,99071,142473,1
49663,39212,3089,88875,52752,42301,0
91273,45048,33981,136321,125254,79029,0
92003,4134,82720,96137,174723,86854,0
32607,17143,61456,49750,94063,78599,0
94346,57845,5554,152191,99900,63399,0
13581,76159,99460,89740,113041,175619,0
80394,69865,31066,150259,111460,100931,1
90285,71897,69883,162182,160168,141780,1
82569,77971,6784,160540,89353,84755,1
88228,14030,64954,102258,153182,78984,0
50368,40743,63653,91111,114021,104396,1
10696,42705,62137,53401,72833,104842,0
15650,91154,72178,106804,87828,163332,0
48750,96268,57470,145018,106220,153738,1
23510,71403,39310,94913,62820,110713,0
500,63596,89255,64096,89755,152851,0
13708,47892,77197,61600,90905,125089,0
1848,87318,2368,89166,4216,89686,0
55673,33794,8181,89467,63854,41975,0
66112,90825,60268,156937,126380,151093,1
26109,4847,99226,30956,125335,104073,0
92923,22122,69202,115045,162125,91324,0
13957,51124,6751,65081,20708,57875,0
47384,15246,12717,62630,60101,27963,0
65310,82308,4002,147618,69312,86310,0
33984,89011,56242,122995,90226,145253,1
89281,82008,85250,171289,174531,167258,1
30248,92017,89553,122265,119801,181570,1
16136,78319,97557,94455,113693,175876,0
34879,42088,18572,76967,53451,60660,1
38968,85582,34337,124550,73305,119919,0
78697,52432,44014,131129,122711,96446,1
60578,90384,33878,150962,94456,124262,1
13827,78427,98774,92254,112601,177201,0
89871,4592,73518,94463,163389,78110,0
83217,36908,28790,120125,112007,65698,0
15408,75169,33774,90577,49182,108943,0
97481,70210,39232,167691,136713,109442,1
9280,32991,79891,42271,89171,112882,0
90485,31891,2240,122376,92725,34131,0
55865,73499,68524,129364,124389,142023,1
86032,86479,73473,172511,159505,159952,1
61352,33001,5325,94353,66677,38326,0
62985,41816,71633,104801,134618,113449,1
53911,64905,53744,118816,107655,118649,1
2852,58081,88441,60933,91293,146522,0
85657,11598,16984,97255,102641,28582,0
9650,20960,71843,30610,81493,92803,0
91350,83358,36404,174708,127754,119762,1
89753,45425,75160,135178,164913,120585,1
38995,84971,58898,123966,97893,143869,1
55166,84993,24087,140159,79253,109080,0
72816,21093,4014,93909,76830,25107,0
64477,95570,37303,160047,101780,132873,1
24101,5698,99008,29799,123109,104706,0
57843,84105,36376,141948,94219,120481,1
90698,86075,17755,176773,108453,103830,1
12004,60608,69576,72612,81580,130184,1
18112,72965,67552,91077,85664,140517,1
10994,31392,2683,42386,13677,34075,0
91759,15691,92213,107450,183972,107904,1
44279,72628,93043,116907,137322,165671,1
22662,98169,92625,120831,115287,190794,1
79373,39115,13178,118488,92551,52293,0
5009,97751,2698,102760,7707,100449,0
26883,562,89594,27445,116477,90156,0
66229,48297,22044,114526,88273,70341,1
99701,94406,93339,194107,193040,187745,1
99959,42852,49683,142811,149642,92535,0
93987,23205,97458,117192,191445,120663,1
17951,68689,38380,86640,56331,107069,0
25420,56859,14745,82279,40165,71604,0
66627,75062,46356,141689,112983,121418,1
80467,7433,9788,87900,90255,17221,0
3810,43281,16876,47091,20686,60157,0
67537,21309,66437,88846,133974,87746,1
35862,36988,18700,72850,54562,55688,1
30393,78439,37237,108832,67630,115676,0
49170,37836,4413,87006,53583,42249,0
1508,85132,84545,86640,86053,169677,1
70804,90667,96417,161471,167221,187084,1
82022,88750,4177,170772,86199,92927,0
38562,45401,50620,83963,89182,96021,1
60041,40140,44887,100181,104928,85027,1
13539,37430,19015,50969,32554,56445,0
22159,40571,10881,62730,33040,51452,0
32089,90778,88302,122867,120391,179080,1
89496,56467,41684,145963,131180,98151,1
87259,25768,2035,113027,89294,27803,0
12168,27092,49890,39260,62058,76982,0
6381,62291,95199,68672,101580,157490,0
14173,24074,32021,38247,46194,56095,1
77193,72431,20507,149624,97700,92938,1
81980,10475,47917,92455,129897,58392,0
44780,55224,61016,100004,105796,116240,1
18618,42326,34076,60944,52694,76402,1
99612,56861,64186,156473,163798,121047,1
14752,12040,24905,26792,39657,36945,1
90772,15677,68471,106449,159243,84148,0
18991,3616,14271,22607,33262,17887,0
23662,56612,10519,80274,34181,67131,0
30561,60699,88966,91260,119527,149665,1
62143,37650,99197,99793,161340,136847,1
72641,39998,73916,112639,146557,113914,1
42553,36410,21325,78963,63878,57735,1
83107,6888,76527,89995,159634,83415,1
2081,7582,94924,9663,97005,102506,0
28571,23695,48233,52266,76804,71928,1
67190,66285,53405,133475,120595,119690,1
33359,2631,63408,35990,96767,66039,0
15215,11573,841,26788,16056,12414,0
26307,45982,1843,72289,28150,47825,0
35768,77338,8723,113106,44491,86061,0
23832,55278,13226,79110,37058,68504,0
50400,23499,81920,73899,132320,105419,0
48436,61679,50543,110115,98979,112222,1
38525,54056,23499,92581,62024,77555,1
3743,25883,75285,29626,79028,101168,0
8979,83827,1705,92806,10684,85532,0
37880,37197,54515,75077,92395,91712,1
30944,19923,155,50867,31099,20078,0
50869,9331,23787,60200,74656,33118,0
33226,10349,13366,43575,46592,23715,0
9250,90378,4322,99628,13572,94700,0
94272,85584,77913,179856,172185,163497,1
36326,30402,49906,66728,86232,80308,1
93861,57200,89756,151061,183617,146956,1
67577,19617,45712,87194,113289,65329,0
91966,46503,86465,138469,178431,132968,1
98944,14160,28475,113104,127419,42635,0
73371,74089,31681,147460,105052,105770,1
22417,4274,98750,26691,121167,103024,0
42343,49813,48046,92156,90389,97859,1
34730,19451,79268,54181,113998,98719,0
27466,70838,60719,98304,88185,131557,1
79232,92757,18599,171989,97831,111356,1
13007,57309,39529,70316,52536,96838,0
62580,76694,24183,139274,86763,100877,1
51084,19369,84198,70453,135282,103567,0
92642,74410,96693,167052,189335,171103,1
73327,77603,60680,150930,134007,138283,1
11545,60836,92281,72381,103826,153117,0
88650,59676,26842,148326,115492,86518,0
24679,74130,52571,98809,77250,126701,1
9078,43570,47851,52648,56929,91421,1
80526,79006,23687,159532,104213,102693,1
82928,65081,99399,148009,182327,164480,1
9141,24795,84263,33936,93404,109058,0
53256,88744,27986,142000,81242,116730,0
72161,53938,91027,126099,163188,144965,1
52811,61594,76198,114405,129009,137792,1
68348,62685,69124,131033,137472,131809,1
63882,72170,38724,136052,102606,110894,1
45377,72978,93970,118355,139347,166948,1
30922,65418,39204,96340,70126,104622,1
98466,46571,93469,145037,191935,140040,1
14500,90693,91845,105193,106345,182538,1
57318,93231,1738,150549,59056,94969,0
51908,87664,79967,139572,131875,167631,1
70740,31468,98701,102208,169441,130169,1
43669,74776,17241,118445,60910,92017,0
75963,72895,82474,148858,158437,155369,1
24189,32469,46744,56658,70933,79213,1
95066,91240,7558,186306,102624,98798,1
24994,31131,28217,56125,53211,59348,1
35974,87137,34270,123111,70244,121407,0
43169,94342,80191,137511,123360,174533,1
68879,81761,72755,150640,141634,154516,1
68751,28667,98034,97418,166785,126701,0
26745,4450,24169,31195,50914,28619,1
44378,26278,69256,70656,113634,95534,1
51547,65061,86995,116608,138542,152056,1
88977,15453,93528,104430,182505,108981,1
78486,60136,68666,138622,147152,128802,1
63183,22824,78001,86007,141184,100825,1
77109,35001,13960,112110,91069,48961,0
40044,25372,67146,65416,107190,92518,0
26016,44187,94161,70203,120177,138348,0
79328,86246,65134,165574,144462,151380,1
89010,73422,61979,162432,150989,135401,1
47547,52735,81815,100282,129362,134550,1
81353,55697,12301,137050,93654,67998,0
48221,80621,99430,128842,147651,180051,1
19010,28499,17306,47509,36316,45805,1
28067,3110,52730,31177,80797,55840,0
