side1^2,side2^2,side3^2,side1^2+side2^2,side1^2+side3^2,side2^2+side3^2,validity
9217296,25603600,16386304,34820896,25603600,41989904,1
109725625,156225001,131951169,265950626,241676794,288176170,0
451647504,1254576400,802928896,1706223904,1254576400,2057505296,1
529736256,1382649856,906010000,1912386112,1435746256,2288659856,0
36869184,65545216,102414400,102414400,139283584,167959616,1
153983281,208311489,270832849,362294770,424816130,479144338,0
921729600,589906944,331822656,1511636544,1253552256,921729600,1
1593526561,1145619409,771450625,2739145970,2364977186,1917070034,0
1638630400,1048723456,589906944,2687353856,2228537344,1638630400,1
1946221456,1297440400,779749776,3243661856,2725971232,2077190176,0
409657600,230432400,640090000,640090000,1049747600,870522400,1
420045025,238239225,653058025,658284250,1073103050,891297250,0
82955664,147476736,230432400,230432400,313388064,377909136,1
125552025,202806081,298494729,328358106,424046754,501300810,0
18870336,1605289,20475625,20475625,39345961,22080914,1
20151121,1993744,21808900,22144865,41960021,23802644,0
314636644,4013222500,3698585856,4327859144,4013222500,7711808356,1
626250625,4989585769,4638018609,5615836394,5264269234,9627604378,0
4607015625,361190025,4245825600,4968205650,8852841225,4607015625,1
5452640964,623600784,5059050129,6076241748,10511691093,5682650913,0
4830806016,410953984,5241760000,5241760000,10072566016,5652713984,1
6211331344,874976400,6676197264,7086307744,12887528608,7551173664,0
160528900,2047562500,1887033600,2208091400,2047562500,3934596100,1
299428416,2488413456,2311109476,2787841872,2610537892,4799522932,0
5453527104,5917455625,463928521,11370982729,5917455625,6381384146,1
7010210529,7534934416,987090724,14545144945,7997301253,8522025140,0
3460380625,3189086784,271293841,6649467409,3731674466,3460380625,1
4719003025,4401260964,693848281,9120263989,5412851306,5095109245,0
68359824,94381225,162741049,162741049,231100873,257122274,1
116402521,149719696,233417284,266122217,349819805,383136980,0
650964196,273439296,377524900,924403492,1028489096,650964196,1
1006919824,517744516,657819904,1524664340,1664739728,1175564420,0
849431025,615238416,1464669441,1464669441,2314100466,2079907857,1
1237421329,950858896,1962755809,2188280225,3200177138,2913614705,0
3349631376,7974311401,4624680025,11323942777,7974311401,12598991426,1
4335695716,9461258361,5772200625,13796954077,10107896341,15233458986,0
10415427136,6040398400,4375028736,16455825536,14790455872,10415427136,1
10483916881,6092583025,4419457441,16576499906,14903374322,10512040466,0
1708995600,4068526225,2359530625,5777521825,4068526225,6428056850,1
2001041289,4512883684,2700673024,6513924973,4701714313,7213556708,0
1093757184,2603856784,1510099600,3697613968,2603856784,4113956384,1
1596801600,3354263056,2092879504,4951064656,3689681104,5447142560,0
51236964,26316900,24920064,77553864,76157028,51236964,1
79959364,47803396,45914176,127762760,125873540,93717572,0
947408400,1844530704,897122304,2791939104,1844530704,2741653008,1
1111755649,2071251121,1057225225,3183006770,2168980874,3128476346,0
461132676,224280576,236852100,685413252,697984776,461132676,1
723341025,416037609,433097721,1139378634,1156438746,849135330,0
204947856,99680256,105267600,304628112,310215456,204947856,1
541725625,358837249,369369961,900562874,911095586,728207210,0
1280924100,623001600,657922500,1903925700,1938846600,1280924100,1
2055806281,1191009121,1239110401,3246815402,3294916682,2430119522,0
421070400,398721024,819791424,819791424,1240861824,1218512448,1
574848576,548683776,1029639744,1123532352,1604488320,1578323520,0
1684281600,3279165696,1594884096,4963447296,3279165696,4874049792,1
1841010649,3496475161,1747490809,5337485810,3588501458,5243965970,0
41796225,11888704,53684929,53684929,95481154,65573633,1
166771396,97950609,189778176,264722005,356549572,287728785,0
582546496,2048015025,2630561521,2630561521,3213108017,4678576546,1
700713841,2264808100,2875533376,2965521941,3576247217,5140341476,0
1932657444,427993344,1504664100,2360650788,3437321544,1932657444,1
2056259716,487173184,1613950276,2543432900,3670209992,2101123460,0
214739716,47554816,167184900,262294532,381924616,214739716,1
369408400,131377444,306110016,500785844,675518416,437487460,0
3435835456,760877056,2674958400,4196712512,6110793856,3435835456,1
3627171076,852289636,2844088900,4479460712,6471259976,3696378536,0
1044905625,297217600,1342123225,1342123225,2387028850,1639340825,1
1788105796,739894401,2171187216,2528000197,3959293012,2911081617,0
190219264,668739600,858958864,858958864,1049178128,1527698464,1
497914596,1182121924,1431108900,1680036520,1929023496,2613230824,0
10188864,65205625,75394489,75394489,85583353,140600114,1
13351716,72880369,83631025,86232085,96982741,156511394,0
1206311824,163021824,1043290000,1369333648,2249601824,1206311824,1
1394499649,236513641,1218777921,1631013290,2613277570,1455291562,0
366799104,2347402500,2714201604,2714201604,3081000708,5061604104,1
692900329,3093695641,3512814361,3786595970,4205714690,6606510002,0
4825247296,652087296,4173160000,5477334592,8998407296,4825247296,1
4882515625,673246809,4226430121,5555762434,9108945746,4899676930,0
91699776,586850625,678550401,678550401,770250177,1265401026,1
156950784,738589329,841058001,895540113,998008785,1579647330,0
499254336,3195075625,3694329961,3694329961,4193584297,6889405586,1
941078329,4206560164,4776744996,5147638493,5717823325,8983305160,0
260822500,40755456,301577956,301577956,562400456,342333412,1
477597316,146119744,532224900,623717060,1009822216,678344644,0
38025,597529,559504,635554,597529,1157033,1
39955041,47596201,47251876,87551242,87206917,94848077,0
86044176,80568576,5475600,166612752,91519776,86044176,1
96904336,91087936,8456464,187992272,105360800,99544400,0
72301009,4601025,67699984,76902034,140000993,72301009,1
97121025,12229009,91776400,109350034,188897425,104005409,0
8555625,125888400,134444025,134444025,142999650,260332425,1
22212369,169208064,179104689,191420433,201317058,348312753,0
94556176,6426225,100982401,100982401,195538577,107408626,1
288966001,96236100,300120976,385202101,589086977,396357076,0
117115684,7452900,109662784,124568584,226778468,117115684,1
154206724,18714276,145636624,172921000,299843348,164350900,0
59752900,3802500,55950400,63555400,115703300,59752900,1
72556324,7496644,68359824,80052968,140916148,75856468,0
1849600,665856,1183744,2515456,3033344,1849600,1
114725521,103367889,108972721,218093410,223698242,212340610,0
143233024,223801600,80568576,367034624,223801600,304370176,1
318336964,434055556,220522500,752392520,538859464,654578056,0
266342400,416160000,149817600,682502400,416160000,565977600,1
290089024,445716544,167754304,735805568,457843328,613470848,0
95883264,170459136,266342400,266342400,362225664,436801536,1
342805225,474324841,627151849,817130066,969957074,1101476690,0
130507776,232013824,362521600,362521600,493029376,594535424,1
388050601,552579049,746109225,940629650,1134159826,1298688274,0
473497600,303038464,170459136,776536064,643956736,473497600,1
721889424,506970256,329930896,1228859680,1051820320,836901152,0
312582400,112529664,200052736,425112064,512635136,312582400,1
513430281,242954569,365689129,756384850,879119410,608643698,0
147456,82944,230400,230400,377856,313344,1
7182400,6677056,7706176,13859456,14888576,14383232,0
8294400,14745600,23040000,23040000,31334400,37785600,1
137874564,161340804,186650244,299215368,324524808,347991048,0
27878400,17842176,10036224,45720576,37914624,27878400,1
216619524,186650244,158911236,403269768,375530760,345561480,0
66585600,42614784,23970816,109200384,90556416,66585600,1
232135696,185068816,143328784,417204512,375464480,328397600,0
47775744,26873856,74649600,74649600,122425344,101523456,1
66601921,41383489,97792321,107985410,164394242,139175810,0
21233664,11943936,33177600,33177600,54411264,45121536,1
183575401,153685609,216119401,337261010,399694802,369805010,0
18662400,33177600,51840000,51840000,70502400,85017600,1
98664489,129345129,164172969,228009618,262837458,293518098,0
40832100,56640676,15808576,97472776,56640676,72449252,1
242082481,278723025,172791025,520805506,414873506,451514050,0
252937216,653313600,906250816,906250816,1159188032,1559564416,1
255680100,657717316,911436100,913397416,1167116200,1569153416,0
774620224,2775393124,2000772900,3550013348,2775393124,4776166024,1
1068178489,3310046089,2458275561,4378224578,3526454050,5768321650,0
226562704,163328400,63234304,389891104,289797008,226562704,1
288864016,216796176,97930816,505660192,386794832,314726992,0
2613254400,3625003264,1011748864,6238257664,3625003264,4636752128,1
3167100729,4272583225,1366411225,7439683954,4533511954,5638994450,0
569108736,2039064336,1469955600,2608173072,2039064336,3509019936,1
579942724,2059525924,1487336356,2639468648,2067279080,3546862280,0
1416016900,1020802500,395214400,2436819400,1811231300,1416016900,1
1539542169,1126072249,461691169,2665614418,2001233338,1587763418,0
1768900,82337476,80568576,84106376,82337476,162906052,1
8248384,112699456,110628324,120947840,118876708,223327780,0
5156388864,113209600,5269598464,5269598464,10425987328,5382808064,1
6187080964,305900100,6311031364,6492981064,12498112328,6616931464,0
329349904,322274304,7075600,651624208,336425504,329349904,1
396368281,388602369,19545241,784970650,415913522,408147610,0
4034536324,3947860224,86676100,7982396548,4121212424,4034536324,1
4645921921,4552875625,194686209,9198797546,4840608130,4747561834,0
725117184,741037284,15920100,1466154468,741037284,756957384,1
997549056,1016206884,74753316,2013755940,1072302372,1090960200,0
2964149136,2900468736,63680400,5864617872,3027829536,2964149136,1
3277219009,3210242281,116273089,6487461290,3393492098,3326515370,0
28302400,1317399616,1289097216,1345702016,1317399616,2606496832,1
40921609,1396741129,1367594361,1437662738,1408515970,2764335490,0
34574400,12006225,46580625,46580625,81155025,58586850,1
62267881,29986576,78074896,92254457,140342777,108061472,0
768398400,2212761600,2981160000,2981160000,3749558400,5193921600,1
1412030929,3237268609,4154704849,4649299538,5566735778,7391973458,0
186322500,48024900,138297600,234347400,324620100,186322500,1
429069796,195832036,354342976,624901832,783412772,550175012,0
1164515625,864360000,300155625,2028875625,1464671250,1164515625,1
1892511009,1503733284,713050209,3396244293,2605561218,2216783493,0
1694145600,588305025,2282450625,2282450625,3976596225,2870755650,1
1936264009,734301604,2562181924,2670565613,4498445933,3296483528,0
553190400,192099600,745290000,745290000,1298480400,937389600,1
642926736,246364416,848906496,889291152,1491833232,1095270912,0
419225625,311169600,108056025,730395225,527281650,419225625,1
790340769,638977284,325189089,1429318053,1115529858,964166373,0
120670225,31102929,89567296,151773154,210237521,120670225,1
194490916,72897444,154380625,267388360,348871541,227278069,0
7722894400,5732306944,1990587456,13455201344,9713481856,7722894400,1
8517074944,6419214400,2403352576,14936289344,10920427520,8822566976,0
3224422656,4344128100,1119705444,7568550756,4344128100,5463833544,1
3730155625,4928180401,1425289009,8658336026,5155444634,6353469410,0
124411716,358269184,482680900,482680900,607092616,840950084,1
363588624,720492964,893053456,1084081588,1256642080,1613546420,0
497646864,1433076736,1930723600,1930723600,2428370464,3363800336,1
647702500,1680836004,2216714724,2328538504,2864417224,3897550728,0
3016755625,777573225,2239182400,3794328850,5255938025,3016755625,1
3223854841,884408121,2418082276,4108262962,5641937117,3302490397,0
4388797504,5912841025,1524043521,10301638529,5912841025,7436884546,1
5513508009,7208010000,2213137936,12721518009,7726645945,9421147936,0
105719524,76212900,29506624,181932424,135226148,105719524,1
204633025,162639009,89397025,367272034,294030050,252036034,0
422878096,304851600,118026496,727729696,540904592,422878096,1
556535281,419717169,192959881,976252450,749495162,612677050,0
951475716,265559616,685916100,1217035332,1637391816,951475716,1
1257624369,437353569,949071249,1694977938,2206695618,1386424818,0
737665600,2642988100,1905322500,3380653700,2642988100,4548310600,1
1063868689,3233855689,2411497449,4297724378,3475366138,5645353138,0
472105984,1219406400,1691512384,1691512384,2163618368,2910918784,1
541074121,1328821209,1819960921,1869895330,2361035042,3148782130,0
6766049536,4877625600,1888423936,11643675136,8654473472,6766049536,1
8261719236,6158796484,2713784836,14420515720,10975504072,8872581320,0
1062238464,3805902864,2743664400,4868141328,3805902864,6549567264,1
1312323076,4267486276,3137568196,5579809352,4449891272,7405054472,0
23961025,42211009,18249984,66172034,42211009,60460993,1
156525121,199176769,141324544,355701890,297849665,340501313,0
675376144,291999744,383376400,967375888,1058752544,675376144,1
1123590400,606144400,735060544,1729734800,1858650944,1341204944,0
95844100,72999936,168844036,168844036,264688136,241843972,1
128504896,101808100,211411600,230312996,339916496,313219700,0
656999424,1519596324,862596900,2176595748,1519596324,2382193224,1
885895696,1858816996,1122384004,2744712692,2008279700,2981201000,0
1533505600,1167998976,2701504576,2701504576,4235010176,3869503552,1
1662682176,1281067264,2872102464,2943749440,4534784640,4153169728,0
456249600,599025625,1055275225,1055275225,1511524825,1654300850,1
914397121,1112489316,1710980496,2026886437,2625377617,2823469812,0
164249856,379899081,215649225,544148937,379899081,595548306,1
249766416,505305441,312334929,755071857,562101345,817640370,0
7001316,48441600,55442916,55442916,62444232,103884516,1
79995136,175774564,188897536,255769700,268892672,364672100,0
28005264,221771664,193766400,249776928,221771664,415538064,1
32398864,233845264,205062400,266244128,237461264,438907664,0
2373638400,343064484,2716702884,2716702884,5090341284,3059767368,1
2628920529,444155625,2989355625,3073076154,5618276154,3433511250,0
1386072900,175032900,1211040000,1561105800,2597112900,1386072900,1
2152774404,501670404,1933185024,2654444808,4085959428,2434855428,0
448084224,3548346624,3100262400,3996430848,3548346624,6648609024,1
570540996,3879545796,3410326404,4450086792,3980867400,7289872200,0
775065600,887086656,112021056,1662152256,887086656,999107712,1
1340072449,1486179601,374461201,2826252050,1714533650,1860640802,0
1743897600,252047376,1995944976,1995944976,3739842576,2247992352,1
1877142276,304223364,2138322564,2181365640,4015464840,2442545928,0
15876,14400,30276,30276,46152,44676,1
3802500,3779136,3992004,7581636,7794504,7771140,0
3240000,6812100,3572100,10052100,6812100,10384200,1
121242121,139736041,123232201,260978162,244474322,262968242,0
5143824,9809424,4665600,14953248,9809424,14475024,1
101163364,119290084,99002500,220453448,200165864,218292584,0
3111696,2822400,5934096,5934096,9045792,8756496,1
51051025,49857721,61105489,100908746,112156514,110963210,0
1440000,1587600,3027600,3027600,4467600,4615200,1
3422500,3648100,5712100,7070600,9134600,9360200,0
8749764,4161600,4588164,12911364,13337928,8749764,1
30713764,21381376,22335076,52095140,53048840,43716452,0
3686400,7750656,4064256,11437056,7750656,11814912,1
96079204,113763556,97970404,209842760,194049608,211733960,0
104040000,50808384,53231616,154848384,157271616,104040000,1
259725456,170145936,174556944,429871392,434282400,344702880,0
5097960000,2489610816,2608349184,7587570816,7706309184,5097960000,1
5480885089,2759295841,2884227025,8240180930,8365112114,5643522866,0
203233536,212926464,416160000,416160000,619393536,629086464,1
485409024,500327424,793886976,985736448,1279296000,1294214400,0
1664640000,812934144,851705856,2477574144,2516345856,1664640000,1
1926507664,998812816,1041740176,2925320480,2968247840,2040552992,0
1270209600,2601000000,1330790400,3871209600,2601000000,3931790400,1
1280924100,2616322500,1341756900,3897246600,2622681000,3958079400,0
479084544,936360000,457275456,1415444544,936360000,1393635456,1
762698689,1319796241,735114769,2082494930,1497813458,2054911010,0
1829101824,3745440000,1916338176,5574541824,3745440000,5661778176,1
2439470881,4599959329,2540059201,7039430210,4979530082,7140018530,0
176400,112896,63504,289296,239904,176400,1
51494976,50296464,49112064,101791440,100607040,99408528,0
57153600,36578304,20575296,93731904,77728896,57153600,1
293916736,244359424,199374400,538276160,493291136,443733824,0
28901376,16257024,45158400,45158400,74059776,61415424,1
40793769,25431849,59768361,66225618,100562130,85200210,0
13660416,21344400,7683984,35004816,21344400,29028384,1
179908569,205549569,155975121,385458138,335883690,361524690,0
17640000,6350400,11289600,23990400,28929600,17640000,1
151585344,113039424,131606784,264624768,283192128,244646208,0
34574400,12446784,22127616,47021184,56702016,34574400,1
127870864,80209936,102657424,208080800,230528288,182867360,0
50979600,18352656,32626944,69332256,83606544,50979600,1
241771401,161112249,199402641,402883650,441174042,360514890,0
62758084,41964484,20793600,104722568,83551684,62758084,1
91795561,66210769,38675961,158006330,130471522,104886730,0
4016517376,1330790400,2685726976,5347307776,6702244352,4016517376,1
4657243536,1709657104,3213982864,6366900640,7871226400,4923639968,0
377680356,187142400,564822756,564822756,942503112,751965156,1
739785601,459888025,994203961,1199673626,1733989562,1454091986,0
83174400,167857936,251032336,251032336,334206736,418890272,1
124255609,224490289,319372641,348745898,443628250,543862930,0
1004129344,332697600,671431744,1336826944,1675561088,1004129344,1
1037097616,351787536,698439184,1388885152,1735536800,1050226720,0
2259291024,748569600,1510721424,3007860624,3770012448,2259291024,1
2508507225,894787569,1715699241,3403294794,4224206466,2610486810,0
1018886400,3075146116,2056259716,4094032516,3075146116,5131405832,1
1529670321,3924396025,2760136369,5454066346,4289806690,6684532394,0
164301124,70560000,93741124,234861124,258042248,164301124,1
328334400,187744804,224520256,516079204,552854656,412265060,0
2343528100,4107528100,1764000000,6451056200,4107528100,5871528100,1
2517530625,4336881025,1915375225,6854411650,4432905850,6252256250,0
657204496,374964496,282240000,1032168992,939444496,657204496,1
860542225,531901969,420209001,1392444194,1280751226,952110970,0
10515271936,5999431936,4515840000,16514703872,15031111936,10515271936,1
12214449361,7298455761,5651280625,19512905122,17865729986,12949736386,0
3374680464,2540160000,5914840464,5914840464,9289520928,8455000464,1
3826041025,2933630569,6507810241,6759671594,10333851266,9441440810,0
843670116,1478710116,635040000,2322380232,1478710116,2113750116,1
863654544,1505129616,652393764,2368784160,1516048308,2157523380,0
1499857984,2628817984,1128960000,4128675968,2628817984,3757777984,1
2218881025,3558003201,1762068529,5776884226,3980949554,5320071730,0
3705625,6528025,2822400,10233650,6528025,9350425,1
12075625,16851025,10432900,28926650,22508525,27283925,0
1886599225,815673600,1070925625,2702272825,2957524850,1886599225,1
2162343001,1000203876,1280995681,3162546877,3443338682,2281199557,0
1468805625,635040000,833765625,2103845625,2302571250,1468805625,1
1561277169,696326544,903783969,2257603713,2465061138,1600110513,0
448380625,789891025,341510400,1238271650,789891025,1131401425,1
693479556,1106493696,558802321,1799973252,1252281877,1665296017,0
652802500,370562500,282240000,1023365000,935042500,652802500,1
904204900,565012900,454542400,1469217800,1358747300,1019555300,0
626250625,1103236225,476985600,1729486850,1103236225,1580221825,1
933669136,1501252516,749171641,2434921652,1682840777,2250424157,0
1279492900,553190400,726302500,1832683300,2005795400,1279492900,1
1830213961,932141961,1153349521,2762355922,2983563482,2085491482,0
4734976,17424,4752400,4752400,9487376,4769824,1
45643536,22202944,45697600,67846480,91341136,67900544,0
1742400,473497600,475240000,475240000,476982400,948737600,1
97318225,918393025,920819025,1015711250,1018137250,1839212050,0
575040400,572932096,2108304,1147972496,577148704,575040400,1
776959876,774508900,28579716,1551468776,805539592,803088616,0
928055296,931470400,3415104,1859525696,931470400,934885504,1
1100846041,1104565225,20820969,2205411266,1121667010,1125386194,0
5035536,1373443600,1368408064,1378479136,1373443600,2741851664,1
12517444,1471029316,1465817796,1483546760,1478335240,2936847112,0
1069290000,1065369600,3920400,2134659600,1073210400,1069290000,1
1268641924,1264371364,23990404,2533013288,1292632328,1288361768,0
4460544,1212153856,1216614400,1216614400,1221074944,2428768256,1
31798321,1470185649,1475097649,1501983970,1506895970,2945283298,0
32821441,8850625,23970816,41672066,56792257,32821441,1
83521321,40768225,68989636,124289546,152510957,109757861,0
1608250609,433680625,1174569984,2041931234,2782820593,1608250609,1
1870303009,574512961,1399957056,2444815970,3270260065,1974470017,0
221265625,599270400,820536025,820536025,1041801650,1419806425,1
386790889,856849984,1118032969,1243640873,1504823858,1974882953,0
525143056,383533056,141610000,908676112,666753056,525143056,1
674596729,512614881,223711849,1187211610,898308578,736326730,0
566440000,2100572224,1534132224,2667012224,2100572224,3634704448,1
1120307841,3080583009,2385247921,4200890850,3505555762,5465830930,0
318622500,862949376,1181571876,1181571876,1500194376,2044521252,1
523494400,1183772836,1552675216,1707267236,2076169616,2736448052,0
95883264,131285764,35402500,227169028,131285764,166688264,1
256096009,312193561,147889921,568289570,403985930,460083482,0
87609600,2944656,90554256,90554256,178163856,93498912,1
193488100,39262756,197852356,232750856,391340456,237115112,0
2263856400,73616400,2190240000,2337472800,4454096400,2263856400,1
2657608704,157552704,2577795984,2815161408,5235404688,2735348688,0
5795472384,5607014400,188457984,11402486784,5983930368,5795472384,1
7049449521,6841440369,464876721,13890889890,7514326242,7306317090,0
144288144,4437158544,4292870400,4581446688,4437158544,8730028944,1
177342489,4612718889,4465580625,4790061378,4642923114,9078299514,0
788486400,26501904,814988304,814988304,1603474704,841490208,1
1344835584,188787600,1379379600,1533623184,2724215184,1568167200,0
47114496,1401753600,1448868096,1448868096,1495982592,2850621696,1
121088016,1728896400,1781177616,1849984416,1902265632,3510074016,0
106007616,3153945600,3259953216,3259953216,3365960832,6413898816,1
179426025,3511629081,3623438025,3691055106,3802864050,7135067106,0
2350089,2131600,4481689,4481689,6831778,6613289,1
3873024,3591025,6512704,7464049,10385728,10103729,0
1452067236,690638400,761428836,2142705636,2213496072,1452067236,1
2265664801,1279707529,1375445569,3545372330,3641110370,2655153098,0
448168900,235008900,213160000,683177800,661328900,448168900,1
514291684,283518244,259467664,797809928,773759348,542985908,0
878411044,417793600,460617444,1296204644,1339028488,878411044,1
1526074225,892037689,954130321,2418111914,2480204546,1846168010,0
542284369,284360769,257923600,826645138,800207969,542284369,1
915304516,567868900,530242729,1483173416,1445547245,1098111629,0
679175721,1295208121,616032400,1974383842,1295208121,1911240521,1
816873561,1482943081,747475600,2299816642,1564349161,2230418681,0
397165041,360240400,757405441,757405441,1154570482,1117645841,1
536709889,493639524,946116081,1030349413,1482825970,1439755605,0
9790641,1147041,8643600,10937682,18434241,9790641,1
39942400,18164644,37589161,58107044,77531561,55753805,0
2498000400,2829495249,331494849,5327495649,2829495249,3160990098,1
2505803364,2837799441,334341225,5343602805,2840144589,3172140666,0
138791961,1184667561,1045875600,1323459522,1184667561,2230543161,1
227436561,1422722961,1270209600,1650159522,1497646161,2692932561,0
1944810000,258084225,2202894225,2202894225,4147704225,2460978450,1
2252166849,377214084,2529285264,2629380933,4781452113,2906499348,0
1244678400,1409852304,165173904,2654530704,1409852304,1575026208,1
1497922209,1678622841,264875625,3176545050,1762797834,1943498466,0
1694145600,224820036,1918965636,1918965636,3613111236,2143785672,1
1756783396,247999504,1985593600,2004782900,3742376996,2233593104,0
1460768400,1654618329,193849929,3115386729,1654618329,1848468258,1
2236722436,2475162001,528862009,4711884437,2765584445,3004024010,0
1795600,1010025,2805625,2805625,4601225,3815650,1
52417600,47679025,57380625,100096625,109798225,105059650,0
351937600,549902500,197964900,901840100,549902500,747867400,1
493017616,723287236,306740196,1216304852,799757812,1030027432,0
404010000,227255625,631265625,631265625,1035275625,858521250,1
587674564,369293089,856557289,956967653,1444231853,1225850378,0
179560000,280562500,101002500,460122500,280562500,381565000,1
492041124,651883024,354644224,1143924148,846685348,1006527248,0
122213025,339480625,217267600,461693650,339480625,556748225,1
243360000,527620900,371911225,770980900,615271225,899532125,0
810825625,518928400,291897225,1329754025,1102722850,810825625,1
1390320369,998054464,670654609,2388374833,2060974978,1668709073,0
327248100,581774400,909022500,909022500,1236270600,1490796900,1
671224464,1020035844,1441569024,1691260308,2112793488,2461604868,0
8122500,5198400,2924100,13320900,11046600,8122500,1
68624656,59505796,51036736,128130452,119661392,110542532,0
2631690000,947408400,1684281600,3579098400,4315971600,2631690000,1
3747031369,1655920249,2596208209,5402951618,6343239578,4252128458,0
421070400,1169640000,748569600,1590710400,1169640000,1918209600,1
673039249,1569982129,1074725089,2243021378,1747764338,2644707218,0
1372702500,494172900,878529600,1866875400,2251232100,1372702500,1
1677885444,683404164,1125736704,2361289608,2803622148,1809140868,0
982822500,353816100,629006400,1336638600,1611828900,982822500,1
1274204416,536200336,865889476,1810404752,2140093892,1402089812,0
657922500,1169640000,1827562500,1827562500,2485485000,2997202500,1
818131609,1380345409,2088764209,2198477018,2906895818,3469109618,0
2079360000,1330790400,748569600,3410150400,2827929600,2079360000,1
2450646016,1630867456,977437696,4081513472,3428083712,2608305152,0
1713481,21855625,20142144,23569106,21855625,41997769,1
48566961,106812225,102981904,155379186,151548865,209794129,0
246741264,2900468736,3147210000,3147210000,3393951264,6047678736,1
338964921,3198920481,3457792809,3537885402,3796757730,6656713290,0
4531982400,4917515625,385533225,9449498025,4917515625,5303048850,1
5704327729,6135902224,775176964,11840229953,6479504693,6911079188,0
495196009,5821079616,6316275625,6316275625,6811471634,12137355241,1
854860644,6935724961,7475331600,7790585605,8330192244,14411056561,0
2644530625,207331201,2437199424,2851861826,5081730049,2644530625,1
3742502976,583222500,3495056161,4325725476,7237559137,4078278661,0
438651136,5156388864,5595040000,5595040000,6033691136,10751428864,1
608756929,5705838369,6166803841,6314595298,6775560770,11872642210,0
3404022336,3693600625,289578289,7097622961,3693600625,3983178914,1
3785079529,4090114116,407878416,7875193645,4192957945,4497992532,0
40832100,9096256,49928356,49928356,90760456,59024612,1
123965956,60217600,139476100,184183556,263442056,199693700,0
449355204,367488900,81866304,816844104,531221508,449355204,1
937645641,817559649,341177841,1755205290,1278823482,1158737490,0
145540096,798853696,653313600,944393792,798853696,1452167296,1
195552256,911073856,755150400,1106626112,950702656,1666224256,0
327465216,1797420816,1469955600,2124886032,1797420816,3267376416,1
702515025,2581148025,2185469001,3283663050,2887984026,4766617026,0
199713424,163328400,36385024,363041824,236098448,199713424,1
540934564,479872836,229764964,1020807400,770699528,709637800,0
2613254400,582160384,3195414784,3195414784,5808669184,3777575168,1
2965455936,754271296,3583698496,3719727232,6549154432,4337969792,0
1020802500,1248208900,227406400,2269011400,1248208900,1475615300,1
1483636324,1755442404,468635904,3239078728,1952272228,2224078308,0
40998409,29942784,11055625,70941193,52054034,40998409,1
91126116,74218225,41835024,165344341,132961140,116053249,0
1024960225,748569600,276390625,1773529825,1301350850,1024960225,1
1694310244,1332761049,664195984,3027071293,2358506228,1996957033,0
1467196416,2008922041,541725625,3476118457,2008922041,2550647666,1
1763160100,2352929049,726895521,4116089149,2490055621,3079824570,0
368985681,269485056,99500625,638470737,468486306,368985681,1
717168400,575376169,307862116,1292544569,1025030516,883238285,0
176890000,479084544,655974544,655974544,832864544,1135059088,1
425803225,853983729,1085504809,1279786954,1511308034,1939488538,0
44222500,119771136,163993636,163993636,208216136,283764772,1
152720164,277289104,342768196,430009268,495488360,620057300,0
1077940224,1475942724,398002500,2553882948,1475942724,1873945224,1
1564756249,2037890449,711555625,3602646698,2276311874,2749446074,0
89038096,24010000,65028096,113048096,154066192,89038096,1
250209124,127283524,208686916,377492648,458896040,335970440,0
384160000,1040449536,1424609536,1424609536,1808769536,2465059072,1
462809169,1167520561,1572677649,1630329730,2035486818,2740198210,0
216090000,585252864,801342864,801342864,1017432864,1386595728,1
232166169,611523441,832034025,843689610,1064200194,1443557466,0
96040000,356152384,260112384,452192384,356152384,616264768,1
104448400,372181264,273836304,476629664,378284704,646017568,0
600250000,1625702400,2225952400,2225952400,2826202400,3851654800,1
894787569,2091507289,2766023649,2986294858,3660811218,4857530938,0
4161798144,5698438144,1536640000,9860236288,5698438144,7235078144,1
4888247056,6543515664,1989516816,11431762720,6877763872,8533032480,0
4362866704,1176490000,3186376704,5539356704,7549243408,4362866704,1
5403132036,1743396516,4083465604,7146528552,9486597640,5826862120,0
11289600,16842816,28132416,28132416,39422016,44975232,1
105884100,121749156,149670756,227633256,255554856,271419912,0
553190400,1378488384,825297984,1931678784,1378488384,2203786368,1
679697041,1574423041,978375841,2254120082,1658072882,2552798882,0
421070400,282240000,703310400,703310400,1124380800,985550400,1
455651716,310675876,747803716,766327592,1203455432,1058479592,0
67371264,45158400,112529664,112529664,179900928,157688064,1
174689089,137569441,243890689,312258530,418579778,381460130,0
253191744,101606400,151585344,354798144,404777088,253191744,1
647091844,384395236,476898244,1031487080,1123990088,861293480,0
722534400,1077940224,1800474624,1800474624,2523009024,2878414848,1
1159402500,1600160004,2460358404,2759562504,3619760904,4060518408,0
1012766976,406425600,606341376,1419192576,1619108352,1012766976,1
1688716836,866124900,1148803236,2554841736,2837520072,2014928136,0
11758041,20903184,32661225,32661225,44419266,53564409,1
92813956,116143729,142086400,208957685,234900356,258230129,0
293951025,105822369,188128656,399773394,482079681,293951025,1
381538089,160655625,259338816,542193714,640876905,419994441,0
2090318400,1337803776,752514624,3428122176,2842833024,2090318400,1
2629638400,1775442496,1088472064,4405080896,3718110464,2863914560,0
1600400025,576144009,1024256016,2176544034,2624656041,1600400025,1
2459366464,1128288100,1729811281,3587654564,4189177745,2858099381,0
130644900,47032164,83612736,177677064,214257636,130644900,1
161239204,66031876,108409744,227271080,269648948,174441620,0
334450944,188128656,522579600,522579600,857030544,710708256,1
695904400,475588864,958026304,1171493264,1653930704,1433615168,0
522579600,293951025,816530625,816530625,1339110225,1110481650,1
979815204,654694569,1370258289,1634509773,2350073493,2024952858,0
77915929,8643600,69272329,86559529,147188258,77915929,1
163737616,47734281,151093264,211471897,314830880,198827545,0
1108357264,1246654864,138297600,2355012128,1246654864,1384952464,1
1602400900,1767866116,342176004,3370267016,1944576904,2110042120,0
423536400,3394344121,3817880521,3817880521,4241416921,7212224642,1
693637569,4098304324,4562462116,4791941893,5256099685,8660766440,0
77792400,701243361,623450961,779035761,701243361,1324694322,1
238609809,1096139664,998307216,1334749473,1236917025,2094446880,0
311663716,277089316,34574400,588753032,346238116,311663716,1
689482564,637562500,209786256,1327045064,899268820,847348756,0
311169600,2493803844,2804973444,2804973444,3116143044,5298777288,1
346443769,2591929921,2908984225,2938373690,3255427994,5500914146,0
1947898225,1731808225,216090000,3679706450,2163988225,1947898225,1
2400902001,2160297441,382750096,4561199442,2783652097,2543047537,0
139476100,50211396,89264704,189687496,228740804,139476100,1
231100804,109788484,164865600,340889288,395966404,274654084,0
6834328900,2460358404,4373970496,9294687304,11208299396,6834328900,1
8147409169,3271268025,5435965441,11418677194,13583374610,8707233466,0
803382336,1428235264,2231617600,2231617600,3034999936,3659852864,1
805821769,1431487225,2235682089,2237308994,3041503858,3667169314,0
3486902500,2231617600,1255284900,5718520100,4742187400,3486902500,1
4559085441,3103715521,1927297801,7662800962,6486383242,5031013322,0
8926470400,5712941056,3213529344,14639411456,12139999744,8926470400,1
8987608809,5761872649,3250254121,14749481458,12237862930,9012126770,0
200845584,557904400,357058816,758749984,557904400,914963216,1
314743081,739241721,504676225,1053984802,819419306,1243917946,0
1807610256,5021139600,3213529344,6828749856,5021139600,8234668944,1
1950635556,5257700100,3403322244,7208335656,5353957800,8661022344,0
8702500,8156736,16859236,16859236,25561736,25015972,1
112381201,110397049,138227049,222778250,250608250,248624098,0
1705690000,3304410256,1598720256,5010100256,3304410256,4903130512,1
1728730084,3336448644,1621028644,5065178728,3349758728,4957477288,0
1685923600,870250000,815673600,2556173600,2501597200,1685923600,1
2014752996,1110622276,1048852996,3125375272,3063605992,2159475272,0
2427729984,1253160000,1174569984,3680889984,3602299968,2427729984,1
3323753104,1916688400,1819193104,5240441504,5142946208,3735881504,0
2849210884,1470722500,1378488384,4319933384,4227699268,2849210884,1
3187279936,1716279184,1616522436,4903559120,4803802372,3332801620,0
3793328100,1958062500,1835265600,5751390600,5628593700,3793328100,1
4820941489,2713680649,2568766489,7534622138,7389707978,5282447138,0
986965056,2039967556,1053002500,3026932612,2039967556,3092970056,1
1366115521,2571605521,1443620025,3937721042,2809735546,4015225546,0
76317696,490000,76807696,76807696,153125392,77297696,1
131836324,11874916,132480100,143711240,264316424,144355016,0
2747437056,2765077056,17640000,5512514112,2765077056,2782717056,1
2904132100,2922267364,32194276,5826399464,2936326376,2954461640,0
691269264,686859264,4410000,1378128528,695679264,691269264,1
1154980225,1149277801,95902849,2304258026,1250883074,1245180650,0
3739567104,24010000,3763577104,3763577104,7503144208,3787587104,1
4248171684,79673476,4273759876,4327845160,8521931560,4353433352,0
1920192400,1907942400,12250000,3828134800,1932442400,1920192400,1
1969140625,1956735225,16443025,3925875850,1985583650,1973178250,0
4915692544,4884332544,31360000,9800025088,4947052544,4915692544,1
6281355025,6245898961,217356049,12527253986,6498711074,6463255010,0
7840000,1221083136,1228923136,1228923136,1236763136,2450006272,1
15163236,1298737444,1306822500,1313900680,1321985736,2605559944,0
28408900,7322436,21086464,35731336,49495364,28408900,1
169598529,108139201,150921225,277737730,320519754,259060426,0
358799364,1392036100,1033236736,1750835464,1392036100,2425272836,1
827252644,2221236900,1760977296,3048489544,2588229940,3982214196,0
117158976,337383424,454542400,454542400,571701376,791925824,1
320052100,646888356,805764996,966940456,1125817096,1452653352,0
189778176,65901924,255680100,255680100,445458276,321582024,1
218034756,82955664,288320400,300990420,506355156,371276064,0
1818169600,468635904,1349533696,2286805504,3167703296,1818169600,1
2061069201,595701649,1559855025,2656770850,3620924226,2155556674,0
29289744,113635600,84345856,142925344,113635600,197981456,1
167133184,330366976,278890000,497500160,446023184,609256976,0
183060900,710222500,527161600,893283400,710222500,1237384100,1
198499921,740329681,553143361,938829602,751643282,1293473042,0
13912900,5008644,8904256,18921544,22817156,13912900,1
68608089,46117681,56806369,114725770,125414458,102924050,0
1126944900,2003457600,3130402500,3130402500,4257347400,5133860100,1
1805995009,2882293969,4209025129,4688288978,6015020138,7091319098,0
3561702400,2279489536,1282212864,5841191936,4843915264,3561702400,1
4012715716,2642988100,1558196676,6655703816,5570912392,4201184776,0
4507779600,2884978944,1622800656,7392758544,6130580256,4507779600,1
5623350121,3789756721,2316785689,9413106842,7940135810,6106542410,0
2351280100,846460836,1504819264,3197740936,3856099364,2351280100,1
3047150401,1281998025,2070523009,4329148426,5117673410,3352521034,0
1077414976,1683460900,606045924,2760875876,1683460900,2289506824,1
1486642249,2186778169,921183201,3673420418,2407825450,3107961370,0
981694224,1745234176,2726928400,2726928400,3708622624,4472162576,1
1465052176,2373638400,3500378896,3838690576,4965431072,5874017296,0
7193124,842724,6350400,8035848,13543524,7193124,1
38576521,19775809,36590401,58352330,75166922,56366210,0
243547236,1835265600,2078812836,2078812836,2322360072,3914078436,1
441126009,2326808169,2600082081,2767934178,3041208090,4926890250,0
1035809856,121352256,914457600,1157162112,1950267456,1035809856,1
1160356096,166306816,1031694400,1326662912,2192050496,1198001216,0
101969604,768398400,870368004,870368004,972337608,1638766404,1
363550489,1346082721,1480017841,1709633210,1843568330,2826100562,0
719312400,635040000,84272400,1354352400,803584800,719312400,1
1208674756,1098657316,293299876,2307332072,1501974632,1391957192,0
2057529600,2330572176,273042576,4388101776,2330572176,2603614752,1
2763710041,3078807169,563350225,5842517210,3327060266,3642157394,0
1215637956,142420356,1073217600,1358058312,2288855556,1215637956,1
1509633316,253510084,1350415504,1763143400,2860048820,1603925588,0
65804544,86397025,152201569,152201569,218006113,238598594,1
138603529,167857936,255936004,306461465,394539533,423793940,0
3805039225,2159925625,1645113600,5964964850,5450152825,3805039225,1
4108169025,2389743225,1846420900,6497912250,5954589925,4236164125,0
7457876881,4233454225,3224422656,11691331106,10682299537,7457876881,1
7512208929,4274413641,3260181604,11786622570,10772390533,7534595245,0
345588100,263218176,608806276,608806276,954394376,872024452,1
643535424,529092004,989228304,1172627428,1632763728,1518320308,0
2435225104,1382352400,1052872704,3817577504,3488097808,2435225104,1
2938724100,1767529764,1392036100,4706253864,4330760200,3159565864,0
5479256484,2368963584,3110292900,7848220068,8589549384,5479256484,1
6735320761,3217044961,4072609489,9952365722,10807930250,7289654450,0
9740900416,4211490816,5529409600,13952391232,15270310016,9740900416,1
11510071225,5400045225,6880536601,16910116450,18390607826,12280581826,0
38987536,60918025,21930489,99905561,60918025,82848514,1
233356176,283484569,188101225,516840745,421457401,471585794,0
2193048900,789497604,1403551296,2982546504,3596600196,2193048900,1
3182539396,1419933124,2213514304,4602472520,5396053700,3633447428,0
3898753600,1403551296,2495202304,5302304896,6393955904,3898753600,1
4558680324,1809821764,3028300900,6368502088,7586981224,4838122664,0
87721956,243672100,155950144,331394056,243672100,399622244,1
355473316,629909604,482944576,985382920,838417892,1112854180,0
350887824,974688400,623800576,1325576224,974688400,1598488976,1
592825104,1356890896,935870464,1949716000,1528695568,2292761360,0
1074593961,2984983225,1910389264,4059577186,2984983225,4895372489,1
1589297956,3809358400,2579928849,5398656356,4169226805,6389287249,0
974688400,1522950625,548262225,2497639025,1522950625,2071212850,1
1549130881,2224442896,995654916,3773573777,2544785797,3220097812,0
24472809,10989225,13483584,35462034,37956393,24472809,1
41589601,23203489,26770276,64793090,68359877,49973765,0
2153888100,2642782464,4796670564,4796670564,6950558664,7439453028,1
2986841104,3558122500,6006250000,6544963604,8993091104,9564372500,0
3896755776,7072641801,3175886025,10969397577,7072641801,10248527826,1
4454361081,7817389056,3681091584,12271750137,8135452665,11498480640,0
6265039104,3451797504,2813241600,9716836608,9078280704,6265039104,1
7874965081,4670492281,3922391641,12545457362,11797356722,8592883922,0
2961209889,1329696225,1631513664,4290906114,4592723553,2961209889,1
3090359281,1416694321,1727732356,4507053602,4818091637,3144426677,0
1857179025,2278725696,4135904721,4135904721,5993083746,6414630417,1
2648646225,3147883236,5282527761,5796529461,7931173986,8430410997,0
2472575625,3033806400,5506382025,5506382025,7978957650,8540188425,1
3013131664,3629701009,6299914384,6642832673,9313046048,9929615393,0
71149225,70090384,1058841,141239609,72208066,71149225,1
115519504,114169225,11168964,229688729,126688468,125338189,0
26471025,1752259600,1778730625,1778730625,1805201650,3530990225,1
142229476,2365946881,2396689936,2508176357,2538919412,4762636817,0
4485784576,67765824,4553550400,4553550400,9039334976,4621316224,1
5849955225,314743081,5927306121,6164698306,11777261346,6242049202,0
280361536,4235364,284596900,284596900,564958436,288832264,1
704424681,140541025,711128889,844965706,1415553570,851669914,0
640343025,630813456,9529569,1271156481,649872594,640343025,1
736525321,726302500,24216241,1462827821,760741562,750518741,0
3486312025,3434428816,51883209,6920740841,3538195234,3486312025,1
3532875844,3480646009,57699216,7013521853,3590575060,3538345225,0
2523253824,2561372100,38118276,5084625924,2561372100,2599490376,1
2899714801,2940567529,95863681,5840282330,2995578482,3036431210,0
2353156,100600900,98247744,102954056,100600900,198848644,1
70862724,286083396,282105616,356946120,352968340,568189012,0
392990976,9412624,402403600,402403600,795394576,411816224,1
527988484,38713284,538889796,566701768,1066878280,577603080,0
37650496,1571963904,1609614400,1609614400,1647264896,3181578304,1
101324356,1899042084,1940402500,2000366440,2041726856,3839444584,0
6287855616,6438457600,150601984,12726313216,6438457600,6589059584,1
6460783641,6613430329,178356025,13074213970,6639139666,6791786354,0
115304644,4929444100,4814139456,5044748744,4929444100,9743583556,1
311310736,5946877456,5820164100,6258188192,6131474836,11767041556,0
58828900,2515022500,2456193600,2573851400,2515022500,4971216100,1
157879225,3029952025,2965347025,3187831250,3123226250,5995299050,0
905408100,21178404,884229696,926586504,1789637796,905408100,1
1489419649,171741025,1462221121,1661160674,2951640770,1633962146,0
87609600,17288964,104898564,104898564,192508164,122187528,1
247684644,111007296,276224400,358691940,523909044,387231696,0
3776348304,622402704,3153945600,4398751008,6930293904,3776348304,1
3971016256,702886144,3332060176,4673902400,7303076432,4034946320,0
155600676,788486400,944087076,944087076,1099687752,1732573476,1
485761600,1417221316,1623445264,1902982916,2109206864,3040666580,0
4292870400,847159236,5140029636,5140029636,9432900036,5987188872,1
4353492361,874207489,5206344025,5227699850,9559836386,6080551514,0
1106493696,6713508096,5607014400,7820001792,6713508096,12320522496,1
1249763904,7060032576,5924073024,8309796480,7173836928,12984105600,0
2622464100,432224100,2190240000,3054688200,4812704100,2622464100,1
3145527225,658692225,2670305625,3804219450,5815832850,3328997850,0
419594256,350438400,69155856,770032656,488750112,419594256,1
701137441,610831225,204804721,1311968666,905942162,815635946,0
5992704,50979600,56972304,56972304,62965008,107951904,1
81721600,188567824,199939600,270289424,281661200,388507424,0
1835265600,215737344,2051002944,2051002944,3886268544,2266740288,1
2742407424,586414656,3004793856,3328822080,5747201280,3591208512,0
1424307600,149817600,1274490000,1574125200,2698797600,1424307600,1
1986484900,363664900,1808800900,2350149800,3795285800,2172465800,0
3646227456,3262694400,383533056,6908921856,4029760512,3646227456,1
4728487696,4290250000,781985296,9018737696,5510472992,5072235296,0
293642496,2498000400,2791642896,2791642896,3085285392,5289643296,1
433597329,2880146889,3194849529,3313744218,3628446858,6074996418,0
53934336,458816400,512750736,512750736,566685072,971567136,1
55845729,464359401,518609529,520205130,574455258,982968930,0
23970816,203918400,227889216,227889216,251860032,431807616,1
49014001,268468225,295874401,317482226,344888402,564342626,0
4575321,16483600,21058921,21058921,25634242,37542521,1
5466244,18139081,22924944,23605325,28391188,41064025,0
658846224,3032484624,2373638400,3691330848,3032484624,5406123024,1
874739776,3478168576,2769706384,4352908352,3644446160,6247874960,0
1994515600,2548129441,553613841,4542645041,2548129441,3101743282,1
2624615361,3254702500,906010000,5879317861,3530625361,4160712500,0
896762916,4127548516,3230785600,5024311432,4127548516,7358334116,1
1118032969,4588301169,3639829561,5706334138,4757862530,8228130730,0
773229249,3558957649,2785728400,4332186898,3558957649,6344686049,1
1227451225,4473603225,3600960064,5701054450,4828411289,8074563289,0
457532100,2105892100,1648360000,2563424200,2105892100,3754252100,1
520387344,2238425344,1765848484,2758812688,2286235828,4004273828,0
6086028169,1322267769,4763760400,7408295938,10849788569,6086028169,1
6370753489,1456719889,5016038976,7827473378,11386792465,6472758865,0
3222025,2062096,1159929,5284121,4381954,3222025,1
66699889,60964864,55487601,127664753,122187490,116452465,0
463971600,724955625,260984025,1188927225,724955625,985939650,1
874798929,1222341444,585252864,2097140373,1460051793,1807594308,0
544522225,348494224,196028001,893016449,740550226,544522225,1
803212281,560458276,361266049,1363670557,1164478330,921724325,0
296941824,824838400,527896576,1121780224,824838400,1352734976,1
384238404,966588100,642419716,1350826504,1026658120,1609007816,0
1043936100,375816996,668119104,1419753096,1712055204,1043936100,1
1310440000,541772176,884348644,1852212176,2194788644,1426120820,0
140351409,249513616,389865025,389865025,530216434,639378641,1
258534241,401120784,574896529,659655025,833430770,976017313,0
595945744,931165225,335219481,1527110969,931165225,1266384706,1
1118634916,1564123401,747639649,2682758317,1866274565,2311763050,0
176400,8555625,8732025,8732025,8908425,17287650,1
14212900,39375625,39753025,53588525,53965925,79128650,0
1964705625,39690000,1925015625,2004395625,3889721250,1964705625,1
1966833801,39992976,1927122201,2006826777,3893956002,1967115177,0
25401600,1232010000,1257411600,1257411600,1282813200,2489421600,1
94887081,1584119601,1612905921,1679006682,1707793002,3197025522,0
50979600,2523555225,2472575625,2574534825,2523555225,4996130850,1
145564225,3042625600,2986622500,3188189825,3132186725,6029248100,0
29811600,1475712225,1445900625,1505523825,1475712225,2921612850,1
103124025,1858472100,1824998400,1961596125,1928122425,3683470500,0
1676902500,1711476900,34574400,3388379400,1711476900,1746051300,1
2502800784,2545000704,223741764,5047801488,2726542548,2768742468,0
2235398400,2190240000,45158400,4425638400,2280556800,2235398400,1
2324396944,2278343824,58553104,4602740768,2382950048,2336896928,0
20142144,17926756,38068900,38068900,58211044,55995656,1
28858384,26193924,49758916,55052308,78617300,75952840,0
1289097216,1147312384,2436409600,2436409600,3725506816,3583721984,1
1412331561,1263731401,2604775369,2676062962,4017106930,3868506770,0
152275600,71707024,80568576,223982624,232844176,152275600,1
467813641,315311049,333610225,783124690,801423866,648921274,0
342620100,181279296,161340804,523899396,503960904,342620100,1
790790641,532455625,497869969,1323246266,1288660610,1030325594,0
322274304,286828096,609102400,609102400,931376704,895930496,1
532040356,486202500,887682436,1018242856,1419722792,1373884936,0
951722500,448168900,503553600,1399891400,1455276100,951722500,1
1645519225,953883225,1033944025,2599402450,2679463250,1987827250,0
725117184,645363216,1370480400,1370480400,2095597584,2015843616,1
1327217761,1218498649,2164389529,2545716410,3491607290,3382888178,0
3594816,12638025,16232841,16232841,19827657,28870866,1
3682561,12802084,16418704,16484645,20101265,29220788,0
5259440484,1164720384,4094720100,6424160868,9354160584,5259440484,1
5733215524,1393080976,4513958596,7126296500,10247174120,5907039572,0
808833600,3652389225,2843555625,4461222825,3652389225,6495944850,1
1340511769,4707057664,3782004004,6047569433,5122515773,8489061668,0
1819875600,2337529104,517653504,4157404704,2337529104,2855182608,1
1974291489,2512114641,601475625,4486406130,2575767114,3113590266,0
1263802500,1623284100,359481600,2887086600,1623284100,1982765700,1
1741977169,2160111529,632371609,3902088698,2374348778,2792483138,0
607523904,2135826225,2743350129,2743350129,3350874033,4879176354,1
947900944,2741046025,3424239289,3688946969,4372140233,6165285314,0
434972736,1529201025,1964173761,1964173761,2399146497,3493374786,1
807128100,2177062281,2690808129,2984190381,3497936229,4867870410,0
70862724,91699776,162562500,162562500,233425224,254262276,1
74080449,95355225,167417721,169435674,241498170,262772946,0
366799104,283450896,650250000,650250000,1017049104,933700896,1
639179524,527437156,1000456900,1166616680,1639636424,1527894056,0
637764516,825297984,1463062500,1463062500,2100827016,2288360484,1
1112489316,1356301584,2148322500,2468790900,3260811816,3504624084,0
4064062500,2292494400,1771568100,6356556900,5835630600,4064062500,1
4234495329,2420935209,1884688569,6655430538,6119183898,4305623778,0
4493289024,3472273476,7965562500,7965562500,12458851524,11437835976,1
4805678329,3747521089,8379754681,8553199418,13185433010,12127275770,0
2601000000,1467196416,1133803584,4068196416,3734803584,2601000000,1
3571855225,2215490761,1800898969,5787345986,5372754194,4016389730,0
2551058064,3301191936,5852250000,5852250000,8403308064,9153441936,1
3565522944,4443555600,7345175616,8009078544,10910698560,11788731216,0
815409,8105409,7290000,8920818,8105409,15395409,1
27092025,51108201,49028004,78200226,76120029,100136205,0
1232010000,137804121,1369814121,1369814121,2601824121,1507618242,1
1329331600,171583801,1472333641,1500915401,2801665241,1643917442,0
235653201,2106810000,2342463201,2342463201,2578116402,4449273201,1
516698361,2838758400,3111296841,3355456761,3627995202,5950055241,0
1588660164,1428840000,159820164,3017500164,1748480328,1588660164,1
2481833124,2281017600,510850404,4762850724,2992683528,2791868004,0
882090000,98664489,980754489,980754489,1862844489,1079418978,1
1363603329,294465600,1485639936,1658068929,2849243265,1780105536,0
2361960000,2626152516,264192516,4988112516,2626152516,2890345032,1
3405656164,3721488016,676624144,7127144180,4082280308,4398112160,0
1167178896,1049760000,117418896,2216938896,1284597792,1167178896,1
1386072900,1257837156,193265604,2643910056,1579338504,1451102760,0
133263936,58614336,74649600,191878272,207913536,133263936,1
224520256,123121216,145926400,347641472,370446656,269047616,0
937829376,1194393600,2132222976,2132222976,3070052352,3326616576,1
963729936,1223600400,2171187216,2187330336,3134917152,3394787616,0
234457344,533055744,298598400,767513088,533055744,831654144,1
539586441,961310025,634888809,1500896466,1174475250,1596198834,0
3751317504,4777574400,8528891904,8528891904,12280209408,13306466304,1
2792488336,3686432656,7047266704,6478920992,9839755040,10733699360,0
2687385600,4797501696,2110116096,7484887296,4797501696,6907617792,1
3182765056,5452345600,2551462144,8635110656,5734227200,8003807744,0
671846400,527529024,1199375424,1199375424,1871221824,1726904448,1
763361641,608954329,1320668281,1372315970,2084029922,1929622610,0
3331598400,1465358400,1866240000,4796956800,5197838400,3331598400,1
4409624025,2205711225,2692053225,6615335250,7101677250,4897764450,0
1071225,1630729,559504,2701954,1630729,2190233,1
1716100,2408704,1046529,4124804,2762629,3455233,0
129618225,67699984,197318209,197318209,326936434,265018193,1
286218724,189365121,383376400,475583845,669595124,572741521,0
154256400,234824976,80568576,389081376,234824976,315393552,1
242362624,341214784,146991376,583577408,389354000,488206160,0
309584025,161696656,471280681,471280681,780864706,632977337,1
601132324,385690321,819791424,986822645,1420923748,1205481745,0
55950400,163072900,107122500,219023300,163072900,270195400,1
188320729,361494169,275327649,549814898,463648378,636821818,0
366914025,241025625,125888400,607939650,492802425,366914025,1
573458809,412780489,256384144,986239298,829842953,669164633,0
528356196,181279296,347076900,709635492,875433096,528356196,1
801456100,352988944,573794116,1154445044,1375250216,926783060,0
16908544,9511056,26419600,26419600,43328144,35930656,1
21930489,13359025,32615521,35289514,54546010,45974546,0
951105600,342398016,608707584,1293503616,1559813184,951105600,1
1195568929,494662081,807071281,1690231010,2002640210,1301733362,0
422713600,660490000,237776400,1083203600,660490000,898266400,1
724740241,1027907721,474411961,1752647962,1199152202,1502319682,0
85599504,237776400,152176896,323375904,237776400,389953296,1
274001809,516243841,385611769,790245650,659613578,901855610,0
105678400,67634176,38044224,173312576,143722624,105678400,1
132618256,89491600,54819216,222109856,187437472,144310816,0
422713600,270536704,152176896,693250304,574890496,422713600,1
906551881,675844009,478953225,1582395890,1385505106,1154797234,0
828518656,466041744,1294560400,1294560400,2123079056,1760602144,1
930433009,543216249,1421214601,1473649258,2351647610,1964430850,0
72420100,90060100,17640000,162480200,90060100,107700100,1
81956809,100661089,22496049,182617898,104452858,123157138,0
635040000,3242163600,2607123600,3877203600,3242163600,5849287200,1
1144062976,4298638096,3562179856,5442701072,4706242832,7860817952,0
3548584900,4412944900,864360000,7961529800,4412944900,5277304900,1
4653968400,5637006400,1447802500,10290974800,6101770900,7084808900,0
289680400,70560000,360240400,360240400,649920800,430800400,1
637512001,276523641,740329681,914035642,1377841682,1016853322,0
5763846400,4634886400,1128960000,10398732800,6892806400,5763846400,1
6418092769,5223386529,1428310849,11641479298,7846403618,6651697378,0
441000000,1810502500,2251502500,2251502500,2692502500,4062005000,1
630461881,2177062281,2658330481,2807524162,3288792362,4835392762,0
651780900,810540900,158760000,1462321800,810540900,969300900,1
912221209,1098458449,298356529,2010679658,1210577738,1396814978,0
3122289,1308736,4431025,4431025,7553314,5739761,1
63744256,54184321,69255684,117928577,132999940,123440005,0
378224704,902341521,1280566225,1280566225,1658790929,2182907746,1
760160041,1456338244,1927912464,2216498285,2688072505,3384250708,0
294465600,996980625,702515025,1291446225,996980625,1699495650,1
579461184,1481249169,1116695889,2060710353,1696157073,2597945058,0
335036416,1134342400,799305984,1469378816,1134342400,1933648384,1
690165441,1734472609,1313265121,2424638050,2003430562,3047737730,0
449609616,188457984,638067600,638067600,1087677216,826525584,1
637512001,315879529,858783025,953391530,1496295026,1174662554,0
377796969,158357056,536154025,536154025,913950994,694511081,1
436893604,197374401,606144400,634268005,1043038004,803518801,0
312228900,130873600,443102500,443102500,755331400,573976100,1
342657121,150822961,479215881,493480082,821873002,630038842,0
65658609,77880625,12222016,143539234,77880625,90102641,1
258566400,282307204,131629729,540873604,390196129,413936933,0
4984360000,782209024,4202150976,5766569024,9186510976,4984360000,1
5702213169,1081160161,4863249169,6783373330,10565462338,5944409330,0
311522500,262634436,48888064,574156936,360410564,311522500,1
729810225,653876041,267551449,1383686266,997361674,921427490,0
1947015625,305550400,1641465225,2252566025,3588480850,1947015625,1
2816000356,698069241,2445895936,3514069597,5261896292,3143965177,0
195552256,1050537744,1246090000,1246090000,1441642256,2296627744,1
328008321,1335098521,1554488329,1663106842,1882496650,2889586850,0
2363709924,2803702500,439992576,5167412424,2803702500,3243695076,1
3178704400,3685946944,825872644,6864651344,4004577044,4511819588,0
598878784,3217271841,3816150625,3816150625,4415029409,7033422466,1
613305225,3250596196,3852436624,3863901421,4465741849,7103032820,0
21013056,37356544,58369600,58369600,79382656,95726144,1
119814916,155600676,196056004,275415592,315870920,351656680,0
2860110400,1029639744,1830470656,3889750144,4690581056,2860110400,1
3334254049,1321395201,2213420209,4655649250,5547674258,3534815410,0
756470016,1344835584,2101305600,2101305600,2857775616,3446141184,1
1299097849,2044034521,2957075641,3343132370,4256173490,5001110162,0
84052224,149426176,233478400,233478400,317530624,382904576,1
343546225,466171281,607474609,809717506,951020834,1073645890,0
933913600,336208896,597704704,1270122496,1531618304,933913600,1
1016653225,386554921,664247529,1403208146,1680900754,1050802450,0
933913600,1459240000,525326400,2393153600,1459240000,1984566400,1
1027394809,1575534249,595994569,2602929058,1623389378,2171528818,0
1344835584,2390818816,3735654400,3735654400,5080489984,6126473216,1
2044577089,3299468481,4853212225,5344045570,6897789314,8152680706,0
7700625,13690000,21390625,21390625,29091250,35080625,1
45131524,58415449,73410624,103546973,118542148,131826073,0
2495002500,4435560000,6930562500,6930562500,9425565000,11366122500,1
3311427025,5504898025,8252814025,8816325050,11564241050,13757712050,0
1732640625,4812890625,3080250000,6545531250,4812890625,7893140625,1
1919929489,5121835489,3328366864,7041764978,5248296353,8450202353,0
6181890625,2225480625,3956410000,8407371250,10138300625,6181890625,1
7088124481,2781613081,4687593156,9869737562,11775717637,7469206237,0
1509322500,2683240000,4192562500,4192562500,5701885000,6875802500,1
1558275625,2748380625,4273890625,4306656250,5832166250,7022271250,0
2313610000,1301405625,3615015625,3615015625,5928625625,4916421250,1
2750687809,1633938084,4156638784,4384625893,6907326593,5790576868,0
1971360000,1108890000,3080250000,3080250000,5051610000,4189140000,1
2117012121,1218777921,3261666321,3335790042,5378678442,4480444242,0
1123600,2362369,1238769,3485969,2362369,3601138,1
11282881,14714896,11641744,25997777,22924625,26356640,0
324720400,682724641,358004241,1007445041,682724641,1040728882,1
472975504,891440449,512977201,1364415953,985952705,1404417650,0
135955600,149891049,285846649,285846649,421802249,435737698,1
254115481,273042576,448931344,527158057,703046825,721973920,0
112360000,236236900,123876900,348596900,236236900,360113800,1
214358881,376786921,230159241,591145802,444518122,606946162,0
399240361,189888400,209351961,589128761,608592322,399240361,1
582739600,321807721,347002384,904547321,929741984,668810105,0
340181136,161798400,178382736,501979536,518563872,340181136,1
728190225,452030121,479478609,1180220346,1207668834,931508730,0
531533025,252810000,278723025,784343025,810256050,531533025,1
593458321,296046436,324036001,889504757,917494322,620082437,0
42510400,15303744,27206656,57814144,69717056,42510400,1
104591529,58049161,79619929,162640690,184211458,137669090,0
170041600,61214976,108826624,231256576,278868224,170041600,1
221980201,93760489,151068681,315740690,373048882,244829170,0
680166400,1062760000,382593600,1742926400,1062760000,1445353600,1
1189077289,1681246009,781929369,2870323298,1971006658,2463175378,0
680166400,244859904,435306496,925026304,1115472896,680166400,1
1099121409,516243841,780475969,1615365250,1879597378,1296719810,0
1333126144,2083009600,749883456,3416135744,2083009600,2832893056,1
2066157025,2979303889,1319650929,5045460914,3385807954,4298954818,0
382593600,137733696,244859904,520327296,627453504,382593600,1
475370809,195412441,320087881,670783250,795458690,515500322,0
979439616,2720665600,1741225984,3700105216,2720665600,4461891584,1
1260747049,3177689641,2110391721,4438436690,3371138770,5288081362,0
16670889,29637136,46308025,46308025,62978914,75945161,1
136142224,169754841,207072100,305897065,343214324,376826941,0
600152004,1667088900,1066936896,2267240904,1667088900,2734025796,1
983324164,2274336100,1562146576,3257660264,2545470740,3836482676,0
416772225,266734224,150038001,683506449,566810226,416772225,1
486908356,323388289,193210000,810296645,680118356,516598289,0
1452219664,816873561,2269093225,2269093225,3721312889,3085966786,1
2168764900,1372183849,3146873409,3540948749,5315638309,4519057258,0
1896776704,2963713600,1066936896,4860490304,2963713600,4030650496,1
2143041849,3269666761,1253514025,5412708610,3396555874,4523180786,0
740928400,1157700625,416772225,1898629025,1157700625,1574472850,1
994267024,1469725569,611424529,2463992593,1605691553,2081150098,0
474194176,740928400,266734224,1215122576,740928400,1007662624,1
976250025,1346082721,665691601,2322332746,1641941626,2011774322,0
4901796,101727396,96825600,106629192,101727396,198552996,1
18852964,149181796,143233024,168034760,162085988,292414820,0
3485721600,176464656,3662186256,3662186256,7147907856,3838650912,1
4494227521,452966089,4694305225,4947193610,9188532746,5147271314,0
240188004,4984642404,4744454400,5224830408,4984642404,9729096804,1
304048969,5262196681,5015330761,5566245650,5319379730,10277527442,0
2543184900,2420640000,122544900,4963824900,2665729800,2543184900,1
3269094976,3129954916,317409856,6399049892,3586504832,3447364772,0
78428736,1549209600,1627638336,1627638336,1706067072,3176847936,1
127328656,1746236944,1829443984,1873565600,1956772640,3575680928,0
387302400,406909584,19607184,794211984,406909584,426516768,1
424112836,444619396,28536964,868732232,452649800,473156360,0
6196838400,6510553344,313714944,12707391744,6510553344,6824268288,1
7204105129,7542054025,569729161,14746159154,7773834290,8111783186,0
124211025,44715969,79495056,168926994,203706081,124211025,1
226653025,112296409,164506276,338949434,391159301,276802685,0
402443721,1117899225,715455504,1520342946,1117899225,1833354729,1
549246096,1354976100,907395129,1904222196,1456641225,2262371229,0
2861822016,4471596900,1609774884,7333418916,4471596900,6081371784,1
3286040976,4998207204,1931602500,8284248180,5217643476,6929809704,0
1117899225,3105275625,1987376400,4223174850,3105275625,5092652025,1
1258759441,3337257361,2173797376,4596016802,3432556817,5511054737,0
715455504,1271920896,1987376400,1987376400,2702831904,3259297296,1
737502649,1301261329,2024010121,2038763978,2761512770,3325271450,0
5087683584,2861822016,7949505600,7949505600,13037189184,10811327616,1
5760810000,3371892624,8785687824,9132702624,14546497824,12157580448,0
178863876,496844100,317980224,675707976,496844100,814824324,1
438818704,891858496,645464836,1330677200,1084283540,1537323332,0
85433049,97515625,12082576,182948674,97515625,109598201,1
109893289,123543225,22240656,233436514,132133945,145783881,0
3075589764,3510562500,434972736,6586152264,3510562500,3945535236,1
4273759876,4783935556,946915984,9057695432,5220675860,5730851540,0
108743184,877640625,768897441,986383809,877640625,1646538066,1
191767104,1091972025,970260201,1283739129,1162027305,2062232226,0
592046224,4186219401,4778265625,4778265625,5370311849,8964485026,1
685863721,4429967364,5038444324,5115831085,5724308045,9468411688,0
341732196,48330304,390062500,390062500,731794696,438392804,1
390102001,67519089,441630225,457621090,831732226,509149314,0
1560250000,193321216,1366928784,1753571216,2927178784,1560250000,1
2058436900,391011076,1835436964,2449447976,3893873864,2226448040,0
2437890625,302064400,2135826225,2739955025,4573716850,2437890625,1
3471919929,725117184,3109512169,4197037113,6581432098,3834629353,0
33593616,2166784,35760400,35760400,69354016,37927184,1
231678841,118744609,237314025,350423450,468992866,356058634,0
54169600,894010000,839840400,948179600,894010000,1733850400,1
139452481,1179853801,1117498041,1319306282,1256950522,2297351842,0
8667136,134374464,143041600,143041600,151708736,277416064,1
98128836,344250916,358042084,442379752,456170920,702293000,0
321843600,19501056,302342544,341344656,624186144,321843600,1
430106121,52056225,407514969,482162346,837621090,459571194,0
2149991424,138674176,2288665600,2288665600,4438657024,2427339776,1
2768759161,324972729,2925836281,3093731890,5694595442,3250809010,0
1752259600,1646087184,106172416,3398346784,1858432016,1752259600,1
2335305625,2212479369,281199361,4547784994,2616504986,2493678730,0
537497856,34668544,572166400,572166400,1109664256,606834944,1
718722481,90497169,758727025,809219650,1477449506,849224194,0
7080921,19669225,12588304,26750146,19669225,32257529,1
89586225,126315121,107163904,215901346,196750129,233479025,0
6372828900,2294218404,4078610496,8667047304,10451439396,6372828900,1
7805722500,3182990724,5239443456,10988713224,13045165956,8422434180,0
1019652624,2832368400,1812715776,3852021024,2832368400,4645084176,1
1648441201,3830248321,2626050025,5478689522,4274491226,6456298346,0
5684406025,3638019856,2046386169,9322425881,7730792194,5684406025,1
5755801689,3695180944,2089312681,9450982633,7845114370,5784493625,0
4425575625,1593207225,2832368400,6018782850,7257944025,4425575625,1
4715706241,1769127721,3065393956,6484833962,7781100197,4834521677,0
1523184784,856791441,2379976225,2379976225,3903161009,3236767666,1
2126869924,1322122321,3122015625,3448992245,5248885549,4444137946,0
2467307584,3855168100,1387860516,6322475684,3855168100,5243028616,1
3434194404,5043840400,2132961856,8478034804,5567156260,7176802256,0
1669264,36832761,38502025,38502025,40171289,75334786,1
89019225,201980944,205865104,291000169,294884329,407846048,0
81793936,1886599225,1804805289,1968393161,1886599225,3691404514,1
119727364,2055080889,1969673161,2174808253,2089400525,4024754050,0
1325979396,60093504,1386072900,1386072900,2712052296,1446166404,1
1471719769,94109401,1534994041,1565829170,3006713810,1629103442,0
6677056,154008100,147331044,160685156,154008100,301339144,1
150479289,488100649,476156041,638579938,626635330,964256690,0
962550625,920819025,41731600,1883369650,1004282225,962550625,1
1113690384,1068766864,77563249,2182457248,1191253633,1146330113,0
26708224,589324176,616032400,616032400,642740624,1205356576,1
171400464,1036840000,1072169536,1208240464,1243570000,2109009536,0
2357296704,106832896,2464129600,2464129600,4821426304,2570962496,1
2951531584,259596544,3070933056,3211128128,6022464640,3330529600,0
361,32761,32400,33122,32761,65161,1
16000000,17322244,17313921,33322244,33313921,34636165,0
92416,8386816,8294400,8479232,8386816,16681216,1
14182756,40424164,40220964,54606920,54403720,80645128,0
43681,3964081,3920400,4007762,3964081,7884481,1
29127609,51538041,51380224,80665650,80507833,102918265,0
104329,9467929,9363600,9572258,9467929,18831529,1
60543961,110986225,110628324,171530186,171172285,221614549,0
4665600,4717584,51984,9383184,4717584,4769568,1
41293476,41447844,20196036,82741320,61489512,61643880,0
61009,5475600,5536609,5536609,5597618,11012209,1
45751696,78446449,78676900,124198145,124428596,157123349,0
116964,10497600,10614564,10614564,10731528,21112164,1
958441,15031129,15171025,15989570,16129466,30202154,0
23765625,14402025,9363600,38167650,33129225,23765625,1
51308569,37002889,28601104,88311458,79909673,65603993,0
4658062500,1835265600,2822796900,6493328100,7480859400,4658062500,1
5629650961,2462243641,3589327921,8091894602,9218978882,6051571562,0
1742645025,2875640625,1132995600,4618285650,2875640625,4008636225,1
2576171536,3923268496,1820814241,6499440032,4396985777,5744082737,0
2106810000,5347265625,3240455625,7454075625,5347265625,8587721250,1
2282259529,5624700004,3457204804,7906959533,5739464333,9081904808,0
3033806400,7700062500,4666256100,10733868900,7700062500,12366318600,1
3920137321,9078468961,5751857281,12998606282,9671994602,14830326242,0
6084000000,2397081600,3686918400,8481081600,9770918400,6084000000,1
7001840329,2985201769,4408561609,9987042098,11410401938,7393763378,0
936360000,1440202500,2376562500,2376562500,3312922500,3816765000,1
1385179524,1986306624,3065615424,3371486148,4450794948,5051922048,0
80460900,103347556,22886656,183808456,103347556,126234212,1
87104889,110859841,26491609,197964730,113596498,137351450,0
2896592400,823919616,3720512016,3720512016,6617104416,4544431632,1
3891014884,1388456644,4837758916,5279471528,8728773800,6226215560,0
413390224,321843600,91546624,735233824,504936848,413390224,1
619910404,506520036,199769956,1126430440,819680360,706289992,0
205979904,724148100,930128004,930128004,1136107908,1654276104,1
363169249,999508225,1239251209,1362677474,1602420458,2238759434,0
572166400,2583688900,2011522500,3155855300,2583688900,4595211400,1
753063364,2954139904,2339850384,3707203268,3092913748,5293990288,0
366186496,1653560896,1287374400,2019747392,1653560896,2940935296,1
366799104,1654862400,1288522816,2021661504,1655321920,2943385216,0
6614243584,1464745984,5149497600,8078989568,11763741184,6614243584,1
6868431376,1585632400,5374062864,8454063776,12242494240,6959695264,0
8242641,17472400,25715041,25715041,33957682,43187441,1
147719716,181252369,206037316,328972085,353757032,387289685,0
436810000,642876025,206066025,1079686025,642876025,848942050,1
751143649,1015187044,435223044,1766330693,1186366693,1450410088,0
157251600,74183769,231435369,231435369,388686969,305619138,1
263932516,151757761,357928561,415690277,621861077,509686322,0
102860164,69889600,32970564,172749764,135830728,102860164,1
123476544,87048900,45050944,210525444,168527488,132099844,0
629006400,296735076,925741476,925741476,1554747876,1222476552,1
673246809,327356649,979251849,1000603458,1652498658,1306608498,0
1645762624,1118233600,527529024,2763996224,2173291648,1645762624,1
1782612841,1231518649,606193641,3014131490,2388806482,1837712290,0
403889409,1260037009,856147600,1663926418,1260037009,2116184609,1
499567201,1425138001,993132196,1924705202,1492699397,2418270197,0
31248100,29354724,1893376,60602824,33141476,31248100,1
49042009,46662561,7778521,95704570,56820530,54441082,0
281232900,264192516,17040384,545425416,298273284,281232900,1
292820544,275427216,19980900,568247760,312801444,295408116,0
733868100,47334400,781202500,781202500,1515070600,828536900,1
978563524,122589184,1033108164,1101152708,2011671688,1155697348,0
499969600,30294016,469675584,530263616,969645184,499969600,1
570971025,49547521,538564849,620518546,1109535874,588112370,0
117418896,7573504,124992400,124992400,242411296,132565904,1
224190729,47458321,234610489,271649050,458801218,282068810,0
68161536,1056770064,1124931600,1124931600,1193093136,2181701664,1
216325264,1517881600,1599360064,1734206864,1815685328,3117241664,0
1531156900,92775424,1438381476,1623932324,2969538376,1531156900,1
1760305936,155201764,1660725504,1915507700,3421031440,1815927268,0
39753025,37344321,2408704,77097346,42161729,39753025,1
89851441,86211225,22335076,176062666,112186517,108546301,0
154157056,2544193600,2390036544,2698350656,2544193600,4934230144,1
457874404,3530974084,3348936900,3988848488,3806811304,6879910984,0
21678336,336098889,357777225,357777225,379455561,693876114,1
23483716,343101529,365001025,366585245,388484741,708102554,0
1947898225,118026496,1829871729,2065924721,3777769954,1947898225,1
2688007716,345030625,2549038144,3033038341,5237045860,2894068769,0
597509136,636048400,38539264,1233557536,636048400,674587664,1
966774649,1015633161,165302449,1982407810,1132077098,1180935610,0
60217600,933608025,993825625,993825625,1054043225,1927433650,1
80964004,1010794849,1073414169,1091758853,1154378173,2084209018,0
159012100,149377284,9634816,308389384,168646916,159012100,1
341325625,327139569,80442961,668465194,421768586,407582530,0
113848900,51122500,62726400,164971400,176575300,113848900,1
116273089,52751169,64529089,169024258,180802178,117280258,0
460102500,1024640100,564537600,1484742600,1024640100,1589177700,1
847159236,1573391556,986965056,2420550792,1834124292,2560356612,0
1821582400,817960000,1003622400,2639542400,2825204800,1821582400,1
2068248484,985834404,1188732484,3054082888,3256980968,2174566888,0
3073593600,5578596100,2505002500,8652189700,5578596100,8083598600,1
3347432449,5945489449,2752786089,9292921898,6100218538,8698275538,0
2258150400,4098560400,1840410000,6356710800,4098560400,5938970400,1
2733930369,4731651369,2272142889,7465581738,5006073258,7003794258,0
455395600,204490000,250905600,659885600,706301200,455395600,1
873379809,506835169,578546809,1380214978,1451926618,1085381978,0
1568160000,2846222500,1278062500,4414382500,2846222500,4124285000,1
2121155136,3576757636,1781346436,5697912772,3902501572,5358104072,0
32319225,57456400,89775625,89775625,122094850,147232025,1
81396484,119180889,164147344,200577373,245543828,283328233,0
3231922500,2068430400,1163492100,5300352900,4395414600,3231922500,1
3237041025,2072525625,1166564025,5309566650,4403605050,3239089650,0
1436410000,517107600,919302400,1953517600,2355712400,1436410000,1
1606326241,620956561,1056185001,2227282802,2662511242,1677141562,0
5745640000,3677209600,2068430400,9422849600,7814070400,5745640000,1
5938551844,3831857604,2184814564,9770409448,8123366408,6016672168,0
290873025,807980625,517107600,1098853650,807980625,1325088225,1
490799716,1123858576,775009921,1614658292,1265809637,1898868497,0
1436410000,807980625,2244390625,2244390625,3680800625,3052371250,1
1525371136,875035561,2355257961,2400406697,3880629097,3230293522,0
4399005625,2815363600,1583642025,7214369225,5982647650,4399005625,1
4642650769,3010936384,1731142449,7653587153,6373793218,4742078833,0
98327056,55308969,153636025,153636025,251963081,208944994,1
260047876,186240609,346146025,446288485,606193901,532386634,0
221235876,614544100,393308224,835779976,614544100,1007852324,1
513067801,1060609489,762256881,1573677290,1275324682,1822866370,0
3539774016,9832705600,6292931584,13372479616,9832705600,16125637184,1
4005117796,10598702500,6908601924,14603820296,10913719720,17507304424,0
3539774016,5530896900,1991122884,9070670916,5530896900,7522019784,1
3818251264,5877675556,2201298724,9695926820,6019549988,8078974280,0
884943504,1382724225,497780721,2267667729,1382724225,1880504946,1
888457249,1387115536,500416900,2275572785,1388874149,1887532436,0
2458176400,884943504,1573232896,3343119904,4031409296,2458176400,1
2581554481,959574529,1672237449,3541129010,4253791930,2631811978,0
3840900625,1382724225,2458176400,5223624850,6299077025,3840900625,1
4361413681,1701645001,2877893316,6063058682,7239306997,4579538317,0
51724864,51955264,230400,103680128,51955264,52185664,1
73530625,73805281,3470769,147335906,77001394,77276050,0
921600,206899456,207821056,207821056,208742656,414720512,1
83557881,509179225,510624409,592737106,594182290,1019803634,0
1298881600,1293121600,5760000,2592003200,1304641600,1298881600,1
1721005225,1714374025,61544025,3435379250,1782549250,1775918050,0
3686400,827597824,831284224,831284224,834970624,1658882048,1
15492096,947654656,951599104,963146752,967091200,1899253760,0
14745600,3325136896,3310391296,3339882496,3325136896,6635528192,1
92083216,4022096400,4005877264,4114179616,4097960480,8027973664,0
2073600,465523776,467597376,467597376,469670976,933121152,1
127622209,988033489,991053361,1115655698,1118675570,1979086850,0
1870389504,8294400,1862095104,1878683904,3732484608,1870389504,1
2062522225,25472209,2053811761,2087994434,4116333986,2079283970,0
32947600,27415696,5531904,60363296,38479504,32947600,1
43151761,36784225,10118761,79935986,53270522,46902986,0
271063296,1343369104,1614432400,1614432400,1885495696,2957801504,1
656179456,2098006416,2433646224,2754185872,3089825680,4531652640,0
246741264,296528400,49787136,543269664,296528400,346315536,1
421891600,486290704,141324544,908182304,563216144,627615248,0
527161600,88510464,438651136,615672064,965812736,527161600,1
926410969,285103225,807753241,1211514194,1734164210,1092856466,0
2108646400,1754604544,354041856,3863250944,2462688256,2108646400,1
2109105625,1755023449,354230041,3864129074,2463335666,2109253490,0
685392400,823690000,138297600,1509082400,823690000,961987600,1
1186940304,1366928784,401281024,2553869088,1588221328,1768209808,0
131790400,109662784,22127616,241453184,153918016,131790400,1
183954969,157628025,46063369,341582994,230018338,203691394,0
47238129,47679025,440896,94917154,47679025,48119921,1
59721984,60217600,2307361,119939584,62029345,62524961,0
2314668321,2336272225,21603904,4650940546,2336272225,2357876129,1
2665966689,2689148449,66748900,5355115138,2732715589,2755897349,0
7054336,755810064,762864400,762864400,769918736,1518674464,1
29811600,917847616,925619776,947659216,955431376,1843467392,0
1763584,190716100,188952516,192479684,190716100,379668616,1
113507716,535274496,532317184,648782212,645824900,1067591680,0
15872256,1716444900,1700572644,1732317156,1716444900,3417017544,1
121594729,2349631729,2331054961,2471226458,2452649690,4680686690,0
3023240256,28217344,3051457600,3051457600,6074697856,3079674944,1
4119329124,210540100,4152255844,4329869224,8271584968,4362795944,0
11022400,1180953225,1191975625,1191975625,1202998025,2372928850,1
105042001,1705194436,1718434116,1810236437,1823476117,3423628552,0
76650025,62900761,13749264,139550786,90399289,76650025,1
292444201,264940729,145298916,557384930,437743117,410239645,0
566106849,123743376,689850225,689850225,1255957074,813593601,1
943841284,325910809,1101841636,1269752093,2045682920,1427752445,0
306600100,251603044,54997056,558203144,361597156,306600100,1
368064225,307546369,82646281,675610594,450710506,390192650,0
2264427396,494973504,2759400900,2759400900,5023828296,3254374404,1
3190329289,970011025,3773276329,4160340314,6963605618,4743287354,0
219988224,1226400400,1006412176,1446388624,1226400400,2232812576,1
370177600,1554567184,1305521424,1924744784,1675699024,2860088608,0
4905601600,879952896,4025648704,5785554496,8931250304,4905601600,1
5635655041,1203743025,4689373441,6839398066,10325028482,5893116466,0
3755851225,3082137289,673713936,6837988514,4429565161,3755851225,1
4506168384,3765049600,1011176401,8271217984,5517344785,4776226001,0
3841600,94167616,90326016,98009216,94167616,184493632,1
94633984,305270784,298321984,399904768,392955968,603592768,0
245862400,5780865024,6026727424,6026727424,6272589824,11807592448,1
330294276,6166332676,6420175876,6496626952,6750470152,12586508552,0
188238400,4425974784,4614213184,4614213184,4802451584,9040187968,1
252969025,4721476369,4915832769,4974445394,5168801794,9637309138,0
96040000,2258150400,2354190400,2354190400,2450230400,4612340800,1
106090000,2305920400,2402960400,2412010400,2509050400,4708880800,0
15366400,376670464,361304064,392036864,376670464,737974528,1
20884900,402323364,386436964,423208264,407321864,788760328,0
847508544,34574400,812934144,882082944,1660442688,847508544,1
899400100,45670564,863772100,945070664,1763172200,909442664,0
3251736576,3390034176,138297600,6641770752,3390034176,3528331776,1
3646348225,3792712225,228644641,7439060450,3874992866,4021356866,0
10342656,1795600,12138256,12138256,22480912,13933856,1
50353216,27248400,54228496,77601616,104581712,81476896,0
2647719936,3107393536,459673600,5755113472,3107393536,3567067136,1
2979849744,3466383376,603783184,6446233120,3583632928,4070166560,0
3351020544,3932794944,581774400,7283815488,3932794944,4514569344,1
4007776249,4641833161,872552521,8649609410,4880328770,5514385682,0
1468728976,217267600,1251461376,1685996576,2720190352,1468728976,1
1726236304,322705296,1489960000,2048941600,3216196304,1812665296,0
1213825600,1034265600,179560000,2248091200,1393385600,1213825600,1
1340877924,1151787844,230371684,2492665768,1571249608,1382159528,0
303456400,1747908864,2051365264,2051365264,2354821664,3799274128,1
463842369,2109105625,2441249281,2572947994,2905091650,4550354906,0
1489342464,1747908864,258566400,3237251328,1747908864,2006475264,1
1502027536,1761648784,263867536,3263676320,1765895072,2025516320,0
2099601,52056225,49956624,54155826,52056225,102012849,1
59043856,180902500,176969809,239946356,236013665,357872309,0
208224900,199826496,8398404,408051396,216623304,208224900,1
434013889,421850521,86508601,855864410,520522490,508359122,0
1248915600,1301405625,52490025,2550321225,1301405625,1353895650,1
1320086889,1374036624,67864644,2694123513,1387951533,1441901268,0
468506025,449609616,18896409,918115641,487402434,468506025,1
808378624,783496081,123965956,1591874705,932344580,907462037,0
134374464,3197223936,3331598400,3331598400,3465972864,6528822336,1
248283049,3685582681,3829753225,3933865730,4078036274,7515335906,0
2447874576,102880449,2550755025,2550755025,4998629601,2653635474,1
3087135844,263380441,3202541281,3350516285,6289677125,3465921722,0
1798438464,75585636,1874024100,1874024100,3672462564,1949609736,1
2156394969,161874729,2239087761,2318269698,4395482730,2400962490,0
37822500,15920100,21902400,53742600,59724900,37822500,1
147671104,99840064,114105124,247511168,261776228,213945188,0
945562500,547560000,398002500,1493122500,1343565000,945562500,1
1517102500,998560000,792422500,2515662500,2309525000,1790982500,0
63680400,151290000,87609600,214970400,151290000,238899600,1
107226025,215355625,137710225,322581650,244936250,353065850,0
573123600,1361610000,788486400,1934733600,1361610000,2150096400,1
917544681,1870649001,1185493761,2788193682,2103038442,3056142762,0
254721600,605160000,350438400,859881600,605160000,955598400,1
605799769,1105762009,749281129,1711561778,1355080898,1855043138,0
340402500,197121600,143280900,537524100,483683400,340402500,1
481714704,307581444,239259024,789296148,720973728,546840468,0
780084900,1073217600,1853302500,1853302500,2633387400,2926520100,1
1282785856,1652097316,2594476096,2934883172,3877261952,4246573412,0
1557504,68121,1625625,1625625,3183129,1693746,1
104427961,85229824,104980516,189657785,209408477,190210340,0
234090000,224280576,9809424,458370576,243899424,234090000,1
628605184,612463504,166513216,1241068688,795118400,778976720,0
365765625,15327225,350438400,381092850,716204025,365765625,1
496175625,49914225,478296900,546089850,974472525,528211125,0
398721024,17438976,416160000,416160000,814881024,433598976,1
827252644,168220900,852289636,995473544,1679542280,1020510536,0
8242641,196700625,188457984,204943266,196700625,385158609,1
44916804,318836736,308318481,363753540,353235285,627155217,0
450118656,19686969,469805625,469805625,919924281,489492594,1
569395044,50168889,591511041,619563933,1160906085,641679930,0
155750400,162562500,6812100,318312900,162562500,169374600,1
184824025,192238225,13875625,377062250,198699650,206113850,0
98803600,154380625,55577025,253184225,154380625,209957650,1
236513641,319122496,166255236,555636137,402768877,485377732,0
3556929600,2000772900,5557702500,5557702500,9114632100,7558475400,1
4757274729,2922807969,7036357689,7680082698,11793632418,9959165658,0
222308100,617522500,395214400,839830600,617522500,1012736900,1
226231681,624050361,400440121,850282042,626671802,1024490482,0
2723274225,4841376400,7564650625,7564650625,10287924850,12406027025,1
3514474089,5879515684,8849729329,9393989773,12364203418,14729245013,0
889232400,2470090000,1580857600,3359322400,2470090000,4050947600,1
1131582321,2864283361,1899129241,3995865682,3030711562,4763412602,0
1389425625,889232400,500193225,2278658025,1889618850,1389425625,1
1882778881,1291396096,811167361,3174174977,2693946242,2102563457,0
3556929600,9880360000,6323430400,13437289600,9880360000,16203790400,1
4469323609,11366331769,7522613289,15835655378,11991936898,18888945058,0
82137969,55056400,137194369,137194369,219332338,192250769,1
103144336,72471169,163993636,175615505,267137972,236464805,0
495507600,1234749321,739241721,1730256921,1234749321,1973991042,1
763693225,1641384196,1060414096,2405077421,1824107321,2701798292,0
3523609600,5256830016,8780439616,8780439616,12304049216,14037269632,1
2857864681,4435959609,7709366809,7293824290,10567231490,12145326418,0
328551876,220225600,548777476,548777476,877329352,769003076,1
515789521,377330625,784616121,893120146,1300405642,1161946746,0
6722524081,2697763600,4024760481,9420287681,10747284562,6722524081,1
8092081936,3588609025,5098816836,11680690961,13190898772,8687425861,0
1376410000,2053449225,3429859225,3429859225,4806269225,5483308450,1
1891989009,2674130944,4220061444,4566119953,6112050453,6894192388,0
4938997284,1982030400,2956966884,6921027684,7895964168,4938997284,1
5447620864,2308802500,3353336464,7756423364,8800957328,5662138964,0
50625,90000,140625,140625,191250,230625,1
68194564,69438889,70694464,137633453,138889028,140133353,0
14630625,40640625,26010000,55271250,40640625,66650625,1
182628196,258052096,218714521,440680292,401342717,476766617,0
29160000,45562500,16402500,74722500,45562500,61965000,1
134606404,167754304,105103504,302360708,239709908,272857808,0
5062500,14062500,9000000,19125000,14062500,23062500,1
70795396,98287396,83978896,169082792,154774292,182266292,0
10890000,17015625,6125625,27905625,17015625,23141250,1
65966884,80048809,53246209,146015693,119213093,133295018,0
9922500,27562500,17640000,37485000,27562500,45202500,1
39125025,69806025,53363025,108931050,92488050,123169050,0
7290000,20250000,12960000,27540000,20250000,33210000,1
53802225,83448225,67815225,137250450,121617450,151263450,0
4682896,2634129,7317025,7317025,11999921,9951154,1
19598329,15100996,24681024,34699325,44279353,39782020,0
917847616,1434136900,516289284,2351984516,1434136900,1950426184,1
982885201,1515155625,565345729,2498040826,1548230930,2080501354,0
761263281,2114620225,1353356944,2875883506,2114620225,3467977169,1
1050019216,2580436804,1730643201,3630456020,2780662417,4311080005,0
2370716100,853457796,1517258304,3224173896,3887974404,2370716100,1
2846862736,1147854400,1902529924,3994717136,4749392660,3050384324,0
1236577225,791409424,445167801,2027986649,1681745026,1236577225,1
1401004900,923977609,545876496,2324982509,1946881396,1469854105,0
566630416,885360025,318729609,1451990441,885360025,1204089634,1
1122451009,1556618116,759112704,2679069125,1881563713,2315730820,0
1053651600,674337024,379314576,1727988624,1432966176,1053651600,1
1079976769,695429641,395174641,1775406410,1475151410,1090604282,0
672400,430336,242064,1102736,914464,672400,1
52562500,50211396,47914084,102773896,100476584,98125480,0
24206400,67240000,43033600,91446400,67240000,110273600,1
43335889,97278769,67617729,140614658,110953618,164896498,0
131790400,84345856,47444544,216136256,179234944,131790400,1
138886225,90041121,51739249,228927346,190625474,141780370,0
96825600,61968384,34857216,158793984,131682816,96825600,1
247244176,189227536,138956944,436471712,386201120,328184480,0
151290000,54464400,96825600,205754400,248115600,151290000,1
478340641,287336401,376786921,765677042,855127562,664123322,0
110166016,172134400,61968384,282300416,172134400,234102784,1
115820644,179184996,66227044,295005640,182047688,245412040,0
124367104,194323600,69956496,318690704,194323600,264280096,1
237314025,330985249,159188689,568299274,396502714,490173938,0
518400,544644,26244,1063044,544644,570888,1
10131489,10246401,6890625,20377890,17022114,17137026,0
92044836,87609600,4435236,179654436,96480072,92044836,1
313360804,305131024,104325796,618491828,417686600,409456820,0
106750224,101606400,5143824,208356624,111894048,106750224,1
403005625,392951329,144264121,795956954,547269746,537215450,0
149817600,157402116,7584516,307219716,157402116,164986632,1
168091225,176119441,12103441,344210666,180194666,188222882,0
5904900,122544900,116640000,128449800,122544900,239184900,1
19855936,171505216,164506276,191361152,184362212,336011492,0
8503056,176464656,167961600,184967712,176464656,344426256,1
78234025,369139369,356794321,447373394,435028346,725933690,0
78428736,74649600,3779136,153078336,82207872,78428736,1
134096400,129140496,21790224,263236896,155886624,150930720,0
2088025,2039184,48841,4127209,2136866,2088025,1
13351716,13227769,5904900,26579485,19256616,19132669,0
208802500,4884100,203918400,213686600,412720900,208802500,1
276723225,19316025,271096225,296039250,547819450,290412250,0
603439225,589324176,14115049,1192763401,617554274,603439225,1
877462884,860424889,77686596,1737887773,955149480,938111485,0
660695616,15824484,676520100,676520100,1337215716,692344584,1
1219406400,174081636,1240871076,1393488036,2460277476,1414952712,0
344622096,352876225,8254129,697498321,352876225,361130354,1
452880961,462336004,31248100,915216965,484129061,493584104,0
399680064,9572836,409252900,409252900,808932964,418825736,1
494706564,28558336,505350400,523264900,1000056964,533908736,0
252651025,5909761,246741264,258560786,499392289,252651025,1
371140225,33651601,363970084,404791826,735110309,397621685,0
1050625,176400,874225,1227025,1924850,1050625,1
24176889,18593344,23299929,42770233,47476818,41893273,0
177555625,147744025,29811600,325299650,207367225,177555625,1
202094656,170198116,40335201,372292772,242429857,210533317,0
340402500,57153600,283248900,397556100,623651400,340402500,1
439950625,101707225,374616025,541657850,814566650,476323250,0
45158400,268960000,223801600,314118400,268960000,492761600,1
216619524,595262404,527069764,811881928,743689288,1122332168,0
50979600,252651025,303630625,303630625,354610225,556281650,1
236482884,582401689,658589569,818884573,895072453,1240991258,0
17640000,105062500,87422500,122702500,105062500,192485000,1
42823936,158608836,136749636,201432772,179573572,295358472,0
34574400,205922500,171348100,240496900,205922500,377270600,1
105452361,351150121,305515441,456602482,410967802,656665562,0
7360369,7263025,97344,14623394,7457713,7360369,1
11594025,11471769,1008016,23065794,12602041,12479785,0
1859334400,24920064,1884254464,1884254464,3743588864,1909174528,1
2796928996,217798564,2827474276,3014727560,5624403272,3045272840,0
726302500,736036900,9734400,1462339400,736036900,745771300,1
1234819600,1247502400,127916100,2482322000,1362735700,1375418500,0
16451136,1243902361,1227451225,1260353497,1243902361,2471353586,1
56685841,1500942564,1482866064,1557628405,1539551905,2983808628,0
1656083025,21902400,1634180625,1677985425,3290263650,1656083025,1
2325747076,149108521,2299777936,2474855597,4625525012,2448886457,0
1059893136,1045875600,14017536,2105768736,1073910672,1059893136,1
1128556836,1114090884,22867524,2242647720,1151424360,1136958408,0
2384759556,31539456,2353220100,2416299012,4737979656,2384759556,1
2916648036,116380944,2881757124,3033028980,5798405160,2998138068,0
6969600,56535361,63504961,63504961,70474561,120040322,1
106770889,231404944,245298244,338175833,352069133,476703188,0
341510400,2770232689,3111743089,3111743089,3453253489,5881975778,1
685444761,3640191556,4030218256,4325636317,4715663017,7670409812,0
571544649,62726400,508818249,634271049,1080362898,571544649,1
899520064,196140025,820364164,1095660089,1719884228,1016504189,0
2286178596,2035272996,250905600,4321451592,2537084196,2286178596,1
2491607056,2229350656,321915364,4720957712,2813522420,2551266020,0
1413384025,1587624025,174240000,3001008050,1587624025,1761864025,1
2123919396,2336368896,470499481,4460288292,2594418877,2806868377,0
27878400,254019844,226141444,281898244,254019844,480161288,1
99042304,424772100,388484100,523814404,487526404,813256200,0
1016079376,904565776,111513600,1920645152,1127592976,1016079376,1
1636202500,1493822500,366109956,3130025000,2002312456,1859932456,0
9265936,24336,9241600,9290272,18507536,9265936,1
83156161,38825361,83083225,121981522,166239386,121908586,0
2944656,1121178256,1118233600,1124122912,1121178256,2239411856,1
96628900,1730393604,1726734916,1827022504,1823363816,3457128520,0
2365849600,2372079616,6230016,4737929216,2372079616,2378309632,1
3408574689,3416051809,149793121,6824626498,3558367810,3565844930,0
1330790400,3504384,1334294784,1334294784,2665085184,1337799168,1
1711807876,45778756,1715782084,1757586632,3427589960,1761560840,0
4112784,1561830400,1565943184,1565943184,1570055968,3127773584,1
36481600,1895035024,1899565056,1931516624,1936046656,3794600080,0
2079360000,2084835600,5475600,4164195600,2084835600,2090311200,1
2194922500,2200548100,12888100,4395470600,2207810600,2213436200,0
926593600,924160000,2433600,1850753600,929027200,926593600,1
1430276761,1427252841,79905721,2857529602,1510182482,1507158562,0
3407716,23736384,27144100,27144100,30551816,50880484,1
38862756,85747600,92121604,124610356,130984360,177869204,0
1330060900,1163082816,166978084,2493143716,1497038984,1330060900,1
1813993281,1618050625,362635849,3432043906,2176629130,1980686474,0
434305600,379782144,54523456,814087744,488829056,434305600,1
884051289,805481161,264940729,1689532450,1148992018,1070421890,0
678602500,85192900,593409600,763795400,1272012100,678602500,1
1219615929,327718609,1104432289,1547334538,2324048218,1432150898,0
108576400,94945536,13630864,203521936,122207264,108576400,1
179024400,161391616,44249104,340416016,223273504,205640720,0
977187600,122677776,854509824,1099865376,1831697424,977187600,1
1564360704,375119424,1408050576,1939480128,2972411280,1783170000,0
244296900,30669444,213627456,274966344,457924356,244296900,1
282912400,45265984,249829636,328178384,532742036,295095620,0
384400,9418761,9803161,9803161,10187561,19221922,1
1488400,13461561,13920361,14949961,15408761,27381922,0
38440000,941876100,980316100,980316100,1018756100,1922192200,1
213539769,1529044609,1577916729,1742584378,1791456498,3106961338,0
98406400,2509609216,2411202816,2608015616,2509609216,4920812032,1
159668496,2789107344,2685312400,2948775840,2844980896,5474419744,0
55353600,1356301584,1411655184,1411655184,1467008784,2767956768,1
56460196,1361757604,1417221316,1418217800,1473681512,2778978920,0
1846077156,1921419556,75342400,3767496712,1921419556,1996761956,1
2199891409,2282068441,159188689,4481959850,2359080098,2441257130,0
1591770609,64963600,1656734209,1656734209,3248504818,1721697809,1
1989695236,163047361,2062249744,2152742597,4051944980,2225297105,0
2119221225,86490000,2205711225,2205711225,4324932450,2292201225,1
2381440000,145564225,2473072900,2527004225,4854512900,2618637125,0
80013025,75603025,4410000,155616050,84423025,80013025,1
218625796,211295296,63059481,429921092,281685277,274354777,0
720117225,680427225,39690000,1400544450,759807225,720117225,1
901740841,857259841,90136036,1759000682,991876877,947395877,0
17640000,320052100,302412100,337692100,320052100,622464200,1
64432729,471628089,450161089,536060818,514593818,921789178,0
2000325625,1890075625,110250000,3890401250,2110575625,2000325625,1
2730271504,2601204004,324972729,5331475508,3055244233,2926176733,0
1280208400,70560000,1209648400,1350768400,2489856800,1280208400,1
1848742009,243890689,1763748009,2092632698,3612490018,2007638698,0
216090000,3920638225,3704548225,4136728225,3920638225,7625186450,1
481714704,4880838769,4639380769,5362553473,5121095473,9520219538,0
158760000,2880468900,2721708900,3039228900,2880468900,5602177800,1
209496676,3085135936,2920753936,3294632612,3130250612,6005889872,0
47224384,73788100,26563716,121012484,73788100,100351816,1
92621376,128640964,62504836,221262340,155126212,191145800,0
755590144,425019456,1180609600,1180609600,1936199744,1605629056,1
1293553156,846460836,1835094244,2140013992,3128647400,2681555080,0
106254864,295152400,188897536,401407264,295152400,484049936,1
274763776,549808704,400480144,824572480,675243920,950288848,0
3615616900,1301622084,2313994816,4917238984,5929611716,3615616900,1
4362866704,1764000000,2918808676,6126866704,7281675380,4682808676,0
1700077824,956293776,2656371600,2656371600,4356449424,3612665376,1
2563498161,1625944329,3713561721,4189442490,6277059882,5339506050,0
239073444,425019456,664092900,664092900,903166344,1089112356,1
429028369,669101689,962302441,1098130058,1391330810,1631404130,0
4722438400,1700077824,3022360576,6422516224,7744798976,4722438400,1
4922285281,1820814241,3182652225,6743099522,8104937506,5003466466,0
65367225,7683984,73051209,73051209,138418434,80735193,1
293985316,140019889,310041664,434005205,604026980,450061553,0
292204836,30735936,261468900,322940772,553673736,292204836,1
489604129,111872929,449567209,601477058,939171338,561440138,0
1168819344,122943744,1045875600,1291763088,2214694944,1168819344,1
1282356100,161544100,1153417444,1443900200,2435773544,1314961544,0
2353220100,276623424,2629843524,2629843524,4983063624,2906466948,1
2732257441,415874449,3029731849,3148131890,5761989290,3445606298,0
588305025,657460881,69155856,1245765906,657460881,726616737,1
774230625,853282521,141276996,1627513146,915507621,994559517,0
4675277376,491774976,4183502400,5167052352,8858779776,4675277376,1
4737981889,512252689,4242828769,5250234578,8980810658,4755081458,0
376515216,3579509241,3202994025,3956024457,3579509241,6782503266,1
722856996,4530770721,4105861929,5253627717,4828718925,8636632650,0
6620329,15405625,8785296,22025954,15405625,24190921,1
12320100,23639044,15217801,35959144,27537901,38856845,0
2846435904,4991422500,2144986596,7837858404,4991422500,7136409096,1
3093806884,5317326400,2360405056,8411133284,5454211940,7677731456,0
1721918016,3019502500,1297584484,4741420516,3019502500,4317086984,1
1871860225,3217044961,1428159681,5088905186,3300019906,4645204642,0
878529600,1540562500,662032900,2419092100,1540562500,2202595400,1
1061717056,1780333636,822198276,2842050692,1883915332,2602531912,0
1913275081,2538950544,4452225625,4452225625,6365500706,6991176169,1
2166437025,2829388864,4834281841,4995825889,7000718866,7663670705,0
1489574025,1976691600,3466265625,3466265625,4955839650,5442957225,1
1894860900,2439866025,4071716100,4334726925,5966577000,6511582125,0
1118835601,2603550625,1484715024,3722386226,2603550625,4088265649,1
1126273600,2614890496,1493281449,3741164096,2619555049,4108171945,0
131102500,47196900,83905600,178299400,215008100,131102500,1
180338041,78304801,124077321,258642842,304415362,202382122,0
8390560000,5369958400,3020601600,13760518400,11411161600,8390560000,1
8445242404,5413722084,3053446564,13858964488,11498688968,8467168648,0
1342489600,2097640000,755150400,3440129600,2097640000,2852790400,1
1373443600,2136288400,778410000,3509732000,2151853600,2914698400,0
6424022500,4111374400,2312648100,10535396900,8736670600,6424022500,1
8012577169,5399751289,3300847209,13412328458,11313424378,8700598498,0
4719690000,1699088400,3020601600,6418778400,7740291600,4719690000,1
5766276096,2347983936,3868342416,8114260032,9634618512,6216326352,0
188787600,335622400,524410000,524410000,713197600,860032400,1
271227961,443060401,656845641,714288362,928073602,1099906042,0
2097640000,3277562500,1179922500,5375202500,3277562500,4457485000,1
2508907921,3787048521,1492972321,6295956442,4001880242,5280020842,0
29811600,22127616,7683984,51939216,37495584,29811600,1
170694225,151511481,107682129,322205706,278376354,259193610,0
30735936,119246400,88510464,149982336,119246400,207756864,1
80892036,206496900,165328164,287388936,246220200,371825064,0
122943744,476985600,354041856,599929344,476985600,831027456,1
422097025,979502209,799362529,1401599234,1221459554,1778864738,0
1416167424,1907942400,491774976,3324109824,1907942400,2399717376,1
1454659600,1952579344,514563856,3407238944,1969223456,2467143200,0
553190400,192099600,745290000,745290000,1298480400,937389600,1
862420689,388365849,1098723609,1250786538,1961144298,1487089458,0
69155856,268304400,199148544,337460256,268304400,467452944,1
135932281,388996729,304677025,524929010,440609306,693673754,0
1084253184,376515216,1460768400,1460768400,2545021584,1837283616,1
1434136900,592727716,1862958244,2026864616,3297095144,2455685960,0
3825936,5978025,2152089,9803961,5978025,8130114,1
56655729,64256256,49533444,120911985,106189173,113789700,0
309900816,860835600,550934784,1170736416,860835600,1411770384,1
498718224,1160628624,795240000,1659346848,1293958224,1955868624,0
1105695504,621953721,1727649225,1727649225,2833344729,2349602946,1
1321976881,786578116,1995587584,2108554997,3317564465,2782165700,0
646583184,363703041,1010286225,1010286225,1656869409,1373989266,1
1019141776,653671489,1465434961,1672813265,2484576737,2119106450,0
697276836,1936880100,1239603264,2634156936,1936880100,3176483364,1
889411329,2249320329,1491890625,3138731658,2381301954,3741210954,0
550934784,1530374400,979439616,2081309184,1530374400,2509814016,1
718990596,1803021444,1199791044,2522012040,1918781640,3002812488,0
749883456,421809444,1171692900,1171692900,1921576356,1593502344,1
1017929025,627953481,1501640001,1645882506,2519569026,2129593482,0
19079424,44129449,25050025,63208873,44129449,69179474,1
77176225,122323600,88774084,199499825,165950309,211097684,0
901800900,1588660164,686859264,2490461064,1588660164,2275519428,1
1243902361,2033739409,988913809,3277641770,2232816170,3022653218,0
934891776,2162343001,1227451225,3097234777,2162343001,3389794226,1
1125334116,2447379841,1444380025,3572713957,2569714141,3891759866,0
706071184,400800400,305270784,1106871584,1011341968,706071184,1
887086656,539725824,427827856,1426812480,1314914512,967553680,0
1221083136,2824284736,1603201600,4045367872,2824284736,4427486336,1
1231027396,2839397796,1614593124,4070425192,2845620520,4453990920,0
176517796,76317696,100200100,252835492,276717896,176517796,1
473497600,296184100,341658256,769681700,815155856,637842356,0
171714816,397165041,225450225,568879857,397165041,622615266,1
325225156,617969881,397803025,943195037,723028181,1015772906,0
87385104,87890625,505521,175275729,87890625,88396146,1
199007449,199769956,29920900,398777405,228928349,229690856,0
8088336,1406250000,1398161664,1414338336,1406250000,2804411664,1
14730244,1481788036,1473484996,1496518280,1488215240,2955273032,0
2197265625,12638025,2184627600,2209903650,4381893225,2197265625,1
2230956289,15311569,2218221604,2246267858,4449177893,2233533173,0
786465936,4549689,791015625,791015625,1577481561,795565314,1
1088604036,50168889,1093955625,1138772925,2182559661,1144124514,0
4281870096,4306640625,24770529,8588510721,4306640625,4331411154,1
4361281600,4386280441,31147561,8747562041,4392429161,4417428002,0
5592646656,5625000000,32353344,11217646656,5625000000,5657353344,1
6903283396,6939223204,195720100,13842506600,7099003496,7134943304,0
351562500,349540416,2022084,701102916,353584584,351562500,1
426629025,424401201,11068929,851030226,437697954,435470130,0
74649600,116640000,41990400,191289600,116640000,158630400,1
251603044,324792484,187744804,576395528,439347848,512537288,0
1194393600,671846400,1866240000,1866240000,3060633600,2538086400,1
1724574784,1081620544,2516828224,2806195328,4241403008,3598448768,0
466560000,298598400,167961600,765158400,634521600,466560000,1
681836544,474891264,305270784,1156727808,987107328,780162048,0
4777574400,2687385600,7464960000,7464960000,12242534400,10152345600,1
6203295121,3779913361,9223873681,9983208482,15427168802,13003787042,0
2687385600,1511654400,4199040000,4199040000,6886425600,5710694400,1
2879180964,1656327204,4437957924,4535508168,7317138888,6094285128,0
1049760000,1866240000,2916000000,2916000000,3965760000,4782240000,1
1474867216,2421033616,3600480016,3895900832,5075347232,6021513632,0
2057529600,3657830400,5715360000,5715360000,7772889600,9373190400,1
2920970116,4783935556,7104129796,7704905672,10025099912,11888065352,0
24285184,39955041,64240225,64240225,88525409,104195266,1
27867841,44515584,69989956,72383425,97857797,114505540,0
97140736,159820164,256960900,256960900,354101636,416781064,1
284327044,386043904,530657296,670370948,814984340,916701200,0
388562944,639280656,1027843600,1027843600,1416406544,1667124256,1
476286976,750540816,1167725584,1226827792,1644012560,1918266400,0
2557122624,1554251776,4111374400,4111374400,6668497024,5665626176,1
2884441849,1811608969,4523773081,4696050818,7408214930,6335382050,0
1438381476,874266624,2312648100,2312648100,3751029576,3186914724,1
2138415049,1435273225,3181749649,3573688274,5320164698,4617022874,0
1606005625,607129600,998876025,2213135225,2604881650,1606005625,1
2490209604,1187974089,1716610624,3678183693,4206820228,2904584713,0
1957797009,1189974016,3147771025,3147771025,5105568034,4337745041,1
2924105625,1964616976,4347160489,4888722601,7271266114,6311777465,0
7160976,8404201,1243225,15565177,8404201,9647426,1
34656769,37332100,18714276,71988869,53371045,56046376,0
402804900,2320156224,2722961124,2722961124,3125766024,5043117348,1
431808400,2389058884,2797563664,2820867284,3229372064,5186622548,0
318265600,1833209856,2151475456,2151475456,2469741056,3984685312,1
474891264,2187245824,2533712896,2662137088,3008604160,4720958720,0
1403551296,243672100,1647223396,1647223396,3050774692,1890895496,1
1602240784,330294276,1861922500,1932535060,3464163284,2192216776,0
150430225,866478096,1016908321,1016908321,1167338546,1883386417,1
278455969,1146364164,1318488721,1424820133,1596944690,2464852885,0
1890945225,1611219600,279725625,3502164825,2170670850,1890945225,1
2577897529,2249415184,576624169,4827312713,3154521698,2826039353,0
2428814089,359292025,2069522064,2788106114,4498336153,2428814089,1
3130402500,656486884,2720561281,3786889384,5850963781,3377048165,0
480249,511225,30976,991474,511225,542201,1
29767936,30008484,24393721,59776420,54161657,54402205,0
69155856,73616400,4460544,142772256,73616400,78076944,1
252714609,261177921,93954249,513892530,346668858,355132170,0
10036224,165636900,155600676,175673124,165636900,321237576,1
99480676,387144976,371718400,486625652,471199076,758863376,0
58110129,61858225,3748096,119968354,61858225,65606321,1
63218401,67125249,5125696,130343650,68344097,72250945,0
7929856,130873600,122943744,138803456,130873600,253817344,1
103510276,353364804,340254916,456875080,443765192,693619720,0
3097600,51122500,48024900,54220100,51122500,99147400,1
35188624,128187684,123254404,163376308,158443028,251442088,0
6071296,100200100,94128804,106271396,100200100,194328904,1
134490409,366454449,354757225,500944858,489247634,721211674,0
1587600,42968025,44555625,44555625,46143225,87523650,1
40284409,135536164,138344644,175820573,178629053,273880808,0
1604002500,1546848900,57153600,3150851400,1661156100,1604002500,1
2094160644,2028781764,176145984,4122942408,2270306628,2204927748,0
2851560000,2749953600,101606400,5601513600,2953166400,2851560000,1
3240341776,3131969296,185068816,6372311072,3425410592,3317038112,0
1113890625,1074200625,39690000,2188091250,1153580625,1113890625,1
1833638041,1782612841,247936516,3616250882,2081574557,2030549357,0
178222500,6350400,171872100,184572900,350094600,178222500,1
213218404,14227984,206267044,227446388,419485448,220495028,0
401000625,386712225,14288400,787712850,415289025,401000625,1
793323556,773173636,142110241,1566497192,935433797,915283877,0
77792400,2183225625,2105433225,2261018025,2183225625,4288658850,1
150454756,2517129241,2433547561,2667583997,2584002317,4950676802,0
89870400,105472900,15602500,195343300,105472900,121075400,1
140635881,159997201,40056241,300633082,180692122,200053442,0
2636822500,2246760000,390062500,4883582500,3026885000,2636822500,1
2768653924,2368574224,441756324,5137228148,3210410248,2810330548,0
6750265600,998560000,5751705600,7748825600,12501971200,6750265600,1
7877450025,1458858025,6795529225,9336308050,14672979250,8254387250,0
808833600,140422500,949256100,949256100,1758089700,1089678600,1
1123925625,286794225,1288451025,1410719850,2412376650,1575245250,0
5168172100,764522500,4403649600,5932694600,9571821700,5168172100,1
6592952809,1365819849,5725494889,7958772658,12318447698,7091314738,0
62410000,421891600,359481600,484301600,421891600,781373200,1
199939600,717168400,635040000,917108000,834979600,1352208400,0
1687566400,1437926400,249640000,3125492800,1937206400,1687566400,1
2353026064,2056441104,539539984,4409467168,2892566048,2595981088,0
24403600,40640625,65044225,65044225,89447825,105684850,1
87796900,116748025,156125025,204544925,243921925,272873050,0
650250000,390457600,1040707600,1040707600,1690957600,1431165200,1
1072497001,729486081,1560961081,1801983082,2633458082,2290447162,0
1463062500,878529600,2341592100,2341592100,3804654600,3220121700,1
2048648644,1343369104,3069381604,3392017748,5118030248,4412750708,0
3187167025,1991390625,1195776400,5178557650,4382943425,3187167025,1
3787540849,2471382369,1573550224,6258923218,5361091073,4044932593,0
97614400,162562500,260176900,260176900,357791300,422739400,1
148693636,226924096,340181136,375617732,488874772,567105232,0
1561830400,4162830400,2601000000,5724660800,4162830400,6763830400,1
1883994025,4679244025,3012363225,6563238050,4896357250,7691607250,0
585398025,219632400,365765625,805030425,951163650,585398025,1
604127241,231161616,380601081,835288857,984728322,611762697,0
5017600,589824,5607424,5607424,10625024,6197248,1
27144100,13972644,28494244,41116744,55638344,42466888,0
1450086400,170459136,1620545536,1620545536,3070631936,1791004672,1
1569506689,212955649,1746654849,1782462338,3316161538,1959610498,0
807469056,722534400,84934656,1530003456,892403712,807469056,1
1026433444,930372004,164814244,1956805448,1191247688,1095186248,0
1625702400,1816805376,191102976,3442507776,1816805376,2007908352,1
2187152289,2407963041,410913441,4595115330,2598065730,2818876482,0
150994944,1435500544,1284505600,1586495488,1435500544,2720006144,1
420250000,2125210000,1940578704,2545460000,2360828704,4065788704,0
58982400,560742400,501760000,619724800,560742400,1062502400,1
119574225,725494225,658179025,845068450,777753250,1383673250,0
607129600,71368704,678498304,678498304,1285627904,749867008,1
613850176,73685056,685601856,687535232,1299452032,759286912,0
5934096,14478025,8543929,20412121,14478025,23021954,1
16662724,29713401,20875761,46376125,37538485,50589162,0
593409600,1447802500,854392900,2041212100,1447802500,2302195400,1
988410721,2036626641,1318343481,3025037362,2306754202,3354970122,0
3706374400,2187245824,1519128576,5893620224,5225502976,3706374400,1
4315964416,2660909056,1917739264,6976873472,6233703680,4578648320,0
1230325776,854509824,2084835600,2084835600,3315161376,2939345424,1
1623767616,1186940304,2588774400,2810707920,4212542016,3775714704,0
1033815409,1751841025,718025616,2785656434,1751841025,2469866641,1
1139535049,1888684681,806560000,3028219730,1946095049,2695244681,0
1922647104,2768232996,4690880100,4690880100,6613527204,7459113096,1
2537237641,3497184769,5626950169,6034422410,8164187810,9124134938,0
1714953744,4184149225,2469195481,5899102969,4184149225,6653344706,1
1995498241,4616387136,2803702500,6611885377,4799200741,7420089636,0
58660281,68690944,127351225,127351225,186011506,196042169,1
291589776,313467025,428572804,605056801,720162580,742039829,0
234641124,274763776,509404900,509404900,744046024,784168676,1
315524169,361798441,625750225,677322610,941274394,987548666,0
2472873984,2111770116,4584644100,4584644100,7057518084,6696414216,1
3422601009,2995263441,5849955225,6417864450,9272556234,8845218666,0
2874353769,3365856256,6240210025,6240210025,9114563794,9606066281,1
3934174729,4505899876,7762491025,8440074605,11696665754,12268390901,0
8150478400,4396220416,3754257984,12546698816,11904736384,8150478400,1
8891358436,4944621124,4262261796,13835979560,13153620232,9206882920,0
3183780625,1717273600,1466507025,4901054225,4650287650,3183780625,1
3430562041,1899739396,1635474481,5330301437,5066036522,3535213877,0
2037619600,938564496,1099055104,2976184096,3136674704,2037619600,1
2198859664,1048982544,1218289216,3247842208,3417148880,2267271760,0
3504384,8105409,4601025,11609793,8105409,12706434,1
122080401,144576576,128187684,266656977,250268085,272764260,0
2074984704,897122304,1177862400,2972107008,3252847104,2074984704,1
2497500625,1181640625,1501020049,3679141250,3998520674,2682660674,0
1167178896,504631296,662547600,1671810192,1829726496,1167178896,1
1643491600,831745600,1031437456,2475237200,2674929056,1863183056,0
1012766976,2342463201,1329696225,3355230177,2342463201,3672159426,1
1522482361,3090692836,1906195600,4613175197,3428677961,4996888436,0
810540900,350438400,460102500,1160979300,1270643400,810540900,1
918090000,422302500,541958400,1340392500,1460048400,964260900,0
901800900,686859264,1588660164,1588660164,2490461064,2275519428,1
1166290801,919848241,1934152441,2086139042,3100443242,2854000682,0
1490732100,2626152516,1135420416,4116884616,2626152516,3761572932,1
2037709881,3338181729,1618211529,5375891610,3655921410,4956393258,0
144400,831744,976144,976144,1120544,1807888,1
497025,1530169,1723969,2027194,2220994,3254138,0
100641024,118113424,17472400,218754448,118113424,135585824,1
117223929,136025569,24750625,253249498,141974554,160776194,0
219632400,32490000,187142400,252122400,406774800,219632400,1
573985764,220166244,520661124,794152008,1094646888,740827368,0
119771136,20793600,140564736,140564736,260335872,161358336,1
252841801,90573289,282676969,343415090,535518770,373250258,0
316270656,269485056,46785600,585755712,363056256,316270656,1
718186401,646735761,251381025,1364922162,969567426,898116786,0
41731600,240374016,282105616,282105616,323837216,522479632,1
234824976,593799424,658435600,828624400,893260576,1252235024,0
14440000,97614400,83174400,112054400,97614400,180788800,1
20043529,111450249,95981209,131493778,116024738,207431458,0
30470400,97219600,127690000,127690000,158160400,224909600,1
39150049,112296409,144889369,151446458,184039418,257185778,0
6256810000,4763760400,1493049600,11020570400,7749859600,6256810000,1
7764076996,6089305156,2270903716,13853382152,10034980712,8360208872,0
487526400,2043040000,1555513600,2530566400,2043040000,3598553600,1
993951729,2986294609,2389938769,3980246338,3383890498,5376233378,0
510760000,121881600,388878400,632641600,899638400,510760000,1
797384644,278155684,643028164,1075540328,1440412808,921183848,0
1149210000,874976400,274233600,2024186400,1423443600,1149210000,1
1584119601,1258901361,504496521,2843020962,2088616122,1763397882,0
761760000,3192250000,2430490000,3954010000,3192250000,5622740000,1
1062760000,3782250000,2948490000,4845010000,4011250000,6730740000,0
4596840000,1096934400,3499905600,5693774400,8096745600,4596840000,1
5757926161,1697522401,4521352081,7455448562,10279278242,6218874482,0
3526884,22500,3504384,3549384,7031268,3526884,1
10751841,2405601,10712529,13157442,21464370,13118130,0
3802500,596043396,592240896,599845896,596043396,1188284292,1
13660416,684345600,680270724,698006016,693931140,1364616324,0
1012766976,6502500,1019269476,1019269476,2032036452,1025771976,1
1208535696,30140100,1215637956,1238675796,2424173652,1245778056,0
793548900,5062500,788486400,798611400,1582035300,793548900,1
1391886864,129686544,1385179524,1521573408,2777066388,1514866068,0
350438400,2250000,352688400,352688400,703126800,354938400,1
668894769,74701449,672001929,743596218,1340896698,746703378,0
3240000,507871296,504631296,511111296,507871296,1012502592,1
5253264,530288784,526977936,535542048,532231200,1057266720,0
1142710416,7290000,1135420416,1150000416,2278130832,1142710416,1
1266861649,20151121,1259185225,1287012770,2526046874,1279336346,0
5290000,35760400,30470400,41050400,35760400,66230800,1
150921225,254881225,240405025,405802450,391326250,495286250,0
487526400,572166400,84640000,1059692800,572166400,656806400,1
909685921,1024064001,298632961,1933749922,1208318882,1322696962,0
321843600,274233600,47610000,596077200,369453600,321843600,1
398760961,345550921,79727041,744311882,478488002,425277962,0
1287374400,1096934400,190440000,2384308800,1477814400,1287374400,1
1509322500,1302488100,281232900,2811810600,1790555400,1583721000,0
2288665600,338560000,1950105600,2627225600,4238771200,2288665600,1
2371495204,370870564,2026620324,2742365768,4398115528,2397490888,0
894010000,132250000,761760000,1026260000,1655770000,894010000,1
1321031716,322058916,1159130116,1643090632,2480161832,1481189032,0
143041600,21160000,121881600,164201600,264923200,143041600,1
281635524,88774084,251603044,370409608,533238568,340377128,0
31069476,55234624,86304100,86304100,117373576,141538724,1
51926436,82156096,119290084,134082532,171216520,201446180,0
124277904,345216400,220938496,469494304,345216400,566154896,1
437981184,804289600,607326736,1242270784,1045307920,1411616336,0
497111616,776736900,279625284,1273848516,776736900,1056362184,1
978688656,1358512164,661004100,2337200820,1639692756,2019516264,0
3535015936,1988446464,5523462400,5523462400,9058478336,7511908864,1
4155865156,2460358404,6293248900,6616223560,10449114056,8753607304,0
497111616,883753984,1380865600,1380865600,1877977216,2264619584,1
819276129,1299963025,1891119169,2119239154,2710395298,3191082194,0
1380865600,2157602500,776736900,3538468100,2157602500,2934339400,1
1513443409,2322565249,876929769,3836008658,2390373178,3199495018,0
2706496576,1522404324,4228900900,4228900900,6935397476,5751305224,1
3764067904,2337335716,5529112164,6101403620,9293180068,7866447880,0
984064,15256836,16240900,16240900,17224964,31497736,1
96020401,161620369,164788569,257640770,260808970,326408938,0
4693620100,4409225604,284394496,9102845704,4978014596,4693620100,1
5047392025,4752309969,376321201,9799701994,5423713226,5128631170,0
2196984384,141705216,2338689600,2338689600,4535673984,2480394816,1
3216477796,472888516,3387472804,3689366312,6603950600,3860361320,0
192876544,3183216400,2990339856,3376092944,3183216400,6173556256,1
479478609,4151096041,3930412249,4630574650,4409890858,8081508290,0
251920384,3905750016,4157670400,4157670400,4409590784,8063420416,1
444745921,4585050369,4857671809,5029796290,5302417730,9442722178,0
4943214864,5262051600,318836736,10205266464,5262051600,5580888336,1
6273273616,6631822096,715669504,12905095712,6988943120,7347491600,0
2578405284,2744712100,166306816,5323117384,2744712100,2911018916,1
2624103076,2791854244,178062336,5415957320,2802165412,2969916580,0
720801,1281424,2002225,2002225,2723026,3283649,1
23785129,26625600,29626249,50410729,53411378,56251849,0
141276996,251159104,392436100,392436100,533713096,643595204,1
451945081,636098841,851647489,1088043922,1303592570,1487746330,0
233539524,415181376,648720900,648720900,882260424,1063902276,1
285948100,484176016,734301604,770124116,1020249704,1218477620,0
578643025,370331536,208311489,948974561,786954514,578643025,1
897242116,632170449,413390224,1529412565,1310632340,1045560673,0
72080100,128142400,200222500,200222500,272302600,328364900,1
283349889,386633569,505935049,669983458,789284938,892568618,0
288320400,103795344,184525056,392115744,472845456,288320400,1
406506244,178756900,281098756,585263144,687605000,459855656,0
450500625,288320400,162180225,738821025,612680850,450500625,1
726356401,515562436,340808521,1241918837,1067164922,856370957,0
150111504,62726400,87385104,212837904,237496608,150111504,1
348494224,205520896,248503696,554015120,596997920,454024592,0
1398161664,1003622400,2401784064,2401784064,3799945728,3405406464,1
1700985049,1262451961,2794073881,2963437010,4495058930,4056525842,0
250905600,600446016,349540416,851351616,600446016,949986432,1
295599249,668584449,401962401,964183698,697561650,1070546850,0
4281870096,7355463696,3073593600,11637333792,7355463696,10429057296,1
5501782276,8930628004,4118815684,14432410280,9620597960,13049443688,0
786465936,1351003536,564537600,2137469472,1351003536,1915541136,1
1337584329,2050731225,1042579521,3388315554,2380163850,3093310746,0
2258150400,5404014144,3145863744,7662164544,5404014144,8549877888,1
2322854416,5503859344,3222151696,7826713760,5545006112,8726011040,0
4014489600,9607136256,5592646656,13621625856,9607136256,15199782912,1
4367755921,10149555025,6008265169,14517310946,10376021090,16157820194,0
74649600,82301184,156950784,156950784,231600384,239251968,1
289068004,303944356,436392100,593012360,725460104,740336456,0
3923769600,2057529600,1866240000,5981299200,5790009600,3923769600,1
3936056644,2066429764,1874716804,6002486408,5810773448,3941146568,0
671846400,740710656,1412557056,1412557056,2084403456,2153267712,1
1245172369,1338315889,2204396401,2583488258,3449568770,3542712290,0
4032758016,3657830400,7690588416,7690588416,11723346432,11348418816,1
4675961161,4271537449,8569760329,8947498610,13245721490,12841297778,0
5650228224,2962842624,2687385600,8613070848,8337613824,5650228224,1
5959376809,3187844521,2901869161,9147221330,8861245970,6089713682,0
4777574400,10044850176,5267275776,14822424576,10044850176,15312125952,1
5063176336,10457107600,5566950544,15520283936,10630126880,16024058144,0
1194393600,1316818944,2511212544,2511212544,3705606144,3828031488,1
1662029824,1805910016,3171942400,3467939840,4833972224,4977852416,0
28676025,30525625,1849600,59201650,30525625,32375225,1
139594225,143640225,61152400,283234450,200746625,204792625,0
1835265600,118374400,1953640000,1953640000,3788905600,2072014400,1
2531699856,336942736,2670408976,2868642592,5202108832,3007351712,0
258084225,274730625,16646400,532814850,274730625,291377025,1
291316624,308986084,25836889,600302708,317153513,334822973,0
1405125225,90630400,1495755625,1495755625,2900880850,1586386025,1
1763328064,196756729,1864685124,1960084793,3628013188,2061441853,0
458816400,488410000,29593600,947226400,488410000,518003600,1
867950521,908479881,181737361,1776430402,1049687882,1090217242,0
7398400,114704100,122102500,122102500,129500900,236806600,1
14600041,139499721,147646801,154099762,162246842,287146522,0
716900625,763140625,46240000,1480041250,763140625,809380625,1
1180815769,1239955369,207014544,2420771138,1387830313,1446969913,0
101767744,45697600,56070144,147465344,157837888,101767744,1
396886084,275360836,300051684,672246920,696937768,575412520,0
182790400,224280576,407070976,407070976,589861376,631351552,1
447237904,510940816,773062416,958178720,1220300320,1284003232,0
2239182400,4986619456,2747437056,7225801856,4986619456,7734056512,1
3110850625,6252223041,3705278641,9363073666,6816129266,9957501682,0
6513135616,3588489216,2924646400,10101624832,9437782016,6513135616,1
7069950889,4004738089,3301536681,11074688978,10371487570,7306274770,0
411278400,504631296,915909696,915909696,1327188096,1420540992,1
821109025,951043921,1492972321,1772152946,2314081346,2444016242,0
1401753600,2544193600,1142440000,3945947200,2544193600,3686633600,1
1614914596,2828750596,1335610116,4443665192,2950524712,4164360712,0
3663638784,1645113600,2018525184,5308752384,5682163968,3663638784,1
3799366321,1736472241,2119589521,5535838562,5918955842,3856061762,0
63297936,9363600,53934336,72661536,117232272,63297936,1
318515409,167728401,297045225,486243810,615560634,464773626,0
1582448400,234090000,1348358400,1816538400,2930806800,1582448400,1
2073345156,443270916,1804040676,2516616072,3877385832,2247311592,0
458816400,3101598864,2642782464,3560415264,3101598864,5744381328,1
783496081,3876681169,3361564441,4660177250,4145060522,7238245610,0
2278725696,1941636096,337089600,4220361792,2615815296,2278725696,1
3272068804,2865460900,774286276,6137529704,4046355080,3639747176,0
599270400,4051067904,3451797504,4650338304,4051067904,7502865408,1
621704356,4109066404,3505350436,4730770760,4127054792,7614416840,0
485409024,84272400,569681424,569681424,1055090448,653953824,1
554649601,114468601,644499769,669118202,1199149370,758968370,0
862949376,149817600,1012766976,1012766976,1875716352,1162584576,1
1007427600,213276816,1168819344,1220704416,2176246944,1382096160,0
4161600,9006001,4844401,13167601,9006001,13850402,1
24068836,34421689,25674489,58490525,49743325,60096178,0
2602734289,1202702400,1400031889,3805436689,4002766178,2602734289,1
2852521281,1374333184,1584756481,4226854465,4437277762,2959089665,0
1296864144,599270400,697593744,1896134544,1994457888,1296864144,1
1569427456,788711056,900960256,2358138512,2470387712,1689671312,0
1089990225,936360000,2026350225,2026350225,3116340450,2962710225,1
1166290801,1007173696,2129914801,2173464497,3296205602,3137088497,0
416160000,900600100,484440100,1316760100,900600100,1385040200,1
465869056,973065636,537961636,1438934692,1003830692,1511027272,0
1569585924,1348358400,2917944324,2917944324,4487530248,4266302724,1
1691676900,1461685824,3083580900,3153362724,4775257800,4545266724,0
1089726121,586172521,503553600,1675898642,1593279721,1089726121,1
1306822500,748022500,654285241,2054845000,1961107741,1402307741,0
27994681,15681600,12313081,43676281,40307762,27994681,1
63075364,43705321,37945600,106780685,101020964,81650921,0
197009296,447914896,250905600,644924192,447914896,698820496,1
564822756,954439236,653824900,1519261992,1218647656,1608264136,0
699867025,307827025,392040000,1007694050,1091907025,699867025,1
1282427721,723663801,850072336,2006091522,2132500057,1573736137,0
111978724,49252324,62726400,161231048,174705124,111978724,1
121022001,55308969,69538921,176330970,190560922,124847890,0
1007808516,564537600,443270916,1572346116,1451079432,1007808516,1
1337657476,817273744,669877924,2154931220,2007535400,1487151668,0
110817729,251952129,141134400,362769858,251952129,393086529,1
340956225,566963721,392753124,907919946,733709349,959716845,0
768398400,603340969,1371739369,1371739369,2140137769,1975080338,1
1162537216,957221721,1884688569,2119758937,3047225785,2841910290,0
1010025,45846441,44836416,46856466,45846441,90682857,1
1726596,50126400,49070025,51852996,50796621,99196425,0
64641600,2934172224,2869530624,2998813824,2934172224,5803702848,1
171741025,3508548289,3437828689,3680289314,3609569714,6946376978,0
25250625,1120910400,1146161025,1146161025,1171411650,2267071425,1
63776196,1327946481,1355417856,1391722677,1419194052,2683364337,0
1650471876,36360900,1614110976,1686832776,3264582852,1650471876,1
2445104704,220581904,2400804004,2665686608,4845908708,2621385908,0
733543056,16160400,717382656,749703456,1450925712,733543056,1
1100049889,102070609,1080239689,1202120498,2180289578,1182310298,0
9090225,403527744,412617969,412617969,421708194,816145713,1
166177881,897841296,911375721,1064019177,1077553602,1809217017,0
49491225,2196984384,2246475609,2246475609,2295966834,4443459993,1
131217025,2630869264,2685001489,2762086289,2816218514,5315870753,0
53824,30276,84100,84100,137924,114376,1
54508689,53655625,55368481,108164314,109877170,109024106,0
24304900,8749764,15555136,33054664,39860036,24304900,1
27825625,10909809,18395521,38735434,46221146,29305330,0
12110400,7750656,4359744,19861056,16470144,12110400,1
152004241,135326689,119617969,287330930,271622210,254944658,0
21529600,7750656,13778944,29280256,35308544,21529600,1
146168100,104734756,124590244,250902856,270758344,229325000,0
17438976,9809424,27248400,27248400,44687376,37057824,1
123587689,101465329,147889921,225053018,271477610,249355250,0
5116644,9096256,14212900,14212900,19329544,23309156,1
121947849,139169209,157527601,261117058,279475450,296696810,0
10176100,3663396,6512704,13839496,16688804,10176100,1
74615044,54199044,64000000,128814088,138615044,118199044,0
17640000,46854025,29214025,64494025,46854025,76068050,1
131537961,199204996,160630276,330742957,292168237,359835272,0
749664400,467424400,282240000,1217088800,1031904400,749664400,1
884229696,574848576,366952336,1459078272,1251182032,941800912,0
1431487225,864360000,2295847225,2295847225,3727334450,3160207225,1
1492508689,911919204,2372956369,2404427893,3865465058,3284875573,0
2998657600,1869697600,1128960000,4868355200,4127617600,2998657600,1
3311772304,2118576784,1324086544,5430349088,4635858848,3442663328,0
421686225,262926225,158760000,684612450,580446225,421686225,1
721513321,508096681,358193476,1229610002,1079706797,866290157,0
70560000,187416100,116856100,257976100,187416100,304272200,1
324504196,543076416,417139776,867580612,741643972,960216192,0
441000000,730350625,1171350625,1171350625,1612350625,1901701250,1
654387561,998939236,1505905636,1653326797,2160293197,2504844872,0
2289169,16851025,14561856,19140194,16851025,31412881,1
13535041,39325441,35784324,52860482,49319365,75109765,0
4313862400,3727835136,586027264,8041697536,4899889664,4313862400,1
5334257296,4680201744,996286096,10014459040,6330543392,5676487840,0
2460953664,2847823225,386869561,5308776889,2847823225,3234692786,1
3232149904,3673450881,724309569,6905600785,3956459473,4397760450,0
329640336,2426547600,2096907264,2756187936,2426547600,4523454864,1
475850596,2800314724,2445302500,3276165320,2921153096,5245617224,0
5459732100,741690756,4718041344,6201422856,10177773444,5459732100,1
5938397721,924464025,5163715881,6862861746,11102113602,6088179906,0
3276417600,3791480625,515063025,7067898225,3791480625,4306543650,1
4100609296,4674593641,869719081,8775202937,4970328377,5544312722,0
2038974025,276989449,1761984576,2315963474,3800958601,2038974025,1
2498000400,460875024,2190333601,2958875424,4688334001,2651208625,0
142062561,67568400,74494161,209630961,216556722,142062561,1
404452321,269353744,283013329,673806065,687465650,552367073,0
297976644,270273600,568250244,568250244,866226888,838523844,1
497602249,461605225,834227689,959207474,1331829938,1295832914,0
3551564025,1689210000,1862354025,5240774025,5413918050,3551564025,1
3625364521,1740224656,1915900441,5365589177,5541264962,3656125097,0
670447449,608115600,1278563049,1278563049,1949010498,1886678649,1
753667209,687488400,1392558489,1441155609,2146225698,2080046889,0
2432462400,5114252196,2681789796,7546714596,5114252196,7796041992,1
3351483664,6413767396,3643088164,9765251060,6994571828,10056855560,0
1081094400,1191906576,2273000976,2273000976,3354095376,3464907552,1
1675674225,1812971241,3105944361,3488645466,4781618586,4918915602,0
3650213889,6961065489,3310851600,10611279378,6961065489,10271917089,1
4230852025,7754739721,3864860224,11985591746,8095712249,11619599945,0
