side1^2,side2^2,side3^2,side1^2+side2^2,side1^2+side3^2,side2^2+side3^2,validity
9217296,16386304,25603600,25603600,34820896,41989904,1
137757169,162537001,189365121,300294170,327122290,351902122,0
451647504,802928896,1254576400,1254576400,1706223904,2057505296,1
788430241,1236436569,1784809009,2024866810,2573239250,3021245578,0
36869184,65545216,102414400,102414400,139283584,167959616,1
48888064,81288256,121881600,130176320,170769664,203169856,0
331822656,589906944,921729600,921729600,1253552256,1511636544,1
540376516,859545124,1252452100,1399921640,1792828616,2111997224,0
589906944,1048723456,1638630400,1638630400,2228537344,2687353856,1
828576225,1360208161,2022930529,2188784386,2851506754,3383138690,0
230432400,409657600,640090000,640090000,870522400,1049747600,1
334963204,545783044,807810084,880746248,1142773288,1353593128,0
82955664,147476736,230432400,230432400,313388064,377909136,1
182979729,274332969,384120801,457312698,567100530,658453770,0
1605289,18870336,20475625,20475625,22080914,39345961,1
86434209,153115876,157628025,239550085,244062234,310743901,0
314636644,3698585856,4013222500,4013222500,4327859144,7711808356,1
651883024,4707332100,5061468736,5359215124,5713351760,9768800836,0
361190025,4245825600,4607015625,4607015625,4968205650,8852841225,1
517562500,4747899025,5129424400,5265461525,5646986900,9877323425,0
410953984,4830806016,5241760000,5241760000,5652713984,10072566016,1
755480196,5885651524,6338388996,6641131720,7093869192,12224040520,0
160528900,1887033600,2047562500,2047562500,2208091400,3934596100,1
306565081,2330861841,2508907921,2637426922,2815473002,4839769762,0
463928521,5453527104,5917455625,5917455625,6381384146,11370982729,1
696696025,6194319616,6688131961,6891015641,7384827986,12882451577,0
271293841,3189086784,3460380625,3460380625,3731674466,6649467409,1
666104481,4330956100,4646194569,4997060581,5312299050,8977150669,0
68359824,94381225,162741049,162741049,231100873,257122274,1
120626289,154504900,239382784,275131189,360009073,393887684,0
273439296,377524900,650964196,650964196,924403492,1028489096,1
573698304,720707716,1084384900,1294406020,1658083204,1805092616,0
615238416,849431025,1464669441,1464669441,2079907857,2314100466,1
619960201,854977600,1471949956,1474937801,2091910157,2326927556,0
3349631376,4624680025,7974311401,7974311401,11323942777,12598991426,1
4438624129,5890869504,9613018116,10329493633,14051642245,15503887620,0
4375028736,6040398400,10415427136,10415427136,14790455872,16455825536,1
4128448009,5750037241,10033027225,9878485250,14161475234,15783064466,0
1708995600,2359530625,4068526225,4068526225,5777521825,6428056850,1
2613254400,3405306025,5411809225,6018560425,8025063625,8817115250,0
1093757184,1510099600,2603856784,2603856784,3697613968,4113956384,1
1607368464,2104974400,3369570304,3712342864,4976938768,5474544704,0
24920064,26316900,51236964,51236964,76157028,77553864,1
171767236,175403536,233233984,347170772,405001220,408637520,0
897122304,947408400,1844530704,1844530704,2741653008,2791939104,1
1276275625,1336121809,2373735841,2612397434,3650011466,3709857650,0
224280576,236852100,461132676,461132676,685413252,697984776,1
236544400,249450436,478646884,485994836,715191284,728097320,0
99680256,105267600,204947856,204947856,304628112,310215456,1
248819076,257602500,404251236,506421576,653070312,661853736,0
623001600,657922500,1280924100,1280924100,1903925700,1938846600,1
1197367609,1245595849,2064157489,2442963458,3261525098,3309753338,0
398721024,421070400,819791424,819791424,1218512448,1240861824,1
703840900,733434724,1238617636,1437275624,1942458536,1972052360,0
1594884096,1684281600,3279165696,3279165696,4874049792,4963447296,1
2338109316,2446093764,4314125124,4784203080,6652234440,6760218888,0
11888704,41796225,53684929,53684929,65573633,95481154,1
21827584,59120721,73119601,80948305,94947185,132240322,0
582546496,2048015025,2630561521,2630561521,3213108017,4678576546,1
850363921,2528078400,3171266596,3378442321,4021630517,5699344996,0
427993344,1504664100,1932657444,1932657444,2360650788,3437321544,1
602702500,1819193104,2287134976,2421895604,2889837476,4106328080,0
47554816,167184900,214739716,214739716,262294532,381924616,1
211848025,423906921,497869969,635754946,709717994,921776890,0
760877056,2674958400,3435835456,3435835456,4196712512,6110793856,1
1246584249,3533470249,4400862921,4780054498,5647447170,7934333170,0
297217600,1044905625,1342123225,1342123225,1639340825,2387028850,1
380874256,1197229201,1514065921,1578103457,1894940177,2711295122,0
190219264,668739600,858958864,858958864,1049178128,1527698464,1
226291849,735006321,933852481,961298170,1160144330,1668858802,0
10188864,65205625,75394489,75394489,85583353,140600114,1
120297024,251254201,270898681,371551225,391195705,522152882,0
163021824,1043290000,1206311824,1206311824,1369333648,2249601824,1
480881041,1719014521,1926595449,2199895562,2407476490,3645609970,0
366799104,2347402500,2714201604,2714201604,3081000708,5061604104,1
515925796,2705248144,3098035600,3221173940,3613961396,5803283744,0
652087296,4173160000,4825247296,4825247296,5477334592,8998407296,1
933485809,4846526689,5547419361,5780012498,6480905170,10393946050,0
91699776,586850625,678550401,678550401,770250177,1265401026,1
163456225,752624356,856030564,916080581,1019486789,1608654920,0
499254336,3195075625,3694329961,3694329961,4193584297,6889405586,1
931958784,4187254681,4756171225,5119213465,5688130009,8943425906,0
40755456,260822500,301577956,301577956,342333412,562400456,1
196897024,566344804,625700196,763241828,822597220,1192045000,0
38025,559504,597529,597529,635554,1157033,1
4950625,7717284,7856809,12667909,12807434,15574093,0
5475600,80568576,86044176,86044176,91519776,166612752,1
42497361,173054025,181037025,215551386,223534386,354091050,0
4601025,67699984,72301009,72301009,76902034,140000993,1
54582544,181467841,188952516,236050385,243535060,370420357,0
8555625,125888400,134444025,134444025,142999650,260332425,1
49308484,234610489,246238864,283918973,295547348,480849353,0
6426225,94556176,100982401,100982401,107408626,195538577,1
65044225,232684516,242705241,297728741,307749466,475389757,0
7452900,109662784,117115684,117115684,124568584,226778468,1
131560900,369100944,382671844,500661844,514232744,751772788,0
3802500,55950400,59752900,59752900,63555400,115703300,1
10478169,76860289,81306289,87338458,91784458,158166578,0
665856,1183744,1849600,1849600,2515456,3033344,1
2907025,3908529,5058001,6815554,7965026,8966530,0
80568576,143233024,223801600,223801600,304370176,367034624,1
349316100,470109124,608806276,819425224,958122376,1078915400,0
149817600,266342400,416160000,416160000,565977600,682502400,1
331749796,497022436,695587876,828772232,1027337672,1192610312,0
95883264,170459136,266342400,266342400,362225664,436801536,1
179989056,278222400,397763136,458211456,577752192,675985536,0
130507776,232013824,362521600,362521600,493029376,594535424,1
216413521,342953361,498494929,559366882,714908450,841448290,0
170459136,303038464,473497600,473497600,643956736,776536064,1
245674276,401040676,594286884,646714952,839961160,995327560,0
112529664,200052736,312582400,312582400,425112064,512635136,1
392990976,545689600,723394816,938680576,1116385792,1269084416,0
82944,147456,230400,230400,313344,377856,1
26010000,26998416,28005264,53008416,54015264,55003680,0
8294400,14745600,23040000,23040000,31334400,37785600,1
11985444,19554084,28965924,31539528,40951368,48520008,0
10036224,17842176,27878400,27878400,37914624,45720576,1
69222400,87909376,108826624,157131776,178049024,196736000,0
23970816,42614784,66585600,66585600,90556416,109200384,1
184742464,231770176,284124736,416512640,468867200,515894912,0
26873856,47775744,74649600,74649600,101523456,122425344,1
162537001,209583529,262602025,372120530,425139026,472185554,0
11943936,21233664,33177600,33177600,45121536,54411264,1
120516484,147136900,176411524,267653384,296928008,323548424,0
18662400,33177600,51840000,51840000,70502400,85017600,1
39904489,60171049,84584809,100075538,124489298,144755858,0
15808576,40832100,56640676,56640676,72449252,97472776,1
47582404,86713344,109160704,134295748,156743108,195874048,0
252937216,653313600,906250816,906250816,1159188032,1559564416,1
634032400,1213546896,1550784400,1847579296,2184816800,2764331296,0
774620224,2000772900,2775393124,2775393124,3550013348,4776166024,1
1337218624,2858613156,3772170724,4195831780,5109389348,6630783880,0
63234304,163328400,226562704,226562704,289797008,389891104,1
91087936,206554384,277022736,297642320,368110672,483577120,0
1011748864,2613254400,3625003264,3625003264,4636752128,6238257664,1
1566576400,3468267664,4621280400,5034844064,6187856800,8089548064,0
569108736,1469955600,2039064336,2039064336,2608173072,3509019936,1
638017081,1579506049,2167740481,2217523130,2805757562,3747246530,0
395214400,1020802500,1416016900,1416016900,1811231300,2436819400,1
472888516,1143521856,1559934016,1616410372,2032822532,2703455872,0
1768900,80568576,82337476,82337476,84106376,162906052,1
33454656,180364900,183006784,213819556,216461440,363371684,0
113209600,5156388864,5269598464,5269598464,5382808064,10425987328,1
140635881,5332942729,5448063721,5473578610,5588699602,10781006450,0
7075600,322274304,329349904,329349904,336425504,651624208,1
103774969,649179441,659205625,752954410,762980594,1308385066,0
86676100,3947860224,4034536324,4034536324,4121212424,7982396548,1
255488256,4831084036,4926916864,5086572292,5182405120,9758000900,0
15920100,725117184,741037284,741037284,756957384,1466154468,1
192904321,1356227929,1377968641,1549132250,1570872962,2734196570,0
63680400,2900468736,2964149136,2964149136,3027829536,5864617872,1
135256900,3306940036,3374912836,3442196936,3510169736,6681852872,0
28302400,1289097216,1317399616,1317399616,1345702016,2606496832,1
98545329,1641141121,1673055409,1739686450,1771600738,3314196530,0
12006225,34574400,46580625,46580625,58586850,81155025,1
24970009,54937744,69839449,79907753,94809458,124777193,0
768398400,2212761600,2981160000,2981160000,3749558400,5193921600,1
1371443089,3175660609,4084871569,4547103698,5456314658,7260532178,0
48024900,138297600,186322500,186322500,234347400,324620100,1
215032896,380016036,457275456,595048932,672308352,837291492,0
300155625,864360000,1164515625,1164515625,1464671250,2028875625,1
460531600,1124596225,1463827600,1585127825,1924359200,2588423825,0
588305025,1694145600,2282450625,2282450625,2870755650,3976596225,1
880427584,2169416929,2829388864,3049844513,3709816448,4998805793,0
192099600,553190400,745290000,745290000,937389600,1298480400,1
522305316,1057160196,1317254436,1579465512,1839559752,2374414632,0
108056025,311169600,419225625,419225625,527281650,730395225,1
154455184,387026929,506610064,541482113,661065248,893636993,0
31102929,89567296,120670225,120670225,151773154,210237521,1
59367025,134374464,171950769,193741489,231317794,306325233,0
1990587456,5732306944,7722894400,7722894400,9713481856,13455201344,1
2866317444,7162913956,9370627204,10029231400,12236944648,16533541160,0
1119705444,3224422656,4344128100,4344128100,5463833544,7568550756,1
1210692025,3377585689,4521621049,4588277714,5732313074,7899206738,0
124411716,358269184,482680900,482680900,607092616,840950084,1
336979449,682829161,851063929,1019808610,1188043378,1533893090,0
497646864,1433076736,1930723600,1930723600,2428370464,3363800336,1
976000081,2189210521,2795554129,3165210602,3771554210,4984764650,0
777573225,2239182400,3016755625,3016755625,3794328850,5255938025,1
1244537284,2993512369,3883533124,4238049653,5128070408,6877045493,0
1524043521,4388797504,5912841025,5912841025,7436884546,10301638529,1
1704368656,4691291049,6263139600,6395659705,7967508256,10954430649,0
29506624,76212900,105719524,105719524,135226148,181932424,1
92102409,166281025,208715809,258383434,300818218,374996834,0
118026496,304851600,422878096,422878096,540904592,727729696,1
274863241,537080625,690585841,811943866,965449082,1227666466,0
265559616,685916100,951475716,951475716,1217035332,1637391816,1
443692096,958397764,1268356996,1402089860,1712049092,2226754760,0
737665600,1905322500,2642988100,2642988100,3380653700,4548310600,1
1287661456,2743035876,3616097956,4030697332,4903759412,6359133832,0
472105984,1219406400,1691512384,1691512384,2163618368,2910918784,1
472627600,1220244624,1692499600,1692872224,2165127200,2912744224,0
1888423936,4877625600,6766049536,6766049536,8654473472,11643675136,1
2775814596,6252064900,8369688196,9027879496,11145502792,14621753096,0
1062238464,2743664400,3805902864,3805902864,4868141328,6549567264,1
1079319609,2771074881,3838174209,3850394490,4917493818,6609249090,0
18249984,23961025,42211009,42211009,60460993,66172034,1
116532025,130370724,169520400,246902749,286052425,299891124,0
291999744,383376400,675376144,675376144,967375888,1058752544,1
646023889,778912281,1177656489,1424936170,1823680378,1956568770,0
72999936,95844100,168844036,168844036,241843972,264688136,1
130736356,160782400,252301456,291518756,383037812,413083856,0
656999424,862596900,1519596324,1519596324,2176595748,2382193224,1
736742449,953636161,1639683049,1690378610,2376425498,2593319210,0
1167998976,1533505600,2701504576,2701504576,3869503552,4235010176,1
1616924521,2042588025,3365276121,3659512546,4982200642,5407864146,0
456249600,599025625,1055275225,1055275225,1511524825,1654300850,1
753722116,934463761,1488339241,1688185877,2242061357,2422803002,0
164249856,215649225,379899081,379899081,544148937,595548306,1
226713249,286489476,472279824,513202725,698993073,758769300,0
7001316,48441600,55442916,55442916,62444232,103884516,1
44156025,120099681,130988025,164255706,175144050,251087706,0
28005264,193766400,221771664,221771664,249776928,415538064,1
220492801,551169529,597753601,771662330,818246402,1148923130,0
343064484,2373638400,2716702884,2716702884,3059767368,5090341284,1
363512356,2426941696,2773707556,2790454052,3137219912,5200649252,0
175032900,1211040000,1386072900,1386072900,1561105800,2597112900,1
467813641,1866153601,2082005641,2333967242,2549819282,3948159242,0
448084224,3100262400,3548346624,3548346624,3996430848,6648609024,1
937461924,4241916900,4763484324,5179378824,5700946248,9005401224,0
112021056,775065600,887086656,887086656,999107712,1662152256,1
310887424,1217172544,1356596224,1528059968,1667483648,2573768768,0
252047376,1743897600,1995944976,1995944976,2247992352,3739842576,1
435014449,2184721081,2465817649,2619735530,2900832098,4650538730,0
14400,15876,30276,30276,44676,46152,1
12574116,12616704,12960000,25190820,25534116,25576704,0
3240000,3572100,6812100,6812100,10052100,10384200,1
41036836,42198016,52070656,83234852,93107492,94268672,0
4665600,5143824,9809424,9809424,14475024,14953248,1
22810176,23853456,33039504,46663632,55849680,56892960,0
2822400,3111696,5934096,5934096,8756496,9045792,1
69789316,71199844,82992100,140989160,152781416,154191944,0
1440000,1587600,3027600,3027600,4467600,4615200,1
47114496,47941776,54819216,95056272,101933712,102760992,0
4161600,4588164,8749764,8749764,12911364,13337928,1
4937284,5400976,9859600,10338260,14796884,15260576,0
3686400,4064256,7750656,7750656,11437056,11814912,1
116100625,118178641,135466321,234279266,251566946,253644962,0
50808384,53231616,104040000,104040000,154848384,157271616,1
149866564,154008100,234518596,303874664,384385160,388526696,0
2489610816,2608349184,5097960000,5097960000,7587570816,7706309184,1
3261209449,3396908089,6179689321,6658117538,9440898770,9576597410,0
203233536,212926464,416160000,416160000,619393536,629086464,1
215766721,225750625,434013889,441517346,649780610,659764514,0
812934144,851705856,1664640000,1664640000,2477574144,2516345856,1
1481249169,1533427281,2578100625,3014676450,4059349794,4111527906,0
1270209600,1330790400,2601000000,2601000000,3871209600,3931790400,1
2051818209,2128622769,3679271649,4180440978,5731089858,5807894418,0
457275456,479084544,936360000,936360000,1393635456,1415444544,1
508953600,531948096,1009714176,1040901696,1518667776,1541662272,0
1829101824,1916338176,3745440000,3745440000,5574541824,5661778176,1
2401588036,2501400196,4547883844,4902988232,6949471880,7049284040,0
63504,112896,176400,176400,239904,289296,1
65966884,67338436,68724100,133305320,134690984,136062536,0
20575296,36578304,57153600,57153600,77728896,93731904,1
40564161,62110161,88228449,102674322,128792610,150338610,0
16257024,28901376,45158400,45158400,61415424,74059776,1
43824400,63425296,86638864,107249696,130463264,150064160,0
7683984,13660416,21344400,21344400,29028384,35004816,1
20160100,29311396,40170244,49471496,60330344,69481640,0
6350400,11289600,17640000,17640000,23990400,28929600,1
130690624,150601984,171924544,281292608,302615168,322526528,0
12446784,22127616,34574400,34574400,47021184,56702016,1
180929401,213949129,249734809,394878530,430664210,463683938,0
18352656,32626944,50979600,50979600,69332256,83606544,1
24304900,40424164,60621796,64729064,84926696,101045960,0
20793600,41964484,62758084,62758084,83551684,104722568,1
109893289,153784801,191684025,263678090,301577314,345468826,0
1330790400,2685726976,4016517376,4016517376,5347307776,6702244352,1
1813397056,3355653184,4827470400,5169050240,6640867456,8183123584,0
187142400,377680356,564822756,564822756,751965156,942503112,1
445885456,721996900,973564804,1167882356,1419450260,1695561704,0
83174400,167857936,251032336,251032336,334206736,418890272,1
314920516,465782724,598780900,780703240,913701416,1064563624,0
332697600,671431744,1004129344,1004129344,1336826944,1675561088,1
367373889,720331921,1063738225,1087705810,1431112114,1784070146,0
748569600,1510721424,2259291024,2259291024,3007860624,3770012448,1
837060624,1635393600,2411202816,2472454224,3248263440,4046596416,0
1018886400,2056259716,3075146116,3075146116,4094032516,5131405832,1
1357406649,2526972361,3645382129,3884379010,5002788778,6172354490,0
70560000,93741124,164301124,164301124,234861124,258042248,1
71961289,95355225,166435801,167316514,238397090,261791026,0
1764000000,2343528100,4107528100,4107528100,5871528100,6451056200,1
2022031089,2639596129,4496641249,4661627218,6518672338,7136237378,0
282240000,374964496,657204496,657204496,939444496,1032168992,1
716793529,860659569,1268000881,1577453098,1984794410,2128660450,0
4515840000,5999431936,10515271936,10515271936,15031111936,16514703872,1
3977446489,5376262329,9684724921,9353708818,13662171410,15060987250,0
2540160000,3374680464,5914840464,5914840464,8455000464,9289520928,1
2565321201,3403672281,5953202649,5968993482,8518523850,9356874930,0
635040000,843670116,1478710116,1478710116,2113750116,2322380232,1
1030538404,1292258704,2057166736,2322797108,3087705140,3349425440,0
1128960000,1499857984,2628817984,2628817984,3757777984,4128675968,1
1880523225,2351571049,3725515369,4232094274,5606038594,6077086418,0
2822400,3705625,6528025,6528025,9350425,10233650,1
6969600,8323225,12355225,15292825,19324825,20678450,0
815673600,1070925625,1886599225,1886599225,2702272825,2957524850,1
1075118521,1365598116,2271856896,2440716637,3346975417,3637455012,0
635040000,833765625,1468805625,1468805625,2103845625,2302571250,1
810199296,1032915321,1729644921,1843114617,2539844217,2762560242,0
341510400,448380625,789891025,789891025,1131401425,1238271650,1
590101264,728298169,1150362889,1318399433,1740464153,1878661058,0
282240000,370562500,652802500,652802500,935042500,1023365000,1
453988249,564395049,903423249,1018383298,1357411498,1467818298,0
476985600,626250625,1103236225,1103236225,1580221825,1729486850,1
556252225,716632900,1222201600,1272885125,1778453825,1938834500,0
553190400,726302500,1279492900,1279492900,1832683300,2005795400,1
913429729,1132524409,1803955729,2045954138,2717385458,2936480138,0
17424,4734976,4752400,4752400,4769824,9487376,1
19044,4761124,4778596,4780168,4797640,9539720,0
1742400,473497600,475240000,475240000,476982400,948737600,1
23512801,639533521,641558241,663046322,665071042,1281091762,0
2108304,572932096,575040400,575040400,577148704,1147972496,1
62425801,923248225,925924041,985674026,988349842,1849172266,0
3415104,928055296,931470400,931470400,934885504,1859525696,1
80120401,1411279489,1415490129,1491399890,1495610530,2826769618,0
5035536,1368408064,1373443600,1373443600,1378479136,2741851664,1
24512401,1576010601,1581414289,1600523002,1605926690,3157424890,0
3920400,1065369600,1069290000,1069290000,1073210400,2134659600,1
66896041,1508467921,1513132201,1575363962,1580028242,3021600122,0
4460544,1212153856,1216614400,1216614400,1221074944,2428768256,1
5929225,1234749321,1239251209,1240678546,1245180434,2474000530,0
8850625,23970816,32821441,32821441,41672066,56792257,1
56115081,88585744,104960025,144700825,161075106,193545769,0
433680625,1174569984,1608250609,1608250609,2041931234,2782820593,1
505935049,1291683600,1744816441,1797618649,2250751490,3036500041,0
221265625,599270400,820536025,820536025,1041801650,1419806425,1
523494400,1055275225,1343222500,1578769625,1866716900,2398497725,0
141610000,383533056,525143056,525143056,666753056,908676112,1
195804049,469892329,625450081,665696378,821254130,1095342410,0
566440000,1534132224,2100572224,2100572224,2667012224,3634704448,1
749883456,1827733504,2441941056,2577616960,3191824512,4269674560,0
318622500,862949376,1181571876,1181571876,1500194376,2044521252,1
412333636,1013276224,1356448900,1425609860,1768782536,2369725124,0
35402500,95883264,131285764,131285764,166688264,227169028,1
153735201,263770081,320660649,417505282,474395850,584430730,0
2944656,87609600,90554256,90554256,93498912,178163856,1
14137600,130051216,133633600,144188816,147771200,263684816,0
73616400,2190240000,2263856400,2263856400,2337472800,4454096400,1
319908996,3147883236,3236016996,3467792232,3555925992,6383900232,0
188457984,5607014400,5795472384,5795472384,5983930368,11402486784,1
380757169,6506842225,6709739569,6887599394,7090496738,13216581794,0
144288144,4292870400,4437158544,4437158544,4581446688,8730028944,1
200562244,4579228900,4728212644,4779791144,4928774888,9307441544,0
26501904,788486400,814988304,814988304,841490208,1603474704,1
80281600,1017099664,1047169600,1097381264,1127451200,2064269264,0
47114496,1401753600,1448868096,1448868096,1495982592,2850621696,1
260628736,2182758400,2241454336,2443387136,2502083072,4424212736,0
106007616,3153945600,3259953216,3259953216,3365960832,6413898816,1
284866884,3936558564,4054887684,4221425448,4339754568,7991446248,0
2131600,2350089,4481689,4481689,6613289,6831778,1
126540001,128187684,141752836,254727685,268292837,269940520,0
690638400,761428836,1452067236,1452067236,2142705636,2213496072,1
1136633796,1226960784,2073891600,2363594580,3210525396,3300852384,0
213160000,235008900,448168900,448168900,661328900,683177800,1
337199769,364542649,621654489,701742418,958854258,986197138,0
417793600,460617444,878411044,878411044,1296204644,1339028488,1
432931249,476505241,900300025,909436490,1333231274,1376805266,0
257923600,284360769,542284369,542284369,800207969,826645138,1
535320769,573123600,921972496,1108444369,1457293265,1495096096,0
616032400,679175721,1295208121,1295208121,1911240521,1974383842,1
624000400,687540841,1306750201,1311541241,1930750601,1994291042,0
360240400,397165041,757405441,757405441,1117645841,1154570482,1
397364356,436099689,810825625,833464045,1208189981,1246925314,0
1147041,8643600,9790641,9790641,10937682,18434241,1
106502400,148571721,153214884,255074121,259717284,301786605,0
331494849,2498000400,2829495249,2829495249,3160990098,5327495649,1
644550544,3267379921,3645019876,3911930465,4289570420,6912399797,0
138791961,1045875600,1184667561,1184667561,1323459522,2230543161,1
238270096,1295640025,1449629476,1533910121,1687899572,2745269501,0
258084225,1944810000,2202894225,2202894225,2460978450,4147704225,1
527253444,2600694009,2897884224,3127947453,3425137668,5498578233,0
165173904,1244678400,1409852304,1409852304,1575026208,2654530704,1
178489600,1280780944,1448259136,1459270544,1626748736,2729040080,0
224820036,1694145600,1918965636,1918965636,2143785672,3613111236,1
490223881,2333566249,2596208209,2823790130,3086432090,4929774458,0
193849929,1460768400,1654618329,1654618329,1848468258,3115386729,1
259306609,1632160000,1836722449,1891466609,2096029058,3468882449,0
1010025,1795600,2805625,2805625,3815650,4601225,1
85377600,91680625,98208100,177058225,183585700,189888725,0
197964900,351937600,549902500,549902500,747867400,901840100,1
286624900,467424400,692216100,754049300,978841000,1159640500,0
227255625,404010000,631265625,631265625,858521250,1035275625,1
614742436,889172761,1214104336,1503915197,1828846772,2103277097,0
101002500,179560000,280562500,280562500,381565000,460122500,1
121352256,206381956,313856656,327734212,435208912,520238612,0
122213025,217267600,339480625,339480625,461693650,556748225,1
275759236,411724681,574848576,687483917,850607812,986573257,0
291897225,518928400,810825625,810825625,1102722850,1329754025,1
658179025,982822500,1372332025,1641001525,2030511050,2355154525,0
327248100,581774400,909022500,909022500,1236270600,1490796900,1
368025856,635745796,976187536,1003771652,1344213392,1611933332,0
2924100,5198400,8122500,8122500,11046600,13320900,1
8561476,12222016,16532356,20783492,25093832,28754372,0
947408400,1684281600,2631690000,2631690000,3579098400,4315971600,1
1643248369,2580335209,3727957249,4223583578,5371205618,6308292458,0
421070400,748569600,1169640000,1169640000,1590710400,1918209600,1
799645284,1233273924,1760473764,2032919208,2560119048,2993747688,0
494172900,878529600,1372702500,1372702500,1866875400,2251232100,1
600495025,1018567225,1546455625,1619062250,2146950650,2565022850,0
353816100,629006400,982822500,982822500,1336638600,1611828900,1
469675584,780755364,1170460944,1250430948,1640136528,1951216308,0
657922500,1169640000,1827562500,1827562500,2485485000,2997202500,1
925863184,1519284484,2258910784,2445147668,3184773968,3778195268,0
748569600,1330790400,2079360000,2079360000,2827929600,3410150400,1
1002355600,1663008400,2490010000,2665364000,3492365600,4153018400,0
1713481,20142144,21855625,21855625,23569106,41997769,1
108868356,185313769,190440000,294182125,299308356,375753769,0
246741264,2900468736,3147210000,3147210000,3393951264,6047678736,1
288558169,3039868225,3292349641,3328426394,3580907810,6332217866,0
385533225,4531982400,4917515625,4917515625,5303048850,9449498025,1
624350169,5281219584,5696777529,5905569753,6321127698,10977997113,0
495196009,5821079616,6316275625,6316275625,6811471634,12137355241,1
507826225,5864190084,6361179049,6372016309,6869005274,12225369133,0
207331201,2437199424,2644530625,2644530625,2851861826,5081730049,1
563445169,3446394436,3692142169,4009839605,4255587338,7138536605,0
438651136,5156388864,5595040000,5595040000,6033691136,10751428864,1
541679076,5496443044,5949036900,6038122120,6490715976,11445479944,0
289578289,3404022336,3693600625,3693600625,3983178914,7097622961,1
623700676,4395822601,4724087824,5019523277,5347788500,9119910425,0
9096256,40832100,49928356,49928356,59024612,90760456,1
58033924,120824064,136142224,178857988,194176148,256966288,0
81866304,367488900,449355204,449355204,531221508,816844104,1
121771225,447618649,537544225,569389874,659315450,985162874,0
145540096,653313600,798853696,798853696,944393792,1452167296,1
263120841,883100089,1051121241,1146220930,1314242082,1934221330,0
327465216,1469955600,1797420816,1797420816,2124886032,3267376416,1
628254225,2052905481,2436903225,2681159706,3065157450,4489808706,0
36385024,163328400,199713424,199713424,236098448,363041824,1
174847729,398840841,454670329,573688570,629518058,853511170,0
582160384,2613254400,3195414784,3195414784,3777575168,5808669184,1
596776041,2644119241,3229535241,3240895282,3826311282,5873654482,0
227406400,1020802500,1248208900,1248208900,1475615300,2269011400,1
280495504,1130169924,1368852004,1410665428,1649347508,2499021928,0
11055625,29942784,40998409,40998409,52054034,70941193,1
20566225,44649124,57957769,65215349,78523994,102606893,0
276390625,748569600,1024960225,1024960225,1301350850,1773529825,1
290020900,770895225,1051056400,1060916125,1341077300,1821951625,0
541725625,1467196416,2008922041,2008922041,2550647666,3476118457,1
805083876,1883820409,2492006400,2688904285,3297090276,4375826809,0
99500625,269485056,368985681,368985681,468486306,638470737,1
103245921,275626404,376166025,378872325,479411946,651792429,0
176890000,479084544,655974544,655974544,832864544,1135059088,1
471237264,917847616,1157360400,1389084880,1628597664,2075208016,0
44222500,119771136,163993636,163993636,208216136,283764772,1
126675025,241771401,303142921,368446426,429817946,544914322,0
398002500,1077940224,1475942724,1475942724,1873945224,2553882948,1
749007424,1620062500,2100938896,2369069924,2849946320,3721001396,0
24010000,65028096,89038096,89038096,113048096,154066192,1
50410000,105349696,135396496,155759696,185806496,240746192,0
384160000,1040449536,1424609536,1424609536,1808769536,2465059072,1
737991556,1585791684,2052996100,2323783240,2790987656,3638787784,0
216090000,585252864,801342864,801342864,1017432864,1386595728,1
226984356,603095364,822198276,830079720,1049182632,1425293640,0
96040000,260112384,356152384,356152384,452192384,616264768,1
158357056,357663744,468982336,516020800,627339392,826646080,0
600250000,1625702400,2225952400,2225952400,2826202400,3851654800,1
1053002500,2329992900,3039316900,3382995400,4092319400,5369309800,0
1536640000,4161798144,5698438144,5698438144,7235078144,9860236288,1
1764000000,4530905344,6129010944,6294905344,7893010944,10659916288,0
1176490000,3186376704,4362866704,4362866704,5539356704,7549243408,1
1683789156,3991965124,5297801796,5675754280,6981590952,9289766920,0
11289600,16842816,28132416,28132416,39422016,44975232,1
163021824,182574144,216442944,345595968,379464768,399017088,0
553190400,825297984,1378488384,1378488384,1931678784,2203786368,1
810996484,1134746596,1771231396,1945743080,2582227880,2905977992,0
282240000,421070400,703310400,703310400,985550400,1124380800,1
477947044,654438724,997422724,1132385768,1475369768,1651861448,0
45158400,67371264,112529664,112529664,157688064,179900928,1
155650576,194993296,267780496,350643872,423431072,462773792,0
101606400,151585344,253191744,253191744,354798144,404777088,1
348755625,437102649,600593049,785858274,949348674,1037695698,0
722534400,1077940224,1800474624,1800474624,2523009024,2878414848,1
1127750724,1562937156,2414149956,2690687880,3541900680,3977087112,0
406425600,606341376,1012766976,1012766976,1419192576,1619108352,1
480267225,695851641,1127549241,1176118866,1607816466,1823400882,0
11758041,20903184,32661225,32661225,44419266,53564409,1
121727089,148254976,177395761,269982065,299122850,325650737,0
105822369,188128656,293951025,293951025,399773394,482079681,1
225900900,340734681,479084544,566635581,704985444,819819225,0
752514624,1337803776,2090318400,2090318400,2842833024,3428122176,1
860718244,1480864324,2268235876,2341582568,3128954120,3749100200,0
576144009,1024256016,1600400025,1600400025,2176544034,2624656041,1
684659556,1167383889,1778140224,1852043445,2462799780,2945524113,0
47032164,83612736,130644900,130644900,177677064,214257636,1
98227921,148766809,209757289,246994730,307985210,358524098,0
188128656,334450944,522579600,522579600,710708256,857030544,1
192737689,340587025,530242729,533324714,722980418,870829754,0
293951025,522579600,816530625,816530625,1110481650,1339110225,1
480135744,763251129,1111688964,1243386873,1591824708,1874940093,0
8643600,69272329,77915929,77915929,86559529,147188258,1
127238400,277655569,294705889,404893969,421944289,572361458,0
138297600,1108357264,1246654864,1246654864,1384952464,2355012128,1
302690404,1515544900,1676574916,1818235304,1979265320,3192119816,0
423536400,3394344121,3817880521,3817880521,4241416921,7212224642,1
682358884,4070822809,4533463561,4753181693,5215822445,8604286370,0
77792400,623450961,701243361,701243361,779035761,1324694322,1
120033936,734681025,818932689,854714961,938966625,1553613714,0
34574400,277089316,311663716,311663716,346238116,588753032,1
97239321,425473129,468073225,522712450,565312546,893546354,0
311169600,2493803844,2804973444,2804973444,3116143044,5298777288,1
554649601,3119110801,3466030129,3673760402,4020679730,6585140930,0
216090000,1731808225,1947898225,1947898225,2163988225,3679706450,1
240591121,1799965476,2020142916,2040556597,2260734037,3820108392,0
50211396,89264704,139476100,139476100,189687496,228740804,1
96569929,148571721,211731601,245141650,308301530,360303322,0
2460358404,4373970496,6834328900,6834328900,9294687304,11208299396,1
3319949161,5498667409,8224131969,8818616570,11544081130,13722799378,0
803382336,1428235264,2231617600,2231617600,3034999936,3659852864,1
808549225,1435121689,2240223561,2243670914,3048772786,3675345250,0
1255284900,2231617600,3486902500,3486902500,4742187400,5718520100,1
1542289984,2609370724,3955403664,4151660708,5497693648,6564774388,0
3213529344,5712941056,8926470400,8926470400,12139999744,14639411456,1
2296422241,4464511489,7346718369,6760933730,9643140610,11811229858,0
200845584,357058816,557904400,557904400,758749984,914963216,1
505305441,740003209,1019333329,1245308650,1524638770,1759336538,0
1807610256,3213529344,5021139600,5021139600,6828749856,8234668944,1
1993086736,3459321856,5327248144,5452408592,7320334880,8786570000,0
8156736,8702500,16859236,16859236,25015972,25561736,1
102373924,104284944,129231424,206658868,231605348,233516368,0
1598720256,1705690000,3304410256,3304410256,4903130512,5010100256,1
1657548369,1766436841,3388753369,3423985210,5046301738,5155190210,0
815673600,870250000,1685923600,1685923600,2501597200,2556173600,1
1042773264,1104365824,2006323264,2147139088,3049096528,3110689088,0
1174569984,1253160000,2427729984,2427729984,3602299968,3680889984,1
1874890000,1973847184,3398890000,3848737184,5273780000,5372737184,0
1378488384,1470722500,2849210884,2849210884,4227699268,4319933384,1
2176222500,2291728384,3956410000,4467950884,6132632500,6248138384,0
1835265600,1958062500,3793328100,3793328100,5628593700,5751390600,1
2340624400,2479044100,4506436900,4819668500,6847061300,6985481000,0
986965056,1053002500,2039967556,2039967556,3026932612,3092970056,1
1512509881,1594005625,2771074881,3106515506,4283584762,4365080506,0
490000,76317696,76807696,76807696,77297696,153125392,1
16908544,147573904,148254976,164482448,165163520,295828880,0
17640000,2747437056,2765077056,2765077056,2782717056,5512514112,1
121440400,3508903696,3528835216,3630344096,3650275616,7037738912,0
4410000,686859264,691269264,691269264,695679264,1378128528,1
43322724,941876100,947039076,985198824,990361800,1888915176,0
24010000,3739567104,3763577104,3763577104,3787587104,7503144208,1
122036209,4529155401,4555575025,4651191610,4677611234,9084730426,0
12250000,1907942400,1920192400,1920192400,1932442400,3828134800,1
85433049,2442632929,2456490969,2528065978,2541924018,4899123898,0
31360000,4884332544,4915692544,4915692544,4947052544,9800025088,1
168013444,5967562500,6002220676,6135575944,6170234120,11969783176,0
7840000,1221083136,1228923136,1228923136,1236763136,2450006272,1
154206724,1985771844,1995766276,2139978568,2149973000,3981538120,0
7322436,21086464,28408900,28408900,35731336,49495364,1
73925604,109914256,125933284,183839860,199858888,235847540,0
358799364,1033236736,1392036100,1392036100,1750835464,2425272836,1
506565049,1275132681,1670765625,1781697730,2177330674,2945898306,0
117158976,337383424,454542400,454542400,571701376,791925824,1
235100889,523357129,667137241,758458018,902238130,1190494370,0
65901924,189778176,255680100,255680100,321582024,445458276,1
171741025,352050169,440034529,523791194,611775554,792084698,0
468635904,1349533696,1818169600,1818169600,2286805504,3167703296,1
513747556,1425364516,1906020964,1939112072,2419768520,3331385480,0
29289744,84345856,113635600,113635600,142925344,197981456,1
105165025,196756729,240343009,301921754,345508034,437099738,0
183060900,527161600,710222500,710222500,893283400,1237384100,1
431185225,911738025,1148193225,1342923250,1579378450,2059931250,0
5008644,8904256,13912900,13912900,18921544,22817156,1
43362225,53743561,65237929,97105786,108600154,118981490,0
1126944900,2003457600,3130402500,3130402500,4257347400,5133860100,1
1540719504,2544395364,3798503424,4085114868,5339222928,6342898788,0
1282212864,2279489536,3561702400,3561702400,4843915264,5841191936,1
1557880900,2642576836,4012208964,4200457736,5570089864,6654785800,0
1622800656,2884978944,4507779600,4507779600,6130580256,7392758544,1
2283597369,3747276225,5571577449,6030873594,7855174818,9318853674,0
846460836,1504819264,2351280100,2351280100,3197740936,3856099364,1
1142778025,1892511009,2830346401,3035289034,3973124426,4722857410,0
606045924,1077414976,1683460900,1683460900,2289506824,2760875876,1
639584100,1121982016,1739056804,1761566116,2378640904,2861038820,0
981694224,1745234176,2726928400,2726928400,3708622624,4472162576,1
1364933025,2245717321,3344655889,3610650346,4709588914,5590373210,0
842724,6350400,7193124,7193124,8035848,13543524,1
10240000,23059204,24641296,33299204,34881296,47700500,0
243547236,1835265600,2078812836,2078812836,2322360072,3914078436,1
312476329,2016997921,2271952225,2329474250,2584428554,4288950146,0
121352256,914457600,1035809856,1035809856,1157162112,1950267456,1
151216209,993573441,1119906225,1144789650,1271122434,2113479666,0
101969604,768398400,870368004,870368004,972337608,1638766404,1
143137296,875331396,983951424,1018468692,1127088720,1859282820,0
84272400,635040000,719312400,719312400,803584800,1354352400,1
257730916,1028741476,1135285636,1286472392,1393016552,2164027112,0
273042576,2057529600,2330572176,2330572176,2603614752,4388101776,1
657358321,2967525625,3293726881,3624883946,3951085202,6261252506,0
142420356,1073217600,1215637956,1215637956,1358058312,2288855556,1
452030121,1771315569,1953021249,2223345690,2405051370,3724336818,0
65804544,86397025,152201569,152201569,218006113,238598594,1
173738761,206324496,302968836,380063257,476707597,509293332,0
1645113600,2159925625,3805039225,3805039225,5450152825,5964964850,1
2199234816,2789001721,4626856441,4988236537,6826091257,7415858162,0
3224422656,4233454225,7457876881,7457876881,10682299537,11691331106,1
3242391364,4254039729,7485191289,7496431093,10727582653,11739231018,0
263218176,345588100,608806276,608806276,872024452,954394376,1
404211025,504945841,815388025,909156866,1219599050,1320333866,0
1052872704,1382352400,2435225104,2435225104,3488097808,3817577504,1
1329550369,1697028025,2847609769,3026578394,4177160138,4544637794,0
2368963584,3110292900,5479256484,5479256484,7848220068,8589549384,1
2803914304,3606002500,6131203204,6409916804,8935117508,9737205704,0
4211490816,5529409600,9740900416,9740900416,13952391232,15270310016,1
4069036521,5366002009,9523612921,9435038530,13592649442,14889614930,0
21930489,38987536,60918025,60918025,82848514,99905561,1
42549529,65351056,93026025,107900585,135575554,158377081,0
789497604,1403551296,2193048900,2193048900,2982546504,3596600196,1
1378339876,2161506064,3120116164,3539845940,4498456040,5281622228,0
1403551296,2495202304,3898753600,3898753600,5302304896,6393955904,1
1646817561,2816318761,4297720249,4463136322,5944537810,7114039010,0
87721956,155950144,243672100,243672100,331394056,399622244,1
221592996,324288064,446476900,545881060,668069896,770764964,0
350887824,623800576,974688400,974688400,1325576224,1598488976,1
523768996,848556900,1251319876,1372325896,1775088872,2099876776,0
1074593961,1910389264,2984983225,2984983225,4059577186,4895372489,1
1358954496,2283979681,3447803524,3642934177,4806758020,5731783205,0
548262225,974688400,1522950625,1522950625,2071212850,2497639025,1
1041352900,1606005625,2292494400,2647358525,3333847300,3898500025,0
10989225,13483584,24472809,24472809,35462034,37956393,1
86620249,93392896,119661721,180013145,206281970,213054617,0
2153888100,2642782464,4796670564,4796670564,6950558664,7439453028,1
2999314756,3571735696,6023932996,6571050452,9023247752,9595668692,0
3175886025,3896755776,7072641801,7072641801,10248527826,10969397577,1
3264979600,3995377681,7205293456,7260357281,10470273056,11200671137,0
2813241600,3451797504,6265039104,6265039104,9078280704,9716836608,1
3122797924,3793820836,6723016036,6916618760,9845813960,10516836872,0
1329696225,1631513664,2961209889,2961209889,4290906114,4592723553,1
1999699524,2366336025,3927528900,4366035549,5927228424,6293864925,0
1857179025,2278725696,4135904721,4135904721,5993083746,6414630417,1
2359919241,2832368400,4871342025,5192287641,7231261266,7703710425,0
2472575625,3033806400,5506382025,5506382025,7978957650,8540188425,1
2552068324,3121792129,5624700004,5673860453,8176768328,8746492133,0
1058841,70090384,71149225,71149225,72208066,141239609,1
4048144,87516025,88698724,91564169,92746868,176214749,0
26471025,1752259600,1778730625,1778730625,1805201650,3530990225,1
122456356,2283023961,2313225216,2405480317,2435681572,4596249177,0
67765824,4485784576,4553550400,4553550400,4621316224,9039334976,1
91757241,4668032329,4737155929,4759789570,4828913170,9405188258,0
4235364,280361536,284596900,284596900,288832264,564958436,1
37124649,431766841,437019025,468891490,474143674,868785866,0
9529569,630813456,640343025,640343025,649872594,1271156481,1
26977636,741091729,751417744,768069365,778395380,1492509473,0
51883209,3434428816,3486312025,3486312025,3538195234,6920740841,1
169208064,4148519281,4205522500,4317727345,4374730564,8354041781,0
38118276,2523253824,2561372100,2561372100,2599490376,5084625924,1
122389969,3038324641,3080139001,3160714610,3202528970,6118463642,0
2353156,98247744,100600900,100600900,102954056,198848644,1
95238081,328950769,333245025,424188850,428483106,662195794,0
9412624,392990976,402403600,402403600,411816224,795394576,1
71048041,634284225,646227241,705332266,717275282,1280511466,0
37650496,1571963904,1609614400,1609614400,1647264896,3181578304,1
83083225,1817061129,1857523801,1900144354,1940607026,3674584930,0
150601984,6287855616,6438457600,6438457600,6589059584,12726313216,1
259049025,6908768161,7066587969,7167817186,7325636994,13975356130,0
115304644,4814139456,4929444100,4929444100,5044748744,9743583556,1
249103089,5539676041,5663315025,5788779130,5912418114,11202991066,0
58828900,2456193600,2515022500,2515022500,2573851400,4971216100,1
68840209,2518734969,2578303729,2587575178,2647143938,5097038698,0
21178404,884229696,905408100,905408100,926586504,1789637796,1
31427236,944947600,966836836,976374836,998264072,1911784436,0
17288964,87609600,104898564,104898564,122187528,192508164,1
83759104,206037316,232135696,289796420,315894800,438173012,0
622402704,3153945600,3776348304,3776348304,4398751008,6930293904,1
1097861956,4140407716,4849451044,5238269672,5947313000,8989858760,0
155600676,788486400,944087076,944087076,1099687752,1732573476,1
313927524,1110488976,1293840900,1424416500,1607768424,2404329876,0
847159236,4292870400,5140029636,5140029636,5987188872,9432900036,1
1075184100,4789193616,5681842884,5864377716,6757026984,10471036500,0
1106493696,5607014400,6713508096,6713508096,7820001792,12320522496,1
1397413924,6240684004,7405290916,7638097928,8802704840,13645974920,0
432224100,2190240000,2622464100,2622464100,3054688200,4812704100,1
690007824,2732989284,3213529344,3422997108,3903537168,5946518628,0
69155856,350438400,419594256,419594256,488750112,770032656,1
189502756,584188900,672572356,773691656,862075112,1256761256,0
5992704,50979600,56972304,56972304,62965008,107951904,1
125328025,252396769,265527025,377724794,390855050,517923794,0
215737344,1835265600,2051002944,2051002944,2266740288,3886268544,1
402523969,2324686225,2566739569,2727210194,2969263538,4891425794,0
149817600,1274490000,1424307600,1424307600,1574125200,2698797600,1
244046884,1527402724,1691018884,1771449608,1935065768,3218421608,0
383533056,3262694400,3646227456,3646227456,4029760512,6908921856,1
676988361,4039238025,4464778761,4716226386,5141767122,8504016786,0
293642496,2498000400,2791642896,2791642896,3085285392,5289643296,1
651576676,3407056900,3748623076,4058633576,4400199752,7155679976,0
53934336,458816400,512750736,512750736,566685072,971567136,1
83302129,538379209,596678329,621681338,679980458,1135057538,0
23970816,203918400,227889216,227889216,251860032,431807616,1
76545001,328805689,359064601,405350690,435609602,687870290,0
4575321,16483600,21058921,21058921,25634242,37542521,1
8179600,22857961,28196100,31037561,36375700,51054061,0
658846224,2373638400,3032484624,3032484624,3691330848,5406123024,1
996033600,2982470544,3716121600,3978504144,4712155200,6698592144,0
553613841,1994515600,2548129441,2548129441,3101743282,4542645041,1
802588900,2446390521,3055878400,3248979421,3858467300,5502268921,0
896762916,3230785600,4127548516,4127548516,5024311432,7358334116,1
1462221121,4242307689,5261906521,5704528810,6724127642,9504214210,0
773229249,2785728400,3558957649,3558957649,4332186898,6344686049,1
780252489,2799044836,3574007089,3579297325,4354259578,6373051925,0
457532100,1648360000,2105892100,2105892100,2563424200,3754252100,1
757295361,2183599441,2705976361,2940894802,3463271722,4889575802,0
1322267769,4763760400,6086028169,6086028169,7408295938,10849788569,1
1759802500,5566204449,6988960000,7326006949,8748762500,12555164449,0
1159929,2062096,3222025,3222025,4381954,5284121,1
45724644,50708641,55950400,96433285,101675044,106659041,0
260984025,463971600,724955625,724955625,985939650,1188927225,1
372528601,609398596,904265041,981927197,1276793642,1513663637,0
196028001,348494224,544522225,544522225,740550226,893016449,1
397523844,605406025,856849984,1002929869,1254373828,1462256009,0
296941824,527896576,824838400,824838400,1121780224,1352734976,1
365459689,618069321,936666025,983529010,1302125714,1554735346,0
375816996,668119104,1043936100,1043936100,1419753096,1712055204,1
622352809,986525281,1434212641,1608878090,2056565450,2420737922,0
140351409,249513616,389865025,389865025,530216434,639378641,1
143736121,254019844,395492769,397755965,539228890,649512613,0
335219481,595945744,931165225,931165225,1266384706,1527110969,1
480135744,784840225,1164037924,1264975969,1644173668,1948878149,0
176400,8555625,8732025,8732025,8908425,17287650,1
1437601,13719616,13942756,15157217,15380357,27662372,0
39690000,1925015625,1964705625,1964705625,2004395625,3889721250,1
41357761,1936528036,1976335936,1977885797,2017693697,3912863972,0
25401600,1232010000,1257411600,1257411600,1282813200,2489421600,1
80030916,1521468036,1549681956,1601498952,1629712872,3071149992,0
50979600,2472575625,2523555225,2523555225,2574534825,4996130850,1
70543201,2599368256,2651632036,2669911457,2722175237,5251000292,0
29811600,1445900625,1475712225,1475712225,1505523825,2921612850,1
49084036,1565864041,1596881521,1614948077,1645965557,3162745562,0
34574400,1676902500,1711476900,1711476900,1746051300,3388379400,1
59660176,1831326436,1867449796,1890986612,1927109972,3698776232,0
45158400,2190240000,2235398400,2235398400,2280556800,4425638400,1
195132961,2921294401,2973411841,3116427362,3168544802,5894706242,0
17926756,20142144,38068900,38068900,55995656,58211044,1
162639009,169182049,215766721,331821058,378405730,384948770,0
1147312384,1289097216,2436409600,2436409600,3583721984,3725506816,1
1736888976,1910389264,3267722896,3647278240,5004611872,5178112160,0
71707024,80568576,152275600,152275600,223982624,232844176,1
174055249,187717401,291214225,361772650,465269474,478931626,0
161340804,181279296,342620100,342620100,503960904,523899396,1
178649956,199600384,367642276,378250340,546292232,567242660,0
286828096,322274304,609102400,609102400,895930496,931376704,1
462680100,507420676,855796516,970100776,1318476616,1363217192,0
448168900,503553600,951722500,951722500,1399891400,1455276100,1
927385209,1006348729,1610657689,1933733938,2538042898,2617006418,0
645363216,725117184,1370480400,1370480400,2015843616,2095597584,1
882743521,975625225,1707920929,1858368746,2590664450,2683546154,0
3594816,12638025,16232841,16232841,19827657,28870866,1
37662769,60777616,68392900,98440385,106055669,129170516,0
1164720384,4094720100,5259440484,5259440484,6424160868,9354160584,1
1776453904,5185440100,6487013764,6961894004,8263467668,11672453864,0
808833600,2843555625,3652389225,3652389225,4461222825,6495944850,1
1103302656,3375726201,4252474521,4479028857,5355777177,7628200722,0
517653504,1819875600,2337529104,2337529104,2855182608,4157404704,1
622452601,2012150449,2554797025,2634603050,3177249626,4566947474,0
359481600,1263802500,1623284100,1623284100,1982765700,2887086600,1
724040464,1892076004,2326904644,2616116468,3050945108,4218980648,0
607523904,2135826225,2743350129,2743350129,3350874033,4879176354,1
713637796,2331054961,2964040249,3044692757,3677678045,5295095210,0
434972736,1529201025,1964173761,1964173761,2399146497,3493374786,1
513611569,1673791744,2127607876,2187403313,2641219445,3801399620,0
70862724,91699776,162562500,162562500,233425224,254262276,1
157377025,187772209,284833129,345149234,442210154,472605338,0
283450896,366799104,650250000,650250000,933700896,1017049104,1
542750209,656025769,1021505521,1198775978,1564255730,1677531290,0
637764516,825297984,1463062500,1463062500,2100827016,2288360484,1
685654225,879656281,1535150761,1565310506,2220804986,2414807042,0
1771568100,2292494400,4064062500,4064062500,5835630600,6356556900,1
2127423376,2695063396,4594670656,4822486772,6722094032,7289734052,0
3472273476,4493289024,7965562500,7965562500,11437835976,12458851524,1
3732599025,4788778401,8357433561,8521377426,12090032586,13146211962,0
1133803584,1467196416,2601000000,2601000000,3734803584,4068196416,1
1878789025,2301792529,3681212929,4180581554,5560001954,5983005458,0
2551058064,3301191936,5852250000,5852250000,8403308064,9153441936,1
2712951396,3485013156,6096174084,6197964552,8809125480,9581187240,0
815409,7290000,8105409,8105409,8920818,15395409,1
89302500,126495009,129823236,215797509,219125736,256318245,0
137804121,1232010000,1369814121,1369814121,1507618242,2601824121,1
328841956,1721835025,1884080836,2050676981,2212922792,3605915861,0
235653201,2106810000,2342463201,2342463201,2578116402,4449273201,1
589955521,3007206244,3287531569,3597161765,3877487090,6294737813,0
159820164,1428840000,1588660164,1588660164,1748480328,3017500164,1
233417284,1635070096,1805740036,1868487380,2039157320,3440810132,0
98664489,882090000,980754489,980754489,1079418978,1862844489,1
283720336,1340365321,1461379984,1624085657,1745100320,2801745305,0
264192516,2361960000,2626152516,2626152516,2890345032,4988112516,1
293299876,2447478784,2716285924,2740778660,3009585800,5163764708,0
117418896,1049760000,1167178896,1167178896,1284597792,2216938896,1
202037796,1280065284,1409401764,1482103080,1611439560,2689467048,0
58614336,74649600,133263936,133263936,191878272,207913536,1
257057089,289578289,396846241,546635378,653903330,686424530,0
937829376,1194393600,2132222976,2132222976,3070052352,3326616576,1
1172035225,1457025241,2478745369,2629060466,3650780594,3935770610,0
234457344,298598400,533055744,533055744,767513088,831654144,1
493372944,584672400,899280144,1078045344,1392653088,1483952544,0
3751317504,4777574400,8528891904,8528891904,12280209408,13306466304,1
3274929529,4237879801,7802365561,7512809330,11077295090,12040245362,0
2110116096,2687385600,4797501696,4797501696,6907617792,7484887296,1
2442336400,3060744976,5292271504,5503081376,7734607904,8353016480,0
527529024,671846400,1199375424,1199375424,1726904448,1871221824,1
1025344441,1223110729,1908379225,2248455170,2933723666,3131489954,0
1465358400,1866240000,3331598400,3331598400,4796956800,5197838400,1
2209188004,2695894084,4414539364,4905082088,6623727368,7110433448,0
559504,1071225,1630729,1630729,2190233,2701954,1
28047616,31169889,33930625,59217505,61978241,65100514,0
67699984,129618225,197318209,197318209,265018193,326936434,1
186049600,282139209,378652681,468188809,564702281,660791890,0
80568576,154256400,234824976,234824976,315393552,389081376,1
339517476,478296900,613751076,817814376,953268552,1092047976,0
161696656,309584025,471280681,471280681,632977337,780864706,1
313892089,510579216,713424100,824471305,1027316189,1224003316,0
55950400,107122500,163072900,163072900,219023300,270195400,1
196308121,284968161,372528601,481276282,568836722,657496762,0
125888400,241025625,366914025,366914025,492802425,607939650,1
181629529,316199524,458473744,497829053,640103273,774673268,0
181279296,347076900,528356196,528356196,709635492,875433096,1
535228225,800946601,1066479649,1336174826,1601707874,1867426250,0
9511056,16908544,26419600,26419600,35930656,43328144,1
112126921,134954689,159896025,247081610,272022946,294850714,0
342398016,608707584,951105600,951105600,1293503616,1559813184,1
443902761,741854169,1115894025,1185756930,1559796786,1857748194,0
237776400,422713600,660490000,660490000,898266400,1083203600,1
459502096,706283776,1005904656,1165785872,1465406752,1712188432,0
85599504,152176896,237776400,237776400,323375904,389953296,1
193682889,289034001,403407225,482716890,597090114,692441226,0
38044224,67634176,105678400,105678400,143722624,173312576,1
146168100,200109316,262504804,346277416,408672904,462614120,0
152176896,270536704,422713600,422713600,574890496,693250304,1
217356049,355511025,527483089,572867074,744839138,882994114,0
466041744,828518656,1294560400,1294560400,1760602144,2123079056,1
568297921,963171225,1461609361,1531469146,2029907282,2424780586,0
17640000,72420100,90060100,90060100,107700100,162480200,1
146676321,269649241,302794801,416325562,449471122,572444042,0
635040000,2607123600,3242163600,3242163600,3877203600,5849287200,1
781649764,2896377124,3563851204,3678026888,4345500968,6460228328,0
864360000,3548584900,4412944900,4412944900,5277304900,7961529800,1
945501001,3711124561,4593992841,4656625562,5539493842,8305117402,0
70560000,289680400,360240400,360240400,430800400,649920800,1
239351841,580376281,678654601,819728122,918006442,1259030882,0
1128960000,4634886400,5763846400,5763846400,6892806400,10398732800,1
1869697600,6040398400,7320513600,7910096000,9190211200,13360912000,0
441000000,1810502500,2251502500,2251502500,2692502500,4062005000,1
827655361,2532001761,3049137961,3359657122,3876793322,5581139722,0
158760000,651780900,810540900,810540900,969300900,1462321800,1
297976644,911556864,1097729424,1209533508,1395706068,2009286288,0
1308736,3122289,4431025,4431025,5739761,7553314,1
32421636,39904489,44289025,72326125,76710661,84193514,0
378224704,902341521,1280566225,1280566225,1658790929,2182907746,1
654796921,1308992400,1757789476,1963789321,2412586397,3066781876,0
294465600,702515025,996980625,996980625,1291446225,1699495650,1
719419684,1308051889,1700490169,2027471573,2419909853,3008542058,0
335036416,799305984,1134342400,1134342400,1469378816,1933648384,1
793999684,1455117316,1896950916,2249117000,2690950600,3352068232,0
188457984,449609616,638067600,638067600,826525584,1087677216,1
443355136,814075024,1061977744,1257430160,1505332880,1876052768,0
158357056,377796969,536154025,536154025,694511081,913950994,1
342916324,643687641,846169921,986603965,1189086245,1489857562,0
130873600,312228900,443102500,443102500,573976100,755331400,1
231861529,460402849,616876569,692264378,848738098,1077279418,0
12222016,65658609,77880625,77880625,90102641,143539234,1
40513225,120384784,136749636,160898009,177262861,257134420,0
782209024,4202150976,4984360000,4984360000,5766569024,9186510976,1
1134275041,4975186225,5823368721,6109461266,6957643762,10798554946,0
48888064,262634436,311522500,311522500,360410564,574156936,1
192876544,533702404,602506116,726578948,795382660,1136208520,0
305550400,1641465225,1947015625,1947015625,2252566025,3588480850,1
702091009,2453419024,2824072164,3155510033,3526163173,5277491188,0
195552256,1050537744,1246090000,1246090000,1441642256,2296627744,1
457617664,1585632400,1823973264,2043250064,2281590928,3409605664,0
439992576,2363709924,2803702500,2803702500,3243695076,5167412424,1
474760521,2443423761,2890460169,2918184282,3365220690,5333883930,0
598878784,3217271841,3816150625,3816150625,4415029409,7033422466,1
1087812324,4255083361,4939981225,5342895685,6027793549,9195064586,0
21013056,37356544,58369600,58369600,79382656,95726144,1
60808804,86974276,117809316,147783080,178618120,204783592,0
1029639744,1830470656,2860110400,2860110400,3889750144,4690581056,1
1250046736,2120786704,3220335504,3370833440,4470382240,5341122208,0
756470016,1344835584,2101305600,2101305600,2857775616,3446141184,1
773284864,1367224576,2129268736,2140509440,2902553600,3496493312,0
84052224,149426176,233478400,233478400,317530624,382904576,1
226382116,327682404,447660964,554064520,674043080,775343368,0
336208896,597704704,933913600,933913600,1270122496,1531618304,1
378886225,654182929,1004192721,1033069154,1383078946,1658375650,0
525326400,933913600,1459240000,1459240000,1984566400,2393153600,1
814531600,1308992400,1920192400,2123524000,2734724000,3229184800,0
1344835584,2390818816,3735654400,3735654400,5080489984,6126473216,1
2033288464,3285123856,4835811600,5318412320,6869100064,8120935456,0
7700625,13690000,21390625,21390625,29091250,35080625,1
103083409,122722084,144072009,225805493,247155418,266794093,0
2495002500,4435560000,6930562500,6930562500,9425565000,11366122500,1
2665140625,4661475625,7212255625,7326616250,9877396250,11873731250,0
1732640625,3080250000,4812890625,4812890625,6545531250,7893140625,1
2287708900,3807507025,5712336400,6095215925,8000045300,9519843425,0
2225480625,3956410000,6181890625,6181890625,8407371250,10138300625,1
3233969424,5269743649,7800069124,8503713073,11034038548,13069812773,0
1509322500,2683240000,4192562500,4192562500,5701885000,6875802500,1
2198859664,3581064964,5298675264,5779924628,7497534928,8879740228,0
1301405625,2313610000,3615015625,3615015625,4916421250,5928625625,1
1711145956,2850598881,4279253056,4561744837,5990399012,7129851937,0
1108890000,1971360000,3080250000,3080250000,4189140000,5051610000,1
1179991201,2065793401,3198015601,3245784602,4378006802,5263809002,0
1123600,1238769,2362369,2362369,3485969,3601138,1
49364676,50112241,56295009,99476917,105659685,106407250,0
324720400,358004241,682724641,682724641,1007445041,1040728882,1
749828689,799984656,1259682064,1549813345,2009510753,2059666720,0
135955600,149891049,285846649,285846649,421802249,435737698,1
366990649,389667600,595555216,756658249,962545865,985222816,0
112360000,123876900,236236900,236236900,348596900,360113800,1
246490000,263412900,419020900,509902900,665510900,682433800,0
189888400,209351961,399240361,399240361,589128761,608592322,1
462895225,493017616,768176656,955912841,1231071881,1261194272,0
161798400,178382736,340181136,340181136,501979536,518563872,1
428076100,454798276,697699396,882874376,1125775496,1152497672,0
252810000,278723025,531533025,531533025,784343025,810256050,1
582401689,621405184,978938944,1203806873,1561340633,1600344128,0
15303744,27206656,42510400,42510400,57814144,69717056,1
110397049,139499721,172003225,249896770,282400274,311502946,0
61214976,108826624,170041600,170041600,231256576,278868224,1
291453184,387302400,496754944,678755584,788208128,884057344,0
382593600,680166400,1062760000,1062760000,1445353600,1742926400,1
644855236,1018503396,1477172356,1663358632,2122027592,2495675752,0
244859904,435306496,680166400,680166400,925026304,1115472896,1
290838916,495952900,755480196,786791816,1046319112,1251433096,0
749883456,1333126144,2083009600,2083009600,2832893056,3416135744,1
1123255225,1818425449,2680236441,2941680674,3803491666,4498661890,0
137733696,244859904,382593600,382593600,520327296,627453504,1
447111025,627853249,839202961,1074964274,1286313986,1467056210,0
979439616,1741225984,2720665600,2720665600,3700105216,4461891584,1
999887641,1768454809,2754675225,2768342450,3754562866,4523130034,0
16670889,29637136,46308025,46308025,62978914,75945161,1
67848169,92121604,120099681,159969773,187947850,212221285,0
600152004,1066936896,1667088900,1667088900,2267240904,2734025796,1
795070809,1322267769,1982831841,2117338578,2777902650,3305099610,0
150038001,266734224,416772225,416772225,566810226,683506449,1
335146249,501312100,700819729,836458349,1035965978,1202131829,0
816873561,1452219664,2269093225,2269093225,3085966786,3721312889,1
1320595600,2103781689,3068495236,3424377289,4389090836,5172276925,0
1066936896,1896776704,2963713600,2963713600,4030650496,4860490304,1
1414361664,2351862016,3526459456,3766223680,4940821120,5878321472,0
416772225,740928400,1157700625,1157700625,1574472850,1898629025,1
588838756,965407041,1434591376,1554245797,2023430132,2399998417,0
266734224,474194176,740928400,740928400,1007662624,1215122576,1
399120484,646278084,952709956,1045398568,1351830440,1598988040,0
4901796,96825600,101727396,101727396,106629192,198552996,1
99940009,310570129,319301161,410510138,419241170,629871290,0
176464656,3485721600,3662186256,3662186256,3838650912,7147907856,1
354907921,4172514025,4365377041,4527421946,4720284962,8537891066,0
240188004,4744454400,4984642404,4984642404,5224830408,9729096804,1
487482241,5694362521,5957215489,6181844762,6444697730,11651578010,0
122544900,2420640000,2543184900,2543184900,2665729800,4963824900,1
146119744,2521847524,2646896704,2667967268,2793016448,5168744228,0
78428736,1549209600,1627638336,1627638336,1706067072,3176847936,1
146119744,1814078464,1898867776,1960198208,2044987520,3712946240,0
19607184,387302400,406909584,406909584,426516768,794211984,1
157326849,772562025,800154369,929888874,957481218,1572716394,0
313714944,6196838400,6510553344,6510553344,6824268288,12707391744,1
395055376,6542221456,6864453904,6937276832,7259509280,13406675360,0
44715969,79495056,124211025,124211025,168926994,203706081,1
150111504,209699361,279224100,359810865,429335604,488923461,0
402443721,715455504,1117899225,1117899225,1520342946,1833354729,1
713370681,1115292816,1606646889,1828663497,2320017570,2721939705,0
1609774884,2861822016,4471596900,4471596900,6081371784,7333418916,1
2160669289,3582860449,5362779361,5743529738,7523448650,8945639810,0
1117899225,1987376400,3105275625,3105275625,4223174850,5092652025,1
1846077156,2928000321,4258345536,4774077477,6104422692,7186345857,0
715455504,1271920896,1987376400,1987376400,2702831904,3259297296,1
1292618209,2013227161,2892826225,3305845370,4185444434,4906053386,0
2861822016,5087683584,7949505600,7949505600,10811327616,13037189184,1
3185586481,5516478529,8483331025,8702065010,11668917506,13999809554,0
178863876,317980224,496844100,496844100,675707976,814824324,1
243360000,402323364,601034256,645683364,844394256,1003357620,0
12082576,85433049,97515625,97515625,109598201,182948674,1
88962624,231009601,250620561,319972225,339583185,481630162,0
434972736,3075589764,3510562500,3510562500,3945535236,6586152264,1
783272169,3917382921,4406437161,4700655090,5189709330,8323820082,0
108743184,768897441,877640625,877640625,986383809,1646538066,1
277422336,1153077849,1285437609,1430500185,1562859945,2438515458,0
592046224,4186219401,4778265625,4778265625,5370311849,8964485026,1
1098392164,5403867121,6073864225,6502259285,7172256389,11477731346,0
48330304,341732196,390062500,390062500,438392804,731794696,1
224340484,702886144,771506176,927226628,995846660,1474392320,0
193321216,1366928784,1560250000,1560250000,1753571216,2927178784,1
340070481,1722997081,1939257369,2063067562,2279327850,3662254450,0
302064400,2135826225,2437890625,2437890625,2739955025,4573716850,1
401481369,2388472384,2707329024,2789953753,3108810393,5095801408,0
2166784,33593616,35760400,35760400,37927184,69354016,1
55026724,137874564,142229476,192901288,197256200,280104040,0
54169600,839840400,894010000,894010000,948179600,1733850400,1
71487025,904505625,960690025,975992650,1032177050,1865195650,0
8667136,134374464,143041600,143041600,151708736,277416064,1
26142769,189365121,199628641,215507890,225771410,388993762,0
19501056,302342544,321843600,321843600,341344656,624186144,1
142730809,620956561,648771841,763687370,791502650,1269728402,0
138674176,2149991424,2288665600,2288665600,2427339776,4438657024,1
249766416,2539756816,2690289424,2789523232,2940055840,5230046240,0
106172416,1646087184,1752259600,1752259600,1858432016,3398346784,1
157728481,1834151929,1946133225,1991880410,2103861706,3780285154,0
34668544,537497856,572166400,572166400,606834944,1109664256,1
104693824,757790784,798853696,862484608,903547520,1556644480,0
7080921,12588304,19669225,19669225,26750146,32257529,1
43454464,55935441,69989956,99389905,113444420,125925397,0
2294218404,4078610496,6372828900,6372828900,8667047304,10451439396,1
2356908304,4162056196,6477030400,6518964500,8833938704,10639086596,0
1019652624,1812715776,2832368400,2832368400,3852021024,4645084176,1
1270708609,2142856681,3241594225,3413565290,4512302834,5384450906,0
2046386169,3638019856,5684406025,5684406025,7730792194,9322425881,1
2219163664,3867222969,5970034756,6086386633,8189198420,9837257725,0
1593207225,2832368400,4425575625,4425575625,6018782850,7257944025,1
1798523281,3104049796,4763622361,4902573077,6562145642,7867672157,0
856791441,1523184784,2379976225,2379976225,3236767666,3903161009,1
865595241,1534915684,2394634225,2400510925,3260229466,3929549909,0
1387860516,2467307584,3855168100,3855168100,5243028616,6322475684,1
1652341201,2816106489,4288285225,4468447690,5940626426,7104391714,0
1669264,36832761,38502025,38502025,40171289,75334786,1
69722500,172318129,175907169,242040629,245629669,348225298,0
81793936,1804805289,1886599225,1886599225,1968393161,3691404514,1
169234081,2157416704,2246760000,2326650785,2415994081,4404176704,0
60093504,1325979396,1386072900,1386072900,1446166404,2712052296,1
229189321,1918527601,1990676689,2147716922,2219866010,3909204290,0
6677056,147331044,154008100,154008100,160685156,301339144,1
74494161,330694225,340660849,405188386,415155010,671355074,0
41731600,920819025,962550625,962550625,1004282225,1883369650,1
151782400,1310802025,1360503225,1462584425,1512285625,2671305250,0
26708224,589324176,616032400,616032400,642740624,1205356576,1
41835024,654131776,682254400,695966800,724089424,1336386176,0
106832896,2357296704,2464129600,2464129600,2570962496,4821426304,1
222129216,2821734400,2938507264,3043863616,3160636480,5760241664,0
361,32400,32761,32761,33122,65161,1
57896881,60372900,60388441,118269781,118285322,120761341,0
92416,8294400,8386816,8386816,8479232,16681216,1
13068225,38328481,38526849,51396706,51595074,76855330,0
43681,3920400,3964081,3964081,4007762,7884481,1
19838116,38750625,38887696,58588741,58725812,77638321,0
104329,9363600,9467929,9467929,9572258,18831529,1
30316036,67947049,68227600,98263085,98543636,136174649,0
51984,4665600,4717584,4717584,4769568,9383184,1
346921,6355441,6416089,6702362,6763010,12771530,0
61009,5475600,5536609,5536609,5597618,11012209,1
15610401,36529936,36687249,52140337,52297650,73217185,0
116964,10497600,10614564,10614564,10731528,21112164,1
94497841,159239161,159693769,253737002,254191610,318932930,0
9363600,14402025,23765625,23765625,33129225,38167650,1
17081689,23697424,35378704,40779113,52460393,59076128,0
1835265600,2822796900,4658062500,4658062500,6493328100,7480859400,1
2127331129,3182426569,5116970089,5309757698,7244301218,8299396658,0
1132995600,1742645025,2875640625,2875640625,4008636225,4618285650,1
1712056129,2446489444,3762840964,4158545573,5474897093,6209330408,0
2106810000,3240455625,5347265625,5347265625,7454075625,8587721250,1
3062736964,4404578689,6817309489,7467315653,9880046453,11221888178,0
3033806400,4666256100,7700062500,7700062500,10733868900,12366318600,1
4117403889,5990295609,9377404569,10107699498,13494808458,15367700178,0
2397081600,3686918400,6084000000,6084000000,8481081600,9770918400,1
2518935721,3837678601,6277234441,6356614322,8796170162,10114913042,0
936360000,1440202500,2376562500,2376562500,3312922500,3816765000,1
1238688025,1810077025,2845689025,3048765050,4084377050,4655766050,0
22886656,80460900,103347556,103347556,126234212,183808456,1
91546624,189172516,223502500,280719140,315049124,412675016,0
823919616,2896592400,3720512016,3720512016,4544431632,6617104416,1
1063999161,3333330225,4213437921,4397329386,5277437082,7546768146,0
91546624,321843600,413390224,413390224,504936848,735233824,1
361456144,749883456,886610176,1111339600,1248066320,1636493632,0
205979904,724148100,930128004,930128004,1136107908,1654276104,1
499254336,1218149604,1481480100,1717403940,1980734436,2699629704,0
572166400,2011522500,2583688900,2583688900,3155855300,4595211400,1
1146228736,3001505796,3692506756,4147734532,4838735492,6694012552,0
366186496,1287374400,1653560896,1653560896,2019747392,2940935296,1
815787844,2052633636,2509008100,2868421480,3324795944,4561641736,0
1464745984,5149497600,6614243584,6614243584,8078989568,11763741184,1
1872033289,5891330025,7451660329,7763363314,9323693618,13342990354,0
8242641,17472400,25715041,25715041,33957682,43187441,1
27258841,42640900,55071241,69899741,82330082,97712141,0
206066025,436810000,642876025,642876025,848942050,1079686025,1
279692176,541446361,768620176,821138537,1048312352,1310066537,0
74183769,157251600,231435369,231435369,305619138,388686969,1
98565184,191961025,273174784,290526209,371739968,465135809,0
32970564,69889600,102860164,102860164,135830728,172749764,1
51351556,95726656,133772356,147078212,185123912,229499012,0
296735076,629006400,925741476,925741476,1222476552,1554747876,1
338044996,688537600,997675396,1026582596,1335720392,1686212996,0
527529024,1118233600,1645762624,1645762624,2173291648,2763996224,1
719312400,1390693264,1973136400,2110005664,2692448800,3363829664,0
403889409,856147600,1260037009,1260037009,1663926418,2116184609,1
417670969,876160000,1284290569,1293830969,1701961538,2160450569,0
1893376,29354724,31248100,31248100,33141476,60602824,1
111471364,213160000,218211984,324631364,329683348,431371984,0
17040384,264192516,281232900,281232900,298273284,545425416,1
141752836,577537024,602604304,719289860,744357140,1180141328,0
47334400,733868100,781202500,781202500,828536900,1515070600,1
165714129,1094484889,1152127249,1260199018,1317841378,2246612138,0
30294016,469675584,499969600,499969600,530263616,969645184,1
164429329,840478081,880843041,1004907410,1045272370,1721321122,0
7573504,117418896,124992400,124992400,132565904,242411296,1
116748025,356794321,369908289,473542346,486656314,726702610,0
68161536,1056770064,1124931600,1124931600,1193093136,2181701664,1
280361536,1680672016,1766352784,1961033552,2046714320,3447024800,0
92775424,1438381476,1531156900,1531156900,1623932324,2969538376,1
150209536,1644302500,1743396516,1794512036,1893606052,3387699016,0
2408704,37344321,39753025,39753025,42161729,77097346,1
6791236,51337225,54154881,58128461,60946117,105492106,0
154157056,2390036544,2544193600,2544193600,2698350656,4934230144,1
239259024,2697763600,2861394064,2937022624,3100653088,5559157664,0
21678336,336098889,357777225,357777225,379455561,693876114,1
109139809,581967376,610386436,691107185,719526245,1192353812,0
118026496,1829871729,1947898225,1947898225,2065924721,3777769954,1
279658729,2365460496,2499400036,2645119225,2779058765,4864860532,0
38539264,597509136,636048400,636048400,674587664,1233557536,1
40271716,604274724,643028164,644546440,683299880,1247302888,0
60217600,933608025,993825625,993825625,1054043225,1927433650,1
301439044,1612584649,1691430129,1914023693,1992869173,3304014778,0
9634816,149377284,159012100,159012100,168646916,308389384,1
39325441,236821321,248913729,276146762,288239170,485735050,0
51122500,62726400,113848900,113848900,164971400,176575300,1
278022276,304293136,407797636,582315412,685819912,712090772,0
460102500,564537600,1024640100,1024640100,1484742600,1589177700,1
472497169,578258209,1043096209,1050755378,1515593378,1621354418,0
817960000,1003622400,1821582400,1821582400,2639542400,2825204800,1
1113623641,1328675401,2251597401,2442299042,3365221042,3580272802,0
2505002500,3073593600,5578596100,5578596100,8083598600,8652189700,1
3138016324,3770942464,6505712964,6908958788,9643729288,10276655428,0
1840410000,2258150400,4098560400,4098560400,5938970400,6356710800,1
1892076004,2315341924,4175485924,4207417928,6067561928,6490827848,0
204490000,250905600,455395600,455395600,659885600,706301200,1
327863449,386004609,632371609,713868058,960235058,1018376218,0
1278062500,1568160000,2846222500,2846222500,4124285000,4414382500,1
1560724036,1879742736,3261095236,3440466772,4821819272,5140837972,0
32319225,57456400,89775625,89775625,122094850,147232025,1
56025225,87984400,127125625,144009625,183150850,215110025,0
1163492100,2068430400,3231922500,3231922500,4395414600,5300352900,1
1197367609,2113516729,3288219649,3310884338,4485587258,5401736378,0
517107600,919302400,1436410000,1436410000,1953517600,2355712400,1
829612809,1323722689,1932745369,2153335498,2762358178,3256468058,0
2068430400,3677209600,5745640000,5745640000,7814070400,9422849600,1
2089404100,3705156900,5780560900,5794561000,7869965000,9485717800,0
290873025,517107600,807980625,807980625,1098853650,1325088225,1
375933321,628705476,946116081,1004638797,1322049402,1574821557,0
807980625,1436410000,2244390625,2244390625,3052371250,3680800625,1
1049047321,1752594496,2635692921,2801641817,3684740242,4388287417,0
1583642025,2815363600,4399005625,4399005625,5982647650,7214369225,1
2417885584,3898378969,5730792804,6316264553,8148678388,9629171773,0
55308969,98327056,153636025,153636025,208944994,251963081,1
67502656,114383025,173554276,181885681,241056932,287937301,0
221235876,393308224,614544100,614544100,835779976,1007852324,1
384826689,603930625,872198089,988757314,1257024778,1476128714,0
3539774016,6292931584,9832705600,9832705600,13372479616,16125637184,1
3011265625,5581135849,8937622521,8592401474,11948888146,14518758370,0
1991122884,3539774016,5530896900,5530896900,7522019784,9070670916,1
2588265625,4322931001,6500068129,6911196626,9088333754,10822999130,0
497780721,884943504,1382724225,1382724225,1880504946,2267667729,1
715990564,1169298025,1733223424,1885288589,2449213988,2902521449,0
884943504,1573232896,2458176400,2458176400,3343119904,4031409296,1
903844096,1598400400,2489610816,2502244496,3393454912,4088011216,0
1382724225,2458176400,3840900625,3840900625,5223624850,6299077025,1
1499315841,2612845456,4033647121,4112161297,5532962962,6646492577,0
230400,51724864,51955264,51955264,52185664,103680128,1
14508481,110691441,111028369,125199922,125536850,221719810,0
921600,206899456,207821056,207821056,208742656,414720512,1
3515625,234059401,235039561,237575026,238555186,469098962,0
5760000,1293121600,1298881600,1298881600,1304641600,2592003200,1
22676644,1468575684,1474713604,1491252328,1497390248,2943289288,0
3686400,827597824,831284224,831284224,834970624,1658882048,1
27489049,1029832281,1033944025,1057321330,1061433074,2063776306,0
14745600,3310391296,3325136896,3325136896,3339882496,6635528192,1
51079609,3701870649,3717462841,3752950258,3768542450,7419333490,0
2073600,465523776,467597376,467597376,469670976,933121152,1
53919649,755095441,757735729,809015090,811655378,1512831170,0
8294400,1862095104,1870389504,1870389504,1878683904,3732484608,1
17707264,1978470400,1987019776,1996177664,2004727040,3965490176,0
5531904,27415696,32947600,32947600,38479504,60363296,1
124970041,197767969,212197489,322738010,337167530,409965458,0
271063296,1343369104,1614432400,1614432400,1885495696,2957801504,1
343991209,1500400225,1786161169,1844391434,2130152378,3286561394,0
49787136,246741264,296528400,296528400,346315536,543269664,1
221057424,553190400,626601024,774247824,847658448,1179791424,0
88510464,438651136,527161600,527161600,615672064,965812736,1
97101316,457532100,547840836,554633416,644942152,1005372936,0
354041856,1754604544,2108646400,2108646400,2462688256,3863250944,1
572644900,2209188004,2604469156,2781832904,3177114056,4813657160,0
138297600,685392400,823690000,823690000,961987600,1509082400,1
294568569,997485889,1163014609,1292054458,1457583178,2160500498,0
22127616,109662784,131790400,131790400,153918016,241453184,1
165328164,346927876,385493956,512256040,550822120,732421832,0
440896,47238129,47679025,47679025,48119921,94917154,1
2007889,58155876,58644964,60163765,60652853,116800840,0
21603904,2314668321,2336272225,2336272225,2357876129,4650940546,1
29214025,2388081424,2410024464,2417295449,2439238489,4798105888,0
7054336,755810064,762864400,762864400,769918736,1518674464,1
47155689,1005080209,1013212561,1052235898,1060368250,2018292770,0
1763584,188952516,190716100,190716100,192479684,379668616,1
87965641,475109209,477903321,563074850,565868962,953012530,0
15872256,1700572644,1716444900,1716444900,1732317156,3417017544,1
144600625,2428419841,2447379841,2573020466,2591980466,4875799682,0
28217344,3023240256,3051457600,3051457600,3079674944,6074697856,1
208860304,4111887376,4144784400,4320747680,4353644704,8256671776,0
11022400,1180953225,1191975625,1191975625,1202998025,2372928850,1
89245809,1639602064,1652585104,1728847873,1741830913,3292187168,0
13749264,62900761,76650025,76650025,90399289,139550786,1
40373316,111872929,129982801,152246245,170356117,241855730,0
123743376,566106849,689850225,689850225,813593601,1255957074,1
347412321,980190864,1141088400,1327603185,1488500721,2121279264,0
54997056,251603044,306600100,306600100,361597156,558203144,1
107495424,353966596,418693444,461462020,526188868,772660040,0
494973504,2264427396,2759400900,2759400900,3254374404,5023828296,1
674544784,2632716100,3164512516,3307260884,3839057300,5797228616,0
219988224,1006412176,1226400400,1226400400,1446388624,2232812576,1
450797824,1453439376,1715616400,1904237200,2166414224,3169055776,0
879952896,4025648704,4905601600,4905601600,5785554496,8931250304,1
1271706921,4822608025,5781625369,6094314946,7053332290,10604233394,0
673713936,3082137289,3755851225,3755851225,4429565161,6837988514,1
1167315556,4061130529,4829555025,5228446085,5996870581,8890685554,0
3841600,90326016,94167616,94167616,98009216,184493632,1
113081956,330439684,337750884,443521640,450832840,668190568,0
245862400,5780865024,6026727424,6026727424,6272589824,11807592448,1
338854464,6203137600,6457729600,6541992064,6796584064,12660867200,0
188238400,4425974784,4614213184,4614213184,4802451584,9040187968,1
264192516,4769559844,4964893444,5033752360,5229085960,9734453288,0
96040000,2258150400,2354190400,2354190400,2450230400,4612340800,1
311134321,3064618881,3176336881,3375753202,3487471202,6240955762,0
15366400,361304064,376670464,376670464,392036864,737974528,1
55279225,507285529,525463929,562564754,580743154,1032749458,0
34574400,812934144,847508544,847508544,882082944,1660442688,1
224430361,1414737769,1460233369,1639168130,1684663730,2874971138,0
138297600,3251736576,3390034176,3390034176,3528331776,6641770752,1
290123089,3880916209,4031869009,4171039298,4321992098,7912785218,0
1795600,10342656,12138256,12138256,13933856,22480912,1
21409129,42289009,45846441,63698138,67255570,88135450,0
459673600,2647719936,3107393536,3107393536,3567067136,5755113472,1
903122704,3608164624,4141694736,4511287328,5044817440,7749859360,0
581774400,3351020544,3932794944,3932794944,4514569344,7283815488,1
595848100,3384679684,3969252004,3980527784,4565100104,7353931688,0
217267600,1251461376,1468728976,1468728976,1685996576,2720190352,1
562638400,1967454736,2237668416,2530093136,2800306816,4205123152,0
179560000,1034265600,1213825600,1213825600,1393385600,2248091200,1
335805625,1375297225,1581255225,1711102850,1917060850,2956552450,0
303456400,1747908864,2051365264,2051365264,2354821664,3799274128,1
351337536,1860369424,2173051456,2211706960,2524388992,4033420880,0
258566400,1489342464,1747908864,1747908864,2006475264,3237251328,1
290873025,1565547489,1830385089,1856420514,2121258114,3395932578,0
2099601,49956624,52056225,52056225,54155826,102012849,1
89415936,227255625,231709284,316671561,321125220,458964909,0
8398404,199826496,208224900,208224900,216623304,408051396,1
20286016,247810564,257153296,268096580,277439312,504963860,0
52490025,1248915600,1301405625,1301405625,1353895650,2550321225,1
287845156,2030493721,2097273616,2318338877,2385118772,4127767337,0
18896409,449609616,468506025,468506025,487402434,918115641,1
42915601,547934464,568774801,590850065,611690402,1116709265,0
134374464,3197223936,3331598400,3331598400,3465972864,6528822336,1
257345764,3720268036,3865108900,3977613800,4122454664,7585376936,0
102880449,2447874576,2550755025,2550755025,2653635474,4998629601,1
295496100,3194849529,3312232704,3490345629,3607728804,6507082233,0
75585636,1798438464,1874024100,1874024100,1949609736,3672462564,1
237375649,2412872641,2500300009,2650248290,2737675658,4913172650,0
15920100,21902400,37822500,37822500,53742600,59724900,1
88341201,101787921,133610481,190129122,221951682,235398402,0
398002500,547560000,945562500,945562500,1343565000,1493122500,1
581967376,760325476,1219685776,1342292852,1801653152,1980011252,0
63680400,87609600,151290000,151290000,214970400,238899600,1
262958656,309619216,421727296,572577872,684685952,731346512,0
573123600,788486400,1361610000,1361610000,1934733600,2150096400,1
677300625,909927225,1519830225,1587227850,2197130850,2429757450,0
254721600,350438400,605160000,605160000,859881600,955598400,1
290463849,392158809,659616489,682622658,950080338,1051775298,0
143280900,197121600,340402500,340402500,483683400,537524100,1
177023025,236390625,391446225,413413650,568469250,627836850,0
780084900,1073217600,1853302500,1853302500,2633387400,2926520100,1
1312033284,1685266704,2636000964,2997299988,3948034248,4321267668,0
68121,1557504,1625625,1625625,1693746,3183129,1
53348416,68740681,69189124,122089097,122537540,137929805,0
9809424,224280576,234090000,234090000,243899424,458370576,1
70946929,410751289,423989281,481698218,494936210,834740570,0
15327225,350438400,365765625,365765625,381092850,716204025,1
171191056,777796321,800550436,948987377,971741492,1578346757,0
17438976,398721024,416160000,416160000,433598976,814881024,1
17766225,400280049,417752721,418046274,435518946,818032770,0
8242641,188457984,196700625,196700625,204943266,385158609,1
36808489,286421776,296562841,323230265,333371330,582984617,0
19686969,450118656,469805625,469805625,489492594,919924281,1
21288996,457660449,477509904,478949445,498798900,935170353,0
6812100,155750400,162562500,162562500,169374600,318312900,1
94556176,383924836,394578496,478481012,489134672,778503332,0
55577025,98803600,154380625,154380625,209957650,253184225,1
71419401,119596096,180123241,191015497,251542642,299719337,0
2000772900,3556929600,5557702500,5557702500,7558475400,9114632100,1
2783195536,4578687556,6818795776,7361883092,9601991312,11397483332,0
222308100,395214400,617522500,617522500,839830600,1012736900,1
423701056,653006916,931714576,1076707972,1355415632,1584721492,0
2723274225,4841376400,7564650625,7564650625,10287924850,12406027025,1
3117658896,5362779361,8213071876,8480438257,11330730772,13575851237,0
889232400,1580857600,2470090000,2470090000,3359322400,4050947600,1
960504064,1675428624,2587960384,2635932688,3548464448,4263389008,0
500193225,889232400,1389425625,1389425625,1889618850,2278658025,1
864242404,1358143609,1963198864,2222386013,2827441268,3321342473,0
3556929600,6323430400,9880360000,9880360000,13437289600,16203790400,1
2525866564,4919339044,8103240324,7445205608,10629106888,13022579368,0
55056400,82137969,137194369,137194369,192250769,219332338,1
88322404,121903681,187443481,210226085,275765885,309347162,0
495507600,739241721,1234749321,1234749321,1730256921,1973991042,1
854334441,1166768964,1773083664,2021103405,2627418105,2939852628,0
3523609600,5256830016,8780439616,8780439616,12304049216,14037269632,1
2795977129,4358772441,7607502841,7154749570,10403479970,11966275282,0
220225600,328551876,548777476,548777476,769003076,877329352,1
501312100,659256976,959512576,1160569076,1460824676,1618769552,0
2697763600,4024760481,6722524081,6722524081,9420287681,10747284562,1
3420612196,4898180169,7838800369,8318792365,11259412565,12736980538,0
1376410000,2053449225,3429859225,3429859225,4806269225,5483308450,1
1461609361,2157230916,3563612416,3618840277,5025221777,5720843332,0
1982030400,2956966884,4938997284,4938997284,6921027684,7895964168,1
2306016441,3349978641,5443340841,5655995082,7749357282,8793319482,0
50625,90000,140625,140625,191250,230625,1
93238336,94692361,96157636,187930697,189395972,190849997,0
14630625,26010000,40640625,40640625,55271250,66650625,1
39363076,56987401,77862976,96350477,117226052,134850377,0
16402500,29160000,45562500,45562500,61965000,74722500,1
45846441,65950641,89699841,111797082,135546282,155650482,0
5062500,9000000,14062500,14062500,19125000,23062500,1
58277956,70291456,83429956,128569412,141707912,153721412,0
6125625,10890000,17015625,17015625,23141250,27905625,1
9090225,14745600,21762225,23835825,30852450,36507825,0
9922500,17640000,27562500,27562500,37485000,45202500,1
18627856,28793956,41165056,47421812,59792912,69959012,0
7290000,12960000,20250000,20250000,27540000,33210000,1
23833924,33431524,44649124,57265448,68483048,78080648,0
2634129,4682896,7317025,7317025,9951154,11999921,1
71978256,81450625,91508356,153428881,163486612,172958981,0
516289284,917847616,1434136900,1434136900,1950426184,2351984516,1
879656281,1386296289,2007667249,2265952570,2887323530,3393963538,0
761263281,1353356944,2114620225,2114620225,2875883506,3467977169,1
1290461929,2035814400,2950336489,3326276329,4240798418,4986150889,0
853457796,1517258304,2370716100,2370716100,3224173896,3887974404,1
1010349796,1724242576,2627792644,2734592372,3638142440,4352035220,0
445167801,791409424,1236577225,1236577225,1681745026,2027986649,1
717275524,1143454225,1668559104,1860729749,2385834628,2812013329,0
318729609,566630416,885360025,885360025,1204089634,1451990441,1
579990889,902041156,1294920225,1482032045,1874911114,2196961381,0
379314576,674337024,1053651600,1053651600,1432966176,1727988624,1
683874801,1065565449,1531548225,1749440250,2215423026,2597113674,0
242064,430336,672400,672400,914464,1102736,1
80263681,83229129,86248369,163492810,166512050,169477498,0
24206400,43033600,67240000,67240000,91446400,110273600,1
77000625,108472225,145323025,185472850,222323650,253795250,0
47444544,84345856,131790400,131790400,179234944,216136256,1
61214976,102414400,154157056,163629376,215372032,256571456,0
34857216,61968384,96825600,96825600,131682816,158793984,1
242269225,307406089,380289001,549675314,622558226,687695090,0
54464400,96825600,151290000,151290000,205754400,248115600,1
63011844,108118404,165328164,171130248,228340008,273446568,0
61968384,110166016,172134400,172134400,234102784,282300416,1
146071396,216384100,300467556,362455496,446538952,516851656,0
69956496,124367104,194323600,194323600,264280096,318690704,1
307862116,413471556,534626884,721333672,842489000,948098440,0
26244,518400,544644,544644,570888,1063044,1
72726784,82555396,82882816,155282180,155609600,165438212,0
4435236,87609600,92044836,92044836,96480072,179654436,1
138250564,361456144,370408516,499706708,508659080,731864660,0
5143824,101606400,106750224,106750224,111894048,208356624,1
49956624,221414400,228977424,271371024,278934048,450391824,0
7584516,149817600,157402116,157402116,164986632,307219716,1
154355776,480048100,493550656,634403876,647906432,973598756,0
5904900,116640000,122544900,122544900,128449800,239184900,1
94322944,326958724,336795904,421281668,431118848,663754628,0
8503056,167961600,176464656,176464656,184967712,344426256,1
139736041,478078225,492351721,617814266,632087762,970429946,0
3779136,74649600,78428736,78428736,82207872,153078336,1
29106025,146192281,151462249,175298306,180568274,297654530,0
48841,2039184,2088025,2088025,2136866,4127209,1
102758769,128686336,129072321,231445105,231831090,257758657,0
4884100,203918400,208802500,208802500,213686600,412720900,1
65820769,407353489,414244609,473174258,480065378,821598098,0
14115049,589324176,603439225,603439225,617554274,1192763401,1
82428241,876041604,893232769,958469845,975661010,1769274373,0
15824484,660695616,676520100,676520100,692344584,1337215716,1
32478601,752130625,769008361,784609226,801486962,1521138986,0
8254129,344622096,352876225,352876225,361130354,697498321,1
98585041,656384400,667757281,754969441,766342322,1324141681,0
9572836,399680064,409252900,409252900,418825736,808932964,1
21095649,461863081,472149441,482958730,493245090,934012522,0
5909761,246741264,252651025,252651025,258560786,499392289,1
49758916,413349561,420988324,463108477,470747240,834337885,0
176400,874225,1050625,1050625,1227025,1924850,1
20430400,25351225,26265625,45781625,46696025,51616850,0
29811600,147744025,177555625,177555625,207367225,325299650,1
58553104,205836409,240777289,264389513,299330393,446613698,0
57153600,283248900,340402500,340402500,397556100,623651400,1
256704484,639685264,724255744,896389748,980960228,1363941008,0
45158400,223801600,268960000,268960000,314118400,492761600,1
128527569,383258929,441714289,511786498,570241858,824973218,0
50979600,252651025,303630625,303630625,354610225,556281650,1
267028281,629809216,708943876,896837497,975972157,1338753092,0
17640000,87422500,105062500,105062500,122702500,192485000,1
43428100,137827600,159769600,181255700,203197700,297597200,0
34574400,171348100,205922500,205922500,240496900,377270600,1
39312900,181710400,217267600,221023300,256580500,398978000,0
97344,7263025,7360369,7360369,7457713,14623394,1
4995225,21325924,21492496,26321149,26487721,42818420,0
24920064,1859334400,1884254464,1884254464,1909174528,3743588864,1
79495056,2213137936,2240318224,2292632992,2319813280,4453456160,0
9734400,726302500,736036900,736036900,745771300,1462339400,1
156000100,1319142400,1332250000,1475142500,1488250100,2651392400,0
16451136,1227451225,1243902361,1243902361,1260353497,2471353586,1
35712576,1365672025,1383021721,1401384601,1418734297,2748693746,0
21902400,1634180625,1656083025,1656083025,1677985425,3290263650,1
175085824,2398746529,2425267009,2573832353,2600352833,4824013538,0
14017536,1045875600,1059893136,1059893136,1073910672,2105768736,1
130919364,1603041444,1620384516,1733960808,1751303880,3223425960,0
31539456,2353220100,2384759556,2384759556,2416299012,4737979656,1
126832644,2932872336,2968070400,3059704980,3094903044,5900942736,0
6969600,56535361,63504961,63504961,70474561,120040322,1
107350321,232257600,246176100,339607921,353526421,478433700,0
341510400,2770232689,3111743089,3111743089,3453253489,5881975778,1
570158884,3367596961,3743114761,3937755845,4313273645,7110711722,0
62726400,508818249,571544649,571544649,634271049,1080362898,1
70862724,531533025,595604025,602395749,666466749,1127137050,0
250905600,2035272996,2286178596,2286178596,2537084196,4321451592,1
484264036,2629638400,2913840400,3113902436,3398104436,5543478800,0
174240000,1413384025,1587624025,1587624025,1761864025,3001008050,1
209207296,1510021881,1689949881,1719229177,1899157177,3199971762,0
27878400,226141444,254019844,254019844,281898244,480161288,1
113614281,416853889,454414489,530468170,568028770,871268378,0
111513600,904565776,1016079376,1016079376,1127592976,1920645152,1
311204881,1380642649,1517647849,1691847530,1828852730,2898290498,0
24336,9241600,9265936,9265936,9290272,18507536,1
16386304,48052624,48108096,64438928,64494400,96160720,0
2944656,1118233600,1121178256,1121178256,1124122912,2239411856,1
51279921,1512043225,1515467041,1563323146,1566746962,3027510266,0
6230016,2365849600,2372079616,2372079616,2378309632,4737929216,1
98069409,3141266209,3148444321,3239335618,3246513730,6289710530,0
3504384,1330790400,1334294784,1334294784,1337799168,2665085184,1
4326400,1346009344,1349533696,1350335744,1353860096,2695543040,0
4112784,1561830400,1565943184,1565943184,1570055968,3127773584,1
5978025,1594963969,1599120121,1600941994,1605098146,3194084090,0
5475600,2079360000,2084835600,2084835600,2090311200,4164195600,1
41692849,2471780089,2477749729,2513472938,2519442578,4949529818,0
2433600,924160000,926593600,926593600,929027200,1850753600,1
81993025,1436031025,1439064225,1518024050,1521057250,2875095250,0
3407716,23736384,27144100,27144100,30551816,50880484,1
37748736,84088900,90402064,121837636,128150800,174490964,0
166978084,1163082816,1330060900,1330060900,1497038984,2493143716,1
298805796,1479787024,1667415556,1778592820,1966221352,3147202580,0
54523456,379782144,434305600,434305600,488829056,814087744,1
102576384,494261824,556205056,596838208,658781440,1050466880,0
85192900,593409600,678602500,678602500,763795400,1272012100,1
198556281,853866841,955489921,1052423122,1154046202,1809356762,0
13630864,94945536,108576400,108576400,122207264,203521936,1
140232964,320195236,344844900,460428200,485077864,665040136,0
122677776,854509824,977187600,977187600,1099865376,1831697424,1
143904016,909143104,1035552400,1053047120,1179456416,1944695504,0
30669444,213627456,244296900,244296900,274966344,457924356,1
35022724,224880016,256320100,259902740,291342824,481200116,0
384400,9418761,9803161,9803161,10187561,19221922,1
40640625,77862976,78960996,118503601,119601621,156823972,0
38440000,941876100,980316100,980316100,1018756100,1922192200,1
61371556,1044840976,1085307136,1106212532,1146678692,2130148112,0
98406400,2411202816,2509609216,2509609216,2608015616,4920812032,1
154480041,2663901769,2767286025,2818381810,2921766066,5431187794,0
55353600,1356301584,1411655184,1411655184,1467008784,2767956768,1
272679169,2106901801,2175756025,2379580970,2448435194,4282657826,0
75342400,1846077156,1921419556,1921419556,1996761956,3767496712,1
220463104,2414149956,2500200004,2634613060,2720663108,4914349960,0
64963600,1591770609,1656734209,1656734209,1721697809,3248504818,1
74545956,1637901841,1703790729,1712447797,1778336685,3341692570,0
86490000,2119221225,2205711225,2205711225,2292201225,4324932450,1
209178369,2621235204,2717328384,2830413573,2926506753,5338563588,0
4410000,75603025,80013025,80013025,84423025,155616050,1
78110244,238177489,245956489,316287733,324066733,484133978,0
39690000,680427225,720117225,720117225,759807225,1400544450,1
85988529,844367364,888516864,930355893,974505393,1732884228,0
17640000,302412100,320052100,320052100,337692100,622464200,1
104571076,548309056,571975056,652880132,676546132,1120284112,0
110250000,1890075625,2000325625,2000325625,2110575625,3890401250,1
417998025,2853696400,2988808900,3271694425,3406806925,5842505300,0
70560000,1209648400,1280208400,1280208400,1350768400,2489856800,1
170406916,1555040356,1634908356,1725447272,1805315272,3189948712,0
216090000,3704548225,3920638225,3920638225,4136728225,7625186450,1
552579049,4854187584,5101102084,5406766633,5653681133,9955289668,0
158760000,2721708900,2880468900,2880468900,3039228900,5602177800,1
368448025,3453325225,3631870225,3821773250,4000318250,7085195450,0
26563716,47224384,73788100,73788100,100351816,121012484,1
39125025,63568729,93915481,102693754,133040506,157484210,0
425019456,755590144,1180609600,1180609600,1605629056,1936199744,1
800946601,1237139929,1767782025,2038086530,2568728626,3004921954,0
106254864,188897536,295152400,295152400,401407264,484049936,1
303282225,434764201,589858369,738046426,893140594,1024622570,0
1301622084,2313994816,3615616900,3615616900,4917238984,5929611716,1
1975891401,3189651529,4692661009,5165542930,6668552410,7882312538,0
956293776,1700077824,2656371600,2656371600,3612665376,4356449424,1
1412932921,2294122609,3387822025,3707055530,4800754946,5681944634,0
239073444,425019456,664092900,664092900,903166344,1089112356,1
570206641,842915089,1168750969,1413121730,1738957610,2011666058,0
1700077824,3022360576,4722438400,4722438400,6422516224,7744798976,1
1731891456,3064729600,4775362816,4796621056,6507254272,7840092416,0
7683984,65367225,73051209,73051209,80735193,138418434,1
23222761,102657424,112232836,125880185,135455597,214890260,0
30735936,261468900,292204836,292204836,322940772,553673736,1
120121600,465955396,506700100,586076996,626821700,972655496,0
122943744,1045875600,1168819344,1168819344,1291763088,2214694944,1
388050601,1676984401,1831754401,2065035002,2219805002,3508738802,0
276623424,2353220100,2629843524,2629843524,2906466948,4983063624,1
522031104,2994935076,3306020004,3516966180,3828051108,6300955080,0
69155856,588305025,657460881,657460881,726616737,1245765906,1
70862724,593263449,662702049,664126173,733564773,1255965498,0
491774976,4183502400,4675277376,4675277376,5167052352,8858779776,1
1014040336,5527625104,6090865936,6541665440,7104906272,11618491040,0
376515216,3202994025,3579509241,3579509241,3956024457,6782503266,1
377097561,3204692100,3581304336,3581789661,3958401897,6785996436,0
6620329,8785296,15405625,15405625,22025954,24190921,1
61402896,67683529,84419344,129086425,145822240,152102873,0
2144986596,2846435904,4991422500,4991422500,7136409096,7837858404,1
2828112400,3626207524,6008730256,6454319924,8836842656,9634937780,0
1297584484,1721918016,3019502500,3019502500,4317086984,4741420516,1
1586906896,2052996100,3453207696,3639902996,5040114592,5506203796,0
662032900,878529600,1540562500,1540562500,2202595400,2419092100,1
1157632576,1438988356,2260431936,2596620932,3418064512,3699420292,0
1913275081,2538950544,4452225625,4452225625,6365500706,6991176169,1
2222556736,2893471681,4917936384,5116028417,7140493120,7811408065,0
1489574025,1976691600,3466265625,3466265625,4955839650,5442957225,1
1785147001,2315149456,3910125961,4100296457,5695272962,6225275417,0
1118835601,1484715024,2603550625,2603550625,3722386226,4088265649,1
1331885025,1728730084,2923673041,3060615109,4255558066,4652403125,0
47196900,83905600,131102500,131102500,178299400,215008100,1
115842169,170380809,235407649,286222978,351249818,405788458,0
3020601600,5369958400,8390560000,8390560000,11411161600,13760518400,1
2390329881,4517318521,7315551961,6907648402,9705881842,11832870482,0
755150400,1342489600,2097640000,2097640000,2852790400,3440129600,1
953636161,1603281681,2420738401,2556917842,3374374562,4024020082,0
2312648100,4111374400,6424022500,6424022500,8736670600,10535396900,1
2684586969,4602672649,7034680129,7287259618,9719267098,11637352778,0
1699088400,3020601600,4719690000,4719690000,6418778400,7740291600,1
1786330225,3136560025,4864365025,4922890250,6650695250,8000925050,0
188787600,335622400,524410000,524410000,713197600,860032400,1
452795841,668687881,926532721,1121483722,1379328562,1595220602,0
1179922500,2097640000,3277562500,3277562500,4457485000,5375202500,1
1318633969,2281304169,3506179369,3599938138,4824813338,5787483538,0
7683984,22127616,29811600,29811600,37495584,51939216,1
100681156,143185156,161849284,243866312,262530440,305034440,0
30735936,88510464,119246400,119246400,149982336,207756864,1
112763161,209757289,255840025,322520450,368603186,465597314,0
122943744,354041856,476985600,476985600,599929344,831027456,1
349914436,698756356,867773764,1048670792,1217688200,1566530120,0
491774976,1416167424,1907942400,1907942400,2399717376,3324109824,1
836308561,1969140625,2542478929,2805449186,3378787490,4511619554,0
192099600,553190400,745290000,745290000,937389600,1298480400,1
483692049,1001912409,1255497489,1485604458,1739189538,2257409898,0
69155856,199148544,268304400,268304400,337460256,467452944,1
231557089,441546169,542004961,673103258,773562050,983551130,0
376515216,1084253184,1460768400,1460768400,1837283616,2545021584,1
379119841,1088670025,1465894369,1467789866,1845014210,2554564394,0
2152089,3825936,5978025,5978025,8130114,9803961,1
84879369,94128804,103856481,179008173,188735850,197985285,0
309900816,550934784,860835600,860835600,1170736416,1411770384,1
479084544,770395536,1130573376,1249480080,1609657920,1900968912,0
621953721,1105695504,1727649225,1727649225,2349602946,2833344729,1
783104256,1317472209,1990052100,2100576465,2773156356,3307524309,0
363703041,646583184,1010286225,1010286225,1373989266,1656869409,1
742235536,1129027201,1596641764,1871262737,2338877300,2725668965,0
697276836,1239603264,1936880100,1936880100,2634156936,3176483364,1
879478336,1479017764,2233507600,2358496100,3112985936,3712525364,0
550934784,979439616,1530374400,1530374400,2081309184,2509814016,1
930799081,1469418889,2130468649,2400217970,3061267730,3599887538,0
421809444,749883456,1171692900,1171692900,1593502344,1921576356,1
544055625,910289241,1370258289,1454344866,1914313914,2280547530,0
19079424,25050025,44129449,44129449,63208873,69179474,1
131400369,146410000,188732644,277810369,320133013,335142644,0
686859264,901800900,1588660164,1588660164,2275519428,2490461064,1
793492561,1023424081,1748828761,1816916642,2542321322,2772252842,0
934891776,1227451225,2162343001,2162343001,3097234777,3389794226,1
1000646689,1302632464,2261763364,2303279153,3262410053,3564395828,0
305270784,400800400,706071184,706071184,1011341968,1106871584,1
585591601,715402009,1108823401,1300993610,1694415002,1824225410,0
1221083136,1603201600,2824284736,2824284736,4045367872,4427486336,1
1263518116,1651772164,2888632516,2915290280,4152150632,4540404680,0
76317696,100200100,176517796,176517796,252835492,276717896,1
107931321,136025569,223173721,243956890,331105042,359199290,0
171714816,225450225,397165041,397165041,568879857,622615266,1
401120784,481319721,721083609,882440505,1122204393,1202403330,0
505521,87385104,87890625,87890625,88396146,175275729,1
31438449,202891536,203661441,234329985,235099890,406552977,0
8088336,1398161664,1406250000,1406250000,1414338336,2804411664,1
56085121,1767109369,1776201025,1823194490,1832286146,3543310394,0
12638025,2184627600,2197265625,2197265625,2209903650,4381893225,1
126247696,2961645241,2976357136,3087892937,3102604832,5938002377,0
4549689,786465936,791015625,791015625,795565314,1577481561,1
68227600,1167657241,1173199504,1235884841,1241427104,2340856745,0
24770529,4281870096,4306640625,4306640625,4331411154,8588510721,1
108576400,5023832641,5050660624,5132409041,5159237024,10074493265,0
32353344,5592646656,5625000000,5625000000,5657353344,11217646656,1
151388416,6625960000,6661171456,6777348416,6812559872,13287131456,0
2022084,349540416,351562500,351562500,353584584,701102916,1
18922500,467597376,469935684,486519876,488858184,937533060,0
41990400,74649600,116640000,116640000,158630400,191289600,1
112296409,162741049,222516889,275037458,334813298,385257938,0
671846400,1194393600,1866240000,1866240000,2538086400,3060633600,1
1127885056,1782866176,2587146496,2910751232,3715031552,4370012672,0
167961600,298598400,466560000,466560000,634521600,765158400,1
270372249,431102169,629156889,701474418,899529138,1060259058,0
2687385600,4777574400,7464960000,7464960000,10152345600,12242534400,1
3685097025,6081660225,9075420225,9766757250,12760517250,15157080450,0
1511654400,2687385600,4199040000,4199040000,5710694400,6886425600,1
2237195401,3631147081,5361021961,5868342482,7598217362,8992169042,0
1049760000,1866240000,2916000000,2916000000,3965760000,4782240000,1
1097000641,1929054241,2994387841,3026054882,4091388482,4923442082,0
2057529600,3657830400,5715360000,5715360000,7772889600,9373190400,1
2454409764,4181174244,6365167524,6635584008,8819577288,10546341768,0
24285184,39955041,64240225,64240225,88525409,104195266,1
32137561,49871844,76667536,82009405,108805097,126539380,0
97140736,159820164,256960900,256960900,354101636,416781064,1
248283049,343842849,480968761,592125898,729251810,824811610,0
388562944,639280656,1027843600,1027843600,1416406544,1667124256,1
687068944,1010222656,1486873600,1697291600,2173942544,2497096256,0
1554251776,2557122624,4111374400,4111374400,5665626176,6668497024,1
1971004816,3084691600,4773704464,5055696416,6744709280,7858396064,0
874266624,1438381476,2312648100,2312648100,3186914724,3751029576,1
1563016225,2293739449,3370615249,3856755674,4933631474,5664354698,0
607129600,998876025,1606005625,1606005625,2213135225,2604881650,1
1184598724,1712552689,2485321609,2897151413,3669920333,4197874298,0
1189974016,1957797009,3147771025,3147771025,4337745041,5105568034,1
1647385744,2534014921,3868466809,4181400665,5515852553,6402481730,0
1243225,7160976,8404201,8404201,9647426,15565177,1
2235025,9339136,10751841,11574161,12986866,20090977,0
402804900,2320156224,2722961124,2722961124,3125766024,5043117348,1
585107721,2733930369,3169802601,3319038090,3754910322,5903732970,0
318265600,1833209856,2151475456,2151475456,2469741056,3984685312,1
497423809,2235303841,2585417409,2732727650,3082841218,4820721250,0
243672100,1403551296,1647223396,1647223396,1890895496,3050774692,1
263283076,1450086400,1697604804,1713369476,1960887880,3147691204,0
150430225,866478096,1016908321,1016908321,1167338546,1883386417,1
296252944,1182190689,1356890896,1478443633,1653143840,2539081585,0
279725625,1611219600,1890945225,1890945225,2170670850,3502164825,1
439950625,1970472100,2278630225,2410422725,2718580850,4249102325,0
359292025,2069522064,2428814089,2428814089,2788106114,4498336153,1
701879049,2812180900,3228626041,3514059949,3930505090,6040806941,0
30976,480249,511225,511225,542201,991474,1
44782864,51969681,52287361,96752545,97070225,104257042,0
4460544,69155856,73616400,73616400,78076944,142772256,1
19713600,113294736,118984464,133008336,138698064,232279200,0
10036224,155600676,165636900,165636900,175673124,321237576,1
131469156,431475984,448084224,562945140,579553380,879560208,0
3748096,58110129,61858225,61858225,65606321,119968354,1
114768369,268960000,276956164,383728369,391724533,545916164,0
7929856,122943744,130873600,130873600,138803456,253817344,1
35988001,203661441,213832129,239649442,249820130,417493570,0
3097600,48024900,51122500,51122500,54220100,99147400,1
21836929,96884649,101263969,118721578,123100898,198148618,0
6071296,94128804,100200100,100200100,106271396,194328904,1
8880400,104407524,110796676,113287924,119677076,215204200,0
1587600,42968025,44555625,44555625,46143225,87523650,1
105596176,242456041,246207481,348052217,351803657,488663522,0
57153600,1546848900,1604002500,1604002500,1661156100,3150851400,1
211440681,2144708721,2211914961,2356149402,2423355642,4356623682,0
101606400,2749953600,2851560000,2851560000,2953166400,5601513600,1
182439049,3121121689,3229307929,3303560738,3411746978,6350429618,0
39690000,1074200625,1113890625,1113890625,1153580625,2188091250,1
48622729,1118768704,1159266304,1167391433,1207889033,2278035008,0
6350400,171872100,178222500,178222500,184572900,350094600,1
42850116,293642496,301925376,336492612,344775492,595567872,0
14288400,386712225,401000625,401000625,415289025,787712850,1
25331089,437562724,452753284,462893813,478084373,890316008,0
77792400,2105433225,2183225625,2183225625,2261018025,4288658850,1
78659161,2109932356,2187807076,2188591517,2266466237,4297739432,0
15602500,89870400,105472900,105472900,121075400,195343300,1
42653961,145467721,165148201,188121682,207802162,310615922,0
390062500,2246760000,2636822500,2636822500,3026885000,4883582500,1
731215681,2991105481,3438766881,3722321162,4169982562,6429872362,0
998560000,5751705600,6750265600,6750265600,7748825600,12501971200,1
1216056384,6258708544,7298626624,7474764928,8514683008,13557335168,0
140422500,808833600,949256100,949256100,1089678600,1758089700,1
250557241,1050991561,1210274521,1301548802,1460831762,2261266082,0
764522500,4403649600,5168172100,5168172100,5932694600,9571821700,1
789160464,4462507204,5231918224,5251667668,6021078688,9694425428,0
62410000,359481600,421891600,421891600,484301600,781373200,1
86434209,414407449,481231969,500841658,567666178,895639418,0
249640000,1437926400,1687566400,1687566400,1937206400,3125492800,1
427372929,1831240849,2111678209,2258613778,2539051138,3942919058,0
24403600,40640625,65044225,65044225,89447825,105684850,1
36893476,56385081,84621601,93278557,121515077,141006682,0
390457600,650250000,1040707600,1040707600,1431165200,1690957600,1
614147524,931592484,1389947524,1545740008,2004095048,2321540008,0
878529600,1463062500,2341592100,2341592100,3220121700,3804654600,1
1087020900,1728896400,2674958400,2815917300,3761979300,4403854800,0
1195776400,1991390625,3187167025,3187167025,4382943425,5178557650,1
1487953476,2363807161,3654081601,3851760637,5142035077,6017888762,0
97614400,162562500,260176900,260176900,357791300,422739400,1
128731716,202094656,309619216,330826372,438350932,511713872,0
1561830400,2601000000,4162830400,4162830400,5724660800,6763830400,1
1698181681,2776130721,4383631681,4474312402,6081813362,7159762402,0
219632400,365765625,585398025,585398025,805030425,951163650,1
323568144,496977849,748733769,820545993,1072301913,1245711618,0
589824,5017600,5607424,5607424,6197248,10625024,1
2505889,9333025,10131489,11838914,12637378,19464514,0
170459136,1450086400,1620545536,1620545536,1791004672,3070631936,1
484572169,2212479369,2421919369,2697051538,2906491538,4634398738,0
84934656,722534400,807469056,807469056,892403712,1530003456,1
258759396,1139062500,1245101796,1397821896,1503861192,2384164296,0
191102976,1625702400,1816805376,1816805376,2007908352,3442507776,1
288150625,1889727841,2095350625,2177878466,2383501250,3985078466,0
150994944,1284505600,1435500544,1435500544,1586495488,2720006144,1
244703449,1536248025,1700985049,1780951474,1945688498,3237233074,0
58982400,501760000,560742400,560742400,619724800,1062502400,1
143784081,713477521,783496081,857261602,927280162,1496973602,0
71368704,607129600,678498304,678498304,749867008,1285627904,1
228553924,980316100,1070467524,1208870024,1299021448,2050783624,0
5934096,8543929,14478025,14478025,20412121,23021954,1
53465344,60824401,75359761,114289745,128825105,136184162,0
593409600,854392900,1447802500,1447802500,2041212100,2302195400,1
1068178489,1410227809,2150455129,2478406298,3218633618,3560682938,0
1519128576,2187245824,3706374400,3706374400,5225502976,5893620224,1
1858903225,2591522649,4227470361,4450425874,6086373586,6818993010,0
854509824,1230325776,2084835600,2084835600,2939345424,3315161376,1
1070860176,1487490624,2415919104,2558350800,3486779280,3903409728,0
718025616,1033815409,1751841025,1751841025,2469866641,2785656434,1
1272420241,1683296784,2573532900,2955717025,3845953141,4256829684,0
1922647104,2768232996,4690880100,4690880100,6613527204,7459113096,1
2244390625,3151811881,5186448289,5396202506,7430838914,8338260170,0
1714953744,2469195481,4184149225,4184149225,5899102969,6653344706,1
2522651076,3422835025,5402103001,5945486101,7924754077,8824938026,0
58660281,68690944,127351225,127351225,186011506,196042169,1
91546624,103978809,174081636,195525433,265628260,278060445,0
234641124,274763776,509404900,509404900,744046024,784168676,1
248157009,289374121,529230025,537531130,777387034,818604146,0
2111770116,2472873984,4584644100,4584644100,6696414216,7057518084,1
2622976225,3023790121,5324766841,5646766346,7947743066,8348556962,0
2874353769,3365856256,6240210025,6240210025,9114563794,9606066281,1
3033365776,3537751441,6473489764,6571117217,9506855540,10011241205,0
3754257984,4396220416,8150478400,8150478400,11904736384,12546698816,1
3708931801,4347160489,8083628281,8056092290,11792560082,12430788770,0
1466507025,1717273600,3183780625,3183780625,4650287650,4901054225,1
1749330625,2022300900,3594602025,3771631525,5343932650,5616902925,0
938564496,1099055104,2037619600,2037619600,2976184096,3136674704,1
1035294976,1203534864,2179022400,2238829840,3214317376,3382557264,0
3504384,4601025,8105409,8105409,11609793,12706434,1
14784025,16957924,23232400,31741949,38016425,40190324,0
897122304,1177862400,2074984704,2074984704,2972107008,3252847104,1
944763169,1232361025,2147117569,2177124194,3091880738,3379478594,0
504631296,662547600,1167178896,1167178896,1671810192,1829726496,1
753228025,943779841,1532331025,1697007866,2285559050,2476110866,0
1012766976,1329696225,2342463201,2342463201,3355230177,3672159426,1
1266719281,1618613824,2721291556,2885333105,3988010837,4339905380,0
350438400,460102500,810540900,810540900,1160979300,1270643400,1
624700036,768620176,1207145536,1393320212,1831845572,1975765712,0
686859264,901800900,1588660164,1588660164,2275519428,2490461064,1
788430241,1017673801,1741309441,1806104042,2529739682,2758983242,0
1135420416,1490732100,2626152516,2626152516,3761572932,4116884616,1
1679360400,2106259236,3425760900,3785619636,5105121300,5532020136,0
144400,831744,976144,976144,1120544,1807888,1
18369796,23213124,23951236,41582920,42321032,47164360,0
17472400,100641024,118113424,118113424,135585824,218754448,1
162690025,346220449,378030249,508910474,540720274,724250698,0
32490000,187142400,219632400,219632400,252122400,406774800,1
79995136,286421776,326308096,366416912,406303232,612729872,0
20793600,119771136,140564736,140564736,161358336,260335872,1
106378596,278823204,310112100,385201800,416490696,588935304,0
46785600,269485056,316270656,316270656,363056256,585755712,1
222337921,599613169,668481025,821951090,890818946,1268094194,0
41731600,240374016,282105616,282105616,323837216,522479632,1
97476129,357852889,408403681,455329018,505879810,766256570,0
14440000,83174400,97614400,97614400,112054400,180788800,1
15920100,86676100,101404900,102596200,117325000,188081000,0
30470400,97219600,127690000,127690000,158160400,224909600,1
96924025,201214225,244140625,298138250,341064650,445354850,0
1493049600,4763760400,6256810000,6256810000,7749859600,11020570400,1
1627476964,5001601284,6528963204,6629078248,8156440168,11530564488,0
487526400,1555513600,2043040000,2043040000,2530566400,3598553600,1
573458809,1706268249,2215302489,2279727058,2788761298,3921570738,0
121881600,388878400,510760000,510760000,632641600,899638400,1
180929401,489781161,625550121,670710562,806479522,1115331282,0
274233600,874976400,1149210000,1149210000,1423443600,2024186400,1
293025924,908299044,1187353764,1201324968,1480379688,2095652808,0
761760000,2430490000,3192250000,3192250000,3954010000,5622740000,1
967645449,2788579249,3600840049,3756224698,4568485498,6389419298,0
1096934400,3499905600,4596840000,4596840000,5693774400,8096745600,1
1513988100,4218502500,5415488100,5732490600,6929476200,9633990600,0
22500,3504384,3526884,3526884,3549384,7031268,1
22638564,41990400,42068196,64628964,64706760,84058596,0
3802500,592240896,596043396,596043396,599845896,1188284292,1
98684356,1044582400,1049630404,1143266756,1148314760,2094212804,0
6502500,1012766976,1019269476,1019269476,1025771976,2032036452,1
68591524,1410453136,1418124964,1479044660,1486716488,2828578100,0
5062500,788486400,793548900,793548900,798611400,1582035300,1
11539609,854217529,859486489,865757138,871026098,1713704018,0
2250000,350438400,352688400,352688400,354938400,703126800,1
108930969,764909649,768232089,873840618,877163058,1533141738,0
3240000,504631296,507871296,507871296,511111296,1012502592,1
37063744,715669504,719526976,752733248,756590720,1435196480,0
7290000,1135420416,1142710416,1142710416,1150000416,2278130832,1
101949409,1688634649,1697522401,1790584058,1799471810,3386157050,0
5290000,30470400,35760400,35760400,41050400,66230800,1
10118761,40972801,47073321,51091562,57192082,88046122,0
84640000,487526400,572166400,572166400,656806400,1059692800,1
163021824,657819904,755590144,820841728,918611968,1413410048,0
47610000,274233600,321843600,321843600,369453600,596077200,1
206123449,576816289,645007609,782939738,851131058,1221823898,0
190440000,1096934400,1287374400,1287374400,1477814400,2384308800,1
412983684,1571488164,1797929604,1984471848,2210913288,3369417768,0
338560000,1950105600,2288665600,2288665600,2627225600,4238771200,1
690217984,2707329024,3103826944,3397547008,3794044928,5811155968,0
132250000,761760000,894010000,894010000,1026260000,1655770000,1
259499881,1037419681,1190871081,1296919562,1450370962,2228290762,0
21160000,121881600,143041600,143041600,164201600,264923200,1
61622500,204204100,231344100,265826600,292966600,435548200,0
31069476,55234624,86304100,86304100,117373576,141538724,1
228402769,288014841,354531241,516417610,582934010,642546082,0
124277904,220938496,345216400,345216400,469494304,566154896,1
435849129,604815649,801399481,1040664778,1237248610,1406215130,0
279625284,497111616,776736900,776736900,1056362184,1273848516,1
449864100,717382656,1047040164,1167246756,1496904264,1764422820,0
1988446464,3535015936,5523462400,5523462400,7511908864,9058478336,1
2876820496,4692250000,6949556496,7569070496,9826376992,11641806496,0
497111616,883753984,1380865600,1380865600,1877977216,2264619584,1
718454416,1172103696,1736222224,1890558112,2454676640,2908325920,0
776736900,1380865600,2157602500,2157602500,2934339400,3538468100,1
1179098244,1903402384,2800314724,3082500628,3979412968,4703717108,0
1522404324,2706496576,4228900900,4228900900,5751305224,6935397476,1
2042407249,3387123601,5070152025,5429530850,7112559274,8457275626,0
984064,15256836,16240900,16240900,17224964,31497736,1
6864400,30625156,32012964,37489556,38877364,62638120,0
284394496,4409225604,4693620100,4693620100,4978014596,9102845704,1
631717956,5575907584,5895168400,6207625540,6526886356,11471075984,0
141705216,2196984384,2338689600,2338689600,2480394816,4535673984,1
288354361,2698698601,2855512969,2987052962,3143867330,5554211570,0
192876544,2990339856,3183216400,3183216400,3376092944,6173556256,1
332843536,3485721600,3693722176,3818565136,4026565712,7179443776,0
251920384,3905750016,4157670400,4157670400,4409590784,8063420416,1
454201344,4615300096,4888806400,5069501440,5343007744,9504106496,0
318836736,4943214864,5262051600,5262051600,5580888336,10205266464,1
628655329,6010125625,6361179049,6638780954,6989834378,12371304674,0
166306816,2578405284,2744712100,2744712100,2911018916,5323117384,1
391011076,3324214336,3512695824,3715225412,3903706900,6836910160,0
720801,1281424,2002225,2002225,2723026,3283649,1
96805921,102454884,108264025,199260805,205069946,210718909,0
141276996,251159104,392436100,392436100,533713096,643595204,1
253541929,395413225,568679409,648955154,822221338,964092634,0
233539524,415181376,648720900,648720900,882260424,1063902276,1
300051684,502477056,756800100,802528740,1056851784,1259277156,0
208311489,370331536,578643025,578643025,786954514,948974561,1
278923401,462766144,692900329,741689545,971823730,1155666473,0
72080100,128142400,200222500,200222500,272302600,328364900,1
103245921,168766081,250304041,272012002,353549962,419070122,0
103795344,184525056,288320400,288320400,392115744,472845456,1
389272900,534811876,703416484,924084776,1092689384,1238228360,0
162180225,288320400,450500625,450500625,612680850,738821025,1
472932009,675584064,914276169,1148516073,1387208178,1589860233,0
62726400,87385104,150111504,150111504,212837904,237496608,1
150773841,187881849,275925321,338655690,426699162,463807170,0
1003622400,1398161664,2401784064,2401784064,3405406464,3799945728,1
1583084944,2070250000,3262237456,3653334944,4845322400,5332487456,0
250905600,349540416,600446016,600446016,851351616,949986432,1
298149289,404935129,672416761,703084418,970566050,1077351890,0
3073593600,4281870096,7355463696,7355463696,10429057296,11637333792,1
3179944881,4407233769,7519491225,7587178650,10699436106,11926724994,0
564537600,786465936,1351003536,1351003536,1915541136,2137469472,1
1136431521,1443620025,2181543849,2580051546,3317975370,3625163874,0
2258150400,3145863744,5404014144,5404014144,7662164544,8549877888,1
2396885764,3309240676,5617502500,5706126440,8014388264,8926743176,0
4014489600,5592646656,9607136256,9607136256,13621625856,15199782912,1
3071154724,4467852964,8113325476,7539007688,11184480200,12581178440,0
74649600,82301184,156950784,156950784,231600384,239251968,1
295152400,310182544,443860624,605334944,739013024,754043168,0
1866240000,2057529600,3923769600,3923769600,5790009600,5981299200,1
2084379025,2286274225,4237359025,4370653250,6321738050,6523633250,0
671846400,740710656,1412557056,1412557056,2084403456,2153267712,1
1122049009,1210552849,2039515921,2332601858,3161564930,3250068770,0
3657830400,4032758016,7690588416,7690588416,11348418816,11723346432,1
4556925025,4974339841,8972067841,9531264866,13528992866,13946407682,0
2687385600,2962842624,5650228224,5650228224,8337613824,8613070848,1
3447920961,3759038721,6731710209,7206959682,10179631170,10490748930,0
4777574400,5267275776,10044850176,10044850176,14822424576,15312125952,1
4076184025,4529424601,9015312601,8605608626,13091496626,13544737202,0
1194393600,1316818944,2511212544,2511212544,3705606144,3828031488,1
1211875344,1335171600,2536532496,2547046944,3748407840,3871704096,0
1849600,28676025,30525625,30525625,32375225,59201650,1
47485881,118504996,122235136,165990877,169721017,240740132,0
118374400,1835265600,1953640000,1953640000,2072014400,3788905600,1
154853136,1971715216,2094343696,2126568352,2249196832,4066058912,0
16646400,258084225,274730625,274730625,291377025,532814850,1
111661489,508592704,531855844,620254193,643517333,1040448548,0
90630400,1405125225,1495755625,1495755625,1586386025,2900880850,1
206295769,1791659584,1893816324,1997955353,2100112093,3685475908,0
29593600,458816400,488410000,488410000,518003600,947226400,1
91757241,653262481,688485121,745019722,780242362,1341747602,0
7398400,114704100,122102500,122102500,129500900,236806600,1
26142769,171688609,180714249,197831378,206857018,352402858,0
46240000,716900625,763140625,763140625,809380625,1480041250,1
89340304,865948329,916696729,955288633,1006037033,1782645058,0
45697600,56070144,101767744,101767744,147465344,157837888,1
68475625,81054009,134629609,149529634,203105234,215683618,0
182790400,224280576,407070976,407070976,589861376,631351552,1
327718609,382554481,613008081,710273090,940726690,995562562,0
2239182400,2747437056,4986619456,4986619456,7225801856,7734056512,1
2388765625,2912868841,5208653241,5301634466,7597418866,8121522082,0
2924646400,3588489216,6513135616,6513135616,9437782016,10101624832,1
3860509689,4618153849,7877805049,8478663538,11738314738,12495958898,0
411278400,504631296,915909696,915909696,1327188096,1420540992,1
509450041,612810025,1059828025,1122260066,1569278066,1672638050,0
1142440000,1401753600,2544193600,2544193600,3686633600,3945947200,1
1214661904,1481634064,2651426064,2696295968,3866087968,4133060128,0
1645113600,2018525184,3663638784,3663638784,5308752384,5682163968,1
2178088900,2604877444,4440623044,4782966344,6618711944,7045500488,0
9363600,53934336,63297936,63297936,72661536,117232272,1
60575089,145612489,160757041,206187578,221332130,306369530,0
234090000,1348358400,1582448400,1582448400,1816538400,2930806800,1
579172356,2068976196,2356714116,2648148552,2935886472,4425690312,0
458816400,2642782464,3101598864,3101598864,3560415264,5744381328,1
663011001,3106613169,3602520441,3769624170,4265531442,6709133610,0
337089600,1941636096,2278725696,2278725696,2615815296,4220361792,1
635392849,2591929921,2979303889,3227322770,3614696738,5571233810,0
599270400,3451797504,4051067904,4051067904,4650338304,7502865408,1
749281129,3800106025,4427704681,4549387154,5176985810,8227810706,0
84272400,485409024,569681424,569681424,653953824,1055090448,1
129299641,586753729,679071481,716053370,808371122,1265825210,0
149817600,862949376,1012766976,1012766976,1162584576,1875716352,1
493772841,1548973449,1747658025,2042746290,2241430866,3296631474,0
4161600,4844401,9006001,9006001,13167601,13850402,1
34786404,36711481,47045881,71497885,81832285,83757362,0
1202702400,1400031889,2602734289,2602734289,3805436689,4002766178,1
1484406784,1702800225,3010168225,3187207009,4494575009,4712968450,0
599270400,697593744,1296864144,1296864144,1896134544,1994457888,1
1171076841,1307039409,2093337009,2478116250,3264413850,3400376418,0
936360000,1089990225,2026350225,2026350225,2962710225,3116340450,1
1419330276,1607127921,2713263921,3026458197,4132594197,4320391842,0
416160000,484440100,900600100,900600100,1316760100,1385040200,1
519338521,595311201,1049695201,1114649722,1569033722,1645006402,0
1348358400,1569585924,2917944324,2917944324,4266302724,4487530248,1
1833466761,2090044089,3614053689,3923510850,5447520450,5704097778,0
503553600,586172521,1089726121,1089726121,1593279721,1675898642,1
762422544,863360689,1457941489,1625783233,2220364033,2321302178,0
12313081,15681600,27994681,27994681,40307762,43676281,1
134838544,145515969,179399236,280354513,314237780,324915205,0
197009296,250905600,447914896,447914896,644924192,698820496,1
468289600,549621136,827597824,1017910736,1295887424,1377218960,0
307827025,392040000,699867025,699867025,1007694050,1091907025,1
638269696,757295361,1167862276,1395565057,1806131972,1925157637,0
49252324,62726400,111978724,111978724,161231048,174705124,1
67765824,83429956,139145616,151195780,206911440,222575572,0
443270916,564537600,1007808516,1007808516,1451079432,1572346116,1
747694336,903002500,1446737296,1650696836,2194431632,2349739796,0
110817729,141134400,251952129,251952129,362769858,393086529,1
135792409,169156036,288966001,304948445,424758410,458122037,0
603340969,768398400,1371739369,1371739369,1975080338,2140137769,1
1068897636,1285294201,2040148224,2354191837,3109045860,3325442425,0
1010025,44836416,45846441,45846441,46856466,90682857,1
80982001,215796100,218005225,296778101,298987226,433801325,0
64641600,2869530624,2934172224,2934172224,2998813824,5803702848,1
267355201,3829010641,3903625441,4096365842,4170980642,7732636082,0
25250625,1120910400,1146161025,1146161025,1171411650,2267071425,1
215590489,1860887044,1893381169,2076477533,2108971658,3754268213,0
36360900,1614110976,1650471876,1650471876,1686832776,3264582852,1
159542161,2188087729,2230389529,2347629890,2389931690,4418477258,0
16160400,717382656,733543056,733543056,749703456,1450925712,1
73479184,981944896,1000836496,1055424080,1074315680,1982781392,0
9090225,403527744,412617969,412617969,421708194,816145713,1
61402896,620458281,631717956,681861177,693120852,1252176237,0
49491225,2196984384,2246475609,2246475609,2295966834,4443459993,1
249608401,3095364496,3154057921,3344972897,3403666322,6249422417,0
30276,53824,84100,84100,114376,137924,1
5303809,5574321,5851561,10878130,11155370,11425882,0
8749764,15555136,24304900,24304900,33054664,39860036,1
9193024,16144324,25040016,25337348,34233040,41184340,0
4359744,7750656,12110400,12110400,16470144,19861056,1
89510521,103164649,117787609,192675170,207298130,220952258,0
7750656,13778944,21529600,21529600,29280256,35308544,1
157577809,181737361,207619281,339315170,365197090,389356642,0
9809424,17438976,27248400,27248400,37057824,44687376,1
132204004,157301764,184579396,289505768,316783400,341881160,0
5116644,9096256,14212900,14212900,19329544,23309156,1
19731364,26998416,35402500,46729780,55133864,62400916,0
3663396,6512704,10176100,10176100,13839496,16688804,1
85969984,98208100,111260304,184178084,197230288,209468404,0
17640000,29214025,46854025,46854025,64494025,76068050,1
41049649,57942544,81938704,98992193,122988353,139881248,0
282240000,467424400,749664400,749664400,1031904400,1217088800,1
577729296,832668736,1198267456,1410398032,1775996752,2030936192,0
864360000,1431487225,2295847225,2295847225,3160207225,3727334450,1
1495523584,2219069449,3270352969,3714593033,4765876553,5489422418,0
1128960000,1869697600,2998657600,2998657600,4127617600,4868355200,1
1557644089,2411497449,3675633129,3969141538,5233277218,6087130578,0
158760000,262926225,421686225,421686225,580446225,684612450,1
316128400,457746025,661261225,773874425,977389625,1119007250,0
70560000,116856100,187416100,187416100,257976100,304272200,1
116057529,173791489,258019969,289849018,374077498,431811458,0
441000000,730350625,1171350625,1171350625,1612350625,1901701250,1
668274201,1016079376,1526933776,1684353577,2195207977,2543013152,0
2289169,14561856,16851025,16851025,19140194,31412881,1
131148304,189200025,197233936,320348329,328382240,386433961,0
586027264,3727835136,4313862400,4313862400,4899889664,8041697536,1
753941764,4135261636,4751344900,4889203400,5505286664,8886606536,0
386869561,2460953664,2847823225,2847823225,3234692786,5308776889,1
394101904,2479143681,2867388304,2873245585,3261490208,5346531985,0
329640336,2096907264,2426547600,2426547600,2756187936,4523454864,1
501939216,2504001600,2863106064,3005940816,3365045280,5367107664,0
741690756,4718041344,5459732100,5459732100,6201422856,10177773444,1
1071645696,5504156100,6303089664,6575801796,7374735360,11807245764,0
515063025,3276417600,3791480625,3791480625,4306543650,7067898225,1
621255625,3536680900,4071078025,4157936525,4692333650,7607758925,0
276989449,1761984576,2038974025,2038974025,2315963474,3800958601,1
648364369,2580233616,2913300625,3228597985,3561664994,5493534241,0
67568400,74494161,142062561,142062561,209630961,216556722,1
306355009,320911396,449524804,627266405,755879813,770436200,0
270273600,297976644,568250244,568250244,838523844,866226888,1
316306225,346220449,634183489,662526674,950489714,980403938,0
1689210000,1862354025,3551564025,3551564025,5240774025,5413918050,1
2548937169,2760661764,4758516324,5309598933,7307453493,7519178088,0
608115600,670447449,1278563049,1278563049,1886678649,1949010498,1
1043096209,1124260900,1883039236,2167357109,2926135445,3007300136,0
2432462400,2681789796,5114252196,5114252196,7546714596,7796041992,1
2650705225,2910710401,5428595041,5561415626,8079300266,8339305442,0
1081094400,1191906576,2273000976,2273000976,3354095376,3464907552,1
1525058704,1656164416,2899607104,3181223120,4424665808,4555771520,0
3310851600,3650213889,6961065489,6961065489,10271917089,10611279378,1
3490446400,3838669849,7220410729,7329116249,10710857129,11059080578,0
