side1,side2,side3,side1+side2,side1+side3,side2+side3,validity
77148,10611,98501,87759,175649,109112,0
77170,3595,14889,80765,92059,18484,0
87228,25781,70660,113009,157888,96441,1
21806,88749,66958,110555,88764,155707,1
78361,24258,50487,102619,128848,74745,0
2536,67355,72138,69891,74674,139493,0
42517,76433,75080,118950,117597,151513,1
9846,24465,56422,34311,66268,80887,0
65422,764,49822,66186,115244,50586,0
18220,58286,2715,76506,20935,61001,0
74857,50483,45638,125340,120495,96121,1
57148,24929,78872,82077,136020,103801,1
51875,10285,23248,62160,75123,33533,0
89289,76074,50698,165363,139987,126772,1
46837,32564,62936,79401,109773,95500,1
1800,3538,91817,5338,93617,95355,0
36742,91364,83219,128106,119961,174583,1
78871,35914,99226,114785,178097,135140,1
96941,72964,52811,169905,149752,125775,1
42793,26338,44489,69131,87282,70827,1
6030,85994,48338,92024,54368,134332,0
91009,98557,3740,189566,94749,102297,0
5824,58728,49869,64552,55693,108597,0
42310,69807,45654,112117,87964,115461,1
37500,28656,85871,66156,123371,114527,0
48658,59527,57471,108185,106129,116998,1
329,12611,86175,12940,86504,98786,0
7931,88102,11895,96033,19826,99997,0
12383,1742,70382,14125,82765,72124,0
57153,7629,65102,64782,122255,72731,0
880,48076,85545,48956,86425,133621,0
97318,35562,84227,132880,181545,119789,1
41128,33535,25968,74663,67096,59503,1
16211,66841,9081,83052,25292,75922,0
85320,58353,37315,143673,122635,95668,1
86247,31123,22689,117370,108936,53812,0
83575,97179,4363,180754,87938,101542,0
78079,47351,71177,125430,149256,118528,1
29440,87781,98934,117221,128374,186715,1
55788,68145,30830,123933,86618,98975,1
31699,59250,60094,90949,91793,119344,1
93218,20669,55410,113887,148628,76079,0
56884,73054,7233,129938,64117,80287,0
74356,43625,58730,117981,133086,102355,1
98472,85613,67531,184085,166003,153144,1
75255,19098,87117,94353,162372,106215,1
68079,23077,52885,91156,120964,75962,1
63193,65856,59673,129049,122866,125529,1
30049,38140,83215,68189,113264,121355,0
90186,89591,58811,179777,148997,148402,1
20102,45417,8222,65519,28324,53639,0
65916,89803,11124,155719,77040,100927,0
26418,10913,31561,37331,57979,42474,1
12521,75769,166,88290,12687,75935,0
1762,95033,98430,96795,100192,193463,0
30066,56849,62255,86915,92321,119104,1
14777,15519,69057,30296,83834,84576,0
52605,58176,56354,110781,108959,114530,1
63817,68837,5283,132654,69100,74120,1
27055,18292,2122,45347,29177,20414,0
36289,12272,41780,48561,78069,54052,1
14553,56761,2637,71314,17190,59398,0
18050,44573,97392,62623,115442,141965,0
38781,25639,96454,64420,135235,122093,0
90413,18175,44231,108588,134644,62406,0
94184,80421,2544,174605,96728,82965,0
69887,23548,34222,93435,104109,57770,0
39616,75749,71715,115365,111331,147464,1
55306,7094,75277,62400,130583,82371,0
59666,64433,43466,124099,103132,107899,1
18754,44787,73078,63541,91832,117865,0
45187,40760,35906,85947,81093,76666,1
76560,28314,11577,104874,88137,39891,0
95703,10553,40900,106256,136603,51453,0
70042,29550,16914,99592,86956,46464,0
63643,61569,54168,125212,117811,115737,1
39935,64012,14580,103947,54515,78592,0
17021,91041,66364,108062,83385,157405,0
86819,81603,20107,168422,106926,101710,1
49723,56590,1125,106313,50848,57715,0
11271,6889,43330,18160,54601,50219,0
39922,58021,63459,97943,103381,121480,1
70754,6893,32311,77647,103065,39204,0
90680,94511,75067,185191,165747,169578,1
14173,46966,27502,61139,41675,74468,0
50458,91029,17547,141487,68005,108576,0
69523,24040,84404,93563,153927,108444,1
21593,6362,96186,27955,117779,102548,0
26779,3706,52485,30485,79264,56191,0
14810,2012,34719,16822,49529,36731,0
75971,45897,5690,121868,81661,51587,0
75866,98907,51034,174773,126900,149941,1
69392,75487,60980,144879,130372,136467,1
8374,56569,45778,64943,54152,102347,0
40204,48758,29544,88962,69748,78302,1
53756,1399,42742,55155,96498,44141,0
82279,33353,58753,115632,141032,92106,1
82295,87286,64825,169581,147120,152111,1
78855,83241,80853,162096,159708,164094,1
34494,83313,35033,117807,69527,118346,0
22922,22063,20244,44985,43166,42307,1
77124,14143,14101,91267,91225,28244,0
15803,52423,69951,68226,85754,122374,0
38416,52367,88470,90783,126886,140837,1
81083,57612,2915,138695,83998,60527,0
57664,44997,69105,102661,126769,114102,1
45919,16894,10455,62813,56374,27349,0
14160,92570,5342,106730,19502,97912,0
21087,13625,84075,34712,105162,97700,0
27293,61549,37035,88842,64328,98584,1
2125,74886,26891,77011,29016,101777,0
41274,26852,47069,68126,88343,73921,1
81253,16591,49767,97844,131020,66358,0
24113,79634,64891,103747,89004,144525,1
29796,70843,98486,100639,128282,169329,1
86911,58602,53122,145513,140033,111724,1
12181,64493,84789,76674,96970,149282,0
22602,20832,545,43434,23147,21377,0
88499,26012,64060,114511,152559,90072,1
15981,97456,77924,113437,93905,175380,0
45038,52858,8916,97896,53954,61774,1
94611,10763,11669,105374,106280,22432,0
6113,60719,86621,66832,92734,147340,0
39390,11727,17903,51117,57293,29630,0
65372,43025,81337,108397,146709,124362,1
87183,71503,82214,158686,169397,153717,1
53643,43249,65206,96892,118849,108455,1
12498,24825,55389,37323,67887,80214,0
89384,86952,86167,176336,175551,173119,1
92335,46300,79315,138635,171650,125615,1
6001,11259,41134,17260,47135,52393,0
55722,29333,62475,85055,118197,91808,1
34017,95910,93794,129927,127811,189704,1
10428,91990,86120,102418,96548,178110,1
26843,57946,4065,84789,30908,62011,0
85127,9816,94836,94943,179963,104652,1
98175,12862,27056,111037,125231,39918,0
96065,64272,85881,160337,181946,150153,1
80798,48317,96957,129115,177755,145274,1
66923,49944,41055,116867,107978,90999,1
88712,8937,6865,97649,95577,15802,0
88620,86159,13237,174779,101857,99396,1
80324,38050,71587,118374,151911,109637,1
45596,43556,52210,89152,97806,95766,1
89283,65430,50075,154713,139358,115505,1
69477,57409,67092,126886,136569,124501,1
58588,38515,62550,97103,121138,101065,1
28246,44939,68038,73185,96284,112977,1
66153,21269,4003,87422,70156,25272,0
61804,36540,76438,98344,138242,112978,1
72368,87611,87571,159979,159939,175182,1
3661,81830,40440,85491,44101,122270,0
16520,27311,77334,43831,93854,104645,0
54010,21451,68031,75461,122041,89482,1
33562,75297,17547,108859,51109,92844,0
3183,25655,12216,28838,15399,37871,0
26632,11226,59308,37858,85940,70534,0
99352,84883,22541,184235,121893,107424,1
90566,38931,50690,129497,141256,89621,0
31969,71288,38765,103257,70734,110053,0
49868,99790,12349,149658,62217,112139,0
39933,89156,35464,129089,75397,124620,0
16662,67384,78377,84046,95039,145761,1
57038,60450,28863,117488,85901,89313,1
24458,84098,3014,108556,27472,87112,0
11566,48274,40527,59840,52093,88801,1
40683,85515,27031,126198,67714,112546,0
88596,72766,20164,161362,108760,92930,1
63121,3743,2517,66864,65638,6260,0
39079,60544,97475,99623,136554,158019,1
30436,16695,77800,47131,108236,94495,0
25013,30178,94889,55191,119902,125067,0
35170,44217,5327,79387,40497,49544,0
82394,45627,61717,128021,144111,107344,1
95612,40750,43898,136362,139510,84648,0
74647,36535,51211,111182,125858,87746,1
61238,89615,31375,150853,92613,120990,1
52778,88290,84449,141068,137227,172739,1
53527,73294,48343,126821,101870,121637,1
57773,48603,17625,106376,75398,66228,1
65549,3339,13836,68888,79385,17175,0
70799,39939,83531,110738,154330,123470,1
19897,26102,75457,45999,95354,101559,0
92355,21524,88440,113879,180795,109964,1
10755,54137,44452,64892,55207,98589,1
33927,16760,81841,50687,115768,98601,0
76839,89702,68612,166541,145451,158314,1
85734,36308,49329,122042,135063,85637,0
83201,99918,1726,183119,84927,101644,0
34279,24482,56531,58761,90810,81013,1
78695,33536,28329,112231,107024,61865,0
90385,16848,97267,107233,187652,114115,1
9346,68471,72060,77817,81406,140531,1
19515,30194,7086,49709,26601,37280,0
31198,17526,74115,48724,105313,91641,0
36358,96074,28371,132432,64729,124445,0
24300,70307,64300,94607,88600,134607,1
72490,73367,52139,145857,124629,125506,1
10395,46144,27622,56539,38017,73766,0
36191,33650,37954,69841,74145,71604,1
82982,36753,5613,119735,88595,42366,0
66942,2869,21095,69811,88037,23964,0
78166,84944,5226,163110,83392,90170,0
21730,14087,82174,35817,103904,96261,0
31314,10841,92498,42155,123812,103339,0
47029,76981,89278,124010,136307,166259,1
79172,42960,75776,122132,154948,118736,1
19921,82872,13517,102793,33438,96389,0
11529,21091,74652,32620,86181,95743,0
95335,44342,64969,139677,160304,109311,1
9078,43834,64714,52912,73792,108548,0
94194,80000,16536,174194,110730,96536,1
65252,52104,77800,117356,143052,129904,1
22064,9477,62318,31541,84382,71795,0
90567,23318,57214,113885,147781,80532,0
14414,42535,64834,56949,79248,107369,0
41303,70258,14125,111561,55428,84383,0
88670,80407,70977,169077,159647,151384,1
82665,77736,23989,160401,106654,101725,1
32620,51613,97590,84233,130210,149203,0
81579,93005,77489,174584,159068,170494,1
25148,67687,51126,92835,76274,118813,1
96225,88476,17137,184701,113362,105613,1
80334,14923,89873,95257,170207,104796,1
92927,56296,72334,149223,165261,128630,1
80059,49451,33999,129510,114058,83450,1
14846,79900,68335,94746,83181,148235,1
2662,81820,53760,84482,56422,135580,0
82149,66717,75760,148866,157909,142477,1
25402,67712,20458,93114,45860,88170,0
10514,68194,74508,78708,85022,142702,1
18800,62262,46764,81062,65564,109026,1
89975,39716,23570,129691,113545,63286,0
84449,14436,32068,98885,116517,46504,0
56760,82492,98635,139252,155395,181127,1
50784,26784,43739,77568,94523,70523,1
76795,35023,72812,111818,149607,107835,1
54607,72423,60335,127030,114942,132758,1
39000,34450,58971,73450,97971,93421,1
96776,24267,66975,121043,163751,91242,0
21263,9909,87072,31172,108335,96981,0
76334,55208,36479,131542,112813,91687,1
60809,53320,36340,114129,97149,89660,1
38838,60461,65409,99299,104247,125870,1
79225,37891,91425,117116,170650,129316,1
87452,6875,3619,94327,91071,10494,0
71981,47906,80167,119887,152148,128073,1
93599,16752,64954,110351,158553,81706,0
83530,84869,51049,168399,134579,135918,1
42628,69187,44340,111815,86968,113527,1
9665,11332,17382,20997,27047,28714,1
17137,40426,20047,57563,37184,60473,0
58201,81654,43430,139855,101631,125084,1
19811,63034,80292,82845,100103,143326,1
46706,93512,31487,140218,78193,124999,0
26813,92377,52881,119190,79694,145258,0
48585,50088,38504,98673,87089,88592,1
53087,23315,49280,76402,102367,72595,1
19167,19314,9580,38481,28747,28894,1
14993,22858,96197,37851,111190,119055,0
48335,46289,83953,94624,132288,130242,1
46046,29471,27864,75517,73910,57335,1
62684,95646,23678,158330,86362,119324,0
35611,61474,77876,97085,113487,139350,1
35139,21652,93685,56791,128824,115337,0
11328,78766,51675,90094,63003,130441,0
18528,47231,28906,65759,47434,76137,1
6236,65069,27670,71305,33906,92739,0
9483,30580,80206,40063,89689,110786,0
17551,38415,57698,55966,75249,96113,0
33212,80876,6570,114088,39782,87446,0
20574,79046,20911,99620,41485,99957,0
91952,94260,39110,186212,131062,133370,1
47783,84315,73049,132098,120832,157364,1
474,55054,38918,55528,39392,93972,0
78300,5347,83723,83647,162023,89070,0
61736,92420,66639,154156,128375,159059,1
77875,25798,61875,103673,139750,87673,1
2816,93990,53423,96806,56239,147413,0
18553,41429,60296,59982,78849,101725,0
60944,95389,90064,156333,151008,185453,1
79691,27343,2993,107034,82684,30336,0
25967,1609,62977,27576,88944,64586,0
58901,97804,88336,156705,147237,186140,1
46277,18303,1076,64580,47353,19379,0
34462,83914,49051,118376,83513,132965,0
38701,88453,308,127154,39009,88761,0
79883,51282,41451,131165,121334,92733,1
66824,10634,46686,77458,113510,57320,0
36149,60571,59513,96720,95662,120084,1
35929,94570,26014,130499,61943,120584,0
80527,6531,85933,87058,166460,92464,1
38553,35913,23599,74466,62152,59512,1
10847,82277,31030,93124,41877,113307,0
9845,43686,88435,53531,98280,132121,0
98963,85895,59555,184858,158518,145450,1
83210,62812,16778,146022,99988,79590,0
3290,38370,97801,41660,101091,136171,0
4018,39386,88442,43404,92460,127828,0
55239,21356,80602,76595,135841,101958,0
48207,16884,61672,65091,109879,78556,1
93466,62490,91119,155956,184585,153609,1
82436,62993,59395,145429,141831,122388,1
67254,23260,37048,90514,104302,60308,0
57295,12283,63160,69578,120455,75443,1
11929,76443,31976,88372,43905,108419,0
4443,33341,31004,37784,35447,64345,1
1007,52065,70607,53072,71614,122672,0
58492,69533,87571,128025,146063,157104,1
13685,43018,53534,56703,67219,96552,1
34326,75822,72598,110148,106924,148420,1
17195,58342,79293,75537,96488,137635,0
40926,14800,13184,55726,54110,27984,0
35081,18628,52525,53709,87606,71153,1
45911,97979,69716,143890,115627,167695,1
80538,15827,62650,96365,143188,78477,0
85239,38397,49718,123636,134957,88115,1
88862,11105,55766,99967,144628,66871,0
27491,1106,6840,28597,34331,7946,0
24098,2710,53743,26808,77841,56453,0
63401,96521,66319,159922,129720,162840,1
6917,74959,58246,81876,65163,133205,0
27528,87575,18440,115103,45968,106015,0
47361,83478,75627,130839,122988,159105,1
83457,23576,29264,107033,112721,52840,0
60106,38526,11678,98632,71784,50204,0
78447,92048,12739,170495,91186,104787,0
79663,81880,48348,161543,128011,130228,1
82832,21392,76942,104224,159774,98334,1
40502,22727,7858,63229,48360,30585,0
84061,95953,93659,180014,177720,189612,1
73205,65337,64553,138542,137758,129890,1
60813,74630,60341,135443,121154,134971,1
10011,25239,44000,35250,54011,69239,0
22853,95131,35053,117984,57906,130184,0
13752,9716,74276,23468,88028,83992,0
17592,22045,15101,39637,32693,37146,1
24273,46864,14510,71137,38783,61374,0
48021,69564,1278,117585,49299,70842,0
27874,5510,64270,33384,92144,69780,0
67104,68253,66003,135357,133107,134256,1
28758,83824,47764,112582,76522,131588,0
82672,594,57678,83266,140350,58272,0
85996,69989,44538,155985,130534,114527,1
89307,57059,66553,146366,155860,123612,1
70348,57674,441,128022,70789,58115,0
32775,22575,79507,55350,112282,102082,0
44405,7977,36226,52382,80631,44203,0
36442,21452,91598,57894,128040,113050,0
97021,62230,27447,159251,124468,89677,0
29171,85130,37603,114301,66774,122733,0
604,5056,11534,5660,12138,16590,0
95392,27493,43100,122885,138492,70593,0
73921,38247,27682,112168,101603,65929,0
46813,46534,88212,93347,135025,134746,1
95176,50987,46179,146163,141355,97166,1
96823,63646,35626,160469,132449,99272,1
61475,16695,2298,78170,63773,18993,0
41322,27361,32816,68683,74138,60177,1
19738,16813,86932,36551,106670,103745,0
23663,34889,6356,58552,30019,41245,0
23516,13550,43621,37066,67137,57171,0
88477,28529,85087,117006,173564,113616,1
93034,91016,60244,184050,153278,151260,1
63795,40570,39117,104365,102912,79687,1
1409,73162,52289,74571,53698,125451,0
39050,25049,53254,64099,92304,78303,1
62096,44786,69350,106882,131446,114136,1
54483,25860,79319,80343,133802,105179,1
1045,89363,19381,90408,20426,108744,0
38637,85706,25248,124343,63885,110954,0
11354,68261,58512,79615,69866,126773,1
15246,25099,33579,40345,48825,58678,1
62421,11382,29020,73803,91441,40402,0
14768,81883,35239,96651,50007,117122,0
79404,25281,68378,104685,147782,93659,1
97196,3551,21056,100747,118252,24607,0
47847,48810,81623,96657,129470,130433,1
95045,51754,62261,146799,157306,114015,1
42345,33680,69775,76025,112120,103455,1
41514,79616,5184,121130,46698,84800,0
72615,62432,85527,135047,158142,147959,1
44963,51283,61126,96246,106089,112409,1
30404,24395,21200,54799,51604,45595,1
22477,1081,10215,23558,32692,11296,0
75761,49293,26551,125054,102312,75844,1
70544,98928,14311,169472,84855,113239,0
95119,51160,850,146279,95969,52010,0
4953,66640,79766,71593,84719,146406,0
78993,52869,75841,131862,154834,128710,1
3138,12650,35376,15788,38514,48026,0
60532,69470,71108,130002,131640,140578,1
56966,56781,34735,113747,91701,91516,1
30558,65264,65285,95822,95843,130549,1
84234,73607,54442,157841,138676,128049,1
15495,20735,49714,36230,65209,70449,0
30529,42261,49085,72790,79614,91346,1
41681,70733,90994,112414,132675,161727,1
94439,52731,40920,147170,135359,93651,0
1231,61748,11724,62979,12955,73472,0
7278,10193,76584,17471,83862,86777,0
12221,85764,34479,97985,46700,120243,0
32667,96450,21871,129117,54538,118321,0
76436,35868,90388,112304,166824,126256,1
21291,14386,89483,35677,110774,103869,0
11568,71489,69753,83057,81321,141242,1
83788,64919,1095,148707,84883,66014,0
20454,39627,82171,60081,102625,121798,0
14865,43037,22201,57902,37066,65238,0
80818,6598,5985,87416,86803,12583,0
99795,11633,99275,111428,199070,110908,1
21312,14108,36694,35420,58006,50802,0
77066,17797,87275,94863,164341,105072,1
37939,28758,14317,66697,52256,43075,1
99523,14891,32233,114414,131756,47124,0
17317,2527,6756,19844,24073,9283,0
42510,71334,60061,113844,102571,131395,1
88254,30398,39141,118652,127395,69539,0
98840,6795,94657,105635,193497,101452,1
70130,36002,51327,106132,121457,87329,1
48498,83573,51554,132071,100052,135127,1
75147,80416,54784,155563,129931,135200,1
50543,72739,75304,123282,125847,148043,1
49117,22404,62380,71521,111497,84784,1
26431,3717,46143,30148,72574,49860,0
5352,22014,58507,27366,63859,80521,0
38195,18711,75123,56906,113318,93834,0
78867,61186,19095,140053,97962,80281,1
46857,22827,42937,69684,89794,65764,1
38862,11508,74735,50370,113597,86243,0
88116,7904,77364,96020,165480,85268,0
71864,45453,24471,117317,96335,69924,0
92055,50951,63101,143006,155156,114052,1
70877,71481,32153,142358,103030,103634,1
17059,60511,7326,77570,24385,67837,0
22200,97315,82524,119515,104724,179839,1
68054,2277,79355,70331,147409,81632,0
11079,8941,57593,20020,68672,66534,0
11018,16425,76524,27443,87542,92949,0
57834,45679,92794,103513,150628,138473,1
58453,68540,81083,126993,139536,149623,1
16579,50461,45094,67040,61673,95555,1
16495,68341,87104,84836,103599,155445,0
87900,64220,51308,152120,139208,115528,1
10559,46433,86270,56992,96829,132703,0
69705,42073,81879,111778,151584,123952,1
53718,76883,54783,130601,108501,131666,1
99045,96920,23216,195965,122261,120136,1
81370,57148,2294,138518,83664,59442,0
65660,85476,56270,151136,121930,141746,1
79719,99992,78975,179711,158694,178967,1
25822,36414,49785,62236,75607,86199,1
8753,97903,86792,106656,95545,184695,0
73691,42306,26599,115997,100290,68905,0
88,68507,57285,68595,57373,125792,0
5226,7862,15397,13088,20623,23259,0
83534,11035,15924,94569,99458,26959,0
22161,88997,6401,111158,28562,95398,0
50653,56135,37216,106788,87869,93351,1
33128,5617,68713,38745,101841,74330,0
78646,65608,78781,144254,157427,144389,1
85807,48157,58423,133964,144230,106580,1
94652,81114,43397,175766,138049,124511,1
42310,96398,96250,138708,138560,192648,1
91772,76428,39347,168200,131119,115775,1
91920,20310,80823,112230,172743,101133,1
80459,27769,88936,108228,169395,116705,1
86512,90898,87287,177410,173799,178185,1
99855,76964,78330,176819,178185,155294,1
65068,2375,49561,67443,114629,51936,0
21097,79643,15178,100740,36275,94821,0
40407,14247,97091,54654,137498,111338,0
8760,62484,37506,71244,46266,99990,0
59748,58683,84652,118431,144400,143335,1
23859,48040,12071,71899,35930,60111,0
74270,81757,89614,156027,163884,171371,1
69752,81641,9010,151393,78762,90651,0
15707,21674,27939,37381,43646,49613,1
73456,64367,79287,137823,152743,143654,1
21657,79933,12611,101590,34268,92544,0
87442,64456,18577,151898,106019,83033,0
31106,79294,64294,110400,95400,143588,1
6353,3059,62744,9412,69097,65803,0
93017,69256,45656,162273,138673,114912,1
77878,45073,27334,122951,105212,72407,0
87464,51686,3694,139150,91158,55380,0
55336,66665,69549,122001,124885,136214,1
6753,9409,10712,16162,17465,20121,1
51415,57396,86283,108811,137698,143679,1
33033,28492,77945,61525,110978,106437,0
36818,71498,15162,108316,51980,86660,0
91833,728,43080,92561,134913,43808,0
58410,48521,4677,106931,63087,53198,0
72613,79705,68823,152318,141436,148528,1
89813,18631,56500,108444,146313,75131,0
31740,2176,93002,33916,124742,95178,0
72333,72923,65963,145256,138296,138886,1
84257,86992,85956,171249,170213,172948,1
30240,32789,15984,63029,46224,48773,1
88024,47469,32657,135493,120681,80126,0
61546,64212,76813,125758,138359,141025,1
71632,92281,38038,163913,109670,130319,1
99141,36871,32444,136012,131585,69315,0
10311,94856,39146,105167,49457,134002,0
99619,13083,59856,112702,159475,72939,0
12729,26109,64321,38838,77050,90430,0
98874,61377,96855,160251,195729,158232,1
36402,2138,10393,38540,46795,12531,0
94342,80079,57293,174421,151635,137372,1
98888,15039,30929,113927,129817,45968,0
24596,27527,60661,52123,85257,88188,0
50241,21729,31598,71970,81839,53327,1
37045,400,60373,37445,97418,60773,0
73716,19936,44089,93652,117805,64025,0
45449,66179,19403,111628,64852,85582,0
22160,65832,32013,87992,54173,97845,0
68699,7100,32674,75799,101373,39774,0
42565,20675,73882,63240,116447,94557,0
51498,75348,28641,126846,80139,103989,1
85570,55690,73323,141260,158893,129013,1
91926,40171,62003,132097,153929,102174,1
75062,73108,78076,148170,153138,151184,1
5700,17449,49046,23149,54746,66495,0
82504,94996,43773,177500,126277,138769,1
21728,24390,31720,46118,53448,56110,1
55974,20095,57839,76069,113813,77934,1
29814,94716,41561,124530,71375,136277,0
85236,89561,63304,174797,148540,152865,1
10935,54642,2425,65577,13360,57067,0
86158,20533,82889,106691,169047,103422,1
45561,50052,64004,95613,109565,114056,1
83245,90597,46705,173842,129950,137302,1
53704,90708,70028,144412,123732,160736,1
93891,56216,10929,150107,104820,67145,0
49132,43517,58343,92649,107475,101860,1
85721,41468,42185,127189,127906,83653,0
64841,21932,77230,86773,142071,99162,1
87024,4970,34401,91994,121425,39371,0
61923,95413,3863,157336,65786,99276,0
9734,66393,45183,76127,54917,111576,0
26617,31595,48952,58212,75569,80547,1
64817,70702,16313,135519,81130,87015,1
12948,94314,98667,107262,111615,192981,1
8651,25592,12131,34243,20782,37723,0
23880,85963,8711,109843,32591,94674,0
35341,38974,75756,74315,111097,114730,0
19754,84635,87349,104389,107103,171984,1
62628,30764,30878,93392,93506,61642,0
3804,48406,79041,52210,82845,127447,0
40661,18918,44835,59579,85496,63753,1
84630,92101,10442,176731,95072,102543,1
90952,93362,62779,184314,153731,156141,1
21659,72032,59131,93691,80790,131163,1
70492,73091,68979,143583,139471,142070,1
34710,8118,57247,42828,91957,65365,0
45171,11229,75432,56400,120603,86661,0
85480,78870,86788,164350,172268,165658,1
71460,67571,51978,139031,123438,119549,1
77232,65393,67219,142625,144451,132612,1
82901,9048,21548,91949,104449,30596,0
93671,49444,30301,143115,123972,79745,0
6499,95564,37283,102063,43782,132847,0
40132,75180,20298,115312,60430,95478,0
21681,85382,67480,107063,89161,152862,1
28668,12365,52083,41033,80751,64448,0
70535,53926,42062,124461,112597,95988,1
63603,66663,74200,130266,137803,140863,1
45083,60310,80796,105393,125879,141106,1
72584,57658,21561,130242,94145,79219,1
67535,86035,34091,153570,101626,120126,1
6971,73713,21009,80684,27980,94722,0
36385,60872,81862,97257,118247,142734,1
85456,84247,52358,169703,137814,136605,1
78191,94430,73677,172621,151868,168107,1
82893,20494,25100,103387,107993,45594,0
45734,71767,82424,117501,128158,154191,1
98437,23514,19317,121951,117754,42831,0
48395,64903,21101,113298,69496,86004,1
70262,19019,36177,89281,106439,55196,0
14222,22154,60752,36376,74974,82906,0
99654,56863,92368,156517,192022,149231,1
25759,49455,37234,75214,62993,86689,1
63062,27901,41699,90963,104761,69600,1
41615,41430,88940,83045,130555,130370,0
18261,47293,13378,65554,31639,60671,0
93486,11005,70862,104491,164348,81867,0
47174,25409,47574,72583,94748,72983,1
27928,27654,11616,55582,39544,39270,1
94726,51245,15867,145971,110593,67112,0
93702,90972,12859,184674,106561,103831,1
54184,94288,87260,148472,141444,181548,1
68087,92295,32678,160382,100765,124973,1
79533,20320,56140,99853,135673,76460,0
96595,94466,84151,191061,180746,178617,1
64656,12018,35565,76674,100221,47583,0
57429,81876,7626,139305,65055,89502,0
74665,90955,13054,165620,87719,104009,0
81400,84004,51063,165404,132463,135067,1
65763,30852,99211,96615,164974,130063,0
4979,23388,4331,28367,9310,27719,0
42065,91151,42118,133216,84183,133269,0
51470,1512,53419,52982,104889,54931,0
53995,86968,64337,140963,118332,151305,1
64706,84361,86755,149067,151461,171116,1
72214,35535,22334,107749,94548,57869,0
97236,37636,4209,134872,101445,41845,0
74177,74453,23708,148630,97885,98161,1
3972,63201,12243,67173,16215,75444,0
89877,49397,51930,139274,141807,101327,1
6982,12246,48187,19228,55169,60433,0
76267,40394,17783,116661,94050,58177,0
63013,86014,35002,149027,98015,121016,1
2263,82276,15252,84539,17515,97528,0
24514,62752,6574,87266,31088,69326,0
94771,63606,48643,158377,143414,112249,1
19275,54624,23664,73899,42939,78288,0
29356,32230,89058,61586,118414,121288,0
27523,61798,67972,89321,95495,129770,1
94577,39049,19883,133626,114460,58932,0
44101,83228,31117,127329,75218,114345,0
20611,9429,64115,30040,84726,73544,0
51942,47398,47569,99340,99511,94967,1
78080,29360,49743,107440,127823,79103,1
50417,54233,23329,104650,73746,77562,1
3187,67685,35376,70872,38563,103061,0
16386,84370,22464,100756,38850,106834,0
34727,53460,19723,88187,54450,73183,1
34769,52708,16925,87477,51694,69633,0
19102,19283,8946,38385,28048,28229,1
38165,7108,37248,45273,75413,44356,1
65574,38502,69702,104076,135276,108204,1
31099,99557,19433,130656,50532,118990,0
23547,50561,61339,74108,84886,111900,1
69840,38377,67909,108217,137749,106286,1
2659,11237,3958,13896,6617,15195,0
98165,28574,83172,126739,181337,111746,1
21816,90169,76322,111985,98138,166491,1
27166,50552,89262,77718,116428,139814,0
16553,77883,70352,94436,86905,148235,1
6086,79401,39709,85487,45795,119110,0
1738,93734,4764,95472,6502,98498,0
69822,13506,75579,83328,145401,89085,1
42958,19059,45830,62017,88788,64889,1
19131,85477,92897,104608,112028,178374,1
2150,6974,49826,9124,51976,56800,0
62333,22007,28530,84340,90863,50537,0
28047,98910,60021,126957,88068,158931,0
98779,89626,88002,188405,186781,177628,1
10019,26109,9361,36128,19380,35470,0
7953,64169,97085,72122,105038,161254,0
37244,26216,51976,63460,89220,78192,1
2102,82739,75030,84841,77132,157769,0
49549,14949,55780,64498,105329,70729,1
75009,21288,79793,96297,154802,101081,1
74901,72356,67110,147257,142011,139466,1
52590,48643,43989,101233,96579,92632,1
20702,96635,16691,117337,37393,113326,0
37157,24333,72254,61490,109411,96587,0
97139,61256,93180,158395,190319,154436,1
6222,17149,78489,23371,84711,95638,0
62290,22423,74039,84713,136329,96462,1
92988,20478,72942,113466,165930,93420,1
51556,5260,20362,56816,71918,25622,0
11374,44,16238,11418,27612,16282,0
94683,53522,38509,148205,133192,92031,0
19322,4419,50752,23741,70074,55171,0
297,80897,75159,81194,75456,156056,0
62239,46227,61132,108466,123371,107359,1
7531,69026,11793,76557,19324,80819,0
6570,57386,49435,63956,56005,106821,0
25937,74289,50697,100226,76634,124986,1
30841,39158,50161,69999,81002,89319,1
25478,24037,74404,49515,99882,98441,0
94962,98082,27050,193044,122012,125132,1
94465,30193,9737,124658,104202,39930,0
70290,48161,53517,118451,123807,101678,1
34042,10376,5113,44418,39155,15489,0
2305,62043,94617,64348,96922,156660,0
86757,57032,432,143789,87189,57464,0
23002,84005,79911,107007,102913,163916,1
92166,13675,39161,105841,131327,52836,0
16939,39959,49621,56898,66560,89580,1
71858,72138,2392,143996,74250,74530,1
42422,17728,98909,60150,141331,116637,0
69324,66020,5729,135344,75053,71749,1
67071,42186,93031,109257,160102,135217,1
4722,98976,61161,103698,65883,160137,0
56960,44151,35274,101111,92234,79425,1
846,51254,36353,52100,37199,87607,0
21338,12989,93082,34327,114420,106071,0
89295,41280,23273,130575,112568,64553,0
87378,36855,4004,124233,91382,40859,0
2144,27419,82852,29563,84996,110271,0
7677,52892,3830,60569,11507,56722,0
16467,50109,55035,66576,71502,105144,1
49467,7456,57725,56923,107192,65181,0
77731,7367,51473,85098,129204,58840,0
64161,21748,28942,85909,93103,50690,0
19018,48144,48414,67162,67432,96558,1
28619,71642,71558,100261,100177,143200,1
33163,16935,49751,50098,82914,66686,1
70053,34827,55936,104880,125989,90763,1
26394,40000,72312,66394,98706,112312,0
21994,35866,17631,57860,39625,53497,1
65610,73951,36933,139561,102543,110884,1
39377,91897,36598,131274,75975,128495,0
5786,73692,6490,79478,12276,80182,0
84360,84222,29396,168582,113756,113618,1
70363,90444,75228,160807,145591,165672,1
87811,98076,35307,185887,123118,133383,1
36365,42253,3257,78618,39622,45510,0
73510,76391,33470,149901,106980,109861,1
64264,19150,22079,83414,86343,41229,0
296,76937,24769,77233,25065,101706,0
64784,92652,5163,157436,69947,97815,0
19382,60101,84167,79483,103549,144268,0
15579,76865,88100,92444,103679,164965,1
26004,17675,13474,43679,39478,31149,1
24057,46914,85680,70971,109737,132594,0
201,99014,70860,99215,71061,169874,0
27346,17487,34687,44833,62033,52174,1
7703,83651,16243,91354,23946,99894,0
71601,7984,2558,79585,74159,10542,0
71789,69295,83403,141084,155192,152698,1
84090,55146,75575,139236,159665,130721,1
4254,86364,66368,90618,70622,152732,0
46951,5058,61461,52009,108412,66519,0
40671,75820,83051,116491,123722,158871,1
94080,27941,51676,122021,145756,79617,0
90917,69768,40714,160685,131631,110482,1
86323,27862,99451,114185,185774,127313,1
70547,33637,70967,104184,141514,104604,1
81268,56530,15736,137798,97004,72266,0
42506,25772,84788,68278,127294,110560,0
44588,26480,98572,71068,143160,125052,0
70675,7499,25087,78174,95762,32586,0
84640,40820,10376,125460,95016,51196,0
81239,38391,77762,119630,159001,116153,1
76371,97166,98176,173537,174547,195342,1
18211,97775,39173,115986,57384,136948,0
76998,48167,46996,125165,123994,95163,1
60930,2939,37651,63869,98581,40590,0
8541,61997,52629,70538,61170,114626,0
72105,62041,93321,134146,165426,155362,1
69005,78179,74687,147184,143692,152866,1
11749,29016,6354,40765,18103,35370,0
75531,36679,30415,112210,105946,67094,0
223,36918,94550,37141,94773,131468,0
99783,97946,51979,197729,151762,149925,1
82008,54161,3287,136169,85295,57448,0
42872,88796,96718,131668,139590,185514,1
91904,72569,8171,164473,100075,80740,0
33547,49585,85339,83132,118886,134924,0
54906,63715,54123,118621,109029,117838,1
92935,71029,85382,163964,178317,156411,1
23525,6211,77768,29736,101293,83979,0
49339,71560,49823,120899,99162,121383,1
18180,1827,99699,20007,117879,101526,0
42440,53517,36707,95957,79147,90224,1
74619,50695,56490,125314,131109,107185,1
31976,21020,15941,52996,47917,36961,1
56421,50741,8135,107162,64556,58876,1
22493,33721,946,56214,23439,34667,0
33406,29587,85611,62993,119017,115198,0
17163,83925,99369,101088,116532,183294,1
21709,1986,93138,23695,114847,95124,0
39736,63472,66817,103208,106553,130289,1
41521,56310,46355,97831,87876,102665,1
47141,65367,41058,112508,88199,106425,1
36288,60510,10146,96798,46434,70656,0
48413,69401,19358,117814,67771,88759,0
36416,81924,57227,118340,93643,139151,1
36770,99754,60104,136524,96874,159858,0
90980,28822,46987,119802,137967,75809,0
26783,86598,62453,113381,89236,149051,1
25893,33623,35597,59516,61490,69220,1
10932,6315,91934,17247,102866,98249,0
49414,78501,34495,127915,83909,112996,1
3254,84483,69350,87737,72604,153833,0
36083,174,25666,36257,61749,25840,0
8994,89806,15710,98800,24704,105516,0
7197,1550,49779,8747,56976,51329,0
13593,78445,62454,92038,76047,140899,0
5278,18606,69433,23884,74711,88039,0
95440,47191,52532,142631,147972,99723,1
35330,93930,20487,129260,55817,114417,0
20000,50003,22817,70003,42817,72820,0
71000,38626,93752,109626,164752,132378,1
19845,14076,79563,33921,99408,93639,0
21156,18584,6371,39740,27527,24955,1
76010,67978,22144,143988,98154,90122,1
38190,15712,23634,53902,61824,39346,1
83781,1299,92893,85080,176674,94192,0
6391,77820,93814,84211,100205,171634,0
64395,42330,19984,106725,84379,62314,0
41087,33915,33827,75002,74914,67742,1
76941,93169,95775,170110,172716,188944,1
39737,76745,69147,116482,108884,145892,1
83713,25072,17275,108785,100988,42347,0
92120,54392,73854,146512,165974,128246,1
23798,7491,80548,31289,104346,88039,0
71602,69155,18591,140757,90193,87746,1
50516,59118,29930,109634,80446,89048,1
82063,85462,88522,167525,170585,173984,1
12150,32093,77575,44243,89725,109668,0
90579,43423,15149,134002,105728,58572,0
58503,55552,65184,114055,123687,120736,1
55168,36408,19040,91576,74208,55448,1
46293,36270,98935,82563,145228,135205,0
43171,53127,73398,96298,116569,126525,1
90362,6123,2223,96485,92585,8346,0
80755,91746,3957,172501,84712,95703,0
90211,31269,88271,121480,178482,119540,1
63630,51612,39414,115242,103044,91026,1
93745,48271,31600,142016,125345,79871,0
87462,91389,74432,178851,161894,165821,1
15802,60407,23598,76209,39400,84005,0
85873,71956,77629,157829,163502,149585,1
86702,94140,35034,180842,121736,129174,1
94910,36034,63148,130944,158058,99182,1
11661,96330,34152,107991,45813,130482,0
55844,32,43698,55876,99542,43730,0
44822,28488,37635,73310,82457,66123,1
19196,47200,20851,66396,40047,68051,0
12610,84392,59101,97002,71711,143493,0
83069,31497,48400,114566,131469,79897,0
66551,20233,97191,86784,163742,117424,0
11389,29378,56027,40767,67416,85405,0
28532,73433,63112,101965,91644,136545,1
40616,966,62806,41582,103422,63772,0
54940,68343,6753,123283,61693,75096,0
33247,35780,17961,69027,51208,53741,1
8331,73696,97308,82027,105639,171004,0
89124,51254,33531,140378,122655,84785,0
39297,46089,76230,85386,115527,122319,1
64433,52257,72798,116690,137231,125055,1
84318,35271,19627,119589,103945,54898,0
22838,2653,24491,25491,47329,27144,1
58915,85137,81478,144052,140393,166615,1
20478,7814,1120,28292,21598,8934,0
54892,89765,71000,144657,125892,160765,1
63223,13855,33426,77078,96649,47281,0
2391,60304,56998,62695,59389,117302,0
85046,78494,78135,163540,163181,156629,1
86247,7841,45444,94088,131691,53285,0
72822,14667,44464,87489,117286,59131,0
88414,63816,40837,152230,129251,104653,1
61140,97542,77858,158682,138998,175400,1
56346,50508,92323,106854,148669,142831,1
23859,26181,24287,50040,48146,50468,1
61987,24528,34408,86515,96395,58936,0
2110,78654,52543,80764,54653,131197,0
77312,28631,32713,105943,110025,61344,0
79152,6707,74203,85859,153355,80910,1
90005,53812,16509,143817,106514,70321,0
64365,69338,13560,133703,77925,82898,1
66765,43159,92323,109924,159088,135482,1
39749,42114,59528,81863,99277,101642,1
72460,13832,31269,86292,103729,45101,0
20177,41862,27797,62039,47974,69659,1
93915,71472,3858,165387,97773,75330,0
89036,55057,86040,144093,175076,141097,1
15816,26158,13044,41974,28860,39202,1
78717,96469,33216,175186,111933,129685,1
57376,31424,12067,88800,69443,43491,0
57549,1049,49212,58598,106761,50261,0
1806,38959,1284,40765,3090,40243,0
24894,38484,72524,63378,97418,111008,0
81981,18902,48712,100883,130693,67614,0
93546,13231,23554,106777,117100,36785,0
23468,48108,76966,71576,100434,125074,0
85095,92732,14517,177827,99612,107249,1
90027,45541,71548,135568,161575,117089,1
12313,30959,45286,43272,57599,76245,0
73476,3081,15740,76557,89216,18821,0
12786,51844,52755,64630,65541,104599,1
66860,68584,4924,135444,71784,73508,1
59492,74045,6069,133537,65561,80114,0
30617,82228,1236,112845,31853,83464,0
67621,48585,19762,116206,87383,68347,1
61881,3916,89386,65797,151267,93302,0
9167,59521,46478,68688,55645,105999,0
4677,84542,19586,89219,24263,104128,0
78584,82699,61651,161283,140235,144350,1
68514,42307,59335,110821,127849,101642,1
82768,28742,79586,111510,162354,108328,1
46635,81165,69663,127800,116298,150828,1
41851,73345,35673,115196,77524,109018,1
47928,50093,50897,98021,98825,100990,1
63692,39636,14380,103328,78072,54016,0
58775,33944,79051,92719,137826,112995,1
44969,75625,61142,120594,106111,136767,1
3792,59344,2052,63136,5844,61396,0
79054,1463,50634,80517,129688,52097,0
76476,96960,21680,173436,98156,118640,1
11821,61589,31892,73410,43713,93481,0
30037,87183,19822,117220,49859,107005,0
20538,40421,3592,60959,24130,44013,0
78293,42858,57064,121151,135357,99922,1
65436,81122,61391,146558,126827,142513,1
90118,86298,1641,176416,91759,87939,0
87989,32868,3892,120857,91881,36760,0
7910,47963,91908,55873,99818,139871,0
44761,61995,4389,106756,49150,66384,0
54329,52953,71398,107282,125727,124351,1
47451,70940,57180,118391,104631,128120,1
70635,52966,22688,123601,93323,75654,1
97486,38308,66844,135794,164330,105152,1
4748,35890,31585,40638,36333,67475,1
94706,98633,22636,193339,117342,121269,1
42028,78686,42341,120714,84369,121027,1
48722,49568,43866,98290,92588,93434,1
13843,51610,4507,65453,18350,56117,0
74210,93443,94585,167653,168795,188028,1
28480,99700,1195,128180,29675,100895,0
33269,67229,51793,100498,85062,119022,1
43364,8087,10802,51451,54166,18889,0
82421,62755,57146,145176,139567,119901,1
77653,87260,58453,164913,136106,145713,1
84802,24696,61710,109498,146512,86406,1
15874,75119,20760,90993,36634,95879,0
29983,16209,27544,46192,57527,43753,1
24664,94796,90316,119460,114980,185112,1
14447,48822,47959,63269,62406,96781,1
89361,5618,37328,94979,126689,42946,0
3163,73708,39418,76871,42581,113126,0
41374,89930,47732,131304,89106,137662,0
73064,13271,50256,86335,123320,63527,0
38857,26852,55670,65709,94527,82522,1
2792,55163,15331,57955,18123,70494,0
71853,63547,58746,135400,130599,122293,1
61859,78833,99310,140692,161169,178143,1
40533,59284,25355,99817,65888,84639,1
4475,61356,1279,65831,5754,62635,0
61760,10292,62354,72052,124114,72646,1
15169,30606,46185,45775,61354,76791,0
58026,14887,45695,72913,103721,60582,1
54955,29606,93458,84561,148413,123064,0
79414,98328,64868,177742,144282,163196,1
9112,7575,28267,16687,37379,35842,0
75083,56024,78330,131107,153413,134354,1
7327,14822,62969,22149,70296,77791,0
24334,31401,47083,55735,71417,78484,1
84597,13115,32616,97712,117213,45731,0
15329,30332,99301,45661,114630,129633,0
85787,5781,11852,91568,97639,17633,0
69649,61532,76966,131181,146615,138498,1
52017,76786,91433,128803,143450,168219,1
34945,85133,88625,120078,123570,173758,1
51371,91120,95405,142491,146776,186525,1
63181,73336,88334,136517,151515,161670,1
75595,87598,76237,163193,151832,163835,1
13607,9608,67166,23215,80773,76774,0
68822,20220,10815,89042,79637,31035,0
17387,79360,51662,96747,69049,131022,0
51805,31875,91469,83680,143274,123344,0
4950,77311,58880,82261,63830,136191,0
56180,17870,72427,74050,128607,90297,1
10946,31196,30292,42142,41238,61488,1
54856,66236,87124,121092,141980,153360,1
33720,95806,5048,129526,38768,100854,0
73252,75531,97198,148783,170450,172729,1
91775,31574,98658,123349,190433,130232,1
23737,43656,88224,67393,111961,131880,0
80069,32610,1253,112679,81322,33863,0
49888,15262,32360,65150,82248,47622,0
41834,9089,59017,50923,100851,68106,0
27988,45635,67674,73623,95662,113309,1
94001,37816,61036,131817,155037,98852,1
56569,257,59470,56826,116039,59727,0
46299,89020,81386,135319,127685,170406,1
25789,35018,69992,60807,95781,105010,0
38268,3382,47636,41650,85904,51018,0
54063,95395,85626,149458,139689,181021,1
48687,33714,17400,82401,66087,51114,1
69805,74015,12147,143820,81952,86162,1
10132,58954,93734,69086,103866,152688,0
41814,67912,35441,109726,77255,103353,1
26422,64109,82361,90531,108783,146470,1
86755,56288,11145,143043,97900,67433,0
1047,3632,65155,4679,66202,68787,0
72316,11493,69638,83809,141954,81131,1
84202,53665,34995,137867,119197,88660,1
46324,3599,86308,49923,132632,89907,0
23563,47446,8236,71009,31799,55682,0
77312,3720,77800,81032,155112,81520,1
66750,45248,76912,111998,143662,122160,1
85748,30857,63612,116605,149360,94469,1
19658,15882,36284,35540,55942,52166,0
58877,21546,35920,80423,94797,57466,0
49418,35315,15460,84733,64878,50775,1
78487,29653,57948,108140,136435,87601,1
34643,22121,55867,56764,90510,77988,1
45338,49644,22729,94982,68067,72373,1
60928,75695,92531,136623,153459,168226,1
36448,46832,60069,83280,96517,106901,1
45878,92478,29073,138356,74951,121551,0
34024,49800,53089,83824,87113,102889,1
64567,59656,98050,124223,162617,157706,1
41779,60080,85408,101859,127187,145488,1
70793,2150,93794,72943,164587,95944,0
68641,1410,61426,70051,130067,62836,0
87470,20613,97721,108083,185191,118334,1
95380,13281,55085,108661,150465,68366,0
18327,88143,29260,106470,47587,117403,0
54464,91527,86718,145991,141182,178245,1
83552,1566,44281,85118,127833,45847,0
76635,45715,37748,122350,114383,83463,1
38080,75095,71130,113175,109210,146225,1
51411,50086,14229,101497,65640,64315,1
41252,39300,28532,80552,69784,67832,1
29149,12184,3398,41333,32547,15582,0
27731,53481,72161,81212,99892,125642,1
86651,85745,91155,172396,177806,176900,1
82757,9314,65496,92071,148253,74810,0
63557,54053,579,117610,64136,54632,0
42505,17041,67023,59546,109528,84064,0
72672,61855,5095,134527,77767,66950,0
65993,34180,56709,100173,122702,90889,1
9109,7007,39906,16116,49015,46913,0
6202,91596,85524,97798,91726,177120,1
10755,82284,82608,93039,93363,164892,1
85359,89118,28733,174477,114092,117851,1
50140,75695,88698,125835,138838,164393,1
27363,60881,1557,88244,28920,62438,0
27715,68591,20235,96306,47950,88826,0
53285,56809,50837,110094,104122,107646,1
50327,63097,20381,113424,70708,83478,1
42659,50093,9832,92752,52491,59925,1
6389,4500,9429,10889,15818,13929,1
81463,84184,52086,165647,133549,136270,1
82290,75070,12005,157360,94295,87075,1
74870,48315,11752,123185,86622,60067,0
82582,60234,8747,142816,91329,68981,0
80915,88719,39660,169634,120575,128379,1
37978,83834,34145,121812,72123,117979,0
882,13294,20229,14176,21111,33523,0
3328,55161,34115,58489,37443,89276,0
19884,27126,8312,47010,28196,35438,1
81812,93973,41127,175785,122939,135100,1
97545,99833,65549,197378,163094,165382,1
17899,88916,936,106815,18835,89852,0
99985,55933,88996,155918,188981,144929,1
62605,96652,3984,159257,66589,100636,0
48013,22587,68471,70600,116484,91058,1
38425,90619,2373,129044,40798,92992,0
43130,39487,58067,82617,101197,97554,1
41504,47118,10161,88622,51665,57279,1
8300,60875,36334,69175,44634,97209,0
42525,24249,52470,66774,94995,76719,1
54653,65594,36519,120247,91172,102113,1
62612,14649,35318,77261,97930,49967,0
73176,47653,3463,120829,76639,51116,0
14185,97177,5375,111362,19560,102552,0
28777,99126,64656,127903,93433,163782,0
16534,7454,43480,23988,60014,50934,0
24032,44826,29378,68858,53410,74204,1
37242,43686,74217,80928,111459,117903,1
93869,98665,42179,192534,136048,140844,1
59386,88191,48802,147577,108188,136993,1
45267,97193,27394,142460,72661,124587,0
14914,11141,27333,26055,42247,38474,0
8060,71580,22249,79640,30309,93829,0
48723,41135,98883,89858,147606,140018,0
35746,14030,36100,49776,71846,50130,1
91417,70333,98082,161750,189499,168415,1
96456,16211,36986,112667,133442,53197,0
87051,45802,13952,132853,101003,59754,0
47462,6577,30279,54039,77741,36856,0
1639,28309,97455,29948,99094,125764,0
43575,81680,34267,125255,77842,115947,0
8928,13866,66286,22794,75214,80152,0
7018,30371,70494,37389,77512,100865,0
36590,60221,99763,96811,136353,159984,0
37499,96627,37685,134126,75184,134312,0
94759,13097,98156,107856,192915,111253,1
53661,64869,8796,118530,62457,73665,0
98596,25632,58082,124228,156678,83714,0
37150,40681,97863,77831,135013,138544,0
88047,53092,35677,141139,123724,88769,1
88759,61594,51871,150353,140630,113465,1
1592,48932,9945,50524,11537,58877,0
95024,81271,29025,176295,124049,110296,1
81962,72934,45178,154896,127140,118112,1
93225,54070,58706,147295,151931,112776,1
89534,1666,21335,91200,110869,23001,0
67552,34086,97474,101638,165026,131560,1
85610,63807,3898,149417,89508,67705,0
15382,6479,28085,21861,43467,34564,0
66773,8362,30895,75135,97668,39257,0
94387,21912,18374,116299,112761,40286,0
26387,81838,82665,108225,109052,164503,1
12775,19459,75303,32234,88078,94762,0
20918,99667,89215,120585,110133,188882,1
1701,35164,62320,36865,64021,97484,0
45060,41831,71587,86891,116647,113418,1
300,21845,25182,22145,25482,47027,0
26801,99213,37257,126014,64058,136470,0
72101,54555,51732,126656,123833,106287,1
30280,88446,7451,118726,37731,95897,0
78356,34957,74105,113313,152461,109062,1
67845,69111,47326,136956,115171,116437,1
10779,23648,76837,34427,87616,100485,0
91725,23153,16997,114878,108722,40150,0
69191,18241,43690,87432,112881,61931,0
7689,73512,42007,81201,49696,115519,0
7679,32763,6949,40442,14628,39712,0
82869,34997,57192,117866,140061,92189,1
89193,94172,28991,183365,118184,123163,1
13379,9246,12931,22625,26310,22177,1
7027,9139,15105,16166,22132,24244,1
78049,90981,9377,169030,87426,100358,0
90969,632,29812,91601,120781,30444,0
36944,47596,41003,84540,77947,88599,1
55553,89617,20771,145170,76324,110388,0
95540,91321,48326,186861,143866,139647,1
77313,74875,67709,152188,145022,142584,1
32421,12056,13409,44477,45830,25465,0
70593,41339,50266,111932,120859,91605,1
61933,82172,43083,144105,105016,125255,1
46840,44780,27409,91620,74249,72189,1
15421,30866,90208,46287,105629,121074,0
58445,49753,60726,108198,119171,110479,1
68221,92629,27126,160850,95347,119755,1
81539,80912,72508,162451,154047,153420,1
61634,51488,79551,113122,141185,131039,1
87651,29893,6138,117544,93789,36031,0
19876,40279,67174,60155,87050,107453,0
58530,6669,78010,65199,136540,84679,0
7790,56499,6755,64289,14545,63254,0
56218,57125,39230,113343,95448,96355,1
17919,87455,11180,105374,29099,98635,0
98950,16306,41411,115256,140361,57717,0
56690,32766,43247,89456,99937,76013,1
58794,66953,98703,125747,157497,165656,1
50494,43078,64620,93572,115114,107698,1
16981,97674,94050,114655,111031,191724,1
98596,2143,64510,100739,163106,66653,0
81651,67237,31328,148888,112979,98565,1
6619,49448,86698,56067,93317,136146,0
2219,8734,60127,10953,62346,68861,0
53004,33566,30226,86570,83230,63792,1
1459,87383,64059,88842,65518,151442,0
56199,81420,1573,137619,57772,82993,0
64071,13024,46091,77095,110162,59115,0
18417,89199,95528,107616,113945,184727,1
74976,76729,82232,151705,157208,158961,1
87384,63325,89140,150709,176524,152465,1
6467,37154,84069,43621,90536,121223,0
23555,91269,1692,114824,25247,92961,0
47933,58631,67345,106564,115278,125976,1
94755,93541,18844,188296,113599,112385,1
94560,66044,26719,160604,121279,92763,0
41628,79933,57556,121561,99184,137489,1
16824,36439,39896,53263,56720,76335,1
1478,65268,80077,66746,81555,145345,0
14891,81501,16915,96392,31806,98416,0
71115,41498,99943,112613,171058,141441,1
86113,98058,71893,184171,158006,169951,1
88893,74091,7481,162984,96374,81572,0
1000,12072,95789,13072,96789,107861,0
15818,21798,84421,37616,100239,106219,0
70794,78768,12635,149562,83429,91403,1
84382,63152,81529,147534,165911,144681,1
81940,67961,19901,149901,101841,87862,1
63361,30757,77093,94118,140454,107850,1
36410,94532,44811,130942,81221,139343,0
75081,71512,20141,146593,95222,91653,1
4667,77117,71675,81784,76342,148792,0
15372,44832,52802,60204,68174,97634,1
21492,19447,90819,40939,112311,110266,0
49164,5612,51691,54776,100855,57303,1
80848,78681,88129,159529,168977,166810,1
21822,34011,76928,55833,98750,110939,0
45506,12417,19085,57923,64591,31502,0
85858,8854,78195,94712,164053,87049,1
80354,65041,95640,145395,175994,160681,1
87139,80501,84608,167640,171747,165109,1
52761,60889,74817,113650,127578,135706,1
50757,69939,33728,120696,84485,103667,1
74494,1171,3818,75665,78312,4989,0
58642,46920,80994,105562,139636,127914,1
30808,30640,73622,61448,104430,104262,0
21458,72642,90786,94100,112244,163428,1
94635,65251,59610,159886,154245,124861,1
14618,72171,96767,86789,111385,168938,0
50528,52472,87134,103000,137662,139606,1
24781,77296,2891,102077,27672,80187,0
16164,26132,59884,42296,76048,86016,0
20449,10409,1295,30858,21744,11704,0
51251,81081,80828,132332,132079,161909,1
60833,98760,17951,159593,78784,116711,0
74379,3613,17538,77992,91917,21151,0
31867,65576,38225,97443,70092,103801,1
29868,76796,80115,106664,109983,156911,1
58607,79416,89520,138023,148127,168936,1
61810,98609,91256,160419,153066,189865,1
17499,54627,5552,72126,23051,60179,0
10278,31671,68771,41949,79049,100442,0
48461,52787,30201,101248,78662,82988,1
67707,83510,81895,151217,149602,165405,1
32287,27943,11429,60230,43716,39372,1
16118,78221,92715,94339,108833,170936,1
53052,25764,38552,78816,91604,64316,1
48294,61237,29806,109531,78100,91043,1
47882,27516,56996,75398,104878,84512,1
82845,56451,24541,139296,107386,80992,0
29004,16797,85384,45801,114388,102181,0
85481,87535,57521,173016,143002,145056,1
48733,69906,88520,118639,137253,158426,1
17518,26827,99567,44345,117085,126394,0
49943,14184,71985,64127,121928,86169,0
22203,60528,26987,82731,49190,87515,0
58951,89084,16640,148035,75591,105724,0
50072,25775,91839,75847,141911,117614,0
30644,6419,81230,37063,111874,87649,0
41387,40282,92927,81669,134314,133209,0
62078,21021,44346,83099,106424,65367,1
13682,28079,65012,41761,78694,93091,0
31942,73003,10904,104945,42846,83907,0
92807,54551,46786,147358,139593,101337,1
79268,18941,81080,98209,160348,100021,1
33224,32210,27880,65434,61104,60090,1
27671,66599,38788,94270,66459,105387,0
61895,3143,27485,65038,89380,30628,0
74695,90702,75690,165397,150385,166392,1
95518,51577,72426,147095,167944,124003,1
99747,59724,35506,159471,135253,95230,0
34221,6847,51976,41068,86197,58823,0
2488,54609,27783,57097,30271,82392,0
50466,93473,42018,143939,92484,135491,0
12971,5330,79724,18301,92695,85054,0
28381,11009,90311,39390,118692,101320,0
6054,42740,9084,48794,15138,51824,0
83776,49236,57139,133012,140915,106375,1
42834,62908,10688,105742,53522,73596,0
18014,47351,2902,65365,20916,50253,0
26713,49588,28161,76301,54874,77749,1
82504,15988,9868,98492,92372,25856,0
90305,73637,32890,163942,123195,106527,1
96318,86747,66498,183065,162816,153245,1
62468,48469,65625,110937,128093,114094,1
38185,22404,1252,60589,39437,23656,0
76716,3576,56582,80292,133298,60158,0
11495,88474,12265,99969,23760,100739,0
69965,53364,43694,123329,113659,97058,1
18980,98230,32979,117210,51959,131209,0
34889,82617,21885,117506,56774,104502,0
58051,92058,35554,150109,93605,127612,1
36640,38717,31276,75357,67916,69993,1
71111,84365,61231,155476,132342,145596,1
88041,3443,39465,91484,127506,42908,0
69149,39160,40675,108309,109824,79835,1
36347,59683,24317,96030,60664,84000,1
82419,5544,66885,87963,149304,72429,0
75604,62909,21010,138513,96614,83919,1
81089,78076,36829,159165,117918,114905,1
63406,4141,11114,67547,74520,15255,0
23555,83816,28959,107371,52514,112775,0
98745,86348,38013,185093,136758,124361,1
65859,76809,93820,142668,159679,170629,1
35624,72309,57772,107933,93396,130081,1
37503,98343,70110,135846,107613,168453,1
13897,20564,75902,34461,89799,96466,0
80158,11607,88221,91765,168379,99828,1
58554,93766,22900,152320,81454,116666,0
55805,12949,72325,68754,128130,85274,0
81525,19494,26310,101019,107835,45804,0
89164,50240,1542,139404,90706,51782,0
85665,60355,28041,146020,113706,88396,1
25911,77243,40820,103154,66731,118063,0
41449,17851,9807,59300,51256,27658,0
66624,84015,29720,150639,96344,113735,1
27325,42650,22090,69975,49415,64740,1
17457,8291,15663,25748,33120,23954,1
59730,59228,64732,118958,124462,123960,1
28394,53520,51016,81914,79410,104536,1
48933,79276,55720,128209,104653,134996,1
22764,59732,39226,82496,61990,98958,1
98601,82792,92631,181393,191232,175423,1
1110,901,41760,2011,42870,42661,0
28179,74180,87025,102359,115204,161205,1
53088,32267,37806,85355,90894,70073,1
67375,18587,20977,85962,88352,39564,0
55850,92596,245,148446,56095,92841,0
31647,18186,32828,49833,64475,51014,1
83860,11332,81549,95192,165409,92881,1
70378,43740,55544,114118,125922,99284,1
91604,5186,24128,96790,115732,29314,0
27197,12799,74790,39996,101987,87589,0
8237,55820,329,64057,8566,56149,0
10479,71870,80733,82349,91212,152603,1
6310,54087,88189,60397,94499,142276,0
62711,19661,46559,82372,109270,66220,1
37129,77318,29004,114447,66133,106322,0
90265,7305,27114,97570,117379,34419,0
69141,28602,82896,97743,152037,111498,1
44689,58788,55445,103477,100134,114233,1
21062,23881,10890,44943,31952,34771,1
91485,91038,49018,182523,140503,140056,1
13200,55136,62114,68336,75314,117250,1
41685,84294,41815,125979,83500,126109,0
18151,39598,56382,57749,74533,95980,1
84301,29207,14231,113508,98532,43438,0
67890,65936,77404,133826,145294,143340,1
96600,8231,48334,104831,144934,56565,0
78872,4550,8970,83422,87842,13520,0
93291,90372,98047,183663,191338,188419,1
50041,8507,32765,58548,82806,41272,0
38177,55807,4739,93984,42916,60546,0
82981,69925,26946,152906,109927,96871,1
28293,770,8689,29063,36982,9459,0
5100,41995,51945,47095,57045,93940,0
12749,68912,83229,81661,95978,152141,0
47226,54089,74827,101315,122053,128916,1
10840,89111,800,99951,11640,89911,0
94484,91228,78788,185712,173272,170016,1
96312,53037,62856,149349,159168,115893,1
73618,69950,85515,143568,159133,155465,1
29153,39670,68288,68823,97441,107958,1
81166,91263,13684,172429,94850,104947,1
4330,15573,84129,19903,88459,99702,0
7369,97399,46454,104768,53823,143853,0
21011,62703,69729,83714,90740,132432,1
9194,91811,32258,101005,41452,124069,0
42712,83002,24676,125714,67388,107678,0
14123,42436,30082,56559,44205,72518,1
97716,25542,34172,123258,131888,59714,0
68053,72605,12953,140658,81006,85558,1
43607,74628,20152,118235,63759,94780,0
65595,49076,85918,114671,151513,134994,1
36836,6138,87233,42974,124069,93371,0
81890,9918,11772,91808,93662,21690,0
80622,41742,61335,122364,141957,103077,1
41498,94196,31953,135694,73451,126149,0
41323,38226,15777,79549,57100,54003,1
65206,5721,44727,70927,109933,50448,0
18448,31137,63807,49585,82255,94944,0
2800,84041,74728,86841,77528,158769,0
42434,27284,19885,69718,62319,47169,1
32467,18519,92939,50986,125406,111458,0
21291,36568,86161,57859,107452,122729,0
22541,22025,23128,44566,45669,45153,1
34390,62412,76229,96802,110619,138641,1
18775,10552,83724,29327,102499,94276,0
1561,38975,67297,40536,68858,106272,0
53498,20633,78156,74131,131654,98789,0
93711,93247,66128,186958,159839,159375,1
35547,43467,11455,79014,47002,54922,1
2151,43382,38399,45533,40550,81781,0
93882,6454,43761,100336,137643,50215,0
86486,81757,68559,168243,155045,150316,1
9961,33912,96616,43873,106577,130528,0
32843,48853,58032,81696,90875,106885,1
12809,38727,26348,51536,39157,65075,1
70104,79016,10232,149120,80336,89248,1
36814,25863,95846,62677,132660,121709,0
48728,27342,92120,76070,140848,119462,0
90890,40197,96610,131087,187500,136807,1
69016,58523,70439,127539,139455,128962,1
22109,62551,31373,84660,53482,93924,0
45046,71632,39477,116678,84523,111109,1
51127,83166,31852,134293,82979,115018,0
58931,3540,48636,62471,107567,52176,0
63201,94826,27596,158027,90797,122422,0
99984,77302,52177,177286,152161,129479,1
60677,43892,30913,104569,91590,74805,1
68282,87484,28652,155766,96934,116136,1
51389,32752,34885,84141,86274,67637,1
43277,1461,24273,44738,67550,25734,0
80430,86061,43638,166491,124068,129699,1
75158,33685,90321,108843,165479,124006,1
65374,64303,54709,129677,120083,119012,1
10666,88453,8447,99119,19113,96900,0
41939,27023,80882,68962,122821,107905,0
24313,63390,38311,87703,62624,101701,0
62573,94109,73021,156682,135594,167130,1
61847,55838,65841,117685,127688,121679,1
57012,89738,22535,146750,79547,112273,0
35032,3974,36370,39006,71402,40344,1
3346,38561,69552,41907,72898,108113,0
43944,64403,46950,108347,90894,111353,1
68688,43915,87544,112603,156232,131459,1
81840,8170,38066,90010,119906,46236,0
68586,46054,31936,114640,100522,77990,1
21462,77526,27453,98988,48915,104979,0
13240,45639,15574,58879,28814,61213,0
55553,22850,52559,78403,108112,75409,1
61264,83480,20512,144744,81776,103992,0
1763,86719,91792,88482,93555,178511,0
24252,58743,2008,82995,26260,60751,0
60928,21589,82385,82517,143313,103974,1
89968,52460,66232,142428,156200,118692,1
13613,76236,92976,89849,106589,169212,0
79641,11795,1283,91436,80924,13078,0
46933,91161,99654,138094,146587,190815,1
27952,73279,21967,101231,49919,95246,0
79674,98154,63433,177828,143107,161587,1
86326,9628,44474,95954,130800,54102,0
1792,85602,39751,87394,41543,125353,0
89448,49559,54260,139007,143708,103819,1
88997,30028,57664,119025,146661,87692,0
607,41110,94513,41717,95120,135623,0
49310,74626,58412,123936,107722,133038,1
39082,40268,59513,79350,98595,99781,1
80097,91145,86097,171242,166194,177242,1
99359,60755,22140,160114,121499,82895,0
34687,58711,6366,93398,41053,65077,0
60479,78230,38136,138709,98615,116366,1
17254,83675,16332,100929,33586,100007,0
78279,18834,57198,97113,135477,76032,0
36914,7019,94951,43933,131865,101970,0
18649,67307,66941,85956,85590,134248,1
14805,28083,11178,42888,25983,39261,0
76344,24192,47791,100536,124135,71983,0
92871,67496,52928,160367,145799,120424,1
19896,56906,30647,76802,50543,87553,0
46216,11545,79463,57761,125679,91008,0
10530,91594,16033,102124,26563,107627,0
89865,77088,66059,166953,155924,143147,1
63326,88441,72252,151767,135578,160693,1
90162,73076,25648,163238,115810,98724,1
98747,68790,24987,167537,123734,93777,0
60189,68050,54674,128239,114863,122724,1
23121,73713,17289,96834,40410,91002,0
17276,32073,24498,49349,41774,56571,1
66653,98218,2467,164871,69120,100685,0
71027,93192,16010,164219,87037,109202,0
51235,61834,79139,113069,130374,140973,1
2058,9972,68223,12030,70281,78195,0
91333,67317,8620,158650,99953,75937,0
25514,56415,8821,81929,34335,65236,0
94265,76724,32414,170989,126679,109138,1
76147,47913,60078,124060,136225,107991,1
4046,19109,99393,23155,103439,118502,0
44153,48712,29642,92865,73795,78354,1
13123,85849,79411,98972,92534,165260,1
76673,2819,39214,79492,115887,42033,0
89642,54327,31990,143969,121632,86317,0
86534,92301,53453,178835,139987,145754,1
44127,61010,2,105137,44129,61012,0
37002,77667,38265,114669,75267,115932,0
54291,87799,95782,142090,150073,183581,1
38973,80592,17072,119565,56045,97664,0
39014,7916,82112,46930,121126,90028,0
63792,71349,66181,135141,129973,137530,1
9566,11773,74648,21339,84214,86421,0
4105,96975,44987,101080,49092,141962,0
57433,99393,92291,156826,149724,191684,1
80867,90687,21378,171554,102245,112065,1
72300,62500,89161,134800,161461,151661,1
56673,75645,57206,132318,113879,132851,1
59081,49399,56371,108480,115452,105770,1
94672,44988,33747,139660,128419,78735,0
98655,32351,9759,131006,108414,42110,0
86719,33076,10369,119795,97088,43445,0
9478,66011,79212,75489,88690,145223,0
18579,9480,71208,28059,89787,80688,0
92664,96426,1699,189090,94363,98125,0
81285,23411,50389,104696,131674,73800,0
99661,608,46320,100269,145981,46928,0
12317,42975,64176,55292,76493,107151,0
53174,73770,65408,126944,118582,139178,1
3389,94684,76549,98073,79938,171233,0
51965,93347,66347,145312,118312,159694,1
73850,67538,87236,141388,161086,154774,1
74560,20215,94632,94775,169192,114847,1
3849,5843,85196,9692,89045,91039,0
5449,52992,44717,58441,50166,97709,0
69209,23416,41243,92625,110452,64659,0
29968,12541,16413,42509,46381,28954,0
34792,97526,97309,132318,132101,194835,1
31854,3875,39806,35729,71660,43681,0
67942,76107,10057,144049,77999,86164,1
4671,40053,75730,44724,80401,115783,0
18774,47481,81569,66255,100343,129050,0
94117,56239,60925,150356,155042,117164,1
84314,52470,67286,136784,151600,119756,1
85459,75468,2390,160927,87849,77858,0
57314,2503,25828,59817,83142,28331,0
5101,80331,6595,85432,11696,86926,0
33608,13182,62891,46790,96499,76073,0
69084,21855,15176,90939,84260,37031,0
61065,58852,39078,119917,100143,97930,1
92060,58130,87106,150190,179166,145236,1
94878,99007,25770,193885,120648,124777,1
17871,17900,45970,35771,63841,63870,0
13522,77295,62897,90817,76419,140192,0
13104,98009,84294,111113,97398,182303,0
53104,4543,45385,57647,98489,49928,0
7558,32533,93609,40091,101167,126142,0
19905,1830,67134,21735,87039,68964,0
78469,91115,40559,169584,119028,131674,1
14466,58588,4151,73054,18617,62739,0
94928,97177,8376,192105,103304,105553,1
14266,6450,90558,20716,104824,97008,0
22912,21657,28605,44569,51517,50262,1
27209,74589,68490,101798,95699,143079,1
26375,70798,21679,97173,48054,92477,0
35009,18794,64240,53803,99249,83034,0
38749,37214,84247,75963,122996,121461,0
62167,8994,94308,71161,156475,103302,0
52796,37688,7406,90484,60202,45094,0
16580,522,61874,17102,78454,62396,0
29471,46734,50160,76205,79631,96894,1
34310,34357,12662,68667,46972,47019,1
11751,59605,14696,71356,26447,74301,0
91301,38900,27342,130201,118643,66242,0
35295,41935,99756,77230,135051,141691,0
54599,61767,77047,116366,131646,138814,1
19667,91663,96229,111330,115896,187892,1
17807,74322,85799,92129,103606,160121,1
96031,40805,91980,136836,188011,132785,1
62591,42144,48020,104735,110611,90164,1
69331,84307,24491,153638,93822,108798,1
56101,46124,75062,102225,131163,121186,1
94205,23517,46909,117722,141114,70426,0
85995,33863,76223,119858,162218,110086,1
45072,27012,19688,72084,64760,46700,1
87118,65941,45942,153059,133060,111883,1
35678,87070,84574,122748,120252,171644,1
13187,37699,23060,50886,36247,60759,0
85076,88130,56568,173206,141644,144698,1
25951,36388,69409,62339,95360,105797,0
51846,2624,14130,54470,65976,16754,0
78308,2876,47540,81184,125848,50416,0
12929,60513,56665,73442,69594,117178,1
98870,43355,46802,142225,145672,90157,0
91536,91760,31083,183296,122619,122843,1
90392,99132,1545,189524,91937,100677,0
18916,44367,49263,63283,68179,93630,1
72040,13821,51600,85861,123640,65421,0
61718,8296,2269,70014,63987,10565,0
51803,88382,21201,140185,73004,109583,0
97536,66606,72705,164142,170241,139311,1
66024,67037,51780,133061,117804,118817,1
7663,28938,92048,36601,99711,120986,0
34029,77930,95174,111959,129203,173104,1
4191,74443,65857,78634,70048,140300,0
77446,49217,61304,126663,138750,110521,1
59076,67597,43512,126673,102588,111109,1
16024,6714,90107,22738,106131,96821,0
29202,31788,93104,60990,122306,124892,0
15178,16128,93748,31306,108926,109876,0
57554,65004,33476,122558,91030,98480,1
85939,46968,27940,132907,113879,74908,0
22228,54621,44338,76849,66566,98959,1
69077,41181,59955,110258,129032,101136,1
747,64242,59534,64989,60281,123776,0
87942,22906,92545,110848,180487,115451,1
17126,72711,45560,89837,62686,118271,0
99210,36284,3402,135494,102612,39686,0
84170,82411,92980,166581,177150,175391,1
65898,24322,43353,90220,109251,67675,1
89770,47103,58316,136873,148086,105419,1
12361,37612,4372,49973,16733,41984,0
61725,10295,90302,72020,152027,100597,0
17946,81799,32111,99745,50057,113910,0
16281,78457,71217,94738,87498,149674,1
40640,32469,15651,73109,56291,48120,1
95194,2464,24417,97658,119611,26881,0
34609,518,96029,35127,130638,96547,0
57671,86878,24522,144549,82193,111400,0
51520,2014,66211,53534,117731,68225,0
45577,71802,29201,117379,74778,101003,1
90753,49969,78111,140722,168864,128080,1
38125,72679,67283,110804,105408,139962,1
29746,56441,32507,86187,62253,88948,1
4108,92775,71298,96883,75406,164073,0
59993,59163,3035,119156,63028,62198,1
66546,81666,49197,148212,115743,130863,1
38647,68329,49635,106976,88282,117964,1
61783,15891,26911,77674,88694,42802,0
41106,58562,37327,99668,78433,95889,1
41116,85607,38847,126723,79963,124454,0
44343,90056,91869,134399,136212,181925,1
66240,37813,9118,104053,75358,46931,0
11341,4127,41203,15468,52544,45330,0
27650,81936,47553,109586,75203,129489,0
42731,60924,83719,103655,126450,144643,1
95698,6023,24030,101721,119728,30053,0
92788,34909,66587,127697,159375,101496,1
4390,56336,10736,60726,15126,67072,0
82404,54451,96181,136855,178585,150632,1
30432,79951,43767,110383,74199,123718,0
60058,61981,66198,122039,126256,128179,1
7092,77768,30285,84860,37377,108053,0
5858,81750,67727,87608,73585,149477,0
18039,15646,12503,33685,30542,28149,1
33594,42700,97097,76294,130691,139797,0
61775,33872,50606,95647,112381,84478,1
87375,17424,42980,104799,130355,60404,0
29723,77831,31449,107554,61172,109280,0
36521,14882,39659,51403,76180,54541,1
44555,8933,10687,53488,55242,19620,0
61100,28407,64867,89507,125967,93274,1
98599,28584,82072,127183,180671,110656,1
32819,69797,27708,102616,60527,97505,0
67466,82889,16306,150355,83772,99195,1
75357,77145,37019,152502,112376,114164,1
11621,71964,7045,83585,18666,79009,0
75600,78348,78061,153948,153661,156409,1
16133,28172,57824,44305,73957,85996,0
99096,58686,35540,157782,134636,94226,0
93242,1567,85109,94809,178351,86676,0
92516,84967,49173,177483,141689,134140,1
49931,15145,6870,65076,56801,22015,0
63187,30204,28449,93391,91636,58653,0
57558,84221,27000,141779,84558,111221,1
70980,42165,56182,113145,127162,98347,1
79485,64698,73925,144183,153410,138623,1
60062,22641,73277,82703,133339,95918,1
26877,60320,82961,87197,109838,143281,1
60694,68686,94910,129380,155604,163596,1
28551,28780,49960,57331,78511,78740,1
45436,70212,12352,115648,57788,82564,0
13136,41552,28402,54688,41538,69954,0
83798,16703,21512,100501,105310,38215,0
30461,94325,99165,124786,129626,193490,1
43853,63739,94733,107592,138586,158472,1
2667,52192,35177,54859,37844,87369,0
26576,81498,69403,108074,95979,150901,1
26991,84219,28963,111210,55954,113182,0
36102,8191,5862,44293,41964,14053,0
71694,81554,75683,153248,147377,157237,1
5844,12278,55986,18122,61830,68264,0
4193,54484,6215,58677,10408,60699,0
53509,10759,58696,64268,112205,69455,1
22771,39888,10991,62659,33762,50879,0
84939,63189,77800,148128,162739,140989,1
55335,8719,61532,64054,116867,70251,1
73817,55642,49026,129459,122843,104668,1
92217,83803,71288,176020,163505,155091,1
42500,18115,33753,60615,76253,51868,1
12870,61135,59677,74005,72547,120812,1
64305,71538,80997,135843,145302,152535,1
49294,5420,15710,54714,65004,21130,0
93663,53109,40358,146772,134021,93467,0
81565,868,52063,82433,133628,52931,0
26295,85180,17458,111475,43753,102638,0
88623,5616,42964,94239,131587,48580,0
52464,38316,15138,90780,67602,53454,1
33130,59295,90033,92425,123163,149328,1
91382,39747,98829,131129,190211,138576,1
32712,49558,62861,82270,95573,112419,1
34168,98476,28052,132644,62220,126528,0
25324,73388,55028,98712,80352,128416,1
41774,41488,49678,83262,91452,91166,1
17756,20969,26812,38725,44568,47781,1
96580,48505,12894,145085,109474,61399,0
50192,55672,95326,105864,145518,150998,1
43992,34330,84789,78322,128781,119119,0
90217,4866,30753,95083,120970,35619,0
24162,89199,47382,113361,71544,136581,0
80508,82694,65977,163202,146485,148671,1
76430,31458,58360,107888,134790,89818,1
55759,71887,91183,127646,146942,163070,1
19905,50676,74542,70581,94447,125218,0
27313,75607,37812,102920,65125,113419,0
6424,17859,8086,24283,14510,25945,0
74057,55661,30965,129718,105022,86626,1
52715,66382,65889,119097,118604,132271,1
53455,16623,22003,70078,75458,38626,0
26794,82035,51233,108829,78027,133268,0
96759,85690,72400,182449,169159,158090,1
71061,21488,32454,92549,103515,53942,0
4993,89248,75709,94241,80702,164957,0
48891,80415,82380,129306,131271,162795,1
31364,27291,89681,58655,121045,116972,0
56133,21194,36093,77327,92226,57287,1
73741,91361,56701,165102,130442,148062,1
324,85619,97400,85943,97724,183019,0
50254,91527,75298,141781,125552,166825,1
83226,61652,22435,144878,105661,84087,1
12872,38388,33123,51260,45995,71511,1
64213,70602,2200,134815,66413,72802,0
63724,23789,77205,87513,140929,100994,1
89166,64504,81381,153670,170547,145885,1
81498,5547,68392,87045,149890,73939,0
92286,76671,21335,168957,113621,98006,1
15610,9022,74697,24632,90307,83719,0
49535,60183,52539,109718,102074,112722,1
7730,32502,92595,40232,100325,125097,0
12755,15187,24740,27942,37495,39927,1
83410,91276,53721,174686,137131,144997,1
55453,8580,30308,64033,85761,38888,0
64625,12174,11802,76799,76427,23976,0
79703,9386,21986,89089,101689,31372,0
8129,18772,81391,26901,89520,100163,0
90055,25581,16159,115636,106214,41740,0
15959,49805,48387,65764,64346,98192,1
80899,55512,67541,136411,148440,123053,1
61925,47835,43176,109760,105101,91011,1
65277,1175,6722,66452,71999,7897,0
80179,27629,35412,107808,115591,63041,0
15475,6440,12367,21915,27842,18807,1
73506,14472,9474,87978,82980,23946,0
42231,45806,89391,88037,131622,135197,0
537,26697,45096,27234,45633,71793,0
52439,74292,87410,126731,139849,161702,1
19115,90099,30273,109214,49388,120372,0
43234,89727,32590,132961,75824,122317,0
77631,19633,64625,97264,142256,84258,1
68451,6690,63684,75141,132135,70374,1
84334,23886,94897,108220,179231,118783,1
64718,86663,16075,151381,80793,102738,0
73154,59403,43723,132557,116877,103126,1
73417,38316,44176,111733,117593,82492,1
33332,78724,97020,112056,130352,175744,1
5764,92904,63,98668,5827,92967,0
60218,63138,3210,123356,63428,66348,1
18363,13697,59595,32060,77958,73292,0
22201,17710,13618,39911,35819,31328,1
36025,48893,9908,84918,45933,58801,0
94749,39032,80533,133781,175282,119565,1
76185,13883,41861,90068,118046,55744,0
88006,97370,40207,185376,128213,137577,1
80094,52031,24339,132125,104433,76370,0
68987,22037,26043,91024,95030,48080,0
7303,51534,88603,58837,95906,140137,0
51433,3636,19453,55069,70886,23089,0
88461,84929,56091,173390,144552,141020,1
70339,14115,20522,84454,90861,34637,0
72152,21134,4707,93286,76859,25841,0
98017,50534,64679,148551,162696,115213,1
20641,16660,18663,37301,39304,35323,1
61733,81784,6610,143517,68343,88394,0
54637,64819,49300,119456,103937,114119,1
62398,18022,97973,80420,160371,115995,0
28090,13306,81027,41396,109117,94333,0
27508,49510,75042,77018,102550,124552,1
6215,68801,11792,75016,18007,80593,0
87723,36178,42541,123901,130264,78719,0
47018,75242,54426,122260,101444,129668,1
60356,29275,44171,89631,104527,73446,1
37790,58457,76900,96247,114690,135357,1
51144,8706,63202,59850,114346,71908,0
15815,93940,9035,109755,24850,102975,0
55042,25026,12784,80068,67826,37810,0
87519,74474,1970,161993,89489,76444,0
69233,43582,3344,112815,72577,46926,0
26655,5603,30831,32258,57486,36434,1
36516,24282,3463,60798,39979,27745,0
47519,10670,37268,58189,84787,47938,1
23108,97565,18368,120673,41476,115933,0
19734,53588,35132,73322,54866,88720,1
4703,30592,8008,35295,12711,38600,0
84911,48167,2021,133078,86932,50188,0
18563,79454,90018,98017,108581,169472,1
4269,32203,41247,36472,45516,73450,0
53938,3612,81396,57550,135334,85008,0
77017,90881,47950,167898,124967,138831,1
46320,15900,20159,62220,66479,36059,0
60617,15228,91100,75845,151717,106328,0
87780,78990,387,166770,88167,79377,0
59038,59010,7233,118048,66271,66243,1
73736,45022,58915,118758,132651,103937,1
42357,57105,94504,99462,136861,151609,1
74419,23519,91956,97938,166375,115475,1
65805,69730,31915,135535,97720,101645,1
72869,12523,52111,85392,124980,64634,0
15420,69924,17633,85344,33053,87557,0
97787,62360,6116,160147,103903,68476,0
98698,72982,25158,171680,123856,98140,0
52319,8154,95765,60473,148084,103919,0
7378,9839,9131,17217,16509,18970,1
42965,82648,94832,125613,137797,177480,1
11380,73038,76482,84418,87862,149520,1
68029,22744,24943,90773,92972,47687,0
44417,69677,71855,114094,116272,141532,1
73926,8678,75506,82604,149432,84184,1
98526,84125,44822,182651,143348,128947,1
64252,87155,65313,151407,129565,152468,1
91965,26171,38269,118136,130234,64440,0
47846,61387,53477,109233,101323,114864,1
9836,18655,98322,28491,108158,116977,0
86850,49184,59019,136034,145869,108203,1
53110,47788,30953,100898,84063,78741,1
77022,13461,97142,90483,174164,110603,0
76263,71566,55503,147829,131766,127069,1
85296,64788,34449,150084,119745,99237,1
19037,91444,23329,110481,42366,114773,0
72169,98840,2620,171009,74789,101460,0
37819,70966,96087,108785,133906,167053,1
52752,7840,80578,60592,133330,88418,0
64270,85228,1456,149498,65726,86684,0
64069,54044,4999,118113,69068,59043,0
66515,80124,30542,146639,97057,110666,1
15757,54290,98877,70047,114634,153167,0
28041,37985,78502,66026,106543,116487,0
41854,49401,57255,91255,99109,106656,1
77681,48717,20215,126398,97896,68932,0
89356,22185,30705,111541,120061,52890,0
96770,77694,66514,174464,163284,144208,1
27468,77417,32757,104885,60225,110174,0
33475,46830,85099,80305,118574,131929,0
99631,81068,61663,180699,161294,142731,1
32771,11099,29015,43870,61786,40114,1
25916,9902,5879,35818,31795,15781,0
38545,51515,9126,90060,47671,60641,0
29497,90674,582,120171,30079,91256,0
85757,23088,12036,108845,97793,35124,0
10611,16877,21227,27488,31838,38104,1
4175,7551,29842,11726,34017,37393,0
80124,33423,3726,113547,83850,37149,0
99556,53899,3655,153455,103211,57554,0
77407,35223,80212,112630,157619,115435,1
39507,4394,24995,43901,64502,29389,0
48315,16531,44449,64846,92764,60980,1
39976,23677,28514,63653,68490,52191,1
76607,56873,66364,133480,142971,123237,1
11820,26918,34781,38738,46601,61699,1
7045,17974,33333,25019,40378,51307,0
58501,3960,15064,62461,73565,19024,0
12421,72456,62860,84877,75281,135316,1
69571,86554,44078,156125,113649,130632,1
90176,73535,12612,163711,102788,86147,0
69028,62079,74717,131107,143745,136796,1
44945,60527,22572,105472,67517,83099,1
76594,11493,33619,88087,110213,45112,0
67663,33716,45845,101379,113508,79561,1
43550,72184,42486,115734,86036,114670,1
64631,41648,78578,106279,143209,120226,1
92884,99802,65146,192686,158030,164948,1
7931,40238,27913,48169,35844,68151,0
18180,25104,94208,43284,112388,119312,0
7994,39896,68400,47890,76394,108296,0
68535,72430,58807,140965,127342,131237,1
97026,10358,83499,107384,180525,93857,0
57582,39243,956,96825,58538,40199,0
40056,10991,36277,51047,76333,47268,1
86206,75949,69395,162155,155601,145344,1
4768,88227,61217,92995,65985,149444,0
53218,71616,69587,124834,122805,141203,1
79367,83347,41670,162714,121037,125017,1
83707,64638,71422,148345,155129,136060,1
98170,33985,36359,132155,134529,70344,0
95521,88951,45815,184472,141336,134766,1
77462,75881,24752,153343,102214,100633,1
86672,10540,90864,97212,177536,101404,1
64931,87039,79897,151970,144828,166936,1
64747,21878,11760,86625,76507,33638,0
69864,6936,96939,76800,166803,103875,0
64313,79529,8588,143842,72901,88117,0
78547,20261,42575,98808,121122,62836,0
82843,99353,40626,182196,123469,139979,1
42155,55115,35162,97270,77317,90277,1
43130,17414,84473,60544,127603,101887,0
21566,95466,47587,117032,69153,143053,0
55249,93025,12736,148274,67985,105761,0
70493,81484,93061,151977,163554,174545,1
39932,42894,9233,82826,49165,52127,1
72752,78883,17756,151635,90508,96639,1
70517,38643,41274,109160,111791,79917,1
80247,29409,7491,109656,87738,36900,0
12223,9618,963,21841,13186,10581,0
66505,94268,21246,160773,87751,115514,0
61459,95578,13440,157037,74899,109018,0
11983,75641,39838,87624,51821,115479,0
27528,2560,50516,30088,78044,53076,0
8627,59829,8046,68456,16673,67875,0
40712,29740,21828,70452,62540,51568,1
92340,94950,44081,187290,136421,139031,1
6376,45393,33522,51769,39898,78915,0
87302,90212,98748,177514,186050,188960,1
76735,11660,63971,88395,140706,75631,0
8346,47841,78822,56187,87168,126663,0
8729,82355,69987,91084,78716,152342,0
52450,85714,35277,138164,87727,120991,1
21679,89312,34491,110991,56170,123803,0
82212,8517,51143,90729,133355,59660,0
6667,2395,54699,9062,61366,57094,0
89064,60132,75840,149196,164904,135972,1
60109,86547,27005,146656,87114,113552,1
81414,80717,61403,162131,142817,142120,1
71912,86538,40578,158450,112490,127116,1
26625,74731,77961,101356,104586,152692,1
38057,65863,35619,103920,73676,101482,1
91738,99163,45280,190901,137018,144443,1
76821,75596,93403,152417,170224,168999,1
81273,99174,5467,180447,86740,104641,0
31346,69276,85625,100622,116971,154901,1
60520,32112,41411,92632,101931,73523,1
96600,53300,990,149900,97590,54290,0
46343,70090,21338,116433,67681,91428,0
45552,41754,56319,87306,101871,98073,1
12633,61031,96538,73664,109171,157569,0
66945,59571,8981,126516,75926,68552,1
9159,32249,59245,41408,68404,91494,0
51682,37433,56278,89115,107960,93711,1
84777,77819,52412,162596,137189,130231,1
11478,22872,45814,34350,57292,68686,0
52015,10665,9240,62680,61255,19905,0
67598,72325,97181,139923,164779,169506,1
68393,32830,44462,101223,112855,77292,1
77914,62691,80941,140605,158855,143632,1
29961,58725,79527,88686,109488,138252,1
43915,56594,21278,100509,65193,77872,1
79657,34918,28890,114575,108547,63808,0
92717,43055,87160,135772,179877,130215,1
34074,14392,34407,48466,68481,48799,1
33908,99927,30272,133835,64180,130199,0
46005,34079,16137,80084,62142,50216,1
58950,91137,37159,150087,96109,128296,1
18179,27492,92678,45671,110857,120170,0
47708,77415,73844,125123,121552,151259,1
38620,41942,21294,80562,59914,63236,1
7143,66883,16306,74026,23449,83189,0
14469,23787,1983,38256,16452,25770,0
51605,55999,20437,107604,72042,76436,1
60859,55425,37104,116284,97963,92529,1
24106,37452,13766,61558,37872,51218,1
99716,66769,22235,166485,121951,89004,0
77048,29160,79064,106208,156112,108224,1
61292,51223,40747,112515,102039,91970,1
9639,2444,15152,12083,24791,17596,0
73848,75947,97442,149795,171290,173389,1
95604,20513,42874,116117,138478,63387,0
71347,32522,90096,103869,161443,122618,1
75956,25180,88755,101136,164711,113935,1
68048,81239,35438,149287,103486,116677,1
75882,6759,47578,82641,123460,54337,0
96386,99253,76880,195639,173266,176133,1
69622,45819,85534,115441,155156,131353,1
75151,90379,22402,165530,97553,112781,1
68043,52719,64770,120762,132813,117489,1
95956,90136,63544,186092,159500,153680,1
67971,85812,83474,153783,151445,169286,1
44816,27800,66126,72616,110942,93926,1
98520,11132,21930,109652,120450,33062,0
3225,17174,52840,20399,56065,70014,0
58499,8966,54716,67465,113215,63682,1
32805,37835,20529,70640,53334,58364,1
70278,52020,5374,122298,75652,57394,0
60062,47067,29726,107129,89788,76793,1
65623,20959,54826,86582,120449,75785,1
71045,37140,61028,108185,132073,98168,1
12116,81572,37540,93688,49656,119112,0
14674,31708,43152,46382,57826,74860,1
85391,65391,37692,150782,123083,103083,1
63166,50203,20638,113369,83804,70841,1
40222,75544,752,115766,40974,76296,0
47713,65736,84346,113449,132059,150082,1
42957,4250,5770,47207,48727,10020,0
91923,71567,24069,163490,115992,95636,1
20847,63039,64617,83886,85464,127656,1
32305,42293,10958,74598,43263,53251,1
77284,31803,16731,109087,94015,48534,0
81269,86686,13519,167955,94788,100205,1
80475,76265,72696,156740,153171,148961,1
68912,11788,87507,80700,156419,99295,0
46828,40410,98039,87238,144867,138449,0
80716,38264,67967,118980,148683,106231,1
39570,22409,60629,61979,100199,83038,1
99482,61647,35365,161129,134847,97012,0
15944,6835,88764,22779,104708,95599,0
1288,61716,10631,63004,11919,72347,0
45379,3315,97706,48694,143085,101021,0
60410,30997,43807,91407,104217,74804,1
77672,92592,11613,170264,89285,104205,0
90052,88338,44104,178390,134156,132442,1
85300,74981,89607,160281,174907,164588,1
42410,68687,21707,111097,64117,90394,0
45637,13926,80499,59563,126136,94425,0
12998,76148,62754,89146,75752,138902,0
80111,71287,47579,151398,127690,118866,1
2252,962,54829,3214,57081,55791,0
78658,26968,90464,105626,169122,117432,1
26289,44749,1928,71038,28217,46677,0
38450,83234,45799,121684,84249,129033,1
49828,27855,53312,77683,103140,81167,1
73733,67157,3505,140890,77238,70662,0
67350,32753,31366,100103,98716,64119,0
164,68052,3129,68216,3293,71181,0
62166,33156,63573,95322,125739,96729,1
77827,71335,31628,149162,109455,102963,1
41992,96181,52861,138173,94853,149042,0
41434,78201,64446,119635,105880,142647,1
44172,11560,22939,55732,67111,34499,0
43899,8399,87159,52298,131058,95558,0
33999,81239,4005,115238,38004,85244,0
35355,90833,51927,126188,87282,142760,0
97884,10313,9873,108197,107757,20186,0
6393,22438,7978,28831,14371,30416,0
18438,18485,96529,36923,114967,115014,0
29542,72774,57306,102316,86848,130080,1
21534,92237,17867,113771,39401,110104,0
5171,58123,43864,63294,49035,101987,0
71156,69033,64133,140189,135289,133166,1
97385,90378,43068,187763,140453,133446,1
17970,76904,55110,94874,73080,132014,0
96002,66022,60096,162024,156098,126118,1
668,83219,37262,83887,37930,120481,0
43458,89725,87159,133183,130617,176884,1
52902,37857,89646,90759,142548,127503,1
54480,81368,68570,135848,123050,149938,1
84606,69627,40846,154233,125452,110473,1
70035,58856,44140,128891,114175,102996,1
12999,18794,56966,31793,69965,75760,0
5364,38900,52568,44264,57932,91468,0
22999,57999,69447,80998,92446,127446,1
82391,92164,91380,174555,173771,183544,1
8879,21910,71338,30789,80217,93248,0
50072,20298,18556,70370,68628,38854,0
60328,81060,59328,141388,119656,140388,1
28471,83302,67495,111773,95966,150797,1
53845,28026,48871,81871,102716,76897,1
19942,90284,99691,110226,119633,189975,1
73848,3158,69942,77006,143790,73100,0
603,43055,50283,43658,50886,93338,0
79691,99345,86938,179036,166629,186283,1
59818,27380,68444,87198,128262,95824,1
37728,11828,72481,49556,110209,84309,0
79444,32510,84939,111954,164383,117449,1
85719,60035,43371,145754,129090,103406,1
55001,32410,23877,87411,78878,56287,1
44387,63535,52115,107922,96502,115650,1
98046,15364,28846,113410,126892,44210,0
29759,59514,83463,89273,113222,142977,1
96164,50174,33056,146338,129220,83230,0
14851,75171,54218,90022,69069,129389,0
94474,30376,24991,124850,119465,55367,0
90949,96548,63616,187497,154565,160164,1
14938,52167,18918,67105,33856,71085,0
66150,90212,92815,156362,158965,183027,1
47704,76294,47343,123998,95047,123637,1
20115,13998,15156,34113,35271,29154,1
46479,69412,37682,115891,84161,107094,1
95154,3831,6718,98985,101872,10549,0
92334,28142,96439,120476,188773,124581,1
85602,93898,3132,179500,88734,97030,0
10125,30774,10951,40899,21076,41725,0
49391,22718,43430,72109,92821,66148,1
74701,38250,55720,112951,130421,93970,1
64045,22975,70419,87020,134464,93394,1
35639,91908,33936,127547,69575,125844,0
69174,84909,76208,154083,145382,161117,1
37300,72912,8109,110212,45409,81021,0
90678,11403,27200,102081,117878,38603,0
91385,85496,45708,176881,137093,131204,1
70939,46478,872,117417,71811,47350,0
20156,57597,954,77753,21110,58551,0
71169,4253,68969,75422,140138,73222,1
7023,10774,39296,17797,46319,50070,0
47680,45676,89778,93356,137458,135454,1
12911,33002,50527,45913,63438,83529,0
16783,29734,86091,46517,102874,115825,0
70677,96682,76772,167359,147449,173454,1
46239,75319,7390,121558,53629,82709,0
33848,41439,92461,75287,126309,133900,0
91615,74973,10734,166588,102349,85707,0
31111,49999,90675,81110,121786,140674,0
96651,14975,4391,111626,101042,19366,0
58363,27106,25129,85469,83492,52235,0
21889,28852,23508,50741,45397,52360,1
601,54234,93682,54835,94283,147916,0
17929,47281,41230,65210,59159,88511,1
25847,60277,1126,86124,26973,61403,0
37487,91919,60298,129406,97785,152217,1
82240,25460,82505,107700,164745,107965,1
23990,15032,12387,39022,36377,27419,1
59751,8412,56453,68163,116204,64865,1
38690,21312,59877,60002,98567,81189,1
17637,71878,23269,89515,40906,95147,0
97506,6974,73682,104480,171188,80656,0
82964,31487,43455,114451,126419,74942,0
14105,37381,24030,51486,38135,61411,1
743,80641,72560,81384,73303,153201,0
69596,41609,90367,111205,159963,131976,1
79487,21965,47129,101452,126616,69094,0
51885,72076,59578,123961,111463,131654,1
39515,26650,20794,66165,60309,47444,1
67277,99581,34599,166858,101876,134180,1
92827,26809,33870,119636,126697,60679,0
74294,85691,64788,159985,139082,150479,1
64230,21922,64825,86152,129055,86747,1
53729,16406,79371,70135,133100,95777,0
13927,86948,37019,100875,50946,123967,0
61752,41295,53986,103047,115738,95281,1
62906,95947,40412,158853,103318,136359,1
74958,76958,44146,151916,119104,121104,1
19529,54045,43000,73574,62529,97045,1
29733,75691,82293,105424,112026,157984,1
71193,55948,53385,127141,124578,109333,1
17592,81800,4937,99392,22529,86737,0
87547,56754,78393,144301,165940,135147,1
61942,54839,51575,116781,113517,106414,1
34322,91764,82031,126086,116353,173795,1
41615,99848,94193,141463,135808,194041,1
38726,80055,96348,118781,135074,176403,1
7313,22181,12191,29494,19504,34372,0
85957,48349,45570,134306,131527,93919,1
50867,35292,68388,86159,119255,103680,1
94806,73360,2311,168166,97117,75671,0
94778,33880,60226,128658,155004,94106,0
74669,6907,26409,81576,101078,33316,0
4714,86613,35219,91327,39933,121832,0
84504,55732,55738,140236,140242,111470,1
73313,6046,47733,79359,121046,53779,0
66125,77242,41367,143367,107492,118609,1
54897,72009,71487,126906,126384,143496,1
95598,56351,73608,151949,169206,129959,1
65247,91635,88092,156882,153339,179727,1
89131,93651,42311,182782,131442,135962,1
40733,81547,61016,122280,101749,142563,1
27379,91069,80439,118448,107818,171508,1
61827,57413,81535,119240,143362,138948,1
68075,27667,93992,95742,162067,121659,1
98616,41173,80305,139789,178921,121478,1
21582,1400,92814,22982,114396,94214,0
2751,49972,36007,52723,38758,85979,0
6370,10946,25967,17316,32337,36913,0
68930,20698,48104,89628,117034,68802,0
54938,55508,47594,110446,102532,103102,1
97267,80106,38866,177373,136133,118972,1
3428,73208,5373,76636,8801,78581,0
5938,64858,70044,70796,75982,134902,1
70057,86938,28029,156995,98086,114967,1
96948,3358,28109,100306,125057,31467,0
31976,64200,38055,96176,70031,102255,1
23095,37699,3607,60794,26702,41306,0
62161,94760,53016,156921,115177,147776,1
97296,38955,11448,136251,108744,50403,0
39230,2807,15027,42037,54257,17834,0
12528,14766,97478,27294,110006,112244,0
31993,95200,44789,127193,76782,139989,0
54894,35021,98139,89915,153033,133160,0
85749,92247,14779,177996,100528,107026,1
9501,82551,36474,92052,45975,119025,0
44608,15814,72852,60422,117460,88666,0
86197,44880,80434,131077,166631,125314,1
43702,53888,37367,97590,81069,91255,1
80229,98219,3491,178448,83720,101710,0
32196,76619,68318,108815,100514,144937,1
25091,93512,62381,118603,87472,155893,0
60625,57835,10275,118460,70900,68110,1
74123,82018,91995,156141,166118,174013,1
79689,6916,55419,86605,135108,62335,0
29082,20418,13571,49500,42653,33989,1
85813,65098,14622,150911,100435,79720,0
33936,26280,84705,60216,118641,110985,0
22109,88,27051,22197,49160,27139,0
66596,64558,5261,131154,71857,69819,1
62556,30206,94375,92762,156931,124581,0
54472,65658,60193,120130,114665,125851,1
42501,84523,18213,127024,60714,102736,0
50085,51528,78123,101613,128208,129651,1
22898,50677,43146,73575,66044,93823,1
55194,59346,63403,114540,118597,122749,1
35919,21950,52449,57869,88368,74399,1
45958,18122,68804,64080,114762,86926,0
4155,86689,31208,90844,35363,117897,0
81676,90726,34242,172402,115918,124968,1
84116,84886,36808,169002,120924,121694,1
1969,85804,72318,87773,74287,158122,0
77048,5747,92752,82795,169800,98499,0
25496,93503,71059,118999,96555,164562,1
45249,19324,42353,64573,87602,61677,1
62420,18640,26953,81060,89373,45593,0
92151,84665,11659,176816,103810,96324,1
52917,53711,23010,106628,75927,76721,1
4499,69756,57793,74255,62292,127549,0
55197,60102,21389,115299,76586,81491,1
568,30780,89531,31348,90099,120311,0
69860,83410,13494,153270,83354,96904,0
89790,41286,3652,131076,93442,44938,0
75686,25181,85703,100867,161389,110884,1
51300,63049,76828,114349,128128,139877,1
38858,21197,75444,60055,114302,96641,0
92661,51682,32842,144343,125503,84524,0
86269,19127,84475,105396,170744,103602,1
9786,5139,11112,14925,20898,16251,1
99670,40481,70612,140151,170282,111093,1
19062,16677,9631,35739,28693,26308,1
53751,33443,88609,87194,142360,122052,0
58213,56479,56986,114692,115199,113465,1
51221,35950,25293,87171,76514,61243,1
88086,63741,85790,151827,173876,149531,1
39990,24543,76626,64533,116616,101169,0
15287,21490,63697,36777,78984,85187,0
23626,49546,71390,73172,95016,120936,1
61719,16068,28292,77787,90011,44360,0
25497,74754,5011,100251,30508,79765,0
34534,92117,56141,126651,90675,148258,0
65833,27438,5419,93271,71252,32857,0
87292,47572,20953,134864,108245,68525,0
95588,9339,93911,104927,189499,103250,1
53231,70588,41445,123819,94676,112033,1
16962,76226,59967,93188,76929,136193,1
88222,88315,36482,176537,124704,124797,1
763,94336,17185,95099,17948,111521,0
89366,39190,51948,128556,141314,91138,1
64378,94108,25452,158486,89830,119560,0
73180,33652,70518,106832,143698,104170,1
34839,59461,72985,94300,107824,132446,1
11768,38943,39454,50711,51222,78397,1
89467,81428,63384,170895,152851,144812,1
38622,32335,79186,70957,117808,111521,0
28178,15764,75060,43942,103238,90824,0
69611,89332,60639,158943,130250,149971,1
80222,11591,13126,91813,93348,24717,0
37054,38750,56649,75804,93703,95399,1
72832,70456,42728,143288,115560,113184,1
2497,92816,4991,95313,7488,97807,0
1827,41409,19452,43236,21279,60861,0
89009,55938,38068,144947,127077,94006,1
71972,94065,79995,166037,151967,174060,1
94311,42985,57727,137296,152038,100712,1
18071,16891,80894,34962,98965,97785,0
50837,10944,39408,61781,90245,50352,0
1460,12892,42196,14352,43656,55088,0
91547,10637,30487,102184,122034,41124,0
27382,45248,9703,72630,37085,54951,0
57462,87543,54256,145005,111718,141799,1
54726,85072,61612,139798,116338,146684,1
66608,10919,26774,77527,93382,37693,0
7817,60902,44674,68719,52491,105576,0
91495,14153,32941,105648,124436,47094,0
16202,86165,6619,102367,22821,92784,0
66534,49707,81113,116241,147647,130820,1
55765,74110,58800,129875,114565,132910,1
44607,24121,25042,68728,69649,49163,1
20386,52442,43488,72828,63874,95930,1
45941,10371,28981,56312,74922,39352,0
61388,29272,28517,90660,89905,57789,0
21783,52476,25111,74259,46894,77587,0
94301,84088,12732,178389,107033,96820,1
8307,64406,21557,72713,29864,85963,0
66319,96137,54257,162456,120576,150394,1
69036,9385,83055,78421,152091,92440,0
89022,52392,98355,141414,187377,150747,1
35538,52394,151,87932,35689,52545,0
16640,15953,42672,32593,59312,58625,0
41526,33276,36509,74802,78035,69785,1
7261,53633,69939,60894,77200,123572,0
32066,89798,74217,121864,106283,164015,1
82043,21426,67240,103469,149283,88666,1
30333,30794,33695,61127,64028,64489,1
53711,88661,91825,142372,145536,180486,1
64054,53326,33312,117380,97366,86638,1
56490,67,85949,56557,142439,86016,0
72498,51507,22512,124005,95010,74019,1
32440,7260,67939,39700,100379,75199,0
59459,67680,77530,127139,136989,145210,1
97389,19703,79885,117092,177274,99588,1
840,89762,29824,90602,30664,119586,0
16953,14847,28373,31800,45326,43220,1
21042,66815,97630,87857,118672,164445,0
19554,90074,8470,109628,28024,98544,0
26767,19611,96763,46378,123530,116374,0
37713,38683,84173,76396,121886,122856,0
23322,77009,99848,100331,123170,176857,1
86980,66204,86443,153184,173423,152647,1
40440,87352,6578,127792,47018,93930,0
3553,68737,76043,72290,79596,144780,0
74998,18824,15474,93822,90472,34298,0
57843,20941,43647,78784,101490,64588,1
64699,35753,34551,100452,99250,70304,1
68505,3805,73009,72310,141514,76814,0
92789,20588,68327,113377,161116,88915,0
48167,89153,54296,137320,102463,143449,1
57579,20958,54648,78537,112227,75606,1
18262,39015,78458,57277,96720,117473,0
7381,90161,15923,97542,23304,106084,0
11561,92124,4048,103685,15609,96172,0
55153,31882,10236,87035,65389,42118,0
84566,89990,21236,174556,105802,111226,1
82808,75456,62397,158264,145205,137853,1
79742,39835,9380,119577,89122,49215,0
48154,62310,71666,110464,119820,133976,1
69970,55029,28038,124999,98008,83067,1
81765,9314,43061,91079,124826,52375,0
23843,70126,91217,93969,115060,161343,1
44811,23975,76954,68786,121765,100929,0
66436,47777,73333,114213,139769,121110,1
8715,56170,27161,64885,35876,83331,0
92752,34998,15462,127750,108214,50460,0
62255,21884,80851,84139,143106,102735,1
29007,53607,56413,82614,85420,110020,1
73304,88101,83248,161405,156552,171349,1
90993,67606,35599,158599,126592,103205,1
76829,48089,76417,124918,153246,124506,1
62604,93417,84661,156021,147265,178078,1
86258,77380,22857,163638,109115,100237,1
81842,70825,63646,152667,145488,134471,1
39981,1065,7771,41046,47752,8836,0
30937,41015,89485,71952,120422,130500,0
2868,93000,18154,95868,21022,111154,0
9142,5410,89301,14552,98443,94711,0
21701,51045,23331,72746,45032,74376,0
42320,46262,65149,88582,107469,111411,1
93474,23629,76895,117103,170369,100524,1
30945,20093,54802,51038,85747,74895,0
92306,46328,74437,138634,166743,120765,1
98310,39837,50012,138147,148322,89849,0
33180,54502,27390,87682,60570,81892,1
6226,64954,23300,71180,29526,88254,0
80350,86211,58670,166561,139020,144881,1
42480,27024,39420,69504,81900,66444,1
44421,75734,77302,120155,121723,153036,1
9362,95676,89250,105038,98612,184926,1
69936,23275,73364,93211,143300,96639,1
92262,10292,37108,102554,129370,47400,0
76624,19061,12323,95685,88947,31384,0
58251,99776,44600,158027,102851,144376,1
85011,27602,65585,112613,150596,93187,1
45421,15688,35317,61109,80738,51005,1
73364,56054,5820,129418,79184,61874,0
35944,56692,8593,92636,44537,65285,0
53196,51808,4315,105004,57511,56123,1
41091,89466,48476,130557,89567,137942,1
58817,25097,6996,83914,65813,32093,0
92832,10740,33620,103572,126452,44360,0
75063,85630,64132,160693,139195,149762,1
22568,41924,17308,64492,39876,59232,0
57889,84198,94149,142087,152038,178347,1
11732,12446,95248,24178,106980,107694,0
13242,96875,17786,110117,31028,114661,0
46803,12883,73662,59686,120465,86545,0
50420,21403,90900,71823,141320,112303,0
43189,10260,11712,53449,54901,21972,0
43654,21560,5013,65214,48667,26573,0
10323,72635,58742,82958,69065,131377,0
40199,14308,71523,54507,111722,85831,0
32368,97440,2232,129808,34600,99672,0
78933,45538,18721,124471,97654,64259,0
12827,68651,1562,81478,14389,70213,0
76408,46381,99929,122789,176337,146310,1
45063,1671,6071,46734,51134,7742,0
74283,58475,96561,132758,170844,155036,1
4190,66397,97320,70587,101510,163717,0
41111,96143,66089,137254,107200,162232,1
99436,88970,97881,188406,197317,186851,1
48976,22332,96823,71308,145799,119155,0
42417,66094,30652,108511,73069,96746,1
74122,3075,14541,77197,88663,17616,0
80206,47670,67218,127876,147424,114888,1
17498,41330,32976,58828,50474,74306,1
9835,67298,31592,77133,41427,98890,0
19104,18470,18108,37574,37212,36578,1
66624,50997,60971,117621,127595,111968,1
25357,51907,87272,77264,112629,139179,0
69742,22640,42212,92382,111954,64852,0
1423,77221,81706,78644,83129,158927,0
62951,43384,90248,106335,153199,133632,1
61768,20590,50741,82358,112509,71331,1
53895,18570,5534,72465,59429,24104,0
43763,22412,4232,66175,47995,26644,0
31402,66792,86683,98194,118085,153475,1
73001,14604,21985,87605,94986,36589,0
10249,45034,9239,55283,19488,54273,0
73046,4307,46555,77353,119601,50862,0
82890,8659,20988,91549,103878,29647,0
47156,66421,83048,113577,130204,149469,1
61030,15626,31405,76656,92435,47031,0
86949,96795,75027,183744,161976,171822,1
23995,21577,18333,45572,42328,39910,1
49796,9282,14727,59078,64523,24009,0
54853,69914,21781,124767,76634,91695,1
64050,5945,30882,69995,94932,36827,0
38894,22398,26353,61292,65247,48751,1
82957,30852,82430,113809,165387,113282,1
77811,17066,80728,94877,158539,97794,1
474,41593,89223,42067,89697,130816,0
65156,75006,431,140162,65587,75437,0
21179,28068,57553,49247,78732,85621,0
78486,64715,8425,143201,86911,73140,0
42421,11512,79598,53933,122019,91110,0
41937,24609,22624,66546,64561,47233,1
98996,73569,78502,172565,177498,152071,1
66285,75733,14819,142018,81104,90552,1
40145,43845,2184,83990,42329,46029,0
6675,84860,69873,91535,76548,154733,0
6712,91404,27897,98116,34609,119301,0
57798,44490,10041,102288,67839,54531,0
1318,89492,70057,90810,71375,159549,0
95261,50584,98562,145845,193823,149146,1
95466,19120,15406,114586,110872,34526,0
34905,17717,63996,52622,98901,81713,0
14648,83299,9461,97947,24109,92760,0
12568,89064,27202,101632,39770,116266,0
12270,72292,366,84562,12636,72658,0
57605,89179,41038,146784,98643,130217,1
81735,97030,72789,178765,154524,169819,1
41261,17170,83621,58431,124882,100791,0
11247,35390,10842,46637,22089,46232,0
40337,90522,66998,130859,107335,157520,1
54115,2242,83442,56357,137557,85684,0
21748,574,81253,22322,103001,81827,0
35,20062,52398,20097,52433,72460,0
50658,25525,75586,76183,126244,101111,1
40657,49666,72555,90323,113212,122221,1
27527,94702,87547,122229,115074,182249,1
83698,78256,60851,161954,144549,139107,1
98734,24714,87065,123448,185799,111779,1
40249,59124,2608,99373,42857,61732,0
38347,51827,90004,90174,128351,141831,1
53864,58171,12034,112035,65898,70205,1
72273,33344,23228,105617,95501,56572,0
79707,43540,58239,123247,137946,101779,1
49631,17376,56674,67007,106305,74050,1
3233,44915,20675,48148,23908,65590,0
40610,53760,95515,94370,136125,149275,0
43504,18131,4111,61635,47615,22242,0
29838,17329,88408,47167,118246,105737,0
49229,98616,73602,147845,122831,172218,1
8084,80948,31445,89032,39529,112393,0
26257,11874,40735,38131,66992,52609,0
22463,67574,65900,90037,88363,133474,1
54620,69745,83694,124365,138314,153439,1
55110,56435,29523,111545,84633,85958,1
451,93878,74540,94329,74991,168418,0
54242,12566,67168,66808,121410,79734,0
31558,63355,68991,94913,100549,132346,1
85570,74068,49874,159638,135444,123942,1
55451,7181,35936,62632,91387,43117,0
34025,77839,64049,111864,98074,141888,1
76276,10214,41360,86490,117636,51574,0
53835,25135,64969,78970,118804,90104,1
16831,75129,678,91960,17509,75807,0
88114,2741,8818,90855,96932,11559,0
39679,69357,21684,109036,61363,91041,0
47988,16825,48491,64813,96479,65316,1
95014,76333,85571,171347,180585,161904,1
81316,9923,34294,91239,115610,44217,0
15947,97391,56072,113338,72019,153463,0
94609,39454,45046,134063,139655,84500,0
31068,90846,77156,121914,108224,168002,1
37995,74409,78340,112404,116335,152749,1
5221,81124,85924,86345,91145,167048,1
54151,99335,37211,153486,91362,136546,0
56410,7008,15543,63418,71953,22551,0
69149,58960,16813,128109,85962,75773,1
23935,32322,80218,56257,104153,112540,0
94805,82342,93606,177147,188411,175948,1
96529,85596,5080,182125,101609,90676,0
68998,81591,81529,150589,150527,163120,1
13611,19507,64534,33118,78145,84041,0
32218,68129,72061,100347,104279,140190,1
39532,70175,8991,109707,48523,79166,0
50136,7144,1883,57280,52019,9027,0
58756,81251,11932,140007,70688,93183,0
39964,73650,91564,113614,131528,165214,1
95950,64654,46450,160604,142400,111104,1
66831,66325,47243,133156,114074,113568,1
49662,90925,34447,140587,84109,125372,0
28787,28644,90333,57431,119120,118977,0
34468,57127,22223,91595,56691,79350,0
30731,57018,37787,87749,68518,94805,1
68731,3390,96334,72121,165065,99724,0
12092,90273,73392,102365,85484,163665,0
87136,68877,25841,156013,112977,94718,1
45224,70583,10661,115807,55885,81244,0
7424,96322,51034,103746,58458,147356,0
34360,51952,12762,86312,47122,64714,0
96047,69963,80694,166010,176741,150657,1
59126,77946,58548,137072,117674,136494,1
90092,60026,86452,150118,176544,146478,1
1355,48842,59255,50197,60610,108097,0
30873,65477,12937,96350,43810,78414,0
64894,30815,99183,95709,164077,129998,0
47442,61957,50594,109399,98036,112551,1
92149,94786,14373,186935,106522,109159,1
78755,13714,78069,92469,156824,91783,1
48367,87887,92791,136254,141158,180678,1
96287,47162,16326,143449,112613,63488,0
71180,57766,4114,128946,75294,61880,0
34370,31237,77424,65607,111794,108661,0
52709,84490,43933,137199,96642,128423,1
2246,39995,2388,42241,4634,42383,0
8910,52248,5649,61158,14559,57897,0
93243,82665,34987,175908,128230,117652,1
25315,93189,83736,118504,109051,176925,1
53218,94027,17819,147245,71037,111846,0
23547,84364,64143,107911,87690,148507,1
43258,1420,91330,44678,134588,92750,0
9714,75649,45481,85363,55195,121130,0
89276,91887,91401,181163,180677,183288,1
13324,84477,81724,97801,95048,166201,1
49402,8646,94289,58048,143691,102935,0
2511,81316,3087,83827,5598,84403,0
5508,29735,47129,35243,52637,76864,0
57239,2173,74835,59412,132074,77008,0
51039,36100,52512,87139,103551,88612,1
63351,35036,24669,98387,88020,59705,0
37877,83525,71730,121402,109607,155255,1
14653,63362,40596,78015,55249,103958,0
93843,49504,65757,143347,159600,115261,1
73396,29181,40006,102577,113402,69187,0
67058,16823,86666,83881,153724,103489,0
22652,11520,35490,34172,58142,47010,0
67659,91711,71698,159370,139357,163409,1
7508,75279,36804,82787,44312,112083,0
47673,35993,23922,83666,71595,59915,1
21291,69548,32880,90839,54171,102428,0
43779,2226,45998,46005,89777,48224,1
59919,97856,52784,157775,112703,150640,1
7321,24202,26702,31523,34023,50904,1
71491,85370,27822,156861,99313,113192,1
77552,60623,41268,138175,118820,101891,1
57949,44648,41921,102597,99870,86569,1
49928,18104,58146,68032,108074,76250,1
67093,90303,28478,157396,95571,118781,1
93255,94524,4104,187779,97359,98628,1
77435,62632,2110,140067,79545,64742,0
31703,61287,63341,92990,95044,124628,1
31654,12552,40826,44206,72480,53378,1
16015,10147,13368,26162,29383,23515,1
51924,71817,75434,123741,127358,147251,1
78114,64582,89885,142696,167999,154467,1
98589,71852,48586,170441,147175,120438,1
57040,85749,77240,142789,134280,162989,1
87941,32602,60823,120543,148764,93425,1
82172,66791,86070,148963,168242,152861,1
44476,35410,60139,79886,104615,95549,1
55354,31265,19928,86619,75282,51193,0
61671,28773,27157,90444,88828,55930,0
93349,3216,49437,96565,142786,52653,0
88763,86937,2288,175700,91051,89225,1
88785,58249,26697,147034,115482,84946,0
68731,48127,52943,116858,121674,101070,1
97849,43548,50768,141397,148617,94316,0
26143,42983,67728,69126,93871,110711,1
17393,16351,41121,33744,58514,57472,0
55769,80301,30390,136070,86159,110691,1
54877,40431,37124,95308,92001,77555,1
66440,85689,5652,152129,72092,91341,0
46712,2356,79996,49068,126708,82352,0
73985,9863,91150,83848,165135,101013,0
37360,14966,6607,52326,43967,21573,0
33145,12138,39812,45283,72957,51950,1
91353,70962,25594,162315,116947,96556,1
89746,89893,7726,179639,97472,97619,1
66034,84587,34797,150621,100831,119384,1
70289,52582,21542,122871,91831,74124,1
78871,22309,43448,101180,122319,65757,0
5964,15502,89827,21466,95791,105329,0
35394,98999,17843,134393,53237,116842,0
41222,83466,53132,124688,94354,136598,1
53384,91832,37866,145216,91250,129698,0
94038,6687,84445,100725,178483,91132,0
71996,78723,70727,150719,142723,149450,1
44919,32425,99174,77344,144093,131599,0
22297,38011,90412,60308,112709,128423,0
82912,84792,1167,167704,84079,85959,0
3820,50766,94344,54586,98164,145110,0
84076,21243,87333,105319,171409,108576,1
73683,21123,84303,94806,157986,105426,1
99783,14802,86974,114585,186757,101776,1
77158,57876,44772,135034,121930,102648,1
22870,34684,64017,57554,86887,98701,0
13377,63748,60402,77125,73779,124150,1
64369,11809,39715,76178,104084,51524,0
35795,27954,33419,63749,69214,61373,1
17768,5428,64574,23196,82342,70002,0
46387,3541,3040,49928,49427,6581,0
39184,42501,88137,81685,127321,130638,0
32749,33601,17909,66350,50658,51510,1
22689,72955,38011,95644,60700,110966,0
48326,51998,59877,100324,108203,111875,1
46071,37256,68132,83327,114203,105388,1
10183,7222,35254,17405,45437,42476,0
96541,44994,87210,141535,183751,132204,1
89545,1031,38300,90576,127845,39331,0
25616,74048,98234,99664,123850,172282,1
47506,22490,56992,69996,104498,79482,1
66690,18454,56109,85144,122799,74563,1
35524,99768,83289,135292,118813,183057,1
72762,63688,39323,136450,112085,103011,1
28380,34669,7677,63049,36057,42346,1
27352,55897,21079,83249,48431,76976,0
2608,26653,80059,29261,82667,106712,0
47111,47301,32551,94412,79662,79852,1
54379,70940,6156,125319,60535,77096,0
29036,43696,84991,72732,114027,128687,0
42145,16217,62380,58362,104525,78597,0
11635,34162,54233,45797,65868,88395,0
33566,16482,82539,50048,116105,99021,0
23796,69339,60457,93135,84253,129796,1
923,89088,23659,90011,24582,112747,0
41142,70163,56891,111305,98033,127054,1
84840,3579,66805,88419,151645,70384,0
26028,44104,74917,70132,100945,119021,0
57642,15940,88587,73582,146229,104527,0
71105,77304,73211,148409,144316,150515,1
90019,19377,35040,109396,125059,54417,0
13003,73660,47551,86663,60554,121211,0
14723,49122,75584,63845,90307,124706,0
57681,21866,27211,79547,84892,49077,0
1686,66528,11830,68214,13516,78358,0
10259,16124,98497,26383,108756,114621,0
93128,66240,80709,159368,173837,146949,1
69545,47364,84588,116909,154133,131952,1
63013,83492,77116,146505,140129,160608,1
78491,78704,26443,157195,104934,105147,1
10343,6043,41484,16386,51827,47527,0
24110,9975,5357,34085,29467,15332,0
76338,38186,69194,114524,145532,107380,1
86464,28053,90936,114517,177400,118989,1
75541,40578,57247,116119,132788,97825,1
70870,9251,83047,80121,153917,92298,0
86213,79466,91234,165679,177447,170700,1
62495,16390,30705,78885,93200,47095,0
26250,81053,88234,107303,114484,169287,1
54326,88967,44399,143293,98725,133366,1
26624,79870,97666,106494,124290,177536,1
20827,51627,19643,72454,40470,71270,0
43102,78600,15570,121702,58672,94170,0
97626,46179,89266,143805,186892,135445,1
9198,86021,90577,95219,99775,176598,1
62954,43301,15027,106255,77981,58328,0
7269,2171,9733,9440,17002,11904,0
16673,75386,25756,92059,42429,101142,0
70215,74480,12764,144695,82979,87244,1
84545,80995,25607,165540,110152,106602,1
36665,75676,13596,112341,50261,89272,0
20292,80198,88821,100490,109113,169019,1
72771,60600,46973,133371,119744,107573,1
22808,46253,9318,69061,32126,55571,0
62423,78625,5418,141048,67841,84043,0
25773,1355,95008,27128,120781,96363,0
23868,89655,11304,113523,35172,100959,0
86647,34715,8550,121362,95197,43265,0
56033,27105,26214,83138,82247,53319,0
23759,71976,90296,95735,114055,162272,1
61819,30821,79614,92640,141433,110435,1
78886,99470,64195,178356,143081,163665,1
38749,59343,15757,98092,54506,75100,0
74103,52391,23933,126494,98036,76324,1
70200,85929,70542,156129,140742,156471,1
23897,65047,91610,88944,115507,156657,0
93697,56929,33979,150626,127676,90908,0
58578,97294,984,155872,59562,98278,0
27952,35803,51668,63755,79620,87471,1
64521,19220,83428,83741,147949,102648,1
52572,32353,4062,84925,56634,36415,0
45611,22179,99509,67790,145120,121688,0
75512,25631,16978,101143,92490,42609,0
33101,91716,80188,124817,113289,171904,1
95253,65481,85778,160734,181031,151259,1
48270,50643,79193,98913,127463,129836,1
85250,68881,39217,154131,124467,108098,1
25098,55691,19272,80789,44370,74963,0
33104,50463,64249,83567,97353,114712,1
88882,23247,74993,112129,163875,98240,1
26820,3320,25889,30140,52709,29209,1
48410,3495,85199,51905,133609,88694,0
68227,84570,57931,152797,126158,142501,1
66523,49260,79314,115783,145837,128574,1
38335,51878,85163,90213,123498,137041,1
34348,84962,65647,119310,99995,150609,1
37190,92990,63538,130180,100728,156528,1
17527,83221,91747,100748,109274,174968,1
53530,90733,2318,144263,55848,93051,0
11595,21193,82486,32788,94081,103679,0
11688,6190,53277,17878,64965,59467,0
32586,82842,79734,115428,112320,162576,1
98395,11389,95955,109784,194350,107344,1
36869,67210,87642,104079,124511,154852,1
80825,18673,57954,99498,138779,76627,0
84751,9869,32189,94620,116940,42058,0
68824,34871,66849,103695,135673,101720,1
93317,95757,96534,189074,189851,192291,1
15452,62010,8301,77462,23753,70311,0
63082,30423,89225,93505,152307,119648,1
23954,55643,20867,79597,44821,76510,0
45057,48690,15991,93747,61048,64681,1
75714,3218,89227,78932,164941,92445,0
87535,57346,89018,144881,176553,146364,1
94773,53390,40645,148163,135418,94035,0
62339,42145,85980,104484,148319,128125,1
722,85035,24024,85757,24746,109059,0
33388,24707,1679,58095,35067,26386,0
6843,70025,68136,76868,74979,138161,1
75940,34232,24499,110172,100439,58731,0
77057,45290,24552,122347,101609,69842,0
61628,57026,66843,118654,128471,123869,1
93024,45246,35115,138270,128139,80361,0
64592,47527,94998,112119,159590,142525,1
55252,94220,67129,149472,122381,161349,1
75955,74699,43072,150654,119027,117771,1
44846,74267,70162,119113,115008,144429,1
91837,82949,45467,174786,137304,128416,1
55343,26336,69855,81679,125198,96191,1
13878,72804,60078,86682,73956,132882,1
17238,50553,89693,67791,106931,140246,0
65884,50185,99858,116069,165742,150043,1
77201,70614,75451,147815,152652,146065,1
11217,91143,67584,102360,78801,158727,0
24301,75179,90748,99480,115049,165927,1
55735,80432,3370,136167,59105,83802,0
80107,74927,55427,155034,135534,130354,1
33414,80224,62395,113638,95809,142619,1
9123,13262,78535,22385,87658,91797,0
55499,77904,89801,133403,145300,167705,1
20967,84281,18071,105248,39038,102352,0
79645,2731,15553,82376,95198,18284,0
95035,90073,99265,185108,194300,189338,1
91342,95961,96148,187303,187490,192109,1
14406,39398,70775,53804,85181,110173,0
30753,47444,12969,78197,43722,60413,0
63719,95505,6235,159224,69954,101740,0
87466,53045,82008,140511,169474,135053,1
23792,18835,2397,42627,26189,21232,0
88525,1702,3772,90227,92297,5474,0
11435,16494,24371,27929,35806,40865,1
94192,38400,2406,132592,96598,40806,0
9793,92814,1466,102607,11259,94280,0
73550,17946,60031,91496,133581,77977,1
63051,46121,78167,109172,141218,124288,1
4924,74581,76386,79505,81310,150967,1
91196,52410,80969,143606,172165,133379,1
94815,36452,48742,131267,143557,85194,0
46453,1181,27053,47634,73506,28234,0
87491,70531,43372,158022,130863,113903,1
78713,96810,34328,175523,113041,131138,1
5841,42670,6549,48511,12390,49219,0
58102,40132,43586,98234,101688,83718,1
56778,77005,96853,133783,153631,173858,1
54442,13048,62100,67490,116542,75148,1
20424,11957,4520,32381,24944,16477,0
95499,76293,62972,171792,158471,139265,1
27819,55983,59648,83802,87467,115631,1
6670,14089,75229,20759,81899,89318,0
97513,33181,98396,130694,195909,131577,1
75408,13353,96936,88761,172344,110289,0
83498,2501,27274,85999,110772,29775,0
14984,69419,14098,84403,29082,83517,0
44078,26975,34665,71053,78743,61640,1
52456,64497,16479,116953,68935,80976,1
73123,45942,34064,119065,107187,80006,1
23954,64959,2902,88913,26856,67861,0
20395,53751,43547,74146,63942,97298,1
2431,69939,68004,72370,70435,137943,1
63594,28282,3574,91876,67168,31856,0
67098,22860,70489,89958,137587,93349,1
66730,14098,50295,80828,117025,64393,0
55076,17555,69052,72631,124128,86607,1
73087,75323,65016,148410,138103,140339,1
56636,77971,41345,134607,97981,119316,1
6914,97322,19991,104236,26905,117313,0
26105,22643,21259,48748,47364,43902,1
31373,93789,56951,125162,88324,150740,0
9498,47294,21125,56792,30623,68419,0
46306,16639,41048,62945,87354,57687,1
49291,47249,90196,96540,139487,137445,1
50536,91165,48689,141701,99225,139854,1
12665,1823,10866,14488,23531,12689,1
17420,54992,12266,72412,29686,67258,0
97933,12127,97545,110060,195478,109672,1
28103,17246,56025,45349,84128,73271,0
90750,75119,90771,165869,181521,165890,1
32462,17097,48097,49559,80559,65194,1
57862,25145,30585,83007,88447,55730,0
70853,36016,64493,106869,135346,100509,1
97584,3566,16871,101150,114455,20437,0
6491,93626,87385,100117,93876,181011,1
38835,17614,93809,56449,132644,111423,0
86935,72228,46476,159163,133411,118704,1
1559,28749,24468,30308,26027,53217,0
28095,97279,25165,125374,53260,122444,0
72337,33095,77522,105432,149859,110617,1
30856,43488,41589,74344,72445,85077,1
35271,60255,60759,95526,96030,121014,1
56106,45057,63181,101163,119287,108238,1
60959,28356,91730,89315,152689,120086,0
60532,70054,24288,130586,84820,94342,1
78207,27034,29969,105241,108176,57003,0
52754,87054,87707,139808,140461,174761,1
5608,11623,59910,17231,65518,71533,0
2505,51101,17124,53606,19629,68225,0
11699,71863,12805,83562,24504,84668,0
7953,26997,76631,34950,84584,103628,0
24457,30271,81388,54728,105845,111659,0
25029,18121,95010,43150,120039,113131,0
38077,25791,23131,63868,61208,48922,1
97612,65246,73177,162858,170789,138423,1
74051,93847,63912,167898,137963,157759,1
62070,3710,80369,65780,142439,84079,0
81096,23613,68071,104709,149167,91684,1
63002,53025,31851,116027,94853,84876,1
50342,45042,20228,95384,70570,65270,1
26135,74138,90561,100273,116696,164699,1
24562,60252,66991,84814,91553,127243,1
32474,63174,94431,95648,126905,157605,1
59511,71728,81680,131239,141191,153408,1
47693,8547,54147,56240,101840,62694,1
2666,95855,49433,98521,52099,145288,0
4795,49832,27603,54627,32398,77435,0
74462,41596,93680,116058,168142,135276,1
31825,61131,45750,92956,77575,106881,1
778,1298,62027,2076,62805,63325,0
71725,82537,99923,154262,171648,182460,1
54817,75678,11830,130495,66647,87508,0
69893,45046,86308,114939,156201,131354,1
25798,86030,13217,111828,39015,99247,0
60639,30135,60569,90774,121208,90704,1
85229,24651,76392,109880,161621,101043,1
20826,43805,86031,64631,106857,129836,0
50993,97687,79749,148680,130742,177436,1
43856,76898,37122,120754,80978,114020,1
40701,35492,34139,76193,74840,69631,1
47065,95331,9718,142396,56783,105049,0
33940,1888,97433,35828,131373,99321,0
90668,79871,99616,170539,190284,179487,1
5480,16872,55744,22352,61224,72616,0
37675,365,96473,38040,134148,96838,0
70125,63665,86813,133790,156938,150478,1
24729,81600,3801,106329,28530,85401,0
76759,41236,61690,117995,138449,102926,1
15077,92872,24395,107949,39472,117267,0
18866,83393,63126,102259,81992,146519,0
51211,66133,25603,117344,76814,91736,1
32700,84429,10160,117129,42860,94589,0
70943,51084,80139,122027,151082,131223,1
40475,62771,24878,103246,65353,87649,1
2614,5640,64818,8254,67432,70458,0
94635,18372,52339,113007,146974,70711,0
98024,60515,89063,158539,187087,149578,1
91734,73677,16174,165411,107908,89851,0
16773,37370,34515,54143,51288,71885,1
53257,51419,30853,104676,84110,82272,1
39530,44057,16096,83587,55626,60153,1
57472,26767,18251,84239,75723,45018,0
34069,4604,25323,38673,59392,29927,0
29985,27989,87788,57974,117773,115777,0
957,25956,68472,26913,69429,94428,0
28316,81399,13253,109715,41569,94652,0
36037,2645,901,38682,36938,3546,0
43,53352,41137,53395,41180,94489,0
43782,98355,35865,142137,79647,134220,0
91016,12171,87718,103187,178734,99889,1
75407,57895,14041,133302,89448,71936,0
1959,52010,57864,53969,59823,109874,0
36231,83196,65987,119427,102218,149183,1
53777,83067,99021,136844,152798,182088,1
58854,67,60300,58921,119154,60367,0
85728,48001,32136,133729,117864,80137,0
73046,72603,11406,145649,84452,84009,1
48826,11870,76145,60696,124971,88015,0
30469,53664,61051,84133,91520,114715,1
32138,28019,2191,60157,34329,30210,0
77196,57679,1878,134875,79074,59557,0
62268,25736,56066,88004,118334,81802,1
95114,34402,75801,129516,170915,110203,1
44581,21528,90883,66109,135464,112411,0
70196,49661,79520,119857,149716,129181,1
7648,16081,82964,23729,90612,99045,0
4894,93259,56319,98153,61213,149578,0
98483,79676,19540,178159,118023,99216,1
14014,21431,61240,35445,75254,82671,0
66144,26276,30395,92420,96539,56671,0
68821,73626,59344,142447,128165,132970,1
9825,73618,11353,83443,21178,84971,0
31088,43502,12974,74590,44062,56476,1
70696,95333,67326,166029,138022,162659,1
98912,10817,15176,109729,114088,25993,0
74652,21223,80455,95875,155107,101678,1
51041,61838,55130,112879,106171,116968,1
33922,13492,41294,47414,75216,54786,1
44293,6268,45233,50561,89526,51501,1
36906,52674,72163,89580,109069,124837,1
71880,7463,40982,79343,112862,48445,0
68078,82502,33595,150580,101673,116097,1
5279,57852,73302,63131,78581,131154,0
5842,49636,2777,55478,8619,52413,0
79828,54519,86912,134347,166740,141431,1
28642,65251,88996,93893,117638,154247,1
71876,28041,54820,99917,126696,82861,1
60717,46818,58946,107535,119663,105764,1
96075,27440,43597,123515,139672,71037,0
89140,54564,60652,143704,149792,115216,1
81095,50835,34468,131930,115563,85303,1
39495,74857,38582,114352,78077,113439,1
92633,87533,79702,180166,172335,167235,1
23193,10810,959,34003,24152,11769,0
14163,27704,58286,41867,72449,85990,0
40556,48819,85660,89375,126216,134479,1
50453,51949,43944,102402,94397,95893,1
73224,77379,71390,150603,144614,148769,1
38345,29896,7240,68241,45585,37136,0
6213,44426,20456,50639,26669,64882,0
70093,22087,31717,92180,101810,53804,0
53962,90828,99913,144790,153875,190741,1
97813,36787,2636,134600,100449,39423,0
21984,75615,37780,97599,59764,113395,0
47348,26088,13606,73436,60954,39694,0
13765,42770,10501,56535,24266,53271,0
35217,70555,55392,105772,90609,125947,1
80320,73307,84314,153627,164634,157621,1
78875,96286,34147,175161,113022,130433,1
57237,40295,75931,97532,133168,116226,1
16425,39762,22596,56187,39021,62358,0
25051,90698,65809,115749,90860,156507,1
94959,63098,64850,158057,159809,127948,1
23904,8811,86930,32715,110834,95741,0
8201,89031,39068,97232,47269,128099,0
93458,55142,65280,148600,158738,120422,1
47586,67591,85776,115177,133362,153367,1
21070,21822,35550,42892,56620,57372,1
2614,97676,11087,100290,13701,108763,0
13867,88143,92195,102010,106062,180338,1
19834,44224,38042,64058,57876,82266,1
71199,8609,80023,79808,151222,88632,0
6886,83664,75331,90550,82217,158995,0
73400,89769,14778,163169,88178,104547,0
41612,36765,30908,78377,72520,67673,1
35643,95033,31926,130676,67569,126959,0
37768,25518,14586,63286,52354,40104,1
58941,62197,7665,121138,66606,69862,1
53423,71228,47365,124651,100788,118593,1
47880,97804,64426,145684,112306,162230,1
46804,19085,97528,65889,144332,116613,0
56622,93065,86382,149687,143004,179447,1
10993,27703,24781,38696,35774,52484,1
52653,52801,50097,105454,102750,102898,1
14360,95754,30467,110114,44827,126221,0
22932,31426,6214,54358,29146,37640,0
56104,38637,39501,94741,95605,78138,1
49985,64502,67519,114487,117504,132021,1
36986,27343,16508,64329,53494,43851,1
78927,33284,82029,112211,160956,115313,1
77521,94562,91012,172083,168533,185574,1
40185,59563,50902,99748,91087,110465,1
18266,90156,71413,108422,89679,161569,0
46384,46293,94299,92677,140683,140592,0
9249,56252,5992,65501,15241,62244,0
56478,19981,28258,76459,84736,48239,0
97636,58888,1339,156524,98975,60227,0
23708,1947,74112,25655,97820,76059,0
31109,91654,86082,122763,117191,177736,1
3616,26391,39624,30007,43240,66015,0
31761,88587,35996,120348,67757,124583,0
63417,15809,50667,79226,114084,66476,1
25008,10283,68613,35291,93621,78896,0
48636,22417,48833,71053,97469,71250,1
57530,87747,77803,145277,135333,165550,1
66076,89186,60944,155262,127020,150130,1
33259,14508,3236,47767,36495,17744,0
89010,14197,29668,103207,118678,43865,0
63645,12347,68397,75992,132042,80744,1
49697,90097,22345,139794,72042,112442,0
61980,35063,41393,97043,103373,76456,1
55537,97920,26271,153457,81808,124191,0
6001,45079,37152,51080,43153,82231,0
60564,74951,59380,135515,119944,134331,1
98228,70509,99092,168737,197320,169601,1
57961,86677,96452,144638,154413,183129,1
72956,66905,22930,139861,95886,89835,1
10080,86365,88251,96445,98331,174616,1
10304,61667,39508,71971,49812,101175,0
12250,13230,5142,25480,17392,18372,1
1036,7961,2090,8997,3126,10051,0
15208,12194,49709,27402,64917,61903,0
45428,18559,61987,63987,107415,80546,1
15009,44247,68506,59256,83515,112753,0
8516,27601,52090,36117,60606,79691,0
10709,95018,11857,105727,22566,106875,0
90881,82524,29315,173405,120196,111839,1
47157,89685,87986,136842,135143,177671,1
31752,44802,76058,76554,107810,120860,1
3408,51845,36750,55253,40158,88595,0
37790,74438,95574,112228,133364,170012,1
39757,52473,34119,92230,73876,86592,1
84242,9215,3899,93457,88141,13114,0
12731,78082,36814,90813,49545,114896,0
38641,31829,6712,70470,45353,38541,0
96341,67453,84343,163794,180684,151796,1
82859,36633,72750,119492,155609,109383,1
18361,30036,65910,48397,84271,95946,0
26586,92455,96912,119041,123498,189367,1
4307,52170,6507,56477,10814,58677,0
20125,80685,54857,100810,74982,135542,0
59450,88986,84977,148436,144427,173963,1
88203,38562,30111,126765,118314,68673,0
12777,62790,97252,75567,110029,160042,0
89446,5397,24354,94843,113800,29751,0
8613,28262,43806,36875,52419,72068,0
30209,5553,41055,35762,71264,46608,0
95335,2090,96481,97425,191816,98571,1
13318,43872,58643,57190,71961,102515,0
68150,64987,72270,133137,140420,137257,1
37516,8401,49248,45917,86764,57649,0
6870,81645,3201,88515,10071,84846,0
20289,1777,26198,22066,46487,27975,0
98443,54169,21652,152612,120095,75821,0
48,81625,61553,81673,61601,143178,0
21760,94625,6452,116385,28212,101077,0
22563,61177,68166,83740,90729,129343,1
54345,53129,30255,107474,84600,83384,1
42732,31360,62620,74092,105352,93980,1
83384,69858,47222,153242,130606,117080,1
84510,64383,16944,148893,101454,81327,0
94188,63514,52486,157702,146674,116000,1
18168,40766,98013,58934,116181,138779,0
78142,84348,8887,162490,87029,93235,1
81655,31614,66446,113269,148101,98060,1
42215,99405,84591,141620,126806,183996,1
3416,26043,21534,29459,24950,47577,0
19310,93388,6353,112698,25663,99741,0
26887,44979,2847,71866,29734,47826,0
53496,38622,13071,92118,66567,51693,0
67065,34200,78713,101265,145778,112913,1
12004,14248,75689,26252,87693,89937,0
72241,91020,72982,163261,145223,164002,1
21136,92652,57900,113788,79036,150552,0
77524,21009,5202,98533,82726,26211,0
99467,74169,37759,173636,137226,111928,1
80805,19888,75915,100693,156720,95803,1
48357,46467,46619,94824,94976,93086,1
20728,95996,87379,116724,108107,183375,1
95345,99247,6463,194592,101808,105710,1
41091,18855,67343,59946,108434,86198,0
6577,31398,23935,37975,30512,55333,0
42703,6276,80384,48979,123087,86660,0
33267,59351,15792,92618,49059,75143,0
30310,33550,76331,63860,106641,109881,0
50039,25665,4210,75704,54249,29875,0
80916,55743,18583,136659,99499,74326,0
53370,52791,38900,106161,92270,91691,1
86396,92368,7493,178764,93889,99861,1
13789,29453,93772,43242,107561,123225,0
65259,97952,6425,163211,71684,104377,0
55218,20997,51880,76215,107098,72877,1
40584,73320,96409,113904,136993,169729,1
8863,45719,53554,54582,62417,99273,1
78495,24640,84221,103135,162716,108861,1
53453,70481,87910,123934,141363,158391,1
99084,74496,24809,173580,123893,99305,1
63399,73957,81644,137356,145043,155601,1
6622,60025,51796,66647,58418,111821,0
57010,47320,90671,104330,147681,137991,1
59217,63205,25485,122422,84702,88690,1
9781,81011,63740,90792,73521,144751,0
81915,31718,21836,113633,103751,53554,0
33696,40388,28990,74084,62686,69378,1
68931,24179,42390,93110,111321,66569,0
47510,52165,68459,99675,115969,120624,1
14553,2010,63098,16563,77651,65108,0
30197,50296,24496,80493,54693,74792,1
6356,90705,22368,97061,28724,113073,0
41211,53511,49901,94722,91112,103412,1
19288,72688,48691,91976,67979,121379,0
68232,42624,7360,110856,75592,49984,0
21104,93651,6616,114755,27720,100267,0
47245,23554,56473,70799,103718,80027,1
14646,59297,50737,73943,65383,110034,1
734,57177,89669,57911,90403,146846,0
62478,62010,90089,124488,152567,152099,1
14737,90003,13975,104740,28712,103978,0
54421,26240,521,80661,54942,26761,0
87940,13760,34925,101700,122865,48685,0
43191,64458,10698,107649,53889,75156,0
24848,22160,72370,47008,97218,94530,0
82746,61835,23470,144581,106216,85305,1
43469,43795,34182,87264,77651,77977,1
90181,76795,78888,166976,169069,155683,1
97881,45272,40676,143153,138557,85948,0
14997,80920,73285,95917,88282,154205,1
56735,97896,39342,154631,96077,137238,0
45282,67213,26650,112495,71932,93863,1
54548,80611,53293,135159,107841,133904,1
63748,54143,44539,117891,108287,98682,1
69523,8959,7609,78482,77132,16568,0
25837,46092,45897,71929,71734,91989,1
9107,25557,66463,34664,75570,92020,0
63580,93216,93840,156796,157420,187056,1
12961,73149,57044,86110,70005,130193,0
6087,39022,48485,45109,54572,87507,0
86976,87811,77718,174787,164694,165529,1
93777,65676,23343,159453,117120,89019,0
56583,92301,81329,148884,137912,173630,1
29063,34232,40750,63295,69813,74982,1
26622,97026,28181,123648,54803,125207,0
54940,43811,25428,98751,80368,69239,1
57710,99740,13570,157450,71280,113310,0
86468,92042,74536,178510,161004,166578,1
28294,96070,68356,124364,96650,164426,1
53855,35988,45533,89843,99388,81521,1
39327,29866,8407,69193,47734,38273,0
9406,64690,43078,74096,52484,107768,0
69932,39221,98142,109153,168074,137363,1
48875,1917,16304,50792,65179,18221,0
85132,13971,2221,99103,87353,16192,0
4810,36939,23830,41749,28640,60769,0
7956,64855,17979,72811,25935,82834,0
80508,90586,50336,171094,130844,140922,1
77633,7737,48428,85370,126061,56165,0
84590,21464,85934,106054,170524,107398,1
79507,22881,38797,102388,118304,61678,0
71629,38800,52391,110429,124020,91191,1
40754,36846,93938,77600,134692,130784,0
73421,21362,87425,94783,160846,108787,1
47571,82815,34138,130386,81709,116953,0
40520,88183,54128,128703,94648,142311,1
82337,15007,81026,97344,163363,96033,1
74790,95145,74558,169935,149348,169703,1
37132,49324,28404,86456,65536,77728,1
32237,84270,97310,116507,129547,181580,1
72394,90871,45837,163265,118231,136708,1
25052,47710,50301,72762,75353,98011,1
12226,54312,84708,66538,96934,139020,0
14431,57599,11861,72030,26292,69460,0
82840,71130,10397,153970,93237,81527,0
29312,37792,16702,67104,46014,54494,1
89855,50153,87582,140008,177437,137735,1
10406,62507,84941,72913,95347,147448,0
3124,80128,90945,83252,94069,171073,0
29904,89805,47369,119709,77273,137174,0
14946,56114,3681,71060,18627,59795,0
92728,82323,40648,175051,133376,122971,1
7593,43515,21852,51108,29445,65367,0
41666,55926,21206,97592,62872,77132,1
96370,76730,7334,173100,103704,84064,0
82149,83146,29752,165295,111901,112898,1
72393,45028,92232,117421,164625,137260,1
9755,35832,90448,45587,100203,126280,0
23707,19840,55825,43547,79532,75665,0
76672,51521,56549,128193,133221,108070,1
37209,26261,44360,63470,81569,70621,1
59937,11610,6755,71547,66692,18365,0
37998,39658,50891,77656,88889,90549,1
52241,63463,60869,115704,113110,124332,1
81707,63274,87485,144981,169192,150759,1
38247,3467,15100,41714,53347,18567,0
34625,8846,11265,43471,45890,20111,0
17207,84979,34792,102186,51999,119771,0
41512,92847,43638,134359,85150,136485,0
95497,50141,93699,145638,189196,143840,1
94593,55640,83350,150233,177943,138990,1
46213,28325,32237,74538,78450,60562,1
13858,96554,87436,110412,101294,183990,1
76149,93041,9829,169190,85978,102870,0
40362,1105,73619,41467,113981,74724,0
78299,17304,24800,95603,103099,42104,0
34579,19312,82350,53891,116929,101662,0
45719,34657,13585,80376,59304,48242,1
48135,40306,59972,88441,108107,100278,1
16098,49371,8797,65469,24895,58168,0
27895,60559,98207,88454,126102,158766,0
99222,66961,1621,166183,100843,68582,0
75492,48751,83892,124243,159384,132643,1
70268,81283,46393,151551,116661,127676,1
85499,97121,95981,182620,181480,193102,1
82151,77369,80269,159520,162420,157638,1
32074,54151,67727,86225,99801,121878,1
58904,97787,97738,156691,156642,195525,1
63829,7346,71713,71175,135542,79059,0
94612,18538,47557,113150,142169,66095,0
39954,48051,98585,88005,138539,146636,0
66329,15779,69664,82108,135993,85443,1
70339,75528,76078,145867,146417,151606,1
88507,66497,59331,155004,147838,125828,1
80417,94564,25090,174981,105507,119654,1
53412,89838,82557,143250,135969,172395,1
56221,67650,9831,123871,66052,77481,0
71763,79698,15702,151461,87465,95400,1
59902,13596,72974,73498,132876,86570,1
82624,35141,3508,117765,86132,38649,0
54926,65848,88629,120774,143555,154477,1
39421,37514,59196,76935,98617,96710,1
89755,97304,14103,187059,103858,111407,1
58802,49545,58105,108347,116907,107650,1
63938,70133,84711,134071,148649,154844,1
26536,38815,96362,65351,122898,135177,0
41107,19228,86970,60335,128077,106198,0
59113,55083,38344,114196,97457,93427,1
95224,48460,65586,143684,160810,114046,1
99210,59719,23477,158929,122687,83196,0
96757,40181,85947,136938,182704,126128,1
39002,28424,3580,67426,42582,32004,0
96443,90742,94831,187185,191274,185573,1
63472,36625,52361,100097,115833,88986,1
23103,14240,43335,37343,66438,57575,0
95493,20817,50104,116310,145597,70921,0
13385,29287,13100,42672,26485,42387,0
7937,44956,26683,52893,34620,71639,0
62694,94919,5285,157613,67979,100204,0
66431,83237,70858,149668,137289,154095,1
93946,34183,73178,128129,167124,107361,1
16887,73346,48694,90233,65581,122040,0
50410,5783,96925,56193,147335,102708,0
75080,58679,30201,133759,105281,88880,1
8130,32491,96721,40621,104851,129212,0
53663,16113,81947,69776,135610,98060,0
99481,30268,41572,129749,141053,71840,0
43480,7785,57522,51265,101002,65307,0
65271,79129,15965,144400,81236,95094,1
32190,5872,74223,38062,106413,80095,0
44009,15473,10034,59482,54043,25507,0
23279,90056,71976,113335,95255,162032,1
78453,70480,46660,148933,125113,117140,1
68119,57698,77960,125817,146079,135658,1
60667,85771,22809,146438,83476,108580,0
11477,43351,673,54828,12150,44024,0
85017,78507,46815,163524,131832,125322,1
2913,14476,29101,17389,32014,43577,0
29465,59852,5809,89317,35274,65661,0
96893,48086,74995,144979,171888,123081,1
1972,32135,75779,34107,77751,107914,0
49847,13670,78804,63517,128651,92474,0
12192,5946,83628,18138,95820,89574,0
43609,33852,69396,77461,113005,103248,1
46412,6943,55261,53355,101673,62204,0
50483,7279,49580,57762,100063,56859,1
13194,93311,86190,106505,99384,179501,1
70043,747,98550,70790,168593,99297,0
96096,58136,24864,154232,120960,83000,0
54514,30258,85331,84772,139845,115589,0
1216,60531,70959,61747,72175,131490,0
38882,17358,5205,56240,44087,22563,0
80328,69146,51851,149474,132179,120997,1
11268,8932,15363,20200,26631,24295,1
69478,44933,14855,114411,84333,59788,0
98439,10875,14810,109314,113249,25685,0
50437,90058,32659,140495,83096,122717,0
59994,53921,65948,113915,125942,119869,1
88694,88821,94307,177515,183001,183128,1
16925,1105,69429,18030,86354,70534,0
18850,98883,10999,117733,29849,109882,0
96400,74559,84029,170959,180429,158588,1
64564,47581,66679,112145,131243,114260,1
88594,42742,35407,131336,124001,78149,0
16307,40595,63711,56902,80018,104306,0
62266,4151,51051,66417,113317,55202,0
12674,71112,20120,83786,32794,91232,0
75577,4394,47164,79971,122741,51558,0
86244,82496,24721,168740,110965,107217,1
63534,49566,73456,113100,136990,123022,1
84247,4848,84732,89095,168979,89580,1
53029,54806,91244,107835,144273,146050,1
21537,1855,58869,23392,80406,60724,0
41155,68023,67163,109178,108318,135186,1
6946,2484,83026,9430,89972,85510,0
42768,67359,11107,110127,53875,78466,0
5556,29097,20205,34653,25761,49302,0
94684,43844,18829,138528,113513,62673,0
84019,45414,54790,129433,138809,100204,1
76660,58709,31741,135369,108401,90450,1
46393,72823,3197,119216,49590,76020,0
38797,60770,7530,99567,46327,68300,0
34346,75621,53082,109967,87428,128703,1
95425,99565,41645,194990,137070,141210,1
45088,91695,78530,136783,123618,170225,1
70534,73097,61764,143631,132298,134861,1
43024,42317,93699,85341,136723,136016,0
41213,89248,34646,130461,75859,123894,0
1111,36473,52127,37584,53238,88600,0
41112,51043,83207,92155,124319,134250,1
9272,65342,21446,74614,30718,86788,0
88261,26584,66960,114845,155221,93544,1
63848,2626,17108,66474,80956,19734,0
24636,53660,3170,78296,27806,56830,0
30385,81548,92411,111933,122796,173959,1
27981,50111,78879,78092,106860,128990,0
71047,76533,2782,147580,73829,79315,0
74461,40574,2714,115035,77175,43288,0
37211,21184,20241,58395,57452,41425,1
41079,6782,30425,47861,71504,37207,0
81228,43277,42468,124505,123696,85745,1
9670,71599,19553,81269,29223,91152,0
75437,85953,47852,161390,123289,133805,1
79465,51193,11007,130658,90472,62200,0
96708,17335,64374,114043,161082,81709,0
88198,12471,56667,100669,144865,69138,0
96574,98365,48338,194939,144912,146703,1
37223,92994,43336,130217,80559,136330,0
10975,14969,74660,25944,85635,89629,0
41779,59680,18633,101459,60412,78313,1
82880,9089,49687,91969,132567,58776,0
47477,31720,19502,79197,66979,51222,1
87892,28945,12062,116837,99954,41007,0
85101,48877,7332,133978,92433,56209,0
78430,94171,7615,172601,86045,101786,0
39959,59827,50553,99786,90512,110380,1
99402,69266,79701,168668,179103,148967,1
78558,39841,11670,118399,90228,51511,0
85632,29069,79916,114701,165548,108985,1
61710,41786,96249,103496,157959,138035,1
55971,27964,21856,83935,77827,49820,0
18529,61044,43822,79573,62351,104866,1
2922,14093,48377,17015,51299,62470,0
3056,87013,4440,90069,7496,91453,0
75365,77213,68151,152578,143516,145364,1
65264,97821,57775,163085,123039,155596,1
27880,77331,56863,105211,84743,134194,1
54593,21432,54969,76025,109562,76401,1
76784,36034,2738,112818,79522,38772,0
4524,22034,54135,26558,58659,76169,0
93010,54810,56041,147820,149051,110851,1
84318,39770,16787,124088,101105,56557,0
61444,83961,52351,145405,113795,136312,1
5642,59051,1355,64693,6997,60406,0
48263,9676,4267,57939,52530,13943,0
21702,6640,98479,28342,120181,105119,0
89116,62288,87068,151404,176184,149356,1
76343,58738,96495,135081,172838,155233,1
75437,53153,33105,128590,108542,86258,1
48158,21504,33024,69662,81182,54528,1
93451,98561,80244,192012,173695,178805,1
53072,55160,55247,108232,108319,110407,1
35904,25062,64575,60966,100479,89637,0
87111,60337,94968,147448,182079,155305,1
83145,45137,46378,128282,129523,91515,1
90265,80935,55706,171200,145971,136641,1
35595,14378,67035,49973,102630,81413,0
69152,15825,52637,84977,121789,68462,0
4243,98161,4870,102404,9113,103031,0
20050,45184,82954,65234,103004,128138,0
15002,83127,10800,98129,25802,93927,0
81999,89580,46690,171579,128689,136270,1
62411,75813,71472,138224,133883,147285,1
51231,967,47578,52198,98809,48545,0
20465,54275,54897,74740,75362,109172,1
73125,22372,94245,95497,167370,116617,1
20497,10377,69345,30874,89842,79722,0
32226,71775,2234,104001,34460,74009,0
3694,38863,25997,42557,29691,64860,0
25209,2578,1058,27787,26267,3636,0
2957,75099,59421,78056,62378,134520,0
90678,37269,39381,127947,130059,76650,0
69907,20727,35011,90634,104918,55738,0
93998,52537,97091,146535,191089,149628,1
27490,64278,77258,91768,104748,141536,1
89990,35635,24227,125625,114217,59862,0
99488,48099,80777,147587,180265,128876,1
83962,36817,41717,120779,125679,78534,0
18223,55984,59050,74207,77273,115034,1
77344,32806,31924,110150,109268,64730,0
60475,49939,83032,110414,143507,132971,1
69515,57113,28160,126628,97675,85273,1
37759,64540,1847,102299,39606,66387,0
93884,89668,62057,183552,155941,151725,1
41106,86974,44741,128080,85847,131715,0
86652,71791,89524,158443,176176,161315,1
10494,14038,453,24532,10947,14491,0
86614,95441,51318,182055,137932,146759,1
60500,81715,45778,142215,106278,127493,1
27426,6135,97201,33561,124627,103336,0
16543,79800,86420,96343,102963,166220,1
53530,41762,85111,95292,138641,126873,1
10460,62670,37970,73130,48430,100640,0
11336,73347,4176,84683,15512,77523,0
99883,26727,53869,126610,153752,80596,0
78636,83049,60198,161685,138834,143247,1
8499,57836,2394,66335,10893,60230,0
74650,77826,23481,152476,98131,101307,1
85154,48745,10886,133899,96040,59631,0
24791,60503,85194,85294,109985,145697,1
85429,71574,82752,157003,168181,154326,1
55896,23037,70303,78933,126199,93340,1
47035,33924,8656,80959,55691,42580,0
792,84701,22552,85493,23344,107253,0
98984,63899,88029,162883,187013,151928,1
96556,84588,52459,181144,149015,137047,1
30271,45723,67117,75994,97388,112840,1
68946,7275,6314,76221,75260,13589,0
60610,24996,29066,85606,89676,54062,0
88290,60212,30044,148502,118334,90256,1
15733,60189,9049,75922,24782,69238,0
32560,9315,91348,41875,123908,100663,0
9233,49534,2912,58767,12145,52446,0
60527,61386,44222,121913,104749,105608,1
30408,47900,80765,78308,111173,128665,0
93269,46275,19405,139544,112674,65680,0
97854,96255,48894,194109,146748,145149,1
65823,49215,8126,115038,73949,57341,0
40438,53838,51294,94276,91732,105132,1
6413,14536,90148,20949,96561,104684,0
18419,93763,84869,112182,103288,178632,1
95032,47169,63796,142201,158828,110965,1
84622,8320,88094,92942,172716,96414,1
98340,20297,84247,118637,182587,104544,1
4740,41807,45924,46547,50664,87731,1
49795,8285,44074,58080,93869,52359,1
34416,85909,63774,120325,98190,149683,1
62889,29648,97263,92537,160152,126911,0
18148,47777,26697,65925,44845,74474,0
43490,39683,61215,83173,104705,100898,1
15967,99441,95995,115408,111962,195436,1
23791,70066,54875,93857,78666,124941,1
10096,35262,52893,45358,62989,88155,0
39725,62817,15263,102542,54988,78080,0
40788,78288,2399,119076,43187,80687,0
24867,6161,84938,31028,109805,91099,0
1544,16904,43642,18448,45186,60546,0
68694,24043,98999,92737,167693,123042,0
96284,17786,56721,114070,153005,74507,0
82141,62484,68074,144625,150215,130558,1
26444,71994,56429,98438,82873,128423,1
38172,49737,83262,87909,121434,132999,1
87760,8045,11691,95805,99451,19736,0
70767,30237,89332,101004,160099,119569,1
19326,79772,40080,99098,59406,119852,0
78597,33777,9092,112374,87689,42869,0
87209,53431,36571,140640,123780,90002,1
62704,51330,90669,114034,153373,141999,1
28370,47268,2889,75638,31259,50157,0
72659,49733,9817,122392,82476,59550,0
47328,74712,96933,122040,144261,171645,1
56145,8708,86531,64853,142676,95239,0
15175,57974,62021,73149,77196,119995,1
90493,97670,15265,188163,105758,112935,1
32596,52074,50777,84670,83373,102851,1
61009,68792,38141,129801,99150,106933,1
16202,31075,73519,47277,89721,104594,0
52359,78725,86493,131084,138852,165218,1
17447,71868,45492,89315,62939,117360,0
66716,55203,52557,121919,119273,107760,1
64336,43532,5599,107868,69935,49131,0
86531,5126,13116,91657,99647,18242,0
94379,902,44952,95281,139331,45854,0
21993,43117,33037,65110,55030,76154,1
57595,52688,62892,110283,120487,115580,1
56721,69459,7020,126180,63741,76479,0
16279,19901,58759,36180,75038,78660,0
35125,68841,76158,103966,111283,144999,1
63741,4005,32038,67746,95779,36043,0
46827,40246,47377,87073,94204,87623,1
20546,87569,15747,108115,36293,103316,0
39241,9394,4846,48635,44087,14240,0
21872,57262,55069,79134,76941,112331,1
24201,34935,53611,59136,77812,88546,1
37457,93158,57314,130615,94771,150472,1
53875,81161,89483,135036,143358,170644,1
88924,98822,38570,187746,127494,137392,1
63789,34060,80916,97849,144705,114976,1
15552,46722,27979,62274,43531,74701,0
72961,65314,97923,138275,170884,163237,1
26271,59322,63920,85593,90191,123242,1
94677,50451,74482,145128,169159,124933,1
66686,47953,50504,114639,117190,98457,1
60407,91558,51649,151965,112056,143207,1
84248,69869,86113,154117,170361,155982,1
11734,94010,40019,105744,51753,134029,0
12350,58260,68336,70610,80686,126596,1
65849,43756,13412,109605,79261,57168,0
4180,279,53502,4459,57682,53781,0
62688,37264,45626,99952,108314,82890,1
52832,75303,53,128135,52885,75356,0
39679,98127,76991,137806,116670,175118,1
50728,44195,84286,94923,135014,128481,1
30829,27563,50747,58392,81576,78310,1
61388,8146,42044,69534,103432,50190,0
94582,77884,42047,172466,136629,119931,1
65435,73790,19257,139225,84692,93047,1
93819,29159,24911,122978,118730,54070,0
47462,76889,38385,124351,85847,115274,1
62127,44821,43966,106948,106093,88787,1
57539,11362,79973,68901,137512,91335,0
44387,15639,86176,60026,130563,101815,0
40391,57086,568,97477,40959,57654,0
9895,24135,3429,34030,13324,27564,0
75255,72005,88971,147260,164226,160976,1
18784,63295,60463,82079,79247,123758,1
99190,8177,77754,107367,176944,85931,0
86041,64726,50921,150767,136962,115647,1
2133,78420,45235,80553,47368,123655,0
50146,79069,32514,129215,82660,111583,1
54867,99680,95432,154547,150299,195112,1
24055,82803,47312,106858,71367,130115,0
35354,35196,94588,70550,129942,129784,0
86530,99039,21635,185569,108165,120674,1
39823,62827,95238,102650,135061,158065,1
73639,27303,96079,100942,169718,123382,1
69911,57138,51002,127049,120913,108140,1
15533,63582,8381,79115,23914,71963,0
47343,23022,94092,70365,141435,117114,0
88185,27253,25234,115438,113419,52487,0
58396,67786,48759,126182,107155,116545,1
37765,31705,58000,69470,95765,89705,1
37307,72531,94673,109838,131980,167204,1
35728,12371,6004,48099,41732,18375,0
43008,62435,30807,105443,73815,93242,1
82181,63847,64832,146028,147013,128679,1
82381,93572,50017,175953,132398,143589,1
55659,86339,43343,141998,99002,129682,1
53401,48505,10807,101906,64208,59312,1
67468,25105,59436,92573,126904,84541,1
93313,99914,68579,193227,161892,168493,1
14985,87052,36733,102037,51718,123785,0
1178,31894,42628,33072,43806,74522,0
45947,32926,28256,78873,74203,61182,1
40391,59131,20509,99522,60900,79640,1
8012,47832,19548,55844,27560,67380,0
406,80099,7026,80505,7432,87125,0
66249,79131,41742,145380,107991,120873,1
70065,5622,45877,75687,115942,51499,0
20468,83836,61716,104304,82184,145552,0
69547,92252,76313,161799,145860,168565,1
50455,33895,6904,84350,57359,40799,0
60478,87728,55959,148206,116437,143687,1
61649,77249,58968,138898,120617,136217,1
92363,62402,12944,154765,105307,75346,0
93565,17720,80924,111285,174489,98644,1
2438,22120,43797,24558,46235,65917,0
3210,48856,12494,52066,15704,61350,0
41917,86312,62416,128229,104333,148728,1
69059,77460,38044,146519,107103,115504,1
57074,50589,33951,107663,91025,84540,1
3796,47925,57596,51721,61392,105521,0
6239,96217,40600,102456,46839,136817,0
42851,37478,34745,80329,77596,72223,1
50796,2998,29498,53794,80294,32496,0
20203,21808,14905,42011,35108,36713,1
18687,56897,4193,75584,22880,61090,0
98418,48504,37997,146922,136415,86501,0
39278,19395,65797,58673,105075,85192,0
39159,11323,45391,50482,84550,56714,1
2162,29150,96846,31312,99008,125996,0
23950,39631,58757,63581,82707,98388,1
19042,39404,694,58446,19736,40098,0
70444,41890,68558,112334,139002,110448,1
52784,42883,60479,95667,113263,103362,1
57897,18352,11901,76249,69798,30253,0
35147,13858,88270,49005,123417,102128,0
54151,86744,43370,140895,97521,130114,1
4017,63319,71664,67336,75681,134983,0
69266,89420,52579,158686,121845,141999,1
52207,53714,98525,105921,150732,152239,1
97542,80060,78521,177602,176063,158581,1
25011,8003,20664,33014,45675,28667,1
4487,94713,60819,99200,65306,155532,0
34960,88755,1767,123715,36727,90522,0
98944,19642,47297,118586,146241,66939,0
1850,39041,81584,40891,83434,120625,0
8009,36471,7781,44480,15790,44252,0
75642,8715,93342,84357,168984,102057,0
89627,76682,71404,166309,161031,148086,1
41682,31284,87301,72966,128983,118585,0
30778,47186,43854,77964,74632,91040,1
23074,34056,16237,57130,39311,50293,1
3694,24497,38218,28191,41912,62715,0
43214,6221,80126,49435,123340,86347,0
93857,45460,8096,139317,101953,53556,0
6117,41301,39953,47418,46070,81254,1
18653,91285,58240,109938,76893,149525,0
37343,34718,93666,72061,131009,128384,0
44752,857,33077,45609,77829,33934,0
86677,71545,24887,158222,111564,96432,1
40317,78188,60742,118505,101059,138930,1
40359,74692,16637,115051,56996,91329,0
29564,73641,54563,103205,84127,128204,1
33171,90345,56165,123516,89336,146510,0
70434,51742,1714,122176,72148,53456,0
26182,28329,44186,54511,70368,72515,1
63416,64113,11469,127529,74885,75582,1
48590,35293,42974,83883,91564,78267,1
78852,55804,98410,134656,177262,154214,1
46599,86465,62603,133064,109202,149068,1
63716,48414,69156,112130,132872,117570,1
95079,65009,71503,160088,166582,136512,1
11307,35986,30450,47293,41757,66436,1
18672,37026,24251,55698,42923,61277,1
65942,21701,39101,87643,105043,60802,0
17967,96659,9924,114626,27891,106583,0
30021,17338,44217,47359,74238,61555,1
23516,16791,87787,40307,111303,104578,0
25566,96137,12125,121703,37691,108262,0
23278,71929,72353,95207,95631,144282,1
62615,70318,4618,132933,67233,74936,0
91086,50354,87005,141440,178091,137359,1
86573,18113,43407,104686,129980,61520,0
72434,95707,16924,168141,89358,112631,0
44903,55814,49400,100717,94303,105214,1
9020,61374,38500,70394,47520,99874,0
17108,50950,83612,68058,100720,134562,0
43216,23080,45853,66296,89069,68933,1
15454,23916,67951,39370,83405,91867,0
54669,35630,15299,90299,69968,50929,0
70831,40563,79417,111394,150248,119980,1
24063,68372,7127,92435,31190,75499,0
6728,15231,94646,21959,101374,109877,0
97953,71822,58896,169775,156849,130718,1
67649,9153,42720,76802,110369,51873,0
40027,92822,64795,132849,104822,157617,1
94432,64119,44622,158551,139054,108741,1
53895,83231,72044,137126,125939,155275,1
73572,69160,77573,142732,151145,146733,1
41800,57372,62993,99172,104793,120365,1
41328,35913,30455,77241,71783,66368,1
46010,24571,54940,70581,100950,79511,1
28934,50602,3460,79536,32394,54062,0
57517,80740,78506,138257,136023,159246,1
72546,40926,62406,113472,134952,103332,1
36959,66799,24667,103758,61626,91466,0
55345,42915,66624,98260,121969,109539,1
79704,72110,20268,151814,99972,92378,1
96970,85890,48934,182860,145904,134824,1
61396,38696,83293,100092,144689,121989,1
83182,5174,17947,88356,101129,23121,0
93440,78321,78027,171761,171467,156348,1
34420,8577,75423,42997,109843,84000,0
37603,73299,9877,110902,47480,83176,0
13170,72771,24695,85941,37865,97466,0
56719,370,27165,57089,83884,27535,0
90465,91639,85577,182104,176042,177216,1
18235,28953,46308,47188,64543,75261,1
26555,69722,87502,96277,114057,157224,1
10303,22057,72865,32360,83168,94922,0
83095,31993,47246,115088,130341,79239,0
59222,79689,56414,138911,115636,136103,1
31150,49390,92529,80540,123679,141919,0
81514,41432,77355,122946,158869,118787,1
65197,15400,75374,80597,140571,90774,1
40258,34776,62632,75034,102890,97408,1
72331,4428,6754,76759,79085,11182,0
31573,35675,62477,67248,94050,98152,1
15159,50271,44322,65430,59481,94593,1
96746,83740,3531,180486,100277,87271,0
66346,20839,69485,87185,135831,90324,1
8693,17976,44010,26669,52703,61986,0
78848,23139,87620,101987,166468,110759,1
6894,87441,2599,94335,9493,90040,0
28260,7580,19878,35840,48138,27458,0
56175,78176,98004,134351,154179,176180,1
45063,66824,45824,111887,90887,112648,1
71625,18854,88536,90479,160161,107390,1
25902,99097,92347,124999,118249,191444,1
34444,66595,99107,101039,133551,165702,1
55141,57505,78764,112646,133905,136269,1
26171,83438,96792,109609,122963,180230,1
83500,37580,97652,121080,181152,135232,1
5560,8933,72796,14493,78356,81729,0
18484,92222,8677,110706,27161,100899,0
43140,58339,23595,101479,66735,81934,1
60042,572,10226,60614,70268,10798,0
24336,19387,65062,43723,89398,84449,0
10108,98852,43096,108960,53204,141948,0
73548,56012,1459,129560,75007,57471,0
34177,78268,55120,112445,89297,133388,1
74701,85593,9057,160294,83758,94650,0
66230,56965,78402,123195,144632,135367,1
75791,28188,79494,103979,155285,107682,1
42859,3610,78234,46469,121093,81844,0
17699,81851,88463,99550,106162,170314,1
46362,12866,76574,59228,122936,89440,0
8275,75367,27935,83642,36210,103302,0
88300,31253,7254,119553,95554,38507,0
49579,95563,78800,145142,128379,174363,1
67597,44410,4427,112007,72024,48837,0
26475,94133,28115,120608,54590,122248,0
87372,87893,63479,175265,150851,151372,1
60475,91200,35017,151675,95492,126217,1
32139,42098,12091,74237,44230,54189,1
98686,24673,37797,123359,136483,62470,0
3667,90133,67478,93800,71145,157611,0
3118,83810,87359,86928,90477,171169,0
83742,38888,87948,122630,171690,126836,1
5295,6512,9751,11807,15046,16263,1
21624,53683,26113,75307,47737,79796,0
4375,92120,31052,96495,35427,123172,0
1108,74739,8801,75847,9909,83540,0
24897,34542,18873,59439,43770,53415,1
47750,15452,20613,63202,68363,36065,0
82659,94563,63587,177222,146246,158150,1
8135,77548,84404,85683,92539,161952,1
93532,12894,316,106426,93848,13210,0
67360,73487,12374,140847,79734,85861,1
2936,80179,72872,83115,75808,153051,0
78934,4809,57604,83743,136538,62413,0
38178,67742,32269,105920,70447,100011,1
73166,70604,70539,143770,143705,141143,1
57679,17128,44348,74807,102027,61476,1
74239,21899,51465,96138,125704,73364,0
75213,11804,39596,87017,114809,51400,0
97414,38583,70015,135997,167429,108598,1
50264,14306,73300,64570,123564,87606,0
85962,34692,97404,120654,183366,132096,1
17989,68201,12140,86190,30129,80341,0
25990,9334,18991,35324,44981,28325,1
16280,15782,45313,32062,61593,61095,0
3634,64544,67934,68178,71568,132478,1
32536,61901,5798,94437,38334,67699,0
77357,29842,89204,107199,166561,119046,1
5867,69143,65252,75010,71119,134395,1
43066,12662,1121,55728,44187,13783,0
60763,83805,9828,144568,70591,93633,0
69211,64118,62640,133329,131851,126758,1
1225,65849,76123,67074,77348,141972,0
44513,17244,62797,61757,107310,80041,0
88359,55208,8711,143567,97070,63919,0
25911,66424,51419,92335,77330,117843,1
97132,95898,90738,193030,187870,186636,1
59609,99676,45324,159285,104933,145000,1
8861,65218,43313,74079,52174,108531,0
47426,98327,85118,145753,132544,183445,1
12295,36919,16716,49214,29011,53635,0
6663,35290,33383,41953,40046,68673,1
3558,58599,75205,62157,78763,133804,0
34204,59931,74921,94135,109125,134852,1
24424,75760,82656,100184,107080,158416,1
43052,98203,31533,141255,74585,129736,0
45209,88798,73414,134007,118623,162212,1
98080,46689,10014,144769,108094,56703,0
27778,13794,76226,41572,104004,90020,0
63229,44471,85048,107700,148277,129519,1
15192,5740,91236,20932,106428,96976,0
60460,47950,32405,108410,92865,80355,1
55474,8875,13690,64349,69164,22565,0
65112,27525,72779,92637,137891,100304,1
57801,95167,51565,152968,109366,146732,1
37701,7808,76540,45509,114241,84348,0
84612,52973,81944,137585,166556,134917,1
58716,30945,84328,89661,143044,115273,1
36513,92478,78026,128991,114539,170504,1
58008,91926,87815,149934,145823,179741,1
96953,30973,14480,127926,111433,45453,0
35372,96376,31564,131748,66936,127940,0
40925,21560,63340,62485,104265,84900,0
62666,98364,28242,161030,90908,126606,0
85236,6245,83009,91481,168245,89254,1
94957,86176,54864,181133,149821,141040,1
25345,3243,54260,28588,79605,57503,0
92915,49555,28706,142470,121621,78261,0
49252,85157,61192,134409,110444,146349,1
8864,30829,62282,39693,71146,93111,0
39400,59570,19103,98970,58503,78673,0
31779,66923,58264,98702,90043,125187,1
18858,71722,87381,90580,106239,159103,1
57447,38574,73078,96021,130525,111652,1
78173,54278,70538,132451,148711,124816,1
41284,19190,24659,60474,65943,43849,1
60747,97065,1600,157812,62347,98665,0
44098,32253,8126,76351,52224,40379,0
71364,67651,1770,139015,73134,69421,0
46154,13901,17933,60055,64087,31834,0
96983,56458,14163,153441,111146,70621,0
97637,80765,14070,178402,111707,94835,0
8554,74072,84748,82626,93302,158820,0
29162,97591,39729,126753,68891,137320,0
78710,44466,46325,123176,125035,90791,1
30297,59333,73234,89630,103531,132567,1
67377,19168,7420,86545,74797,26588,0
84670,86637,20763,171307,105433,107400,1
19278,8215,91970,27493,111248,100185,0
60780,44879,64199,105659,124979,109078,1
40083,20055,22653,60138,62736,42708,1
397,80888,19128,81285,19525,100016,0
64558,58460,2980,123018,67538,61440,0
85383,12002,5383,97385,90766,17385,0
20700,63929,69109,84629,89809,133038,1
1563,64770,14246,66333,15809,79016,0
80087,18992,19158,99079,99245,38150,0
91220,63468,65052,154688,156272,128520,1
58929,45646,14508,104575,73437,60154,1
41343,42207,35118,83550,76461,77325,1
25290,92451,63216,117741,88506,155667,0
89822,80212,67220,170034,157042,147432,1
92200,12281,27818,104481,120018,40099,0
96040,42297,68826,138337,164866,111123,1
19542,66176,37442,85718,56984,103618,0
23439,75752,64470,99191,87909,140222,1
98791,64665,69203,163456,167994,133868,1
86787,22286,80129,109073,166916,102415,1
83285,15031,29009,98316,112294,44040,0
59112,57296,74232,116408,133344,131528,1
26672,88649,32121,115321,58793,120770,0
38292,3575,32426,41867,70718,36001,0
63973,98075,34556,162048,98529,132631,1
76418,83522,3688,159940,80106,87210,0
74631,760,94973,75391,169604,95733,0
74322,59151,41264,133473,115586,100415,1
22506,31887,15484,54393,37990,47371,1
83966,17410,8192,101376,92158,25602,0
57050,76814,44814,133864,101864,121628,1
76373,34045,12212,110418,88585,46257,0
23621,76328,36731,99949,60352,113059,0
57029,92804,96429,149833,153458,189233,1
34046,97178,62705,131224,96751,159883,0
54668,34198,31268,88866,85936,65466,1
60736,53370,66546,114106,127282,119916,1
30028,69291,14655,99319,44683,83946,0
64414,28930,57319,93344,121733,86249,1
85590,46615,74264,132205,159854,120879,1
46392,25386,53315,71778,99707,78701,1
77739,81231,80198,158970,157937,161429,1
8405,8826,59588,17231,67993,68414,0
58280,75375,18493,133655,76773,93868,1
90179,31499,20026,121678,110205,51525,0
31243,88021,61753,119264,92996,149774,1
31112,5488,23422,36600,54534,28910,0
88221,98106,74690,186327,162911,172796,1
7947,54953,9861,62900,17808,64814,0
91232,22078,12928,113310,104160,35006,0
33538,44842,84339,78380,117877,129181,0
23859,40467,62129,64326,85988,102596,1
72900,53762,37745,126662,110645,91507,1
68901,1043,52825,69944,121726,53868,0
17702,14785,41767,32487,59469,56552,0
80768,51950,93472,132718,174240,145422,1
37022,24660,93021,61682,130043,117681,0
43795,9639,59170,53434,102965,68809,0
65203,71385,19800,136588,85003,91185,1
48501,15017,82572,63518,131073,97589,0
24927,63189,72183,88116,97110,135372,1
92030,66467,19427,158497,111457,85894,0
60415,80674,12498,141089,72913,93172,0
85414,56238,99798,141652,185212,156036,1
80196,48704,20460,128900,100656,69164,0
52925,39602,41305,92527,94230,80907,1
38488,18877,84624,57365,123112,103501,0
24375,48040,51600,72415,75975,99640,1
38091,85940,55031,124031,93122,140971,1
68271,90866,9043,159137,77314,99909,0
84997,87287,40548,172284,125545,127835,1
40190,66655,49919,106845,90109,116574,1
85060,37239,2827,122299,87887,40066,0
17086,1807,47370,18893,64456,49177,0
25262,78516,29080,103778,54342,107596,0
68479,46249,84966,114728,153445,131215,1
38826,75979,94851,114805,133677,170830,1
40108,27877,25801,67985,65909,53678,1
26947,33893,51725,60840,78672,85618,1
56748,28708,70061,85456,126809,98769,1
31036,48072,948,79108,31984,49020,0
41724,18198,72192,59922,113916,90390,0
74733,50880,75583,125613,150316,126463,1
64121,97529,64993,161650,129114,162522,1
48244,13249,10402,61493,58646,23651,0
37747,32248,66510,69995,104257,98758,1
42948,26005,83483,68953,126431,109488,0
7850,53889,45498,61739,53348,99387,0
17731,85502,62205,103233,79936,147707,0
872,79996,77873,80868,78745,157869,0
60269,13301,82791,73570,143060,96092,0
85873,84320,44470,170193,130343,128790,1
19383,43492,5137,62875,24520,48629,0
87640,70855,50398,158495,138038,121253,1
57595,21364,4664,78959,62259,26028,0
33419,21402,58213,54821,91632,79615,0
57464,247,44594,57711,102058,44841,0
39965,88455,91545,128420,131510,180000,1
60825,6900,25291,67725,86116,32191,0
70296,72781,75063,143077,145359,147844,1
95878,22663,69602,118541,165480,92265,0
76333,35943,86135,112276,162468,122078,1
10077,48183,63686,58260,73763,111869,0
4075,47941,55566,52016,59641,103507,0
99059,66587,57463,165646,156522,124050,1
35861,92474,54401,128335,90262,146875,0
35674,33728,37637,69402,73311,71365,1
94203,84886,9827,179089,104030,94713,1
7431,11168,33697,18599,41128,44865,0
36268,49391,75229,85659,111497,124620,1
91363,86745,93626,178108,184989,180371,1
89704,33664,79290,123368,168994,112954,1
89346,86575,79608,175921,168954,166183,1
83898,53636,61653,137534,145551,115289,1
49007,57500,72920,106507,121927,130420,1
59364,49776,30845,109140,90209,80621,1
32506,50204,18305,82710,50811,68509,1
9723,94590,12337,104313,22060,106927,0
94134,18624,38197,112758,132331,56821,0
11940,97579,51343,109519,63283,148922,0
64902,82399,30536,147301,95438,112935,1
58268,21487,79044,79755,137312,100531,1
75757,23142,36160,98899,111917,59302,0
80440,31239,8558,111679,88998,39797,0
2207,13382,99681,15589,101888,113063,0
91561,33118,23635,124679,115196,56753,0
24266,82676,46972,106942,71238,129648,0
31451,29270,22611,60721,54062,51881,1
84081,56276,78771,140357,162852,135047,1
50746,78719,56534,129465,107280,135253,1
11376,7028,51199,18404,62575,58227,0
47183,81627,47367,128810,94550,128994,1
76784,20255,35718,97039,112502,55973,0
72570,9806,13278,82376,85848,23084,0
11972,23030,21742,35002,33714,44772,1
66286,79781,60306,146067,126592,140087,1
95523,7906,79675,103429,175198,87581,0
34255,972,68598,35227,102853,69570,0
86337,78000,83818,164337,170155,161818,1
96058,6592,63736,102650,159794,70328,0
28033,37620,4235,65653,32268,41855,0
33654,36228,83613,69882,117267,119841,0
41910,76643,16273,118553,58183,92916,0
14683,76039,89573,90722,104256,165612,1
8388,87770,28378,96158,36766,116148,0
31585,20320,63390,51905,94975,83710,0
90566,43970,9791,134536,100357,53761,0
37551,92843,60475,130394,98026,153318,1
45315,30525,92388,75840,137703,122913,0
792,69140,52425,69932,53217,121565,0
28542,77062,36482,105604,65024,113544,0
30239,90891,31863,121130,62102,122754,0
51188,69142,21189,120330,72377,90331,1
75622,46513,94283,122135,169905,140796,1
58159,87798,23147,145957,81306,110945,0
94174,69339,97065,163513,191239,166404,1
76554,3005,56537,79559,133091,59542,0
57879,27227,25433,85106,83312,52660,0
43720,40321,44697,84041,88417,85018,1
68507,15014,66843,83521,135350,81857,1
98124,38751,23114,136875,121238,61865,0
77879,39483,87805,117362,165684,127288,1
89387,61211,28855,150598,118242,90066,1
87432,42324,21060,129756,108492,63384,0
31757,4754,46980,36511,78737,51734,0
36215,39278,94075,75493,130290,133353,0
52752,62726,58402,115478,111154,121128,1
7985,96252,16379,104237,24364,112631,0
77564,75764,78239,153328,155803,154003,1
44740,78290,99012,123030,143752,177302,1
36898,84144,40789,121042,77687,124933,0
81141,41372,19104,122513,100245,60476,0
18431,9702,23968,28133,42399,33670,1
83425,25926,47028,109351,130453,72954,0
39631,60428,57241,100059,96872,117669,1
90304,84748,57447,175052,147751,142195,1
44887,4811,77256,49698,122143,82067,0
98791,33673,5864,132464,104655,39537,0
45533,3054,66171,48587,111704,69225,0
89700,93541,29572,183241,119272,123113,1
68311,99512,707,167823,69018,100219,0
35626,68792,63814,104418,99440,132606,1
40982,92237,78461,133219,119443,170698,1
5639,20123,5227,25762,10866,25350,0
29779,40699,97088,70478,126867,137787,0
58963,88834,83108,147797,142071,171942,1
71093,4029,23349,75122,94442,27378,0
11878,23876,18301,35754,30179,42177,1
76621,73700,99331,150321,175952,173031,1
29844,37623,3450,67467,33294,41073,0
68788,87711,20303,156499,89091,108014,1
60649,16960,40388,77609,101037,57348,0
48012,32939,44438,80951,92450,77377,1
85516,67405,45641,152921,131157,113046,1
79739,54457,8955,134196,88694,63412,0
16645,26135,24960,42780,41605,51095,1
68593,36455,70375,105048,138968,106830,1
23848,84094,28851,107942,52699,112945,0
70616,25979,81854,96595,152470,107833,1
96938,59531,1436,156469,98374,60967,0
97971,17139,58636,115110,156607,75775,0
91003,54703,86388,145706,177391,141091,1
54992,83588,42559,138580,97551,126147,1
55937,2971,66138,58908,122075,69109,0
48289,10654,44030,58943,92319,54684,1
72044,39603,92913,111647,164957,132516,1
166,47520,48000,47686,48166,95520,0
82212,98226,16470,180438,98682,114696,1
28724,23282,65291,52006,94015,88573,0
38998,76608,91543,115606,130541,168151,1
42422,67217,50775,109639,93197,117992,1
89535,53455,97449,142990,186984,150904,1
86619,2923,55572,89542,142191,58495,0
49929,53793,81619,103722,131548,135412,1
56005,2847,46851,58852,102856,49698,0
33245,75647,35996,108892,69241,111643,0
73751,80106,57250,153857,131001,137356,1
66885,9628,95609,76513,162494,105237,0
40464,30656,68329,71120,108793,98985,1
52571,95440,10558,148011,63129,105998,0
41584,80429,4363,122013,45947,84792,0
57502,86363,81682,143865,139184,168045,1
84903,72,81030,84975,165933,81102,0
45202,23446,55041,68648,100243,78487,1
70046,61894,86394,131940,156440,148288,1
37711,15899,54282,53610,91993,70181,0
95604,45711,71782,141315,167386,117493,1
88167,79415,19932,167582,108099,99347,1
35232,95415,43972,130647,79204,139387,0
33229,31243,42288,64472,75517,73531,1
4518,67329,77609,71847,82127,144938,0
19631,57709,86882,77340,106513,144591,0
6997,23216,46180,30213,53177,69396,0
31201,63686,15808,94887,47009,79494,0
67789,90295,21127,158084,88916,111422,0
46679,7983,42534,54662,89213,50517,1
37606,42867,14333,80473,51939,57200,1
96301,81399,5045,177700,101346,86444,0
42804,13231,99336,56035,142140,112567,0
92162,57660,1229,149822,93391,58889,0
12144,10155,32601,22299,44745,42756,0
70326,14299,10306,84625,80632,24605,0
86199,21299,34393,107498,120592,55692,0
51034,18362,87734,69396,138768,106096,0
34148,74723,92213,108871,126361,166936,1
95057,3080,14174,98137,109231,17254,0
79969,37153,43957,117122,123926,81110,1
94693,29885,14487,124578,109180,44372,0
91092,61826,52031,152918,143123,113857,1
68714,54451,68227,123165,136941,122678,1
2257,98395,4817,100652,7074,103212,0
36376,85228,26335,121604,62711,111563,0
83154,56429,42183,139583,125337,98612,1
49227,30064,69180,79291,118407,99244,1
33527,79680,31972,113207,65499,111652,0
63171,9269,13125,72440,76296,22394,0
95001,2115,27723,97116,122724,29838,0
5557,85207,29661,90764,35218,114868,0
6985,12549,96979,19534,103964,109528,0
60572,82223,59874,142795,120446,142097,1
81800,36091,94002,117891,175802,130093,1
49085,62275,54367,111360,103452,116642,1
36809,60601,58183,97410,94992,118784,1
4221,44533,62646,48754,66867,107179,0
51779,45168,97029,96947,148808,142197,0
51300,87143,51424,138443,102724,138567,1
51680,13028,46258,64708,97938,59286,1
49608,86663,87788,136271,137396,174451,1
39605,99450,90494,139055,130099,189944,1
93426,34217,5651,127643,99077,39868,0
93549,15995,74558,109544,168107,90553,0
45429,18234,36820,63663,82249,55054,1
79066,23150,96581,102216,175647,119731,1
64541,35857,14235,100398,78776,50092,0
10296,54991,57421,65287,67717,112412,1
80730,6323,94857,87053,175587,101180,0
60036,67995,18636,128031,78672,86631,1
34064,4752,4118,38816,38182,8870,0
94424,39233,19473,133657,113897,58706,0
1991,26314,75066,28305,77057,101380,0
3387,89741,99479,93128,102866,189220,0
48647,17999,3990,66646,52637,21989,0
83832,94067,69478,177899,153310,163545,1
93643,96796,82478,190439,176121,179274,1
85358,80199,28898,165557,114256,109097,1
97244,28354,98840,125598,196084,127194,1
22791,13360,31,36151,22822,13391,0
58487,67203,99308,125690,157795,166511,1
6696,10188,8452,16884,15148,18640,1
32260,36198,40548,68458,72808,76746,1
65347,33674,10322,99021,75669,43996,0
74550,37953,97708,112503,172258,135661,1
12212,20419,40489,32631,52701,60908,0
72805,41255,84533,114060,157338,125788,1
94467,50613,4050,145080,98517,54663,0
53603,3382,61789,56985,115392,65171,0
26820,64993,6543,91813,33363,71536,0
98896,22371,92177,121267,191073,114548,1
76241,22631,35899,98872,112140,58530,0
75918,46639,2564,122557,78482,49203,0
5458,8451,64700,13909,70158,73151,0
6712,91304,95278,98016,101990,186582,1
9444,11904,2690,21348,12134,14594,1
83655,48021,90267,131676,173922,138288,1
34940,70635,32737,105575,67677,103372,0
79566,73274,47872,152840,127438,121146,1
57589,68469,87213,126058,144802,155682,1
77390,72161,3050,149551,80440,75211,0
66771,40873,99130,107644,165901,140003,1
38715,43282,59904,81997,98619,103186,1
26510,6568,787,33078,27297,7355,0
14862,67679,84875,82541,99737,152554,0
45937,60851,54654,106788,100591,115505,1
66490,77823,77617,144313,144107,155440,1
47663,77259,13478,124922,61141,90737,0
50752,35501,88395,86253,139147,123896,0
24701,11729,94153,36430,118854,105882,0
560,47520,60881,48080,61441,108401,0
50114,95595,74484,145709,124598,170079,1
75734,60804,86279,136538,162013,147083,1
70416,15600,84212,86016,154628,99812,1
4132,54894,19565,59026,23697,74459,0
78901,36396,79400,115297,158301,115796,1
70162,1833,69820,71995,139982,71653,1
22358,51602,47855,73960,70213,99457,1
52382,87340,51489,139722,103871,138829,1
15839,87564,6066,103403,21905,93630,0
38692,64299,77915,102991,116607,142214,1
30960,15424,31288,46384,62248,46712,1
18508,78232,96655,96740,115163,174887,1
93309,58030,30674,151339,123983,88704,0
90152,70451,98789,160603,188941,169240,1
24588,99911,16576,124499,41164,116487,0
19109,47182,38967,66291,58076,86149,1
65288,15874,35356,81162,100644,51230,0
23328,17877,79850,41205,103178,97727,0
30258,24858,52435,55116,82693,77293,1
5687,98421,43361,104108,49048,141782,0
7139,2908,93128,10047,100267,96036,0
38526,5999,41627,44525,80153,47626,1
20871,8317,81050,29188,101921,89367,0
17980,60943,2207,78923,20187,63150,0
31210,51638,91756,82848,122966,143394,0
4437,60635,55373,65072,59810,116008,0
26724,78167,30457,104891,57181,108624,0
62172,66511,66158,128683,128330,132669,1
1571,57224,38231,58795,39802,95455,0
85918,17384,31694,103302,117612,49078,0
52447,15514,32341,67961,84788,47855,0
74909,22812,5221,97721,80130,28033,0
27709,23884,61611,51593,89320,85495,0
63059,32694,41257,95753,104316,73951,1
83804,55448,72475,139252,156279,127923,1
85071,86256,50527,171327,135598,136783,1
68561,85405,50352,153966,118913,135757,1
40514,35277,2478,75791,42992,37755,0
30663,63193,39090,93856,69753,102283,1
24779,22015,64434,46794,89213,86449,0
50325,35811,86091,86136,136416,121902,1
23537,10542,98468,34079,122005,109010,0
87871,50665,27235,138536,115106,77900,0
76563,72960,80889,149523,157452,153849,1
835,91322,193,92157,1028,91515,0
32172,77000,68269,109172,100441,145269,1
69014,1113,16717,70127,85731,17830,0
82373,96159,61808,178532,144181,157967,1
76264,20468,53579,96732,129843,74047,0
69497,2638,15824,72135,85321,18462,0
6302,62582,10195,68884,16497,72777,0
50898,54703,49145,105601,100043,103848,1
24804,9570,95674,34374,120478,105244,0
24590,78610,5833,103200,30423,84443,0
64107,4688,83307,68795,147414,87995,0
89300,17978,41125,107278,130425,59103,0
15875,31535,27208,47410,43083,58743,1
63498,89259,78352,152757,141850,167611,1
57238,83424,42861,140662,100099,126285,1
97035,86739,44975,183774,142010,131714,1
25091,34824,46440,59915,71531,81264,1
85648,30493,92914,116141,178562,123407,1
33597,96924,10761,130521,44358,107685,0
75129,21203,29966,96332,105095,51169,0
14707,23995,86578,38702,101285,110573,0
23966,45600,91583,69566,115549,137183,0
70175,22084,95486,92259,165661,117570,0
46494,3183,54839,49677,101333,58022,0
28896,29563,35495,58459,64391,65058,1
11110,92608,42802,103718,53912,135410,0
87247,77013,57968,164260,145215,134981,1
33656,4675,52357,38331,86013,57032,0
52731,48465,62256,101196,114987,110721,1
26095,84553,93248,110648,119343,177801,1
1437,72739,53204,74176,54641,125943,0
32448,32678,64160,65126,96608,96838,1
1824,83138,20607,84962,22431,103745,0
84149,88047,77310,172196,161459,165357,1
50646,20733,70802,71379,121448,91535,1
21411,3173,31048,24584,52459,34221,0
93460,57296,49757,150756,143217,107053,1
30958,18184,81030,49142,111988,99214,0
27168,63482,13886,90650,41054,77368,0
98514,18698,15147,117212,113661,33845,0
80417,63045,97125,143462,177542,160170,1
78306,99832,49397,178138,127703,149229,1
77346,85831,37777,163177,115123,123608,1
9791,65525,21389,75316,31180,86914,0
92211,63920,28467,156131,120678,92387,1
24468,25308,42817,49776,67285,68125,1
57911,64109,39064,122020,96975,103173,1
68056,13865,69577,81921,137633,83442,1
18827,75944,78260,94771,97087,154204,1
40604,58859,79095,99463,119699,137954,1
56955,15089,8691,72044,65646,23780,0
27793,26576,92149,54369,119942,118725,0
26082,55402,69461,81484,95543,124863,1
80852,66602,14675,147454,95527,81277,1
39377,61194,55375,100571,94752,116569,1
26550,74773,45756,101323,72306,120529,0
59059,66692,45515,125751,104574,112207,1
47836,41737,41146,89573,88982,82883,1
21282,42134,19758,63416,41040,61892,0
33100,60467,51123,93567,84223,111590,1
31396,48539,71131,79935,102527,119670,1
46352,24271,6343,70623,52695,30614,0
72546,29713,37872,102259,110418,67585,0
97528,21954,84442,119482,181970,106396,1
45916,96682,19904,142598,65820,116586,0
36506,70427,74146,106933,110652,144573,1
81050,5560,8228,86610,89278,13788,0
71186,66594,88912,137780,160098,155506,1
5441,66202,32340,71643,37781,98542,0
70040,4408,88164,74448,158204,92572,0
53793,16519,49587,70312,103380,66106,1
59827,12983,47547,72810,107374,60530,1
91790,79213,59254,171003,151044,138467,1
33919,83944,54951,117863,88870,138895,1
41819,65617,29833,107436,71652,95450,1
12889,72325,62686,85214,75575,135011,1
52792,76251,68464,129043,121256,144715,1
6898,3969,15669,10867,22567,19638,0
80390,72487,74535,152877,154925,147022,1
89623,29391,84975,119014,174598,114366,1
82181,78817,67015,160998,149196,145832,1
31212,82235,27288,113447,58500,109523,0
49150,23301,24803,72451,73953,48104,0
48471,37635,61730,86106,110201,99365,1
66767,81917,20111,148684,86878,102028,1
34022,16830,70242,50852,104264,87072,0
72383,1417,87601,73800,159984,89018,0
26902,13876,20506,40778,47408,34382,1
17290,87811,90812,105101,108102,178623,1
68194,38465,52875,106659,121069,91340,1
61005,64571,30199,125576,91204,94770,1
49215,88514,39788,137729,89003,128302,1
4531,50207,79280,54738,83811,129487,0
63705,22806,15157,86511,78862,37963,0
68150,18095,97256,86245,165406,115351,0
32430,69133,2337,101563,34767,71470,0
91062,26019,20257,117081,111319,46276,0
66282,2415,86648,68697,152930,89063,0
73307,78484,96889,151791,170196,175373,1
74661,44169,6470,118830,81131,50639,0
33193,72618,15762,105811,48955,88380,0
54584,82508,1527,137092,56111,84035,0
32,72598,25126,72630,25158,97724,0
40223,23039,58062,63262,98285,81101,1
70784,11708,33975,82492,104759,45683,0
70964,54393,99233,125357,170197,153626,1
61779,36200,47621,97979,109400,83821,1
28247,55949,20521,84196,48768,76470,0
54617,26188,6037,80805,60654,32225,0
87949,86437,25885,174386,113834,112322,1
48673,18289,86465,66962,135138,104754,0
96372,57057,45992,153429,142364,103049,1
62798,4252,92230,67050,155028,96482,0
62932,58072,73960,121004,136892,132032,1
73012,95957,58575,168969,131587,154532,1
5052,28708,69081,33760,74133,97789,0
86656,10349,26866,97005,113522,37215,0
16740,98071,95363,114811,112103,193434,1
12859,51341,66288,64200,79147,117629,0
3302,4764,63323,8066,66625,68087,0
93786,62870,64650,156656,158436,127520,1
49149,11642,52556,60791,101705,64198,1
85125,45125,63500,130250,148625,108625,1
74658,27056,56036,101714,130694,83092,1
81071,69549,43973,150620,125044,113522,1
49908,20254,6911,70162,56819,27165,0
68341,21317,42857,89658,111198,64174,0
11716,20454,23710,32170,35426,44164,1
41932,90923,51462,132855,93394,142385,1
49952,75628,68040,125580,117992,143668,1
45892,29870,88585,75762,134477,118455,0
49993,87381,42934,137374,92927,130315,1
41355,26999,13454,68354,54809,40453,0
21401,78916,46089,100317,67490,125005,0
30297,68856,94382,99153,124679,163238,1
85922,85990,69641,171912,155563,155631,1
30343,52613,26322,82956,56665,78935,1
76482,31042,19035,107524,95517,50077,0
3080,59063,20525,62143,23605,79588,0
13671,39586,58493,53257,72164,98079,0
40260,7156,86288,47416,126548,93444,0
82107,66728,81889,148835,163996,148617,1
90,45276,66328,45366,66418,111604,0
39096,20146,79565,59242,118661,99711,0
36431,77656,45882,114087,82313,123538,1
96996,36355,66495,133351,163491,102850,1
11129,20498,6930,31627,18059,27428,0
63319,94150,10137,157469,73456,104287,0
33397,74415,66536,107812,99933,140951,1
17016,32304,78580,49320,95596,110884,0
78062,18704,3612,96766,81674,22316,0
12122,87668,98383,99790,110505,186051,1
785,47736,47988,48521,48773,95724,1
94056,4960,23091,99016,117147,28051,0
16480,72104,23134,88584,39614,95238,0
12421,86175,82775,98596,95196,168950,1
98538,4096,59633,102634,158171,63729,0
28218,9260,37392,37478,65610,46652,1
37180,20308,51356,57488,88536,71664,1
43364,55035,25718,98399,69082,80753,1
35770,64057,1285,99827,37055,65342,0
31928,36817,9923,68745,41851,46740,1
30429,89613,60705,120042,91134,150318,1
98559,39507,11142,138066,109701,50649,0
37445,57863,82976,95308,120421,140839,1
73718,45051,71483,118769,145201,116534,1
68451,12366,87925,80817,156376,100291,0
21518,18157,78278,39675,99796,96435,0
47082,89634,32246,136716,79328,121880,0
50616,13192,67103,63808,117719,80295,0
4469,175,19380,4644,23849,19555,0
37352,87297,26245,124649,63597,113542,0
64625,14498,84127,79123,148752,98625,0
41843,56177,58268,98020,100111,114445,1
99494,14328,17344,113822,116838,31672,0
56094,46853,26462,102947,82556,73315,1
78985,84618,59597,163603,138582,144215,1
93948,8270,52370,102218,146318,60640,0
64541,64771,99958,129312,164499,164729,1
21104,64267,29531,85371,50635,93798,0
19943,36368,6256,56311,26199,42624,0
94939,98028,66882,192967,161821,164910,1
26055,10343,85957,36398,112012,96300,0
16641,92448,45233,109089,61874,137681,0
92813,21220,25922,114033,118735,47142,0
64762,77013,27572,141775,92334,104585,1
14289,39943,9788,54232,24077,49731,0
44210,18015,7767,62225,51977,25782,0
97038,69818,28203,166856,125241,98021,1
23843,83839,49651,107682,73494,133490,0
25006,73395,81678,98401,106684,155073,1
2358,94690,51313,97048,53671,146003,0
8390,42334,21306,50724,29696,63640,0
89494,60569,77267,150063,166761,137836,1
36070,95948,96529,132018,132599,192477,1
34978,39189,85883,74167,120861,125072,0
23904,6114,90763,30018,114667,96877,0
22929,40340,5105,63269,28034,45445,0
17606,56845,69341,74451,86947,126186,1
58104,85566,62705,143670,120809,148271,1
92222,5083,57872,97305,150094,62955,0
71782,77371,26190,149153,97972,103561,1
68037,27466,7526,95503,75563,34992,0
3749,35954,17776,39703,21525,53730,0
57282,77748,21274,135030,78556,99022,1
69447,28417,53909,97864,123356,82326,1
83321,23254,91640,106575,174961,114894,1
60541,94511,44501,155052,105042,139012,1
65734,95668,20213,161402,85947,115881,0
40818,8143,51591,48961,92409,59734,0
16213,73275,37545,89488,53758,110820,0
89108,47381,10077,136489,99185,57458,0
34131,32872,55445,67003,89576,88317,1
9816,40286,31394,50102,41210,71680,1
57290,40607,3508,97897,60798,44115,0
63878,26570,79443,90448,143321,106013,1
75924,23072,60234,98996,136158,83306,1
22478,81405,74129,103883,96607,155534,1
42104,87782,5580,129886,47684,93362,0
92471,44492,34816,136963,127287,79308,0
37244,57088,4308,94332,41552,61396,0
60896,48328,6477,109224,67373,54805,0
6093,43150,32306,49243,38399,75456,0
56147,30613,23119,86760,79266,53732,0
34187,45673,7328,79860,41515,53001,0
49128,74271,93929,123399,143057,168200,1
14011,91010,66377,105021,80388,157387,0
85605,75952,37064,161557,122669,113016,1
6477,19032,20493,25509,26970,39525,1
92564,19075,36783,111639,129347,55858,0
30996,31263,4214,62259,35210,35477,1
62027,25811,92056,87838,154083,117867,0
54125,75366,20349,129491,74474,95715,0
22892,16008,98198,38900,121090,114206,0
4365,20946,46634,25311,50999,67580,0
8970,80208,13735,89178,22705,93943,0
30460,62091,51923,92551,82383,114014,1
51342,36079,82048,87421,133390,118127,1
67778,20915,81881,88693,149659,102796,1
39192,91738,83563,130930,122755,175301,1
35909,17280,85158,53189,121067,102438,0
99056,17204,42098,116260,141154,59302,0
97057,83498,45056,180555,142113,128554,1
35695,18369,98444,54064,134139,116813,0
96460,341,75721,96801,172181,76062,0
61120,18879,93871,79999,154991,112750,0
54871,83239,50804,138110,105675,134043,1
71945,80574,25960,152519,97905,106534,1
28251,14774,93750,43025,122001,108524,0
51058,76552,41080,127610,92138,117632,1
29794,46406,67452,76200,97246,113858,1
2014,85174,80019,87188,82033,165193,0
2710,3410,57902,6120,60612,61312,0
6520,56676,36201,63196,42721,92877,0
30781,77599,21407,108380,52188,99006,0
62684,72016,44460,134700,107144,116476,1
13421,89227,46842,102648,60263,136069,0
41512,13207,90495,54719,132007,103702,0
54887,59948,26928,114835,81815,86876,1
23928,43929,32174,67857,56102,76103,1
23915,56205,34877,80120,58792,91082,1
86823,7056,44977,93879,131800,52033,0
56837,10286,33036,67123,89873,43322,0
9373,83687,54668,93060,64041,138355,0
73020,13887,81954,86907,154974,95841,1
21918,97075,29143,118993,51061,126218,0
22929,7683,30030,30612,52959,37713,1
65955,28278,40537,94233,106492,68815,1
43409,66044,1034,109453,44443,67078,0
7339,17243,62996,24582,70335,80239,0
58473,85367,25659,143840,84132,111026,0
50385,40976,851,91361,51236,41827,0
58001,90379,38666,148380,96667,129045,1
82539,7019,60151,89558,142690,67170,0
72867,56597,13092,129464,85959,69689,0
18542,10805,56952,29347,75494,67757,0
8135,98612,23738,106747,31873,122350,0
78200,23989,72949,102189,151149,96938,1
20645,86393,49709,107038,70354,136102,0
37544,57844,43483,95388,81027,101327,1
77556,41900,63198,119456,140754,105098,1
33099,79131,70479,112230,103578,149610,1
11110,31928,52403,43038,63513,84331,0
92374,36727,77139,129101,169513,113866,1
13359,55243,27918,68602,41277,83161,0
40651,36627,8145,77278,48796,44772,1
93924,92969,10324,186893,104248,103293,1
4245,50505,78584,54750,82829,129089,0
36403,62194,77071,98597,113474,139265,1
49770,42585,54266,92355,104036,96851,1
71380,7673,53106,79053,124486,60779,0
57192,71850,95925,129042,153117,167775,1
98881,93964,72686,192845,171567,166650,1
81914,98445,23649,180359,105563,122094,1
75938,70518,83838,146456,159776,154356,1
73931,32750,86846,106681,160777,119596,1
60904,74213,89592,135117,150496,163805,1
17516,92680,52002,110196,69518,144682,0
42530,49556,98111,92086,140641,147667,0
78134,54129,30450,132263,108584,84579,1
23591,22690,29889,46281,53480,52579,1
94573,65104,72979,159677,167552,138083,1
3241,24102,69647,27343,72888,93749,0
63889,41261,9110,105150,72999,50371,0
4812,32862,14469,37674,19281,47331,0
59552,55989,77074,115541,136626,133063,1
49099,9342,6801,58441,55900,16143,0
86645,5161,24947,91806,111592,30108,0
43469,61167,74262,104636,117731,135429,1
48152,38420,72941,86572,121093,111361,1
1524,97660,69893,99184,71417,167553,0
24926,48118,45694,73044,70620,93812,1
24354,95852,24570,120206,48924,120422,0
32429,2567,64726,34996,97155,67293,0
9697,38209,96599,47906,106296,134808,0
40153,8897,2693,49050,42846,11590,0
90463,29158,36477,119621,126940,65635,0
52770,26588,78695,79358,131465,105283,1
58334,80050,71188,138384,129522,151238,1
90126,23659,72026,113785,162152,95685,1
5383,36606,16110,41989,21493,52716,0
16882,41542,28231,58424,45113,69773,1
17738,28491,88722,46229,106460,117213,0
3614,35882,79647,39496,83261,115529,0
69837,30125,59543,99962,129380,89668,1
25457,35831,20195,61288,45652,56026,1
15629,46125,40236,61754,55865,86361,1
43878,59835,73109,103713,116987,132944,1
61425,84679,7499,146104,68924,92178,0
94073,98603,45344,192676,139417,143947,1
27923,2140,18439,30063,46362,20579,0
75215,58659,39993,133874,115208,98652,1
38422,9004,12670,47426,51092,21674,0
85026,63286,47110,148312,132136,110396,1
48563,510,78145,49073,126708,78655,0
23323,57355,83948,80678,107271,141303,0
29078,81473,31515,110551,60593,112988,0
48858,48434,91073,97292,139931,139507,1
83976,45701,41848,129677,125824,87549,1
86267,30280,24654,116547,110921,54934,0
95703,40546,52688,136249,148391,93234,0
74075,22322,6678,96397,80753,29000,0
58444,25545,44391,83989,102835,69936,1
68293,17680,27617,85973,95910,45297,0
71431,69498,38494,140929,109925,107992,1
65801,28737,22093,94538,87894,50830,0
66020,11969,84865,77989,150885,96834,0
69643,2924,21955,72567,91598,24879,0
32862,21522,10236,54384,43098,31758,0
7390,41491,68561,48881,75951,110052,0
70476,51032,89754,121508,160230,140786,1
21425,8046,54163,29471,75588,62209,0
35635,27514,82002,63149,117637,109516,0
19263,37914,2956,57177,22219,40870,0
92568,48482,47444,141050,140012,95926,1
93314,98405,55252,191719,148566,153657,1
23033,89716,6233,112749,29266,95949,0
47718,72867,49768,120585,97486,122635,1
81783,41130,49095,122913,130878,90225,1
91630,3779,73861,95409,165491,77640,0
57060,72686,28651,129746,85711,101337,1
14475,46855,85691,61330,100166,132546,0
15162,82795,50237,97957,65399,133032,0
86821,77242,87594,164063,174415,164836,1
67293,44520,56941,111813,124234,101461,1
10337,5810,1159,16147,11496,6969,0
78608,11311,77793,89919,156401,89104,1
18665,12851,89472,31516,108137,102323,0
4971,17380,98488,22351,103459,115868,0
60467,8838,5290,69305,65757,14128,0
49598,59276,67266,108874,116864,126542,1
47728,65764,71504,113492,119232,137268,1
37757,78336,57545,116093,95302,135881,1
43581,61895,55705,105476,99286,117600,1
33438,51581,89130,85019,122568,140711,0
94481,13822,24424,108303,118905,38246,0
63745,5634,76096,69379,139841,81730,0
39989,74817,28543,114806,68532,103360,0
39025,7607,93543,46632,132568,101150,0
52931,71430,56542,124361,109473,127972,1
5776,95147,31567,100923,37343,126714,0
76825,96192,38548,173017,115373,134740,1
57638,57774,36535,115412,94173,94309,1
54305,16279,59362,70584,113667,75641,1
31255,38534,76296,69789,107551,114830,0
51446,97473,96850,148919,148296,194323,1
91519,37773,68678,129292,160197,106451,1
25456,87687,34162,113143,59618,121849,0
38158,78297,91936,116455,130094,170233,1
55999,81646,77314,137645,133313,158960,1
88199,85178,98503,173377,186702,183681,1
18877,21748,64256,40625,83133,86004,0
32619,57912,3286,90531,35905,61198,0
96873,3741,90107,100614,186980,93848,0
84693,41471,37346,126164,122039,78817,0
81739,90101,5741,171840,87480,95842,0
45289,38042,65023,83331,110312,103065,1
89605,13740,66838,103345,156443,80578,0
26307,18127,51711,44434,78018,69838,0
56050,79218,69497,135268,125547,148715,1
39196,59802,94810,98998,134006,154612,1
57069,91011,89110,148080,146179,180121,1
14761,64698,59101,79459,73862,123799,1
65214,3716,88617,68930,153831,92333,0
89968,36663,27858,126631,117826,64521,0
62650,97322,7514,159972,70164,104836,0
52117,20939,81013,73056,133130,101952,0
84701,8479,39259,93180,123960,47738,0
78279,47918,17520,126197,95799,65438,0
76690,66837,58825,143527,135515,125662,1
1543,64847,89855,66390,91398,154702,0
75638,49119,62851,124757,138489,111970,1
1878,11629,52728,13507,54606,64357,0
37853,16826,31838,54679,69691,48664,1
59975,2453,48663,62428,108638,51116,0
101,72702,51726,72803,51827,124428,0
92641,2540,35088,95181,127729,37628,0
48081,67461,28965,115542,77046,96426,1
80203,21528,30411,101731,110614,51939,0
74385,58036,92932,132421,167317,150968,1
54629,25117,27929,79746,82558,53046,0
87268,88701,81694,175969,168962,170395,1
98408,39616,90867,138024,189275,130483,1
38399,63709,64501,102108,102900,128210,1
70576,31319,18997,101895,89573,50316,0
72653,7953,30897,80606,103550,38850,0
83613,52914,2047,136527,85660,54961,0
85225,85829,14596,171054,99821,100425,1
46564,96161,76546,142725,123110,172707,1
73074,76466,43787,149540,116861,120253,1
32163,29727,37759,61890,69922,67486,1
5379,66828,90236,72207,95615,157064,0
65805,74122,59549,139927,125354,133671,1
32795,1264,82232,34059,115027,83496,0
5535,40713,51794,46248,57329,92507,0
80922,96940,39168,177862,120090,136108,1
52892,41164,11909,94056,64801,53073,1
56939,34213,11997,91152,68936,46210,0
3449,20184,82075,23633,85524,102259,0
85544,98446,18242,183990,103786,116688,1
90374,65050,17992,155424,108366,83042,0
51099,84206,44460,135305,95559,128666,1
45414,38822,5290,84236,50704,44112,0
44810,83496,915,128306,45725,84411,0
83928,27898,10262,111826,94190,38160,0
51640,5528,16264,57168,67904,21792,0
17267,10613,50615,27880,67882,61228,0
35817,17055,69656,52872,105473,86711,0
92351,19288,21428,111639,113779,40716,0
15261,30454,99484,45715,114745,129938,0
89946,42129,86037,132075,175983,128166,1
33279,25866,15396,59145,48675,41262,1
78207,37834,50334,116041,128541,88168,1
7647,77876,83571,85523,91218,161447,1
17687,95852,4,113539,17691,95856,0
29417,3561,96293,32978,125710,99854,0
76511,82280,76973,158791,153484,159253,1
88427,42559,28600,130986,117027,71159,0
73643,27001,44862,100644,118505,71863,0
18348,12023,19509,30371,37857,31532,1
9012,29859,79577,38871,88589,109436,0
3865,78420,57043,82285,60908,135463,0
60841,9863,18798,70704,79639,28661,0
32295,4124,55320,36419,87615,59444,0
27411,3565,2957,30976,30368,6522,0
63946,36885,35598,100831,99544,72483,1
14915,70679,95923,85594,110838,166602,0
26189,82782,52580,108971,78769,135362,0
47833,64714,54262,112547,102095,118976,1
64732,67931,42929,132663,107661,110860,1
36897,19268,27131,56165,64028,46399,1
71459,90192,45634,161651,117093,135826,1
81758,67534,30685,149292,112443,98219,1
6177,73653,40479,79830,46656,114132,0
30055,575,27484,30630,57539,28059,0
57969,19178,49885,77147,107854,69063,1
77149,40565,15008,117714,92157,55573,0
90751,50634,92243,141385,182994,142877,1
82943,16288,83542,99231,166485,99830,1
54936,80751,32823,135687,87759,113574,1
79882,50938,17741,130820,97623,68679,0
94037,82647,2061,176684,96098,84708,0
98434,19441,21384,117875,119818,40825,0
71675,67381,73307,139056,144982,140688,1
72421,15835,95544,88256,167965,111379,0
95355,670,55000,96025,150355,55670,0
20993,99472,30344,120465,51337,129816,0
45820,89256,38676,135076,84496,127932,0
89960,14396,50588,104356,140548,64984,0
3041,51364,44333,54405,47374,95697,0
41035,61066,81962,102101,122997,143028,1
3701,76813,48119,80514,51820,124932,0
44477,11871,44021,56348,88498,55892,1
86180,73579,5029,159759,91209,78608,0
80571,66487,59460,147058,140031,125947,1
21830,57465,36469,79295,58299,93934,1
30270,70523,21380,100793,51650,91903,0
1944,82754,55242,84698,57186,137996,0
47968,4134,54618,52102,102586,58752,0
87428,25467,95524,112895,182952,120991,1
81735,65519,35519,147254,117254,101038,1
31863,69335,59900,101198,91763,129235,1
50872,67140,94746,118012,145618,161886,1
80180,38232,86028,118412,166208,124260,1
60091,32314,7306,92405,67397,39620,0
75513,92223,88048,167736,163561,180271,1
91069,74281,42305,165350,133374,116586,1
22628,7517,7252,30145,29880,14769,0
91703,86858,31904,178561,123607,118762,1
19866,58213,79915,78079,99781,138128,0
83355,25638,30463,108993,113818,56101,0
73920,44787,3040,118707,76960,47827,0
1359,55501,1977,56860,3336,57478,0
47059,35035,50199,82094,97258,85234,1
59320,48022,47895,107342,107215,95917,1
62945,26841,13978,89786,76923,40819,0
63841,39052,81089,102893,144930,120141,1
60535,72657,98390,133192,158925,171047,1
46978,2925,30082,49903,77060,33007,0
97475,28301,81816,125776,179291,110117,1
37264,51286,84744,88550,122008,136030,1
9048,47015,52386,56063,61434,99401,1
24194,14259,53822,38453,78016,68081,0
88145,92230,75528,180375,163673,167758,1
73464,42295,26886,115759,100350,69181,0
8896,76345,87436,85241,96332,163781,0
69373,37202,95317,106575,164690,132519,1
89370,83218,91075,172588,180445,174293,1
79197,53677,99052,132874,178249,152729,1
95149,87537,9683,182686,104832,97220,1
86966,19019,65981,105985,152947,85000,0
60615,61776,76821,122391,137436,138597,1
92637,88545,31710,181182,124347,120255,1
22840,77257,7547,100097,30387,84804,0
9826,98212,73440,108038,83266,171652,0
24826,72923,1192,97749,26018,74115,0
553,54783,46462,55336,47015,101245,0
86801,59753,62376,146554,149177,122129,1
75277,33181,39100,108458,114377,72281,0
35123,98735,86494,133858,121617,185229,1
23514,19181,89336,42695,112850,108517,0
30549,26797,74339,57346,104888,101136,0
27682,57393,29155,85075,56837,86548,0
53188,25959,4501,79147,57689,30460,0
23647,27079,71915,50726,95562,98994,0
20888,62244,6828,83132,27716,69072,0
63580,90710,4721,154290,68301,95431,0
67260,80614,53564,147874,120824,134178,1
67340,71333,69487,138673,136827,140820,1
7646,33844,62698,41490,70344,96542,0
40044,29056,41365,69100,81409,70421,1
67610,98011,28493,165621,96103,126504,0
87855,33195,93047,121050,180902,126242,1
58785,72467,30859,131252,89644,103326,1
25787,94172,56481,119959,82268,150653,0
48467,79385,15661,127852,64128,95046,0
78776,14628,78487,93404,157263,93115,1
45579,72329,61519,117908,107098,133848,1
67891,55419,2917,123310,70808,58336,0
33941,82341,15113,116282,49054,97454,0
90428,41410,59267,131838,149695,100677,1
32255,55206,47932,87461,80187,103138,1
77437,14274,60372,91711,137809,74646,0
98425,81694,21072,180119,119497,102766,1
11872,5369,20982,17241,32854,26351,0
54062,66870,51343,120932,105405,118213,1
19882,35403,85922,55285,105804,121325,0
55865,56381,15546,112246,71411,71927,1
1198,70913,46553,72111,47751,117466,0
5485,17999,51379,23484,56864,69378,0
53861,4374,46229,58235,100090,50603,0
33976,16407,28918,50383,62894,45325,1
84887,12506,36787,97393,121674,49293,0
6543,13285,68169,19828,74712,81454,0
12783,47532,9569,60315,22352,57101,0
63894,11994,23611,75888,87505,35605,0
25517,98282,75254,123799,100771,173536,1
67320,26586,32511,93906,99831,59097,0
16173,24620,14603,40793,30776,39223,1
85611,71476,58379,157087,143990,129855,1
78678,59507,8187,138185,86865,67694,0
43809,18540,66878,62349,110687,85418,0
1941,27586,74691,29527,76632,102277,0
48622,12763,85614,61385,134236,98377,0
48542,93207,74614,141749,123156,167821,1
51889,34635,41658,86524,93547,76293,1
69824,47590,19771,117414,89595,67361,0
54410,95277,63732,149687,118142,159009,1
70832,78707,9791,149539,80623,88498,1
8672,70636,12080,79308,20752,82716,0
20494,41918,54145,62412,74639,96063,1
88986,85198,25661,174184,114647,110859,1
11683,27188,27473,38871,39156,54661,1
41209,49086,52240,90295,93449,101326,1
15351,51620,30349,66971,45700,81969,0
59009,4064,21741,63073,80750,25805,0
26710,34493,23800,61203,50510,58293,1
31101,55793,26984,86894,58085,82777,1
33833,11790,15458,45623,49291,27248,0
75968,26191,27086,102159,103054,53277,0
57111,51815,86892,108926,144003,138707,1
75892,12840,24061,88732,99953,36901,0
31535,27004,21908,58539,53443,48912,1
85205,16086,43647,101291,128852,59733,0
91358,73234,16845,164592,108203,90079,0
50653,48904,15117,99557,65770,64021,1
28467,88813,2205,117280,30672,91018,0
39349,27359,69523,66708,108872,96882,0
90815,9364,1417,100179,92232,10781,0
16698,39239,57949,55937,74647,97188,0
6678,68381,27369,75059,34047,95750,0
57353,62573,601,119926,57954,63174,0
19518,92597,53457,112115,72975,146054,0
39598,36297,17248,75895,56846,53545,1
56373,92416,13105,148789,69478,105521,0
41807,96101,58083,137908,99890,154184,1
95864,70230,63001,166094,158865,133231,1
53186,98751,121,151937,53307,98872,0
54715,90873,11608,145588,66323,102481,0
60734,18650,64298,79384,125032,82948,1
12273,86125,90226,98398,102499,176351,1
24072,97025,38587,121097,62659,135612,0
74280,10654,2414,84934,76694,13068,0
99271,34764,63229,134035,162500,97993,0
19651,52605,86962,72256,106613,139567,0
61893,64797,14533,126690,76426,79330,1
22922,29982,69330,52904,92252,99312,0
65439,10848,51676,76287,117115,62524,0
95489,93057,48336,188546,143825,141393,1
73505,60731,52779,134236,126284,113510,1
10477,99233,58277,109710,68754,157510,0
88586,46614,27807,135200,116393,74421,0
54719,56294,5116,111013,59835,61410,1
29796,18181,39867,47977,69663,58048,1
62001,79759,67479,141760,129480,147238,1
47034,32283,86646,79317,133680,118929,0
93160,47783,25529,140943,118689,73312,0
40254,41132,77747,81386,118001,118879,1
29418,4495,67128,33913,96546,71623,0
74301,26367,16475,100668,90776,42842,0
64143,49009,41647,113152,105790,90656,1
88207,45863,30461,134070,118668,76324,0
5787,25293,43524,31080,49311,68817,0
29818,25406,97276,55224,127094,122682,0
70014,2221,28090,72235,98104,30311,0
99336,76557,42411,175893,141747,118968,1
56286,91456,46749,147742,103035,138205,1
28357,96230,20278,124587,48635,116508,0
3023,9465,19448,12488,22471,28913,0
23349,91368,27721,114717,51070,119089,0
98187,85248,9248,183435,107435,94496,0
24844,58697,6463,83541,31307,65160,0
86318,82075,41924,168393,128242,123999,1
27317,70993,94015,98310,121332,165008,1
42592,72512,3559,115104,46151,76071,0
6807,96502,17624,103309,24431,114126,0
45739,80298,40509,126037,86248,120807,1
30266,52768,48811,83034,79077,101579,1
52692,66032,61224,118724,113916,127256,1
749,28130,2418,28879,3167,30548,0
12938,48612,15231,61550,28169,63843,0
45296,23594,35799,68890,81095,59393,1
91948,76016,84882,167964,176830,160898,1
56367,13420,61056,69787,117423,74476,1
21119,53466,3866,74585,24985,57332,0
29436,54748,32961,84184,62397,87709,1
32524,51378,38724,83902,71248,90102,1
71593,66999,90986,138592,162579,157985,1
82421,75315,43177,157736,125598,118492,1
26914,6235,17434,33149,44348,23669,0
30280,96601,64492,126881,94772,161093,0
72307,14105,81761,86412,154068,95866,1
99436,8498,22336,107934,121772,30834,0
98645,41685,20965,140330,119610,62650,0
19005,63085,89696,82090,108701,152781,0
29514,3789,99108,33303,128622,102897,0
95547,53238,17263,148785,112810,70501,0
92052,87612,76306,179664,168358,163918,1
72388,47874,87881,120262,160269,135755,1
41330,34915,68960,76245,110290,103875,1
5187,93349,10126,98536,15313,103475,0
778,89874,1069,90652,1847,90943,0
21938,72150,29654,94088,51592,101804,0
85435,34612,74762,120047,160197,109374,1
11442,59251,51113,70693,62555,110364,1
10076,33072,39906,43148,49982,72978,1
1028,23013,44167,24041,45195,67180,0
72626,98332,49687,170958,122313,148019,1
26479,2302,41830,28781,68309,44132,0
65898,25197,17141,91095,83039,42338,0
32967,31257,37498,64224,70465,68755,1
45200,30469,11107,75669,56307,41576,0
38728,41215,25966,79943,64694,67181,1
80770,96283,534,177053,81304,96817,0
60813,96830,11799,157643,72612,108629,0
3992,6829,84550,10821,88542,91379,0
71393,53863,18937,125256,90330,72800,1
33795,96216,70825,130011,104620,167041,1
68893,8612,18549,77505,87442,27161,0
79597,43398,62148,122995,141745,105546,1
51785,68452,59382,120237,111167,127834,1
91622,31776,17908,123398,109530,49684,0
15442,66571,66545,82013,81987,133116,1
4343,50445,41446,54788,45789,91891,0
18814,66324,83004,85138,101818,149328,1
67406,50616,82648,118022,150054,133264,1
42480,83658,59692,126138,102172,143350,1
87200,99737,28278,186937,115478,128015,1
30350,31956,38629,62306,68979,70585,1
91114,3755,34187,94869,125301,37942,0
26869,79481,71122,106350,97991,150603,1
68314,85847,87563,154161,155877,173410,1
42475,9917,30438,52392,72913,40355,0
88668,60315,89265,148983,177933,149580,1
52978,33478,57926,86456,110904,91404,1
96801,16843,86005,113644,182806,102848,1
21563,62679,29553,84242,51116,92232,0
92913,89083,21338,181996,114251,110421,1
401,5620,13549,6021,13950,19169,0
50898,30102,12487,81000,63385,42589,0
6254,87745,37247,93999,43501,124992,0
44800,92648,46746,137448,91546,139394,0
1895,2721,35658,4616,37553,38379,0
19082,31343,94679,50425,113761,126022,0
22685,65223,11058,87908,33743,76281,0
6124,225,42805,6349,48929,43030,0
82676,13588,42721,96264,125397,56309,0
78490,4329,97736,82819,176226,102065,0
80668,80935,91162,161603,171830,172097,1
84443,69475,50635,153918,135078,120110,1
90831,72468,48689,163299,139520,121157,1
65760,25210,83,90970,65843,25293,0
24538,45979,11323,70517,35861,57302,0
21356,64731,42753,86087,64109,107484,0
20554,6744,32926,27298,53480,39670,0
97013,7205,6884,104218,103897,14089,0
37460,69103,98304,106563,135764,167407,1
90913,63741,20680,154654,111593,84421,0
29283,84171,19775,113454,49058,103946,0
34627,39722,97846,74349,132473,137568,0
28654,20142,99665,48796,128319,119807,0
41216,93391,37538,134607,78754,130929,0
24982,46178,99159,71160,124141,145337,0
41367,44764,77992,86131,119359,122756,1
2759,77228,48638,79987,51397,125866,0
14149,85326,55587,99475,69736,140913,0
65401,70063,62200,135464,127601,132263,1
11400,72308,60864,83708,72264,133172,0
19015,76832,83646,95847,102661,160478,1
2519,54441,27476,56960,29995,81917,0
44851,83764,10174,128615,55025,93938,0
48308,42921,27660,91229,75968,70581,1
37830,21737,31467,59567,69297,53204,1
9160,68211,96734,77371,105894,164945,0
57230,46621,32663,103851,89893,79284,1
72931,52488,28281,125419,101212,80769,1
14454,38763,34856,53217,49310,73619,1
60299,85280,12011,145579,72310,97291,0
78404,5704,68511,84108,146915,74215,0
77907,68591,56798,146498,134705,125389,1
4130,42376,48522,46506,52652,90898,0
2368,53937,33725,56305,36093,87662,0
98734,81337,9605,180071,108339,90942,0
99096,58119,20056,157215,119152,78175,0
47677,94510,39689,142187,87366,134199,0
22398,79749,42957,102147,65355,122706,0
12526,20507,61553,33033,74079,82060,0
27040,85234,40068,112274,67108,125302,0
65858,73827,38281,139685,104139,112108,1
84426,48643,76733,133069,161159,125376,1
87030,4611,69584,91641,156614,74195,0
86951,66096,83263,153047,170214,149359,1
8935,23372,86592,32307,95527,109964,0
92079,75156,43185,167235,135264,118341,1
75778,20739,41902,96517,117680,62641,0
68209,68850,28553,137059,96762,97403,1
28988,32423,59680,61411,88668,92103,1
41420,15277,66295,56697,107715,81572,0
72906,21084,81519,93990,154425,102603,1
95348,94576,45560,189924,140908,140136,1
98865,61792,90175,160657,189040,151967,1
84475,92006,23089,176481,107564,115095,1
82854,11812,33193,94666,116047,45005,0
9404,76884,48110,86288,57514,124994,0
10019,47679,49387,57698,59406,97066,1
19170,34569,9324,53739,28494,43893,0
40947,53767,37513,94714,78460,91280,1
5311,97926,4956,103237,10267,102882,0
59148,31298,69251,90446,128399,100549,1
99594,32486,785,132080,100379,33271,0
72015,91710,54506,163725,126521,146216,1
17517,76705,316,94222,17833,77021,0
21490,50608,17163,72098,38653,67771,0
76410,1137,18061,77547,94471,19198,0
47403,45761,29942,93164,77345,75703,1
78599,1744,2143,80343,80742,3887,0
69987,5727,79897,75714,149884,85624,0
28700,11372,49811,40072,78511,61183,0
11621,17875,19071,29496,30692,36946,1
60286,8615,33591,68901,93877,42206,0
6270,62692,29627,68962,35897,92319,0
36688,22923,9931,59611,46619,32854,0
45786,60099,68662,105885,114448,128761,1
33149,3064,11790,36213,44939,14854,0
35901,9312,31059,45213,66960,40371,1
11294,44097,79535,55391,90829,123632,0
93295,6334,59123,99629,152418,65457,0
99384,97114,34815,196498,134199,131929,1
35311,16659,38693,51970,74004,55352,1
16794,83574,26075,100368,42869,109649,0
76353,60029,44811,136382,121164,104840,1
38440,28806,77886,67246,116326,106692,0
17803,89659,86288,107462,104091,175947,1
22671,31050,40279,53721,62950,71329,1
36694,73253,26341,109947,63035,99594,0
91785,6784,34209,98569,125994,40993,0
14012,86984,47,100996,14059,87031,0
55243,83038,96930,138281,152173,179968,1
90167,39335,53972,129502,144139,93307,1
87005,63786,34637,150791,121642,98423,1
81762,53305,84604,135067,166366,137909,1
37,26492,49753,26529,49790,76245,0
86960,47111,24008,134071,110968,71119,0
84239,43174,54712,127413,138951,97886,1
64431,5496,77,69927,64508,5573,0
29338,76496,87411,105834,116749,163907,1
57444,12814,29225,70258,86669,42039,0
89490,66978,44075,156468,133565,111053,1
53107,86207,36650,139314,89757,122857,1
43363,201,63725,43564,107088,63926,0
45850,96405,38209,142255,84059,134614,0
9284,69316,65772,78600,75056,135088,1
57970,58589,90942,116559,148912,149531,1
28363,92601,64746,120964,93109,157347,1
5551,14267,55504,19818,61055,69771,0
7754,96345,54773,104099,62527,151118,0
28890,56382,49931,85272,78821,106313,1
13303,98789,59717,112092,73020,158506,0
69826,86711,79520,156537,149346,166231,1
64509,19002,46267,83511,110776,65269,1
89928,34585,62642,124513,152570,97227,1
35585,47125,87044,82710,122629,134169,0
13423,95730,32521,109153,45944,128251,0
18563,78464,1000,97027,19563,79464,0
79535,39591,16329,119126,95864,55920,0
6291,72638,54463,78929,60754,127101,0
61067,15205,54781,76272,115848,69986,1
73038,39500,45578,112538,118616,85078,1
36694,39977,1828,76671,38522,41805,0
85494,35051,47766,120545,133260,82817,0
46246,57469,80926,103715,127172,138395,1
51539,24596,32809,76135,84348,57405,1
38625,20751,11320,59376,49945,32071,0
76732,43390,27834,120122,104566,71224,0
73059,39162,81687,112221,154746,120849,1
20418,51170,16093,71588,36511,67263,0
93920,50620,20592,144540,114512,71212,0
55768,14479,83131,70247,138899,97610,0
71250,31662,15958,102912,87208,47620,0
23467,14053,83197,37520,106664,97250,0
99137,23708,26828,122845,125965,50536,0
89728,16665,98119,106393,187847,114784,1
27376,11321,29604,38697,56980,40925,1
81711,98199,93155,179910,174866,191354,1
60513,88149,34394,148662,94907,122543,1
90394,78979,31037,169373,121431,110016,1
10420,89684,81474,100104,91894,171158,1
23043,35916,54162,58959,77205,90078,1
99313,41247,2625,140560,101938,43872,0
70253,57331,51662,127584,121915,108993,1
74062,47946,92492,122008,166554,140438,1
77868,17536,72193,95404,150061,89729,1
99936,57897,42784,157833,142720,100681,1
46676,75669,65663,122345,112339,141332,1
79642,73329,28713,152971,108355,102042,1
96302,54902,1084,151204,97386,55986,0
23579,4401,98437,27980,122016,102838,0
30129,63141,87282,93270,117411,150423,1
80174,36851,17794,117025,97968,54645,0
75176,55521,31148,130697,106324,86669,1
40626,64777,33177,105403,73803,97954,1
73500,42291,19006,115791,92506,61297,0
75261,88347,70016,163608,145277,158363,1
45248,33597,44456,78845,89704,78053,1
40983,34994,64354,75977,105337,99348,1
86024,76822,66787,162846,152811,143609,1
23676,62117,66555,85793,90231,128672,1
92549,62980,16094,155529,108643,79074,0
62042,9080,86185,71122,148227,95265,0
84664,8395,94937,93059,179601,103332,0
78018,30354,11777,108372,89795,42131,0
23407,31103,59062,54510,82469,90165,0
53531,67898,94460,121429,147991,162358,1
89976,20639,56008,110615,145984,76647,0
7573,88904,96785,96477,104358,185689,0
9904,95099,6821,105003,16725,101920,0
53440,38218,5389,91658,58829,43607,0
17145,34347,92080,51492,109225,126427,0
93605,30400,74240,124005,167845,104640,1
79422,97690,75461,177112,154883,173151,1
31165,52045,53150,83210,84315,105195,1
20365,28162,45511,48527,65876,73673,1
33443,99267,23615,132710,57058,122882,0
42104,73435,86103,115539,128207,159538,1
65639,80892,82532,146531,148171,163424,1
76053,23084,49314,99137,125367,72398,0
22099,23465,55299,45564,77398,78764,0
44965,1344,30056,46309,75021,31400,0
19524,9337,16087,28861,35611,25424,1
91865,61123,10640,152988,102505,71763,0
30389,21309,40990,51698,71379,62299,1
49776,8468,50100,58244,99876,58568,1
92961,67209,64570,160170,157531,131779,1
78525,50581,61682,129106,140207,112263,1
77952,9739,97806,87691,175758,107545,0
46376,36243,1215,82619,47591,37458,0
54932,21277,27238,76209,82170,48515,0
40674,23955,1753,64629,42427,25708,0
61959,25186,83333,87145,145292,108519,1
76398,47482,78982,123880,155380,126464,1
59382,1671,66425,61053,125807,68096,0
50250,35342,19781,85592,70031,55123,1
95332,22478,18091,117810,113423,40569,0
67858,35537,52016,103395,119874,87553,1
34258,92526,26006,126784,60264,118532,0
31533,4896,2358,36429,33891,7254,0
48395,18727,42585,67122,90980,61312,1
5824,53884,48688,59708,54512,102572,1
29762,23246,19770,53008,49532,43016,1
30682,88336,38361,119018,69043,126697,0
91811,62422,68620,154233,160431,131042,1
71843,85872,42206,157715,114049,128078,1
4671,61030,85754,65701,90425,146784,0
39776,15197,59630,54973,99406,74827,0
88612,80406,20693,169018,109305,101099,1
25475,32344,44805,57819,70280,77149,1
63112,66893,68318,130005,131430,135211,1
22248,52268,18086,74516,40334,70354,0
19108,31202,20653,50310,39761,51855,1
87236,19336,6062,106572,93298,25398,0
58593,24147,38122,82740,96715,62269,1
31441,89677,9234,121118,40675,98911,0
46873,16670,48578,63543,95451,65248,1
47383,4748,7851,52131,55234,12599,0
75321,61658,64510,136979,139831,126168,1
20266,86658,83341,106924,103607,169999,1
97638,73015,19516,170653,117154,92531,0
71776,69069,35648,140845,107424,104717,1
57619,99145,18295,156764,75914,117440,0
5641,1775,40230,7416,45871,42005,0
89468,73588,51540,163056,141008,125128,1
69079,78249,7587,147328,76666,85836,0
97650,21953,65867,119603,163517,87820,0
30914,50787,24041,81701,54955,74828,1
15491,3071,73231,18562,88722,76302,0
1097,60457,98310,61554,99407,158767,0
44340,94932,90238,139272,134578,185170,1
37389,70535,61617,107924,99006,132152,1
65859,12695,34208,78554,100067,46903,0
69109,66220,13022,135329,82131,79242,1
5556,17614,63546,23170,69102,81160,0
18899,2538,18364,21437,37263,20902,1
62094,34463,1188,96557,63282,35651,0
96515,82937,4368,179452,100883,87305,0
22786,91489,77898,114275,100684,169387,1
36227,53038,21357,89265,57584,74395,1
30159,861,85111,31020,115270,85972,0
56585,21537,62998,78122,119583,84535,1
78808,82404,68331,161212,147139,150735,1
59109,94925,68187,154034,127296,163112,1
35454,43786,72028,79240,107482,115814,1
20589,51606,60542,72195,81131,112148,1
57393,22295,92592,79688,149985,114887,0
87110,80242,39480,167352,126590,119722,1
4702,88263,24440,92965,29142,112703,0
67702,58188,61901,125890,129603,120089,1
98434,26453,70340,124887,168774,96793,0
44482,83255,24080,127737,68562,107335,0
20943,52101,63430,73044,84373,115531,1
47572,32182,40710,79754,88282,72892,1
4606,19284,9701,23890,14307,28985,0
18897,43075,2174,61972,21071,45249,0
50144,24969,69184,75113,119328,94153,1
13230,66175,40999,79405,54229,107174,0
26818,82866,53586,109684,80404,136452,0
66964,43282,65026,110246,131990,108308,1
67623,85018,39960,152641,107583,124978,1
9131,17971,32355,27102,41486,50326,0
8722,56292,64354,65014,73076,120646,1
14991,46757,879,61748,15870,47636,0
99040,86771,13379,185811,112419,100150,1
60931,17149,7348,78080,68279,24497,0
484,30166,41614,30650,42098,71780,0
62377,77096,37290,139473,99667,114386,1
19921,81661,38924,101582,58845,120585,0
1718,94890,97214,96608,98932,192104,0
33771,37313,54980,71084,88751,92293,1
67608,59634,29954,127242,97562,89588,1
59667,9406,3317,69073,62984,12723,0
75747,26498,23407,102245,99154,49905,0
6544,81516,89831,88060,96375,171347,0
77831,3566,22177,81397,100008,25743,0
74318,57729,42996,132047,117314,100725,1
4045,60078,35067,64123,39112,95145,0
74982,46272,65074,121254,140056,111346,1
97046,81948,7751,178994,104797,89699,0
63499,9822,56563,73321,120062,66385,1
30269,38198,36372,68467,66641,74570,1
70242,60582,29510,130824,99752,90092,1
17777,99898,5461,117675,23238,105359,0
93248,48905,42481,142153,135729,91386,0
56106,52090,43940,108196,100046,96030,1
41752,38392,7522,80144,49274,45914,1
86892,27657,83660,114549,170552,111317,1
23009,65617,86333,88626,109342,151950,1
40226,35004,45373,75230,85599,80377,1
34046,732,57214,34778,91260,57946,0
50602,18480,16367,69082,66969,34847,0
39029,58576,11762,97605,50791,70338,0
82873,48405,60721,131278,143594,109126,1
81976,6923,80562,88899,162538,87485,1
33380,79439,64891,112819,98271,144330,1
73198,25301,38909,98499,112107,64210,0
36425,62528,28018,98953,64443,90546,1
23726,49185,73988,72911,97714,123173,0
36165,50445,44612,86610,80777,95057,1
50542,17800,23588,68342,74130,41388,0
77550,41042,26221,118592,103771,67263,0
56557,48823,54465,105380,111022,103288,1
88574,52517,69640,141091,158214,122157,1
43210,65366,50210,108576,93420,115576,1
5352,99819,44906,105171,50258,144725,0
8604,24213,63758,32817,72362,87971,0
3920,2993,53878,6913,57798,56871,0
52681,29118,39419,81799,92100,68537,1
56394,19070,71988,75464,128382,91058,1
33295,19510,82284,52805,115579,101794,0
55679,87512,9770,143191,65449,97282,0
16106,65253,83416,81359,99522,148669,0
49302,17480,6404,66782,55706,23884,0
31499,93215,51994,124714,83493,145209,0
80501,58859,49955,139360,130456,108814,1
82498,31868,28366,114366,110864,60234,0
18493,13525,11603,32018,30096,25128,1
78274,53560,49794,131834,128068,103354,1
13885,48162,33038,62047,46923,81200,0
67947,65157,22216,133104,90163,87373,1
19007,89988,25621,108995,44628,115609,0
74796,12031,84698,86827,159494,96729,1
30313,55250,68749,85563,99062,123999,1
17435,44934,59642,62369,77077,104576,1
12875,99283,23583,112158,36458,122866,0
51963,41835,56100,93798,108063,97935,1
72304,1021,34233,73325,106537,35254,0
76699,17327,55688,94026,132387,73015,0
28502,38518,80486,67020,108988,119004,0
1486,74316,88667,75802,90153,162983,0
2927,53455,1571,56382,4498,55026,0
77988,87559,66895,165547,144883,154454,1
14910,29507,73186,44417,88096,102693,0
66002,72566,1323,138568,67325,73889,0
12677,97863,80563,110540,93240,178426,0
13335,59559,59915,72894,73250,119474,1
94281,83352,6203,177633,100484,89555,0
87862,58210,93073,146072,180935,151283,1
27429,57200,91695,84629,119124,148895,0
39200,77223,22570,116423,61770,99793,0
32740,46347,86723,79087,119463,133070,0
6969,33900,8208,40869,15177,42108,0
88322,28580,76665,116902,164987,105245,1
79386,50414,36733,129800,116119,87147,1
49377,30035,70356,79412,119733,100391,1
62224,79207,83182,141431,145406,162389,1
38166,11310,72068,49476,110234,83378,0
55366,12195,22253,67561,77619,34448,0
55552,14292,96239,69844,151791,110531,0
79721,8460,8274,88181,87995,16734,0
64553,89205,35854,153758,100407,125059,1
65325,56434,58478,121759,123803,114912,1
41231,57812,67489,99043,108720,125301,1
37673,47467,97329,85140,135002,144796,0
17144,2673,55199,19817,72343,57872,0
35449,44512,33212,79961,68661,77724,1
78339,68560,77301,146899,155640,145861,1
26726,1993,32893,28719,59619,34886,0
24466,66881,26856,91347,51322,93737,0
70530,24919,34271,95449,104801,59190,0
18669,50831,93648,69500,112317,144479,0
90228,97407,87205,187635,177433,184612,1
77136,24484,26031,101620,103167,50515,0
69099,41369,47942,110468,117041,89311,1
19650,37461,5323,57111,24973,42784,0
77089,98617,37872,175706,114961,136489,1
7307,40594,89237,47901,96544,129831,0
87012,39038,22198,126050,109210,61236,0
86166,48396,79945,134562,166111,128341,1
23187,17338,73578,40525,96765,90916,0
36410,28657,81744,65067,118154,110401,0
18758,52958,76675,71716,95433,129633,0
81744,60264,42095,142008,123839,102359,1
70305,46430,34928,116735,105233,81358,1
40213,28292,85186,68505,125399,113478,0
61256,29053,57129,90309,118385,86182,1
1779,17075,38634,18854,40413,55709,0
20487,76006,93668,96493,114155,169674,1
52338,88448,86610,140786,138948,175058,1
58468,98497,87357,156965,145825,185854,1
3898,41179,59746,45077,63644,100925,0
78384,46518,15800,124902,94184,62318,0
54036,70090,45345,124126,99381,115435,1
43948,68331,36408,112279,80356,104739,1
30362,98351,91947,128713,122309,190298,1
63021,49154,45333,112175,108354,94487,1
5838,11100,76644,16938,82482,87744,0
57094,26100,17917,83194,75011,44017,0
92194,25108,72995,117302,165189,98103,1
89933,13290,76889,103223,166822,90179,1
95229,81070,56992,176299,152221,138062,1
99489,62284,54987,161773,154476,117271,1
43033,92993,81860,136026,124893,174853,1
48750,53727,38485,102477,87235,92212,1
20078,24649,48360,44727,68438,73009,0
72218,57072,78556,129290,150774,135628,1
74147,44282,62009,118429,136156,106291,1
97467,68772,9776,166239,107243,78548,0
62801,20263,85959,83064,148760,106222,0
41163,40737,98505,81900,139668,139242,0
16018,20414,31337,36432,47355,51751,1
9247,1316,26302,10563,35549,27618,0
22798,6973,79925,29771,102723,86898,0
70240,53169,3108,123409,73348,56277,0
21449,28040,95844,49489,117293,123884,0
74404,72913,81049,147317,155453,153962,1
13520,15444,77831,28964,91351,93275,0
9653,70050,18508,79703,28161,88558,0
35934,99821,27817,135755,63751,127638,0
45175,56295,86070,101470,131245,142365,1
34749,15712,45591,50461,80340,61303,1
65157,76993,79003,142150,144160,155996,1
22270,65665,46725,87935,68995,112390,1
7320,7301,4377,14621,11697,11678,1
39012,50649,7708,89661,46720,58357,0
38749,39164,86566,77913,125315,125730,0
21093,7952,85199,29045,106292,93151,0
67269,97157,82914,164426,150183,180071,1
80140,73081,84904,153221,165044,157985,1
80550,79379,14373,159929,94923,93752,1
65353,16019,11633,81372,76986,27652,0
66605,90187,53756,156792,120361,143943,1
59586,72005,6961,131591,66547,78966,0
24629,67194,63503,91823,88132,130697,1
70201,79002,70341,149203,140542,149343,1
8105,27607,95826,35712,103931,123433,0
38220,57475,4228,95695,42448,61703,0
52017,99100,85547,151117,137564,184647,1
93302,99808,16035,193110,109337,115843,1
30415,45348,54411,75763,84826,99759,1
71149,10673,93527,81822,164676,104200,0
91316,92967,33899,184283,125215,126866,1
73664,3926,14652,77590,88316,18578,0
38870,84905,19309,123775,58179,104214,0
43802,79916,78437,123718,122239,158353,1
7858,71737,24033,79595,31891,95770,0
44137,91413,92555,135550,136692,183968,1
11113,77436,38594,88549,49707,116030,0
64557,59632,6838,124189,71395,66470,1
31708,11668,26162,43376,57870,37830,1
85490,90581,9591,176071,95081,100172,1
74946,2329,78396,77275,153342,80725,0
92962,52523,28010,145485,120972,80533,0
29765,91166,26117,120931,55882,117283,0
40530,79583,7103,120113,47633,86686,0
62178,1062,58092,63240,120270,59154,0
63826,25487,44120,89313,107946,69607,1
19997,40939,83384,60936,103381,124323,0
54911,10624,15539,65535,70450,26163,0
99029,70376,66589,169405,165618,136965,1
74957,66557,41067,141514,116024,107624,1
97422,68250,43378,165672,140800,111628,1
3501,77742,74673,81243,78174,152415,1
10201,27975,31831,38176,42032,59806,1
5574,7868,15548,13442,21122,23416,0
1010,15632,45516,16642,46526,61148,0
97256,87705,10885,184961,108141,98590,1
3629,82728,2522,86357,6151,85250,0
28411,398,74029,28809,102440,74427,0
31139,51490,38279,82629,69418,89769,1
60095,41476,88340,101571,148435,129816,1
34928,83319,90121,118247,125049,173440,1
61121,74903,46182,136024,107303,121085,1
21430,23177,22736,44607,44166,45913,1
79320,80985,80767,160305,160087,161752,1
34094,78299,85310,112393,119404,163609,1
97129,40225,28162,137354,125291,68387,0
41857,39180,38012,81037,79869,77192,1
22258,32840,19176,55098,41434,52016,1
31111,18153,12846,49264,43957,30999,0
1450,95269,33839,96719,35289,129108,0
34372,96633,92670,131005,127042,189303,1
63638,37927,87291,101565,150929,125218,1
34076,43481,26874,77557,60950,70355,1
36442,52464,46608,88906,83050,99072,1
1782,2887,12740,4669,14522,15627,0
17030,73954,16272,90984,33302,90226,0
65191,93950,30132,159141,95323,124082,1
10123,29167,57079,39290,67202,86246,0
55667,23004,18546,78671,74213,41550,0
15556,28755,8213,44311,23769,36968,0
56220,23621,20652,79841,76872,44273,0
93380,94922,15683,188302,109063,110605,1
63226,67670,29509,130896,92735,97179,1
49244,33380,22704,82624,71948,56084,1
96641,17627,42540,114268,139181,60167,0
97987,30105,26727,128092,124714,56832,0
71707,76962,7408,148669,79115,84370,1
42348,15730,74469,58078,116817,90199,0
66767,78126,83891,144893,150658,162017,1
76101,11493,24155,87594,100256,35648,0
41788,89798,20103,131586,61891,109901,0
20209,98352,3114,118561,23323,101466,0
43339,17315,38565,60654,81904,55880,1
1565,79484,69009,81049,70574,148493,0
38771,43276,97670,82047,136441,140946,0
49219,70776,16487,119995,65706,87263,0
22854,49771,59193,72625,82047,108964,1
44798,31578,96970,76376,141768,128548,0
32245,47932,58857,80177,91102,106789,1
57619,44539,13475,102158,71094,58014,1
82961,10504,95799,93465,178760,106303,0
91597,40195,99151,131792,190748,139346,1
9851,92911,59128,102762,68979,152039,0
33672,9301,76756,42973,110428,86057,0
98471,30462,13252,128933,111723,43714,0
87750,25741,4168,113491,91918,29909,0
63003,28011,91176,91014,154179,119187,0
81970,23063,44375,105033,126345,67438,0
69511,36398,72062,105909,141573,108460,1
93774,52239,6365,146013,100139,58604,0
40604,32944,24979,73548,65583,57923,1
57428,89766,94212,147194,151640,183978,1
65749,6943,25495,72692,91244,32438,0
94470,76761,95816,171231,190286,172577,1
4157,69921,50386,74078,54543,120307,0
88538,18736,40361,107274,128899,59097,0
81351,70483,80491,151834,161842,150974,1
48921,82201,25103,131122,74024,107304,0
67493,99733,19447,167226,86940,119180,0
72488,707,45708,73195,118196,46415,0
48422,35835,5654,84257,54076,41489,0
87017,7694,64908,94711,151925,72602,0
9582,84659,78389,94241,87971,163048,1
2046,20195,54475,22241,56521,74670,0
66290,63626,68201,129916,134491,131827,1
11652,19219,62721,30871,74373,81940,0
82195,89481,49503,171676,131698,138984,1
91998,94731,96014,186729,188012,190745,1
75415,39967,1478,115382,76893,41445,0
93168,18813,46057,111981,139225,64870,0
59650,76509,32224,136159,91874,108733,1
2935,60372,9912,63307,12847,70284,0
61512,2624,25919,64136,87431,28543,0
44522,20463,91391,64985,135913,111854,0
63833,54125,35340,117958,99173,89465,1
75278,37226,30647,112504,105925,67873,0
75390,86471,6074,161861,81464,92545,0
1490,52236,68730,53726,70220,120966,0
99917,32038,92176,131955,192093,124214,1
33422,16651,75995,50073,109417,92646,0
61976,55299,11598,117275,73574,66897,1
74744,792,56528,75536,131272,57320,0
86019,1154,79937,87173,165956,81091,0
33085,83229,98690,116314,131775,181919,1
17737,3562,71894,21299,89631,75456,0
4779,3597,5603,8376,10382,9200,1
68063,28477,51456,96540,119519,79933,1
21390,51915,32591,73305,53981,84506,1
52086,34206,2693,86292,54779,36899,0
12562,65935,92438,78497,105000,158373,0
52209,93757,74047,145966,126256,167804,1
2980,46314,66127,49294,69107,112441,0
45466,69076,1017,114542,46483,70093,0
14166,83360,52880,97526,67046,136240,0
12229,19419,54989,31648,67218,74408,0
35994,68670,5585,104664,41579,74255,0
91048,42546,87083,133594,178131,129629,1
27337,22343,61720,49680,89057,84063,0
47873,78850,86328,126723,134201,165178,1
75156,77823,83208,152979,158364,161031,1
13118,90520,98971,103638,112089,189491,1
66382,75424,8543,141806,74925,83967,0
15039,31222,32496,46261,47535,63718,1
55671,22121,36564,77792,92235,58685,1
84795,96164,45680,180959,130475,141844,1
59481,78002,58006,137483,117487,136008,1
83916,33039,55043,116955,138959,88082,1
41216,83467,12932,124683,54148,96399,0
20909,22733,30571,43642,51480,53304,1
39107,57058,49249,96165,88356,106307,1
18687,87400,86782,106087,105469,174182,1
6965,18757,79492,25722,86457,98249,0
2895,13237,83603,16132,86498,96840,0
69009,87563,37667,156572,106676,125230,1
30047,59454,38295,89501,68342,97749,1
99965,73519,41225,173484,141190,114744,1
69523,77711,35252,147234,104775,112963,1
26472,9943,84086,36415,110558,94029,0
31858,12682,99987,44540,131845,112669,0
45276,76519,48141,121795,93417,124660,1
96897,8838,1121,105735,98018,9959,0
8389,800,19038,9189,27427,19838,0
8272,95819,71999,104091,80271,167818,0
16302,88903,94400,105205,110702,183303,1
13963,26080,31694,40043,45657,57774,1
82852,91614,32211,174466,115063,123825,1
14101,55436,26370,69537,40471,81806,0
89685,59532,53211,149217,142896,112743,1
57505,69826,64607,127331,122112,134433,1
52981,67927,88597,120908,141578,156524,1
76574,62850,9828,139424,86402,72678,0
32230,93458,33333,125688,65563,126791,0
76480,32015,59968,108495,136448,91983,1
81813,65584,6169,147397,87982,71753,0
55070,79439,24828,134509,79898,104267,1
67298,70903,39263,138201,106561,110166,1
4931,15492,10688,20423,15619,26180,1
81686,73813,50870,155499,132556,124683,1
18944,21039,77731,39983,96675,98770,0
6815,70025,963,76840,7778,70988,0
69341,20450,65659,89791,135000,86109,1
36038,33858,26630,69896,62668,60488,1
68486,7175,70403,75661,138889,77578,1
39966,77673,78411,117639,118377,156084,1
48616,59900,63811,108516,112427,123711,1
8769,91844,94219,100613,102988,186063,1
4399,8644,73111,13043,77510,81755,0
19711,42035,3112,61746,22823,45147,0
58521,31043,93590,89564,152111,124633,0
62003,21179,82502,83182,144505,103681,1
67345,8888,44267,76233,111612,53155,0
19692,91149,41916,110841,61608,133065,0
38016,33790,62813,71806,100829,96603,1
77831,81690,51447,159521,129278,133137,1
45350,32138,7107,77488,52457,39245,0
71130,84153,90188,155283,161318,174341,1
23922,77495,28094,101417,52016,105589,0
1318,28995,24211,30313,25529,53206,0
24516,61377,41454,85893,65970,102831,1
65013,10909,75391,75922,140404,86300,1
43820,5566,44851,49386,88671,50417,1
70582,45140,37697,115722,108279,82837,1
73840,57524,2371,131364,76211,59895,0
62313,13109,7172,75422,69485,20281,0
40244,68514,67892,108758,108136,136406,1
92070,3699,54129,95769,146199,57828,0
96026,97079,78071,193105,174097,175150,1
3431,94412,77705,97843,81136,172117,0
7576,66301,53701,73877,61277,120002,0
33880,96367,65228,130247,99108,161595,1
72409,47393,9933,119802,82342,57326,0
31540,22276,54018,53816,85558,76294,0
84403,58071,50050,142474,134453,108121,1
19801,9208,64038,29009,83839,73246,0
52934,75832,89143,128766,142077,164975,1
5741,14044,14863,19785,20604,28907,1
76189,31006,49411,107195,125600,80417,1
89549,4003,61928,93552,151477,65931,0
90421,83417,84639,173838,175060,168056,1
66881,46912,53501,113793,120382,100413,1
60307,63152,53987,123459,114294,117139,1
95290,26753,85250,122043,180540,112003,1
74613,49679,90027,124292,164640,139706,1
8601,65025,97847,73626,106448,162872,0
16025,75320,60084,91345,76109,135404,1
69017,39036,54478,108053,123495,93514,1
28430,69305,26850,97735,55280,96155,0
79728,46261,78446,125989,158174,124707,1
18283,81772,79451,100055,97734,161223,1
58573,9362,27757,67935,86330,37119,0
81722,7138,40794,88860,122516,47932,0
8710,58380,75014,67090,83724,133394,0
63176,49913,5616,113089,68792,55529,0
72835,85643,83612,158478,156447,169255,1
55689,56623,57944,112312,113633,114567,1
76651,79303,81546,155954,158197,160849,1
83184,43806,12832,126990,96016,56638,0
9140,44642,22434,53782,31574,67076,0
11080,36109,55204,47189,66284,91313,0
96095,19669,90483,115764,186578,110152,1
37858,59498,27614,97356,65472,87112,1
80353,88517,83461,168870,163814,171978,1
59807,41118,29645,100925,89452,70763,1
73726,82168,22524,155894,96250,104692,1
58634,81586,15174,140220,73808,96760,0
56839,4799,99646,61638,156485,104445,0
86985,93223,88762,180208,175747,181985,1
6425,17264,68968,23689,75393,86232,0
97717,95140,43481,192857,141198,138621,1
94995,47171,44730,142166,139725,91901,0
50738,42256,35119,92994,85857,77375,1
39469,99089,93420,138558,132889,192509,1
25666,34929,55757,60595,81423,90686,1
74808,10059,19635,84867,94443,29694,0
51883,1213,18222,53096,70105,19435,0
52531,68547,64834,121078,117365,133381,1
37741,25686,36429,63427,74170,62115,1
2882,9631,43239,12513,46121,52870,0
16256,83494,73578,99750,89834,157072,1
63719,28602,27441,92321,91160,56043,0
51921,3312,22457,55233,74378,25769,0
50200,64751,89755,114951,139955,154506,1
81717,28770,77006,110487,158723,105776,1
4602,96815,23454,101417,28056,120269,0
10763,17828,76218,28591,86981,94046,0
13455,96515,92040,109970,105495,188555,1
57588,12294,39170,69882,96758,51464,0
99898,23093,48265,122991,148163,71358,0
72438,66900,49244,139338,121682,116144,1
17799,90532,15493,108331,33292,106025,0
41183,87363,31241,128546,72424,118604,0
53430,44653,85783,98083,139213,130436,1
91882,93669,30527,185551,122409,124196,1
56275,94776,21316,151051,77591,116092,0
99471,64207,17027,163678,116498,81234,0
39659,20978,58837,60637,98496,79815,1
64547,11639,88974,76186,153521,100613,0
47500,73586,4755,121086,52255,78341,0
85965,38208,96751,124173,182716,134959,1
36409,22489,40769,58898,77178,63258,1
69094,73096,51953,142190,121047,125049,1
42613,92419,91647,135032,134260,184066,1
98559,42728,81614,141287,180173,124342,1
78165,33159,80786,111324,158951,113945,1
51301,50496,55330,101797,106631,105826,1
64283,40467,24175,104750,88458,64642,1
75014,61859,71658,136873,146672,133517,1
88192,22284,97955,110476,186147,120239,1
18161,57076,28928,75237,47089,86004,0
7163,35503,33211,42666,40374,68714,1
82447,97781,5100,180228,87547,102881,0
16281,83813,50660,100094,66941,134473,0
36179,75114,66638,111293,102817,141752,1
81397,20188,99318,101585,180715,119506,1
96369,49800,95579,146169,191948,145379,1
15341,50669,30420,66010,45761,81089,0
80256,67873,71544,148129,151800,139417,1
26693,54492,42691,81185,69384,97183,1
93608,58650,38981,152258,132589,97631,1
88367,78471,11187,166838,99554,89658,1
55387,27743,80265,83130,135652,108008,1
58685,44169,85259,102854,143944,129428,1
87315,55321,8788,142636,96103,64109,0
79540,2186,79726,81726,159266,81912,1
17029,11820,83047,28849,100076,94867,0
47791,71587,17435,119378,65226,89022,0
22039,96890,68880,118929,90919,165770,0
96933,34830,98694,131763,195627,133524,1
1387,80464,39877,81851,41264,120341,0
79162,16975,16792,96137,95954,33767,0
1202,96800,73716,98002,74918,170516,0
8981,88488,5546,97469,14527,94034,0
58869,36808,58818,95677,117687,95626,1
40146,39321,40234,79467,80380,79555,1
48640,51384,82831,100024,131471,134215,1
67275,31708,54855,98983,122130,86563,1
8256,38172,924,46428,9180,39096,0
80846,29776,90915,110622,171761,120691,1
80946,57066,693,138012,81639,57759,0
23542,95639,47904,119181,71446,143543,0
45121,80951,56889,126072,102010,137840,1
13924,97493,11475,111417,25399,108968,0
67215,2135,82534,69350,149749,84669,0
20645,24216,21827,44861,42472,46043,1
41107,86302,16306,127409,57413,102608,0
16140,30485,53944,46625,70084,84429,0
14415,16416,27354,30831,41769,43770,1
93935,34344,20448,128279,114383,54792,0
74969,73318,70519,148287,145488,143837,1
90969,89351,81171,180320,172140,170522,1
80018,49755,77139,129773,157157,126894,1
36303,39379,55481,75682,91784,94860,1
10105,42982,8449,53087,18554,51431,0
50139,44176,4741,94315,54880,48917,0
13907,32439,69236,46346,83143,101675,0
40056,85778,74818,125834,114874,160596,1
1844,28628,12058,30472,13902,40686,0
59584,25666,73075,85250,132659,98741,1
36732,53671,30948,90403,67680,84619,1
21132,80325,72249,101457,93381,152574,1
85570,43910,17654,129480,103224,61564,0
84702,65245,4807,149947,89509,70052,0
47139,4610,20365,51749,67504,24975,0
23763,75627,58941,99390,82704,134568,1
38911,46618,98617,85529,137528,145235,0
42940,49418,14557,92358,57497,63975,1
91868,73406,60137,165274,152005,133543,1
92184,49439,8644,141623,100828,58083,0
34836,10287,47887,45123,82723,58174,0
28453,52537,27214,80990,55667,79751,1
46970,34898,67630,81868,114600,102528,1
3339,79185,41737,82524,45076,120922,0
12285,60359,38190,72644,50475,98549,0
55530,51160,566,106690,56096,51726,0
86006,23105,40656,109111,126662,63761,0
19984,39950,37920,59934,57904,77870,1
10069,85897,14561,95966,24630,100458,0
76749,35134,68244,111883,144993,103378,1
360,2990,79754,3350,80114,82744,0
31632,77114,33386,108746,65018,110500,0
78729,70798,61521,149527,140250,132319,1
73336,36558,47121,109894,120457,83679,1
72800,47041,23728,119841,96528,70769,0
21826,55017,95879,76843,117705,150896,0
80709,20229,44773,100938,125482,65002,0
62600,18672,22185,81272,84785,40857,0
33216,11268,28439,44484,61655,39707,1
9034,23284,70651,32318,79685,93935,0
95525,68335,66041,163860,161566,134376,1
68757,47643,27734,116400,96491,75377,1
71147,47707,41981,118854,113128,89688,1
25070,9564,82773,34634,107843,92337,0
51873,77448,7716,129321,59589,85164,0
4157,37433,50444,41590,54601,87877,0
98548,90171,44958,188719,143506,135129,1
8177,3969,45288,12146,53465,49257,0
25462,66227,96766,91689,122228,162993,0
20015,83115,45109,103130,65124,128224,0
57774,90808,39656,148582,97430,130464,1
86537,13568,28328,100105,114865,41896,0
49537,2733,57582,52270,107119,60315,0
77124,66753,51154,143877,128278,117907,1
60989,49503,43709,110492,104698,93212,1
70955,56,749,71011,71704,805,0
43953,74596,38249,118549,82202,112845,1
89695,93040,15118,182735,104813,108158,1
57978,4910,25824,62888,83802,30734,0
48335,1412,85065,49747,133400,86477,0
76036,16491,84494,92527,160530,100985,1
89102,46187,14309,135289,103411,60496,0
24962,62083,56462,87045,81424,118545,1
27595,36607,23900,64202,51495,60507,1
72008,51101,2939,123109,74947,54040,0
52226,87536,50406,139762,102632,137942,1
51314,2026,26884,53340,78198,28910,0
79002,78213,77296,157215,156298,155509,1
5022,45307,43845,50329,48867,89152,1
38887,42936,61293,81823,100180,104229,1
2762,1761,87346,4523,90108,89107,0
16545,51444,38577,67989,55122,90021,1
16256,92160,50164,108416,66420,142324,0
78316,12288,29786,90604,108102,42074,0
9118,54737,77379,63855,86497,132116,0
41691,8734,97220,50425,138911,105954,0
26066,96824,47854,122890,73920,144678,0
91206,88924,34828,180130,126034,123752,1
92046,25920,19895,117966,111941,45815,0
13714,11385,31922,25099,45636,43307,0
75649,21258,13953,96907,89602,35211,0
9723,50857,56547,60580,66270,107404,1
59385,55985,61690,115370,121075,117675,1
60075,72485,68215,132560,128290,140700,1
85380,85296,5915,170676,91295,91211,1
70667,73702,99201,144369,169868,172903,1
63745,86586,61673,150331,125418,148259,1
52690,12923,31909,65613,84599,44832,0
58388,48515,40809,106903,99197,89324,1
43780,48997,69817,92777,113597,118814,1
42844,35385,29915,78229,72759,65300,1
99273,46933,57847,146206,157120,104780,1
21651,13871,6917,35522,28568,20788,0
19720,5821,40455,25541,60175,46276,0
30583,98487,52984,129070,83567,151471,0
84012,22559,88764,106571,172776,111323,1
15829,65086,97674,80915,113503,162760,0
93119,84204,73268,177323,166387,157472,1
57134,33355,96281,90489,153415,129636,0
82562,69926,62077,152488,144639,132003,1
88500,41508,78839,130008,167339,120347,1
85069,17918,60202,102987,145271,78120,0
19290,72706,60092,91996,79382,132798,1
35181,51379,12181,86560,47362,63560,0
34327,16132,43365,50459,77692,59497,1
56646,81026,8754,137672,65400,89780,0
42669,78126,55154,120795,97823,133280,1
19724,96733,10256,116457,29980,106989,0
66185,72608,28722,138793,94907,101330,1
52216,22658,58689,74874,110905,81347,1
91645,96408,7482,188053,99127,103890,1
21569,20247,32800,41816,54369,53047,1
89147,7749,32778,96896,121925,40527,0
47435,18667,34519,66102,81954,53186,1
9066,19598,4112,28664,13178,23710,0
72203,18187,69731,90390,141934,87918,1
1701,6267,573,7968,2274,6840,0
68690,2187,73894,70877,142584,76081,0
63736,98714,70699,162450,134435,169413,1
36701,80453,47245,117154,83946,127698,1
40748,11086,63589,51834,104337,74675,0
80290,76904,77042,157194,157332,153946,1
33750,52277,51289,86027,85039,103566,1
92332,69754,27993,162086,120325,97747,1
28306,55030,59215,83336,87521,114245,1
93871,59908,24304,153779,118175,84212,0
13345,5701,72730,19046,86075,78431,0
46086,63328,49480,109414,95566,112808,1
23896,49477,43192,73373,67088,92669,1
91079,30229,46503,121308,137582,76732,0
4209,7152,44010,11361,48219,51162,0
88058,65348,5737,153406,93795,71085,0
37707,1379,93702,39086,131409,95081,0
31248,58407,48942,89655,80190,107349,1
16861,52742,23315,69603,40176,76057,0
75122,42707,52312,117829,127434,95019,1
49081,62956,61527,112037,110608,124483,1
49576,92902,34357,142478,83933,127259,0
88768,50548,5776,139316,94544,56324,0
15348,51417,31122,66765,46470,82539,0
42877,19434,42970,62311,85847,62404,1
6533,80863,25759,87396,32292,106622,0
64571,18065,61436,82636,126007,79501,1
86779,33385,22707,120164,109486,56092,0
77923,23866,69569,101789,147492,93435,1
22987,99839,91223,122826,114210,191062,1
63526,51340,12462,114866,75988,63802,1
66152,92697,14046,158849,80198,106743,0
86967,63584,75541,150551,162508,139125,1
99697,51,44702,99748,144399,44753,0
32760,83901,77710,116661,110470,161611,1
38679,41178,75392,79857,114071,116570,1
86309,75358,65877,161667,152186,141235,1
67174,97706,23554,164880,90728,121260,0
47030,44498,81986,91528,129016,126484,1
23748,20929,50320,44677,74068,71249,0
60623,24140,19047,84763,79670,43187,0
99873,4106,10996,103979,110869,15102,0
73625,77581,34625,151206,108250,112206,1
13734,61629,83417,75363,97151,145046,0
46053,65489,52991,111542,99044,118480,1
70416,51331,79945,121747,150361,131276,1
62051,82294,91715,144345,153766,174009,1
61547,95971,65593,157518,127140,161564,1
60534,64940,55978,125474,116512,120918,1
92444,83535,88126,175979,180570,171661,1
95116,54391,66572,149507,161688,120963,1
19793,82747,13216,102540,33009,95963,0
21471,30809,72237,52280,93708,103046,0
40752,93993,18201,134745,58953,112194,0
60072,92769,50578,152841,110650,143347,1
76145,15812,57623,91957,133768,73435,0
43706,87873,91697,131579,135403,179570,1
54351,24593,39531,78944,93882,64124,1
26561,67717,50204,94278,76765,117921,1
21159,18816,6300,39975,27459,25116,1
58161,3854,50087,62015,108248,53941,0
33319,24860,36496,58179,69815,61356,1
96100,8529,40516,104629,136616,49045,0
77851,72848,92108,150699,169959,164956,1
68736,89535,40333,158271,109069,129868,1
87184,3736,86804,90920,173988,90540,1
30443,3181,34236,33624,64679,37417,0
30153,66690,35192,96843,65345,101882,0
43454,64611,91430,108065,134884,156041,1
46238,23860,50931,70098,97169,74791,1
37307,87064,32222,124371,69529,119286,0
8829,5166,71221,13995,80050,76387,0
8855,88451,26665,97306,35520,115116,0
26814,2867,99641,29681,126455,102508,0
87045,39826,97884,126871,184929,137710,1
94052,93455,56980,187507,151032,150435,1
90103,50670,52557,140773,142660,103227,1
412,46442,60351,46854,60763,106793,0
2372,59962,58580,62334,60952,118542,1
81606,39859,89719,121465,171325,129578,1
78139,6790,48173,84929,126312,54963,0
49816,63742,83189,113558,133005,146931,1
10157,29460,40031,39617,50188,69491,0
57847,38592,34632,96439,92479,73224,1
39660,53825,88491,93485,128151,142316,1
47697,71375,55509,119072,103206,126884,1
67898,31327,39984,99225,107882,71311,1
84705,427,32085,85132,116790,32512,0
39275,92785,88155,132060,127430,180940,1
61339,39316,83605,100655,144944,122921,1
35314,8740,35961,44054,71275,44701,1
60764,32066,47706,92830,108470,79772,1
77019,37288,94241,114307,171260,131529,1
38345,55008,90727,93353,129072,145735,1
45775,26972,45406,72747,91181,72378,1
32166,70296,41981,102462,74147,112277,1
69734,21608,63717,91342,133451,85325,1
73900,64659,32552,138559,106452,97211,1
60800,44306,34240,105106,95040,78546,1
73584,76862,69058,150446,142642,145920,1
56942,3858,59179,60800,116121,63037,1
9781,60579,74773,70360,84554,135352,0
65462,10365,60491,75827,125953,70856,1
7004,62599,43527,69603,50531,106126,0
56354,60971,31703,117325,88057,92674,1
61279,26813,14814,88092,76093,41627,0
14179,65916,87581,80095,101760,153497,0
855,25054,11085,25909,11940,36139,0
20590,6321,43627,26911,64217,49948,0
92075,32486,31809,124561,123884,64295,0
62640,4198,70998,66838,133638,75196,0
34864,92906,67780,127770,102644,160686,1
90516,3741,45092,94257,135608,48833,0
8637,70398,26677,79035,35314,97075,0
35934,49002,89984,84936,125918,138986,0
21143,9070,54901,30213,76044,63971,0
41218,54287,47909,95505,89127,102196,1
51638,68793,34213,120431,85851,103006,1
14095,95127,16532,109222,30627,111659,0
32314,46857,87854,79171,120168,134711,0
98863,63696,18980,162559,117843,82676,0
91997,85257,25505,177254,117502,110762,1
48138,14666,17768,62804,65906,32434,0
13786,30641,10813,44427,24599,41454,0
73913,3163,42767,77076,116680,45930,0
40750,61247,4313,101997,45063,65560,0
49086,42822,62187,91908,111273,105009,1
61471,66260,3331,127731,64802,69591,0
68751,82848,20326,151599,89077,103174,1
35737,34152,19984,69889,55721,54136,1
38616,30648,36820,69264,75436,67468,1
23048,37395,5484,60443,28532,42879,0
69920,68433,76391,138353,146311,144824,1
57695,59491,21647,117186,79342,81138,1
10469,21899,59423,32368,69892,81322,0
31073,29716,35082,60789,66155,64798,1
10190,79937,66813,90127,77003,146750,0
86251,49208,4367,135459,90618,53575,0
38733,21046,63578,59779,102311,84624,0
6781,56546,51765,63327,58546,108311,1
61591,1687,1942,63278,63533,3629,0
89206,53675,69837,142881,159043,123512,1
46962,61124,27502,108086,74464,88626,1
35958,60686,70665,96644,106623,131351,1
66870,44887,15460,111757,82330,60347,0
26887,73864,23937,100751,50824,97801,0
730,31288,47029,32018,47759,78317,0
23479,95561,80738,119040,104217,176299,1
15673,58305,88628,73978,104301,146933,0
63907,34563,19272,98470,83179,53835,0
73534,89682,79793,163216,153327,169475,1
17790,75369,14578,93159,32368,89947,0
7768,71717,77747,79485,85515,149464,1
51043,82566,17802,133609,68845,100368,0
40222,72604,24969,112826,65191,97573,0
1244,50491,28610,51735,29854,79101,0
68975,2891,4211,71866,73186,7102,0
15945,45042,75430,60987,91375,120472,0
25698,96616,79518,122314,105216,176134,1
83184,88610,94200,171794,177384,182810,1
45671,52856,71625,98527,117296,124481,1
42129,47972,28032,90101,70161,76004,1
73121,45588,18476,118709,91597,64064,0
51917,4234,81642,56151,133559,85876,0
57951,52130,91829,110081,149780,143959,1
15585,86037,90116,101622,105701,176153,1
11613,52127,72504,63740,84117,124631,0
61774,99109,61865,160883,123639,160974,1
45766,32751,33785,78517,79551,66536,1
29085,29398,85583,58483,114668,114981,0
63422,7251,18902,70673,82324,26153,0
5585,38940,33216,44525,38801,72156,0
83353,87717,28797,171070,112150,116514,1
80172,79531,32112,159703,112284,111643,1
54543,50023,2497,104566,57040,52520,0
47475,76049,23153,123524,70628,99202,0
78051,54760,95839,132811,173890,150599,1
83182,37437,21070,120619,104252,58507,0
27030,19703,64157,46733,91187,83860,0
80395,59949,34345,140344,114740,94294,1
727,85607,28431,86334,29158,114038,0
9780,14563,46577,24343,56357,61140,0
30856,99666,67104,130522,97960,166770,0
59226,83336,82781,142562,142007,166117,1
61681,36362,98923,98043,160604,135285,0
43439,45052,3674,88491,47113,48726,1
81613,92994,57007,174607,138620,150001,1
44318,68480,92484,112798,136802,160964,1
65288,48891,68552,114179,133840,117443,1
79621,7173,96526,86794,176147,103699,0
15168,40990,72895,56158,88063,113885,0
14496,7937,15883,22433,30379,23820,1
73022,86798,28248,159820,101270,115046,1
99336,33184,54909,132520,154245,88093,0
45891,5242,44529,51133,90420,49771,1
56881,7564,34471,64445,91352,42035,0
79491,14745,23137,94236,102628,37882,0
94673,49875,62300,144548,156973,112175,1
25465,60105,39652,85570,65117,99757,1
65204,79446,9027,144650,74231,88473,0
7043,6703,38005,13746,45048,44708,0
35279,14492,20912,49771,56191,35404,1
21452,63603,4599,85055,26051,68202,0
48897,79330,91486,128227,140383,170816,1
93349,17576,86227,110925,179576,103803,1
62411,62819,30654,125230,93065,93473,1
48471,38205,54424,86676,102895,92629,1
45460,40651,43918,86111,89378,84569,1
87318,34722,94279,122040,181597,129001,1
94063,91291,47312,185354,141375,138603,1
96471,61100,17144,157571,113615,78244,0
60292,67472,19814,127764,80106,87286,1
56532,3154,29008,59686,85540,32162,0
21028,64960,49154,85988,70182,114114,1
29167,12006,42049,41173,71216,54055,0
77118,55263,25618,132381,102736,80881,1
61241,67360,44289,128601,105530,111649,1
2038,67042,40243,69080,42281,107285,0
69939,36742,66871,106681,136810,103613,1
56172,5042,91906,61214,148078,96948,0
70602,78779,31226,149381,101828,110005,1
58966,29142,96411,88108,155377,125553,0
10299,35072,66795,45371,77094,101867,0
73769,95771,63887,169540,137656,159658,1
90739,80190,36627,170929,127366,116817,1
75710,68491,36262,144201,111972,104753,1
65785,48563,92523,114348,158308,141086,1
87133,10636,74608,97769,161741,85244,0
90811,66018,55117,156829,145928,121135,1
26776,96661,90587,123437,117363,187248,1
50181,32096,66224,82277,116405,98320,1
36808,10202,14666,47010,51474,24868,0
45665,56228,22851,101893,68516,79079,1
84440,39316,70678,123756,155118,109994,1
92811,84584,67313,177395,160124,151897,1
63643,12736,51237,76379,114880,63973,1
29906,85241,89122,115147,119028,174363,1
25090,89685,62734,114775,87824,152419,0
66171,14295,91566,80466,157737,105861,0
21326,19722,69122,41048,90448,88844,0
9338,79689,13854,89027,23192,93543,0
31009,89493,9101,120502,40110,98594,0
80150,76015,50076,156165,130226,126091,1
17377,20152,39297,37529,56674,59449,0
84786,88988,95708,173774,180494,184696,1
15808,77620,39142,93428,54950,116762,0
4841,98994,26032,103835,30873,125026,0
98145,22353,41637,120498,139782,63990,0
93888,91661,96819,185549,190707,188480,1
36968,86639,26743,123607,63711,113382,0
6730,45247,66219,51977,72949,111466,0
82898,87475,11341,170373,94239,98816,1
85690,52588,86171,138278,171861,138759,1
85394,42622,67195,128016,152589,109817,1
89275,74005,79390,163280,168665,153395,1
71015,81587,27462,152602,98477,109049,1
20294,12049,91239,32343,111533,103288,0
25194,489,68646,25683,93840,69135,0
98613,87356,38511,185969,137124,125867,1
75048,73758,35006,148806,110054,108764,1
12039,44002,39936,56041,51975,83938,1
49018,27235,61452,76253,110470,88687,1
96890,17243,48263,114133,145153,65506,0
55813,19940,94658,75753,150471,114598,0
97671,56167,72243,153838,169914,128410,1
84268,11616,53317,95884,137585,64933,0
99479,73657,84454,173136,183933,158111,1
25042,11348,43857,36390,68899,55205,0
86565,14985,57406,101550,143971,72391,0
52646,57630,33969,110276,86615,91599,1
86738,62248,69550,148986,156288,131798,1
30897,1435,2042,32332,32939,3477,0
43475,86040,99314,129515,142789,185354,1
83584,74228,4101,157812,87685,78329,0
77392,83413,38591,160805,115983,122004,1
78031,33201,22039,111232,100070,55240,0
97637,15321,86228,112958,183865,101549,1
15637,25943,87746,41580,103383,113689,0
87497,51310,90852,138807,178349,142162,1
15788,78635,12965,94423,28753,91600,0
34866,12526,43388,47392,78254,55914,1
42240,98562,51556,140802,93796,150118,0
70182,15409,59230,85591,129412,74639,1
78001,82189,73186,160190,151187,155375,1
27104,96317,50235,123421,77339,146552,0
99463,98847,47587,198310,147050,146434,1
41094,82806,24563,123900,65657,107369,0
89441,5521,21650,94962,111091,27171,0
38713,93914,92717,132627,131430,186631,1
28746,26048,41523,54794,70269,67571,1
22813,71449,41770,94262,64583,113219,0
63308,35798,49913,99106,113221,85711,1
84790,7270,51097,92060,135887,58367,0
93495,26041,95091,119536,188586,121132,1
57066,13221,82945,70287,140011,96166,0
6250,64181,44394,70431,50644,108575,0
55417,5896,74341,61313,129758,80237,0
41537,54301,40914,95838,82451,95215,1
96887,7363,90927,104250,187814,98290,1
19112,5708,34975,24820,54087,40683,0
56844,89412,59376,146256,116220,148788,1
86678,65244,27437,151922,114115,92681,1
71243,15456,89361,86699,160604,104817,0
42622,36148,13876,78770,56498,50024,1
33186,66228,75050,99414,108236,141278,1
38808,15017,9915,53825,48723,24932,0
36689,82262,10285,118951,46974,92547,0
30600,22773,81585,53373,112185,104358,0
13493,14789,30912,28282,44405,45701,0
33252,1070,6951,34322,40203,8021,0
46339,35025,17989,81364,64328,53014,1
90546,23734,82511,114280,173057,106245,1
59893,64710,36876,124603,96769,101586,1
25751,60411,58009,86162,83760,118420,1
9368,14350,76791,23718,86159,91141,0
46220,1735,96200,47955,142420,97935,0
27266,30402,8104,57668,35370,38506,1
88944,41708,94287,130652,183231,135995,1
79672,29846,6828,109518,86500,36674,0
90282,12313,58846,102595,149128,71159,0
92499,35199,47978,127698,140477,83177,0
46764,91998,20868,138762,67632,112866,0
91642,19745,31825,111387,123467,51570,0
47819,3627,37627,51446,85446,41254,0
91610,36162,14814,127772,106424,50976,0
12485,98541,21516,111026,34001,120057,0
53513,27428,3735,80941,57248,31163,0
9494,47305,58916,56799,68410,106221,0
74437,30926,62788,105363,137225,93714,1
82539,23495,30688,106034,113227,54183,0
36201,37609,67608,73810,103809,105217,1
7605,55100,71610,62705,79215,126710,0
58673,93737,20882,152410,79555,114619,0
53383,7230,78645,60613,132028,85875,0
56927,99,82060,57026,138987,82159,0
22249,18967,14930,41216,37179,33897,1
82044,15905,37423,97949,119467,53328,0
65144,62521,6656,127665,71800,69177,1
99614,70291,10871,169905,110485,81162,0
37836,86300,533,124136,38369,86833,0
11381,27208,11922,38589,23303,39130,0
29320,23362,11348,52682,40668,34710,1
37406,82140,13598,119546,51004,95738,0
99117,68340,13382,167457,112499,81722,0
60279,60114,42332,120393,102611,102446,1
91331,38067,45948,129398,137279,84015,0
51152,14997,2138,66149,53290,17135,0
38917,82286,56570,121203,95487,138856,1
75220,52201,23630,127421,98850,75831,1
86810,70535,3792,157345,90602,74327,0
98198,98781,26951,196979,125149,125732,1
11548,9269,67572,20817,79120,76841,0
2638,9078,61714,11716,64352,70792,0
9469,2753,641,12222,10110,3394,0
63403,42997,547,106400,63950,43544,0
38885,30723,1875,69608,40760,32598,0
4753,38422,83384,43175,88137,121806,0
43497,51041,33303,94538,76800,84344,1
86952,19701,42959,106653,129911,62660,0
40492,89620,52795,130112,93287,142415,1
89626,35142,71009,124768,160635,106151,1
7178,11036,81498,18214,88676,92534,0
62521,94277,36607,156798,99128,130884,1
89214,43053,46918,132267,136132,89971,1
13957,48538,27748,62495,41705,76286,0
25422,32138,26895,57560,52317,59033,1
23942,29111,10810,53053,34752,39921,1
90253,37243,38064,127496,128317,75307,0
12388,34629,38062,47017,50450,72691,1
45159,50379,19981,95538,65140,70360,1
57279,25080,35662,82359,92941,60742,1
34297,79452,75897,113749,110194,155349,1
69808,29314,68861,99122,138669,98175,1
33428,24906,56128,58334,89556,81034,1
59640,6390,7579,66030,67219,13969,0
40476,78042,37987,118518,78463,116029,1
57415,65725,708,123140,58123,66433,0
67012,78304,13324,145316,80336,91628,1
31086,78472,97011,109558,128097,175483,1
8707,10259,34302,18966,43009,44561,0
5231,70009,39702,75240,44933,109711,0
46695,4445,26936,51140,73631,31381,0
87673,94059,9008,181732,96681,103067,1
56328,20024,88345,76352,144673,108369,0
53852,22617,39774,76469,93626,62391,1
85933,60449,79371,146382,165304,139820,1
20735,78182,23215,98917,43950,101397,0
10377,79810,86795,90187,97172,166605,1
98741,86614,15410,185355,114151,102024,1
71309,76568,53958,147877,125267,130526,1
76900,17497,59796,94397,136696,77293,1
83878,82298,74849,166176,158727,157147,1
6727,6907,29360,13634,36087,36267,0
44917,41783,79540,86700,124457,121323,1
97305,64559,53461,161864,150766,118020,1
9908,32675,33659,42583,43567,66334,1
91945,67408,7746,159353,99691,75154,0
50440,62505,3533,112945,53973,66038,0
54502,41325,74039,95827,128541,115364,1
12232,24675,83562,36907,95794,108237,0
27536,95764,14022,123300,41558,109786,0
71297,57788,4096,129085,75393,61884,0
17258,63684,28031,80942,45289,91715,0
97431,9651,67406,107082,164837,77057,0
26797,38045,45533,64842,72330,83578,1
40189,97919,75188,138108,115377,173107,1
84426,97519,92969,181945,177395,190488,1
50907,48371,64298,99278,115205,112669,1
76386,29804,27893,106190,104279,57697,0
43356,55357,92938,98713,136294,148295,1
39724,35631,79008,75355,118732,114639,0
6899,54091,8764,60990,15663,62855,0
94577,84065,42183,178642,136760,126248,1
74361,56884,918,131245,75279,57802,0
73395,24493,66741,97888,140136,91234,1
77505,8653,85532,86158,163037,94185,1
42009,12994,38456,55003,80465,51450,1
14519,38829,95350,53348,109869,134179,0
44472,26891,4739,71363,49211,31630,0
52053,71660,43573,123713,95626,115233,1
85203,88650,87311,173853,172514,175961,1
11873,81990,46987,93863,58860,128977,0
49985,68399,5818,118384,55803,74217,0
77343,64494,67083,141837,144426,131577,1
13122,70795,30248,83917,43370,101043,0
41520,37275,88520,78795,130040,125795,0
50577,62346,18289,112923,68866,80635,1
3381,1841,19714,5222,23095,21555,0
81005,68152,81063,149157,162068,149215,1
54217,97450,63059,151667,117276,160509,1
20862,45542,4888,66404,25750,50430,0
27597,52268,9208,79865,36805,61476,0
79922,76607,36458,156529,116380,113065,1
16051,21164,71204,37215,87255,92368,0
34915,51425,42430,86340,77345,93855,1
17580,84390,11143,101970,28723,95533,0
1429,77094,52336,78523,53765,129430,0
39369,10894,42911,50263,82280,53805,1
17500,76340,23895,93840,41395,100235,0
4611,40447,26346,45058,30957,66793,0
35947,6075,26393,42022,62340,32468,0
42511,68635,74433,111146,116944,143068,1
54826,94569,51211,149395,106037,145780,1
84203,13730,97054,97933,181257,110784,1
38335,97403,52546,135738,90881,149949,0
8558,28994,87306,37552,95864,116300,0
86548,70050,78789,156598,165337,148839,1
28564,60517,42058,89081,70622,102575,1
15585,21962,944,37547,16529,22906,0
48761,59398,19123,108159,67884,78521,1
5474,84582,44313,90056,49787,128895,0
75887,57543,65641,133430,141528,123184,1
70116,23576,59254,93692,129370,82830,1
71067,46039,96613,117106,167680,142652,1
38515,38837,63486,77352,102001,102323,1
90753,46812,37199,137565,127952,84011,0
29349,71200,26550,100549,55899,97750,0
30824,2917,30746,33741,61570,33663,1
66761,30457,99223,97218,165984,129680,0
67042,35363,61732,102405,128774,97095,1
41662,37546,94509,79208,136171,132055,0
56236,10117,508,66353,56744,10625,0
14729,48453,2540,63182,17269,50993,0
67722,37466,69019,105188,136741,106485,1
26616,67061,27794,93677,54410,94855,0
8929,24472,7856,33401,16785,32328,0
99010,71917,29818,170927,128828,101735,1
1850,47766,16323,49616,18173,64089,0
73990,52846,17693,126836,91683,70539,0
3441,6783,23686,10224,27127,30469,0
94470,8174,93096,102644,187566,101270,1
3574,39932,57261,43506,60835,97193,0
97038,15968,41206,113006,138244,57174,0
18341,16885,21420,35226,39761,38305,1
65319,62953,28357,128272,93676,91310,1
92127,36407,60994,128534,153121,97401,1
2708,89418,54103,92126,56811,143521,0
66498,45221,21346,111719,87844,66567,1
31148,11580,45405,42728,76553,56985,0
56525,95531,64230,152056,120755,159761,1
75987,62701,49076,138688,125063,111777,1
29815,91571,2343,121386,32158,93914,0
41325,24085,13707,65410,55032,37792,0
68718,48789,87127,117507,155845,135916,1
16126,1841,18050,17967,34176,19891,0
37658,15353,91868,53011,129526,107221,0
70196,61610,53430,131806,123626,115040,1
2665,81911,2832,84576,5497,84743,0
84635,91906,99358,176541,183993,191264,1
6422,7907,77166,14329,83588,85073,0
96131,8983,62834,105114,158965,71817,0
50762,3348,89675,54110,140437,93023,0
36248,93527,71177,129775,107425,164704,1
11550,61378,69395,72928,80945,130773,1
31597,21100,24606,52697,56203,45706,1
55509,39049,34563,94558,90072,73612,1
40836,98728,84841,139564,125677,183569,1
10210,94033,79378,104243,89588,173411,0
44277,27051,88700,71328,132977,115751,0
59631,16760,38426,76391,98057,55186,0
22896,17341,84084,40237,106980,101425,0
54031,78550,1694,132581,55725,80244,0
17726,52990,9919,70716,27645,62909,0
48306,22060,38811,70366,87117,60871,1
66456,14854,89649,81310,156105,104503,0
27194,61401,46563,88595,73757,107964,1
66383,1409,1517,67792,67900,2926,0
41168,84483,9824,125651,50992,94307,0
48676,78741,50751,127417,99427,129492,1
43124,75434,47136,118558,90260,122570,1
88725,44140,15962,132865,104687,60102,0
95006,2553,7901,97559,102907,10454,0
96827,2031,41833,98858,138660,43864,0
18898,90034,74457,108932,93355,164491,1
85447,87858,97294,173305,182741,185152,1
11984,54181,23010,66165,34994,77191,0
13822,16147,16668,29969,30490,32815,1
26430,4829,18947,31259,45377,23776,0
70004,52598,79507,122602,149511,132105,1
62916,69470,72171,132386,135087,141641,1
808,21019,8161,21827,8969,29180,0
43898,35072,38132,78970,82030,73204,1
47974,3181,54470,51155,102444,57651,0
83803,41904,32146,125707,115949,74050,0
17345,1017,91654,18362,108999,92671,0
10021,97450,81881,107471,91902,179331,0
99542,48715,24504,148257,124046,73219,0
66908,8994,80255,75902,147163,89249,0
51346,36410,49282,87756,100628,85692,1
55762,45064,93815,100826,149577,138879,1
22796,37307,71101,60103,93897,108408,0
32737,18938,25960,51675,58697,44898,1
38121,65399,79658,103520,117779,145057,1
67850,58900,59277,126750,127127,118177,1
15846,5452,53934,21298,69780,59386,0
22212,14536,88534,36748,110746,103070,0
64210,41716,95835,105926,160045,137551,1
71372,11407,85744,82779,157116,97151,0
190,71011,41466,71201,41656,112477,0
1283,58559,75006,59842,76289,133565,0
45706,61057,47492,106763,93198,108549,1
80169,46487,16745,126656,96914,63232,0
60316,75718,78090,136034,138406,153808,1
68574,68605,75760,137179,144334,144365,1
52173,91991,26977,144164,79150,118968,0
56296,85344,91529,141640,147825,176873,1
52324,87721,91208,140045,143532,178929,1
64261,97930,48533,162191,112794,146463,1
9214,46009,49452,55223,58666,95461,1
75314,56461,32693,131775,108007,89154,1
27538,332,48636,27870,76174,48968,0
25363,54239,75030,79602,100393,129269,1
51596,73238,45274,124834,96870,118512,1
99559,21276,82401,120835,181960,103677,1
16021,99567,53819,115588,69840,153386,0
87422,89633,31044,177055,118466,120677,1
62091,3105,86792,65196,148883,89897,0
17135,85560,3893,102695,21028,89453,0
3612,48356,6757,51968,10369,55113,0
51176,21045,74854,72221,126030,95899,0
29678,89855,86757,119533,116435,176612,1
3971,76767,8396,80738,12367,85163,0
61696,77794,32918,139490,94614,110712,1
86,35540,42389,35626,42475,77929,0
2978,86864,96231,89842,99209,183095,0
5909,89880,65829,95789,71738,155709,0
25366,65986,14130,91352,39496,80116,0
81123,60240,91988,141363,173111,152228,1
83999,83512,83896,167511,167895,167408,1
34484,83291,99476,117775,133960,182767,1
97778,99060,65890,196838,163668,164950,1
33746,89535,27177,123281,60923,116712,0
49089,75817,53277,124906,102366,129094,1
20760,5705,15010,26465,35770,20715,0
22071,45633,19982,67704,42053,65615,0
53014,3705,6323,56719,59337,10028,0
50329,85067,990,135396,51319,86057,0
27132,54863,97053,81995,124185,151916,0
57631,66437,68138,124068,125769,134575,1
93278,80686,26886,173964,120164,107572,1
23944,96819,29536,120763,53480,126355,0
98850,72748,20345,171598,119195,93093,0
71862,67362,7471,139224,79333,74833,1
11929,20098,54013,32027,65942,74111,0
53908,1961,26311,55869,80219,28272,0
2870,14396,83713,17266,86583,98109,0
96675,95021,53579,191696,150254,148600,1
52375,93047,21159,145422,73534,114206,0
200,29185,85326,29385,85526,114511,0
5925,6649,5698,12574,11623,12347,1
75568,56354,3275,131922,78843,59629,0
35866,51993,5576,87859,41442,57569,0
75319,11556,83735,86875,159054,95291,1
72100,82805,63505,154905,135605,146310,1
72968,99210,85591,172178,158559,184801,1
89688,52805,43032,142493,132720,95837,1
20700,63219,21330,83919,42030,84549,0
90628,33636,39989,124264,130617,73625,0
73007,44313,7768,117320,80775,52081,0
1784,37727,97026,39511,98810,134753,0
46013,18017,38363,64030,84376,56380,1
81421,36349,62985,117770,144406,99334,1
22248,91926,85009,114174,107257,176935,1
18430,21178,36162,39608,54592,57340,1
34161,2393,66406,36554,100567,68799,0
81349,74304,19460,155653,100809,93764,1
98245,87684,8721,185929,106966,96405,0
97446,69837,79640,167283,177086,149477,1
75058,6323,83053,81381,158111,89376,0
35210,10584,49296,45794,84506,59880,0
67152,32626,68183,99778,135335,100809,1
71103,7015,73418,78118,144521,80433,1
35825,82504,2221,118329,38046,84725,0
33140,8372,91884,41512,125024,100256,0
57627,35594,88659,93221,146286,124253,1
62204,62440,65282,124644,127486,127722,1
24073,16926,5659,40999,29732,22585,0
94998,23455,38255,118453,133253,61710,0
81702,6540,8841,88242,90543,15381,0
76459,85133,79853,161592,156312,164986,1
38757,87333,13960,126090,52717,101293,0
86310,82378,58646,168688,144956,141024,1
21654,64032,5466,85686,27120,69498,0
60364,75957,55758,136321,116122,131715,1
75713,5303,31082,81016,106795,36385,0
81198,45757,87395,126955,168593,133152,1
17028,45798,75810,62826,92838,121608,0
18844,40939,30707,59783,49551,71646,1
34484,80119,49971,114603,84455,130090,1
7877,14032,53233,21909,61110,67265,0
89256,88194,45523,177450,134779,133717,1
52279,21766,3785,74045,56064,25551,0
49264,96159,86139,145423,135403,182298,1
55160,83208,82827,138368,137987,166035,1
83259,18503,89399,101762,172658,107902,1
84914,73890,22881,158804,107795,96771,1
9106,47402,95407,56508,104513,142809,0
7169,36626,80400,43795,87569,117026,0
56053,53865,82764,109918,138817,136629,1
57437,61955,46910,119392,104347,108865,1
17602,62475,99009,80077,116611,161484,0
62794,53130,95776,115924,158570,148906,1
41327,41857,89495,83184,130822,131352,0
98659,45426,42860,144085,141519,88286,0
54136,59844,42678,113980,96814,102522,1
6958,30274,32988,37232,39946,63262,1
15316,98395,59987,113711,75303,158382,0
59157,23858,14378,83015,73535,38236,0
35009,40939,30668,75948,65677,71607,1
43660,3709,97712,47369,141372,101421,0
95947,85031,62307,180978,158254,147338,1
5161,99608,45631,104769,50792,145239,0
9609,98030,93179,107639,102788,191209,1
33463,83738,90821,117201,124284,174559,1
63,41474,41206,41537,41269,82680,0
78794,34680,21829,113474,100623,56509,0
94559,37545,37027,132104,131586,74572,0
16509,62619,23439,79128,39948,86058,0
54438,86307,66394,140745,120832,152701,1
76299,74655,51117,150954,127416,125772,1
29731,40604,31451,70335,61182,72055,1
50419,17445,8746,67864,59165,26191,0
97935,15080,71340,113015,169275,86420,0
91693,86172,34246,177865,125939,120418,1
49226,93271,4825,142497,54051,98096,0
65557,76551,30128,142108,95685,106679,1
13555,38625,32077,52180,45632,70702,1
31705,90050,44254,121755,75959,134304,0
2067,66457,54934,68524,57001,121391,0
91098,88872,68139,179970,159237,157011,1
98795,96633,2789,195428,101584,99422,1
44,19903,65004,19947,65048,84907,0
13089,42969,74574,56058,87663,117543,0
66499,45130,75699,111629,142198,120829,1
3838,16177,65087,20015,68925,81264,0
8761,98499,91418,107260,100179,189917,1
91623,91371,2179,182994,93802,93550,1
33191,44884,17918,78075,51109,62802,1
31698,23678,77436,55376,109134,101114,0
77741,69175,47909,146916,125650,117084,1
16863,6086,60112,22949,76975,66198,0
74821,94093,27482,168914,102303,121575,1
67810,82875,12177,150685,79987,95052,0
76979,147,4717,77126,81696,4864,0
63056,45656,15374,108712,78430,61030,0
30743,27508,95360,58251,126103,122868,0
51015,23745,75820,74760,126835,99565,0
81863,98394,32496,180257,114359,130890,1
63409,5553,13266,68962,76675,18819,0
63701,7305,20590,71006,84291,27895,0
76015,52768,26210,128783,102225,78978,1
82470,7028,81513,89498,163983,88541,1
78202,12644,70802,90846,149004,83446,1
41243,88417,96051,129660,137294,184468,1
74844,32815,11669,107659,86513,44484,0
25228,35294,7511,60522,32739,42805,0
33281,22723,31485,56004,64766,54208,1
3356,81006,84731,84362,88087,165737,0
57121,25339,46316,82460,103437,71655,1
86227,78630,12035,164857,98262,90665,1
33170,82779,89192,115949,122362,171971,1
29463,32161,12636,61624,42099,44797,1
39048,57752,37580,96800,76628,95332,1
3871,8449,70396,12320,74267,78845,0
39210,60536,8515,99746,47725,69051,0
6531,81122,86389,87653,92920,167511,1
26764,94643,1242,121407,28006,95885,0
45158,99478,63328,144636,108486,162806,1
40124,84367,9378,124491,49502,93745,0
38602,81434,49599,120036,88201,131033,1
99631,67135,32928,166766,132559,100063,1
29436,27214,19774,56650,49210,46988,1
72421,39798,59618,112219,132039,99416,1
20011,95854,23577,115865,43588,119431,0
55267,85156,5990,140423,61257,91146,0
93460,35549,26581,129009,120041,62130,0
80985,51527,36105,132512,117090,87632,1
36858,85044,38424,121902,75282,123468,0
40716,40367,9673,81083,50389,50040,1
66467,73712,25861,140179,92328,99573,1
9146,52670,19395,61816,28541,72065,0
41053,8409,81525,49462,122578,89934,0
8721,20319,80864,29040,89585,101183,0
44787,1650,75372,46437,120159,77022,0
27996,12853,55412,40849,83408,68265,0
58791,66813,28267,125604,87058,95080,1
1430,49682,33586,51112,35016,83268,0
49689,99885,23276,149574,72965,123161,0
91393,91988,75270,183381,166663,167258,1
31559,87932,61025,119491,92584,148957,1
63341,16218,54304,79559,117645,70522,1
34943,87402,85007,122345,119950,172409,1
2109,27147,53948,29256,56057,81095,0
75312,83231,17670,158543,92982,100901,1
2671,19142,98037,21813,100708,117179,0
88311,79754,58226,168065,146537,137980,1
54887,88585,93845,143472,148732,182430,1
90354,50901,15976,141255,106330,66877,0
97161,92149,61082,189310,158243,153231,1
1077,2924,2500,4001,3577,5424,1
22353,32813,85637,55166,107990,118450,0
67590,73213,71925,140803,139515,145138,1
33341,62473,88975,95814,122316,151448,1
66409,78276,93716,144685,160125,171992,1
90358,72421,39166,162779,129524,111587,1
34596,20580,61235,55176,95831,81815,0
88133,62966,35179,151099,123312,98145,1
38491,29160,71979,67651,110470,101139,0
13390,81223,63988,94613,77378,145211,0
1203,9060,73181,10263,74384,82241,0
75681,67799,97818,143480,173499,165617,1
98291,82859,92066,181150,190357,174925,1
34187,24938,48913,59125,83100,73851,1
71904,5646,93341,77550,165245,98987,0
766,65718,6056,66484,6822,71774,0
46635,95006,84216,141641,130851,179222,1
57997,85780,19025,143777,77022,104805,0
38103,53077,94317,91180,132420,147394,0
58419,4495,82719,62914,141138,87214,0
67444,9563,40022,77007,107466,49585,0
55181,3889,20826,59070,76007,24715,0
12573,31358,65317,43931,77890,96675,0
32720,27406,17328,60126,50048,44734,1
74495,63494,69711,137989,144206,133205,1
32017,80993,20611,113010,52628,101604,0
40898,95142,50960,136040,91858,146102,0
34259,66047,47651,100306,81910,113698,1
45140,54589,95303,99729,140443,149892,1
10465,9360,56700,19825,67165,66060,0
40841,66684,14304,107525,55145,80988,0
87636,86103,66748,173739,154384,152851,1
71893,41926,6146,113819,78039,48072,0
17242,59222,1858,76464,19100,61080,0
29805,37372,65532,67177,95337,102904,1
37852,25705,93474,63557,131326,119179,0
82449,6874,41331,89323,123780,48205,0
93934,45912,54212,139846,148146,100124,1
79271,33815,80675,113086,159946,114490,1
34069,78721,37439,112790,71508,116160,0
80627,46143,2269,126770,82896,48412,0
56128,57422,84104,113550,140232,141526,1
33600,12035,31612,45635,65212,43647,1
84645,31744,10121,116389,94766,41865,0
62474,75874,3140,138348,65614,79014,0
67892,71209,89363,139101,157255,160572,1
38321,91649,21167,129970,59488,112816,0
36106,6141,33336,42247,69442,39477,1
75906,55419,31707,131325,107613,87126,1
48301,39295,83261,87596,131562,122556,1
23738,48684,55664,72422,79402,104348,1
88394,89361,86136,177755,174530,175497,1
28386,60282,89369,88668,117755,149651,0
82167,9104,47669,91271,129836,56773,0
55398,22575,40027,77973,95425,62602,1
28533,33520,56559,62053,85092,90079,1
66106,33594,21581,99700,87687,55175,0
73080,78553,99782,151633,172862,178335,1
28734,23149,3560,51883,32294,26709,0
2261,49827,88971,52088,91232,138798,0
22819,46751,20666,69570,43485,67417,0
10643,37817,4765,48460,15408,42582,0
27436,46848,27181,74284,54617,74029,1
82636,70176,91463,152812,174099,161639,1
35292,87754,43218,123046,78510,130972,0
48105,2336,48695,50441,96800,51031,1
91607,36007,32148,127614,123755,68155,0
1936,502,42711,2438,44647,43213,0
8062,59294,67697,67356,75759,126991,0
47429,43414,39065,90843,86494,82479,1
58543,85307,46756,143850,105299,132063,1
57939,30956,12601,88895,70540,43557,0
7352,46855,46701,54207,54053,93556,1
16818,68726,25659,85544,42477,94385,0
61913,60191,26987,122104,88900,87178,1
96220,69066,8423,165286,104643,77489,0
9132,20694,5194,29826,14326,25888,0
48427,98356,42461,146783,90888,140817,0
14862,41973,65447,56835,80309,107420,0
64126,1454,69370,65580,133496,70824,0
98571,9292,32271,107863,130842,41563,0
1697,21613,66748,23310,68445,88361,0
98526,37451,42989,135977,141515,80440,0
14259,22590,96289,36849,110548,118879,0
46069,11385,53484,57454,99553,64869,1
41362,75251,15908,116613,57270,91159,0
28336,76017,90653,104353,118989,166670,1
1516,42625,75395,44141,76911,118020,0
28868,75832,64872,104700,93740,140704,1
81121,20308,11731,101429,92852,32039,0
12639,78252,2259,90891,14898,80511,0
88434,39258,8038,127692,96472,47296,0
63718,17083,51513,80801,115231,68596,1
36198,65189,96916,101387,133114,162105,1
56512,75168,52973,131680,109485,128141,1
81513,78886,60925,160399,142438,139811,1
50106,63319,55181,113425,105287,118500,1
88314,37909,40511,126223,128825,78420,0
34763,70274,17311,105037,52074,87585,0
10485,8400,72935,18885,83420,81335,0
63751,32482,32345,96233,96096,64827,1
27122,88616,14897,115738,42019,103513,0
4753,79484,11819,84237,16572,91303,0
47521,44440,34334,91961,81855,78774,1
98536,62682,62218,161218,160754,124900,1
45854,34398,70851,80252,116705,105249,1
57803,63415,18444,121218,76247,81859,1
49330,12951,50823,62281,100153,63774,1
97415,45129,34700,142544,132115,79829,0
14196,25727,44963,39923,59159,70690,0
67152,25926,44261,93078,111413,70187,1
19580,29716,23574,49296,43154,53290,1
40331,84031,37277,124362,77608,121308,0
37641,87868,71539,125509,109180,159407,1
46908,58829,19489,105737,66397,78318,1
97722,83720,39758,181442,137480,123478,1
57288,77529,68970,134817,126258,146499,1
97098,69321,48432,166419,145530,117753,1
75195,79364,91631,154559,166826,170995,1
4054,13944,46220,17998,50274,60164,0
31376,8594,19970,39970,51346,28564,0
31397,89590,43347,120987,74744,132937,0
11616,46951,54906,58567,66522,101857,1
35643,14889,94242,50532,129885,109131,0
32723,26919,93338,59642,126061,120257,0
29347,1462,26862,30809,56209,28324,0
3334,70387,34791,73721,38125,105178,0
42725,71527,86718,114252,129443,158245,1
15254,13070,27634,28324,42888,40704,1
66192,10978,84760,77170,150952,95738,0
43508,99177,32296,142685,75804,131473,0
87834,50861,22129,138695,109963,72990,0
90698,14998,82411,105696,173109,97409,1
91832,77027,55370,168859,147202,132397,1
44327,91122,89457,135449,133784,180579,1
27385,44380,37082,71765,64467,81462,1
12503,95885,76994,108388,89497,172879,0
62126,73805,48144,135931,110270,121949,1
70498,20351,11784,90849,82282,32135,0
91896,53549,34108,145445,126004,87657,0
78592,20886,74667,99478,153259,95553,1
29064,97406,86462,126470,115526,183868,1
75190,1129,91171,76319,166361,92300,0
94405,13799,903,108204,95308,14702,0
34058,42817,76049,76875,110107,118866,1
18433,9441,4015,27874,22448,13456,0
15390,61400,96272,76790,111662,157672,0
22773,25225,61794,47998,84567,87019,0
61801,64020,73331,125821,135132,137351,1
94046,26723,131,120769,94177,26854,0
77875,55884,20329,133759,98204,76213,0
57983,69420,66457,127403,124440,135877,1
35480,73270,47847,108750,83327,121117,1
10742,54726,45695,65468,56437,100421,1
31393,27732,84772,59125,116165,112504,0
5987,5318,24597,11305,30584,29915,0
45368,44596,80935,89964,126303,125531,1
81549,972,44824,82521,126373,45796,0
48803,11690,68972,60493,117775,80662,0
96453,13469,64361,109922,160814,77830,0
94369,55701,29464,150070,123833,85165,0
51205,34319,71281,85524,122486,105600,1
80674,66798,63840,147472,144514,130638,1
27900,22421,79610,50321,107510,102031,0
83951,31016,11316,114967,95267,42332,0
50953,83927,8606,134880,59559,92533,0
50336,53797,52314,104133,102650,106111,1
76388,3899,51898,80287,128286,55797,0
35485,99610,2653,135095,38138,102263,0
91913,48808,67879,140721,159792,116687,1
99542,56597,26093,156139,125635,82690,0
68986,72782,81602,141768,150588,154384,1
25331,99271,4176,124602,29507,103447,0
3132,45117,7052,48249,10184,52169,0
79656,34726,92141,114382,171797,126867,1
31351,38592,97572,69943,128923,136164,0
91071,21534,12640,112605,103711,34174,0
4406,45743,77538,50149,81944,123281,0
89662,74895,94799,164557,184461,169694,1
42009,46921,16952,88930,58961,63873,1
83713,48865,59090,132578,142803,107955,1
18365,52511,94069,70876,112434,146580,0
71572,56377,66363,127949,137935,122740,1
57518,36480,56611,93998,114129,93091,1
76266,17989,24651,94255,100917,42640,0
76477,69236,78067,145713,154544,147303,1
21319,76670,50625,97989,71944,127295,0
97153,76853,13275,174006,110428,90128,0
98973,35647,15072,134620,114045,50719,0
37401,24396,29725,61797,67126,54121,1
84347,87336,9832,171683,94179,97168,1
717,44438,44482,45155,45199,88920,1
37598,95434,31024,133032,68622,126458,0
98104,93566,19785,191670,117889,113351,1
16916,64633,57474,81549,74390,122107,1
12282,71886,81990,84168,94272,153876,1
82555,9679,63750,92234,146305,73429,0
15371,55127,24996,70498,40367,80123,0
84016,16860,97078,100876,181094,113938,1
49541,88491,4896,138032,54437,93387,0
32052,58384,61549,90436,93601,119933,1
70647,88526,10680,159173,81327,99206,0
71787,98848,52061,170635,123848,150909,1
25922,51343,99200,77265,125122,150543,0
15643,35681,37466,51324,53109,73147,1
15532,84095,9877,99627,25409,93972,0
64903,53533,7578,118436,72481,61111,0
37026,42197,263,79223,37289,42460,0
36007,92696,8642,128703,44649,101338,0
52375,5016,79365,57391,131740,84381,0
24393,466,68692,24859,93085,69158,0
56405,34365,8185,90770,64590,42550,0
50934,41894,99492,92828,150426,141386,0
13033,2127,45233,15160,58266,47360,0
79027,95568,41924,174595,120951,137492,1
92303,50515,5684,142818,97987,56199,0
94685,63408,97601,158093,192286,161009,1
9198,36794,41926,45992,51124,78720,1
19205,36084,58108,55289,77313,94192,0
84330,10042,40596,94372,124926,50638,0
48160,14052,80009,62212,128169,94061,0
14158,93131,10821,107289,24979,103952,0
10075,277,80593,10352,90668,80870,0
89935,12677,24667,102612,114602,37344,0
39109,36646,23117,75755,62226,59763,1
98725,30958,27745,129683,126470,58703,0
74104,88208,70600,162312,144704,158808,1
33773,40747,39862,74520,73635,80609,1
24969,89011,57510,113980,82479,146521,0
70846,1051,75954,71897,146800,77005,0
71244,43400,64816,114644,136060,108216,1
79650,23839,24180,103489,103830,48019,0
6194,83359,75749,89553,81943,159108,0
67274,21334,31222,88608,98496,52556,0
42503,17926,25377,60429,67880,43303,1
78502,27093,66725,105595,145227,93818,1
1715,44219,71556,45934,73271,115775,0
67432,55743,75456,123175,142888,131199,1
3798,9401,45385,13199,49183,54786,0
6132,39411,44464,45543,50596,83875,1
41679,34836,16958,76515,58637,51794,1
18810,28788,15786,47598,34596,44574,1
57266,1713,85839,58979,143105,87552,0
67851,45243,84531,113094,152382,129774,1
32002,79231,94161,111233,126163,173392,1
58095,71934,81097,130029,139192,153031,1
48082,60403,95989,108485,144071,156392,1
16418,15339,61049,31757,77467,76388,0
53587,67014,60818,120601,114405,127832,1
46955,47928,32489,94883,79444,80417,1
41371,5363,60160,46734,101531,65523,0
8242,80390,92564,88632,100806,172954,0
99844,44770,31814,144614,131658,76584,0
80495,8273,39627,88768,120122,47900,0
79962,51103,70953,131065,150915,122056,1
77491,44550,96626,122041,174117,141176,1
90777,93755,70711,184532,161488,164466,1
10127,70578,23149,80705,33276,93727,0
67432,36998,75569,104430,143001,112567,1
37961,4245,5850,42206,43811,10095,0
84422,2788,75159,87210,159581,77947,0
48267,81047,20901,129314,69168,101948,0
50562,68764,37765,119326,88327,106529,1
98887,50393,37349,149280,136236,87742,0
9374,32126,50716,41500,60090,82842,0
15523,83783,13103,99306,28626,96886,0
79615,27914,8522,107529,88137,36436,0
22027,75786,35375,97813,57402,111161,0
81078,44556,80271,125634,161349,124827,1
85227,67790,59269,153017,144496,127059,1
5768,61140,88400,66908,94168,149540,0
82622,46609,273,129231,82895,46882,0
36053,49287,77160,85340,113213,126447,1
40946,66324,99645,107270,140591,165969,1
18691,89636,30474,108327,49165,120110,0
4059,62744,12348,66803,16407,75092,0
50382,78443,88891,128825,139273,167334,1
90511,38847,93862,129358,184373,132709,1
39378,47240,84066,86618,123444,131306,1
17926,37471,93120,55397,111046,130591,0
17837,46296,39477,64133,57314,85773,1
76843,94707,7510,171550,84353,102217,0
7762,31712,91167,39474,98929,122879,0
13822,43129,91689,56951,105511,134818,0
62066,45671,42798,107737,104864,88469,1
48757,36533,34604,85290,83361,71137,1
99954,19814,16478,119768,116432,36292,0
1629,45977,11715,47606,13344,57692,0
62720,88905,27548,151625,90268,116453,1
96209,98710,9371,194919,105580,108081,1
43629,29043,82482,72672,126111,111525,0
14463,39706,73102,54169,87565,112808,0
22856,56738,30631,79594,53487,87369,0
44239,46889,15715,91128,59954,62604,1
4072,52311,51655,56383,55727,103966,1
17234,15359,56638,32593,73872,71997,0
78099,7397,3385,85496,81484,10782,0
84660,72792,95229,157452,179889,168021,1
65978,55943,84402,121921,150380,140345,1
92671,80448,39794,173119,132465,120242,1
6730,28534,34280,35264,41010,62814,1
81404,68139,68952,149543,150356,137091,1
61597,57471,12885,119068,74482,70356,1
28025,59848,13027,87873,41052,72875,0
81319,82186,99912,163505,181231,182098,1
1635,69222,40862,70857,42497,110084,0
49757,46377,36755,96134,86512,83132,1
2352,97771,63292,100123,65644,161063,0
34388,23133,85905,57521,120293,109038,0
14540,62939,16675,77479,31215,79614,0
25577,68994,58326,94571,83903,127320,1
76129,27590,27231,103719,103360,54821,0
62377,67727,91795,130104,154172,159522,1
45901,66507,90028,112408,135929,156535,1
90406,53812,24687,144218,115093,78499,0
17364,55699,76342,73063,93706,132041,0
49061,38217,32602,87278,81663,70819,1
22056,37495,82564,59551,104620,120059,0
1056,7123,29455,8179,30511,36578,0
44935,94360,52465,139295,97400,146825,1
95309,96345,15766,191654,111075,112111,1
63597,82083,85471,145680,149068,167554,1
81913,3260,53383,85173,135296,56643,0
95143,82388,44462,177531,139605,126850,1
59462,34912,17296,94374,76758,52208,0
25036,8077,97787,33113,122823,105864,0
94296,18851,60552,113147,154848,79403,0
60219,82480,93651,142699,153870,176131,1
60697,15990,19770,76687,80467,35760,0
7174,78290,21599,85464,28773,99889,0
17217,95253,6233,112470,23450,101486,0
30937,37486,97849,68423,128786,135335,0
80935,8187,3752,89122,84687,11939,0
53659,22716,18192,76375,71851,40908,0
94651,51056,39907,145707,134558,90963,0
7826,94071,97290,101897,105116,191361,1
39242,49634,24744,88876,63986,74378,1
12096,56229,35289,68325,47385,91518,0
99154,30318,32152,129472,131306,62470,0
4643,75201,66344,79844,70987,141545,0
15086,87639,55360,102725,70446,142999,0
94268,59281,79472,153549,173740,138753,1
79305,31441,71460,110746,150765,102901,1
70593,49975,97861,120568,168454,147836,1
64412,40025,34105,104437,98517,74130,1
78639,96750,46958,175389,125597,143708,1
2727,4740,66446,7467,69173,71186,0
64565,73906,64356,138471,128921,138262,1
56947,16777,1076,73724,58023,17853,0
7914,70738,27602,78652,35516,98340,0
97473,20823,72733,118296,170206,93556,0
15692,12586,46057,28278,61749,58643,0
90895,64426,93548,155321,184443,157974,1
82644,72500,2737,155144,85381,75237,0
82595,86028,90788,168623,173383,176816,1
93355,87573,65465,180928,158820,153038,1
65658,31346,97256,97004,162914,128602,0
62752,11784,186,74536,62938,11970,0
7871,11915,21341,19786,29212,33256,0
50309,53455,55760,103764,106069,109215,1
7112,37736,1884,44848,8996,39620,0
77112,81995,53745,159107,130857,135740,1
49422,1954,51520,51376,100942,53474,0
33145,10462,96267,43607,129412,106729,0
49603,77488,85454,127091,135057,162942,1
38706,28659,15661,67365,54367,44320,1
37755,55009,64639,92764,102394,119648,1
1883,43878,48582,45761,50465,92460,0
38297,97683,71621,135980,109918,169304,1
15072,43723,84182,58795,99254,127905,0
91503,97512,38412,189015,129915,135924,1
97396,91617,68524,189013,165920,160141,1
46407,45267,39500,91674,85907,84767,1
20305,60998,53169,81303,73474,114167,1
93201,69280,39387,162481,132588,108667,1
48841,18121,68776,66962,117617,86897,0
83516,73855,99199,157371,182715,173054,1
14749,55672,90801,70421,105550,146473,0
84234,70572,92214,154806,176448,162786,1
67201,89143,73088,156344,140289,162231,1
3472,72803,60043,76275,63515,132846,0
80632,71901,27411,152533,108043,99312,1
6200,73428,62177,79628,68377,135605,0
64641,6248,19063,70889,83704,25311,0
62553,35537,41096,98090,103649,76633,1
10638,81088,90712,91726,101350,171800,1
89313,5131,79035,94444,168348,84166,0
46995,68430,11202,115425,58197,79632,0
43169,19345,40767,62514,83936,60112,1
44444,18527,32845,62971,77289,51372,1
52855,16534,99466,69389,152321,116000,0
90439,74087,34249,164526,124688,108336,1
40497,78092,72316,118589,112813,150408,1
75792,72367,52409,148159,128201,124776,1
36365,6113,60921,42478,97286,67034,0
48372,46609,40951,94981,89323,87560,1
48759,47744,68494,96503,117253,116238,1
40489,24217,54688,64706,95177,78905,1
59493,30994,94343,90487,153836,125337,0
11051,5857,73264,16908,84315,79121,0
66755,36637,32652,103392,99407,69289,1
82499,56530,11403,139029,93902,67933,0
96801,68511,43650,165312,140451,112161,1
44758,77214,6920,121972,51678,84134,0
38481,90989,84549,129470,123030,175538,1
15488,6979,28611,22467,44099,35590,0
83758,97539,48614,181297,132372,146153,1
54670,39712,42542,94382,97212,82254,1
66385,75587,17571,141972,83956,93158,1
95926,21853,41880,117779,137806,63733,0
49765,34858,66180,84623,115945,101038,1
38014,43043,86017,81057,124031,129060,0
42449,75742,37998,118191,80447,113740,1
59978,42611,22840,102589,82818,65451,1
93624,31516,94747,125140,188371,126263,1
4548,77323,56581,81871,61129,133904,0
91968,72836,21802,164804,113770,94638,1
18224,27262,39955,45486,58179,67217,1
12247,1801,74198,14048,86445,75999,0
42140,76037,52870,118177,95010,128907,1
15020,90117,16629,105137,31649,106746,0
68657,24643,18467,93300,87124,43110,0
37073,61641,60018,98714,97091,121659,1
18407,61770,64688,80177,83095,126458,1
15063,70860,22112,85923,37175,92972,0
63821,83033,99095,146854,162916,182128,1
54556,52288,77783,106844,132339,130071,1
80754,39215,11352,119969,92106,50567,0
2486,56046,97334,58532,99820,153380,0
47185,77759,95895,124944,143080,173654,1
49222,91611,44229,140833,93451,135840,1
37594,59637,56528,97231,94122,116165,1
97298,85647,3384,182945,100682,89031,0
8782,5984,42342,14766,51124,48326,0
33540,45408,96769,78948,130309,142177,0
16588,52174,31478,68762,48066,83652,0
42688,21018,45051,63706,87739,66069,1
24378,46720,31173,71098,55551,77893,1
82412,53424,80150,135836,162562,133574,1
3480,16659,26699,20139,30179,43358,0
91497,42660,18698,134157,110195,61358,0
106,67003,55376,67109,55482,122379,0
14595,48804,54330,63399,68925,103134,1
47679,18844,64591,66523,112270,83435,1
52074,75311,15999,127385,68073,91310,0
66385,34148,67953,100533,134338,102101,1
39252,53317,99055,92569,138307,152372,0
40193,44490,29070,84683,69263,73560,1
95451,74468,87841,169919,183292,162309,1
62919,86439,56358,149358,119277,142797,1
42285,18075,41021,60360,83306,59096,1
59825,33816,21924,93641,81749,55740,0
22101,93043,63543,115144,85644,156586,0
36742,23763,52873,60505,89615,76636,1
30284,57530,15207,87814,45491,72737,0
41150,83474,55562,124624,96712,139036,1
32897,56918,2718,89815,35615,59636,0
47927,43714,54463,91641,102390,98177,1
77242,45378,93024,122620,170266,138402,1
93135,82530,44901,175665,138036,127431,1
8198,33225,41806,41423,50004,75031,0
59093,50700,44350,109793,103443,95050,1
59675,51008,36550,110683,96225,87558,1
61866,28820,41757,90686,103623,70577,1
77098,36334,4169,113432,81267,40503,0
43344,39195,4743,82539,48087,43938,1
43413,58992,95384,102405,138797,154376,1
61237,89410,46424,150647,107661,135834,1
51987,2739,10750,54726,62737,13489,0
26608,98702,49318,125310,75926,148020,0
59560,23124,96794,82684,156354,119918,0
38297,10488,16741,48785,55038,27229,0
97335,26401,86553,123736,183888,112954,1
76253,84444,88169,160697,164422,172613,1
39588,72986,43817,112574,83405,116803,1
12637,73275,9448,85912,22085,82723,0
27137,68853,30923,95990,58060,99776,0
94624,26782,94745,121406,189369,121527,1
70035,45862,90464,115897,160499,136326,1
61860,6104,13290,67964,75150,19394,0
66541,87569,76244,154110,142785,163813,1
70329,39850,15657,110179,85986,55507,0
72936,69836,28047,142772,100983,97883,1
19191,59662,70245,78853,89436,129907,1
52328,68733,96048,121061,148376,164781,1
51243,54257,97846,105500,149089,152103,1
64418,34905,60119,99323,124537,95024,1
56762,61323,21746,118085,78508,83069,1
91006,79683,6557,170689,97563,86240,0
92843,11951,98119,104794,190962,110070,1
42267,39618,22076,81885,64343,61694,1
43466,648,67220,44114,110686,67868,0
32691,9130,78117,41821,110808,87247,0
49143,46565,72218,95708,121361,118783,1
833,6315,22762,7148,23595,29077,0
74379,88479,73749,162858,148128,162228,1
28269,10317,98232,38586,126501,108549,0
58495,75109,91255,133604,149750,166364,1
88495,20062,48920,108557,137415,68982,0
1120,50823,73616,51943,74736,124439,0
36983,34054,47235,71037,84218,81289,1
41799,5265,11206,47064,53005,16471,0
99789,79187,95230,178976,195019,174417,1
27599,63810,29181,91409,56780,92991,0
26651,41786,3576,68437,30227,45362,0
5934,43982,55940,49916,61874,99922,0
94490,14155,20771,108645,115261,34926,0
57315,80214,25257,137529,82572,105471,1
84877,34412,89608,119289,174485,124020,1
15243,87119,38990,102362,54233,126109,0
47234,50588,53219,97822,100453,103807,1
63003,73404,90321,136407,153324,163725,1
44296,65574,42721,109870,87017,108295,1
8462,11608,78952,20070,87414,90560,0
86387,13561,40724,99948,127111,54285,0
15122,2144,197,17266,15319,2341,0
73327,27466,19285,100793,92612,46751,0
90282,24745,48195,115027,138477,72940,0
45931,57816,86586,103747,132517,144402,1
98122,17822,80516,115944,178638,98338,1
25868,56714,62997,82582,88865,119711,1
42170,31356,22109,73526,64279,53465,1
1036,71039,75581,72075,76617,146620,0
27527,43939,29286,71466,56813,73225,1
58028,46245,10305,104273,68333,56550,0
82527,10220,36002,92747,118529,46222,0
15077,60960,89548,76037,104625,150508,0
46101,91173,77002,137274,123103,168175,1
92241,95839,47024,188080,139265,142863,1
48501,92966,93767,141467,142268,186733,1
1027,22227,74358,23254,75385,96585,0
47156,50900,916,98056,48072,51816,0
18029,9388,19399,27417,37428,28787,1
87700,62871,40836,150571,128536,103707,1
67659,4959,770,72618,68429,5729,0
26111,63,99543,26174,125654,99606,0
52721,80780,76962,133501,129683,157742,1
75063,27404,24047,102467,99110,51451,0
97718,23330,70037,121048,167755,93367,0
31920,80690,22092,112610,54012,102782,0
66787,33305,50757,100092,117544,84062,1
99251,95403,69644,194654,168895,165047,1
8228,99264,49374,107492,57602,148638,0
63438,49359,18852,112797,82290,68211,1
43724,7421,48714,51145,92438,56135,1
36652,62722,65779,99374,102431,128501,1
89939,10947,93624,100886,183563,104571,1
54118,62546,47284,116664,101402,109830,1
11436,57505,34669,68941,46105,92174,0
79883,36229,819,116112,80702,37048,0
67357,91412,78830,158769,146187,170242,1
2789,75252,70735,78041,73524,145987,0
37717,93761,77260,131478,114977,171021,1
89397,11303,1849,100700,91246,13152,0
85455,72690,96017,158145,181472,168707,1
84872,38995,48655,123867,133527,87650,1
50226,77663,97880,127889,148106,175543,1
53784,21217,47209,75001,100993,68426,1
68315,82412,91735,150727,160050,174147,1
74775,41383,43855,116158,118630,85238,1
66680,27693,28849,94373,95529,56542,0
98340,52206,82268,150546,180608,134474,1
68817,84351,16856,153168,85673,101207,1
52562,4542,80691,57104,133253,85233,0
78375,30580,32564,108955,110939,63144,0
9326,18687,15678,28013,25004,34365,1
33178,59203,97656,92381,130834,156859,0
8466,44195,39315,52661,47781,83510,1
78364,89467,41175,167831,119539,130642,1
35130,42985,86280,78115,121410,129265,0
42903,32709,93133,75612,136036,125842,0
67113,56118,42798,123231,109911,98916,1
3719,86934,32095,90653,35814,119029,0
2018,45036,46300,47054,48318,91336,1
97732,61196,94031,158928,191763,155227,1
20419,47123,77876,67542,98295,124999,0
75450,49765,82890,125215,158340,132655,1
19696,207,65195,19903,84891,65402,0
586,24260,71172,24846,71758,95432,0
95532,52867,39486,148399,135018,92353,0
89959,79242,52045,169201,142004,131287,1
13443,18228,86732,31671,100175,104960,0
65169,57488,90394,122657,155563,147882,1
44396,1674,80616,46070,125012,82290,0
99106,89630,97707,188736,196813,187337,1
33540,79821,92427,113361,125967,172248,1
30317,55754,32416,86071,62733,88170,1
17780,71164,79128,88944,96908,150292,1
96672,54425,54174,151097,150846,108599,1
38324,45848,53696,84172,92020,99544,1
26838,95157,33966,121995,60804,129123,0
57508,66513,77038,124021,134546,143551,1
16092,27775,56838,43867,72930,84613,0
81790,18739,77733,100529,159523,96472,1
17549,53785,82858,71334,100407,136643,0
18933,62562,59737,81495,78670,122299,1
4684,13860,52367,18544,57051,66227,0
16820,32370,29554,49190,46374,61924,1
68341,33825,99584,102166,167925,133409,1
91353,38652,13565,130005,104918,52217,0
44655,91115,56248,135770,100903,147363,1
50899,97585,58158,148484,109057,155743,1
18728,78524,70918,97252,89646,149442,1
1292,10523,79617,11815,80909,90140,0
48972,28035,44338,77007,93310,72373,1
21810,54374,98775,76184,120585,153149,0
78228,91345,47764,169573,125992,139109,1
71420,17659,51650,89079,123070,69309,0
99753,84862,7793,184615,107546,92655,0
75817,75498,24499,151315,100316,99997,1
63815,68635,44694,132450,108509,113329,1
79599,62381,3700,141980,83299,66081,0
45191,16227,45583,61418,90774,61810,1
39056,71439,80665,110495,119721,152104,1
61110,56307,74506,117417,135616,130813,1
75661,75790,67088,151451,142749,142878,1
33328,84966,47346,118294,80674,132312,0
80955,82329,87729,163284,168684,170058,1
58284,89978,99511,148262,157795,189489,1
70399,9928,71081,80327,141480,81009,1
22537,14769,35566,37306,58103,50335,1
47521,85332,39728,132853,87249,125060,1
13917,33880,26041,47797,39958,59921,1
82066,89843,52634,171909,134700,142477,1
77712,22178,91684,99890,169396,113862,1
36164,8369,26720,44533,62884,35089,0
25250,55287,79830,80537,105080,135117,1
20725,40620,44302,61345,65027,84922,1
81529,84191,62325,165720,143854,146516,1
48783,31434,69724,80217,118507,101158,1
44546,45079,79046,89625,123592,124125,1
74501,17141,67510,91642,142011,84651,1
33563,51503,57405,85066,90968,108908,1
65091,46482,55216,111573,120307,101698,1
50461,44799,29297,95260,79758,74096,1
57407,10805,33959,68212,91366,44764,0
33769,70455,74186,104224,107955,144641,1
31799,25399,25339,57198,57138,50738,1
51889,90544,51419,142433,103308,141963,1
81285,94541,33168,175826,114453,127709,1
13332,46068,78482,59400,91814,124550,0
59601,76110,51909,135711,111510,128019,1
93644,52866,90059,146510,183703,142925,1
13141,15631,80891,28772,94032,96522,0
83900,44803,39460,128703,123360,84263,1
67301,75042,81137,142343,148438,156179,1
39866,91768,36192,131634,76058,127960,0
4675,89963,23110,94638,27785,113073,0
49041,48486,45521,97527,94562,94007,1
18508,55926,18879,74434,37387,74805,0
38676,42544,14392,81220,53068,56936,1
45959,86754,81349,132713,127308,168103,1
52691,29319,84731,82010,137422,114050,0
36492,48252,79123,84744,115615,127375,1
32772,61742,75231,94514,108003,136973,1
43651,80956,49250,124607,92901,130206,1
22296,7532,30518,29828,52814,38050,0
4943,52632,12425,57575,17368,65057,0
96539,35650,33567,132189,130106,69217,0
14940,84349,95056,99289,109996,179405,1
58923,32379,91649,91302,150572,124028,0
87405,18439,70254,105844,157659,88693,1
16734,86327,72472,103061,89206,158799,1
630,8506,96463,9136,97093,104969,0
23264,51543,28812,74807,52076,80355,1
68794,49647,32944,118441,101738,82591,1
34489,76404,49141,110893,83630,125545,1
46302,2628,82849,48930,129151,85477,0
67002,78871,6676,145873,73678,85547,0
88822,37744,59998,126566,148820,97742,1
79569,55248,58539,134817,138108,113787,1
61350,29084,67166,90434,128516,96250,1
1648,86485,78734,88133,80382,165219,0
91593,84587,67169,176180,158762,151756,1
43412,88165,47801,131577,91213,135966,1
16675,64476,90467,81151,107142,154943,0
92638,42149,95060,134787,187698,137209,1
617,4479,15752,5096,16369,20231,0
16118,21251,66880,37369,82998,88131,0
8742,53669,8888,62411,17630,62557,0
18896,74450,79935,93346,98831,154385,1
10759,48613,58551,59372,69310,107164,1
87109,50151,10364,137260,97473,60515,0
93606,16950,7659,110556,101265,24609,0
10498,35921,69761,46419,80259,105682,0
70576,23284,56343,93860,126919,79627,1
12187,7756,20401,19943,32588,28157,0
6957,38983,4267,45940,11224,43250,0
75701,12831,18474,88532,94175,31305,0
31038,71288,92252,102326,123290,163540,1
22417,20617,51838,43034,74255,72455,0
12722,64751,29758,77473,42480,94509,0
67702,40250,34201,107952,101903,74451,1
75745,57988,92502,133733,168247,150490,1
91086,61172,27303,152258,118389,88475,0
43332,52867,99372,96199,142704,152239,0
90528,19811,50695,110339,141223,70506,0
37562,5524,6105,43086,43667,11629,0
7470,36831,29889,44301,37359,66720,1
25079,17002,64561,42081,89640,81563,0
22377,15123,27414,37500,49791,42537,1
55178,18805,28522,73983,83700,47327,0
97112,73747,47692,170859,144804,121439,1
54870,49587,51913,104457,106783,101500,1
69568,81880,70971,151448,140539,152851,1
18156,1396,99902,19552,118058,101298,0
52784,70855,69761,123639,122545,140616,1
30159,26644,29304,56803,59463,55948,1
40581,5573,35184,46154,75765,40757,1
80878,8335,62435,89213,143313,70770,0
76090,36996,49999,113086,126089,86995,1
27774,89376,91579,117150,119353,180955,1
24822,86401,38138,111223,62960,124539,0
90224,66025,12550,156249,102774,78575,0
81882,36683,31795,118565,113677,68478,0
7422,81029,31788,88451,39210,112817,0
59242,59218,4674,118460,63916,63892,1
69977,80473,97519,150450,167496,177992,1
91662,86987,23456,178649,115118,110443,1
42730,14867,85949,57597,128679,100816,0
56427,89332,73450,145759,129877,162782,1
58126,66907,89982,125033,148108,156889,1
68344,37058,91729,105402,160073,128787,1
97834,13312,1468,111146,99302,14780,0
34617,40603,23272,75220,57889,63875,1
46387,53649,617,100036,47004,54266,0
53260,6004,93422,59264,146682,99426,0
77171,76599,91458,153770,168629,168057,1
74016,72949,8233,146965,82249,81182,1
13213,35295,63016,48508,76229,98311,0
10691,48286,11996,58977,22687,60282,0
81234,13756,75201,94990,156435,88957,1
86334,18527,65837,104861,152171,84364,0
69721,97210,46008,166931,115729,143218,1
3851,11900,74491,15751,78342,86391,0
70203,12998,39394,83201,109597,52392,0
94873,22990,53394,117863,148267,76384,0
40647,95551,64663,136198,105310,160214,1
45961,19140,17262,65101,63223,36402,0
27534,28549,96620,56083,124154,125169,0
6670,89940,711,96610,7381,90651,0
79600,91502,430,171102,80030,91932,0
10923,28533,47466,39456,58389,75999,0
49516,35859,78838,85375,128354,114697,1
99701,76265,48962,175966,148663,125227,1
1456,86264,11907,87720,13363,98171,0
56751,79271,36975,136022,93726,116246,1
66644,612,33944,67256,100588,34556,0
96171,95358,77452,191529,173623,172810,1
25520,3249,6544,28769,32064,9793,0
3951,99584,24568,103535,28519,124152,0
14717,70010,25505,84727,40222,95515,0
54748,93791,99940,148539,154688,193731,1
155,17570,60510,17725,60665,78080,0
17347,43506,46199,60853,63546,89705,1
18588,20952,85344,39540,103932,106296,0
11093,17298,99374,28391,110467,116672,0
1009,46479,12795,47488,13804,59274,0
12236,60414,83197,72650,95433,143611,0
69807,73660,21157,143467,90964,94817,1
86942,3930,755,90872,87697,4685,0
58807,77623,27717,136430,86524,105340,1
27481,5446,19485,32927,46966,24931,0
45699,89504,85763,135203,131462,175267,1
67103,37944,98678,105047,165781,136622,1
50403,47611,82778,98014,133181,130389,1
44660,77550,16774,122210,61434,94324,0
83919,20419,39644,104338,123563,60063,0
88480,6727,13923,95207,102403,20650,0
11588,95788,24970,107376,36558,120758,0
87841,11667,1624,99508,89465,13291,0
70058,80657,89368,150715,159426,170025,1
45011,73556,25355,118567,70366,98911,0
88812,46784,33561,135596,122373,80345,0
7112,72533,51345,79645,58457,123878,0
91337,17058,31189,108395,122526,48247,0
58989,78767,71065,137756,130054,149832,1
70577,58760,342,129337,70919,59102,0
72035,6290,38124,78325,110159,44414,0
55437,98687,73087,154124,128524,171774,1
89313,91994,88390,181307,177703,180384,1
33411,40364,22890,73775,56301,63254,1
80908,52776,92427,133684,173335,145203,1
82311,56546,21995,138857,104306,78541,0
90415,78893,85400,169308,175815,164293,1
36862,52614,62788,89476,99650,115402,1
50491,35443,40221,85934,90712,75664,1
67395,32797,86392,100192,153787,119189,1
41733,48579,20009,90312,61742,68588,1
40667,92273,66756,132940,107423,159029,1
27585,76985,22662,104570,50247,99647,0
73883,22710,664,96593,74547,23374,0
13610,82545,79723,96155,93333,162268,1
80583,80959,95596,161542,176179,176555,1
69733,8656,5050,78389,74783,13706,0
44880,81178,27304,126058,72184,108482,0
95405,13450,87757,108855,183162,101207,1
39456,81770,69513,121226,108969,151283,1
66445,19087,32285,85532,98730,51372,0
56892,79700,37900,136592,94792,117600,1
60916,67725,30586,128641,91502,98311,1
12267,16251,81694,28518,93961,97945,0
66064,53977,1013,120041,67077,54990,0
82285,65535,71502,147820,153787,137037,1
17833,68854,40920,86687,58753,109774,0
42797,97965,36754,140762,79551,134719,0
42362,78020,4424,120382,46786,82444,0
25248,35009,85325,60257,110573,120334,0
11498,44753,55573,56251,67071,100326,1
20312,32123,99907,52435,120219,132030,0
1672,33725,83395,35397,85067,117120,0
15361,98234,89637,113595,104998,187871,1
57332,86072,69830,143404,127162,155902,1
14622,41462,75006,56084,89628,116468,0
589,98753,45859,99342,46448,144612,0
11490,10237,32026,21727,43516,42263,0
76685,35736,4715,112421,81400,40451,0
22500,5596,37702,28096,60202,43298,0
30571,51411,27394,81982,57965,78805,1
81547,37607,8347,119154,89894,45954,0
3115,12837,13331,15952,16446,26168,1
9844,43537,58967,53381,68811,102504,0
23484,3608,39910,27092,63394,43518,0
73537,99673,69717,173210,143254,169390,1
70788,84360,22944,155148,93732,107304,1
26072,78021,83541,104093,109613,161562,1
95591,73145,53993,168736,149584,127138,1
11384,23783,84540,35167,95924,108323,0
87720,36808,54435,124528,142155,91243,1
9719,79015,39948,88734,49667,118963,0
98770,13869,57829,112639,156599,71698,0
60239,54800,19901,115039,80140,74701,1
98044,88525,21029,186569,119073,109554,1
15422,87991,93719,103413,109141,181710,1
95103,48772,76970,143875,172073,125742,1
75899,80855,95224,156754,171123,176079,1
42641,54524,82058,97165,124699,136582,1
85947,28160,81923,114107,167870,110083,1
85536,23349,34594,108885,120130,57943,0
92545,96008,46827,188553,139372,142835,1
71988,15872,52912,87860,124900,68784,0
73740,93962,97920,167702,171660,191882,1
46591,3975,24340,50566,70931,28315,0
16268,18782,94009,35050,110277,112791,0
72163,10502,50779,82665,122942,61281,0
17418,80675,54499,98093,71917,135174,0
58893,11348,410,70241,59303,11758,0
63030,73825,45894,136855,108924,119719,1
38537,34757,96515,73294,135052,131272,0
58756,63993,73221,122749,131977,137214,1
28894,97564,37661,126458,66555,135225,0
63038,95497,64791,158535,127829,160288,1
47239,42683,48775,89922,96014,91458,1
15614,20458,64127,36072,79741,84585,0
56642,2712,82698,59354,139340,85410,0
90078,73076,91981,163154,182059,165057,1
94619,98061,93254,192680,187873,191315,1
81375,59822,65059,141197,146434,124881,1
95149,22236,528,117385,95677,22764,0
49,31315,78207,31364,78256,109522,0
8437,87125,59517,95562,67954,146642,0
69172,53458,85429,122630,154601,138887,1
45759,64161,46979,109920,92738,111140,1
71889,48522,10538,120411,82427,59060,0
90933,40353,94779,131286,185712,135132,1
84209,88422,63796,172631,148005,152218,1
41023,73491,33330,114514,74353,106821,1
87118,23746,77713,110864,164831,101459,1
18552,50973,87470,69525,106022,138443,0
62166,94402,12855,156568,75021,107257,0
57961,24034,39174,81995,97135,63208,1
11584,6640,27000,18224,38584,33640,0
46247,88430,56820,134677,103067,145250,1
14555,1393,24035,15948,38590,25428,0
27986,18204,85402,46190,113388,103606,0
45878,16894,86814,62772,132692,103708,0
75273,82226,20481,157499,95754,102707,1
54287,84199,99560,138486,153847,183759,1
3530,94385,24123,97915,27653,118508,0
90294,35379,90612,125673,180906,125991,1
7404,72805,57349,80209,64753,130154,0
42860,42689,66388,85549,109248,109077,1
50306,80663,86176,130969,136482,166839,1
7965,37613,410,45578,8375,38023,0
48446,22174,89986,70620,138432,112160,0
99278,90854,2262,190132,101540,93116,0
28010,49336,63978,77346,91988,113314,1
3954,83804,51646,87758,55600,135450,0
15164,11083,52041,26247,67205,63124,0
51351,8642,48673,59993,100024,57315,1
67217,80645,95443,147862,162660,176088,1
1306,18000,68886,19306,70192,86886,0
99976,46155,59890,146131,159866,106045,1
20853,53881,95949,74734,116802,149830,0
4635,28757,52137,33392,56772,80894,0
75719,83312,33567,159031,109286,116879,1
81451,70399,60940,151850,142391,131339,1
36546,8056,2624,44602,39170,10680,0
32348,7710,26021,40058,58369,33731,1
60500,53140,71097,113640,131597,124237,1
92056,73255,23281,165311,115337,96536,1
49687,76827,37722,126514,87409,114549,1
84500,8418,57008,92918,141508,65426,0
10775,64660,64706,75435,75481,129366,1
11688,61133,66868,72821,78556,128001,1
2139,93153,52447,95292,54586,145600,0
83513,46684,58819,130197,142332,105503,1
43915,23230,20364,67145,64279,43594,0
47862,81574,12772,129436,60634,94346,0
60165,10668,35785,70833,95950,46453,0
16906,57621,66501,74527,83407,124122,1
56306,14593,56944,70899,113250,71537,1
95990,39528,10357,135518,106347,49885,0
90613,89547,15872,180160,106485,105419,1
4612,56042,88064,60654,92676,144106,0
85566,52223,6901,137789,92467,59124,0
49437,76679,84516,126116,133953,161195,1
1481,95061,18418,96542,19899,113479,0
69095,52531,976,121626,70071,53507,0
73372,27608,31443,100980,104815,59051,0
64783,37223,28789,102006,93572,66012,1
96091,640,8723,96731,104814,9363,0
8903,27027,89267,35930,98170,116294,0
45293,83175,72182,128468,117475,155357,1
32074,49917,45723,81991,77797,95640,1
61479,98556,38104,160035,99583,136660,1
9851,44915,31050,54766,40901,75965,0
79760,54659,79300,134419,159060,133959,1
4559,90560,30115,95119,34674,120675,0
17982,36971,31902,54953,49884,68873,1
40460,34002,76750,74462,117210,110752,0
71006,58863,49490,129869,120496,108353,1
6529,80975,97700,87504,104229,178675,0
8404,77845,29035,86249,37439,106880,0
69845,46111,31040,115956,100885,77151,1
42570,62047,7354,104617,49924,69401,0
53965,53204,81289,107169,135254,134493,1
77774,905,24823,78679,102597,25728,0
13763,56662,17666,70425,31429,74328,0
47217,16289,43299,63506,90516,59588,1
76819,26026,61592,102845,138411,87618,1
89743,66626,68273,156369,158016,134899,1
51914,50145,10716,102059,62630,60861,1
2451,73367,93132,75818,95583,166499,0
71325,31736,40481,103061,111806,72217,1
97889,54124,31172,152013,129061,85296,0
48116,6774,9205,54890,57321,15979,0
241,40828,7563,41069,7804,48391,0
22430,55252,41288,77682,63718,96540,1
18754,75280,79806,94034,98560,155086,1
93481,86735,71805,180216,165286,158540,1
532,32434,50310,32966,50842,82744,0
59399,56435,43655,115834,103054,100090,1
34116,70388,61418,104504,95534,131806,1
86352,9664,78303,96016,164655,87967,1
7510,67094,98833,74604,106343,165927,0
724,48500,67511,49224,68235,116011,0
87489,16680,51975,104169,139464,68655,0
60932,64650,8330,125582,69262,72980,1
30844,82934,36172,113778,67016,119106,0
13017,12556,61960,25573,74977,74516,0
62250,49108,53727,111358,115977,102835,1
56786,37158,24643,93944,81429,61801,1
74234,71844,5282,146078,79516,77126,1
89752,2359,9717,92111,99469,12076,0
91414,30806,43478,122220,134892,74284,0
76656,79767,25298,156423,101954,105065,1
53427,484,95087,53911,148514,95571,0
17861,7234,61674,25095,79535,68908,0
70081,40230,22317,110311,92398,62547,0
7654,68506,49985,76160,57639,118491,0
4026,68658,27214,72684,31240,95872,0
13758,3486,20775,17244,34533,24261,0
36835,38832,58117,75667,94952,96949,1
71528,90642,56119,162170,127647,146761,1
36513,19769,92633,56282,129146,112402,0
80838,72130,94624,152968,175462,166754,1
11466,81038,85801,92504,97267,166839,1
46066,46857,26661,92923,72727,73518,1
92944,84753,74236,177697,167180,158989,1
25163,20607,1506,45770,26669,22113,0
57109,8454,71442,65563,128551,79896,0
82889,58659,75931,141548,158820,134590,1
72853,36009,94661,108862,167514,130670,1
31311,33350,36811,64661,68122,70161,1
92943,90221,40881,183164,133824,131102,1
85953,25063,84322,111016,170275,109385,1
83604,46419,48711,130023,132315,95130,1
5285,87565,94645,92850,99930,182210,0
90170,71111,84303,161281,174473,155414,1
68623,56406,45587,125029,114210,101993,1
68902,62248,47968,131150,116870,110216,1
74748,52904,85116,127652,159864,138020,1
2603,83353,85794,85956,88397,169147,1
78297,80371,69596,158668,147893,149967,1
54937,41737,3780,96674,58717,45517,0
38576,55099,45022,93675,83598,100121,1
37611,12479,10948,50090,48559,23427,0
14583,47349,29302,61932,43885,76651,0
85105,92317,28642,177422,113747,120959,1
40856,66948,55082,107804,95938,122030,1
75884,41054,9348,116938,85232,50402,0
63843,30117,43632,93960,107475,73749,1
60265,44675,90845,104940,151110,135520,1
40968,89781,54238,130749,95206,144019,1
96702,23959,89017,120661,185719,112976,1
79636,19263,74650,98899,154286,93913,1
82495,38632,18492,121127,100987,57124,0
18643,96696,22277,115339,40920,118973,0
80165,20313,31007,100478,111172,51320,0
52444,33421,36190,85865,88634,69611,1
74769,23034,92970,97803,167739,116004,1
78629,60456,50413,139085,129042,110869,1
87703,96738,873,184441,88576,97611,0
37212,83034,31777,120246,68989,114811,0
39624,66238,72580,105862,112204,138818,1
5805,51787,93045,57592,98850,144832,0
7461,59760,98474,67221,105935,158234,0
69243,77776,38539,147019,107782,116315,1
64388,71208,71256,135596,135644,142464,1
61657,20003,39675,81660,101332,59678,0
37917,4077,39019,41994,76936,43096,1
62034,33669,31960,95703,93994,65629,1
62860,12648,12484,75508,75344,25132,0
76100,40684,36020,116784,112120,76704,1
19271,79387,803,98658,20074,80190,0
80498,34342,34474,114840,114972,68816,0
61663,68791,75748,130454,137411,144539,1
15798,33991,38288,49789,54086,72279,1
39361,36187,93237,75548,132598,129424,0
99039,90400,81917,189439,180956,172317,1
38331,69687,36444,108018,74775,106131,1
36851,62160,1866,99011,38717,64026,0
32108,19041,83464,51149,115572,102505,0
99115,7463,22648,106578,121763,30111,0
13592,27900,39523,41492,53115,67423,1
69326,7830,91358,77156,160684,99188,0
19852,18001,20997,37853,40849,38998,1
23942,24846,35618,48788,59560,60464,1
83652,50440,43957,134092,127609,94397,1
4252,71328,17473,75580,21725,88801,0
91602,34348,79453,125950,171055,113801,1
81577,540,98549,82117,180126,99089,0
66058,52780,17118,118838,83176,69898,1
42597,84805,29476,127402,72073,114281,0
79423,2118,86232,81541,165655,88350,0
14502,75924,50848,90426,65350,126772,0
53184,98058,54320,151242,107504,152378,1
23286,18284,57732,41570,81018,76016,0
20672,26872,79154,47544,99826,106026,0
33818,83238,92811,117056,126629,176049,1
2403,27402,51601,29805,54004,79003,0
62197,29884,36140,92081,98337,66024,1
43125,46709,29237,89834,72362,75946,1
79854,97424,61046,177278,140900,158470,1
77517,11867,76791,89384,154308,88658,1
15728,43548,51066,59276,66794,94614,1
86486,36673,29912,123159,116398,66585,0
27815,32350,38534,60165,66349,70884,1
53148,8877,75295,62025,128443,84172,0
31998,59981,78941,91979,110939,138922,1
3483,86223,85291,89706,88774,171514,1
58252,83065,74076,141317,132328,157141,1
74545,32924,30770,107469,105315,63694,0
32328,15745,5257,48073,37585,21002,0
18630,46273,3241,64903,21871,49514,0
54099,450,14182,54549,68281,14632,0
24157,89005,9677,113162,33834,98682,0
60092,92308,23860,152400,83952,116168,0
65277,26201,8402,91478,73679,34603,0
72419,52829,16312,125248,88731,69141,0
10467,91786,78057,102253,88524,169843,0
27119,82692,69475,109811,96594,152167,1
11731,21213,43228,32944,54959,64441,0
77741,37576,38020,115317,115761,75596,0
95656,85514,53448,181170,149104,138962,1
50400,2928,54748,53328,105148,57676,0
1318,46620,47453,47938,48771,94073,1
37203,9834,124,47037,37327,9958,0
44422,28530,32444,72952,76866,60974,1
66336,21459,54201,87795,120537,75660,1
71170,90667,5814,161837,76984,96481,0
31817,25045,32387,56862,64204,57432,1
28730,85705,41545,114435,70275,127250,0
57908,44711,90266,102619,148174,134977,1
15947,63180,77345,79127,93292,140525,1
86652,69111,6981,155763,93633,76092,0
30450,45538,98514,75988,128964,144052,0
40500,16445,32711,56945,73211,49156,1
23892,15195,7462,39087,31354,22657,0
64863,7254,82528,72117,147391,89782,0
34693,8981,42212,43674,76905,51193,1
42605,11870,76463,54475,119068,88333,0
79770,12268,58395,92038,138165,70663,0
34096,90853,95715,124949,129811,186568,1
45363,55742,42902,101105,88265,98644,1
84453,32214,49332,116667,133785,81546,0
2015,26595,94393,28610,96408,120988,0
57985,68722,60960,126707,118945,129682,1
43035,67898,56942,110933,99977,124840,1
94968,36124,63290,131092,158258,99414,1
57420,3556,20765,60976,78185,24321,0
62027,85077,35899,147104,97926,120976,1
71370,60250,89513,131620,160883,149763,1
49989,70876,8446,120865,58435,79322,0
94678,65603,8674,160281,103352,74277,0
51189,20345,73516,71534,124705,93861,0
62667,24605,67718,87272,130385,92323,1
46831,74891,27987,121722,74818,102878,0
29265,66507,19022,95772,48287,85529,0
82356,53599,66677,135955,149033,120276,1
32595,68123,52849,100718,85444,120972,1
31327,5903,13085,37230,44412,18988,0
20221,12012,23670,32233,43891,35682,1
11424,70965,39014,82389,50438,109979,0
90859,5365,9683,96224,100542,15048,0
18471,28555,18073,47026,36544,46628,1
73029,54844,86264,127873,159293,141108,1
23473,84386,8029,107859,31502,92415,0
51028,62758,35111,113786,86139,97869,1
68768,11538,28589,80306,97357,40127,0
36686,75915,61543,112601,98229,137458,1
40720,82490,27485,123210,68205,109975,0
29276,8505,88419,37781,117695,96924,0
21794,56380,76387,78174,98181,132767,1
48616,63970,16190,112586,64806,80160,1
17426,2168,1669,19594,19095,3837,0
13269,50583,3442,63852,16711,54025,0
27296,15098,58730,42394,86026,73828,0
81917,99885,45342,181802,127259,145227,1
69612,17862,31516,87474,101128,49378,0
33619,46350,98852,79969,132471,145202,0
71404,51574,82609,122978,154013,134183,1
55298,42941,2355,98239,57653,45296,0
77511,40705,69594,118216,147105,110299,1
82723,5625,85537,88348,168260,91162,1
6341,25212,20427,31553,26768,45639,1
9481,47799,7793,57280,17274,55592,0
86191,68757,29812,154948,116003,98569,1
23940,37406,77828,61346,101768,115234,0
952,71357,20692,72309,21644,92049,0
47662,8950,45428,56612,93090,54378,1
5104,25687,60017,30791,65121,85704,0
18222,5203,68336,23425,86558,73539,0
45677,39416,94277,85093,139954,133693,0
10483,16732,96788,27215,107271,113520,0
56243,68471,77643,124714,133886,146114,1
82762,1734,91269,84496,174031,93003,0
57624,89085,79595,146709,137219,168680,1
56405,78145,4061,134550,60466,82206,0
45137,46391,87197,91528,132334,133588,1
44177,64030,60232,108207,104409,124262,1
51750,30421,91863,82171,143613,122284,0
60739,70098,78501,130837,139240,148599,1
52246,51053,91973,103299,144219,143026,1
41955,53771,7858,95726,49813,61629,0
4540,11595,1638,16135,6178,13233,0
63273,50169,66030,113442,129303,116199,1
92127,69046,19508,161173,111635,88554,0
73779,53992,40983,127771,114762,94975,1
39876,38281,35539,78157,75415,73820,1
96024,14156,24873,110180,120897,39029,0
79777,38713,77420,118490,157197,116133,1
73612,4198,95579,77810,169191,99777,0
11368,83130,47568,94498,58936,130698,0
94801,33578,8834,128379,103635,42412,0
92555,2385,3524,94940,96079,5909,0
20704,33209,40676,53913,61380,73885,1
19705,29998,34078,49703,53783,64076,1
57976,72442,81934,130418,139910,154376,1
54938,35748,77312,90686,132250,113060,1
90260,25419,84306,115679,174566,109725,1
19196,28051,44449,47247,63645,72500,1
1379,77852,43170,79231,44549,121022,0
93550,72612,72655,166162,166205,145267,1
99491,68642,14271,168133,113762,82913,0
37405,73529,19660,110934,57065,93189,0
31458,2992,48928,34450,80386,51920,0
49449,79470,48987,128919,98436,128457,1
40338,34207,47386,74545,87724,81593,1
57716,4244,10370,61960,68086,14614,0
75641,6010,99855,81651,175496,105865,0
98475,29864,4908,128339,103383,34772,0
2899,54811,38417,57710,41316,93228,0
95694,71730,7200,167424,102894,78930,0
10605,19778,54480,30383,65085,74258,0
40238,13540,25657,53778,65895,39197,0
71225,71694,1770,142919,72995,73464,1
84207,35707,35273,119914,119480,70980,0
16665,23663,38429,40328,55094,62092,1
5056,65859,5754,70915,10810,71613,0
76514,90735,10063,167249,86577,100798,0
8121,23837,16605,31958,24726,40442,1
40888,56972,47741,97860,88629,104713,1
35733,34434,49996,70167,85729,84430,1
14461,23046,19732,37507,34193,42778,1
5981,88602,97677,94583,103658,186279,0
1204,37705,77449,38909,78653,115154,0
75399,81751,81372,157150,156771,163123,1
86634,41618,86365,128252,172999,127983,1
39047,34399,3804,73446,42851,38203,0
61704,5042,50240,66746,111944,55282,0
32293,69846,90059,102139,122352,159905,1
10584,44842,60493,55426,71077,105335,0
56324,81010,78737,137334,135061,159747,1
94932,62354,33671,157286,128603,96025,1
23624,49172,65340,72796,88964,114512,1
54353,89053,58206,143406,112559,147259,1
50504,33439,1246,83943,51750,34685,0
91491,2945,13367,94436,104858,16312,0
12507,39229,22975,51736,35482,62204,0
59652,65269,93429,124921,153081,158698,1
18711,12246,6583,30957,25294,18829,1
10861,8652,19019,19513,29880,27671,1
32845,19444,73049,52289,105894,92493,0
76881,71486,85589,148367,162470,157075,1
7923,55094,92590,63017,100513,147684,0
8402,71380,58220,79782,66622,129600,0
73813,67437,32337,141250,106150,99774,1
15439,990,11800,16429,27239,12790,0
18434,34589,64037,53023,82471,98626,0
60673,76142,2226,136815,62899,78368,0
4531,6514,70878,11045,75409,77392,0
72984,74284,98690,147268,171674,172974,1
78934,36281,34629,115215,113563,70910,0
53161,92650,23751,145811,76912,116401,0
4617,92636,23422,97253,28039,116058,0
6362,76548,7299,82910,13661,83847,0
1747,6995,82803,8742,84550,89798,0
8373,18942,63177,27315,71550,82119,0
15376,39392,84338,54768,99714,123730,0
91719,84467,56746,176186,148465,141213,1
20779,12400,8517,33179,29296,20917,1
82616,5255,87171,87871,169787,92426,1
68040,41279,27389,109319,95429,68668,1
17392,53103,50179,70495,67571,103282,1
83176,79696,43292,162872,126468,122988,1
77915,43069,82276,120984,160191,125345,1
36329,65728,21024,102057,57353,86752,0
68,40721,77964,40789,78032,118685,0
22008,69939,85984,91947,107992,155923,1
32559,53371,38296,85930,70855,91667,1
25870,26229,59542,52099,85412,85771,0
98545,83545,57635,182090,156180,141180,1
65332,29927,16982,95259,82314,46909,0
80182,25223,13785,105405,93967,39008,0
77525,67851,2160,145376,79685,70011,0
11262,91844,83352,103106,94614,175196,1
86104,82774,36120,168878,122224,118894,1
73867,63404,32085,137271,105952,95489,1
40441,91516,61307,131957,101748,152823,1
46875,89053,91234,135928,138109,180287,1
13674,98474,17393,112148,31067,115867,0
58560,18522,90830,77082,149390,109352,0
36929,51991,52328,88920,89257,104319,1
69426,81823,43881,151249,113307,125704,1
90487,97262,21327,187749,111814,118589,1
31543,68509,17574,100052,49117,86083,0
33661,48388,23837,82049,57498,72225,1
44056,87558,99038,131614,143094,186596,1
4660,56454,58709,61114,63369,115163,1
47418,84907,83621,132325,131039,168528,1
71212,58750,52401,129962,123613,111151,1
23490,92973,24533,116463,48023,117506,0
47077,3039,549,50116,47626,3588,0
81547,91903,10593,173450,92140,102496,1
88906,20818,20626,109724,109532,41444,0
20989,27289,61929,48278,82918,89218,0
75430,35874,78324,111304,153754,114198,1
66267,20701,37328,86968,103595,58029,0
66275,11017,46904,77292,113179,57921,0
35575,35435,32603,71010,68178,68038,1
64949,89325,35929,154274,100878,125254,1
91833,11455,15722,103288,107555,27177,0
27808,37137,86596,64945,114404,123733,0
36979,60878,19073,97857,56052,79951,0
6078,17790,6026,23868,12104,23816,0
78199,29569,3453,107768,81652,33022,0
65942,49788,46352,115730,112294,96140,1
40548,78812,81625,119360,122173,160437,1
58056,61327,46197,119383,104253,107524,1
35567,93314,79202,128881,114769,172516,1
6784,11409,38176,18193,44960,49585,0
58368,18378,41802,76746,100170,60180,1
54471,39156,55491,93627,109962,94647,1
1085,73506,73094,74591,74179,146600,1
70470,23620,65355,94090,135825,88975,1
55567,3593,60081,59160,115648,63674,0
31192,22533,98079,53725,129271,120612,0
66607,67955,36908,134562,103515,104863,1
85376,76430,76511,161806,161887,152941,1
11576,23232,90202,34808,101778,113434,0
41339,80149,36940,121488,78279,117089,0
22826,66894,63876,89720,86702,130770,1
3612,25974,93635,29586,97247,119609,0
96054,77658,52669,173712,148723,130327,1
16590,64519,94035,81109,110625,158554,0
1035,59450,94412,60485,95447,153862,0
24598,95135,54697,119733,79295,149832,0
24760,14777,8693,39537,33453,23470,0
73906,2688,45878,76594,119784,48566,0
4567,34623,68066,39190,72633,102689,0
5118,44259,81639,49377,86757,125898,0
25629,84746,84620,110375,110249,169366,1
46386,23177,95218,69563,141604,118395,0
86483,88270,32076,174753,118559,120346,1
90169,34390,5537,124559,95706,39927,0
89411,32353,89880,121764,179291,122233,1
51322,44356,70199,95678,121521,114555,1
97943,98277,73221,196220,171164,171498,1
58804,14914,59725,73718,118529,74639,1
71927,25861,88682,97788,160609,114543,1
78243,62122,22453,140365,100696,84575,1
4686,95359,65751,100045,70437,161110,0
92273,31580,13961,123853,106234,45541,0
43510,38613,57665,82123,101175,96278,1
37187,30652,17796,67839,54983,48448,1
67177,68783,26057,135960,93234,94840,1
21978,63206,26086,85184,48064,89292,0
6079,87532,58626,93611,64705,146158,0
79293,69464,68792,148757,148085,138256,1
64234,223,48874,64457,113108,49097,0
51684,89585,87367,141269,139051,176952,1
29871,42825,70131,72696,100002,112956,1
50700,3264,28009,53964,78709,31273,0
64493,63223,92991,127716,157484,156214,1
94420,22597,40647,117017,135067,63244,0
74555,1302,41452,75857,116007,42754,0
50075,25500,38114,75575,88189,63614,1
29140,93302,47163,122442,76303,140465,0
68464,55375,90504,123839,158968,145879,1
27525,4131,45358,31656,72883,49489,0
52864,2978,36998,55842,89862,39976,0
86357,54272,59472,140629,145829,113744,1
71665,801,92404,72466,164069,93205,0
99896,26736,70721,126632,170617,97457,0
15389,72130,42842,87519,58231,114972,0
85096,51265,30258,136361,115354,81523,0
75846,10796,79373,86642,155219,90169,1
93556,35324,31858,128880,125414,67182,0
79991,23659,69221,103650,149212,92880,1
63915,13328,80047,77243,143962,93375,0
57868,69208,4974,127076,62842,74182,0
11734,31129,5926,42863,17660,37055,0
59555,68952,95738,128507,155293,164690,1
80881,83712,42850,164593,123731,126562,1
43821,74759,47823,118580,91644,122582,1
38596,45743,25581,84339,64177,71324,1
8206,50887,65931,59093,74137,116818,0
15006,14089,65048,29095,80054,79137,0
36495,45502,62277,81997,98772,107779,1
15269,75716,19511,90985,34780,95227,0
4769,62942,89046,67711,93815,151988,0
73919,79439,70702,153358,144621,150141,1
860,82744,6109,83604,6969,88853,0
68577,15448,66286,84025,134863,81734,1
39360,9692,6906,49052,46266,16598,0
62541,91271,63104,153812,125645,154375,1
10292,99826,78874,110118,89166,178700,0
65876,98514,97220,164390,163096,195734,1
74201,53503,10925,127704,85126,64428,0
28910,74267,54504,103177,83414,128771,1
4951,3212,40515,8163,45466,43727,0
80333,5455,2079,85788,82412,7534,0
59094,29245,71605,88339,130699,100850,1
82240,13234,40939,95474,123179,54173,0
59622,70908,99553,130530,159175,170461,1
22709,1831,25883,24540,48592,27714,0
35758,7102,79564,42860,115322,86666,0
68525,63846,87232,132371,155757,151078,1
32415,46811,47493,79226,79908,94304,1
89630,40157,79121,129787,168751,119278,1
26960,17466,18920,44426,45880,36386,1
27539,1920,64780,29459,92319,66700,0
15470,98994,36162,114464,51632,135156,0
852,39903,71243,40755,72095,111146,0
3856,44186,44535,48042,48391,88721,1
93362,14379,58214,107741,151576,72593,0
94014,97988,35691,192002,129705,133679,1
76638,36991,12561,113629,89199,49552,0
34648,77515,11485,112163,46133,89000,0
54156,17845,72733,72001,126889,90578,0
61261,74534,54670,135795,115931,129204,1
21069,47711,93097,68780,114166,140808,0
43807,83823,33844,127630,77651,117667,0
15255,92326,5170,107581,20425,97496,0
61714,91439,15666,153153,77380,107105,0
63611,14009,71388,77620,134999,85397,1
30376,96358,56400,126734,86776,152758,0
39787,9727,41356,49514,81143,51083,1
69944,54197,15808,124141,85752,70005,1
9978,11246,67879,21224,77857,79125,0
77203,30226,92770,107429,169973,122996,1
45811,19838,57278,65649,103089,77116,1
59352,30396,97401,89748,156753,127797,0
33361,69506,32210,102867,65571,101716,0
83227,44557,50564,127784,133791,95121,1
68643,9528,49799,78171,118442,59327,0
85105,41562,63056,126667,148161,104618,1
15827,6421,54301,22248,70128,60722,0
94757,82009,79521,176766,174278,161530,1
35673,65156,63498,100829,99171,128654,1
75951,43940,42497,119891,118448,86437,1
61630,37448,68395,99078,130025,105843,1
44003,63155,60450,107158,104453,123605,1
94007,16827,11115,110834,105122,27942,0
45083,89044,49635,134127,94718,138679,1
37126,97938,27639,135064,64765,125577,0
18717,40441,13420,59158,32137,53861,0
63205,87743,11968,150948,75173,99711,0
40223,7528,87525,47751,127748,95053,0
10908,19369,27825,30277,38733,47194,1
99218,66572,12638,165790,111856,79210,0
48981,43370,65830,92351,114811,109200,1
74224,66616,56256,140840,130480,122872,1
11534,43197,41433,54731,52967,84630,1
50114,97057,82944,147171,133058,180001,1
28201,38105,88835,66306,117036,126940,0
78113,60957,8777,139070,86890,69734,0
39232,35727,87583,74959,126815,123310,0
27518,11979,89123,39497,116641,101102,0
70941,79855,16838,150796,87779,96693,1
89299,95337,94243,184636,183542,189580,1
11400,81255,69998,92655,81398,151253,1
96404,19135,58422,115539,154826,77557,0
89764,30746,80606,120510,170370,111352,1
16944,96275,20459,113219,37403,116734,0
96895,98540,91719,195435,188614,190259,1
36850,32504,42637,69354,79487,75141,1
66500,74004,82394,140504,148894,156398,1
67009,34154,78707,101163,145716,112861,1
87955,63023,39632,150978,127587,102655,1
96525,60199,70495,156724,167020,130694,1
84765,72630,88116,157395,172881,160746,1
45483,19274,49315,64757,94798,68589,1
64483,15536,15292,80019,79775,30828,0
66948,1858,62205,68806,129153,64063,0
64021,588,40906,64609,104927,41494,0
46123,59666,55083,105789,101206,114749,1
19932,26081,53860,46013,73792,79941,0
89404,34000,67210,123404,156614,101210,1
89684,29508,7429,119192,97113,36937,0
44549,26919,47612,71468,92161,74531,1
85475,5000,48811,90475,134286,53811,0
80261,70679,34843,150940,115104,105522,1
16157,28221,50518,44378,66675,78739,0
97869,60456,49779,158325,147648,110235,1
72946,14843,10857,87789,83803,25700,0
20394,77782,71353,98176,91747,149135,1
6794,76239,21665,83033,28459,97904,0
60695,32991,59578,93686,120273,92569,1
88239,43362,84724,131601,172963,128086,1
65815,55235,27539,121050,93354,82774,1
7316,49549,28288,56865,35604,77837,0
54288,51017,45025,105305,99313,96042,1
44525,31976,36050,76501,80575,68026,1
46798,57984,68739,104782,115537,126723,1
64759,34664,99684,99423,164443,134348,0
98302,57612,8282,155914,106584,65894,0
15901,31055,99416,46956,115317,130471,0
26061,82904,66398,108965,92459,149302,1
54173,62341,72883,116514,127056,135224,1
63726,32969,58184,96695,121910,91153,1
65088,49399,64917,114487,130005,114316,1
36647,20797,16065,57444,52712,36862,1
34583,31189,82745,65772,117328,113934,0
90520,36061,27241,126581,117761,63302,0
37538,88942,44778,126480,82316,133720,0
6089,75791,20492,81880,26581,96283,0
41598,79469,67574,121067,109172,147043,1
51389,52577,67058,103966,118447,119635,1
3800,87032,9734,90832,13534,96766,0
3957,30010,81664,33967,85621,111674,0
65638,67621,62407,133259,128045,130028,1
90514,13891,12605,104405,103119,26496,0
13184,84472,89159,97656,102343,173631,1
88811,30947,29164,119758,117975,60111,0
15157,71234,77319,86391,92476,148553,1
11867,21785,31429,33652,43296,53214,1
96968,29915,2519,126883,99487,32434,0
21251,34769,48014,56020,69265,82783,1
16144,24046,67003,40190,83147,91049,0
96548,30860,41568,127408,138116,72428,0
2673,62359,41649,65032,44322,104008,0
14213,45627,79860,59840,94073,125487,0
96338,59160,8331,155498,104669,67491,0
93692,98371,62453,192063,156145,160824,1
93619,17051,21182,110670,114801,38233,0
28490,68144,77902,96634,106392,146046,1
68579,41315,2438,109894,71017,43753,0
57673,75417,98411,133090,156084,173828,1
83210,86621,27599,169831,110809,114220,1
88928,29166,79861,118094,168789,109027,1
73764,54343,67041,128107,140805,121384,1
58764,99335,7186,158099,65950,106521,0
3597,89210,51949,92807,55546,141159,0
45719,33538,8242,79257,53961,41780,0
66664,90293,17128,156957,83792,107421,0
1717,74681,28427,76398,30144,103108,0
65935,92585,34115,158520,100050,126700,1
90756,31196,18813,121952,109569,50009,0
93014,80726,41316,173740,134330,122042,1
69495,42842,92831,112337,162326,135673,1
70987,54720,92648,125707,163635,147368,1
61538,63223,28494,124761,90032,91717,1
89760,75550,83034,165310,172794,158584,1
16057,72517,14309,88574,30366,86826,0
97440,61795,93088,159235,190528,154883,1
5329,11994,69939,17323,75268,81933,0
52726,3602,91526,56328,144252,95128,0
82449,62515,11977,144964,94426,74492,0
85824,40516,19846,126340,105670,60362,0
59152,46258,26806,105410,85958,73064,1
79262,3355,71947,82617,151209,75302,0
81411,62106,29387,143517,110798,91493,1
42363,4896,91314,47259,133677,96210,0
52255,4752,65921,57007,118176,70673,0
61519,95218,92405,156737,153924,187623,1
61892,30024,95572,91916,157464,125596,0
92519,73496,64475,166015,156994,137971,1
66823,39358,67821,106181,134644,107179,1
98327,59030,19736,157357,118063,78766,0
3652,5262,12207,8914,15859,17469,0
72361,70700,19459,143061,91820,90159,1
60131,54526,60350,114657,120481,114876,1
89822,18270,12523,108092,102345,30793,0
21470,62811,86372,84281,107842,149183,0
8971,95978,9012,104949,17983,104990,0
20085,35512,40963,55597,61048,76475,1
47326,11112,89553,58438,136879,100665,0
79884,6334,64784,86218,144668,71118,0
67508,3481,54415,70989,121923,57896,0
28020,42576,5516,70596,33536,48092,0
36198,68694,46453,104892,82651,115147,1
46493,57923,47089,104416,93582,105012,1
30935,79778,98541,110713,129476,178319,1
46652,615,7010,47267,53662,7625,0
48649,19183,23552,67832,72201,42735,0
18572,82090,80244,100662,98816,162334,1
19460,66864,30216,86324,49676,97080,0
73848,77467,76442,151315,150290,153909,1
49168,96851,20535,146019,69703,117386,0
85227,21300,66788,106527,152015,88088,1
18962,96539,56335,115501,75297,152874,0
88885,70935,32776,159820,121661,103711,1
33174,97336,75597,130510,108771,172933,1
40303,9254,70402,49557,110705,79656,0
37296,50464,8089,87760,45385,58553,0
10528,89029,15576,99557,26104,104605,0
26387,38585,70815,64972,97202,109400,0
30582,41304,99755,71886,130337,141059,0
58259,49927,46893,108186,105152,96820,1
90638,26532,51747,117170,142385,78279,0
10997,24345,9334,35342,20331,33679,0
51454,94066,9241,145520,60695,103307,0
15267,32924,48764,48191,64031,81688,0
40424,29280,97274,69704,137698,126554,0
62628,73901,95502,136529,158130,169403,1
34779,12295,45360,47074,80139,57655,1
93362,58026,86973,151388,180335,144999,1
19358,86910,26121,106268,45479,113031,0
2953,27690,6819,30643,9772,34509,0
25632,70852,4015,96484,29647,74867,0
66532,61071,70380,127603,136912,131451,1
55529,48127,59589,103656,115118,107716,1
690,21835,79084,22525,79774,100919,0
63662,68899,39110,132561,102772,108009,1
88112,88836,96483,176948,184595,185319,1
21961,87057,89606,109018,111567,176663,1
18604,36972,46026,55576,64630,82998,1
19736,21721,43126,41457,62862,64847,0
31252,50876,3345,82128,34597,54221,0
33073,35657,55476,68730,88549,91133,1
93203,47328,92176,140531,185379,139504,1
66073,80599,30057,146672,96130,110656,1
96315,14981,42943,111296,139258,57924,0
65371,96618,31406,161989,96777,128024,1
34973,37174,22234,72147,57207,59408,1
84983,39764,92270,124747,177253,132034,1
84888,24626,22008,109514,106896,46634,0
65487,66422,18598,131909,84085,85020,1
29461,65350,43385,94811,72846,108735,1
58656,15361,85411,74017,144067,100772,0
38227,32816,37159,71043,75386,69975,1
99892,22753,8803,122645,108695,31556,0
38424,74129,63042,112553,101466,137171,1
81489,81130,5679,162619,87168,86809,1
78589,47071,45190,125660,123779,92261,1
71219,30301,67961,101520,139180,98262,1
72489,77604,43453,150093,115942,121057,1
84635,89074,12893,173709,97528,101967,1
45847,19352,93366,65199,139213,112718,0
3557,44062,57476,47619,61033,101538,0
3510,27333,93271,30843,96781,120604,0
45494,84223,4455,129717,49949,88678,0
48772,22569,2546,71341,51318,25115,0
43438,90916,57677,134354,101115,148593,1
27239,31118,85661,58357,112900,116779,0
52867,26651,47008,79518,99875,73659,1
42400,52000,44392,94400,86792,96392,1
1770,69986,84629,71756,86399,154615,0
72945,76543,22371,149488,95316,98914,1
37857,34781,90787,72638,128644,125568,0
29898,51729,73651,81627,103549,125380,1
66657,58657,18886,125314,85543,77543,1
17998,54841,48458,72839,66456,103299,1
92710,53564,10288,146274,102998,63852,0
42993,21956,90309,64949,133302,112265,0
9035,68921,17189,77956,26224,86110,0
39753,42774,34227,82527,73980,77001,1
72139,90090,96065,162229,168204,186155,1
50805,14530,50011,65335,100816,64541,1
88694,37885,24950,126579,113644,62835,0
99348,12135,40526,111483,139874,52661,0
27610,41001,51047,68611,78657,92048,1
96834,53438,54606,150272,151440,108044,1
30290,75733,65465,106023,95755,141198,1
1783,20223,29894,22006,31677,50117,0
5467,19800,30274,25267,35741,50074,0
68827,42959,88794,111786,157621,131753,1
55,6120,83238,6175,83293,89358,0
13074,37240,85195,50314,98269,122435,0
89081,26521,49932,115602,139013,76453,0
6485,72763,13628,79248,20113,86391,0
18400,82398,80625,100798,99025,163023,1
56328,85455,64610,141783,120938,150065,1
49507,73618,45290,123125,94797,118908,1
41738,39584,3239,81322,44977,42823,1
11518,40091,52721,51609,64239,92812,0
95172,96104,96221,191276,191393,192325,1
35427,4697,99788,40124,135215,104485,0
28956,9971,62971,38927,91927,72942,0
83159,38055,34102,121214,117261,72157,0
1715,80871,51006,82586,52721,131877,0
3929,4572,90552,8501,94481,95124,0
82340,66871,35456,149211,117796,102327,1
79913,92802,34502,172715,114415,127304,1
63217,8225,65097,71442,128314,73322,1
63442,1133,38931,64575,102373,40064,0
51947,4360,5292,56307,57239,9652,0
86619,46567,54633,133186,141252,101200,1
7386,81987,80888,89373,88274,162875,1
16048,73859,66442,89907,82490,140301,1
26797,14437,14613,41234,41410,29050,1
67027,58334,1330,125361,68357,59664,0
16769,72023,81762,88792,98531,153785,1
64119,85509,80389,149628,144508,165898,1
9071,84054,83938,93125,93009,167992,1
66574,65298,17611,131872,84185,82909,1
24400,34919,74708,59319,99108,109627,0
8118,92931,29631,101049,37749,122562,0
731,45873,23200,46604,23931,69073,0
92368,30227,42025,122595,134393,72252,0
52141,20061,45498,72202,97639,65559,1
68597,41974,74809,110571,143406,116783,1
12865,33908,59830,46773,72695,93738,0
23759,63510,36420,87269,60179,99930,0
6091,83533,40724,89624,46815,124257,0
14744,27707,84190,42451,98934,111897,0
58069,72121,93023,130190,151092,165144,1
58973,7304,3245,66277,62218,10549,0
15778,82270,50412,98048,66190,132682,0
9308,2280,99054,11588,108362,101334,0
8297,34920,94802,43217,103099,129722,0
70693,50219,17571,120912,88264,67790,0
43577,23972,58110,67549,101687,82082,1
95056,85304,426,180360,95482,85730,0
38389,85645,93462,124034,131851,179107,1
58006,63193,10683,121199,68689,73876,1
24249,61702,42218,85951,66467,103920,1
54965,17019,24781,71984,79746,41800,0
58160,6643,8543,64803,66703,15186,0
54763,91995,27647,146758,82410,119642,0
9218,9469,41721,18687,50939,51190,0
93936,8333,59062,102269,152998,67395,0
34924,16361,35566,51285,70490,51927,1
11301,14008,11907,25309,23208,25915,1
71235,44094,33205,115329,104440,77299,1
86116,94123,5850,180239,91966,99973,0
14835,77992,84670,92827,99505,162662,1
23791,59588,61552,83379,85343,121140,1
88616,887,81079,89503,169695,81966,0
67421,58006,67674,125427,135095,125680,1
12526,83535,50891,96061,63417,134426,0
89516,87499,19646,177015,109162,107145,1
3154,78403,38166,81557,41320,116569,0
26261,26354,60836,52615,87097,87190,0
68227,69495,82663,137722,150890,152158,1
7187,7285,65057,14472,72244,72342,0
45954,74063,43334,120017,89288,117397,1
86271,89736,5610,176007,91881,95346,1
44017,84803,9105,128820,53122,93908,0
39142,24835,96745,63977,135887,121580,0
34127,48800,87626,82927,121753,136426,0
84692,79081,54499,163773,139191,133580,1
1297,17586,5958,18883,7255,23544,0
84773,3892,16573,88665,101346,20465,0
51652,26761,87391,78413,139043,114152,0
19387,16784,98078,36171,117465,114862,0
13607,34184,58981,47791,72588,93165,0
31273,66145,20236,97418,51509,86381,0
2589,97277,30985,99866,33574,128262,0
93146,26751,4870,119897,98016,31621,0
22785,29297,45670,52082,68455,74967,1
75980,86146,13797,162126,89777,99943,1
74696,34353,15067,109049,89763,49420,0
78107,33056,94500,111163,172607,127556,1
92570,54180,32713,146750,125283,86893,0
8815,35676,58387,44491,67202,94063,0
23288,47594,19966,70882,43254,67560,0
39349,83510,53762,122859,93111,137272,1
19862,37236,80981,57098,100843,118217,0
83791,28392,23054,112183,106845,51446,0
83100,27162,55096,110262,138196,82258,0
69207,14862,69747,84069,138954,84609,1
27357,80953,98456,108310,125813,179409,1
30533,5866,54882,36399,85415,60748,0
7189,11615,3433,18804,10622,15048,0
49979,86898,31888,136877,81867,118786,0
57587,72689,29364,130276,86951,102053,1
62607,53688,91437,116295,154044,145125,1
43089,10206,13819,53295,56908,24025,0
5073,48415,67125,53488,72198,115540,0
14451,95059,99666,109510,114117,194725,1
64669,1981,3402,66650,68071,5383,0
24679,26369,46189,51048,70868,72558,1
88050,3429,54568,91479,142618,57997,0
70410,1858,82007,72268,152417,83865,0
47526,8947,56956,56473,104482,65903,0
96968,45582,63758,142550,160726,109340,1
14187,42623,47162,56810,61349,89785,1
77783,2888,13638,80671,91421,16526,0
45735,81895,33649,127630,79384,115544,0
96353,39054,90216,135407,186569,129270,1
87683,73447,87143,161130,174826,160590,1
31605,50955,96158,82560,127763,147113,0
16099,32434,26327,48533,42426,58761,1
48233,58604,29460,106837,77693,88064,1
58018,52076,39821,110094,97839,91897,1
90365,18296,87423,108661,177788,105719,1
84919,22641,61426,107560,146345,84067,0
19092,84610,64412,103702,83504,149022,0
19493,42417,24297,61910,43790,66714,1
82523,84757,73519,167280,156042,158276,1
76958,87839,22710,164797,99668,110549,1
54959,46014,50628,100973,105587,96642,1
10169,88087,99504,98256,109673,187591,0
5623,39772,85767,45395,91390,125539,0
24521,60201,18533,84722,43054,78734,0
107,13246,69412,13353,69519,82658,0
28256,79975,65129,108231,93385,145104,1
60536,5284,71603,65820,132139,76887,0
82958,44857,75233,127815,158191,120090,1
3057,13779,98535,16836,101592,112314,0
11451,55676,4596,67127,16047,60272,0
99396,50905,86566,150301,185962,137471,1
73874,72575,31548,146449,105422,104123,1
12932,32275,46176,45207,59108,78451,0
61061,17366,87892,78427,148953,105258,0
42990,65317,80342,108307,123332,145659,1
66208,15312,774,81520,66982,16086,0
85273,99518,90128,184791,175401,189646,1
47991,74064,69483,122055,117474,143547,1
36481,70729,512,107210,36993,71241,0
44028,59483,35051,103511,79079,94534,1
39008,19183,75923,58191,114931,95106,0
25031,74656,89691,99687,114722,164347,1
1161,41735,381,42896,1542,42116,0
35655,92183,40805,127838,76460,132988,0
51097,99100,84636,150197,135733,183736,1
99911,49376,7463,149287,107374,56839,0
25749,76116,4050,101865,29799,80166,0
82184,7339,57310,89523,139494,64649,0
77406,5761,34384,83167,111790,40145,0
14561,33303,26284,47864,40845,59587,1
70796,90477,15127,161273,85923,105604,0
97323,89791,13920,187114,111243,103711,1
50360,75444,64438,125804,114798,139882,1
25110,41703,55260,66813,80370,96963,1
95900,5554,33298,101454,129198,38852,0
51224,23020,67707,74244,118931,90727,1
28439,16133,72555,44572,100994,88688,0
96683,34216,35606,130899,132289,69822,0
44466,84945,94083,129411,138549,179028,1
75101,52090,91436,127191,166537,143526,1
10587,41868,68692,52455,79279,110560,0
78077,45925,96802,124002,174879,142727,1
28061,42460,48514,70521,76575,90974,1
62384,5500,94841,67884,157225,100341,0
18234,88665,97693,106899,115927,186358,1
53448,99815,56654,153263,110102,156469,1
83878,15039,53561,98917,137439,68600,0
24878,96494,3510,121372,28388,100004,0
3935,17836,62380,21771,66315,80216,0
89534,22450,42585,111984,132119,65035,0
96177,13774,3720,109951,99897,17494,0
15755,23489,7119,39244,22874,30608,0
52515,85438,21257,137953,73772,106695,0
21033,16998,48053,38031,69086,65051,0
41344,65094,36185,106438,77529,101279,1
99027,81287,26713,180314,125740,108000,1
78284,51454,17805,129738,96089,69259,0
97783,79125,61681,176908,159464,140806,1
1493,96586,78269,98079,79762,174855,0
52461,11703,98709,64164,151170,110412,0
68871,72306,69423,141177,138294,141729,1
89747,43499,22240,133246,111987,65739,0
31162,38909,10953,70071,42115,49862,1
60506,3786,78514,64292,139020,82300,0
90450,86513,31838,176963,122288,118351,1
18282,70894,21942,89176,40224,92836,0
25040,99504,51867,124544,76907,151371,0
89998,69173,39911,159171,129909,109084,1
43350,59255,27031,102605,70381,86286,1
35712,1470,85201,37182,120913,86671,0
41304,20801,7547,62105,48851,28348,0
74646,72997,68856,147643,143502,141853,1
92092,62816,41397,154908,133489,104213,1
32697,55195,38462,87892,71159,93657,1
12973,30816,98554,43789,111527,129370,0
76613,20902,62649,97515,139262,83551,1
53746,42390,90846,96136,144592,133236,1
73905,19398,21411,93303,95316,40809,0
7077,1735,4500,8812,11577,6235,0
40271,20479,1329,60750,41600,21808,0
68697,46462,40398,115159,109095,86860,1
78274,31695,16609,109969,94883,48304,0
17601,85910,89395,103511,106996,175305,1
22306,2850,66461,25156,88767,69311,0
66248,32580,24724,98828,90972,57304,0
23783,29535,45197,53318,68980,74732,1
83086,69961,34950,153047,118036,104911,1
50091,93220,22697,143311,72788,115917,0
35682,5161,80259,40843,115941,85420,0
19064,89699,42146,108763,61210,131845,0
22337,17432,44360,39769,66697,61792,0
37734,64865,57018,102599,94752,121883,1
88841,70159,9907,159000,98748,80066,0
95430,24554,89500,119984,184930,114054,1
51719,297,62604,52016,114323,62901,0
59227,69750,76735,128977,135962,146485,1
79749,56514,80254,136263,160003,136768,1
90847,41045,13298,131892,104145,54343,0
8651,56781,29638,65432,38289,86419,0
6033,47374,54060,53407,60093,101434,0
10633,72588,38869,83221,49502,111457,0
85259,38762,63321,124021,148580,102083,1
59403,81374,42020,140777,101423,123394,1
92862,51573,59523,144435,152385,111096,1
29211,30779,27339,59990,56550,58118,1
34258,32463,68698,66721,102956,101161,0
41964,8481,84140,50445,126104,92621,0
5374,92068,9899,97442,15273,101967,0
85159,96830,94170,181989,179329,191000,1
32316,2583,88387,34899,120703,90970,0
6754,96377,48916,103131,55670,145293,0
8488,55423,58691,63911,67179,114114,1
59169,88925,97143,148094,156312,186068,1
60658,83187,29963,143845,90621,113150,1
13544,8863,89347,22407,102891,98210,0
32247,98575,75928,130822,108175,174503,1
10397,6349,76606,16746,87003,82955,0
16759,60065,49606,76824,66365,109671,1
45,73970,42085,74015,42130,116055,0
24444,13769,69014,38213,93458,82783,0
49164,84626,34648,133790,83812,119274,0
70648,20918,75751,91566,146399,96669,1
67575,39297,53088,106872,120663,92385,1
58275,51551,74982,109826,133257,126533,1
6149,22415,7710,28564,13859,30125,0
32721,99923,9233,132644,41954,109156,0
94415,55243,54916,149658,149331,110159,1
42376,70707,97366,113083,139742,168073,1
49181,85277,79556,134458,128737,164833,1
80088,22570,12925,102658,93013,35495,0
52780,68682,26241,121462,79021,94923,1
66634,38299,33236,104933,99870,71535,1
7426,33127,8693,40553,16119,41820,0
92851,77765,62509,170616,155360,140274,1
52398,14140,61916,66538,114314,76056,1
68810,23354,22698,92164,91508,46052,0
75906,80892,31404,156798,107310,112296,1
19935,36776,90035,56711,109970,126811,0
5504,36236,80220,41740,85724,116456,0
7986,98046,2392,106032,10378,100438,0
34539,31919,14094,66458,48633,46013,1
7658,39625,81985,47283,89643,121610,0
59004,76676,78270,135680,137274,154946,1
95806,51216,78849,147022,174655,130065,1
19679,62227,30850,81906,50529,93077,0
42671,91654,94676,134325,137347,186330,1
48058,68238,2663,116296,50721,70901,0
79062,77689,18969,156751,98031,96658,1
52598,4223,55900,56821,108498,60123,1
98590,69113,31551,167703,130141,100664,1
42014,62510,75975,104524,117989,138485,1
95659,56998,82367,152657,178026,139365,1
84122,44267,75854,128389,159976,120121,1
14170,62616,6769,76786,20939,69385,0
33484,52771,25055,86255,58539,77826,1
15540,79882,75420,95422,90960,155302,1
95919,88069,17363,183988,113282,105432,1
27187,84895,13174,112082,40361,98069,0
90772,28118,25224,118890,115996,53342,0
44428,84696,53471,129124,97899,138167,1
37308,7530,97687,44838,134995,105217,0
34352,44709,86412,79061,120764,131121,0
56077,71838,22955,127915,79032,94793,1
40700,36250,55398,76950,96098,91648,1
12165,81120,79011,93285,91176,160131,1
68853,30819,62018,99672,130871,92837,1
22362,99359,30530,121721,52892,129889,0
43324,51313,39443,94637,82767,90756,1
69335,36693,6101,106028,75436,42794,0
29494,58770,90969,88264,120463,149739,0
91229,60848,92880,152077,184109,153728,1
53817,69645,31063,123462,84880,100708,1
52120,70446,33574,122566,85694,104020,1
24388,22967,82380,47355,106768,105347,0
65335,37741,75679,103076,141014,113420,1
15676,43072,76231,58748,91907,119303,0
96179,75122,34003,171301,130182,109125,1
71408,88026,17139,159434,88547,105165,1
62204,51144,62894,113348,125098,114038,1
34298,17593,95982,51891,130280,113575,0
80347,21013,75445,101360,155792,96458,1
40309,73059,16422,113368,56731,89481,0
37585,79648,27374,117233,64959,107022,0
78785,32942,40015,111727,118800,72957,0
3442,9795,87545,13237,90987,97340,0
92197,82802,2753,174999,94950,85555,0
13680,55707,93284,69387,106964,148991,0
6404,73857,77747,80261,84151,151604,1
48984,31295,96428,80279,145412,127723,0
22949,60618,91021,83567,113970,151639,0
21274,93789,60427,115063,81701,154216,0
75190,46094,60126,121284,135316,106220,1
74453,78859,32537,153312,106990,111396,1
18579,99056,26964,117635,45543,126020,0
87750,84080,39787,171830,127537,123867,1
53203,88945,99922,142148,153125,188867,1
86000,96391,4637,182391,90637,101028,0
84725,19463,44643,104188,129368,64106,0
60253,59451,95852,119704,156105,155303,1
35879,50109,27847,85988,63726,77956,1
84901,45365,24313,130266,109214,69678,0
22691,6786,16822,29477,39513,23608,1
33051,71930,35177,104981,68228,107107,0
89395,19905,82171,109300,171566,102076,1
95787,54200,96869,149987,192656,151069,1
74841,31609,15529,106450,90370,47138,0
53111,74053,87079,127164,140190,161132,1
58964,68177,2353,127141,61317,70530,0
77532,16853,15310,94385,92842,32163,0
50364,65910,69566,116274,119930,135476,1
95359,54549,61879,149908,157238,116428,1
8185,10561,35288,18746,43473,45849,0
54866,74279,9293,129145,64159,83572,0
80444,14809,94782,95253,175226,109591,1
57125,64184,3418,121309,60543,67602,0
52671,17476,13555,70147,66226,31031,0
6303,78923,62977,85226,69280,141900,0
21689,12713,16569,34402,38258,29282,1
5178,1973,62455,7151,67633,64428,0
70450,19551,7901,90001,78351,27452,0
18313,65707,50549,84020,68862,116256,1
91870,2717,20339,94587,112209,23056,0
20068,17609,4262,37677,24330,21871,1
32440,28285,80399,60725,112839,108684,0
37405,5486,82115,42891,119520,87601,0
49600,74848,49800,124448,99400,124648,1
87974,74489,80581,162463,168555,155070,1
75458,4371,65227,79829,140685,69598,0
84811,41996,13116,126807,97927,55112,0
24101,24477,49714,48578,73815,74191,0
24094,61915,23761,86009,47855,85676,0
54745,27051,14433,81796,69178,41484,0
23340,6413,11286,29753,34626,17699,0
36719,94808,84598,131527,121317,179406,1
41337,25282,6587,66619,47924,31869,0
91176,76443,37029,167619,128205,113472,1
10731,6811,2116,17542,12847,8927,0
19820,32502,30358,52322,50178,62860,1
54224,90035,12787,144259,67011,102822,0
67898,81934,62734,149832,130632,144668,1
76442,71561,72102,148003,148544,143663,1
38184,16669,91358,54853,129542,108027,0
32956,3535,91410,36491,124366,94945,0
98769,68174,43043,166943,141812,111217,1
19197,93943,32068,113140,51265,126011,0
23276,20719,67929,43995,91205,88648,0
10852,35191,88826,46043,99678,124017,0
40909,29660,70116,70569,111025,99776,1
56766,41895,51616,98661,108382,93511,1
26586,99365,55524,125951,82110,154889,0
87027,20309,12490,107336,99517,32799,0
66961,21275,48310,88236,115271,69585,1
74789,73898,94673,148687,169462,168571,1
61685,28579,30673,90264,92358,59252,0
88799,78216,41550,167015,130349,119766,1
19150,33107,75290,52257,94440,108397,0
53315,23280,62533,76595,115848,85813,1
20887,4268,28442,25155,49329,32710,0
80956,41108,96508,122064,177464,137616,1
67192,55433,62042,122625,129234,117475,1
54433,86905,8615,141338,63048,95520,0
24078,88911,17858,112989,41936,106769,0
308,80202,66622,80510,66930,146824,0
60242,48142,19296,108384,79538,67438,1
62858,63533,32188,126391,95046,95721,1
28551,78956,90609,107507,119160,169565,1
4095,59317,74907,63412,79002,134224,0
2021,86427,18248,88448,20269,104675,0
41352,57535,8942,98887,50294,66477,0
69305,76176,8118,145481,77423,84294,1
40254,97226,63628,137480,103882,160854,1
44744,38559,5169,83303,49913,43728,0
39076,24344,46864,63420,85940,71208,1
61568,19665,85576,81233,147144,105241,0
77608,64975,65921,142583,143529,130896,1
47330,61817,34594,109147,81924,96411,1
48213,71614,13750,119827,61963,85364,0
90242,44122,74145,134364,164387,118267,1
77176,46458,5749,123634,82925,52207,0
5602,77103,67399,82705,73001,144502,0
90786,71172,83052,161958,173838,154224,1
34263,32252,74370,66515,108633,106622,0
35583,95132,25349,130715,60932,120481,0
4750,68109,8574,72859,13324,76683,0
47087,3909,38519,50996,85606,42428,0
73700,52762,39248,126462,112948,92010,1
55431,56894,9444,112325,64875,66338,1
96816,68738,12955,165554,109771,81693,0
94887,61608,88615,156495,183502,150223,1
46920,41376,12027,88296,58947,53403,1
59978,3991,27698,63969,87676,31689,0
59663,90187,61441,149850,121104,151628,1
39525,55130,33736,94655,73261,88866,1
47817,60323,17751,108140,65568,78074,1
23337,94060,56996,117397,80333,151056,0
99453,70550,49249,170003,148702,119799,1
45476,74713,34167,120189,79643,108880,1
6327,90523,99673,96850,106000,190196,0
89466,92039,15760,181505,105226,107799,1
10473,24422,9261,34895,19734,33683,0
27303,79703,80167,107006,107470,159870,1
42212,67489,18418,109701,60630,85907,0
69866,96644,26293,166510,96159,122937,0
60227,53560,6847,113787,67074,60407,1
5750,6970,32834,12720,38584,39804,0
19965,52323,71926,72288,91891,124249,1
75837,73514,66630,149351,142467,140144,1
30977,163,16937,31140,47914,17100,0
3608,29154,90810,32762,94418,119964,0
82527,84816,27955,167343,110482,112771,1
84580,43737,54583,128317,139163,98320,1
62919,85511,66141,148430,129060,151652,1
60147,96587,70163,156734,130310,166750,1
64751,80952,93037,145703,157788,173989,1
51883,55165,93186,107048,145069,148351,1
21573,92169,89264,113742,110837,181433,1
31495,29034,28014,60529,59509,57048,1
54331,58742,18436,113073,72767,77178,1
73259,10450,86518,83709,159777,96968,0
95609,47592,53801,143201,149410,101393,1
8298,56262,48318,64560,56616,104580,1
70019,39485,48854,109504,118873,88339,1
3428,92642,46229,96070,49657,138871,0
64851,90942,45491,155793,110342,136433,1
60900,99654,39526,160554,100426,139180,1
77011,90934,72683,167945,149694,163617,1
24247,88753,80693,113000,104940,169446,1
79743,2991,91677,82734,171420,94668,0
18766,30882,61806,49648,80572,92688,0
23822,5140,74950,28962,98772,80090,0
37906,26678,91807,64584,129713,118485,0
23485,41311,8282,64796,31767,49593,0
54608,64777,722,119385,55330,65499,0
33721,31069,90162,64790,123883,121231,0
78071,90469,9162,168540,87233,99631,0
21418,77013,87893,98431,109311,164906,1
96933,29552,40220,126485,137153,69772,0
43234,61754,58162,104988,101396,119916,1
6123,87830,490,93953,6613,88320,0
67074,45606,78411,112680,145485,124017,1
66327,52214,24043,118541,90370,76257,1
70628,98051,3180,168679,73808,101231,0
43264,77416,50263,120680,93527,127679,1
84810,88317,92520,173127,177330,180837,1
87898,18300,94287,106198,182185,112587,1
77123,77883,41827,155006,118950,119710,1
15739,43853,89388,59592,105127,133241,0
55600,3065,41809,58665,97409,44874,0
81979,7630,81879,89609,163858,89509,1
47900,85090,74050,132990,121950,159140,1
34098,44691,65266,78789,99364,109957,1
25150,74027,10997,99177,36147,85024,0
88111,58999,10058,147110,98169,69057,0
4111,58246,40497,62357,44608,98743,0
12497,66841,86124,79338,98621,152965,0
99951,92340,70275,192291,170226,162615,1
26552,18489,53279,45041,79831,71768,0
95532,95924,41941,191456,137473,137865,1
2789,83242,43430,86031,46219,126672,0
62821,48277,54942,111098,117763,103219,1
61968,95509,79589,157477,141557,175098,1
15309,41524,92583,56833,107892,134107,0
47510,36589,28533,84099,76043,65122,1
47330,97063,28537,144393,75867,125600,0
83964,17459,19652,101423,103616,37111,0
89554,16227,79507,105781,169061,95734,1
12414,50856,28364,63270,40778,79220,0
33762,87161,20942,120923,54704,108103,0
60239,96920,68085,157159,128324,165005,1
33980,91008,47530,124988,81510,138538,0
29765,15621,76955,45386,106720,92576,0
35913,91211,11610,127124,47523,102821,0
99285,54718,34066,154003,133351,88784,0
78809,82675,92974,161484,171783,175649,1
34039,47921,77127,81960,111166,125048,1
45820,63345,61854,109165,107674,125199,1
66585,93721,55027,160306,121612,148748,1
53157,37914,31953,91071,85110,69867,1
44986,91775,12445,136761,57431,104220,0
47746,46511,94304,94257,142050,140815,0
32780,90916,82759,123696,115539,173675,1
66935,58096,72721,125031,139656,130817,1
67630,82432,13369,150062,80999,95801,0
37398,73035,48292,110433,85690,121327,1
1245,87325,33708,88570,34953,121033,0
64851,36941,33064,101792,97915,70005,1
61210,53762,21559,114972,82769,75321,1
5054,13607,51986,18661,57040,65593,0
44047,2384,8911,46431,52958,11295,0
63252,43483,37236,106735,100488,80719,1
22354,45102,43304,67456,65658,88406,1
86236,564,58240,86800,144476,58804,0
39381,80179,41090,119560,80471,121269,1
51917,28866,28927,80783,80844,57793,1
88584,57618,48608,146202,137192,106226,1
36751,49055,30332,85806,67083,79387,1
84951,53406,64663,138357,149614,118069,1
354,40010,95969,40364,96323,135979,0
29918,81352,40879,111270,70797,122231,0
16157,19617,94876,35774,111033,114493,0
6579,46334,66269,52913,72848,112603,0
60686,97560,17953,158246,78639,115513,0
60425,10188,96922,70613,157347,107110,0
33855,23397,53604,57252,87459,77001,1
80640,92882,9478,173522,90118,102360,0
22933,78016,77457,100949,100390,155473,1
12818,60627,83323,73445,96141,143950,0
489,64898,78474,65387,78963,143372,0
66723,79532,71573,146255,138296,151105,1
71178,5003,52635,76181,123813,57638,0
80439,81285,4259,161724,84698,85544,1
81137,58214,64423,139351,145560,122637,1
25241,80826,51130,106067,76371,131956,0
39076,51441,25902,90517,64978,77343,1
34907,46843,18068,81750,52975,64911,1
27438,48204,72071,75642,99509,120275,1
79467,73607,19953,153074,99420,93560,1
97791,77912,30477,175703,128268,108389,1
4993,24300,61027,29293,66020,85327,0
78367,98051,67550,176418,145917,165601,1
55250,87625,23270,142875,78520,110895,0
90177,18048,78100,108225,168277,96148,1
7135,7850,36788,14985,43923,44638,0
66785,5563,32006,72348,98791,37569,0
61211,91917,47519,153128,108730,139436,1
98052,14360,4708,112412,102760,19068,0
40880,58474,80732,99354,121612,139206,1
24781,99107,89103,123888,113884,188210,1
65190,15852,46515,81042,111705,62367,0
87964,21183,82981,109147,170945,104164,1
54164,91815,71675,145979,125839,163490,1
83125,66894,51417,150019,134542,118311,1
10171,99755,11040,109926,21211,110795,0
77239,36551,8446,113790,85685,44997,0
15668,50648,43966,66316,59634,94614,1
24987,53068,35175,78055,60162,88243,1
23165,36664,29134,59829,52299,65798,1
14824,99763,81606,114587,96430,181369,0
48741,72487,70556,121228,119297,143043,1
7516,20991,19598,28507,27114,40589,1
1626,37271,11122,38897,12748,48393,0
9967,91233,29405,101200,39372,120638,0
79491,73191,29858,152682,109349,103049,1
99230,78087,25690,177317,124920,103777,1
82367,42565,91651,124932,174018,134216,1
36698,64891,33133,101589,69831,98024,1
43375,9841,73389,53216,116764,83230,0
70939,42730,40871,113669,111810,83601,1
76007,68037,24480,144044,100487,92517,1
53493,36210,38524,89703,92017,74734,1
77417,19442,71162,96859,148579,90604,1
78410,95565,9127,173975,87537,104692,0
16727,28623,42666,45350,59393,71289,1
97209,13611,32381,110820,129590,45992,0
89086,48443,90079,137529,179165,138522,1
74765,49132,47300,123897,122065,96432,1
3281,39709,9072,42990,12353,48781,0
8345,61558,8809,69903,17154,70367,0
87983,55078,40210,143061,128193,95288,1
86846,15329,78304,102175,165150,93633,1
21472,15839,67319,37311,88791,83158,0
99613,97919,51129,197532,150742,149048,1
18711,31203,40181,49914,58892,71384,1
55199,41658,92320,96857,147519,133978,1
90119,41686,42173,131805,132292,83859,0
84373,68950,90622,153323,174995,159572,1
17560,8961,5411,26521,22971,14372,0
55190,59725,73731,114915,128921,133456,1
52045,49380,50823,101425,102868,100203,1
34777,68344,29105,103121,63882,97449,0
1793,74174,16595,75967,18388,90769,0
64032,12351,60855,76383,124887,73206,1
22524,34027,17095,56551,39619,51122,1
49387,53220,94834,102607,144221,148054,1
19702,45658,53218,65360,72920,98876,1
98542,92419,36234,190961,134776,128653,1
4546,58822,83416,63368,87962,142238,0
10707,11192,68903,21899,79610,80095,0
34694,74521,67132,109215,101826,141653,1
5304,14000,78466,19304,83770,92466,0
21205,92262,69370,113467,90575,161632,0
83926,11771,79944,95697,163870,91715,1
40518,74572,3232,115090,43750,77804,0
49146,65517,86630,114663,135776,152147,1
27915,92376,5608,120291,33523,97984,0
22344,90974,44791,113318,67135,135765,0
49731,4552,97475,54283,147206,102027,0
71790,12331,81850,84121,153640,94181,1
72442,91287,13705,163729,86147,104992,0
97058,17412,50752,114470,147810,68164,0
81659,66595,15087,148254,96746,81682,1
79811,17018,21008,96829,100819,38026,0
62558,29038,28098,91596,90656,57136,0
64930,60878,3060,125808,67990,63938,0
44379,846,5162,45225,49541,6008,0
14848,43206,29084,58054,43932,72290,1
63910,75083,38769,138993,102679,113852,1
350,71326,98545,71676,98895,169871,0
72282,13712,19946,85994,92228,33658,0
42644,58763,70663,101407,113307,129426,1
3802,98751,53685,102553,57487,152436,0
57635,10064,73592,67699,131227,83656,0
48904,8217,90894,57121,139798,99111,0
84868,12515,17096,97383,101964,29611,0
18788,75348,49432,94136,68220,124780,0
80887,58007,37035,138894,117922,95042,1
68756,20690,58510,89446,127266,79200,1
15862,19839,26200,35701,42062,46039,1
86592,55244,77290,141836,163882,132534,1
93278,22961,26684,116239,119962,49645,0
81997,1633,10349,83630,92346,11982,0
33436,70215,70162,103651,103598,140377,1
65197,41182,86007,106379,151204,127189,1
49543,89813,67935,139356,117478,157748,1
66546,66319,87049,132865,153595,153368,1
21118,95193,99654,116311,120772,194847,1
7134,56053,44647,63187,51781,100700,0
3320,25719,18163,29039,21483,43882,0
52961,71115,34462,124076,87423,105577,1
21211,89533,16652,110744,37863,106185,0
99165,54405,7673,153570,106838,62078,0
43620,7466,81084,51086,124704,88550,0
14055,85702,75432,99757,89487,161134,1
10508,51117,3982,61625,14490,55099,0
88780,64637,78421,153417,167201,143058,1
67800,56623,99168,124423,166968,155791,1
79627,50621,45417,130248,125044,96038,1
15745,80718,78900,96463,94645,159618,1
62201,26208,12481,88409,74682,38689,0
53356,40350,44009,93706,97365,84359,1
24804,11418,51246,36222,76050,62664,0
92799,56489,95358,149288,188157,151847,1
89595,35292,9592,124887,99187,44884,0
35653,96295,71068,131948,106721,167363,1
92627,33527,1094,126154,93721,34621,0
84376,95709,97159,180085,181535,192868,1
97011,35284,36986,132295,133997,72270,0
79656,11232,3874,90888,83530,15106,0
31347,22381,35556,53728,66903,57937,1
89004,68216,46980,157220,135984,115196,1
86066,24141,88911,110207,174977,113052,1
97990,54434,98059,152424,196049,152493,1
14360,4648,52841,19008,67201,57489,0
52267,27194,30181,79461,82448,57375,1
259,93583,29868,93842,30127,123451,0
10190,81908,88368,92098,98558,170276,1
18407,31680,48378,50087,66785,80058,1
9108,71507,27581,80615,36689,99088,0
89088,1435,45385,90523,134473,46820,0
98652,78668,30761,177320,129413,109429,1
24533,420,34284,24953,58817,34704,0
16483,11125,11817,27608,28300,22942,1
85642,95469,97796,181111,183438,193265,1
7343,85317,86506,92660,93849,171823,1
99264,88356,4830,187620,104094,93186,0
5036,47428,91344,52464,96380,138772,0
77734,94971,1994,172705,79728,96965,0
85381,13292,83257,98673,168638,96549,1
91753,14481,75211,106234,166964,89692,0
29133,77401,85024,106534,114157,162425,1
9885,98305,45961,108190,55846,144266,0
50957,85005,23057,135962,74014,108062,0
15623,9862,69265,25485,84888,79127,0
18296,1948,21286,20244,39582,23234,0
55162,48087,83727,103249,138889,131814,1
86734,50802,41855,137536,128589,92657,1
12723,75538,85102,88261,97825,160640,1
52920,56211,18528,109131,71448,74739,1
52211,11552,79993,63763,132204,91545,0
66012,27045,33919,93057,99931,60964,0
32450,77441,1052,109891,33502,78493,0
13611,71003,65508,84614,79119,136511,1
61206,55228,73086,116434,134292,128314,1
98241,32213,44486,130454,142727,76699,0
80325,56471,19143,136796,99468,75614,0
62089,76416,6638,138505,68727,83054,0
93655,59295,61825,152950,155480,121120,1
92780,87347,56970,180127,149750,144317,1
12248,7584,77735,19832,89983,85319,0
75131,70320,87547,145451,162678,157867,1
62740,14953,79826,77693,142566,94779,0
10462,8853,53020,19315,63482,61873,0
1898,49115,6117,51013,8015,55232,0
493,39113,50037,39606,50530,89150,0
86879,1505,43944,88384,130823,45449,0
47586,46168,35012,93754,82598,81180,1
61013,24358,78175,85371,139188,102533,1
54325,26070,61532,80395,115857,87602,1
40166,93052,98908,133218,139074,191960,1
56292,83018,43964,139310,100256,126982,1
42700,18761,96220,61461,138920,114981,0
26384,49080,56000,75464,82384,105080,1
14788,60391,38664,75179,53452,99055,0
91913,5538,28246,97451,120159,33784,0
94228,1559,75721,95787,169949,77280,0
28996,88695,71139,117691,100135,159834,1
74434,53698,54925,128132,129359,108623,1
95152,67209,70298,162361,165450,137507,1
96530,32185,77124,128715,173654,109309,1
78002,4770,92524,82772,170526,97294,0
7168,18282,92660,25450,99828,110942,0
18042,82558,727,100600,18769,83285,0
44448,72480,54047,116928,98495,126527,1
85598,47462,96140,133060,181738,143602,1
77580,37128,43556,114708,121136,80684,1
5186,2186,66285,7372,71471,68471,0
83781,65474,70572,149255,154353,136046,1
13182,13276,44025,26458,57207,57301,0
49387,28048,66577,77435,115964,94625,1
47803,68192,41184,115995,88987,109376,1
29075,7410,2880,36485,31955,10290,0
61102,13780,41449,74882,102551,55229,0
47721,48323,53106,96044,100827,101429,1
78732,86558,45097,165290,123829,131655,1
88599,38992,89560,127591,178159,128552,1
459,33176,76787,33635,77246,109963,0
94596,28611,15344,123207,109940,43955,0
81525,50036,1739,131561,83264,51775,0
78617,76062,22469,154679,101086,98531,1
82563,82694,90628,165257,173191,173322,1
76496,80356,84350,156852,160846,164706,1
33167,64018,10974,97185,44141,74992,0
17539,52927,21972,70466,39511,74899,0
81678,26945,82207,108623,163885,109152,1
38146,28099,27056,66245,65202,55155,1
23811,80316,77668,104127,101479,157984,1
72462,12170,48112,84632,120574,60282,0
21534,59943,37781,81477,59315,97724,0
27427,57319,2443,84746,29870,59762,0
11797,32423,63021,44220,74818,95444,0
24588,333,47949,24921,72537,48282,0
55197,5778,35977,60975,91174,41755,0
15937,21914,82053,37851,97990,103967,0
92395,65901,53617,158296,146012,119518,1
72139,33373,99569,105512,171708,132942,1
50586,6874,49789,57460,100375,56663,1
95592,9033,3072,104625,98664,12105,0
17763,21487,46667,39250,64430,68154,0
72048,16599,66703,88647,138751,83302,1
56623,59594,89834,116217,146457,149428,1
45588,97853,3844,143441,49432,101697,0
18240,86602,1956,104842,20196,88558,0
23324,96845,90018,120169,113342,186863,1
61083,64479,77286,125562,138369,141765,1
16607,84441,20568,101048,37175,105009,0
80829,97183,65876,178012,146705,163059,1
76721,5641,35089,82362,111810,40730,0
23869,21727,10029,45596,33898,31756,1
57019,44382,81587,101401,138606,125969,1
98764,70573,24659,169337,123423,95232,0
82872,44508,37699,127380,120571,82207,0
11386,35487,95970,46873,107356,131457,0
65984,59718,67281,125702,133265,126999,1
96884,99539,161,196423,97045,99700,0
58724,99238,46399,157962,105123,145637,1
72551,46232,62856,118783,135407,109088,1
21945,51566,77536,73511,99481,129102,0
28270,48080,81557,76350,109827,129637,0
97609,96347,85979,193956,183588,182326,1
33000,15385,45858,48385,78858,61243,1
49799,26157,1165,75956,50964,27322,0
78889,9450,99121,88339,178010,108571,0
89533,50352,82150,139885,171683,132502,1
71732,1196,24840,72928,96572,26036,0
14807,98956,39808,113763,54615,138764,0
11752,41925,53230,53677,64982,95155,1
35453,23891,80382,59344,115835,104273,0
13247,96683,80634,109930,93881,177317,0
46647,52169,89360,98816,136007,141529,1
93612,26709,98028,120321,191640,124737,1
63094,79544,85602,142638,148696,165146,1
87853,33633,27626,121486,115479,61259,0
76968,47640,59864,124608,136832,107504,1
30762,89329,28219,120091,58981,117548,0
40634,76437,35611,117071,76245,112048,0
32076,66006,12467,98082,44543,78473,0
36693,89067,8925,125760,45618,97992,0
28279,23324,91771,51603,120050,115095,0
10231,36857,86933,47088,97164,123790,0
892,59540,16460,60432,17352,76000,0
29817,54091,77630,83908,107447,131721,1
51926,39941,36732,91867,88658,76673,1
91275,4357,5850,95632,97125,10207,0
46118,34391,90109,80509,136227,124500,0
57560,95854,22876,153414,80436,118730,0
10467,40563,58846,51030,69313,99409,0
47559,91169,79188,138728,126747,170357,1
53841,89700,90502,143541,144343,180202,1
79701,43886,63281,123587,142982,107167,1
40236,70202,24828,110438,65064,95030,0
43111,70939,94736,114050,137847,165675,1
12529,69471,20887,82000,33416,90358,0
29087,46333,47355,75420,76442,93688,1
19583,50019,23480,69602,43063,73499,0
86050,33765,32484,119815,118534,66249,0
92077,56039,73060,148116,165137,129099,1
28430,9269,90675,37699,119105,99944,0
68514,48201,31390,116715,99904,79591,1
24990,60857,47150,85847,72140,108007,1
78156,77059,80547,155215,158703,157606,1
57333,58468,89820,115801,147153,148288,1
16150,83858,56551,100008,72701,140409,0
27738,85516,19543,113254,47281,105059,0
85211,90337,84782,175548,169993,175119,1
84304,53823,62460,138127,146764,116283,1
25163,51467,43259,76630,68422,94726,1
27470,36353,76323,63823,103793,112676,0
7836,56379,3033,64215,10869,59412,0
94807,72826,52122,167633,146929,124948,1
49493,4276,90529,53769,140022,94805,0
78915,38223,78042,117138,156957,116265,1
85971,53103,3299,139074,89270,56402,0
89445,41512,31401,130957,120846,72913,0
29155,5188,69226,34343,98381,74414,0
79227,55489,35611,134716,114838,91100,1
19187,90739,95420,109926,114607,186159,1
61449,6120,45857,67569,107306,51977,0
64713,52551,67213,117264,131926,119764,1
42985,98211,30362,141196,73347,128573,0
10707,87435,13816,98142,24523,101251,0
56787,13294,39303,70081,96090,52597,0
32032,43979,52324,76011,84356,96303,1
48480,79052,51706,127532,100186,130758,1
91203,73694,73803,164897,165006,147497,1
65637,40439,52967,106076,118604,93406,1
58111,86574,5059,144685,63170,91633,0
32940,14931,62861,47871,95801,77792,0
14873,96386,81055,111259,95928,177441,0
76895,39605,71482,116500,148377,111087,1
19128,43382,49446,62510,68574,92828,1
41624,47025,81598,88649,123222,128623,1
49755,17351,64621,67106,114376,81972,1
90614,15931,85119,106545,175733,101050,1
48058,21309,29482,69367,77540,50791,1
58858,89961,46865,148819,105723,136826,1
77942,97733,94961,175675,172903,192694,1
63435,59344,86716,122779,150151,146060,1
36624,95284,20694,131908,57318,115978,0
26310,61481,95003,87791,121313,156484,0
36405,98988,85406,135393,121811,184394,1
79281,46779,32976,126060,112257,79755,1
79735,97943,11305,177678,91040,109248,0
81446,12485,27789,93931,109235,40274,0
43685,71053,69356,114738,113041,140409,1
28196,96706,52085,124902,80281,148791,0
12083,70626,93067,82709,105150,163693,0
54563,32708,39113,87271,93676,71821,1
69586,19104,26186,88690,95772,45290,0
65860,86038,73299,151898,139159,159337,1
19387,6168,35897,25555,55284,42065,0
75507,19019,99230,94526,174737,118249,0
84719,83155,2277,167874,86996,85432,1
8727,63707,34864,72434,43591,98571,0
51686,73051,42739,124737,94425,115790,1
36619,41755,61794,78374,98413,103549,1
69530,32313,48758,101843,118288,81071,1
57043,89907,79527,146950,136570,169434,1
70961,89763,51825,160724,122786,141588,1
13560,67741,9985,81301,23545,77726,0
37583,62885,45521,100468,83104,108406,1
41782,73998,89948,115780,131730,163946,1
33414,60120,68441,93534,101855,128561,1
90259,48923,86873,139182,177132,135796,1
19639,15477,24549,35116,44188,40026,1
55609,1474,89293,57083,144902,90767,0
33742,69123,50284,102865,84026,119407,1
64194,17258,15307,81452,79501,32565,0
98762,78005,56300,176767,155062,134305,1
52566,7715,66680,60281,119246,74395,0
13109,36165,89239,49274,102348,125404,0
96452,38124,9297,134576,105749,47421,0
89588,14482,94929,104070,184517,109411,1
94211,63165,97120,157376,191331,160285,1
51199,28770,99348,79969,150547,128118,0
69683,48901,87521,118584,157204,136422,1
99965,82231,72167,182196,172132,154398,1
7288,11383,68727,18671,76015,80110,0
23652,70937,28599,94589,52251,99536,0
25304,1177,30990,26481,56294,32167,0
96584,83906,34293,180490,130877,118199,1
43740,42793,40359,86533,84099,83152,1
10467,16479,14578,26946,25045,31057,1
96070,74796,79533,170866,175603,154329,1
94433,17011,43936,111444,138369,60947,0
27025,41968,72094,68993,99119,114062,0
64642,87007,91823,151649,156465,178830,1
18516,3366,62633,21882,81149,65999,0
3980,21143,3465,25123,7445,24608,0
79107,9495,19148,88602,98255,28643,0
66956,63824,23856,130780,90812,87680,1
81279,45746,56179,127025,137458,101925,1
55406,69193,89559,124599,144965,158752,1
46377,10274,2290,56651,48667,12564,0
71057,6579,3966,77636,75023,10545,0
25077,26164,73477,51241,98554,99641,0
83674,34291,7466,117965,91140,41757,0
66944,62095,93956,129039,160900,156051,1
16077,90336,83947,106413,100024,174283,1
55708,82249,79835,137957,135543,162084,1
99832,65265,13701,165097,113533,78966,0
71350,17983,45794,89333,117144,63777,0
13124,37072,74569,50196,87693,111641,0
12874,43215,89665,56089,102539,132880,0
48477,80988,37033,129465,85510,118021,1
66215,62262,4268,128477,70483,66530,1
73326,8112,33265,81438,106591,41377,0
85344,99754,26432,185098,111776,126186,1
69991,27465,43313,97456,113304,70778,1
1746,39236,1273,40982,3019,40509,0
50754,86037,24622,136791,75376,110659,0
17717,9931,25431,27648,43148,35362,1
64697,98375,2052,163072,66749,100427,0
88042,72663,86061,160705,174103,158724,1
42780,28947,28139,71727,70919,57086,1
4659,84480,8163,89139,12822,92643,0
40365,25042,4845,65407,45210,29887,0
17920,77997,42235,95917,60155,120232,0
80702,97141,80974,177843,161676,178115,1
71025,22133,69053,93158,140078,91186,1
22628,34931,95769,57559,118397,130700,0
78386,89496,11620,167882,90006,101116,1
92038,9303,12665,101341,104703,21968,0
41761,23834,49059,65595,90820,72893,1
89254,41504,90299,130758,179553,131803,1
40050,63329,65741,103379,105791,129070,1
25057,73098,30313,98155,55370,103411,0
55503,6269,55524,61772,111027,61793,1
78151,55150,87854,133301,166005,143004,1
52667,87853,49607,140520,102274,137460,1
77052,4848,13887,81900,90939,18735,0
47293,34614,42603,81907,89896,77217,1
63826,54636,50848,118462,114674,105484,1
94181,69561,55941,163742,150122,125502,1
79463,37384,12963,116847,92426,50347,0
14759,70420,44766,85179,59525,115186,0
7976,60446,29259,68422,37235,89705,0
21274,16056,78284,37330,99558,94340,0
75483,20079,60956,95562,136439,81035,1
86068,54158,44384,140226,130452,98542,1
20898,16391,11097,37289,31995,27488,1
94179,54237,11811,148416,105990,66048,0
34290,4523,96907,38813,131197,101430,0
44435,24215,38246,68650,82681,62461,1
96376,22131,10742,118507,107118,32873,0
20573,90597,23079,111170,43652,113676,0
16803,50960,99038,67763,115841,149998,0
79936,52001,92431,131937,172367,144432,1
3420,88766,81556,92186,84976,170322,0
33796,84537,67221,118333,101017,151758,1
45385,15475,14121,60860,59506,29596,0
88232,60125,59472,148357,147704,119597,1
86540,64829,9672,151369,96212,74501,0
74307,60308,93302,134615,167609,153610,1
75899,99489,16097,175388,91996,115586,0
44518,68359,14607,112877,59125,82966,0
65809,15808,54211,81617,120020,70019,1
9704,17651,966,27355,10670,18617,0
95304,28750,33040,124054,128344,61790,0
64765,38011,6982,102776,71747,44993,0
80252,18265,87190,98517,167442,105455,1
74929,59729,84508,134658,159437,144237,1
90132,69260,1857,159392,91989,71117,0
79355,58312,99102,137667,178457,157414,1
24714,18836,32676,43550,57390,51512,1
23655,70263,27425,93918,51080,97688,0
7134,39110,38866,46244,46000,77976,1
3467,47509,47710,50976,51177,95219,1
19406,89518,15365,108924,34771,104883,0
89593,29238,3402,118831,92995,32640,0
61168,25402,24503,86570,85671,49905,0
6793,82363,18005,89156,24798,100368,0
39851,33522,96851,73373,136702,130373,0
79299,17273,55372,96572,134671,72645,0
941,38815,12311,39756,13252,51126,0
18210,80307,70335,98517,88545,150642,1
74141,92947,84143,167088,158284,177090,1
32677,97223,71558,129900,104235,168781,1
96006,634,63060,96640,159066,63694,0
99505,96567,73155,196072,172660,169722,1
26313,71661,42309,97974,68622,113970,0
26593,2446,88711,29039,115304,91157,0
26617,81428,3668,108045,30285,85096,0
76274,86659,19353,162933,95627,106012,1
30906,78155,55094,109061,86000,133249,1
66060,90654,12816,156714,78876,103470,0
89650,67872,34552,157522,124202,102424,1
71801,10775,52494,82576,124295,63269,0
49787,56298,84247,106085,134034,140545,1
71558,22512,7965,94070,79523,30477,0
38160,31763,12207,69923,50367,43970,1
71557,65736,8661,137293,80218,74397,1
64445,70733,21994,135178,86439,92727,1
45409,5470,65488,50879,110897,70958,0
22815,48999,28785,71814,51600,77784,1
96440,6176,95370,102616,191810,101546,1
22674,49586,50728,72260,73402,100314,1
83878,14806,77466,98684,161344,92272,1
85452,47296,25469,132748,110921,72765,0
79367,18465,10726,97832,90093,29191,0
46094,77759,23952,123853,70046,101711,0
12882,85591,75682,98473,88564,161273,1
66171,69920,98199,136091,164370,168119,1
58113,58349,42142,116462,100255,100491,1
45187,86269,85788,131456,130975,172057,1
61540,36939,56269,98479,117809,93208,1
70889,43464,33745,114353,104634,77209,1
50483,31355,54873,81838,105356,86228,1
75017,156,35779,75173,110796,35935,0
2772,91952,64595,94724,67367,156547,0
75827,82394,64490,158221,140317,146884,1
56353,40283,39322,96636,95675,79605,1
40828,14190,58410,55018,99238,72600,0
73758,78823,79360,152581,153118,158183,1
66782,30375,25823,97157,92605,56198,0
86949,93960,1062,180909,88011,95022,0
3701,73127,13197,76828,16898,86324,0
29942,77166,36265,107108,66207,113431,0
41229,3779,5578,45008,46807,9357,0
54968,79190,69779,134158,124747,148969,1
34988,3334,26829,38322,61817,30163,0
43045,75851,22249,118896,65294,98100,0
80176,64620,42199,144796,122375,106819,1
83501,25801,52586,109302,136087,78387,0
57436,23803,31695,81239,89131,55498,0
63680,63306,16367,126986,80047,79673,1
97295,41294,96690,138589,193985,137984,1
81354,40832,69135,122186,150489,109967,1
46799,16534,62075,63333,108874,78609,1
18256,75919,12699,94175,30955,88618,0
28017,21949,75726,49966,103743,97675,0
91626,32297,6164,123923,97790,38461,0
86077,33743,34653,119820,120730,68396,0
47858,85269,99645,133127,147503,184914,1
6035,97176,76538,103211,82573,173714,0
27483,3262,49665,30745,77148,52927,0
34796,65479,77220,100275,112016,142699,1
77534,2035,76982,79569,154516,79017,1
8363,42678,56903,51041,65266,99581,0
46177,46541,62583,92718,108760,109124,1
36685,17191,7960,53876,44645,25151,0
43976,55344,71649,99320,115625,126993,1
43925,14140,66683,58065,110608,80823,0
44143,86267,17289,130410,61432,103556,0
87676,24321,5510,111997,93186,29831,0
50565,32952,79541,83517,130106,112493,1
10025,29077,51850,39102,61875,80927,0
3537,67189,12549,70726,16086,79738,0
73892,25958,19225,99850,93117,45183,0
78583,41846,36797,120429,115380,78643,1
41620,10970,48794,52590,90414,59764,1
10960,80413,13228,91373,24188,93641,0
85815,83614,31888,169429,117703,115502,1
25385,56695,46870,82080,72255,103565,1
10952,53749,84712,64701,95664,138461,0
10152,21446,31894,31598,42046,53340,0
48078,87035,76295,135113,124373,163330,1
47356,1120,34681,48476,82037,35801,0
13739,4957,50262,18696,64001,55219,0
95131,54484,75515,149615,170646,129999,1
55892,65411,96454,121303,152346,161865,1
33329,51789,2592,85118,35921,54381,0
80463,13843,67617,94306,148080,81460,1
32196,59014,68841,91210,101037,127855,1
17779,35232,97783,53011,115562,133015,0
26786,77987,56860,104773,83646,134847,1
28986,97200,79237,126186,108223,176437,1
2374,67947,6387,70321,8761,74334,0
69631,89524,99904,159155,169535,189428,1
12940,78941,40070,91881,53010,119011,0
80574,15745,29872,96319,110446,45617,0
22169,26440,62305,48609,84474,88745,0
49174,91306,38412,140480,87586,129718,0
59695,80327,83813,140022,143508,164140,1
39857,85555,5008,125412,44865,90563,0
2020,67053,88089,69073,90109,155142,0
96858,16591,579,113449,97437,17170,0
7257,89343,23549,96600,30806,112892,0
3227,11744,63876,14971,67103,75620,0
16283,17825,58540,34108,74823,76365,0
87117,52447,22520,139564,109637,74967,0
38017,90428,59272,128445,97289,149700,1
58675,90931,78593,149606,137268,169524,1
31497,34531,59602,66028,91099,94133,1
56540,6157,31410,62697,87950,37567,0
3068,74093,87173,77161,90241,161266,0
47838,77869,20769,125707,68607,98638,0
53438,47702,49798,101140,103236,97500,1
32509,89496,61648,122005,94157,151144,1
34259,21652,68013,55911,102272,89665,0
83772,99855,7847,183627,91619,107702,0
876,4839,97316,5715,98192,102155,0
30610,46604,92074,77214,122684,138678,0
86428,43436,23851,129864,110279,67287,0
46594,92971,89377,139565,135971,182348,1
19814,1340,75521,21154,95335,76861,0
80471,56797,53828,137268,134299,110625,1
55280,73072,31589,128352,86869,104661,1
12623,77819,36848,90442,49471,114667,0
63623,54392,35490,118015,99113,89882,1
15896,53406,17144,69302,33040,70550,0
44902,36282,17823,81184,62725,54105,1
12406,33370,66560,45776,78966,99930,0
61425,22951,90867,84376,152292,113818,0
97903,89523,68010,187426,165913,157533,1
72056,82636,12261,154692,84317,94897,1
20280,73101,49653,93381,69933,122754,0
1896,54031,29643,55927,31539,83674,0
99731,56769,98418,156500,198149,155187,1
6277,25578,33777,31855,40054,59355,0
83733,90850,93135,174583,176868,183985,1
21286,41067,78010,62353,99296,119077,0
56190,11855,75400,68045,131590,87255,0
41942,64383,80434,106325,122376,144817,1
1343,13568,55341,14911,56684,68909,0
6506,10573,40325,17079,46831,50898,0
58559,14386,3394,72945,61953,17780,0
90101,3730,5933,93831,96034,9663,0
82691,45819,3643,128510,86334,49462,0
27499,84794,73415,112293,100914,158209,1
49097,98321,30650,147418,79747,128971,0
57281,67312,7991,124593,65272,75303,0
40922,97381,72905,138303,113827,170286,1
85653,60215,12712,145868,98365,72927,0
51717,87229,71177,138946,122894,158406,1
37695,34523,64060,72218,101755,98583,1
14373,31962,47506,46335,61879,79468,0
44285,30231,24452,74516,68737,54683,1
37890,87982,91191,125872,129081,179173,1
54415,6000,49979,60415,104394,55979,1
69858,43018,50016,112876,119874,93034,1
30572,51127,54847,81699,85419,105974,1
54622,65032,15030,119654,69652,80062,1
88134,62494,99859,150628,187993,162353,1
70001,89602,84401,159603,154402,174003,1
29409,54431,80906,83840,110315,135337,1
21317,61794,87840,83111,109157,149634,0
4134,58340,49505,62474,53639,107845,0
25281,37371,92542,62652,117823,129913,0
2893,21391,84953,24284,87846,106344,0
41124,50927,62669,92051,103793,113596,1
48598,42419,30072,91017,78670,72491,1
70006,53134,7489,123140,77495,60623,0
19251,73164,88639,92415,107890,161803,1
11062,84749,4630,95811,15692,89379,0
44273,74615,99598,118888,143871,174213,1
23074,71677,76933,94751,100007,148610,1
81037,48644,62868,129681,143905,111512,1
31326,39609,60101,70935,91427,99710,1
23177,73917,3203,97094,26380,77120,0
86469,65361,35539,151830,122008,100900,1
84796,97841,36611,182637,121407,134452,1
10786,77647,35137,88433,45923,112784,0
92547,18622,8366,111169,100913,26988,0
86561,86526,37119,173087,123680,123645,1
27423,46637,55487,74060,82910,102124,1
48044,25958,67444,74002,115488,93402,1
34988,50046,55784,85034,90772,105830,1
92403,29638,74001,122041,166404,103639,1
71609,8031,86380,79640,157989,94411,0
91142,78623,54836,169765,145978,133459,1
24909,77006,24206,101915,49115,101212,0
42579,54602,50374,97181,92953,104976,1
8263,53750,38964,62013,47227,92714,0
24198,90618,12262,114816,36460,102880,0
95335,74886,8887,170221,104222,83773,0
23951,16040,91705,39991,115656,107745,0
1598,9511,94354,11109,95952,103865,0
19707,68716,67558,88423,87265,136274,1
56401,72404,61695,128805,118096,134099,1
50387,67610,60021,117997,110408,127631,1
92900,41642,56472,134542,149372,98114,1
26123,13046,7192,39169,33315,20238,0
89670,97096,10051,186766,99721,107147,1
60096,79869,31367,139965,91463,111236,1
32825,55496,79699,88321,112524,135195,1
20458,32176,87152,52634,107610,119328,0
23937,37238,82860,61175,106797,120098,0
94699,40338,73817,135037,168516,114155,1
77492,69107,88649,146599,166141,157756,1
88157,4788,81979,92945,170136,86767,0
80860,75498,11378,156358,92238,86876,1
50682,88105,66055,138787,116737,154160,1
50900,15464,53713,66364,104613,69177,1
97960,26478,13718,124438,111678,40196,0
19490,45181,98612,64671,118102,143793,0
68149,9899,83311,78048,151460,93210,0
12242,28438,96048,40680,108290,124486,0
50009,1331,96819,51340,146828,98150,0
46387,68257,51849,114644,98236,120106,1
97639,28019,33714,125658,131353,61733,0
27745,43744,25908,71489,53653,69652,1
20978,79048,5053,100026,26031,84101,0
43699,57835,94145,101534,137844,151980,1
10296,57494,9199,67790,19495,66693,0
87956,81378,95288,169334,183244,176666,1
71029,51181,42412,122210,113441,93593,1
79969,24453,31546,104422,111515,55999,0
69126,23533,23981,92659,93107,47514,0
51317,21358,56558,72675,107875,77916,1
31170,93468,10732,124638,41902,104200,0
46961,40438,89376,87399,136337,129814,0
81638,44221,5720,125859,87358,49941,0
58746,38495,59126,97241,117872,97621,1
10573,81016,77520,91589,88093,158536,1
46258,23094,82820,69352,129078,105914,0
63755,60717,72193,124472,135948,132910,1
15093,38485,90967,53578,106060,129452,0
87210,91136,53326,178346,140536,144462,1
31556,14653,43412,46209,74968,58065,1
29326,12460,15334,41786,44660,27794,0
42268,15779,36347,58047,78615,52126,1
8764,90124,18749,98888,27513,108873,0
16237,5982,14135,22219,30372,20117,1
28541,9905,99399,38446,127940,109304,0
80022,23579,11456,103601,91478,35035,0
81044,63228,59784,144272,140828,123012,1
18836,34269,88272,53105,107108,122541,0
72248,77586,50393,149834,122641,127979,1
19753,76705,44196,96458,63949,120901,0
45515,44119,82121,89634,127636,126240,1
97957,81497,19621,179454,117578,101118,1
46639,99105,79934,145744,126573,179039,1
664,37402,10088,38066,10752,47490,0
55075,87366,22144,142441,77219,109510,0
7852,66650,48955,74502,56807,115605,0
19677,61348,22372,81025,42049,83720,0
76370,99583,94502,175953,170872,194085,1
15372,27170,88426,42542,103798,115596,0
47686,84757,79352,132443,127038,164109,1
20862,39570,29374,60432,50236,68944,1
71041,17689,47615,88730,118656,65304,0
77021,38723,17273,115744,94294,55996,0
75714,78551,2972,154265,78686,81523,1
553,83100,23954,83653,24507,107054,0
37693,87893,34520,125586,72213,122413,0
9830,33081,43021,42911,52851,76102,0
44171,88984,6614,133155,50785,95598,0
44257,112,62866,44369,107123,62978,0
14933,75697,81448,90630,96381,157145,1
4271,21656,59735,25927,64006,81391,0
95173,90932,4589,186105,99762,95521,1
56707,5830,71411,62537,128118,77241,0
14010,33486,98949,47496,112959,132435,0
7674,25731,61046,33405,68720,86777,0
862,37270,68227,38132,69089,105497,0
65159,17174,53684,82333,118843,70858,1
47030,39664,2957,86694,49987,42621,0
26864,32370,45452,59234,72316,77822,1
96882,86036,13360,182918,110242,99396,1
56807,995,13912,57802,70719,14907,0
45348,9050,72715,54398,118063,81765,0
44018,15090,1669,59108,45687,16759,0
6466,16095,43463,22561,49929,59558,0
89787,82312,57391,172099,147178,139703,1
88714,49013,51069,137727,139783,100082,1
20549,27139,71937,47688,92486,99076,0
12285,86313,25508,98598,37793,111821,0
93415,21962,19137,115377,112552,41099,0
70922,51616,7384,122538,78306,59000,0
31187,86516,61652,117703,92839,148168,1
37578,58738,6173,96316,43751,64911,0
83567,83610,67257,167177,150824,150867,1
43492,90625,89937,134117,133429,180562,1
33915,31817,1491,65732,35406,33308,0
94395,39516,3420,133911,97815,42936,0
50102,32086,35039,82188,85141,67125,1
77253,19915,53854,97168,131107,73769,0
18360,82229,19800,100589,38160,102029,0
44475,78673,90466,123148,134941,169139,1
80568,67184,57418,147752,137986,124602,1
26298,13983,9994,40281,36292,23977,0
40636,31384,51958,72020,92594,83342,1
92748,58617,99300,151365,192048,157917,1
71022,3264,24545,74286,95567,27809,0
16078,58439,66338,74517,82416,124777,1
94115,27871,44315,121986,138430,72186,0
5827,79411,8931,85238,14758,88342,0
9516,88488,77014,98004,86530,165502,0
83980,64996,53451,148976,137431,118447,1
87600,9848,16582,97448,104182,26430,0
46675,85407,10322,132082,56997,95729,0
95137,65382,25106,160519,120243,90488,0
45736,1840,47348,47576,93084,49188,1
55453,93517,41281,148970,96734,134798,1
82850,35077,53255,117927,136105,88332,1
97851,36103,93135,133954,190986,129238,1
39875,29914,9508,69789,49383,39422,0
26090,90188,65601,116278,91691,155789,1
68348,4381,99472,72729,167820,103853,0
28804,90795,91199,119599,120003,181994,1
15907,2057,65602,17964,81509,67659,0
97179,70927,33036,168106,130215,103963,1
82695,64923,71060,147618,153755,135983,1
91544,49367,34885,140911,126429,84252,0
72426,39834,17836,112260,90262,57670,0
81944,63285,55026,145229,136970,118311,1
83452,39307,67298,122759,150750,106605,1
20346,29873,74992,50219,95338,104865,0
3438,17002,95235,20440,98673,112237,0
33487,26509,81701,59996,115188,108210,0
62591,2552,95106,65143,157697,97658,0
54198,48456,36706,102654,90904,85162,1
76185,33882,15641,110067,91826,49523,0
4728,27725,2968,32453,7696,30693,0
81988,3721,81793,85709,163781,85514,1
21811,31934,37154,53745,58965,69088,1
93417,98885,81742,192302,175159,180627,1
93709,1892,41917,95601,135626,43809,0
46267,89316,307,135583,46574,89623,0
73949,43675,6036,117624,79985,49711,0
73274,90312,48505,163586,121779,138817,1
53133,87409,45410,140542,98543,132819,1
14223,95301,90308,109524,104531,185609,1
45009,61457,80717,106466,125726,142174,1
79924,90598,12054,170522,91978,102652,1
1195,60472,59763,61667,60958,120235,1
83427,17699,36166,101126,119593,53865,0
11068,84341,16750,95409,27818,101091,0
97845,72784,78375,170629,176220,151159,1
7371,33645,61112,41016,68483,94757,0
24452,68908,57800,93360,82252,126708,1
41309,89275,45776,130584,87085,135051,0
8654,1790,40298,10444,48952,42088,0
69930,66557,29078,136487,99008,95635,1
27759,38450,58068,66209,85827,96518,1
89972,94465,95597,184437,185569,190062,1
78109,65368,88073,143477,166182,153441,1
55557,91133,13964,146690,69521,105097,0
96105,68777,69329,164882,165434,138106,1
47183,62641,70427,109824,117610,133068,1
40472,33916,87284,74388,127756,121200,0
58177,46623,90983,104800,149160,137606,1
40638,78578,86194,119216,126832,164772,1
17443,22442,29553,39885,46996,51995,1
6310,55970,5209,62280,11519,61179,0
52760,32883,51782,85643,104542,84665,1
56833,83332,21169,140165,78002,104501,0
42013,71413,67178,113426,109191,138591,1
18913,74019,50747,92932,69660,124766,0
11198,93877,98588,105075,109786,192465,1
60676,51020,70805,111696,131481,121825,1
15096,75045,43339,90141,58435,118384,0
93280,26736,18432,120016,111712,45168,0
63647,80805,4538,144452,68185,85343,0
91358,71363,50514,162721,141872,121877,1
55618,83332,1756,138950,57374,85088,0
4092,50416,94296,54508,98388,144712,0
73735,12699,58859,86434,132594,71558,0
48370,92380,82160,140750,130530,174540,1
94806,6186,4102,100992,98908,10288,0
96144,5633,64612,101777,160756,70245,0
98976,73070,65777,172046,164753,138847,1
23352,28311,14611,51663,37963,42922,1
41452,1070,92728,42522,134180,93798,0
58492,60892,50656,119384,109148,111548,1
10481,69153,28900,79634,39381,98053,0
28234,13505,25011,41739,53245,38516,1
57026,47778,97129,104804,154155,144907,1
28520,39984,76765,68504,105285,116749,0
79096,79618,90061,158714,169157,169679,1
73479,96009,38366,169488,111845,134375,1
35489,82571,73486,118060,108975,156057,1
85504,98539,54720,184043,140224,153259,1
79054,32108,81522,111162,160576,113630,1
62050,53410,16739,115460,78789,70149,1
32349,73154,78605,105503,110954,151759,1
46669,4475,40693,51144,87362,45168,0
54779,87959,50156,142738,104935,138115,1
78691,73526,39266,152217,117957,112792,1
81306,74842,38305,156148,119611,113147,1
87020,14734,76424,101754,163444,91158,1
71070,19039,25332,90109,96402,44371,0
19563,77833,10497,97396,30060,88330,0
13175,79078,25744,92253,38919,104822,0
1711,96601,30905,98312,32616,127506,0
40668,35413,81782,76081,122450,117195,0
26381,67068,76896,93449,103277,143964,1
88565,3717,19158,92282,107723,22875,0
13034,74187,60778,87221,73812,134965,0
80793,91649,16893,172442,97686,108542,1
37805,26536,65816,64341,103621,92352,0
45226,4378,4477,49604,49703,8855,0
64601,99026,33204,163627,97805,132230,0
99613,31121,4913,130734,104526,36034,0
81361,38511,71724,119872,153085,110235,1
18628,20848,98374,39476,117002,119222,0
16874,83271,43575,100145,60449,126846,0
30421,9340,2090,39761,32511,11430,0
5338,62866,58038,68204,63376,120904,1
43452,64344,92148,107796,135600,156492,1
47822,14405,1513,62227,49335,15918,0
93842,53612,7071,147454,100913,60683,0
31438,9194,82486,40632,113924,91680,0
79838,35974,98777,115812,178615,134751,1
17009,31721,28960,48730,45969,60681,1
416,30833,46736,31249,47152,77569,0
23205,70998,51736,94203,74941,122734,1
48929,22545,79181,71474,128110,101726,0
4641,44798,52196,49439,56837,96994,0
84974,6609,42566,91583,127540,49175,0
51739,80396,1292,132135,53031,81688,0
34372,28129,16116,62501,50488,44245,1
70211,47225,87713,117436,157924,134938,1
25638,22292,53374,47930,79012,75666,0
40468,19886,55042,60354,95510,74928,1
59214,7060,68245,66274,127459,75305,0
77498,77480,11658,154978,89156,89138,1
64097,73234,90207,137331,154304,163441,1
89812,5540,4697,95352,94509,10237,0
4263,24271,59510,28534,63773,83781,0
59986,83725,43727,143711,103713,127452,1
34120,45894,82224,80014,116344,128118,0
92819,40371,22465,133190,115284,62836,0
43191,15697,30408,58888,73599,46105,1
57774,36621,26438,94395,84212,63059,1
31876,37802,12400,69678,44276,50202,1
31623,83424,97490,115047,129113,180914,1
36450,71843,65882,108293,102332,137725,1
6715,65816,87456,72531,94171,153272,0
37794,51223,73455,89017,111249,124678,1
32562,98672,5764,131234,38326,104436,0
42377,7424,63546,49801,105923,70970,0
93380,17286,79261,110666,172641,96547,1
71206,30473,36652,101679,107858,67125,0
44989,79240,51248,124229,96237,130488,1
97915,42780,95571,140695,193486,138351,1
41291,40432,99163,81723,140454,139595,0
14378,79549,58192,93927,72570,137741,0
23222,63348,27311,86570,50533,90659,0
86607,60913,88626,147520,175233,149539,1
85279,90479,37220,175758,122499,127699,1
43643,4222,68085,47865,111728,72307,0
44456,56946,39784,101402,84240,96730,1
22202,67448,93115,89650,115317,160563,0
77016,37671,57552,114687,134568,95223,1
86579,40299,92558,126878,179137,132857,1
99822,51611,88287,151433,188109,139898,1
5324,45068,8554,50392,13878,53622,0
86034,16029,26583,102063,112617,42612,0
76195,26299,87819,102494,164014,114118,1
39506,84096,76284,123602,115790,160380,1
7793,37632,59456,45425,67249,97088,0
92565,37006,45013,129571,137578,82019,0
49134,84114,76609,133248,125743,160723,1
74409,18461,20151,92870,94560,38612,0
84836,68563,40921,153399,125757,109484,1
95524,21169,85955,116693,181479,107124,1
84761,44124,13688,128885,98449,57812,0
11581,73760,15199,85341,26780,88959,0
59015,66907,92118,125922,151133,159025,1
33849,31004,79277,64853,113126,110281,0
34006,88932,68733,122938,102739,157665,1
16668,77147,99178,93815,115846,176325,0
2514,39460,49167,41974,51681,88627,0
67488,47698,36361,115186,103849,84059,1
15914,19787,5350,35701,21264,25137,1
61337,76658,86060,137995,147397,162718,1
43066,11854,20296,54920,63362,32150,0
56785,42778,62875,99563,119660,105653,1
10629,54133,38624,64762,49253,92757,0
51486,45980,78358,97466,129844,124338,1
12069,23115,27912,35184,39981,51027,1
18397,72999,69600,91396,87997,142599,1
65457,28827,50150,94284,115607,78977,1
36627,31128,47451,67755,84078,78579,1
64072,32933,42114,97005,106186,75047,1
61932,10069,29099,72001,91031,39168,0
74234,90134,1043,164368,75277,91177,0
52167,48433,38508,100600,90675,86941,1
1637,83216,82130,84853,83767,165346,1
92243,61593,17086,153836,109329,78679,0
96818,21708,20619,118526,117437,42327,0
59843,10166,56718,70009,116561,66884,1
19904,60964,75501,80868,95405,136465,1
11396,98120,94918,109516,106314,193038,1
18637,37457,42498,56094,61135,79955,1
17001,24897,79367,41898,96368,104264,0
16848,51557,24674,68405,41522,76231,0
12594,82010,83502,94604,96096,165512,1
55479,6737,49076,62216,104555,55813,1
68712,22648,19279,91360,87991,41927,0
6986,19863,85358,26849,92344,105221,0
13516,70096,52771,83612,66287,122867,0
16179,20265,28857,36444,45036,49122,1
26101,32261,81951,58362,108052,114212,0
43674,99453,11064,143127,54738,110517,0
97105,1849,13301,98954,110406,15150,0
45426,42473,59176,87899,104602,101649,1
99383,17145,98983,116528,198366,116128,1
66990,44118,44452,111108,111442,88570,1
97678,3643,1417,101321,99095,5060,0
63572,73781,95128,137353,158700,168909,1
86022,43276,69843,129298,155865,113119,1
74328,88975,50196,163303,124524,139171,1
35425,98305,9795,133730,45220,108100,0
74893,26857,67610,101750,142503,94467,1
30807,51697,86274,82504,117081,137971,0
24280,41912,21294,66192,45574,63206,1
4892,90768,87146,95660,92038,177914,1
54098,27052,59817,81150,113915,86869,1
50538,57169,84224,107707,134762,141393,1
96484,33859,47035,130343,143519,80894,0
15233,92374,30273,107607,45506,122647,0
9080,64583,25129,73663,34209,89712,0
76850,39717,82712,116567,159562,122429,1
89942,86480,85940,176422,175882,172420,1
66050,98060,61046,164110,127096,159106,1
1226,90956,95289,92182,96515,186245,0
52961,68950,63234,121911,116195,132184,1
89520,58202,35077,147722,124597,93279,1
6356,32741,31121,39097,37477,63862,1
69747,94431,96572,164178,166319,191003,1
33301,89649,22520,122950,55821,112169,0
83780,55365,67453,139145,151233,122818,1
3210,73291,4798,76501,8008,78089,0
70668,57452,87410,128120,158078,144862,1
33355,23199,38618,56554,71973,61817,1
54743,60971,51833,115714,106576,112804,1
27198,7645,35985,34843,63183,43630,0
28222,69618,50035,97840,78257,119653,1
69418,75256,87713,144674,157131,162969,1
81897,43925,28313,125822,110210,72238,0
61055,72560,47611,133615,108666,120171,1
42255,87250,21044,129505,63299,108294,0
91545,24594,86789,116139,178334,111383,1
14482,34224,11677,48706,26159,45901,0
73278,70877,38320,144155,111598,109197,1
78316,29902,97146,108218,175462,127048,1
1069,29371,26938,30440,28007,56309,0
42881,22144,42171,65025,85052,64315,1
97272,97377,95641,194649,192913,193018,1
19767,855,49593,20622,69360,50448,0
83845,57078,95478,140923,179323,152556,1
4607,86593,92541,91200,97148,179134,0
37861,43025,37779,80886,75640,80804,1
18416,60984,88094,79400,106510,149078,0
64628,88723,80517,153351,145145,169240,1
60588,55971,50392,116559,110980,106363,1
72852,11771,11295,84623,84147,23066,0
60020,3198,72821,63218,132841,76019,0
81074,78079,10197,159153,91271,88276,1
50903,46454,53124,97357,104027,99578,1
67770,56467,54049,124237,121819,110516,1
67422,62007,60106,129429,127528,122113,1
3328,74705,69063,78033,72391,143768,0
45605,36299,16030,81904,61635,52329,1
14190,75877,50770,90067,64960,126647,0
55138,51649,32598,106787,87736,84247,1
18889,58824,65158,77713,84047,123982,1
58168,94268,74324,152436,132492,168592,1
95284,74094,59191,169378,154475,133285,1
58957,84967,51988,143924,110945,136955,1
73046,37722,38467,110768,111513,76189,1
55748,18793,83904,74541,139652,102697,0
75863,75264,43487,151127,119350,118751,1
94015,11502,36693,105517,130708,48195,0
63282,87464,91328,150746,154610,178792,1
73101,80129,67701,153230,140802,147830,1
6154,60495,44056,66649,50210,104551,0
89450,56773,2123,146223,91573,58896,0
79161,44772,30846,123933,110007,75618,0
89497,57286,15225,146783,104722,72511,0
1269,20401,50964,21670,52233,71365,0
3999,5801,14643,9800,18642,20444,0
78392,39829,45009,118221,123401,84838,1
37010,67650,74337,104660,111347,141987,1
76359,6679,18905,83038,95264,25584,0
96889,69495,24634,166384,121523,94129,0
56741,19279,22607,76020,79348,41886,0
74379,57595,87523,131974,161902,145118,1
4617,69932,4311,74549,8928,74243,0
69870,38469,95027,108339,164897,133496,1
20728,64651,38583,85379,59311,103234,0
54132,96862,2517,150994,56649,99379,0
39744,32876,46783,72620,86527,79659,1
33011,92618,55506,125629,88517,148124,0
80773,97862,59932,178635,140705,157794,1
27175,55488,48781,82663,75956,104269,1
98267,97489,24714,195756,122981,122203,1
18578,32363,26126,50941,44704,58489,1
84457,75216,93842,159673,178299,169058,1
88658,59189,72740,147847,161398,131929,1
14385,18132,94966,32517,109351,113098,0
55020,10824,61133,65844,116153,71957,1
75346,32881,74919,108227,150265,107800,1
15523,30612,12264,46135,27787,42876,0
30679,52844,5534,83523,36213,58378,0
19375,22655,56997,42030,76372,79652,0
21532,33412,88652,54944,110184,122064,0
23625,63779,2509,87404,26134,66288,0
50157,37388,89938,87545,140095,127326,0
28604,30689,92922,59293,121526,123611,0
72923,87282,80910,160205,153833,168192,1
90174,49467,9432,139641,99606,58899,0
60528,65840,47660,126368,108188,113500,1
92885,32435,69521,125320,162406,101956,1
60713,76083,9912,136796,70625,85995,0
84701,352,12042,85053,96743,12394,0
50526,16489,24557,67015,75083,41046,0
51838,75770,29585,127608,81423,105355,1
4175,61619,7524,65794,11699,69143,0
91718,43136,15302,134854,107020,58438,0
65977,16982,8363,82959,74340,25345,0
45541,17697,73727,63238,119268,91424,0
73901,84929,33473,158830,107374,118402,1
92273,43443,51821,135716,144094,95264,1
14255,34991,13600,49246,27855,48591,0
85698,70112,12423,155810,98121,82535,0
24609,53356,62772,77965,87381,116128,1
21191,20630,14594,41821,35785,35224,1
32442,41027,42946,73469,75388,83973,1
38263,55095,98476,93358,136739,153571,0
32693,11724,81977,44417,114670,93701,0
98491,69163,41558,167654,140049,110721,1
30702,33338,92623,64040,123325,125961,0
80879,87373,53347,168252,134226,140720,1
45567,4044,68307,49611,113874,72351,0
84671,82882,73002,167553,157673,155884,1
57965,41443,66296,99408,124261,107739,1
91807,72157,6092,163964,97899,78249,0
51564,22986,35367,74550,86931,58353,1
26826,76826,72473,103652,99299,149299,1
55268,14964,71090,70232,126358,86054,0
283,26131,47907,26414,48190,74038,0
87348,82426,90760,169774,178108,173186,1
83272,3654,85152,86926,168424,88806,1
3383,78960,61292,82343,64675,140252,0
58104,12751,66438,70855,124542,79189,1
38018,95916,99286,133934,137304,195202,1
63780,93415,93557,157195,157337,186972,1
79186,7513,7330,86699,86516,14843,0
71412,14578,5940,85990,77352,20518,0
37881,49195,60580,87076,98461,109775,1
89694,38946,82853,128640,172547,121799,1
94473,6149,67679,100622,162152,73828,0
72267,20312,35163,92579,107430,55475,0
29783,39289,93934,69072,123717,133223,0
20048,72686,48615,92734,68663,121301,0
71212,64741,72198,135953,143410,136939,1
47945,852,86230,48797,134175,87082,0
45092,86324,5852,131416,50944,92176,0
50334,54587,91633,104921,141967,146220,1
57677,51101,42792,108778,100469,93893,1
67296,88853,93691,156149,160987,182544,1
65300,61449,21034,126749,86334,82483,1
5077,19475,82759,24552,87836,102234,0
56280,89479,14731,145759,71011,104210,0
49831,53610,79306,103441,129137,132916,1
99888,62816,85535,162704,185423,148351,1
98349,59811,37901,158160,136250,97712,0
79841,64186,52988,144027,132829,117174,1
76129,26500,50395,102629,126524,76895,1
49044,898,17394,49942,66438,18292,0
97382,76813,5135,174195,102517,81948,0
81121,27650,70066,108771,151187,97716,1
28800,38983,23249,67783,52049,62232,1
77409,90587,82591,167996,160000,173178,1
27617,91956,48184,119573,75801,140140,0
76411,44983,29564,121394,105975,74547,0
28928,51277,45567,80205,74495,96844,1
4787,10746,94419,15533,99206,105165,0
38120,96298,56546,134418,94666,152844,0
22883,6233,83665,29116,106548,89898,0
9782,57937,92256,67719,102038,150193,0
97972,4477,29887,102449,127859,34364,0
40616,67370,52188,107986,92804,119558,1
84004,10239,81531,94243,165535,91770,1
79279,58005,49241,137284,128520,107246,1
47060,44729,41589,91789,88649,86318,1
61077,60957,74116,122034,135193,135073,1
56660,16053,29725,72713,86385,45778,0
51679,71828,6319,123507,57998,78147,0
67778,33097,75852,100875,143630,108949,1
15677,95630,51430,111307,67107,147060,0
83523,17640,149,101163,83672,17789,0
94447,2597,92675,97044,187122,95272,1
10566,91159,3001,101725,13567,94160,0
80978,38946,96968,119924,177946,135914,1
91302,50052,10917,141354,102219,60969,0
73685,39158,57018,112843,130703,96176,1
63282,62847,37624,126129,100906,100471,1
32113,38765,3473,70878,35586,42238,0
77622,80938,63345,158560,140967,144283,1
11268,68085,25587,79353,36855,93672,0
22759,40431,70538,63190,93297,110969,0
60053,48105,24748,108158,84801,72853,1
98921,85916,80705,184837,179626,166621,1
13370,41730,60344,55100,73714,102074,0
71472,97140,35726,168612,107198,132866,1
13216,31694,48870,44910,62086,80564,0
81514,70705,35269,152219,116783,105974,1
19201,43696,50968,62897,70169,94664,1
720,57771,85446,58491,86166,143217,0
65618,95644,8349,161262,73967,103993,0
73498,17672,6429,91170,79927,24101,0
79411,44346,34736,123757,114147,79082,0
34545,38119,83414,72664,117959,121533,0
82300,10642,1799,92942,84099,12441,0
38085,23197,55081,61282,93166,78278,1
22394,91519,27918,113913,50312,119437,0
18969,82339,68056,101308,87025,150395,1
31853,13007,14391,44860,46244,27398,0
2322,87320,81513,89642,83835,168833,0
43132,27075,34400,70207,77532,61475,1
93547,67320,50383,160867,143930,117703,1
95311,69933,93793,165244,189104,163726,1
92756,39706,4418,132462,97174,44124,0
47420,2093,37520,49513,84940,39613,0
59956,79620,432,139576,60388,80052,0
19824,89731,7208,109555,27032,96939,0
96672,62047,21878,158719,118550,83925,0
24049,35087,46485,59136,70534,81572,1
89552,31890,48360,121442,137912,80250,0
13959,17074,61679,31033,75638,78753,0
71273,27912,87472,99185,158745,115384,1
58465,39332,64344,97797,122809,103676,1
48712,64031,90491,112743,139203,154522,1
71005,3104,38395,74109,109400,41499,0
95172,78337,34045,173509,129217,112382,1
51676,61150,14252,112826,65928,75402,1
18012,61506,50712,79518,68724,112218,1
88748,21495,71426,110243,160174,92921,1
89707,90565,23143,180272,112850,113708,1
58729,81774,84456,140503,143185,166230,1
91549,41746,18866,133295,110415,60612,0
3000,87962,990,90962,3990,88952,0
81543,63319,69239,144862,150782,132558,1
86301,78326,32427,164627,118728,110753,1
88355,86782,56667,175137,145022,143449,1
26297,47388,19863,73685,46160,67251,0
38644,62341,53827,100985,92471,116168,1
47646,95474,35740,143120,83386,131214,0
94496,685,63992,95181,158488,64677,0
48883,15075,33119,63958,82002,48194,0
43121,57187,84680,100308,127801,141867,1
12717,46105,95514,58822,108231,141619,0
26584,70798,96829,97382,123413,167627,1
80508,12744,57974,93252,138482,70718,0
32863,54625,84049,87488,116912,138674,1
63949,37516,78906,101465,142855,116422,1
97928,69389,80535,167317,178463,149924,1
51059,7252,3479,58311,54538,10731,0
47472,57063,61890,104535,109362,118953,1
5973,89858,77810,95831,83783,167668,0
3274,19843,85256,23117,88530,105099,0
14918,15710,38420,30628,53338,54130,0
48941,44733,17201,93674,66142,61934,1
76053,31434,62923,107487,138976,94357,1
97736,4283,59595,102019,157331,63878,0
324,91370,61319,91694,61643,152689,0
75045,24465,59099,99510,134144,83564,1
1212,97895,22089,99107,23301,119984,0
59801,89483,59741,149284,119542,149224,1
16053,50549,73717,66602,89770,124266,0
31607,60011,39477,91618,71084,99488,1
98756,15510,12810,114266,111566,28320,0
3210,41171,92352,44381,95562,133523,0
68184,53685,39695,121869,107879,93380,1
94914,52903,3663,147817,98577,56566,0
90591,2067,76904,92658,167495,78971,0
2894,62228,98302,65122,101196,160530,0
675,25154,32242,25829,32917,57396,0
87858,30040,17889,117898,105747,47929,0
44611,596,30815,45207,75426,31411,0
57193,3227,65216,60420,122409,68443,0
78624,82772,45561,161396,124185,128333,1
94979,54805,87890,149784,182869,142695,1
85513,92165,77649,177678,163162,169814,1
77192,79068,14077,156260,91269,93145,1
73290,72922,92219,146212,165509,165141,1
53164,23299,79000,76463,132164,102299,0
45006,9507,84833,54513,129839,94340,0
589,32288,61485,32877,62074,93773,0
45376,63782,88786,109158,134162,152568,1
62001,97753,79549,159754,141550,177302,1
35575,5536,87000,41111,122575,92536,0
18038,68667,13317,86705,31355,81984,0
94423,26772,10885,121195,105308,37657,0
23217,75742,54750,98959,77967,130492,1
8658,16378,38748,25036,47406,55126,0
95572,24169,80038,119741,175610,104207,1
8598,17704,55112,26302,63710,72816,0
408,83556,12641,83964,13049,96197,0
32197,66373,93296,98570,125493,159669,1
87702,77760,58325,165462,146027,136085,1
68220,77372,8957,145592,77177,86329,0
53101,62150,84369,115251,137470,146519,1
70485,32980,99479,103465,169964,132459,1
45500,39025,49125,84525,94625,88150,1
30622,64452,64060,95074,94682,128512,1
76194,52243,94100,128437,170294,146343,1
99815,5151,51875,104966,151690,57026,0
14397,57022,96256,71419,110653,153278,0
28307,95339,36256,123646,64563,131595,0
97514,96150,6231,193664,103745,102381,1
26781,49926,78795,76707,105576,128721,0
60097,81503,31417,141600,91514,112920,1
23111,76037,56376,99148,79487,132413,1
16719,88431,14855,105150,31574,103286,0
20179,62530,3842,82709,24021,66372,0
81592,61502,98608,143094,180200,160110,1
20269,88095,69878,108364,90147,157973,1
20415,75754,27316,96169,47731,103070,0
6645,32060,91394,38705,98039,123454,0
42858,77295,27392,120153,70250,104687,0
77812,61229,67144,139041,144956,128373,1
74469,33812,48887,108281,123356,82699,1
60392,92221,1755,152613,62147,93976,0
30404,88115,55679,118519,86083,143794,0
89331,38614,49528,127945,138859,88142,0
48171,99961,81841,148132,130012,181802,1
90279,11878,98329,102157,188608,110207,1
85715,51647,39029,137362,124744,90676,1
84735,41504,85127,126239,169862,126631,1
6586,93248,58490,99834,65076,151738,0
23505,5596,11316,29101,34821,16912,0
10153,85544,93822,95697,103975,179366,1
56773,84058,42086,140831,98859,126144,1
83696,73081,5844,156777,89540,78925,0
82032,31447,58644,113479,140676,90091,1
74205,63004,3890,137209,78095,66894,0
55452,89160,35520,144612,90972,124680,1
70267,16013,66949,86280,137216,82962,1
76918,84807,76642,161725,153560,161449,1
46090,45761,20727,91851,66817,66488,1
32245,29381,86561,61626,118806,115942,0
61717,55280,95026,116997,156743,150306,1
23215,69421,93819,92636,117034,163240,0
21824,28961,10091,50785,31915,39052,1
49112,95913,16110,145025,65222,112023,0
52285,65805,83383,118090,135668,149188,1
86380,26024,87,112404,86467,26111,0
28039,7606,65441,35645,93480,73047,0
56323,16392,70699,72715,127022,87091,1
29726,36670,19083,66396,48809,55753,1
21995,71027,2452,93022,24447,73479,0
87551,25744,27247,113295,114798,52991,0
95814,78951,11387,174765,107201,90338,0
95256,78703,11536,173959,106792,90239,0
99908,51351,91267,151259,191175,142618,1
88677,40881,92544,129558,181221,133425,1
407,48071,92674,48478,93081,140745,0
45226,88532,56789,133758,102015,145321,1
61704,33809,12322,95513,74026,46131,0
36895,79127,64694,116022,101589,143821,1
7674,7627,54687,15301,62361,62314,0
82700,35238,16589,117938,99289,51827,0
76045,34240,20268,110285,96313,54508,0
87188,49908,98901,137096,186089,148809,1
38499,97438,89313,135937,127812,186751,1
81027,8570,53911,89597,134938,62481,0
70357,59354,89194,129711,159551,148548,1
69802,66050,91630,135852,161432,157680,1
95839,40645,10191,136484,106030,50836,0
92006,64328,29120,156334,121126,93448,1
4958,12233,93855,17191,98813,106088,0
24432,38355,54799,62787,79231,93154,1
84573,17515,20577,102088,105150,38092,0
880,7795,40590,8675,41470,48385,0
11141,67886,11875,79027,23016,79761,0
11367,65425,66741,76792,78108,132166,1
38219,91813,67220,130032,105439,159033,1
48316,23081,94564,71397,142880,117645,0
28903,70392,94903,99295,123806,165295,1
53035,15192,93746,68227,146781,108938,0
18983,55531,74041,74514,93024,129572,1
61256,58108,61783,119364,123039,119891,1
41732,41017,99220,82749,140952,140237,0
31357,18445,58697,49802,90054,77142,0
56194,7154,78452,63348,134646,85606,0
48550,40657,7897,89207,56447,48554,1
82913,52955,93205,135868,176118,146160,1
75692,64040,75385,139732,151077,139425,1
26806,71268,1225,98074,28031,72493,0
97661,95446,41436,193107,139097,136882,1
16742,10749,86046,27491,102788,96795,0
9138,59449,89980,68587,99118,149429,0
60891,48058,76175,108949,137066,124233,1
36735,14304,91064,51039,127799,105368,0
77945,61892,71501,139837,149446,133393,1
6973,87580,88231,94553,95204,175811,1
79906,9923,63109,89829,143015,73032,0
88964,24063,89836,113027,178800,113899,1
90276,60262,18822,150538,109098,79084,0
45846,44997,75667,90843,121513,120664,1
30183,63223,23472,93406,53655,86695,0
15061,35186,80868,50247,95929,116054,0
95576,59339,62296,154915,157872,121635,1
15946,64709,29779,80655,45725,94488,0
24953,68392,25252,93345,50205,93644,0
30096,20731,84857,50827,114953,105588,0
80216,91157,24108,171373,104324,115265,1
31862,79103,3037,110965,34899,82140,0
7874,24313,5367,32187,13241,29680,0
63811,84732,46116,148543,109927,130848,1
85277,84316,48593,169593,133870,132909,1
77261,70146,65997,147407,143258,136143,1
40317,41556,99032,81873,139349,140588,0
11695,39533,89057,51228,100752,128590,0
25653,44183,13291,69836,38944,57474,0
45866,37201,77032,83067,122898,114233,1
74930,74913,41160,149843,116090,116073,1
66883,36025,22591,102908,89474,58616,0
46559,60453,85863,107012,132422,146316,1
16722,34820,99445,51542,116167,134265,0
14058,13345,33878,27403,47936,47223,0
82854,2408,9889,85262,92743,12297,0
11728,85800,53902,97528,65630,139702,0
53144,80508,80453,133652,133597,160961,1
58889,90090,39587,148979,98476,129677,1
59143,69713,42315,128856,101458,112028,1
28533,78456,1344,106989,29877,79800,0
76557,16424,63579,92981,140136,80003,1
48505,8796,44013,57301,92518,52809,1
8074,11179,58801,19253,66875,69980,0
56146,63399,70224,119545,126370,133623,1
24106,23514,51257,47620,75363,74771,0
41388,49378,7132,90766,48520,56510,0
48890,7293,75144,56183,124034,82437,0
59184,61981,8399,121165,67583,70380,1
92907,14476,35938,107383,128845,50414,0
28961,36027,16291,64988,45252,52318,1
81082,32731,98391,113813,179473,131122,1
35590,65356,78900,100946,114490,144256,1
61844,32291,37636,94135,99480,69927,1
97045,40510,40235,137555,137280,80745,0
58462,96212,26331,154674,84793,122543,0
5106,83293,93223,88399,98329,176516,0
15501,50996,12931,66497,28432,63927,0
7585,97584,82506,105169,90091,180090,0
13904,70274,79496,84178,93400,149770,1
77636,35101,42125,112737,119761,77226,0
59318,67865,12689,127183,72007,80554,1
78881,75301,31722,154182,110603,107023,1
94385,10820,47635,105205,142020,58455,0
98103,24548,45523,122651,143626,70071,0
49739,15184,45684,64923,95423,60868,1
17625,18178,95479,35803,113104,113657,0
68971,71254,99637,140225,168608,170891,1
112,13364,32334,13476,32446,45698,0
87167,4901,53109,92068,140276,58010,0
47686,42198,69482,89884,117168,111680,1
77190,21935,13629,99125,90819,35564,0
92890,48386,41037,141276,133927,89423,0
77419,2460,91779,79879,169198,94239,0
84525,16836,11260,101361,95785,28096,0
28009,50623,79568,78632,107577,130191,0
95977,16680,93567,112657,189544,110247,1
38712,13992,67531,52704,106243,81523,0
14778,74169,65070,88947,79848,139239,1
97703,62716,6249,160419,103952,68965,0
12870,17462,63346,30332,76216,80808,0
74490,13,25249,74503,99739,25262,0
37663,92681,53861,130344,91524,146542,0
51579,33029,20699,84608,72278,53728,1
97659,27986,43925,125645,141584,71911,0
42143,10040,75903,52183,118046,85943,0
93211,64757,22074,157968,115285,86831,0
43158,52207,32266,95365,75424,84473,1
50220,13101,36697,63321,86917,49798,0
871,41924,25438,42795,26309,67362,0
83339,65365,22610,148704,105949,87975,1
12824,69767,93677,82591,106501,163444,0
87976,73444,83440,161420,171416,156884,1
63463,91700,60187,155163,123650,151887,1
5276,97521,78394,102797,83670,175915,0
51891,4480,87374,56371,139265,91854,0
91922,94098,39175,186020,131097,133273,1
38181,76512,91606,114693,129787,168118,1
54260,8478,50390,62738,104650,58868,1
67053,11109,98077,78162,165130,109186,0
43218,40525,88461,83743,131679,128986,0
58296,35404,1335,93700,59631,36739,0
92575,97006,97187,189581,189762,194193,1
19908,17920,97203,37828,117111,115123,0
36938,72889,73339,109827,110277,146228,1
57373,72372,32743,129745,90116,105115,1
54139,68321,17465,122460,71604,85786,1
29647,17069,89493,46716,119140,106562,0
34675,58732,62562,93407,97237,121294,1
93099,28839,26670,121938,119769,55509,0
27294,99306,99343,126600,126637,198649,1
89727,21414,29300,111141,119027,50714,0
17958,38682,23746,56640,41704,62428,1
65628,73834,37702,139462,103330,111536,1
62783,1056,83207,63839,145990,84263,0
99206,46730,84951,145936,184157,131681,1
84220,71907,22898,156127,107118,94805,1
51974,66529,64791,118503,116765,131320,1
20909,14589,69233,35498,90142,83822,0
93075,87123,47577,180198,140652,134700,1
94840,30974,76150,125814,170990,107124,1
40412,62777,3938,103189,44350,66715,0
71682,83167,13908,154849,85590,97075,1
4416,73487,19369,77903,23785,92856,0
133,40372,11844,40505,11977,52216,0
43588,47764,43468,91352,87056,91232,1
44188,28459,13812,72647,58000,42271,0
98590,10419,19545,109009,118135,29964,0
79374,98390,71261,177764,150635,169651,1
77520,81630,28653,159150,106173,110283,1
47096,95078,66896,142174,113992,161974,1
89830,96248,77440,186078,167270,173688,1
30164,37236,70251,67400,100415,107487,0
39674,36514,88726,76188,128400,125240,0
68583,21138,81793,89721,150376,102931,1
33987,9379,36009,43366,69996,45388,1
26712,92301,56812,119013,83524,149113,0
75788,87114,63174,162902,138962,150288,1
1447,24296,67624,25743,69071,91920,0
77132,9299,18810,86431,95942,28109,0
12623,38800,74540,51423,87163,113340,0
55760,63813,10959,119573,66719,74772,1
36169,48596,79069,84765,115238,127665,1
79878,93530,43144,173408,123022,136674,1
37301,72921,92839,110222,130140,165760,1
25417,80400,45526,105817,70943,125926,0
48160,853,54997,49013,103157,55850,0
92269,52459,10891,144728,103160,63350,0
65354,64640,32823,129994,98177,97463,1
67564,8229,81782,75793,149346,90011,0
69558,40611,31126,110169,100684,71737,1
86013,18940,73684,104953,159697,92624,1
40496,22421,84504,62917,125000,106925,0
61076,90157,58233,151233,119309,148390,1
49126,6523,3251,55649,52377,9774,0
72967,85521,23968,158488,96935,109489,1
5545,51750,328,57295,5873,52078,0
8389,88422,69235,96811,77624,157657,0
54703,73819,22790,128522,77493,96609,1
80427,2964,32612,83391,113039,35576,0
85038,49867,48364,134905,133402,98231,1
71380,33170,73087,104550,144467,106257,1
94347,73480,45587,167827,139934,119067,1
82340,86734,59223,169074,141563,145957,1
93976,68682,47753,162658,141729,116435,1
9966,55134,45272,65100,55238,100406,1
44581,93460,5103,138041,49684,98563,0
68603,50748,38355,119351,106958,89103,1
21688,33633,45991,55321,67679,79624,1
82310,14622,47334,96932,129644,61956,0
62068,54527,657,116595,62725,55184,0
90376,33256,62271,123632,152647,95527,1
69787,83236,59523,153023,129310,142759,1
30385,29450,89533,59835,119918,118983,0
4106,83740,45881,87846,49987,129621,0
69433,78314,672,147747,70105,78986,0
52720,22995,89004,75715,141724,111999,0
54456,34576,59721,89032,114177,94297,1
93416,9244,97201,102660,190617,106445,1
44302,50342,75295,94644,119597,125637,1
81881,91563,47100,173444,128981,138663,1
7683,91845,88699,99528,96382,180544,1
14284,34870,23370,49154,37654,58240,1
79705,7211,94417,86916,174122,101628,0
88818,56404,3831,145222,92649,60235,0
99474,18881,32035,118355,131509,50916,0
79502,50012,56507,129514,136009,106519,1
30774,15581,22967,46355,53741,38548,1
62555,44410,67837,106965,130392,112247,1
47635,90808,63696,138443,111331,154504,1
3708,64200,75740,67908,79448,139940,0
98739,90969,7164,189708,105903,98133,0
46943,46498,69133,93441,116076,115631,1
69238,78330,68066,147568,137304,146396,1
72316,37195,87363,109511,159679,124558,1
95106,73888,16852,168994,111958,90740,0
57107,55785,24748,112892,81855,80533,1
9364,18149,51766,27513,61130,69915,0
76639,10333,48230,86972,124869,58563,0
84884,31015,27308,115899,112192,58323,0
30059,96430,35929,126489,65988,132359,0
56097,79472,19436,135569,75533,98908,0
97530,96223,84006,193753,181536,180229,1
40536,37666,98100,78202,138636,135766,0
92777,90973,64397,183750,157174,155370,1
8716,52224,85724,60940,94440,137948,0
85563,52522,33433,138085,118996,85955,1
53806,37239,11613,91045,65419,48852,0
29016,21149,13744,50165,42760,34893,1
23807,56398,70626,80205,94433,127024,1
56067,28625,30280,84692,86347,58905,1
35527,63341,72784,98868,108311,136125,1
56431,24184,74652,80615,131083,98836,1
68658,23621,77435,92279,146093,101056,1
78610,70778,41595,149388,120205,112373,1
11775,70723,17877,82498,29652,88600,0
98635,24694,41295,123329,139930,65989,0
25896,62853,55167,88749,81063,118020,1
95502,86200,23742,181702,119244,109942,1
57027,8982,75911,66009,132938,84893,0
76311,51810,32545,128121,108856,84355,1
85135,7254,27895,92389,113030,35149,0
1224,82978,18282,84202,19506,101260,0
90395,93233,41234,183628,131629,134467,1
78257,43804,97570,122061,175827,141374,1
13982,25256,74309,39238,88291,99565,0
29687,62089,85749,91776,115436,147838,1
1007,7253,68221,8260,69228,75474,0
55520,61488,2432,117008,57952,63920,0
39908,67723,34027,107631,73935,101750,1
67354,61895,29631,129249,96985,91526,1
55924,2679,64259,58603,120183,66938,0
48966,49048,27570,98014,76536,76618,1
65257,15782,79985,81039,145242,95767,1
15617,68046,38197,83663,53814,106243,0
84420,1404,50336,85824,134756,51740,0
79290,36934,12802,116224,92092,49736,0
12674,73913,1646,86587,14320,75559,0
30474,80274,9339,110748,39813,89613,0
17345,34202,19112,51547,36457,53314,1
61317,74685,69263,136002,130580,143948,1
26306,10589,80180,36895,106486,90769,0
44543,60040,65949,104583,110492,125989,1
93669,84053,47683,177722,141352,131736,1
42205,1512,20377,43717,62582,21889,0
67233,45509,1438,112742,68671,46947,0
98874,80694,36527,179568,135401,117221,1
13794,64763,42994,78557,56788,107757,0
6571,47572,7489,54143,14060,55061,0
38352,73987,32169,112339,70521,106156,0
97622,54997,46348,152619,143970,101345,1
41873,47271,10395,89144,52268,57666,1
57127,37626,23672,94753,80799,61298,1
71830,49581,21276,121411,93106,70857,0
13084,96842,29741,109926,42825,126583,0
16549,62839,64998,79388,81547,127837,1
99244,43320,81855,142564,181099,125175,1
84487,60786,5891,145273,90378,66677,0
90709,49930,53973,140639,144682,103903,1
16910,87740,48667,104650,65577,136407,0
12296,25375,24126,37671,36422,49501,1
30599,14269,97864,44868,128463,112133,0
94774,9638,54613,104412,149387,64251,0
82924,42979,11672,125903,94596,54651,0
72541,21174,81534,93715,154075,102708,1
82658,12826,45694,95484,128352,58520,0
91409,67024,76167,158433,167576,143191,1
43550,63526,94187,107076,137737,157713,1
123,46559,41014,46682,41137,87573,0
96791,73867,27050,170658,123841,100917,1
34402,69229,99296,103631,133698,168525,1
60098,12441,57801,72539,117899,70242,1
83181,8424,73007,91605,156188,81431,0
76478,95268,34568,171746,111046,129836,1
34664,24280,93264,58944,127928,117544,0
85110,28445,90349,113555,175459,118794,1
5962,69361,13841,75323,19803,83202,0
37129,44919,22574,82048,59703,67493,1
52520,22025,12581,74545,65101,34606,0
5532,10205,59083,15737,64615,69288,0
87549,68182,63950,155731,151499,132132,1
90319,35908,85838,126227,176157,121746,1
78329,13962,9873,92291,88202,23835,0
68771,48871,28245,117642,97016,77116,1
35442,24505,74710,59947,110152,99215,0
13189,86365,66419,99554,79608,152784,0
78862,5912,8265,84774,87127,14177,0
44962,35675,47358,80637,92320,83033,1
34976,55684,50482,90660,85458,106166,1
29180,49922,92521,79102,121701,142443,0
96106,97814,67733,193920,163839,165547,1
15397,50222,33631,65619,49028,83853,0
67341,28775,31878,96116,99219,60653,0
79418,749,27367,80167,106785,28116,0
12390,3133,95820,15523,108210,98953,0
90509,15023,8946,105532,99455,23969,0
66340,55501,1367,121841,67707,56868,0
22141,55261,72236,77402,94377,127497,1
63559,86606,65449,150165,129008,152055,1
21781,88397,25744,110178,47525,114141,0
20078,6598,9339,26676,29417,15937,0
79804,84739,43173,164543,122977,127912,1
4904,51714,47671,56618,52575,99385,1
8107,82670,91010,90777,99117,173680,0
98961,96924,64805,195885,163766,161729,1
38989,19862,40643,58851,79632,60505,1
74419,40403,17591,114822,92010,57994,0
44975,8278,65519,53253,110494,73797,0
39236,63560,59710,102796,98946,123270,1
62050,25311,3376,87361,65426,28687,0
65342,97082,383,162424,65725,97465,0
89178,32470,62554,121648,151732,95024,1
11418,21629,71514,33047,82932,93143,0
38348,12531,1616,50879,39964,14147,0
81754,48014,89017,129768,170771,137031,1
20854,3196,32507,24050,53361,35703,0
77141,69761,74409,146902,151550,144170,1
3396,11471,52104,14867,55500,63575,0
40759,19684,61220,60443,101979,80904,0
8184,3541,68891,11725,77075,72432,0
42921,57764,70687,100685,113608,128451,1
97441,61509,42327,158950,139768,103836,1
37225,2369,84982,39594,122207,87351,0
18438,91726,8634,110164,27072,100360,0
45037,37493,12684,82530,57721,50177,1
25090,65568,76322,90658,101412,141890,1
66557,51134,5161,117691,71718,56295,0
59429,19242,29774,78671,89203,49016,0
31681,62382,58608,94063,90289,120990,1
20964,67508,37967,88472,58931,105475,0
23756,41380,93666,65136,117422,135046,0
74560,1593,89833,76153,164393,91426,0
54008,70329,46955,124337,100963,117284,1
91979,69083,93890,161062,185869,162973,1
27069,93085,72092,120154,99161,165177,1
58473,55055,28790,113528,87263,83845,1
26884,25126,19444,52010,46328,44570,1
64353,12623,89307,76976,153660,101930,0
87831,95344,17650,183175,105481,112994,1
26009,16942,76637,42951,102646,93579,0
8158,61758,7373,69916,15531,69131,0
34103,84468,3477,118571,37580,87945,0
58146,63393,85904,121539,144050,149297,1
22336,12296,72159,34632,94495,84455,0
15644,50040,32396,65684,48040,82436,0
67236,51456,38590,118692,105826,90046,1
46854,54358,7401,101212,54255,61759,0
90982,74315,8114,165297,99096,82429,0
17787,51362,93564,69149,111351,144926,0
48521,73621,55693,122142,104214,129314,1
37670,47073,22232,84743,59902,69305,1
21609,92999,16685,114608,38294,109684,0
30643,57975,45481,88618,76124,103456,1
86098,39502,1336,125600,87434,40838,0
51523,36655,5525,88178,57048,42180,0
55802,39470,55746,95272,111548,95216,1
18764,60465,32537,79229,51301,93002,0
81951,25612,60216,107563,142167,85828,1
59718,90004,16044,149722,75762,106048,0
67964,76314,61417,144278,129381,137731,1
87275,18758,83751,106033,171026,102509,1
84784,81044,35219,165828,120003,116263,1
77944,74560,44354,152504,122298,118914,1
73001,22192,22500,95193,95501,44692,0
40496,5597,75420,46093,115916,81017,0
50152,29934,48597,80086,98749,78531,1
78946,83834,74998,162780,153944,158832,1
83628,80916,72909,164544,156537,153825,1
78878,13413,74774,92291,153652,88187,1
25999,81400,79956,107399,105955,161356,1
82395,99253,62129,181648,144524,161382,1
28133,23087,74862,51220,102995,97949,0
38328,78011,79451,116339,117779,157462,1
75893,89289,89946,165182,165839,179235,1
81473,54267,89565,135740,171038,143832,1
32076,18340,60619,50416,92695,78959,0
74914,45245,95177,120159,170091,140422,1
72789,17235,43880,90024,116669,61115,0
84873,86530,65315,171403,150188,151845,1
38307,71470,24018,109777,62325,95488,0
87871,34228,65370,122099,153241,99598,1
48853,60547,34652,109400,83505,95199,1
85296,18313,27495,103609,112791,45808,0
31577,70709,21073,102286,52650,91782,0
76528,38226,72771,114754,149299,110997,1
42390,33513,31500,75903,73890,65013,1
40607,77075,62607,117682,103214,139682,1
19346,22792,39006,42138,58352,61798,1
3482,76318,49105,79800,52587,125423,0
29647,44505,51518,74152,81165,96023,1
78261,80269,40089,158530,118350,120358,1
13947,6450,69675,20397,83622,76125,0
9338,10227,63669,19565,73007,73896,0
49490,22532,59760,72022,109250,82292,1
53910,32329,40831,86239,94741,73160,1
35955,98865,25809,134820,61764,124674,0
21073,72032,62651,93105,83724,134683,1
73486,60825,63336,134311,136822,124161,1
28298,57704,54903,86002,83201,112607,1
40069,42527,55900,82596,95969,98427,1
77043,69531,8131,146574,85174,77662,1
35356,49622,63301,84978,98657,112923,1
90862,56918,39305,147780,130167,96223,1
29908,45906,71205,75814,101113,117111,1
88921,87139,16005,176060,104926,103144,1
76587,49146,17834,125733,94421,66980,0
8151,15069,90808,23220,98959,105877,0
64247,60437,14986,124684,79233,75423,1
29265,15074,59408,44339,88673,74482,0
9961,12241,4875,22202,14836,17116,1
75589,45331,98251,120920,173840,143582,1
96999,98363,2572,195362,99571,100935,1
48273,478,99358,48751,147631,99836,0
87973,51488,76800,139461,164773,128288,1
91282,99657,42581,190939,133863,142238,1
23402,81278,25923,104680,49325,107201,0
51912,75601,42958,127513,94870,118559,1
91108,99653,92842,190761,183950,192495,1
52236,47313,54774,99549,107010,102087,1
92556,92128,28236,184684,120792,120364,1
22616,28826,8220,51442,30836,37046,1
72327,74036,54474,146363,126801,128510,1
6828,45334,56256,52162,63084,101590,0
7280,9110,74053,16390,81333,83163,0
4893,23693,37739,28586,42632,61432,0
93617,1393,4723,95010,98340,6116,0
93052,36453,95339,129505,188391,131792,1
53411,40853,90008,94264,143419,130861,1
3455,6206,56160,9661,59615,62366,0
26148,35673,27056,61821,53204,62729,1
31410,79003,53251,110413,84661,132254,1
65215,1562,67304,66777,132519,68866,0
86776,98948,20022,185724,106798,118970,1
37088,20997,30503,58085,67591,51500,1
55658,44157,75059,99815,130717,119216,1
97961,12877,21474,110838,119435,34351,0
9804,55119,37606,64923,47410,92725,0
17880,32981,45168,50861,63048,78149,1
19884,93438,53366,113322,73250,146804,0
86938,89383,99388,176321,186326,188771,1
86903,23262,41976,110165,128879,65238,0
29345,71611,73721,100956,103066,145332,1
18206,15171,65284,33377,83490,80455,0
29997,588,58172,30585,88169,58760,0
13107,58209,92985,71316,106092,151194,0
18592,48313,48742,66905,67334,97055,1
69405,45804,18531,115209,87936,64335,0
77435,24176,68115,101611,145550,92291,1
35894,30550,14123,66444,50017,44673,1
30572,360,76236,30932,106808,76596,0
39689,93624,6468,133313,46157,100092,0
19421,36322,27499,55743,46920,63821,1
41852,10902,78745,52754,120597,89647,0
38152,13679,71322,51831,109474,85001,0
11042,97690,90247,108732,101289,187937,1
65115,71623,51133,136738,116248,122756,1
75603,75400,45490,151003,121093,120890,1
56299,5884,50093,62183,106392,55977,0
5583,89113,81976,94696,87559,171089,0
73366,36665,33338,110031,106704,70003,0
67838,53867,47964,121705,115802,101831,1
76251,4562,83200,80813,159451,87762,0
6273,31647,2988,37920,9261,34635,0
16558,23966,32075,40524,48633,56041,1
51878,72121,80801,123999,132679,152922,1
25213,8839,38466,34052,63679,47305,0
69466,69287,23646,138753,93112,92933,1
32436,88144,12095,120580,44531,100239,0
63758,75879,45206,139637,108964,121085,1
7496,95058,88338,102554,95834,183396,1
25392,85004,29519,110396,54911,114523,0
93294,66176,56385,159470,149679,122561,1
90010,87374,75452,177384,165462,162826,1
8488,99924,14296,108412,22784,114220,0
36759,12336,6449,49095,43208,18785,0
63472,67024,76130,130496,139602,143154,1
7190,10166,29142,17356,36332,39308,0
40517,97823,87951,138340,128468,185774,1
71224,2219,62530,73443,133754,64749,0
74371,17344,50637,91715,125008,67981,0
93130,85402,50586,178532,143716,135988,1
62337,72200,10095,134537,72432,82295,1
83959,4820,41106,88779,125065,45926,0
48560,77794,42978,126354,91538,120772,1
91635,83642,11457,175277,103092,95099,1
52197,5091,64259,57288,116456,69350,0
7951,84724,35063,92675,43014,119787,0
46162,63581,93472,109743,139634,157053,1
22340,48688,97836,71028,120176,146524,0
22845,27806,47917,50651,70762,75723,1
99336,12601,48078,111937,147414,60679,0
7879,12026,15644,19905,23523,27670,1
43303,77781,80585,121084,123888,158366,1
56702,384,97190,57086,153892,97574,0
83845,56877,6338,140722,90183,63215,0
97441,72866,70289,170307,167730,143155,1
91816,57727,42828,149543,134644,100555,1
78899,24620,84781,103519,163680,109401,1
34011,16228,1724,50239,35735,17952,0
19064,99672,19692,118736,38756,119364,0
57322,74314,69270,131636,126592,143584,1
18361,18102,5078,36463,23439,23180,1
17686,62760,25858,80446,43544,88618,0
93892,64012,53139,157904,147031,117151,1
89804,49855,38018,139659,127822,87873,0
3394,50368,68059,53762,71453,118427,0
42674,97077,22487,139751,65161,119564,0
25632,33134,1239,58766,26871,34373,0
95669,258,46876,95927,142545,47134,0
45909,23221,32176,69130,78085,55397,1
12521,31797,52395,44318,64916,84192,0
89732,76380,62940,166112,152672,139320,1
22581,81589,33577,104170,56158,115166,0
25790,7954,87540,33744,113330,95494,0
50932,8788,93017,59720,143949,101805,0
39638,64856,64099,104494,103737,128955,1
45533,53755,6235,99288,51768,59990,0
93207,85572,41264,178779,134471,126836,1
24886,61771,24274,86657,49160,86045,0
81747,44459,35569,126206,117316,80028,0
87066,8248,1862,95314,88928,10110,0
21400,55123,51314,76523,72714,106437,1
91553,2919,92085,94472,183638,95004,1
74421,47097,78468,121518,152889,125565,1
80608,50762,25083,131370,105691,75845,0
42256,2254,93599,44510,135855,95853,0
77027,16986,70320,94013,147347,87306,1
45527,45119,45787,90646,91314,90906,1
41036,2019,80261,43055,121297,82280,0
32753,16221,30963,48974,63716,47184,1
57682,39914,60631,97596,118313,100545,1
73921,28030,29958,101951,103879,57988,0
75858,69968,96764,145826,172622,166732,1
52421,1978,4697,54399,57118,6675,0
28501,67563,88258,96064,116759,155821,1
19380,54307,24129,73687,43509,78436,0
15658,78664,3838,94322,19496,82502,0
38597,26022,19970,64619,58567,45992,1
42539,35694,66685,78233,109224,102379,1
40287,61831,15455,102118,55742,77286,0
90234,54868,10195,145102,100429,65063,0
92102,68628,15542,160730,107644,84170,0
75257,59018,48242,134275,123499,107260,1
67418,16403,74310,83821,141728,90713,1
68244,76458,54729,144702,122973,131187,1
78751,27366,64612,106117,143363,91978,1
28307,28735,98684,57042,126991,127419,0
39679,6058,76797,45737,116476,82855,0
64920,36325,30454,101245,95374,66779,1
98683,26531,34603,125214,133286,61134,0
43079,28157,31042,71236,74121,59199,1
92006,68091,89238,160097,181244,157329,1
35019,86574,80372,121593,115391,166946,1
21004,1593,10578,22597,31582,12171,0
51901,64790,65195,116691,117096,129985,1
29932,91929,26264,121861,56196,118193,0
52887,43079,16278,95966,69165,59357,1
57373,773,57747,58146,115120,58520,1
96343,83300,27701,179643,124044,111001,1
11113,9173,65027,20286,76140,74200,0
77788,77333,69614,155121,147402,146947,1
18103,58562,68991,76665,87094,127553,1
35796,27416,76385,63212,112181,103801,0
20512,59305,6287,79817,26799,65592,0
89538,26779,21305,116317,110843,48084,0
23421,35032,96281,58453,119702,131313,0
72707,99324,8977,172031,81684,108301,0
55915,4108,66525,60023,122440,70633,0
36391,32831,1070,69222,37461,33901,0
67357,36328,48084,103685,115441,84412,1
32024,26518,38921,58542,70945,65439,1
35526,82643,80363,118169,115889,163006,1
18315,9200,62628,27515,80943,71828,0
28475,76063,92099,104538,120574,168162,1
24924,36748,69239,61672,94163,105987,0
51918,17213,55303,69131,107221,72516,1
22054,90919,84369,112973,106423,175288,1
32505,3309,19168,35814,51673,22477,0
34704,60558,93623,95262,128327,154181,1
20080,57021,46282,77101,66362,103303,1
62480,25636,89227,88116,151707,114863,0
35330,80877,21636,116207,56966,102513,0
72308,20508,37438,92816,109746,57946,0
67065,98286,58319,165351,125384,156605,1
76185,42184,71049,118369,147234,113233,1
84475,61882,75321,146357,159796,137203,1
86191,59663,36938,145854,123129,96601,1
83587,16110,95608,99697,179195,111718,1
71666,50009,92641,121675,164307,142650,1
26837,32619,63317,59456,90154,95936,0
62794,93623,83672,156417,146466,177295,1
67266,66104,35686,133370,102952,101790,1
56459,11765,21761,68224,78220,33526,0
29041,22949,30682,51990,59723,53631,1
39290,36354,7244,75644,46534,43598,1
10499,86898,98550,97397,109049,185448,0
32416,14518,82698,46934,115114,97216,0
41855,54094,15999,95949,57854,70093,1
85127,21726,96659,106853,181786,118385,1
53759,7596,60851,61355,114610,68447,1
72339,20997,93408,93336,165747,114405,0
70521,22678,70426,93199,140947,93104,1
32691,98260,48440,130951,81131,146700,0
9195,1773,40562,10968,49757,42335,0
3124,11776,31930,14900,35054,43706,0
45796,80935,31799,126731,77595,112734,0
97884,50896,83304,148780,181188,134200,1
19166,69980,89586,89146,108752,159566,0
6616,53376,28995,59992,35611,82371,0
67734,88321,34966,156055,102700,123287,1
41298,65449,45205,106747,86503,110654,1
26642,19349,30194,45991,56836,49543,1
72701,68696,11997,141397,84698,80693,1
39444,91437,34245,130881,73689,125682,0
57993,62227,33100,120220,91093,95327,1
4992,39596,28352,44588,33344,67948,0
916,64467,50130,65383,51046,114597,0
95939,77560,68698,173499,164637,146258,1
45582,31875,8153,77457,53735,40028,0
66934,58338,21351,125272,88285,79689,1
19598,15761,50202,35359,69800,65963,0
96702,80380,91330,177082,188032,171710,1
6078,33856,81489,39934,87567,115345,0
12239,61388,29416,73627,41655,90804,0
85201,51524,98903,136725,184104,150427,1
79940,76323,73442,156263,153382,149765,1
16363,82508,52172,98871,68535,134680,0
51182,56594,49844,107776,101026,106438,1
8588,3873,54265,12461,62853,58138,0
37071,33266,43900,70337,80971,77166,1
40950,1339,82272,42289,123222,83611,0
70299,3609,74184,73908,144483,77793,0
97504,4633,10757,102137,108261,15390,0
55767,19410,11039,75177,66806,30449,0
26757,16211,82605,42968,109362,98816,0
89811,51269,3156,141080,92967,54425,0
70970,36334,70165,107304,141135,106499,1
53753,5533,73544,59286,127297,79077,0
56738,78955,55774,135693,112512,134729,1
91868,75270,18544,167138,110412,93814,1
79719,3407,58421,83126,138140,61828,0
26441,66604,24575,93045,51016,91179,0
23010,73993,96934,97003,119944,170927,1
72762,27613,9037,100375,81799,36650,0
76893,11592,13629,88485,90522,25221,0
2627,48486,62694,51113,65321,111180,0
47422,13145,11763,60567,59185,24908,0
36733,73849,47984,110582,84717,121833,1
74009,98201,99577,172210,173586,197778,1
8803,49032,92272,57835,101075,141304,0
67604,32989,30759,100593,98363,63748,0
45932,94432,72202,140364,118134,166634,1
53259,19774,84012,73033,137271,103786,0
74952,43501,23265,118453,98217,66766,0
11756,45559,1251,57315,13007,46810,0
97877,83160,92088,181037,189965,175248,1
94918,89124,42102,184042,137020,131226,1
23959,87880,42905,111839,66864,130785,0
38664,80496,95532,119160,134196,176028,1
85030,36741,45053,121771,130083,81794,0
90505,8825,71156,99330,161661,79981,0
14158,63269,1696,77427,15854,64965,0
26935,88543,75924,115478,102859,164467,1
31479,54347,41920,85826,73399,96267,1
20216,54800,22674,75016,42890,77474,0
1087,20957,73484,22044,74571,94441,0
83095,23725,79247,106820,162342,102972,1
32502,89976,78018,122478,110520,167994,1
90896,67616,21738,158512,112634,89354,0
71179,30118,22369,101297,93548,52487,0
44437,77656,96678,122093,141115,174334,1
54771,6137,60648,60908,115419,66785,1
60120,91115,37971,151235,98091,129086,1
94079,43126,66295,137205,160374,109421,1
84468,86282,46178,170750,130646,132460,1
802,58366,88888,59168,89690,147254,0
44954,81091,15200,126045,60154,96291,0
2864,59712,33032,62576,35896,92744,0
13214,10728,74037,23942,87251,84765,0
30612,10739,97316,41351,127928,108055,0
34848,56664,82201,91512,117049,138865,1
22781,10836,44202,33617,66983,55038,0
22690,62739,11890,85429,34580,74629,0
6254,26833,12021,33087,18275,38854,0
30444,47682,5964,78126,36408,53646,0
90056,23731,35062,113787,125118,58793,0
46152,63269,48005,109421,94157,111274,1
64278,13185,55813,77463,120091,68998,1
58081,32098,13911,90179,71992,46009,0
35451,43693,48832,79144,84283,92525,1
72821,73192,27085,146013,99906,100277,1
4852,71163,54066,76015,58918,125229,0
62548,54047,82939,116595,145487,136986,1
10547,51377,77649,61924,88196,129026,0
42967,47295,74528,90262,117495,121823,1
20125,28957,32900,49082,53025,61857,1
80082,62642,68948,142724,149030,131590,1
45700,50863,56389,96563,102089,107252,1
35669,91910,52196,127579,87865,144106,0
77603,83134,60453,160737,138056,143587,1
71329,88366,8767,159695,80096,97133,0
24828,51153,93183,75981,118011,144336,0
36538,92426,76880,128964,113418,169306,1
23498,10984,54400,34482,77898,65384,0
91360,46620,57741,137980,149101,104361,1
75106,83145,74932,158251,150038,158077,1
92122,97992,55199,190114,147321,153191,1
68165,59020,34552,127185,102717,93572,1
17942,79370,40945,97312,58887,120315,0
70611,30420,35659,101031,106270,66079,0
62860,41375,94692,104235,157552,136067,1
63173,20631,93185,83804,156358,113816,0
80479,26405,62498,106884,142977,88903,1
54736,58731,12869,113467,67605,71600,1
36369,51010,76197,87379,112566,127207,1
69066,1350,44492,70416,113558,45842,0
5008,44325,29977,49333,34985,74302,0
96756,82173,75700,178929,172456,157873,1
35376,23931,38072,59307,73448,62003,1
7632,54325,53197,61957,60829,107522,1
378,3897,21586,4275,21964,25483,0
52410,79525,98351,131935,150761,177876,1
34941,50338,28118,85279,63059,78456,1
27479,86485,45745,113964,73224,132230,0
65117,46245,96564,111362,161681,142809,1
50747,64912,50814,115659,101561,115726,1
6963,61232,23930,68195,30893,85162,0
58033,77013,33503,135046,91536,110516,1
54177,19203,68163,73380,122340,87366,1
42966,61858,49905,104824,92871,111763,1
39767,3536,3243,43303,43010,6779,0
21417,29956,62213,51373,83630,92169,0
58876,48538,50611,107414,109487,99149,1
77641,16854,56591,94495,134232,73445,0
70435,36942,89121,107377,159556,126063,1
13906,17012,71801,30918,85707,88813,0
28575,81392,73036,109967,101611,154428,1
48274,2859,4316,51133,52590,7175,0
34506,11801,71650,46307,106156,83451,0
87144,95326,26328,182470,113472,121654,1
52818,61326,94754,114144,147572,156080,1
99455,69757,57371,169212,156826,127128,1
3415,74898,85264,78313,88679,160162,0
47749,79275,69591,127024,117340,148866,1
62274,6675,44774,68949,107048,51449,0
70259,45608,37583,115867,107842,83191,1
25017,23542,83383,48559,108400,106925,0
99837,89170,44432,189007,144269,133602,1
66677,63633,95976,130310,162653,159609,1
2738,84962,27262,87700,30000,112224,0
23229,14811,78745,38040,101974,93556,0
58535,22939,43046,81474,101581,65985,1
40908,50090,40800,90998,81708,90890,1
55083,68942,19620,124025,74703,88562,1
46427,69388,83892,115815,130319,153280,1
82277,41018,81038,123295,163315,122056,1
94736,54542,52512,149278,147248,107054,1
47157,37169,24918,84326,72075,62087,1
87346,55717,54720,143063,142066,110437,1
87711,98240,60522,185951,148233,158762,1
27191,34361,16232,61552,43423,50593,1
35091,16593,1050,51684,36141,17643,0
60139,89833,10854,149972,70993,100687,0
44173,1237,55351,45410,99524,56588,0
33374,54035,95859,87409,129233,149894,0
58078,94714,99373,152792,157451,194087,1
17031,40719,93463,57750,110494,134182,0
13985,55145,44355,69130,58340,99500,1
85944,2983,30244,88927,116188,33227,0
84078,57955,39510,142033,123588,97465,1
56908,61496,45000,118404,101908,106496,1
14740,63,42837,14803,57577,42900,0
89895,256,22794,90151,112689,23050,0
76183,76867,51946,153050,128129,128813,1
72566,31570,36978,104136,109544,68548,0
54700,4513,9036,59213,63736,13549,0
46441,3405,59056,49846,105497,62461,0
89767,61991,31969,151758,121736,93960,1
81092,73233,91330,154325,172422,164563,1
49127,42248,69502,91375,118629,111750,1
60266,86150,3429,146416,63695,89579,0
51413,9283,37138,60696,88551,46421,0
6433,46195,49168,52628,55601,95363,1
32704,55763,38951,88467,71655,94714,1
77929,32620,64459,110549,142388,97079,1
17812,28629,26027,46441,43839,54656,1
74810,59132,97370,133942,172180,156502,1
81481,98192,76023,179673,157504,174215,1
53488,42912,68365,96400,121853,111277,1
457,91242,90047,91699,90504,181289,0
91030,46827,53203,137857,144233,100030,1
95100,18031,47066,113131,142166,65097,0
45608,75512,14308,121120,59916,89820,0
23630,263,57060,23893,80690,57323,0
41338,71795,9585,113133,50923,81380,0
67720,87675,6278,155395,73998,93953,0
63641,97455,5276,161096,68917,102731,0
12612,59522,78613,72134,91225,138135,0
86121,11285,71142,97406,157263,82427,0
77636,19457,44968,97093,122604,64425,0
54625,3288,13575,57913,68200,16863,0
46984,94793,2,141777,46986,94795,0
69483,65796,54592,135279,124075,120388,1
92409,36415,26784,128824,119193,63199,0
13129,63730,30251,76859,43380,93981,0
43248,75561,41700,118809,84948,117261,1
97133,34151,23396,131284,120529,57547,0
58447,82949,71308,141396,129755,154257,1
55119,82257,89879,137376,144998,172136,1
22462,96992,27666,119454,50128,124658,0
76863,50618,25177,127481,102040,75795,0
9265,82744,98866,92009,108131,181610,0
49603,16726,5753,66329,55356,22479,0
31889,31430,9546,63319,41435,40976,1
80922,36797,5863,117719,86785,42660,0
52361,6158,2066,58519,54427,8224,0
49107,50680,79172,99787,128279,129852,1
45748,93435,57873,139183,103621,151308,1
71379,53252,15645,124631,87024,68897,0
11929,36879,90454,48808,102383,127333,0
64339,53773,28413,118112,92752,82186,1
85465,47257,39406,132722,124871,86663,1
84349,46051,85078,130400,169427,131129,1
68228,10478,47250,78706,115478,57728,0
46603,18759,51193,65362,97796,69952,1
88640,40516,88305,129156,176945,128821,1
58515,84334,64964,142849,123479,149298,1
88520,2528,54436,91048,142956,56964,0
74322,58451,80359,132773,154681,138810,1
93949,36014,4601,129963,98550,40615,0
18104,16312,1608,34416,19712,17920,0
17422,84005,47047,101427,64469,131052,0
18880,65379,28838,84259,47718,94217,0
37028,43916,30382,80944,67410,74298,1
84499,65997,87870,150496,172369,153867,1
49477,69171,77024,118648,126501,146195,1
27962,98119,39818,126081,67780,137937,0
92479,646,66592,93125,159071,67238,0
80442,92165,66800,172607,147242,158965,1
12526,64557,24400,77083,36926,88957,0
34859,66560,61753,101419,96612,128313,1
92126,23578,58248,115704,150374,81826,0
96266,15011,80253,111277,176519,95264,0
27137,70737,18474,97874,45611,89211,0
5579,40654,52288,46233,57867,92942,0
67216,89727,70056,156943,137272,159783,1
66325,18150,47887,84475,114212,66037,0
12354,16294,21849,28648,34203,38143,1
90015,79869,22871,169884,112886,102740,1
95044,65612,64018,160656,159062,129630,1
71832,70021,18189,141853,90021,88210,1
34158,58578,29098,92736,63256,87676,1
29877,69238,14987,99115,44864,84225,0
75573,68875,21798,144448,97371,90673,1
19960,29993,17570,49953,37530,47563,1
44606,45815,49258,90421,93864,95073,1
30705,85306,20059,116011,50764,105365,0
26810,51159,61528,77969,88338,112687,1
28797,13798,90121,42595,118918,103919,0
56372,6303,40984,62675,97356,47287,0
93045,83211,96618,176256,189663,179829,1
82686,71740,20199,154426,102885,91939,1
10994,58076,47383,69070,58377,105459,1
73720,88509,96252,162229,169972,184761,1
72878,45748,90825,118626,163703,136573,1
69693,1073,52685,70766,122378,53758,0
71668,36289,31903,107957,103571,68192,0
39932,19145,35682,59077,75614,54827,1
24467,60716,97528,85183,121995,158244,0
50015,46144,82951,96159,132966,129095,1
64938,16527,37127,81465,102065,53654,0
99575,79775,34259,179350,133834,114034,1
65243,17401,90080,82644,155323,107481,0
90306,30524,14944,120830,105250,45468,0
14021,33361,92637,47382,106658,125998,0
96479,67654,36947,164133,133426,104601,1
74897,51345,67836,126242,142733,119181,1
14990,98295,70439,113285,85429,168734,0
90727,24686,44732,115413,135459,69418,0
8120,81659,61283,89779,69403,142942,0
6852,39717,46271,46569,53123,85988,1
10464,91747,76717,102211,87181,168464,0
56510,38581,45815,95091,102325,84396,1
97157,59426,7369,156583,104526,66795,0
45574,86225,33937,131799,79511,120162,0
40933,54079,85773,95012,126706,139852,1
3493,91001,29764,94494,33257,120765,0
45877,67552,73994,113429,119871,141546,1
92439,64746,38682,157185,131121,103428,1
98364,58023,38390,156387,136754,96413,0
74515,45251,29346,119766,103861,74597,1
96075,96924,50346,192999,146421,147270,1
68226,98653,86274,166879,154500,184927,1
53802,55562,68280,109364,122082,123842,1
19413,22223,99973,41636,119386,122196,0
72899,43909,23041,116808,95940,66950,0
11701,31750,92885,43451,104586,124635,0
1280,28788,5322,30068,6602,34110,0
70977,34434,24874,105411,95851,59308,0
44768,47026,26330,91794,71098,73356,1
62288,89857,85205,152145,147493,175062,1
74137,92863,84018,167000,158155,176881,1
32891,74764,36684,107655,69575,111448,0
12342,92914,29886,105256,42228,122800,0
29142,48259,49195,77401,78337,97454,1
89106,97676,85739,186782,174845,183415,1
83275,33663,24270,116938,107545,57933,0
54284,58006,96572,112290,150856,154578,1
33439,50125,33394,83564,66833,83519,1
14398,39047,89455,53445,103853,128502,0
58125,21618,82631,79743,140756,104249,0
53942,63032,9298,116974,63240,72330,1
3752,39661,90425,43413,94177,130086,0
61913,58046,88861,119959,150774,146907,1
39532,70504,15882,110036,55414,86386,0
17307,15526,3921,32833,21228,19447,1
89312,19341,55699,108653,145011,75040,0
21749,31882,35120,53631,56869,67002,1
43436,98120,44132,141556,87568,142252,0
8695,48819,46236,57514,54931,95055,1
537,91382,35518,91919,36055,126900,0
47508,58618,66099,106126,113607,124717,1
70176,3624,60833,73800,131009,64457,0
97075,29332,87984,126407,185059,117316,1
71532,1916,11602,73448,83134,13518,0
47359,54842,99735,102201,147094,154577,1
21449,59230,9281,80679,30730,68511,0
98563,17131,10499,115694,109062,27630,0
37187,50914,2684,88101,39871,53598,0
40066,18978,22800,59044,62866,41778,1
58450,32520,36519,90970,94969,69039,1
40654,2312,81009,42966,121663,83321,0
89752,84148,72859,173900,162611,157007,1
16670,72828,33806,89498,50476,106634,0
80112,51082,95270,131194,175382,146352,1
95680,82823,84593,178503,180273,167416,1
15617,45169,89397,60786,105014,134566,0
37151,68319,71739,105470,108890,140058,1
48394,2671,69778,51065,118172,72449,0
53966,97996,82317,151962,136283,180313,1
12395,99506,34502,111901,46897,134008,0
10051,8,59066,10059,69117,59074,0
68348,42942,3876,111290,72224,46818,0
31018,60520,80101,91538,111119,140621,1
58753,93415,52397,152168,111150,145812,1
7358,926,87621,8284,94979,88547,0
75283,45233,47602,120516,122885,92835,1
73210,78267,89721,151477,162931,167988,1
82644,34812,67200,117456,149844,102012,1
99181,91665,13166,190846,112347,104831,1
81507,1486,72688,82993,154195,74174,0
49250,48400,85011,97650,134261,133411,1
31558,88763,59326,120321,90884,148089,1
53115,94694,53744,147809,106859,148438,1
62592,64178,65253,126770,127845,129431,1
28950,57212,71652,86162,100602,128864,1
34035,29710,43901,63745,77936,73611,1
19144,28185,77308,47329,96452,105493,0
61722,61098,96100,122820,157822,157198,1
7632,87262,78370,94894,86002,165632,0
41211,90212,98540,131423,139751,188752,1
27846,66939,5448,94785,33294,72387,0
58020,26794,27013,84814,85033,53807,0
69089,76763,38008,145852,107097,114771,1
90559,80346,22171,170905,112730,102517,1
58074,19,55677,58093,113751,55696,0
92278,96078,14602,188356,106880,110680,1
27369,72898,45287,100267,72656,118185,0
24633,88858,80980,113491,105613,169838,1
73202,16858,67795,90060,140997,84653,1
77577,66094,48254,143671,125831,114348,1
50395,30111,44428,80506,94823,74539,1
75845,79130,73523,154975,149368,152653,1
43743,6870,35257,50613,79000,42127,0
97372,46868,37254,144240,134626,84122,0
41108,18190,9998,59298,51106,28188,0
83682,85996,32724,169678,116406,118720,1
27096,37814,31064,64910,58160,68878,1
28202,64661,33980,92863,62182,98641,0
43420,34543,69503,77963,112923,104046,1
58684,70223,20736,128907,79420,90959,1
97443,84480,50539,181923,147982,135019,1
65033,4515,55164,69548,120197,59679,0
26061,33458,16568,59519,42629,50026,1
68860,41649,51015,110509,119875,92664,1
57840,47087,55749,104927,113589,102836,1
31849,79184,91379,111033,123228,170563,1
12540,60010,80242,72550,92782,140252,0
37701,65447,81108,103148,118809,146555,1
485,32928,6725,33413,7210,39653,0
40013,70280,35739,110293,75752,106019,1
56223,61801,36789,118024,93012,98590,1
28370,16643,29806,45013,58176,46449,1
59484,49432,45249,108916,104733,94681,1
80627,51834,58403,132461,139030,110237,1
9459,98941,16,108400,9475,98957,0
89072,13377,51719,102449,140791,65096,0
83356,92648,68579,176004,151935,161227,1
92897,28933,22141,121830,115038,51074,0
92654,78361,17949,171015,110603,96310,1
65919,72890,82267,138809,148186,155157,1
856,83377,49452,84233,50308,132829,0
62078,55829,39886,117907,101964,95715,1
35336,64493,19700,99829,55036,84193,0
89613,80855,15437,170468,105050,96292,1
86801,852,97634,87653,184435,98486,0
12800,94157,67036,106957,79836,161193,0
6459,85537,56454,91996,62913,141991,0
14423,98004,19228,112427,33651,117232,0
25773,25108,15906,50881,41679,41014,1
60585,82902,73111,143487,133696,156013,1
2622,86873,16859,89495,19481,103732,0
82252,38745,30412,120997,112664,69157,0
77007,36543,67046,113550,144053,103589,1
24460,95273,98969,119733,123429,194242,1
39647,77043,55990,116690,95637,133033,1
20679,38391,45630,59070,66309,84021,1
28514,48169,36910,76683,65424,85079,1
17524,79734,77578,97258,95102,157312,1
21228,66392,67453,87620,88681,133845,1
73299,63859,62421,137158,135720,126280,1
17237,38861,35380,56098,52617,74241,1
56028,52715,54745,108743,110773,107460,1
22314,30909,9388,53223,31702,40297,1
11643,10323,99372,21966,111015,109695,0
72496,11384,19722,83880,92218,31106,0
65931,8408,63215,74339,129146,71623,1
11950,42915,41176,54865,53126,84091,1
80375,61828,11534,142203,91909,73362,0
7763,47312,61345,55075,69108,108657,0
69784,96089,7275,165873,77059,103364,0
71723,51536,88255,123259,159978,139791,1
88598,62059,25753,150657,114351,87812,0
14833,19017,65114,33850,79947,84131,0
61124,66218,37278,127342,98402,103496,1
57600,17699,43451,75299,101051,61150,1
85805,20064,65523,105869,151328,85587,0
83378,21160,12595,104538,95973,33755,0
68611,62665,1269,131276,69880,63934,0
2890,60541,66103,63431,68993,126644,0
45791,4293,91090,50084,136881,95383,0
30989,78212,85224,109201,116213,163436,1
54804,4589,14400,59393,69204,18989,0
71254,71556,93793,142810,165047,165349,1
38966,40097,90382,79063,129348,130479,0
98174,39372,29861,137546,128035,69233,0
26657,97510,37229,124167,63886,134739,0
78370,65333,71828,143703,150198,137161,1
92440,73672,42301,166112,134741,115973,1
80897,57972,81854,138869,162751,139826,1
78464,11546,48861,90010,127325,60407,0
88897,3407,56654,92304,145551,60061,0
82189,90399,1809,172588,83998,92208,0
45412,80639,11719,126051,57131,92358,0
61228,57358,28295,118586,89523,85653,1
3720,68823,31913,72543,35633,100736,0
21559,73343,41080,94902,62639,114423,0
42727,43529,21952,86256,64679,65481,1
26736,28623,30651,55359,57387,59274,1
7892,61434,46591,69326,54483,108025,0
58882,36666,82244,95548,141126,118910,1
66262,41615,86855,107877,153117,128470,1
82224,27223,37916,109447,120140,65139,0
41600,60270,48692,101870,90292,108962,1
56752,59639,72928,116391,129680,132567,1
83949,95332,50421,179281,134370,145753,1
32616,18620,67625,51236,100241,86245,0
74130,84012,15480,158142,89610,99492,1
18238,94603,58394,112841,76632,152997,0
29835,79210,68699,109045,98534,147909,1
42616,57101,44619,99717,87235,101720,1
72876,89051,16930,161927,89806,105981,1
99884,45705,79063,145589,178947,124768,1
92221,67949,92613,160170,184834,160562,1
27201,3351,438,30552,27639,3789,0
16276,72834,91417,89110,107693,164251,0
96048,15735,21723,111783,117771,37458,0
98536,96519,54126,195055,152662,150645,1
38245,53832,87641,92077,125886,141473,1
86013,1141,49679,87154,135692,50820,0
98745,22194,15249,120939,113994,37443,0
29764,42272,38325,72036,68089,80597,1
65094,9907,43225,75001,108319,53132,0
14591,65799,10122,80390,24713,75921,0
67968,95622,53243,163590,121211,148865,1
51377,16708,9436,68085,60813,26144,0
58332,55544,9407,113876,67739,64951,1
95834,63933,34819,159767,130653,98752,1
97244,72052,47887,169296,145131,119939,1
46589,15557,84135,62146,130724,99692,0
87728,36386,21808,124114,109536,58194,0
25670,36135,77836,61805,103506,113971,0
89940,30562,74062,120502,164002,104624,1
60482,96890,51880,157372,112362,148770,1
84733,30456,29667,115189,114400,60123,0
36552,9552,41401,46104,77953,50953,1
26703,13798,95751,40501,122454,109549,0
78409,94693,22584,173102,100993,117277,1
6382,9041,90132,15423,96514,99173,0
72729,29784,50091,102513,122820,79875,1
9421,31890,78192,41311,87613,110082,0
28036,47987,4009,76023,32045,51996,0
69361,15932,7933,85293,77294,23865,0
94197,7226,46848,101423,141045,54074,0
33722,20944,80764,54666,114486,101708,0
23435,78831,44686,102266,68121,123517,0
56771,93401,14806,150172,71577,108207,0
25198,82004,97465,107202,122663,179469,1
36290,32123,89815,68413,126105,121938,0
92892,41778,61746,134670,154638,103524,1
62128,6560,25775,68688,87903,32335,0
56371,37648,17128,94019,73499,54776,0
78060,90439,26801,168499,104861,117240,1
33454,63600,42018,97054,75472,105618,1
22984,94280,57648,117264,80632,151928,0
5424,24710,66481,30134,71905,91191,0
94400,89671,56897,184071,151297,146568,1
14101,5833,88435,19934,102536,94268,0
64953,4383,53883,69336,118836,58266,0
13371,34376,32051,47747,45422,66427,1
46514,68986,83582,115500,130096,152568,1
27187,50094,44635,77281,71822,94729,1
71138,73612,56723,144750,127861,130335,1
93897,14051,53083,107948,146980,67134,0
40926,41614,6044,82540,46970,47658,1
48008,30266,93974,78274,141982,124240,0
4139,52454,19847,56593,23986,72301,0
39907,34761,99376,74668,139283,134137,0
75007,8671,35523,83678,110530,44194,0
88403,61571,17786,149974,106189,79357,0
76431,47530,49540,123961,125971,97070,1
12800,27952,67274,40752,80074,95226,0
3992,87744,27771,91736,31763,115515,0
24972,6785,6668,31757,31640,13453,0
50491,78540,49060,129031,99551,127600,1
3757,51293,77574,55050,81331,128867,0
12410,40361,46447,52771,58857,86808,1
37327,73859,48369,111186,85696,122228,1
87312,80389,86678,167701,173990,167067,1
33967,69563,83240,103530,117207,152803,1
44060,79282,49603,123342,93663,128885,1
74073,41614,90140,115687,164213,131754,1
80585,51573,8833,132158,89418,60406,0
58930,93546,97096,152476,156026,190642,1
78627,25502,83830,104129,162457,109332,1
64478,78862,37284,143340,101762,116146,1
9851,58265,2415,68116,12266,60680,0
7943,21319,83946,29262,91889,105265,0
71616,34745,81901,106361,153517,116646,1
51320,19438,65625,70758,116945,85063,1
72335,98476,25286,170811,97621,123762,0
13985,1843,77917,15828,91902,79760,0
6162,19178,69821,25340,75983,88999,0
93993,60896,6433,154889,100426,67329,0
51970,87784,24066,139754,76036,111850,0
88196,6796,53498,94992,141694,60294,0
33597,30985,50354,64582,83951,81339,1
3333,89270,60861,92603,64194,150131,0
32984,83495,71418,116479,104402,154913,1
23913,94622,22458,118535,46371,117080,0
72403,51642,89947,124045,162350,141589,1
51355,1436,78714,52791,130069,80150,0
26615,76811,1555,103426,28170,78366,0
63096,15280,83734,78376,146830,99014,0
54830,22964,15900,77794,70730,38864,0
81767,11269,32546,93036,114313,43815,0
64038,36260,31491,100298,95529,67751,1
32035,15651,95458,47686,127493,111109,0
16460,78133,66564,94593,83024,144697,1
2271,47358,28160,49629,30431,75518,0
73885,14708,49678,88593,123563,64386,0
48467,78553,77615,127020,126082,156168,1
57395,4100,12867,61495,70262,16967,0
23379,8420,13654,31799,37033,22074,0
8577,87360,58923,95937,67500,146283,0
59509,90961,79362,150470,138871,170323,1
52799,72312,1795,125111,54594,74107,0
30876,38951,42395,69827,73271,81346,1
32258,90031,11878,122289,44136,101909,0
17745,49393,2826,67138,20571,52219,0
15628,16873,77732,32501,93360,94605,0
13777,67022,88549,80799,102326,155571,0
60827,4718,18383,65545,79210,23101,0
94184,83490,36857,177674,131041,120347,1
53849,32848,194,86697,54043,33042,0
81816,84951,39461,166767,121277,124412,1
54450,21432,44548,75882,98998,65980,1
26483,40796,23218,67279,49701,64014,1
45161,41140,880,86301,46041,42020,0
93988,95222,65252,189210,159240,160474,1
48428,62990,66326,111418,114754,129316,1
56283,72146,34244,128429,90527,106390,1
25831,38389,50315,64220,76146,88704,1
2422,22306,95012,24728,97434,117318,0
37636,7423,19397,45059,57033,26820,0
13779,71385,68250,85164,82029,139635,1
24027,18113,97076,42140,121103,115189,0
65557,66137,9696,131694,75253,75833,1
25679,49552,11826,75231,37505,61378,0
26904,94117,89201,121021,116105,183318,1
22218,48735,17908,70953,40126,66643,0
91808,28912,67876,120720,159684,96788,1
97032,64097,53447,161129,150479,117544,1
99973,49769,82963,149742,182936,132732,1
54550,77016,99736,131566,154286,176752,1
50222,33055,59796,83277,110018,92851,1
28634,38592,17653,67226,46287,56245,1
69629,76913,37619,146542,107248,114532,1
50921,91258,40449,142179,91370,131707,1
25114,31875,73889,56989,99003,105764,0
15243,5848,73455,21091,88698,79303,0
25805,11604,10794,37409,36599,22398,0
59904,4917,20950,64821,80854,25867,0
99655,77238,77337,176893,176992,154575,1
35423,21288,37599,56711,73022,58887,1
64970,63907,93542,128877,158512,157449,1
68236,81612,81435,149848,149671,163047,1
84634,48802,84035,133436,168669,132837,1
95411,61758,35342,157169,130753,97100,1
15795,10448,21912,26243,37707,32360,1
3771,83985,82592,87756,86363,166577,1
66391,44428,53417,110819,119808,97845,1
49070,68628,35870,117698,84940,104498,1
97603,38120,96612,135723,194215,134732,1
75936,24839,35891,100775,111827,60730,0
57436,72623,98033,130059,155469,170656,1
47150,21199,51944,68349,99094,73143,1
75847,54655,53954,130502,129801,108609,1
70643,45214,85192,115857,155835,130406,1
35111,53748,7503,88859,42614,61251,0
19336,70549,51740,89885,71076,122289,1
43973,92931,64146,136904,108119,157077,1
28988,31766,11956,60754,40944,43722,1
58309,28718,90615,87027,148924,119333,0
5100,28724,32441,33824,37541,61165,1
54510,26118,17044,80628,71554,43162,0
10924,58187,93250,69111,104174,151437,0
78799,67233,22022,146032,100821,89255,1
1273,37029,81699,38302,82972,118728,0
99261,1196,55471,100457,154732,56667,0
4914,92031,55316,96945,60230,147347,0
3650,35670,44070,39320,47720,79740,0
28869,39229,62550,68098,91419,101779,1
12121,41845,32458,53966,44579,74303,1
89219,57990,81314,147209,170533,139304,1
97289,66545,95558,163834,192847,162103,1
45372,44247,75907,89619,121279,120154,1
59559,98507,93213,158066,152772,191720,1
92167,15451,5803,107618,97970,21254,0
27393,44483,76043,71876,103436,120526,0
28707,38350,9306,67057,38013,47656,0
66018,13507,59771,79525,125789,73278,1
92757,88037,69043,180794,161800,157080,1
84595,98676,84663,183271,169258,183339,1
61886,49170,40535,111056,102421,89705,1
21648,35655,29991,57303,51639,65646,1
12007,7613,1188,19620,13195,8801,0
19900,73261,11370,93161,31270,84631,0
31606,63769,89117,95375,120723,152886,1
12218,48785,9796,61003,22014,58581,0
86377,90595,58198,176972,144575,148793,1
79994,34544,88668,114538,168662,123212,1
72011,34416,38136,106427,110147,72552,1
51864,68653,31112,120517,82976,99765,1
67471,27783,99996,95254,167467,127779,0
75895,17296,32038,93191,107933,49334,0
15481,87781,82495,103262,97976,170276,1
12070,39245,36198,51315,48268,75443,1
60938,55415,24109,116353,85047,79524,1
64041,6628,11293,70669,75334,17921,0
64301,59697,11329,123998,75630,71026,1
2316,72507,79665,74823,81981,152172,0
64206,98568,56592,162774,120798,155160,1
353,72780,44196,73133,44549,116976,0
90632,70478,21917,161110,112549,92395,1
94763,14742,46411,109505,141174,61153,0
8953,97516,51726,106469,60679,149242,0
75738,11025,72399,86763,148137,83424,1
36649,27045,23441,63694,60090,50486,1
50209,94071,9217,144280,59426,103288,0
88055,65545,70379,153600,158434,135924,1
76832,91113,57145,167945,133977,148258,1
67902,11460,2891,79362,70793,14351,0
64199,9483,39329,73682,103528,48812,0
33699,33295,9612,66994,43311,42907,1
87400,3015,22837,90415,110237,25852,0
33756,99450,10524,133206,44280,109974,0
12464,3442,86375,15906,98839,89817,0
67841,87074,30305,154915,98146,117379,1
19208,60730,35776,79938,54984,96506,0
73404,98372,19989,171776,93393,118361,0
1345,86170,44914,87515,46259,131084,0
99993,55076,64219,155069,164212,119295,1
18535,17377,9112,35912,27647,26489,1
81573,44492,8446,126065,90019,52938,0
55566,3019,53741,58585,109307,56760,1
34107,8211,20179,42318,54286,28390,0
36119,2557,54344,38676,90463,56901,0
76335,36945,48786,113280,125121,85731,1
73233,30306,71907,103539,145140,102213,1
37806,44676,42277,82482,80083,86953,1
39435,62297,88855,101732,128290,151152,1
4921,77194,43017,82115,47938,120211,0
15878,99198,93743,115076,109621,192941,1
19513,63400,85076,82913,104589,148476,0
40052,7299,7045,47351,47097,14344,0
29328,95669,92699,124997,122027,188368,1
52234,40588,29094,92822,81328,69682,1
29833,59866,24934,89699,54767,84800,0
25827,16981,84286,42808,110113,101267,0
41157,82438,61161,123595,102318,143599,1
12029,60225,81301,72254,93330,141526,0
46179,31703,38144,77882,84323,69847,1
89197,13735,39951,102932,129148,53686,0
52476,45536,89946,98012,142422,135482,1
8444,13626,10338,22070,18782,23964,1
61862,73144,27209,135006,89071,100353,1
70194,79686,46148,149880,116342,125834,1
27881,40525,45819,68406,73700,86344,1
27564,12074,55363,39638,82927,67437,0
20790,94265,66101,115055,86891,160366,0
55608,76501,83286,132109,138894,159787,1
85177,85971,22147,171148,107324,108118,1
86759,77838,66215,164597,152974,144053,1
31420,47367,99209,78787,130629,146576,0
10797,93541,87946,104338,98743,181487,1
27245,5248,70248,32493,97493,75496,0
17446,93353,64673,110799,82119,158026,0
73054,93701,28025,166755,101079,121726,1
79316,44549,78209,123865,157525,122758,1
38963,16146,70760,55109,109723,86906,0
30212,83417,48164,113629,78376,131581,0
42047,72618,59674,114665,101721,132292,1
9729,63514,57,73243,9786,63571,0
30035,39056,34671,69091,64706,73727,1
79468,79857,19283,159325,98751,99140,1
9173,50803,18345,59976,27518,69148,0
74088,47318,88265,121406,162353,135583,1
63843,67285,92424,131128,156267,159709,1
31459,6106,57058,37565,88517,63164,0
40702,9642,68194,50344,108896,77836,0
80115,98669,41833,178784,121948,140502,1
82819,9576,52428,92395,135247,62004,0
83638,36151,73390,119789,157028,109541,1
78294,55828,50470,134122,128764,106298,1
167,57894,16873,58061,17040,74767,0
41925,60323,93526,102248,135451,153849,1
51069,65438,47176,116507,98245,112614,1
69032,39878,16926,108910,85958,56804,0
62191,85431,42437,147622,104628,127868,1
36407,79559,36361,115966,72768,115920,0
42388,73431,74541,115819,116929,147972,1
78969,87075,60807,166044,139776,147882,1
47813,93778,73578,141591,121391,167356,1
9781,45855,71337,55636,81118,117192,0
63742,7888,79270,71630,143012,87158,0
5677,92781,6390,98458,12067,99171,0
43312,31030,69170,74342,112482,100200,1
60994,59159,99574,120153,160568,158733,1
53097,26115,74360,79212,127457,100475,1
22058,25385,48975,47443,71033,74360,0
79160,15533,49228,94693,128388,64761,0
95411,84923,41084,180334,136495,126007,1
40450,3494,47020,43944,87470,50514,0
57880,68175,83816,126055,141696,151991,1
30607,97841,39464,128448,70071,137305,0
24952,78371,47624,103323,72576,125995,0
6853,9345,25987,16198,32840,35332,0
82120,44739,13029,126859,95149,57768,0
4077,90395,65232,94472,69309,155627,0
19560,67227,76598,86787,96158,143825,1
14444,39193,76139,53637,90583,115332,0
89005,63695,60278,152700,149283,123973,1
92398,77915,81281,170313,173679,159196,1
68365,33187,44520,101552,112885,77707,1
19949,67231,30199,87180,50148,97430,0
69561,39615,93364,109176,162925,132979,1
93670,24040,53718,117710,147388,77758,0
31829,49997,66315,81826,98144,116312,1
5558,72344,71616,77902,77174,143960,1
62311,28286,24091,90597,86402,52377,0
16139,69880,69644,86019,85783,139524,1
55979,555,9073,56534,65052,9628,0
607,39824,73792,40431,74399,113616,0
55934,76164,67091,132098,123025,143255,1
18099,67305,71112,85404,89211,138417,1
15770,85621,52768,101391,68538,138389,0
11572,32204,11234,43776,22806,43438,0
57162,50205,39067,107367,96229,89272,1
78056,56390,72006,134446,150062,128396,1
42250,17625,70695,59875,112945,88320,0
10500,89877,54307,100377,64807,144184,0
40817,5295,65894,46112,106711,71189,0
4485,13388,84921,17873,89406,98309,0
6780,68046,64744,74826,71524,132790,1
28090,21097,79151,49187,107241,100248,0
31560,39108,40542,70668,72102,79650,1
32436,67697,1121,100133,33557,68818,0
20557,69032,6359,89589,26916,75391,0
33003,16955,51428,49958,84431,68383,0
93698,13604,54489,107302,148187,68093,0
22989,70600,3652,93589,26641,74252,0
8353,5473,64133,13826,72486,69606,0
47058,53655,40167,100713,87225,93822,1
64505,75983,87256,140488,151761,163239,1
16680,28228,41100,44908,57780,69328,1
76146,62675,58024,138821,134170,120699,1
69079,83510,60778,152589,129857,144288,1
75085,70557,3515,145642,78600,74072,0
10816,35356,26834,46172,37650,62190,1
60785,35409,65174,96194,125959,100583,1
85275,33385,30378,118660,115653,63763,0
56806,87646,62301,144452,119107,149947,1
9493,3868,30624,13361,40117,34492,0
83234,51071,6548,134305,89782,57619,0
50060,74543,66408,124603,116468,140951,1
93361,64968,94928,158329,188289,159896,1
81216,19007,42856,100223,124072,61863,0
14569,38752,7981,53321,22550,46733,0
96898,80212,92856,177110,189754,173068,1
92541,28705,62715,121246,155256,91420,0
74524,36042,67420,110566,141944,103462,1
85825,46442,64605,132267,150430,111047,1
36793,30466,30750,67259,67543,61216,1
53109,76119,16419,129228,69528,92538,0
63144,70021,71129,133165,134273,141150,1
77774,76382,57952,154156,135726,134334,1
60464,57683,22706,118147,83170,80389,1
41087,73879,11208,114966,52295,85087,0
85287,16409,43388,101696,128675,59797,0
55626,49695,39095,105321,94721,88790,1
40147,38839,86447,78986,126594,125286,0
91834,45069,64452,136903,156286,109521,1
32351,81725,31762,114076,64113,113487,0
58383,405,97303,58788,155686,97708,0
35209,73136,25932,108345,61141,99068,0
52878,62663,42815,115541,95693,105478,1
6782,84024,66934,90806,73716,150958,0
57191,46170,72385,103361,129576,118555,1
70135,35812,16666,105947,86801,52478,0
22674,21900,20153,44574,42827,42053,1
82361,59660,42379,142021,124740,102039,1
54765,42050,30694,96815,85459,72744,1
41436,49168,80579,90604,122015,129747,1
75876,94342,93369,170218,169245,187711,1
36128,40689,27849,76817,63977,68538,1
51743,30264,30875,82007,82618,61139,1
88926,85459,71280,174385,160206,156739,1
29715,3539,67565,33254,97280,71104,0
30613,93912,33147,124525,63760,127059,0
63452,10903,76646,74355,140098,87549,0
37255,89,83610,37344,120865,83699,0
58833,10050,87197,68883,146030,97247,0
46649,56269,46868,102918,93517,103137,1
19539,81875,67678,101414,87217,149553,1
79846,66143,14394,145989,94240,80537,1
10103,95528,96458,105631,106561,191986,1
46482,63861,82983,110343,129465,146844,1
26525,87363,42978,113888,69503,130341,0
47553,4678,52664,52231,100217,57342,0
86329,94428,56033,180757,142362,150461,1
45235,71286,76590,116521,121825,147876,1
38385,61037,90696,99422,129081,151733,1
61190,33084,58736,94274,119926,91820,1
56477,61794,46954,118271,103431,108748,1
75012,77800,1612,152812,76624,79412,0
34067,8172,93699,42239,127766,101871,0
43662,28226,43813,71888,87475,72039,1
10064,95906,65389,105970,75453,161295,0
51641,49207,69747,100848,121388,118954,1
52643,70801,92284,123444,144927,163085,1
12642,18285,93911,30927,106553,112196,0
91373,80566,92890,171939,184263,173456,1
48919,78959,9862,127878,58781,88821,0
70334,24230,54592,94564,124926,78822,1
21859,85591,28807,107450,50666,114398,0
38674,86835,14790,125509,53464,101625,0
72354,22437,45458,94791,117812,67895,0
56803,79914,7018,136717,63821,86932,0
37335,51288,27749,88623,65084,79037,1
96153,15860,60700,112013,156853,76560,0
86459,57618,61124,144077,147583,118742,1
88233,69174,72459,157407,160692,141633,1
4567,47906,28273,52473,32840,76179,0
77634,98560,31694,176194,109328,130254,1
21642,19694,17111,41336,38753,36805,1
90640,13310,51433,103950,142073,64743,0
45690,98656,24278,144346,69968,122934,0
6189,78428,58331,84617,64520,136759,0
84424,66477,69672,150901,154096,136149,1
26535,9821,59925,36356,86460,69746,0
93715,10285,27154,104000,120869,37439,0
17145,68829,82333,85974,99478,151162,1
712,33122,68716,33834,69428,101838,0
80628,60408,21199,141036,101827,81607,1
90402,41764,60894,132166,151296,102658,1
50156,60139,49530,110295,99686,109669,1
64400,66991,81809,131391,146209,148800,1
12323,45186,46322,57509,58645,91508,1
33800,776,87828,34576,121628,88604,0
32148,47229,56338,79377,88486,103567,1
9582,55055,10317,64637,19899,65372,0
95609,1634,12719,97243,108328,14353,0
96991,57470,80063,154461,177054,137533,1
17506,51719,62121,69225,79627,113840,1
11947,72015,94507,83962,106454,166522,0
68619,65308,70234,133927,138853,135542,1
80618,14846,43540,95464,124158,58386,0
54555,9926,32699,64481,87254,42625,0
45892,97333,55023,143225,100915,152356,1
74202,30522,6947,104724,81149,37469,0
8424,38884,80594,47308,89018,119478,0
1604,48698,50562,50302,52166,99260,0
17192,97874,11496,115066,28688,109370,0
643,54413,27488,55056,28131,81901,0
66344,46294,55232,112638,121576,101526,1
31814,13762,12687,45576,44501,26449,0
15053,33223,91592,48276,106645,124815,0
87379,2882,64047,90261,151426,66929,0
84690,5343,75350,90033,160040,80693,0
78386,14264,69584,92650,147970,83848,1
55800,88276,66014,144076,121814,154290,1
63269,20883,34268,84152,97537,55151,0
13565,7113,21512,20678,35077,28625,0
58201,50396,16819,108597,75020,67215,1
54962,92200,26181,147162,81143,118381,0
34330,26324,87177,60654,121507,113501,0
42267,81496,8262,123763,50529,89758,0
1584,89722,36621,91306,38205,126343,0
42263,92119,38451,134382,80714,130570,0
34396,68743,35175,103139,69571,103918,1
67875,53282,17387,121157,85262,70669,1
61614,93446,18455,155060,80069,111901,0
56972,94621,22586,151593,79558,117207,0
6985,52532,63087,59517,70072,115619,0
30220,25952,97372,56172,127592,123324,0
20107,7038,86645,27145,106752,93683,0
49621,67836,8187,117457,57808,76023,0
75485,17329,95794,92814,171279,113123,0
74443,14419,49229,88862,123672,63648,0
33615,86500,5220,120115,38835,91720,0
8580,466,31301,9046,39881,31767,0
47638,23145,26096,70783,73734,49241,1
23898,57424,52964,81322,76862,110388,1
58711,68655,55666,127366,114377,124321,1
45486,88670,15235,134156,60721,103905,0
71049,5566,80953,76615,152002,86519,0
50169,56486,6427,106655,56596,62913,1
17339,25939,50478,43278,67817,76417,0
77168,88882,6675,166050,83843,95557,0
4526,54762,77175,59288,81701,131937,0
64636,86591,63473,151227,128109,150064,1
73790,79288,99551,153078,173341,178839,1
78837,24721,40863,103558,119700,65584,0
40181,4381,98388,44562,138569,102769,0
80855,27981,46117,108836,126972,74098,0
83810,90111,78137,173921,161947,168248,1
4605,87750,87061,92355,91666,174811,1
79155,71949,64040,151104,143195,135989,1
15883,61282,19904,77165,35787,81186,0
69978,56140,59348,126118,129326,115488,1
53849,95376,30701,149225,84550,126077,0
57585,36620,52882,94205,110467,89502,1
45225,74645,14997,119870,60222,89642,0
3061,93315,90751,96376,93812,184066,1
95738,72504,34405,168242,130143,106909,1
48612,1072,87793,49684,136405,88865,0
23856,82929,16804,106785,40660,99733,0
93293,73204,39575,166497,132868,112779,1
93800,29557,3972,123357,97772,33529,0
68694,45055,71189,113749,139883,116244,1
7204,24809,25918,32013,33122,50727,1
19117,43174,61742,62291,80859,104916,1
97800,29564,68680,127364,166480,98244,1
61873,36491,16904,98364,78777,53395,0
77830,14006,31436,91836,109266,45442,0
80905,94547,55799,175452,136704,150346,1
93872,54404,29097,148276,122969,83501,0
62506,88878,31048,151384,93554,119926,1
18812,41696,30123,60508,48935,71819,1
73477,72580,98085,146057,171562,170665,1
78650,82535,67854,161185,146504,150389,1
84056,50256,93952,134312,178008,144208,1
34741,10988,90802,45729,125543,101790,0
98965,72068,93677,171033,192642,165745,1
83125,44766,36740,127891,119865,81506,0
71191,47994,45774,119185,116965,93768,1
54842,50995,99055,105837,153897,150050,1
41731,6529,15755,48260,57486,22284,0
8859,3357,67008,12216,75867,70365,0
3862,44847,93232,48709,97094,138079,0
4638,20296,81437,24934,86075,101733,0
79562,1529,13515,81091,93077,15044,0
25502,32104,95333,57606,120835,127437,0
28268,1022,22320,29290,50588,23342,0
40977,28163,77671,69140,118648,105834,0
66190,18959,75788,85149,141978,94747,1
63249,5328,16576,68577,79825,21904,0
68280,52981,18779,121261,87059,71760,1
54482,28463,46885,82945,101367,75348,1
62483,84996,1924,147479,64407,86920,0
89442,80850,34143,170292,123585,114993,1
83226,43209,42115,126435,125341,85324,1
52802,11824,44603,64626,97405,56427,1
32667,16082,8474,48749,41141,24556,0
1233,49671,53854,50904,55087,103525,0
10108,65444,48454,75552,58562,113898,0
59227,34418,18718,93645,77945,53136,0
15529,84082,8044,99611,23573,92126,0
88849,74666,51689,163515,140538,126355,1
87202,78780,27987,165982,115189,106767,1
21069,70846,295,91915,21364,71141,0
64694,51721,5901,116415,70595,57622,0
43531,39421,14638,82952,58169,54059,1
65151,51848,56518,116999,121669,108366,1
90931,47540,38720,138471,129651,86260,0
15796,32918,60465,48714,76261,93383,0
80464,43149,64503,123613,144967,107652,1
31795,28298,85518,60093,117313,113816,0
14150,18236,37056,32386,51206,55292,0
23030,96113,38218,119143,61248,134331,0
76281,38558,69334,114839,145615,107892,1
56615,11233,67139,67848,123754,78372,1
18510,93244,79464,111754,97974,172708,1
99981,42897,89503,142878,189484,132400,1
90198,64445,61534,154643,151732,125979,1
95765,34224,57907,129989,153672,92131,0
12136,93547,88430,105683,100566,181977,1
34552,82056,24750,116608,59302,106806,0
53370,51972,75753,105342,129123,127725,1
11151,25806,86390,36957,97541,112196,0
51852,68334,93579,120186,145431,161913,1
50452,32693,92550,83145,143002,125243,0
38522,24435,49574,62957,88096,74009,1
43135,96078,34475,139213,77610,130553,0
49434,5223,97537,54657,146971,102760,0
33899,9059,93594,42958,127493,102653,0
91801,14642,79886,106443,171687,94528,1
12985,29048,33261,42033,46246,62309,1
7844,87160,42491,95004,50335,129651,0
57539,13370,19454,70909,76993,32824,0
12193,6261,48182,18454,60375,54443,0
47034,21624,87331,68658,134365,108955,0
44050,97835,12331,141885,56381,110166,0
7748,8122,22946,15870,30694,31068,0
84109,55568,23663,139677,107772,79231,0
42107,45080,40420,87187,82527,85500,1
4099,90712,96337,94811,100436,187049,0
50452,89254,22439,139706,72891,111693,0
27030,58775,4494,85805,31524,63269,0
88188,90721,20191,178909,108379,110912,1
24841,98920,39011,123761,63852,137931,0
54806,42902,72370,97708,127176,115272,1
76290,69036,40781,145326,117071,109817,1
47652,18216,89630,65868,137282,107846,0
82830,70176,62243,153006,145073,132419,1
82007,36804,30293,118811,112300,67097,0
62577,10444,55406,73021,117983,65850,1
27650,54403,70369,82053,98019,124772,1
20572,83151,44491,103723,65063,127642,0
52311,72610,45833,124921,98144,118443,1
981,45474,30661,46455,31642,76135,0
31432,81285,19503,112717,50935,100788,0
11289,17025,21469,28314,32758,38494,1
39694,29498,15765,69192,55459,45263,1
54264,66252,20998,120516,75262,87250,1
19004,81372,91201,100376,110205,172573,1
66951,85399,46840,152350,113791,132239,1
15812,19107,14204,34919,30016,33311,1
17028,8278,13271,25306,30299,21549,1
56385,20323,80637,76708,137022,100960,0
38881,15748,86211,54629,125092,101959,0
18902,48819,79328,67721,98230,128147,0
14849,31982,74117,46831,88966,106099,0
31155,38762,47906,69917,79061,86668,1
7141,37611,68214,44752,75355,105825,0
11236,96218,2350,107454,13586,98568,0
16341,68749,57855,85090,74196,126604,1
92979,25131,18699,118110,111678,43830,0
40080,34334,19975,74414,60055,54309,1
25160,13119,11488,38279,36648,24607,0
78854,24026,8137,102880,86991,32163,0
54750,37293,38112,92043,92862,75405,1
70283,79800,87173,150083,157456,166973,1
41446,78398,97205,119844,138651,175603,1
48362,31551,63185,79913,111547,94736,1
25815,41863,35687,67678,61502,77550,1
45061,7630,65338,52691,110399,72968,0
44602,33602,27140,78204,71742,60742,1
15247,40068,14028,55315,29275,54096,0
71902,22714,8245,94616,80147,30959,0
35586,24383,87032,59969,122618,111415,0
54848,23322,87961,78170,142809,111283,0
14905,73699,5380,88604,20285,79079,0
30942,12501,39790,43443,70732,52291,1
39982,85011,58912,124993,98894,143923,1
98266,59250,39776,157516,138042,99026,1
56284,78181,27602,134465,83886,105783,1
75391,21907,50628,97298,126019,72535,0
59362,53945,55728,113307,115090,109673,1
75469,28329,96443,103798,171912,124772,1
83938,83394,27523,167332,111461,110917,1
72901,88527,26781,161428,99682,115308,1
41137,16951,95082,58088,136219,112033,0
57747,47757,66609,105504,124356,114366,1
21465,19329,78063,40794,99528,97392,0
22743,58362,25191,81105,47934,83553,0
25294,94935,2881,120229,28175,97816,0
10679,78008,71884,88687,82563,149892,1
93169,44932,97820,138101,190989,142752,1
60770,2306,36728,63076,97498,39034,0
53066,24492,35677,77558,88743,60169,1
13456,50661,32579,64117,46035,83240,0
55802,39072,62885,94874,118687,101957,1
78834,76272,42782,155106,121616,119054,1
82305,91883,58505,174188,140810,150388,1
18712,37425,77456,56137,96168,114881,0
3837,61598,78256,65435,82093,139854,0
67607,75638,45714,143245,113321,121352,1
48212,67259,62652,115471,110864,129911,1
52952,81243,73265,134195,126217,154508,1
23518,92372,8270,115890,31788,100642,0
1999,47614,43957,49613,45956,91571,0
1524,8419,74506,9943,76030,82925,0
87911,77077,60372,164988,148283,137449,1
19786,95343,55,115129,19841,95398,0
33156,21798,9661,54954,42817,31459,0
25536,62416,615,87952,26151,63031,0
61999,99166,45712,161165,107711,144878,1
83104,32933,15809,116037,98913,48742,0
91216,69464,28769,160680,119985,98233,1
53465,99241,75246,152706,128711,174487,1
13928,70573,42698,84501,56626,113271,0
56290,53792,95955,110082,152245,149747,1
70910,16763,25433,87673,96343,42196,0
16549,84292,38313,100841,54862,122605,0
50767,80127,62403,130894,113170,142530,1
74987,21970,70595,96957,145582,92565,1
4889,69668,67955,74557,72844,137623,1
66460,77442,24038,143902,90498,101480,1
41806,55142,69859,96948,111665,125001,1
14010,69406,47149,83416,61159,116555,0
46378,81222,33183,127600,79561,114405,0
37934,70577,20151,108511,58085,90728,0
16036,76667,15779,92703,31815,92446,0
88080,26130,4247,114210,92327,30377,0
24643,86749,13446,111392,38089,100195,0
38588,79277,65223,117865,103811,144500,1
34642,39995,83275,74637,117917,123270,0
49250,84034,24663,133284,73913,108697,0
49804,27964,52336,77768,102140,80300,1
25083,90221,66764,115304,91847,156985,1
94464,60736,99401,155200,193865,160137,1
34693,82005,63557,116698,98250,145562,1
36146,5942,91391,42088,127537,97333,0
97372,45886,9894,143258,107266,55780,0
34007,95174,21237,129181,55244,116411,0
73871,91525,85558,165396,159429,177083,1
96418,67808,75995,164226,172413,143803,1
5618,33002,84950,38620,90568,117952,0
32889,3177,62715,36066,95604,65892,0
65467,67340,42530,132807,107997,109870,1
94706,6526,33086,101232,127792,39612,0
4020,92641,76440,96661,80460,169081,0
60569,40879,70491,101448,131060,111370,1
44158,78212,8786,122370,52944,86998,0
25377,93927,15884,119304,41261,109811,0
78995,38531,85266,117526,164261,123797,1
61373,89942,10522,151315,71895,100464,0
45860,34661,14038,80521,59898,48699,1
9118,51370,71022,60488,80140,122392,0
80827,33885,72968,114712,153795,106853,1
14411,74428,54121,88839,68532,128549,0
36099,68119,58902,104218,95001,127021,1
16692,17780,59371,34472,76063,77151,0
6488,36858,27659,43346,34147,64517,0
54701,75367,14442,130068,69143,89809,0
50182,27991,96919,78173,147101,124910,0
31221,61409,2718,92630,33939,64127,0
45864,6593,54402,52457,100266,60995,0
2663,57289,13672,59952,16335,70961,0
21173,69823,18942,90996,40115,88765,0
61532,81348,29153,142880,90685,110501,1
32766,88699,15106,121465,47872,103805,0
46930,80983,38654,127913,85584,119637,1
33083,32093,79405,65176,112488,111498,0
79447,2975,53291,82422,132738,56266,0
246,42262,66421,42508,66667,108683,0
56042,36983,54153,93025,110195,91136,1
369,67775,77719,68144,78088,145494,0
102,20273,13768,20375,13870,34041,0
79163,31004,98767,110167,177930,129771,1
74466,46270,72194,120736,146660,118464,1
41423,43715,37287,85138,78710,81002,1
88839,89522,28200,178361,117039,117722,1
20494,48413,23773,68907,44267,72186,0
50507,40448,31419,90955,81926,71867,1
64602,42366,86891,106968,151493,129257,1
26007,25480,42231,51487,68238,67711,1
85318,49101,59423,134419,144741,108524,1
28043,85784,51331,113827,79374,137115,0
48733,11671,3037,60404,51770,14708,0
92842,25821,21787,118663,114629,47608,0
52969,34953,90520,87922,143489,125473,0
35848,23107,6202,58955,42050,29309,0
41323,36053,61438,77376,102761,97491,1
90046,25756,21524,115802,111570,47280,0
45843,16441,59680,62284,105523,76121,1
94346,14001,833,108347,95179,14834,0
87438,41,42442,87479,129880,42483,0
12705,11074,66610,23779,79315,77684,0
24743,95998,52153,120741,76896,148151,0
2317,25555,57539,27872,59856,83094,0
62939,28165,9527,91104,72466,37692,0
67885,85944,63109,153829,130994,149053,1
29705,74846,5446,104551,35151,80292,0
53945,81838,77223,135783,131168,159061,1
84400,11704,87705,96104,172105,99409,1
58822,82553,68990,141375,127812,151543,1
90118,19603,35898,109721,126016,55501,0
47318,98041,30066,145359,77384,128107,0
96737,93327,46074,190064,142811,139401,1
97028,48246,59431,145274,156459,107677,1
23428,16569,68015,39997,91443,84584,0
7548,97522,47875,105070,55423,145397,0
86459,21809,52360,108268,138819,74169,0
38626,92588,44586,131214,83212,137174,0
85782,37780,29677,123562,115459,67457,0
77592,65002,19775,142594,97367,84777,1
3088,3605,3203,6693,6291,6808,1
69010,68644,14611,137654,83621,83255,1
30987,33996,20365,64983,51352,54361,1
16623,71091,12855,87714,29478,83946,0
65400,23961,7354,89361,72754,31315,0
10713,24338,32447,35051,43160,56785,1
39210,14163,31855,53373,71065,46018,1
96582,47101,36957,143683,133539,84058,0
6866,43414,36859,50280,43725,80273,1
30942,53277,10789,84219,41731,64066,0
61852,41574,53934,103426,115786,95508,1
93147,96002,82119,189149,175266,178121,1
36346,49803,82026,86149,118372,131829,1
16258,24155,61135,40413,77393,85290,0
90605,29080,40682,119685,131287,69762,0
33432,90164,9746,123596,43178,99910,0
86027,79398,64188,165425,150215,143586,1
4699,80363,44053,85062,48752,124416,0
55359,95052,64686,150411,120045,159738,1
21217,20612,11858,41829,33075,32470,1
84584,6935,99290,91519,183874,106225,0
87403,33921,79261,121324,166664,113182,1
43069,88574,6854,131643,49923,95428,0
97108,26242,75771,123350,172879,102013,1
75288,74067,35223,149355,110511,109290,1
79457,1168,79129,80625,158586,80297,1
9936,15225,1637,25161,11573,16862,0
42952,34589,30658,77541,73610,65247,1
34124,61892,44942,96016,79066,106834,1
50647,78407,79346,129054,129993,157753,1
7544,37031,45574,44575,53118,82605,0
22222,50148,16485,72370,38707,66633,0
95489,41420,84058,136909,179547,125478,1
91202,33668,86467,124870,177669,120135,1
44328,53349,5535,97677,49863,58884,0
93807,71303,47416,165110,141223,118719,1
77574,84055,49689,161629,127263,133744,1
16706,41404,81752,58110,98458,123156,0
14644,54635,8768,69279,23412,63403,0
69223,74966,67150,144189,136373,142116,1
36425,1377,53718,37802,90143,55095,0
38614,56288,51174,94902,89788,107462,1
23347,47123,17192,70470,40539,64315,0
80941,90940,44574,171881,125515,135514,1
80973,42983,73217,123956,154190,116200,1
41332,51662,86164,92994,127496,137826,1
93942,19588,1469,113530,95411,21057,0
36131,5510,41368,41641,77499,46878,1
27361,32686,74519,60047,101880,107205,0
41601,99127,18995,140728,60596,118122,0
38983,29125,84745,68108,123728,113870,0
1191,28642,66640,29833,67831,95282,0
99684,24980,40251,124664,139935,65231,0
85771,93477,82878,179248,168649,176355,1
72850,56212,11616,129062,84466,67828,0
41208,21584,86572,62792,127780,108156,0
58273,97120,94318,155393,152591,191438,1
22067,96322,902,118389,22969,97224,0
86329,78072,18728,164401,105057,96800,1
62224,34686,71150,96910,133374,105836,1
98016,7056,46445,105072,144461,53501,0
96466,21532,89983,117998,186449,111515,1
82220,16458,69331,98678,151551,85789,1
3478,12948,89300,16426,92778,102248,0
97742,27545,53883,125287,151625,81428,0
75273,36151,48925,111424,124198,85076,1
5238,62118,53893,67356,59131,116011,0
29472,94412,3802,123884,33274,98214,0
51568,24767,58613,76335,110181,83380,1
16815,47361,83285,64176,100100,130646,0
30156,17945,98971,48101,129127,116916,0
49814,75072,55831,124886,105645,130903,1
42034,21760,11846,63794,53880,33606,0
49542,81462,51775,131004,101317,133237,1
45012,64393,33215,109405,78227,97608,1
73736,53508,29278,127244,103014,82786,1
29640,52424,97733,82064,127373,150157,0
81262,58133,95148,139395,176410,153281,1
65431,30496,32261,95927,97692,62757,0
24142,61429,690,85571,24832,62119,0
75904,47756,94153,123660,170057,141909,1
12057,51138,86768,63195,98825,137906,0
96522,69748,86689,166270,183211,156437,1
37753,13937,24676,51690,62429,38613,1
46958,390,48102,47348,95060,48492,0
45719,71201,57001,116920,102720,128202,1
24257,92426,3751,116683,28008,96177,0
49215,2608,83906,51823,133121,86514,0
59369,39868,88724,99237,148093,128592,1
84471,79341,47016,163812,131487,126357,1
69614,85909,54520,155523,124134,140429,1
80735,99913,33916,180648,114651,133829,1
48174,40673,33665,88847,81839,74338,1
22897,73092,65083,95989,87980,138175,1
74496,60962,59440,135458,133936,120402,1
84635,37975,22384,122610,107019,60359,0
85499,17435,22001,102934,107500,39436,0
10981,43017,39506,53998,50487,82523,1
69947,16932,49525,86879,119472,66457,0
65586,62078,89871,127664,155457,151949,1
70219,6551,15994,76770,86213,22545,0
93938,31761,18545,125699,112483,50306,0
30225,65520,68698,95745,98923,134218,1
4091,85659,40400,89750,44491,126059,0
21602,32703,88466,54305,110068,121169,0
34713,58823,84164,93536,118877,142987,1
84870,35094,53418,119964,138288,88512,1
62269,92413,54241,154682,116510,146654,1
33825,68933,2675,102758,36500,71608,0
10041,58329,16595,68370,26636,74924,0
82725,29873,4870,112598,87595,34743,0
8371,83515,39905,91886,48276,123420,0
99356,93789,36111,193145,135467,129900,1
36465,84432,10303,120897,46768,94735,0
74591,76735,67854,151326,142445,144589,1
58532,55925,40687,114457,99219,96612,1
56800,83759,24367,140559,81167,108126,0
12436,95375,58103,107811,70539,153478,0
49705,30027,52331,79732,102036,82358,1
13027,64506,80988,77533,94015,145494,0
39442,18196,86923,57638,126365,105119,0
89920,17333,82092,107253,172012,99425,1
13223,83050,48531,96273,61754,131581,0
89806,53271,21740,143077,111546,75011,0
40911,84777,77751,125688,118662,162528,1
33129,76089,54084,109218,87213,130173,1
71818,26646,53513,98464,125331,80159,1
84957,82256,76525,167213,161482,158781,1
54637,37313,79766,91950,134403,117079,1
23978,3982,3545,27960,27523,7527,0
69776,50877,51153,120653,120929,102030,1
62819,55585,14946,118404,77765,70531,1
71179,74784,41201,145963,112380,115985,1
17260,53976,92289,71236,109549,146265,0
41659,21661,66662,63320,108321,88323,0
4492,93229,56968,97721,61460,150197,0
1132,65878,26538,67010,27670,92416,0
79651,15531,26106,95182,105757,41637,0
24326,48845,22807,73171,47133,71652,0
81587,44798,56396,126385,137983,101194,1
45499,74289,75557,119788,121056,149846,1
88472,45853,64991,134325,153463,110844,1
3639,71105,67785,74744,71424,138890,1
83835,30487,17235,114322,101070,47722,0
93670,90913,46825,184583,140495,137738,1
83462,79684,79425,163146,162887,159109,1
48667,87712,56151,136379,104818,143863,1
56513,79365,33130,135878,89643,112495,1
87161,28044,73437,115205,160598,101481,1
34735,36357,12537,71092,47272,48894,1
6734,70085,33864,76819,40598,103949,0
41219,14809,3105,56028,44324,17914,0
47311,20633,80086,67944,127397,100719,0
35641,94694,92379,130335,128020,187073,1
40373,93858,20511,134231,60884,114369,0
41114,82306,63055,123420,104169,145361,1
22278,9555,50292,31833,72570,59847,0
5076,60357,44845,65433,49921,105202,0
73240,94451,3609,167691,76849,98060,0
49549,71414,52728,120963,102277,124142,1
51457,68133,11201,119590,62658,79334,0
26211,76715,42829,102926,69040,119544,0
49553,90350,19521,139903,69074,109871,0
60885,3540,49814,64425,110699,53354,0
58057,78056,93104,136113,151161,171160,1
16582,25540,38790,42122,55372,64330,1
92945,29483,31492,122428,124437,60975,0
83897,48563,23435,132460,107332,71998,0
55293,58914,28474,114207,83767,87388,1
16366,19187,56956,35553,73322,76143,0
59615,67052,68512,126667,128127,135564,1
66802,91836,22785,158638,89587,114621,0
91797,54606,96052,146403,187849,150658,1
60700,17258,38223,77958,98923,55481,0
80382,37532,26309,117914,106691,63841,0
63428,72443,25023,135871,88451,97466,1
99306,54377,29510,153683,128816,83887,0
9381,95458,62870,104839,72251,158328,0
60867,21170,9889,82037,70756,31059,0
94014,18914,33817,112928,127831,52731,0
82563,46040,72339,128603,154902,118379,1
64899,42729,88827,107628,153726,131556,1
91419,34857,89033,126276,180452,123890,1
61611,27152,83832,88763,145443,110984,1
79556,37498,19264,117054,98820,56762,0
53755,34589,60219,88344,113974,94808,1
15727,6236,56233,21963,71960,62469,0
40015,4881,22117,44896,62132,26998,0
3702,6938,26623,10640,30325,33561,0
86907,6522,64180,93429,151087,70702,0
17015,48934,6191,65949,23206,55125,0
41941,58288,64461,100229,106402,122749,1
1414,73666,94135,75080,95549,167801,0
90301,8258,40653,98559,130954,48911,0
77856,20254,62612,98110,140468,82866,1
56983,34170,11436,91153,68419,45606,0
5003,43581,8856,48584,13859,52437,0
99484,47621,51786,147105,151270,99407,0
35240,287,75694,35527,110934,75981,0
26850,33814,95702,60664,122552,129516,0
56978,78673,38661,135651,95639,117334,1
20486,95492,60385,115978,80871,155877,0
9502,19757,7591,29259,17093,27348,0
90980,13377,75898,104357,166878,89275,0
93454,95471,16603,188925,110057,112074,1
50071,21254,2697,71325,52768,23951,0
39054,32399,21150,71453,60204,53549,1
60023,43072,77563,103095,137586,120635,1
8644,80379,81719,89023,90363,162098,1
27906,30096,25101,58002,53007,55197,1
24726,47912,18352,72638,43078,66264,0
37993,20317,39344,58310,77337,59661,1
84532,87079,81737,171611,166269,168816,1
9904,47300,45651,57204,55555,92951,1
73729,55965,87921,129694,161650,143886,1
13493,58993,34382,72486,47875,93375,0
18369,54768,54794,73137,73163,109562,1
17489,58823,33338,76312,50827,92161,0
59227,54799,29140,114026,88367,83939,1
20747,31840,78556,52587,99303,110396,0
13605,16524,85824,30129,99429,102348,0
33225,34045,75439,67270,108664,109484,0
6706,82630,97638,89336,104344,180268,0
77154,14210,77853,91364,155007,92063,1
57982,37244,7172,95226,65154,44416,0
78453,29823,62051,108276,140504,91874,1
94874,97718,90082,192592,184956,187800,1
40623,25877,56200,66500,96823,82077,1
8770,74201,60813,82971,69583,135014,0
37672,65111,26453,102783,64125,91564,0
68167,66128,45085,134295,113252,111213,1
41671,95345,39544,137016,81215,134889,0
85909,54923,52049,140832,137958,106972,1
46122,2891,41347,49013,87469,44238,0
66500,52372,60243,118872,126743,112615,1
1751,18352,90219,20103,91970,108571,0
21198,53241,25889,74439,47087,79130,0
64507,38450,458,102957,64965,38908,0
51618,96490,59281,148108,110899,155771,1
41041,39824,12949,80865,53990,52773,1
75994,85729,41886,161723,117880,127615,1
80624,71478,69894,152102,150518,141372,1
98227,38623,9593,136850,107820,48216,0
7228,34586,60213,41814,67441,94799,0
58727,21595,54336,80322,113063,75931,1
36330,88231,91042,124561,127372,179273,1
2546,77163,21908,79709,24454,99071,0
19601,74689,27286,94290,46887,101975,0
46139,64536,4992,110675,51131,69528,0
34480,60629,44406,95109,78886,105035,1
98631,83995,53761,182626,152392,137756,1
63808,11345,54559,75153,118367,65904,1
20320,54418,26065,74738,46385,80483,0
58465,38591,32003,97056,90468,70594,1
34558,76137,18501,110695,53059,94638,0
6886,54466,55671,61352,62557,110137,1
54517,5360,33314,59877,87831,38674,0
16729,89148,38896,105877,55625,128044,0
5222,29962,36386,35184,41608,66348,0
59694,61122,99513,120816,159207,160635,1
63559,64222,45563,127781,109122,109785,1
60268,85846,8559,146114,68827,94405,0
19414,76480,29325,95894,48739,105805,0
64651,78260,26718,142911,91369,104978,1
50445,82643,17137,133088,67582,99780,0
33114,10927,13977,44041,47091,24904,0
95134,38513,54899,133647,150033,93412,0
84613,81863,49180,166476,133793,131043,1
71140,41889,41586,113029,112726,83475,1
39537,32218,91278,71755,130815,123496,0
59926,11470,58837,71396,118763,70307,1
31170,59798,85328,90968,116498,145126,1
51215,54305,17771,105520,68986,72076,1
40679,76936,65207,117615,105886,142143,1
93669,3837,22642,97506,116311,26479,0
76242,39761,1486,116003,77728,41247,0
12152,65093,34389,77245,46541,99482,0
80115,55698,78726,135813,158841,134424,1
52390,77589,36034,129979,88424,113623,1
59374,74082,97414,133456,156788,171496,1
41869,80130,15046,121999,56915,95176,0
4368,61686,66421,66054,70789,128107,0
11275,63825,36249,75100,47524,100074,0
36143,82506,49353,118649,85496,131859,1
82340,42884,59623,125224,141963,102507,1
30135,92587,60352,122722,90487,152939,0
13852,82756,47908,96608,61760,130664,0
96924,64007,97874,160931,194798,161881,1
92274,8836,9535,101110,101809,18371,0
55758,87125,90349,142883,146107,177474,1
12177,25124,78078,37301,90255,103202,0
55136,75363,21501,130499,76637,96864,1
32011,30591,39489,62602,71500,70080,1
22483,86551,4066,109034,26549,90617,0
50881,53364,97355,104245,148236,150719,1
83885,86572,75524,170457,159409,162096,1
1966,11708,94655,13674,96621,106363,0
94651,60907,85155,155558,179806,146062,1
11842,87179,42190,99021,54032,129369,0
69939,62022,4408,131961,74347,66430,0
84051,37949,88230,122000,172281,126179,1
67361,45069,55709,112430,123070,100778,1
87010,4545,74767,91555,161777,79312,0
86068,81689,51037,167757,137105,132726,1
83635,89252,60590,172887,144225,149842,1
94945,39660,17767,134605,112712,57427,0
58382,65813,15443,124195,73825,81256,1
86511,42427,97376,128938,183887,139803,1
27177,23601,93964,50778,121141,117565,0
86954,40348,92311,127302,179265,132659,1
58342,20731,11747,79073,70089,32478,0
55043,57968,59986,113011,115029,117954,1
80821,43617,10125,124438,90946,53742,0
80131,23171,15425,103302,95556,38596,0
77139,94917,30166,172056,107305,125083,1
15162,22012,46024,37174,61186,68036,0
87099,48958,83228,136057,170327,132186,1
90306,82612,68997,172918,159303,151609,1
77785,93787,4586,171572,82371,98373,0
89917,55675,49690,145592,139607,105365,1
14888,66460,82144,81348,97032,148604,0
56840,25481,10629,82321,67469,36110,0
22211,83906,74516,106117,96727,158422,1
91438,63899,2743,155337,94181,66642,0
90034,22901,58878,112935,148912,81779,0
21372,39087,31751,60459,53123,70838,1
85869,33719,29259,119588,115128,62978,0
98970,63830,65826,162800,164796,129656,1
71085,89724,77869,160809,148954,167593,1
98664,99026,33255,197690,131919,132281,1
59173,13076,47530,72249,106703,60606,1
23145,71628,57128,94773,80273,128756,1
57040,89324,66055,146364,123095,155379,1
82221,69086,33282,151307,115503,102368,1
65057,62395,46676,127452,111733,109071,1
74280,41827,42564,116107,116844,84391,1
42926,34717,93617,77643,136543,128334,0
8104,57950,47249,66054,55353,105199,0
78093,92801,83038,170894,161131,175839,1
55117,75760,87818,130877,142935,163578,1
85796,63762,59849,149558,145645,123611,1
32328,55447,65058,87775,97386,120505,1
91615,36094,6170,127709,97785,42264,0
46908,17884,9948,64792,56856,27832,0
47761,75015,87083,122776,134844,162098,1
40543,92436,18008,132979,58551,110444,0
49662,99329,89995,148991,139657,189324,1
98387,89580,94486,187967,192873,184066,1
76243,50777,84492,127020,160735,135269,1
11236,8474,36416,19710,47652,44890,0
93634,95905,5891,189539,99525,101796,1
65492,30803,65081,96295,130573,95884,1
79972,4043,84965,84015,164937,89008,0
85794,86743,45605,172537,131399,132348,1
31393,37758,88520,69151,119913,126278,0
39685,53229,86634,92914,126319,139863,1
6970,84532,14205,91502,21175,98737,0
12930,419,70251,13349,83181,70670,0
33689,74861,96059,108550,129748,170920,1
41804,67248,88659,109052,130463,155907,1
15502,88879,8601,104381,24103,97480,0
53460,98614,96095,152074,149555,194709,1
94841,59372,37999,154213,132840,97371,1
44702,60238,41043,104940,85745,101281,1
30353,7078,87730,37431,118083,94808,0
19468,89745,54103,109213,73571,143848,0
93916,59471,61056,153387,154972,120527,1
24565,22322,86320,46887,110885,108642,0
58195,85442,19655,143637,77850,105097,0
60552,11435,12878,71987,73430,24313,0
20819,69431,58527,90250,79346,127958,1
54875,34021,46183,88896,101058,80204,1
43116,3344,97190,46460,140306,100534,0
20697,19055,85976,39752,106673,105031,0
15386,87297,96799,102683,112185,184096,1
5287,75896,58562,81183,63849,134458,0
72012,19050,957,91062,72969,20007,0
57203,82761,43372,139964,100575,126133,1
75743,5666,66429,81409,142172,72095,0
27401,57624,85930,85025,113331,143554,0
49307,2816,43459,52123,92766,46275,0
97718,65448,12189,163166,109907,77637,0
89151,39330,46001,128481,135152,85331,0
74261,62539,27935,136800,102196,90474,1
10834,49438,30028,60272,40862,79466,0
42552,27705,72591,70257,115143,100296,0
66703,97425,23662,164128,90365,121087,0
40729,53442,17744,94171,58473,71186,1
5557,19060,76807,24617,82364,95867,0
1775,90083,19089,91858,20864,109172,0
72993,77259,61092,150252,134085,138351,1
2962,80475,22494,83437,25456,102969,0
97504,85673,41006,183177,138510,126679,1
50968,31031,19612,81999,70580,50643,0
16513,76609,91617,93122,108130,168226,1
19727,90477,65206,110204,84933,155683,0
96332,46684,61378,143016,157710,108062,1
17906,80885,37796,98791,55702,118681,0
52856,67498,3929,120354,56785,71427,0
10068,5701,53407,15769,63475,59108,0
43956,92870,82569,136826,126525,175439,1
4690,3349,37066,8039,41756,40415,0
98321,50179,55545,148500,153866,105724,1
17176,39396,51872,56572,69048,91268,1
37769,98250,48330,136019,86099,146580,0
71441,79358,98316,150799,169757,177674,1
87153,12534,53953,99687,141106,66487,0
4741,18002,60908,22743,65649,78910,0
22370,53649,54231,76019,76601,107880,1
81220,43821,14302,125041,95522,58123,0
88960,48252,50722,137212,139682,98974,1
16337,21511,94542,37848,110879,116053,0
83978,39368,97608,123346,181586,136976,1
30978,62276,75450,93254,106428,137726,1
10765,64783,99016,75548,109781,163799,0
649,36816,9706,37465,10355,46522,0
87610,47580,32854,135190,120464,80434,0
6475,23989,20287,30464,26762,44276,1
23420,24766,50174,48186,73594,74940,0
21419,336,60809,21755,82228,61145,0
37295,65407,21250,102702,58545,86657,0
3293,14894,18798,18187,22091,33692,0
16945,80330,79137,97275,96082,159467,1
82465,28245,79179,110710,161644,107424,1
76236,14990,52707,91226,128943,67697,0
8469,5621,74511,14090,82980,80132,0
3070,57760,5846,60830,8916,63606,0
95199,17062,18313,112261,113512,35375,0
36208,9217,56853,45425,93061,66070,0
77113,48544,9190,125657,86303,57734,0
82869,96409,13750,179278,96619,110159,1
36535,51753,63247,88288,99782,115000,1
90441,44762,30794,135203,121235,75556,0
64804,46250,32242,111054,97046,78492,1
33931,32437,93767,66368,127698,126204,0
80096,3645,72044,83741,152140,75689,0
4976,52031,48826,57007,53802,100857,1
74184,29255,69825,103439,144009,99080,1
19170,93712,12380,112882,31550,106092,0
64042,23030,99120,87072,163162,122150,0
77180,55066,75311,132246,152491,130377,1
6423,84199,40605,90622,47028,124804,0
23237,80151,37614,103388,60851,117765,0
48794,80198,79326,128992,128120,159524,1
67076,77260,29542,144336,96618,106802,1
19596,86918,44263,106514,63859,131181,0
39178,74854,88197,114032,127375,163051,1
79757,62917,5563,142674,85320,68480,0
13186,72801,73120,85987,86306,145921,1
37755,34346,24358,72101,62113,58704,1
92015,71972,5431,163987,97446,77403,0
81172,13681,4805,94853,85977,18486,0
36170,30473,48770,66643,84940,79243,1
2622,44220,60657,46842,63279,104877,0
41168,50477,50675,91645,91843,101152,1
77562,86349,84566,163911,162128,170915,1
75488,61394,57743,136882,133231,119137,1
6790,30327,90316,37117,97106,120643,0
1445,77926,69908,79371,71353,147834,0
60770,90365,7109,151135,67879,97474,0
19496,11775,30167,31271,49663,41942,1
51196,5957,70037,57153,121233,75994,0
47091,16149,55706,63240,102797,71855,1
40783,42071,13186,82854,53969,55257,1
16909,24223,23558,41132,40467,47781,1
84021,82385,96301,166406,180322,178686,1
86221,39503,16462,125724,102683,55965,0
78280,86699,82432,164979,160712,169131,1
87345,12524,7712,99869,95057,20236,0
87594,86415,21829,174009,109423,108244,1
60662,19826,4205,80488,64867,24031,0
41320,88709,71599,130029,112919,160308,1
72730,80290,95647,153020,168377,175937,1
16639,14113,45706,30752,62345,59819,0
96960,16161,75736,113121,172696,91897,0
22454,69041,21618,91495,44072,90659,0
94600,57483,81314,152083,175914,138797,1
83573,27686,9914,111259,93487,37600,0
92139,75543,41866,167682,134005,117409,1
12100,60956,38348,73056,50448,99304,0
73227,27860,34737,101087,107964,62597,0
22584,92770,33950,115354,56534,126720,0
13627,8772,62533,22399,76160,71305,0
75385,48464,56575,123849,131960,105039,1
86642,1267,39502,87909,126144,40769,0
3917,6301,68399,10218,72316,74700,0
44724,40894,60449,85618,105173,101343,1
22227,45312,60278,67539,82505,105590,1
24761,51603,10477,76364,35238,62080,0
72413,23940,40399,96353,112812,64339,0
66362,45157,34581,111519,100943,79738,1
44483,61295,50719,105778,95202,112014,1
7524,86858,97528,94382,105052,184386,0
63990,90178,10632,154168,74622,100810,0
10111,94376,40721,104487,50832,135097,0
64586,61059,95107,125645,159693,156166,1
11438,91792,40742,103230,52180,132534,0
10151,15360,1818,25511,11969,17178,0
69739,8555,74902,78294,144641,83457,1
65397,804,29488,66201,94885,30292,0
70375,41850,88118,112225,158493,129968,1
369,98657,50374,99026,50743,149031,0
97425,4040,72213,101465,169638,76253,0
89392,13470,77770,102862,167162,91240,1
81851,79702,27159,161553,109010,106861,1
18400,50963,10373,69363,28773,61336,0
8708,18663,48745,27371,57453,67408,0
48108,14550,36871,62658,84979,51421,1
65616,72972,6576,138588,72192,79548,0
73178,97583,8355,170761,81533,105938,0
22103,24066,41761,46169,63864,65827,1
81411,49932,4075,131343,85486,54007,0
18208,58303,50172,76511,68380,108475,1
75435,17395,73138,92830,148573,90533,1
60014,36448,70834,96462,130848,107282,1
35800,15818,14089,51618,49889,29907,0
55136,98986,29460,154122,84596,128446,0
68771,49100,72115,117871,140886,121215,1
76488,64480,82407,140968,158895,146887,1
95486,38000,69089,133486,164575,107089,1
49411,18581,35778,67992,85189,54359,1
84694,15151,40248,99845,124942,55399,0
61295,95785,36866,157080,98161,132651,1
75518,13534,62054,89052,137572,75588,1
22297,32104,22148,54401,44445,54252,1
37387,86993,62625,124380,100012,149618,1
43278,24997,17350,68275,60628,42347,0
63547,216,67803,63763,131350,68019,0
55562,49425,58867,104987,114429,108292,1
46586,58163,27500,104749,74086,85663,1
93993,12150,21018,106143,115011,33168,0
39017,18004,9681,57021,48698,27685,0
94177,80477,3616,174654,97793,84093,0
90192,97031,22890,187223,113082,119921,1
56666,82946,50146,139612,106812,133092,1
97668,17011,93489,114679,191157,110500,1
61479,65204,69551,126683,131030,134755,1
82945,7952,60867,90897,143812,68819,0
21066,51893,79767,72959,100833,131660,0
65986,69952,56640,135938,122626,126592,1
39947,75150,49055,115097,89002,124205,1
12570,52693,71623,65263,84193,124316,0
90949,16149,92726,107098,183675,108875,1
22447,94685,47563,117132,70010,142248,0
550,10680,5462,11230,6012,16142,0
45348,36834,41844,82182,87192,78678,1
65207,96762,18937,161969,84144,115699,0
31092,70900,55903,101992,86995,126803,1
3563,68823,64796,72386,68359,133619,0
94781,58008,54062,152789,148843,112070,1
52770,72021,10857,124791,63627,82878,0
25912,46921,81588,72833,107500,128509,0
23015,46692,88540,69707,111555,135232,0
69235,42559,23515,111794,92750,66074,0
6793,85202,88828,91995,95621,174030,1
71574,80269,80491,151843,152065,160760,1
258,9568,43206,9826,43464,52774,0
19263,9726,50490,28989,69753,60216,0
79070,11802,58628,90872,137698,70430,0
20046,79655,40956,99701,61002,120611,0
3531,96878,49766,100409,53297,146644,0
69140,69010,54178,138150,123318,123188,1
47452,64686,51205,112138,98657,115891,1
17102,36391,89451,53493,106553,125842,0
4675,76085,65442,80760,70117,141527,0
38636,64374,68138,103010,106774,132512,1
53493,3332,12683,56825,66176,16015,0
86222,91343,3451,177565,89673,94794,0
60011,7300,58648,67311,118659,65948,1
38718,54122,13854,92840,52572,67976,0
83864,88969,76246,172833,160110,165215,1
37645,99198,29469,136843,67114,128667,0
99311,29506,21035,128817,120346,50541,0
54972,10197,18430,65169,73402,28627,0
16925,62244,48128,79169,65053,110372,1
33468,73647,11620,107115,45088,85267,0
20726,92824,22533,113550,43259,115357,0
90193,45144,93364,135337,183557,138508,1
209,46130,7448,46339,7657,53578,0
76296,9960,71166,86256,147462,81126,1
21090,97399,54967,118489,76057,152366,0
91767,64665,93124,156432,184891,157789,1
36058,18929,35544,54987,71602,54473,1
48699,38552,78763,87251,127462,117315,1
13114,47742,38241,60856,51355,85983,1
1793,68969,48847,70762,50640,117816,0
5953,67666,3626,73619,9579,71292,0
29045,20109,46765,49154,75810,66874,1
46516,86623,6082,133139,52598,92705,0
30384,45810,10285,76194,40669,56095,0
5792,6913,41526,12705,47318,48439,0
61784,86839,83108,148623,144892,169947,1
7922,56589,46730,64511,54652,103319,0
41137,64091,93898,105228,135035,157989,1
72605,3468,50845,76073,123450,54313,0
81507,90348,1416,171855,82923,91764,0
20764,23406,61969,44170,82733,85375,0
69104,98685,97898,167789,167002,196583,1
86865,69336,44194,156201,131059,113530,1
92834,31079,23201,123913,116035,54280,0
75185,61968,78450,137153,153635,140418,1
44106,59075,50472,103181,94578,109547,1
57863,68598,70633,126461,128496,139231,1
34422,57546,89365,91968,123787,146911,1
6451,59078,42614,65529,49065,101692,0
96529,80074,22169,176603,118698,102243,1
50287,23357,58806,73644,109093,82163,1
34191,66183,87167,100374,121358,153350,1
90441,5632,45158,96073,135599,50790,0
50310,67490,57056,117800,107366,124546,1
64555,24732,66737,89287,131292,91469,1
1195,293,78745,1488,79940,79038,0
27137,84407,38144,111544,65281,122551,0
21152,22516,71118,43668,92270,93634,0
14106,44976,28890,59082,42996,73866,0
35537,34970,94107,70507,129644,129077,0
37736,26385,85192,64121,122928,111577,0
26240,85662,12762,111902,39002,98424,0
92052,63937,26460,155989,118512,90397,0
39649,28651,63344,68300,102993,91995,1
8869,20206,51928,29075,60797,72134,0
45585,95877,91474,141462,137059,187351,1
1226,69763,32260,70989,33486,102023,0
75497,26987,50095,102484,125592,77082,1
70145,46917,66346,117062,136491,113263,1
90025,39992,34826,130017,124851,74818,0
4949,56591,98784,61540,103733,155375,0
92528,4727,49697,97255,142225,54424,0
54887,21773,84289,76660,139176,106062,0
79115,97173,49118,176288,128233,146291,1
72014,11711,10950,83725,82964,22661,0
15334,71329,95835,86663,111169,167164,0
37649,26282,98682,63931,136331,124964,0
47739,83729,25184,131468,72923,108913,0
3179,70270,7384,73449,10563,77654,0
36417,98737,24279,135154,60696,123016,0
18763,17047,80753,35810,99516,97800,0
5601,9531,16514,15132,22115,26045,0
74334,55398,36531,129732,110865,91929,1
53002,64613,7327,117615,60329,71940,0
55548,82544,53388,138092,108936,135932,1
40879,76040,89747,116919,130626,165787,1
24402,59736,45386,84138,69788,105122,1
44133,46438,34801,90571,78934,81239,1
11492,40821,14301,52313,25793,55122,0
48126,19273,7321,67399,55447,26594,0
24033,6965,672,30998,24705,7637,0
17807,84444,256,102251,18063,84700,0
87286,15884,41353,103170,128639,57237,0
25405,76686,56038,102091,81443,132724,1
53264,81694,81643,134958,134907,163337,1
76475,94334,52558,170809,129033,146892,1
74603,52695,76517,127298,151120,129212,1
61954,15632,62200,77586,124154,77832,1
69031,73651,70302,142682,139333,143953,1
34243,70602,19562,104845,53805,90164,0
43139,67817,89912,110956,133051,157729,1
18646,45717,53445,64363,72091,99162,1
73331,47864,27499,121195,100830,75363,1
38034,85042,4524,123076,42558,89566,0
48199,48384,50000,96583,98199,98384,1
0,97062,16531,97062,16531,113593,0
22598,97788,87680,120386,110278,185468,1
59659,66466,1342,126125,61001,67808,0
40568,21389,97171,61957,137739,118560,0
39479,32187,23342,71666,62821,55529,1
7477,47843,56289,55320,63766,104132,0
8800,14108,29176,22908,37976,43284,0
29093,52659,53273,81752,82366,105932,1
28934,11421,99817,40355,128751,111238,0
17025,60111,92026,77136,109051,152137,0
96074,46058,24515,142132,120589,70573,0
7060,35044,73689,42104,80749,108733,0
47947,60798,62884,108745,110831,123682,1
20297,76568,76128,96865,96425,152696,1
15993,8719,49137,24712,65130,57856,0
44517,32777,8185,77294,52702,40962,0
85771,5991,88753,91762,174524,94744,1
71307,79164,36185,150471,107492,115349,1
80473,553,3954,81026,84427,4507,0
6920,40012,89894,46932,96814,129906,0
56232,85431,50027,141663,106259,135458,1
58369,2284,63677,60653,122046,65961,0
37800,18074,90669,55874,128469,108743,0
92342,27450,83040,119792,175382,110490,1
37299,57252,57918,94551,95217,115170,1
7630,41540,77664,49170,85294,119204,0
42780,12738,24526,55518,67306,37264,0
75597,86896,10371,162493,85968,97267,0
303,85191,36603,85494,36906,121794,0
23214,13367,27817,36581,51031,41184,1
26608,74850,34427,101458,61035,109277,0
25384,57283,86380,82667,111764,143663,0
41797,16598,18277,58395,60074,34875,0
56481,50305,80162,106786,136643,130467,1
65737,61909,60962,127646,126699,122871,1
59445,51204,7726,110649,67171,58930,0
16822,60666,468,77488,17290,61134,0
83823,41563,85690,125386,169513,127253,1
61584,87440,11829,149024,73413,99269,0
99728,24644,82820,124372,182548,107464,1
3949,59626,23175,63575,27124,82801,0
88630,81959,33130,170589,121760,115089,1
16781,36591,88075,53372,104856,124666,0
86118,50312,34903,136430,121021,85215,0
85386,20670,65129,106056,150515,85799,1
4560,86405,3277,90965,7837,89682,0
68148,81221,3198,149369,71346,84419,0
73059,38340,28135,111399,101194,66475,0
36658,42621,31617,79279,68275,74238,1
53659,96967,1567,150626,55226,98534,0
20017,91474,14600,111491,34617,106074,0
97710,45752,34621,143462,132331,80373,0
63710,21887,49204,85597,112914,71091,1
74591,59797,28246,134388,102837,88043,1
65207,7383,25956,72590,91163,33339,0
10098,84674,85863,94772,95961,170537,1
86635,1655,7341,88290,93976,8996,0
8829,82611,80419,91440,89248,163030,1
94319,82173,27429,176492,121748,109602,1
72592,20587,28946,93179,101538,49533,0
69731,25366,6518,95097,76249,31884,0
20222,90388,7687,110610,27909,98075,0
66443,98727,68248,165170,134691,166975,1
19596,38764,71348,58360,90944,110112,0
65615,75403,26767,141018,92382,102170,1
39498,79097,2773,118595,42271,81870,0
50992,74224,86183,125216,137175,160407,1
2311,16151,44145,18462,46456,60296,0
16249,77524,42663,93773,58912,120187,0
82258,41106,13691,123364,95949,54797,0
41321,2324,14435,43645,55756,16759,0
41372,97088,16070,138460,57442,113158,0
14136,53731,47306,67867,61442,101037,1
52161,79326,67405,131487,119566,146731,1
56294,41936,71573,98230,127867,113509,1
16109,48696,53604,64805,69713,102300,1
77664,28990,8600,106654,86264,37590,0
18517,71777,33207,90294,51724,104984,0
85265,29909,96238,115174,181503,126147,1
97047,40001,18615,137048,115662,58616,0
52561,27579,40872,80140,93433,68451,1
32958,39923,65486,72881,98444,105409,1
49260,4373,47751,53633,97011,52124,1
11845,90607,73668,102452,85513,164275,0
8719,29857,30436,38576,39155,60293,1
96687,72823,58842,169510,155529,131665,1
84740,89189,77135,173929,161875,166324,1
11368,86513,74847,97881,86215,161360,0
97547,83726,79537,181273,177084,163263,1
74826,19662,27157,94488,101983,46819,0
90939,20751,12833,111690,103772,33584,0
81035,49327,96689,130362,177724,146016,1
68129,72046,66829,140175,134958,138875,1
33718,96436,6935,130154,40653,103371,0
21977,17185,89654,39162,111631,106839,0
72237,58632,37175,130869,109412,95807,1
60158,34709,97040,94867,157198,131749,0
22580,77836,54455,100416,77035,132291,0
85992,69440,95561,155432,181553,165001,1
57560,9093,486,66653,58046,9579,0
86177,87653,97038,173830,183215,184691,1
66709,17789,13663,84498,80372,31452,0
23855,52061,17523,75916,41378,69584,0
66793,71072,9991,137865,76784,81063,1
79110,11669,90774,90779,169884,102443,1
71302,76137,87197,147439,158499,163334,1
86429,25242,73779,111671,160208,99021,1
49394,7253,10952,56647,60346,18205,0
78171,32252,20397,110423,98568,52649,0
64941,536,75503,65477,140444,76039,0
50916,63301,89146,114217,140062,152447,1
81638,71886,94329,153524,175967,166215,1
79395,74401,8890,153796,88285,83291,1
60075,78398,97987,138473,158062,176385,1
78794,69207,16782,148001,95576,85989,1
91016,68115,15205,159131,106221,83320,0
26752,10722,93856,37474,120608,104578,0
23961,61289,50591,85250,74552,111880,1
74144,24736,13808,98880,87952,38544,0
9646,54860,28314,64506,37960,83174,0
95887,90261,9448,186148,105335,99709,1
45409,45847,46345,91256,91754,92192,1
38316,36443,24723,74759,63039,61166,1
66559,95373,7268,161932,73827,102641,0
5564,25700,93455,31264,99019,119155,0
38529,39531,55871,78060,94400,95402,1
78785,56813,61735,135598,140520,118548,1
59122,61345,64860,120467,123982,126205,1
33136,66415,58886,99551,92022,125301,1
28829,21872,81082,50701,109911,102954,0
97314,319,63934,97633,161248,64253,0
30558,42907,43890,73465,74448,86797,1
31551,40814,81154,72365,112705,121968,0
47679,84092,28813,131771,76492,112905,0
91968,54937,8677,146905,100645,63614,0
26991,52462,81891,79453,108882,134353,0
7751,96921,63158,104672,70909,160079,0
86148,95667,82721,181815,168869,178388,1
72266,83316,74560,155582,146826,157876,1
25206,67763,29839,92969,55045,97602,0
74852,71661,81340,146513,156192,153001,1
51025,20152,79419,71177,130444,99571,0
66039,77676,80018,143715,146057,157694,1
21481,89210,1713,110691,23194,90923,0
612,85018,46316,85630,46928,131334,0
21627,56344,43885,77971,65512,100229,1
88419,80661,84698,169080,173117,165359,1
71341,57167,57901,128508,129242,115068,1
66413,59684,53967,126097,120380,113651,1
90097,98290,9335,188387,99432,107625,1
81113,94178,15343,175291,96456,109521,1
3273,11257,78458,14530,81731,89715,0
56165,72446,51479,128611,107644,123925,1
90855,85172,26476,176027,117331,111648,1
83522,84258,28326,167780,111848,112584,1
16334,43867,12849,60201,29183,56716,0
4620,77841,84419,82461,89039,162260,0
66881,50782,55759,117663,122640,106541,1
22123,74091,32293,96214,54416,106384,0
2246,39455,9674,41701,11920,49129,0
68280,83397,82238,151677,150518,165635,1
40033,22966,56008,62999,96041,78974,1
79035,37230,13936,116265,92971,51166,0
41052,39627,77948,80679,119000,117575,1
59896,87651,5880,147547,65776,93531,0
33674,84125,94534,117799,128208,178659,1
98437,53830,3451,152267,101888,57281,0
35274,33148,65101,68422,100375,98249,1
10725,91265,12319,101990,23044,103584,0
27294,4069,31952,31363,59246,36021,0
4727,7092,48875,11819,53602,55967,0
85787,70927,6010,156714,91797,76937,0
48144,11396,34004,59540,82148,45400,0
40967,46594,77413,87561,118380,124007,1
69514,48483,50636,117997,120150,99119,1
43153,53328,6300,96481,49453,59628,0
95392,30877,84719,126269,180111,115596,1
89299,70401,74353,159700,163652,144754,1
80050,37895,58510,117945,138560,96405,1
19955,84529,84399,104484,104354,168928,1
3844,68480,77459,72324,81303,145939,0
64816,38750,53899,103566,118715,92649,1
13275,69913,9826,83188,23101,79739,0
63866,34901,16778,98767,80644,51679,0
28229,28815,10671,57044,38900,39486,1
81290,9103,52762,90393,134052,61865,0
81403,72762,37528,154165,118931,110290,1
57876,1911,79695,59787,137571,81606,0
13930,48984,11108,62914,25038,60092,0
13982,31069,56198,45051,70180,87267,0
71854,7116,10149,78970,82003,17265,0
71744,95517,7672,167261,79416,103189,0
39547,87680,69834,127227,109381,157514,1
924,6688,48134,7612,49058,54822,0
82952,29696,81202,112648,164154,110898,1
7828,22514,86881,30342,94709,109395,0
74772,73945,31218,148717,105990,105163,1
85975,59777,44308,145752,130283,104085,1
18143,21565,57931,39708,76074,79496,0
50676,23603,98475,74279,149151,122078,0
73670,70719,72472,144389,146142,143191,1
61759,86444,24694,148203,86453,111138,1
31499,4384,70547,35883,102046,74931,0
63318,59823,77882,123141,141200,137705,1
30271,86691,52724,116962,82995,139415,0
98983,94283,58985,193266,157968,153268,1
21728,49014,79539,70742,101267,128553,0
8792,47066,4416,55858,13208,51482,0
99893,38647,24081,138540,123974,62728,0
1129,7466,75591,8595,76720,83057,0
51561,65807,46024,117368,97585,111831,1
488,9090,27757,9578,28245,36847,0
58339,69689,54275,128028,112614,123964,1
95817,16473,49345,112290,145162,65818,0
35912,24490,96493,60402,132405,120983,0
6522,62329,10136,68851,16658,72465,0
71814,44872,3047,116686,74861,47919,0
68848,12961,952,81809,69800,13913,0
94,84782,36430,84876,36524,121212,0
17630,52593,35738,70223,53368,88331,1
98203,66685,72966,164888,171169,139651,1
73717,89337,1648,163054,75365,90985,0
54590,94947,13173,149537,67763,108120,0
66461,64035,92464,130496,158925,156499,1
19457,72572,56787,92029,76244,129359,1
55756,95242,57351,150998,113107,152593,1
37173,43649,90387,80822,127560,134036,0
44157,47344,98092,91501,142249,145436,0
71073,32645,29780,103718,100853,62425,0
33920,44593,25300,78513,59220,69893,1
32319,57749,74732,90068,107051,132481,1
67268,55768,75042,123036,142310,130810,1
92524,3985,68760,96509,161284,72745,0
54767,61782,49076,116549,103843,110858,1
32897,24199,59785,57096,92682,83984,0
9619,70780,29489,80399,39108,100269,0
19879,54854,14926,74733,34805,69780,0
38074,34197,77954,72271,116028,112151,0
25179,25918,39752,51097,64931,65670,1
97351,10003,66536,107354,163887,76539,0
28131,8063,40520,36194,68651,48583,0
12701,90471,62610,103172,75311,153081,0
49739,19984,95200,69723,144939,115184,0
97440,90835,40495,188275,137935,131330,1
77460,86448,51919,163908,129379,138367,1
53131,18196,7919,71327,61050,26115,0
23517,80377,83073,103894,106590,163450,1
82929,99684,79743,182613,162672,179427,1
86803,81601,67126,168404,153929,148727,1
66416,95439,24698,161855,91114,120137,0
21929,90598,61853,112527,83782,152451,0
13217,8091,69767,21308,82984,77858,0
56974,19328,36755,76302,93729,56083,0
14699,31930,35236,46629,49935,67166,1
3659,45612,56064,49271,59723,101676,0
38226,26263,97832,64489,136058,124095,0
69940,65836,62427,135776,132367,128263,1
86375,37373,71284,123748,157659,108657,1
85141,73082,46444,158223,131585,119526,1
98870,37664,97593,136534,196463,135257,1
40502,65329,77575,105831,118077,142904,1
63644,13488,70864,77132,134508,84352,1
74297,15943,14455,90240,88752,30398,0
37475,3826,6097,41301,43572,9923,0
90224,52860,61115,143084,151339,113975,1
44846,73260,94822,118106,139668,168082,1
40596,28560,42228,69156,82824,70788,1
21794,61271,16140,83065,37934,77411,0
94364,15142,15843,109506,110207,30985,0
51930,22157,15502,74087,67432,37659,0
69001,59070,78714,128071,147715,137784,1
34421,40307,16194,74728,50615,56501,1
17298,24565,70518,41863,87816,95083,0
85195,35249,85764,120444,170959,121013,1
9617,79390,15353,89007,24970,94743,0
45625,11778,2968,57403,48593,14746,0
69950,89030,58999,158980,128949,148029,1
58351,50117,3437,108468,61788,53554,0
42027,37329,14668,79356,56695,51997,1
94250,8367,13574,102617,107824,21941,0
34174,81082,42104,115256,76278,123186,0
71393,68449,7517,139842,78910,75966,1
40388,3073,5524,43461,45912,8597,0
17211,30583,545,47794,17756,31128,0
27708,10388,86733,38096,114441,97121,0
72207,80014,42416,152221,114623,122430,1
77241,60004,31298,137245,108539,91302,1
4262,24704,42517,28966,46779,67221,0
35282,11814,62234,47096,97516,74048,0
74961,61289,55811,136250,130772,117100,1
62216,84811,50558,147027,112774,135369,1
57216,76552,89183,133768,146399,165735,1
53750,51087,37301,104837,91051,88388,1
94572,19763,9587,114335,104159,29350,0
29065,3931,38589,32996,67654,42520,0
80683,12598,12977,93281,93660,25575,0
26535,82314,80464,108849,106999,162778,1
57981,59598,17629,117579,75610,77227,1
33020,99398,95472,132418,128492,194870,1
43011,84432,36961,127443,79972,121393,0
23102,54086,36801,77188,59903,90887,1
99923,77167,8589,177090,108512,85756,0
12704,81053,41249,93757,53953,122302,0
70673,22921,32584,93594,103257,55505,0
32620,17417,1890,50037,34510,19307,0
5748,88986,30719,94734,36467,119705,0
56264,29184,43995,85448,100259,73179,1
36524,3085,22540,39609,59064,25625,0
50483,47539,56252,98022,106735,103791,1
81317,83012,71042,164329,152359,154054,1
27715,89288,4026,117003,31741,93314,0
54365,19733,16894,74098,71259,36627,0
59592,71990,75601,131582,135193,147591,1
33647,54125,82994,87772,116641,137119,1
89267,72711,90581,161978,179848,163292,1
86458,56885,9102,143343,95560,65987,0
15436,656,99910,16092,115346,100566,0
96746,87870,86151,184616,182897,174021,1
25706,73441,11120,99147,36826,84561,0
31284,18847,99832,50131,131116,118679,0
81511,43397,77635,124908,159146,121032,1
32850,32175,40036,65025,72886,72211,1
6300,52337,390,58637,6690,52727,0
86793,7797,29386,94590,116179,37183,0
98624,8242,4217,106866,102841,12459,0
3103,2922,12937,6025,16040,15859,0
39078,30717,46316,69795,85394,77033,1
28959,47093,22369,76052,51328,69462,1
76238,51551,38847,127789,115085,90398,1
43594,46205,4662,89799,48256,50867,1
34093,36338,75676,70431,109769,112014,0
11394,8125,27628,19519,39022,35753,0
25171,55615,72791,80786,97962,128406,1
87486,6823,56033,94309,143519,62856,0
91117,45785,49902,136902,141019,95687,1
38299,95527,70921,133826,109220,166448,1
42632,9352,27146,51984,69778,36498,0
86462,98022,66449,184484,152911,164471,1
9193,25978,48401,35171,57594,74379,0
61939,94031,47088,155970,109027,141119,1
17637,11721,31200,29358,48837,42921,0
53134,71532,64007,124666,117141,135539,1
60181,91212,36549,151393,96730,127761,1
3618,33380,83287,36998,86905,116667,0
90976,16576,7569,107552,98545,24145,0
33438,31694,97863,65132,131301,129557,0
2283,71429,83178,73712,85461,154607,0
10989,50484,70839,61473,81828,121323,0
38376,48113,80230,86489,118606,128343,1
21141,65032,81420,86173,102561,146452,1
91255,72139,7384,163394,98639,79523,0
75154,92997,21440,168151,96594,114437,1
76354,8491,96168,84845,172522,104659,0
30202,21785,34792,51987,64994,56577,1
70796,40079,62920,110875,133716,102999,1
68669,31501,52126,100170,120795,83627,1
92102,84938,95303,177040,187405,180241,1
95049,4533,38908,99582,133957,43441,0
15980,32170,63174,48150,79154,95344,0
36697,43187,16202,79884,52899,59389,1
61125,29237,31968,90362,93093,61205,1
18758,81356,3155,100114,21913,84511,0
45974,45804,62549,91778,108523,108353,1
61201,73327,16044,134528,77245,89371,1
60725,57250,22460,117975,83185,79710,1
21995,89270,46036,111265,68031,135306,0
87112,91863,20268,178975,107380,112131,1
87332,69354,40243,156686,127575,109597,1
6053,6169,75664,12222,81717,81833,0
53224,73564,51739,126788,104963,125303,1
25009,77521,32233,102530,57242,109754,0
21675,69024,26971,90699,48646,95995,0
55889,14857,88552,70746,144441,103409,0
93411,63246,78999,156657,172410,142245,1
24031,94296,3251,118327,27282,97547,0
50674,86447,65758,137121,116432,152205,1
89047,6499,97099,95546,186146,103598,0
424,38635,15246,39059,15670,53881,0
69843,36416,68280,106259,138123,104696,1
53162,55507,67968,108669,121130,123475,1
1880,3133,6993,5013,8873,10126,0
28264,91170,49182,119434,77446,140352,0
85305,1403,59771,86708,145076,61174,0
22785,86042,40567,108827,63352,126609,0
58789,6807,636,65596,59425,7443,0
37164,62435,12562,99599,49726,74997,0
89862,32180,36887,122042,126749,69067,0
27317,58260,20500,85577,47817,78760,0
9246,65516,713,74762,9959,66229,0
60789,73140,67767,133929,128556,140907,1
50645,3555,28153,54200,78798,31708,0
37150,41953,571,79103,37721,42524,0
45580,39374,86784,84954,132364,126158,0
65527,99377,30838,164904,96365,130215,0
59605,76306,95809,135911,155414,172115,1
95839,70881,73825,166720,169664,144706,1
12625,88807,6210,101432,18835,95017,0
4136,32393,19686,36529,23822,52079,0
32626,42007,24827,74633,57453,66834,1
83674,26536,24659,110210,108333,51195,0
83382,52310,27334,135692,110716,79644,0
84802,49174,78382,133976,163184,127556,1
5761,38213,28463,43974,34224,66676,0
58340,2980,56685,61320,115025,59665,1
40556,89780,81596,130336,122152,171376,1
87689,62872,25435,150561,113124,88307,1
71781,17036,94837,88817,166618,111873,0
15805,92687,55171,108492,70976,147858,0
12766,64913,82489,77679,95255,147402,0
21698,1498,42088,23196,63786,43586,0
15640,72019,31363,87659,47003,103382,0
16989,63700,77872,80689,94861,141572,1
16086,58334,60128,74420,76214,118462,1
71219,1743,38564,72962,109783,40307,0
16562,89455,60427,106017,76989,149882,0
35963,88764,88152,124727,124115,176916,1
65067,54951,8470,120018,73537,63421,0
67915,12277,28620,80192,96535,40897,0
71833,30326,18984,102159,90817,49310,0
38306,49320,59895,87626,98201,109215,1
3514,30510,99992,34024,103506,130502,0
47882,1196,39380,49078,87262,40576,0
2452,42442,52521,44894,54973,94963,0
34462,60155,12150,94617,46612,72305,0
14930,72069,65182,86999,80112,137251,1
70896,88657,97911,159553,168807,186568,1
46809,13240,4419,60049,51228,17659,0
92810,25139,60065,117949,152875,85204,0
90338,2497,25075,92835,115413,27572,0
92184,96778,58259,188962,150443,155037,1
12991,48704,77546,61695,90537,126250,0
28179,49490,99757,77669,127936,149247,0
79709,520,85559,80229,165268,86079,0
4193,36587,3913,40780,8106,40500,0
37619,55260,68776,92879,106395,124036,1
9325,93329,32620,102654,41945,125949,0
29926,39856,22671,69782,52597,62527,1
28916,7767,87380,36683,116296,95147,0
94433,57564,8544,151997,102977,66108,0
79762,97258,56109,177020,135871,153367,1
24669,30546,44499,55215,69168,75045,1
49190,72177,6768,121367,55958,78945,0
30627,94454,73562,125081,104189,168016,1
36978,76196,73651,113174,110629,149847,1
77368,90417,47720,167785,125088,138137,1
3066,60804,6898,63870,9964,67702,0
86729,75721,10904,162450,97633,86625,0
76800,76293,55491,153093,132291,131784,1
34203,20640,45172,54843,79375,65812,1
78504,95973,31077,174477,109581,127050,1
83188,60604,21753,143792,104941,82357,0
62523,37939,69547,100462,132070,107486,1
74556,71547,87953,146103,162509,159500,1
53024,69452,35941,122476,88965,105393,1
12390,52659,62097,65049,74487,114756,1
40883,30627,33783,71510,74666,64410,1
85320,13950,70152,99270,155472,84102,0
10086,1030,64766,11116,74852,65796,0
83663,28650,50950,112313,134613,79600,0
19373,33881,81896,53254,101269,115777,0
64681,16775,9629,81456,74310,26404,0
80302,18471,22402,98773,102704,40873,0
33202,31523,99339,64725,132541,130862,0
79942,89883,7974,169825,87916,97857,0
34844,30848,31155,65692,65999,62003,1
35964,25488,59363,61452,95327,84851,1
27900,4737,92528,32637,120428,97265,0
53036,88371,97444,141407,150480,185815,1
63356,8549,61340,71905,124696,69889,1
66810,99794,33576,166604,100386,133370,1
30109,41663,89279,71772,119388,130942,0
67438,90771,12872,158209,80310,103643,0
89679,48709,40980,138388,130659,89689,1
64824,36901,77055,101725,141879,113956,1
94092,90366,85752,184458,179844,176118,1
38383,23503,58218,61886,96601,81721,1
87392,64250,97602,151642,184994,161852,1
88785,39286,32144,128071,120929,71430,0
78144,26789,78420,104933,156564,105209,1
16684,50491,30562,67175,47246,81053,0
59442,12209,87946,71651,147388,100155,0
73781,18577,26962,92358,100743,45539,0
84591,88703,3682,173294,88273,92385,0
28550,32019,3878,60569,32428,35897,1
3811,49454,83016,53265,86827,132470,0
94974,77039,12754,172013,107728,89793,0
7104,61383,78442,68487,85546,139825,0
87141,86710,25893,173851,113034,112603,1
57795,51966,67188,109761,124983,119154,1
63660,72453,24518,136113,88178,96971,1
83101,61955,91217,145056,174318,153172,1
83039,17157,47047,100196,130086,64204,0
76092,39860,70553,115952,146645,110413,1
61028,78871,97084,139899,158112,175955,1
70625,27493,54312,98118,124937,81805,1
24083,29169,33293,53252,57376,62462,1
95933,21086,25396,117019,121329,46482,0
14258,64755,45041,79013,59299,109796,0
4548,48829,64037,53377,68585,112866,0
43003,87293,18128,130296,61131,105421,0
76049,56799,61955,132848,138004,118754,1
90109,9472,54216,99581,144325,63688,0
35594,52829,6383,88423,41977,59212,0
58029,37938,44439,95967,102468,82377,1
84828,34819,99598,119647,184426,134417,1
4509,86631,997,91140,5506,87628,0
49368,37659,81500,87027,130868,119159,1
48158,7604,44185,55762,92343,51789,1
98217,37402,375,135619,98592,37777,0
38549,94818,9639,133367,48188,104457,0
53860,44553,47349,98413,101209,91902,1
32388,58787,40506,91175,72894,99293,1
21435,23404,13902,44839,35337,37306,1
16083,496,35896,16579,51979,36392,0
59061,24089,87852,83150,146913,111941,0
53291,44288,82148,97579,135439,126436,1
95894,32500,43432,128394,139326,75932,0
17839,8165,11394,26004,29233,19559,1
22911,78010,74340,100921,97251,152350,1
7191,57148,40564,64339,47755,97712,0
39218,55021,35820,94239,75038,90841,1
43258,25246,83917,68504,127175,109163,0
32921,21932,53548,54853,86469,75480,1
15632,13012,43364,28644,58996,56376,0
37784,73760,56466,111544,94250,130226,1
26361,40692,78187,67053,104548,118879,0
63778,9034,452,72812,64230,9486,0
52082,13954,25583,66036,77665,39537,0
26447,95260,66614,121707,93061,161874,0
86533,96290,12500,182823,99033,108790,1
87840,79948,70935,167788,158775,150883,1
7869,37482,38913,45351,46782,76395,1
67182,73069,16114,140251,83296,89183,1
23239,30121,43417,53360,66656,73538,1
79194,78700,92414,157894,171608,171114,1
56225,26719,73060,82944,129285,99779,1
18287,46516,23869,64803,42156,70385,0
14106,93224,38378,107330,52484,131602,0
96529,34448,24153,130977,120682,58601,0
79228,80998,41012,160226,120240,122010,1
12512,39565,34635,52077,47147,74200,1
70233,6990,45054,77223,115287,52044,0
61700,13296,64553,74996,126253,77849,1
93478,6380,81193,99858,174671,87573,0
91899,76698,69592,168597,161491,146290,1
85262,39392,33119,124654,118381,72511,0
62219,58562,17098,120781,79317,75660,1
85413,44164,80230,129577,165643,124394,1
88727,32830,16750,121557,105477,49580,0
32118,43569,75329,75687,107447,118898,1
45704,19391,21237,65095,66941,40628,0
85254,27132,73114,112386,158368,100246,1
34401,92592,14478,126993,48879,107070,0
98018,29591,98848,127609,196866,128439,1
62079,19843,18778,81922,80857,38621,0
65254,31022,21666,96276,86920,52688,0
36441,81119,87142,117560,123583,168261,1
10127,6980,95926,17107,106053,102906,0
81963,3453,27480,85416,109443,30933,0
84093,70814,5878,154907,89971,76692,0
79302,34935,54215,114237,133517,89150,1
19203,54995,11753,74198,30956,66748,0
51196,14118,31685,65314,82881,45803,0
64540,37481,31690,102021,96230,69171,1
69332,7354,99193,76686,168525,106547,0
65734,33192,37438,98926,103172,70630,1
16716,70739,23801,87455,40517,94540,0
10724,34816,88008,45540,98732,122824,0
84431,58453,42864,142884,127295,101317,1
75920,85413,71865,161333,147785,157278,1
24074,6738,41834,30812,65908,48572,0
81171,44768,2438,125939,83609,47206,0
39031,18383,87020,57414,126051,105403,0
308,65645,52126,65953,52434,117771,0
76061,17984,8729,94045,84790,26713,0
91256,15953,4109,107209,95365,20062,0
39959,35164,22304,75123,62263,57468,1
30677,11128,28391,41805,59068,39519,1
73605,73555,15860,147160,89465,89415,1
43948,98255,52095,142203,96043,150350,0
13323,18187,76290,31510,89613,94477,0
31051,48423,2027,79474,33078,50450,0
89398,62708,75083,152106,164481,137791,1
34592,92163,77768,126755,112360,169931,1
17932,99853,96544,117785,114476,196397,1
97073,51773,30583,148846,127656,82356,0
10808,37358,368,48166,11176,37726,0
26581,18363,73893,44944,100474,92256,0
37434,85671,9152,123105,46586,94823,0
92786,47816,98337,140602,191123,146153,1
9812,81302,6700,91114,16512,88002,0
69322,48568,20877,117890,90199,69445,1
11042,5001,28156,16043,39198,33157,0
49010,59540,53523,108550,102533,113063,1
29637,74259,79155,103896,108792,153414,1
79060,73445,73192,152505,152252,146637,1
74591,48576,48791,123167,123382,97367,1
31295,71930,67951,103225,99246,139881,1
36341,56093,68211,92434,104552,124304,1
71276,27442,86920,98718,158196,114362,1
16773,98022,66920,114795,83693,164942,0
12755,93130,59574,105885,72329,152704,0
972,92369,67885,93341,68857,160254,0
87561,89807,11437,177368,98998,101244,1
65165,40623,49434,105788,114599,90057,1
66368,38650,43068,105018,109436,81718,1
60062,91292,30691,151354,90753,121983,0
99102,82389,95208,181491,194310,177597,1
4855,79718,79421,84573,84276,159139,1
9184,6074,87078,15258,96262,93152,0
43724,24879,93569,68603,137293,118448,0
76407,10825,2516,87232,78923,13341,0
49863,43325,6048,93188,55911,49373,0
94521,50800,86848,145321,181369,137648,1
70462,26360,94414,96822,164876,120774,1
61837,11284,84791,73121,146628,96075,0
46222,98137,20963,144359,67185,119100,0
19283,43526,92579,62809,111862,136105,0
79702,59530,7101,139232,86803,66631,0
13604,37643,13271,51247,26875,50914,0
54560,24741,19019,79301,73579,43760,0
16380,71670,64099,88050,80479,135769,1
59872,39921,14471,99793,74343,54392,0
94719,80298,32025,175017,126744,112323,1
40103,81251,95848,121354,135951,177099,1
54508,39479,44955,93987,99463,84434,1
77005,72298,80709,149303,157714,153007,1
74614,211,15895,74825,90509,16106,0
28138,70571,98622,98709,126760,169193,1
88404,73081,48978,161485,137382,122059,1
96526,50494,15814,147020,112340,66308,0
25810,8911,15504,34721,41314,24415,0
13742,84085,74395,97827,88137,158480,1
14139,32188,11465,46327,25604,43653,0
17576,11050,39353,28626,56929,50403,0
2421,20624,59959,23045,62380,80583,0
75777,81829,22317,157606,98094,104146,1
53242,97181,77581,150423,130823,174762,1
76992,72094,43240,149086,120232,115334,1
5035,34957,63166,39992,68201,98123,0
57089,9723,67503,66812,124592,77226,0
16864,81170,55021,98034,71885,136191,0
53416,28517,55513,81933,108929,84030,1
60456,52354,31733,112810,92189,84087,1
69827,31050,54215,100877,124042,85265,1
2186,95621,49673,97807,51859,145294,0
91898,94169,21623,186067,113521,115792,1
60682,65344,28068,126026,88750,93412,1
69646,72804,96213,142450,165859,169017,1
18564,38946,26591,57510,45155,65537,1
56193,76385,49238,132578,105431,125623,1
91126,94044,54185,185170,145311,148229,1
13666,55076,14604,68742,28270,69680,0
53460,29995,43049,83455,96509,73044,1
98688,16189,39027,114877,137715,55216,0
82057,72321,53042,154378,135099,125363,1
92861,78214,46335,171075,139196,124549,1
3030,96011,83209,99041,86239,179220,0
77568,55133,35729,132701,113297,90862,1
6395,24131,53089,30526,59484,77220,0
30999,13200,7510,44199,38509,20710,0
73095,59649,44617,132744,117712,104266,1
89221,41098,64022,130319,153243,105120,1
75665,76517,69721,152182,145386,146238,1
74766,9832,633,84598,75399,10465,0
90919,17238,88731,108157,179650,105969,1
86147,49961,27245,136108,113392,77206,0
32998,7878,72658,40876,105656,80536,0
71241,80754,49897,151995,121138,130651,1
91074,21388,44212,112462,135286,65600,0
32402,81754,79601,114156,112003,161355,1
66217,92158,94837,158375,161054,186995,1
16618,53952,22285,70570,38903,76237,0
16569,67498,54273,84067,70842,121771,1
15202,61778,95677,76980,110879,157455,0
86880,66122,48547,153002,135427,114669,1
35225,90050,30407,125275,65632,120457,0
11494,2029,31140,13523,42634,33169,0
29364,87328,13375,116692,42739,100703,0
25988,15193,31566,41181,57554,46759,1
82816,42603,70465,125419,153281,113068,1
27823,15283,13921,43106,41744,29204,1
17706,43661,90109,61367,107815,133770,0
39059,23500,62550,62559,101609,86050,1
8295,79611,10793,87906,19088,90404,0
29609,73556,7292,103165,36901,80848,0
40399,77633,20080,118032,60479,97713,0
86511,68669,32324,155180,118835,100993,1
99255,33925,1470,133180,100725,35395,0
34068,50132,57604,84200,91672,107736,1
36157,8311,85743,44468,121900,94054,0
60316,65631,36973,125947,97289,102604,1
3711,18908,82951,22619,86662,101859,0
1248,55413,91923,56661,93171,147336,0
95736,38174,54181,133910,149917,92355,0
86024,5727,81872,91751,167896,87599,1
21569,50559,39157,72128,60726,89716,1
53992,74799,10959,128791,64951,85758,0
9551,83847,96061,93398,105612,179908,0
48215,98947,60579,147162,108794,159526,1
70033,89865,4091,159898,74124,93956,0
41536,20794,95767,62330,137303,116561,0
59048,24784,1723,83832,60771,26507,0
32824,8850,99219,41674,132043,108069,0
72791,8490,75353,81281,148144,83843,1
95701,85820,50986,181521,146687,136806,1
85808,18144,42752,103952,128560,60896,0
52892,29203,90780,82095,143672,119983,0
64950,53403,29128,118353,94078,82531,1
65137,89076,63732,154213,128869,152808,1
36692,34063,6627,70755,43319,40690,1
89911,91166,36834,181077,126745,128000,1
82918,59111,94273,142029,177191,153384,1
53884,24667,10416,78551,64300,35083,0
92198,47919,14569,140117,106767,62488,0
86066,98824,99054,184890,185120,197878,1
81627,40599,99249,122226,180876,139848,1
7756,2832,95777,10588,103533,98609,0
49109,63548,78076,112657,127185,141624,1
54828,22321,64855,77149,119683,87176,1
32441,21556,27605,53997,60046,49161,1
78008,63023,69197,141031,147205,132220,1
40834,36306,79490,77140,120324,115796,0
8908,45432,98316,54340,107224,143748,0
25859,36190,10341,62049,36200,46531,1
23676,80347,49960,104023,73636,130307,0
74291,36485,38855,110776,113146,75340,1
29427,39820,87750,69247,117177,127570,0
74906,47450,65074,122356,139980,112524,1
91272,15055,38605,106327,129877,53660,0
49887,48533,81174,98420,131061,129707,1
94297,27560,88170,121857,182467,115730,1
5927,64969,1191,70896,7118,66160,0
35692,50860,17003,86552,52695,67863,1
85327,66113,67332,151440,152659,133445,1
18861,14902,13603,33763,32464,28505,1
13607,63587,44677,77194,58284,108264,0
96985,54925,65160,151910,162145,120085,1
49177,41796,27743,90973,76920,69539,1
87401,47729,46825,135130,134226,94554,1
91834,69330,70990,161164,162824,140320,1
62591,25207,37227,87798,99818,62434,0
70667,48849,11057,119516,81724,59906,0
85101,30970,74806,116071,159907,105776,1
76269,72267,70639,148536,146908,142906,1
86739,21161,32826,107900,119565,53987,0
66049,56628,91256,122677,157305,147884,1
66993,33468,21074,100461,88067,54542,0
62313,8016,22747,70329,85060,30763,0
97241,73305,10516,170546,107757,83821,0
48105,33845,569,81950,48674,34414,0
64858,421,80235,65279,145093,80656,0
86405,52419,11964,138824,98369,64383,0
20144,75143,3001,95287,23145,78144,0
56401,62025,35826,118426,92227,97851,1
87458,79687,2720,167145,90178,82407,0
64730,68487,33399,133217,98129,101886,1
360,8030,86159,8390,86519,94189,0
55021,578,95784,55599,150805,96362,0
87463,66957,23604,154420,111067,90561,1
58578,97382,8090,155960,66668,105472,0
63437,21843,33080,85280,96517,54923,0
18412,82772,48362,101184,66774,131134,0
3922,64609,98395,68531,102317,163004,0
58967,63303,65853,122270,124820,129156,1
47005,66513,1180,113518,48185,67693,0
69051,16431,29688,85482,98739,46119,0
97911,95819,27521,193730,125432,123340,1
76228,11059,71537,87287,147765,82596,1
16234,12164,33802,28398,50036,45966,0
7197,68351,61015,75548,68212,129366,0
41160,85718,23171,126878,64331,108889,0
59999,82498,91010,142497,151009,173508,1
65411,20814,45171,86225,110582,65985,1
25951,68761,51322,94712,77273,120083,1
66392,75847,78866,142239,145258,154713,1
311,48602,45919,48913,46230,94521,0
89071,36111,60208,125182,149279,96319,1
41204,58352,52781,99556,93985,111133,1
73053,73971,99800,147024,172853,173771,1
52552,58280,25853,110832,78405,84133,1
33377,15993,51200,49370,84577,67193,0
33166,34240,3157,67406,36323,37397,1
39488,33410,70190,72898,109678,103600,1
46716,47519,40063,94235,86779,87582,1
63156,81557,41143,144713,104299,122700,1
3041,28817,99587,31858,102628,128404,0
92409,24702,37651,117111,130060,62353,0
315,87701,94525,88016,94840,182226,0
98740,12334,76239,111074,174979,88573,0
5222,92278,74719,97500,79941,166997,0
57020,42860,11534,99880,68554,54394,0
39756,40597,77048,80353,116804,117645,1
32313,26236,72314,58549,104627,98550,0
49661,27021,16863,76682,66524,43884,0
19205,75604,14904,94809,34109,90508,0
60783,92173,56562,152956,117345,148735,1
93759,79031,91617,172790,185376,170648,1
34239,42956,93092,77195,127331,136048,0
96237,64909,32655,161146,128892,97564,1
28715,23267,16265,51982,44980,39532,1
73399,80195,32970,153594,106369,113165,1
74358,67237,67482,141595,141840,134719,1
83205,57501,22696,140706,105901,80197,0
98576,75175,55271,173751,153847,130446,1
67710,12454,56001,80164,123711,68455,1
36392,96380,49421,132772,85813,145801,0
57618,80794,95291,138412,152909,176085,1
98670,64687,43056,163357,141726,107743,1
39206,29353,35477,68559,74683,64830,1
59822,82114,77162,141936,136984,159276,1
70374,37371,37094,107745,107468,74465,1
51048,75947,65368,126995,116416,141315,1
72238,69482,6763,141720,79001,76245,1
9044,34222,52892,43266,61936,87114,0
16468,23514,54435,39982,70903,77949,0
62797,68448,64904,131245,127701,133352,1
48468,63703,93982,112171,142450,157685,1
78384,8049,28739,86433,107123,36788,0
18891,26813,49682,45704,68573,76495,0
2331,84016,8630,86347,10961,92646,0
7998,40794,75790,48792,83788,116584,0
573,33384,11534,33957,12107,44918,0
29886,69348,74622,99234,104508,143970,1
60362,59173,69670,119535,130032,128843,1
66127,21928,76626,88055,142753,98554,1
97080,67826,75771,164906,172851,143597,1
7908,7988,42094,15896,50002,50082,0
4311,65229,92121,69540,96432,157350,0
31318,89981,18219,121299,49537,108200,0
76217,70283,24557,146500,100774,94840,1
21793,34015,99672,55808,121465,133687,0
76276,66988,21828,143264,98104,88816,1
85093,58498,33811,143591,118904,92309,1
92273,50521,6572,142794,98845,57093,0
9416,40591,71932,50007,81348,112523,0
30817,60049,38492,90866,69309,98541,1
49802,35174,33208,84976,83010,68382,1
12415,63872,65770,76287,78185,129642,1
21942,71287,14062,93229,36004,85349,0
96203,22365,82115,118568,178318,104480,1
161,91889,96140,92050,96301,188029,0
34007,52231,10924,86238,44931,63155,0
26346,96804,3937,123150,30283,100741,0
15388,70218,50210,85606,65598,120428,0
77059,56111,12213,133170,89272,68324,0
14433,70405,65174,84838,79607,135579,1
85068,33868,38232,118936,123300,72100,0
63252,34810,58917,98062,122169,93727,1
83794,6774,49759,90568,133553,56533,0
50153,3751,25466,53904,75619,29217,0
1504,85759,96509,87263,98013,182268,0
18081,14066,15971,32147,34052,30037,1
66810,55082,92141,121892,158951,147223,1
26806,20989,98210,47795,125016,119199,0
45754,58055,20715,103809,66469,78770,1
18438,49073,71738,67511,90176,120811,0
60199,42696,80882,102895,141081,123578,1
35524,38057,73185,73581,108709,111242,1
89943,21303,81333,111246,171276,102636,1
82831,9150,87281,91981,170112,96431,1
19481,78437,49536,97918,69017,127973,0
39475,96779,73286,136254,112761,170065,1
40660,56239,79934,96899,120594,136173,1
41388,84193,13458,125581,54846,97651,0
60246,99497,15237,159743,75483,114734,0
47917,39861,85954,87778,133871,125815,1
81964,18572,18424,100536,100388,36996,0
38163,60869,84498,99032,122661,145367,1
72264,59685,50729,131949,122993,110414,1
88998,35541,95773,124539,184771,131314,1
46498,55104,82030,101602,128528,137134,1
86030,95794,21842,181824,107872,117636,1
61262,89551,29711,150813,90973,119262,1
16571,64139,5150,80710,21721,69289,0
67203,62061,21358,129264,88561,83419,1
18172,56615,5010,74787,23182,61625,0
46678,55250,89589,101928,136267,144839,1
84190,31002,81128,115192,165318,112130,1
66723,85563,32670,152286,99393,118233,1
387,24111,89579,24498,89966,113690,0
68087,83704,26767,151791,94854,110471,1
72409,17854,4158,90263,76567,22012,0
12169,61580,16599,73749,28768,78179,0
8443,99274,23177,107717,31620,122451,0
57541,54983,88862,112524,146403,143845,1
26191,69293,79929,95484,106120,149222,1
69571,17338,15749,86909,85320,33087,0
22245,61559,83873,83804,106118,145432,0
75365,28078,22635,103443,98000,50713,0
21361,56733,23085,78094,44446,79818,0
7086,25163,39068,32249,46154,64231,0
10627,45364,45412,55991,56039,90776,1
78318,77159,2840,155477,81158,79999,1
4317,95216,87917,99533,92234,183133,0
64654,75127,83310,139781,147964,158437,1
50579,7569,54744,58148,105323,62313,1
89629,12282,85561,101911,175190,97843,1
89364,73051,18079,162415,107443,91130,1
78445,1669,32861,80114,111306,34530,0
50608,49055,79105,99663,129713,128160,1
21125,91456,929,112581,22054,92385,0
39229,98074,91295,137303,130524,189369,1
83593,38759,73419,122352,157012,112178,1
74557,55886,73582,130443,148139,129468,1
68852,24253,86772,93105,155624,111025,1
76567,33799,26635,110366,103202,60434,0
16149,88002,31571,104151,47720,119573,0
6297,52004,74801,58301,81098,126805,0
83358,49600,59671,132958,143029,109271,1
30556,77193,53429,107749,83985,130622,1
66724,40856,44413,107580,111137,85269,1
88778,11762,66272,100540,155050,78034,0
87467,17540,7386,105007,94853,24926,0
20166,91003,49967,111169,70133,140970,0
76131,41354,38647,117485,114778,80001,1
43698,55517,30654,99215,74352,86171,1
46467,43261,37745,89728,84212,81006,1
27039,1972,55844,29011,82883,57816,0
18369,29345,59468,47714,77837,88813,0
28858,69910,89631,98768,118489,159541,1
80568,91700,58299,172268,138867,149999,1
76449,93271,13734,169720,90183,107005,0
74958,55122,18210,130080,93168,73332,0
76319,75099,78891,151418,155210,153990,1
44184,21987,91557,66171,135741,113544,0
74884,63318,631,138202,75515,63949,0
46748,67327,23079,114075,69827,90406,1
18544,65467,85437,84011,103981,150904,0
82948,81874,84272,164822,167220,166146,1
32992,55371,86385,88363,119377,141756,1
84860,99217,63692,184077,148552,162909,1
93930,87332,91315,181262,185245,178647,1
36892,19138,97751,56030,134643,116889,0
1846,4188,41182,6034,43028,45370,0
73071,93542,26739,166613,99810,120281,1
71530,78067,65247,149597,136777,143314,1
93344,6905,80989,100249,174333,87894,0
55174,95499,76798,150673,131972,172297,1
13098,43130,8641,56228,21739,51771,0
29241,26777,30485,56018,59726,57262,1
90543,13244,6975,103787,97518,20219,0
45370,51921,65674,97291,111044,117595,1
80144,6351,25587,86495,105731,31938,0
89755,9402,6708,99157,96463,16110,0
68583,68150,38701,136733,107284,106851,1
74896,75351,75578,150247,150474,150929,1
38583,87449,51897,126032,90480,139346,1
97422,9286,2920,106708,100342,12206,0
57058,73261,74920,130319,131978,148181,1
89418,32657,44166,122075,133584,76823,0
69751,10810,67007,80561,136758,77817,1
1173,68828,23282,70001,24455,92110,0
69374,27541,66033,96915,135407,93574,1
39213,55651,83887,94864,123100,139538,1
42594,84146,12336,126740,54930,96482,0
41779,27958,72407,69737,114186,100365,0
86789,93402,29135,180191,115924,122537,1
1012,95198,99923,96210,100935,195121,0
76041,40543,73730,116584,149771,114273,1
74899,98330,90875,173229,165774,189205,1
78076,56474,84292,134550,162368,140766,1
15743,90843,46740,106586,62483,137583,0
5249,38386,69643,43635,74892,108029,0
29763,62561,19168,92324,48931,81729,0
59556,81842,65930,141398,125486,147772,1
39146,88778,78572,127924,117718,167350,1
61469,45255,59874,106724,121343,105129,1
29165,47875,99859,77040,129024,147734,0
67727,68100,85119,135827,152846,153219,1
10086,3552,51969,13638,62055,55521,0
33444,51093,59409,84537,92853,110502,1
52074,65033,34393,117107,86467,99426,1
81489,44281,46732,125770,128221,91013,1
7767,24189,13489,31956,21256,37678,0
69025,49967,16995,118992,86020,66962,0
2323,90216,15121,92539,17444,105337,0
55641,57226,24857,112867,80498,82083,1
47378,81698,3505,129076,50883,85203,0
9007,35987,46299,44994,55306,82286,0
24432,85479,87537,109911,111969,173016,1
34092,91864,34572,125956,68664,126436,0
79267,20380,2870,99647,82137,23250,0
84842,45868,47960,130710,132802,93828,1
52421,76118,29513,128539,81934,105631,1
15832,50819,91071,66651,106903,141890,0
60421,61392,13113,121813,73534,74505,1
38696,3186,81922,41882,120618,85108,0
17222,56141,42140,73363,59362,98281,1
47227,80519,49658,127746,96885,130177,1
6661,60925,39671,67586,46332,100596,0
63312,34678,61317,97990,124629,95995,1
35406,55523,19822,90929,55228,75345,0
63714,1906,49443,65620,113157,51349,0
40092,51379,70107,91471,110199,121486,1
61620,66729,12468,128349,74088,79197,1
75012,24818,5658,99830,80670,30476,0
21955,68361,54706,90316,76661,123067,1
40038,288,76027,40326,116065,76315,0
81721,89687,6874,171408,88595,96561,0
77058,87803,46328,164861,123386,134131,1
7781,57589,41763,65370,49544,99352,0
6112,48739,95230,54851,101342,143969,0
71297,60810,8276,132107,79573,69086,0
25682,71961,19348,97643,45030,91309,0
12056,98820,55779,110876,67835,154599,0
55670,66645,74903,122315,130573,141548,1
97056,40478,35479,137534,132535,75957,0
15731,58278,69253,74009,84984,127531,1
93519,65809,77114,159328,170633,142923,1
66212,87420,935,153632,67147,88355,0
97703,84580,25172,182283,122875,109752,1
50464,19644,62338,70108,112802,81982,1
75650,1695,29018,77345,104668,30713,0
95775,16895,90136,112670,185911,107031,1
97021,48485,99823,145506,196844,148308,1
78552,96650,91284,175202,169836,187934,1
56787,19064,74739,75851,131526,93803,1
9797,54947,42622,64744,52419,97569,0
26727,6444,26217,33171,52944,32661,1
35007,60573,4887,95580,39894,65460,0
54811,38404,92218,93215,147029,130622,1
61484,6892,73116,68376,134600,80008,0
13338,97619,54418,110957,67756,152037,0
91769,61047,11467,152816,103236,72514,0
65626,71147,58584,136773,124210,129731,1
14963,34036,68748,48999,83711,102784,0
58234,16450,83918,74684,142152,100368,0
68911,94450,26039,163361,94950,120489,1
17530,31055,49330,48585,66860,80385,0
96000,63222,97299,159222,193299,160521,1
64652,5918,16257,70570,80909,22175,0
62008,86808,24419,148816,86427,111227,0
70666,49347,45173,120013,115839,94520,1
20793,73476,82591,94269,103384,156067,1
33004,48008,63310,81012,96314,111318,1
21764,55049,74623,76813,96387,129672,1
17025,63708,96689,80733,113714,160397,0
41760,41762,92791,83522,134551,134553,0
24349,88730,23512,113079,47861,112242,0
69727,67864,75995,137591,145722,143859,1
21871,7420,29566,29291,51437,36986,0
74219,60309,43089,134528,117308,103398,1
87468,95343,24572,182811,112040,119915,1
34333,26134,93385,60467,127718,119519,0
40484,41813,22545,82297,63029,64358,1
9037,26122,81331,35159,90368,107453,0
5217,64813,68794,70030,74011,133607,1
71495,24138,47612,95633,119107,71750,1
95523,60821,43970,156344,139493,104791,1
82120,18987,92069,101107,174189,111056,1
58703,44459,93906,103162,152609,138365,1
99549,9830,34796,109379,134345,44626,0
33573,47053,73888,80626,107461,120941,1
51631,55014,34325,106645,85956,89339,1
46334,39698,50480,86032,96814,90178,1
93926,45463,71221,139389,165147,116684,1
56945,50595,65545,107540,122490,116140,1
36146,74264,71716,110410,107862,145980,1
12373,13610,29818,25983,42191,43428,0
86248,29775,24517,116023,110765,54292,0
58989,75879,3077,134868,62066,78956,0
97209,58394,86814,155603,184023,145208,1
62346,73298,17264,135644,79610,90562,1
38085,54288,27049,92373,65134,81337,1
63128,86916,66390,150044,129518,153306,1
9776,28522,30676,38298,40452,59198,1
95068,94363,44716,189431,139784,139079,1
69252,63378,67608,132630,136860,130986,1
64599,75535,25764,140134,90363,101299,1
87631,9835,18235,97466,105866,28070,0
898,76556,15921,77454,16819,92477,0
2743,87483,78557,90226,81300,166040,0
91824,53267,72791,145091,164615,126058,1
6279,34716,66755,40995,73034,101471,0
35123,96490,12151,131613,47274,108641,0
7115,14062,37375,21177,44490,51437,0
63942,91181,59138,155123,123080,150319,1
86882,64430,73292,151312,160174,137722,1
9103,92329,59733,101432,68836,152062,0
6775,87943,11424,94718,18199,99367,0
51624,43287,84244,94911,135868,127531,1
49311,77441,55117,126752,104428,132558,1
73423,11234,41526,84657,114949,52760,0
87740,22099,9935,109839,97675,32034,0
30570,86180,7269,116750,37839,93449,0
63340,88924,58400,152264,121740,147324,1
49313,80974,29641,130287,78954,110615,0
3800,94467,20792,98267,24592,115259,0
28353,34988,5239,63341,33592,40227,0
18279,13490,38576,31769,56855,52066,0
99300,19583,63103,118883,162403,82686,0
66911,80188,83125,147099,150036,163313,1
40118,83361,35098,123479,75216,118459,0
16557,53561,68849,70118,85406,122410,1
44881,37147,27583,82028,72464,64730,1
89580,37092,30927,126672,120507,68019,0
497,44594,82472,45091,82969,127066,0
95797,42014,67835,137811,163632,109849,1
79047,10672,59344,89719,138391,70016,0
35132,95785,80497,130917,115629,176282,1
47868,65410,45313,113278,93181,110723,1
85579,18413,95839,103992,181418,114252,1
73404,55934,21667,129338,95071,77601,1
50643,84864,20818,135507,71461,105682,0
17154,95898,87746,113052,104900,183644,1
90407,76596,38098,167003,128505,114694,1
72240,42869,21501,115109,93741,64370,0
63855,86999,26127,150854,89982,113126,1
75508,43915,51218,119423,126726,95133,1
73829,42597,40213,116426,114042,82810,1
90952,36114,43514,127066,134466,79628,0
37461,21906,81941,59367,119402,103847,0
38447,8819,16339,47266,54786,25158,0
90246,64783,35696,155029,125942,100479,1
42310,49831,67480,92141,109790,117311,1
48202,76547,46198,124749,94400,122745,1
61532,11843,15856,73375,77388,27699,0
83508,96346,58215,179854,141723,154561,1
70782,7246,55760,78028,126542,63006,0
63254,3210,68581,66464,131835,71791,0
14504,59653,42272,74157,56776,101925,0
20102,68245,13899,88347,34001,82144,0
75112,71529,91644,146641,166756,163173,1
33974,6241,66451,40215,100425,72692,0
48790,62222,30154,111012,78944,92376,1
50358,32962,86502,83320,136860,119464,0
77379,82259,68088,159638,145467,150347,1
34931,34752,13820,69683,48751,48572,1
52920,58599,83807,111519,136727,142406,1
38395,34272,85350,72667,123745,119622,0
51561,54801,83489,106362,135050,138290,1
43324,60340,17829,103664,61153,78169,1
13120,61739,49279,74859,62399,111018,1
27920,74839,89538,102759,117458,164377,1
65613,23210,14040,88823,79653,37250,0
628,4508,52140,5136,52768,56648,0
56214,44959,65175,101173,121389,110134,1
21546,1244,79160,22790,100706,80404,0
42165,72120,31949,114285,74114,104069,1
38612,23599,57151,62211,95763,80750,1
51052,54742,17389,105794,68441,72131,1
44039,37576,34354,81615,78393,71930,1
99509,52901,65785,152410,165294,118686,1
55999,1487,93246,57486,149245,94733,0
10012,21664,62120,31676,72132,83784,0
89086,28943,98530,118029,187616,127473,1
77639,77065,20998,154704,98637,98063,1
666,53771,84683,54437,85349,138454,0
3417,26833,3968,30250,7385,30801,0
71608,17689,5407,89297,77015,23096,0
63573,72664,89448,136237,153021,162112,1
43288,48954,26254,92242,69542,75208,1
67595,34696,37771,102291,105366,72467,1
60414,14613,32953,75027,93367,47566,0
77648,80925,6416,158573,84064,87341,1
46255,53764,86749,100019,133004,140513,1
26449,79365,32840,105814,59289,112205,0
42300,30519,54966,72819,97266,85485,1
3586,50997,14120,54583,17706,65117,0
95941,64597,37281,160538,133222,101878,1
21246,82504,19385,103750,40631,101889,0
67944,26363,41055,94307,108999,67418,0
83465,5712,42280,89177,125745,47992,0
95060,26589,85540,121649,180600,112129,1
42789,13272,9876,56061,52665,23148,0
16817,68619,74686,85436,91503,143305,1
81578,71258,25589,152836,107167,96847,1
75936,52015,37265,127951,113201,89280,1
40271,88827,44226,129098,84497,133053,0
47614,77619,98212,125233,145826,175831,1
85582,2328,37680,87910,123262,40008,0
9843,77998,90150,87841,99993,168148,0
73647,18439,11587,92086,85234,30026,0
21561,63570,32260,85131,53821,95830,0
89592,6922,2815,96514,92407,9737,0
5415,12213,70679,17628,76094,82892,0
19955,35320,33235,55275,53190,68555,1
59344,99296,15017,158640,74361,114313,0
28722,19133,49918,47855,78640,69051,0
9238,75639,48113,84877,57351,123752,0
90229,34944,20583,125173,110812,55527,0
60350,77507,69529,137857,129879,147036,1
26317,8723,67920,35040,94237,76643,0
68470,5581,50130,74051,118600,55711,0
20967,48802,89035,69769,110002,137837,0
72168,49232,47126,121400,119294,96358,1
64,36846,57036,36910,57100,93882,0
266,2520,3620,2786,3886,6140,0
68354,78301,13061,146655,81415,91362,1
14723,94860,40330,109583,55053,135190,0
27535,9991,73525,37526,101060,83516,0
17958,24093,26291,42051,44249,50384,1
93150,12006,62061,105156,155211,74067,0
22241,86461,93611,108702,115852,180072,1
79275,28042,68169,107317,147444,96211,1
52605,13469,13377,66074,65982,26846,0
36579,59625,61653,96204,98232,121278,1
59782,34601,12579,94383,72361,47180,0
29366,99729,58857,129095,88223,158586,0
90179,14706,13486,104885,103665,28192,0
2527,69483,20007,72010,22534,89490,0
69053,8294,79455,77347,148508,87749,0
44334,16225,28683,60559,73017,44908,1
3314,6600,98163,9914,101477,104763,0
55057,73776,30710,128833,85767,104486,1
75885,13443,41843,89328,117728,55286,0
97245,77742,69070,174987,166315,146812,1
48914,87230,92950,136144,141864,180180,1
70681,38180,993,108861,71674,39173,0
62313,75137,41338,137450,103651,116475,1
32250,30137,35373,62387,67623,65510,1
9213,47314,14231,56527,23444,61545,0
28915,4428,59320,33343,88235,63748,0
5947,2279,21027,8226,26974,23306,0
88608,79413,59515,168021,148123,138928,1
26729,91569,18143,118298,44872,109712,0
36877,84849,81677,121726,118554,166526,1
80027,43662,90071,123689,170098,133733,1
5712,69706,9802,75418,15514,79508,0
77136,54268,11864,131404,89000,66132,0
85257,16897,75652,102154,160909,92549,1
48467,9921,87982,58388,136449,97903,0
30236,76028,80202,106264,110438,156230,1
86860,74512,50643,161372,137503,125155,1
89835,96200,41848,186035,131683,138048,1
97149,29085,50715,126234,147864,79800,0
30760,91394,41824,122154,72584,133218,0
74456,61851,50576,136307,125032,112427,1
15740,86353,55398,102093,71138,141751,0
61176,94916,2651,156092,63827,97567,0
18919,8523,87316,27442,106235,95839,0
72557,5628,7701,78185,80258,13329,0
4307,5842,63311,10149,67618,69153,0
7986,89149,84899,97135,92885,174048,1
37124,59112,97355,96236,134479,156467,0
96761,23728,93175,120489,189936,116903,1
49048,29541,19459,78589,68507,49000,0
34710,55626,13946,90336,48656,69572,0
54268,88185,64620,142453,118888,152805,1
27632,32258,44014,59890,71646,76272,1
47880,57,7087,47937,54967,7144,0
62725,56224,51154,118949,113879,107378,1
839,67924,61486,68763,62325,129410,0
7517,11552,11552,19069,19069,23104,1
70901,91712,83228,162613,154129,174940,1
52313,85940,17956,138253,70269,103896,0
25225,37752,58446,62977,83671,96198,1
34614,27020,95003,61634,129617,122023,0
876,47274,90503,48150,91379,137777,0
93023,96191,13335,189214,106358,109526,1
94290,3951,79846,98241,174136,83797,0
8327,40334,45505,48661,53832,85839,1
78452,87965,92804,166417,171256,180769,1
61522,69232,1639,130754,63161,70871,0
62827,63096,87529,125923,150356,150625,1
19409,72956,24209,92365,43618,97165,0
33123,76402,33487,109525,66610,109889,0
31336,57428,83537,88764,114873,140965,1
92497,30716,71887,123213,164384,102603,1
50644,37170,48921,87814,99565,86091,1
84701,7955,45417,92656,130118,53372,0
73598,13976,77166,87574,150764,91142,1
9523,4332,80284,13855,89807,84616,0
11326,38662,40128,49988,51454,78790,1
72766,29767,11616,102533,84382,41383,0
53156,1089,70631,54245,123787,71720,0
55015,83741,71827,138756,126842,155568,1
20372,12085,3102,32457,23474,15187,0
93004,37587,4603,130591,97607,42190,0
82681,16109,90697,98790,173378,106806,1
12042,27406,99733,39448,111775,127139,0
24975,71786,24778,96761,49753,96564,0
7622,6862,53922,14484,61544,60784,0
90059,76979,3160,167038,93219,80139,0
9369,81655,27564,91024,36933,109219,0
32827,88710,72554,121537,105381,161264,1
57714,90665,15166,148379,72880,105831,0
9659,89068,13904,98727,23563,102972,0
44961,31795,20237,76756,65198,52032,1
18593,77509,110,96102,18703,77619,0
59095,50251,52790,109346,111885,103041,1
35941,97320,92454,133261,128395,189774,1
37556,88417,18751,125973,56307,107168,0
35918,90294,10947,126212,46865,101241,0
83628,75598,7594,159226,91222,83192,0
9447,64867,56629,74314,66076,121496,1
32377,81461,40631,113838,73008,122092,0
99582,91299,82633,190881,182215,173932,1
30850,92086,79787,122936,110637,171873,1
51291,57102,38367,108393,89658,95469,1
69598,51045,22973,120643,92571,74018,1
17296,83827,47668,101123,64964,131495,0
64015,62233,21618,126248,85633,83851,1
46138,29832,13524,75970,59662,43356,0
926,56345,68522,57271,69448,124867,0
98929,15517,4453,114446,103382,19970,0
65444,87089,68328,152533,133772,155417,1
60590,96367,20240,156957,80830,116607,0
66661,69775,718,136436,67379,70493,0
68162,90944,99366,159106,167528,190310,1
25384,96094,25388,121478,50772,121482,0
29883,96623,63060,126506,92943,159683,0
59186,14626,48065,73812,107251,62691,1
31327,73258,3143,104585,34470,76401,0
54459,95089,74846,149548,129305,169935,1
41896,45530,52062,87426,93958,97592,1
97742,10323,88109,108065,185851,98432,1
86699,26769,77990,113468,164689,104759,1
65738,17071,62791,82809,128529,79862,1
41183,11825,51163,53008,92346,62988,1
50661,84593,73223,135254,123884,157816,1
4148,4963,26112,9111,30260,31075,0
20913,61624,56275,82537,77188,117899,1
15414,8870,29971,24284,45385,38841,0
20716,3127,3321,23843,24037,6448,0
34990,35359,65696,70349,100686,101055,1
8323,73753,18764,82076,27087,92517,0
75490,12579,31609,88069,107099,44188,0
78707,81131,99908,159838,178615,181039,1
58270,23731,63628,82001,121898,87359,1
42026,71257,36532,113283,78558,107789,1
53031,57695,23295,110726,76326,80990,1
14929,28285,92854,43214,107783,121139,0
44855,75126,73517,119981,118372,148643,1
91002,56170,52961,147172,143963,109131,1
43264,18627,81748,61891,125012,100375,0
60265,74957,17737,135222,78002,92694,1
9718,74433,15736,84151,25454,90169,0
89822,75833,42390,165655,132212,118223,1
76403,83583,64203,159986,140606,147786,1
99065,94972,14531,194037,113596,109503,1
57642,31494,27128,89136,84770,58622,1
75874,83684,57302,159558,133176,140986,1
32039,27447,6516,59486,38555,33963,1
23619,7963,59726,31582,83345,67689,0
45927,68986,9312,114913,55239,78298,0
89017,19359,9001,108376,98018,28360,0
89403,67532,87557,156935,176960,155089,1
14549,21344,46066,35893,60615,67410,0
47742,52337,59453,100079,107195,111790,1
4880,45961,93630,50841,98510,139591,0
84008,77593,84331,161601,168339,161924,1
77997,31377,69694,109374,147691,101071,1
97225,94283,40100,191508,137325,134383,1
62227,72175,13194,134402,75421,85369,1
8529,68822,88220,77351,96749,157042,0
15477,16144,86911,31621,102388,103055,0
70157,45384,76016,115541,146173,121400,1
72896,92147,57088,165043,129984,149235,1
4457,78909,62639,83366,67096,141548,0
20453,59299,15514,79752,35967,74813,0
12110,67601,61625,79711,73735,129226,1
78041,60146,66922,138187,144963,127068,1
69655,55666,64198,125321,133853,119864,1
70322,88543,77785,158865,148107,166328,1
46983,47288,21062,94271,68045,68350,1
33078,3588,59559,36666,92637,63147,0
15642,77241,60942,92883,76584,138183,0
88066,82687,53688,170753,141754,136375,1
59547,88334,76136,147881,135683,164470,1
2225,55249,37990,57474,40215,93239,0
50118,2568,14544,52686,64662,17112,0
18757,75724,72100,94481,90857,147824,1
48616,56311,34148,104927,82764,90459,1
3326,46595,64944,49921,68270,111539,0
82811,92415,11882,175226,94693,104297,1
27087,8090,79398,35177,106485,87488,0
25083,51031,49596,76114,74679,100627,1
19070,32167,25697,51237,44767,57864,1
53380,41429,29334,94809,82714,70763,1
19849,71683,82155,91532,102004,153838,1
80871,76905,87719,157776,168590,164624,1
47566,10229,24110,57795,71676,34339,0
71668,4121,72898,75789,144566,77019,1
37968,30245,86157,68213,124125,116402,0
58215,85562,50176,143777,108391,135738,1
59220,28416,47320,87636,106540,75736,1
42043,72237,38607,114280,80650,110844,1
61286,10113,17839,71399,79125,27952,0
16789,52512,91929,69301,108718,144441,0
42766,2749,31005,45515,73771,33754,0
352,50895,91556,51247,91908,142451,0
88735,66619,54934,155354,143669,121553,1
39301,48009,39658,87310,78959,87667,1
85491,30208,49965,115699,135456,80173,0
70662,91620,50601,162282,121263,142221,1
16200,31098,80534,47298,96734,111632,0
20873,53262,10326,74135,31199,63588,0
55093,81422,48206,136515,103299,129628,1
85583,97453,54117,183036,139700,151570,1
1560,13332,9189,14892,10749,22521,0
99186,8937,87137,108123,186323,96074,0
82129,73369,1894,155498,84023,75263,0
22225,83520,88368,105745,110593,171888,1
69124,16681,10640,85805,79764,27321,0
70428,95238,44213,165666,114641,139451,1
70418,3316,94808,73734,165226,98124,0
32720,25098,42239,57818,74959,67337,1
70810,32156,93002,102966,163812,125158,1
56997,53684,4822,110681,61819,58506,1
56453,99472,96165,155925,152618,195637,1
5256,43992,22697,49248,27953,66689,0
33724,42319,11257,76043,44981,53576,1
29879,93400,65723,123279,95602,159123,1
36803,58556,80238,95359,117041,138794,1
54125,90015,23096,144140,77221,113111,0
18716,59413,75253,78129,93969,134666,1
92873,75400,77449,168273,170322,152849,1
1860,62919,34240,64779,36100,97159,0
51159,26884,29986,78043,81145,56870,1
27529,58217,86032,85746,113561,144249,0
57830,47673,89307,105503,147137,136980,1
36433,86820,7532,123253,43965,94352,0
43026,50511,37645,93537,80671,88156,1
67444,95002,92086,162446,159530,187088,1
17834,32116,87231,49950,105065,119347,0
89444,85916,15099,175360,104543,101015,1
18136,40627,58855,58763,76991,99482,0
80088,33243,80266,113331,160354,113509,1
91442,16552,87925,107994,179367,104477,1
79674,27677,9511,107351,89185,37188,0
43499,84765,47614,128264,91113,132379,1
76575,51994,97508,128569,174083,149502,1
25001,97082,71252,122083,96253,168334,0
206,44376,58153,44582,58359,102529,0
95299,83003,46879,178302,142178,129882,1
61884,91897,40989,153781,102873,132886,1
31025,58890,36197,89915,67222,95087,1
25195,25328,33840,50523,59035,59168,1
23206,21586,7680,44792,30886,29266,1
93351,7118,1401,100469,94752,8519,0
33203,45931,38414,79134,71617,84345,1
84174,25192,41309,109366,125483,66501,0
44709,68701,48968,113410,93677,117669,1
73443,44933,58620,118376,132063,103553,1
51840,72276,42576,124116,94416,114852,1
50890,89923,70096,140813,120986,160019,1
91754,70357,28864,162111,120618,99221,1
71953,36105,82384,108058,154337,118489,1
50951,29418,55242,80369,106193,84660,1
98450,60152,77484,158602,175934,137636,1
58761,7573,62241,66334,121002,69814,1
53916,17058,45483,70974,99399,62541,1
61267,85215,79916,146482,141183,165131,1
30232,86260,73493,116492,103725,159753,1
86215,96552,18102,182767,104317,114654,1
67107,36439,75455,103546,142562,111894,1
43497,51306,54016,94803,97513,105322,1
5938,86663,91007,92601,96945,177670,1
65162,55501,33072,120663,98234,88573,1
19709,10034,51779,29743,71488,61813,0
65741,5480,29666,71221,95407,35146,0
25261,88454,89648,113715,114909,178102,1
46207,90863,43915,137070,90122,134778,0
7309,96266,60960,103575,68269,157226,0
17262,92173,68,109435,17330,92241,0
25175,64414,66499,89589,91674,130913,1
70342,92693,63364,163035,133706,156057,1
22680,38212,61239,60892,83919,99451,0
56573,80078,97078,136651,153651,177156,1
71699,28762,9999,100461,81698,38761,0
44440,44564,97247,89004,141687,141811,0
89000,9908,18834,98908,107834,28742,0
68540,79555,27655,148095,96195,107210,1
44016,19601,21143,63617,65159,40744,0
43308,21827,23928,65135,67236,45755,1
48657,40846,27836,89503,76493,68682,1
80846,33106,51397,113952,132243,84503,1
28705,64679,99112,93384,127817,163791,0
20350,80535,86385,100885,106735,166920,1
30378,23402,22850,53780,53228,46252,1
78372,8433,46146,86805,124518,54579,0
51965,98746,28032,150711,79997,126778,0
93068,59836,51063,152904,144131,110899,1
2097,2391,92563,4488,94660,94954,0
30316,46730,69931,77046,100247,116661,1
64405,95625,75332,160030,139737,170957,1
92116,8686,16241,100802,108357,24927,0
33334,61633,38306,94967,71640,99939,1
44963,19179,66619,64142,111582,85798,0
26019,67131,30041,93150,56060,97172,0
86353,46048,92595,132401,178948,138643,1
90979,33538,24929,124517,115908,58467,0
34732,83816,97726,118548,132458,181542,1
20810,74603,52758,95413,73568,127361,0
81711,67642,5905,149353,87616,73547,0
50249,99562,38665,149811,88914,138227,0
5010,14920,20228,19930,25238,35148,0
56620,23653,58685,80273,115305,82338,1
43964,11165,19581,55129,63545,30746,0
11163,47855,97944,59018,109107,145799,0
49357,36162,57233,85519,106590,93395,1
12141,72443,49360,84584,61501,121803,0
99670,89675,71439,189345,171109,161114,1
42807,71394,88828,114201,131635,160222,1
29798,2579,72484,32377,102282,75063,0
55890,21927,30742,77817,86632,52669,0
48647,29145,66956,77792,115603,96101,1
30845,88994,94743,119839,125588,183737,1
63390,94736,38095,158126,101485,132831,1
37888,19919,17250,57807,55138,37169,0
73530,86278,5817,159808,79347,92095,0
39491,506,74183,39997,113674,74689,0
20359,23686,94596,44045,114955,118282,0
11005,62674,6944,73679,17949,69618,0
83033,85828,40500,168861,123533,126328,1
74876,86631,19593,161507,94469,106224,1
77472,14894,9743,92366,87215,24637,0
21358,46538,11969,67896,33327,58507,0
82154,69989,30157,152143,112311,100146,1
41115,28093,44041,69208,85156,72134,1
36646,94754,61453,131400,98099,156207,1
28210,14928,25082,43138,53292,40010,1
80378,50006,47079,130384,127457,97085,1
33707,83776,83383,117483,117090,167159,1
41250,11538,81686,52788,122936,93224,0
94740,16868,9033,111608,103773,25901,0
71025,48526,6753,119551,77778,55279,0
28451,2279,6779,30730,35230,9058,0
96165,7233,15417,103398,111582,22650,0
3639,71202,69518,74841,73157,140720,1
31564,553,44295,32117,75859,44848,0
91215,84386,63352,175601,154567,147738,1
79407,32318,28383,111725,107790,60701,0
22956,13896,89042,36852,111998,102938,0
90848,15162,93769,106010,184617,108931,1
98001,5966,67366,103967,165367,73332,0
19734,86414,81057,106148,100791,167471,1
17760,58468,107,76228,17867,58575,0
11509,83421,46423,94930,57932,129844,0
23031,5328,29385,28359,52416,34713,0
71973,36055,93646,108028,165619,129701,1
27407,83578,76843,110985,104250,160421,1
18332,83173,99770,101505,118102,182943,1
58207,18375,14677,76582,72884,33052,0
46904,75639,10875,122543,57779,86514,0
27948,79599,57947,107547,85895,137546,1
14557,86450,78203,101007,92760,164653,1
7904,23896,1526,31800,9430,25422,0
71539,86610,65631,158149,137170,152241,1
51620,7452,33128,59072,84748,40580,0
58462,90052,20359,148514,78821,110411,0
90663,43379,50914,134042,141577,94293,1
34680,59903,57512,94583,92192,117415,1
76074,93435,50370,169509,126444,143805,1
93294,13926,42307,107220,135601,56233,0
4339,71621,91529,75960,95868,163150,0
35911,44720,30340,80631,66251,75060,1
39037,11062,90507,50099,129544,101569,0
14261,53476,70777,67737,85038,124253,0
85082,46301,84518,131383,169600,130819,1
58923,39262,38251,98185,97174,77513,1
38342,61925,94675,100267,133017,156600,1
32867,60043,46538,92910,79405,106581,1
25432,12675,82689,38107,108121,95364,0
18287,85761,34160,104048,52447,119921,0
54636,28643,32190,83279,86826,60833,1
66604,56766,88245,123370,154849,145011,1
23524,32988,77496,56512,101020,110484,0
22678,56125,54426,78803,77104,110551,1
97582,31493,39152,129075,136734,70645,0
78648,89581,29457,168229,108105,119038,1
15890,10547,9947,26437,25837,20494,1
94414,6203,42174,100617,136588,48377,0
32786,98464,2153,131250,34939,100617,0
80291,62806,58630,143097,138921,121436,1
2433,30849,44587,33282,47020,75436,0
43446,98639,27988,142085,71434,126627,0
27864,17494,30791,45358,58655,48285,1
21227,38416,36914,59643,58141,75330,1
84732,49979,44538,134711,129270,94517,1
91721,39870,79516,131591,171237,119386,1
52300,40902,41087,93202,93387,81989,1
85130,3974,77977,89104,163107,81951,0
58199,1606,68941,59805,127140,70547,0
39195,69625,45788,108820,84983,115413,1
23586,27499,84345,51085,107931,111844,0
79026,22735,1363,101761,80389,24098,0
70935,8331,73933,79266,144868,82264,1
36230,1551,76983,37781,113213,78534,0
44101,68548,37076,112649,81177,105624,1
55063,93663,54786,148726,109849,148449,1
66881,90403,49408,157284,116289,139811,1
52211,12652,60026,64863,112237,72678,1
18581,68756,92858,87337,111439,161614,0
20554,10947,65889,31501,86443,76836,0
6685,16684,12032,23369,18717,28716,1
92113,42546,27088,134659,119201,69634,0
49983,15233,39873,65216,89856,55106,1
70530,55134,23997,125664,94527,79131,1
70096,28556,2488,98652,72584,31044,0
5042,39254,23234,44296,28276,62488,0
76333,60448,25114,136781,101447,85562,1
49903,2441,15534,52344,65437,17975,0
64665,73409,41786,138074,106451,115195,1
26308,67893,16432,94201,42740,84325,0
22522,88901,59175,111423,81697,148076,0
3538,82306,84259,85844,87797,166565,1
81487,68211,31098,149698,112585,99309,1
95474,25877,21304,121351,116778,47181,0
7400,6226,53899,13626,61299,60125,0
50363,87981,28970,138344,79333,116951,0
94682,54652,94990,149334,189672,149642,1
62664,80725,58442,143389,121106,139167,1
57060,55224,81286,112284,138346,136510,1
35367,59165,13905,94532,49272,73070,0
55609,55388,99800,110997,155409,155188,1
19845,27754,63587,47599,83432,91341,0
68254,29192,88225,97446,156479,117417,1
77863,82195,17995,160058,95858,100190,1
13108,28142,71922,41250,85030,100064,0
83694,71662,72848,155356,156542,144510,1
72870,81656,24856,154526,97726,106512,1
17081,60911,45922,77992,63003,106833,1
24240,98950,80279,123190,104519,179229,1
26123,60390,75594,86513,101717,135984,1
39477,88398,43120,127875,82597,131518,0
96949,60596,41557,157545,138506,102153,1
41672,11232,10445,52904,52117,21677,0
3209,60366,22920,63575,26129,83286,0
34123,4147,3221,38270,37344,7368,0
8862,60662,54,69524,8916,60716,0
79888,58168,8753,138056,88641,66921,0
81661,74767,17352,156428,99013,92119,1
69395,29950,34681,99345,104076,64631,0
49561,74157,43867,123718,93428,118024,1
51132,34487,41090,85619,92222,75577,1
77653,64440,66596,142093,144249,131036,1
78494,3800,92467,82294,170961,96267,0
44902,93244,43987,138146,88889,137231,0
4114,32913,78505,37027,82619,111418,0
21232,47160,64310,68392,85542,111470,1
52919,23151,95599,76070,148518,118750,0
67037,30510,79874,97547,146911,110384,1
54134,35117,40051,89251,94185,75168,1
48273,26671,38892,74944,87165,65563,1
72235,62182,31770,134417,104005,93952,1
73175,46788,34761,119963,107936,81549,1
43,82472,9804,82515,9847,92276,0
93299,2308,37043,95607,130342,39351,0
23590,61992,42629,85582,66219,104621,1
49329,47659,41873,96988,91202,89532,1
33410,34323,79701,67733,113111,114024,0
34257,23865,2118,58122,36375,25983,0
7901,4624,50961,12525,58862,55585,0
44185,1594,47773,45779,91958,49367,0
74455,14183,92273,88638,166728,106456,0
26223,41451,15309,67674,41532,56760,1
59100,66175,56970,125275,116070,123145,1
14097,15375,68010,29472,82107,83385,0
47743,74449,2132,122192,49875,76581,0
43367,37067,80275,80434,123642,117342,1
82059,46211,99860,128270,181919,146071,1
80086,14169,14913,94255,94999,29082,0
55756,57492,80677,113248,136433,138169,1
52846,15201,91843,68047,144689,107044,0
49115,89444,58587,138559,107702,148031,1
79549,50687,53075,130236,132624,103762,1
9824,69899,38499,79723,48323,108398,0
91966,10038,45788,102004,137754,55826,0
52643,38600,67603,91243,120246,106203,1
355,39516,15434,39871,15789,54950,0
19950,29188,21532,49138,41482,50720,1
86988,36892,19786,123880,106774,56678,0
51274,55803,52703,107077,103977,108506,1
96775,67534,77736,164309,174511,145270,1
19969,42026,16066,61995,36035,58092,0
52105,24642,61743,76747,113848,86385,1
70412,69769,47253,140181,117665,117022,1
7774,91742,3180,99516,10954,94922,0
22235,58015,97977,80250,120212,155992,0
50467,47554,62062,98021,112529,109616,1
23022,58215,3227,81237,26249,61442,0
72506,21903,34380,94409,106886,56283,0
3076,49881,6306,52957,9382,56187,0
38579,41007,32136,79586,70715,73143,1
11222,6214,92136,17436,103358,98350,0
77841,96213,914,174054,78755,97127,0
50741,44144,44971,94885,95712,89115,1
63781,79738,20216,143519,83997,99954,1
66354,36808,66823,103162,133177,103631,1
28476,3709,68257,32185,96733,71966,0
95182,66292,37128,161474,132310,103420,1
3625,4192,68739,7817,72364,72931,0
98745,15811,16954,114556,115699,32765,0
35443,52886,38227,88329,73670,91113,1
65452,1160,52338,66612,117790,53498,0
30096,13880,38074,43976,68170,51954,1
20616,23030,67578,43646,88194,90608,0
19772,47378,88136,67150,107908,135514,0
53219,46533,94735,99752,147954,141268,1
92432,31335,12118,123767,104550,43453,0
11971,46580,44686,58551,56657,91266,1
24869,18221,6555,43090,31424,24776,0
9814,90907,1225,100721,11039,92132,0
32481,62057,81402,94538,113883,143459,1
56357,77543,59899,133900,116256,137442,1
33912,91038,52967,124950,86879,144005,0
6005,1191,95017,7196,101022,96208,0
71281,6658,15225,77939,86506,21883,0
86165,87359,57179,173524,143344,144538,1
5181,54984,19277,60165,24458,74261,0
54904,97774,10107,152678,65011,107881,0
41507,23495,23089,65002,64596,46584,1
25814,83451,84813,109265,110627,168264,1
48279,28151,22325,76430,70604,50476,1
16138,29131,264,45269,16402,29395,0
68075,9384,8093,77459,76168,17477,0
37513,7509,47910,45022,85423,55419,0
8144,73612,8160,81756,16304,81772,0
97659,25393,20930,123052,118589,46323,0
94206,43401,42446,137607,136652,85847,0
87157,49889,19557,137046,106714,69446,0
21166,13212,79099,34378,100265,92311,0
9087,80322,59350,89409,68437,139672,0
41341,10270,86359,51611,127700,96629,0
14260,70749,77594,85009,91854,148343,1
55909,54868,96731,110777,152640,151599,1
56957,86806,22510,143763,79467,109316,0
36985,41695,85501,78680,122486,127196,0
6238,83393,7480,89631,13718,90873,0
88731,93660,62915,182391,151646,156575,1
81870,49208,92730,131078,174600,141938,1
11270,74474,21062,85744,32332,95536,0
52273,50810,89728,103083,142001,140538,1
4314,58224,625,62538,4939,58849,0
30525,39451,23622,69976,54147,63073,1
21414,88029,27945,109443,49359,115974,0
20435,31675,48409,52110,68844,80084,1
21157,83706,48417,104863,69574,132123,0
85451,18920,88221,104371,173672,107141,1
53046,37755,57761,90801,110807,95516,1
99228,53052,26263,152280,125491,79315,0
14735,55646,45680,70381,60415,101326,1
50919,13071,11229,63990,62148,24300,0
97920,37831,50284,135751,148204,88115,0
59541,40700,29907,100241,89448,70607,1
13690,50960,72071,64650,85761,123031,0
94223,70696,32332,164919,126555,103028,1
50007,96436,71221,146443,121228,167657,1
53470,97727,13977,151197,67447,111704,0
21216,9961,77651,31177,98867,87612,0
41292,58154,17380,99446,58672,75534,1
11661,34966,89004,46627,100665,123970,0
29458,97534,17938,126992,47396,115472,0
2906,86161,17811,89067,20717,103972,0
75064,37122,68941,112186,144005,106063,1
6271,54283,80994,60554,87265,135277,0
81283,49900,37286,131183,118569,87186,1
43293,17651,73200,60944,116493,90851,0
41083,40393,45002,81476,86085,85395,1
566,83897,56029,84463,56595,139926,0
33803,68064,58477,101867,92280,126541,1
45064,55941,50116,101005,95180,106057,1
96390,11549,7308,107939,103698,18857,0
49810,74039,27031,123849,76841,101070,1
10548,49334,51940,59882,62488,101274,1
58225,75054,57611,133279,115836,132665,1
83781,73581,54563,157362,138344,128144,1
88278,92248,96483,180526,184761,188731,1
9786,46806,87183,56592,96969,133989,0
10503,35165,40239,45668,50742,75404,1
8046,62451,93174,70497,101220,155625,0
9369,6922,31868,16291,41237,38790,0
37515,44942,13724,82457,51239,58666,1
10209,97613,94363,107822,104572,191976,1
18061,98953,45433,117014,63494,144386,0
89056,29831,19762,118887,108818,49593,0
98445,45727,41377,144172,139822,87104,0
2940,25622,36072,28562,39012,61694,0
77918,34879,23605,112797,101523,58484,0
45093,86364,17158,131457,62251,103522,0
20852,2082,74573,22934,95425,76655,0
55533,11277,65646,66810,121179,76923,1
19361,90932,93362,110293,112723,184294,1
33086,53223,37629,86309,70715,90852,1
18200,96766,514,114966,18714,97280,0
98653,98867,8957,197520,107610,107824,1
3385,34739,22614,38124,25999,57353,0
21378,5597,51508,26975,72886,57105,0
54310,12522,15802,66832,70112,28324,0
10433,66511,49341,76944,59774,115852,0
50832,1344,83918,52176,134750,85262,0
29463,44985,25297,74448,54760,70282,1
75328,94081,52740,169409,128068,146821,1
43278,53793,82067,97071,125345,135860,1
13179,2378,36116,15557,49295,38494,0
62671,63278,74567,125949,137238,137845,1
10854,42860,83309,53714,94163,126169,0
86254,58311,79350,144565,165604,137661,1
60732,29416,91646,90148,152378,121062,0
76513,4754,28971,81267,105484,33725,0
13517,78008,41991,91525,55508,119999,0
69098,88892,94578,157990,163676,183470,1
657,50408,21360,51065,22017,71768,0
80176,92215,18570,172391,98746,110785,1
90360,7729,53914,98089,144274,61643,0
38386,55682,52677,94068,91063,108359,1
33505,50504,83455,84009,116960,133959,1
56193,35700,53309,91893,109502,89009,1
12413,11119,14297,23532,26710,25416,1
66184,81889,84164,148073,150348,166053,1
86543,39539,16598,126082,103141,56137,0
18065,40060,78901,58125,96966,118961,0
73702,31588,65556,105290,139258,97144,1
47132,56834,81987,103966,129119,138821,1
79566,20756,68648,100322,148214,89404,1
61130,75024,4565,136154,65695,79589,0
23226,28100,89806,51326,113032,117906,0
29994,63806,22951,93800,52945,86757,0
26921,83729,89800,110650,116721,173529,1
6370,73676,98222,80046,104592,171898,0
23252,33572,50777,56824,74029,84349,1
5620,4645,96455,10265,102075,101100,0
52605,55742,85621,108347,138226,141363,1
38747,72969,86190,111716,124937,159159,1
59940,17683,9207,77623,69147,26890,0
33014,8625,64039,41639,97053,72664,0
15367,59437,46535,74804,61902,105972,1
39614,14843,83397,54457,123011,98240,0
82296,95202,90712,177498,173008,185914,1
12424,34941,1469,47365,13893,36410,0
66335,91985,76768,158320,143103,168753,1
24690,89215,20863,113905,45553,110078,0
83795,75418,58707,159213,142502,134125,1
67439,21635,60659,89074,128098,82294,1
94346,46848,30973,141194,125319,77821,0
20105,90608,54307,110713,74412,144915,0
53083,39537,71902,92620,124985,111439,1
37184,82959,58792,120143,95976,141751,1
53147,22822,68668,75969,121815,91490,1
22192,22504,41821,44696,64013,64325,1
80575,19468,23842,100043,104417,43310,0
33994,45532,44259,79526,78253,89791,1
57625,5466,22820,63091,80445,28286,0
18042,36111,12742,54153,30784,48853,0
69460,10047,716,79507,70176,10763,0
49338,23441,62305,72779,111643,85746,1
18616,65683,99410,84299,118026,165093,0
12624,32879,47446,45503,60070,80325,0
20577,47002,28553,67579,49130,75555,1
56347,88496,490,144843,56837,88986,0
76138,48168,38478,124306,114616,86646,1
49982,41687,46991,91669,96973,88678,1
3469,51474,36050,54943,39519,87524,0
44445,745,50956,45190,95401,51701,0
12118,42731,94587,54849,106705,137318,0
13825,62400,47411,76225,61236,109811,0
99992,14468,99277,114460,199269,113745,1
21331,93814,21150,115145,42481,114964,0
41329,34876,57738,76205,99067,92614,1
59427,80085,98789,139512,158216,178874,1
60717,39489,10736,100206,71453,50225,0
36047,71604,57189,107651,93236,128793,1
85723,41592,65738,127315,151461,107330,1
65849,2641,22429,68490,88278,25070,0
14025,18941,36534,32966,50559,55475,0
43939,38740,54647,82679,98586,93387,1
89047,29529,53067,118576,142114,82596,0
53462,64189,61928,117651,115390,126117,1
13065,33275,22088,46340,35153,55363,1
67406,24472,42797,91878,110203,67269,0
34083,51936,44712,86019,78795,96648,1
54697,35469,75305,90166,130002,110774,1
66339,1606,70780,67945,137119,72386,0
58183,16019,16305,74202,74488,32324,0
86542,4551,32935,91093,119477,37486,0
82877,79443,73993,162320,156870,153436,1
20632,85413,78560,106045,99192,163973,1
30833,11787,88082,42620,118915,99869,0
56038,4848,50446,60886,106484,55294,0
93687,89203,46087,182890,139774,135290,1
59474,80691,5514,140165,64988,86205,0
580,91461,91592,92041,92172,183053,1
3189,69861,92033,73050,95222,161894,0
85632,97234,56541,182866,142173,153775,1
79729,62082,41537,141811,121266,103619,1
49209,31998,67443,81207,116652,99441,1
78323,36076,13401,114399,91724,49477,0
41437,60809,77647,102246,119084,138456,1
49020,31181,6943,80201,55963,38124,0
79421,39223,93729,118644,173150,132952,1
50240,91688,9663,141928,59903,101351,0
76229,56770,22655,132999,98884,79425,1
5956,35182,30460,41138,36416,65642,1
18820,5065,32518,23885,51338,37583,0
18525,33119,80172,51644,98697,113291,0
22129,57621,92890,79750,115019,150511,0
38828,16266,92323,55094,131151,108589,0
10949,29333,64489,40282,75438,93822,0
2250,41042,33835,43292,36085,74877,0
79348,34424,97930,113772,177278,132354,1
14442,92719,54000,107161,68442,146719,0
89453,87936,73168,177389,162621,161104,1
9745,52526,10638,62271,20383,63164,0
25047,28454,96557,53501,121604,125011,0
92229,77730,42540,169959,134769,120270,1
42350,45622,83668,87972,126018,129290,1
32383,7468,70345,39851,102728,77813,0
35986,18964,96989,54950,132975,115953,0
65444,72346,5076,137790,70520,77422,0
10692,94429,98822,105121,109514,193251,1
97387,91906,19472,189293,116859,111378,1
57233,64626,77470,121859,134703,142096,1
96720,826,51661,97546,148381,52487,0
47649,19779,53814,67428,101463,73593,1
52956,88978,85880,141934,138836,174858,1
10912,10045,43636,20957,54548,53681,0
74652,73475,67682,148127,142334,141157,1
30653,24476,63357,55129,94010,87833,0
91652,40702,2742,132354,94394,43444,0
71523,83238,40133,154761,111656,123371,1
73325,37869,5204,111194,78529,43073,0
32026,47042,90263,79068,122289,137305,0
72188,45774,15185,117962,87373,60959,0
178,61659,53736,61837,53914,115395,0
90833,57944,85694,148777,176527,143638,1
43245,59125,47049,102370,90294,106174,1
96173,52259,20521,148432,116694,72780,0
21123,66684,77936,87807,99059,144620,1
72040,57537,4481,129577,76521,62018,0
47455,48388,75387,95843,122842,123775,1
93182,67070,65583,160252,158765,132653,1
82905,35064,94963,117969,177868,130027,1
81626,64162,7053,145788,88679,71215,0
82629,1480,71643,84109,154272,73123,0
63537,17495,20898,81032,84435,38393,0
57456,81722,76325,139178,133781,158047,1
41351,24480,9309,65831,50660,33789,0
52251,85312,49121,137563,101372,134433,1
64411,2200,30792,66611,95203,32992,0
74123,44537,29734,118660,103857,74271,1
37608,25823,95874,63431,133482,121697,0
3659,21891,3315,25550,6974,25206,0
92392,49561,27718,141953,120110,77279,0
1688,4710,98131,6398,99819,102841,0
41284,81946,69093,123230,110377,151039,1
83168,65590,54092,148758,137260,119682,1
50588,62477,9275,113065,59863,71752,0
24701,9806,12702,34507,37403,22508,0
36412,43564,66368,79976,102780,109932,1
85944,43244,92259,129188,178203,135503,1
5603,50254,16294,55857,21897,66548,0
87127,93523,87831,180650,174958,181354,1
83507,33167,85157,116674,168664,118324,1
55232,20898,39960,76130,95192,60858,1
27376,15475,40847,42851,68223,56322,1
98853,72542,39897,171395,138750,112439,1
14624,44559,27803,59183,42427,72362,0
41222,51292,46420,92514,87642,97712,1
28338,92740,96203,121078,124541,188943,1
28984,64807,62611,93791,91595,127418,1
18924,58110,61286,77034,80210,119396,1
30044,88515,49433,118559,79477,137948,0
18718,29794,63224,48512,81942,93018,0
6851,75603,29911,82454,36762,105514,0
74271,91733,41548,166004,115819,133281,1
37877,23479,4005,61356,41882,27484,0
4213,90988,97650,95201,101863,188638,0
25313,91326,45865,116639,71178,137191,0
29686,96933,1716,126619,31402,98649,0
71222,52478,72274,123700,143496,124752,1
56305,57764,71130,114069,127435,128894,1
46890,86944,97557,133834,144447,184501,1
39248,61973,47531,101221,86779,109504,1
22581,57113,8708,79694,31289,65821,0
28575,27660,88655,56235,117230,116315,0
31566,65256,62099,96822,93665,127355,1
49436,57847,16481,107283,65917,74328,1
17681,11197,41194,28878,58875,52391,0
60814,70523,38846,131337,99660,109369,1
8946,18050,84221,26996,93167,102271,0
51720,82440,80742,134160,132462,163182,1
57444,17037,32185,74481,89629,49222,0
79254,65813,2310,145067,81564,68123,0
14578,62381,94977,76959,109555,157358,0
36243,79004,28063,115247,64306,107067,0
73081,51741,9638,124822,82719,61379,0
9307,49103,46160,58410,55467,95263,1
91644,66364,41347,158008,132991,107711,1
89800,1071,49147,90871,138947,50218,0
9414,66610,67896,76024,77310,134506,1
42003,50520,20958,92523,62961,71478,1
40194,94521,28683,134715,68877,123204,0
54114,39332,57026,93446,111140,96358,1
47394,52910,68259,100304,115653,121169,1
36459,5690,8884,42149,45343,14574,0
99794,36836,2033,136630,101827,38869,0
62426,16443,10742,78869,73168,27185,0
54531,92454,26277,146985,80808,118731,0
75805,51706,42855,127511,118660,94561,1
18532,66185,82942,84717,101474,149127,1
39977,38012,74756,77989,114733,112768,1
6539,2345,51553,8884,58092,53898,0
9425,26383,43249,35808,52674,69632,0
17247,74968,76938,92215,94185,151906,1
97517,55487,45053,153004,142570,100540,1
21434,48021,43425,69455,64859,91446,1
66869,98490,96193,165359,163062,194683,1
62818,61508,69160,124326,131978,130668,1
98251,32244,9522,130495,107773,41766,0
62469,34136,33519,96605,95988,67655,1
25446,10796,29000,36242,54446,39796,1
52158,73804,5203,125962,57361,79007,0
32129,97197,37405,129326,69534,134602,0
69959,16541,88086,86500,158045,104627,0
35782,20930,73597,56712,109379,94527,0
77251,11950,87936,89201,165187,99886,1
6190,63836,94130,70026,100320,157966,0
12807,24682,28128,37489,40935,52810,1
73943,80183,17181,154126,91124,97364,1
85321,91052,40190,176373,125511,131242,1
45082,56475,76969,101557,122051,133444,1
95422,16781,75104,112203,170526,91885,0
29247,59700,22750,88947,51997,82450,0
96933,50046,28701,146979,125634,78747,0
50321,7364,76099,57685,126420,83463,0
52731,99456,19111,152187,71842,118567,0
49235,82728,43918,131963,93153,126646,1
63480,59737,18106,123217,81586,77843,1
30242,29894,29981,60136,60223,59875,1
83337,94630,60712,177967,144049,155342,1
84506,97668,19246,182174,103752,116914,1
48377,54720,55211,103097,103588,109931,1
46428,78155,43997,124583,90425,122152,1
55612,86279,55520,141891,111132,141799,1
91331,86300,95310,177631,186641,181610,1
59023,44903,81613,103926,140636,126516,1
22989,47279,10389,70268,33378,57668,0
33563,26779,57665,60342,91228,84444,1
70123,22139,60602,92262,130725,82741,1
72623,75992,76459,148615,149082,152451,1
1204,61323,51084,62527,52288,112407,0
95167,52659,61052,147826,156219,113711,1
47718,58048,95378,105766,143096,153426,1
80584,99274,19035,179858,99619,118309,1
84163,94692,40092,178855,124255,134784,1
37344,54123,52080,91467,89424,106203,1
56443,93949,58367,150392,114810,152316,1
37736,88400,43505,126136,81241,131905,0
65404,24529,66146,89933,131550,90675,1
63970,5473,53382,69443,117352,58855,0
31850,89798,67086,121648,98936,156884,1
47966,51076,37848,99042,85814,88924,1
6264,92552,85564,98816,91828,178116,0
66694,83370,27545,150064,94239,110915,1
70473,69476,99332,139949,169805,168808,1
15758,38286,28715,54044,44473,67001,1
14362,45668,85019,60030,99381,130687,0
96473,23691,91157,120164,187630,114848,1
80619,94100,21358,174719,101977,115458,1
97154,6727,66904,103881,164058,73631,0
47590,90376,2717,137966,50307,93093,0
81960,84054,86267,166014,168227,170321,1
1720,47982,7393,49702,9113,55375,0
2197,18359,93075,20556,95272,111434,0
35127,86391,38118,121518,73245,124509,0
26304,11915,64145,38219,90449,76060,0
56057,28693,74359,84750,130416,103052,1
60991,16352,17259,77343,78250,33611,0
32974,66589,27470,99563,60444,94059,0
98666,51581,87031,150247,185697,138612,1
5268,92526,20735,97794,26003,113261,0
83619,44624,93788,128243,177407,138412,1
73982,21788,31588,95770,105570,53376,0
45137,15149,37969,60286,83106,53118,1
36105,97660,78953,133765,115058,176613,1
6749,19204,82998,25953,89747,102202,0
21468,3236,12501,24704,33969,15737,0
39918,72951,54050,112869,93968,127001,1
52992,23543,72004,76535,124996,95547,1
99321,15299,88521,114620,187842,103820,1
76507,97709,96121,174216,172628,193830,1
52791,62687,53025,115478,105816,115712,1
83121,56167,33547,139288,116668,89714,1
33320,8122,12616,41442,45936,20738,0
38956,68598,55771,107554,94727,124369,1
19789,14013,35070,33802,54859,49083,0
50259,36866,37936,87125,88195,74802,1
57631,15214,62622,72845,120253,77836,1
78296,38621,61605,116917,139901,100226,1
63225,74745,67369,137970,130594,142114,1
53751,37944,84152,91695,137903,122096,1
96386,86014,27184,182400,123570,113198,1
50684,364,1786,51048,52470,2150,0
10870,56054,24284,66924,35154,80338,0
13745,95636,66510,109381,80255,162146,0
67001,65353,50421,132354,117422,115774,1
57579,71694,1896,129273,59475,73590,0
86531,28459,764,114990,87295,29223,0
25295,41957,30350,67252,55645,72307,1
54531,13718,53362,68249,107893,67080,1
63369,5487,94161,68856,157530,99648,0
27897,16275,1991,44172,29888,18266,0
99496,62668,62858,162164,162354,125526,1
61209,12303,59710,73512,120919,72013,1
91474,87999,52887,179473,144361,140886,1
88251,73368,57018,161619,145269,130386,1
13591,11096,61549,24687,75140,72645,0
98710,36325,5568,135035,104278,41893,0
87064,68716,33014,155780,120078,101730,1
90048,67930,19295,157978,109343,87225,0
64096,71415,32778,135511,96874,104193,1
33633,8225,63791,41858,97424,72016,0
80481,39874,43090,120355,123571,82964,1
70428,84177,64748,154605,135176,148925,1
50399,9111,78308,59510,128707,87419,0
23763,22881,35655,46644,59418,58536,1
70119,9314,89254,79433,159373,98568,0
10185,11792,65790,21977,75975,77582,0
84230,14365,78079,98595,162309,92444,1
41583,81067,78252,122650,119835,159319,1
98867,53449,68415,152316,167282,121864,1
91198,90314,88830,181512,180028,179144,1
64966,99274,80016,164240,144982,179290,1
44145,77253,87184,121398,131329,164437,1
123,79859,28954,79982,29077,108813,0
6117,84284,65030,90401,71147,149314,0
94046,85591,18474,179637,112520,104065,1
89486,1794,23248,91280,112734,25042,0
51526,69869,95670,121395,147196,165539,1
11487,27974,5713,39461,17200,33687,0
81637,59765,99261,141402,180898,159026,1
87333,46070,30681,133403,118014,76751,0
77021,79528,17916,156549,94937,97444,1
61441,84302,99719,145743,161160,184021,1
41666,72797,43329,114463,84995,116126,1
23553,21608,15132,45161,38685,36740,1
56346,46925,84112,103271,140458,131037,1
17409,45985,86003,63394,103412,131988,0
68176,67074,21764,135250,89940,88838,1
59340,2714,55406,62054,114746,58120,0
75349,43124,62547,118473,137896,105671,1
93649,52361,38639,146010,132288,91000,0
81778,53669,63600,135447,145378,117269,1
54457,8273,27809,62730,82266,36082,0
38940,45809,76600,84749,115540,122409,1
59419,32114,60710,91533,120129,92824,1
66322,67512,51123,133834,117445,118635,1
98408,65301,67807,163709,166215,133108,1
32887,82349,8632,115236,41519,90981,0
59791,25652,25887,85443,85678,51539,0
24148,71222,93832,95370,117980,165054,1
65959,1799,4197,67758,70156,5996,0
82144,536,35424,82680,117568,35960,0
82885,51528,58929,134413,141814,110457,1
44353,59856,27450,104209,71803,87306,1
30870,12212,91351,43082,122221,103563,0
88146,15817,37583,103963,125729,53400,0
30176,58424,21381,88600,51557,79805,0
77543,39117,56586,116660,134129,95703,1
58422,4164,92813,62586,151235,96977,0
11477,66517,22553,77994,34030,89070,0
64778,27088,95970,91866,160748,123058,0
86789,62789,85200,149578,171989,147989,1
63579,21718,78429,85297,142008,100147,1
3665,3792,98752,7457,102417,102544,0
52864,39116,10433,91980,63297,49549,0
13560,45362,87568,58922,101128,132930,0
64439,17945,98273,82384,162712,116218,0
64554,98091,92144,162645,156698,190235,1
38754,38194,7615,76948,46369,45809,1
40157,59629,46281,99786,86438,105910,1
84831,27352,88666,112183,173497,116018,1
60630,91047,84722,151677,145352,175769,1
2761,76713,55365,79474,58126,132078,0
73425,58189,3762,131614,77187,61951,0
17479,33766,60898,51245,78377,94664,0
30852,4108,92274,34960,123126,96382,0
80424,90265,23347,170689,103771,113612,1
99643,54207,74516,153850,174159,128723,1
58400,72156,7411,130556,65811,79567,0
77528,97554,53017,175082,130545,150571,1
77864,67210,3180,145074,81044,70390,0
33112,77732,57558,110844,90670,135290,1
11370,21514,5052,32884,16422,26566,0
70244,58706,62935,128950,133179,121641,1
67839,532,68277,68371,136116,68809,1
86154,51364,44184,137518,130338,95548,1
38500,26990,63326,65490,101826,90316,1
96156,43413,5578,139569,101734,48991,0
91468,79223,75812,170691,167280,155035,1
68510,61496,75509,130006,144019,137005,1
37868,32340,6771,70208,44639,39111,1
99666,13581,63751,113247,163417,77332,0
47215,10098,4273,57313,51488,14371,0
64310,25653,30029,89963,94339,55682,0
96221,63000,8072,159221,104293,71072,0
30051,885,92068,30936,122119,92953,0
51831,8083,43728,59914,95559,51811,0
60108,65326,60200,125434,120308,125526,1
60167,45689,92173,105856,152340,137862,1
98003,22126,14265,120129,112268,36391,0
50770,20085,32229,70855,82999,52314,1
53273,73714,8413,126987,61686,82127,0
76877,20848,34727,97725,111604,55575,0
23906,14515,81344,38421,105250,95859,0
47639,68597,76291,116236,123930,144888,1
26097,78347,27562,104444,53659,105909,0
10874,19204,89040,30078,99914,108244,0
56704,83573,64870,140277,121574,148443,1
86609,59440,30819,146049,117428,90259,1
11720,66795,6021,78515,17741,72816,0
61153,89220,73131,150373,134284,162351,1
85977,8840,97907,94817,183884,106747,0
2069,68428,47127,70497,49196,115555,0
44608,74904,74453,119512,119061,149357,1
14662,26749,33947,41411,48609,60696,1
66065,95476,54818,161541,120883,150294,1
67933,2773,85492,70706,153425,88265,0
66368,89802,62397,156170,128765,152199,1
33797,94390,4987,128187,38784,99377,0
26802,80636,31078,107438,57880,111714,0
96438,8989,49991,105427,146429,58980,0
88725,69475,67747,158200,156472,137222,1
99676,97864,25752,197540,125428,123616,1
22491,5055,20389,27546,42880,25444,1
53859,68275,12419,122134,66278,80694,0
26062,5499,25021,31561,51083,30520,1
8171,57084,46992,65255,55163,104076,0
53749,6195,39039,59944,92788,45234,0
11916,60390,46941,72306,58857,107331,0
26852,19467,34754,46319,61606,54221,1
79668,99016,23414,178684,103082,122430,1
7190,87603,87068,94793,94258,174671,1
86017,44350,81533,130367,167550,125883,1
95110,73889,91266,168999,186376,165155,1
32698,49832,9024,82530,41722,58856,0
94111,21816,99862,115927,193973,121678,1
81792,38823,55887,120615,137679,94710,1
65473,94816,86236,160289,151709,181052,1
86042,35663,77233,121705,163275,112896,1
87189,74971,62114,162160,149303,137085,1
30386,56441,83478,86827,113864,139919,1
71488,99662,65609,171150,137097,165271,1
65655,76727,43966,142382,109621,120693,1
95004,38386,54282,133390,149286,92668,0
65240,66974,92027,132214,157267,159001,1
31379,21772,4889,53151,36268,26661,0
66237,88240,94768,154477,161005,183008,1
44854,41136,30220,85990,75074,71356,1
13251,45737,64095,58988,77346,109832,0
93925,81128,88180,175053,182105,169308,1
54231,95552,73965,149783,128196,169517,1
91074,74774,97913,165848,188987,172687,1
77612,71297,86841,148909,164453,158138,1
72785,13105,7898,85890,80683,21003,0
31481,96935,34601,128416,66082,131536,0
43213,5529,48302,48742,91515,53831,1
14766,62523,80885,77289,95651,143408,0
44840,4006,74499,48846,119339,78505,0
96930,16495,6096,113425,103026,22591,0
13266,61530,98090,74796,111356,159620,0
56584,2257,6294,58841,62878,8551,0
55373,65396,12642,120769,68015,78038,1
71911,44196,61766,116107,133677,105962,1
85506,67276,67961,152782,153467,135237,1
10755,96840,41106,107595,51861,137946,0
9183,31903,79080,41086,88263,110983,0
28192,64454,47632,92646,75824,112086,1
16668,38579,96649,55247,113317,135228,0
83147,52155,55858,135302,139005,108013,1
80237,23748,19659,103985,99896,43407,0
62658,81044,40839,143702,103497,121883,1
31856,27574,26465,59430,58321,54039,1
39581,28769,2574,68350,42155,31343,0
96514,68265,23236,164779,119750,91501,0
91553,89135,40859,180688,132412,129994,1
84723,58434,27885,143157,112608,86319,1
74047,11815,3671,85862,77718,15486,0
29431,91473,32445,120904,61876,123918,0
12509,96031,72811,108540,85320,168842,0
33891,49894,96795,83785,130686,146689,0
63339,87153,32467,150492,95806,119620,1
52009,82794,76688,134803,128697,159482,1
25724,53183,1169,78907,26893,54352,0
34432,9980,82460,44412,116892,92440,0
47489,71256,98011,118745,145500,169267,1
71752,28499,19012,100251,90764,47511,0
7907,62180,53215,70087,61122,115395,0
57153,68802,96245,125955,153398,165047,1
90147,53253,74812,143400,164959,128065,1
57908,9924,71996,67832,129904,81920,0
65021,73972,6598,138993,71619,80570,0
7246,59835,4445,67081,11691,64280,0
29802,40154,66597,69956,96399,106751,1
90577,17365,83213,107942,173790,100578,1
51402,91963,69924,143365,121326,161887,1
42751,34484,50991,77235,93742,85475,1
5262,33046,6406,38308,11668,39452,0
65534,43912,36790,109446,102324,80702,1
64091,93232,35729,157323,99820,128961,1
45440,28271,90871,73711,136311,119142,0
84362,72148,38871,156510,123233,111019,1
28828,15039,81411,43867,110239,96450,0
7866,35160,80333,43026,88199,115493,0
84389,4643,46474,89032,130863,51117,0
5840,72692,2226,78532,8066,74918,0
76844,33336,42347,110180,119191,75683,0
37340,77929,8458,115269,45798,86387,0
62157,14286,15170,76443,77327,29456,0
74001,16882,49829,90883,123830,66711,0
26263,8685,59753,34948,86016,68438,0
51337,10744,75602,62081,126939,86346,0
28545,31425,56449,59970,84994,87874,1
40136,18488,79042,58624,119178,97530,0
68565,90269,23590,158834,92155,113859,1
73437,8322,39803,81759,113240,48125,0
37276,98034,78347,135310,115623,176381,1
4420,50412,66149,54832,70569,116561,0
45094,71017,45740,116111,90834,116757,1
22969,88846,76832,111815,99801,165678,1
14553,4969,9298,19522,23851,14267,0
99969,64852,34519,164821,134488,99371,0
94274,44180,21769,138454,116043,65949,0
20458,15601,55031,36059,75489,70632,0
25684,81387,59964,107071,85648,141351,1
83901,25477,53170,109378,137071,78647,0
2654,66015,15515,68669,18169,81530,0
34273,3993,46291,38266,80564,50284,0
35523,53069,50615,88592,86138,103684,1
82257,47761,78037,130018,160294,125798,1
44710,66575,98605,111285,143315,165180,1
69277,41008,45683,110285,114960,86691,1
22773,7213,30929,29986,53702,38142,0
46591,15859,16514,62450,63105,32373,0
43362,80954,88003,124316,131365,168957,1
59408,23851,26,83259,59434,23877,0
44009,62125,53523,106134,97532,115648,1
92576,4460,94378,97036,186954,98838,1
64497,75938,53245,140435,117742,129183,1
76722,799,27945,77521,104667,28744,0
8024,38288,34979,46312,43003,73267,1
52646,40001,93429,92647,146075,133430,0
76929,15565,61369,92494,138298,76934,1
98557,18823,63857,117380,162414,82680,0
12042,104,33640,12146,45682,33744,0
69881,63942,13438,133823,83319,77380,1
56981,26466,32149,83447,89130,58615,1
86405,94131,66365,180536,152770,160496,1
64471,96668,80206,161139,144677,176874,1
13709,66992,87066,80701,100775,154058,0
82955,55653,21328,138608,104283,76981,0
21852,82021,96606,103873,118458,178627,1
76746,97544,81709,174290,158455,179253,1
10977,35902,66217,46879,77194,102119,0
63903,79458,42840,143361,106743,122298,1
96839,28658,65523,125497,162362,94181,0
3316,85359,64304,88675,67620,149663,0
88915,65673,62636,154588,151551,128309,1
26538,21385,21364,47923,47902,42749,1
46884,64423,92246,111307,139130,156669,1
56737,77645,54318,134382,111055,131963,1
47692,92342,70050,140034,117742,162392,1
50604,699,57979,51303,108583,58678,0
34660,81829,94097,116489,128757,175926,1
81148,61454,39168,142602,120316,100622,1
98025,61167,7914,159192,105939,69081,0
60224,55908,60930,116132,121154,116838,1
85499,58771,92377,144270,177876,151148,1
93243,33100,33797,126343,127040,66897,0
50830,43854,15464,94684,66294,59318,1
40779,61908,26798,102687,67577,88706,1
20839,14085,12665,34924,33504,26750,1
57495,30130,29290,87625,86785,59420,1
94288,10446,76462,104734,170750,86908,0
58963,59840,52845,118803,111808,112685,1
27912,86170,63965,114082,91877,150135,1
77375,81866,99767,159241,177142,181633,1
93012,89689,29243,182701,122255,118932,1
69551,77601,47555,147152,117106,125156,1
80532,89008,70238,169540,150770,159246,1
18450,47292,65033,65742,83483,112325,1
10380,27790,16091,38170,26471,43881,0
83409,56615,54950,140024,138359,111565,1
50791,21859,26113,72650,76904,47972,0
47232,33960,8756,81192,55988,42716,0
5385,25927,83387,31312,88772,109314,0
87019,17471,71343,104490,158362,88814,1
7687,15346,55167,23033,62854,70513,0
28932,90437,38077,119369,67009,128514,0
11276,13413,85913,24689,97189,99326,0
93693,19427,38506,113120,132199,57933,0
68568,87336,8839,155904,77407,96175,0
40395,83988,90409,124383,130804,174397,1
20830,40202,79342,61032,100172,119544,0
53247,3629,32198,56876,85445,35827,0
70733,93519,86829,164252,157562,180348,1
58019,5108,65859,63127,123878,70967,0
70279,11099,80359,81378,150638,91458,1
39763,99932,37210,139695,76973,137142,0
34878,95787,1465,130665,36343,97252,0
58000,18485,41891,76485,99891,60376,1
89318,48064,91095,137382,180413,139159,1
41724,36080,69406,77804,111130,105486,1
87264,79579,2228,166843,89492,81807,0
37142,84704,36058,121846,73200,120762,0
72539,74199,75410,146738,147949,149609,1
57755,3833,82918,61588,140673,86751,0
34520,2134,53421,36654,87941,55555,0
7280,67555,78224,74835,85504,145779,0
32053,27694,18865,59747,50918,46559,1
6491,66928,11101,73419,17592,78029,0
61867,61361,15873,123228,77740,77234,1
51736,61739,30295,113475,82031,92034,1
62816,27219,96778,90035,159594,123997,0
81554,68633,94957,150187,176511,163590,1
5598,33153,24196,38751,29794,57349,0
9048,35797,12689,44845,21737,48486,0
88890,28559,56561,117449,145451,85120,0
18880,35244,35491,54124,54371,70735,1
25834,50982,95583,76816,121417,146565,0
30739,35259,13786,65998,44525,49045,1
22884,3471,52914,26355,75798,56385,0
5994,25971,51668,31965,57662,77639,0
58452,5674,12596,64126,71048,18270,0
8991,47740,14692,56731,23683,62432,0
50105,55337,97720,105442,147825,153057,1
80312,4291,26743,84603,107055,31034,0
18746,47252,43021,65998,61767,90273,1
22389,30954,93669,53343,116058,124623,0
6319,4014,69903,10333,76222,73917,0
12437,2483,2264,14920,14701,4747,0
19432,9023,30733,28455,50165,39756,0
3230,84141,87140,87371,90370,171281,1
16139,53920,44578,70059,60717,98498,1
26651,50804,77315,77455,103966,128119,1
25199,76985,91880,102184,117079,168865,1
69416,32749,33618,102165,103034,66367,0
92837,10543,76032,103380,168869,86575,0
64783,66727,19550,131510,84333,86277,1
94747,36957,10940,131704,105687,47897,0
39565,28380,56181,67945,95746,84561,1
54068,36009,26274,90077,80342,62283,1
30194,67150,64054,97344,94248,131204,1
15841,35014,15682,50855,31523,50696,0
42461,32644,50662,75105,93123,83306,1
66144,20545,90870,86689,157014,111415,0
69249,33077,43156,102326,112405,76233,1
3451,4124,2338,7575,5789,6462,1
48534,50088,80503,98622,129037,130591,1
9739,84905,422,94644,10161,85327,0
38619,44999,40168,83618,78787,85167,1
7448,89811,895,97259,8343,90706,0
86132,38097,64455,124229,150587,102552,1
70900,35596,76482,106496,147382,112078,1
78181,49352,36764,127533,114945,86116,1
93755,87729,3306,181484,97061,91035,0
32675,23216,62784,55891,95459,86000,0
29396,79457,27811,108853,57207,107268,0
52700,22337,33176,75037,85876,55513,1
84571,68820,35427,153391,119998,104247,1
72646,60665,75843,133311,148489,136508,1
86648,71425,13004,158073,99652,84429,0
17556,47040,36496,64596,54052,83536,1
18820,77073,40505,95893,59325,117578,0
38589,42513,37816,81102,76405,80329,1
73321,10870,34359,84191,107680,45229,0
91160,63362,35768,154522,126928,99130,1
82824,53576,11322,136400,94146,64898,0
90126,71871,71965,161997,162091,143836,1
11387,75482,97810,86869,109197,173292,0
33029,26439,56630,59468,89659,83069,1
42691,54358,99889,97049,142580,154247,0
1930,30457,10468,32387,12398,40925,0
79189,26500,18294,105689,97483,44794,0
97335,86296,2302,183631,99637,88598,0
45386,11120,78613,56506,123999,89733,0
62218,36651,8381,98869,70599,45032,0
32862,54500,93811,87362,126673,148311,0
23409,76763,72394,100172,95803,149157,1
99638,10100,18305,109738,117943,28405,0
715,84511,3056,85226,3771,87567,0
99965,38233,78449,138198,178414,116682,1
41602,27618,50187,69220,91789,77805,1
96119,44472,98433,140591,194552,142905,1
36816,52314,9979,89130,46795,62293,0
11935,49147,13107,61082,25042,62254,0
43730,4091,72738,47821,116468,76829,0
85628,36644,45648,122272,131276,82292,0
96269,52374,81410,148643,177679,133784,1
98764,78140,84477,176904,183241,162617,1
15454,11245,90837,26699,106291,102082,0
74703,43127,98992,117830,173695,142119,1
9240,29766,28433,39006,37673,58199,1
23225,9500,21263,32725,44488,30763,1
36251,80791,20044,117042,56295,100835,0
50144,56578,75912,106722,126056,132490,1
59887,20322,18838,80209,78725,39160,0
4256,96522,84404,100778,88660,180926,0
51117,10785,43350,61902,94467,54135,1
21040,88328,21885,109368,42925,110213,0
25956,75176,50754,101132,76710,125930,1
20436,74401,79121,94837,99557,153522,1
94790,28320,16889,123110,111679,45209,0
54982,11032,90770,66014,145752,101802,0
13510,25976,18504,39486,32014,44480,1
88701,45441,12054,134142,100755,57495,0
59565,28802,29822,88367,89387,58624,0
4330,98313,88816,102643,93146,187129,0
68241,27228,21908,95469,90149,49136,0
37906,1635,88570,39541,126476,90205,0
37155,23768,4154,60923,41309,27922,0
62793,18151,93265,80944,156058,111416,0
48299,27973,17572,76272,65871,45545,0
39336,93013,49618,132349,88954,142631,0
40986,90829,44265,131815,85251,135094,0
20414,43233,69283,63647,89697,112516,0
87445,83424,45973,170869,133418,129397,1
12724,28140,96160,40864,108884,124300,0
85130,54652,68385,139782,153515,123037,1
97133,76103,45496,173236,142629,121599,1
3102,82756,23854,85858,26956,106610,0
53577,38599,17770,92176,71347,56369,1
68769,82117,93508,150886,162277,175625,1
86489,97393,1250,183882,87739,98643,0
43435,97034,3762,140469,47197,100796,0
54594,45014,67277,99608,121871,112291,1
64794,81866,50800,146660,115594,132666,1
48903,7379,43688,56282,92591,51067,1
7108,14431,68422,21539,75530,82853,0
86998,32494,87468,119492,174466,119962,1
27707,70830,9942,98537,37649,80772,0
77785,91908,78439,169693,156224,170347,1
54595,57027,29008,111622,83603,86035,1
85210,92734,60535,177944,145745,153269,1
39655,74367,92002,114022,131657,166369,1
1801,35842,69644,37643,71445,105486,0
31711,85968,9544,117679,41255,95512,0
2346,56059,3802,58405,6148,59861,0
79257,47142,16237,126399,95494,63379,0
51075,89816,37228,140891,88303,127044,0
7920,8144,90245,16064,98165,98389,0
2081,95714,36008,97795,38089,131722,0
67689,93891,33051,161580,100740,126942,1
21979,34503,40353,56482,62332,74856,1
97692,15442,20283,113134,117975,35725,0
94867,97779,45041,192646,139908,142820,1
26339,87225,48068,113564,74407,135293,0
54819,26499,42522,81318,97341,69021,1
81195,95511,98878,176706,180073,194389,1
29133,68408,4495,97541,33628,72903,0
12906,30349,58902,43255,71808,89251,0
14308,44702,63297,59010,77605,107999,0
5848,64870,31049,70718,36897,95919,0
11354,89067,75585,100421,86939,164652,0
12309,97523,59220,109832,71529,156743,0
19216,91702,35820,110918,55036,127522,0
16303,28554,97162,44857,113465,125716,0
14828,87868,40781,102696,55609,128649,0
94446,27623,1726,122069,96172,29349,0
48446,47148,80021,95594,128467,127169,1
4775,30292,54119,35067,58894,84411,0
85336,35337,80952,120673,166288,116289,1
55579,40246,73526,95825,129105,113772,1
14130,87316,30513,101446,44643,117829,0
46110,64708,39051,110818,85161,103759,1
71387,5772,74822,77159,146209,80594,1
23728,10993,9682,34721,33410,20675,0
97625,15722,23490,113347,121115,39212,0
73216,64547,52610,137763,125826,117157,1
64316,42809,99766,107125,164082,142575,1
51809,80737,88475,132546,140284,169212,1
27833,33047,63323,60880,91156,96370,0
26366,63526,29724,89892,56090,93250,0
7419,74628,78771,82047,86190,153399,1
74488,48477,76030,122965,150518,124507,1
74130,32117,81213,106247,155343,113330,1
80195,51744,40574,131939,120769,92318,1
61313,15547,2041,76860,63354,17588,0
97499,58959,1128,156458,98627,60087,0
56964,70028,96847,126992,153811,166875,1
42682,44021,28937,86703,71619,72958,1
8290,40089,37225,48379,45515,77314,1
48403,42238,13313,90641,61716,55551,1
47805,8100,59448,55905,107253,67548,0
85599,72394,9407,157993,95006,81801,0
99453,15994,34487,115447,133940,50481,0
52595,67989,27307,120584,79902,95296,1
19814,27262,44798,47076,64612,72060,1
14873,82915,3126,97788,17999,86041,0
33063,25401,79817,58464,112880,105218,0
84393,21983,32957,106376,117350,54940,0
95524,21145,85199,116669,180723,106344,1
69616,46137,3243,115753,72859,49380,0
52935,63951,48511,116886,101446,112462,1
53255,83882,23938,137137,77193,107820,0
99652,16807,65439,116459,165091,82246,0
86873,35176,88108,122049,174981,123284,1
31366,30150,7259,61516,38625,37409,1
66437,44832,60149,111269,126586,104981,1
14089,90284,35258,104373,49347,125542,0
54032,72479,17562,126511,71594,90041,0
71150,12311,20023,83461,91173,32334,0
91081,71813,22633,162894,113714,94446,1
33509,77963,20775,111472,54284,98738,0
32585,49976,79831,82561,112416,129807,1
99823,51542,63926,151365,163749,115468,1
86755,85660,31370,172415,118125,117030,1
24458,31663,30411,56121,54869,62074,1
20164,40479,7551,60643,27715,48030,0
57255,21455,74027,78710,131282,95482,1
50620,49059,67000,99679,117620,116059,1
69595,99670,88675,169265,158270,188345,1
50437,56034,55986,106471,106423,112020,1
57909,48292,15691,106201,73600,63983,1
96850,13689,50641,110539,147491,64330,0
67980,84655,45871,152635,113851,130526,1
52196,81881,32783,134077,84979,114664,1
47776,90374,41509,138150,89285,131883,0
60370,19034,23866,79404,84236,42900,0
21927,88570,52133,110497,74060,140703,0
66799,60592,7689,127391,74488,68281,1
95682,23484,14336,119166,110018,37820,0
4063,90312,46991,94375,51054,137303,0
93362,31241,15141,124603,108503,46382,0
91204,59304,7938,150508,99142,67242,0
24176,37897,68603,62073,92779,106500,0
95292,9867,85284,105159,180576,95151,0
91324,67231,38807,158555,130131,106038,1
75388,76434,14945,151822,90333,91379,1
69661,77602,76682,147263,146343,154284,1
7470,78538,97367,86008,104837,175905,0
76966,72502,24149,149468,101115,96651,1
65843,2654,54638,68497,120481,57292,0
98566,44042,52008,142608,150574,96050,0
16930,87693,39395,104623,56325,127088,0
29964,35461,55725,65425,85689,91186,1
6766,46086,23514,52852,30280,69600,0
40272,49546,79120,89818,119392,128666,1
34910,43961,67116,78871,102026,111077,1
89438,41049,2376,130487,91814,43425,0
47607,81403,12386,129010,59993,93789,0
87151,11146,74006,98297,161157,85152,0
30660,37316,27009,67976,57669,64325,1
51300,83670,15217,134970,66517,98887,0
67123,84857,46342,151980,113465,131199,1
61324,60113,85914,121437,147238,146027,1
8715,36711,50633,45426,59348,87344,0
59443,79697,58961,139140,118404,138658,1
56651,92948,26831,149599,83482,119779,0
78888,36944,95505,115832,174393,132449,1
35830,48140,71757,83970,107587,119897,1
56810,16068,25927,72878,82737,41995,0
78055,51580,81434,129635,159489,133014,1
44772,22078,9660,66850,54432,31738,0
32471,57376,51259,89847,83730,108635,1
40822,7362,15643,48184,56465,23005,0
81640,8999,85638,90639,167278,94637,1
32771,39565,50955,72336,83726,90520,1
78807,44578,21651,123385,100458,66229,0
30617,86311,4773,116928,35390,91084,0
19289,66877,52952,86166,72241,119829,1
75738,670,33880,76408,109618,34550,0
52633,40036,15633,92669,68266,55669,1
44080,49533,99999,93613,144079,149532,0
7821,61874,45851,69695,53672,107725,0
61304,77304,73528,138608,134832,150832,1
18509,34909,27595,53418,46104,62504,1
11613,41798,70705,53411,82318,112503,0
8237,91394,59319,99631,67556,150713,0
22611,85679,58741,108290,81352,144420,0
38362,30196,95067,68558,133429,125263,0
48343,65891,55533,114234,103876,121424,1
33512,50420,53541,83932,87053,103961,1
36201,4521,3421,40722,39622,7942,0
72899,20462,75790,93361,148689,96252,1
38031,59892,91550,97923,129581,151442,1
4105,47027,46270,51132,50375,93297,1
35573,30990,52048,66563,87621,83038,1
25506,43146,69497,68652,95003,112643,0
1220,62901,66868,64121,68088,129769,0
28446,96910,25240,125356,53686,122150,0
83684,17009,63733,100693,147417,80742,0
75219,6186,13477,81405,88696,19663,0
94058,74717,41320,168775,135378,116037,1
59538,3933,36204,63471,95742,40137,0
64500,82695,19874,147195,84374,102569,1
51054,82287,64038,133341,115092,146325,1
91596,4566,37115,96162,128711,41681,0
42585,13143,54747,55728,97332,67890,1
66114,28269,86123,94383,152237,114392,1
95601,39596,42210,135197,137811,81806,0
49982,42982,7432,92964,57414,50414,1
51461,12470,76543,63931,128004,89013,0
89134,53530,35149,142664,124283,88679,0
23868,65876,73631,89744,97499,139507,1
22750,53023,53619,75773,76369,106642,1
54349,43256,50858,97605,105207,94114,1
57692,97181,13797,154873,71489,110978,0
38003,83412,72816,121415,110819,156228,1
53554,39843,68990,93397,122544,108833,1
84083,92602,26755,176685,110838,119357,1
19902,59274,26702,79176,46604,85976,0
80657,65375,13197,146032,93854,78572,0
12056,62547,72361,74603,84417,134908,1
78126,95472,71069,173598,149195,166541,1
98531,69769,93823,168300,192354,163592,1
21430,18244,95030,39674,116460,113274,0
11066,28427,17274,39493,28340,45701,0
91135,22994,8505,114129,99640,31499,0
54748,18120,47397,72868,102145,65517,1
64738,83819,65532,148557,130270,149351,1
89843,63389,70717,153232,160560,134106,1
61615,96666,16282,158281,77897,112948,0
44348,84058,7758,128406,52106,91816,0
76157,93582,80823,169739,156980,174405,1
73112,90981,51633,164093,124745,142614,1
59973,84767,525,144740,60498,85292,0
66869,87248,34398,154117,101267,121646,1
78895,73907,89246,152802,168141,163153,1
77128,96958,43487,174086,120615,140445,1
20476,26304,83246,46780,103722,109550,0
22366,77993,88849,100359,111215,166842,1
10263,10937,83088,21200,93351,94025,0
41097,68089,3438,109186,44535,71527,0
81085,68187,83463,149272,164548,151650,1
77196,44230,84284,121426,161480,128514,1
89963,67770,4967,157733,94930,72737,0
1292,13462,46309,14754,47601,59771,0
29689,96844,52439,126533,82128,149283,0
4613,28524,6285,33137,10898,34809,0
75021,73371,31092,148392,106113,104463,1
28813,64924,97973,93737,126786,162897,0
23462,22868,70620,46330,94082,93488,0
57076,81386,47166,138462,104242,128552,1
73962,68558,31486,142520,105448,100044,1
73946,88412,90711,162358,164657,179123,1
61857,42365,16776,104222,78633,59141,0
64068,57937,63681,122005,127749,121618,1
26338,30779,36444,57117,62782,67223,1
41321,41059,43948,82380,85269,85007,1
86743,96186,2317,182929,89060,98503,0
48473,90140,3610,138613,52083,93750,0
8903,82269,3397,91172,12300,85666,0
16225,50086,34899,66311,51124,84985,1
60864,37393,87182,98257,148046,124575,1
7176,64333,5268,71509,12444,69601,0
65758,3315,27424,69073,93182,30739,0
93329,46846,66667,140175,159996,113513,1
30175,70843,14080,101018,44255,84923,0
80578,84578,71012,165156,151590,155590,1
31511,86923,23999,118434,55510,110922,0
48706,35391,30113,84097,78819,65504,1
31420,66808,62732,98228,94152,129540,1
93766,49988,21449,143754,115215,71437,0
87785,87038,53171,174823,140956,140209,1
92469,21496,54546,113965,147015,76042,0
12736,93789,85582,106525,98318,179371,1
32224,8220,21240,40444,53464,29460,0
30272,9976,63229,40248,93501,73205,0
49222,99907,59432,149129,108654,159339,1
81478,37420,41809,118898,123287,79229,0
57345,2862,52825,60207,110170,55687,0
62039,95483,85393,157522,147432,180876,1
33518,99621,64297,133139,97815,163918,0
87981,57441,72109,145422,160090,129550,1
62729,20528,39708,83257,102437,60236,0
59234,86913,81676,146147,140910,168589,1
45646,63202,40190,108848,85836,103392,1
27880,51630,20279,79510,48159,71909,0
88814,34730,96333,123544,185147,131063,1
87526,32428,62790,119954,150316,95218,1
28209,28361,75176,56570,103385,103537,0
33121,36304,87685,69425,120806,123989,0
39065,77845,78399,116910,117464,156244,1
21609,17840,8635,39449,30244,26475,1
62946,25715,88211,88661,151157,113926,1
15769,66336,91644,82105,107413,157980,0
15029,3685,7242,18714,22271,10927,0
42834,90570,84912,133404,127746,175482,1
81562,18099,46328,99661,127890,64427,0
6261,3471,64262,9732,70523,67733,0
9540,78402,76975,87942,86515,155377,1
78219,90286,70948,168505,149167,161234,1
85527,21922,34401,107449,119928,56323,0
54873,86467,31118,141340,85991,117585,0
16134,62951,78550,79085,94684,141501,1
84444,51468,74538,135912,158982,126006,1
2564,76662,17410,79226,19974,94072,0
77586,46445,90889,124031,168475,137334,1
42333,10827,66510,53160,108843,77337,0
40108,62663,45822,102771,85930,108485,1
59201,88650,46376,147851,105577,135026,1
9753,25621,75282,35374,85035,100903,0
3820,43052,83024,46872,86844,126076,0
34213,49470,68420,83683,102633,117890,1
27492,64861,11480,92353,38972,76341,0
60598,51105,2922,111703,63520,54027,0
22627,98726,76235,121353,98862,174961,1
95961,70092,24922,166053,120883,95014,0
71446,469,74324,71915,145770,74793,0
96880,28163,41835,125043,138715,69998,0
54455,16378,42786,70833,97241,59164,1
42436,6772,33893,49208,76329,40665,0
99781,59346,6944,159127,106725,66290,0
8738,30769,79411,39507,88149,110180,0
79043,94596,556,173639,79599,95152,0
85339,38822,40531,124161,125870,79353,0
34797,84061,97214,118858,132011,181275,1
29800,90096,22523,119896,52323,112619,0
66524,76466,86546,142990,153070,163012,1
77763,80913,27514,158676,105277,108427,1
16420,30368,79836,46788,96256,110204,0
44414,58604,28331,103018,72745,86935,1
43758,20224,21587,63982,65345,41811,0
93302,59514,35464,152816,128766,94978,1
16956,58420,58025,75376,74981,116445,1
37831,34699,2746,72530,40577,37445,0
50441,27962,92774,78403,143215,120736,0
64063,50967,73347,115030,137410,124314,1
20112,49334,32944,69446,53056,82278,1
57330,43708,36767,101038,94097,80475,1
51772,88916,3158,140688,54930,92074,0
6684,5959,19617,12643,26301,25576,0
99351,7190,7121,106541,106472,14311,0
97457,70661,93112,168118,190569,163773,1
61898,37331,60501,99229,122399,97832,1
14180,65101,50837,79281,65017,115938,0
68164,75672,10494,143836,78658,86166,1
18019,38212,21505,56231,39524,59717,1
12596,34462,50465,47058,63061,84927,0
32309,22229,14964,54538,47273,37193,1
58357,46212,64019,104569,122376,110231,1
54040,75780,94062,129820,148102,169842,1
88875,94254,41921,183129,130796,136175,1
62921,58629,14259,121550,77180,72888,1
2876,76622,26318,79498,29194,102940,0
50296,43382,4895,93678,55191,48277,0
81239,27497,29630,108736,110869,57127,0
46649,78009,71308,124658,117957,149317,1
97574,54682,96905,152256,194479,151587,1
93948,99282,87021,193230,180969,186303,1
11665,62733,26102,74398,37767,88835,0
83818,97915,71736,181733,155554,169651,1
30410,54426,8136,84836,38546,62562,0
85703,3193,26540,88896,112243,29733,0
94248,59751,9067,153999,103315,68818,0
31416,66570,26430,97986,57846,93000,0
65155,28551,35263,93706,100418,63814,0
87486,53357,30601,140843,118087,83958,0
42344,44037,79388,86381,121732,123425,1
16663,58499,23960,75162,40623,82459,0
96783,96577,60977,193360,157760,157554,1
87095,69195,22931,156290,110026,92126,1
26468,59494,6886,85962,33354,66380,0
46955,63498,22513,110453,69468,86011,1
47391,65901,51066,113292,98457,116967,1
52248,34488,42889,86736,95137,77377,1
95644,19303,58801,114947,154445,78104,0
80130,4021,13606,84151,93736,17627,0
46978,75095,21528,122073,68506,96623,0
86447,60287,33783,146734,120230,94070,1
72362,73116,72297,145478,144659,145413,1
88533,76454,57808,164987,146341,134262,1
11819,48725,90352,60544,102171,139077,0
51724,82700,42536,134424,94260,125236,1
99980,51022,31468,151002,131448,82490,0
58561,35981,69655,94542,128216,105636,1
1722,70468,16885,72190,18607,87353,0
3544,26093,95813,29637,99357,121906,0
91943,64560,87030,156503,178973,151590,1
10240,28736,87658,38976,97898,116394,0
82174,53622,44673,135796,126847,98295,1
75212,59748,6765,134960,81977,66513,0
39398,98960,29289,138358,68687,128249,0
867,36552,90048,37419,90915,126600,0
15587,66708,43624,82295,59211,110332,0
22981,37763,62152,60744,85133,99915,0
51596,61769,72107,113365,123703,133876,1
52836,64946,76519,117782,129355,141465,1
33367,5973,27829,39340,61196,33802,1
37561,44765,37916,82326,75477,82681,1
21151,22629,74015,43780,95166,96644,0
2007,90157,31792,92164,33799,121949,0
10092,51379,39082,61471,49174,90461,0
38505,11298,60380,49803,98885,71678,0
73007,69172,20361,142179,93368,89533,1
26262,10314,61414,36576,87676,71728,0
80427,71762,97869,152189,178296,169631,1
63641,76457,95459,140098,159100,171916,1
67258,60513,75122,127771,142380,135635,1
41038,24339,52180,65377,93218,76519,1
60243,99544,5963,159787,66206,105507,0
8471,76655,72144,85126,80615,148799,1
18430,16680,41173,35110,59603,57853,0
96601,24796,12705,121397,109306,37501,0
39287,86652,83112,125939,122399,169764,1
10354,58299,31141,68653,41495,89440,0
83253,55932,37800,139185,121053,93732,1
86675,62558,3830,149233,90505,66388,0
95654,75780,81253,171434,176907,157033,1
84387,56867,10447,141254,94834,67314,0
22584,90382,86791,112966,109375,177173,1
85301,5670,38029,90971,123330,43699,0
39875,8009,80294,47884,120169,88303,0
78869,11357,57383,90226,136252,68740,0
45391,82931,97907,128322,143298,180838,1
31610,35988,35160,67598,66770,71148,1
21399,85162,28362,106561,49761,113524,0
15091,96151,34580,111242,49671,130731,0
4667,42410,44064,47077,48731,86474,1
9265,72387,83209,81652,92474,155596,0
21905,72960,2334,94865,24239,75294,0
90968,19394,9828,110362,100796,29222,0
8925,99107,64586,108032,73511,163693,0
26509,3468,148,29977,26657,3616,0
20692,90043,94041,110735,114733,184084,1
4257,49264,81669,53521,85926,130933,0
7450,37259,47725,44709,55175,84984,0
24616,74818,8132,99434,32748,82950,0
52477,82348,82059,134825,134536,164407,1
89089,85058,19777,174147,108866,104835,1
49205,93327,69122,142532,118327,162449,1
89574,74700,25798,164274,115372,100498,1
75503,94549,34229,170052,109732,128778,1
63965,54018,83752,117983,147717,137770,1
97438,3436,65313,100874,162751,68749,0
16178,52340,91229,68518,107407,143569,0
1670,16664,66283,18334,67953,82947,0
78926,70465,19224,149391,98150,89689,1
46125,55458,91906,101583,138031,147364,1
99656,24027,81103,123683,180759,105130,1
73953,92377,70679,166330,144632,163056,1
42035,50549,91191,92584,133226,141740,1
33176,67869,26278,101045,59454,94147,0
22668,85176,29050,107844,51718,114226,0
48018,56758,61938,104776,109956,118696,1
50448,90961,52036,141409,102484,142997,1
74366,12474,38667,86840,113033,51141,0
50833,55056,16767,105889,67600,71823,1
13098,36893,85531,49991,98629,122424,0
81324,51174,72670,132498,153994,123844,1
81476,76388,1888,157864,83364,78276,0
20639,36043,32708,56682,53347,68751,1
65074,75127,37480,140201,102554,112607,1
63365,67927,5269,131292,68634,73196,1
34283,94877,4917,129160,39200,99794,0
6652,87942,4461,94594,11113,92403,0
31492,98857,78751,130349,110243,177608,1
69779,15028,64397,84807,134176,79425,1
45101,12789,72663,57890,117764,85452,0
27296,62717,21402,90013,48698,84119,0
82820,30913,15264,113733,98084,46177,0
16918,68572,79907,85490,96825,148479,1
91372,55492,90494,146864,181866,145986,1
45346,57821,27321,103167,72667,85142,1
71375,96475,3055,167850,74430,99530,0
50491,92239,70686,142730,121177,162925,1
31738,94106,11711,125844,43449,105817,0
89303,70366,13268,159669,102571,83634,0
41627,93237,79517,134864,121144,172754,1
58798,30818,69798,89616,128596,100616,1
82353,57738,40306,140091,122659,98044,1
74150,20104,77945,94254,152095,98049,1
2474,58862,97885,61336,100359,156747,0
82049,54138,98509,136187,180558,152647,1
31568,16429,75605,47997,107173,92034,0
16637,31368,88058,48005,104695,119426,0
97413,58982,52304,156395,149717,111286,1
15925,75220,50276,91145,66201,125496,0
2751,56326,90238,59077,92989,146564,0
70902,9249,92306,80151,163208,101555,0
69813,96185,28976,165998,98789,125161,1
47328,47092,56531,94420,103859,103623,1
3898,6949,12661,10847,16559,19610,0
21964,51145,81534,73109,103498,132679,0
56483,89413,86624,145896,143107,176037,1
87361,17567,24508,104928,111869,42075,0
71938,5613,85364,77551,157302,90977,0
26567,8589,46497,35156,73064,55086,0
74499,91314,23344,165813,97843,114658,1
19232,52377,51213,71609,70445,103590,1
98535,39709,35775,138244,134310,75484,0
91366,5476,72989,96842,164355,78465,0
8831,25799,68127,34630,76958,93926,0
26849,31650,83925,58499,110774,115575,0
77274,61217,43329,138491,120603,104546,1
58386,17374,82069,75760,140455,99443,0
381,16964,70932,17345,71313,87896,0
33659,96700,454,130359,34113,97154,0
89627,4149,30095,93776,119722,34244,0
95705,203,70126,95908,165831,70329,0
75620,13085,57860,88705,133480,70945,0
20062,95819,85693,115881,105755,181512,1
65146,97361,41637,162507,106783,138998,1
55227,7112,36869,62339,92096,43981,0
54195,4546,24570,58741,78765,29116,0
53787,4750,20831,58537,74618,25581,0
36443,61524,63251,97967,99694,124775,1
2901,56430,75435,59331,78336,131865,0
85881,87427,57459,173308,143340,144886,1
22494,3456,46964,25950,69458,50420,0
27195,43834,62301,71029,89496,106135,1
69849,2435,81424,72284,151273,83859,0
59129,59499,88668,118628,147797,148167,1
84366,44619,97838,128985,182204,142457,1
82481,66363,38920,148844,121401,105283,1
3543,23488,48857,27031,52400,72345,0
37235,84936,28134,122171,65369,113070,0
62020,79513,7822,141533,69842,87335,0
4099,22336,51355,26435,55454,73691,0
549,54071,15332,54620,15881,69403,0
51330,81339,45790,132669,97120,127129,1
81383,35209,39186,116592,120569,74395,0
19944,12812,47470,32756,67414,60282,0
40481,22092,24064,62573,64545,46156,1
85516,61278,91798,146794,177314,153076,1
10981,2516,32478,13497,43459,34994,0
61156,44468,39780,105624,100936,84248,1
20775,60092,29991,80867,50766,90083,0
7114,76162,93401,83276,100515,169563,0
67193,39396,74532,106589,141725,113928,1
53395,92763,91070,146158,144465,183833,1
57069,82720,99684,139789,156753,182404,1
66792,75852,29243,142644,96035,105095,1
9692,64357,63355,74049,73047,127712,1
59104,91471,23165,150575,82269,114636,0
46414,52893,22392,99307,68806,75285,1
29386,38425,1902,67811,31288,40327,0
42943,58320,10567,101263,53510,68887,0
4528,35193,13061,39721,17589,48254,0
91919,62673,67836,154592,159755,130509,1
3594,65274,7517,68868,11111,72791,0
10273,14554,47002,24827,57275,61556,0
31459,92607,83308,124066,114767,175915,1
54073,81870,9450,135943,63523,91320,0
25126,76809,51947,101935,77073,128756,1
88264,65941,88107,154205,176371,154048,1
61475,58377,93138,119852,154613,151515,1
72866,32889,64725,105755,137591,97614,1
20714,91884,226,112598,20940,92110,0
11496,36483,6084,47979,17580,42567,0
53317,74432,10818,127749,64135,85250,0
57553,18598,13452,76151,71005,32050,0
40222,98288,41265,138510,81487,139553,0
61078,81483,13510,142561,74588,94993,0
51576,43684,67409,95260,118985,111093,1
85524,64848,39858,150372,125382,104706,1
60388,89924,45385,150312,105773,135309,1
49571,91131,60862,140702,110433,151993,1
81107,83894,81996,165001,163103,165890,1
87890,52544,8124,140434,96014,60668,0
77023,83602,28410,160625,105433,112012,1
10638,87442,54013,98080,64651,141455,0
80233,12625,76111,92858,156344,88736,1
11489,88959,43824,100448,55313,132783,0
25742,88401,3807,114143,29549,92208,0
14713,48578,72425,63291,87138,121003,0
63075,87768,73152,150843,136227,160920,1
62208,21010,27462,83218,89670,48472,0
37735,89511,80553,127246,118288,170064,1
91918,75872,71320,167790,163238,147192,1
27856,33262,27559,61118,55415,60821,1
90470,6582,84737,97052,175207,91319,1
95595,47184,7458,142779,103053,54642,0
28850,68153,35499,97003,64349,103652,0
54674,39447,13322,94121,67996,52769,0
42438,68959,52801,111397,95239,121760,1
45856,55154,35245,101010,81101,90399,1
54605,52867,2360,107472,56965,55227,1
10970,12419,52382,23389,63352,64801,0
15875,35998,10685,51873,26560,46683,0
83801,29073,81335,112874,165136,110408,1
51595,59790,82891,111385,134486,142681,1
52966,36561,22046,89527,75012,58607,1
88931,15206,42207,104137,131138,57413,0
46060,80729,54888,126789,100948,135617,1
51418,97112,61030,148530,112448,158142,1
60016,80519,96952,140535,156968,177471,1
18425,93328,91878,111753,110303,185206,1
50489,51251,34152,101740,84641,85403,1
7583,95623,13247,103206,20830,108870,0
23464,23473,65498,46937,88962,88971,0
68059,29262,33844,97321,101903,63106,0
5475,77127,97150,82602,102625,174277,0
90227,35515,51664,125742,141891,87179,0
44497,37872,72811,82369,117308,110683,1
62429,57583,87259,120012,149688,144842,1
10525,21635,74570,32160,85095,96205,0
94799,11429,9710,106228,104509,21139,0
17129,42995,2932,60124,20061,45927,0
9438,76762,74955,86200,84393,151717,1
37269,44722,88545,81991,125814,133267,0
64093,89064,30044,153157,94137,119108,1
70422,10930,77401,81352,147823,88331,1
38811,78467,85080,117278,123891,163547,1
48437,68276,4249,116713,52686,72525,0
78167,81164,28634,159331,106801,109798,1
94244,86095,63173,180339,157417,149268,1
38834,81314,46459,120148,85293,127773,1
48539,97575,89301,146114,137840,186876,1
40024,55433,28779,95457,68803,84212,1
97423,98821,60741,196244,158164,159562,1
16162,3316,16109,19478,32271,19425,1
43241,56183,25481,99424,68722,81664,1
74585,24265,2551,98850,77136,26816,0
91636,34493,64845,126129,156481,99338,1
3389,24089,80571,27478,83960,104660,0
81578,50237,70474,131815,152052,120711,1
52459,16089,76974,68548,129433,93063,0
21968,44316,73487,66284,95455,117803,0
85237,55254,78499,140491,163736,133753,1
96925,18506,34810,115431,131735,53316,0
85655,16125,8097,101780,93752,24222,0
3725,63116,98202,66841,101927,161318,0
66537,86822,29051,153359,95588,115873,1
900,70557,15120,71457,16020,85677,0
73914,28344,52160,102258,126074,80504,1
45305,94615,3418,139920,48723,98033,0
59066,68691,71390,127757,130456,140081,1
42719,66481,91831,109200,134550,158312,1
23834,38681,41737,62515,65571,80418,1
26916,94160,70843,121076,97759,165003,1
35187,70410,44297,105597,79484,114707,1
56530,22644,66249,79174,122779,88893,1
35365,90165,13423,125530,48788,103588,0
66466,6884,22209,73350,88675,29093,0
9062,63992,26866,73054,35928,90858,0
19457,91673,52301,111130,71758,143974,0
6950,78192,36437,85142,43387,114629,0
26114,18014,74212,44128,100326,92226,0
38469,75526,66747,113995,105216,142273,1
88524,64330,67597,152854,156121,131927,1
36118,69094,21909,105212,58027,91003,0
98649,25695,52718,124344,151367,78413,0
60198,56110,25297,116308,85495,81407,1
55020,96980,23423,152000,78443,120403,0
56150,44862,90240,101012,146390,135102,1
45760,58682,84290,104442,130050,142972,1
93126,36995,90129,130121,183255,127124,1
92468,54747,17450,147215,109918,72197,0
38865,85051,65241,123916,104106,150292,1
18669,99268,60711,117937,79380,159979,0
96735,84197,56929,180932,153664,141126,1
17419,65605,5328,83024,22747,70933,0
86044,17952,52134,103996,138178,70086,0
48545,43574,87820,92119,136365,131394,1
45658,11098,41379,56756,87037,52477,1
92091,75053,64843,167144,156934,139896,1
23997,47577,9889,71574,33886,57466,0
84996,3001,9561,87997,94557,12562,0
66323,25111,7997,91434,74320,33108,0
57181,83019,73378,140200,130559,156397,1
85000,500,42108,85500,127108,42608,0
97588,26634,35778,124222,133366,62412,0
72595,9852,37057,82447,109652,46909,0
88319,34437,54859,122756,143178,89296,1
15816,33044,98595,48860,114411,131639,0
50152,92736,21884,142888,72036,114620,0
72164,84878,37796,157042,109960,122674,1
2477,98608,54916,101085,57393,153524,0
59611,96439,18309,156050,77920,114748,0
17654,56271,70472,73925,88126,126743,1
46485,79399,71167,125884,117652,150566,1
66500,45661,59990,112161,126490,105651,1
77779,47200,35700,124979,113479,82900,1
53193,80259,92273,133452,145466,172532,1
34056,62644,79465,96700,113521,142109,1
91648,78889,34458,170537,126106,113347,1
12091,56198,64255,68289,76346,120453,1
44198,2856,4969,47054,49167,7825,0
66571,76568,73714,143139,140285,150282,1
68161,74219,54061,142380,122222,128280,1
20643,42952,43511,63595,64154,86463,1
43784,41457,61308,85241,105092,102765,1
25652,9057,81279,34709,106931,90336,0
22836,98888,47298,121724,70134,146186,0
45035,88112,25875,133147,70910,113987,0
57456,16626,73329,74082,130785,89955,1
69615,69555,57875,139170,127490,127430,1
2610,99728,29206,102338,31816,128934,0
6132,15369,66979,21501,73111,82348,0
88775,94887,18602,183662,107377,113489,1
87529,71024,65514,158553,153043,136538,1
71595,5778,78284,77373,149879,84062,0
73184,98480,22238,171664,95422,120718,0
79969,10675,44135,90644,124104,54810,0
1376,25189,4803,26565,6179,29992,0
33958,91762,79746,125720,113704,171508,1
42731,14562,83280,57293,126011,97842,0
81883,96682,4313,178565,86196,100995,0
79252,44825,18631,124077,97883,63456,0
32241,71837,49423,104078,81664,121260,1
60204,60366,27785,120570,87989,88151,1
23180,39738,82178,62918,105358,121916,0
64181,24938,8292,89119,72473,33230,0
71121,82977,88494,154098,159615,171471,1
20504,52001,31464,72505,51968,83465,0
47280,89764,14290,137044,61570,104054,0
90487,4756,1,95243,90488,4757,0
53604,299,3992,53903,57596,4291,0
59982,65666,17472,125648,77454,83138,1
64111,45071,19299,109182,83410,64370,1
29060,48549,81960,77609,111020,130509,0
92891,1711,76962,94602,169853,78673,0
10043,31739,54037,41782,64080,85776,0
66951,41261,72943,108212,139894,114204,1
51818,4783,40669,56601,92487,45452,0
38148,18287,10450,56435,48598,28737,0
68265,60399,9675,128664,77940,70074,1
8679,87955,74078,96634,82757,162033,0
68082,67811,40043,135893,108125,107854,1
7060,97603,38884,104663,45944,136487,0
46445,1795,3247,48240,49692,5042,0
73037,32909,42915,105946,115952,75824,1
77810,35902,66455,113712,144265,102357,1
5422,76665,5133,82087,10555,81798,0
80918,81704,74943,162622,155861,156647,1
5113,17402,56809,22515,61922,74211,0
22863,28016,66838,50879,89701,94854,0
59237,30722,44976,89959,104213,75698,1
77243,44516,96000,121759,173243,140516,1
51725,98433,41934,150158,93659,140367,0
64262,79592,20630,143854,84892,100222,1
39823,32910,38973,72733,78796,71883,1
64019,85158,93856,149177,157875,179014,1
53788,11028,54183,64816,107971,65211,1
51677,67682,32234,119359,83911,99916,1
15903,78340,5572,94243,21475,83912,0
8064,83795,49827,91859,57891,133622,0
96543,84336,94303,180879,190846,178639,1
60024,35649,21657,95673,81681,57306,0
43890,51291,41620,95181,85510,92911,1
95254,10444,36076,105698,131330,46520,0
56233,22249,25233,78482,81466,47482,0
24144,14800,22296,38944,46440,37096,1
43617,97853,55129,141470,98746,152982,1
24319,63473,48005,87792,72324,111478,1
63970,41007,44416,104977,108386,85423,1
85723,51431,55542,137154,141265,106973,1
14302,91978,75982,106280,90284,167960,0
95147,20407,40492,115554,135639,60899,0
36815,2632,46204,39447,83019,48836,0
26871,31660,64150,58531,91021,95810,0
55683,51075,62957,106758,118640,114032,1
68649,8891,6489,77540,75138,15380,0
2575,80477,53192,83052,55767,133669,0
86189,43615,43266,129804,129455,86881,1
55646,13648,90225,69294,145871,103873,0
29189,10220,5196,39409,34385,15416,0
51831,25767,98261,77598,150092,124028,0
15755,27264,78551,43019,94306,105815,0
63186,69521,4236,132707,67422,73757,0
43240,29252,14975,72492,58215,44227,1
81747,70515,46796,152262,128543,117311,1
19935,84321,14974,104256,34909,99295,0
42255,43566,74113,85821,116368,117679,1
71048,6612,96356,77660,167404,102968,0
14078,1632,69100,15710,83178,70732,0
20169,94695,58354,114864,78523,153049,0
84829,4008,79202,88837,164031,83210,0
77759,39581,14608,117340,92367,54189,0
47435,27109,94382,74544,141817,121491,0
93763,9395,96787,103158,190550,106182,1
36176,35729,57068,71905,93244,92797,1
2035,65305,33072,67340,35107,98377,0
42630,48547,92933,91177,135563,141480,0
57444,10349,99072,67793,156516,109421,0
77682,93025,81334,170707,159016,174359,1
50095,86496,68355,136591,118450,154851,1
90203,84877,90735,175080,180938,175612,1
23132,65611,32759,88743,55891,98370,0
3093,87872,89063,90965,92156,176935,1
16851,36918,532,53769,17383,37450,0
68378,78780,78764,147158,147142,157544,1
26251,44084,12975,70335,39226,57059,0
20369,37151,89586,57520,109955,126737,0
67400,73131,95321,140531,162721,168452,1
10729,84247,92155,94976,102884,176402,1
49610,62194,30349,111804,79959,92543,1
46963,31650,60129,78613,107092,91779,1
75399,19219,82795,94618,158194,102014,1
76881,73125,57799,150006,134680,130924,1
21183,51532,67336,72715,88519,118868,1
14953,11859,82230,26812,97183,94089,0
54168,96121,80750,150289,134918,176871,1
7592,11439,898,19031,8490,12337,0
14012,26364,64300,40376,78312,90664,0
65120,48834,93802,113954,158922,142636,1
87186,62637,51734,149823,138920,114371,1
78360,45529,82824,123889,161184,128353,1
8101,69056,12708,77157,20809,81764,0
57814,33027,10446,90841,68260,43473,0
33104,83035,71149,116139,104253,154184,1
83829,47931,76687,131760,160516,124618,1
47506,21557,42494,69063,90000,64051,1
85800,60800,28739,146600,114539,89539,1
64368,13328,69482,77696,133850,82810,1
74509,85459,26186,159968,100695,111645,1
80298,50945,73465,131243,153763,124410,1
87055,60839,29613,147894,116668,90452,1
26045,46793,67916,72838,93961,114709,1
41189,81157,77943,122346,119132,159100,1
20119,78251,77834,98370,97953,156085,1
76097,81749,49309,157846,125406,131058,1
32464,42169,43662,74633,76126,85831,1
78103,87005,49437,165108,127540,136442,1
23103,81526,49594,104629,72697,131120,0
79884,49690,48750,129574,128634,98440,1
60179,48861,49287,109040,109466,98148,1
84445,92325,13237,176770,97682,105562,1
54501,31922,65484,86423,119985,97406,1
23727,11810,94785,35537,118512,106595,0
54031,62294,97350,116325,151381,159644,1
9528,34665,51235,44193,60763,85900,0
63073,50034,35908,113107,98981,85942,1
45844,91205,42544,137049,88388,133749,0
96561,36281,5867,132842,102428,42148,0
23833,37022,88189,60855,112022,125211,0
18760,12315,35570,31075,54330,47885,0
49561,2508,64730,52069,114291,67238,0
49549,27293,18461,76842,68010,45754,0
49515,31421,62780,80936,112295,94201,1
52855,94341,64936,147196,117791,159277,1
4492,20944,41985,25436,46477,62929,0
99701,30955,58821,130656,158522,89776,0
45275,84094,50045,129369,95320,134139,1
94340,20130,17979,114470,112319,38109,0
7420,81030,94573,88450,101993,175603,0
69456,34039,40845,103495,110301,74884,1
13897,77204,10619,91101,24516,87823,0
12489,53326,69976,65815,82465,123302,0
79235,62549,65363,141784,144598,127912,1
21268,4275,27457,25543,48725,31732,0
37561,82792,70599,120353,108160,153391,1
38194,34021,56882,72215,95076,90903,1
59991,86994,10701,146985,70692,97695,0
1260,60241,85684,61501,86944,145925,0
9409,17781,59041,27190,68450,76822,0
55680,10355,54946,66035,110626,65301,1
19126,40412,55378,59538,74504,95790,1
37300,4668,96267,41968,133567,100935,0
59572,97368,10430,156940,70002,107798,0
20297,3083,55340,23380,75637,58423,0
48181,62928,76376,111109,124557,139304,1
56179,51174,1656,107353,57835,52830,0
58756,5797,83642,64553,142398,89439,0
24508,11201,56072,35709,80580,67273,0
75531,27256,98369,102787,173900,125625,1
69209,78931,76189,148140,145398,155120,1
31249,14845,19355,46094,50604,34200,1
17842,89434,38429,107276,56271,127863,0
16587,97910,52292,114497,68879,150202,0
43203,97290,45556,140493,88759,142846,0
32036,28139,64774,60175,96810,92913,0
97582,14125,64421,111707,162003,78546,0
90814,82516,79161,173330,169975,161677,1
84092,22683,53126,106775,137218,75809,0
85947,91878,44176,177825,130123,136054,1
48917,2749,66093,51666,115010,68842,0
71352,85765,93547,157117,164899,179312,1
79707,29139,34540,108846,114247,63679,0
4929,9869,86590,14798,91519,96459,0
1446,48224,40693,49670,42139,88917,0
90372,94235,60224,184607,150596,154459,1
22322,1637,60358,23959,82680,61995,0
24976,64757,39149,89733,64125,103906,0
73205,62000,9885,135205,83090,71885,0
45940,95845,11496,141785,57436,107341,0
20156,83995,10544,104151,30700,94539,0
59525,88739,78513,148264,138038,167252,1
46325,9652,80572,55977,126897,90224,0
54220,82297,16837,136517,71057,99134,0
42089,34358,68698,76447,110787,103056,1
77056,53499,10295,130555,87351,63794,0
45768,86257,62336,132025,108104,148593,1
45668,23440,69669,69108,115337,93109,0
76670,37150,63465,113820,140135,100615,1
13432,56799,6381,70231,19813,63180,0
48225,60597,4685,108822,52910,65282,0
46362,65159,59382,111521,105744,124541,1
50478,98611,86669,149089,137147,185280,1
51983,3244,5593,55227,57576,8837,0
99628,75054,6403,174682,106031,81457,0
62144,16550,3947,78694,66091,20497,0
15283,70861,72918,86144,88201,143779,1
99932,29534,15311,129466,115243,44845,0
53320,70561,22453,123881,75773,93014,1
78043,63499,12839,141542,90882,76338,0
20698,48454,88140,69152,108838,136594,0
33197,82530,30949,115727,64146,113479,0
9576,17159,30936,26735,40512,48095,0
10911,55554,20261,66465,31172,75815,0
34956,51379,36942,86335,71898,88321,1
94413,19095,45007,113508,139420,64102,0
4630,50361,18231,54991,22861,68592,0
71098,93251,58684,164349,129782,151935,1
92639,56859,73712,149498,166351,130571,1
36169,23032,31948,59201,68117,54980,1
59894,76541,38350,136435,98244,114891,1
9204,92625,2440,101829,11644,95065,0
41186,1455,37015,42641,78201,38470,0
77902,73552,95812,151454,173714,169364,1
50036,31020,14494,81056,64530,45514,0
9887,74966,209,84853,10096,75175,0
78975,7541,87811,86516,166786,95352,0
21196,4049,49232,25245,70428,53281,0
24482,43967,14378,68449,38860,58345,0
96527,36161,72977,132688,169504,109138,1
42262,48556,53517,90818,95779,102073,1
23265,83577,46035,106842,69300,129612,0
40641,88709,50948,129350,91589,139657,1
60915,96011,856,156926,61771,96867,0
11029,91382,60195,102411,71224,151577,0
6913,77129,76551,84042,83464,153680,1
23536,32532,27304,56068,50840,59836,1
22068,64541,6142,86609,28210,70683,0
37951,85336,85208,123287,123159,170544,1
64010,52818,99105,116828,163115,151923,1
1228,98610,73574,99838,74802,172184,0
84970,25418,30284,110388,115254,55702,0
71833,75772,8413,147605,80246,84185,1
70760,24370,33039,95130,103799,57409,0
32803,39038,25285,71841,58088,64323,1
39800,66429,69450,106229,109250,135879,1
25102,34406,30830,59508,55932,65236,1
49515,27058,56131,76573,105646,83189,1
50005,34341,52540,84346,102545,86881,1
26711,55084,1325,81795,28036,56409,0
55538,81982,87466,137520,143004,169448,1
5107,86108,42164,91215,47271,128272,0
83660,57062,44570,140722,128230,101632,1
41102,12897,9251,53999,50353,22148,0
7676,16063,11015,23739,18691,27078,1
52237,39852,88861,92089,141098,128713,1
37994,17141,75399,55135,113393,92540,0
70901,41257,77826,112158,148727,119083,1
26387,82614,42250,109001,68637,124864,0
19446,35815,38488,55261,57934,74303,1
46261,61714,77,107975,46338,61791,0
7070,89457,52003,96527,59073,141460,0
76234,3222,56306,79456,132540,59528,0
31950,21422,18331,53372,50281,39753,1
53925,29016,72226,82941,126151,101242,1
39090,57494,48562,96584,87652,106056,1
15648,29971,67744,45619,83392,97715,0
91405,91160,7460,182565,98865,98620,1
55503,42858,31325,98361,86828,74183,1
19888,83611,80924,103499,100812,164535,1
40443,79519,23838,119962,64281,103357,0
19660,59189,27762,78849,47422,86951,0
82166,16718,37895,98884,120061,54613,0
52005,3241,45427,55246,97432,48668,0
18230,54181,93245,72411,111475,147426,0
61175,2658,99808,63833,160983,102466,0
84281,91307,87380,175588,171661,178687,1
12032,19857,47743,31889,59775,67600,0
69117,82728,18572,151845,87689,101300,1
38446,35413,42133,73859,80579,77546,1
32552,78562,94578,111114,127130,173140,1
1366,72342,35510,73708,36876,107852,0
4368,63879,49979,68247,54347,113858,0
55892,23623,85341,79515,141233,108964,0
56834,41226,96311,98060,153145,137537,1
23986,26799,85123,50785,109109,111922,0
30170,96230,53037,126400,83207,149267,0
86309,80690,74077,166999,160386,154767,1
18793,43727,31350,62520,50143,75077,1
29950,79318,24694,109268,54644,104012,0
30304,55066,302,85370,30606,55368,0
90061,72570,99003,162631,189064,171573,1
11739,42870,75374,54609,87113,118244,0
88092,9153,93728,97245,181820,102881,1
8789,64814,42970,73603,51759,107784,0
10341,75903,45608,86244,55949,121511,0
74367,11267,70607,85634,144974,81874,1
26395,80326,97188,106721,123583,177514,1
4484,72864,99668,77348,104152,172532,0
8892,81044,88326,89936,97218,169370,1
60931,56325,88498,117256,149429,144823,1
98779,38759,38352,137538,137131,77111,0
88168,79444,90081,167612,178249,169525,1
48549,7715,30447,56264,78996,38162,0
44230,93810,99551,138040,143781,193361,1
29517,22067,46928,51584,76445,68995,1
58001,98032,63034,156033,121035,161066,1
44362,67119,35286,111481,79648,102405,1
90444,39321,53687,129765,144131,93008,1
76103,4995,19966,81098,96069,24961,0
14246,29504,65885,43750,80131,95389,0
9065,66632,77912,75697,86977,144544,0
43213,90194,83933,133407,127146,174127,1
30036,86871,51815,116907,81851,138686,0
39273,94253,21555,133526,60828,115808,0
60086,32047,38972,92133,99058,71019,1
69408,63979,59837,133387,129245,123816,1
84942,67224,63932,152166,148874,131156,1
16819,33501,85822,50320,102641,119323,0
6305,56343,9554,62648,15859,65897,0
91470,38976,22863,130446,114333,61839,0
82655,68305,38370,150960,121025,106675,1
83470,3534,26633,87004,110103,30167,0
84575,55908,69720,140483,154295,125628,1
42523,50115,79104,92638,121627,129219,1
98565,46050,61115,144615,159680,107165,1
56124,85027,12085,141151,68209,97112,0
72724,63787,31642,136511,104366,95429,1
88035,37432,94619,125467,182654,132051,1
45952,24242,927,70194,46879,25169,0
68958,47232,39746,116190,108704,86978,1
33653,34368,21799,68021,55452,56167,1
51601,22684,53227,74285,104828,75911,1
93107,6091,13382,99198,106489,19473,0
77672,67869,11839,145541,89511,79708,1
10766,24574,33731,35340,44497,58305,1
71827,87430,55612,159257,127439,143042,1
72395,42969,47760,115364,120155,90729,1
421,94225,52573,94646,52994,146798,0
61955,66443,13471,128398,75426,79914,1
22713,76549,23092,99262,45805,99641,0
72946,79653,1681,152599,74627,81334,0
95458,66004,36016,161462,131474,102020,1
56318,64201,17044,120519,73362,81245,1
44447,36574,64058,81021,108505,100632,1
50191,78062,58513,128253,108704,136575,1
98476,74962,84937,173438,183413,159899,1
58941,69044,71567,127985,130508,140611,1
7253,12579,94807,19832,102060,107386,0
82292,72071,74232,154363,156524,146303,1
64208,28256,27795,92464,92003,56051,0
52045,99584,70501,151629,122546,170085,1
69015,16093,56352,85108,125367,72445,1
23499,54116,59785,77615,83284,113901,1
59851,43009,21804,102860,81655,64813,1
9549,75543,3516,85092,13065,79059,0
9908,58454,84475,68362,94383,142929,0
59557,95206,73209,154763,132766,168415,1
23745,57428,45781,81173,69526,103209,1
46478,82709,13259,129187,59737,95968,0
43431,99083,83313,142514,126744,182396,1
29702,1112,63274,30814,92976,64386,0
53685,55761,17583,109446,71268,73344,1
34280,80738,43435,115018,77715,124173,0
68274,74799,57232,143073,125506,132031,1
78462,37500,83042,115962,161504,120542,1
98028,84898,63621,182926,161649,148519,1
40885,3388,4458,44273,45343,7846,0
90330,97858,66298,188188,156628,164156,1
30296,85124,26347,115420,56643,111471,0
91128,43898,97803,135026,188931,141701,1
14953,2482,12818,17435,27771,15300,1
93937,13881,65299,107818,159236,79180,0
11106,95892,16867,106998,27973,112759,0
67880,47766,5040,115646,72920,52806,0
85680,45511,77429,131191,163109,122940,1
13545,86253,28025,99798,41570,114278,0
94129,53792,83733,147921,177862,137525,1
90981,52408,62787,143389,153768,115195,1
88521,71222,35579,159743,124100,106801,1
46836,10882,52781,57718,99617,63663,1
42343,26045,5420,68388,47763,31465,0
70884,7352,57442,78236,128326,64794,0
51336,71379,47197,122715,98533,118576,1
5143,54626,19812,59769,24955,74438,0
20613,83378,74319,103991,94932,157697,1
54947,20566,19226,75513,74173,39792,0
46561,30799,35620,77360,82181,66419,1
87789,94177,41656,181966,129445,135833,1
10863,11068,6639,21931,17502,17707,1
72797,80401,54904,153198,127701,135305,1
92422,91245,344,183667,92766,91589,0
37654,97277,12890,134931,50544,110167,0
25855,81826,77553,107681,103408,159379,1
30281,42713,13536,72994,43817,56249,1
14257,93857,66328,108114,80585,160185,0
98574,56351,29934,154925,128508,86285,0
81393,31396,9128,112789,90521,40524,0
28056,66601,78940,94657,106996,145541,1
21002,74207,57948,95209,78950,132155,1
82364,33712,46364,116076,128728,80076,0
87631,95882,47844,183513,135475,143726,1
18329,54118,66239,72447,84568,120357,1
1291,98372,83492,99663,84783,181864,0
71999,60299,7665,132298,79664,67964,0
85802,34297,18972,120099,104774,53269,0
41011,78247,92308,119258,133319,170555,1
86133,77533,10181,163666,96314,87714,1
67177,95991,12484,163168,79661,108475,0
3038,19444,47195,22482,50233,66639,0
66798,53360,84730,120158,151528,138090,1
71448,1060,49746,72508,121194,50806,0
15881,39969,90231,55850,106112,130200,0
24438,41568,90921,66006,115359,132489,0
32774,94276,20342,127050,53116,114618,0
47585,94180,94919,141765,142504,189099,1
39360,13167,16148,52527,55508,29315,0
32219,43129,76034,75348,108253,119163,0
53918,23709,97851,77627,151769,121560,0
18944,68831,64548,87775,83492,133379,1
90603,87428,51428,178031,142031,138856,1
90864,14692,54783,105556,145647,69475,0
11553,43821,83358,55374,94911,127179,0
22231,9415,76072,31646,98303,85487,0
60108,70578,15288,130686,75396,85866,1
40974,24864,73831,65838,114805,98695,0
92742,82427,23341,175169,116083,105768,1
63399,71546,89442,134945,152841,160988,1
87287,59445,3801,146732,91088,63246,0
37072,33449,88566,70521,125638,122015,0
87764,63887,92867,151651,180631,156754,1
12895,35140,51182,48035,64077,86322,0
40296,31130,95619,71426,135915,126749,0
49754,11452,3811,61206,53565,15263,0
5009,40680,55090,45689,60099,95770,0
13021,39381,17461,52402,30482,56842,0
83489,54770,877,138259,84366,55647,0
88378,72049,79002,160427,167380,151051,1
42043,57467,18601,99510,60644,76068,1
28925,12152,92440,41077,121365,104592,0
11181,11539,46116,22720,57297,57655,0
73389,47353,33054,120742,106443,80407,1
31743,35081,15442,66824,47185,50523,1
54840,30738,85455,85578,140295,116193,1
46528,79441,31706,125969,78234,111147,0
48083,24961,35012,73044,83095,59973,1
70796,71719,65410,142515,136206,137129,1
93806,28379,26452,122185,120258,54831,0
6380,85970,20432,92350,26812,106402,0
96943,84801,52572,181744,149515,137373,1
73186,64348,50784,137534,123970,115132,1
79095,14970,25996,94065,105091,40966,0
69615,97475,72712,167090,142327,170187,1
55781,60118,16396,115899,72177,76514,1
70261,84943,51112,155204,121373,136055,1
25058,54131,76632,79189,101690,130763,1
16440,21207,17112,37647,33552,38319,1
72753,71275,85329,144028,158082,156604,1
86396,32962,51264,119358,137660,84226,0
37499,43684,47335,81183,84834,91019,1
66674,20405,77235,87079,143909,97640,1
51311,63781,39540,115092,90851,103321,1
71680,41523,56170,113203,127850,97693,1
42879,40344,17643,83223,60522,57987,1
21700,6843,21185,28543,42885,28028,1
62006,84346,10995,146352,73001,95341,0
32072,65987,49299,98059,81371,115286,1
29865,74600,34891,104465,64756,109491,0
99578,94491,38093,194069,137671,132584,1
68531,80332,37152,148863,105683,117484,1
19327,41826,51787,61153,71114,93613,1
29263,58972,49735,88235,78998,108707,1
5763,3182,13173,8945,18936,16355,0
99909,95902,27819,195811,127728,123721,1
34922,23308,91220,58230,126142,114528,0
42234,65179,34532,107413,76766,99711,1
35830,85749,8021,121579,43851,93770,0
74271,61161,66087,135432,140358,127248,1
85337,55196,58836,140533,144173,114032,1
96048,19545,13143,115593,109191,32688,0
56994,24012,21830,81006,78824,45842,0
17458,41192,23045,58650,40503,64237,0
74373,33937,61659,108310,136032,95596,1
33918,46460,77216,80378,111134,123676,1
91077,41774,5510,132851,96587,47284,0
479,12327,9980,12806,10459,22307,0
11004,75648,28793,86652,39797,104441,0
70096,55463,56103,125559,126199,111566,1
67393,27618,48463,95011,115856,76081,1
74832,64731,83766,139563,158598,148497,1
72553,66590,47235,139143,119788,113825,1
31621,54582,56149,86203,87770,110731,1
7252,43724,69919,50976,77171,113643,0
29872,72012,71919,101884,101791,143931,1
54125,56733,26671,110858,80796,83404,1
26059,60524,25650,86583,51709,86174,0
67272,37477,44063,104749,111335,81540,1
91061,74520,30683,165581,121744,105203,1
18162,46195,75890,64357,94052,122085,0
16624,53729,24479,70353,41103,78208,0
12414,65609,26585,78023,38999,92194,0
25463,58011,73868,83474,99331,131879,1
42513,796,43238,43309,85751,44034,1
53372,986,50605,54358,103977,51591,0
2908,66082,26049,68990,28957,92131,0
58195,34178,43431,92373,101626,77609,1
44854,90496,2500,135350,47354,92996,0
46658,83641,71143,130299,117801,154784,1
590,69877,27453,70467,28043,97330,0
42302,54910,83131,97212,125433,138041,1
57447,94229,50900,151676,108347,145129,1
1607,86977,94813,88584,96420,181790,0
13609,30941,26296,44550,39905,57237,1
62913,15891,61602,78804,124515,77493,1
42608,76772,75632,119380,118240,152404,1
5198,36009,62587,41207,67785,98596,0
28923,47175,74556,76098,103479,121731,1
46614,7342,50497,53956,97111,57839,1
15470,44795,36672,60265,52142,81467,1
55290,52695,70036,107985,125326,122731,1
42032,93092,46272,135124,88304,139364,0
54042,92223,94797,146265,148839,187020,1
83568,20469,41500,104037,125068,61969,0
99266,18123,73341,117389,172607,91464,0
71987,55996,23163,127983,95150,79159,1
70349,60402,40721,130751,111070,101123,1
5625,39588,6656,45213,12281,46244,0
63790,63484,79795,127274,143585,143279,1
95850,53320,52687,149170,148537,106007,1
17662,67704,69990,85366,87652,137694,1
91287,20076,74625,111363,165912,94701,1
7413,38212,22729,45625,30142,60941,0
24571,55259,56074,79830,80645,111333,1
99037,91164,13939,190201,112976,105103,1
22057,25392,13329,47449,35386,38721,1
80568,29242,50911,109810,131479,80153,0
77433,79680,65935,157113,143368,145615,1
8135,81504,81974,89639,90109,163478,1
79979,44954,87447,124933,167426,132401,1
73746,77003,14798,150749,88544,91801,1
54536,94158,17262,148694,71798,111420,0
97459,34218,55987,131677,153446,90205,0
69596,11593,40413,81189,110009,52006,0
1332,92016,89213,93348,90545,181229,0
12826,82324,56656,95150,69482,138980,0
54941,841,74441,55782,129382,75282,0
76940,18461,3630,95401,80570,22091,0
22533,18498,7060,41031,29593,25558,1
95066,98838,82798,193904,177864,181636,1
26722,6787,58023,33509,84745,64810,0
80188,5443,79828,85631,160016,85271,1
37063,93068,72700,130131,109763,165768,1
83052,33869,8107,116921,91159,41976,0
33182,15598,22239,48780,55421,37837,1
42247,15770,35079,58017,77326,50849,1
15102,29939,83657,45041,98759,113596,0
19470,22334,44378,41804,63848,66712,0
85819,9303,45468,95122,131287,54771,0
72119,70476,48866,142595,120985,119342,1
54918,41621,26918,96539,81836,68539,1
436,8136,40021,8572,40457,48157,0
76472,6882,4278,83354,80750,11160,0
4964,18797,37427,23761,42391,56224,0
52435,36593,96643,89028,149078,133236,0
55826,57111,30976,112937,86802,88087,1
5459,38304,2861,43763,8320,41165,0
56952,29199,17685,86151,74637,46884,0
69670,11418,7661,81088,77331,19079,0
57710,31092,94423,88802,152133,125515,0
28769,77594,6578,106363,35347,84172,0
19692,95459,11791,115151,31483,107250,0
43671,23695,72278,67366,115949,95973,0
36136,2565,96982,38701,133118,99547,0
37098,73972,88106,111070,125204,162078,1
26225,62890,12795,89115,39020,75685,0
86212,85880,68300,172092,154512,154180,1
10041,5038,84280,15079,94321,89318,0
18473,62420,62832,80893,81305,125252,1
92263,17189,74740,109452,167003,91929,0
32393,74784,35722,107177,68115,110506,0
75671,97763,53810,173434,129481,151573,1
795,74549,33901,75344,34696,108450,0
80814,30218,37926,111032,118740,68144,0
96629,24539,75186,121168,171815,99725,1
3232,69889,17022,73121,20254,86911,0
89506,51484,34688,140990,124194,86172,0
83393,85850,16928,169243,100321,102778,1
41878,21928,73471,63806,115349,95399,0
23679,50032,90595,73711,114274,140627,0
60250,99987,68837,160237,129087,168824,1
84817,57036,70062,141853,154879,127098,1
12479,38885,92685,51364,105164,131570,0
53317,82898,35014,136215,88331,117912,1
51875,18202,93560,70077,145435,111762,0
62287,92071,19997,154358,82284,112068,0
35118,47067,84968,82185,120086,132035,0
77786,17237,55786,95023,133572,73023,0
44876,14236,52782,59112,97658,67018,1
64032,42801,45880,106833,109912,88681,1
74948,71921,98237,146869,173185,170158,1
80238,8278,38990,88516,119228,47268,0
4045,6012,76259,10057,80304,82271,0
26552,35645,73472,62197,100024,109117,0
30446,8747,47182,39193,77628,55929,0
1109,14468,11847,15577,12956,26315,0
93214,76077,96756,169291,189970,172833,1
54387,77468,13148,131855,67535,90616,0
4539,61694,3499,66233,8038,65193,0
98499,96567,28690,195066,127189,125257,1
6228,90734,17660,96962,23888,108394,0
54966,39892,5116,94858,60082,45008,0
13682,46164,25014,59846,38696,71178,0
21583,86050,28575,107633,50158,114625,0
70145,25014,84765,95159,154910,109779,1
66164,25134,13619,91298,79783,38753,0
42587,16544,81012,59131,123599,97556,0
38678,93120,61406,131798,100084,154526,1
13408,46922,38420,60330,51828,85342,1
72006,73649,18356,145655,90362,92005,1
18167,88318,54716,106485,72883,143034,0
66025,92508,85336,158533,151361,177844,1
17990,28900,25710,46890,43700,54610,1
92922,42943,72774,135865,165696,115717,1
57661,30098,74175,87759,131836,104273,1
22762,63262,16717,86024,39479,79979,0
2795,14516,8916,17311,11711,23432,0
60832,93112,89161,153944,149993,182273,1
73352,94749,75212,168101,148564,169961,1
77364,20940,42251,98304,119615,63191,0
50857,45611,7352,96468,58209,52963,1
10994,85069,34443,96063,45437,119512,0
85171,14691,66050,99862,151221,80741,0
1523,77332,2950,78855,4473,80282,0
68574,93400,15374,161974,83948,108774,0
9199,37032,59625,46231,68824,96657,0
29028,89137,16602,118165,45630,105739,0
3689,45453,44763,49142,48452,90216,1
99588,99689,8147,199277,107735,107836,1
91369,38620,44727,129989,136096,83347,0
61886,1762,58878,63648,120764,60640,0
76827,85740,84505,162567,161332,170245,1
79627,92973,42850,172600,122477,135823,1
1276,99579,35635,100855,36911,135214,0
32595,66671,38125,99266,70720,104796,1
48433,38598,64907,87031,113340,103505,1
37737,83505,79845,121242,117582,163350,1
29305,49021,66229,78326,95534,115250,1
26519,25586,20165,52105,46684,45751,1
20718,32930,20460,53648,41178,53390,1
90748,23235,85236,113983,175984,108471,1
25431,19745,65071,45176,90502,84816,0
19952,68555,80572,88507,100524,149127,1
61350,25474,41246,86824,102596,66720,1
69444,81328,14538,150772,83982,95866,1
12404,76068,97796,88472,110200,173864,0
92401,30733,5750,123134,98151,36483,0
50276,10255,44493,60531,94769,54748,1
10961,93227,40144,104188,51105,133371,0
30868,90358,75205,121226,106073,165563,1
29927,22069,95704,51996,125631,117773,0
3011,79662,91299,82673,94310,170961,0
26046,82346,29590,108392,55636,111936,0
58522,87187,76833,145709,135355,164020,1
93545,70454,55760,163999,149305,126214,1
45755,30698,79542,76453,125297,110240,0
86159,7870,63610,94029,149769,71480,0
4146,65242,65340,69388,69486,130582,1
86162,27541,75326,113703,161488,102867,1
71427,77591,58175,149018,129602,135766,1
24446,98000,59497,122446,83943,157497,0
93787,96561,69753,190348,163540,166314,1
58954,11826,36660,70780,95614,48486,0
75380,93806,78522,169186,153902,172328,1
30282,41543,53697,71825,83979,95240,1
31614,64044,32118,95658,63732,96162,0
91183,65337,29854,156520,121037,95191,1
13360,90453,90514,103813,103874,180967,1
4301,59523,76345,63824,80646,135868,0
31692,45292,95935,76984,127627,141227,0
19247,14863,50838,34110,70085,65701,0
43008,27611,99277,70619,142285,126888,0
82447,53020,48217,135467,130664,101237,1
8104,57034,14089,65138,22193,71123,0
25695,23975,48293,49670,73988,72268,1
49604,33112,47107,82716,96711,80219,1
46963,21739,94390,68702,141353,116129,0
63369,83028,3648,146397,67017,86676,0
97011,58579,32846,155590,129857,91425,0
50440,13031,87662,63471,138102,100693,0
87786,39494,83770,127280,171556,123264,1
52653,21420,91409,74073,144062,112829,0
85735,70637,43332,156372,129067,113969,1
99988,79983,73710,179971,173698,153693,1
30040,94588,87434,124628,117474,182022,1
1976,90893,25816,92869,27792,116709,0
64220,48857,15187,113077,79407,64044,0
41104,86927,58868,128031,99972,145795,1
48812,98456,30396,147268,79208,128852,0
55487,29823,62025,85310,117512,91848,1
78189,98159,96164,176348,174353,194323,1
7060,31912,54904,38972,61964,86816,0
31724,47027,37804,78751,69528,84831,1
10087,30035,51524,40122,61611,81559,0
60297,82830,58668,143127,118965,141498,1
95732,22357,10871,118089,106603,33228,0
30825,90209,29322,121034,60147,119531,0
80013,50408,89652,130421,169665,140060,1
35820,87642,95897,123462,131717,183539,1
75386,91221,9176,166607,84562,100397,0
63186,50502,77975,113688,141161,128477,1
96531,97252,13442,193783,109973,110694,1
28539,3379,58815,31918,87354,62194,0
19080,73970,96594,93050,115674,170564,0
31019,43565,82084,74584,113103,125649,0
61733,64670,81120,126403,142853,145790,1
22931,30528,92103,53459,115034,122631,0
91356,80000,97024,171356,188380,177024,1
50973,59587,38395,110560,89368,97982,1
17854,84648,50035,102502,67889,134683,0
8319,11011,53010,19330,61329,64021,0
96691,30717,7693,127408,104384,38410,0
34241,40690,28992,74931,63233,69682,1
66302,61816,14678,128118,80980,76494,1
66089,32278,33778,98367,99867,66056,0
11823,94790,17771,106613,29594,112561,0
43150,15104,97107,58254,140257,112211,0
76922,15114,6555,92036,83477,21669,0
12540,49256,36146,61796,48686,85402,0
85219,7803,49528,93022,134747,57331,0
3798,87725,56451,91523,60249,144176,0
73957,63391,3996,137348,77953,67387,0
82512,88565,97740,171077,180252,186305,1
38468,46557,97599,85025,136067,144156,0
55504,71516,16525,127020,72029,88041,1
63466,15848,21949,79314,85415,37797,0
80244,32411,14601,112655,94845,47012,0
58877,41268,66285,100145,125162,107553,1
34712,15322,47777,50034,82489,63099,1
38951,63957,34519,102908,73470,98476,1
56016,59188,7568,115204,63584,66756,1
9346,48379,26797,57725,36143,75176,0
58591,98000,91847,156591,150438,189847,1
68014,54986,95137,123000,163151,150123,1
35620,21435,3386,57055,39006,24821,0
45506,53375,51601,98881,97107,104976,1
93682,53879,67297,147561,160979,121176,1
33627,35647,26453,69274,60080,62100,1
38412,72843,36292,111255,74704,109135,1
74836,56009,30335,130845,105171,86344,1
58092,97667,93947,155759,152039,191614,1
25523,62838,86526,88361,112049,149364,1
43957,62888,11242,106845,55199,74130,0
67539,32911,82071,100450,149610,114982,1
67476,72873,92005,140349,159481,164878,1
5797,38888,44721,44685,50518,83609,0
56766,12152,68933,68918,125699,81085,0
12125,38652,32885,50777,45010,71537,1
72773,46473,18227,119246,91000,64700,0
48913,91333,40385,140246,89298,131718,0
59101,67932,12784,127033,71885,80716,1
13945,55374,4668,69319,18613,60042,0
35281,74917,15907,110198,51188,90824,0
88493,71109,92233,159602,180726,163342,1
41381,61447,52307,102828,93688,113754,1
74996,17412,22480,92408,97476,39892,0
15607,14086,79034,29693,94641,93120,0
53463,88761,85909,142224,139372,174670,1
36378,7418,40261,43796,76639,47679,1
63586,18353,6196,81939,69782,24549,0
20528,61271,62028,81799,82556,123299,1
42572,40122,76188,82694,118760,116310,1
48833,28524,37003,77357,85836,65527,1
57314,36066,29992,93380,87306,66058,1
78338,4610,73799,82948,152137,78409,1
41034,6241,99376,47275,140410,105617,0
11026,87963,36987,98989,48013,124950,0
70100,75735,87044,145835,157144,162779,1
92233,26719,30767,118952,123000,57486,0
77628,53284,17088,130912,94716,70372,0
64582,75028,61817,139610,126399,136845,1
86202,96851,38984,183053,125186,135835,1
86271,33289,9839,119560,96110,43128,0
86537,92546,39761,179083,126298,132307,1
99471,65690,90236,165161,189707,155926,1
34314,487,61748,34801,96062,62235,0
94945,33448,76777,128393,171722,110225,1
67240,85460,30744,152700,97984,116204,1
63394,53735,60335,117129,123729,114070,1
48225,65260,55915,113485,104140,121175,1
33653,93049,2699,126702,36352,95748,0
6456,10913,8364,17369,14820,19277,1
67988,6376,80403,74364,148391,86779,0
85194,53760,6232,138954,91426,59992,0
67032,50142,52750,117174,119782,102892,1
69080,51451,25676,120531,94756,77127,1
32671,97392,86777,130063,119448,184169,1
50482,26633,30691,77115,81173,57324,1
99829,90567,30864,190396,130693,121431,1
62187,97309,36040,159496,98227,133349,1
83322,31880,13207,115202,96529,45087,0
79767,14332,81633,94099,161400,95965,1
42401,95408,13156,137809,55557,108564,0
78666,15333,24662,93999,103328,39995,0
14624,41692,2500,56316,17124,44192,0
62697,49667,61465,112364,124162,111132,1
37188,26069,83735,63257,120923,109804,0
10500,81076,91066,91576,101566,172142,1
15241,36967,83033,52208,98274,120000,0
12662,24800,3884,37462,16546,28684,0
38284,68386,89167,106670,127451,157553,1
2403,73585,65412,75988,67815,138997,0
95990,7426,3147,103416,99137,10573,0
94016,94492,67710,188508,161726,162202,1
89444,77670,14702,167114,104146,92372,1
89198,39867,9702,129065,98900,49569,0
1220,31692,56681,32912,57901,88373,0
84628,7596,82880,92224,167508,90476,1
76180,62035,35108,138215,111288,97143,1
58784,50076,87350,108860,146134,137426,1
11417,28404,3114,39821,14531,31518,0
16616,86484,93338,103100,109954,179822,1
86963,51814,47120,138777,134083,98934,1
9736,83177,87457,92913,97193,170634,1
29057,78311,80384,107368,109441,158695,1
88296,57682,49571,145978,137867,107253,1
34014,98206,1920,132220,35934,100126,0
78818,62068,50920,140886,129738,112988,1
75358,10921,27296,86279,102654,38217,0
87943,12778,97789,100721,185732,110567,1
12165,28892,35602,41057,47767,64494,1
40060,86108,48826,126168,88886,134934,1
42522,83236,7627,125758,50149,90863,0
72436,92269,14296,164705,86732,106565,0
50765,14315,9089,65080,59854,23404,0
72016,67345,63220,139361,135236,130565,1
52526,61799,24885,114325,77411,86684,1
82610,71142,27840,153752,110450,98982,1
39490,95405,95987,134895,135477,191392,1
12744,72244,9140,84988,21884,81384,0
49845,57942,4381,107787,54226,62323,0
48464,55767,27234,104231,75698,83001,1
1481,66239,35841,67720,37322,102080,0
36267,6324,79682,42591,115949,86006,0
36637,31682,12239,68319,48876,43921,1
67388,83811,66975,151199,134363,150786,1
38837,99730,82145,138567,120982,181875,1
54914,71532,3820,126446,58734,75352,0
97358,18587,48928,115945,146286,67515,0
52702,27883,2144,80585,54846,30027,0
44941,26599,48773,71540,93714,75372,1
98984,66993,32379,165977,131363,99372,1
20989,60077,70338,81066,91327,130415,1
44916,7414,30885,52330,75801,38299,0
96260,15955,4520,112215,100780,20475,0
14113,96262,27697,110375,41810,123959,0
99878,86540,73924,186418,173802,160464,1
46671,10102,46261,56773,92932,56363,1
96260,91825,62884,188085,159144,154709,1
14872,91859,89193,106731,104065,181052,1
57648,36988,60914,94636,118562,97902,1
22382,16527,60334,38909,82716,76861,0
57451,73950,83468,131401,140919,157418,1
31420,11628,23539,43048,54959,35167,1
19757,65238,70501,84995,90258,135739,1
44357,87772,98943,132129,143300,186715,1
17067,91481,47624,108548,64691,139105,0
24023,12266,28134,36289,52157,40400,1
13331,60599,55576,73930,68907,116175,1
16816,32109,63495,48925,80311,95604,0
91544,9033,12649,100577,104193,21682,0
73978,88490,10292,162468,84270,98782,0
23984,25732,60396,49716,84380,86128,0
32615,69623,85397,102238,118012,155020,1
4906,24932,70411,29838,75317,95343,0
69111,62198,38572,131309,107683,100770,1
3261,25778,93186,29039,96447,118964,0
55568,27816,37986,83384,93554,65802,1
587,4945,38232,5532,38819,43177,0
99394,37568,74982,136962,174376,112550,1
23019,27993,96867,51012,119886,124860,0
94905,79515,66647,174420,161552,146162,1
35502,90725,34024,126227,69526,124749,0
26966,82843,82696,109809,109662,165539,1
18643,94202,4096,112845,22739,98298,0
75973,84248,42962,160221,118935,127210,1
3115,74452,13129,77567,16244,87581,0
67148,46104,83853,113252,151001,129957,1
62136,42951,81945,105087,144081,124896,1
82069,99707,79853,181776,161922,179560,1
5909,47781,20785,53690,26694,68566,0
69853,15768,77850,85621,147703,93618,1
98321,89537,14780,187858,113101,104317,1
74379,52004,64255,126383,138634,116259,1
32034,90622,4507,122656,36541,95129,0
94417,27329,97348,121746,191765,124677,1
60450,97247,93321,157697,153771,190568,1
14647,49775,81943,64422,96590,131718,0
92952,34684,44608,127636,137560,79292,0
3266,57378,90955,60644,94221,148333,0
83535,76626,48449,160161,131984,125075,1
44285,41842,7474,86127,51759,49316,1
41888,71860,93088,113748,134976,164948,1
96087,75653,17365,171740,113452,93018,0
2597,91995,36979,94592,39576,128974,0
32173,27684,40339,59857,72512,68023,1
96920,24170,71379,121090,168299,95549,0
51288,51281,85537,102569,136825,136818,1
58596,59209,7176,117805,65772,66385,1
5992,27278,88310,33270,94302,115588,0
37361,44896,31098,82257,68459,75994,1
85802,65139,99799,150941,185601,164938,1
39470,6649,74091,46119,113561,80740,0
11739,64267,76652,76006,88391,140919,0
1604,58004,69681,59608,71285,127685,0
40183,61894,60221,102077,100404,122115,1
87375,98899,46264,186274,133639,145163,1
1344,76816,96018,78160,97362,172834,0
26629,38506,33241,65135,59870,71747,1
5657,44895,25496,50552,31153,70391,0
91299,87748,69097,179047,160396,156845,1
69893,52081,31331,121974,101224,83412,1
71980,50601,6530,122581,78510,57131,0
43573,42982,57996,86555,101569,100978,1
39408,50647,51459,90055,90867,102106,1
20139,24452,19367,44591,39506,43819,1
58631,91679,51176,150310,109807,142855,1
28192,27161,96296,55353,124488,123457,0
79407,28874,14881,108281,94288,43755,0
30414,54933,82084,85347,112498,137017,1
65488,31842,55142,97330,120630,86984,1
33039,97600,44098,130639,77137,141698,0
78749,50821,20299,129570,99048,71120,0
64614,94069,6092,158683,70706,100161,0
26292,77068,79161,103360,105453,156229,1
20036,36792,83793,56828,103829,120585,0
97801,24976,56745,122777,154546,81721,0
14462,42679,12314,57141,26776,54993,0
95421,20637,91668,116058,187089,112305,1
59626,65633,92558,125259,152184,158191,1
84318,9692,52684,94010,137002,62376,0
45605,20967,22964,66572,68569,43931,0
84777,12347,69045,97124,153822,81392,0
26940,32492,39031,59432,65971,71523,1
14078,14696,75966,28774,90044,90662,0
91598,19174,4609,110772,96207,23783,0
51800,53551,41977,105351,93777,95528,1
47083,89359,78560,136442,125643,167919,1
6114,80168,8557,86282,14671,88725,0
22975,64594,26414,87569,49389,91008,0
86262,16998,82894,103260,169156,99892,1
55653,4405,51308,60058,106961,55713,1
69583,50857,29942,120440,99525,80799,1
45875,91401,67892,137276,113767,159293,1
40362,39378,47927,79740,88289,87305,1
96781,73361,46684,170142,143465,120045,1
15367,52274,17903,67641,33270,70177,0
32618,55649,53643,88267,86261,109292,1
54698,37013,38711,91711,93409,75724,1
35758,74671,64119,110429,99877,138790,1
56890,49647,49113,106537,106003,98760,1
86812,54443,71607,141255,158419,126050,1
14983,45751,83698,60734,98681,129449,0
51744,28096,24215,79840,75959,52311,1
33739,63013,38943,96752,72682,101956,1
90144,11778,65929,101922,156073,77707,0
37078,99920,24923,136998,62001,124843,0
47261,65554,96856,112815,144117,162410,1
50842,5027,54389,55869,105231,59416,1
13841,4523,88234,18364,102075,92757,0
89506,73989,20944,163495,110450,94933,1
86400,56030,89286,142430,175686,145316,1
77487,52262,32027,129749,109514,84289,1
24516,92492,76344,117008,100860,168836,1
60037,56582,24519,116619,84556,81101,1
32890,17748,73454,50638,106344,91202,0
79908,2203,18504,82111,98412,20707,0
83334,55223,88290,138557,171624,143513,1
30031,85576,58892,115607,88923,144468,1
32861,64509,26984,97370,59845,91493,0
69915,53844,178,123759,70093,54022,0
68312,43098,44188,111410,112500,87286,1
24211,74867,64505,99078,88716,139372,1
17462,2664,94003,20126,111465,96667,0
89511,39972,95015,129483,184526,134987,1
28657,99527,24324,128184,52981,123851,0
89571,69812,19423,159383,108994,89235,0
66108,85339,64757,151447,130865,150096,1
96474,86867,87394,183341,183868,174261,1
91443,81232,30402,172675,121845,111634,1
33355,62407,21144,95762,54499,83551,0
32029,81369,9518,113398,41547,90887,0
6899,96323,6568,103222,13467,102891,0
67950,18459,98673,86409,166623,117132,0
75695,76185,19373,151880,95068,95558,1
70362,94544,2624,164906,72986,97168,0
88813,46705,93724,135518,182537,140429,1
19673,36242,52086,55915,71759,88328,1
89532,25101,95936,114633,185468,121037,1
31996,89042,38793,121038,70789,127835,0
87432,94619,76170,182051,163602,170789,1
61837,36767,74343,98604,136180,111110,1
359,80206,1517,80565,1876,81723,0
12197,99640,88854,111837,101051,188494,1
32681,57630,51505,90311,84186,109135,1
36289,37711,34576,74000,70865,72287,1
18247,86808,14269,105055,32516,101077,0
12735,61447,96015,74182,108750,157462,0
80368,31600,53436,111968,133804,85036,1
12681,91863,61961,104544,74642,153824,0
84029,26476,35361,110505,119390,61837,0
13458,56522,7310,69980,20768,63832,0
64937,12037,49056,76974,113993,61093,0
68490,49699,82137,118189,150627,131836,1
37401,96264,9404,133665,46805,105668,0
73729,76332,74020,150061,147749,150352,1
4913,40355,63773,45268,68686,104128,0
68784,92476,46920,161260,115704,139396,1
41781,44978,53354,86759,95135,98332,1
62430,45988,32057,108418,94487,78045,1
33335,87725,98203,121060,131538,185928,1
78973,99274,75071,178247,154044,174345,1
71390,9209,18601,80599,89991,27810,0
43006,3746,18501,46752,61507,22247,0
72843,64153,25716,136996,98559,89869,1
15226,2625,79556,17851,94782,82181,0
40518,91379,47624,131897,88142,139003,0
55224,2125,54393,57349,109617,56518,1
43763,40624,69271,84387,113034,109895,1
9368,88403,87717,97771,97085,176120,1
6249,48272,19930,54521,26179,68202,0
79793,91732,78809,171525,158602,170541,1
66438,75833,61462,142271,127900,137295,1
79076,683,37648,79759,116724,38331,0
63773,32469,84854,96242,148627,117323,1
26434,37845,72803,64279,99237,110648,0
13004,82234,24016,95238,37020,106250,0
87878,941,45581,88819,133459,46522,0
56582,59078,64215,115660,120797,123293,1
7797,60969,34638,68766,42435,95607,0
48388,21025,48501,69413,96889,69526,1
14667,99890,46919,114557,61586,146809,0
16208,51306,41032,67514,57240,92338,1
9143,29107,26116,38250,35259,55223,1
53073,12746,60559,65819,113632,73305,1
8813,26326,14653,35139,23466,40979,0
97311,1837,78866,99148,176177,80703,0
72587,55386,96227,127973,168814,151613,1
6478,84681,56846,91159,63324,141527,0
7461,46207,79167,53668,86628,125374,0
30443,66042,61284,96485,91727,127326,1
60399,1224,16962,61623,77361,18186,0
78105,6043,89014,84148,167119,95057,0
94346,31202,24157,125548,118503,55359,0
72845,52169,20851,125014,93696,73020,1
51022,65952,46492,116974,97514,112444,1
22042,97695,40683,119737,62725,138378,0
99236,1958,72621,101194,171857,74579,0
15555,12670,2838,28225,18393,15508,0
38082,49864,92431,87946,130513,142295,0
86397,17498,62784,103895,149181,80282,0
63613,83617,33527,147230,97140,117144,1
86896,81583,49587,168479,136483,131170,1
17376,99544,38288,116920,55664,137832,0
69270,98826,77254,168096,146524,176080,1
16106,14630,55894,30736,72000,70524,0
32806,27798,25419,60604,58225,53217,1
23946,89092,9670,113038,33616,98762,0
71780,96475,3634,168255,75414,100109,0
85588,42654,66535,128242,152123,109189,1
34087,11923,19789,46010,53876,31712,0
99082,21338,19883,120420,118965,41221,0
11344,73177,62072,84521,73416,135249,1
7025,64472,65580,71497,72605,130052,1
51272,451,15946,51723,67218,16397,0
78637,61610,21305,140247,99942,82915,1
23194,72058,66549,95252,89743,138607,1
85008,89855,53960,174863,138968,143815,1
99104,69810,96586,168914,195690,166396,1
3276,25193,43696,28469,46972,68889,0
7979,68620,78666,76599,86645,147286,0
73388,22784,46672,96172,120060,69456,0
76409,69590,94279,145999,170688,163869,1
50349,19563,44135,69912,94484,63698,1
15400,30260,62083,45660,77483,92343,0
25904,8263,76933,34167,102837,85196,0
39709,84947,83277,124656,122986,168224,1
36607,26291,43875,62898,80482,70166,1
45150,58919,43438,104069,88588,102357,1
28802,35045,93599,63847,122401,128644,0
22364,15148,5609,37512,27973,20757,0
84021,16047,80119,100068,164140,96166,1
35373,81068,20808,116441,56181,101876,0
8872,52887,20389,61759,29261,73276,0
6952,25555,85655,32507,92607,111210,0
4689,45023,71663,49712,76352,116686,0
20277,2070,79905,22347,100182,81975,0
81706,22316,46986,104022,128692,69302,0
69551,37282,20633,106833,90184,57915,0
27759,78874,96829,106633,124588,175703,1
98855,51887,17540,150742,116395,69427,0
42030,73564,6353,115594,48383,79917,0
98780,88450,48880,187230,147660,137330,1
57945,2482,39616,60427,97561,42098,0
6790,49515,31844,56305,38634,81359,0
88857,50005,67031,138862,155888,117036,1
93846,44735,68570,138581,162416,113305,1
15060,22584,90618,37644,105678,113202,0
33711,70244,64611,103955,98322,134855,1
87758,85080,58966,172838,146724,144046,1
30953,14630,92297,45583,123250,106927,0
99249,68916,60867,168165,160116,129783,1
88878,80029,99350,168907,188228,179379,1
47147,99249,29523,146396,76670,128772,0
90125,70974,72330,161099,162455,143304,1
69631,85088,49013,154719,118644,134101,1
94423,22790,90060,117213,184483,112850,1
19765,68386,18760,88151,38525,87146,0
77374,29575,32114,106949,109488,61689,0
21872,77599,50087,99471,71959,127686,0
23275,96757,51685,120032,74960,148442,0
72425,14965,33275,87390,105700,48240,0
23640,97344,38623,120984,62263,135967,0
23031,33975,42531,57006,65562,76506,1
20578,59708,78303,80286,98881,138011,1
26854,79250,50029,106104,76883,129279,0
80214,46205,78721,126419,158935,124926,1
23309,41105,44497,64414,67806,85602,1
98385,27342,86763,125727,185148,114105,1
32626,81054,40940,113680,73566,121994,0
80993,74339,66540,155332,147533,140879,1
64465,22852,12301,87317,76766,35153,0
62642,63378,58830,126020,121472,122208,1
72123,44056,55966,116179,128089,100022,1
98107,4438,9601,102545,107708,14039,0
26012,17096,66337,43108,92349,83433,0
65258,964,7078,66222,72336,8042,0
11649,41321,49559,52970,61208,90880,1
40424,44613,77820,85037,118244,122433,1
56873,52946,22913,109819,79786,75859,1
51546,5613,14742,57159,66288,20355,0
43805,26919,21109,70724,64914,48028,1
29233,50937,94203,80170,123436,145140,0
39147,88796,34301,127943,73448,123097,0
57382,63035,54551,120417,111933,117586,1
60987,84004,37715,144991,98702,121719,1
35265,80203,76149,115468,111414,156352,1
41485,33809,43691,75294,85176,77500,1
8725,59314,19778,68039,28503,79092,0
59377,39787,72023,99164,131400,111810,1
65251,56038,67444,121289,132695,123482,1
95528,41924,43609,137452,139137,85533,0
37784,7871,22011,45655,59795,29882,0
26367,44051,25035,70418,51402,69086,1
94270,97268,86291,191538,180561,183559,1
70731,3346,40101,74077,110832,43447,0
41634,86907,32493,128541,74127,119400,0
17963,95427,69834,113390,87797,165261,0
61981,11144,84609,73125,146590,95753,0
62841,15006,91933,77847,154774,106939,0
57691,62874,51293,120565,108984,114167,1
48398,63113,7418,111511,55816,70531,0
55274,4793,41048,60067,96322,45841,0
99941,41488,51081,141429,151022,92569,0
13237,97170,62461,110407,75698,159631,0
39233,74888,4324,114121,43557,79212,0
30014,62265,13531,92279,43545,75796,0
18527,58387,93125,76914,111652,151512,0
80653,24824,95280,105477,175933,120104,1
51221,69849,69014,121070,120235,138863,1
78879,18652,93125,97531,172004,111777,1
33081,99103,76501,132184,109582,175604,1
81264,13681,92231,94945,173495,105912,1
9535,24833,13998,34368,23533,38831,0
56467,40460,53836,96927,110303,94296,1
39550,14439,79093,53989,118643,93532,0
49208,73178,25471,122386,74679,98649,1
26564,12152,21667,38716,48231,33819,1
88775,52665,10980,141440,99755,63645,0
50173,24921,48485,75094,98658,73406,1
90383,48701,99413,139084,189796,148114,1
5981,38744,70779,44725,76760,109523,0
71265,50828,81890,122093,153155,132718,1
23168,50831,25838,73999,49006,76669,0
99377,31944,82696,131321,182073,114640,1
13871,94480,11547,108351,25418,106027,0
94655,16399,90567,111054,185222,106966,1
72615,27137,46326,99752,118941,73463,1
14345,56364,51108,70709,65453,107472,1
72733,51844,67477,124577,140210,119321,1
93520,13809,10922,107329,104442,24731,0
94068,48223,5120,142291,99188,53343,0
46632,19427,6336,66059,52968,25763,0
87878,6352,12353,94230,100231,18705,0
93915,5111,95015,99026,188930,100126,1
44739,31522,31165,76261,75904,62687,1
2485,93388,67830,95873,70315,161218,0
91715,17663,32028,109378,123743,49691,0
58615,97750,10687,156365,69302,108437,0
78059,15788,10524,93847,88583,26312,0
26504,52639,15947,79143,42451,68586,0
31873,75180,7526,107053,39399,82706,0
50892,14249,8185,65141,59077,22434,0
41261,67503,27128,108764,68389,94631,1
36089,65377,9862,101466,45951,75239,0
52249,30359,4039,82608,56288,34398,0
88929,59450,85696,148379,174625,145146,1
13911,32059,64957,45970,78868,97016,0
90433,21770,92087,112203,182520,113857,1
75504,33335,19187,108839,94691,52522,0
1600,90108,46597,91708,48197,136705,0
13824,50218,22287,64042,36111,72505,0
22587,40819,71377,63406,93964,112196,0
78452,88464,96649,166916,175101,185113,1
29015,28523,3357,57538,32372,31880,1
16106,16679,42526,32785,58632,59205,0
46,87885,64492,87931,64538,152377,0
63913,41826,32146,105739,96059,73972,1
36776,37076,78939,73852,115715,116015,0
77139,83545,18154,160684,95293,101699,1
50299,27685,34135,77984,84434,61820,1
50413,75185,26356,125598,76769,101541,1
81119,52332,81783,133451,162902,134115,1
51915,40987,84892,92902,136807,125879,1
25455,92034,60792,117489,86247,152826,0
99987,63047,75622,163034,175609,138669,1
51428,90548,99361,141976,150789,189909,1
33399,81645,36036,115044,69435,117681,0
36374,36536,96679,72910,133053,133215,0
8116,62905,23052,71021,31168,85957,0
88457,4232,30936,92689,119393,35168,0
68986,37457,36772,106443,105758,74229,1
58014,86235,87798,144249,145812,174033,1
58279,36056,66057,94335,124336,102113,1
6444,50877,48534,57321,54978,99411,1
6959,69021,42190,75980,49149,111211,0
61922,32306,26233,94228,88155,58539,0
74556,82957,86975,157513,161531,169932,1
72433,16312,96490,88745,168923,112802,0
34022,55664,44442,89686,78464,100106,1
87008,69079,33578,156087,120586,102657,1
37971,85277,32302,123248,70273,117579,0
54774,75853,26138,130627,80912,101991,1
57590,70141,56732,127731,114322,126873,1
1752,77640,31610,79392,33362,109250,0
68007,74833,74555,142840,142562,149388,1
35466,99913,10277,135379,45743,110190,0
64078,34090,33725,98168,97803,67815,1
28554,60386,58162,88940,86716,118548,1
13546,33435,69905,46981,83451,103340,0
94473,79594,66580,174067,161053,146174,1
35567,4946,80006,40513,115573,84952,0
11487,6473,54830,17960,66317,61303,0
4618,55993,33364,60611,37982,89357,0
26420,41799,16108,68219,42528,57907,1
54684,68067,85210,122751,139894,153277,1
13754,91204,53103,104958,66857,144307,0
80276,64545,97587,144821,177863,162132,1
99364,80743,89025,180107,188389,169768,1
64828,28241,22127,93069,86955,50368,0
79517,63396,84866,142913,164383,148262,1
43258,32115,10264,75373,53522,42379,0
95253,63432,64288,158685,159541,127720,1
75822,42960,93543,118782,169365,136503,1
65102,84563,49684,149665,114786,134247,1
38553,34158,14128,72711,52681,48286,1
10375,41897,68763,52272,79138,110660,0
69205,73498,79085,142703,148290,152583,1
54625,53412,67741,108037,122366,121153,1
4153,4681,44914,8834,49067,49595,0
62545,38550,37822,101095,100367,76372,1
36969,50201,84399,87170,121368,134600,1
44384,51260,42624,95644,87008,93884,1
63490,85343,46326,148833,109816,131669,1
18907,45199,54365,64106,73272,99564,1
35853,2340,318,38193,36171,2658,0
64927,26872,94108,91799,159035,120980,0
75673,98525,69989,174198,145662,168514,1
6561,99907,21187,106468,27748,121094,0
8272,24089,70521,32361,78793,94610,0
2082,82071,74929,84153,77011,157000,0
2653,13217,80481,15870,83134,93698,0
63404,15716,15416,79120,78820,31132,0
56579,7309,81468,63888,138047,88777,0
11218,59054,73265,70272,84483,132319,0
55904,75741,49959,131645,105863,125700,1
30860,2184,67062,33044,97922,69246,0
24424,41408,50034,65832,74458,91442,1
91548,37335,61363,128883,152911,98698,1
12521,28291,61395,40812,73916,89686,0
44070,1552,35916,45622,79986,37468,0
69034,89149,165,158183,69199,89314,0
34239,81439,38185,115678,72424,119624,0
18522,55962,32013,74484,50535,87975,0
91470,81234,67156,172704,158626,148390,1
2872,44923,82736,47795,85608,127659,0
53273,89553,7810,142826,61083,97363,0
24000,71485,59460,95485,83460,130945,1
39137,61764,37967,100901,77104,99731,1
55837,23353,57529,79190,113366,80882,1
46183,78341,4130,124524,50313,82471,0
70291,5068,8864,75359,79155,13932,0
86517,65283,24366,151800,110883,89649,1
97790,11671,34567,109461,132357,46238,0
90036,47066,21277,137102,111313,68343,0
22044,99202,18852,121246,40896,118054,0
95133,5519,2915,100652,98048,8434,0
51469,31610,17541,83079,69010,49151,0
34623,59625,85301,94248,119924,144926,1
34485,40212,96499,74697,130984,136711,0
7149,6196,44952,13345,52101,51148,0
52167,13138,59770,65305,111937,72908,1
49913,66469,33535,116382,83448,100004,1
66867,35642,76551,102509,143418,112193,1
17284,49795,37418,67079,54702,87213,1
25662,49917,58702,75579,84364,108619,1
99614,75467,52287,175081,151901,127754,1
57971,26491,90740,84462,148711,117231,0
36401,36970,9253,73371,45654,46223,1
17286,42912,97750,60198,115036,140662,0
24616,30797,382,55413,24998,31179,0
11705,41255,55059,52960,66764,96314,0
19656,94411,17591,114067,37247,112002,0
98714,61850,28383,160564,127097,90233,0
69029,4718,30244,73747,99273,34962,0
95281,88556,43349,183837,138630,131905,1
43190,72781,47061,115971,90251,119842,1
73565,34739,4210,108304,77775,38949,0
896,53594,84713,54490,85609,138307,0
89417,18797,70277,108214,159694,89074,0
61191,51472,22349,112663,83540,73821,1
10486,80272,64544,90758,75030,144816,0
10399,2499,67232,12898,77631,69731,0
44813,24755,37109,69568,81922,61864,1
66202,62816,17507,129018,83709,80323,1
37206,65557,19801,102763,57007,85358,0
53136,91555,26929,144691,80065,118484,0
77006,38704,13850,115710,90856,52554,0
19279,35188,43559,54467,62838,78747,1
49423,61370,41968,110793,91391,103338,1
90672,10956,41465,101628,132137,52421,0
54125,48127,44226,102252,98351,92353,1
16434,52564,21143,68998,37577,73707,0
94523,92641,11395,187164,105918,104036,1
34703,36609,13801,71312,48504,50410,1
24131,74672,36840,98803,60971,111512,0
77957,65862,25748,143819,103705,91610,1
98072,98519,39588,196591,137660,138107,1
68942,30375,6360,99317,75302,36735,0
52239,72229,16706,124468,68945,88935,0
54147,18414,50754,72561,104901,69168,1
38420,27421,89046,65841,127466,116467,0
74705,38536,8575,113241,83280,47111,0
43261,37513,46188,80774,89449,83701,1
13455,78968,82449,92423,95904,161417,1
39269,33127,47802,72396,87071,80929,1
49691,96541,2153,146232,51844,98694,0
82601,9262,15093,91863,97694,24355,0
93576,55276,36710,148852,130286,91986,0
87303,79956,12374,167259,99677,92330,1
50914,28152,69699,79066,120613,97851,1
59761,70796,67940,130557,127701,138736,1
86975,248,11487,87223,98462,11735,0
33795,26421,63257,60216,97052,89678,0
6690,64796,52367,71486,59057,117163,0
86749,41734,77206,128483,163955,118940,1
97072,77201,89774,174273,186846,166975,1
57120,65786,44281,122906,101401,110067,1
62180,74875,81103,137055,143283,155978,1
82916,23192,86299,106108,169215,109491,1
23695,49526,23199,73221,46894,72725,0
84332,39325,297,123657,84629,39622,0
4949,54718,61021,59667,65970,115739,0
64375,14952,50225,79327,114600,65177,1
16247,44339,53861,60586,70108,98200,1
28896,67034,59267,95930,88163,126301,1
90450,16327,68604,106777,159054,84931,0
8906,83052,44491,91958,53397,127543,0
98452,83465,42821,181917,141273,126286,1
10290,49568,99141,59858,109431,148709,0
35739,58178,49645,93917,85384,107823,1
2804,47526,86149,50330,88953,133675,0
52278,61236,83601,113514,135879,144837,1
68837,74469,47501,143306,116338,121970,1
28043,26730,6552,54773,34595,33282,1
5461,58848,98662,64309,104123,157510,0
43530,47875,72050,91405,115580,119925,1
69518,43923,57652,113441,127170,101575,1
22878,99050,32160,121928,55038,131210,0
95082,82165,5856,177247,100938,88021,0
52933,39783,11024,92716,63957,50807,0
65263,45716,45040,110979,110303,90756,1
13532,20792,79096,34324,92628,99888,0
24831,96371,12955,121202,37786,109326,0
52888,82267,12847,135155,65735,95114,0
65723,76019,48415,141742,114138,124434,1
4940,3398,97925,8338,102865,101323,0
68762,55665,74116,124427,142878,129781,1
64233,48054,64303,112287,128536,112357,1
21299,54064,48845,75363,70144,102909,1
85831,84278,10382,170109,96213,94660,1
79067,88824,95493,167891,174560,184317,1
80412,8123,64403,88535,144815,72526,0
84562,8715,39447,93277,124009,48162,0
93267,58131,96361,151398,189628,154492,1
88743,7940,3949,96683,92692,11889,0
53005,33467,83378,86472,136383,116845,1
75289,93507,55100,168796,130389,148607,1
34491,19903,9708,54394,44199,29611,0
73124,55400,53755,128524,126879,109155,1
68170,52797,94932,120967,163102,147729,1
62977,1941,37644,64918,100621,39585,0
50434,80978,83061,131412,133495,164039,1
86532,28548,2486,115080,89018,31034,0
79285,19571,75139,98856,154424,94710,1
11797,24923,60243,36720,72040,85166,0
62077,50746,30600,112823,92677,81346,1
41344,89210,32899,130554,74243,122109,0
5405,93268,6800,98673,12205,100068,0
12436,97109,99478,109545,111914,196587,1
28373,35559,32648,63932,61021,68207,1
9122,51558,55679,60680,64801,107237,1
53128,15753,39480,68881,92608,55233,1
29296,6032,47992,35328,77288,54024,0
49502,62527,14488,112029,63990,77015,1
57032,54738,81975,111770,139007,136713,1
28165,17737,96241,45902,124406,113978,0
52092,2326,1236,54418,53328,3562,0
40747,44039,11531,84786,52278,55570,1
73729,87065,25931,160794,99660,112996,1
7064,79271,32142,86335,39206,111413,0
76318,41886,9364,118204,85682,51250,0
10999,81298,73942,92297,84941,155240,1
26858,50569,76747,77427,103605,127316,1
44341,24900,84879,69241,129220,109779,0
72639,56693,58370,129332,131009,115063,1
60306,26842,29974,87148,90280,56816,0
42135,46195,68770,88330,110905,114965,1
20315,77910,43988,98225,64303,121898,0
64836,57984,40997,122820,105833,98981,1
78667,71539,38663,150206,117330,110202,1
9876,71843,45798,81719,55674,117641,0
10115,9606,38376,19721,48491,47982,0
94232,6357,97833,100589,192065,104190,1
39083,96354,79162,135437,118245,175516,1
63619,45434,88559,109053,152178,133993,1
78778,50919,23363,129697,102141,74282,0
57589,96245,28177,153834,85766,124422,0
5769,66617,7194,72386,12963,73811,0
27010,96551,86243,123561,113253,182794,1
56827,55726,81163,112553,137990,136889,1
8167,49555,86313,57722,94480,135868,0
28527,56825,24836,85352,53363,81661,0
89797,47175,84202,136972,173999,131377,1
99795,30305,47276,130100,147071,77581,0
14716,74782,47725,89498,62441,122507,0
8638,31385,56682,40023,65320,88067,0
18159,27238,69146,45397,87305,96384,0
64966,21135,12568,86101,77534,33703,0
73410,26302,64194,99712,137604,90496,1
94088,9088,65646,103176,159734,74734,0
47886,26663,79458,74549,127344,106121,0
65840,33191,21573,99031,87413,54764,0
84366,94426,18941,178792,103307,113367,1
72749,54363,34623,127112,107372,88986,1
14729,30254,50141,44983,64870,80395,0
30914,95977,3871,126891,34785,99848,0
53489,73437,31749,126926,85238,105186,1
46462,85050,73715,131512,120177,158765,1
43984,49233,23439,93217,67423,72672,1
58355,97926,71645,156281,130000,169571,1
27276,90966,91104,118242,118380,182070,1
64051,87525,27906,151576,91957,115431,1
18652,99252,56154,117904,74806,155406,0
92965,38089,90876,131054,183841,128965,1
54436,89385,82238,143821,136674,171623,1
46528,78714,77828,125242,124356,156542,1
45895,69098,3388,114993,49283,72486,0
28169,93218,87076,121387,115245,180294,1
92345,74787,54601,167132,146946,129388,1
78622,13702,76512,92324,155134,90214,1
2818,90056,3721,92874,6539,93777,0
22099,97665,69488,119764,91587,167153,0
58554,73013,2556,131567,61110,75569,0
17071,47092,82373,64163,99444,129465,0
38415,24721,72774,63136,111189,97495,0
30323,80854,41688,111177,72011,122542,0
16582,33883,74359,50465,90941,108242,0
64169,58027,70737,122196,134906,128764,1
30153,50227,83746,80380,113899,133973,0
67950,5307,57429,73257,125379,62736,0
91490,96374,10537,187864,102027,106911,1
13648,2685,91079,16333,104727,93764,0
58855,38738,51264,97593,110119,90002,1
62495,39219,23819,101714,86314,63038,1
49578,30640,5538,80218,55116,36178,0
20391,23109,79917,43500,100308,103026,0
76022,6780,38369,82802,114391,45149,0
38547,84496,51978,123043,90525,136474,1
94879,31672,22174,126551,117053,53846,0
31393,38787,51028,70180,82421,89815,1
89878,87628,73875,177506,163753,161503,1
84233,5880,44365,90113,128598,50245,0
60784,36574,35881,97358,96665,72455,1
30435,17482,12714,47917,43149,30196,0
39133,42704,32068,81837,71201,74772,1
95041,84683,58617,179724,153658,143300,1
12540,29247,15264,41787,27804,44511,0
75266,57842,12636,133108,87902,70478,0
92968,90261,82529,183229,175497,172790,1
88628,25521,83807,114149,172435,109328,1
25999,95800,24890,121799,50889,120690,0
72937,55195,80191,128132,153128,135386,1
17421,91471,78432,108892,95853,169903,1
90512,50067,15333,140579,105845,65400,0
59102,37293,90592,96395,149694,127885,1
38376,81069,2876,119445,41252,83945,0
61130,99080,69287,160210,130417,168367,1
53046,82515,45450,135561,98496,127965,1
50939,14179,82393,65118,133332,96572,0
64263,56350,99060,120613,163323,155410,1
92446,78883,93376,171329,185822,172259,1
76523,79628,31846,156151,108369,111474,1
22493,94962,88233,117455,110726,183195,1
4716,79971,77268,84687,81984,157239,1
15823,85830,12474,101653,28297,98304,0
47013,77864,13003,124877,60016,90867,0
94359,49381,18895,143740,113254,68276,0
76677,94593,78426,171270,155103,173019,1
54923,13094,57166,68017,112089,70260,1
83346,21312,53483,104658,136829,74795,0
44806,91439,53588,136245,98394,145027,1
6807,44041,71982,50848,78789,116023,0
21898,84285,1937,106183,23835,86222,0
69424,17823,37004,87247,106428,54827,0
67314,21551,82729,88865,150043,104280,1
71775,67429,10651,139204,82426,78080,1
37926,93229,43161,131155,81087,136390,0
58775,22848,49722,81623,108497,72570,1
58039,88527,69518,146566,127557,158045,1
10229,10978,44713,21207,54942,55691,0
49924,99643,47211,149567,97135,146854,0
32076,67268,17962,99344,50038,85230,0
70950,87327,70861,158277,141811,158188,1
45872,20659,42349,66531,88221,63008,1
36801,38613,32937,75414,69738,71550,1
79709,4943,60172,84652,139881,65115,0
65213,74829,99060,140042,164273,173889,1
82501,95909,94189,178410,176690,190098,1
65220,972,49939,66192,115159,50911,0
58833,81211,37556,140044,96389,118767,1
55521,41091,4847,96612,60368,45938,0
45075,49895,7428,94970,52503,57323,1
70118,62509,659,132627,70777,63168,0
90880,66426,67655,157306,158535,134081,1
37170,39372,46119,76542,83289,85491,1
38142,31343,85737,69485,123879,117080,0
51402,23160,31167,74562,82569,54327,1
40502,27783,22099,68285,62601,49882,1
10683,14986,4452,25669,15135,19438,1
32120,72636,64670,104756,96790,137306,1
12326,52371,48976,64697,61302,101347,1
9793,81882,15782,91675,25575,97664,0
32631,17159,12356,49790,44987,29515,0
58374,72120,66578,130494,124952,138698,1
71250,22581,73849,93831,145099,96430,1
86372,39841,24473,126213,110845,64314,0
90400,29118,36735,119518,127135,65853,0
47473,24325,21051,71798,68524,45376,0
3471,67907,2108,71378,5579,70015,0
42868,73497,41299,116365,84167,114796,1
8406,56847,82128,65253,90534,138975,0
7502,38953,59142,46455,66644,98095,0
87855,36374,65458,124229,153313,101832,1
79693,57903,64190,137596,143883,122093,1
14553,79767,29775,94320,44328,109542,0
37592,31647,59125,69239,96717,90772,1
35516,48904,55311,84420,90827,104215,1
3047,35117,44864,38164,47911,79981,0
60909,62725,20895,123634,81804,83620,1
35072,58013,45953,93085,81025,103966,1
34466,84707,93224,119173,127690,177931,1
71194,71828,90931,143022,162125,162759,1
95825,13555,6437,109380,102262,19992,0
11104,31815,18873,42919,29977,50688,0
56781,4986,49490,61767,106271,54476,0
36658,20790,64485,57448,101143,85275,0
79914,97475,12202,177389,92116,109677,0
91654,6448,21374,98102,113028,27822,0
21481,10533,42168,32014,63649,52701,0
70552,3892,6848,74444,77400,10740,0
86773,64076,74967,150849,161740,139043,1
37474,67361,38892,104835,76366,106253,1
7008,29850,20832,36858,27840,50682,0
79701,770,51972,80471,131673,52742,0
35269,29913,78159,65182,113428,108072,0
31181,96736,57131,127917,88312,153867,0
8521,95955,74795,104476,83316,170750,0
84299,52207,54849,136506,139148,107056,1
5037,52895,67517,57932,72554,120412,0
40869,60473,8247,101342,49116,68720,0
64503,26600,78125,91103,142628,104725,1
83821,48459,72464,132280,156285,120923,1
24842,48661,14018,73503,38860,62679,0
12038,77384,40113,89422,52151,117497,0
97586,82385,75268,179971,172854,157653,1
23648,10137,927,33785,24575,11064,0
68620,70460,18197,139080,86817,88657,1
25826,42883,15735,68709,41561,58618,0
77717,27092,30160,104809,107877,57252,0
32200,27499,15119,59699,47319,42618,1
50994,59851,10100,110845,61094,69951,1
7302,65935,49373,73237,56675,115308,0
84612,28800,15232,113412,99844,44032,0
32769,73765,61856,106534,94625,135621,1
88801,32214,94454,121015,183255,126668,1
17889,15702,81327,33591,99216,97029,0
41324,44081,42048,85405,83372,86129,1
27723,77183,27917,104906,55640,105100,0
71658,24066,18667,95724,90325,42733,0
67108,8320,25109,75428,92217,33429,0
80514,69991,67570,150505,148084,137561,1
56231,6168,73999,62399,130230,80167,0
17204,87087,73275,104291,90479,160362,1
49633,44538,86700,94171,136333,131238,1
59437,81082,37105,140519,96542,118187,1
3699,22110,49873,25809,53572,71983,0
6299,30861,54964,37160,61263,85825,0
67159,6530,30622,73689,97781,37152,0
88608,66789,27004,155397,115612,93793,1
34322,45542,68669,79864,102991,114211,1
86760,1135,39693,87895,126453,40828,0
61092,81713,47767,142805,108859,129480,1
55585,76572,55687,132157,111272,132259,1
25468,15713,8672,41181,34140,24385,0
68935,49816,5809,118751,74744,55625,0
57850,30755,84934,88605,142784,115689,1
58955,13241,14154,72196,73109,27395,0
88736,97405,62052,186141,150788,159457,1
45551,68848,90648,114399,136199,159496,1
60179,91317,45989,151496,106168,137306,1
82938,38998,92953,121936,175891,131951,1
39094,46666,76958,85760,116052,123624,1
37143,12103,75359,49246,112502,87462,0
57129,77008,80599,134137,137728,157607,1
42637,58042,18909,100679,61546,76951,1
50197,21065,67824,71262,118021,88889,1
76997,48835,99140,125832,176137,147975,1
77951,68414,83127,146365,161078,151541,1
43031,37992,11956,81023,54987,49948,1
95149,10622,21910,105771,117059,32532,0
25969,22322,43512,48291,69481,65834,1
82597,64227,1103,146824,83700,65330,0
51923,85748,53769,137671,105692,139517,1
36105,16395,30282,52500,66387,46677,1
17137,91461,310,108598,17447,91771,0
72694,69007,12528,141701,85222,81535,1
88739,88186,62707,176925,151446,150893,1
68229,56966,44783,125195,113012,101749,1
30837,63592,14432,94429,45269,78024,0
27827,82962,35415,110789,63242,118377,0
15319,42482,21135,57801,36454,63617,0
57424,58353,39725,115777,97149,98078,1
3990,92268,21137,96258,25127,113405,0
17658,54635,58975,72293,76633,113610,1
99433,51158,57149,150591,156582,108307,1
45103,13775,60455,58878,105558,74230,0
65674,67563,50844,133237,116518,118407,1
78091,65700,50258,143791,128349,115958,1
68720,8474,82848,77194,151568,91322,0
76048,55647,76292,131695,152340,131939,1
22528,34843,95310,57371,117838,130153,0
20816,87447,16587,108263,37403,104034,0
77920,77556,89906,155476,167826,167462,1
34230,41404,74127,75634,108357,115531,1
22772,45830,86990,68602,109762,132820,0
55339,77235,86332,132574,141671,163567,1
47200,81929,60205,129129,107405,142134,1
98420,85758,40071,184178,138491,125829,1
8489,47409,22525,55898,31014,69934,0
88592,67306,59429,155898,148021,126735,1
57273,66405,65695,123678,122968,132100,1
2574,44466,80341,47040,82915,124807,0
14431,51165,80715,65596,95146,131880,0
11670,92799,74276,104469,85946,167075,0
89039,2691,37363,91730,126402,40054,0
88182,79493,29369,167675,117551,108862,1
31930,25352,95322,57282,127252,120674,0
81211,83016,48152,164227,129363,131168,1
35828,72499,63147,108327,98975,135646,1
46577,33820,96435,80397,143012,130255,0
12466,51331,49580,63797,62046,100911,1
37903,91245,98582,129148,136485,189827,1
21679,27890,84927,49569,106606,112817,0
45482,29255,13858,74737,59340,43113,0
15422,26164,54567,41586,69989,80731,0
66423,45299,9795,111722,76218,55094,0
3798,78761,984,82559,4782,79745,0
14644,60952,10483,75596,25127,71435,0
50487,73157,75437,123644,125924,148594,1
76562,35032,32603,111594,109165,67635,0
9731,54319,27079,64050,36810,81398,0
47258,42768,43148,90026,90406,85916,1
13000,59426,93762,72426,106762,153188,0
99875,23710,77185,123585,177060,100895,1
28784,84298,33719,113082,62503,118017,0
65636,60616,77057,126252,142693,137673,1
69322,13814,89225,83136,158547,103039,0
60331,96119,83718,156450,144049,179837,1
21662,85220,96004,106882,117666,181224,1
56859,84776,16909,141635,73768,101685,0
57343,53318,21896,110661,79239,75214,1
46619,60626,96203,107245,142822,156829,1
56219,67286,50027,123505,106246,117313,1
43201,27510,632,70711,43833,28142,0
51394,14914,44367,66308,95761,59281,1
54373,22953,98741,77326,153114,121694,0
56390,39601,49453,95991,105843,89054,1
60662,24265,83560,84927,144222,107825,1
85301,50405,3739,135706,89040,54144,0
71309,59279,27703,130588,99012,86982,1
88655,15770,66619,104425,155274,82389,0
21218,45884,45476,67102,66694,91360,1
51259,76946,97527,128205,148786,174473,1
18416,62039,65040,80455,83456,127079,1
30711,19041,33040,49752,63751,52081,1
69164,83388,37476,152552,106640,120864,1
23133,58144,99277,81277,122410,157421,0
75625,65578,8021,141203,83646,73599,0
23721,63803,99386,87524,123107,163189,0
18643,75577,45368,94220,64011,120945,0
87424,22892,68968,110316,156392,91860,1
22937,77527,9062,100464,31999,86589,0
20340,40278,58537,60618,78877,98815,1
2203,92667,81447,94870,83650,174114,0
77661,66514,16072,144175,93733,82586,1
16688,97451,15410,114139,32098,112861,0
56777,36716,19866,93493,76643,56582,0
985,48940,91307,49925,92292,140247,0
39015,38490,58099,77505,97114,96589,1
50201,39708,45766,89909,95967,85474,1
82747,21979,33704,104726,116451,55683,0
77705,14234,14392,91939,92097,28626,0
34698,32917,72747,67615,107445,105664,0
30548,23156,95472,53704,126020,118628,0
81209,26951,8026,108160,89235,34977,0
31369,43934,35491,75303,66860,79425,1
98624,27564,89965,126188,188589,117529,1
8152,40268,63517,48420,71669,103785,0
38088,68717,86305,106805,124393,155022,1
57079,31824,332,88903,57411,32156,0
33659,5644,73425,39303,107084,79069,0
98334,27934,98230,126268,196564,126164,1
19161,14034,13880,33195,33041,27914,1
67392,19579,77949,86971,145341,97528,1
13235,77887,43495,91122,56730,121382,0
89847,34238,25521,124085,115368,59759,0
57249,26223,93354,83472,150603,119577,0
67740,22656,21800,90396,89540,44456,0
90462,20471,41247,110933,131709,61718,0
28027,7302,84598,35329,112625,91900,0
27127,51610,87658,78737,114785,139268,0
36831,11796,23419,48627,60250,35215,0
50478,20704,22576,71182,73054,43280,0
24719,94896,40030,119615,64749,134926,0
72321,41711,97808,114032,170129,139519,1
75547,64751,31048,140298,106595,95799,1
45868,7596,4840,53464,50708,12436,0
10545,55874,18851,66419,29396,74725,0
82978,58818,77942,141796,160920,136760,1
38572,75377,16393,113949,54965,91770,0
37210,12435,98804,49645,136014,111239,0
77584,1240,123,78824,77707,1363,0
94171,82937,85523,177108,179694,168460,1
4670,62841,59057,67511,63727,121898,1
61756,38542,55717,100298,117473,94259,1
94024,66683,39471,160707,133495,106154,1
30365,68379,96173,98744,126538,164552,1
33253,61798,38580,95051,71833,100378,1
24975,77115,97405,102090,122380,174520,1
95513,39975,68415,135488,163928,108390,1
63138,29885,28094,93023,91232,57979,0
65997,28884,64725,94881,130722,93609,1
85734,73327,7220,159061,92954,80547,0
68387,44342,46841,112729,115228,91183,1
77498,73005,28906,150503,106404,101911,1
99898,58796,45274,158694,145172,104070,1
4878,46872,84343,51750,89221,131215,0
51323,69983,91663,121306,142986,161646,1
59562,16923,34726,76485,94288,51649,0
7823,48320,73122,56143,80945,121442,0
34527,42425,73406,76952,107933,115831,1
50950,60443,13679,111393,64629,74122,1
22679,41074,62083,63753,84762,103157,1
606,58492,2707,59098,3313,61199,0
123,81249,85997,81372,86120,167246,0
50221,60616,96174,110837,146395,156790,1
48677,11170,26723,59847,75400,37893,0
8198,13657,79480,21855,87678,93137,0
45636,34284,60876,79920,106512,95160,1
36211,28192,59184,64403,95395,87376,1
92089,82708,75434,174797,167523,158142,1
16515,95156,28612,111671,45127,123768,0
60848,44543,21818,105391,82666,66361,1
26684,23012,12822,49696,39506,35834,1
31232,11891,33439,43123,64671,45330,1
50444,76948,5239,127392,55683,82187,0
43075,86049,16238,129124,59313,102287,0
85515,5977,44347,91492,129862,50324,0
31703,20477,75206,52180,106909,95683,0
16987,69280,68260,86267,85247,137540,1
56456,81142,29939,137598,86395,111081,1
56009,22552,84803,78561,140812,107355,0
36257,85721,87626,121978,123883,173347,1
19209,5368,28907,24577,48116,34275,0
30830,45920,45694,76750,76524,91614,1
43391,66548,60335,109939,103726,126883,1
63050,58492,85163,121542,148213,143655,1
44129,31657,79153,75786,123282,110810,0
92403,61488,15791,153891,108194,77279,0
64521,2615,56308,67136,120829,58923,0
29737,10122,34412,39859,64149,44534,1
1349,49584,52116,50933,53465,101700,0
32740,68800,30115,101540,62855,98915,0
66282,79335,65318,145617,131600,144653,1
29523,5166,66877,34689,96400,72043,0
89670,91416,39717,181086,129387,131133,1
40819,33748,15425,74567,56244,49173,1
80147,644,54947,80791,135094,55591,0
38578,42018,21046,80596,59624,63064,1
85609,91332,97762,176941,183371,189094,1
89675,98249,53304,187924,142979,151553,1
12830,86545,73924,99375,86754,160469,1
55885,44276,20284,100161,76169,64560,1
93492,73147,32576,166639,126068,105723,1
44262,51360,97792,95622,142054,149152,0
7963,86948,54370,94911,62333,141318,0
67749,60587,70842,128336,138591,131429,1
19020,95899,33886,114919,52906,129785,0
36365,41417,67490,77782,103855,108907,1
35310,92104,57780,127414,93090,149884,1
92328,81723,78447,174051,170775,160170,1
90791,92080,50841,182871,141632,142921,1
79019,8734,2487,87753,81506,11221,0
22531,55296,37773,77827,60304,93069,1
23386,74058,23851,97444,47237,97909,0
32730,51596,80508,84326,113238,132104,1
32505,63033,7169,95538,39674,70202,0
54737,71928,24721,126665,79458,96649,1
99833,91517,41446,191350,141279,132963,1
18406,12636,83985,31042,102391,96621,0
90084,99840,3481,189924,93565,103321,0
72176,26712,98475,98888,170651,125187,1
52709,44738,3870,97447,56579,48608,0
13372,37901,95404,51273,108776,133305,0
60695,43550,26510,104245,87205,70060,1
33147,74356,42040,107503,75187,116396,1
50518,6745,55613,57263,106131,62358,1
15983,49009,3704,64992,19687,52713,0
80835,60596,80731,141431,161566,141327,1
24746,90126,72871,114872,97617,162997,1
79907,99027,40488,178934,120395,139515,1
15362,12250,13751,27612,29113,26001,1
80346,38149,75717,118495,156063,113866,1
3005,25704,4558,28709,7563,30262,0
59482,46235,8748,105717,68230,54983,0
10822,83286,21109,94108,31931,104395,0
98609,39466,97924,138075,196533,137390,1
63883,92719,21653,156602,85536,114372,0
98230,31300,44627,129530,142857,75927,0
81907,94800,50883,176707,132790,145683,1
5933,30210,44393,36143,50326,74603,0
35298,62763,9187,98061,44485,71950,0
10022,33608,69269,43630,79291,102877,0
11086,47192,97183,58278,108269,144375,0
2456,30888,94550,33344,97006,125438,0
34720,72938,39009,107658,73729,111947,1
62708,31976,21507,94684,84215,53483,0
65979,14475,73029,80454,139008,87504,1
40339,5170,72538,45509,112877,77708,0
64531,33377,11247,97908,75778,44624,0
9932,54501,14485,64433,24417,68986,0
24083,60715,38085,84798,62168,98800,1
1316,6953,58549,8269,59865,65502,0
94453,24589,73574,119042,168027,98163,1
14782,53541,30073,68323,44855,83614,0
48094,65735,69016,113829,117110,134751,1
33474,94088,30380,127562,63854,124468,0
11460,39573,52120,51033,63580,91693,0
44545,52122,57542,96667,102087,109664,1
89473,97314,45131,186787,134604,142445,1
56346,34122,74782,90468,131128,108904,1
55789,46268,70578,102057,126367,116846,1
38944,90623,35337,129567,74281,125960,0
26277,3647,71342,29924,97619,74989,0
29473,24997,29191,54470,58664,54188,1
83274,63188,13936,146462,97210,77124,0
86640,54327,84904,140967,171544,139231,1
46292,90753,70154,137045,116446,160907,1
3882,74232,53921,78114,57803,128153,0
756,41825,46584,42581,47340,88409,0
79456,55801,28137,135257,107593,83938,1
55322,58430,25464,113752,80786,83894,1
26093,63205,17523,89298,43616,80728,0
12599,50706,37681,63305,50280,88387,0
91080,92772,95264,183852,186344,188036,1
60032,8198,51135,68230,111167,59333,0
27025,40756,70073,67781,97098,110829,0
27178,10200,97159,37378,124337,107359,0
28955,6676,16409,35631,45364,23085,0
62181,26299,17301,88480,79482,43600,0
73196,72865,14430,146061,87626,87295,1
68091,53995,9194,122086,77285,63189,0
50331,96934,36166,147265,86497,133100,0
5868,87640,51821,93508,57689,139461,0
74408,17951,18259,92359,92667,36210,0
11592,80315,59160,91907,70752,139475,0
90685,91742,17843,182427,108528,109585,1
83118,57793,83540,140911,166658,141333,1
32153,39726,68454,71879,100607,108180,1
60570,70083,17407,130653,77977,87490,1
63878,30734,70664,94612,134542,101398,1
61677,40332,45646,102009,107323,85978,1
40438,60745,44037,101183,84475,104782,1
49180,81216,36386,130396,85566,117602,1
11628,23603,74208,35231,85836,97811,0
88209,37016,64245,125225,152454,101261,1
78058,68016,74391,146074,152449,142407,1
73154,10281,79128,83435,152282,89409,1
94572,71075,60526,165647,155098,131601,1
98505,68590,22924,167095,121429,91514,0
94446,99196,98894,193642,193340,198090,1
62429,59548,54760,121977,117189,114308,1
20822,51861,4576,72683,25398,56437,0
19520,97782,44608,117302,64128,142390,0
31215,23371,78007,54586,109222,101378,0
48422,88713,28788,137135,77210,117501,0
82535,24550,6928,107085,89463,31478,0
38674,798,3065,39472,41739,3863,0
53118,97891,76737,151009,129855,174628,1
93495,78652,48975,172147,142470,127627,1
2012,91116,21257,93128,23269,112373,0
40320,8792,23101,49112,63421,31893,0
73402,73836,97220,147238,170622,171056,1
84592,10460,13045,95052,97637,23505,0
16393,37939,6864,54332,23257,44803,0
74330,32139,60757,106469,135087,92896,1
7431,53739,48471,61170,55902,102210,1
34005,84734,4508,118739,38513,89242,0
48180,26958,16377,75138,64557,43335,0
89393,73893,91283,163286,180676,165176,1
25572,75727,22892,101299,48464,98619,0
24903,77413,44191,102316,69094,121604,0
16486,40968,73002,57454,89488,113970,0
28123,67166,94646,95289,122769,161812,1
19970,63572,37595,83542,57565,101167,0
75099,13961,48242,89060,123341,62203,0
95876,41243,3484,137119,99360,44727,0
42184,77747,69773,119931,111957,147520,1
38111,32499,67017,70610,105128,99516,1
40298,65350,36976,105648,77274,102326,1
62499,19379,98168,81878,160667,117547,0
8719,92034,17417,100753,26136,109451,0
74501,70483,40613,144984,115114,111096,1
66183,31644,12009,97827,78192,43653,0
47266,93646,72491,140912,119757,166137,1
81645,60025,4323,141670,85968,64348,0
93635,59075,99753,152710,193388,158828,1
28134,77958,85265,106092,113399,163223,1
24165,72947,31770,97112,55935,104717,0
9326,5035,72807,14361,82133,77842,0
57586,30953,8348,88539,65934,39301,0
13710,26415,53252,40125,66962,79667,0
85235,47419,39929,132654,125164,87348,1
55042,82710,26144,137752,81186,108854,0
92716,99824,95568,192540,188284,195392,1
35931,8947,20726,44878,56657,29673,0
14846,77806,31747,92652,46593,109553,0
14519,26176,72300,40695,86819,98476,0
34689,90116,82329,124805,117018,172445,1
79815,18831,45315,98646,125130,64146,0
59760,59228,83099,118988,142859,142327,1
31211,16666,32479,47877,63690,49145,1
84517,96861,38112,181378,122629,134973,1
57846,4693,89373,62539,147219,94066,0
61034,83655,2307,144689,63341,85962,0
6545,14920,39385,21465,45930,54305,0
57668,24900,1281,82568,58949,26181,0
53724,65375,65980,119099,119704,131355,1
70427,20340,85421,90767,155848,105761,1
57137,90879,81148,148016,138285,172027,1
54732,20713,95707,75445,150439,116420,0
99782,15130,33109,114912,132891,48239,0
9343,32293,84322,41636,93665,116615,0
5305,27886,43275,33191,48580,71161,0
78660,54647,72924,133307,151584,127571,1
26160,38212,37980,64372,64140,76192,1
12603,86076,61874,98679,74477,147950,0
23491,33614,29975,57105,53466,63589,1
19435,33488,36198,52923,55633,69686,1
6561,70109,21937,76670,28498,92046,0
25348,58859,85259,84207,110607,144118,0
21053,47494,76223,68547,97276,123717,0
77771,10859,22863,88630,100634,33722,0
13043,47448,35680,60491,48723,83128,1
38348,24991,9327,63339,47675,34318,0
61839,30760,73433,92599,135272,104193,1
86073,87542,39673,173615,125746,127215,1
73321,31564,19593,104885,92914,51157,0
12736,78618,11032,91354,23768,89650,0
51582,68511,78505,120093,130087,147016,1
4581,97464,52500,102045,57081,149964,0
58434,9570,43314,68004,101748,52884,0
99187,83673,20429,182860,119616,104102,1
85599,28471,69419,114070,155018,97890,1
81394,58811,46944,140205,128338,105755,1
5497,53876,53293,59373,58790,107169,1
37563,49608,78870,87171,116433,128478,1
63092,77034,13619,140126,76711,90653,0
62630,95231,40848,157861,103478,136079,1
95624,77324,96207,172948,191831,173531,1
8374,1554,8233,9928,16607,9787,1
80506,54679,13632,135185,94138,68311,0
21421,17512,22872,38933,44293,40384,1
31204,40218,81556,71422,112760,121774,0
49991,61517,52717,111508,102708,114234,1
84062,15462,8522,99524,92584,23984,0
53908,62289,88593,116197,142501,150882,1
29129,11732,35166,40861,64295,46898,1
39889,89418,24023,129307,63912,113441,0
17997,64829,12301,82826,30298,77130,0
47026,3968,82094,50994,129120,86062,0
85289,82207,21421,167496,106710,103628,1
75784,27115,6647,102899,82431,33762,0
26853,41452,37503,68305,64356,78955,1
53013,23948,60039,76961,113052,83987,1
24720,89914,30257,114634,54977,120171,0
14437,72526,28882,86963,43319,101408,0
91320,96149,82613,187469,173933,178762,1
6938,18296,79786,25234,86724,98082,0
38607,38152,93938,76759,132545,132090,0
99015,23857,37220,122872,136235,61077,0
85756,9013,80792,94769,166548,89805,1
56282,59319,45572,115601,101854,104891,1
52435,42514,24955,94949,77390,67469,1
56531,46394,3081,102925,59612,49475,0
42715,50686,6745,93401,49460,57431,0
43947,85657,75034,129604,118981,160691,1
83770,17441,65760,101211,149530,83201,0
68650,91878,38258,160528,106908,130136,1
79708,61038,95107,140746,174815,156145,1
79263,52029,75097,131292,154360,127126,1
89173,73269,49955,162442,139128,123224,1
55204,28953,88268,84157,143472,117221,0
59307,21308,23091,80615,82398,44399,0
60547,65070,99056,125617,159603,164126,1
63039,56074,58977,119113,122016,115051,1
60514,21285,8724,81799,69238,30009,0
44041,42315,14266,86356,58307,56581,1
83859,71490,53273,155349,137132,124763,1
97652,67339,86129,164991,183781,153468,1
71244,66154,53154,137398,124398,119308,1
34472,35172,20049,69644,54521,55221,1
29139,74540,24798,103679,53937,99338,0
41044,64770,33436,105814,74480,98206,1
88502,94204,77930,182706,166432,172134,1
77450,94633,45773,172083,123223,140406,1
59960,82992,29619,142952,89579,112611,1
55601,75650,29312,131251,84913,104962,1
4433,43819,59932,48252,64365,103751,0
68125,30236,54823,98361,122948,85059,1
23143,9281,67115,32424,90258,76396,0
48387,81652,42972,130039,91359,124624,1
18848,91904,74314,110752,93162,166218,1
48850,23986,5659,72836,54509,29645,0
87960,58980,57205,146940,145165,116185,1
9418,69995,79554,79413,88972,149549,0
92641,58468,93157,151109,185798,151625,1
75285,20930,28926,96215,104211,49856,0
94583,19411,15334,113994,109917,34745,0
66486,84171,93744,150657,160230,177915,1
76610,559,46101,77169,122711,46660,0
62780,30151,98456,92931,161236,128607,0
67078,4413,50266,71491,117344,54679,0
65522,30697,68844,96219,134366,99541,1
15296,36108,61001,51404,76297,97109,0
46954,18111,89524,65065,136478,107635,0
95151,41129,65060,136280,160211,106189,1
98890,21152,39162,120042,138052,60314,0
75863,65279,96913,141142,172776,162192,1
84004,25047,85728,109051,169732,110775,1
33621,20695,71103,54316,104724,91798,0
96888,50475,76490,147363,173378,126965,1
68398,77986,66167,146384,134565,144153,1
74121,90622,57097,164743,131218,147719,1
1782,99614,97135,101396,98917,196749,0
76178,18433,53486,94611,129664,71919,0
86470,96662,5899,183132,92369,102561,0
44816,93683,71720,138499,116536,165403,1
38050,83656,39764,121706,77814,123420,0
40667,84848,8023,125515,48690,92871,0
33656,11021,49565,44677,83221,60586,0
82992,47428,56823,130420,139815,104251,1
34396,82445,20433,116841,54829,102878,0
61105,21773,90776,82878,151881,112549,0
91637,46085,42068,137722,133705,88153,0
86381,85195,7813,171576,94194,93008,1
1063,27755,50234,28818,51297,77989,0
28310,12342,14463,40652,42773,26805,0
1563,37973,93235,39536,94798,131208,0
34568,55660,23114,90228,57682,78774,1
79986,89308,96288,169294,176274,185596,1
54713,9403,57971,64116,112684,67374,1
97127,93854,82364,190981,179491,176218,1
11807,44639,92010,56446,103817,136649,0
85420,27965,89245,113385,174665,117210,1
51340,53727,88008,105067,139348,141735,1
14190,91258,47578,105448,61768,138836,0
22684,11428,72166,34112,94850,83594,0
97164,27185,88854,124349,186018,116039,1
86493,9404,90145,95897,176638,99549,1
75363,54083,26260,129446,101623,80343,1
18979,2463,59312,21442,78291,61775,0
24663,74158,40721,98821,65384,114879,0
60859,17410,39790,78269,100649,57200,0
15370,18595,9633,33965,25003,28228,1
21455,51504,45199,72959,66654,96703,1
15062,31731,83922,46793,98984,115653,0
11455,77837,76002,89292,87457,153839,1
64658,5551,77471,70209,142129,83022,0
83252,91295,9955,174547,93207,101250,1
68817,9773,69312,78590,138129,79085,1
7466,39040,87477,46506,94943,126517,0
39246,9143,14943,48389,54189,24086,0
62698,46456,58030,109154,120728,104486,1
45451,46024,84598,91475,130049,130622,1
72893,7624,34924,80517,107817,42548,0
57483,24067,42063,81550,99546,66130,1
78322,33289,72343,111611,150665,105632,1
47397,66728,96779,114125,144176,163507,1
96200,18229,5077,114429,101277,23306,0
67072,71437,28988,138509,96060,100425,1
98346,99820,31045,198166,129391,130865,1
49631,79606,21603,129237,71234,101209,0
17023,94025,63332,111048,80355,157357,0
1651,766,14071,2417,15722,14837,0
52849,27178,42204,80027,95053,69382,1
89310,42373,67248,131683,156558,109621,1
48928,18194,53222,67122,102150,71416,1
98085,69263,37997,167348,136082,107260,1
59230,18798,87921,78028,147151,106719,0
90685,4248,98376,94933,189061,102624,0
1168,48579,60603,49747,61771,109182,0
95440,7810,28516,103250,123956,36326,0
42496,62336,70051,104832,112547,132387,1
63599,22877,85061,86476,148660,107938,1
53500,42489,42888,95989,96388,85377,1
55609,92530,64541,148139,120150,157071,1
80042,19660,67554,99702,147596,87214,1
6745,33122,74638,39867,81383,107760,0
92972,99105,61539,192077,154511,160644,1
93756,79704,46600,173460,140356,126304,1
45769,51819,93082,97588,138851,144901,1
1097,72835,83301,73932,84398,156136,0
72473,68436,58147,140909,130620,126583,1
3896,18659,54308,22555,58204,72967,0
64965,91552,61455,156517,126420,153007,1
1919,57098,13142,59017,15061,70240,0
47267,76874,33153,124141,80420,110027,1
16089,5172,96165,21261,112254,101337,0
98767,9682,6875,108449,105642,16557,0
61784,9434,54161,71218,115945,63595,1
54116,86516,89712,140632,143828,176228,1
20309,50168,32308,70477,52617,82476,1
76082,45109,48964,121191,125046,94073,1
33084,24657,76146,57741,109230,100803,0
40524,73401,84679,113925,125203,158080,1
65967,7315,99792,73282,165759,107107,0
53412,57131,27801,110543,81213,84932,1
62239,49756,88280,111995,150519,138036,1
61541,26043,79342,87584,140883,105385,1
15839,1336,8473,17175,24312,9809,0
12056,21660,25637,33716,37693,47297,1
57999,89881,34472,147880,92471,124353,1
6920,96413,11437,103333,18357,107850,0
3617,16249,75442,19866,79059,91691,0
49838,32151,40409,81989,90247,72560,1
76562,34708,95568,111270,172130,130276,1
17822,52164,52918,69986,70740,105082,1
18246,36159,92092,54405,110338,128251,0
93688,63088,74235,156776,167923,137323,1
32313,93200,34504,125513,66817,127704,0
51063,39993,80174,91056,131237,120167,1
49939,24335,98730,74274,148669,123065,0
15921,10133,75248,26054,91169,85381,0
12147,55117,84595,67264,96742,139712,0
99548,75614,12365,175162,111913,87979,0
17703,9728,7981,27431,25684,17709,1
22169,3237,87918,25406,110087,91155,0
32458,9741,60238,42199,92696,69979,0
8778,81379,16802,90157,25580,98181,0
92188,7,18937,92195,111125,18944,0
29118,1063,72118,30181,101236,73181,0
75407,32775,86669,108182,162076,119444,1
65709,26786,16428,92495,82137,43214,0
55439,29258,92868,84697,148307,122126,0
76689,43760,42052,120449,118741,85812,1
57328,33896,75873,91224,133201,109769,1
47200,40004,41721,87204,88921,81725,1
46315,61242,51092,107557,97407,112334,1
46186,51938,67786,98124,113972,119724,1
25224,89625,76384,114849,101608,166009,1
79441,77110,60724,156551,140165,137834,1
78613,86656,6998,165269,85611,93654,0
25059,47882,26909,72941,51968,74791,1
20547,65808,53634,86355,74181,119442,1
71907,39940,99307,111847,171214,139247,1
99879,73432,30497,173311,130376,103929,1
73947,96509,52826,170456,126773,149335,1
65771,48275,63165,114046,128936,111440,1
1986,8365,9919,10351,11905,18284,1
38732,91401,96534,130133,135266,187935,1
57752,25584,92117,83336,149869,117701,0
20235,81830,95838,102065,116073,177668,1
82696,13739,706,96435,83402,14445,0
14781,18885,71747,33666,86528,90632,0
16517,91471,47809,107988,64326,139280,0
76050,22024,18229,98074,94279,40253,0
18310,6802,60651,25112,78961,67453,0
19209,40448,27419,59657,46628,67867,1
40163,17619,77715,57782,117878,95334,0
94776,8073,5386,102849,100162,13459,0
51625,47623,75630,99248,127255,123253,1
29664,73102,53428,102766,83092,126530,1
27575,966,30864,28541,58439,31830,0
21734,75035,37666,96769,59400,112701,0
67444,18822,29404,86266,96848,48226,0
78487,32206,67928,110693,146415,100134,1
25838,2584,9721,28422,35559,12305,0
48604,31996,88224,80600,136828,120220,0
93424,40258,30888,133682,124312,71146,0
98805,97978,41077,196783,139882,139055,1
53412,44341,7021,97753,60433,51362,0
63634,28421,33391,92055,97025,61812,0
83065,94697,65177,177762,148242,159874,1
1169,13411,17556,14580,18725,30967,0
74333,25228,31359,99561,105692,56587,0
1696,30513,80640,32209,82336,111153,0
77395,35459,93692,112854,171087,129151,1
2092,87164,62096,89256,64188,149260,0
6274,43580,42336,49854,48610,85916,1
97119,74326,71487,171445,168606,145813,1
66254,71684,49400,137938,115654,121084,1
67885,83646,78457,151531,146342,162103,1
23426,31522,21036,54948,44462,52558,1
80780,23236,53113,104016,133893,76349,0
71334,64398,55850,135732,127184,120248,1
62884,14301,34453,77185,97337,48754,0
62325,41631,23499,103956,85824,65130,1
37796,76486,3256,114282,41052,79742,0
72928,22210,88051,95138,160979,110261,1
97509,69923,5946,167432,103455,75869,0
20430,504,79459,20934,99889,79963,0
11438,85041,93083,96479,104521,178124,1
76296,94572,94896,170868,171192,189468,1
38883,17123,85160,56006,124043,102283,0
38684,71844,7275,110528,45959,79119,0
4994,55423,89581,60417,94575,145004,0
74920,21526,58397,96446,133317,79923,1
25212,14276,85838,39488,111050,100114,0
81668,91847,21927,173515,103595,113774,1
53696,89645,33366,143341,87062,123011,0
10696,30422,68229,41118,78925,98651,0
92105,25125,62030,117230,154135,87155,0
85559,25445,72865,111004,158424,98310,1
80573,25405,22479,105978,103052,47884,0
94397,30539,86971,124936,181368,117510,1
68513,36464,31261,104977,99774,67725,0
90765,23498,44258,114263,135023,67756,0
50962,77760,96669,128722,147631,174429,1
86969,66728,29587,153697,116556,96315,1
37655,93848,96132,131503,133787,189980,1
96664,27171,41082,123835,137746,68253,0
94579,74454,98830,169033,193409,173284,1
23950,10432,3106,34382,27056,13538,0
27967,50115,24238,78082,52205,74353,1
97285,22049,29261,119334,126546,51310,0
74325,17771,23652,92096,97977,41423,0
80300,82751,41098,163051,121398,123849,1
90703,33847,91979,124550,182682,125826,1
43231,16872,10606,60103,53837,27478,0
28686,30134,68951,58820,97637,99085,0
37073,22622,49037,59695,86110,71659,1
66245,18889,14608,85134,80853,33497,0
87249,42134,10503,129383,97752,52637,0
80479,75351,96715,155830,177194,172066,1
74312,87748,52696,162060,127008,140444,1
86661,72213,73943,158874,160604,146156,1
46883,78935,18795,125818,65678,97730,0
67959,31040,85974,98999,153933,117014,1
18784,32636,96699,51420,115483,129335,0
44649,53614,33553,98263,78202,87167,1
23059,13264,38641,36323,61700,51905,0
86777,25605,7104,112382,93881,32709,0
69526,73920,64775,143446,134301,138695,1
36999,87472,45754,124471,82753,133226,0
25801,21963,76192,47764,101993,98155,0
72787,59295,52855,132082,125642,112150,1
1793,64874,84592,66667,86385,149466,0
9772,73588,67990,83360,77762,141578,1
42020,44990,48204,87010,90224,93194,1
63649,49274,35142,112923,98791,84416,1
94475,23608,8419,118083,102894,32027,0
82174,45599,93254,127773,175428,138853,1
49493,66164,99996,115657,149489,166160,1
98432,23076,16965,121508,115397,40041,0
37456,19012,95793,56468,133249,114805,0
18136,90814,8478,108950,26614,99292,0
38245,66437,14948,104682,53193,81385,0
89535,43544,12214,133079,101749,55758,0
60031,33150,90754,93181,150785,123904,1
28395,9061,52877,37456,81272,61938,0
70072,89819,59441,159891,129513,149260,1
40525,38832,41725,79357,82250,80557,1
87578,62843,34829,150421,122407,97672,1
45834,11242,5812,57076,51646,17054,0
79243,40190,80189,119433,159432,120379,1
453,8708,74946,9161,75399,83654,0
72648,78730,5434,151378,78082,84164,0
968,19136,49853,20104,50821,68989,0
28525,16629,83589,45154,112114,100218,0
95345,95884,33209,191229,128554,129093,1
64902,39996,42076,104898,106978,82072,1
90360,66368,46918,156728,137278,113286,1
24723,10352,36519,35075,61242,46871,0
34208,7565,79186,41773,113394,86751,0
98189,77211,22004,175400,120193,99215,1
52804,6328,16098,59132,68902,22426,0
66713,20856,37948,87569,104661,58804,0
21787,35038,10898,56825,32685,45936,0
53456,48048,85575,101504,139031,133623,1
99126,93749,33500,192875,132626,127249,1
89270,75956,23394,165226,112664,99350,1
91604,49392,97067,140996,188671,146459,1
43123,89468,3162,132591,46285,92630,0
89894,22030,84183,111924,174077,106213,1
86203,80963,30853,167166,117056,111816,1
49545,39602,96069,89147,145614,135671,0
53360,62663,36084,116023,89444,98747,1
9661,11874,90049,21535,99710,101923,0
51721,29925,83513,81646,135234,113438,0
98522,61088,23813,159610,122335,84901,0
72864,33883,56911,106747,129775,90794,1
82505,69169,14513,151674,97018,83682,1
78964,81922,53209,160886,132173,135131,1
56295,41639,87222,97934,143517,128861,1
23184,84187,81726,107371,104910,165913,1
93939,24597,25064,118536,119003,49661,0
25600,85897,32555,111497,58155,118452,0
29862,7555,45677,37417,75539,53232,0
56623,60250,38729,116873,95352,98979,1
35183,1072,51083,36255,86266,52155,0
91025,15377,94513,106402,185538,109890,1
70326,88507,97267,158833,167593,185774,1
67957,71335,34387,139292,102344,105722,1
72629,99906,41142,172535,113771,141048,1
49431,24812,42739,74243,92170,67551,1
2651,49055,95043,51706,97694,144098,0
34647,13803,92120,48450,126767,105923,0
35531,49276,68615,84807,104146,117891,1
1812,84097,22662,85909,24474,106759,0
81712,82,60039,81794,141751,60121,0
52009,73011,895,125020,52904,73906,0
92659,44088,16585,136747,109244,60673,0
19937,43201,28800,63138,48737,72001,1
31446,30879,76258,62325,107704,107137,0
74950,67,61364,75017,136314,61431,0
77337,57205,14441,134542,91778,71646,0
5693,91215,40346,96908,46039,131561,0
74019,35106,49746,109125,123765,84852,1
43287,4244,66465,47531,109752,70709,0
18373,36234,92070,54607,110443,128304,0
67638,88010,11481,155648,79119,99491,0
43545,87258,77331,130803,120876,164589,1
75735,2721,12552,78456,88287,15273,0
49657,86400,22116,136057,71773,108516,0
29020,63916,32111,92936,61131,96027,0
38335,66049,8888,104384,47223,74937,0
89717,28044,59977,117761,149694,88021,0
30105,19548,68379,49653,98484,87927,0
57775,47645,40779,105420,98554,88424,1
77199,42583,62067,119782,139266,104650,1
10167,15226,5926,25393,16093,21152,1
77898,62892,9052,140790,86950,71944,0
83718,64201,62974,147919,146692,127175,1
78668,11981,26036,90649,104704,38017,0
53129,30796,71301,83925,124430,102097,1
76184,50278,313,126462,76497,50591,0
12115,68622,13100,80737,25215,81722,0
30943,67412,92063,98355,123006,159475,1
8252,11512,82280,19764,90532,93792,0
79780,32452,98434,112232,178214,130886,1
86707,73786,56172,160493,142879,129958,1
13783,70794,84596,84577,98379,155390,0
81302,52327,89533,133629,170835,141860,1
25282,63524,18122,88806,43404,81646,0
97268,74362,66065,171630,163333,140427,1
73103,22334,10933,95437,84036,33267,0
69897,25128,7682,95025,77579,32810,0
84631,29484,45485,114115,130116,74969,0
72927,10727,50975,83654,123902,61702,0
99070,48470,49468,147540,148538,97938,0
10240,71759,35804,81999,46044,107563,0
88143,37527,15463,125670,103606,52990,0
29411,3595,75219,33006,104630,78814,0
7674,38954,42092,46628,49766,81046,1
44923,57565,62252,102488,107175,119817,1
60665,67350,15555,128015,76220,82905,1
79692,78551,39762,158243,119454,118313,1
92920,6662,86770,99582,179690,93432,1
61188,63739,3259,124927,64447,66998,1
48592,97751,80106,146343,128698,177857,1
71167,8334,18235,79501,89402,26569,0
22183,71879,98103,94062,120286,169982,0
88310,25348,56576,113658,144886,81924,0
54762,48613,11838,103375,66600,60451,1
39795,4438,27259,44233,67054,31697,0
75011,90796,68817,165807,143828,159613,1
65747,15241,92992,80988,158739,108233,0
39105,3079,34038,42184,73143,37117,0
85522,86262,47301,171784,132823,133563,1
59096,83465,73274,142561,132370,156739,1
59973,54841,23457,114814,83430,78298,1
17634,98982,21475,116616,39109,120457,0
89045,77043,34731,166088,123776,111774,1
16598,86356,94482,102954,111080,180838,1
87972,18308,68407,106280,156379,86715,0
22782,62995,15649,85777,38431,78644,0
55408,91338,11280,146746,66688,102618,0
27309,70873,45154,98182,72463,116027,1
34647,39631,73672,74278,108319,113303,1
32630,62438,71697,95068,104327,134135,1
14860,79130,30572,93990,45432,109702,0
7025,15616,24822,22641,31847,40438,0
49359,45536,97977,94895,147336,143513,0
38755,15439,6811,54194,45566,22250,0
36809,38230,82970,75039,119779,121200,0
14575,48229,47786,62804,62361,96015,1
45278,95165,29555,140443,74833,124720,0
96205,94187,29232,190392,125437,123419,1
74323,71041,38093,145364,112416,109134,1
51159,55334,24883,106493,76042,80217,1
59757,67095,65597,126852,125354,132692,1
98734,48917,78280,147651,177014,127197,1
14437,446,27217,14883,41654,27663,0
71615,56287,17951,127902,89566,74238,1
30454,28536,19861,58990,50315,48397,1
59275,58461,4208,117736,63483,62669,1
33547,207,97449,33754,130996,97656,0
82598,74375,96960,156973,179558,171335,1
23250,14127,29917,37377,53167,44044,1
413,24869,89711,25282,90124,114580,0
98464,33305,29760,131769,128224,63065,0
59968,32177,3528,92145,63496,35705,0
14489,97697,98654,112186,113143,196351,1
86289,9561,8739,95850,95028,18300,0
86105,97344,22179,183449,108284,119523,1
35029,86050,67999,121079,103028,154049,1
15025,95967,24545,110992,39570,120512,0
97436,11962,69622,109398,167058,81584,0
37085,6871,49412,43956,86497,56283,0
17792,88959,38324,106751,56116,127283,0
330,79484,39651,79814,39981,119135,0
65008,94743,86798,159751,151806,181541,1
1236,21165,80,22401,1316,21245,0
66797,49279,22079,116076,88876,71358,1
59092,72071,9221,131163,68313,81292,0
95082,53128,58198,148210,153280,111326,1
38517,21665,41629,60182,80146,63294,1
73685,57224,88275,130909,161960,145499,1
44291,69332,3142,113623,47433,72474,0
75874,39102,56860,114976,132734,95962,1
23497,74168,31963,97665,55460,106131,0
77246,87786,73639,165032,150885,161425,1
8482,78162,99098,86644,107580,177260,0
38018,52631,21871,90649,59889,74502,1
29068,48923,75442,77991,104510,124365,1
95975,64545,12658,160520,108633,77203,0
57649,36110,35696,93759,93345,71806,1
46417,52740,92413,99157,138830,145153,1
93001,70446,4603,163447,97604,75049,0
75415,78873,41666,154288,117081,120539,1
3781,85445,9770,89226,13551,95215,0
62343,73346,31342,135689,93685,104688,1
80071,92932,69143,173003,149214,162075,1
96724,97850,42213,194574,138937,140063,1
95464,16871,5307,112335,100771,22178,0
42539,67546,3213,110085,45752,70759,0
12252,57357,16847,69609,29099,74204,0
31853,52669,17590,84522,49443,70259,0
38625,51505,6645,90130,45270,58150,0
36442,3649,46342,40091,82784,49991,0
9257,72522,33994,81779,43251,106516,0
79788,32205,57160,111993,136948,89365,1
7947,6597,44770,14544,52717,51367,0
64143,76655,61550,140798,125693,138205,1
11713,93333,8211,105046,19924,101544,0
14714,45669,57527,60383,72241,103196,1
38582,54251,59007,92833,97589,113258,1
56211,5775,92362,61986,148573,98137,0
66163,38406,66594,104569,132757,105000,1
16093,56308,9109,72401,25202,65417,0
15977,5482,4748,21459,20725,10230,0
14706,86632,7216,101338,21922,93848,0
27452,80145,48510,107597,75962,128655,0
16366,60961,85742,77327,102108,146703,0
19363,42047,18169,61410,37532,60216,0
97438,88046,47684,185484,145122,135730,1
10754,21925,4635,32679,15389,26560,0
88748,30470,80374,119218,169122,110844,1
86088,10630,43791,96718,129879,54421,0
38544,68198,61129,106742,99673,129327,1
83903,99155,98061,183058,181964,197216,1
7761,39737,37316,47498,45077,77053,1
28913,61559,77784,90472,106697,139343,1
21089,5164,80212,26253,101301,85376,0
72729,65483,40114,138212,112843,105597,1
92515,1378,8108,93893,100623,9486,0
38298,73887,95732,112185,134030,169619,1
49624,37828,72114,87452,121738,109942,1
31121,62195,28846,93316,59967,91041,0
2935,97802,28273,100737,31208,126075,0
31632,30430,56764,62062,88396,87194,1
24695,72945,97161,97640,121856,170106,1
89544,97176,26883,186720,116427,124059,1
31221,26052,41104,57273,72325,67156,1
50638,60859,32734,111497,83372,93593,1
28810,70277,39145,99087,67955,109422,0
97661,75033,71781,172694,169442,146814,1
60855,9375,30191,70230,91046,39566,0
58338,69640,10390,127978,68728,80030,0
30473,54613,53792,85086,84265,108405,1
27372,5233,10689,32605,38061,15922,0
272,84748,29085,85020,29357,113833,0
33386,27148,1230,60534,34616,28378,0
56817,94609,57032,151426,113849,151641,1
56407,91765,6146,148172,62553,97911,0
2267,29582,19199,31849,21466,48781,0
50206,7906,70735,58112,120941,78641,0
59331,46511,37108,105842,96439,83619,1
24807,84737,75845,109544,100652,160582,1
93727,31023,18362,124750,112089,49385,0
27084,98116,34758,125200,61842,132874,0
35000,76439,73758,111439,108758,150197,1
53328,85966,58967,139294,112295,144933,1
3362,23935,77065,27297,80427,101000,0
68879,24091,90033,92970,158912,114124,1
63759,54371,13595,118130,77354,67966,1
56411,82217,88469,138628,144880,170686,1
72217,98649,78268,170866,150485,176917,1
21308,83214,99628,104522,120936,182842,1
69872,1693,54051,71565,123923,55744,0
66670,17611,94060,84281,160730,111671,0
8646,53116,47321,61762,55967,100437,1
90895,71233,94810,162128,185705,166043,1
48275,17716,66712,65991,114987,84428,0
75257,13419,9935,88676,85192,23354,0
33169,20770,4236,53939,37405,25006,0
90452,37669,95384,128121,185836,133053,1
94803,62874,63609,157677,158412,126483,1
70328,26289,56233,96617,126561,82522,1
31314,22918,96275,54232,127589,119193,0
39896,18381,87336,58277,127232,105717,0
96416,85815,33182,182231,129598,118997,1
57817,25239,10151,83056,67968,35390,0
32723,17202,12647,49925,45370,29849,0
38940,35276,59678,74216,98618,94954,1
78569,33015,24839,111584,103408,57854,0
12822,31401,33131,44223,45953,64532,1
13479,11556,73368,25035,86847,84924,0
65553,51639,9878,117192,75431,61517,0
55548,20103,50808,75651,106356,70911,1
93670,21345,91857,115015,185527,113202,1
42025,67465,22865,109490,64890,90330,0
75983,59718,45018,135701,121001,104736,1
18159,56483,49033,74642,67192,105516,1
31409,35431,38228,66840,69637,73659,1
34623,29047,90999,63670,125622,120046,0
20335,33541,71957,53876,92292,105498,0
4582,50771,53954,55353,58536,104725,1
63280,26952,72431,90232,135711,99383,1
4705,40246,32878,44951,37583,73124,0
12216,35280,33282,47496,45498,68562,1
91266,95281,33647,186547,124913,128928,1
32554,51134,33162,83688,65716,84296,1
42865,4142,75952,47007,118817,80094,0
49510,42429,34166,91939,83676,76595,1
10269,54355,99743,64624,110012,154098,0
74453,8682,98314,83135,172767,106996,0
2507,128,7180,2635,9687,7308,0
14547,27,82197,14574,96744,82224,0
91905,86310,61723,178215,153628,148033,1
75157,76908,98072,152065,173229,174980,1
4556,55052,646,59608,5202,55698,0
82634,62093,40981,144727,123615,103074,1
59969,1274,92885,61243,152854,94159,0
17538,36694,28835,54232,46373,65529,1
91823,33391,91272,125214,183095,124663,1
73144,92122,32503,165266,105647,124625,1
62723,34267,72979,96990,135702,107246,1
79684,30638,78661,110322,158345,109299,1
66248,15635,12981,81883,79229,28616,0
41568,53659,53946,95227,95514,107605,1
96745,14217,49844,110962,146589,64061,0
53286,90654,46002,143940,99288,136656,1
49384,92284,48428,141668,97812,140712,1
78354,64093,61513,142447,139867,125606,1
98973,72837,36461,171810,135434,109298,1
74673,85613,95710,160286,170383,181323,1
77351,13557,53525,90908,130876,67082,0
65537,63152,36760,128689,102297,99912,1
40609,32834,58733,73443,99342,91567,1
77299,28550,48888,105849,126187,77438,1
40662,89681,90132,130343,130794,179813,1
19324,26507,16106,45831,35430,42613,1
79046,19033,99268,98079,178314,118301,0
47524,31394,20751,78918,68275,52145,1
50070,52629,59903,102699,109973,112532,1
99387,29898,74190,129285,173577,104088,1
66418,38542,14332,104960,80750,52874,0
81825,93625,81938,175450,163763,175563,1
92243,30355,57583,122598,149826,87938,0
74086,34193,73427,108279,147513,107620,1
8415,76488,21246,84903,29661,97734,0
90100,14070,8985,104170,99085,23055,0
60550,3833,98774,64383,159324,102607,0
12733,26689,71971,39422,84704,98660,0
36968,15262,16324,52230,53292,31586,0
3086,98088,3718,101174,6804,101806,0
42057,76100,95334,118157,137391,171434,1
67487,17114,81868,84601,149355,98982,1
80183,67520,95248,147703,175431,162768,1
82055,96606,80205,178661,162260,176811,1
53496,34227,53475,87723,106971,87702,1
16824,97578,66734,114402,83558,164312,0
49501,11193,67664,60694,117165,78857,0
24653,76613,81689,101266,106342,158302,1
54283,68075,22496,122358,76779,90571,1
97371,75447,33209,172818,130580,108656,1
91874,75381,65065,167255,156939,140446,1
26671,2571,73272,29242,99943,75843,0
4045,58987,10434,63032,14479,69421,0
43392,99365,32333,142757,75725,131698,0
69467,20863,81115,90330,150582,101978,1
70056,69709,27120,139765,97176,96829,1
97806,520,80447,98326,178253,80967,0
69557,60322,82891,129879,152448,143213,1
28275,11366,87619,39641,115894,98985,0
79481,56440,34642,135921,114123,91082,1
70672,85468,69604,156140,140276,155072,1
71085,36748,75847,107833,146932,112595,1
87658,70179,85803,157837,173461,155982,1
57552,38150,10563,95702,68115,48713,0
52119,971,37938,53090,90057,38909,0
26224,56371,55400,82595,81624,111771,1
90901,28082,99124,118983,190025,127206,1
14470,21152,27265,35622,41735,48417,1
98462,36904,53243,135366,151705,90147,0
46755,22903,99348,69658,146103,122251,0
40986,487,62299,41473,103285,62786,0
9624,33035,29014,42659,38638,62049,1
15585,42120,77326,57705,92911,119446,0
99818,88557,25685,188375,125503,114242,1
47444,79125,50171,126569,97615,129296,1
9562,95465,75607,105027,85169,171072,0
50682,7760,56355,58442,107037,64115,1
86842,3675,90369,90517,177211,94044,1
45866,72450,28221,118316,74087,100671,1
6472,11344,585,17816,7057,11929,0
14042,84313,94491,98355,108533,178804,1
86546,69528,93700,156074,180246,163228,1
27094,65361,84814,92455,111908,150175,1
68912,11606,14629,80518,83541,26235,0
1218,58052,44416,59270,45634,102468,0
83941,35891,87155,119832,171096,123046,1
14978,51098,74794,66076,89772,125892,0
37020,60876,22655,97896,59675,83531,0
27880,63091,23027,90971,50907,86118,0
41642,56756,56830,98398,98472,113586,1
32626,14030,97712,46656,130338,111742,0
3102,4855,49498,7957,52600,54353,0
61485,5467,70422,66952,131907,75889,0
309,77021,87112,77330,87421,164133,0
3363,44820,90544,48183,93907,135364,0
59833,17328,76326,77161,136159,93654,1
83575,85168,27391,168743,110966,112559,1
57930,59723,79622,117653,137552,139345,1
54944,69492,91253,124436,146197,160745,1
2471,33440,39043,35911,41514,72483,0
68974,24410,60352,93384,129326,84762,1
62328,71374,38444,133702,100772,109818,1
33486,97961,51455,131447,84941,149416,0
41639,62542,88615,104181,130254,151157,1
39117,33586,31366,72703,70483,64952,1
2908,87481,41306,90389,44214,128787,0
43922,58449,77673,102371,121595,136122,1
27188,51481,48515,78669,75703,99996,1
19788,92876,55608,112664,75396,148484,0
62824,79190,86108,142014,148932,165298,1
69973,94738,24301,164711,94274,119039,0
88049,3576,26324,91625,114373,29900,0
53618,70468,24435,124086,78053,94903,1
4171,72982,87643,77153,91814,160625,0
79084,77703,15981,156787,95065,93684,1
98989,63093,74203,162082,173192,137296,1
59991,74967,67329,134958,127320,142296,1
66268,66639,5757,132907,72025,72396,1
65582,48970,6354,114552,71936,55324,0
3293,57763,78127,61056,81420,135890,0
19336,70595,48063,89931,67399,118658,0
44168,39933,8794,84101,52962,48727,1
14827,80512,20662,95339,35489,101174,0
5808,10271,23036,16079,28844,33307,0
77983,60061,13303,138044,91286,73364,0
90781,89240,62850,180021,153631,152090,1
70969,61309,72042,132278,143011,133351,1
82238,5109,75013,87347,157251,80122,0
80861,11262,50564,92123,131425,61826,0
33488,47800,21532,81288,55020,69332,1
97257,68274,94986,165531,192243,163260,1
72554,65450,77499,138004,150053,142949,1
38422,63997,64486,102419,102908,128483,1
64907,51285,35922,116192,100829,87207,1
59491,28871,4877,88362,64368,33748,0
17684,88845,58209,106529,75893,147054,0
11527,46037,82307,57564,93834,128344,0
38927,95972,53899,134899,92826,149871,0
80673,99014,61220,179687,141893,160234,1
62164,69525,75103,131689,137267,144628,1
6505,32013,25941,38518,32446,57954,1
32934,41420,56894,74354,89828,98314,1
1290,33002,38116,34292,39406,71118,0
84271,87085,32358,171356,116629,119443,1
89024,48840,35102,137864,124126,83942,0
21698,93112,56915,114810,78613,150027,0
76122,86661,38276,162783,114398,124937,1
69479,88882,28556,158361,98035,117438,1
47187,35606,89800,82793,136987,125406,0
93142,18960,82848,112102,175990,101808,1
23491,31544,26398,55035,49889,57942,1
28233,14444,69606,42677,97839,84050,0
82789,11316,48560,94105,131349,59876,0
51067,80468,52416,131535,103483,132884,1
900,68980,28785,69880,29685,97765,0
22744,37395,28572,60139,51316,65967,1
87581,4229,45032,91810,132613,49261,0
53956,62701,96795,116657,150751,159496,1
65753,68411,93826,134164,159579,162237,1
8842,36293,96289,45135,105131,132582,0
71923,81583,99259,153506,171182,180842,1
520,14942,99511,15462,100031,114453,0
62771,11957,51046,74728,113817,63003,1
39795,17059,8940,56854,48735,25999,0
30226,92407,9721,122633,39947,102128,0
23646,60455,93420,84101,117066,153875,0
36735,28385,72203,65120,108938,100588,0
36655,25531,84690,62186,121345,110221,0
15473,27946,43628,43419,59101,71574,0
65282,74523,43370,139805,108652,117893,1
63650,4680,44973,68330,108623,49653,0
73350,52976,14824,126326,88174,67800,0
33310,82815,51576,116125,84886,134391,1
28268,3672,50784,31940,79052,54456,0
64965,2374,49564,67339,114529,51938,0
30586,34562,35411,65148,65997,69973,1
70434,63697,20972,134131,91406,84669,1
61354,22321,86963,83675,148317,109284,0
35521,74427,82990,109948,118511,157417,1
75509,59772,12649,135281,88158,72421,0
4068,20135,60855,24203,64923,80990,0
63590,32077,16474,95667,80064,48551,0
50351,78929,55470,129280,105821,134399,1
58957,55219,85883,114176,144840,141102,1
64505,92446,8594,156951,73099,101040,0
74539,89265,43726,163804,118265,132991,1
22780,46797,11261,69577,34041,58058,0
57200,48101,33248,105301,90448,81349,1
89293,42206,96345,131499,185638,138551,1
31579,66376,32843,97955,64422,99219,0
97918,65203,14196,163121,112114,79399,0
91745,54044,54195,145789,145940,108239,1
97137,85656,30452,182793,127589,116108,1
56105,79576,98293,135681,154398,177869,1
69420,27204,10000,96624,79420,37204,0
87616,49741,74795,137357,162411,124536,1
98792,27412,90500,126204,189292,117912,1
4801,77828,53859,82629,58660,131687,0
73779,75290,96344,149069,170123,171634,1
26341,50588,92680,76929,119021,143268,0
56635,6146,95388,62781,152023,101534,0
52128,21050,92811,73178,144939,113861,0
21836,2177,41235,24013,63071,43412,0
19155,65766,25022,84921,44177,90788,0
66665,21517,20773,88182,87438,42290,0
80286,71980,92861,152266,173147,164841,1
51899,8008,93851,59907,145750,101859,0
1725,66372,28966,68097,30691,95338,0
68456,50206,54656,118662,123112,104862,1
52017,22609,19311,74626,71328,41920,0
76549,97750,59403,174299,135952,157153,1
31684,68584,34639,100268,66323,103223,0
93225,86318,64758,179543,157983,151076,1
66536,36180,89990,102716,156526,126170,1
33420,97317,54358,130737,87778,151675,0
46189,18689,95632,64878,141821,114321,0
85366,2346,19766,87712,105132,22112,0
89391,68385,30914,157776,120305,99299,1
76014,42530,78608,118544,154622,121138,1
61745,83186,58306,144931,120051,141492,1
41997,3246,36866,45243,78863,40112,0
83579,85711,21072,169290,104651,106783,1
87081,87139,72734,174220,159815,159873,1
24845,11655,64348,36500,89193,76003,0
9724,9456,60371,19180,70095,69827,0
64128,84791,48006,148919,112134,132797,1
94477,87087,95591,181564,190068,182678,1
93579,48911,81920,142490,175499,130831,1
1437,7350,89097,8787,90534,96447,0
64661,8531,86877,73192,151538,95408,0
65167,63322,15915,128489,81082,79237,1
70806,56809,47679,127615,118485,104488,1
13637,70087,95272,83724,108909,165359,0
50173,54823,75730,104996,125903,130553,1
72687,39368,13084,112055,85771,52452,0
24511,23179,12423,47690,36934,35602,1
27164,60222,94611,87386,121775,154833,0
86903,99384,84957,186287,171860,184341,1
6764,34126,54260,40890,61024,88386,0
29773,49486,8743,79259,38516,58229,0
3276,68717,11755,71993,15031,80472,0
59099,9185,17853,68284,76952,27038,0
6281,8700,34230,14981,40511,42930,0
76824,56184,19568,133008,96392,75752,0
55811,29591,51627,85402,107438,81218,1
70149,93976,80861,164125,151010,174837,1
88199,30229,95075,118428,183274,125304,1
61426,11111,7141,72537,68567,18252,0
58407,79662,48046,138069,106453,127708,1
29638,46217,86311,75855,115949,132528,0
52934,9918,40826,62852,93760,50744,0
20204,28723,94738,48927,114942,123461,0
14494,715,9350,15209,23844,10065,0
13790,34630,78475,48420,92265,113105,0
36103,66796,74291,102899,110394,141087,1
80336,72200,71701,152536,152037,143901,1
92722,69851,86176,162573,178898,156027,1
57299,48043,37539,105342,94838,85582,1
87090,58573,76969,145663,164059,135542,1
90151,3382,60401,93533,150552,63783,0
50201,79645,10503,129846,60704,90148,0
23577,83435,35105,107012,58682,118540,0
71987,92554,47883,164541,119870,140437,1
33440,40792,44527,74232,77967,85319,1
54800,11732,17725,66532,72525,29457,0
87720,88253,13870,175973,101590,102123,1
39385,74026,11036,113411,50421,85062,0
78196,7030,3522,85226,81718,10552,0
42098,93159,28861,135257,70959,122020,0
14367,26554,86704,40921,101071,113258,0
7762,78290,99114,86052,106876,177404,0
68279,59921,99797,128200,168076,159718,1
69798,46064,98271,115862,168069,144335,1
90275,42945,97751,133220,188026,140696,1
44144,35643,12372,79787,56516,48015,1
57243,18163,92148,75406,149391,110311,0
94329,39487,12074,133816,106403,51561,0
49443,29549,42362,78992,91805,71911,1
29731,480,83635,30211,113366,84115,0
34436,58686,41063,93122,75499,99749,1
57424,64160,8548,121584,65972,72708,1
70618,39924,41239,110542,111857,81163,1
3602,58324,37378,61926,40980,95702,0
90188,57753,83430,147941,173618,141183,1
48513,19349,55824,67862,104337,75173,1
10946,95216,84986,106162,95932,180202,1
9460,37994,95910,47454,105370,133904,0
59809,34577,26753,94386,86562,61330,1
74129,4195,65359,78324,139488,69554,0
75639,2234,67136,77873,142775,69370,0
8292,47368,71647,55660,79939,119015,0
48989,67720,14175,116709,63164,81895,0
88104,34532,40823,122636,128927,75355,0
7157,3962,39314,11119,46471,43276,0
13389,24478,72485,37867,85874,96963,0
14305,12942,22618,27247,36923,35560,1
70411,86734,21371,157145,91782,108105,1
40124,2082,88205,42206,128329,90287,0
10362,849,22638,11211,33000,23487,0
50118,75417,89668,125535,139786,165085,1
27334,54422,57446,81756,84780,111868,1
73249,45607,58860,118856,132109,104467,1
2192,79990,69566,82182,71758,149556,0
711,99115,50361,99826,51072,149476,0
64976,95707,60162,160683,125138,155869,1
15489,60094,83931,75583,99420,144025,0
71382,39399,83529,110781,154911,122928,1
63161,43866,11029,107027,74190,54895,0
79332,47421,32112,126753,111444,79533,1
3183,45678,67619,48861,70802,113297,0
28532,65195,92499,93727,121031,157694,1
61836,71980,53943,133816,115779,125923,1
66642,79623,57373,146265,124015,136996,1
40506,43789,55234,84295,95740,99023,1
95342,86917,7727,182259,103069,94644,0
26278,48519,22282,74797,48560,70801,1
7722,38423,78941,46145,86663,117364,0
92562,87169,6716,179731,99278,93885,1
8244,49698,42769,57942,51013,92467,1
9718,38505,92743,48223,102461,131248,0
43572,52816,95508,96388,139080,148324,1
31919,30205,42471,62124,74390,72676,1
33150,39868,65938,73018,99088,105806,1
84676,46628,90565,131304,175241,137193,1
99132,52960,17040,152092,116172,70000,0
54202,14161,62464,68363,116666,76625,1
57668,54694,98781,112362,156449,153475,1
74399,42191,91751,116590,166150,133942,1
67648,49194,10309,116842,77957,59503,0
77810,4561,89159,82371,166969,93720,0
49943,88825,43231,138768,93174,132056,1
91151,72608,77436,163759,168587,150044,1
74097,81281,51558,155378,125655,132839,1
54796,93127,77337,147923,132133,170464,1
52939,32605,51097,85544,104036,83702,1
22341,67441,26426,89782,48767,93867,0
56215,15369,96448,71584,152663,111817,0
67201,70681,14560,137882,81761,85241,1
26052,52992,95192,79044,121244,148184,0
54539,38252,33448,92791,87987,71700,1
18407,41993,61189,60400,79596,103182,0
36559,77561,76889,114120,113448,154450,1
37282,81865,73081,119147,110363,154946,1
70648,51376,11463,122024,82111,62839,0
87432,33778,57922,121210,145354,91700,1
52297,21194,24345,73491,76642,45539,0
37134,37070,54633,74204,91767,91703,1
6757,73255,92715,80012,99472,165970,0
95563,85417,12560,180980,108123,97977,1
33427,88867,72015,122294,105442,160882,1
68269,63699,65787,131968,134056,129486,1
10479,16963,57636,27442,68115,74599,0
33011,44959,74732,77970,107743,119691,1
51202,48292,60579,99494,111781,108871,1
95933,36952,724,132885,96657,37676,0
81962,39471,23937,121433,105899,63408,0
36739,57734,71985,94473,108724,129719,1
96415,60138,44268,156553,140683,104406,1
64355,80895,51702,145250,116057,132597,1
19227,64591,75794,83818,95021,140385,1
53939,51912,87599,105851,141538,139511,1
21853,36032,77206,57885,99059,113238,0
16471,28506,66646,44977,83117,95152,0
43282,7822,84733,51104,128015,92555,0
67065,86789,73867,153854,140932,160656,1
28493,50633,80438,79126,108931,131071,0
81315,86205,52440,167520,133755,138645,1
85195,37660,87736,122855,172931,125396,1
35348,63628,58874,98976,94222,122502,1
72807,5374,30149,78181,102956,35523,0
36327,94270,21822,130597,58149,116092,0
45385,76807,45105,122192,90490,121912,1
43464,72461,12768,115925,56232,85229,0
54978,6744,49735,61722,104713,56479,1
76677,62334,7910,139011,84587,70244,0
37979,68939,17427,106918,55406,86366,0
96863,31483,3637,128346,100500,35120,0
33064,88410,48804,121474,81868,137214,0
52389,99812,83511,152201,135900,183323,1
70791,66546,73616,137337,144407,140162,1
11390,3985,50904,15375,62294,54889,0
42157,62415,15935,104572,58092,78350,0
63363,62668,87661,126031,151024,150329,1
13170,661,235,13831,13405,896,0
30420,11291,48181,41711,78601,59472,0
12829,66175,35418,79004,48247,101593,0
10714,67596,12418,78310,23132,80014,0
37998,58012,78865,96010,116863,136877,1
87887,53254,96271,141141,184158,149525,1
94623,31265,11624,125888,106247,42889,0
72523,21338,4728,93861,77251,26066,0
31891,76746,76980,108637,108871,153726,1
49531,53790,2011,103321,51542,55801,0
2690,26669,25940,29359,28630,52609,1
64808,76084,57838,140892,122646,133922,1
58912,3840,442,62752,59354,4282,0
51192,46804,66718,97996,117910,113522,1
59890,67347,21828,127237,81718,89175,1
26982,5224,28447,32206,55429,33671,1
98078,25830,19792,123908,117870,45622,0
97679,87847,99330,185526,197009,187177,1
95299,35637,67063,130936,162362,102700,1
88986,96965,19159,185951,108145,116124,1
47078,554,28854,47632,75932,29408,0
308,22642,79070,22950,79378,101712,0
1206,27822,82236,29028,83442,110058,0
60324,25008,44492,85332,104816,69500,1
24169,26975,76621,51144,100790,103596,0
90706,79987,87300,170693,178006,167287,1
50625,47807,16205,98432,66830,64012,1
4172,7150,35729,11322,39901,42879,0
28775,18300,39815,47075,68590,58115,1
52610,75924,33265,128534,85875,109189,1
28990,80101,82179,109091,111169,162280,1
54357,3619,13758,57976,68115,17377,0
91531,62626,72718,154157,164249,135344,1
71769,26324,97954,98093,169723,124278,1
77324,81786,67118,159110,144442,148904,1
46880,81141,30950,128021,77830,112091,0
1454,75498,33111,76952,34565,108609,0
29048,1392,34134,30440,63182,35526,0
47831,15931,40068,63762,87899,55999,1
57910,16627,31523,74537,89433,48150,0
91871,36058,59162,127929,151033,95220,1
30841,77114,53514,107955,84355,130628,1
78679,10473,82965,89152,161644,93438,1
67250,50753,14252,118003,81502,65005,0
4965,45025,10924,49990,15889,55949,0
32393,86864,59105,119257,91498,145969,1
62928,97862,68759,160790,131687,166621,1
53263,18728,64370,71991,117633,83098,1
25711,45064,78498,70775,104209,123562,0
89816,12300,14590,102116,104406,26890,0
33950,69946,95985,103896,129935,165931,1
96,25112,49733,25208,49829,74845,0
50927,84959,47325,135886,98252,132284,1
38762,71445,70022,110207,108784,141467,1
39725,7446,51126,47171,90851,58572,0
2979,19163,1665,22142,4644,20828,0
64128,99363,63610,163491,127738,162973,1
2255,15998,82904,18253,85159,98902,0
60446,25864,52597,86310,113043,78461,1
16760,3062,3671,19822,20431,6733,0
42254,47386,58400,89640,100654,105786,1
23354,7072,48026,30426,71380,55098,0
96788,88098,277,184886,97065,88375,0
39562,34742,39004,74304,78566,73746,1
29244,95309,76796,124553,106040,172105,1
1152,41425,17037,42577,18189,58462,0
61269,97074,33740,158343,95009,130814,0
4865,86543,73546,91408,78411,160089,0
14022,85712,77487,99734,91509,163199,1
1020,66663,2283,67683,3303,68946,0
61402,49304,54610,110706,116012,103914,1
35036,91954,70003,126990,105039,161957,1
42844,25048,86754,67892,129598,111802,0
71681,52104,90979,123785,162660,143083,1
81030,41097,92851,122127,173881,133948,1
48173,7669,45244,55842,93417,52913,1
29575,8645,35878,38220,65453,44523,1
5866,54504,25948,60370,31814,80452,0
18253,53831,33754,72084,52007,87585,0
1703,77556,85677,79259,87380,163233,0
88620,68016,30489,156636,119109,98505,1
81906,14892,90163,96798,172069,105055,1
58749,68216,46261,126965,105010,114477,1
86009,1079,25583,87088,111592,26662,0
46986,2024,69588,49010,116574,71612,0
69332,13021,39038,82353,108370,52059,0
57010,48054,7613,105064,64623,55667,0
32672,64588,32029,97260,64701,96617,1
25290,57780,12170,83070,37460,69950,0
42974,49695,52283,92669,95257,101978,1
9960,23865,41916,33825,51876,65781,0
84860,8433,97985,93293,182845,106418,0
47203,98694,19676,145897,66879,118370,0
34085,88386,64924,122471,99009,153310,1
98460,99862,41382,198322,139842,141244,1
18877,95142,13384,114019,32261,108526,0
23158,60001,22714,83159,45872,82715,0
71529,52530,12046,124059,83575,64576,0
68720,60549,27493,129269,96213,88042,1
63094,77707,65093,140801,128187,142800,1
76946,67316,14111,144262,91057,81427,1
12031,20539,4920,32570,16951,25459,0
55720,82666,41549,138386,97269,124215,1
1196,81951,77421,83147,78617,159372,0
86086,75912,26693,161998,112779,102605,1
46461,9593,84315,56054,130776,93908,0
68703,75670,29187,144373,97890,104857,1
53575,19215,94651,72790,148226,113866,0
93521,28511,93189,122032,186710,121700,1
39593,15116,41460,54709,81053,56576,1
1369,4080,65904,5449,67273,69984,0
74555,69086,68126,143641,142681,137212,1
35863,31536,11277,67399,47140,42813,1
5030,68520,88376,73550,93406,156896,0
22017,9673,2975,31690,24992,12648,0
95481,19546,10363,115027,105844,29909,0
14241,1784,90682,16025,104923,92466,0
62931,45979,38901,108910,101832,84880,1
19785,36390,1977,56175,21762,38367,0
20586,54471,74769,75057,95355,129240,1
95002,1086,17324,96088,112326,18410,0
59487,23968,84735,83455,144222,108703,0
66234,54836,8090,121070,74324,62926,0
26463,69918,48368,96381,74831,118286,1
82255,30775,61522,113030,143777,92297,1
74885,30642,397,105527,75282,31039,0
69617,6245,86068,75862,155685,92313,0
75120,65671,84400,140791,159520,150071,1
49138,30261,93080,79399,142218,123341,0
49563,69250,30673,118813,80236,99923,1
49406,65384,65728,114790,115134,131112,1
15451,89776,87749,105227,103200,177525,1
38550,53338,62818,91888,101368,116156,1
84903,37832,15512,122735,100415,53344,0
99613,45833,44832,145446,144445,90665,0
67762,94716,7334,162478,75096,102050,0
19205,37593,50712,56798,69917,88305,1
26844,17908,3191,44752,30035,21099,0
58793,34248,50515,93041,109308,84763,1
99377,38154,6579,137531,105956,44733,0
22897,14249,71696,37146,94593,85945,0
14949,77246,66439,92195,81388,143685,1
27927,83511,85600,111438,113527,169111,1
65562,47546,4845,113108,70407,52391,0
17759,32315,2853,50074,20612,35168,0
27651,89468,24634,117119,52285,114102,0
98862,77045,85087,175907,183949,162132,1
53579,79762,50425,133341,104004,130187,1
99666,8909,2814,108575,102480,11723,0
43464,72913,15962,116377,59426,88875,0
20260,45396,81014,65656,101274,126410,0
67602,60572,17291,128174,84893,77863,1
12013,50777,12332,62790,24345,63109,0
10287,14379,13734,24666,24021,28113,1
247,55696,87709,55943,87956,143405,0
87932,85747,77240,173679,165172,162987,1
93587,13106,60139,106693,153726,73245,0
86698,89423,94914,176121,181612,184337,1
47910,75,65624,47985,113534,65699,0
46991,7106,70042,54097,117033,77148,0
20897,61428,50453,82325,71350,111881,1
83299,86744,129,170043,83428,86873,0
7620,25707,4762,33327,12382,30469,0
77174,80431,27166,157605,104340,107597,1
32145,43267,12864,75412,45009,56131,1
48877,68407,25062,117284,73939,93469,1
92327,34627,22151,126954,114478,56778,0
81218,78489,34973,159707,116191,113462,1
24236,82573,62049,106809,86285,144622,1
48987,23423,81466,72410,130453,104889,0
56956,60917,88574,117873,145530,149491,1
31182,80061,44326,111243,75508,124387,0
56108,95040,85595,151148,141703,180635,1
73911,33511,24592,107422,98503,58103,0
9382,71214,82789,80596,92171,154003,0
80773,69874,15933,150647,96706,85807,1
40876,8430,15230,49306,56106,23660,0
84227,30307,87005,114534,171232,117312,1
62917,73978,88421,136895,151338,162399,1
41076,42918,63508,83994,104584,106426,1
83935,22366,34426,106301,118361,56792,0
6469,41343,24163,47812,30632,65506,0
41908,19741,3347,61649,45255,23088,0
97649,16423,42388,114072,140037,58811,0
65280,24196,9394,89476,74674,33590,0
30613,10585,27824,41198,58437,38409,1
20263,54615,91251,74878,111514,145866,0
96540,72346,49883,168886,146423,122229,1
45344,10593,16644,55937,61988,27237,0
28298,86051,4924,114349,33222,90975,0
47045,68747,59442,115792,106487,128189,1
86340,56546,46321,142886,132661,102867,1
10735,8867,78692,19602,89427,87559,0
20666,42234,38627,62900,59293,80861,1
72153,26421,69011,98574,141164,95432,1
59014,50821,60220,109835,119234,111041,1
70852,51926,47444,122778,118296,99370,1
4298,8020,39064,12318,43362,47084,0
51583,89255,86064,140838,137647,175319,1
34570,79970,54644,114540,89214,134614,1
36380,21032,53499,57412,89879,74531,1
48408,32455,41744,80863,90152,74199,1
37772,87294,44127,125066,81899,131421,0
92855,77709,72260,170564,165115,149969,1
13549,66574,68694,80123,82243,135268,1
97476,54641,50676,152117,148152,105317,1
50631,51361,31130,101992,81761,82491,1
95081,16244,68442,111325,163523,84686,0
53627,57,18811,53684,72438,18868,0
81596,19300,17609,100896,99205,36909,0
29339,94462,34676,123801,64015,129138,0
17935,99716,6931,117651,24866,106647,0
61271,19141,53994,80412,115265,73135,1
32210,58472,26427,90682,58637,84899,1
63972,31418,58833,95390,122805,90251,1
31644,86268,73031,117912,104675,159299,1
94729,79978,48907,174707,143636,128885,1
36587,63098,65689,99685,102276,128787,1
48365,31304,24593,79669,72958,55897,1
62152,2073,71323,64225,133475,73396,0
97510,89299,11664,186809,109174,100963,1
60756,56019,69091,116775,129847,125110,1
49945,84010,91361,133955,141306,175371,1
48665,56631,29389,105296,78054,86020,1
3596,58963,40504,62559,44100,99467,0
42876,60163,49873,103039,92749,110036,1
82254,2841,24928,85095,107182,27769,0
21236,11849,38961,33085,60197,50810,0
43204,54633,92269,97837,135473,146902,1
92794,35253,47161,128047,139955,82414,0
65398,24,33740,65422,99138,33764,0
43280,86361,19707,129641,62987,106068,0
82055,88034,37848,170089,119903,125882,1
21674,3503,65051,25177,86725,68554,0
95389,18523,13135,113912,108524,31658,0
70710,7195,72730,77905,143440,79925,1
24294,89156,54414,113450,78708,143570,0
72683,28298,18215,100981,90898,46513,0
70687,91980,41493,162667,112180,133473,1
72034,49823,29390,121857,101424,79213,1
649,46921,70745,47570,71394,117666,0
58770,75545,56803,134315,115573,132348,1
61265,67844,34694,129109,95959,102538,1
80523,53760,9356,134283,89879,63116,0
98803,37657,59321,136460,158124,96978,0
99722,10723,57130,110445,156852,67853,0
55318,80096,24482,135414,79800,104578,0
65748,27716,33404,93464,99152,61120,0
39692,76430,53107,116122,92799,129537,1
86574,68184,22951,154758,109525,91135,1
58832,17734,62045,76566,120877,79779,1
22329,69145,79469,91474,101798,148614,1
63901,90992,66322,154893,130223,157314,1
14425,31518,93177,45943,107602,124695,0
76268,85928,40473,162196,116741,126401,1
78709,17957,77215,96666,155924,95172,1
43469,63689,40241,107158,83710,103930,1
92312,12687,17115,104999,109427,29802,0
87505,62404,79013,149909,166518,141417,1
35722,69575,60266,105297,95988,129841,1
937,30172,25378,31109,26315,55550,0
44633,5423,58108,50056,102741,63531,0
57267,28762,82830,86029,140097,111592,1
65506,37799,49989,103305,115495,87788,1
51836,7161,38093,58997,89929,45254,0
66117,85179,49360,151296,115477,134539,1
49417,16402,92579,65819,141996,108981,0
2998,52696,7831,55694,10829,60527,0
19722,40206,59674,59928,79396,99880,1
50167,58725,21024,108892,71191,79749,1
9783,79131,44631,88914,54414,123762,0
660,339,2178,999,2838,2517,0
65126,19745,23656,84871,88782,43401,0
84438,87578,3664,172016,88102,91242,1
84268,13146,58237,97414,142505,71383,0
10758,1591,18045,12349,28803,19636,0
9930,19283,52958,29213,62888,72241,0
52867,61170,37658,114037,90525,98828,1
42260,77165,42105,119425,84365,119270,1
90003,70214,23615,160217,113618,93829,1
20964,93137,82128,114101,103092,175265,1
8230,35409,66813,43639,75043,102222,0
884,33632,3123,34516,4007,36755,0
89651,27089,33172,116740,122823,60261,0
48733,65784,25201,114517,73934,90985,1
20988,92898,52613,113886,73601,145511,0
1061,74998,95920,76059,96981,170918,0
14511,60577,91026,75088,105537,151603,0
31668,76298,21285,107966,52953,97583,0
26443,58005,83696,84448,110139,141701,1
71312,71143,73132,142455,144444,144275,1
36009,54881,25964,90890,61973,80845,1
18698,43983,16137,62681,34835,60120,0
38676,52750,99240,91426,137916,151990,0
19484,1589,46844,21073,66328,48433,0
48300,88453,25704,136753,74004,114157,0
95185,83190,20706,178375,115891,103896,1
67892,69150,61831,137042,129723,130981,1
58450,92383,36614,150833,95064,128997,1
34001,46905,86591,80906,120592,133496,0
58882,69126,52695,128008,111577,121821,1
88448,80223,64706,168671,153154,144929,1
66926,88128,31417,155054,98343,119545,1
3007,70221,13231,73228,16238,83452,0
31888,97945,79463,129833,111351,177408,1
83687,39673,62722,123360,146409,102395,1
71721,81639,31899,153360,103620,113538,1
4670,51668,45008,56338,49678,96676,0
4998,55092,81308,60090,86306,136400,0
17869,99969,2647,117838,20516,102616,0
69593,36872,6584,106465,76177,43456,0
14883,24939,47807,39822,62690,72746,0
7554,93734,2708,101288,10262,96442,0
27739,88807,91425,116546,119164,180232,1
18151,1182,95445,19333,113596,96627,0
97713,87799,54714,185512,152427,142513,1
89534,46770,41027,136304,130561,87797,0
91280,22863,21621,114143,112901,44484,0
68491,92327,69140,160818,137631,161467,1
20225,46511,7464,66736,27689,53975,0
82764,31923,17897,114687,100661,49820,0
56831,72443,82881,129274,139712,155324,1
20584,71509,13220,92093,33804,84729,0
17612,98386,7946,115998,25558,106332,0
50720,63553,68544,114273,119264,132097,1
22449,71151,78511,93600,100960,149662,1
63036,49951,91753,112987,154789,141704,1
12538,58194,95393,70732,107931,153587,0
55721,81906,65845,137627,121566,147751,1
58761,34270,14991,93031,73752,49261,0
61972,48681,81712,110653,143684,130393,1
56021,70110,31305,126131,87326,101415,1
69769,84813,59034,154582,128803,143847,1
63243,22339,56513,85582,119756,78852,1
58551,26463,28874,85014,87425,55337,0
5023,71854,1147,76877,6170,73001,0
22401,32650,14005,55051,36406,46655,1
30385,36775,95444,67160,125829,132219,0
5150,86781,15965,91931,21115,102746,0
62180,73252,67321,135432,129501,140573,1
25702,99259,7290,124961,32992,106549,0
15463,19373,27010,34836,42473,46383,1
83580,11883,78696,95463,162276,90579,1
45836,33371,27972,79207,73808,61343,1
42092,23200,20971,65292,63063,44171,1
38865,29147,24169,68012,63034,53316,1
73310,51562,55093,124872,128403,106655,1
81167,16746,696,97913,81863,17442,0
64392,78629,93174,143021,157566,171803,1
23807,68966,56348,92773,80155,125314,1
79788,97850,86362,177638,166150,184212,1
65406,2873,70653,68279,136059,73526,0
32495,96286,37767,128781,70262,134053,0
74383,75424,41494,149807,115877,116918,1
39024,47256,46188,86280,85212,93444,1
51816,35365,63344,87181,115160,98709,1
87566,16317,15825,103883,103391,32142,0
94542,86552,4107,181094,98649,90659,0
1733,88543,95221,90276,96954,183764,0
64249,89041,15754,153290,80003,104795,0
7149,18788,56196,25937,63345,74984,0
1003,84783,23045,85786,24048,107828,0
72350,80439,67458,152789,139808,147897,1
35076,94113,9912,129189,44988,104025,0
49811,57767,94305,107578,144116,152072,1
74911,57912,1754,132823,76665,59666,0
37848,89605,9108,127453,46956,98713,0
22196,25270,21936,47466,44132,47206,1
27152,33674,40303,60826,67455,73977,1
2583,21139,45459,23722,48042,66598,0
55090,58511,15208,113601,70298,73719,1
9224,92360,20684,101584,29908,113044,0
73613,28868,44227,102481,117840,73095,0
49872,4300,44728,54172,94600,49028,0
37727,17665,17539,55392,55266,35204,0
95026,83594,85806,178620,180832,169400,1
68958,7441,62581,76399,131539,70022,1
26864,23650,19928,50514,46792,43578,1
85733,48558,40440,134291,126173,88998,1
41684,65059,39131,106743,80815,104190,1
19767,19351,60412,39118,80179,79763,0
14836,36214,10379,51050,25215,46593,0
45176,62928,49164,108104,94340,112092,1
50823,95322,33905,146145,84728,129227,0
80832,54872,16713,135704,97545,71585,0
40351,10064,80213,50415,120564,90277,0
21001,12483,56969,33484,77970,69452,0
71412,96515,75491,167927,146903,172006,1
32308,78405,70557,110713,102865,148962,1
89741,99231,66162,188972,155903,165393,1
83987,27476,6719,111463,90706,34195,0
95074,34833,39038,129907,134112,73871,0
76493,89345,92992,165838,169485,182337,1
35742,354,72827,36096,108569,73181,0
90287,56088,96376,146375,186663,152464,1
47803,80911,70892,128714,118695,151803,1
97062,66675,67207,163737,164269,133882,1
23181,52643,68980,75824,92161,121623,1
85062,25404,13478,110466,98540,38882,0
47475,57564,2802,105039,50277,60366,0
16518,75468,68636,91986,85154,144104,1
6205,18953,90798,25158,97003,109751,0
15915,11470,84688,27385,100603,96158,0
17167,56692,75912,73859,93079,132604,0
91995,39512,91617,131507,183612,131129,1
26027,75779,12936,101806,38963,88715,0
25125,50868,79814,75993,104939,130682,0
51796,2132,54867,53928,106663,56999,0
63491,41820,29652,105311,93143,71472,1
27037,43514,59205,70551,86242,102719,1
37873,76738,74974,114611,112847,151712,1
85027,82853,82219,167880,167246,165072,1
88079,69059,79738,157138,167817,148797,1
96322,19119,72591,115441,168913,91710,0
65519,51797,38206,117316,103725,90003,1
73661,71921,88182,145582,161843,160103,1
9267,71312,54314,80579,63581,125626,0
25774,83128,71373,108902,97147,154501,1
23436,25706,46932,49142,70368,72638,1
43194,1130,69908,44324,113102,71038,0
72352,29204,64698,101556,137050,93902,1
97148,36116,2652,133264,99800,38768,0
71823,43051,74701,114874,146524,117752,1
87366,88999,67216,176365,154582,156215,1
19315,12161,3144,31476,22459,15305,0
64267,97779,77492,162046,141759,175271,1
8725,31544,10233,40269,18958,41777,0
87745,70440,25532,158185,113277,95972,1
36245,74262,11732,110507,47977,85994,0
67921,78738,34846,146659,102767,113584,1
28716,59756,47767,88472,76483,107523,1
98393,79083,72704,177476,171097,151787,1
92651,50803,59022,143454,151673,109825,1
69641,85657,16799,155298,86440,102456,1
52866,3746,42071,56612,94937,45817,0
41376,22048,17471,63424,58847,39519,0
23729,13919,65084,37648,88813,79003,0
16620,8527,65316,25147,81936,73843,0
10716,91445,45995,102161,56711,137440,0
46530,48185,58840,94715,105370,107025,1
77559,10165,2556,87724,80115,12721,0
12566,95346,81285,107912,93851,176631,0
94824,18536,87345,113360,182169,105881,1
36394,64499,70786,100893,107180,135285,1
28296,60011,19637,88307,47933,79648,0
23315,90918,38889,114233,62204,129807,0
22246,25991,69668,48237,91914,95659,0
62627,59492,99518,122119,162145,159010,1
40542,81866,64949,122408,105491,146815,1
95107,15109,11167,110216,106274,26276,0
9641,96045,78483,105686,88124,174528,0
95530,44066,25696,139596,121226,69762,0
30813,43542,5261,74355,36074,48803,0
70331,64639,43396,134970,113727,108035,1
83816,88248,87459,172064,171275,175707,1
38258,41115,55407,79373,93665,96522,1
42703,29194,33293,71897,75996,62487,1
22760,19154,24091,41914,46851,43245,1
17885,94599,1189,112484,19074,95788,0
99398,84234,79247,183632,178645,163481,1
86236,92543,91080,178779,177316,183623,1
42746,74960,35543,117706,78289,110503,1
41788,59436,69946,101224,111734,129382,1
69171,8265,25723,77436,94894,33988,0
40964,41516,13238,82480,54202,54754,1
43669,94570,82840,138239,126509,177410,1
34572,97561,24820,132133,59392,122381,0
47815,47051,4956,94866,52771,52007,1
68704,77349,32320,146053,101024,109669,1
44125,90330,83042,134455,127167,173372,1
44675,7519,73138,52194,117813,80657,0
65331,99288,87314,164619,152645,186602,1
83558,76930,74326,160488,157884,151256,1
53056,63620,56421,116676,109477,120041,1
44553,84233,52645,128786,97198,136878,1
51460,20565,54997,72025,106457,75562,1
86766,27702,56463,114468,143229,84165,0
51113,68532,1570,119645,52683,70102,0
40218,41899,63749,82117,103967,105648,1
40791,17985,21581,58776,62372,39566,0
24429,54547,41974,78976,66403,96521,1
68779,19147,97904,87926,166683,117051,0
3894,15999,92343,19893,96237,108342,0
33290,25101,96384,58391,129674,121485,0
99758,19790,74421,119548,174179,94211,0
47458,35473,97340,82931,144798,132813,0
68172,92571,13024,160743,81196,105595,0
12570,85121,85129,97691,97699,170250,1
18017,7142,71961,25159,89978,79103,0
63850,27883,21508,91733,85358,49391,0
252,60613,59467,60865,59719,120080,0
21322,53902,5092,75224,26414,58994,0
221,5643,52757,5864,52978,58400,0
84940,47746,96272,132686,181212,144018,1
4289,23071,12631,27360,16920,35702,0
21995,16997,49312,38992,71307,66309,0
86420,57195,4955,143615,91375,62150,0
5549,24652,55654,30201,61203,80306,0
68149,99522,27128,167671,95277,126650,0
31856,34199,62450,66055,94306,96649,1
17736,47040,60103,64776,77839,107143,1
53237,47392,62816,100629,116053,110208,1
72482,78863,46025,151345,118507,124888,1
63290,5485,18912,68775,82202,24397,0
70158,62214,92989,132372,163147,155203,1
33676,90972,46203,124648,79879,137175,0
8273,98234,71835,106507,80108,170069,0
34508,9727,40511,44235,75019,50238,1
86006,78435,12359,164441,98365,90794,1
75677,58689,51425,134366,127102,110114,1
18172,32418,25944,50590,44116,58362,1
85,1226,65857,1311,65942,67083,0
10201,80512,84818,90713,95019,165330,1
76073,20503,14492,96576,90565,34995,0
86362,50704,13469,137066,99831,64173,0
48763,1123,66183,49886,114946,67306,0
9799,6323,858,16122,10657,7181,0
66059,75452,80944,141511,147003,156396,1
57577,53266,93997,110843,151574,147263,1
29411,75576,4765,104987,34176,80341,0
90271,14666,78024,104937,168295,92690,1
45,20224,16925,20269,16970,37149,0
30497,56194,52821,86691,83318,109015,1
80164,6881,94066,87045,174230,100947,0
36794,87513,35746,124307,72540,123259,0
80698,74868,85128,155566,165826,159996,1
58146,97403,5742,155549,63888,103145,0
18702,22851,34177,41553,52879,57028,1
46142,15702,64649,61844,110791,80351,0
61366,50524,28554,111890,89920,79078,1
88441,24814,59133,113255,147574,83947,0
14292,37353,55810,51645,70102,93163,0
7795,39277,35149,47072,42944,74426,1
65921,93140,37462,159061,103383,130602,1
83593,6038,85116,89631,168709,91154,1
64908,50977,94557,115885,159465,145534,1
18120,61578,60505,79698,78625,122083,1
16295,44419,28082,60714,44377,72501,0
83822,32449,26042,116271,109864,58491,0
9185,1559,68288,10744,77473,69847,0
88064,50864,70778,138928,158842,121642,1
9149,77803,7406,86952,16555,85209,0
72181,87974,57736,160155,129917,145710,1
44505,55646,45406,100151,89911,101052,1
70926,53125,30083,124051,101009,83208,1
82261,35903,87198,118164,169459,123101,1
23453,34098,22161,57551,45614,56259,1
30215,63759,12691,93974,42906,76450,0
41904,17762,194,59666,42098,17956,0
42326,13216,22962,55542,65288,36178,0
30013,99935,98143,129948,128156,198078,1
42171,80127,82578,122298,124749,162705,1
18259,43348,87270,61607,105529,130618,0
4244,43713,19371,47957,23615,63084,0
25626,37798,89032,63424,114658,126830,0
25410,68392,80295,93802,105705,148687,1
13311,80733,60443,94044,73754,141176,0
4958,86699,447,91657,5405,87146,0
22627,90636,4701,113263,27328,95337,0
71567,55768,53873,127335,125440,109641,1
47525,42071,43174,89596,90699,85245,1
87705,8094,64819,95799,152524,72913,0
86583,47255,79935,133838,166518,127190,1
11626,11822,39229,23448,50855,51051,0
2820,60484,23782,63304,26602,84266,0
13945,66374,95898,80319,109843,162272,0
85657,52777,94926,138434,180583,147703,1
11213,95001,26282,106214,37495,121283,0
62584,60968,91023,123552,153607,151991,1
76897,64418,16075,141315,92972,80493,1
44209,3408,10408,47617,54617,13816,0
3089,32250,16170,35339,19259,48420,0
83543,75431,23760,158974,107303,99191,1
30077,17752,5996,47829,36073,23748,0
6040,36951,56036,42991,62076,92987,0
65697,54520,20150,120217,85847,74670,1
60646,25832,15159,86478,75805,40991,0
35630,54227,67850,89857,103480,122077,1
29663,74414,74123,104077,103786,148537,1
51423,72437,13999,123860,65422,86436,0
8389,21117,45616,29506,54005,66733,0
37805,93611,88480,131416,126285,182091,1
75290,69950,99066,145240,174356,169016,1
5582,35382,91497,40964,97079,126879,0
57324,29818,2472,87142,59796,32290,0
65973,79103,91893,145076,157866,170996,1
60898,88544,49936,149442,110834,138480,1
68873,80645,59015,149518,127888,139660,1
47766,16311,361,64077,48127,16672,0
42391,22212,95671,64603,138062,117883,0
23748,44557,44236,68305,67984,88793,1
51136,27173,27100,78309,78236,54273,1
95922,54957,59717,150879,155639,114674,1
26342,90493,41336,116835,67678,131829,0
33457,28626,99115,62083,132572,127741,0
68309,26568,58451,94877,126760,85019,1
24598,45832,26229,70430,50827,72061,1
39552,78671,78175,118223,117727,156846,1
86251,21694,93710,107945,179961,115404,1
4141,4835,76486,8976,80627,81321,0
9543,85175,48156,94718,57699,133331,0
30926,35817,7227,66743,38153,43044,1
98737,95818,71543,194555,170280,167361,1
21274,36316,70663,57590,91937,106979,0
34536,91661,18683,126197,53219,110344,0
26488,49622,92316,76110,118804,141938,0
81836,16148,92960,97984,174796,109108,1
38711,9988,53481,48699,92192,63469,0
75540,56192,83847,131732,159387,140039,1
66463,64707,97091,131170,163554,161798,1
49624,84185,97562,133809,147186,181747,1
55083,75955,32870,131038,87953,108825,1
52028,42439,64177,94467,116205,106616,1
34262,82766,31963,117028,66225,114729,0
79257,72461,99849,151718,179106,172310,1
80260,46294,22280,126554,102540,68574,0
41817,82862,64482,124679,106299,147344,1
24061,44534,24408,68595,48469,68942,1
41825,44330,73352,86155,115177,117682,1
51978,46700,53230,98678,105208,99930,1
73716,78442,81578,152158,155294,160020,1
96336,43545,8914,139881,105250,52459,0
70766,3808,9731,74574,80497,13539,0
72069,58467,29173,130536,101242,87640,1
55014,38269,32963,93283,87977,71232,1
50876,98928,99120,149804,149996,198048,1
25344,33868,69980,59212,95324,103848,0
92295,76416,77287,168711,169582,153703,1
15933,71031,43542,86964,59475,114573,0
64337,70602,45768,134939,110105,116370,1
45035,37443,95046,82478,140081,132489,0
24575,29880,42531,54455,67106,72411,1
9087,24602,7511,33689,16598,32113,0
99083,93450,53809,192533,152892,147259,1
65476,14912,80791,80388,146267,95703,0
19716,41250,65491,60966,85207,106741,0
40848,89392,25121,130240,65969,114513,0
68250,30912,89069,99162,157319,119981,1
45430,95772,45915,141202,91345,141687,0
31866,69587,10395,101453,42261,79982,0
79131,24281,13531,103412,92662,37812,0
94748,28046,57480,122794,152228,85526,0
66209,4267,14605,70476,80814,18872,0
96700,94398,6829,191098,103529,101227,1
93736,35617,75755,129353,169491,111372,1
88757,92451,37447,181208,126204,129898,1
80072,86602,33547,166674,113619,120149,1
13250,88930,55623,102180,68873,144553,0
75853,42759,49000,118612,124853,91759,1
39342,6137,40433,45479,79775,46570,1
32421,4973,59964,37394,92385,64937,0
7402,36541,4415,43943,11817,40956,0
86513,86568,10562,173081,97075,97130,1
33460,44223,71979,77683,105439,116202,1
51542,22942,52029,74484,103571,74971,1
52097,95797,83950,147894,136047,179747,1
96493,80012,8866,176505,105359,88878,0
64017,81586,85055,145603,149072,166641,1
64654,87323,18243,151977,82897,105566,0
70376,61941,85993,132317,156369,147934,1
83355,23609,11875,106964,95230,35484,0
18594,75733,2511,94327,21105,78244,0
82324,33309,57059,115633,139383,90368,1
85462,97506,37915,182968,123377,135421,1
69154,56499,22450,125653,91604,78949,1
14938,25666,91540,40604,106478,117206,0
86528,38938,80909,125466,167437,119847,1
19701,58741,39314,78442,59015,98055,1
7727,23562,38224,31289,45951,61786,0
67137,70197,56585,137334,123722,126782,1
10733,33274,65698,44007,76431,98972,0
52934,38672,87234,91606,140168,125906,1
6768,76190,63682,82958,70450,139872,0
71740,22138,97203,93878,168943,119341,0
77397,91283,31423,168680,108820,122706,1
63,71585,24816,71648,24879,96401,0
80303,50380,10962,130683,91265,61342,0
75188,53894,88247,129082,163435,142141,1
65975,76157,98539,142132,164514,174696,1
57984,69364,14740,127348,72724,84104,1
9994,67720,36639,77714,46633,104359,0
27713,76618,44725,104331,72438,121343,0
19184,31380,71836,50564,91020,103216,0
6832,78967,12842,85799,19674,91809,0
10706,88702,19841,99408,30547,108543,0
23209,56922,39334,80131,62543,96256,1
42232,49413,51372,91645,93604,100785,1
71590,90660,9729,162250,81319,100389,0
96167,61325,41929,157492,138096,103254,1
63107,58514,69457,121621,132564,127971,1
56813,15050,14579,71863,71392,29629,0
25105,19938,18859,45043,43964,38797,1
40303,79867,34123,120170,74426,113990,0
74219,33459,41444,107678,115663,74903,1
7550,10378,31418,17928,38968,41796,0
27027,37065,79288,64092,106315,116353,0
493,10502,634,10995,1127,11136,0
92575,24354,4010,116929,96585,28364,0
31152,28969,32106,60121,63258,61075,1
57937,65231,76846,123168,134783,142077,1
98545,18927,55778,117472,154323,74705,0
57958,2861,80239,60819,138197,83100,0
23785,64149,6966,87934,30751,71115,0
74698,54093,92544,128791,167242,146637,1
33231,93708,28211,126939,61442,121919,0
26743,89567,40405,116310,67148,129972,0
32920,28361,72664,61281,105584,101025,0
99537,72298,64304,171835,163841,136602,1
68610,90720,8333,159330,76943,99053,0
23837,48819,1651,72656,25488,50470,0
6266,64651,93359,70917,99625,158010,0
42887,57450,56230,100337,99117,113680,1
61361,56208,69834,117569,131195,126042,1
77104,2880,54110,79984,131214,56990,0
41035,99521,19455,140556,60490,118976,0
30927,1261,51087,32188,82014,52348,0
78202,83077,40556,161279,118758,123633,1
38895,24363,20451,63258,59346,44814,1
59244,82517,48759,141761,108003,131276,1
55873,19703,27127,75576,83000,46830,0
88774,56463,58800,145237,147574,115263,1
87370,12726,10103,100096,97473,22829,0
5116,41855,57158,46971,62274,99013,0
12863,50757,34284,63620,47147,85041,0
6587,78630,94142,85217,100729,172772,0
59534,51962,77555,111496,137089,129517,1
36309,42796,40064,79105,76373,82860,1
87088,68476,49955,155564,137043,118431,1
66481,38545,969,105026,67450,39514,0
363,47490,17714,47853,18077,65204,0
13079,50941,94868,64020,107947,145809,0
83582,50212,40729,133794,124311,90941,1
43278,66973,20714,110251,63992,87687,0
7316,60608,12888,67924,20204,73496,0
98003,3331,61611,101334,159614,64942,0
93344,53732,83423,147076,176767,137155,1
79557,25195,90314,104752,169871,115509,1
16262,44442,97220,60704,113482,141662,0
67797,51115,3664,118912,71461,54779,0
89744,27587,96121,117331,185865,123708,1
893,28418,54058,29311,54951,82476,0
12317,49449,32280,61766,44597,81729,0
37872,70314,69544,108186,107416,139858,1
62833,63490,26469,126323,89302,89959,1
65617,36651,9153,102268,74770,45804,0
42756,37261,51027,80017,93783,88288,1
74258,59669,46728,133927,120986,106397,1
31839,5835,75236,37674,107075,81071,0
63365,9855,78564,73220,141929,88419,0
8177,72506,53470,80683,61647,125976,0
32140,49625,72198,81765,104338,121823,1
903,18956,98366,19859,99269,117322,0
61443,59988,23670,121431,85113,83658,1
28514,46360,48281,74874,76795,94641,1
77510,70329,2683,147839,80193,73012,0
41577,65513,87915,107090,129492,153428,1
41326,58287,61629,99613,102955,119916,1
44630,86973,25364,131603,69994,112337,0
83597,68481,49498,152078,133095,117979,1
28130,79232,16268,107362,44398,95500,0
73796,42894,42615,116690,116411,85509,1
22677,30369,84327,53046,107004,114696,0
95509,19732,51003,115241,146512,70735,0
15548,93020,79383,108568,94931,172403,1
57391,27123,68523,84514,125914,95646,1
55500,14277,70138,69777,125638,84415,0
30103,34603,58950,64706,89053,93553,1
48220,59395,72958,107615,121178,132353,1
40336,4149,75739,44485,116075,79888,0
66013,9476,83459,75489,149472,92935,0
9734,13629,71717,23363,81451,85346,0
8871,72524,96248,81395,105119,168772,0
76418,32911,63347,109329,139765,96258,1
15982,64841,66902,80823,82884,131743,1
47589,69567,78719,117156,126308,148286,1
40883,6972,74314,47855,115197,81286,0
49927,58976,73661,108903,123588,132637,1
84130,67393,75451,151523,159581,142844,1
71356,53043,29503,124399,100859,82546,1
80920,1282,79345,82202,160265,80627,0
882,11842,73919,12724,74801,85761,0
40406,2079,3778,42485,44184,5857,0
57689,69344,2215,127033,59904,71559,0
12331,2119,20104,14450,32435,22223,0
9101,68235,28862,77336,37963,97097,0
62475,92733,79970,155208,142445,172703,1
58177,81204,20261,139381,78438,101465,0
46306,16471,93456,62777,139762,109927,0
26796,87319,58754,114115,85550,146073,0
88421,33672,95480,122093,183901,129152,1
34417,70696,53412,105113,87829,124108,1
57811,21940,96522,79751,154333,118462,0
37001,2445,64556,39446,101557,67001,0
50500,41591,17021,92091,67521,58612,1
63594,81969,52319,145563,115913,134288,1
45971,65176,14793,111147,60764,79969,0
30445,47576,8155,78021,38600,55731,0
36430,71697,22860,108127,59290,94557,0
52925,94565,66041,147490,118966,160606,1
51341,16524,99128,67865,150469,115652,0
50772,91072,74717,141844,125489,165789,1
40330,98391,79511,138721,119841,177902,1
70199,50297,58121,120496,128320,108418,1
76637,55897,34603,132534,111240,90500,1
49515,35945,29062,85460,78577,65007,1
56526,66426,37067,122952,93593,103493,1
42641,931,25688,43572,68329,26619,0
9149,56044,9624,65193,18773,65668,0
14755,55069,90044,69824,104799,145113,0
67768,27277,47374,95045,115142,74651,1
69008,49742,96975,118750,165983,146717,1
79953,32924,79216,112877,159169,112140,1
82094,66196,27899,148290,109993,94095,1
80547,74602,78847,155149,159394,153449,1
57578,92157,47368,149735,104946,139525,1
65536,64236,28579,129772,94115,92815,1
97998,51121,26056,149119,124054,77177,0
24013,56212,73765,80225,97778,129977,1
75822,61249,18780,137071,94602,80029,1
84327,43499,4390,127826,88717,47889,0
91460,49253,65413,140713,156873,114666,1
40521,44319,25972,84840,66493,70291,1
53258,10515,3482,63773,56740,13997,0
16834,95682,12075,112516,28909,107757,0
76050,68682,64275,144732,140325,132957,1
78839,82015,26154,160854,104993,108169,1
12720,38296,69266,51016,81986,107562,0
60475,75022,86116,135497,146591,161138,1
10235,81256,53151,91491,63386,134407,0
35951,63432,14414,99383,50365,77846,0
87034,96041,69227,183075,156261,165268,1
43457,97936,31980,141393,75437,129916,0
91982,12346,81809,104328,173791,94155,1
10823,40484,60570,51307,71393,101054,0
48438,39998,41205,88436,89643,81203,1
28836,27656,62850,56492,91686,90506,0
91815,19870,54558,111685,146373,74428,0
24099,6338,49674,30437,73773,56012,0
65840,28550,92501,94390,158341,121051,1
73042,70829,17776,143871,90818,88605,1
78247,72082,82828,150329,161075,154910,1
30204,96219,24482,126423,54686,120701,0
66008,55521,77043,121529,143051,132564,1
54184,35152,54759,89336,108943,89911,1
64770,50860,30990,115630,95760,81850,1
20988,33765,47540,54753,68528,81305,1
93775,18627,63098,112402,156873,81725,0
85662,78102,17636,163764,103298,95738,1
13017,54929,89633,67946,102650,144562,0
78396,99432,97337,177828,175733,196769,1
103,41794,58617,41897,58720,100411,0
10829,2886,85702,13715,96531,88588,0
24639,50626,40598,75265,65237,91224,1
37776,48728,72572,86504,110348,121300,1
45532,91042,97929,136574,143461,188971,1
69577,30214,94340,99791,163917,124554,1
19969,8574,74630,28543,94599,83204,0
42911,27781,17006,70692,59917,44787,1
2040,94800,40158,96840,42198,134958,0
19828,93927,47340,113755,67168,141267,0
62932,16574,11880,79506,74812,28454,0
20161,66591,64806,86752,84967,131397,1
35451,82023,65831,117474,101282,147854,1
88080,39577,96356,127657,184436,135933,1
64949,21281,35452,86230,100401,56733,0
73131,12373,28860,85504,101991,41233,0
14959,5708,47321,20667,62280,53029,0
15441,45735,81720,61176,97161,127455,0
58030,13973,37236,72003,95266,51209,0
78229,94711,26583,172940,104812,121294,1
37218,69304,27005,106522,64223,96309,0
96730,20114,14215,116844,110945,34329,0
7125,49888,89037,57013,96162,138925,0
66384,95602,8150,161986,74534,103752,0
57532,45864,12233,103396,69765,58097,1
38802,21105,61506,59907,100308,82611,0
78048,77756,93112,155804,171160,170868,1
81145,27235,82062,108380,163207,109297,1
64929,87241,19829,152170,84758,107070,0
12332,49868,93524,62200,105856,143392,0
66995,64730,88188,131725,155183,152918,1
98332,68563,78245,166895,176577,146808,1
6790,52681,27304,59471,34094,79985,0
10813,28189,54928,39002,65741,83117,0
6826,71467,74266,78293,81092,145733,1
25686,15823,51766,41509,77452,67589,0
23573,59589,62648,83162,86221,122237,1
98941,39103,3028,138044,101969,42131,0
50140,64787,73548,114927,123688,138335,1
66195,73568,25741,139763,91936,99309,1
56228,61527,38816,117755,95044,100343,1
58825,20938,40271,79763,99096,61209,1
66985,40485,85947,107470,152932,126432,1
72493,83983,5916,156476,78409,89899,0
146,11947,75850,12093,75996,87797,0
70132,89333,64242,159465,134374,153575,1
76400,64319,35473,140719,111873,99792,1
38600,436,72769,39036,111369,73205,0
58690,96939,93581,155629,152271,190520,1
29930,24034,10887,53964,40817,34921,1
85217,50993,4870,136210,90087,55863,0
97729,73082,6097,170811,103826,79179,0
57524,17807,94629,75331,152153,112436,0
26686,93428,82441,120114,109127,175869,1
71893,82265,70498,154158,142391,152763,1
73167,59290,47048,132457,120215,106338,1
48332,20851,90280,69183,138612,111131,0
27170,7196,33844,34366,61014,41040,1
47294,39619,90963,86913,138257,130582,0
89670,14289,3776,103959,93446,18065,0
95560,92231,90175,187791,185735,182406,1
10728,15905,99814,26633,110542,115719,0
83235,76157,91830,159392,175065,167987,1
18687,54165,99084,72852,117771,153249,0
5318,66746,59557,72064,64875,126303,0
91450,84237,61193,175687,152643,145430,1
12758,42088,68118,54846,80876,110206,0
40137,78725,19266,118862,59403,97991,0
77090,63057,36218,140147,113308,99275,1
95180,84243,7871,179423,103051,92114,0
4764,53342,90300,58106,95064,143642,0
60214,69826,96448,130040,156662,166274,1
87474,49813,96568,137287,184042,146381,1
92746,15917,49052,108663,141798,64969,0
59049,37333,9158,96382,68207,46491,0
36198,38500,59338,74698,95536,97838,1
74432,39360,93379,113792,167811,132739,1
86623,62180,66200,148803,152823,128380,1
10473,84555,30952,95028,41425,115507,0
72522,47459,92611,119981,165133,140070,1
63669,34558,63864,98227,127533,98422,1
98052,37757,24476,135809,122528,62233,0
92377,38222,82089,130599,174466,120311,1
25016,90989,59663,116005,84679,150652,0
54690,73744,56533,128434,111223,130277,1
11377,55968,11022,67345,22399,66990,0
11612,35684,6379,47296,17991,42063,0
77243,47304,28655,124547,105898,75959,0
41375,1878,59171,43253,100546,61049,0
86526,64666,90457,151192,176983,155123,1
86365,74289,55928,160654,142293,130217,1
38237,37583,44384,75820,82621,81967,1
19793,60149,58587,79942,78380,118736,1
25459,3471,14677,28930,40136,18148,0
41698,71638,90682,113336,132380,162320,1
56904,47880,21608,104784,78512,69488,1
15383,34583,73077,49966,88460,107660,0
68432,31981,52115,100413,120547,84096,1
47034,1987,54240,49021,101274,56227,0
92154,60416,46088,152570,138242,106504,1
447,46067,47907,46514,48354,93974,0
92452,11957,19800,104409,112252,31757,0
76347,70607,13369,146954,89716,83976,1
44787,81228,50033,126015,94820,131261,1
85834,62348,7602,148182,93436,69950,0
68397,95417,76628,163814,145025,172045,1
92094,91762,76678,183856,168772,168440,1
9453,3591,24065,13044,33518,27656,0
4181,19900,21456,24081,25637,41356,1
20199,99947,49442,120146,69641,149389,0
91291,79655,48984,170946,140275,128639,1
25053,66372,98189,91425,123242,164561,0
31759,678,15460,32437,47219,16138,0
20971,71806,65926,92777,86897,137732,1
21807,72819,54471,94626,76278,127290,1
23213,57450,99663,80663,122876,157113,0
50619,94235,78505,144854,129124,172740,1
93351,59608,26983,152959,120334,86591,0
25640,38578,81311,64218,106951,119889,0
43330,30143,77321,73473,120651,107464,0
36537,52050,26771,88587,63308,78821,1
80030,670,72222,80700,152252,72892,0
11364,13588,28769,24952,40133,42357,0
73208,81043,12198,154251,85406,93241,1
58773,90498,19804,149271,78577,110302,0
62990,47785,11903,110775,74893,59688,0
7108,7980,36477,15088,43585,44457,0
36629,58742,26141,95371,62770,84883,1
41062,7272,85317,48334,126379,92589,0
19220,23583,91128,42803,110348,114711,0
11822,13953,5180,25775,17002,19133,1
69729,89321,95985,159050,165714,185306,1
19522,71148,41593,90670,61115,112741,0
40280,42336,61787,82616,102067,104123,1
7634,19132,51270,26766,58904,70402,0
35229,63367,78268,98596,113497,141635,1
77764,51286,85431,129050,163195,136717,1
33356,95682,48373,129038,81729,144055,0
60380,11473,34897,71853,95277,46370,0
15951,90551,41342,106502,57293,131893,0
66081,3950,83212,70031,149293,87162,0
40397,25268,84693,65665,125090,109961,0
8932,66988,43311,75920,52243,110299,0
16648,42545,80328,59193,96976,122873,0
51989,15230,32677,67219,84666,47907,0
17343,67594,94477,84937,111820,162071,0
35084,8703,26247,43787,61331,34950,0
16541,4867,39698,21408,56239,44565,0
69532,1363,57562,70895,127094,58925,0
27694,97796,83422,125490,111116,181218,1
81426,88898,77127,170324,158553,166025,1
51993,53216,1710,105209,53703,54926,1
45653,51729,73805,97382,119458,125534,1
55236,12070,83738,67306,138974,95808,0
11665,34441,51441,46106,63106,85882,0
12072,52996,9932,65068,22004,62928,0
87299,42442,17239,129741,104538,59681,0
23707,86092,7577,109799,31284,93669,0
16131,4976,58449,21107,74580,63425,0
12776,63620,25178,76396,37954,88798,0
78209,20616,94531,98825,172740,115147,1
71812,39890,51113,111702,122925,91003,1
59032,69221,84793,128253,143825,154014,1
95565,43093,71260,138658,166825,114353,1
29444,31661,2883,61105,32327,34544,1
16689,16046,28663,32735,45352,44709,1
98459,48370,82108,146829,180567,130478,1
73750,67573,74194,141323,147944,141767,1
51174,30341,25398,81515,76572,55739,1
43338,37117,81762,80455,125100,118879,0
97883,72162,93839,170045,191722,166001,1
32252,37404,8234,69656,40486,45638,1
33060,75492,33365,108552,66425,108857,0
56638,89249,71281,145887,127919,160530,1
82749,10974,50645,93723,133394,61619,0
82086,72969,74800,155055,156886,147769,1
99984,65109,98850,165093,198834,163959,1
99022,44416,96722,143438,195744,141138,1
98319,77455,14263,175774,112582,91718,0
86682,32475,61831,119157,148513,94306,1
56834,57365,69331,114199,126165,126696,1
27498,1922,45934,29420,73432,47856,0
30291,62041,26879,92332,57170,88920,0
10651,14765,50274,25416,60925,65039,0
81801,76981,76636,158782,158437,153617,1
15093,92491,2083,107584,17176,94574,0
21492,72843,91608,94335,113100,164451,1
66359,88648,29222,155007,95581,117870,1
2435,53980,83933,56415,86368,137913,0
9827,98530,52383,108357,62210,150913,0
11465,33423,57082,44888,68547,90505,0
56238,90853,22065,147091,78303,112918,0
39903,70211,89780,110114,129683,159991,1
87679,61016,84887,148695,172566,145903,1
35620,63697,94651,99317,130271,158348,1
78348,88405,41985,166753,120333,130390,1
30166,84373,6006,114539,36172,90379,0
24092,56961,56701,81053,80793,113662,1
36080,5976,35826,42056,71906,41802,1
22150,90111,4557,112261,26707,94668,0
55848,80146,59825,135994,115673,139971,1
21248,36789,98662,58037,119910,135451,0
20135,62299,10503,82434,30638,72802,0
5846,82323,84359,88169,90205,166682,1
48388,80704,41877,129092,90265,122581,1
26342,49704,55800,76046,82142,105504,1
45067,99864,27529,144931,72596,127393,0
91709,32496,88454,124205,180163,120950,1
13802,52633,15581,66435,29383,68214,0
43751,87142,88822,130893,132573,175964,1
8105,33407,67803,41512,75908,101210,0
82589,43071,36615,125660,119204,79686,0
71410,82812,55904,154222,127314,138716,1
74906,63459,80000,138365,154906,143459,1
67751,24620,13036,92371,80787,37656,0
39413,18534,18200,57947,57613,36734,0
19675,27133,70092,46808,89767,97225,0
49129,48846,64735,97975,113864,113581,1
52145,65822,67227,117967,119372,133049,1
12891,2834,54344,15725,67235,57178,0
52340,46538,6574,98878,58914,53112,1
16345,46642,45767,62987,62112,92409,1
89217,27128,28100,116345,117317,55228,0
8204,93712,77906,101916,86110,171618,0
45,11836,63034,11881,63079,74870,0
82045,22187,51329,104232,133374,73516,0
85753,49719,30162,135472,115915,79881,0
97338,23076,97711,120414,195049,120787,1
45315,559,20325,45874,65640,20884,0
37726,17207,68645,54933,106371,85852,0
5108,38547,37502,43655,42610,76049,1
38037,49984,42351,88021,80388,92335,1
11544,75640,70913,87184,82457,146553,1
79906,71363,5545,151269,85451,76908,0
14528,66139,46633,80667,61161,112772,0
86167,68809,62010,154976,148177,130819,1
81227,37411,55776,118638,137003,93187,1
24941,60559,61406,85500,86347,121965,1
61605,20575,92818,82180,154423,113393,0
61770,85323,93157,147093,154927,178480,1
28795,76774,8994,105569,37789,85768,0
17929,43880,5417,61809,23346,49297,0
90643,37059,55592,127702,146235,92651,1
636,202,50998,838,51634,51200,0
63368,73470,48003,136838,111371,121473,1
43520,57024,26338,100544,69858,83362,1
96023,45688,12204,141711,108227,57892,0
57630,63045,4838,120675,62468,67883,0
12235,31008,69669,43243,81904,100677,0
47314,60562,82003,107876,129317,142565,1
32170,99780,71868,131950,104038,171648,1
90248,6934,32138,97182,122386,39072,0
55435,10234,60082,65669,115517,70316,1
30003,13949,71594,43952,101597,85543,0
53374,27592,36099,80966,89473,63691,1
25227,32195,6930,57422,32157,39125,0
99265,81572,7907,180837,107172,89479,0
53177,99603,10383,152780,63560,109986,0
52709,60671,91743,113380,144452,152414,1
2721,7099,39108,9820,41829,46207,0
95924,80950,62232,176874,158156,143182,1
48141,17754,60456,65895,108597,78210,1
84373,94130,87572,178503,171945,181702,1
68841,5989,31258,74830,100099,37247,0
90047,76675,64763,166722,154810,141438,1
51152,52529,20129,103681,71281,72658,1
8835,16420,10301,25255,19136,26721,1
74057,64162,3356,138219,77413,67518,0
31994,16782,23432,48776,55426,40214,1
91849,76119,61968,167968,153817,138087,1
80256,97181,68650,177437,148906,165831,1
81895,46242,1146,128137,83041,47388,0
7733,48523,76794,56256,84527,125317,0
57954,49550,64718,107504,122672,114268,1
74986,51522,47617,126508,122603,99139,1
125,77281,35245,77406,35370,112526,0
347,39513,65730,39860,66077,105243,0
8151,65501,33934,73652,42085,99435,0
24270,54384,36034,78654,60304,90418,1
11990,59463,60888,71453,72878,120351,1
2338,49675,2900,52013,5238,52575,0
54477,60587,84039,115064,138516,144626,1
69703,3435,45543,73138,115246,48978,0
6013,56634,11408,62647,17421,68042,0
16698,85756,84585,102454,101283,170341,1
77900,51247,2908,129147,80808,54155,0
49518,80929,39425,130447,88943,120354,1
30127,11901,17868,42028,47995,29769,0
91692,14838,47099,106530,138791,61937,0
98604,9998,57013,108602,155617,67011,0
31772,99936,98671,131708,130443,198607,1
58007,33400,73168,91407,131175,106568,1
88204,27243,74212,115447,162416,101455,1
87021,76102,4190,163123,91211,80292,0
90272,26309,78743,116581,169015,105052,1
8261,35752,24414,44013,32675,60166,0
58343,65127,29232,123470,87575,94359,1
35446,65696,77382,101142,112828,143078,1
21859,37070,9314,58929,31173,46384,0
76261,57665,41375,133926,117636,99040,1
61745,73064,24025,134809,85770,97089,1
99008,1730,29147,100738,128155,30877,0
85566,86192,88788,171758,174354,174980,1
9845,80998,75756,90843,85601,156754,1
73288,38872,57171,112160,130459,96043,1
80147,9918,90845,90065,170992,100763,0
50337,8,26632,50345,76969,26640,0
26573,4593,55256,31166,81829,59849,0
86812,70295,62714,157107,149526,133009,1
81308,58610,254,139918,81562,58864,0
96392,64073,55649,160465,152041,119722,1
81149,12773,22299,93922,103448,35072,0
94505,608,21509,95113,116014,22117,0
68050,56166,18379,124216,86429,74545,1
52564,22755,45279,75319,97843,68034,1
49538,54068,78385,103606,127923,132453,1
66949,15454,12313,82403,79262,27767,0
78420,7984,24228,86404,102648,32212,0
27515,8848,88694,36363,116209,97542,0
60355,7218,64424,67573,124779,71642,1
33399,60410,65062,93809,98461,125472,1
49049,6674,63402,55723,112451,70076,0
632,31916,5103,32548,5735,37019,0
8803,10668,88396,19471,97199,99064,0
91471,99722,44399,191193,135870,144121,1
25327,20100,22631,45427,47958,42731,1
45638,95346,25154,140984,70792,120500,0
35377,44957,18885,80334,54262,63842,1
54392,84834,3971,139226,58363,88805,0
2884,95690,45580,98574,48464,141270,0
52773,69104,72364,121877,125137,141468,1
60733,34926,45678,95659,106411,80604,1
35187,59789,14206,94976,49393,73995,0
74316,14647,27202,88963,101518,41849,0
96781,4521,35705,101302,132486,40226,0
84398,86631,82095,171029,166493,168726,1
77480,32713,91506,110193,168986,124219,1
47881,47964,47496,95845,95377,95460,1
30111,6050,93851,36161,123962,99901,0
93677,48028,34892,141705,128569,82920,0
50281,96697,24502,146978,74783,121199,0
80023,46400,5910,126423,85933,52310,0
92707,62033,5491,154740,98198,67524,0
81445,48605,66449,130050,147894,115054,1
97042,94495,28090,191537,125132,122585,1
78563,71736,7232,150299,85795,78968,1
8615,31745,42398,40360,51013,74143,0
15505,11129,96619,26634,112124,107748,0
58894,22034,35276,80928,94170,57310,0
30915,66781,28493,97696,59408,95274,0
33387,88318,23913,121705,57300,112231,0
75864,67446,97,143310,75961,67543,0
47967,81158,31546,129125,79513,112704,0
58078,48346,67967,106424,126045,116313,1
53400,95486,51602,148886,105002,147088,1
21323,67123,52555,88446,73878,119678,1
61664,40623,32380,102287,94044,73003,1
60040,4213,95682,64253,155722,99895,0
63611,87963,59254,151574,122865,147217,1
17369,97417,70105,114786,87474,167522,0
12848,71338,28153,84186,41001,99491,0
55132,41175,54333,96307,109465,95508,1
20992,20907,78018,41899,99010,98925,0
48923,41921,79580,90844,128503,121501,1
25912,56579,56078,82491,81990,112657,1
77368,56233,19076,133601,96444,75309,0
63208,73718,18172,136926,81380,91890,1
23818,10984,62108,34802,85926,73092,0
17389,79675,54163,97064,71552,133838,0
9897,29050,92437,38947,102334,121487,0
47852,89386,79792,137238,127644,169178,1
15402,52480,15994,67882,31396,68474,0
30145,64410,68535,94555,98680,132945,1
98243,28671,49878,126914,148121,78549,0
16761,20142,94452,36903,111213,114594,0
76278,53285,72799,129563,149077,126084,1
66140,96189,74789,162329,140929,170978,1
6138,75691,99432,81829,105570,175123,0
89022,45122,99792,134144,188814,144914,1
54290,25832,65493,80122,119783,91325,1
44902,43045,21134,87947,66036,64179,1
96525,28338,57564,124863,154089,85902,0
40420,38762,60221,79182,100641,98983,1
70118,67617,13805,137735,83923,81422,1
43509,37374,89339,80883,132848,126713,0
99898,84130,79086,184028,178984,163216,1
12804,23079,94710,35883,107514,117789,0
97582,23114,39793,120696,137375,62907,0
8514,54497,90753,63011,99267,145250,0
75052,97535,53780,172587,128832,151315,1
76390,6108,97893,82498,174283,104001,0
39749,51662,55109,91411,94858,106771,1
72705,75117,61414,147822,134119,136531,1
87696,32612,37572,120308,125268,70184,0
41647,21164,90467,62811,132114,111631,0
41268,43256,25211,84524,66479,68467,1
25394,67,37886,25461,63280,37953,0
70191,5609,92610,75800,162801,98219,0
30305,9483,40475,39788,70780,49958,0
84065,91376,66651,175441,150716,158027,1
34684,2711,75561,37395,110245,78272,0
36741,74341,22103,111082,58844,96444,0
26627,1716,18547,28343,45174,20263,0
67248,87668,35928,154916,103176,123596,1
22545,64457,62430,87002,84975,126887,1
61648,66093,21669,127741,83317,87762,1
24673,60508,21765,85181,46438,82273,0
50957,1694,72955,52651,123912,74649,0
48909,20957,41637,69866,90546,62594,1
23646,3505,45857,27151,69503,49362,0
67117,75421,41536,142538,108653,116957,1
65001,90465,69746,155466,134747,160211,1
80439,77437,96066,157876,176505,173503,1
77537,17087,49143,94624,126680,66230,0
26175,49480,65656,75655,91831,115136,1
99080,52726,63178,151806,162258,115904,1
37277,59853,34900,97130,72177,94753,1
47339,4978,17832,52317,65171,22810,0
87599,4738,84027,92337,171626,88765,1
77851,29476,60420,107327,138271,89896,1
18350,45500,58147,63850,76497,103647,1
274,28030,18535,28304,18809,46565,0
63222,97679,61949,160901,125171,159628,1
13882,22946,85325,36828,99207,108271,0
25600,48395,15421,73995,41021,63816,0
43564,53384,3864,96948,47428,57248,0
65287,97953,50243,163240,115530,148196,1
27768,11014,22996,38782,50764,34010,1
39365,25231,50496,64596,89861,75727,1
15334,7380,60696,22714,76030,68076,0
22344,10639,58296,32983,80640,68935,0
18556,78817,36302,97373,54858,115119,0
59768,47587,63668,107355,123436,111255,1
49471,77708,86048,127179,135519,163756,1
89130,61932,33623,151062,122753,95555,1
43719,57218,93135,100937,136854,150353,1
70572,23684,91440,94256,162012,115124,1
71539,31754,64253,103293,135792,96007,1
5119,84475,26077,89594,31196,110552,0
76274,83477,54639,159751,130913,138116,1
27238,39328,96941,66566,124179,136269,0
49747,91504,77078,141251,126825,168582,1
32371,94391,9614,126762,41985,104005,0
96807,86456,52926,183263,149733,139382,1
32395,92021,49824,124416,82219,141845,0
5324,22180,43967,27504,49291,66147,0
53867,16322,44896,70189,98763,61218,1
69886,24489,69816,94375,139702,94305,1
95630,26255,10622,121885,106252,36877,0
7697,49373,23470,57070,31167,72843,0
48309,16722,60128,65031,108437,76850,1
22718,71625,50446,94343,73164,122071,1
76520,11025,19128,87545,95648,30153,0
32110,56887,8427,88997,40537,65314,0
76865,63142,74650,140007,151515,137792,1
49343,90409,30451,139752,79794,120860,0
41459,94265,5058,135724,46517,99323,0
35333,16539,57301,51872,92634,73840,0
42220,29656,66592,71876,108812,96248,1
33252,33311,18415,66563,51667,51726,1
89871,15766,89252,105637,179123,105018,1
55180,20157,41762,75337,96942,61919,1
7406,82174,97154,89580,104560,179328,0
58963,81919,91773,140882,150736,173692,1
52193,87262,63797,139455,115990,151059,1
27673,53813,52821,81486,80494,106634,1
76689,98872,31744,175561,108433,130616,1
21961,52220,2315,74181,24276,54535,0
26329,4220,48888,30549,75217,53108,0
11900,92991,97211,104891,109111,190202,1
85386,17626,6093,103012,91479,23719,0
97919,58523,49489,156442,147408,108012,1
56982,53974,76907,110956,133889,130881,1
41915,41059,98997,82974,140912,140056,0
1811,77190,20705,79001,22516,97895,0
53110,43229,9107,96339,62217,52336,0
89400,303,71024,89703,160424,71327,0
52695,9495,94558,62190,147253,104053,0
22591,45561,81861,68152,104452,127422,0
8713,1182,96440,9895,105153,97622,0
42433,58628,37320,101061,79753,95948,1
20549,16358,68642,36907,89191,85000,0
21249,99727,73689,120976,94938,173416,0
50862,12773,880,63635,51742,13653,0
71001,48645,19969,119646,90970,68614,0
72269,50724,83142,122993,155411,133866,1
89095,56435,10431,145530,99526,66866,0
33786,21954,12866,55740,46652,34820,1
71805,26613,59903,98418,131708,86516,1
48295,23992,2373,72287,50668,26365,0
31357,48591,54980,79948,86337,103571,1
97302,17273,3604,114575,100906,20877,0
1590,8524,51102,10114,52692,59626,0
18689,48565,79434,67254,98123,127999,0
11586,98349,61157,109935,72743,159506,0
71543,54518,81160,126061,152703,135678,1
34512,46773,47923,81285,82435,94696,1
13659,59887,87721,73546,101380,147608,0
59005,91814,37733,150819,96738,129547,1
95021,62743,42286,157764,137307,105029,1
68825,38444,47192,107269,116017,85636,1
63713,75218,79166,138931,142879,154384,1
19120,23192,4651,42312,23771,27843,1
86305,44658,67200,130963,153505,111858,1
1849,77471,81448,79320,83297,158919,0
21475,4772,2935,26247,24410,7707,0
30149,89381,33508,119530,63657,122889,0
42468,20045,45412,62513,87880,65457,1
68722,67904,16169,136626,84891,84073,1
302,90897,13797,91199,14099,104694,0
61445,13743,83061,75188,144506,96804,0
25914,13436,41604,39350,67518,55040,0
76178,40225,29758,116403,105936,69983,0
58811,27681,99513,86492,158324,127194,0
92377,3723,12070,96100,104447,15793,0
66092,15792,87759,81884,153851,103551,0
11651,4873,23230,16524,34881,28103,0
42393,36534,3342,78927,45735,39876,0
6066,36818,93059,42884,99125,129877,0
2947,94957,22629,97904,25576,117586,0
62637,22235,67503,84872,130140,89738,1
43499,70115,4545,113614,48044,74660,0
76612,51362,7871,127974,84483,59233,0
54062,33684,37159,87746,91221,70843,1
69698,57721,58273,127419,127971,115994,1
3628,55215,97868,58843,101496,153083,0
3880,51582,65532,55462,69412,117114,0
10397,7862,48781,18259,59178,56643,0
38151,50320,88709,88471,126860,139029,0
21051,19994,96348,41045,117399,116342,0
8400,49325,33765,57725,42165,83090,0
24189,5870,18352,30059,42541,24222,1
12356,86189,65158,98545,77514,151347,0
28764,25599,16635,54363,45399,42234,1
16739,49679,9549,66418,26288,59228,0
74794,1315,33681,76109,108475,34996,0
22888,90272,35570,113160,58458,125842,0
81787,39408,70945,121195,152732,110353,1
75079,62325,21875,137404,96954,84200,1
64150,21029,99061,85179,163211,120090,0
46837,182,48216,47019,95053,48398,0
31573,19247,87931,50820,119504,107178,0
13642,8205,58210,21847,71852,66415,0
43398,46612,38067,90010,81465,84679,1
22587,74772,86210,97359,108797,160982,1
59732,75615,34462,135347,94194,110077,1
44388,74215,45673,118603,90061,119888,1
42603,80866,65902,123469,108505,146768,1
59159,60238,6316,119397,65475,66554,1
30460,97278,35833,127738,66293,133111,0
97164,31593,98937,128757,196101,130530,1
28829,60251,82089,89080,110918,142340,1
99719,38444,79321,138163,179040,117765,1
55865,57569,85151,113434,141016,142720,1
46678,9790,66523,56468,113201,76313,0
66552,48687,55637,115239,122189,104324,1
33540,41634,15035,75174,48575,56669,1
7746,7774,31526,15520,39272,39300,0
80550,63221,92323,143771,172873,155544,1
37713,31967,96318,69680,134031,128285,0
94479,7408,74754,101887,169233,82162,0
72583,81336,95730,153919,168313,177066,1
37979,21687,56672,59666,94651,78359,1
89319,26573,88885,115892,178204,115458,1
84651,15165,48196,99816,132847,63361,0
71507,7506,7405,79013,78912,14911,0
64597,22129,79676,86726,144273,101805,1
33940,26902,34413,60842,68353,61315,1
66502,40549,29106,107051,95608,69655,1
16702,36498,73369,53200,90071,109867,0
96391,88967,55215,185358,151606,144182,1
11479,82890,3169,94369,14648,86059,0
59099,91310,67487,150409,126586,158797,1
65587,30518,36037,96105,101624,66555,1
91966,50415,77424,142381,169390,127839,1
17696,85422,76953,103118,94649,162375,1
48631,44415,21917,93046,70548,66332,1
67340,47615,75789,114955,143129,123404,1
83266,55466,65125,138732,148391,120591,1
84141,11380,44948,95521,129089,56328,0
6837,55812,57425,62649,64262,113237,1
49083,73778,22761,122861,71844,96539,0
86711,52888,44884,139599,131595,97772,1
83415,23931,96010,107346,179425,119941,1
44991,9021,58470,54012,103461,67491,0
5809,44325,6306,50134,12115,50631,0
23599,50699,3948,74298,27547,54647,0
92590,25263,11416,117853,104006,36679,0
16586,43326,80554,59912,97140,123880,0
6198,87201,61777,93399,67975,148978,0
21024,6939,17578,27963,38602,24517,1
81259,57652,41648,138911,122907,99300,1
9193,57491,16545,66684,25738,74036,0
56834,78970,48863,135804,105697,127833,1
72167,68395,65220,140562,137387,133615,1
29733,93201,26975,122934,56708,120176,0
89832,57781,3360,147613,93192,61141,0
21726,18225,89641,39951,111367,107866,0
20811,52771,65980,73582,86791,118751,1
77582,42427,2568,120009,80150,44995,0
58471,74935,87377,133406,145848,162312,1
97754,97947,58863,195701,156617,156810,1
27180,23799,70342,50979,97522,94141,0
95911,84911,76174,180822,172085,161085,1
68726,93190,60511,161916,129237,153701,1
7992,83907,86590,91899,94582,170497,1
24148,83284,53720,107432,77868,137004,0
4844,55409,24681,60253,29525,80090,0
92849,93705,55792,186554,148641,149497,1
69869,34328,14906,104197,84775,49234,0
99016,14786,55298,113802,154314,70084,0
24059,66574,58960,90633,83019,125534,1
13064,71662,34790,84726,47854,106452,0
10104,90847,34027,100951,44131,124874,0
97532,51430,64793,148962,162325,116223,1
33199,86667,64385,119866,97584,151052,1
94761,43857,816,138618,95577,44673,0
84630,51191,77008,135821,161638,128199,1
86115,61945,21932,148060,108047,83877,0
85436,83225,16996,168661,102432,100221,1
47593,27578,85873,75171,133466,113451,0
91353,55147,16993,146500,108346,72140,0
73232,89541,8917,162773,82149,98458,0
27252,93122,91718,120374,118970,184840,1
65800,49100,94036,114900,159836,143136,1
76021,81934,98201,157955,174222,180135,1
23489,16582,35134,40071,58623,51716,1
84803,59756,48635,144559,133438,108391,1
68382,83816,85405,152198,153787,169221,1
50420,99591,94403,150011,144823,193994,1
61695,35580,57404,97275,119099,92984,1
62770,55732,44088,118502,106858,99820,1
85068,92522,19369,177590,104437,111891,1
58651,69671,73898,128322,132549,143569,1
49178,84813,48727,133991,97905,133540,1
1279,50819,10243,52098,11522,61062,0
25652,72943,28964,98595,54616,101907,0
90430,55670,98648,146100,189078,154318,1
64854,40031,14394,104885,79248,54425,0
23289,2257,58801,25546,82090,61058,0
61816,54222,65204,116038,127020,119426,1
37600,20750,97531,58350,135131,118281,0
49287,10949,22228,60236,71515,33177,0
58907,96466,2103,155373,61010,98569,0
26933,87739,47656,114672,74589,135395,0
62087,73851,38152,135938,100239,112003,1
69932,86591,58529,156523,128461,145120,1
81342,73117,62052,154459,143394,135169,1
41970,55543,19432,97513,61402,74975,1
54802,45881,29370,100683,84172,75251,1
47514,18559,66767,66073,114281,85326,0
50981,49091,18395,100072,69376,67486,1
62220,15649,85929,77869,148149,101578,0
64389,10545,74019,74934,138408,84564,1
18120,34997,17533,53117,35653,52530,1
66974,91006,84800,157980,151774,175806,1
88720,63117,81158,151837,169878,144275,1
1590,9270,44683,10860,46273,53953,0
13325,8150,50832,21475,64157,58982,0
63501,48622,60998,112123,124499,109620,1
58820,61314,10254,120134,69074,71568,1
78128,85052,85331,163180,163459,170383,1
17651,1799,60764,19450,78415,62563,0
5204,80424,6706,85628,11910,87130,0
47623,81400,42911,129023,90534,124311,1
85833,19728,22286,105561,108119,42014,0
65966,47390,98452,113356,164418,145842,1
97624,70228,17436,167852,115060,87664,0
80734,62541,26713,143275,107447,89254,1
10421,14443,71565,24864,81986,86008,0
84497,61715,62012,146212,146509,123727,1
55076,17648,39611,72724,94687,57259,1
25598,18833,85990,44431,111588,104823,0
54864,91444,38966,146308,93830,130410,1
6499,47561,3742,54060,10241,51303,0
76288,96864,30433,173152,106721,127297,1
23410,94975,9975,118385,33385,104950,0
71974,62896,10537,134870,82511,73433,1
81634,71430,25650,153064,107284,97080,1
24556,2452,16919,27008,41475,19371,0
78100,31631,59391,109731,137491,91022,1
48668,17178,73313,65846,121981,90491,0
56035,46275,58565,102310,114600,104840,1
38842,84573,58552,123415,97394,143125,1
56045,86395,7632,142440,63677,94027,0
66437,75918,58779,142355,125216,134697,1
79355,43260,16209,122615,95564,59469,0
46479,24774,83637,71253,130116,108411,0
8467,71602,8887,80069,17354,80489,0
16236,13732,60031,29968,76267,73763,0
62921,28206,81476,91127,144397,109682,1
58925,72617,31309,131542,90234,103926,1
35285,88436,19801,123721,55086,108237,0
75984,13110,16539,89094,92523,29649,0
50780,16122,57653,66902,108433,73775,1
23795,43908,76534,67703,100329,120442,0
7169,65008,10689,72177,17858,75697,0
7018,4023,84577,11041,91595,88600,0
48386,36001,43948,84387,92334,79949,1
97979,27527,54507,125506,152486,82034,0
29722,59854,47902,89576,77624,107756,1
77708,79359,94672,157067,172380,174031,1
70254,62824,25185,133078,95439,88009,1
97775,53606,95304,151381,193079,148910,1
63637,13028,19936,76665,83573,32964,0
3179,71085,36674,74264,39853,107759,0
14318,13873,7540,28191,21858,21413,1
64219,10861,32041,75080,96260,42902,0
8130,85219,48255,93349,56385,133474,0
92210,71911,32979,164121,125189,104890,1
88796,95622,33288,184418,122084,128910,1
24856,10905,12435,35761,37291,23340,0
25242,66144,71375,91386,96617,137519,1
32990,48895,9969,81885,42959,58864,0
87523,98061,84808,185584,172331,182869,1
30169,44985,37772,75154,67941,82757,1
19385,30217,98162,49602,117547,128379,0
67853,85183,33472,153036,101325,118655,1
18042,94355,26917,112397,44959,121272,0
49055,22856,99488,71911,148543,122344,0
55875,99402,70933,155277,126808,170335,1
39502,55227,42436,94729,81938,97663,1
29300,9289,11257,38589,40557,20546,0
9353,23865,66576,33218,75929,90441,0
42599,77489,30812,120088,73411,108301,0
96872,39264,78054,136136,174926,117318,1
10060,7578,39659,17638,49719,47237,0
27513,20853,91003,48366,118516,111856,0
36163,30311,16055,66474,52218,46366,1
7123,74254,29531,81377,36654,103785,0
18341,23047,90513,41388,108854,113560,0
44670,56700,31923,101370,76593,88623,1
95131,68860,4260,163991,99391,73120,0
91689,1737,29323,93426,121012,31060,0
35910,37447,64412,73357,100322,101859,1
40636,43607,13615,84243,54251,57222,1
33190,69208,3503,102398,36693,72711,0
75849,77142,58419,152991,134268,135561,1
99510,34407,36131,133917,135641,70538,0
95665,23403,56293,119068,151958,79696,0
96253,88617,85763,184870,182016,174380,1
82630,3281,2162,85911,84792,5443,0
18741,71936,17978,90677,36719,89914,0
21475,56190,98680,77665,120155,154870,0
89331,63716,17450,153047,106781,81166,0
10875,91374,61588,102249,72463,152962,0
96733,49248,26542,145981,123275,75790,0
41157,55295,21984,96452,63141,77279,1
43308,16056,18272,59364,61580,34328,0
65009,12536,64317,77545,129326,76853,1
58793,10142,72078,68935,130871,82220,0
39676,17387,27164,57063,66840,44551,1
87909,63092,3066,151001,90975,66158,0
11918,79178,20035,91096,31953,99213,0
8581,45226,3655,53807,12236,48881,0
90680,22098,37296,112778,127976,59394,0
29332,82440,5821,111772,35153,88261,0
14211,94024,79782,108235,93993,173806,0
93986,24171,86374,118157,180360,110545,1
36649,86335,22184,122984,58833,108519,0
28043,93349,11599,121392,39642,104948,0
40004,41972,38464,81976,78468,80436,1
21414,56170,32615,77584,54029,88785,0
67668,71510,10303,139178,77971,81813,1
46237,37620,1630,83857,47867,39250,0
76190,39325,6705,115515,82895,46030,0
44792,73033,82624,117825,127416,155657,1
98611,73919,66233,172530,164844,140152,1
51671,90277,44275,141948,95946,134552,1
97725,26937,75458,124662,173183,102395,1
51509,16045,15261,67554,66770,31306,0
40217,12776,50624,52993,90841,63400,1
97240,65258,25158,162498,122398,90416,0
51526,5919,76965,57445,128491,82884,0
75703,53538,74321,129241,150024,127859,1
37704,3984,91004,41688,128708,94988,0
57603,81145,5735,138748,63338,86880,0
652,76459,21383,77111,22035,97842,0
86001,93560,70684,179561,156685,164244,1
42243,57068,51368,99311,93611,108436,1
20676,60928,64259,81604,84935,125187,1
9064,1441,64325,10505,73389,65766,0
63017,98196,69062,161213,132079,167258,1
45929,322,57889,46251,103818,58211,0
44617,81120,29405,125737,74022,110525,0
65538,33601,52258,99139,117796,85859,1
62926,19377,35398,82303,98324,54775,0
85698,6451,42708,92149,128406,49159,0
58985,46070,46155,105055,105140,92225,1
55480,79530,11478,135010,66958,91008,0
49341,13031,22852,62372,72193,35883,0
10201,57804,5078,68005,15279,62882,0
27518,93381,49273,120899,76791,142654,0
632,12039,226,12671,858,12265,0
82153,61575,3875,143728,86028,65450,0
61021,23667,84171,84688,145192,107838,1
68932,53844,75286,122776,144218,129130,1
45539,93309,88083,138848,133622,181392,1
30206,49840,8860,80046,39066,58700,0
6694,14997,76871,21691,83565,91868,0
57954,86650,30016,144604,87970,116666,1
97464,90428,38975,187892,136439,129403,1
14183,31175,14197,45358,28380,45372,0
22062,35047,13885,57109,35947,48932,1
23283,21587,51041,44870,74324,72628,0
99136,61831,70334,160967,169470,132165,1
20709,20237,6655,40946,27364,26892,1
84967,5682,45462,90649,130429,51144,0
17359,3896,50946,21255,68305,54842,0
74294,83600,56790,157894,131084,140390,1
39829,28262,71569,68091,111398,99831,0
73483,25818,56020,99301,129503,81838,1
64119,23897,66218,88016,130337,90115,1
73292,18094,27228,91386,100520,45322,0
46810,95057,89123,141867,135933,184180,1
22964,73275,43744,96239,66708,117019,0
41611,2636,9248,44247,50859,11884,0
78997,29177,13405,108174,92402,42582,0
53178,75382,68733,128560,121911,144115,1
80547,45112,9367,125659,89914,54479,0
76710,65008,28154,141718,104864,93162,1
97604,38510,3344,136114,100948,41854,0
92096,36978,39575,129074,131671,76553,0
49020,79402,20764,128422,69784,100166,0
69606,3788,69821,73394,139427,73609,1
44335,61122,27083,105457,71418,88205,1
36507,31016,32395,67523,68902,63411,1
24272,11889,89989,36161,114261,101878,0
10525,4636,14964,15161,25489,19600,1
65388,67457,67988,132845,133376,135445,1
56051,31200,56374,87251,112425,87574,1
26517,64416,71484,90933,98001,135900,1
93570,92031,57910,185601,151480,149941,1
14020,72341,71432,86361,85452,143773,1
62883,3188,94586,66071,157469,97774,0
15065,20786,62308,35851,77373,83094,0
31461,74882,39659,106343,71120,114541,0
54930,377,81080,55307,136010,81457,0
61442,55814,26753,117256,88195,82567,1
68416,61906,17496,130322,85912,79402,1
55748,98292,54912,154040,110660,153204,1
34345,94735,28848,129080,63193,123583,0
17084,83100,22834,100184,39918,105934,0
63614,97204,96696,160818,160310,193900,1
80250,61956,43339,142206,123589,105295,1
45902,21182,17224,67084,63126,38406,0
32089,20751,32120,52840,64209,52871,1
2991,97030,55909,100021,58900,152939,0
76717,8246,73785,84963,150502,82031,1
69297,89329,47206,158626,116503,136535,1
13320,16897,39225,30217,52545,56122,0
14009,68451,71071,82460,85080,139522,1
5284,85782,95535,91066,100819,181317,0
26372,33322,22489,59694,48861,55811,1
35872,18767,29434,54639,65306,48201,1
4762,80519,98575,85281,103337,179094,0
35665,18032,63769,53697,99434,81801,0
93032,17171,70146,110203,163178,87317,0
72430,94357,76048,166787,148478,170405,1
11740,69505,84606,81245,96346,154111,0
59328,39774,34563,99102,93891,74337,1
91060,40658,86935,131718,177995,127593,1
69504,92326,9084,161830,78588,101410,0
26557,97301,53402,123858,79959,150703,0
16219,78607,21358,94826,37577,99965,0
7013,15531,99375,22544,106388,114906,0
77200,79754,83438,156954,160638,163192,1
44803,42674,86911,87477,131714,129585,1
56419,27542,39433,83961,95852,66975,1
10451,18936,90151,29387,100602,109087,0
71649,3361,30378,75010,102027,33739,0
72255,30417,62105,102672,134360,92522,1
27973,23134,11471,51107,39444,34605,1
19666,78520,57678,98186,77344,136198,0
70531,98779,86575,169310,157106,185354,1
10595,78742,25433,89337,36028,104175,0
90028,41183,34880,131211,124908,76063,0
80772,91013,85314,171785,166086,176327,1
37499,85362,71149,122861,108648,156511,1
76621,74245,45461,150866,122082,119706,1
86414,78484,33507,164898,119921,111991,1
74304,66908,74766,141212,149070,141674,1
28701,74186,46263,102887,74964,120449,1
1911,97153,20399,99064,22310,117552,0
64579,47002,6427,111581,71006,53429,0
15175,90916,54623,106091,69798,145539,0
36622,77336,88032,113958,124654,165368,1
53166,31188,5422,84354,58588,36610,0
71192,47428,83280,118620,154472,130708,1
17854,96369,15085,114223,32939,111454,0
88175,61614,11789,149789,99964,73403,0
54320,3335,64325,57655,118645,67660,0
63035,84002,36486,147037,99521,120488,1
17722,62616,54206,80338,71928,116822,1
32244,55081,50918,87325,83162,105999,1
41265,51480,8817,92745,50082,60297,0
8758,54642,60817,63400,69575,115459,1
43630,40255,93435,83885,137065,133690,0
97822,9350,14228,107172,112050,23578,0
26314,44774,93727,71088,120041,138501,0
90316,40870,62391,131186,152707,103261,1
71104,20319,39987,91423,111091,60306,0
54971,71796,93617,126767,148588,165413,1
17974,53995,84317,71969,102291,138312,0
52075,91672,78518,143747,130593,170190,1
71856,53375,56063,125231,127919,109438,1
27161,93678,58886,120839,86047,152564,0
45404,15124,48176,60528,93580,63300,1
8430,67143,40870,75573,49300,108013,0
15102,37861,93792,52963,108894,131653,0
12761,94357,79401,107118,92162,173758,0
52422,15762,28664,68184,81086,44426,0
46397,44776,14021,91173,60418,58797,1
7048,83146,80523,90194,87571,163669,1
24429,43215,19745,67644,44174,62960,1
56796,99813,50725,156609,107521,150538,1
28891,90858,47580,119749,76471,138438,0
68995,5863,43781,74858,112776,49644,0
14073,41886,88327,55959,102400,130213,0
75804,16,71892,75820,147696,71908,0
44367,60890,67375,105257,111742,128265,1
83938,94248,67794,178186,151732,162042,1
16799,55304,42329,72103,59128,97633,1
58929,19213,88330,78142,147259,107543,0
65459,84402,40968,149861,106427,125370,1
14629,32033,98279,46662,112908,130312,0
66179,6068,99394,72247,165573,105462,0
5526,54430,83502,59956,89028,137932,0
68911,79598,50931,148509,119842,130529,1
41321,84304,66138,125625,107459,150442,1
24722,86102,2683,110824,27405,88785,0
67701,33348,39623,101049,107324,72971,1
19666,791,57444,20457,77110,58235,0
83446,46690,95880,130136,179326,142570,1
8670,89313,6428,97983,15098,95741,0
68058,4650,24200,72708,92258,28850,0
70005,9252,86852,79257,156857,96104,0
19704,39965,24297,59669,44001,64262,1
63912,30998,16227,94910,80139,47225,0
27486,97521,48679,125007,76165,146200,0
7959,822,34726,8781,42685,35548,0
56491,34024,62833,90515,119324,96857,1
85441,66832,36283,152273,121724,103115,1
52105,93129,19255,145234,71360,112384,0
73028,36333,15155,109361,88183,51488,0
76647,70218,19525,146865,96172,89743,1
49859,92829,12752,142688,62611,105581,0
88120,1891,31860,90011,119980,33751,0
93567,97090,18668,190657,112235,115758,1
80073,81004,64694,161077,144767,145698,1
65635,73944,94381,139579,160016,168325,1
83066,71054,6785,154120,89851,77839,0
19104,70485,52535,89589,71639,123020,1
91006,98823,45542,189829,136548,144365,1
2919,15984,58372,18903,61291,74356,0
79117,98269,37326,177386,116443,135595,1
12362,81872,20829,94234,33191,102701,0
12055,11851,51856,23906,63911,63707,0
15450,59674,53943,75124,69393,113617,1
64052,17339,31322,81391,95374,48661,0
2869,67638,54108,70507,56977,121746,0
73834,71023,68764,144857,142598,139787,1
42751,88670,58672,131421,101423,147342,1
73310,52708,61737,126018,135047,114445,1
89418,42272,29064,131690,118482,71336,0
22954,62249,50730,85203,73684,112979,1
69345,34979,21055,104324,90400,56034,0
95654,3388,11082,99042,106736,14470,0
75821,62851,72904,138672,148725,135755,1
23229,42305,61800,65534,85029,104105,1
14770,95106,79810,109876,94580,174916,0
96290,31445,52249,127735,148539,83694,0
74812,20971,37335,95783,112147,58306,0
99,58849,65171,58948,65270,124020,0
92637,63925,96014,156562,188651,159939,1
38055,9726,30551,47781,68606,40277,1
63806,57715,90684,121521,154490,148399,1
20732,15248,91095,35980,111827,106343,0
1585,182,47861,1767,49446,48043,0
26968,72519,64647,99487,91615,137166,1
52283,87056,95723,139339,148006,182779,1
85097,98320,35737,183417,120834,134057,1
24855,47533,72272,72388,97127,119805,1
83048,21810,34432,104858,117480,56242,0
59762,21195,11463,80957,71225,32658,0
70043,55668,35812,125711,105855,91480,1
8996,60160,10022,69156,19018,70182,0
43414,70868,37195,114282,80609,108063,1
79756,22157,72478,101913,152234,94635,1
39343,91705,49537,131048,88880,141242,0
97007,1919,8445,98926,105452,10364,0
31296,6496,48927,37792,80223,55423,0
36675,57286,48759,93961,85434,106045,1
115,73620,94367,73735,94482,167987,0
89963,58778,60087,148741,150050,118865,1
99490,62111,47300,161601,146790,109411,1
3622,71390,52898,75012,56520,124288,0
17651,92715,14835,110366,32486,107550,0
85609,83006,98978,168615,184587,181984,1
82432,97986,77869,180418,160301,175855,1
79117,82797,3511,161914,82628,86308,0
2869,7410,24547,10279,27416,31957,0
2036,56708,49827,58744,51863,106535,0
98921,35122,90097,134043,189018,125219,1
86574,93433,46820,180007,133394,140253,1
99275,29269,43491,128544,142766,72760,0
5099,52293,97123,57392,102222,149416,0
44020,84399,55758,128419,99778,140157,1
87566,22184,12289,109750,99855,34473,0
43627,7341,84958,50968,128585,92299,0
86761,59235,70645,145996,157406,129880,1
42816,25313,69767,68129,112583,95080,0
94825,343,67310,95168,162135,67653,0
53070,2324,7250,55394,60320,9574,0
69673,51944,51481,121617,121154,103425,1
71436,65948,53231,137384,124667,119179,1
99428,72290,71634,171718,171062,143924,1
62255,32973,13916,95228,76171,46889,0
36604,37192,29545,73796,66149,66737,1
91800,48323,95050,140123,186850,143373,1
98922,66036,56401,164958,155323,122437,1
83075,61537,82296,144612,165371,143833,1
86554,18109,67926,104663,154480,86035,0
22065,28474,10840,50539,32905,39314,1
61367,30664,60863,92031,122230,91527,1
36632,2002,99532,38634,136164,101534,0
27107,74073,12813,101180,39920,86886,0
91512,60016,81967,151528,173479,141983,1
73345,78626,95142,151971,168487,173768,1
9756,96365,24148,106121,33904,120513,0
95990,68045,77734,164035,173724,145779,1
22765,2090,87363,24855,110128,89453,0
77863,14060,70797,91923,148660,84857,1
3635,54760,98351,58395,101986,153111,0
95157,45337,99893,140494,195050,145230,1
14707,14110,75850,28817,90557,89960,0
75708,37114,46800,112822,122508,83914,1
68784,94259,94587,163043,163371,188846,1
76250,70026,68400,146276,144650,138426,1
68776,66782,1906,135558,70682,68688,0
79207,33763,79090,112970,158297,112853,1
17113,80649,1989,97762,19102,82638,0
26376,77941,23193,104317,49569,101134,0
22283,95262,68861,117545,91144,164123,0
72595,83590,90767,156185,163362,174357,1
56953,30594,5825,87547,62778,36419,0
70517,66417,29683,136934,100200,96100,1
82451,24758,74389,107209,156840,99147,1
98833,6636,75788,105469,174621,82424,0
11280,27482,11593,38762,22873,39075,0
62121,86340,15695,148461,77816,102035,0
80591,63543,72535,144134,153126,136078,1
90947,70913,24980,161860,115927,95893,1
22671,52748,14769,75419,37440,67517,0
80189,90862,98193,171051,178382,189055,1
67563,22724,9795,90287,77358,32519,0
94964,45463,94057,140427,189021,139520,1
137,87375,46939,87512,47076,134314,0
4884,48026,2054,52910,6938,50080,0
94813,58881,95074,153694,189887,153955,1
69813,87478,59120,157291,128933,146598,1
62463,8543,64279,71006,126742,72822,1
32125,9988,31166,42113,63291,41154,1
2806,92821,65844,95627,68650,158665,0
5319,5525,89129,10844,94448,94654,0
55070,87503,54241,142573,109311,141744,1
66285,97706,62210,163991,128495,159916,1
43967,29058,61364,73025,105331,90422,1
14888,49288,52804,64176,67692,102092,1
6106,54685,1087,60791,7193,55772,0
60011,27968,56394,87979,116405,84362,1
12358,65661,43989,78019,56347,109650,0
3762,15186,5762,18948,9524,20948,0
80950,45781,51156,126731,132106,96937,1
60371,58477,81135,118848,141506,139612,1
53989,416,89122,54405,143111,89538,0
98344,95425,60734,193769,159078,156159,1
14230,34516,67695,48746,81925,102211,0
29822,92432,18209,122254,48031,110641,0
50682,69541,97692,120223,148374,167233,1
47781,23988,55558,71769,103339,79546,1
52447,99690,61390,152137,113837,161080,1
10242,49554,98401,59796,108643,147955,0
8008,29145,20189,37153,28197,49334,0
60360,56982,43834,117342,104194,100816,1
25031,19823,4248,44854,29279,24071,0
26232,28305,59812,54537,86044,88117,0
95067,89609,92417,184676,187484,182026,1
44178,13786,31713,57964,75891,45499,1
95675,99216,3538,194891,99213,102754,0
2769,50379,89370,53148,92139,139749,0
85032,40035,64818,125067,149850,104853,1
19836,8072,8597,27908,28433,16669,0
51129,92363,3213,143492,54342,95576,0
97287,61209,70616,158496,167903,131825,1
62377,6090,89341,68467,151718,95431,0
99547,57194,98253,156741,197800,155447,1
59895,1761,9528,61656,69423,11289,0
94574,35252,88756,129826,183330,124008,1
73547,74523,62555,148070,136102,137078,1
63759,95102,88384,158861,152143,183486,1
3037,17547,74584,20584,77621,92131,0
9608,75437,97722,85045,107330,173159,0
84019,43963,64560,127982,148579,108523,1
86511,66650,53109,153161,139620,119759,1
38966,36913,77267,75879,116233,114180,0
9582,69181,20132,78763,29714,89313,0
10860,68955,30765,79815,41625,99720,0
74602,42609,75379,117211,149981,117988,1
4378,14487,55817,18865,60195,70304,0
49956,43995,97013,93951,146969,141008,0
64725,39841,84601,104566,149326,124442,1
43330,4379,44609,47709,87939,48988,1
23990,16950,4464,40940,28454,21414,0
70927,55036,26163,125963,97090,81199,1
14794,99534,28327,114328,43121,127861,0
52807,4722,11531,57529,64338,16253,0
44733,10090,34683,54823,79416,44773,1
16924,80565,47935,97489,64859,128500,0
97672,49877,50815,147549,148487,100692,1
44605,10877,66707,55482,111312,77584,0
61872,18601,99800,80473,161672,118401,0
62037,29716,77279,91753,139316,106995,1
41462,30188,89827,71650,131289,120015,0
76675,56934,46573,133609,123248,103507,1
46961,26243,56785,73204,103746,83028,1
76252,87527,66302,163779,142554,153829,1
31351,61626,53296,92977,84647,114922,1
58388,72012,12339,130400,70727,84351,0
95401,62380,6337,157781,101738,68717,0
26103,80959,56683,107062,82786,137642,1
97440,44336,15954,141776,113394,60290,0
95277,10430,54684,105707,149961,65114,0
27337,72870,5798,100207,33135,78668,0
48663,72545,29105,121208,77768,101650,1
11791,34832,50276,46623,62067,85108,0
89434,73988,13095,163422,102529,87083,0
84525,77804,42359,162329,126884,120163,1
99503,41710,37275,141213,136778,78985,0
43026,85646,42910,128672,85936,128556,1
84313,44709,18844,129022,103157,63553,0
92143,44753,37068,136896,129211,81821,0
8752,14758,79272,23510,88024,94030,0
61798,6843,3075,68641,64873,9918,0
26614,74969,85232,101583,111846,160201,1
40912,40624,49291,81536,90203,89915,1
65933,7886,56409,73819,122342,64295,0
51584,51942,7048,103526,58632,58990,1
96478,5953,11180,102431,107658,17133,0
32764,96252,1182,129016,33946,97434,0
29046,63700,26879,92746,55925,90579,0
71477,31222,21167,102699,92644,52389,0
10820,5327,35952,16147,46772,41279,0
85769,67680,35940,153449,121709,103620,1
56406,78808,89176,135214,145582,167984,1
64675,67974,24263,132649,88938,92237,1
38681,40795,71845,79476,110526,112640,1
4483,13992,1634,18475,6117,15626,0
53426,92436,26723,145862,80149,119159,0
38085,32407,22688,70492,60773,55095,1
55511,80413,86823,135924,142334,167236,1
68688,14924,42022,83612,110710,56946,0
46569,62253,72477,108822,119046,134730,1
53582,98141,14536,151723,68118,112677,0
91551,1661,1216,93212,92767,2877,0
93832,46341,79106,140173,172938,125447,1
70098,12739,16372,82837,86470,29111,0
74410,98533,40991,172943,115401,139524,1
40416,37784,17988,78200,58404,55772,1
44937,28853,57830,73790,102767,86683,1
3,87707,53319,87710,53322,141026,0
33850,64744,15422,98594,49272,80166,0
12666,34107,70465,46773,83131,104572,0
26349,18407,5397,44756,31746,23804,0
96083,80971,35952,177054,132035,116923,1
38363,65176,17148,103539,55511,82324,0
48933,40114,78878,89047,127811,118992,1
7903,89141,89489,97044,97392,178630,1
81688,98251,22477,179939,104165,120728,1
4291,49349,41318,53640,45609,90667,0
50691,62675,11419,113366,62110,74094,0
71839,37841,59744,109680,131583,97585,1
20621,58943,29226,79564,49847,88169,0
36200,13631,15433,49831,51633,29064,0
90060,15959,11187,106019,101247,27146,0
21043,79578,52300,100621,73343,131878,0
90800,7304,87824,98104,178624,95128,1
4999,64580,16803,69579,21802,81383,0
61184,20495,90606,81679,151790,111101,0
73218,87697,30143,160915,103361,117840,1
16720,73271,44357,89991,61077,117628,0
52212,2686,28224,54898,80436,30910,0
82505,27297,46025,109802,128530,73322,0
43400,76188,13785,119588,57185,89973,0
5366,14573,44329,19939,49695,58902,0
79122,58892,38149,138014,117271,97041,1
55522,70004,79666,125526,135188,149670,1
49701,65203,14598,114904,64299,79801,0
57170,59479,68602,116649,125772,128081,1
92363,64037,26820,156400,119183,90857,0
18869,52564,60602,71433,79471,113166,1
68724,43826,80490,112550,149214,124316,1
67099,2818,16729,69917,83828,19547,0
18886,53448,92457,72334,111343,145905,0
64001,77417,37682,141418,101683,115099,1
47510,75034,96798,122544,144308,171832,1
37670,54424,93112,92094,130782,147536,0
12161,41941,73060,54102,85221,115001,0
5018,25960,53320,30978,58338,79280,0
90421,89844,18659,180265,109080,108503,1
7176,74428,43698,81604,50874,118126,0
89989,13144,28360,103133,118349,41504,0
19423,44188,77832,63611,97255,122020,0
10802,37980,4433,48782,15235,42413,0
38131,80255,5220,118386,43351,85475,0
70430,30465,51106,100895,121536,81571,1
59508,33997,5927,93505,65435,39924,0
82686,42519,42441,125205,125127,84960,1
62333,7859,28020,70192,90353,35879,0
13642,67927,9437,81569,23079,77364,0
28734,3403,99835,32137,128569,103238,0
8782,70479,28610,79261,37392,99089,0
74629,3558,91417,78187,166046,94975,0
78696,82785,50204,161481,128900,132989,1
55887,39032,5000,94919,60887,44032,0
5750,17565,5438,23315,11188,23003,0
15689,98671,36168,114360,51857,134839,0
56832,27762,88695,84594,145527,116457,0
77067,28059,22340,105126,99407,50399,0
99604,72396,64128,172000,163732,136524,1
16637,63208,61671,79845,78308,124879,1
84951,41579,71848,126530,156799,113427,1
99539,65858,46116,165397,145655,111974,1
22669,3708,56848,26377,79517,60556,0
33029,95733,1379,128762,34408,97112,0
59515,32891,39214,92406,98729,72105,1
30378,38347,85701,68725,116079,124048,0
46797,3969,57499,50766,104296,61468,0
85476,57359,61533,142835,147009,118892,1
16815,90673,85155,107488,101970,175828,1
48386,66431,49401,114817,97787,115832,1
19635,40615,41338,60250,60973,81953,1
97622,45197,94380,142819,192002,139577,1
69107,67881,57648,136988,126755,125529,1
1725,39979,34842,41704,36567,74821,0
83083,28826,38559,111909,121642,67385,0
26994,20213,56048,47207,83042,76261,0
69220,71108,85384,140328,154604,156492,1
40055,46075,71509,86130,111564,117584,1
9612,88902,9708,98514,19320,98610,0
6847,73780,95303,80627,102150,169083,0
91599,98585,30714,190184,122313,129299,1
10722,75687,54016,86409,64738,129703,0
46815,39528,45600,86343,92415,85128,1
51937,29382,50092,81319,102029,79474,1
36247,51923,2372,88170,38619,54295,0
14317,63476,17412,77793,31729,80888,0
47489,33385,39074,80874,86563,72459,1
78332,15948,19994,94280,98326,35942,0
21641,37178,11853,58819,33494,49031,0
4431,79288,99188,83719,103619,178476,0
93661,9878,67802,103539,161463,77680,0
6557,95748,76118,102305,82675,171866,0
40614,20949,42709,61563,83323,63658,1
88249,66880,50744,155129,138993,117624,1
66661,70325,77659,136986,144320,147984,1
94240,84852,13201,179092,107441,98053,1
37742,61713,97112,99455,134854,158825,1
52435,24262,52334,76697,104769,76596,1
23138,80401,95623,103539,118761,176024,1
63058,76743,45371,139801,108429,122114,1
26486,30013,50144,56499,76630,80157,1
64912,6195,80630,71107,145542,86825,0
57593,29101,53199,86694,110792,82300,1
25368,24852,44035,50220,69403,68887,1
70680,39340,81205,110020,151885,120545,1
74469,32854,1262,107323,75731,34116,0
53893,73869,98099,127762,151992,171968,1
86620,11884,84632,98504,171252,96516,1
74309,54726,79556,129035,153865,134282,1
774,32384,12439,33158,13213,44823,0
69415,62159,76853,131574,146268,139012,1
30887,41410,95368,72297,126255,136778,0
78021,56074,95393,134095,173414,151467,1
46858,5655,83805,52513,130663,89460,0
59240,66066,69849,125306,129089,135915,1
66273,65437,14601,131710,80874,80038,1
37604,8650,87501,46254,125105,96151,0
81304,39858,69784,121162,151088,109642,1
6273,60715,55774,66988,62047,116489,1
93466,77516,27412,170982,120878,104928,1
42673,44674,98580,87347,141253,143254,0
15054,1181,60513,16235,75567,61694,0
57989,26390,17879,84379,75868,44269,0
75759,61766,10415,137525,86174,72181,0
7653,30663,61507,38316,69160,92170,0
87811,85003,6148,172814,93959,91151,1
49444,47056,42619,96500,92063,89675,1
27582,63102,60869,90684,88451,123971,1
61133,46518,17759,107651,78892,64277,1
55077,61506,71109,116583,126186,132615,1
35453,31361,70371,66814,105824,101732,0
49093,66478,67648,115571,116741,134126,1
99599,73331,45860,172930,145459,119191,1
45507,16677,76379,62184,121886,93056,0
858,20083,26577,20941,27435,46660,0
26302,98521,11990,124823,38292,110511,0
2244,86667,78629,88911,80873,165296,0
22501,28625,13400,51126,35901,42025,1
48414,25963,91772,74377,140186,117735,0
43568,9730,81093,53298,124661,90823,0
3137,16281,82152,19418,85289,98433,0
92557,70178,63392,162735,155949,133570,1
31294,95218,15835,126512,47129,111053,0
45956,66382,95543,112338,141499,161925,1
16618,3045,37707,19663,54325,40752,0
63621,31861,78795,95482,142416,110656,1
44702,17550,25542,62252,70244,43092,0
24664,62085,37144,86749,61808,99229,0
10446,84144,82442,94590,92888,166586,1
86400,98386,35977,184786,122377,134363,1
87032,30041,74030,117073,161062,104071,1
14670,11373,94646,26043,109316,106019,0
46803,11847,67179,58650,113982,79026,0
55723,71609,41797,127332,97520,113406,1
30035,95110,45154,125145,75189,140264,0
46484,5215,94579,51699,141063,99794,0
89988,4058,91701,94046,181689,95759,1
48013,82230,60856,130243,108869,143086,1
39769,46609,34779,86378,74548,81388,1
29681,11298,7990,40979,37671,19288,0
28061,29759,14207,57820,42268,43966,1
52769,95149,99782,147918,152551,194931,1
53613,79808,7276,133421,60889,87084,0
90144,14858,58932,105002,149076,73790,0
54791,78880,60219,133671,115010,139099,1
52352,71532,14746,123884,67098,86278,0
34131,2305,54467,36436,88598,56772,0
87249,98306,29342,185555,116591,127648,1
9947,51634,39607,61581,49554,91241,0
99022,57834,80106,156856,179128,137940,1
50806,86572,81797,137378,132603,168369,1
58492,41393,15957,99885,74449,57350,0
79979,57374,44307,137353,124286,101681,1
92942,98732,66496,191674,159438,165228,1
38027,3960,32882,41987,70909,36842,0
31536,44804,14123,76340,45659,58927,1
47252,83490,5403,130742,52655,88893,0
2409,74810,6501,77219,8910,81311,0
97868,66676,52811,164544,150679,119487,1
79817,44899,32815,124716,112632,77714,0
77048,10801,64191,87849,141239,74992,0
39761,24577,55126,64338,94887,79703,1
82395,79081,99882,161476,182277,178963,1
99613,77404,7818,177017,107431,85222,0
85883,12210,68065,98093,153948,80275,0
24981,71636,56732,96617,81713,128368,1
64073,91167,49660,155240,113733,140827,1
98155,92100,43505,190255,141660,135605,1
61535,17531,58303,79066,119838,75834,1
70174,97658,73123,167832,143297,170781,1
4128,78502,67345,82630,71473,145847,0
60659,35935,33988,96594,94647,69923,1
2363,93121,26680,95484,29043,119801,0
9827,45659,81521,55486,91348,127180,0
45449,89130,32302,134579,77751,121432,0
8447,13182,26399,21629,34846,39581,0
2699,26938,53400,29637,56099,80338,0
1556,80654,82844,82210,84400,163498,0
61721,70617,25260,132338,86981,95877,1
49816,54428,70328,104244,120144,124756,1
82774,33480,18956,116254,101730,52436,0
95932,28609,66902,124541,162834,95511,0
84172,73956,78396,158128,162568,152352,1
95725,85009,17471,180734,113196,102480,1
8919,86846,73820,95765,82739,160666,0
25084,42336,4831,67420,29915,47167,0
25290,15798,36943,41088,62233,52741,1
43777,12519,76773,56296,120550,89292,0
79040,4687,86476,83727,165516,91163,0
98883,24897,93308,123780,192191,118205,1
47550,17204,42903,64754,90453,60107,1
84353,65128,66205,149481,150558,131333,1
23067,30510,10492,53577,33559,41002,1
22248,33187,75952,55435,98200,109139,0
5719,24307,8990,30026,14709,33297,0
79680,66038,44814,145718,124494,110852,1
63376,44960,66274,108336,129650,111234,1
58560,32180,59781,90740,118341,91961,1
15370,60483,28913,75853,44283,89396,0
49575,43847,51124,93422,100699,94971,1
73160,56530,12835,129690,85995,69365,0
72709,21247,63636,93956,136345,84883,1
46639,69384,51656,116023,98295,121040,1
31797,46058,46392,77855,78189,92450,1
47762,1580,37253,49342,85015,38833,0
17701,83821,7320,101522,25021,91141,0
50467,88458,11720,138925,62187,100178,0
12556,73175,2974,85731,15530,76149,0
43024,34129,8064,77153,51088,42193,0
79756,82164,71025,161920,150781,153189,1
71335,87277,91399,158612,162734,178676,1
28250,12516,57076,40766,85326,69592,0
19484,20667,19810,40151,39294,40477,1
55639,27625,45921,83264,101560,73546,1
86156,214,26855,86370,113011,27069,0
50475,36003,38049,86478,88524,74052,1
8024,22998,26068,31022,34092,49066,1
44374,83744,6888,128118,51262,90632,0
77421,56962,34840,134383,112261,91802,1
12509,73482,96795,85991,109304,170277,0
54660,40467,73603,95127,128263,114070,1
38272,59613,25360,97885,63632,84973,1
34848,56645,61185,91493,96033,117830,1
48220,78170,90203,126390,138423,168373,1
33007,29410,13904,62417,46911,43314,1
45475,6883,48894,52358,94369,55777,1
7854,40759,45560,48613,53414,86319,1
79121,61604,35699,140725,114820,97303,1
9982,51074,84938,61056,94920,136012,0
91041,27792,21145,118833,112186,48937,0
38954,69782,76281,108736,115235,146063,1
51123,53597,98622,104720,149745,152219,1
45765,14454,87613,60219,133378,102067,0
44563,1407,50865,45970,95428,52272,0
56901,55804,54929,112705,111830,110733,1
15167,93496,23240,108663,38407,116736,0
9165,92030,97690,101195,106855,189720,1
41049,27486,57681,68535,98730,85167,1
62537,97268,10717,159805,73254,107985,0
91371,72270,8928,163641,100299,81198,0
2903,63241,40186,66144,43089,103427,0
37050,43912,39565,80962,76615,83477,1
50183,53813,52795,103996,102978,106608,1
98207,23185,2007,121392,100214,25192,0
9248,46489,47045,55737,56293,93534,1
30202,90649,46022,120851,76224,136671,0
13021,94273,11953,107294,24974,106226,0
78539,97005,85308,175544,163847,182313,1
59042,82281,25966,141323,85008,108247,1
55576,22472,13553,78048,69129,36025,0
44079,97256,99694,141335,143773,196950,1
80087,67537,17455,147624,97542,84992,1
47363,99596,27024,146959,74387,126620,0
80267,91241,13256,171508,93523,104497,1
14849,17107,27718,31956,42567,44825,1
98805,9422,85118,108227,183923,94540,0
2833,69784,6255,72617,9088,76039,0
64249,70443,18711,134692,82960,89154,1
13312,44268,78440,57580,91752,122708,0
22348,13347,80876,35695,103224,94223,0
34795,30363,94836,65158,129631,125199,0
64543,65782,8433,130325,72976,74215,1
60549,37482,27972,98031,88521,65454,1
99868,23934,39547,123802,139415,63481,0
99695,74322,13250,174017,112945,87572,0
24240,8927,43898,33167,68138,52825,0
60085,87171,38586,147256,98671,125757,1
15465,61733,69304,77198,84769,131037,1
90717,55347,10888,146064,101605,66235,0
30617,43503,97844,74120,128461,141347,0
87866,57653,60399,145519,148265,118052,1
81574,83424,59018,164998,140592,142442,1
10723,35291,16478,46014,27201,51769,0
84822,61717,28631,146539,113453,90348,1
67549,8717,57842,76266,125391,66559,0
61249,53495,97359,114744,158608,150854,1
93516,39977,42457,133493,135973,82434,0
59725,51379,24018,111104,83743,75397,1
70679,22775,62126,93454,132805,84901,1
15478,25624,16147,41102,31625,41771,1
73844,94630,29175,168474,103019,123805,1
12419,44913,6340,57332,18759,51253,0
45069,35430,35531,80499,80600,70961,1
23459,26956,51817,50415,75276,78773,0
55545,95419,58497,150964,114042,153916,1
93164,70920,71663,164084,164827,142583,1
67078,68627,25883,135705,92961,94510,1
35115,79551,60779,114666,95894,140330,1
96956,96582,75383,193538,172339,171965,1
89809,1105,38034,90914,127843,39139,0
23450,60650,21180,84100,44630,81830,0
19348,23710,61098,43058,80446,84808,0
60878,22579,14687,83457,75565,37266,0
11153,39968,42470,51121,53623,82438,1
55162,81580,38090,136742,93252,119670,1
77910,9932,15663,87842,93573,25595,0
44103,95229,79439,139332,123542,174668,1
32610,41136,67918,73746,100528,109054,1
35411,12634,73365,48045,108776,85999,0
44622,63521,33886,108143,78508,97407,1
70110,41973,18081,112083,88191,60054,0
91006,79313,97869,170319,188875,177182,1
66686,76368,98398,143054,165084,174766,1
83982,13453,98344,97435,182326,111797,0
98249,4663,85425,102912,183674,90088,0
35491,75975,51731,111466,87222,127706,1
29581,83121,5218,112702,34799,88339,0
16313,66721,62229,83034,78542,128950,1
87769,31399,57434,119168,145203,88833,1
73792,36980,71230,110772,145022,108210,1
50442,31728,65479,82170,115921,97207,1
74125,83389,4065,157514,78190,87454,0
11969,88727,3357,100696,15326,92084,0
89195,53046,87278,142241,176473,140324,1
85046,41468,57643,126514,142689,99111,1
57541,46081,95555,103622,153096,141636,1
15017,19810,62079,34827,77096,81889,0
47496,2921,28085,50417,75581,31006,0
51576,90676,16217,142252,67793,106893,0
82719,83250,48958,165969,131677,132208,1
73777,76171,63727,149948,137504,139898,1
88314,86345,35746,174659,124060,122091,1
97293,70679,8191,167972,105484,78870,0
65829,69180,56017,135009,121846,125197,1
26914,22241,65131,49155,92045,87372,0
84186,42235,92620,126421,176806,134855,1
17991,7824,22356,25815,40347,30180,1
61834,45607,21722,107441,83556,67329,1
18376,75123,18179,93499,36555,93302,0
91434,90642,84895,182076,176329,175537,1
35753,49337,55642,85090,91395,104979,1
48185,62823,6409,111008,54594,69232,0
60519,43466,69889,103985,130408,113355,1
61797,92346,40158,154143,101955,132504,1
91045,37281,29857,128326,120902,67138,0
78258,86697,96774,164955,175032,183471,1
51359,81588,5987,132947,57346,87575,0
67191,93017,18184,160208,85375,111201,0
43428,6512,61271,49940,104699,67783,0
44941,85321,58900,130262,103841,144221,1
46121,15670,5054,61791,51175,20724,0
92057,25951,51500,118008,143557,77451,0
3309,31630,47799,34939,51108,79429,0
79051,95432,51855,174483,130906,147287,1
10624,30651,89042,41275,99666,119693,0
53440,98698,94625,152138,148065,193323,1
21759,93775,3675,115534,25434,97450,0
15367,89853,65766,105220,81133,155619,0
49148,99577,10927,148725,60075,110504,0
14936,80032,16902,94968,31838,96934,0
79495,69888,1747,149383,81242,71635,0
35435,90447,90771,125882,126206,181218,1
38563,69038,62040,107601,100603,131078,1
3969,28029,24717,31998,28686,52746,1
47591,39868,91800,87459,139391,131668,0
34839,38098,74338,72937,109177,112436,0
38013,53943,69143,91956,107156,123086,1
9897,52414,16028,62311,25925,68442,0
80964,43478,58704,124442,139668,102182,1
24900,44006,35357,68906,60257,79363,1
17340,72132,32246,89472,49586,104378,0
27034,89131,75980,116165,103014,165111,1
53353,65789,32213,119142,85566,98002,1
67579,27444,23980,95023,91559,51424,0
20028,44121,47780,64149,67808,91901,1
61477,80392,55075,141869,116552,135467,1
9626,61086,3828,70712,13454,64914,0
90395,65877,76803,156272,167198,142680,1
28967,3275,63131,32242,92098,66406,0
99862,82216,14169,182078,114031,96385,0
20679,58778,76882,79457,97561,135660,1
63577,72896,95785,136473,159362,168681,1
74453,80406,20054,154859,94507,100460,1
84773,32000,35276,116773,120049,67276,0
30264,77367,44374,107631,74638,121741,0
55411,45879,99818,101290,155229,145697,1
73584,74524,11361,148108,84945,85885,1
53883,41082,77480,94965,131363,118562,1
48462,93868,3167,142330,51629,97035,0
84312,18957,19141,103269,103453,38098,0
60604,71597,85949,132201,146553,157546,1
75034,14877,78314,89911,153348,93191,1
62268,73956,26648,136224,88916,100604,1
79635,29990,57201,109625,136836,87191,1
52670,84593,47912,137263,100582,132505,1
64273,91341,91790,155614,156063,183131,1
76057,88079,89876,164136,165933,177955,1
29494,68327,94632,97821,124126,162959,1
34502,33419,58901,67921,93403,92320,1
65411,45515,24313,110926,89724,69828,1
44356,69598,68981,113954,113337,138579,1
67193,87336,41932,154529,109125,129268,1
72916,44767,23668,117683,96584,68435,0
91582,97057,5024,188639,96606,102081,0
41241,19022,44831,60263,86072,63853,1
89676,90493,18228,180169,107904,108721,1
7905,18846,30089,26751,37994,48935,0
91447,80862,72690,172309,164137,153552,1
86015,9282,49999,95297,136014,59281,0
32223,49789,13096,82012,45319,62885,0
26401,10214,27544,36615,53945,37758,1
94368,63781,88559,158149,182927,152340,1
25768,54662,979,80430,26747,55641,0
36702,79196,21103,115898,57805,100299,0
31556,22174,32839,53730,64395,55013,1
60519,87501,690,148020,61209,88191,0
87773,76602,78567,164375,166340,155169,1
83780,65251,11360,149031,95140,76611,0
70075,81208,96414,151283,166489,177622,1
17971,65776,82980,83747,100951,148756,1
26952,34620,24871,61572,51823,59491,1
37561,68967,8521,106528,46082,77488,0
8168,16128,6140,24296,14308,22268,0
92972,46222,60339,139194,153311,106561,1
26137,57492,29972,83629,56109,87464,0
22859,17672,79271,40531,102130,96943,0
9700,48026,25845,57726,35545,73871,0
678,99374,12365,100052,13043,111739,0
27996,30619,10934,58615,38930,41553,1
683,60870,56948,61553,57631,117818,0
63793,43712,84454,107505,148247,128166,1
25399,49480,26416,74879,51815,75896,1
34506,35964,25214,70470,59720,61178,1
91803,49514,3545,141317,95348,53059,0
66973,98698,47446,165671,114419,146144,1
79109,31240,85799,110349,164908,117039,1
20910,26852,33095,47762,54005,59947,1
69435,14752,15087,84187,84522,29839,0
80078,35019,80,115097,80158,35099,0
73615,48169,17681,121784,91296,65850,0
66745,24346,37056,91091,103801,61402,0
43253,73917,12959,117170,56212,86876,0
69895,26186,23937,96081,93832,50123,0
26085,6223,85748,32308,111833,91971,0
68347,30291,18774,98638,87121,49065,0
91091,5319,48691,96410,139782,54010,0
19227,79575,34082,98802,53309,113657,0
92839,27788,63963,120627,156802,91751,0
80850,74527,97297,155377,178147,171824,1
49473,3260,21597,52733,71070,24857,0
62909,26002,8387,88911,71296,34389,0
70710,21280,26379,91990,97089,47659,0
80320,62285,33224,142605,113544,95509,1
41829,43010,40084,84839,81913,83094,1
49075,56160,44289,105235,93364,100449,1
62917,64775,96221,127692,159138,160996,1
82319,53248,68408,135567,150727,121656,1
51116,37892,37206,89008,88322,75098,1
61094,47587,6210,108681,67304,53797,0
56099,54594,3812,110693,59911,58406,1
38674,16231,30914,54905,69588,47145,1
18371,88613,7222,106984,25593,95835,0
21476,57153,29895,78629,51371,87048,0
72019,89789,95281,161808,167300,185070,1
24777,27297,96544,52074,121321,123841,0
20070,18951,40741,39021,60811,59692,0
26946,26407,95667,53353,122613,122074,0
64673,90110,60827,154783,125500,150937,1
92591,51874,59147,144465,151738,111021,1
23019,25106,34955,48125,57974,60061,1
22766,24223,3119,46989,25885,27342,1
21423,38426,43787,59849,65210,82213,1
76862,96781,98569,173643,175431,195350,1
44191,81393,36086,125584,80277,117479,0
815,54734,54035,55549,54850,108769,1
41155,56607,96516,97762,137671,153123,1
45322,90066,8583,135388,53905,98649,0
77610,27832,18342,105442,95952,46174,0
46316,4320,32235,50636,78551,36555,0
82628,72562,87935,155190,170563,160497,1
97169,10431,80591,107600,177760,91022,0
89594,72750,44209,162344,133803,116959,1
38760,60705,1833,99465,40593,62538,0
15940,71459,33402,87399,49342,104861,0
85821,19857,23459,105678,109280,43316,0
67021,82372,18930,149393,85951,101302,1
61208,79002,59054,140210,120262,138056,1
89343,15584,67681,104927,157024,83265,0
84310,10132,41494,94442,125804,51626,0
18950,61272,70670,80222,89620,131942,1
27997,89242,87438,117239,115435,176680,1
35839,80127,25224,115966,61063,105351,0
39111,11327,50528,50438,89639,61855,0
34925,29303,17169,64228,52094,46472,1
24203,50976,85934,75179,110137,136910,0
12566,84915,11183,97481,23749,96098,0
30693,93907,77756,124600,108449,171663,1
44872,16055,92681,60927,137553,108736,0
83949,62925,63160,146874,147109,126085,1
75107,8602,52941,83709,128048,61543,0
42462,32781,82227,75243,124689,115008,0
82575,93419,37917,175994,120492,131336,1
10092,55192,98490,65284,108582,153682,0
93901,36249,88990,130150,182891,125239,1
27120,92065,40763,119185,67883,132828,0
88292,79850,96469,168142,184761,176319,1
61082,10037,87347,71119,148429,97384,0
87776,28453,7079,116229,94855,35532,0
21610,93143,70484,114753,92094,163627,0
80295,68100,14111,148395,94406,82211,1
41379,47088,34653,88467,76032,81741,1
25825,40786,89315,66611,115140,130101,0
84056,62738,96066,146794,180122,158804,1
67278,67160,81868,134438,149146,149028,1
56135,92960,48461,149095,104596,141421,1
49450,44151,79090,93601,128540,123241,1
44137,57099,6927,101236,51064,64026,0
67679,62282,91077,129961,158756,153359,1
57018,76871,43269,133889,100287,120140,1
47122,73402,92681,120524,139803,166083,1
94527,62034,33459,156561,127986,95493,1
71997,2406,8182,74403,80179,10588,0
26110,84486,83604,110596,109714,168090,1
9740,37844,82330,47584,92070,120174,0
9823,83025,10964,92848,20787,93989,0
86968,53131,97008,140099,183976,150139,1
96018,88740,53936,184758,149954,142676,1
37584,15836,50594,53420,88178,66430,1
46648,5972,34418,52620,81066,40390,0
75392,62985,72967,138377,148359,135952,1
98749,71974,33138,170723,131887,105112,1
41460,42515,35844,83975,77304,78359,1
40892,52576,48167,93468,89059,100743,1
23957,14761,10281,38718,34238,25042,1
20014,79629,52347,99643,72361,131976,0
66903,36804,19088,103707,85991,55892,0
55870,29371,34925,85241,90795,64296,1
62180,44904,30114,107084,92294,75018,1
77844,58194,77003,136038,154847,135197,1
21267,89070,14114,110337,35381,103184,0
9770,40775,84703,50545,94473,125478,0
22193,44216,80338,66409,102531,124554,0
94830,50672,82200,145502,177030,132872,1
36401,41735,74711,78136,111112,116446,1
25865,36852,73546,62717,99411,110398,0
19813,2402,807,22215,20620,3209,0
89655,83498,24700,173153,114355,108198,1
77167,15977,15454,93144,92621,31431,0
43356,43205,49839,86561,93195,93044,1
77457,49583,38893,127040,116350,88476,1
31253,62723,72794,93976,104047,135517,1
91689,93913,66487,185602,158176,160400,1
4135,21132,68895,25267,73030,90027,0
39901,45957,53160,85858,93061,99117,1
71307,99844,38937,171151,110244,138781,1
84868,92730,40610,177598,125478,133340,1
48569,40584,4925,89153,53494,45509,0
43418,52941,28940,96359,72358,81881,1
52957,71361,84331,124318,137288,155692,1
92947,83077,83099,176024,176046,166176,1
28073,57679,22048,85752,50121,79727,0
8377,74654,40083,83031,48460,114737,0
86047,63416,63348,149463,149395,126764,1
24761,82140,2709,106901,27470,84849,0
57978,38116,8941,96094,66919,47057,0
80190,61925,23277,142115,103467,85202,1
72238,71099,68715,143337,140953,139814,1
1637,36033,36774,37670,38411,72807,1
32934,57719,97585,90653,130519,155304,0
8103,91002,60461,99105,68564,151463,0
11609,93489,94394,105098,106003,187883,1
50846,77773,80718,128619,131564,158491,1
38139,55451,31580,93590,69719,87031,1
95261,41332,93108,136593,188369,134440,1
34819,65795,5623,100614,40442,71418,0
59452,84925,64842,144377,124294,149767,1
6596,1846,2343,8442,8939,4189,0
46589,40362,47753,86951,94342,88115,1
21136,42514,11337,63650,32473,53851,0
43988,40762,40960,84750,84948,81722,1
70058,84282,65110,154340,135168,149392,1
33017,90397,80985,123414,114002,171382,1
21190,40189,70558,61379,91748,110747,0
40274,32013,88324,72287,128598,120337,0
8072,57584,84678,65656,92750,142262,0
93390,60519,93306,153909,186696,153825,1
75290,13058,54931,88348,130221,67989,0
96528,24135,60997,120663,157525,85132,0
79730,20162,69329,99892,149059,89491,1
52457,6589,67633,59046,120090,74222,0
42227,89849,92314,132076,134541,182163,1
74272,3202,35583,77474,109855,38785,0
89350,14566,78968,103916,168318,93534,1
65477,4458,5460,69935,70937,9918,0
54760,59295,93775,114055,148535,153070,1
43401,85396,73048,128797,116449,158444,1
45001,77761,62730,122762,107731,140491,1
51996,82566,77245,134562,129241,159811,1
27572,62365,84207,89937,111779,146572,1
89923,65558,7010,155481,96933,72568,0
54814,40137,85967,94951,140781,126104,1
55304,66173,56830,121477,112134,123003,1
26437,37849,46981,64286,73418,84830,1
60935,30118,15792,91053,76727,45910,0
64406,94442,26279,158848,90685,120721,0
52743,80731,74399,133474,127142,155130,1
79950,99776,68169,179726,148119,167945,1
58253,81889,2876,140142,61129,84765,0
7339,83985,25586,91324,32925,109571,0
16946,65446,47339,82392,64285,112785,0
13251,89037,32941,102288,46192,121978,0
9187,10024,79267,19211,88454,89291,0
44126,91610,6733,135736,50859,98343,0
22254,75268,59980,97522,82234,135248,1
64923,39231,69681,104154,134604,108912,1
79704,71518,57123,151222,136827,128641,1
93118,62473,65521,155591,158639,127994,1
42002,57643,1612,99645,43614,59255,0
36352,13820,67121,50172,103473,80941,0
59356,31503,2743,90859,62099,34246,0
37570,613,96062,38183,133632,96675,0
86354,11812,67113,98166,153467,78925,0
42613,6925,66171,49538,108784,73096,0
40574,15951,76108,56525,116682,92059,0
6022,90649,67110,96671,73132,157759,0
73157,142,90415,73299,163572,90557,0
18130,87933,72401,106063,90531,160334,1
72789,35327,50265,108116,123054,85592,1
59391,19604,91557,78995,150948,111161,0
85413,81807,97656,167220,183069,179463,1
87231,38635,20927,125866,108158,59562,0
4650,75434,89766,80084,94416,165200,0
66835,81974,25602,148809,92437,107576,1
33356,52693,90957,86049,124313,143650,0
45293,97622,61359,142915,106652,158981,1
92927,85225,33435,178152,126362,118660,1
56030,64642,84288,120672,140318,148930,1
79744,83642,59729,163386,139473,143371,1
77922,51428,93449,129350,171371,144877,1
13771,46293,42374,60064,56145,88667,1
69099,16764,18127,85863,87226,34891,0
41132,41086,16426,82218,57558,57512,1
32856,50960,96410,83816,129266,147370,0
67413,71916,53807,139329,121220,125723,1
29789,23098,39324,52887,69113,62422,1
22694,3317,69119,26011,91813,72436,0
31375,79270,79071,110645,110446,158341,1
71711,5875,99198,77586,170909,105073,0
41766,15350,84260,57116,126026,99610,0
16945,85140,6126,102085,23071,91266,0
1820,17253,46145,19073,47965,63398,0
82988,21408,49011,104396,131999,70419,0
7630,47348,42222,54978,49852,89570,1
1477,19723,3978,21200,5455,23701,0
47413,16649,19999,64062,67412,36648,0
67557,74787,96188,142344,163745,170975,1
74697,83074,85826,157771,160523,168900,1
78092,12429,90659,90521,168751,103088,0
15421,43375,33570,58796,48991,76945,1
60264,21927,30034,82191,90298,51961,0
10757,34190,34854,44947,45611,69044,1
46090,33986,96625,80076,142715,130611,0
60911,41025,39972,101936,100883,80997,1
15508,54070,59912,69578,75420,113982,1
38350,10025,39224,48375,77574,49249,1
34340,24671,81110,59011,115450,105781,0
66093,15409,807,81502,66900,16216,0
97980,9676,77906,107656,175886,87582,0
70369,92120,67070,162489,137439,159190,1
24000,1890,3758,25890,27758,5648,0
56557,17061,14866,73618,71423,31927,0
64195,61915,39017,126110,103212,100932,1
64345,41777,17829,106122,82174,59606,0
11187,39680,89942,50867,101129,129622,0
47916,99086,76698,147002,124614,175784,1
13793,68800,64518,82593,78311,133318,1
64191,41317,83977,105508,148168,125294,1
37345,44764,88624,82109,125969,133388,0
83438,61765,90182,145203,173620,151947,1
15654,22765,95757,38419,111411,118522,0
27166,30452,9967,57618,37133,40419,1
1499,46571,11078,48070,12577,57649,0
13860,52881,59246,66741,73106,112127,1
35824,74408,78096,110232,113920,152504,1
63172,30876,5010,94048,68182,35886,0
8814,71476,72630,80290,81444,144106,1
49356,84401,29823,133757,79179,114224,0
35935,3324,33950,39259,69885,37274,1
2967,57628,99455,60595,102422,157083,0
17335,15947,79670,33282,97005,95617,0
1880,577,64381,2457,66261,64958,0
75909,70035,18538,145944,94447,88573,1
12680,98460,98292,111140,110972,196752,1
75583,66196,696,141779,76279,66892,0
72472,13376,47819,85848,120291,61195,0
2136,71066,22240,73202,24376,93306,0
43157,55155,2377,98312,45534,57532,0
43468,56309,5954,99777,49422,62263,0
40325,87348,56087,127673,96412,143435,1
61829,9233,85828,71062,147657,95061,0
33396,13722,22450,47118,55846,36172,1
8473,43915,57468,52388,65941,101383,0
40215,93782,90812,133997,131027,184594,1
52778,69653,40954,122431,93732,110607,1
87322,527,18254,87849,105576,18781,0
96180,13468,92724,109648,188904,106192,1
4250,87047,49740,91297,53990,136787,0
44272,34373,35905,78645,80177,70278,1
51141,29572,18623,80713,69764,48195,0
64176,97559,88405,161735,152581,185964,1
35677,27345,58019,63022,93696,85364,1
90570,99655,27073,190225,117643,126728,1
62161,10466,38306,72627,100467,48772,0
5863,87343,30627,93206,36490,117970,0
17399,83632,53092,101031,70491,136724,0
34775,66683,60794,101458,95569,127477,1
23198,68836,7044,92034,30242,75880,0
6269,29808,38265,36077,44534,68073,0
44221,47449,692,91670,44913,48141,0
77550,15283,28462,92833,106012,43745,0
54447,57690,24533,112137,78980,82223,1
66163,81882,70668,148045,136831,152550,1
93151,1041,49265,94192,142416,50306,0
95935,21119,71344,117054,167279,92463,0
87519,7014,8280,94533,95799,15294,0
88561,98350,41080,186911,129641,139430,1
46275,45791,13601,92066,59876,59392,1
87957,46024,53403,133981,141360,99427,1
83435,87552,88242,170987,171677,175794,1
3440,94666,37688,98106,41128,132354,0
24460,51512,37505,75972,61965,89017,1
17126,8668,97915,25794,115041,106583,0
10227,40892,11038,51119,21265,51930,0
1587,90354,37750,91941,39337,128104,0
10551,61353,82075,71904,92626,143428,0
14076,57738,90427,71814,104503,148165,0
37804,49306,51469,87110,89273,100775,1
53587,19730,10878,73317,64465,30608,0
82183,77091,68,159274,82251,77159,0
29082,40997,66315,70079,95397,107312,1
75855,5955,16927,81810,92782,22882,0
50781,56707,54164,107488,104945,110871,1
49170,47061,52933,96231,102103,99994,1
33682,802,59178,34484,92860,59980,0
82042,97351,12428,179393,94470,109779,0
23251,99956,76194,123207,99445,176150,0
50086,44448,29440,94534,79526,73888,1
13059,6205,58731,19264,71790,64936,0
51787,70941,85200,122728,136987,156141,1
28095,1728,41885,29823,69980,43613,0
53181,60226,97520,113407,150701,157746,1
51603,73146,54011,124749,105614,127157,1
84585,69769,50068,154354,134653,119837,1
25224,83795,9333,109019,34557,93128,0
71564,21990,83145,93554,154709,105135,1
21212,23884,9320,45096,30532,33204,1
97226,50679,17039,147905,114265,67718,0
627,9653,80540,10280,81167,90193,0
53176,97771,97274,150947,150450,195045,1
11522,82788,19686,94310,31208,102474,0
82209,88442,88969,170651,171178,177411,1
5840,31263,21167,37103,27007,52430,0
3796,20562,91951,24358,95747,112513,0
70156,52700,12253,122856,82409,64953,0
49026,11617,86327,60643,135353,97944,0
63379,9065,80988,72444,144367,90053,0
48278,31436,69386,79714,117664,100822,1
17072,33132,71408,50204,88480,104540,0
35245,40547,90333,75792,125578,130880,0
70331,11585,74064,81916,144395,85649,1
34371,25742,17528,60113,51899,43270,1
26488,12133,33939,38621,60427,46072,1
77174,21650,49627,98824,126801,71277,0
15840,18162,24367,34002,40207,42529,1
48038,65885,18776,113923,66814,84661,1
97971,46497,78960,144468,176931,125457,1
82615,62227,77383,144842,159998,139610,1
77694,5970,22642,83664,100336,28612,0
11898,16186,82639,28084,94537,98825,0
64419,10897,22094,75316,86513,32991,0
45344,23816,53935,69160,99279,77751,1
64944,25675,69185,90619,134129,94860,1
90032,7457,52433,97489,142465,59890,0
23922,13799,39195,37721,63117,52994,0
20737,92481,76567,113218,97304,169048,1
37979,59244,19690,97223,57669,78934,0
40721,74090,74797,114811,115518,148887,1
8189,78720,94554,86909,102743,173274,0
19194,94947,68337,114141,87531,163284,0
74523,50046,29649,124569,104172,79695,1
80909,72964,81722,153873,162631,154686,1
15419,56420,3327,71839,18746,59747,0
41588,63135,44857,104723,86445,107992,1
88834,45239,87482,134073,176316,132721,1
37395,71117,37922,108512,75317,109039,1
6165,53498,6270,59663,12435,59768,0
34974,2073,30666,37047,65640,32739,0
28458,18919,50256,47377,78714,69175,0
51605,78546,58540,130151,110145,137086,1
1455,30621,12292,32076,13747,42913,0
81806,70012,22467,151818,104273,92479,1
32360,26499,40183,58859,72543,66682,1
14949,18148,5801,33097,20750,23949,1
51357,90930,39132,142287,90489,130062,0
36127,39483,98845,75610,134972,138328,0
56258,45142,63479,101400,119737,108621,1
92351,32293,45417,124644,137768,77710,0
82092,75823,94655,157915,176747,170478,1
25992,65287,37177,91279,63169,102464,0
70828,4436,63001,75264,133829,67437,0
47960,55015,34422,102975,82382,89437,1
60078,34275,99306,94353,159384,133581,0
57848,651,89256,58499,147104,89907,0
51061,33295,7170,84356,58231,40465,0
49410,63775,15931,113185,65341,79706,1
11738,34162,25987,45900,37725,60149,1
27446,97776,23639,125222,51085,121415,0
27325,2490,72770,29815,100095,75260,0
24873,24962,63670,49835,88543,88632,0
25150,76310,16676,101460,41826,92986,0
26696,88734,98386,115430,125082,187120,1
91995,25540,61595,117535,153590,87135,0
71060,92776,30541,163836,101601,123317,1
60275,82335,29711,142610,89986,112046,1
18405,54717,53040,73122,71445,107757,1
92247,71341,75688,163588,167935,147029,1
98421,43242,968,141663,99389,44210,0
975,1890,95416,2865,96391,97306,0
83348,68924,52758,152272,136106,121682,1
7324,10417,32069,17741,39393,42486,0
64517,50614,11264,115131,75781,61878,0
69908,83863,18724,153771,88632,102587,1
94337,79059,67943,173396,162280,147002,1
86286,60092,77576,146378,163862,137668,1
79874,64008,15620,143882,95494,79628,0
66055,63701,95533,129756,161588,159234,1
84926,24056,7080,108982,92006,31136,0
67673,92685,96251,160358,163924,188936,1
2354,1755,11580,4109,13934,13335,0
15190,55943,5427,71133,20617,61370,0
91108,44056,51393,135164,142501,95449,1
28629,71720,81067,100349,109696,152787,1
7654,12380,19125,20034,26779,31505,1
75882,44688,61266,120570,137148,105954,1
13607,74513,25963,88120,39570,100476,0
76203,72601,23438,148804,99641,96039,1
34186,12875,42723,47061,76909,55598,1
71681,80776,60849,152457,132530,141625,1
30333,85344,53144,115677,83477,138488,0
58835,61490,6327,120325,65162,67817,1
96575,8250,50724,104825,147299,58974,0
40148,45577,30281,85725,70429,75858,1
52751,86423,37259,139174,90010,123682,1
27923,33331,27562,61254,55485,60893,1
47386,92657,73607,140043,120993,166264,1
99676,51867,32660,151543,132336,84527,0
5612,3411,49202,9023,54814,52613,0
73041,57854,77123,130895,150164,134977,1
83809,70157,95992,153966,179801,166149,1
1417,87023,24442,88440,25859,111465,0
13522,6639,10618,20161,24140,17257,1
31508,40220,48590,71728,80098,88810,1
83297,1621,72128,84918,155425,73749,0
52161,25421,37537,77582,89698,62958,1
6412,50693,38289,57105,44701,88982,0
64901,37847,10841,102748,75742,48688,0
4140,48982,94054,53122,98194,143036,0
31848,48823,51987,80671,83835,100810,1
51631,45977,19276,97608,70907,65253,1
53905,67012,4033,120917,57938,71045,0
92982,42244,62499,135226,155481,104743,1
65329,54679,31489,120008,96818,86168,1
84789,41575,91362,126364,176151,132937,1
86257,23339,29183,109596,115440,52522,0
15543,85524,81053,101067,96596,166577,1
37366,53025,78006,90391,115372,131031,1
81769,29801,62663,111570,144432,92464,1
3793,58405,63598,62198,67391,122003,0
25071,94393,83308,119464,108379,177701,1
14535,9575,31067,24110,45602,40642,0
213,77761,74262,77974,74475,152023,0
50870,90621,84752,141491,135622,175373,1
49573,70082,87868,119655,137441,157950,1
35728,13602,52434,49330,88162,66036,0
90511,60621,31023,151132,121534,91644,1
50291,23942,48592,74233,98883,72534,1
81417,40827,63216,122244,144633,104043,1
35766,16622,69047,52388,104813,85669,0
49098,29972,2957,79070,52055,32929,0
25743,69176,9312,94919,35055,78488,0
16420,22418,23580,38838,40000,45998,1
42724,41553,913,84277,43637,42466,0
24395,36664,16601,61059,40996,53265,1
5808,12391,48782,18199,54590,61173,0
25902,10412,25538,36314,51440,35950,1
87200,23182,26524,110382,113724,49706,0
97083,10276,18853,107359,115936,29129,0
11979,54937,63571,66916,75550,118508,1
28830,75492,94541,104322,123371,170033,1
67674,67902,1258,135576,68932,69160,1
9701,84992,15054,94693,24755,100046,0
74616,1655,41526,76271,116142,43181,0
73611,29793,56802,103404,130413,86595,1
24906,27326,2441,52232,27347,29767,1
12202,83918,90673,96120,102875,174591,1
40449,83857,39788,124306,80237,123645,0
94661,71525,95585,166186,190246,167110,1
18778,31428,10798,50206,29576,42226,0
26837,66798,62070,93635,88907,128868,1
50631,51121,51566,101752,102197,102687,1
6517,79659,39903,86176,46420,119562,0
30279,80962,80929,111241,111208,161891,1
58670,35082,67815,93752,126485,102897,1
54424,58286,73186,112710,127610,131472,1
50360,3335,59771,53695,110131,63106,0
57992,5939,30567,63931,88559,36506,0
28988,25769,55983,54757,84971,81752,0
77338,5076,52120,82414,129458,57196,0
44816,90861,74380,135677,119196,165241,1
43194,14917,10975,58111,54169,25892,0
35327,67742,73150,103069,108477,140892,1
74112,32830,48469,106942,122581,81299,1
9205,47026,60747,56231,69952,107773,0
70767,48865,39291,119632,110058,88156,1
35729,37264,88980,72993,124709,126244,0
81559,95667,17225,177226,98784,112892,1
33702,28261,74157,61963,107859,102418,0
14561,54655,32962,69216,47523,87617,0
54327,3107,32962,57434,87289,36069,0
85419,71466,68979,156885,154398,140445,1
67385,81742,58602,149127,125987,140344,1
23627,61467,18030,85094,41657,79497,0
5896,62629,66439,68525,72335,129068,1
97598,48165,51246,145763,148844,99411,1
32139,98426,76005,130565,108144,174431,1
74106,13251,85415,87357,159521,98666,1
63865,2557,87133,66422,150998,89690,0
86668,82928,97485,169596,184153,180413,1
16213,29867,99684,46080,115897,129551,0
2851,2843,34883,5694,37734,37726,0
21481,73454,87156,94935,108637,160610,1
7849,78735,67005,86584,74854,145740,0
91190,25019,91378,116209,182568,116397,1
92420,91433,8977,183853,101397,100410,1
38807,18846,23047,57653,61854,41893,1
36900,35987,94104,72887,131004,130091,0
84519,28029,45201,112548,129720,73230,0
71530,55527,40916,127057,112446,96443,1
32728,68085,81738,100813,114466,149823,1
60310,71762,62751,132072,123061,134513,1
5553,27237,55860,32790,61413,83097,0
79760,64509,57486,144269,137246,121995,1
19566,99600,39450,119166,59016,139050,0
66210,85951,29516,152161,95726,115467,1
15082,82494,41925,97576,57007,124419,0
96259,42964,44052,139223,140311,87016,0
17529,15224,50398,32753,67927,65622,0
9610,69572,40986,79182,50596,110558,0
17947,9622,10440,27569,28387,20062,1
15112,43628,5498,58740,20610,49126,0
21939,98113,76510,120052,98449,174623,1
32566,42480,90852,75046,123418,133332,0
84605,23863,78506,108468,163111,102369,1
28979,74436,92786,103415,121765,167222,1
93802,46459,84009,140261,177811,130468,1
76540,25909,10039,102449,86579,35948,0
64952,36331,83042,101283,147994,119373,1
66696,62942,43463,129638,110159,106405,1
10696,22122,13218,32818,23914,35340,1
33286,4408,15795,37694,49081,20203,0
98059,50474,26335,148533,124394,76809,0
40646,56165,3180,96811,43826,59345,0
16018,39304,98007,55322,114025,137311,0
90914,90510,36594,181424,127508,127104,1
45671,52046,8207,97717,53878,60253,1
12135,59142,43942,71277,56077,103084,0
57914,68512,89537,126426,147451,158049,1
70640,75776,98470,146416,169110,174246,1
21793,6026,32424,27819,54217,38450,0
58696,29324,40129,88020,98825,69453,1
36063,3280,77221,39343,113284,80501,0
13718,51454,26421,65172,40139,77875,0
81609,8351,11096,89960,92705,19447,0
32664,9848,41350,42512,74014,51198,1
62259,16471,92059,78730,154318,108530,0
72937,25228,30954,98165,103891,56182,0
58202,36351,34191,94553,92393,70542,1
71164,50710,39689,121874,110853,90399,1
1933,33510,65275,35443,67208,98785,0
73206,95891,25406,169097,98612,121297,1
37944,52183,6769,90127,44713,58952,0
38505,40823,55945,79328,94450,96768,1
27468,20950,45237,48418,72705,66187,1
8629,90340,46501,98969,55130,136841,0
35795,53784,27934,89579,63729,81718,1
66023,50789,94015,116812,160038,144804,1
82819,12412,79427,95231,162246,91839,1
44177,50476,75847,94653,120024,126323,1
62001,67450,57194,129451,119195,124644,1
16454,85454,60807,101908,77261,146261,0
53824,69696,34138,123520,87962,103834,1
63500,49029,71625,112529,135125,120654,1
24959,75018,52641,99977,77600,127659,1
84768,97137,11527,181905,96295,108664,0
25199,94002,27926,119201,53125,121928,0
60479,40745,82556,101224,143035,123301,1
84969,41031,16690,126000,101659,57721,0
9871,42673,77996,52544,87867,120669,0
58713,41279,51274,99992,109987,92553,1
37076,32124,78687,69200,115763,110811,0
92666,60461,7946,153127,100612,68407,0
14551,32196,62707,46747,77258,94903,0
88830,39723,16796,128553,105626,56519,0
48590,52144,33658,100734,82248,85802,1
90854,90219,88388,181073,179242,178607,1
36309,62048,18917,98357,55226,80965,0
53634,84758,63045,138392,116679,147803,1
35479,73883,22626,109362,58105,96509,0
22468,55469,88045,77937,110513,143514,0
7439,18582,88969,26021,96408,107551,0
90590,19056,8094,109646,98684,27150,0
99948,21262,59817,121210,159765,81079,0
7355,36798,46094,44153,53449,82892,0
81789,48745,62967,130534,144756,111712,1
58683,87662,41541,146345,100224,129203,1
33224,54702,37214,87926,70438,91916,1
29387,59535,7240,88922,36627,66775,0
54281,58004,22308,112285,76589,80312,1
89620,43130,85995,132750,175615,129125,1
42341,94699,50958,137040,93299,145657,0
16699,85388,13815,102087,30514,99203,0
30195,18485,98853,48680,129048,117338,0
8980,379,74905,9359,83885,75284,0
41535,30065,1430,71600,42965,31495,0
8649,35610,11703,44259,20352,47313,0
28128,99901,30253,128029,58381,130154,0
18676,32972,27572,51648,46248,60544,1
73197,23108,49270,96305,122467,72378,0
99373,28952,87121,128325,186494,116073,1
27400,57640,81557,85040,108957,139197,1
56988,98774,48923,155762,105911,147697,1
32697,68696,84689,101393,117386,153385,1
3956,29169,77766,33125,81722,106935,0
19711,52952,49915,72663,69626,102867,1
55646,58730,81519,114376,137165,140249,1
93853,52852,11530,146705,105383,64382,0
91102,1042,40479,92144,131581,41521,0
85396,91294,53958,176690,139354,145252,1
2657,61348,58046,64005,60703,119394,0
34977,35522,89693,70499,124670,125215,0
87034,92512,62448,179546,149482,154960,1
53047,66226,88816,119273,141863,155042,1
50891,30027,44637,80918,95528,74664,1
2151,23855,95027,26006,97178,118882,0
70281,99675,80708,169956,150989,180383,1
31736,30091,88736,61827,120472,118827,0
6441,73884,1508,80325,7949,75392,0
3890,60286,87507,64176,91397,147793,0
38418,9523,66710,47941,105128,76233,0
61324,14718,60674,76042,121998,75392,1
42498,31321,79062,73819,121560,110383,0
85463,43435,96180,128898,181643,139615,1
42336,71341,39463,113677,81799,110804,1
8524,93016,45520,101540,54044,138536,0
21950,71087,83382,93037,105332,154469,1
44365,58727,10213,103092,54578,68940,0
74182,27643,76387,101825,150569,104030,1
94327,7043,39405,101370,133732,46448,0
94603,84328,58162,178931,152765,142490,1
83462,50302,25676,133764,109138,75978,0
38674,80094,26243,118768,64917,106337,0
51371,92202,21871,143573,73242,114073,0
74571,41960,32316,116531,106887,74276,0
51879,30836,64104,82715,115983,94940,1
85445,14388,32863,99833,118308,47251,0
67341,55118,3714,122459,71055,58832,0
89890,6085,10749,95975,100639,16834,0
62572,86209,42991,148781,105563,129200,1
18544,80649,24540,99193,43084,105189,0
52376,72247,74450,124623,126826,146697,1
57524,37044,70011,94568,127535,107055,1
59578,28722,84580,88300,144158,113302,1
11341,51347,38647,62688,49988,89994,0
30065,18287,87917,48352,117982,106204,0
90997,32204,77860,123201,168857,110064,1
32326,28469,83794,60795,116120,112263,0
79938,69457,26069,149395,106007,95526,1
74740,18831,60361,93571,135101,79192,1
47590,39148,91076,86738,138666,130224,0
12658,60689,80040,73347,92698,140729,0
19086,52888,51929,71974,71015,104817,1
94336,63650,18166,157986,112502,81816,0
63398,68951,36137,132349,99535,105088,1
24753,3281,82999,28034,107752,86280,0
22395,41371,56934,63766,79329,98305,1
47284,82394,34777,129678,82061,117171,0
72316,87336,26892,159652,99208,114228,1
83444,17710,35867,101154,119311,53577,0
19692,51134,15288,70826,34980,66422,0
20968,26592,59896,47560,80864,86488,0
57119,26672,58141,83791,115260,84813,1
67781,74815,80034,142596,147815,154849,1
36460,43122,81405,79582,117865,124527,0
42068,31094,49803,73162,91871,80897,1
87017,43594,2904,130611,89921,46498,0
83361,72252,2928,155613,86289,75180,0
95255,29556,32196,124811,127451,61752,0
13200,96941,35653,110141,48853,132594,0
18500,22451,30458,40951,48958,52909,1
77671,12566,97006,90237,174677,109572,0
80363,27269,21652,107632,102015,48921,0
58128,10,58242,58138,116370,58252,0
63430,44174,99796,107604,163226,143970,1
60138,89055,7863,149193,68001,96918,0
16196,68098,28122,84294,44318,96220,0
99081,16009,22725,115090,121806,38734,0
64223,39892,68452,104115,132675,108344,1
95073,58991,89671,154064,184744,148662,1
31894,90638,47553,122532,79447,138191,0
19366,71719,15674,91085,35040,87393,0
12629,27384,24932,40013,37561,52316,1
51443,98325,21583,149768,73026,119908,0
34646,66412,54470,101058,89116,120882,1
84381,43817,88703,128198,173084,132520,1
21056,51180,90172,72236,111228,141352,0
37709,30847,25049,68556,62758,55896,1
10634,21829,50745,32463,61379,72574,0
35599,24389,61316,59988,96915,85705,0
2951,83984,38736,86935,41687,122720,0
53378,5318,44926,58696,98304,50244,0
5368,95522,18315,100890,23683,113837,0
86870,69988,82529,156858,169399,152517,1
51972,30770,61962,82742,113934,92732,1
97654,28042,91465,125696,189119,119507,1
76890,70384,333,147274,77223,70717,0
34241,44110,47518,78351,81759,91628,1
63887,15943,76146,79830,140033,92089,1
76598,63417,41840,140015,118438,105257,1
73867,67711,37469,141578,111336,105180,1
90883,3925,41835,94808,132718,45760,0
22180,61260,91295,83440,113475,152555,0
91773,27711,95482,119484,187255,123193,1
75190,97866,89104,173056,164294,186970,1
35487,67511,58511,102998,93998,126022,1
46397,81693,89288,128090,135685,170981,1
44586,30848,97368,75434,141954,128216,0
59261,14551,83131,73812,142392,97682,0
8196,24237,95846,32433,104042,120083,0
69413,44127,78190,113540,147603,122317,1
44041,8222,95637,52263,139678,103859,0
2205,32930,2086,35135,4291,35016,0
58733,39140,65433,97873,124166,104573,1
18568,85365,13080,103933,31648,98445,0
90861,18453,64513,109314,155374,82966,0
69746,30962,30038,100708,99784,61000,0
38060,173,15288,38233,53348,15461,0
82845,74085,35874,156930,118719,109959,1
48919,45452,96944,94371,145863,142396,0
76464,21441,57395,97905,133859,78836,1
61614,33235,90341,94849,151955,123576,1
9736,76709,45872,86445,55608,122581,0
94827,2820,201,97647,95028,3021,0
9570,82654,90457,92224,100027,173111,1
43366,92524,88241,135890,131607,180765,1
32242,38232,18223,70474,50465,56455,1
28787,95401,56130,124188,84917,151531,0
33301,49615,54788,82916,88089,104403,1
47797,6223,5031,54020,52828,11254,0
4061,16855,82957,20916,87018,99812,0
9280,6927,87982,16207,97262,94909,0
15058,61174,50687,76232,65745,111861,1
83200,31483,32639,114683,115839,64122,0
5767,9692,44934,15459,50701,54626,0
36059,87732,35590,123791,71649,123322,0
71330,82406,51365,153736,122695,133771,1
17222,2313,6559,19535,23781,8872,0
89873,19806,71477,109679,161350,91283,1
23107,6350,42521,29457,65628,48871,0
14173,70831,16465,85004,30638,87296,0
41132,98399,31818,139531,72950,130217,0
90664,38222,97292,128886,187956,135514,1
14293,20288,87150,34581,101443,107438,0
30574,83863,76311,114437,106885,160174,1
9790,83009,19595,92799,29385,102604,0
90953,36142,24717,127095,115670,60859,0
40517,40610,80416,81127,120933,121026,1
44720,44935,60392,89655,105112,105327,1
16904,21969,51279,38873,68183,73248,0
93566,44249,50459,137815,144025,94708,1
14326,49812,69262,64138,83588,119074,0
26484,87982,29360,114466,55844,117342,0
47531,42960,25897,90491,73428,68857,1
48244,312,92794,48556,141038,93106,0
75760,68889,33394,144649,109154,102283,1
53378,43387,43246,96765,96624,86633,1
46456,1245,52443,47701,98899,53688,0
24981,59594,4060,84575,29041,63654,0
20215,41354,84709,61569,104924,126063,0
31034,39325,80233,70359,111267,119558,0
28260,78599,21107,106859,49367,99706,0
11560,81931,89781,93491,101341,171712,1
52672,58980,74389,111652,127061,133369,1
50751,47597,80289,98348,131040,127886,1
34432,90274,58593,124706,93025,148867,1
91762,96736,41789,188498,133551,138525,1
33011,28313,37453,61324,70464,65766,1
32570,85726,45564,118296,78134,131290,0
5282,26666,98576,31948,103858,125242,0
89596,52546,45890,142142,135486,98436,1
1706,57606,77314,59312,79020,134920,0
97149,19750,35792,116899,132941,55542,0
90965,97946,9637,188911,100602,107583,1
5,40723,6987,40728,6992,47710,0
51085,34711,32122,85796,83207,66833,1
16600,58445,82712,75045,99312,141157,0
87284,78468,77932,165752,165216,156400,1
38676,28192,54108,66868,92784,82300,1
57062,80201,44936,137263,101998,125137,1
81244,61138,52483,142382,133727,113621,1
95203,29942,55289,125145,150492,85231,0
92561,64701,39184,157262,131745,103885,1
88383,29262,94610,117645,182993,123872,1
59252,18944,81231,78196,140483,100175,0
91650,69217,10267,160867,101917,79484,0
54899,36811,53484,91710,108383,90295,1
69634,4515,64581,74149,134215,69096,0
90097,700,84879,90797,174976,85579,0
1265,50391,74703,51656,75968,125094,0
27957,47680,29398,75637,57355,77078,1
68145,59871,54892,128016,123037,114763,1
44460,95852,9912,140312,54372,105764,0
80221,40568,57380,120789,137601,97948,1
13837,41798,36239,55635,50076,78037,1
63759,58922,72200,122681,135959,131122,1
22452,49275,14938,71727,37390,64213,0
43420,19931,86425,63351,129845,106356,0
98653,54652,60041,153305,158694,114693,1
64311,645,65059,64956,129370,65704,0
18533,60849,45469,79382,64002,106318,1
23841,1941,21997,25782,45838,23938,1
13031,25110,10038,38141,23069,35148,0
39787,80497,71021,120284,110808,151518,1
21949,3071,66225,25020,88174,69296,0
17023,40502,93698,57525,110721,134200,0
95867,45626,16256,141493,112123,61882,0
98043,66742,33019,164785,131062,99761,1
71555,88833,21852,160388,93407,110685,1
53162,56932,34348,110094,87510,91280,1
57626,82909,49235,140535,106861,132144,1
48864,80634,56821,129498,105685,137455,1
98312,482,37428,98794,135740,37910,0
87736,6288,57202,94024,144938,63490,0
48383,28053,41921,76436,90304,69974,1
52103,80075,16079,132178,68182,96154,0
69858,87031,94462,156889,164320,181493,1
88353,58569,2329,146922,90682,60898,0
26760,97609,6282,124369,33042,103891,0
58409,82824,68817,141233,127226,151641,1
35912,36136,88766,72048,124678,124902,0
49625,3362,82690,52987,132315,86052,0
17977,89583,23731,107560,41708,113314,0
90634,24217,77100,114851,167734,101317,1
12479,90211,17151,102690,29630,107362,0
16650,78191,95228,94841,111878,173419,0
31600,824,26141,32424,57741,26965,0
34183,69126,62308,103309,96491,131434,1
2101,40570,18630,42671,20731,59200,0
96441,12562,55641,109003,152082,68203,0
43088,1873,54587,44961,97675,56460,0
50189,29728,66062,79917,116251,95790,1
11477,48702,19691,60179,31168,68393,0
14959,69126,34898,84085,49857,104024,0
69841,69798,39715,139639,109556,109513,1
72883,61008,62572,133891,135455,123580,1
34222,41063,34029,75285,68251,75092,1
22511,67289,98170,89800,120681,165459,0
87919,38032,2081,125951,90000,40113,0
19733,26532,58477,46265,78210,85009,0
22091,20411,46357,42502,68448,66768,0
64608,35309,92220,99917,156828,127529,1
3651,17436,44744,21087,48395,62180,0
8720,65992,73721,74712,82441,139713,1
1950,38974,58068,40924,60018,97042,0
38787,94376,32692,133163,71479,127068,0
15316,4234,79334,19550,94650,83568,0
24978,62761,10438,87739,35416,73199,0
60940,93822,99940,154762,160880,193762,1
50012,40180,44464,90192,94476,84644,1
17901,68764,90040,86665,107941,158804,0
15079,90709,16034,105788,31113,106743,0
82659,68522,34999,151181,117658,103521,1
75056,49906,35954,124962,111010,85860,1
15672,70547,89049,86219,104721,159596,0
52860,72926,67622,125786,120482,140548,1
71963,69958,43473,141921,115436,113431,1
42323,41994,26818,84317,69141,68812,1
1052,74176,24210,75228,25262,98386,0
49801,11777,78082,61578,127883,89859,0
40316,99876,18919,140192,59235,118795,0
39502,52783,69444,92285,108946,122227,1
7290,14051,52069,21341,59359,66120,0
27781,79665,74501,107446,102282,154166,1
59017,86313,99988,145330,159005,186301,1
48431,38984,59765,87415,108196,98749,1
97745,48095,42663,145840,140408,90758,0
438,29337,44887,29775,45325,74224,0
59515,22692,62114,82207,121629,84806,1
20294,92992,31076,113286,51370,124068,0
28547,98128,23354,126675,51901,121482,0
55347,33449,55152,88796,110499,88601,1
92096,57599,49299,149695,141395,106898,1
71635,78331,85116,149966,156751,163447,1
92075,22774,28618,114849,120693,51392,0
74256,16812,78248,91068,152504,95060,1
95861,68573,51100,164434,146961,119673,1
36021,98901,77117,134922,113138,176018,1
44069,71498,94573,115567,138642,166071,1
8391,26854,87888,35245,96279,114742,0
61237,86527,70291,147764,131528,156818,1
25076,9342,14674,34418,39750,24016,0
96433,45884,91180,142317,187613,137064,1
23554,13544,23139,37098,46693,36683,1
2172,84165,84576,86337,86748,168741,1
63348,21948,95244,85296,158592,117192,0
18578,68866,20778,87444,39356,89644,0
47676,16950,54770,64626,102446,71720,1
7632,58768,56393,66400,64025,115161,1
95291,65226,42304,160517,137595,107530,1
22647,61020,34701,83667,57348,95721,0
66530,33345,22819,99875,89349,56164,0
38765,47334,10181,86099,48946,57515,1
84234,57678,30257,141912,114491,87935,1
11735,55212,80075,66947,91810,135287,0
79457,38116,8862,117573,88319,46978,0
83362,60540,83747,143902,167109,144287,1
4141,28968,53883,33109,58024,82851,0
60944,4386,24670,65330,85614,29056,0
67263,2232,27348,69495,94611,29580,0
1018,77455,28212,78473,29230,105667,0
17199,84975,7919,102174,25118,92894,0
57653,26570,40553,84223,98206,67123,1
86862,67109,52842,153971,139704,119951,1
81564,36630,35485,118194,117049,72115,0
46850,28832,74588,75682,121438,103420,1
4169,63815,33804,67984,37973,97619,0
96603,25285,45199,121888,141802,70484,0
3692,28246,81529,31938,85221,109775,0
44026,30503,50326,74529,94352,80829,1
62360,34735,43631,97095,105991,78366,1
13017,52790,78354,65807,91371,131144,0
42700,31997,10612,74697,53312,42609,0
39082,37888,28918,76970,68000,66806,1
40082,82812,35487,122894,75569,118299,0
82626,82531,49169,165157,131795,131700,1
24617,37082,85082,61699,109699,122164,0
23065,17596,21223,40661,44288,38819,1
89607,75568,55990,165175,145597,131558,1
11405,27979,40958,39384,52363,68937,0
11152,32768,66024,43920,77176,98792,0
63571,97552,32331,161123,95902,129883,0
19250,74342,73479,93592,92729,147821,1
44487,99338,15721,143825,60208,115059,0
94011,82983,37627,176994,131638,120610,1
56745,27348,59117,84093,115862,86465,1
77621,68381,6700,146002,84321,75081,0
69178,43611,33507,112789,102685,77118,1
68842,77088,98044,145930,166886,175132,1
13350,20886,66480,34236,79830,87366,0
135,76139,59655,76274,59790,135794,0
64568,41433,73488,106001,138056,114921,1
68046,5448,241,73494,68287,5689,0
99969,28788,84707,128757,184676,113495,1
73507,53644,61395,127151,134902,115039,1
9362,84545,28453,93907,37815,112998,0
55291,28030,96707,83321,151998,124737,0
46555,22975,96453,69530,143008,119428,0
12394,12736,94337,25130,106731,107073,0
46064,75306,47377,121370,93441,122683,1
25692,68168,5308,93860,31000,73476,0
68275,95315,89041,163590,157316,184356,1
52604,65835,54140,118439,106744,119975,1
27523,83466,6063,110989,33586,89529,0
24663,39584,6887,64247,31550,46471,0
4363,5031,24837,9394,29200,29868,0
91579,3966,17355,95545,108934,21321,0
81523,44434,55713,125957,137236,100147,1
31621,65811,1928,97432,33549,67739,0
763,16276,45088,17039,45851,61364,0
55284,99502,23814,154786,79098,123316,0
24136,79862,54547,103998,78683,134409,0
93976,7673,94828,101649,188804,102501,1
81742,2749,52045,84491,133787,54794,0
11847,35863,37286,47710,49133,73149,1
42623,1407,58756,44030,101379,60163,0
5443,54516,85158,59959,90601,139674,0
24956,53559,93439,78515,118395,146998,0
96590,10662,34817,107252,131407,45479,0
12107,44045,25357,56152,37464,69402,0
11523,56667,68584,68190,80107,125251,0
5686,32435,76836,38121,82522,109271,0
81659,24660,15944,106319,97603,40604,0
80393,73371,16337,153764,96730,89708,1
85308,84552,47966,169860,133274,132518,1
34976,9956,97455,44932,132431,107411,0
55071,76880,57553,131951,112624,134433,1
72313,590,32523,72903,104836,33113,0
83478,42951,25160,126429,108638,68111,0
7069,33099,86366,40168,93435,119465,0
70563,62990,2240,133553,72803,65230,0
38235,73059,57921,111294,96156,130980,1
62228,34278,57052,96506,119280,91330,1
73903,92813,99373,166716,173276,192186,1
99684,91325,43980,191009,143664,135305,1
50477,21089,56483,71566,106960,77572,1
65221,54229,47052,119450,112273,101281,1
69878,97151,59685,167029,129563,156836,1
24605,18162,4664,42767,29269,22826,0
10689,56454,23842,67143,34531,80296,0
87300,42158,20604,129458,107904,62762,0
70619,64801,51183,135420,121802,115984,1
5342,58276,14573,63618,19915,72849,0
78181,77713,58152,155894,136333,135865,1
16239,95874,97941,112113,114180,193815,1
24115,2363,49172,26478,73287,51535,0
32858,75242,78130,108100,110988,153372,1
52977,63626,69787,116603,122764,133413,1
15135,50934,77390,66069,92525,128324,0
356,70824,38567,71180,38923,109391,0
44173,55661,99956,99834,144129,155617,0
95321,29609,28093,124930,123414,57702,0
32184,55060,91212,87244,123396,146272,0
81797,48163,52143,129960,133940,100306,1
58590,71155,11546,129745,70136,82701,0
62661,1420,30160,64081,92821,31580,0
87296,32981,10461,120277,97757,43442,0
73625,84274,92498,157899,166123,176772,1
9907,71060,49352,80967,59259,120412,0
99284,28813,77570,128097,176854,106383,1
23339,96326,26716,119665,50055,123042,0
50135,65190,60031,115325,110166,125221,1
41163,94206,11644,135369,52807,105850,0
10468,79800,17616,90268,28084,97416,0
60111,11289,45132,71400,105243,56421,0
1931,78700,8844,80631,10775,87544,0
51028,50897,22298,101925,73326,73195,1
90151,15750,37755,105901,127906,53505,0
37505,6636,57509,44141,95014,64145,0
49370,78634,78418,128004,127788,157052,1
51572,413,45242,51985,96814,45655,0
14277,49683,68336,63960,82613,118019,0
49145,39821,13096,88966,62241,52917,1
40987,16939,15645,57926,56632,32584,0
71696,51049,65735,122745,137431,116784,1
43041,95072,48278,138113,91319,143350,0
70035,80017,33004,150052,103039,113021,1
10730,46448,89529,57178,100259,135977,0
71802,57199,94219,129001,166021,151418,1
48033,67757,60235,115790,108268,127992,1
18958,25742,85734,44700,104692,111476,0
26184,61803,9409,87987,35593,71212,0
11900,9704,35185,21604,47085,44889,0
74481,38876,2563,113357,77044,41439,0
18588,91604,91209,110192,109797,182813,1
68896,15406,60390,84302,129286,75796,1
17362,98490,37753,115852,55115,136243,0
91584,73722,10436,165306,102020,84158,0
68789,12832,98097,81621,166886,110929,0
81491,59516,43517,141007,125008,103033,1
78344,78226,15057,156570,93401,93283,1
2074,53439,64265,55513,66339,117704,0
53871,66338,15717,120209,69588,82055,1
19944,95810,9656,115754,29600,105466,0
91810,89689,91487,181499,183297,181176,1
56102,47564,3413,103666,59515,50977,0
30611,26519,54321,57130,84932,80840,1
40793,63979,55027,104772,95820,119006,1
19229,2255,87070,21484,106299,89325,0
90612,35586,66841,126198,157453,102427,1
21187,83372,13589,104559,34776,96961,0
90167,64901,67137,155068,157304,132038,1
85302,39156,83541,124458,168843,122697,1
40085,4812,94284,44897,134369,99096,0
85245,19036,1963,104281,87208,20999,0
91913,50842,14286,142755,106199,65128,0
57701,65570,64168,123271,121869,129738,1
22920,1409,78649,24329,101569,80058,0
56688,36222,72321,92910,129009,108543,1
88252,40257,30147,128509,118399,70404,0
10728,55594,24259,66322,34987,79853,0
44247,87460,62767,131707,107014,150227,1
28209,81976,42897,110185,71106,124873,0
24103,45989,12249,70092,36352,58238,0
44896,40979,46879,85875,91775,87858,1
63969,48672,77968,112641,141937,126640,1
49590,81365,57429,130955,107019,138794,1
16733,12008,6907,28741,23640,18915,1
73083,48562,51103,121645,124186,99665,1
64636,75403,56473,140039,121109,131876,1
26829,3546,77797,30375,104626,81343,0
40291,33688,59902,73979,100193,93590,1
71324,83703,3783,155027,75107,87486,0
32509,9105,63746,41614,96255,72851,0
33313,51595,20647,84908,53960,72242,1
28276,90777,52953,119053,81229,143730,0
96038,75429,54381,171467,150419,129810,1
68326,70723,36586,139049,104912,107309,1
46407,66321,62230,112728,108637,128551,1
84209,52690,95402,136899,179611,148092,1
9774,45255,93178,55029,102952,138433,0
94847,86598,35085,181445,129932,121683,1
27839,84759,40158,112598,67997,124917,0
22501,24771,86614,47272,109115,111385,0
31610,94477,17712,126087,49322,112189,0
1348,58535,20568,59883,21916,79103,0
24579,21939,43287,46518,67866,65226,1
79191,18949,58820,98140,138011,77769,0
85845,39724,79571,125569,165416,119295,1
19044,42831,67031,61875,86075,109862,0
31194,84996,4128,116190,35322,89124,0
1052,82775,93586,83827,94638,176361,0
84587,91088,22711,175675,107298,113799,1
94469,84305,36155,178774,130624,120460,1
67398,86838,43425,154236,110823,130263,1
25977,83833,47395,109810,73372,131228,0
41884,25142,65206,67026,107090,90348,1
88313,1613,40769,89926,129082,42382,0
24787,95517,555,120304,25342,96072,0
66581,99095,6014,165676,72595,105109,0
97639,47382,6389,145021,104028,53771,0
12678,91845,42754,104523,55432,134599,0
18428,92889,43381,111317,61809,136270,0
57400,24406,76860,81806,134260,101266,1
75534,59109,5244,134643,80778,64353,0
29370,29292,66279,58662,95649,95571,0
11483,95536,33650,107019,45133,129186,0
43561,53995,81606,97556,125167,135601,1
78541,46739,76759,125280,155300,123498,1
53156,14400,34566,67556,87722,48966,0
99458,76862,84409,176320,183867,161271,1
95542,11507,42836,107049,138378,54343,0
1418,75961,34958,77379,36376,110919,0
20792,97254,34759,118046,55551,132013,0
47506,35209,22673,82715,70179,57882,1
22000,70958,74985,92958,96985,145943,1
97104,36107,19301,133211,116405,55408,0
91011,50747,20297,141758,111308,71044,0
32011,96933,54867,128944,86878,151800,0
99153,89007,66751,188160,165904,155758,1
60274,14308,55705,74582,115979,70013,1
60353,77713,79502,138066,139855,157215,1
51592,75474,49639,127066,101231,125113,1
93286,14885,78535,108171,171821,93420,1
24571,21818,45612,46389,70183,67430,1
79737,50943,74316,130680,154053,125259,1
37147,90204,47679,127351,84826,137883,0
56232,53711,36469,109943,92701,90180,1
23138,34380,42945,57518,66083,77325,1
51793,38647,6303,90440,58096,44950,0
69490,11818,52653,81308,122143,64471,0
40488,82788,12763,123276,53251,95551,0
73516,92967,51174,166483,124690,144141,1
10008,18604,54585,28612,64593,73189,0
7113,71523,63887,78636,71000,135410,0
19918,44113,29186,64031,49104,73299,1
43393,87195,69736,130588,113129,156931,1
54843,70437,42338,125280,97181,112775,1
64162,33372,84015,97534,148177,117387,1
16577,33194,82363,49771,98940,115557,0
69364,44252,49868,113616,119232,94120,1
91582,88170,10246,179752,101828,98416,1
26648,49362,94163,76010,120811,143525,0
2609,6848,67307,9457,69916,74155,0
84242,47174,20540,131416,104782,67714,0
51719,54334,29795,106053,81514,84129,1
12738,32997,34765,45735,47503,67762,1
49366,60484,48081,109850,97447,108565,1
98865,66906,91430,165771,190295,158336,1
25076,79699,86820,104775,111896,166519,1
29376,18328,21020,47704,50396,39348,1
80363,96517,70660,176880,151023,167177,1
22727,96416,66344,119143,89071,162760,0
57388,79316,3942,136704,61330,83258,0
46025,15576,1348,61601,47373,16924,0
64002,90603,27889,154605,91891,118492,1
25573,34192,1302,59765,26875,35494,0
97554,981,67667,98535,165221,68648,0
67477,45703,44255,113180,111732,89958,1
86592,72455,42155,159047,128747,114610,1
48080,2405,39429,50485,87509,41834,0
58394,78866,46794,137260,105188,125660,1
72176,15691,99407,87867,171583,115098,0
8900,430,50121,9330,59021,50551,0
5632,23510,96833,29142,102465,120343,0
45584,48401,61906,93985,107490,110307,1
81635,99034,20870,180669,102505,119904,1
45619,24577,17728,70196,63347,42305,0
50983,45954,74165,96937,125148,120119,1
24741,53323,78746,78064,103487,132069,0
83739,69035,979,152774,84718,70014,0
19646,30668,37596,50314,57242,68264,1
4082,51808,36760,55890,40842,88568,0
98186,93613,14951,191799,113137,108564,1
21021,63605,39862,84626,60883,103467,0
80857,89092,59905,169949,140762,148997,1
84606,74721,97261,159327,181867,171982,1
62338,71692,73626,134030,135964,145318,1
27124,68245,35106,95369,62230,103351,0
73583,83999,30370,157582,103953,114369,1
64662,1474,14163,66136,78825,15637,0
90210,73611,30353,163821,120563,103964,1
2573,50495,46162,53068,48735,96657,0
15664,38853,59005,54517,74669,97858,0
26949,58972,62159,85921,89108,121131,1
54514,26418,50073,80932,104587,76491,1
63645,82474,93709,146119,157354,176183,1
55033,27867,78737,82900,133770,106604,1
93138,29208,67493,122346,160631,96701,1
39402,43834,72152,83236,111554,115986,1
48367,62243,37307,110610,85674,99550,1
70585,5503,28768,76088,99353,34271,0
67543,92555,67829,160098,135372,160384,1
54698,76942,50131,131640,104829,127073,1
25363,42520,50062,67883,75425,92582,1
6506,76835,43781,83341,50287,120616,0
68829,32615,92478,101444,161307,125093,1
15989,41424,36383,57413,52372,77807,1
35613,41878,91015,77491,126628,132893,0
45540,77391,11771,122931,57311,89162,0
75446,38625,78320,114071,153766,116945,1
33054,64530,90682,97584,123736,155212,1
1290,6346,97838,7636,99128,104184,0
46065,64540,29325,110605,75390,93865,1
85527,29124,82886,114651,168413,112010,1
9411,84989,82829,94400,92240,167818,1
6904,43275,46646,50179,53550,89921,1
94362,31667,58985,126029,153347,90652,0
54730,36352,99323,91082,154053,135675,0
72076,77704,75079,149780,147155,152783,1
11213,28068,32533,39281,43746,60601,1
65057,36009,71732,101066,136789,107741,1
15802,34478,30758,50280,46560,65236,1
40400,42344,94593,82744,134993,136937,0
30305,20420,9059,50725,39364,29479,0
49881,24231,23062,74112,72943,47293,0
35142,43087,27244,78229,62386,70331,1
57645,64614,60022,122259,117667,124636,1
36577,30915,23180,67492,59757,54095,1
27586,19009,73193,46595,100779,92202,0
12292,73504,64314,85796,76606,137818,1
864,26006,3128,26870,3992,29134,0
19771,93479,19454,113250,39225,112933,0
29955,68612,20693,98567,50648,89305,0
1086,62539,66702,63625,67788,129241,0
74478,43996,9220,118474,83698,53216,0
50604,81386,91052,131990,141656,172438,1
21219,36473,77197,57692,98416,113670,0
86388,48448,11917,134836,98305,60365,0
52305,56341,74143,108646,126448,130484,1
40047,6988,2892,47035,42939,9880,0
14146,73366,17950,87512,32096,91316,0
8463,79611,21013,88074,29476,100624,0
87563,45318,66173,132881,153736,111491,1
41839,38854,75877,80693,117716,114731,1
44082,75440,90906,119522,134988,166346,1
28663,51954,43404,80617,72067,95358,1
6700,11305,55991,18005,62691,67296,0
20434,15750,76478,36184,96912,92228,0
51237,83767,48778,135004,100015,132545,1
31233,77262,81059,108495,112292,158321,1
38163,52136,59006,90299,97169,111142,1
65569,26166,35859,91735,101428,62025,0
40501,18412,27068,58913,67569,45480,1
26876,71542,52638,98418,79514,124180,1
69569,99948,5955,169517,75524,105903,0
53606,79158,90865,132764,144471,170023,1
42756,7009,68574,49765,111330,75583,0
70145,65673,21671,135818,91816,87344,1
93257,74606,96471,167863,189728,171077,1
7404,24780,41714,32184,49118,66494,0
57329,37036,14730,94365,72059,51766,0
58375,88999,54636,147374,113011,143635,1
75316,15268,55085,90584,130401,70353,0
74359,25186,64913,99545,139272,90099,1
26839,24655,75955,51494,102794,100610,0
76942,43046,43319,119988,120261,86365,1
65499,47280,74134,112779,139633,121414,1
86960,916,11173,87876,98133,12089,0
40489,96716,26525,137205,67014,123241,0
90033,76759,89192,166792,179225,165951,1
15861,41732,22058,57593,37919,63790,0
96255,832,12704,97087,108959,13536,0
2941,44519,26712,47460,29653,71231,0
29912,25289,92818,55201,122730,118107,0
50040,60258,97570,110298,147610,157828,1
88937,66351,74829,155288,163766,141180,1
95041,84839,29628,179880,124669,114467,1
32663,85460,33069,118123,65732,118529,0
45294,12807,61703,58101,106997,74510,0
73851,20372,4115,94223,77966,24487,0
73076,43246,84579,116322,157655,127825,1
70807,24072,77041,94879,147848,101113,1
75523,58613,84909,134136,160432,143522,1
87596,87475,18352,175071,105948,105827,1
40980,76850,65500,117830,106480,142350,1
9098,27641,7280,36739,16378,34921,0
92958,7526,39974,100484,132932,47500,0
15310,48419,56122,63729,71432,104541,1
87635,42344,84111,129979,171746,126455,1
33991,20662,19139,54653,53130,39801,1
6495,1940,9050,8435,15545,10990,0
24232,40261,47411,64493,71643,87672,1
31470,33296,59751,64766,91221,93047,1
28858,44161,97865,73019,126723,142026,0
58312,39225,64612,97537,122924,103837,1
27472,31224,63991,58696,91463,95215,0
15836,62815,41884,78651,57720,104699,0
6906,80306,77171,87212,84077,157477,1
33372,90852,80243,124224,113615,171095,1
71280,89625,79489,160905,150769,169114,1
47135,40129,51612,87264,98747,91741,1
12128,2745,68452,14873,80580,71197,0
79884,18687,80085,98571,159969,98772,1
32572,111,9982,32683,42554,10093,0
31178,37011,73475,68189,104653,110486,0
41631,37222,81994,78853,123625,119216,0
14838,47590,96368,62428,111206,143958,0
56782,17781,19706,74563,76488,37487,0
27506,86265,96916,113771,124422,183181,1
68112,71075,76548,139187,144660,147623,1
38261,26822,19927,65083,58188,46749,1
63920,53811,92174,117731,156094,145985,1
17594,21810,886,39404,18480,22696,0
58079,36744,32542,94823,90621,69286,1
33921,93848,38252,127769,72173,132100,0
66578,20043,86751,86621,153329,106794,0
1047,35043,15688,36090,16735,50731,0
63493,36319,8666,99812,72159,44985,0
92097,37639,84548,129736,176645,122187,1
6996,94811,2273,101807,9269,97084,0
38754,64045,30186,102799,68940,94231,1
39681,70425,88442,110106,128123,158867,1
85074,35313,69251,120387,154325,104564,1
75001,47952,30549,122953,105550,78501,1
70930,87680,28689,158610,99619,116369,1
49852,40612,80328,90464,130180,120940,1
9852,70337,89159,80189,99011,159496,0
91001,63706,5632,154707,96633,69338,0
60851,51114,82023,111965,142874,133137,1
31686,12203,36154,43889,67840,48357,1
42177,13373,94423,55550,136600,107796,0
47823,17424,2228,65247,50051,19652,0
56577,44945,75494,101522,132071,120439,1
32393,80179,16185,112572,48578,96364,0
84395,61505,94099,145900,178494,155604,1
61192,99351,1507,160543,62699,100858,0
92561,36698,38186,129259,130747,74884,0
39512,50789,67166,90301,106678,117955,1
86515,73605,21091,160120,107606,94696,1
78484,69382,7214,147866,85698,76596,0
95692,21450,60418,117142,156110,81868,0
42169,253,89540,42422,131709,89793,0
78631,41834,82262,120465,160893,124096,1
93823,33480,13144,127303,106967,46624,0
46587,7661,16356,54248,62943,24017,0
82482,66797,11725,149279,94207,78522,0
30800,89461,25619,120261,56419,115080,0
51381,15356,41969,66737,93350,57325,1
5426,4797,62830,10223,68256,67627,0
37999,5787,31037,43786,69036,36824,0
35538,46460,49084,81998,84622,95544,1
59598,40813,89380,100411,148978,130193,1
78592,75377,87020,153969,165612,162397,1
45524,600,57412,46124,102936,58012,0
88152,25066,85405,113218,173557,110471,1
91027,93775,253,184802,91280,94028,0
64135,45963,21909,110098,86044,67872,1
94653,56212,10253,150865,104906,66465,0
74914,3349,9080,78263,83994,12429,0
25719,16051,90951,41770,116670,107002,0
65135,43918,27327,109053,92462,71245,1
71072,67032,53832,138104,124904,120864,1
38957,48347,9055,87304,48012,57402,0
72507,78236,32093,150743,104600,110329,1
4923,93360,52186,98283,57109,145546,0
44951,38809,3031,83760,47982,41840,0
40082,180,64955,40262,105037,65135,0
13775,81954,35802,95729,49577,117756,0
60589,42432,75285,103021,135874,117717,1
13668,65918,74496,79586,88164,140414,1
11498,74425,2042,85923,13540,76467,0
45001,53808,64521,98809,109522,118329,1
24405,94031,2116,118436,26521,96147,0
60956,53639,68658,114595,129614,122297,1
96904,75842,95182,172746,192086,171024,1
731,9779,22006,10510,22737,31785,0
54184,52580,45099,106764,99283,97679,1
64255,37613,70180,101868,134435,107793,1
33819,17303,5752,51122,39571,23055,0
36488,94422,85454,130910,121942,179876,1
80439,57597,92425,138036,172864,150022,1
28888,25595,30750,54483,59638,56345,1
24061,26349,50523,50410,74584,76872,0
11028,89695,92165,100723,103193,181860,1
72824,99390,73776,172214,146600,173166,1
27560,6314,55668,33874,83228,61982,0
41138,10601,90375,51739,131513,100976,0
21504,3258,50923,24762,72427,54181,0
98617,55022,15744,153639,114361,70766,0
40832,15541,98312,56373,139144,113853,0
3801,83331,23825,87132,27626,107156,0
60184,91437,4834,151621,65018,96271,0
87398,11305,95571,98703,182969,106876,1
36496,93150,5138,129646,41634,98288,0
54672,92512,73846,147184,128518,166358,1
62122,69008,32935,131130,95057,101943,1
87373,99776,30197,187149,117570,129973,1
53387,67980,29253,121367,82640,97233,1
21889,88772,33970,110661,55859,122742,0
33564,90443,62441,124007,96005,152884,1
20733,17119,64475,37852,85208,81594,0
68181,30508,40543,98689,108724,71051,1
17346,75711,32627,93057,49973,108338,0
47800,53886,56792,101686,104592,110678,1
86994,85372,24330,172366,111324,109702,1
39374,51689,57801,91063,97175,109490,1
46546,349,76253,46895,122799,76602,0
78979,19732,5990,98711,84969,25722,0
1538,16724,28303,18262,29841,45027,0
28593,65168,89461,93761,118054,154629,1
34204,80868,87979,115072,122183,168847,1
76191,68648,85437,144839,161628,154085,1
62818,18501,62030,81319,124848,80531,1
36956,40465,95169,77421,132125,135634,0
9532,38535,35444,48067,44976,73979,1
85182,86163,45169,171345,130351,131332,1
51798,94267,36353,146065,88151,130620,0
72757,91974,43926,164731,116683,135900,1
37229,78543,13905,115772,51134,92448,0
31365,78887,55093,110252,86458,133980,1
32973,29539,22678,62512,55651,52217,1
53861,55654,6124,109515,59985,61778,1
35221,37675,25554,72896,60775,63229,1
53351,80709,51246,134060,104597,131955,1
74881,32687,69,107568,74950,32756,0
90951,83756,17620,174707,108571,101376,1
97639,32036,52617,129675,150256,84653,0
78612,50456,50468,129068,129080,100924,1
94184,575,42438,94759,136622,43013,0
11600,58309,5323,69909,16923,63632,0
62506,74277,40773,136783,103279,115050,1
83661,62179,95144,145840,178805,157323,1
34514,17807,93403,52321,127917,111210,0
76456,89157,15701,165613,92157,104858,1
64295,9961,44659,74256,108954,54620,0
16836,39130,37763,55966,54599,76893,1
18346,40889,2945,59235,21291,43834,0
44833,4411,92593,49244,137426,97004,0
26660,35379,28218,62039,54878,63597,1
25938,72204,57920,98142,83858,130124,1
87910,88281,7884,176191,95794,96165,1
20463,89256,33536,109719,53999,122792,0
25652,30757,68961,56409,94613,99718,0
20514,89050,54347,109564,74861,143397,0
94197,49686,70756,143883,164953,120442,1
83102,46871,70120,129973,153222,116991,1
19615,40981,93659,60596,113274,134640,0
55952,7807,29024,63759,84976,36831,0
17273,42771,38677,60044,55950,81448,1
86977,92829,91678,179806,178655,184507,1
58770,36626,65728,95396,124498,102354,1
68019,3448,79990,71467,148009,83438,0
7463,20492,26597,27955,34060,47089,1
35456,70249,94092,105705,129548,164341,1
21689,7277,23434,28966,45123,30711,1
35164,49671,55407,84835,90571,105078,1
34631,8122,82994,42753,117625,91116,0
61498,9263,92879,70761,154377,102142,0
56398,95352,2293,151750,58691,97645,0
66713,34243,29041,100956,95754,63284,0
83360,11064,96630,94424,179990,107694,0
79352,27403,47931,106755,127283,75334,0
76755,50669,41496,127424,118251,92165,1
59880,42905,60060,102785,119940,102965,1
36385,86598,95,122983,36480,86693,0
37780,95152,5032,132932,42812,100184,0
25929,62224,75738,88153,101667,137962,1
96922,96601,79326,193523,176248,175927,1
76588,32571,37027,109159,113615,69598,0
78954,78227,49225,157181,128179,127452,1
53193,51897,63120,105090,116313,115017,1
44950,11948,10760,56898,55710,22708,0
43541,80885,26403,124426,69944,107288,0
18498,62512,65527,81010,84025,128039,1
89264,15519,44046,104783,133310,59565,0
98801,78541,4786,177342,103587,83327,0
27113,93953,40824,121066,67937,134777,0
73702,4950,34809,78652,108511,39759,0
39773,59001,41199,98774,80972,100200,1
79345,49060,36095,128405,115440,85155,1
83788,2924,33730,86712,117518,36654,0
5540,92220,67003,97760,72543,159223,0
22262,59836,82953,82098,105215,142789,0
48512,48377,14471,96889,62983,62848,1
25967,30630,46850,56597,72817,77480,1
69861,20942,75215,90803,145076,96157,1
70128,28169,44588,98297,114716,72757,1
76317,86580,6140,162897,82457,92720,0
14226,12585,5973,26811,20199,18558,1
65166,809,70587,65975,135753,71396,0
20762,29378,42482,50140,63244,71860,1
59492,76372,29110,135864,88602,105482,1
5967,98336,45812,104303,51779,144148,0
81833,91167,80463,173000,162296,171630,1
67313,92858,30627,160171,97940,123485,1
54702,91062,3850,145764,58552,94912,0
1255,31253,38134,32508,39389,69387,0
88595,54663,36812,143258,125407,91475,1
75158,55757,2117,130915,77275,57874,0
39132,47399,10540,86531,49672,57939,1
48579,23549,16722,72128,65301,40271,0
36522,39124,64039,75646,100561,103163,1
50453,9304,23979,59757,74432,33283,0
17847,56714,77396,74561,95243,134110,0
74894,4601,40665,79495,115559,45266,0
40287,7966,60571,48253,100858,68537,0
36623,46400,56285,83023,92908,102685,1
94673,13874,60276,108547,154949,74150,0
59401,62612,13971,122013,73372,76583,1
95440,72446,19497,167886,114937,91943,0
59484,17226,52837,76710,112321,70063,1
66033,56262,43433,122295,109466,99695,1
73866,26582,23556,100448,97422,50138,0
42809,24967,54101,67776,96910,79068,1
22328,24726,63755,47054,86083,88481,0
65156,31285,82824,96441,147980,114109,1
11293,418,39923,11711,51216,40341,0
39441,83226,39176,122667,78617,122402,0
60833,37161,2622,97994,63455,39783,0
58180,554,40278,58734,98458,40832,0
87038,12308,33760,99346,120798,46068,0
94675,14675,31884,109350,126559,46559,0
80661,51581,75520,132242,156181,127101,1
99912,91720,86179,191632,186091,177899,1
79074,16953,69340,96027,148414,86293,1
42382,6403,3817,48785,46199,10220,0
26921,92914,85347,119835,112268,178261,1
86848,69373,8140,156221,94988,77513,0
26866,34693,42175,61559,69041,76868,1
45302,9636,45813,54938,91115,55449,1
81931,36476,6535,118407,88466,43011,0
3933,13922,74417,17855,78350,88339,0
11765,98134,99200,109899,110965,197334,1
63891,62919,18767,126810,82658,81686,1
82474,57463,98788,139937,181262,156251,1
740,79333,4387,80073,5127,83720,0
91685,54893,33915,146578,125600,88808,0
6566,16582,33345,23148,39911,49927,0
55183,4526,61150,59709,116333,65676,0
80578,68752,2396,149330,82974,71148,0
7128,36275,17720,43403,24848,53995,0
62052,93568,27834,155620,89886,121402,0
11150,27529,37760,38679,48910,65289,1
64104,28364,97889,92468,161993,126253,0
71653,46521,87738,118174,159391,134259,1
21054,7079,5222,28133,26276,12301,0
3891,9684,25523,13575,29414,35207,0
83966,14953,72628,98919,156594,87581,1
50343,87510,12835,137853,63178,100345,0
57815,2685,54779,60500,112594,57464,0
46144,18546,52431,64690,98575,70977,1
97401,34935,73378,132336,170779,108313,1
78627,29804,50445,108431,129072,80249,1
4254,76189,74938,80443,79192,151127,1
51596,7284,86062,58880,137658,93346,0
35764,12196,27071,47960,62835,39267,1
30207,585,53972,30792,84179,54557,0
24505,92138,70045,116643,94550,162183,1
3698,72481,33442,76179,37140,105923,0
90211,48330,7672,138541,97883,56002,0
46990,97754,61092,144744,108082,158846,1
94562,26632,79364,121194,173926,105996,1
28204,10536,42332,38740,70536,52868,0
46998,6263,10462,53261,57460,16725,0
4397,98032,22991,102429,27388,121023,0
17137,32238,68961,49375,86098,101199,0
29516,69748,26204,99264,55720,95952,0
53951,32006,28114,85957,82065,60120,1
52029,37858,92507,89887,144536,130365,0
70093,69286,72902,139379,142995,142188,1
55244,96241,95870,151485,151114,192111,1
64520,95866,38224,160386,102744,134090,1
46930,68682,25739,115612,72669,94421,1
20280,83458,27857,103738,48137,111315,0
27727,65746,91743,93473,119470,157489,1
5534,61640,88411,67174,93945,150051,0
22245,51063,75776,73308,98021,126839,0
35021,3303,87508,38324,122529,90811,0
51742,34380,93466,86122,145208,127846,0
45372,54849,89573,100221,134945,144422,1
78725,70871,7958,149596,86683,78829,1
25155,97143,3450,122298,28605,100593,0
69558,62039,69713,131597,139271,131752,1
7399,32848,56221,40247,63620,89069,0
22906,95725,77317,118631,100223,173042,1
22852,53521,76309,76373,99161,129830,1
38559,46093,68335,84652,106894,114428,1
47386,63169,77216,110555,124602,140385,1
27646,46812,66797,74458,94443,113609,1
54707,5792,2391,60499,57098,8183,0
31227,68466,34659,99693,65886,103125,0
58333,14429,58009,72762,116342,72438,1
83668,78250,52138,161918,135806,130388,1
58254,91850,46854,150104,105108,138704,1
60516,62266,32461,122782,92977,94727,1
80657,39703,25,120360,80682,39728,0
50120,31305,32378,81425,82498,63683,1
11602,74729,96526,86331,108128,171255,0
54890,58059,41270,112949,96160,99329,1
84939,79581,61924,164520,146863,141505,1
88777,38927,25282,127704,114059,64209,0
73032,66473,2799,139505,75831,69272,0
91664,25723,88923,117387,180587,114646,1
45443,29703,9992,75146,55435,39695,0
43540,98507,59313,142047,102853,157820,1
28110,30093,23103,58203,51213,53196,1
38537,31508,11986,70045,50523,43494,1
45256,68611,68759,113867,114015,137370,1
80765,48660,8180,129425,88945,56840,0
12793,90578,51321,103371,64114,141899,0
10703,38734,754,49437,11457,39488,0
33550,33094,5659,66644,39209,38753,1
90558,13387,96168,103945,186726,109555,1
61226,74897,44634,136123,105860,119531,1
12701,45744,26551,58445,39252,72295,0
59522,98585,26529,158107,86051,125114,0
92833,67978,71340,160811,164173,139318,1
65672,91398,14954,157070,80626,106352,0
32065,33460,52393,65525,84458,85853,1
28112,11730,92437,39842,120549,104167,0
74311,97838,2437,172149,76748,100275,0
14793,26952,29856,41745,44649,56808,1
88087,31364,82914,119451,171001,114278,1
73631,89316,92129,162947,165760,181445,1
25633,55320,55001,80953,80634,110321,1
51782,57119,70547,108901,122329,127666,1
96831,86672,69338,183503,166169,156010,1
45758,43882,92858,89640,138616,136740,0
28953,72775,98165,101728,127118,170940,1
21157,61083,57877,82240,79034,118960,1
35693,90632,59986,126325,95679,150618,1
12965,39203,14060,52168,27025,53263,0
27880,28404,51679,56284,79559,80083,1
64740,85808,69955,150548,134695,155763,1
73188,43271,99654,116459,172842,142925,1
9867,99389,70459,109256,80326,169848,0
86787,37545,54827,124332,141614,92372,1
39980,2661,15815,42641,55795,18476,0
81344,50225,51167,131569,132511,101392,1
61971,54715,88809,116686,150780,143524,1
40417,15183,21838,55600,62255,37021,0
67210,65539,35588,132749,102798,101127,1
71770,44462,66574,116232,138344,111036,1
77817,9084,15552,86901,93369,24636,0
43259,21240,72389,64499,115648,93629,0
50873,97263,7083,148136,57956,104346,0
63017,26472,51393,89489,114410,77865,1
88131,30551,21496,118682,109627,52047,0
5835,38230,64657,44065,70492,102887,0
15069,8808,85619,23877,100688,94427,0
94165,47083,94636,141248,188801,141719,1
13646,79710,25719,93356,39365,105429,0
31482,62843,98123,94325,129605,160966,0
54100,54304,43528,108404,97628,97832,1
65947,15120,3336,81067,69283,18456,0
38570,82188,96908,120758,135478,179096,1
27549,7784,91888,35333,119437,99672,0
49329,50846,48905,100175,98234,99751,1
6431,40216,40116,46647,46547,80332,1
51401,89025,36793,140426,88194,125818,0
63575,74473,90817,138048,154392,165290,1
8986,95002,62713,103988,71699,157715,0
9309,56429,54532,65738,63841,110961,1
66566,29606,45671,96172,112237,75277,1
90180,98890,36371,189070,126551,135261,1
16074,37138,72300,53212,88374,109438,0
41671,40418,53982,82089,95653,94400,1
41081,38809,15801,79890,56882,54610,1
76570,6013,3706,82583,80276,9719,0
2765,25860,17079,28625,19844,42939,0
85052,99395,56734,184447,141786,156129,1
86897,10198,26527,97095,113424,36725,0
45728,92902,70073,138630,115801,162975,1
97526,4124,66418,101650,163944,70542,0
57220,39660,78505,96880,135725,118165,1
70754,17707,78074,88461,148828,95781,1
15465,95120,35815,110585,51280,130935,0
27079,96266,64677,123345,91756,160943,0
41240,81713,14997,122953,56237,96710,0
92107,17093,67755,109200,159862,84848,0
27035,8540,8297,35575,35332,16837,0
74524,78765,69301,153289,143825,148066,1
13775,71549,77609,85324,91384,149158,1
37976,72266,84395,110242,122371,156661,1
35874,4096,88702,39970,124576,92798,0
88042,81885,99,169927,88141,81984,0
88074,94926,2290,183000,90364,97216,0
25093,72448,4886,97541,29979,77334,0
18512,24769,96564,43281,115076,121333,0
71944,13763,43666,85707,115610,57429,0
6455,25070,52505,31525,58960,77575,0
64100,5949,94950,70049,159050,100899,0
61429,88018,53136,149447,114565,141154,1
44771,66061,46377,110832,91148,112438,1
21459,69527,4306,90986,25765,73833,0
65165,82770,13982,147935,79147,96752,0
23541,25341,73738,48882,97279,99079,0
68279,72864,78634,141143,146913,151498,1
2581,2859,54555,5440,57136,57414,0
51458,39471,84503,90929,135961,123974,1
73953,38781,25904,112734,99857,64685,0
48346,79801,36890,128147,85236,116691,1
56486,95070,21369,151556,77855,116439,0
50911,97983,70782,148894,121693,168765,1
43762,96983,63259,140745,107021,160242,1
83877,94872,55508,178749,139385,150380,1
339,6893,46652,7232,46991,53545,0
28461,86588,45230,115049,73691,131818,0
48907,91270,63256,140177,112163,154526,1
32610,29801,33170,62411,65780,62971,1
40031,83038,93961,123069,133992,176999,1
60896,33847,97494,94743,158390,131341,0
18844,35341,69769,54185,88613,105110,0
6034,6927,38348,12961,44382,45275,0
22521,5836,87683,28357,110204,93519,0
41533,46913,18210,88446,59743,65123,1
54548,1119,83735,55667,138283,84854,0
25477,57280,23245,82757,48722,80525,0
138,47786,83057,47924,83195,130843,0
8787,10730,16826,19517,25613,27556,1
51717,57603,48356,109320,100073,105959,1
20624,62669,94849,83293,115473,157518,0
79354,27920,45034,107274,124388,72954,0
85933,59056,81291,144989,167224,140347,1
38348,62521,35525,100869,73873,98046,1
60867,5351,38198,66218,99065,43549,0
99155,67970,30935,167125,130090,98905,0
67039,86197,88732,153236,155771,174929,1
5834,82058,16986,87892,22820,99044,0
79409,24679,16912,104088,96321,41591,0
94169,28442,52814,122611,146983,81256,0
99123,73735,67158,172858,166281,140893,1
40723,36775,55618,77498,96341,92393,1
84260,56707,4806,140967,89066,61513,0
74152,95729,8535,169881,82687,104264,0
51048,17219,80307,68267,131355,97526,0
18383,82730,78033,101113,96416,160763,1
41499,9437,93173,50936,134672,102610,0
31953,16724,67421,48677,99374,84145,0
26210,53536,12763,79746,38973,66299,0
98099,4539,96321,102638,194420,100860,1
98541,81337,86819,179878,185360,168156,1
58732,90863,86299,149595,145031,177162,1
87898,57359,35160,145257,123058,92519,1
81569,31262,32590,112831,114159,63852,0
40174,5039,35115,45213,75289,40154,0
11651,67626,83582,79277,95233,151208,0
63264,3883,92722,67147,155986,96605,0
38944,50685,10974,89629,49918,61659,0
83862,67697,35180,151559,119042,102877,1
44073,60893,70830,104966,114903,131723,1
41013,9561,49183,50574,90196,58744,1
58464,14165,53875,72629,112339,68040,1
74065,99003,34242,173068,108307,133245,1
89049,95532,31015,184581,120064,126547,1
52153,30956,69306,83109,121459,100262,1
82709,96082,52332,178791,135041,148414,1
14095,51675,24222,65770,38317,75897,0
45530,78080,33265,123610,78795,111345,1
51867,138,37420,52005,89287,37558,0
84882,3348,72052,88230,156934,75400,0
25441,46036,49892,71477,75333,95928,1
70012,11165,16180,81177,86192,27345,0
12200,5728,4029,17928,16229,9757,0
10709,10156,46908,20865,57617,57064,0
76906,5225,18461,82131,95367,23686,0
72514,73104,79557,145618,152071,152661,1
78865,77510,28592,156375,107457,106102,1
27157,16848,64175,44005,91332,81023,0
39195,34257,51420,73452,90615,85677,1
71188,23966,66153,95154,137341,90119,1
34302,85981,8727,120283,43029,94708,0
37060,72381,22543,109441,59603,94924,0
90639,55890,24401,146529,115040,80291,0
11682,3009,67475,14691,79157,70484,0
17270,94660,22735,111930,40005,117395,0
66681,67102,78661,133783,145342,145763,1
41067,51897,71521,92964,112588,123418,1
55157,77595,26118,132752,81275,103713,1
56887,33642,33106,90529,89993,66748,1
21077,77375,44327,98452,65404,121702,0
25968,43717,63459,69685,89427,107176,1
76540,44197,56985,120737,133525,101182,1
6486,74186,64563,80672,71049,138749,0
76520,22700,25619,99220,102139,48319,0
62120,18631,15077,80751,77197,33708,0
61819,16547,56710,78366,118529,73257,1
23346,98377,41646,121723,64992,140023,0
47267,60547,42385,107814,89652,102932,1
39995,82953,75608,122948,115603,158561,1
98269,21522,88958,119791,187227,110480,1
71750,23239,7448,94989,79198,30687,0
53401,95436,93958,148837,147359,189394,1
64335,369,11369,64704,75704,11738,0
37641,16440,75397,54081,113038,91837,0
87583,27232,42516,114815,130099,69748,0
51441,18470,69740,69911,121181,88210,1
96182,73844,44075,170026,140257,117919,1
11933,90067,78520,102000,90453,168587,1
77801,35200,45765,113001,123566,80965,1
29513,30419,81603,59932,111116,112022,0
6423,79666,170,86089,6593,79836,0
20775,23124,3512,43899,24287,26636,1
49560,39990,6537,89550,56097,46527,0
12462,74412,3189,86874,15651,77601,0
97663,46969,35310,144632,132973,82279,0
50422,48804,43440,99226,93862,92244,1
29758,64173,46992,93931,76750,111165,1
93650,33723,56266,127373,149916,89989,0
59535,69170,36839,128705,96374,106009,1
66233,91198,90024,157431,156257,181222,1
65352,35311,45734,100663,111086,81045,1
93270,82891,58308,176161,151578,141199,1
13570,57384,75249,70954,88819,132633,0
78178,79298,82738,157476,160916,162036,1
49248,69270,44371,118518,93619,113641,1
19288,98517,22877,117805,42165,121394,0
42618,66527,17905,109145,60523,84432,0
69832,34742,55567,104574,125399,90309,1
88502,44174,66636,132676,155138,110810,1
50087,54585,2081,104672,52168,56666,0
57486,39068,31826,96554,89312,70894,1
60155,38814,24014,98969,84169,62828,1
93597,75653,82375,169250,175972,158028,1
23587,15343,77670,38930,101257,93013,0
66315,7471,27276,73786,93591,34747,0
3460,29219,79235,32679,82695,108454,0
92069,43066,67352,135135,159421,110418,1
4436,51809,15029,56245,19465,66838,0
5072,56112,77235,61184,82307,133347,0
26711,43603,81585,70314,108296,125188,0
47111,65481,39771,112592,86882,105252,1
30481,23894,85749,54375,116230,109643,0
34781,23026,29607,57807,64388,52633,1
98065,5080,2315,103145,100380,7395,0
33318,55383,60403,88701,93721,115786,1
64268,79021,56379,143289,120647,135400,1
48011,51998,44791,100009,92802,96789,1
70018,40025,96777,110043,166795,136802,1
28494,92347,40644,120841,69138,132991,0
8107,4456,36408,12563,44515,40864,0
69854,11497,36443,81351,106297,47940,0
10337,96742,87720,107079,98057,184462,1
68666,1830,97144,70496,165810,98974,0
12462,98672,15182,111134,27644,113854,0
28311,92528,9422,120839,37733,101950,0
72150,63977,9291,136127,81441,73268,1
85762,72910,83978,158672,169740,156888,1
91447,81075,30119,172522,121566,111194,1
3820,55174,25207,58994,29027,80381,0
31209,20734,7669,51943,38878,28403,0
51927,5643,55350,57570,107277,60993,1
52574,88807,69265,141381,121839,158072,1
99763,93230,11923,192993,111686,105153,1
52186,86169,56660,138355,108846,142829,1
16509,19250,59515,35759,76024,78765,0
99088,90711,85788,189799,184876,176499,1
50560,29605,17595,80165,68155,47200,0
65353,63183,12023,128536,77376,75206,1
5261,56418,31656,61679,36917,88074,0
77263,25836,68171,103099,145434,94007,1
81219,69811,37893,151030,119112,107704,1
82215,85613,68130,167828,150345,153743,1
32581,30408,14482,62989,47063,44890,1
61136,91272,80132,152408,141268,171404,1
28484,98632,27217,127116,55701,125849,0
76973,95797,68730,172770,145703,164527,1
52086,38637,11741,90723,63827,50378,0
5766,90080,95513,95846,101279,185593,1
91441,98758,34102,190199,125543,132860,1
63833,12228,20934,76061,84767,33162,0
39737,47610,27215,87347,66952,74825,1
32504,55034,1979,87538,34483,57013,0
97387,86681,35809,184068,133196,122490,1
96747,90412,64437,187159,161184,154849,1
87700,27652,14643,115352,102343,42295,0
25620,69208,35583,94828,61203,104791,0
66324,64632,33994,130956,100318,98626,1
60012,96547,24188,156559,84200,120735,0
14550,54880,93519,69430,108069,148399,0
27453,29153,16614,56606,44067,45767,1
74050,52170,43966,126220,118016,96136,1
60177,3942,4000,64119,64177,7942,0
12926,48526,7907,61452,20833,56433,0
11053,40304,79141,51357,90194,119445,0
58896,86492,78258,145388,137154,164750,1
42461,53482,97001,95943,139462,150483,0
85378,61265,87149,146643,172527,148414,1
66672,70940,90126,137612,156798,161066,1
4362,43895,11205,48257,15567,55100,0
98524,96165,52168,194689,150692,148333,1
58644,52834,47564,111478,106208,100398,1
58172,2925,49276,61097,107448,52201,0
85253,27479,68975,112732,154228,96454,1
68150,38330,53792,106480,121942,92122,1
97226,29054,72575,126280,169801,101629,1
77993,46924,6598,124917,84591,53522,0
80335,58951,63134,139286,143469,122085,1
11607,64134,53332,75741,64939,117466,1
13132,27390,36757,40522,49889,64147,1
30189,11082,36578,41271,66767,47660,1
72785,28009,93730,100794,166515,121739,1
94241,64190,77603,158431,171844,141793,1
41464,85479,82774,126943,124238,168253,1
92160,84321,55923,176481,148083,140244,1
84669,78106,84223,162775,168892,162329,1
52939,86976,83380,139915,136319,170356,1
77674,64935,14800,142609,92474,79735,1
33175,8549,6850,41724,40025,15399,0
8597,83767,96967,92364,105564,180734,0
73458,99697,15300,173155,88758,114997,0
81106,74962,97529,156068,178635,172491,1
69791,89567,78516,159358,148307,168083,1
19323,93179,9216,112502,28539,102395,0
16578,98146,56570,114724,73148,154716,0
39021,68048,61697,107069,100718,129745,1
1554,35671,57359,37225,58913,93030,0
27498,97797,72091,125295,99589,169888,1
90831,21676,62749,112507,153580,84425,0
6483,22896,67410,29379,73893,90306,0
57147,84504,86386,141651,143533,170890,1
74954,81242,98191,156196,173145,179433,1
25917,79327,67861,105244,93778,147188,1
32649,30810,11050,63459,43699,41860,1
44089,45533,68365,89622,112454,113898,1
19067,27135,47587,46202,66654,74722,0
99673,68883,80076,168556,179749,148959,1
6728,9551,14758,16279,21486,24309,1
76037,14886,89155,90923,165192,104041,1
30693,82350,23668,113043,54361,106018,0
96117,29188,71577,125305,167694,100765,1
25443,82918,23345,108361,48788,106263,0
58633,3828,96193,62461,154826,100021,0
30789,75372,59889,106161,90678,135261,1
96777,65046,96207,161823,192984,161253,1
98370,5669,40166,104039,138536,45835,0
11630,86609,21778,98239,33408,108387,0
41553,95187,79660,136740,121213,174847,1
93515,31924,38744,125439,132259,70668,0
78170,27936,51566,106106,129736,79502,1
40708,66190,97392,106898,138100,163582,1
95285,44354,79673,139639,174958,124027,1
43407,7577,1567,50984,44974,9144,0
90212,1339,80924,91551,171136,82263,0
53782,28519,4915,82301,58697,33434,0
17952,50947,48427,68899,66379,99374,1
15036,97166,65970,112202,81006,163136,0
49573,883,20719,50456,70292,21602,0
36817,8455,73871,45272,110688,82326,0
56457,56125,91623,112582,148080,147748,1
85958,32286,19939,118244,105897,52225,0
47295,32108,26513,79403,73808,58621,1
88669,71689,34234,160358,122903,105923,1
30588,38979,91099,69567,121687,130078,0
85165,24844,20165,110009,105330,45009,0
92378,10851,7188,103229,99566,18039,0
94975,11994,95483,106969,190458,107477,1
97057,2765,65689,99822,162746,68454,0
1874,23421,32320,25295,34194,55741,0
25238,9972,94385,35210,119623,104357,0
87713,20306,23573,108019,111286,43879,0
20742,33694,73887,54436,94629,107581,0
32384,82622,15213,115006,47597,97835,0
68741,28985,93916,97726,162657,122901,1
41008,3377,5139,44385,46147,8516,0
66201,52908,13935,119109,80136,66843,1
57433,74972,33509,132405,90942,108481,1
82410,58754,36833,141164,119243,95587,1
37937,27358,80138,65295,118075,107496,0
46449,75691,8213,122140,54662,83904,0
94004,88355,8804,182359,102808,97159,1
7889,12549,89366,20438,97255,101915,0
53723,73445,5744,127168,59467,79189,0
6181,31199,57091,37380,63272,88290,0
23080,59253,64364,82333,87444,123617,1
55343,44680,37354,100023,92697,82034,1
44051,38865,33838,82916,77889,72703,1
15752,74296,16190,90048,31942,90486,0
72920,39306,80654,112226,153574,119960,1
33030,77821,12117,110851,45147,89938,0
3282,18446,41942,21728,45224,60388,0
42344,73842,45884,116186,88228,119726,1
18014,93525,41299,111539,59313,134824,0
49478,2587,36341,52065,85819,38928,0
26078,1542,41787,27620,67865,43329,0
34741,62539,14040,97280,48781,76579,0
7234,20602,25250,27836,32484,45852,1
78631,17102,52055,95733,130686,69157,0
57628,77185,12069,134813,69697,89254,0
70814,56934,34168,127748,104982,91102,1
12595,12837,99726,25432,112321,112563,0
39288,67224,9827,106512,49115,77051,0
24467,93954,99152,118421,123619,193106,1
9995,34423,69201,44418,79196,103624,0
71277,94092,72121,165369,143398,166213,1
90531,80378,86332,170909,176863,166710,1
70297,63418,46599,133715,116896,110017,1
13651,30392,50275,44043,63926,80667,0
50817,64772,68978,115589,119795,133750,1
72631,63726,48548,136357,121179,112274,1
67041,83595,29275,150636,96316,112870,1
94176,53318,80437,147494,174613,133755,1
32747,7682,22330,40429,55077,30012,0
69046,36557,60166,105603,129212,96723,1
9284,46969,46247,56253,55531,93216,1
83194,52122,73514,135316,156708,125636,1
94952,45007,14124,139959,109076,59131,0
71506,84030,95582,155536,167088,179612,1
61275,89380,44428,150655,105703,133808,1
91157,47869,30009,139026,121166,77878,0
67121,68493,31508,135614,98629,100001,1
86661,64927,11799,151588,98460,76726,0
79260,18854,58567,98114,137827,77421,0
20844,86799,44118,107643,64962,130917,0
21293,90941,57355,112234,78648,148296,0
41650,67412,10508,109062,52158,77920,0
56811,29856,93350,86667,150161,123206,0
51233,80299,87709,131532,138942,168008,1
93991,13112,64941,107103,158932,78053,0
91016,443,76032,91459,167048,76475,0
45123,15606,12965,60729,58088,28571,0
5246,19574,65789,24820,71035,85363,0
73947,32443,18639,106390,92586,51082,0
52006,71409,84338,123415,136344,155747,1
75244,10978,51363,86222,126607,62341,0
65223,72629,42877,137852,108100,115506,1
22218,35489,49240,57707,71458,84729,1
48993,91155,44552,140148,93545,135707,1
85248,21732,50502,106980,135750,72234,0
64150,26932,60520,91082,124670,87452,1
71298,51517,81270,122815,152568,132787,1
28089,47766,6107,75855,34196,53873,0
16222,37603,73167,53825,89389,110770,0
70573,4269,22315,74842,92888,26584,0
37009,43991,84723,81000,121732,128714,0
79079,52858,88201,131937,167280,141059,1
78257,22170,67116,100427,145373,89286,1
88836,95935,75681,184771,164517,171616,1
52865,79966,44533,132831,97398,124499,1
93492,45628,74298,139120,167790,119926,1
501,35584,78101,36085,78602,113685,0
2650,81711,81682,84361,84332,163393,1
47003,49177,33170,96180,80173,82347,1
63280,46430,53868,109710,117148,100298,1
65302,47971,34168,113273,99470,82139,1
91669,64175,10971,155844,102640,75146,0
87884,85908,53712,173792,141596,139620,1
58065,34523,43186,92588,101251,77709,1
67985,80406,94144,148391,162129,174550,1
17817,57739,5086,75556,22903,62825,0
80715,13738,35876,94453,116591,49614,0
33127,29929,56370,63056,89497,86299,1
2516,63150,26288,65666,28804,89438,0
6869,70196,70121,77065,76990,140317,1
75671,85962,48643,161633,124314,134605,1
62763,83219,85389,145982,148152,168608,1
93318,99624,80001,192942,173319,179625,1
38792,98332,54443,137124,93235,152775,0
96101,72669,64101,168770,160202,136770,1
48010,75779,77044,123789,125054,152823,1
83156,28400,52263,111556,135419,80663,0
73221,62372,50881,135593,124102,113253,1
96128,46225,94118,142353,190246,140343,1
5000,26112,16218,31112,21218,42330,0
7391,51595,31209,58986,38600,82804,0
31251,92492,51575,123743,82826,144067,0
89892,32305,78529,122197,168421,110834,1
46344,49919,1835,96263,48179,51754,0
14591,66391,24813,80982,39404,91204,0
32428,65486,43993,97914,76421,109479,1
60401,58745,15645,119146,76046,74390,1
48887,80904,98121,129791,147008,179025,1
98681,95307,36232,193988,134913,131539,1
3121,48442,94521,51563,97642,142963,0
66785,97812,78605,164597,145390,176417,1
20783,42031,25726,62814,46509,67757,1
82409,18764,22356,101173,104765,41120,0
7303,60450,42873,67753,50176,103323,0
2592,64767,63767,67359,66359,128534,1
76359,90096,3861,166455,80220,93957,0
57202,83049,52829,140251,110031,135878,1
40540,11289,98821,51829,139361,110110,0
59662,72813,41657,132475,101319,114470,1
21939,39895,1374,61834,23313,41269,0
92190,51359,40263,143549,132453,91622,0
92393,33613,18032,126006,110425,51645,0
36789,29072,29355,65861,66144,58427,1
38389,25690,6021,64079,44410,31711,0
38577,55169,33103,93746,71680,88272,1
28445,55160,92277,83605,120722,147437,0
73991,71113,21807,145104,95798,92920,1
59065,91820,8094,150885,67159,99914,0
58291,73960,88885,132251,147176,162845,1
84270,39923,36062,124193,120332,75985,0
66369,4834,16838,71203,83207,21672,0
38233,38621,47177,76854,85410,85798,1
43907,31249,26036,75156,69943,57285,1
35405,1647,47216,37052,82621,48863,0
77915,67367,87286,145282,165201,154653,1
8280,90639,32706,98919,40986,123345,0
74939,16426,60041,91365,134980,76467,1
48041,83527,67437,131568,115478,150964,1
6544,27922,79474,34466,86018,107396,0
73760,98932,37783,172692,111543,136715,1
38169,16232,75216,54401,113385,91448,0
64323,67805,22212,132128,86535,90017,1
9153,45478,6720,54631,15873,52198,0
95780,42654,8476,138434,104256,51130,0
41699,7953,14637,49652,56336,22590,0
31151,85495,78390,116646,109541,163885,1
99899,67796,11267,167695,111166,79063,0
78423,6032,43592,84455,122015,49624,0
21062,27383,47168,48445,68230,74551,1
37227,41003,30597,78230,67824,71600,1
20370,38876,20915,59246,41285,59791,1
45975,94000,48137,139975,94112,142137,1
6527,23340,45537,29867,52064,68877,0
42484,24014,79838,66498,122322,103852,0
13036,32261,77856,45297,90892,110117,0
50559,92301,20045,142860,70604,112346,0
74973,37431,39833,112404,114806,77264,1
52486,12573,9417,65059,61903,21990,0
26416,90311,84722,116727,111138,175033,1
48374,54385,98993,102759,147367,153378,1
61089,15265,58488,76354,119577,73753,1
63258,45083,72444,108341,135702,117527,1
75465,70715,31873,146180,107338,102588,1
83517,36165,40821,119682,124338,76986,0
14795,33664,21935,48459,36730,55599,1
61846,89982,5115,151828,66961,95097,0
74460,42933,68627,117393,143087,111560,1
51686,31927,43788,83613,95474,75715,1
40657,52045,34494,92702,75151,86539,1
25302,61226,45948,86528,71250,107174,1
61347,31711,17019,93058,78366,48730,0
48993,44414,88007,93407,137000,132421,1
43019,98871,26962,141890,69981,125833,0
81428,26752,65186,108180,146614,91938,1
67833,16852,45801,84685,113634,62653,0
37705,86135,92113,123840,129818,178248,1
47652,92976,20244,140628,67896,113220,0
49236,34956,38853,84192,88089,73809,1
92707,45699,37906,138406,130613,83605,0
7442,91526,49406,98968,56848,140932,0
26121,89937,45513,116058,71634,135450,0
34312,8946,94609,43258,128921,103555,0
77206,44114,62789,121320,139995,106903,1
8962,86609,44025,95571,52987,130634,0
89373,48782,98670,138155,188043,147452,1
19515,17402,70957,36917,90472,88359,0
35596,20507,63542,56103,99138,84049,0
1823,31074,29551,32897,31374,60625,1
83390,79277,67652,162667,151042,146929,1
62138,85232,22659,147370,84797,107891,0
36379,93519,4469,129898,40848,97988,0
18068,90916,79157,108984,97225,170073,1
54926,42021,48506,96947,103432,90527,1
43588,72200,93193,115788,136781,165393,1
14827,96622,31237,111449,46064,127859,0
86815,21500,9439,108315,96254,30939,0
46233,62320,43019,108553,89252,105339,1
77086,24494,4012,101580,81098,28506,0
23504,60175,30705,83679,54209,90880,0
3557,55128,57324,58685,60881,112452,1
18423,79992,96083,98415,114506,176075,1
34544,91589,9868,126133,44412,101457,0
90809,62004,91845,152813,182654,153849,1
49823,53422,73046,103245,122869,126468,1
82257,6631,31949,88888,114206,38580,0
32549,45760,21576,78309,54125,67336,1
5297,25279,53636,30576,58933,78915,0
50033,25754,70692,75787,120725,96446,1
4580,9500,18093,14080,22673,27593,0
28713,44361,66495,73074,95208,110856,1
12240,81329,51354,93569,63594,132683,0
78590,95392,42410,173982,121000,137802,1
80649,67124,67314,147773,147963,134438,1
9938,74697,1859,84635,11797,76556,0
45351,93878,53289,139229,98640,147167,1
12314,74318,57043,86632,69357,131361,0
62587,85288,50144,147875,112731,135432,1
70588,21229,92807,91817,163395,114036,0
93877,19156,41869,113033,135746,61025,0
79492,55465,52205,134957,131697,107670,1
35531,66337,3087,101868,38618,69424,0
64153,29800,97848,93953,162001,127648,0
43508,20395,95978,63903,139486,116373,0
32011,87200,96670,119211,128681,183870,1
46647,19122,70202,65769,116849,89324,0
10152,3323,49385,13475,59537,52708,0
98954,46158,15663,145112,114617,61821,0
53275,30866,2674,84141,55949,33540,0
73569,47131,53564,120700,127133,100695,1
72489,30133,71558,102622,144047,101691,1
5026,83689,57284,88715,62310,140973,0
20936,54880,69393,75816,90329,124273,1
93097,73205,45114,166302,138211,118319,1
55602,71152,57648,126754,113250,128800,1
68627,32459,43274,101086,111901,75733,1
27859,57039,44396,84898,72255,101435,1
74513,88343,71505,162856,146018,159848,1
98586,71822,52072,170408,150658,123894,1
58713,71507,86341,130220,145054,157848,1
88068,99379,39724,187447,127792,139103,1
82887,66369,54728,149256,137615,121097,1
65013,47110,84867,112123,149880,131977,1
57386,65458,74457,122844,131843,139915,1
33801,99651,87746,133452,121547,187397,1
52162,36598,87199,88760,139361,123797,1
73626,52198,10616,125824,84242,62814,0
97458,57264,37812,154722,135270,95076,0
13704,5692,67539,19396,81243,73231,0
73054,25512,6577,98566,79631,32089,0
41298,52821,85398,94119,126696,138219,1
69654,82360,65760,152014,135414,148120,1
51116,52139,95900,103255,147016,148039,1
19073,10307,77284,29380,96357,87591,0
48858,33707,92026,82565,140884,125733,0
40132,32275,23272,72407,63404,55547,1
10513,96994,94999,107507,105512,191993,1
71119,21934,94108,93053,165227,116042,0
59453,83039,92940,142492,152393,175979,1
96058,13333,26732,109391,122790,40065,0
53803,32934,3493,86737,57296,36427,0
24874,52298,24907,77172,49781,77205,0
28376,24049,92963,52425,121339,117012,0
89276,46775,13356,136051,102632,60131,0
79366,92049,40124,171415,119490,132173,1
58076,32757,95342,90833,153418,128099,0
92356,41732,97565,134088,189921,139297,1
11582,71670,42230,83252,53812,113900,0
57378,38685,4836,96063,62214,43521,0
4262,22247,16392,26509,20654,38639,0
2773,53616,47569,56389,50342,101185,0
46870,51815,42811,98685,89681,94626,1
78997,78911,71754,157908,150751,150665,1
43499,85195,46676,128694,90175,131871,1
91181,64644,41052,155825,132233,105696,1
63947,90719,27295,154666,91242,118014,1
79820,75838,45775,155658,125595,121613,1
57062,26845,4335,83907,61397,31180,0
45846,82298,65037,128144,110883,147335,1
40994,42929,62276,83923,103270,105205,1
13171,66735,64355,79906,77526,131090,1
4856,59175,65817,64031,70673,124992,0
22957,55466,84986,78423,107943,140452,0
41690,13734,87544,55424,129234,101278,0
20783,266,11973,21049,32756,12239,0
14742,76146,67366,90888,82108,143512,1
76543,17660,78933,94203,155476,96593,1
68047,56113,28933,124160,96980,85046,1
97582,49846,92638,147428,190220,142484,1
94332,68537,10233,162869,104565,78770,0
77318,71679,73145,148997,150463,144824,1
60187,73107,55606,133294,115793,128713,1
44606,83508,51615,128114,96221,135123,1
9251,73434,41051,82685,50302,114485,0
72684,82657,78208,155341,150892,160865,1
41579,31445,25382,73024,66961,56827,1
27572,49099,10827,76671,38399,59926,0
22179,89268,76475,111447,98654,165743,1
47162,68151,42113,115313,89275,110264,1
46771,64756,99381,111527,146152,164137,1
55799,57715,24815,113514,80614,82530,1
72452,31920,87510,104372,159962,119430,1
41669,68975,89595,110644,131264,158570,1
19977,27563,52164,47540,72141,79727,0
70485,22506,57390,92991,127875,79896,1
40583,35449,87559,76032,128142,123008,0
60036,38775,4223,98811,64259,42998,0
53229,71034,13601,124263,66830,84635,0
18717,3967,39792,22684,58509,43759,0
15154,25295,19753,40449,34907,45048,1
19438,89275,24015,108713,43453,113290,0
82694,16118,30579,98812,113273,46697,0
24585,54412,21541,78997,46126,75953,0
66697,94341,24883,161038,91580,119224,0
60456,68150,51365,128606,111821,119515,1
57788,50885,69359,108673,127147,120244,1
81143,90541,8951,171684,90094,99492,0
54237,45674,85559,99911,139796,131233,1
67163,28499,48098,95662,115261,76597,1
29525,19580,78154,49105,107679,97734,0
91644,23504,7568,115148,99212,31072,0
82271,22839,65835,105110,148106,88674,1
34708,87103,69164,121811,103872,156267,1
53958,58662,48556,112620,102514,107218,1
23709,54257,44555,77966,68264,98812,1
29330,93380,2991,122710,32321,96371,0
21699,99253,49872,120952,71571,149125,0
98197,66278,26526,164475,124723,92804,0
73146,28904,47986,102050,121132,76890,1
83392,39169,25780,122561,109172,64949,0
23037,64743,80284,87780,103321,145027,1
30477,9528,45161,40005,75638,54689,0
52525,51493,81019,104018,133544,132512,1
60609,17139,56391,77748,117000,73530,1
63619,71238,58124,134857,121743,129362,1
31226,3174,42631,34400,73857,45805,0
50404,37183,62712,87587,113116,99895,1
64607,68579,60660,133186,125267,129239,1
2298,48346,41700,50644,43998,90046,0
60576,927,31471,61503,92047,32398,0
93736,87222,43188,180958,136924,130410,1
68867,16983,59404,85850,128271,76387,1
30409,8384,54616,38793,85025,63000,0
84359,98588,43731,182947,128090,142319,1
1072,43432,59322,44504,60394,102754,0
4400,66915,35093,71315,39493,102008,0
44415,16160,22714,60575,67129,38874,0
92433,38715,93000,131148,185433,131715,1
44822,79219,48649,124041,93471,127868,1
8238,14119,73410,22357,81648,87529,0
86649,82187,72955,168836,159604,155142,1
92129,58457,19053,150586,111182,77510,0
69154,66678,71303,135832,140457,137981,1
36790,26879,12689,63669,49479,39568,1
38916,87799,83324,126715,122240,171123,1
27890,51067,95713,78957,123603,146780,0
40973,48752,65235,89725,106208,113987,1
3770,23847,37895,27617,41665,61742,0
83313,15649,55724,98962,139037,71373,0
23023,11139,80791,34162,103814,91930,0
84542,61777,83534,146319,168076,145311,1
91986,27025,57030,119011,149016,84055,0
44234,20726,2315,64960,46549,23041,0
75544,20996,85641,96540,161185,106637,1
79670,73968,97882,153638,177552,171850,1
57833,13732,68711,71565,126544,82443,1
25677,72638,19690,98315,45367,92328,0
77992,87705,14179,165697,92171,101884,1
59840,19235,73544,79075,133384,92779,1
36902,31948,55341,68850,92243,87289,1
67918,31301,44096,99219,112014,75397,1
12510,91617,30966,104127,43476,122583,0
48561,4903,37800,53464,86361,42703,0
77875,68609,59838,146484,137713,128447,1
31124,17788,78481,48912,109605,96269,0
95186,51163,82681,146349,177867,133844,1
3738,34577,13873,38315,17611,48450,0
94768,51634,49466,146402,144234,101100,1
55622,90811,19091,146433,74713,109902,0
58155,56551,39735,114706,97890,96286,1
42874,78709,68980,121583,111854,147689,1
56533,55171,43855,111704,100388,99026,1
99154,45261,92324,144415,191478,137585,1
57797,36525,76594,94322,134391,113119,1
93453,44318,77594,137771,171047,121912,1
26815,63975,67946,90790,94761,131921,1
72447,76012,29058,148459,101505,105070,1
14352,66221,72139,80573,86491,138360,1
95094,88189,18092,183283,113186,106281,1
57470,40690,29862,98160,87332,70552,1
69625,61995,60227,131620,129852,122222,1
46882,30745,43225,77627,90107,73970,1
16114,61290,61549,77404,77663,122839,1
99722,80239,27656,179961,127378,107895,1
71909,65670,61011,137579,132920,126681,1
13608,14430,32916,28038,46524,47346,0
18835,73271,82206,92106,101041,155477,1
576,16351,5043,16927,5619,21394,0
36573,83147,83406,119720,119979,166553,1
12742,90537,85901,103279,98643,176438,1
3103,20124,91431,23227,94534,111555,0
56322,92288,53676,148610,109998,145964,1
98117,59449,37716,157566,135833,97165,0
31324,3848,71438,35172,102762,75286,0
45206,52601,93744,97807,138950,146345,1
86776,9687,91625,96463,178401,101312,1
63612,13793,96910,77405,160522,110703,0
87807,92255,24422,180062,112229,116677,1
42653,46705,1789,89358,44442,48494,0
54178,99150,72794,153328,126972,171944,1
5768,79763,15809,85531,21577,95572,0
796,71059,9938,71855,10734,80997,0
68491,63030,89699,131521,158190,152729,1
88126,54995,2008,143121,90134,57003,0
57711,89759,20553,147470,78264,110312,0
3051,6238,11997,9289,15048,18235,0
65960,1771,22980,67731,88940,24751,0
61040,65261,29477,126301,90517,94738,1
22847,92696,91774,115543,114621,184470,1
65852,11212,88805,77064,154657,100017,0
30363,20052,83886,50415,114249,103938,0
45614,18778,51691,64392,97305,70469,1
62326,6606,42341,68932,104667,48947,0
38457,68394,51246,106851,89703,119640,1
13165,72415,77774,85580,90939,150189,1
6283,83538,38070,89821,44353,121608,0
41904,3699,78908,45603,120812,82607,0
13979,37569,30771,51548,44750,68340,1
16718,15392,88703,32110,105421,104095,0
20067,84341,60251,104408,80318,144592,0
30004,89743,44969,119747,74973,134712,0
66892,60442,85796,127334,152688,146238,1
90512,16469,52587,106981,143099,69056,0
4745,67807,45290,72552,50035,113097,0
87773,57507,4676,145280,92449,62183,0
41439,99048,33956,140487,75395,133004,0
48766,12727,13590,61493,62356,26317,0
32532,70029,9504,102561,42036,79533,0
7098,31318,5103,38416,12201,36421,0
71546,38230,95407,109776,166953,133637,1
86635,48994,72408,135629,159043,121402,1
65781,7824,50141,73605,115922,57965,0
63817,61374,68843,125191,132660,130217,1
19031,67184,87272,86215,106303,154456,0
64326,8711,4476,73037,68802,13187,0
65642,30397,98275,96039,163917,128672,0
35141,45900,98242,81041,133383,144142,0
76260,10316,81670,86576,157930,91986,1
37043,14631,96654,51674,133697,111285,0
32444,61397,92421,93841,124865,153818,1
96434,74173,2723,170607,99157,76896,0
35159,14234,67616,49393,102775,81850,0
59725,76248,45333,135973,105058,121581,1
8297,41640,8341,49937,16638,49981,0
8585,63983,51852,72568,60437,115835,0
23001,50639,55969,73640,78970,106608,1
43101,88125,49500,131226,92601,137625,1
91325,71748,99202,163073,190527,170950,1
39648,9145,36839,48793,76487,45984,1
13608,48285,41863,61893,55471,90148,1
41559,1584,90931,43143,132490,92515,0
31478,60005,91490,91483,122968,151495,0
98259,42013,74372,140272,172631,116385,1
42009,91873,9096,133882,51105,100969,0
50323,69657,9148,119980,59471,78805,0
59578,34076,32615,93654,92193,66691,1
67186,58468,3937,125654,71123,62405,0
75736,36052,29389,111788,105125,65441,0
65501,47843,42805,113344,108306,90648,1
99994,30370,9166,130364,109160,39536,0
79332,3622,73175,82954,152507,76797,0
90170,12706,34064,102876,124234,46770,0
6604,16553,28228,23157,34832,44781,0
79315,19046,29343,98361,108658,48389,0
30943,678,97071,31621,128014,97749,0
11178,90276,31656,101454,42834,121932,0
79855,91070,20488,170925,100343,111558,1
45340,41010,88568,86350,133908,129578,0
1854,91399,48091,93253,49945,139490,0
59795,88054,55662,147849,115457,143716,1
66857,208,96015,67065,162872,96223,0
17440,61270,30174,78710,47614,91444,0
4522,45529,47527,50051,52049,93056,1
62401,16643,88157,79044,150558,104800,0
58163,39415,68079,97578,126242,107494,1
42761,5189,67350,47950,110111,72539,0
52326,8775,84673,61101,136999,93448,0
56484,71928,42069,128412,98553,113997,1
33223,82130,57181,115353,90404,139311,1
96335,97584,68272,193919,164607,165856,1
12253,12295,12845,24548,25098,25140,1
12698,32812,94621,45510,107319,127433,0
33384,62609,27187,95993,60571,89796,0
15103,98054,76211,113157,91314,174265,0
96325,89379,81399,185704,177724,170778,1
27759,98421,89737,126180,117496,188158,1
77719,79680,97695,157399,175414,177375,1
107,54156,32017,54263,32124,86173,0
6904,98810,42218,105714,49122,141028,0
3197,91311,47619,94508,50816,138930,0
19606,4913,70447,24519,90053,75360,0
36020,87735,27667,123755,63687,115402,0
68284,59513,91775,127797,160059,151288,1
8322,91030,74640,99352,82962,165670,0
17085,30372,92986,47457,110071,123358,0
24476,1058,55751,25534,80227,56809,0
59424,19158,11075,78582,70499,30233,0
90830,36984,51894,127814,142724,88878,0
8901,32521,64845,41422,73746,97366,0
79663,40670,30998,120333,110661,71668,0
40520,78119,79931,118639,120451,158050,1
31883,22024,88952,53907,120835,110976,0
23389,86335,9787,109724,33176,96122,0
13121,66369,57293,79490,70414,123662,1
22158,79142,17666,101300,39824,96808,0
67456,90969,68141,158425,135597,159110,1
79573,28955,17552,108528,97125,46507,0
48133,51888,15720,100021,63853,67608,1
39102,58597,8983,97699,48085,67580,0
67060,31765,4352,98825,71412,36117,0
40863,63135,69780,103998,110643,132915,1
34903,71151,79913,106054,114816,151064,1
18483,28848,64097,47331,82580,92945,0
61806,69413,81374,131219,143180,150787,1
56446,74834,73263,131280,129709,148097,1
46151,34921,73720,81072,119871,108641,1
30690,69164,57981,99854,88671,127145,1
55280,9719,29078,64999,84358,38797,0
16337,76478,45196,92815,61533,121674,0
94840,68995,85938,163835,180778,154933,1
64307,69792,33253,134099,97560,103045,1
83645,8340,82383,91985,166028,90723,1
97443,48327,95548,145770,192991,143875,1
59234,47719,93933,106953,153167,141652,1
72189,97446,33063,169635,105252,130509,1
39540,21260,61116,60800,100656,82376,0
35404,26294,2102,61698,37506,28396,0
87447,35185,51132,122632,138579,86317,0
42479,32462,95858,74941,138337,128320,0
72274,7926,30238,80200,102512,38164,0
45391,9305,13743,54696,59134,23048,0
10482,18433,63377,28915,73859,81810,0
31057,60844,53091,91901,84148,113935,1
18799,94984,44984,113783,63783,139968,0
85234,27853,13340,113087,98574,41193,0
70789,29762,48480,100551,119269,78242,1
31753,97277,82794,129030,114547,180071,1
511,10156,28762,10667,29273,38918,0
84735,31193,73545,115928,158280,104738,1
61647,83272,14906,144919,76553,98178,0
83067,54345,89499,137412,172566,143844,1
92886,85739,97377,178625,190263,183116,1
752,77522,82732,78274,83484,160254,0
25269,5490,88376,30759,113645,93866,0
70692,93833,34537,164525,105229,128370,1
44740,27290,72889,72030,117629,100179,0
2541,5380,51808,7921,54349,57188,0
86657,82561,12204,169218,98861,94765,1
97949,60078,99775,158027,197724,159853,1
1231,86592,86958,87823,88189,173550,1
41105,83425,81620,124530,122725,165045,1
27342,17389,73265,44731,100607,90654,0
42961,67787,46075,110748,89036,113862,1
77745,94939,3993,172684,81738,98932,0
52022,39052,6416,91074,58438,45468,0
81628,28804,11816,110432,93444,40620,0
84925,46916,34134,131841,119059,81050,0
83375,85982,20767,169357,104142,106749,1
99032,75596,80948,174628,179980,156544,1
30798,98718,50077,129516,80875,148795,0
74421,98346,66434,172767,140855,164780,1
78889,4934,9664,83823,88553,14598,0
31038,48921,12426,79959,43464,61347,0
1646,62909,45069,64555,46715,107978,0
79243,7288,60287,86531,139530,67575,0
29810,63493,88354,93303,118164,151847,1
8251,25216,34756,33467,43007,59972,0
68328,65960,15828,134288,84156,81788,1
92426,79687,16754,172113,109180,96441,1
99493,85614,44720,185107,144213,130334,1
97610,57739,80462,155349,178072,138201,1
9068,95352,61588,104420,70656,156940,0
96205,94773,18067,190978,114272,112840,1
49820,98105,85773,147925,135593,183878,1
59806,17556,2574,77362,62380,20130,0
48973,41635,15229,90608,64202,56864,1
27567,66081,99301,93648,126868,165382,0
27982,98244,7090,126226,35072,105334,0
3939,63670,24352,67609,28291,88022,0
17496,30350,37562,47846,55058,67912,1
78049,18655,8483,96704,86532,27138,0
87497,85173,43352,172670,130849,128525,1
78858,2275,27525,81133,106383,29800,0
91304,23826,48524,115130,139828,72350,0
70338,21574,71378,91912,141716,92952,1
55874,8324,25215,64198,81089,33539,0
74708,1686,27712,76394,102420,29398,0
21588,36975,72137,58563,93725,109112,0
77976,85499,53403,163475,131379,138902,1
80757,69589,63601,150346,144358,133190,1
19885,89384,96850,109269,116735,186234,1
27160,78298,66625,105458,93785,144923,1
31421,81109,41378,112530,72799,122487,0
5020,97291,39786,102311,44806,137077,0
1490,2363,92566,3853,94056,94929,0
85663,48163,11747,133826,97410,59910,0
40143,37376,34447,77519,74590,71823,1
61934,61295,32967,123229,94901,94262,1
91808,68521,69860,160329,161668,138381,1
57073,10475,77122,67548,134195,87597,0
30594,71664,12480,102258,43074,84144,0
89882,92754,68040,182636,157922,160794,1
44314,4663,75425,48977,119739,80088,0
57021,33009,56709,90030,113730,89718,1
42354,42513,76546,84867,118900,119059,1
82447,71928,51449,154375,133896,123377,1
57722,68788,3116,126510,60838,71904,0
91373,95409,23347,186782,114720,118756,1
12550,78827,10400,91377,22950,89227,0
74521,34270,48920,108791,123441,83190,1
3760,74993,92681,78753,96441,167674,0
39596,22078,4739,61674,44335,26817,0
97632,41008,15465,138640,113097,56473,0
70769,73497,55217,144266,125986,128714,1
26261,19606,84179,45867,110440,103785,0
96200,83253,58148,179453,154348,141401,1
88939,79556,35446,168495,124385,115002,1
58621,42044,71543,100665,130164,113587,1
57749,46833,78352,104582,136101,125185,1
64639,22917,60816,87556,125455,83733,1
86788,86749,43144,173537,129932,129893,1
66160,11468,37682,77628,103842,49150,0
71184,4461,24854,75645,96038,29315,0
72830,12009,46264,84839,119094,58273,0
51717,47935,80105,99652,131822,128040,1
60831,30592,17841,91423,78672,48433,0
68030,92574,87400,160604,155430,179974,1
85726,80343,54532,166069,140258,134875,1
65600,7410,69060,73010,134660,76470,1
34007,20945,63169,54952,97176,84114,0
35792,92341,85374,128133,121166,177715,1
24807,89503,43718,114310,68525,133221,0
47889,98762,66412,146651,114301,165174,1
22757,61614,18403,84371,41160,80017,0
90816,10698,18342,101514,109158,29040,0
66283,19036,19988,85319,86271,39024,0
73818,51600,45738,125418,119556,97338,1
74140,85594,39047,159734,113187,124641,1
74752,11242,98146,85994,172898,109388,0
23569,74504,38769,98073,62338,113273,0
7354,35620,94347,42974,101701,129967,0
83225,83731,64203,166956,147428,147934,1
26521,78691,14361,105212,40882,93052,0
38184,6922,99257,45106,137441,106179,0
21458,31710,17916,53168,39374,49626,1
58732,14039,98089,72771,156821,112128,0
26566,95221,37754,121787,64320,132975,0
3171,60450,55107,63621,58278,115557,0
66480,23382,59735,89862,126215,83117,1
39997,40588,85881,80585,125878,126469,0
5887,33404,32635,39291,38522,66039,1
300,70930,94400,71230,94700,165330,0
89433,17593,18259,107026,107692,35852,0
32736,64420,83459,97156,116195,147879,1
20545,24718,96641,45263,117186,121359,0
70661,72759,56703,143420,127364,129462,1
92794,2429,54919,95223,147713,57348,0
38232,19116,27520,57348,65752,46636,1
87280,52435,39803,139715,127083,92238,1
21023,78816,8580,99839,29603,87396,0
1893,36731,63216,38624,65109,99947,0
2657,68034,47724,70691,50381,115758,0
30112,28529,71817,58641,101929,100346,0
74979,75258,22894,150237,97873,98152,1
11522,73669,7837,85191,19359,81506,0
69306,7212,11667,76518,80973,18879,0
31662,91459,60757,123121,92419,152216,1
84620,43777,93990,128397,178610,137767,1
53742,59733,31625,113475,85367,91358,1
25090,19285,44038,44375,69128,63323,1
53897,60365,54695,114262,108592,115060,1
76779,64939,17582,141718,94361,82521,1
36261,73134,85554,109395,121815,158688,1
46569,79560,58680,126129,105249,138240,1
78304,94757,91506,173061,169810,186263,1
68663,58828,29784,127491,98447,88612,1
27889,38994,55964,66883,83853,94958,1
41643,61757,72385,103400,114028,134142,1
30417,89343,79857,119760,110274,169200,1
39662,7732,65206,47394,104868,72938,0
31617,63238,91917,94855,123534,155155,1
91595,44571,41516,136166,133111,86087,0
82927,53788,49939,136715,132866,103727,1
20126,30497,93468,50623,113594,123965,0
45950,33554,62024,79504,107974,95578,1
29094,37936,91185,67030,120279,129121,0
72626,77265,59699,149891,132325,136964,1
33916,57839,9706,91755,43622,67545,0
78066,25967,5508,104033,83574,31475,0
46724,64676,65923,111400,112647,130599,1
74181,23657,32066,97838,106247,55723,0
38592,67784,2149,106376,40741,69933,0
35587,65739,10303,101326,45890,76042,0
79211,14067,28082,93278,107293,42149,0
74947,17669,73306,92616,148253,90975,1
99520,99160,51447,198680,150967,150607,1
78512,64487,57545,142999,136057,122032,1
56907,1392,31161,58299,88068,32553,0
29737,26290,83059,56027,112796,109349,0
40518,72953,10355,113471,50873,83308,0
5767,70377,81371,76144,87138,151748,0
42364,46722,32400,89086,74764,79122,1
24790,90332,55995,115122,80785,146327,0
29058,50454,7946,79512,37004,58400,0
18846,93390,50349,112236,69195,143739,0
60431,27833,37514,88264,97945,65347,1
19802,72519,46110,92321,65912,118629,0
39697,70594,85841,110291,125538,156435,1
69999,15453,80157,85452,150156,95610,1
27238,74177,40014,101415,67252,114191,0
43084,94167,25544,137251,68628,119711,0
44283,88092,2518,132375,46801,90610,0
81698,47539,5109,129237,86807,52648,0
54215,59962,22297,114177,76512,82259,1
83086,21353,44857,104439,127943,66210,0
45912,36061,98049,81973,143961,134110,0
13460,19876,15887,33336,29347,35763,1
80017,11946,66137,91963,146154,78083,0
96191,34801,41864,130992,138055,76665,0
96719,87907,77171,184626,173890,165078,1
57392,11316,70655,68708,128047,81971,0
1887,79902,65374,81789,67261,145276,0
80659,38961,40632,119620,121291,79593,0
65468,97185,37329,162653,102797,134514,1
20359,5855,1929,26214,22288,7784,0
22312,53740,21369,76052,43681,75109,0
49972,94737,37257,144709,87229,131994,0
85301,62360,86097,147661,171398,148457,1
82119,73969,16327,156088,98446,90296,1
32273,10975,63515,43248,95788,74490,0
39658,76125,83870,115783,123528,159995,1
50846,16367,79429,67213,130275,95796,0
1709,98056,9276,99765,10985,107332,0
80491,66460,38702,146951,119193,105162,1
84910,38878,44283,123788,129193,83161,0
62089,86429,86258,148518,148347,172687,1
54732,67349,85445,122081,140177,152794,1
99099,55307,18060,154406,117159,73367,0
29393,6322,78516,35715,107909,84838,0
64474,47904,17396,112378,81870,65300,1
73492,64725,37344,138217,110836,102069,1
4853,20025,56888,24878,61741,76913,0
50883,30611,15830,81494,66713,46441,0
85167,14666,21118,99833,106285,35784,0
20748,31558,2647,52306,23395,34205,0
29518,47095,69758,76613,99276,116853,1
80011,87490,33428,167501,113439,120918,1
65980,9251,53553,75231,119533,62804,0
60843,97719,32839,158562,93682,130558,0
47802,49287,43964,97089,91766,93251,1
50373,49863,295,100236,50668,50158,0
24134,54379,67082,78513,91216,121461,1
17761,26002,43268,43763,61029,69270,1
64782,24473,90849,89255,155631,115322,0
54488,75416,50315,129904,104803,125731,1
89566,95740,29780,185306,119346,125520,1
37211,79291,62562,116502,99773,141853,1
77233,73156,10614,150389,87847,83770,1
307,49132,44942,49439,45249,94074,0
94590,85969,7329,180559,101919,93298,0
70158,40417,14465,110575,84623,54882,0
57860,16027,40192,73887,98052,56219,0
27486,48725,1184,76211,28670,49909,0
67920,8294,63785,76214,131705,72079,1
59147,49971,35336,109118,94483,85307,1
58934,60050,56345,118984,115279,116395,1
92323,81801,67363,174124,159686,149164,1
95993,75943,91010,171936,187003,166953,1
53733,29179,86410,82912,140143,115589,0
18155,83765,96315,101920,114470,180080,1
63983,47578,23721,111561,87704,71299,1
20677,32517,48854,53194,69531,81371,1
90683,93937,26510,184620,117193,120447,1
4721,50376,63861,55097,68582,114237,0
46863,44550,12516,91413,59379,57066,1
31678,12017,28157,43695,59835,40174,1
48675,8600,32669,57275,81344,41269,0
90526,62468,66669,152994,157195,129137,1
37773,99455,99958,137228,137731,199413,1
44199,81295,2986,125494,47185,84281,0
12746,9481,34629,22227,47375,44110,0
22241,63150,50256,85391,72497,113406,1
82008,47447,44037,129455,126045,91484,1
64178,88968,98043,153146,162221,187011,1
7183,72798,71865,79981,79048,144663,1
32239,66167,63423,98406,95662,129590,1
54924,84328,44645,139252,99569,128973,1
93463,60402,50311,153865,143774,110713,1
84618,35726,45037,120344,129655,80763,0
35332,95960,80710,131292,116042,176670,1
49719,12354,54110,62073,103829,66464,1
50754,37179,72639,87933,123393,109818,1
24138,44528,42803,68666,66941,87331,1
89507,17117,48615,106624,138122,65732,0
39448,88246,75231,127694,114679,163477,1
6231,8987,26991,15218,33222,35978,0
85947,89399,21180,175346,107127,110579,1
63734,20774,25190,84508,88924,45964,0
75224,55779,18629,131003,93853,74408,0
41393,6113,380,47506,41773,6493,0
89544,93757,75726,183301,165270,169483,1
60456,531,5088,60987,65544,5619,0
50155,81637,91672,131792,141827,173309,1
74482,94107,8913,168589,83395,103020,0
56599,83351,35385,139950,91984,118736,1
14729,89482,98530,104211,113259,188012,1
32340,68670,43293,101010,75633,111963,1
15986,14778,65852,30764,81838,80630,0
63757,67940,76286,131697,140043,144226,1
77082,7928,37176,85010,114258,45104,0
75443,27904,72531,103347,147974,100435,1
41652,74629,81405,116281,123057,156034,1
7320,22679,64501,29999,71821,87180,0
53241,6276,10703,59517,63944,16979,0
16188,29547,57933,45735,74121,87480,0
79668,24758,52373,104426,132041,77131,0
53304,91677,30175,144981,83479,121852,0
44819,65635,17973,110454,62792,83608,0
15521,37271,46388,52792,61909,83659,1
1889,16421,82689,18310,84578,99110,0
66159,83129,2817,149288,68976,85946,0
2897,85975,16227,88872,19124,102202,0
60644,8819,97656,69463,158300,106475,0
31393,87056,87904,118449,119297,174960,1
59127,38685,76622,97812,135749,115307,1
11512,7150,7974,18662,19486,15124,1
61235,63218,75511,124453,136746,138729,1
42389,58275,2340,100664,44729,60615,0
41692,71113,48972,112805,90664,120085,1
43964,29693,15826,73657,59790,45519,1
11589,41664,65335,53253,76924,106999,0
98574,68706,29006,167280,127580,97712,0
82632,33260,59906,115892,142538,93166,1
18495,3186,98282,21681,116777,101468,0
59982,41256,18771,101238,78753,60027,1
9004,13980,88862,22984,97866,102842,0
3411,84568,22309,87979,25720,106877,0
8409,15132,33953,23541,42362,49085,0
10859,38788,47776,49647,58635,86564,1
95284,75132,1081,170416,96365,76213,0
66765,87313,92873,154078,159638,180186,1
87983,6608,21078,94591,109061,27686,0
76586,18317,9206,94903,85792,27523,0
35848,9632,50981,45480,86829,60613,0
53131,48966,63633,102097,116764,112599,1
78730,29064,1190,107794,79920,30254,0
82649,85098,2938,167747,85587,88036,1
5597,717,29230,6314,34827,29947,0
21281,25532,95710,46813,116991,121242,0
70240,69364,64741,139604,134981,134105,1
8743,13800,53834,22543,62577,67634,0
52166,29486,10604,81652,62770,40090,0
99033,23069,52763,122102,151796,75832,0
9448,40256,89161,49704,98609,129417,0
31798,88507,6670,120305,38468,95177,0
83317,18039,11677,101356,94994,29716,0
91870,31754,11608,123624,103478,43362,0
12374,15305,18691,27679,31065,33996,1
54718,99443,81756,154161,136474,181199,1
16122,38461,94146,54583,110268,132607,0
68195,21681,69948,89876,138143,91629,1
24163,74057,26167,98220,50330,100224,0
38552,51310,92051,89862,130603,143361,0
87151,69581,97994,156732,185145,167575,1
32249,10982,94666,43231,126915,105648,0
69464,26219,3555,95683,73019,29774,0
78693,26334,93179,105027,171872,119513,1
96695,71561,74768,168256,171463,146329,1
31814,36979,94337,68793,126151,131316,0
99761,56618,92060,156379,191821,148678,1
29057,36647,16348,65704,45405,52995,1
64946,95146,79824,160092,144770,174970,1
93701,28148,20554,121849,114255,48702,0
75593,4848,64374,80441,139967,69222,0
55444,20141,65546,75585,120990,85687,1
61463,10549,77851,72012,139314,88400,0
1829,77209,74475,79038,76304,151684,0
21358,58947,18435,80305,39793,77382,0
35328,73185,85618,108513,120946,158803,1
24547,637,26027,25184,50574,26664,0
9270,47312,76290,56582,85560,123602,0
60503,74098,78924,134601,139427,153022,1
76675,32166,92862,108841,169537,125028,1
70851,15208,16165,86059,87016,31373,0
79780,42985,35792,122765,115572,78777,0
56732,48170,45530,104902,102262,93700,1
11818,90891,48192,102709,60010,139083,0
72397,31209,90483,103606,162880,121692,1
55588,17885,71198,73473,126786,89083,1
41867,80037,22267,121904,64134,102304,0
85970,3038,10808,89008,96778,13846,0
65220,42724,8449,107944,73669,51173,0
5997,50171,63528,56168,69525,113699,0
25919,34236,14204,60155,40123,48440,1
12507,82963,1365,95470,13872,84328,0
71349,81911,60413,153260,131762,142324,1
3103,8400,79649,11503,82752,88049,0
42087,61278,19127,103365,61214,80405,0
737,57193,43248,57930,43985,100441,0
723,55356,92506,56079,93229,147862,0
2706,61494,21188,64200,23894,82682,0
99442,76833,65369,176275,164811,142202,1
10695,66082,13874,76777,24569,79956,0
89866,56500,44359,146366,134225,100859,1
38629,7862,40404,46491,79033,48266,1
16701,66708,60823,83409,77524,127531,1
18298,12656,56972,30954,75270,69628,0
24327,81644,40153,105971,64480,121797,0
63629,20699,81912,84328,145541,102611,1
67150,46402,88588,113552,155738,134990,1
74655,37138,66916,111793,141571,104054,1
63717,79461,33159,143178,96876,112620,1
99838,27602,82818,127440,182656,110420,1
275,48274,56905,48549,57180,105179,0
85836,47052,24518,132888,110354,71570,0
70375,68758,21805,139133,92180,90563,1
9527,32980,99503,42507,109030,132483,0
42584,46441,79767,89025,122351,126208,1
68016,98721,46263,166737,114279,144984,1
69160,44203,53744,113363,122904,97947,1
31525,40055,19059,71580,50584,59114,1
18589,9460,22094,28049,40683,31554,1
16438,48060,41560,64498,57998,89620,1
71400,65897,84355,137297,155755,150252,1
69412,91245,80066,160657,149478,171311,1
49551,16283,84295,65834,133846,100578,0
23265,49792,51961,73057,75226,101753,1
17540,7102,45460,24642,63000,52562,0
13661,54547,18837,68208,32498,73384,0
97493,91341,50061,188834,147554,141402,1
17411,56492,20078,73903,37489,76570,0
53542,70834,40320,124376,93862,111154,1
17061,25112,64072,42173,81133,89184,0
40671,62438,24571,103109,65242,87009,1
63097,29036,35583,92133,98680,64619,1
12232,97471,75318,109703,87550,172789,0
81347,95551,61333,176898,142680,156884,1
35310,48831,9230,84141,44540,58061,0
44486,93682,52782,138168,97268,146464,1
21475,41045,41602,62520,63077,82647,1
2528,73067,90562,75595,93090,163629,0
58391,87660,68113,146051,126504,155773,1
91181,69800,10942,160981,102123,80742,0
16009,68794,78466,84803,94475,147260,1
1552,16606,87905,18158,89457,104511,0
31333,12980,67802,44313,99135,80782,0
28307,5153,68408,33460,96715,73561,0
9228,35366,46789,44594,56017,82155,0
68932,65174,11821,134106,80753,76995,1
38365,69066,59301,107431,97666,128367,1
71343,51917,32208,123260,103551,84125,1
77214,35432,78093,112646,155307,113525,1
76914,78194,16893,155108,93807,95087,1
93996,8784,79404,102780,173400,88188,0
62710,63126,78149,125836,140859,141275,1
17980,75758,62845,93738,80825,138603,1
85090,43934,95385,129024,180475,139319,1
59539,20920,59116,80459,118655,80036,1
22088,15234,34382,37322,56470,49616,1
21610,32907,35621,54517,57231,68528,1
59724,99017,99533,158741,159257,198550,1
77970,72922,19686,150892,97656,92608,1
46929,52575,31063,99504,77992,83638,1
21812,29234,63122,51046,84934,92356,0
13277,68344,56261,81621,69538,124605,1
67567,2941,1915,70508,69482,4856,0
51290,57508,62345,108798,113635,119853,1
37597,1987,96797,39584,134394,98784,0
77516,33547,17430,111063,94946,50977,0
41375,84181,32096,125556,73471,116277,0
18453,69659,91463,88112,109916,161122,0
43935,89904,84562,133839,128497,174466,1
39229,50325,4268,89554,43497,54593,0
40540,30415,86570,70955,127110,116985,0
3806,13163,57518,16969,61324,70681,0
19833,12560,42913,32393,62746,55473,0
27374,3113,28616,30487,55990,31729,1
88188,55550,80124,143738,168312,135674,1
64549,35834,48415,100383,112964,84249,1
24288,27071,92498,51359,116786,119569,0
22666,48837,96532,71503,119198,145369,0
59758,81727,10930,141485,70688,92657,0
3676,61941,23783,65617,27459,85724,0
78975,82475,90143,161450,169118,172618,1
60490,14574,66683,75064,127173,81257,1
41356,57481,8164,98837,49520,65645,0
46910,84866,65730,131776,112640,150596,1
65326,89465,78708,154791,144034,168173,1
4863,10890,7677,15753,12540,18567,1
69255,12889,98716,82144,167971,111605,0
84801,55651,26316,140452,111117,81967,0
53105,99283,85168,152388,138273,184451,1
66643,48485,88362,115128,155005,136847,1
87292,38937,17479,126229,104771,56416,0
33649,67701,75958,101350,109607,143659,1
16210,21317,30843,37527,47053,52160,1
71278,42968,93455,114246,164733,136423,1
5596,76866,81348,82462,86944,158214,1
7714,81835,90918,89549,98632,172753,0
4212,54887,87853,59099,92065,142740,0
44974,70208,31316,115182,76290,101524,1
46117,11827,11926,57944,58043,23753,0
61623,93497,87528,155120,149151,181025,1
25707,45941,4840,71648,30547,50781,0
60876,21390,49740,82266,110616,71130,1
47301,38722,24825,86023,72126,63547,1
23795,33982,19436,57777,43231,53418,1
97425,1170,12796,98595,110221,13966,0
37689,44121,48385,81810,86074,92506,1
17345,44833,77087,62178,94432,121920,0
94306,80412,58362,174718,152668,138774,1
79570,70550,97490,150120,177060,168040,1
21603,76387,38308,97990,59911,114695,0
16971,34074,20554,51045,37525,54628,1
29344,40590,42389,69934,71733,82979,1
8073,23816,41332,31889,49405,65148,0
95334,12674,16135,108008,111469,28809,0
32699,88254,71111,120953,103810,159365,1
36895,23277,25466,60172,62361,48743,1
52521,83763,86207,136284,138728,169970,1
38272,22322,10713,60594,48985,33035,0
47761,3861,99803,51622,147564,103664,0
75571,79629,60986,155200,136557,140615,1
68690,36125,51212,104815,119902,87337,1
66781,40716,49751,107497,116532,90467,1
12853,63516,20490,76369,33343,84006,0
675,49858,191,50533,866,50049,0
96046,22768,3133,118814,99179,25901,0
5274,16900,1147,22174,6421,18047,0
12741,9674,46702,22415,59443,56376,0
88707,28864,52630,117571,141337,81494,0
93313,42926,42291,136239,135604,85217,0
63038,45068,73106,108106,136144,118174,1
8476,40296,28892,48772,37368,69188,0
91861,50470,51152,142331,143013,101622,1
18065,26079,48290,44144,66355,74369,0
94800,62744,99796,157544,194596,162540,1
61248,40398,75865,101646,137113,116263,1
86937,91702,34405,178639,121342,126107,1
17092,48175,78871,65267,95963,127046,0
41941,35436,60536,77377,102477,95972,1
26369,10662,18695,37031,45064,29357,1
91824,44923,20216,136747,112040,65139,0
79422,50181,26895,129603,106317,77076,0
91684,2730,97807,94414,189491,100537,0
57958,26727,745,84685,58703,27472,0
77937,18579,53635,96516,131572,72214,0
77240,42838,11797,120078,89037,54635,0
59044,81956,13272,141000,72316,95228,0
91346,96765,47922,188111,139268,144687,1
56260,7326,26907,63586,83167,34233,0
69160,64299,49547,133459,118707,113846,1
91241,2897,21795,94138,113036,24692,0
54603,54971,48446,109574,103049,103417,1
81297,77014,54785,158311,136082,131799,1
23069,55871,74261,78940,97330,130132,1
44134,58540,61449,102674,105583,119989,1
23288,67214,63654,90502,86942,130868,1
25756,83773,77416,109529,103172,161189,1
18844,99372,42825,118216,61669,142197,0
11500,14136,34212,25636,45712,48348,0
76881,81149,5815,158030,82696,86964,1
8102,55694,56872,63796,64974,112566,1
51241,41248,35823,92489,87064,77071,1
67630,15260,1860,82890,69490,17120,0
8721,49209,98225,57930,106946,147434,0
62281,50084,73564,112365,135845,123648,1
81630,53503,31198,135133,112828,84701,1
71619,71119,92307,142738,163926,163426,1
34867,13190,63455,48057,98322,76645,0
21767,32064,60650,53831,82417,92714,0
75236,7585,20524,82821,95760,28109,0
35299,52290,67614,87589,102913,119904,1
71238,40675,36320,111913,107558,76995,1
43568,96184,84860,139752,128428,181044,1
27486,97678,5458,125164,32944,103136,0
82080,93288,751,175368,82831,94039,0
60097,44584,40136,104681,100233,84720,1
61086,75189,42292,136275,103378,117481,1
48977,78297,81718,127274,130695,160015,1
1044,75359,828,76403,1872,76187,0
88061,766,3132,88827,91193,3898,0
97471,2585,82317,100056,179788,84902,0
32301,45589,78498,77890,110799,124087,0
40972,39235,91525,80207,132497,130760,0
62241,80104,86750,142345,148991,166854,1
30579,98592,52497,129171,83076,151089,0
4592,73551,87505,78143,92097,161056,0
35758,90307,52982,126065,88740,143289,0
10575,4212,73063,14787,83638,77275,0
34528,53272,87223,87800,121751,140495,1
61238,84530,3495,145768,64733,88025,0
31133,67981,11035,99114,42168,79016,0
92962,17688,17590,110650,110552,35278,0
1691,63137,56250,64828,57941,119387,0
86399,2955,57946,89354,144345,60901,0
96472,5943,52149,102415,148621,58092,0
41927,42316,39748,84243,81675,82064,1
37546,83118,21776,120664,59322,104894,0
83336,20268,34858,103604,118194,55126,0
1575,5332,72587,6907,74162,77919,0
18250,15451,6373,33701,24623,21824,1
52568,58153,36077,110721,88645,94230,1
90243,64881,65551,155124,155794,130432,1
30971,52732,10861,83703,41832,63593,0
17463,97108,19716,114571,37179,116824,0
84454,35110,55969,119564,140423,91079,1
45869,2933,61084,48802,106953,64017,0
40678,35903,99529,76581,140207,135432,0
23548,69001,79836,92549,103384,148837,1
5997,52318,87656,58315,93653,139974,0
18427,79560,55472,97987,73899,135032,0
79638,1028,51202,80666,130840,52230,0
78879,49885,29706,128764,108585,79591,1
21243,16299,65525,37542,86768,81824,0
64855,24719,27732,89574,92587,52451,0
93825,14060,89834,107885,183659,103894,1
46291,20671,53650,66962,99941,74321,1
52270,60237,4109,112507,56379,64346,0
90605,80122,49638,170727,140243,129760,1
85598,92132,65648,177730,151246,157780,1
20433,79404,18539,99837,38972,97943,0
18337,56058,78697,74395,97034,134755,0
71631,13094,22226,84725,93857,35320,0
79529,98588,8050,178117,87579,106638,0
85814,50668,50314,136482,136128,100982,1
31420,83113,22810,114533,54230,105923,0
72197,75059,32838,147256,105035,107897,1
86677,49202,90417,135879,177094,139619,1
24444,8223,82743,32667,107187,90966,0
29810,76473,66895,106283,96705,143368,1
34642,5875,47434,40517,82076,53309,0
28993,13734,35366,42727,64359,49100,1
88183,64960,69451,153143,157634,134411,1
5777,19300,44241,25077,50018,63541,0
3385,49705,60007,53090,63392,109712,0
29840,99679,8207,129519,38047,107886,0
7733,36398,60038,44131,67771,96436,0
77830,54623,84636,132453,162466,139259,1
17603,51308,24715,68911,42318,76023,0
43563,14722,37597,58285,81160,52319,1
62262,25490,22318,87752,84580,47808,0
63620,77427,51378,141047,114998,128805,1
76772,65675,48514,142447,125286,114189,1
64297,12350,91737,76647,156034,104087,0
30207,21559,43627,51766,73834,65186,1
52559,93707,98060,146266,150619,191767,1
19501,4416,92890,23917,112391,97306,0
92729,26072,92012,118801,184741,118084,1
78173,46568,7338,124741,85511,53906,0
92964,24251,72710,117215,165674,96961,1
61597,50767,15398,112364,76995,66165,1
63836,91228,44379,155064,108215,135607,1
9102,28898,62445,38000,71547,91343,0
55558,98199,26725,153757,82283,124924,0
538,87886,33697,88424,34235,121583,0
93717,12590,63001,106307,156718,75591,0
94919,81035,75198,175954,170117,156233,1
48959,49392,44789,98351,93748,94181,1
61266,12733,15386,73999,76652,28119,0
76976,8871,94523,85847,171499,103394,0
66571,61181,70792,127752,137363,131973,1
19977,19302,30383,39279,50360,49685,1
21530,44491,16457,66021,37987,60948,0
5156,28370,22296,33526,27452,50666,0
83531,89220,31045,172751,114576,120265,1
33648,83058,36065,116706,69713,119123,0
26797,7144,44992,33941,71789,52136,0
5025,26431,65561,31456,70586,91992,0
42348,95719,1123,138067,43471,96842,0
14626,55420,87097,70046,101723,142517,0
75122,29793,98040,104915,173162,127833,1
76921,66519,73778,143440,150699,140297,1
47825,40824,73265,88649,121090,114089,1
88832,39678,1075,128510,89907,40753,0
63679,93699,25964,157378,89643,119663,0
39462,24330,1709,63792,41171,26039,0
99598,44077,58411,143675,158009,102488,1
44574,78879,73301,123453,117875,152180,1
4745,48956,22811,53701,27556,71767,0
7807,41127,29726,48934,37533,70853,0
40162,47991,38218,88153,78380,86209,1
74738,8586,33716,83324,108454,42302,0
80539,54425,19131,134964,99670,73556,0
3543,48033,13950,51576,17493,61983,0
50059,24358,39484,74417,89543,63842,1
93652,44744,10289,138396,103941,55033,0
25429,61757,39512,87186,64941,101269,1
34587,40700,94687,75287,129274,135387,0
13250,64263,65324,77513,78574,129587,1
74693,50443,62772,125136,137465,113215,1
46725,80134,30176,126859,76901,110310,0
65224,14676,79172,79900,144396,93848,1
23531,16063,7300,39594,30831,23363,0
27835,37981,45364,65816,73199,83345,1
20863,65263,1798,86126,22661,67061,0
40204,87547,38020,127751,78224,125567,0
76741,14888,55582,91629,132323,70470,0
23778,23084,20110,46862,43888,43194,1
98515,89429,59441,187944,157956,148870,1
80239,48066,54619,128305,134858,102685,1
1549,7118,62830,8667,64379,69948,0
87522,64990,66156,152512,153678,131146,1
56942,2988,94489,59930,151431,97477,0
77787,52111,11984,129898,89771,64095,0
65932,99521,82158,165453,148090,181679,1
78240,35379,5810,113619,84050,41189,0
9422,11758,63191,21180,72613,74949,0
92393,88739,47632,181132,140025,136371,1
37982,87899,63064,125881,101046,150963,1
95850,45240,44622,141090,140472,89862,0
49379,44530,51561,93909,100940,96091,1
60954,78135,42257,139089,103211,120392,1
59307,76366,34466,135673,93773,110832,1
70270,48598,39935,118868,110205,88533,1
22794,54520,72667,77314,95461,127187,1
13863,37888,43657,51751,57520,81545,1
33640,41710,68823,75350,102463,110533,1
69687,44031,23379,113718,93066,67410,0
93760,31297,43978,125057,137738,75275,0
83823,29008,5799,112831,89622,34807,0
1441,51676,87773,53117,89214,139449,0
64351,37121,20438,101472,84789,57559,0
32721,9480,66354,42201,99075,75834,0
64066,16443,82907,80509,146973,99350,0
16862,86012,38074,102874,54936,124086,0
67118,40504,67671,107622,134789,108175,1
19896,26174,31304,46070,51200,57478,1
44538,13154,46112,57692,90650,59266,1
35861,79586,46197,115447,82058,125783,1
11990,76616,29718,88606,41708,106334,0
65296,77743,35143,143039,100439,112886,1
82666,44944,60104,127610,142770,105048,1
34106,40994,82402,75100,116508,123396,0
37795,20912,1103,58707,38898,22015,0
99161,97160,81211,196321,180372,178371,1
23748,74804,90737,98552,114485,165541,1
62727,50302,90596,113029,153323,140898,1
3362,90829,93227,94191,96589,184056,1
55161,38206,62755,93367,117916,100961,1
97995,5615,2306,103610,100301,7921,0
53478,94725,15697,148203,69175,110422,0
66064,47376,61901,113440,127965,109277,1
22383,70962,37852,93345,60235,108814,0
59523,36204,79452,95727,138975,115656,1
25928,40094,66333,66022,92261,106427,0
801,57199,6830,58000,7631,64029,0
37171,84911,17219,122082,54390,102130,0
67697,60569,1439,128266,69136,62008,0
74666,97938,3295,172604,77961,101233,0
78509,24208,66703,102717,145212,90911,1
33237,32891,68498,66128,101735,101389,0
76291,18245,30633,94536,106924,48878,0
9756,45508,12927,55264,22683,58435,0
3680,93690,98411,97370,102091,192101,0
67613,28841,7766,96454,75379,36607,0
91922,23864,64614,115786,156536,88478,0
50662,81040,60219,131702,110881,141259,1
46641,34819,68434,81460,115075,103253,1
20989,75924,79703,96913,100692,155627,1
37577,65629,59240,103206,96817,124869,1
66340,45805,41082,112145,107422,86887,1
39099,10227,29928,49326,69027,40155,1
88742,74086,79599,162828,168341,153685,1
12125,81535,89570,93660,101695,171105,1
22371,62160,79546,84531,101917,141706,1
27255,8224,66425,35479,93680,74649,0
43999,36250,47876,80249,91875,84126,1
46557,81997,90982,128554,137539,172979,1
11663,92823,145,104486,11808,92968,0
29774,48608,79297,78382,109071,127905,0
87965,12582,98369,100547,186334,110951,1
61616,7015,77546,68631,139162,84561,0
87535,4133,35891,91668,123426,40024,0
289,788,32836,1077,33125,33624,0
12295,20580,61525,32875,73820,82105,0
31869,64337,88455,96206,120324,152792,1
55093,59362,20737,114455,75830,80099,1
97143,30308,48328,127451,145471,78636,0
38877,81930,88355,120807,127232,170285,1
1571,64204,44163,65775,45734,108367,0
77707,61928,52093,139635,129800,114021,1
57924,86561,65872,144485,123796,152433,1
66973,79526,54374,146499,121347,133900,1
73358,30053,11079,103411,84437,41132,0
21569,3715,30790,25284,52359,34505,0
48001,17783,38897,65784,86898,56680,1
59576,47645,79787,107221,139363,127432,1
89340,30761,6512,120101,95852,37273,0
12952,25777,40402,38729,53354,66179,0
81965,75877,7152,157842,89117,83029,1
59704,15869,82476,75573,142180,98345,0
85749,90410,78313,176159,164062,168723,1
46158,19030,48204,65188,94362,67234,1
94940,69996,96366,164936,191306,166362,1
9116,41050,32875,50166,41991,73925,1
74725,7663,78915,82388,153640,86578,1
37383,30399,35175,67782,72558,65574,1
63303,89236,79331,152539,142634,168567,1
32503,25622,8745,58125,41248,34367,1
58017,68560,54320,126577,112337,122880,1
17096,10563,69263,27659,86359,79826,0
31465,61277,3325,92742,34790,64602,0
15107,66796,41471,81903,56578,108267,0
63294,99155,15439,162449,78733,114594,0
7508,27934,72220,35442,79728,100154,0
99711,22294,58731,122005,158442,81025,0
40486,30011,95313,70497,135799,125324,0
60844,29567,10832,90411,71676,40399,0
8858,89922,19257,98780,28115,109179,0
62855,80359,52835,143214,115690,133194,1
80418,9050,30806,89468,111224,39856,0
37753,84957,94687,122710,132440,179644,1
32042,61228,60791,93270,92833,122019,1
13965,14249,96088,28214,110053,110337,0
90720,80184,12469,170904,103189,92653,1
74166,93172,14372,167338,88538,107544,0
93699,299,71085,93998,164784,71384,0
61774,23579,41001,85353,102775,64580,1
28483,26467,10068,54950,38551,36535,1
76451,90030,67221,166481,143672,157251,1
11932,22159,11583,34091,23515,33742,1
58864,24279,40966,83143,99830,65245,1
23739,92895,62570,116634,86309,155465,0
22946,47683,44950,70629,67896,92633,1
24105,64334,1709,88439,25814,66043,0
29814,40550,20616,70364,50430,61166,1
74002,83003,49568,157005,123570,132571,1
20208,86004,91073,106212,111281,177077,1
12599,43492,53998,56091,66597,97490,1
97799,84306,12607,182105,110406,96913,0
48053,97258,5273,145311,53326,102531,0
53058,55647,91379,108705,144437,147026,1
16321,60865,80464,77186,96785,141329,0
69698,52360,952,122058,70650,53312,0
80697,525,93375,81222,174072,93900,0
44948,68880,34496,113828,79444,103376,1
68384,79154,77258,147538,145642,156412,1
31725,88541,40298,120266,72023,128839,0
1309,72808,58055,74117,59364,130863,0
57882,39058,56904,96940,114786,95962,1
74574,44655,49544,119229,124118,94199,1
54856,88414,89968,143270,144824,178382,1
78694,96572,63608,175266,142302,160180,1
78568,67536,43068,146104,121636,110604,1
79231,4743,77526,83974,156757,82269,1
20367,17321,43680,37688,64047,61001,0
249,16876,74427,17125,74676,91303,0
67705,51685,70451,119390,138156,122136,1
57391,19077,82898,76468,140289,101975,0
10183,53866,58268,64049,68451,112134,1
70131,64462,99148,134593,169279,163610,1
58905,3724,35465,62629,94370,39189,0
13974,96099,14807,110073,28781,110906,0
19319,69859,77796,89178,97115,147655,1
76777,43834,84953,120611,161730,128787,1
65363,81562,39345,146925,104708,120907,1
94628,15685,65906,110313,160534,81591,0
89344,65243,47252,154587,136596,112495,1
61720,99805,19825,161525,81545,119630,0
52502,43935,60557,96437,113059,104492,1
98322,2111,364,100433,98686,2475,0
84915,9684,75808,94599,160723,85492,1
25397,95546,2860,120943,28257,98406,0
68169,37297,44934,105466,113103,82231,1
19092,5070,12318,24162,31410,17388,0
68506,64257,95224,132763,163730,159481,1
80605,36223,51768,116828,132373,87991,1
98559,80032,77085,178591,175644,157117,1
47716,69762,58339,117478,106055,128101,1
96864,40996,50127,137860,146991,91123,0
2988,40474,24123,43462,27111,64597,0
89529,12990,4914,102519,94443,17904,0
15448,30549,11257,45997,26705,41806,0
68125,55682,99663,123807,167788,155345,1
35661,4674,604,40335,36265,5278,0
97288,8284,20805,105572,118093,29089,0
39801,60899,23160,100700,62961,84059,1
65392,15462,58554,80854,123946,74016,1
4758,37168,46050,41926,50808,83218,0
75218,47559,61833,122777,137051,109392,1
45828,73866,93231,119694,139059,167097,1
67521,22608,3922,90129,71443,26530,0
84321,9208,80908,93529,165229,90116,1
73005,43255,54023,116260,127028,97278,1
29885,26151,17085,56036,46970,43236,1
44216,15790,381,60006,44597,16171,0
62247,25893,56104,88140,118351,81997,1
22346,51465,9751,73811,32097,61216,0
80603,91697,97955,172300,178558,189652,1
52427,75047,34660,127474,87087,109707,1
63111,71176,28979,134287,92090,100155,1
45082,42542,30395,87624,75477,72937,1
4995,42477,70059,47472,75054,112536,0
79190,45384,89142,124574,168332,134526,1
85228,69159,73809,154387,159037,142968,1
98536,37805,18055,136341,116591,55860,0
70446,10473,66049,80919,136495,76522,1
82292,24295,22084,106587,104376,46379,0
63622,85737,6397,149359,70019,92134,0
33253,62683,24156,95936,57409,86839,0
91488,71884,67898,163372,159386,139782,1
19870,82472,10981,102342,30851,93453,0
46136,22434,3645,68570,49781,26079,0
33153,84005,35720,117158,68873,119725,0
99083,27893,16087,126976,115170,43980,0
67975,59286,50408,127261,118383,109694,1
4109,40600,31304,44709,35413,71904,0
6720,15837,13080,22557,19800,28917,1
79921,10362,61522,90283,141443,71884,0
87821,66742,78075,154563,165896,144817,1
23052,7627,90792,30679,113844,98419,0
97625,76828,62343,174453,159968,139171,1
4280,10167,38249,14447,42529,48416,0
75996,56193,95831,132189,171827,152024,1
3019,35446,56258,38465,59277,91704,0
58341,72486,18952,130827,77293,91438,1
76246,25825,61962,102071,138208,87787,1
46810,77539,47930,124349,94740,125469,1
32708,71735,1478,104443,34186,73213,0
88680,83176,12623,171856,101303,95799,1
57443,75288,41871,132731,99314,117159,1
5990,8060,77534,14050,83524,85594,0
92202,38098,39822,130300,132024,77920,0
63281,44205,35221,107486,98502,79426,1
10427,87980,6253,98407,16680,94233,0
81907,43826,32111,125733,114018,75937,0
5039,90929,13052,95968,18091,103981,0
85640,18401,63033,104041,148673,81434,0
77452,880,70805,78332,148257,71685,0
50499,37845,7345,88344,57844,45190,0
69374,68881,76637,138255,146011,145518,1
51075,48614,99661,99689,150736,148275,1
82344,80352,42108,162696,124452,122460,1
59854,89290,86646,149144,146500,175936,1
89939,82351,84364,172290,174303,166715,1
38349,54649,9196,92998,47545,63845,0
37430,4359,82796,41789,120226,87155,0
99800,33724,38419,133524,138219,72143,0
64271,36381,73816,100652,138087,110197,1
835,20143,91362,20978,92197,111505,0
28086,25875,88670,53961,116756,114545,0
90456,96614,80904,187070,171360,177518,1
86177,50574,58532,136751,144709,109106,1
88267,45890,31951,134157,120218,77841,0
57471,50572,73487,108043,130958,124059,1
21679,46952,62585,68631,84264,109537,1
59620,68666,87410,128286,147030,156076,1
52737,29033,97182,81770,149919,126215,0
36809,29223,69050,66032,105859,98273,0
13089,38474,19216,51563,32305,57690,0
52292,66364,23865,118656,76157,90229,1
95101,53024,24978,148125,120079,78002,0
75860,85915,55874,161775,131734,141789,1
93097,79966,42795,173063,135892,122761,1
56012,30240,64066,86252,120078,94306,1
78769,35009,93821,113778,172590,128830,1
78780,15773,19021,94553,97801,34794,0
30517,22535,39103,53052,69620,61638,1
96904,6984,65528,103888,162432,72512,0
90701,15220,8528,105921,99229,23748,0
28980,84449,42433,113429,71413,126882,0
29019,66386,17558,95405,46577,83944,0
71957,72151,62694,144108,134651,134845,1
81209,51301,98604,132510,179813,149905,1
30231,94819,58767,125050,88998,153586,0
74820,84692,8704,159512,83524,93396,0
29060,6808,7293,35868,36353,14101,0
40679,58396,29511,99075,70190,87907,1
37625,24489,37384,62114,75009,61873,1
33898,84265,69092,118163,102990,153357,1
73403,96597,55947,170000,129350,152544,1
81476,49597,41805,131073,123281,91402,1
13363,11078,47239,24441,60602,58317,0
42271,12478,6773,54749,49044,19251,0
5928,68189,21619,74117,27547,89808,0
52825,63783,8178,116608,61003,71961,0
45376,84192,83440,129568,128816,167632,1
56414,72174,28408,128588,84822,100582,1
48554,27681,17517,76235,66071,45198,0
41298,53727,33010,95025,74308,86737,1
80540,88671,92953,169211,173493,181624,1
6498,9163,78500,15661,84998,87663,0
14322,87839,95364,102161,109686,183203,1
81570,36011,98152,117581,179722,134163,1
80020,92747,72619,172767,152639,165366,1
49448,90557,41623,140005,91071,132180,1
73421,18382,21615,91803,95036,39997,0
45404,76919,74187,122323,119591,151106,1
97445,64950,49724,162395,147169,114674,1
16682,12243,6014,28925,22696,18257,1
61611,20220,71819,81831,133430,92039,1
88256,847,67061,89103,155317,67908,0
35955,4778,68303,40733,104258,73081,0
36697,59472,27472,96169,64169,86944,1
28087,51939,71914,80026,100001,123853,1
27505,88844,22852,116349,50357,111696,0
36763,73125,94387,109888,131150,167512,1
77855,25881,45062,103736,122917,70943,0
51286,28942,1679,80228,52965,30621,0
22787,16601,11164,39388,33951,27765,1
40776,31653,10122,72429,50898,41775,1
3458,27705,13848,31163,17306,41553,0
4452,94088,57231,98540,61683,151319,0
70997,69582,70702,140579,141699,140284,1
58188,12423,93479,70611,151667,105902,0
71409,93480,30560,164889,101969,124040,1
20967,22298,10724,43265,31691,33022,1
6138,60446,46826,66584,52964,107272,0
62916,12133,64588,75049,127504,76721,1
48299,75690,36313,123989,84612,112003,1
65840,37966,5857,103806,71697,43823,0
89418,62950,54875,152368,144293,117825,1
75804,82273,33930,158077,109734,116203,1
80564,18948,73493,99512,154057,92441,1
10262,56408,87791,66670,98053,144199,0
41516,4592,84645,46108,126161,89237,0
73488,16221,92998,89709,166486,109219,0
74883,96015,89968,170898,164851,185983,1
95172,72919,97616,168091,192788,170535,1
77049,26457,18083,103506,95132,44540,0
32993,30014,40145,63007,73138,70159,1
27054,53968,82264,81022,109318,136232,0
39777,14686,11431,54463,51208,26117,0
65639,33387,24475,99026,90114,57862,0
81784,6912,62897,88696,144681,69809,0
37845,76809,17591,114654,55436,94400,0
54463,49408,21565,103871,76028,70973,1
38076,42325,81203,80401,119279,123528,0
60115,37265,63587,97380,123702,100852,1
8774,55427,9673,64201,18447,65100,0
40810,92887,58231,133697,99041,151118,1
92725,26553,34793,119278,127518,61346,0
76634,17623,34718,94257,111352,52341,0
53487,86980,98997,140467,152484,185977,1
28323,28667,39960,56990,68283,68627,1
97698,91692,41696,189390,139394,133388,1
82234,87845,60911,170079,143145,148756,1
60172,74406,78175,134578,138347,152581,1
7746,74472,24930,82218,32676,99402,0
42804,29930,65237,72734,108041,95167,1
19444,8726,43102,28170,62546,51828,0
50005,8474,63234,58479,113239,71708,0
58475,25653,7995,84128,66470,33648,0
18886,23316,26757,42202,45643,50073,1
75372,97460,76899,172832,152271,174359,1
54704,99888,38266,154592,92970,138154,0
82093,42773,73628,124866,155721,116401,1
61684,52465,92885,114149,154569,145350,1
72618,8551,45477,81169,118095,54028,0
96253,80264,82417,176517,178670,162681,1
64717,83031,16237,147748,80954,99268,0
83838,66145,79502,149983,163340,145647,1
27751,68259,93123,96010,120874,161382,1
46760,30278,31231,77038,77991,61509,1
92842,33405,51816,126247,144658,85221,0
5673,7304,32378,12977,38051,39682,0
98773,72942,56183,171715,154956,129125,1
58782,87412,20348,146194,79130,107760,0
3504,76609,17214,80113,20718,93823,0
31443,41263,39573,72706,71016,80836,1
97362,88407,81732,185769,179094,170139,1
1052,39712,43583,40764,44635,83295,0
44083,22105,79945,66188,124028,102050,0
1214,52654,36694,53868,37908,89348,0
3169,83403,4862,86572,8031,88265,0
76432,66371,9095,142803,85527,75466,0
16853,88499,16151,105352,33004,104650,0
3226,82846,61726,86072,64952,144572,0
28467,85408,58362,113875,86829,143770,1
43365,97116,59002,140481,102367,156118,1
10870,84954,16059,95824,26929,101013,0
31625,77816,93290,109441,124915,171106,1
23129,42089,14236,65218,37365,56325,0
67228,94002,16476,161230,83704,110478,0
1583,46147,45815,47730,47398,91962,1
66911,42389,43111,109300,110022,85500,1
88746,56477,96960,145223,185706,153437,1
40490,78792,23019,119282,63509,101811,0
80149,54371,14639,134520,94788,69010,0
72188,48431,75581,120619,147769,124012,1
54020,90427,52059,144447,106079,142486,1
69738,89141,97516,158879,167254,186657,1
83168,65241,82675,148409,165843,147916,1
77457,87246,23907,164703,101364,111153,1
88797,74051,85729,162848,174526,159780,1
62671,26144,3767,88815,66438,29911,0
94664,28976,1623,123640,96287,30599,0
96127,61716,36960,157843,133087,98676,1
54379,97780,97240,152159,151619,195020,1
39090,10564,30222,49654,69312,40786,1
33749,69007,96117,102756,129866,165124,1
17315,41634,66714,58949,84029,108348,0
19012,97903,61490,116915,80502,159393,0
2884,40623,29278,43507,32162,69901,0
15001,30674,50862,45675,65863,81536,0
57757,18580,63672,76337,121429,82252,1
86809,6188,50545,92997,137354,56733,0
2510,86482,24779,88992,27289,111261,0
3576,41135,24174,44711,27750,65309,0
50228,80034,58094,130262,108322,138128,1
56466,76862,22006,133328,78472,98868,1
92300,22201,71016,114501,163316,93217,1
73935,12980,93532,86915,167467,106512,0
16008,73076,92828,89084,108836,165904,0
55328,97305,26808,152633,82136,124113,0
34314,23910,20392,58224,54706,44302,1
96017,28277,65263,124294,161280,93540,0
62184,20168,1745,82352,63929,21913,0
90035,79779,35578,169814,125613,115357,1
72507,18649,90285,91156,162792,108934,1
67507,92653,88992,160160,156499,181645,1
29009,31140,61750,60149,90759,92890,0
21127,96543,14394,117670,35521,110937,0
81888,22892,69440,104780,151328,92332,1
493,59614,42093,60107,42586,101707,0
57603,61530,79235,119133,136838,140765,1
21218,1840,65030,23058,86248,66870,0
96350,21638,76596,117988,172946,98234,1
31383,65870,91935,97253,123318,157805,1
79593,63414,71819,143007,151412,135233,1
63969,62554,56390,126523,120359,118944,1
80204,73243,9172,153447,89376,82415,1
91294,2569,62335,93863,153629,64904,0
82996,56183,97361,139179,180357,153544,1
94451,5071,77017,99522,171468,82088,0
71116,35741,25686,106857,96802,61427,0
7571,50426,13911,57997,21482,64337,0
46746,84626,50045,131372,96791,134671,1
14095,391,35013,14486,49108,35404,0
64325,41091,16941,105416,81266,58032,0
71540,13408,30506,84948,102046,43914,0
40860,2993,73196,43853,114056,76189,0
64623,83552,97585,148175,162208,181137,1
37913,34618,28147,72531,66060,62765,1
55642,33995,42294,89637,97936,76289,1
9025,77153,24295,86178,33320,101448,0
39466,81362,23484,120828,62950,104846,0
15268,47686,60685,62954,75953,108371,1
35025,18734,12479,53759,47504,31213,0
9388,58989,55581,68377,64969,114570,1
89150,16609,82230,105759,171380,98839,1
40254,94571,94284,134825,134538,188855,1
69326,94149,4717,163475,74043,98866,0
88839,99093,9587,187932,98426,108680,0
8693,81586,85638,90279,94331,167224,1
62000,49518,18579,111518,80579,68097,1
34236,70027,90769,104263,125005,160796,1
95974,18733,17934,114707,113908,36667,0
43806,25767,37879,69573,81685,63646,1
44381,14103,39370,58484,83751,53473,1
16162,83149,48789,99311,64951,131938,0
59909,68412,56682,128321,116591,125094,1
52809,33889,15817,86698,68626,49706,0
70987,17556,14349,88543,85336,31905,0
68594,17520,53097,86114,121691,70617,1
10347,25950,80306,36297,90653,106256,0
81410,13857,5591,95267,87001,19448,0
72768,66413,98303,139181,171071,164716,1
42546,40042,52921,82588,95467,92963,1
91307,47810,42524,139117,133831,90334,0
61420,1228,562,62648,61982,1790,0
28573,75989,81728,104562,110301,157717,1
97254,69665,48563,166919,145817,118228,1
79893,70634,5089,150527,84982,75723,0
31804,77606,97162,109410,128966,174768,1
60052,15715,83546,75767,143598,99261,0
38071,43050,59013,81121,97084,102063,1
22951,80599,96636,103550,119587,177235,1
14312,54975,84216,69287,98528,139191,0
63956,65201,10931,129157,74887,76132,1
52444,26564,97172,79008,149616,123736,0
80824,55364,47929,136188,128753,103293,1
54175,12191,10109,66366,64284,22300,0
80271,18906,26956,99177,107227,45862,0
74568,5101,95374,79669,169942,100475,0
75049,20686,98853,95735,173902,119539,0
12613,68537,98736,81150,111349,167273,0
84036,11766,51955,95802,135991,63721,0
65022,34433,80456,99455,145478,114889,1
44425,82961,46128,127386,90553,129089,1
98988,5855,25663,104843,124651,31518,0
50256,25566,44125,75822,94381,69691,1
90920,97232,95416,188152,186336,192648,1
41492,57992,61062,99484,102554,119054,1
17580,65773,28966,83353,46546,94739,0
19474,3857,59788,23331,79262,63645,0
16133,642,92430,16775,108563,93072,0
23801,43696,65458,67497,89259,109154,1
66490,51248,84618,117738,151108,135866,1
19032,73009,14821,92041,33853,87830,0
83696,18890,69495,102586,153191,88385,1
61913,47519,62016,109432,123929,109535,1
88708,10372,39023,99080,127731,49395,0
62286,16804,99132,79090,161418,115936,0
89837,68017,94629,157854,184466,162646,1
54839,45825,47930,100664,102769,93755,1
84602,70906,98006,155508,182608,168912,1
65804,79010,60610,144814,126414,139620,1
30274,21915,78396,52189,108670,100311,0
19746,48242,34293,67988,54039,82535,1
16943,17625,27236,34568,44179,44861,1
29560,70230,3043,99790,32603,73273,0
92280,24294,71602,116574,163882,95896,1
15778,15189,46622,30967,62400,61811,0
81672,41907,93931,123579,175603,135838,1
97002,78035,4038,175037,101040,82073,0
23093,51161,70596,74254,93689,121757,1
43398,82213,26911,125611,70309,109124,0
45814,49389,21409,95203,67223,70798,1
58180,94104,15648,152284,73828,109752,0
76039,39052,59197,115091,135236,98249,1
91831,42094,91807,133925,183638,133901,1
59228,66771,85882,125999,145110,152653,1
6169,37867,48964,44036,55133,86831,0
55658,27748,1290,83406,56948,29038,0
2902,95084,31190,97986,34092,126274,0
73113,11652,84018,84765,157131,95670,1
59760,44626,55631,104386,115391,100257,1
37029,63270,83770,100299,120799,147040,1
67968,6131,73675,74099,141643,79806,1
71780,82929,91959,154709,163739,174888,1
31852,45685,38232,77537,70084,83917,1
30968,5747,55853,36715,86821,61600,0
78359,27621,71217,105980,149576,98838,1
61023,85015,38230,146038,99253,123245,1
50121,18161,88319,68282,138440,106480,0
16318,62583,93957,78901,110275,156540,0
928,68950,48904,69878,49832,117854,0
5147,8051,53864,13198,59011,61915,0
38541,85134,74176,123675,112717,159310,1
66789,28085,76469,94874,143258,104554,1
27731,97300,42702,125031,70433,140002,0
53141,67343,89329,120484,142470,156672,1
95456,23671,38052,119127,133508,61723,0
59575,88681,75996,148256,135571,164677,1
4072,35800,45874,39872,49946,81674,0
18468,14007,41723,32475,60191,55730,0
97940,64713,21869,162653,119809,86582,0
23974,97914,95061,121888,119035,192975,1
86389,22481,8612,108870,95001,31093,0
76536,46567,86477,123103,163013,133044,1
31268,8461,11176,39729,42444,19637,0
15225,2947,79849,18172,95074,82796,0
48144,7107,21329,55251,69473,28436,0
35459,60833,54775,96292,90234,115608,1
98058,28989,15958,127047,114016,44947,0
9409,72034,3531,81443,12940,75565,0
75793,11747,1054,87540,76847,12801,0
76596,5747,64923,82343,141519,70670,0
84400,94392,77699,178792,162099,172091,1
74827,77641,14516,152468,89343,92157,1
60245,13025,15695,73270,75940,28720,0
81570,68077,79845,149647,161415,147922,1
13953,35766,18732,49719,32685,54498,0
29103,54425,94409,83528,123512,148834,0
61103,98658,95457,159761,156560,194115,1
66582,2986,19559,69568,86141,22545,0
54471,67250,7567,121721,62038,74817,0
32298,60147,52295,92445,84593,112442,1
39100,31379,27293,70479,66393,58672,1
87422,59536,21581,146958,109003,81117,0
69755,52517,30142,122272,99897,82659,1
66877,49741,94490,116618,161367,144231,1
9302,38737,7539,48039,16841,46276,0
31706,44271,18036,75977,49742,62307,1
60323,34215,36641,94538,96964,70856,1
78451,76668,63543,155119,141994,140211,1
15580,37601,98372,53181,113952,135973,0
26057,25819,85157,51876,111214,110976,0
6545,90734,94619,97279,101164,185353,1
42659,39444,95825,82103,138484,135269,0
93552,75285,68069,168837,161621,143354,1
81626,86824,63622,168450,145248,150446,1
59633,76122,68713,135755,128346,144835,1
80016,33419,35045,113435,115061,68464,0
9360,48226,52539,57586,61899,100765,1
62471,34145,8229,96616,70700,42374,0
97708,56658,72443,154366,170151,129101,1
66644,12890,12148,79534,78792,25038,0
98973,85407,28747,184380,127720,114154,1
61891,83619,96459,145510,158350,180078,1
69436,58557,77552,127993,146988,136109,1
38243,65252,59528,103495,97771,124780,1
17138,23163,45973,40301,63111,69136,0
89263,90051,85826,179314,175089,175877,1
13055,90427,60162,103482,73217,150589,0
98385,91127,7087,189512,105472,98214,0
33479,7823,7898,41302,41377,15721,0
47444,1098,11273,48542,58717,12371,0
14862,41528,48138,56390,63000,89666,1
48444,58119,43294,106563,91738,101413,1
44098,85734,45386,129832,89484,131120,1
98508,60135,81570,158643,180078,141705,1
95692,74583,55001,170275,150693,129584,1
5374,86002,54979,91376,60353,140981,0
94696,17888,89336,112584,184032,107224,1
35576,75592,80445,111168,116021,156037,1
26175,12079,24325,38254,50500,36404,1
98422,82269,93446,180691,191868,175715,1
93219,97032,17000,190251,110219,114032,1
77768,50660,51940,128428,129708,102600,1
43551,94111,79986,137662,123537,174097,1
96288,72630,93746,168918,190034,166376,1
34560,70216,61660,104776,96220,131876,1
94232,8401,34943,102633,129175,43344,0
45329,49029,76514,94358,121843,125543,1
86427,86111,93318,172538,179745,179429,1
12242,86591,16011,98833,28253,102602,0
52224,236,75877,52460,128101,76113,0
43341,50639,42221,93980,85562,92860,1
37183,77299,75515,114482,112698,152814,1
90815,67981,46310,158796,137125,114291,1
12170,5041,35123,17211,47293,40164,0
78882,34424,53257,113306,132139,87681,1
13409,46958,65165,60367,78574,112123,0
63048,7746,47433,70794,110481,55179,0
35124,11371,13473,46495,48597,24844,0
24974,51933,40881,76907,65855,92814,1
88337,58094,55697,146431,144034,113791,1
40996,68861,69300,109857,110296,138161,1
95797,65804,38479,161601,134276,104283,1
43182,37400,46344,80582,89526,83744,1
98464,48648,50609,147112,149073,99257,1
66530,73913,9444,140443,75974,83357,1
93974,10680,27140,104654,121114,37820,0
79552,25223,33574,104775,113126,58797,0
85476,64852,12242,150328,97718,77094,0
17810,8953,31808,26763,49618,40761,0
49758,6147,20173,55905,69931,26320,0
33029,60847,1560,93876,34589,62407,0
82982,8263,48913,91245,131895,57176,0
8056,97009,36859,105065,44915,133868,0
46758,44577,45352,91335,92110,89929,1
76512,23622,59923,100134,136435,83545,1
57898,62845,64201,120743,122099,127046,1
52916,36699,9895,89615,62811,46594,0
92180,80985,59093,173165,151273,140078,1
63084,44348,41559,107432,104643,85907,1
26024,7115,78842,33139,104866,85957,0
99577,76334,25288,175911,124865,101622,1
26905,86574,55680,113479,82585,142254,0
69228,21643,48812,90871,118040,70455,1
67745,22469,28025,90214,95770,50494,0
95096,46317,60016,141413,155112,106333,1
80566,22248,16919,102814,97485,39167,0
5415,32264,55690,37679,61105,87954,0
77843,34004,52588,111847,130431,86592,1
63194,96955,51721,160149,114915,148676,1
28548,77581,95605,106129,124153,173186,1
11206,88939,46899,100145,58105,135838,0
10879,73994,96586,84873,107465,170580,0
26290,57293,56176,83583,82466,113469,1
51396,759,14391,52155,65787,15150,0
8617,51490,65437,60107,74054,116927,0
17774,96908,14788,114682,32562,111696,0
91837,88925,38926,180762,130763,127851,1
56770,7183,52528,63953,109298,59711,1
7858,63086,24890,70944,32748,87976,0
29847,93304,54920,123151,84767,148224,0
33982,77938,52905,111920,86887,130843,1
13575,44127,93064,57702,106639,137191,0
45039,63106,73025,108145,118064,136131,1
70609,37833,56325,108442,126934,94158,1
72861,99457,62728,172318,135589,162185,1
89229,50675,87794,139904,177023,138469,1
68544,10658,73113,79202,141657,83771,1
52887,33401,97565,86288,150452,130966,0
54033,56336,85605,110369,139638,141941,1
14952,70079,21993,85031,36945,92072,0
29130,7289,27620,36419,56750,34909,1
14773,46707,56962,61480,71735,103669,1
12987,90588,74139,103575,87126,164727,0
59557,19980,34180,79537,93737,54160,0
52839,9962,11978,62801,64817,21940,0
59175,4606,21078,63781,80253,25684,0
13244,73986,42283,87230,55527,116269,0
49492,16857,65166,66349,114658,82023,1
57532,27490,67536,85022,125068,95026,1
54340,40452,11817,94792,66157,52269,0
18174,68030,60749,86204,78923,128779,1
39661,62800,3384,102461,43045,66184,0
72905,16555,67116,89460,140021,83671,1
86914,30898,18859,117812,105773,49757,0
98182,56702,23246,154884,121428,79948,0
7331,31300,44425,38631,51756,75725,0
33546,19795,2597,53341,36143,22392,0
34026,49056,75356,83082,109382,124412,1
61867,94543,86511,156410,148378,181054,1
81167,84331,60922,165498,142089,145253,1
96722,52998,6572,149720,103294,59570,0
14454,32450,13250,46904,27704,45700,0
96308,1953,76793,98261,173101,78746,0
81331,5957,13631,87288,94962,19588,0
28407,48670,89329,77077,117736,137999,0
72528,69269,62747,141797,135275,132016,1
96115,10350,73700,106465,169815,84050,0
35132,57358,59825,92490,94957,117183,1
43155,77254,79191,120409,122346,156445,1
9983,70350,87417,80333,97400,157767,0
72482,52281,81111,124763,153593,133392,1
37596,66058,93954,103654,131550,160012,1
35234,65713,80774,100947,116008,146487,1
80411,19632,50296,100043,130707,69928,0
44365,34609,56952,78974,101317,91561,1
66342,24915,9077,91257,75419,33992,0
37340,62943,59002,100283,96342,121945,1
17732,16122,76440,33854,94172,92562,0
74933,52192,79694,127125,154627,131886,1
57251,96418,90191,153669,147442,186609,1
8829,23462,1609,32291,10438,25071,0
48551,54416,74533,102967,123084,128949,1
30997,28623,21253,59620,52250,49876,1
9621,82042,44883,91663,54504,126925,0
7452,67665,55169,75117,62621,122834,0
932,96912,10118,97844,11050,107030,0
39683,73691,90088,113374,129771,163779,1
39970,39116,72156,79086,112126,111272,1
98951,87112,1380,186063,100331,88492,0
29938,56380,93334,86318,123272,149714,0
60982,16648,90115,77630,151097,106763,0
79256,50038,31506,129294,110762,81544,1
13289,24250,68803,37539,82092,93053,0
46197,13077,29872,59274,76069,42949,0
33884,25647,9628,59531,43512,35275,1
2765,51601,74601,54366,77366,126202,0
18196,21290,14770,39486,32966,36060,1
88063,64780,82113,152843,170176,146893,1
96821,973,79372,97794,176193,80345,0
99773,1873,76489,101646,176262,78362,0
21651,14666,35059,36317,56710,49725,1
21661,98856,37120,120517,58781,135976,0
19472,31998,14870,51470,34342,46868,1
18893,42296,29884,61189,48777,72180,1
26279,96322,2987,122601,29266,99309,0
64530,92081,83866,156611,148396,175947,1
38133,75914,53544,114047,91677,129458,1
12415,12070,35087,24485,47502,47157,0
96160,98601,98159,194761,194319,196760,1
51758,56054,86415,107812,138173,142469,1
91131,72650,73811,163781,164942,146461,1
29597,69104,85022,98701,114619,154126,1
43602,47996,59219,91598,102821,107215,1
88410,95026,95905,183436,184315,190931,1
82470,40324,6561,122794,89031,46885,0
37701,45276,49968,82977,87669,95244,1
73539,15112,90573,88651,164112,105685,0
37696,35444,56259,73140,93955,91703,1
2689,39962,74910,42651,77599,114872,0
26298,47497,4393,73795,30691,51890,0
88652,70459,6840,159111,95492,77299,0
61148,18443,35871,79591,97019,54314,0
86932,56135,4158,143067,91090,60293,0
65953,13174,80937,79127,146890,94111,0
76392,9482,43514,85874,119906,52996,0
48173,81005,58091,129178,106264,139096,1
69980,30032,47684,100012,117664,77716,1
82579,88504,61791,171083,144370,150295,1
56123,84460,44118,140583,100241,128578,1
39711,61634,98472,101345,138183,160106,1
13964,20869,85182,34833,99146,106051,0
90964,17011,70408,107975,161372,87419,0
70610,85000,88317,155610,158927,173317,1
25917,39062,77781,64979,103698,116843,0
24825,2782,58925,27607,83750,61707,0
40530,76117,82289,116647,122819,158406,1
8090,24512,24377,32602,32467,48889,1
30859,67816,3024,98675,33883,70840,0
37477,70889,35199,108366,72676,106088,1
64980,74528,19106,139508,84086,93634,1
45583,48068,59000,93651,104583,107068,1
58260,66826,89816,125086,148076,156642,1
50805,94825,79294,145630,130099,174119,1
95896,47735,72873,143631,168769,120608,1
66501,60245,74635,126746,141136,134880,1
44246,17520,45455,61766,89701,62975,1
37619,45834,93236,83453,130855,139070,0
21496,17072,42994,38568,64490,60066,0
42936,34629,25207,77565,68143,59836,1
34138,66549,62286,100687,96424,128835,1
14719,7451,25036,22170,39755,32487,0
97187,72518,98422,169705,195609,170940,1
71326,74005,39441,145331,110767,113446,1
67989,11602,21365,79591,89354,32967,0
34815,90071,9871,124886,44686,99942,0
30984,16522,43718,47506,74702,60240,1
93239,62662,52676,155901,145915,115338,1
20412,39020,64920,59432,85332,103940,0
61959,16365,44537,78324,106496,60902,0
55822,55246,34191,111068,90013,89437,1
29194,55150,52021,84344,81215,107171,1
12060,72447,24481,84507,36541,96928,0
18108,94433,49328,112541,67436,143761,0
37553,22709,7724,60262,45277,30433,0
81843,10967,56363,92810,138206,67330,0
20574,36398,4501,56972,25075,40899,0
8651,18591,94412,27242,103063,113003,0
6579,90384,52896,96963,59475,143280,0
7470,92406,73510,99876,80980,165916,0
96247,22864,70723,119111,166970,93587,0
23969,63552,91998,87521,115967,155550,0
23243,78446,97585,101689,120828,176031,1
32692,27043,40190,59735,72882,67233,1
14178,7176,64273,21354,78451,71449,0
63615,52444,36919,116059,100534,89363,1
15353,2670,62295,18023,77648,64965,0
50405,34772,3861,85177,54266,38633,0
26485,7538,57503,34023,83988,65041,0
67464,21167,95553,88631,163017,116720,0
26389,77030,59889,103419,86278,136919,1
27008,47677,14257,74685,41265,61934,0
41086,92774,22741,133860,63827,115515,0
44137,93595,61894,137732,106031,155489,1
36858,22924,27081,59782,63939,50005,1
89573,60252,12517,149825,102090,72769,0
36790,96787,23254,133577,60044,120041,0
99222,57906,98162,157128,197384,156068,1
95216,3883,90270,99099,185486,94153,0
25324,48674,61022,73998,86346,109696,1
99740,27710,27709,127450,127449,55419,0
55614,82581,67628,138195,123242,150209,1
17530,73634,99625,91164,117155,173259,0
33535,72662,37652,106197,71187,110314,0
88397,81535,81889,169932,170286,163424,1
88984,8473,55605,97457,144589,64078,0
5277,36831,94259,42108,99536,131090,0
17604,14448,49219,32052,66823,63667,0
83651,93885,6344,177536,89995,100229,0
46606,50421,33372,97027,79978,83793,1
6651,24276,92538,30927,99189,116814,0
94251,10691,75246,104942,169497,85937,0
51611,44989,10836,96600,62447,55825,1
57770,82698,14253,140468,72023,96951,0
19534,33308,40263,52842,59797,73571,1
61347,17721,17072,79068,78419,34793,0
82517,3596,18947,86113,101464,22543,0
77521,82193,49809,159714,127330,132002,1
53913,57776,56292,111689,110205,114068,1
10951,2216,10295,13167,21246,12511,1
11313,75319,85318,86632,96631,160637,1
24802,44969,15332,69771,40134,60301,0
86716,47349,78573,134065,165289,125922,1
47961,89155,75451,137116,123412,164606,1
87085,23687,41943,110772,129028,65630,0
67814,72309,39549,140123,107363,111858,1
88881,71885,16328,160766,105209,88213,0
53902,73643,46887,127545,100789,120530,1
59239,97720,30113,156959,89352,127833,0
59105,31271,60356,90376,119461,91627,1
14709,83302,54745,98011,69454,138047,0
93409,53717,3109,147126,96518,56826,0
2501,69045,27559,71546,30060,96604,0
56585,82588,5703,139173,62288,88291,0
37101,51129,41247,88230,78348,92376,1
63475,79182,19775,142657,83250,98957,1
21462,75844,11424,97306,32886,87268,0
75629,59043,37098,134672,112727,96141,1
84675,71835,85649,156510,170324,157484,1
12998,25952,9572,38950,22570,35524,0
5521,972,58769,6493,64290,59741,0
33372,23035,18518,56407,51890,41553,1
83792,1418,96817,85210,180609,98235,0
11552,86125,37760,97677,49312,123885,0
20974,42772,77890,63746,98864,120662,0
52411,14372,88825,66783,141236,103197,0
45421,83072,69697,128493,115118,152769,1
38356,86245,75049,124601,113405,161294,1
30874,13605,68988,44479,99862,82593,0
13784,24151,40604,37935,54388,64755,0
56613,88476,47366,145089,103979,135842,1
60440,30825,33053,91265,93493,63878,1
91923,67364,62853,159287,154776,130217,1
30623,80401,69464,111024,100087,149865,1
61318,40054,63258,101372,124576,103312,1
36722,28261,81580,64983,118302,109841,0
768,43915,13544,44683,14312,57459,0
15325,51538,14113,66863,29438,65651,0
51576,79266,33627,130842,85203,112893,1
44748,50104,55767,94852,100515,105871,1
40948,86038,77648,126986,118596,163686,1
93133,26643,80141,119776,173274,106784,1
94941,47676,83862,142617,178803,131538,1
14634,85062,1489,99696,16123,86551,0
17800,98436,84,116236,17884,98520,0
54730,88726,39619,143456,94349,128345,1
30926,46075,42663,77001,73589,88738,1
96874,92009,44965,188883,141839,136974,1
13365,69853,29271,83218,42636,99124,0
93001,71264,52649,164265,145650,123913,1
20187,92496,17768,112683,37955,110264,0
54254,74656,99465,128910,153719,174121,1
4333,62290,19665,66623,23998,81955,0
64860,57362,85101,122222,149961,142463,1
73674,55708,48245,129382,121919,103953,1
36265,61864,59036,98129,95301,120900,1
42201,64185,99987,106386,142188,164172,1
9994,22853,99287,32847,109281,122140,0
56178,3735,44902,59913,101080,48637,0
96999,64869,19460,161868,116459,84329,0
92894,22812,66495,115706,159389,89307,0
78767,12161,42255,90928,121022,54416,0
66108,70523,82050,136631,148158,152573,1
66867,96905,18689,163772,85556,115594,0
57091,41434,25888,98525,82979,67322,1
90684,11655,38095,102339,128779,49750,0
73678,8521,48563,82199,122241,57084,0
95228,36125,96210,131353,191438,132335,1
59695,7495,86776,67190,146471,94271,0
54253,63629,77636,117882,131889,141265,1
23890,10048,3390,33938,27280,13438,0
67000,52728,20160,119728,87160,72888,1
59614,22539,93748,82153,153362,116287,0
24841,58018,66253,82859,91094,124271,1
54140,65633,74060,119773,128200,139693,1
47431,67240,48244,114671,95675,115484,1
30211,89416,92308,119627,122519,181724,1
64077,42841,94903,106918,158980,137744,1
89352,19166,85601,108518,174953,104767,1
15256,27916,81142,43172,96398,109058,0
90335,81571,96644,171906,186979,178215,1
58185,28779,8344,86964,66529,37123,0
49733,63896,8889,113629,58622,72785,0
29663,13909,13705,43572,43368,27614,0
96889,99168,25663,196057,122552,124831,1
78893,82244,44001,161137,122894,126245,1
58906,79982,95672,138888,154578,175654,1
8817,59655,441,68472,9258,60096,0
62485,47953,40488,110438,102973,88441,1
45712,75370,78419,121082,124131,153789,1
92498,84100,14035,176598,106533,98135,1
25135,2284,31928,27419,57063,34212,0
23325,38095,58278,61420,81603,96373,1
11733,21635,39226,33368,50959,60861,0
52965,85760,65223,138725,118188,150983,1
65352,46221,30896,111573,96248,77117,1
40628,48221,36170,88849,76798,84391,1
9117,65326,43123,74443,52240,108449,0
10213,22127,20335,32340,30548,42462,1
66289,42599,95740,108888,162029,138339,1
17695,97905,73959,115600,91654,171864,0
89192,12793,81832,101985,171024,94625,1
55961,42771,85824,98732,141785,128595,1
50980,22757,36140,73737,87120,58897,1
67260,16077,39543,83337,106803,55620,0
80970,26772,29175,107742,110145,55947,0
19685,98903,72685,118588,92370,171588,0
48219,6552,14072,54771,62291,20624,0
28423,27520,84924,55943,113347,112444,0
78748,96693,10981,175441,89729,107674,0
61941,36088,32605,98029,94546,68693,1
91749,51618,87822,143367,179571,139440,1
27082,49389,29003,76471,56085,78392,1
54837,89120,80207,143957,135044,169327,1
17831,67036,99168,84867,116999,166204,0
285,78205,50265,78490,50550,128470,0
34232,37673,95979,71905,130211,133652,0
57545,17848,42288,75393,99833,60136,1
22634,45437,96869,68071,119503,142306,0
38970,15489,14942,54459,53912,30431,0
18448,43152,82971,61600,101419,126123,0
10905,82107,37022,93012,47927,119129,0
23171,11317,70716,34488,93887,82033,0
67398,35020,57288,102418,124686,92308,1
99867,30128,35023,129995,134890,65151,0
38085,14729,21459,52814,59544,36188,0
46647,70596,46901,117243,93548,117497,1
97393,20823,96538,118216,193931,117361,1
97269,4209,48051,101478,145320,52260,0
91714,55283,23910,146997,115624,79193,0
7053,6705,23334,13758,30387,30039,0
54316,93785,10864,148101,65180,104649,0
34189,7890,13552,42079,47741,21442,0
82203,38338,78475,120541,160678,116813,1
19211,23713,42834,42924,62045,66547,1
91079,49802,42965,140881,134044,92767,1
54961,68344,88373,123305,143334,156717,1
67678,22240,22204,89918,89882,44444,0
16009,37296,36066,53305,52075,73362,1
78063,54908,29943,132971,108006,84851,1
57169,61823,5569,118992,62738,67392,1
67751,47824,82022,115575,149773,129846,1
83102,77871,28776,160973,111878,106647,1
20791,96495,49950,117286,70741,146445,0
2005,64616,32342,66621,34347,96958,0
98543,73260,96591,171803,195134,169851,1
42453,87379,25359,129832,67812,112738,0
30368,56523,1231,86891,31599,57754,0
5636,77755,14345,83391,19981,92100,0
4391,49085,93935,53476,98326,143020,0
3770,15178,27773,18948,31543,42951,0
58140,62798,27254,120938,85394,90052,1
14605,73551,48863,88156,63468,122414,0
94911,40665,38293,135576,133204,78958,0
53229,14530,40837,67759,94066,55367,1
88460,84882,29026,173342,117486,113908,1
70344,67178,73481,137522,143825,140659,1
43081,20779,61125,63860,104206,81904,1
84463,50677,53905,135140,138368,104582,1
67239,59676,99416,126915,166655,159092,1
34232,18964,49054,53196,83286,68018,1
68409,69883,57783,138292,126192,127666,1
34251,51464,41386,85715,75637,92850,1
58730,44657,77042,103387,135772,121699,1
2301,67651,87799,69952,90100,155450,0
72462,48692,80984,121154,153446,129676,1
53315,12475,62773,65790,116088,75248,1
85766,96499,67859,182265,153625,164358,1
1222,10118,21265,11340,22487,31383,0
11374,17392,57731,28766,69105,75123,0
54812,54793,50632,109605,105444,105425,1
9351,18176,88136,27527,97487,106312,0
9992,87953,18097,97945,28089,106050,0
45005,18511,72199,63516,117204,90710,0
25631,51054,8538,76685,34169,59592,0
59433,97979,96295,157412,155728,194274,1
46319,63978,634,110297,46953,64612,0
46141,68439,2522,114580,48663,70961,0
89091,75699,36398,164790,125489,112097,1
96904,61280,23688,158184,120592,84968,0
99788,56013,22270,155801,122058,78283,0
66108,67881,56370,133989,122478,124251,1
72202,62788,13153,134990,85355,75941,1
73095,2835,42606,75930,115701,45441,0
6343,30221,21838,36564,28181,52059,0
39393,47445,36588,86838,75981,84033,1
47642,49888,99674,97530,147316,149562,0
53756,68327,64165,122083,117921,132492,1
3826,53909,14884,57735,18710,68793,0
83112,47393,90622,130505,173734,138015,1
92458,73620,62197,166078,154655,135817,1
14172,84941,75189,99113,89361,160130,1
2323,53512,5179,55835,7502,58691,0
41795,47252,78628,89047,120423,125880,1
82544,18455,18930,100999,101474,37385,0
18783,85316,32099,104099,50882,117415,0
98753,22978,77478,121731,176231,100456,1
52358,18149,41211,70507,93569,59360,1
82571,45213,40752,127784,123323,85965,1
96201,81344,13997,177545,110198,95341,0
98359,47984,72292,146343,170651,120276,1
75359,83476,55784,158835,131143,139260,1
51009,79316,56989,130325,107998,136305,1
49608,37229,12122,86837,61730,49351,0
80362,7816,71313,88178,151675,79129,0
55171,38225,2159,93396,57330,40384,0
67235,94410,89728,161645,156963,184138,1
31712,65390,44655,97102,76367,110045,1
31620,28177,34657,59797,66277,62834,1
30005,78548,85385,108553,115390,163933,1
22863,57944,48267,80807,71130,106211,1
48481,38018,73119,86499,121600,111137,1
29898,57112,90017,87010,119915,147129,0
6319,35377,10730,41696,17049,46107,0
86065,56664,30233,142729,116298,86897,1
28252,58713,16530,86965,44782,75243,0
42291,30784,36949,73075,79240,67733,1
91354,8576,64153,99930,155507,72729,0
45691,87594,19028,133285,64719,106622,0
78696,90755,81845,169451,160541,172600,1
49310,61020,14425,110330,63735,75445,1
14007,43960,59942,57967,73949,103902,0
35111,92680,74101,127791,109212,166781,1
3405,30209,66006,33614,69411,96215,0
40462,7556,9328,48018,49790,16884,0
64775,80283,95864,145058,160639,176147,1
73492,79881,22774,153373,96266,102655,1
60370,92490,80467,152860,140837,172957,1
10768,64480,27318,75248,38086,91798,0
4050,48812,89543,52862,93593,138355,0
22849,23993,82026,46842,104875,106019,0
57019,67699,48774,124718,105793,116473,1
62267,73900,31534,136167,93801,105434,1
36419,11545,5925,47964,42344,17470,0
12219,85129,98598,97348,110817,183727,0
93339,32664,81519,126003,174858,114183,1
94076,22509,52010,116585,146086,74519,0
17457,80505,84696,97962,102153,165201,1
56536,56697,44060,113233,100596,100757,1
42088,64711,70428,106799,112516,135139,1
72930,39924,80174,112854,153104,120098,1
99947,42139,15736,142086,115683,57875,0
79907,81790,51460,161697,131367,133250,1
79817,16113,81298,95930,161115,97411,1
90578,49124,84695,139702,175273,133819,1
75345,35685,40966,111030,116311,76651,1
76104,19749,58536,95853,134640,78285,1
27737,75527,16484,103264,44221,92011,0
72935,92176,9122,165111,82057,101298,0
92901,15689,69167,108590,162068,84856,0
86690,10183,45866,96873,132556,56049,0
22755,45992,31673,68747,54428,77665,1
28133,29023,47694,57156,75827,76717,1
10290,96566,49815,106856,60105,146381,0
45681,25121,49626,70802,95307,74747,1
25131,3592,63451,28723,88582,67043,0
92834,55963,70610,148797,163444,126573,1
1034,44672,66074,45706,67108,110746,0
32282,95228,53285,127510,85567,148513,0
35676,69206,3259,104882,38935,72465,0
26801,14387,71983,41188,98784,86370,0
62223,30708,90397,92931,152620,121105,1
37868,22341,42022,60209,79890,64363,1
74754,75222,91371,149976,166125,166593,1
87655,97128,40295,184783,127950,137423,1
18509,50498,62152,69007,80661,112650,1
12971,79755,29088,92726,42059,108843,0
95608,50760,32652,146368,128260,83412,0
48587,16953,14018,65540,62605,30971,0
43509,97838,3154,141347,46663,100992,0
93434,48100,81084,141534,174518,129184,1
36487,90392,97337,126879,133824,187729,1
44300,12889,18249,57189,62549,31138,0
89380,43214,62949,132594,152329,106163,1
91627,86542,7510,178169,99137,94052,1
53483,45578,79208,99061,132691,124786,1
11280,5682,6666,16962,17946,12348,1
45378,89716,2513,135094,47891,92229,0
85415,61822,96421,147237,181836,158243,1
78467,38729,4253,117196,82720,42982,0
73175,89931,86709,163106,159884,176640,1
15136,57743,26309,72879,41445,84052,0
75568,52555,34960,128123,110528,87515,1
65739,53562,95978,119301,161717,149540,1
14661,61741,49088,76402,63749,110829,1
48149,69448,83857,117597,132006,153305,1
55485,20719,98790,76204,154275,119509,0
89144,51470,54957,140614,144101,106427,1
46051,74582,16436,120633,62487,91018,0
33770,82518,61604,116288,95374,144122,1
30870,24093,90692,54963,121562,114785,0
57097,78847,17379,135944,74476,96226,0
68096,52365,94669,120461,162765,147034,1
40618,48975,71617,89593,112235,120592,1
39519,17363,77572,56882,117091,94935,0
15733,41788,95813,57521,111546,137601,0
26196,30220,12125,56416,38321,42345,1
681,99112,69109,99793,69790,168221,0
45644,66053,84207,111697,129851,150260,1
70841,53992,18606,124833,89447,72598,1
77669,7336,30434,85005,108103,37770,0
3534,47186,10021,50720,13555,57207,0
48068,56671,60234,104739,108302,116905,1
28471,6973,90443,35444,118914,97416,0
95389,15333,60629,110722,156018,75962,0
89240,67597,78795,156837,168035,146392,1
1091,90807,41717,91898,42808,132524,0
44334,43821,90796,88155,135130,134617,0
89250,36605,4571,125855,93821,41176,0
29931,18114,77162,48045,107093,95276,0
40523,87880,10548,128403,51071,98428,0
17304,81207,84939,98511,102243,166146,1
49508,33984,83547,83492,133055,117531,0
4532,50210,96111,54742,100643,146321,0
7372,97697,85008,105069,92380,182705,0
54851,65518,90614,120369,145465,156132,1
30727,14028,13200,44755,43927,27228,0
25670,92353,44009,118023,69679,136362,0
99425,27034,2198,126459,101623,29232,0
88651,36986,38940,125637,127591,75926,0
79893,96294,72179,176187,152072,168473,1
5483,65519,2140,71002,7623,67659,0
24954,6328,31151,31282,56105,37479,1
78634,33302,92124,111936,170758,125426,1
98650,69937,52523,168587,151173,122460,1
19554,56894,10764,76448,30318,67658,0
11624,4691,55090,16315,66714,59781,0
54374,20803,8463,75177,62837,29266,0
50062,56252,15123,106314,65185,71375,1
44935,17990,73012,62925,117947,91002,0
34394,39295,27967,73689,62361,67262,1
45870,3082,24836,48952,70706,27918,0
83949,53117,67367,137066,151316,120484,1
5969,58035,81018,64004,86987,139053,0
11986,58365,13727,70351,25713,72092,0
75460,136,75447,75596,150907,75583,1
94388,91776,95884,186164,190272,187660,1
14824,4937,9785,19761,24609,14722,0
31092,39540,25367,70632,56459,64907,1
7960,71219,97404,79179,105364,168623,0
2759,14627,27897,17386,30656,42524,0
70114,27328,5258,97442,75372,32586,0
45950,63458,96770,109408,142720,160228,1
53218,27823,16203,81041,69421,44026,0
72189,83828,49958,156017,122147,133786,1
28548,32456,65310,61004,93858,97766,0
48872,39483,61442,88355,110314,100925,1
96950,4515,84884,101465,181834,89399,0
43562,52764,79262,96326,122824,132026,1
37221,21528,49008,58749,86229,70536,1
92119,70429,98291,162548,190410,168720,1
20236,92554,6215,112790,26451,98769,0
53441,90351,66825,143792,120266,157176,1
51533,58160,55986,109693,107519,114146,1
74438,10677,59041,85115,133479,69718,0
13209,92866,88469,106075,101678,181335,1
88696,81483,81684,170179,170380,163167,1
53797,17124,77537,70921,131334,94661,0
69234,87876,79632,157110,148866,167508,1
66226,53199,47449,119425,113675,100648,1
48657,18692,54313,67349,102970,73005,1
44122,25089,62452,69211,106574,87541,1
79098,44785,53028,123883,132126,97813,1
53703,66576,11221,120279,64924,77797,0
35155,69306,54411,104461,89566,123717,1
21231,29617,79311,50848,100542,108928,0
20451,13347,65068,33798,85519,78415,0
3265,26170,76278,29435,79543,102448,0
36282,14329,11219,50611,47501,25548,0
24192,80821,24030,105013,48222,104851,0
97706,80874,84361,178580,182067,165235,1
73557,74903,50973,148460,124530,125876,1
63238,98879,24863,162117,88101,123742,0
19872,45694,23756,65566,43628,69450,0
12132,91992,68856,104124,80988,160848,0
85343,46523,34321,131866,119664,80844,0
72260,35699,22930,107959,95190,58629,0
72987,14502,58978,87489,131965,73480,1
12265,64261,7980,76526,20245,72241,0
14110,76357,17550,90467,31660,93907,0
2317,83573,24606,85890,26923,108179,0
61266,25591,90317,86857,151583,115908,0
90442,46954,31422,137396,121864,78376,0
11617,58146,71970,69763,83587,130116,0
39595,55172,81101,94767,120696,136273,1
89252,50968,22838,140220,112090,73806,0
16747,2076,57095,18823,73842,59171,0
82163,7114,61647,89277,143810,68761,0
63414,28853,16766,92267,80180,45619,0
68969,13234,9674,82203,78643,22908,0
45255,87593,88665,132848,133920,176258,1
53442,83162,35038,136604,88480,118200,1
64686,6516,11836,71202,76522,18352,0
23699,28234,88971,51933,112670,117205,0
25643,61410,71812,87053,97455,133222,1
79155,96522,85242,175677,164397,181764,1
82191,37628,20183,119819,102374,57811,0
77083,2141,82935,79224,160018,85076,0
98400,4655,83112,103055,181512,87767,0
47941,65968,80705,113909,128646,146673,1
21248,32607,17627,53855,38875,50234,1
14752,53796,90921,68548,105673,144717,0
48560,60055,23740,108615,72300,83795,1
48613,88312,81996,136925,130609,170308,1
30359,13692,94606,44051,124965,108298,0
91170,18712,73362,109882,164532,92074,1
31855,620,49611,32475,81466,50231,0
77400,8485,54283,85885,131683,62768,0
7833,36733,4010,44566,11843,40743,0
96228,76664,8136,172892,104364,84800,0
99561,26892,99067,126453,198628,125959,1
50613,36368,84681,86981,135294,121049,1
4601,50354,36997,54955,41598,87351,0
87851,62613,96031,150464,183882,158644,1
13997,92118,23501,106115,37498,115619,0
81642,20719,65487,102361,147129,86206,1
59482,46582,20135,106064,79617,66717,1
81771,93532,34612,175303,116383,128144,1
81763,62426,48105,144189,129868,110531,1
9247,92071,86505,101318,95752,178576,1
7162,36898,44987,44060,52149,81885,0
33833,21572,9869,55405,43702,31441,0
6257,57096,31036,63353,37293,88132,0
43186,21820,62016,65006,105202,83836,1
3410,95918,40950,99328,44360,136868,0
44342,74802,99143,119144,143485,173945,1
77040,48915,15918,125955,92958,64833,0
95832,80935,66867,176767,162699,147802,1
9352,84850,5109,94202,14461,89959,0
22232,13825,27721,36057,49953,41546,1
80900,98309,88527,179209,169427,186836,1
45084,76847,78281,121931,123365,155128,1
75652,55964,4106,131616,79758,60070,0
21304,77032,78040,98336,99344,155072,1
77840,75603,80982,153443,158822,156585,1
45829,25092,35079,70921,80908,60171,1
31587,29568,90479,61155,122066,120047,0
94056,53774,44975,147830,139031,98749,1
50535,71399,92010,121934,142545,163409,1
92797,30866,81179,123663,173976,112045,1
13350,70507,80925,83857,94275,151432,1
7737,40190,15129,47927,22866,55319,0
8138,92930,5898,101068,14036,98828,0
5389,3627,6251,9016,11640,9878,1
59684,44852,80373,104536,140057,125225,1
10110,13850,24661,23960,34771,38511,0
51625,82577,25699,134202,77324,108276,0
76700,67621,90858,144321,167558,158479,1
66926,54029,19596,120955,86522,73625,1
68246,5691,73618,73937,141864,79309,1
829,38592,89564,39421,90393,128156,0
17578,19497,25400,37075,42978,44897,1
6686,33210,59854,39896,66540,93064,0
12511,2927,88595,15438,101106,91522,0
20599,38229,17532,58828,38131,55761,0
40240,94265,50261,134505,90501,144526,0
6786,82621,51542,89407,58328,134163,0
76444,79447,14779,155891,91223,94226,1
35555,62109,94865,97664,130420,156974,1
37808,83185,67347,120993,105155,150532,1
57146,47803,71582,104949,128728,119385,1
27796,42015,55197,69811,82993,97212,1
89054,90580,84268,179634,173322,174848,1
97621,73417,97946,171038,195567,171363,1
96195,47901,39947,144096,136142,87848,0
67033,38932,49081,105965,116114,88013,1
55424,66791,77995,122215,133419,144786,1
93667,43337,74732,137004,168399,118069,1
43598,13005,39719,56603,83317,52724,1
88186,26491,94354,114677,182540,120845,1
98641,81822,5681,180463,104322,87503,0
31766,87784,63053,119550,94819,150837,1
72624,37904,9544,110528,82168,47448,0
20946,88290,7529,109236,28475,95819,0
92278,47715,35567,139993,127845,83282,0
45756,49644,53375,95400,99131,103019,1
35582,55502,7049,91084,42631,62551,0
36050,22765,93240,58815,129290,116005,0
45490,66669,35557,112159,81047,102226,1
72971,19887,53739,92858,126710,73626,1
22009,16005,93903,38014,115912,109908,0
67406,78669,6972,146075,74378,85641,0
21488,52562,93693,74050,115181,146255,0
61432,44370,7778,105802,69210,52148,0
48942,7573,84266,56515,133208,91839,0
73880,33666,8356,107546,82236,42022,0
63441,33203,1554,96644,64995,34757,0
77962,73630,61066,151592,139028,134696,1
51809,32116,73019,83925,124828,105135,1
70361,88838,44151,159199,114512,132989,1
48037,27554,13790,75591,61827,41344,0
27697,52525,63202,80222,90899,115727,1
13196,11880,11615,25076,24811,23495,1
70606,94586,30636,165192,101242,125222,1
96971,46581,43914,143552,140885,90495,0
93939,17342,90863,111281,184802,108205,1
22917,65733,80628,88650,103545,146361,1
27956,28914,28324,56870,56280,57238,1
42522,50032,57853,92554,100375,107885,1
22286,13237,80083,35523,102369,93320,0
63024,21925,44633,84949,107657,66558,1
67668,78842,15461,146510,83129,94303,1
67675,4000,17869,71675,85544,21869,0
34183,41706,21210,75889,55393,62916,1
64707,22472,56933,87179,121640,79405,1
99531,89175,63390,188706,162921,152565,1
84322,33994,88628,118316,172950,122622,1
65623,10944,33244,76567,98867,44188,0
42284,19659,59020,61943,101304,78679,1
1183,41782,21692,42965,22875,63474,0
5466,78058,93368,83524,98834,171426,0
90228,11080,69162,101308,159390,80242,0
97702,82414,16571,180116,114273,98985,1
9770,61992,98556,71762,108326,160548,0
91865,6748,44834,98613,136699,51582,0
80882,62896,41167,143778,122049,104063,1
67157,76015,99630,143172,166787,175645,1
6312,92862,26678,99174,32990,119540,0
6294,19375,62233,25669,68527,81608,0
18323,29215,89350,47538,107673,118565,0
2925,76732,64015,79657,66940,140747,0
83035,98601,98975,181636,182010,197576,1
70015,2815,66122,72830,136137,68937,0
87707,53140,60052,140847,147759,113192,1
17985,57196,71796,75181,89781,128992,1
75724,66456,27602,142180,103326,94058,1
96029,9761,85392,105790,181421,95153,0
66552,50405,2755,116957,69307,53160,0
49520,70976,37165,120496,86685,108141,1
98056,92453,93462,190509,191518,185915,1
42109,24778,1498,66887,43607,26276,0
82115,3894,11169,86009,93284,15063,0
14949,48391,12268,63340,27217,60659,0
5124,44953,80200,50077,85324,125153,0
56181,86573,28773,142754,84954,115346,0
24168,73016,41686,97184,65854,114702,0
48529,41686,20327,90215,68856,62013,1
57915,21503,36848,79418,94763,58351,1
27650,29954,71377,57604,99027,101331,0
5937,65835,28486,71772,34423,94321,0
66635,72263,86233,138898,152868,158496,1
16705,68600,16185,85305,32890,84785,0
37030,29331,55075,66361,92105,84406,1
82387,38601,17095,120988,99482,55696,0
80516,61528,60747,142044,141263,122275,1
14286,15511,39174,29797,53460,54685,0
61072,54053,52547,115125,113619,106600,1
30049,73087,11119,103136,41168,84206,0
50422,69556,6371,119978,56793,75927,0
796,31988,11196,32784,11992,43184,0
2265,92028,31495,94293,33760,123523,0
74485,96630,57235,171115,131720,153865,1
18392,48210,87272,66602,105664,135482,0
24126,14287,95984,38413,120110,110271,0
93356,25047,24390,118403,117746,49437,0
15914,94491,61550,110405,77464,156041,0
57054,57427,40864,114481,97918,98291,1
43680,98369,2155,142049,45835,100524,0
65972,59245,61455,125217,127427,120700,1
14959,78269,28430,93228,43389,106699,0
41960,78345,19985,120305,61945,98330,0
64454,44407,17418,108861,81872,61825,0
84933,69079,11205,154012,96138,80284,0
9520,88852,27681,98372,37201,116533,0
11182,91741,45354,102923,56536,137095,0
77255,8567,12505,85822,89760,21072,0
53873,64248,63382,118121,117255,127630,1
98219,50485,48647,148704,146866,99132,1
3430,23093,7410,26523,10840,30503,0
17679,21918,7559,39597,25238,29477,1
91712,13598,41420,105310,133132,55018,0
36211,96517,84013,132728,120224,180530,1
29728,58083,19282,87811,49010,77365,0
43105,77751,66515,120856,109620,144266,1
9257,69552,44667,78809,53924,114219,0
31193,72077,93208,103270,124401,165285,1
81813,8218,24441,90031,106254,32659,0
18064,80342,72209,98406,90273,152551,1
95796,73512,22965,169308,118761,96477,1
21528,11145,65555,32673,87083,76700,0
70849,2150,30612,72999,101461,32762,0
91742,58937,39962,150679,131704,98899,1
59545,52012,78007,111557,137552,130019,1
90704,62719,28679,153423,119383,91398,1
69016,34400,23169,103416,92185,57569,0
91534,74641,93632,166175,185166,168273,1
21447,44371,16245,65818,37692,60616,0
16701,49540,66484,66241,83185,116024,0
39056,35115,87117,74171,126173,122232,0
7444,97052,38737,104496,46181,135789,0
17313,39646,23708,56959,41021,63354,1
98846,52223,93600,151069,192446,145823,1
31995,66471,93871,98466,125866,160342,1
66682,98157,44799,164839,111481,142956,1
68155,88900,84916,157055,153071,173816,1
80810,42911,89973,123721,170783,132884,1
82199,83999,55481,166198,137680,139480,1
96757,22326,89798,119083,186555,112124,1
40710,92753,35058,133463,75768,127811,0
87847,20394,86419,108241,174266,106813,1
88689,926,39398,89615,128087,40324,0
33395,74408,42059,107803,75454,116467,1
50902,24413,80583,75315,131485,104996,0
68678,2072,14661,70750,83339,16733,0
49117,91818,50413,140935,99530,142231,1
26006,99902,97057,125908,123063,196959,1
15412,19115,74466,34527,89878,93581,0
15697,59390,14589,75087,30286,73979,0
44077,73737,70525,117814,114602,144262,1
17429,33531,60774,50960,78203,94305,0
44321,35735,10224,80056,54545,45959,1
60778,52274,84725,113052,145503,136999,1
20660,16092,75622,36752,96282,91714,0
3611,24652,97277,28263,100888,121929,0
20010,60609,64739,80619,84749,125348,1
78496,64838,56307,143334,134803,121145,1
11407,15971,50569,27378,61976,66540,0
68362,28244,28948,96606,97310,57192,0
57136,10893,91305,68029,148441,102198,0
9702,78397,31364,88099,41066,109761,0
24574,3178,47964,27752,72538,51142,0
32669,32293,818,64962,33487,33111,1
50075,98518,78441,148593,128516,176959,1
65091,8773,65284,73864,130375,74057,1
66010,76980,70643,142990,136653,147623,1
11463,48796,50037,60259,61500,98833,1
93609,75895,6763,169504,100372,82658,0
18168,8984,89717,27152,107885,98701,0
21742,61953,46794,83695,68536,108747,1
19123,24491,43609,43614,62732,68100,1
14383,70515,72519,84898,86902,143034,1
66951,58900,35967,125851,102918,94867,1
14591,36933,36160,51524,50751,73093,1
29552,53905,68099,83457,97651,122004,1
42847,46093,65155,88940,108002,111248,1
85180,13156,98627,98336,183807,111783,0
55931,99657,41813,155588,97744,141470,0
10126,70260,88366,80386,98492,158626,0
35380,57521,55255,92901,90635,112776,1
37592,24985,22073,62577,59665,47058,1
81395,12412,10209,93807,91604,22621,0
97121,59506,96489,156627,193610,155995,1
16939,51658,89982,68597,106921,141640,0
84035,86689,73993,170724,158028,160682,1
24463,54182,87303,78645,111766,141485,0
13305,75888,59182,89193,72487,135070,0
54677,46432,78291,101109,132968,124723,1
19119,71755,52054,90874,71173,123809,0
1453,44299,35193,45752,36646,79492,0
79882,35593,83454,115475,163336,119047,1
80036,1927,77427,81963,157463,79354,0
43680,68708,75468,112388,119148,144176,1
98845,41958,63880,140803,162725,105838,1
37540,36144,98242,73684,135782,134386,0
45885,25280,59622,71165,105507,84902,1
740,89965,31002,90705,31742,120967,0
57908,78716,39076,136624,96984,117792,1
92260,83356,5950,175616,98210,89306,0
83615,1531,18729,85146,102344,20260,0
36727,11372,61425,48099,98152,72797,0
53615,60630,20791,114245,74406,81421,1
23114,99271,86314,122385,109428,185585,1
9865,74327,48905,84192,58770,123232,0
78531,49302,87128,127833,165659,136430,1
73869,18082,69204,91951,143073,87286,1
66670,85201,89868,151871,156538,175069,1
59476,96990,68031,156466,127507,165021,1
68401,14054,80734,82455,149135,94788,1
33762,95513,71359,129275,105121,166872,1
51969,4163,57209,56132,109178,61372,0
50699,51181,38535,101880,89234,89716,1
73499,56668,38113,130167,111612,94781,1
65512,48085,76538,113597,142050,124623,1
13168,69848,54436,83016,67604,124284,0
39497,86470,98984,125967,138481,185454,1
85470,28670,44697,114140,130167,73367,0
30945,53197,1894,84142,32839,55091,0
34310,22349,95248,56659,129558,117597,0
89940,5474,53666,95414,143606,59140,0
23049,71157,63434,94206,86483,134591,1
18592,65488,73719,84080,92311,139207,1
37053,94660,41897,131713,78950,136557,0
12368,52068,77474,64436,89842,129542,0
94656,5016,65581,99672,160237,70597,0
61227,50181,60031,111408,121258,110212,1
78925,89806,2260,168731,81185,92066,0
269,5895,26568,6164,26837,32463,0
51123,9462,30850,60585,81973,40312,0
85740,89344,19168,175084,104908,108512,1
17925,91323,68986,109248,86911,160309,0
20295,43323,85119,63618,105414,128442,0
18685,12138,47130,30823,65815,59268,0
99974,55248,3712,155222,103686,58960,0
62758,93159,48675,155917,111433,141834,1
26612,85673,34225,112285,60837,119898,0
60473,1108,51706,61581,112179,52814,0
24896,60697,81778,85593,106674,142475,1
40445,97562,1829,138007,42274,99391,0
47,43199,2631,43246,2678,45830,0
81396,84464,36711,165860,118107,121175,1
2065,36330,46744,38395,48809,83074,0
13108,56743,80752,69851,93860,137495,0
67642,78533,17686,146175,85328,96219,1
74139,94390,59347,168529,133486,153737,1
37896,95276,91784,133172,129680,187060,1
17040,79854,87475,96894,104515,167329,1
84047,16479,94381,100526,178428,110860,1
42550,4455,59276,47005,101826,63731,0
85331,52352,95821,137683,181152,148173,1
83151,77516,9218,160667,92369,86734,1
90116,30361,49019,120477,139135,79380,0
44028,99051,40740,143079,84768,139791,0
16160,68278,48160,84438,64320,116438,0
62506,56941,237,119447,62743,57178,0
64247,61624,36124,125871,100371,97748,1
99974,51609,56233,151583,156207,107842,1
51980,11363,7857,63343,59837,19220,0
75440,88134,48843,163574,124283,136977,1
98578,87469,13774,186047,112352,101243,1
82700,56161,47813,138861,130513,103974,1
25402,43196,97825,68598,123227,141021,0
97793,16254,95791,114047,193584,112045,1
79078,26263,7256,105341,86334,33519,0
82110,96120,2199,178230,84309,98319,0
86842,74693,19965,161535,106807,94658,1
36663,9202,43284,45865,79947,52486,1
36082,85570,35266,121652,71348,120836,0
95278,81275,30198,176553,125476,111473,1
31688,92836,36862,124524,68550,129698,0
51206,48643,96449,99849,147655,145092,1
61039,61101,55082,122140,116121,116183,1
85648,13739,84593,99387,170241,98332,1
42441,30057,77247,72498,119688,107304,0
2450,36146,92978,38596,95428,129124,0
53696,40424,16198,94120,69894,56622,1
46947,47540,25739,94487,72686,73279,1
23964,20612,72482,44576,96446,93094,0
75097,29084,63190,104181,138287,92274,1
87428,18789,32817,106217,120245,51606,0
15576,91051,52170,106627,67746,143221,0
90734,32376,64184,123110,154918,96560,1
42442,11572,13352,54014,55794,24924,0
83757,8681,48540,92438,132297,57221,0
10451,37258,86813,47709,97264,124071,0
23088,89062,94219,112150,117307,183281,1
69518,5893,13303,75411,82821,19196,0
23165,50806,89675,73971,112840,140481,0
90390,27005,6926,117395,97316,33931,0
95627,70583,70995,166210,166622,141578,1
11751,73822,51844,85573,63595,125666,0
4669,41507,69382,46176,74051,110889,0
91713,29509,95936,121222,187649,125445,1
3341,55354,8699,58695,12040,64053,0
639,64832,14114,65471,14753,78946,0
51477,30935,59415,82412,110892,90350,1
72405,98796,20744,171201,93149,119540,0
70885,48190,46575,119075,117460,94765,1
38210,45668,26242,83878,64452,71910,1
19350,77036,72245,96386,91595,149281,1
61663,57944,94262,119607,155925,152206,1
89122,13204,34753,102326,123875,47957,0
60449,57814,44487,118263,104936,102301,1
90087,73507,51520,163594,141607,125027,1
62794,82565,67336,145359,130130,149901,1
91560,20676,6958,112236,98518,27634,0
39622,17300,7942,56922,47564,25242,0
91788,14464,88935,106252,180723,103399,1
99890,36782,71459,136672,171349,108241,1
55022,34494,23367,89516,78389,57861,1
38006,42504,22477,80510,60483,64981,1
32423,69366,80505,101789,112928,149871,1
40035,44532,42774,84567,82809,87306,1
23595,2490,81373,26085,104968,83863,0
84529,70561,8136,155090,92665,78697,0
29954,55432,77501,85386,107455,132933,1
29307,52358,33770,81665,63077,86128,1
74268,65990,41866,140258,116134,107856,1
36087,4164,24886,40251,60973,29050,0
96877,51810,71380,148687,168257,123190,1
34257,91635,68531,125892,102788,160166,1
43470,88244,60414,131714,103884,148658,1
63602,17975,48053,81577,111655,66028,1
37571,56277,32420,93848,69991,88697,1
62979,65363,65629,128342,128608,130992,1
2270,90344,44250,92614,46520,134594,0
90986,99122,71910,190108,162896,171032,1
29970,27982,78845,57952,108815,106827,0
74671,93292,36650,167963,111321,129942,1
73123,25892,59897,99015,133020,85789,1
27840,99166,60351,127006,88191,159517,0
78237,67674,4084,145911,82321,71758,0
37562,99958,92669,137520,130231,192627,1
88455,73827,84412,162282,172867,158239,1
17883,70902,74037,88785,91920,144939,1
24869,19355,24197,44224,49066,43552,1
61510,34700,93490,96210,155000,128190,1
96832,54256,91772,151088,188604,146028,1
48396,27537,10913,75933,59309,38450,0
3200,18143,32019,21343,35219,50162,0
73394,40543,75737,113937,149131,116280,1
71119,19586,68288,90705,139407,87874,1
40874,54295,21426,95169,62300,75721,1
35509,18083,92835,53592,128344,110918,0
46170,86915,72723,133085,118893,159638,1
28619,99949,27031,128568,55650,126980,0
10721,30892,57506,41613,68227,88398,0
72300,48908,32222,121208,104522,81130,1
17458,15432,29861,32890,47319,45293,1
84960,23743,36888,108703,121848,60631,0
31152,94174,28714,125326,59866,122888,0
68372,78091,10178,146463,78550,88269,1
81860,50529,37100,132389,118960,87629,1
15546,53888,79391,69434,94937,133279,0
54950,91258,53074,146208,108024,144332,1
50055,79019,35259,129074,85314,114278,1
92159,9924,49296,102083,141455,59220,0
36241,5130,39975,41371,76216,45105,1
10262,74567,81102,84829,91364,155669,1
4450,81736,43288,86186,47738,125024,0
83511,74762,78006,158273,161517,152768,1
66005,91529,17664,157534,83669,109193,0
59333,54021,3360,113354,62693,57381,0
74295,73462,94548,147757,168843,168010,1
13885,77063,56346,90948,70231,133409,0
25971,79633,74017,105604,99988,153650,1
54806,80656,54192,135462,108998,134848,1
22453,5392,45084,27845,67537,50476,0
40469,17386,7460,57855,47929,24846,0
36138,74634,91759,110772,127897,166393,1
19719,44854,8900,64573,28619,53754,0
60552,92025,31776,152577,92328,123801,1
4255,99003,86100,103258,90355,185103,0
7774,670,42233,8444,50007,42903,0
87864,62990,94375,150854,182239,157365,1
67559,80859,72539,148418,140098,153398,1
2391,10328,24239,12719,26630,34567,0
24477,4820,73121,29297,97598,77941,0
37729,70922,53468,108651,91197,124390,1
35296,88151,37567,123447,72863,125718,0
35308,46019,78132,81327,113440,124151,1
87515,82599,55603,170114,143118,138202,1
65169,3585,17949,68754,83118,21534,0
10533,99458,16419,109991,26952,115877,0
20138,1678,97694,21816,117832,99372,0
25361,35328,87664,60689,113025,122992,0
83105,57608,61874,140713,144979,119482,1
938,69555,86148,70493,87086,155703,0
50248,8876,78851,59124,129099,87727,0
57954,76595,36983,134549,94937,113578,1
17955,36607,16717,54562,34672,53324,0
24778,76745,89964,101523,114742,166709,1
95215,23904,90187,119119,185402,114091,1
61653,58912,24990,120565,86643,83902,1
74436,1707,17048,76143,91484,18755,0
21592,44663,88789,66255,110381,133452,0
32104,65938,99991,98042,132095,165929,0
80435,53318,42671,133753,123106,95989,1
26017,82937,4328,108954,30345,87265,0
80073,85970,7675,166043,87748,93645,1
21056,68568,67132,89624,88188,135700,1
17552,34734,28372,52286,45924,63106,1
25011,93828,3545,118839,28556,97373,0
83627,2916,62537,86543,146164,65453,0
77583,58569,3910,136152,81493,62479,0
3668,53758,54525,57426,58193,108283,1
90307,70905,22197,161212,112504,93102,1
77051,34049,93631,111100,170682,127680,1
58468,23081,83774,81549,142242,106855,0
35678,80937,10400,116615,46078,91337,0
98735,47568,10388,146303,109123,57956,0
68992,19634,53711,88626,122703,73345,1
61881,11710,34938,73591,96819,46648,0
96156,94416,67019,190572,163175,161435,1
45550,94598,19818,140148,65368,114416,0
6687,26920,57037,33607,63724,83957,0
89808,3795,29003,93603,118811,32798,0
90042,50828,54189,140870,144231,105017,1
7656,43728,79039,51384,86695,122767,0
23012,63612,86854,86624,109866,150466,0
22458,36077,54849,58535,77307,90926,1
95125,84824,93291,179949,188416,178115,1
88700,28832,13819,117532,102519,42651,0
2549,76277,22211,78826,24760,98488,0
41077,5232,75602,46309,116679,80834,0
33144,78971,62647,112115,95791,141618,1
31303,92994,94247,124297,125550,187241,1
91558,60056,72782,151614,164340,132838,1
99693,46690,2079,146383,101772,48769,0
25870,64769,94676,90639,120546,159445,0
44430,17986,54109,62416,98539,72095,1
10635,81228,61729,91863,72364,142957,0
36238,32863,8497,69101,44735,41360,1
53840,23835,89288,77675,143128,113123,0
48680,14409,92326,63089,141006,106735,0
71537,85316,25424,156853,96961,110740,1
20807,31611,23136,52418,43943,54747,1
19648,53212,10027,72860,29675,63239,0
64171,97925,91284,162096,155455,189209,1
79233,30651,42317,109884,121550,72968,0
31896,55314,39461,87210,71357,94775,1
32978,32074,96306,65052,129284,128380,0
99570,65054,90808,164624,190378,155862,1
44772,98793,80070,143565,124842,178863,1
26542,56265,2708,82807,29250,58973,0
17368,65782,82774,83150,100142,148556,1
87734,33455,96848,121189,184582,130303,1
88952,74397,86808,163349,175760,161205,1
19044,27915,6715,46959,25759,34630,0
46343,46003,18372,92346,64715,64375,1
30597,63883,90756,94480,121353,154639,1
31657,51546,73446,83203,105103,124992,1
9415,45039,97964,54454,107379,143003,0
94065,29860,95880,123925,189945,125740,1
88835,44107,27544,132942,116379,71651,0
22655,69168,33760,91823,56415,102928,0
32875,77657,81375,110532,114250,159032,1
57714,86338,82053,144052,139767,168391,1
6406,24264,78394,30670,84800,102658,0
64127,75995,789,140122,64916,76784,0
9596,39150,63391,48746,72987,102541,0
22992,27555,70320,50547,93312,97875,0
95360,44191,98577,139551,193937,142768,1
18726,33966,95058,52692,113784,129024,0
90402,13121,26424,103523,116826,39545,0
52049,45618,37665,97667,89714,83283,1
31563,65661,78560,97224,110123,144221,1
97983,2068,7218,100051,105201,9286,0
497,91448,31318,91945,31815,122766,0
49692,32892,51726,82584,101418,84618,1
85062,77959,23238,163021,108300,101197,1
28946,37640,57142,66586,86088,94782,1
14772,6224,38647,20996,53419,44871,0
32711,18251,67438,50962,100149,85689,0
45953,50434,33297,96387,79250,83731,1
60276,58587,32321,118863,92597,90908,1
67763,89140,97001,156903,164764,186141,1
94984,48026,74148,143010,169132,122174,1
22237,74039,42112,96276,64349,116151,0
35067,79319,64481,114386,99548,143800,1
65743,66415,28657,132158,94400,95072,1
62159,23737,8989,85896,71148,32726,0
46565,71689,90278,118254,136843,161967,1
81762,38854,48208,120616,129970,87062,1
59647,82949,34884,142596,94531,117833,1
46197,18632,90784,64829,136981,109416,0
75403,83454,60490,158857,135893,143944,1
86228,47587,99454,133815,185682,147041,1
69426,92298,48434,161724,117860,140732,1
62363,97047,92532,159410,154895,189579,1
59989,30514,56584,90503,116573,87098,1
1884,68703,18530,70587,20414,87233,0
46845,16178,46536,63023,93381,62714,1
10986,24086,83414,35072,94400,107500,0
72501,99415,85209,171916,157710,184624,1
22855,2820,50454,25675,73309,53274,0
29282,37369,85021,66651,114303,122390,0
97939,28713,67617,126652,165556,96330,0
66992,25045,59193,92037,126185,84238,1
30532,79275,93317,109807,123849,172592,1
13333,99114,24726,112447,38059,123840,0
31570,344,55968,31914,87538,56312,0
53338,5180,26744,58518,80082,31924,0
5253,2294,27447,7547,32700,29741,0
36569,98673,6790,135242,43359,105463,0
19858,84414,64608,104272,84466,149022,1
59769,94860,99629,154629,159398,194489,1
96652,78662,12198,175314,108850,90860,0
85245,12400,72133,97645,157378,84533,0
25265,59119,36807,84384,62072,95926,1
57209,56843,6819,114052,64028,63662,1
24796,35882,74165,60678,98961,110047,0
5393,16846,68391,22239,73784,85237,0
4697,71115,69973,75812,74670,141088,1
98622,16210,17559,114832,116181,33769,0
64480,79402,31129,143882,95609,110531,1
38376,51636,37614,90012,75990,89250,1
94395,19236,35357,113631,129752,54593,0
16310,14990,27937,31300,44247,42927,1
29858,10120,42335,39978,72193,52455,0
8505,31113,55180,39618,63685,86293,0
6038,74742,69259,80780,75297,144001,1
64023,84588,99420,148611,163443,184008,1
86770,48342,23972,135112,110742,72314,0
56473,80093,79445,136566,135918,159538,1
7025,57500,75007,64525,82032,132507,0
28675,11135,51654,39810,80329,62789,0
76571,43665,29074,120236,105645,72739,0
99606,47793,99770,147399,199376,147563,1
40848,79047,78983,119895,119831,158030,1
85602,98769,84284,184371,169886,183053,1
77966,22669,82342,100635,160308,105011,1
1237,57857,2501,59094,3738,60358,0
18131,86700,72655,104831,90786,159355,1
8120,48214,47944,56334,56064,96158,1
27542,38309,18616,65851,46158,56925,1
67439,35825,67094,103264,134533,102919,1
55611,69875,94108,125486,149719,163983,1
69249,98698,34726,167947,103975,133424,1
97399,52559,2880,149958,100279,55439,0
92871,82103,5731,174974,98602,87834,0
90685,31860,44487,122545,135172,76347,0
81558,11614,55618,93172,137176,67232,0
19171,49731,14815,68902,33986,64546,0
13850,6707,36155,20557,50005,42862,0
86194,37876,92759,124070,178953,130635,1
89857,90502,36125,180359,125982,126627,1
35881,20129,38049,56010,73930,58178,1
23891,21439,16050,45330,39941,37489,1
8635,35353,43602,43988,52237,78955,1
80185,42615,38000,122800,118185,80615,1
45130,12850,50233,57980,95363,63083,1
17944,55871,47850,73815,65794,103721,1
28005,10985,81493,38990,109498,92478,0
57352,74704,36844,132056,94196,111548,1
539,50392,87322,50931,87861,137714,0
78685,50688,25520,129373,104205,76208,0
61308,96792,78250,158100,139558,175042,1
20782,16228,13879,37010,34661,30107,1
57657,79215,53081,136872,110738,132296,1
78080,12189,72148,90269,150228,84337,1
96549,36621,84803,133170,181352,121424,1
9625,63789,21618,73414,31243,85407,0
74778,24522,72320,99300,147098,96842,1
21058,2941,81345,23999,102403,84286,0
78015,12121,86535,90136,164550,98656,1
74045,96195,56948,170240,130993,153143,1
71092,92561,42107,163653,113199,134668,1
16675,815,16729,17490,33404,17544,1
47183,69619,17226,116802,64409,86845,0
38303,3337,66574,41640,104877,69911,0
61220,29065,53272,90285,114492,82337,1
49495,60553,90889,110048,140384,151442,1
74390,65045,15738,139435,90128,80783,1
34087,52395,33194,86482,67281,85589,1
56566,62669,49475,119235,106041,112144,1
49288,59956,11840,109244,61128,71796,1
55470,11364,45263,66834,100733,56627,1
56376,48509,40128,104885,96504,88637,1
89211,5312,54855,94523,144066,60167,0
13411,85209,67701,98620,81112,152910,0
40714,18106,25927,58820,66641,44033,1
20064,60527,16845,80591,36909,77372,0
82507,16819,33529,99326,116036,50348,0
66742,25500,73712,92242,140454,99212,1
15404,98862,22798,114266,38202,121660,0
41276,52437,13713,93713,54989,66150,1
42282,77595,51236,119877,93518,128831,1
25389,63865,25893,89254,51282,89758,0
25632,33214,11665,58846,37297,44879,1
87384,47302,12397,134686,99781,59699,0
10443,37375,85856,47818,96299,123231,0
27717,41129,37821,68846,65538,78950,1
57465,44956,86722,102421,144187,131678,1
71475,79428,17616,150903,89091,97044,1
89009,92229,75301,181238,164310,167530,1
8706,49732,75039,58438,83745,124771,0
68967,55325,8795,124292,77762,64120,0
56202,68705,47840,124907,104042,116545,1
93085,80511,93872,173596,186957,174383,1
65229,64830,50206,130059,115435,115036,1
4109,93083,55659,97192,59768,148742,0
46404,44991,61157,91395,107561,106148,1
77526,45551,29833,123077,107359,75384,0
66159,17684,95699,83843,161858,113383,0
16496,54970,5598,71466,22094,60568,0
54094,10004,34489,64098,88583,44493,0
19924,76437,76268,96361,96192,152705,1
50600,53340,24892,103940,75492,78232,1
64076,52291,35955,116367,100031,88246,1
63828,28847,54621,92675,118449,83468,1
99261,57524,52949,156785,152210,110473,1
82294,96702,18157,178996,100451,114859,1
16758,98321,94856,115079,111614,193177,1
87413,48680,76075,136093,163488,124755,1
28425,44505,63683,72930,92108,108188,1
43058,81076,64487,124134,107545,145563,1
83000,70689,85274,153689,168274,155963,1
40141,20556,77860,60697,118001,98416,0
9188,50817,87140,60005,96328,137957,0
35717,6695,51534,42412,87251,58229,0
2167,48180,66905,50347,69072,115085,0
85389,91186,41708,176575,127097,132894,1
58808,27285,85759,86093,144567,113044,1
94441,56200,62048,150641,156489,118248,1
70227,87301,71347,157528,141574,158648,1
99303,80896,36723,180199,136026,117619,1
41209,18676,93470,59885,134679,112146,0
23883,56319,22794,80202,46677,79113,0
57051,78420,59377,135471,116428,137797,1
38683,50392,57860,89075,96543,108252,1
63295,66824,64431,130119,127726,131255,1
10176,60509,19475,70685,29651,79984,0
57035,88973,65076,146008,122111,154049,1
26553,94211,45763,120764,72316,139974,0
84223,83161,93632,167384,177855,176793,1
53759,61332,97312,115091,151071,158644,1
58016,74241,67797,132257,125813,142038,1
32670,43290,72547,75960,105217,115837,1
37968,53342,52090,91310,90058,105432,1
43278,99481,18827,142759,62105,118308,0
17483,78650,59008,96133,76491,137658,0
20146,24881,91658,45027,111804,116539,0
66099,78348,48989,144447,115088,127337,1
62444,40875,91269,103319,153713,132144,1
84103,11063,20324,95166,104427,31387,0
3514,99419,82423,102933,85937,181842,0
39224,84812,57963,124036,97187,142775,1
50156,2436,47357,52592,97513,49793,0
22490,50212,19151,72702,41641,69363,0
92110,26464,34357,118574,126467,60821,0
19613,35460,16123,55073,35736,51583,1
76717,6522,66411,83239,143128,72933,0
685,75013,36847,75698,37532,111860,0
2392,45517,2267,47909,4659,47784,0
8028,23042,5490,31070,13518,28532,0
85178,8155,15520,93333,100698,23675,0
7871,26303,30914,34174,38785,57217,1
48224,38065,28173,86289,76397,66238,1
3149,92625,94550,95774,97699,187175,1
32171,49901,64434,82072,96605,114335,1
16419,7363,26892,23782,43311,34255,0
95107,68346,10508,163453,105615,78854,0
71124,4768,52787,75892,123911,57555,0
85741,119,2518,85860,88259,2637,0
43288,21699,78736,64987,122024,100435,0
79157,2065,18646,81222,97803,20711,0
39968,5476,67611,45444,107579,73087,0
42925,24342,46112,67267,89037,70454,1
21366,12449,79149,33815,100515,91598,0
16941,73231,16887,90172,33828,90118,0
82367,15836,27519,98203,109886,43355,0
93839,28140,67374,121979,161213,95514,1
70786,55827,22417,126613,93203,78244,1
69302,38260,67320,107562,136622,105580,1
90306,43381,27672,133687,117978,71053,0
70679,41270,79867,111949,150546,121137,1
56083,26287,85848,82370,141931,112135,0
17355,57040,81071,74395,98426,138111,0
41294,3837,35293,45131,76587,39130,0
79656,57927,96206,137583,175862,154133,1
47786,25591,28363,73377,76149,53954,1
55802,27324,72439,83126,128241,99763,1
15983,90885,98324,106868,114307,189209,1
66821,45802,93904,112623,160725,139706,1
33906,16052,33114,49958,67020,49166,1
95300,96982,99716,192282,195016,196698,1
72922,99662,75612,172584,148534,175274,1
58961,40997,37511,99958,96472,78508,1
17719,41908,17075,59627,34794,58983,0
56442,15396,85127,71838,141569,100523,0
15826,8907,94918,24733,110744,103825,0
90592,77348,22950,167940,113542,100298,1
91145,40705,52844,131850,143989,93549,1
56306,17708,42378,74014,98684,60086,1
88150,43880,50627,132030,138777,94507,1
86315,62934,24902,149249,111217,87836,1
44108,54568,24477,98676,68585,79045,1
89211,61037,52033,150248,141244,113070,1
33501,81419,1059,114920,34560,82478,0
26924,96315,59128,123239,86052,155443,0
7416,2298,16628,9714,24044,18926,0
68066,88976,33133,157042,101199,122109,1
86811,81739,73807,168550,160618,155546,1
76671,99166,63341,175837,140012,162507,1
15898,82837,40022,98735,55920,122859,0
14720,79168,81174,93888,95894,160342,1
5289,26754,5330,32043,10619,32084,0
87776,51319,69654,139095,157430,120973,1
46618,6044,82005,52662,128623,88049,0
25176,92954,34742,118130,59918,127696,0
38304,65586,18094,103890,56398,83680,0
60223,79356,14390,139579,74613,93746,0
55916,15105,51391,71021,107307,66496,1
56123,32747,12083,88870,68206,44830,0
20947,32298,20889,53245,41836,53187,1
90489,26231,55320,116720,145809,81551,0
88126,34537,97433,122663,185559,131970,1
38645,65753,89642,104398,128287,155395,1
9916,89003,73257,98919,83173,162260,0
28827,73644,33031,102471,61858,106675,0
57053,92071,89872,149124,146925,181943,1
18773,73379,50497,92152,69270,123876,0
17879,79876,25585,97755,43464,105461,0
15705,37878,32453,53583,48158,70331,1
72300,9043,48140,81343,120440,57183,0
35858,59386,35767,95244,71625,95153,1
424,48306,17912,48730,18336,66218,0
84339,42873,61670,127212,146009,104543,1
98209,97819,89981,196028,188190,187800,1
25511,53733,94687,79244,120198,148420,0
72166,39286,69237,111452,141403,108523,1
64162,56473,75131,120635,139293,131604,1
7550,12238,35302,19788,42852,47540,0
29138,289,47247,29427,76385,47536,0
20925,71741,93827,92666,114752,165568,0
21971,78748,98613,100719,120584,177361,1
27931,59267,24847,87198,52778,84114,0
92043,55495,46616,147538,138659,102111,1
72779,53746,20403,126525,93182,74149,1
51914,94095,16969,146009,68883,111064,0
9770,47360,41092,57130,50862,88452,1
30332,70721,53203,101053,83535,123924,1
95886,98371,78514,194257,174400,176885,1
969,55184,65648,56153,66617,120832,0
61440,37759,5489,99199,66929,43248,0
82724,45151,55686,127875,138410,100837,1
67124,46847,39977,113971,107101,86824,1
49725,9850,82031,59575,131756,91881,0
86150,21363,21785,107513,107935,43148,0
88832,79197,92828,168029,181660,172025,1
87539,37928,81677,125467,169216,119605,1
45648,18456,84054,64104,129702,102510,0
38950,61164,92707,100114,131657,153871,1
29601,25876,95932,55477,125533,121808,0
75251,84420,74277,159671,149528,158697,1
32427,38956,52309,71383,84736,91265,1
2179,74023,22435,76202,24614,96458,0
91067,97025,10096,188092,101163,107121,1
9206,32099,21281,41305,30487,53380,0
45115,654,27685,45769,72800,28339,0
49884,43135,53895,93019,103779,97030,1
65655,98029,2505,163684,68160,100534,0
69409,96181,59795,165590,129204,155976,1
14257,6903,40547,21160,54804,47450,0
12618,24072,79898,36690,92516,103970,0
50792,34214,31593,85006,82385,65807,1
68261,49191,38527,117452,106788,87718,1
59242,82314,72277,141556,131519,154591,1
23321,83064,62816,106385,86137,145880,1
8083,25110,31061,33193,39144,56171,1
16513,42400,59623,58913,76136,102023,0
75058,99113,57343,174171,132401,156456,1
57584,55063,97725,112647,155309,152788,1
66557,51429,32499,117986,99056,83928,1
93010,24245,81502,117255,174512,105747,1
15364,26289,30019,41653,45383,56308,1
72685,42120,15969,114805,88654,58089,0
89710,73382,90382,163092,180092,163764,1
35714,7626,41017,43340,76731,48643,1
22102,14516,13387,36618,35489,27903,1
56813,65286,85317,122099,142130,150603,1
54826,23306,41753,78132,96579,65059,1
4468,51339,85988,55807,90456,137327,0
46974,10555,66754,57529,113728,77309,0
9312,55214,86485,64526,95797,141699,0
26109,85523,63182,111632,89291,148705,1
9770,41068,88698,50838,98468,129766,0
67236,71346,48570,138582,115806,119916,1
54640,31070,93129,85710,147769,124199,0
10049,5254,7993,15303,18042,13247,1
40992,9993,23618,50985,64610,33611,0
10016,27432,27435,37448,37451,54867,1
87686,36330,37225,124016,124911,73555,0
30623,83058,40341,113681,70964,123399,0
17973,39134,91756,57107,109729,130890,0
64314,44711,49211,109025,113525,93922,1
71270,17983,89013,89253,160283,106996,1
79731,40024,9255,119755,88986,49279,0
97380,1730,31535,99110,128915,33265,0
12475,97410,48666,109885,61141,146076,0
75974,27036,3202,103010,79176,30238,0
77679,44553,30607,122232,108286,75160,0
9798,80675,44242,90473,54040,124917,0
11045,605,13653,11650,24698,14258,0
71020,35932,94292,106952,165312,130224,1
88385,29287,47890,117672,136275,77177,0
58037,33165,46093,91202,104130,79258,1
31080,60743,92618,91823,123698,153361,0
22049,93897,91589,115946,113638,185486,1
34505,44563,90938,79068,125443,135501,0
47332,22605,59530,69937,106862,82135,1
11093,12268,30708,23361,41801,42976,0
80510,14601,61372,95111,141882,75973,0
21323,49234,19519,70557,40842,68753,0
3666,78162,63517,81828,67183,141679,0
28723,98830,37950,127553,66673,136780,0
97139,24407,62981,121546,160120,87388,0
95768,87719,75527,183487,171295,163246,1
35004,54037,16607,89041,51611,70644,0
95245,83954,77727,179199,172972,161681,1
21077,29479,33953,50556,55030,63432,1
1909,85242,33739,87151,35648,118981,0
81700,90413,74277,172113,155977,164690,1
27027,14237,94821,41264,121848,109058,0
43230,95065,84023,138295,127253,179088,1
56911,17327,71712,74238,128623,89039,1
90801,84457,42400,175258,133201,126857,1
57365,3558,89181,60923,146546,92739,0
4012,35207,90092,39219,94104,125299,0
68816,69811,39859,138627,108675,109670,1
17787,82311,56227,100098,74014,138538,0
61151,78094,55942,139245,117093,134036,1
76333,72477,36710,148810,113043,109187,1
326,69680,85890,70006,86216,155570,0
48423,21260,13366,69683,61789,34626,0
23651,43587,81921,67238,105572,125508,0
58084,96609,58247,154693,116331,154856,1
77176,63006,65560,140182,142736,128566,1
91097,97607,65998,188704,157095,163605,1
27991,78928,16678,106919,44669,95606,0
80548,65526,74513,146074,155061,140039,1
79991,33441,57059,113432,137050,90500,1
78508,72927,33957,151435,112465,106884,1
70358,13588,36661,83946,107019,50249,0
54286,23256,65979,77542,120265,89235,1
72580,95838,34484,168418,107064,130322,1
63726,72385,52485,136111,116211,124870,1
71444,70,96843,71514,168287,96913,0
29396,74478,51298,103874,80694,125776,1
59907,23320,68711,83227,128618,92031,1
18209,3899,84503,22108,102712,88402,0
60752,46371,47018,107123,107770,93389,1
59525,34682,726,94207,60251,35408,0
97870,22102,55147,119972,153017,77249,0
96234,95916,32800,192150,129034,128716,1
81828,50976,7159,132804,88987,58135,0
36519,51488,12193,88007,48712,63681,0
32086,56964,50378,89050,82464,107342,1
43282,16478,50172,59760,93454,66650,1
98596,31850,10873,130446,109469,42723,0
48903,79274,14354,128177,63257,93628,0
22855,20365,47599,43220,70454,67964,0
82840,83519,23603,166359,106443,107122,1
3944,10950,94566,14894,98510,105516,0
10384,24682,20858,35066,31242,45540,1
3213,23108,69485,26321,72698,92593,0
41332,45726,72783,87058,114115,118509,1
74616,26893,48263,101509,122879,75156,1
14900,85051,34352,99951,49252,119403,0
1673,16675,85208,18348,86881,101883,0
43917,78910,54289,122827,98206,133199,1
98218,45392,36730,143610,134948,82122,0
84158,48496,53324,132654,137482,101820,1
86408,26952,94815,113360,181223,121767,1
20011,58673,13465,78684,33476,72138,0
73262,32480,66452,105742,139714,98932,1
82648,39774,76698,122422,159346,116472,1
38165,68572,79552,106737,117717,148124,1
96712,43519,84345,140231,181057,127864,1
79308,98618,39723,177926,119031,138341,1
55526,55422,27854,110948,83380,83276,1
30876,25982,31179,56858,62055,57161,1
22014,86608,43931,108622,65945,130539,0
83627,33558,71672,117185,155299,105230,1
75379,46054,61514,121433,136893,107568,1
20763,36202,10182,56965,30945,46384,0
4540,1635,1758,6175,6298,3393,0
69638,99675,37405,169313,107043,137080,1
35152,72826,46378,107978,81530,119204,1
22543,61675,2917,84218,25460,64592,0
29054,56190,11104,85244,40158,67294,0
27193,61146,94246,88339,121439,155392,0
63059,65140,66346,128199,129405,131486,1
60624,61976,45675,122600,106299,107651,1
11978,55477,98928,67455,110906,154405,0
80562,15930,92018,96492,172580,107948,1
55853,50183,14457,106036,70310,64640,1
90928,29920,71199,120848,162127,101119,1
94546,1535,70060,96081,164606,71595,0
65736,10551,58877,76287,124613,69428,1
53185,28614,26680,81799,79865,55294,1
53220,78564,90625,131784,143845,169189,1
35589,98815,11970,134404,47559,110785,0
90820,63802,78311,154622,169131,142113,1
35978,46497,3229,82475,39207,49726,0
10612,93551,99877,104163,110489,193428,1
66295,39315,91320,105610,157615,130635,1
14386,88075,16684,102461,31070,104759,0
33308,85241,49459,118549,82767,134700,0
10060,52124,45714,62184,55774,97838,1
57789,36796,24400,94585,82189,61196,1
74985,75753,85286,150738,160271,161039,1
17327,77153,2873,94480,20200,80026,0
61234,40551,74019,101785,135253,114570,1
26021,30253,83399,56274,109420,113652,0
78486,59643,94929,138129,173415,154572,1
19693,38774,8704,58467,28397,47478,0
22944,36670,78382,59614,101326,115052,0
64012,70812,16419,134824,80431,87231,1
55767,95491,30669,151258,86436,126160,0
57182,68312,81058,125494,138240,149370,1
76822,97552,96010,174374,172832,193562,1
78011,27293,80903,105304,158914,108196,1
37486,85317,73621,122803,111107,158938,1
43723,27882,7350,71605,51073,35232,0
1992,51725,93306,53717,95298,145031,0
63842,14552,16857,78394,80699,31409,0
35526,58643,90479,94169,126005,149122,1
81949,28838,45909,110787,127858,74747,0
59399,99830,68937,159229,128336,168767,1
25110,75846,89409,100956,114519,165255,1
1353,32301,91195,33654,92548,123496,0
40226,72828,28527,113054,68753,101355,0
10472,41920,87481,52392,97953,129401,0
45378,94109,55954,139487,101332,150063,1
23471,5328,71129,28799,94600,76457,0
98521,87077,54715,185598,153236,141792,1
47773,87637,1945,135410,49718,89582,0
93054,50816,65246,143870,158300,116062,1
93501,88368,90233,181869,183734,178601,1
45714,19227,2910,64941,48624,22137,0
28412,18754,52831,47166,81243,71585,0
19543,10222,25150,29765,44693,35372,1
10042,81148,8978,91190,19020,90126,0
26257,40122,36799,66379,63056,76921,1
16537,53203,89810,69740,106347,143013,0
12537,3742,21415,16279,33952,25157,0
49327,66693,88148,116020,137475,154841,1
60229,47717,3864,107946,64093,51581,0
38391,95211,5342,133602,43733,100553,0
21959,50747,23260,72706,45219,74007,0
17660,71615,87952,89275,105612,159567,1
30498,15826,78488,46324,108986,94314,0
67597,61961,26986,129558,94583,88947,1
49911,86594,12556,136505,62467,99150,0
80336,59558,59502,139894,139838,119060,1
85659,79219,53057,164878,138716,132276,1
78952,76958,97065,155910,176017,174023,1
99412,22603,36728,122015,136140,59331,0
62045,87795,62630,149840,124675,150425,1
68609,1816,94339,70425,162948,96155,0
24764,2939,88112,27703,112876,91051,0
11287,99415,63163,110702,74450,162578,0
46376,49380,89103,95756,135479,138483,1
2564,25041,9836,27605,12400,34877,0
99178,10095,72342,109273,171520,82437,0
24396,18666,36432,43062,60828,55098,1
69983,89778,58488,159761,128471,148266,1
50193,66438,52902,116631,103095,119340,1
22093,17612,3939,39705,26032,21551,0
3911,42873,89034,46784,92945,131907,0
65559,7333,80978,72892,146537,88311,0
97377,18174,46740,115551,144117,64914,0
61793,59573,21359,121366,83152,80932,1
2437,98167,46803,100604,49240,144970,0
40167,57515,20461,97682,60628,77976,1
35386,45857,51125,81243,86511,96982,1
24802,9325,13603,34127,38405,22928,0
85977,84319,54285,170296,140262,138604,1
71253,7619,87805,78872,159058,95424,0
87341,27197,63255,114538,150596,90452,1
53022,32498,2582,85520,55604,35080,0
40445,65247,29564,105692,70009,94811,1
75953,62173,88363,138126,164316,150536,1
10566,24617,84746,35183,95312,109363,0
61352,8744,94766,70096,156118,103510,0
56423,23014,90207,79437,146630,113221,0
6516,79379,52694,85895,59210,132073,0
81019,80812,25215,161831,106234,106027,1
37651,16018,94085,53669,131736,110103,0
6186,32544,78095,38730,84281,110639,0
35790,98384,46894,134174,82684,145278,0
55953,52611,78201,108564,134154,130812,1
13748,46451,73253,60199,87001,119704,0
49614,57924,23795,107538,73409,81719,1
57109,76438,73529,133547,130638,149967,1
77745,14242,93764,91987,171509,108006,0
66575,94695,7159,161270,73734,101854,0
60649,54323,67421,114972,128070,121744,1
67246,85274,6639,152520,73885,91913,0
40983,17255,34209,58238,75192,51464,1
11908,33644,90423,45552,102331,124067,0
60163,55382,92274,115545,152437,147656,1
20729,4279,99280,25008,120009,103559,0
78994,47596,54601,126590,133595,102197,1
93109,18076,16201,111185,109310,34277,0
90205,11029,5414,101234,95619,16443,0
88581,85825,76871,174406,165452,162696,1
18461,59183,63506,77644,81967,122689,1
89207,53392,26364,142599,115571,79756,0
92188,68084,13046,160272,105234,81130,0
19066,22234,56261,41300,75327,78495,0
490,55836,65492,56326,65982,121328,0
99769,23950,33427,123719,133196,57377,0
36317,86857,64036,123174,100353,150893,1
2639,68335,31904,70974,34543,100239,0
6856,84464,59419,91320,66275,143883,0
52113,84570,76160,136683,128273,160730,1
80932,64990,73756,145922,154688,138746,1
31765,18653,95856,50418,127621,114509,0
81370,24196,51146,105566,132516,75342,0
80363,80983,32402,161346,112765,113385,1
68057,47555,7891,115612,75948,55446,0
39848,10568,16563,50416,56411,27131,0
69695,76376,71167,146071,140862,147543,1
30832,22127,18668,52959,49500,40795,1
54624,31577,68471,86201,123095,100048,1
68534,54584,13572,123118,82106,68156,0
76924,91473,30907,168397,107831,122380,1
75744,76147,36043,151891,111787,112190,1
24313,21299,24345,45612,48658,45644,1
29102,71310,56166,100412,85268,127476,1
66511,88201,90742,154712,157253,178943,1
6708,69811,80491,76519,87199,150302,0
39433,22991,70807,62424,110240,93798,0
74950,47645,74496,122595,149446,122141,1
52362,47611,74965,99973,127327,122576,1
52471,60035,86804,112506,139275,146839,1
46250,48640,48102,94890,94352,96742,1
21592,73668,83804,95260,105396,157472,1
47105,16583,3521,63688,50626,20104,0
67085,89093,60564,156178,127649,149657,1
70523,34643,12560,105166,83083,47203,0
41830,52839,78587,94669,120417,131426,1
16646,32096,81151,48742,97797,113247,0
37096,57980,16319,95076,53415,74299,0
64491,82095,44164,146586,108655,126259,1
86057,55608,52940,141665,138997,108548,1
87866,51949,23968,139815,111834,75917,0
55704,50443,20785,106147,76489,71228,1
66134,31221,54169,97355,120303,85390,1
95806,3985,84928,99791,180734,88913,0
86673,13368,64407,100041,151080,77775,0
68971,8055,6313,77026,75284,14368,0
92103,55234,79872,147337,171975,135106,1
81800,66304,27214,148104,109014,93518,1
86973,49456,43496,136429,130469,92952,1
84430,59528,94982,143958,179412,154510,1
2322,14617,32159,16939,34481,46776,0
51711,83201,54230,134912,105941,137431,1
288,56936,47718,57224,48006,104654,0
42749,23798,48652,66547,91401,72450,1
26558,57707,7346,84265,33904,65053,0
53282,50330,51146,103612,104428,101476,1
1168,53767,51190,54935,52358,104957,0
96691,87747,72156,184438,168847,159903,1
66739,51170,80406,117909,147145,131576,1
81193,14226,77365,95419,158558,91591,1
61655,15129,83025,76784,144680,98154,0
52998,45265,73086,98263,126084,118351,1
85551,88996,44689,174547,130240,133685,1
53207,58986,76344,112193,129551,135330,1
87166,19278,17121,106444,104287,36399,0
4332,23491,14679,27823,19011,38170,0
49684,89130,21323,138814,71007,110453,0
33354,50258,27750,83612,61104,78008,1
59781,73736,89354,133517,149135,163090,1
62582,60373,71652,122955,134234,132025,1
70090,69203,50552,139293,120642,119755,1
21925,10559,27914,32484,49839,38473,1
87522,14390,60317,101912,147839,74707,0
82006,38545,59659,120551,141665,98204,1
44115,16362,33285,60477,77400,49647,1
49428,77358,27372,126786,76800,104730,0
21244,82647,82115,103891,103359,164762,1
18250,6549,55185,24799,73435,61734,0
24120,39057,57377,63177,81497,96434,1
25806,52895,58983,78701,84789,111878,1
76637,95454,93460,172091,170097,188914,1
20819,18327,90764,39146,111583,109091,0
35235,52448,62924,87683,98159,115372,1
13146,62934,95643,76080,108789,158577,0
2652,15081,86167,17733,88819,101248,0
82587,49533,7925,132120,90512,57458,0
88811,31972,49321,120783,138132,81293,0
72290,65059,9507,137349,81797,74566,1
18391,72234,15165,90625,33556,87399,0
23368,98747,44736,122115,68104,143483,0
93951,83185,78669,177136,172620,161854,1
16019,69180,45612,85199,61631,114792,0
4839,1913,32390,6752,37229,34303,0
59734,34447,11562,94181,71296,46009,0
72491,50587,37744,123078,110235,88331,1
34743,54691,38864,89434,73607,93555,1
37505,33967,23277,71472,60782,57244,1
79463,94089,46503,173552,125966,140592,1
64102,47249,15193,111351,79295,62442,0
68955,51957,33482,120912,102437,85439,1
42890,61922,54781,104812,97671,116703,1
92659,90527,14493,183186,107152,105020,1
6584,85502,27105,92086,33689,112607,0
22054,26871,89292,48925,111346,116163,0
85785,54349,67351,140134,153136,121700,1
36869,59059,97405,95928,134274,156464,0
30591,23942,25148,54533,55739,49090,1
60711,5622,6254,66333,66965,11876,0
745,76212,34588,76957,35333,110800,0
33045,38154,24610,71199,57655,62764,1
86624,43122,58223,129746,144847,101345,1
41426,21404,62702,62830,104128,84106,1
73654,93900,35779,167554,109433,129679,1
60320,31264,75512,91584,135832,106776,1
44074,97018,76768,141092,120842,173786,1
18027,95749,48418,113776,66445,144167,0
83511,8153,37374,91664,120885,45527,0
36851,72550,61918,109401,98769,134468,1
87930,34440,31704,122370,119634,66144,0
59827,87496,95566,147323,155393,183062,1
24965,21909,43834,46874,68799,65743,1
38387,2435,89495,40822,127882,91930,0
87196,15174,57380,102370,144576,72554,0
92930,56731,82960,149661,175890,139691,1
17110,24053,89481,41163,106591,113534,0
34848,10602,84609,45450,119457,95211,0
71132,87378,65809,158510,136941,153187,1
34393,48008,13695,82401,48088,61703,1
33724,67569,71908,101293,105632,139477,1
15323,14529,80893,29852,96216,95422,0
46587,22249,687,68836,47274,22936,0
64268,18520,8512,82788,72780,27032,0
59137,15294,66641,74431,125778,81935,1
75253,87601,63662,162854,138915,151263,1
82928,18117,15274,101045,98202,33391,0
5316,24800,71143,30116,76459,95943,0
10293,44712,36240,55005,46533,80952,1
85339,48665,82724,134004,168063,131389,1
30680,64446,86691,95126,117371,151137,1
81477,95327,62774,176804,144251,158101,1
49595,10559,64238,60154,113833,74797,0
63601,99957,94134,163558,157735,194091,1
88890,19767,81890,108657,170780,101657,1
18775,9297,60364,28072,79139,69661,0
33426,37255,69262,70681,102688,106517,1
59616,96620,85275,156236,144891,181895,1
39479,37507,32464,76986,71943,69971,1
5769,93756,75914,99525,81683,169670,0
30857,29007,17782,59864,48639,46789,1
48552,81420,85227,129972,133779,166647,1
48291,97476,40447,145767,88738,137923,0
86588,80007,71596,166595,158184,151603,1
64903,60385,37592,125288,102495,97977,1
83518,16330,49028,99848,132546,65358,0
34292,57013,19067,91305,53359,76080,0
61519,34773,94738,96292,156257,129511,1
55142,32910,77194,88052,132336,110104,1
62718,5987,2518,68705,65236,8505,0
98719,13999,64703,112718,163422,78702,0
47554,87796,77318,135350,124872,165114,1
31493,69268,75138,100761,106631,144406,1
995,35317,94316,36312,95311,129633,0
72717,82029,42657,154746,115374,124686,1
54757,76537,14489,131294,69246,91026,0
4825,59310,57841,64135,62666,117151,1
28305,42875,82171,71180,110476,125046,0
66866,7110,51746,73976,118612,58856,0
42226,23939,42625,66165,84851,66564,1
88333,14727,24260,103060,112593,38987,0
77939,75087,90765,153026,168704,165852,1
61334,27913,15877,89247,77211,43790,0
41172,39991,77057,81163,118229,117048,1
32797,40984,65524,73781,98321,106508,1
83916,9521,45895,93437,129811,55416,0
46218,74468,46690,120686,92908,121158,1
34739,91171,75199,125910,109938,166370,1
18755,82657,40445,101412,59200,123102,0
82625,44287,83475,126912,166100,127762,1
27508,89264,46130,116772,73638,135394,0
65569,78337,24302,143906,89871,102639,1
95349,96313,53879,191662,149228,150192,1
79217,83221,17092,162438,96309,100313,1
16318,8940,8370,25258,24688,17310,1
16483,99901,92848,116384,109331,192749,1
65442,44005,52707,109447,118149,96712,1
77690,39753,65060,117443,142750,104813,1
20620,1665,34188,22285,54808,35853,0
27249,19550,45054,46799,72303,64604,1
31614,10425,78126,42039,109740,88551,0
8524,54916,72694,63440,81218,127610,0
957,39144,21057,40101,22014,60201,0
68835,6580,4190,75415,73025,10770,0
62453,3435,68344,65888,130797,71779,0
37101,73332,86697,110433,123798,160029,1
54628,66948,92814,121576,147442,159762,1
21825,71949,6488,93774,28313,78437,0
99317,71140,60881,170457,160198,132021,1
6457,29381,96894,35838,103351,126275,0
35711,6101,15060,41812,50771,21161,0
76460,9296,8342,85756,84802,17638,0
68478,43048,77734,111526,146212,120782,1
30793,36254,47805,67047,78598,84059,1
36231,6375,60497,42606,96728,66872,0
28643,86043,64625,114686,93268,150668,1
45699,62615,53557,108314,99256,116172,1
69867,36260,63321,106127,133188,99581,1
25284,84546,93338,109830,118622,177884,1
76780,90017,54484,166797,131264,144501,1
2180,16644,82563,18824,84743,99207,0
72970,17067,51856,90037,124826,68923,0
94267,27315,12133,121582,106400,39448,0
72702,33732,70348,106434,143050,104080,1
17473,76439,10796,93912,28269,87235,0
46542,71441,39027,117983,85569,110468,1
72896,38278,18241,111174,91137,56519,0
72915,9165,84937,82080,157852,94102,0
76623,21182,54406,97805,131029,75588,0
46791,37319,59382,84110,106173,96701,1
42592,39750,66832,82342,109424,106582,1
93834,14954,80286,108788,174120,95240,1
81656,18033,65804,99689,147460,83837,1
45278,67321,21636,112599,66914,88957,0
91905,64593,60906,156498,152811,125499,1
36179,67253,69850,103432,106029,137103,1
43596,13066,4650,56662,48246,17716,0
21442,33424,53821,54866,75263,87245,1
99430,2546,88535,101976,187965,91081,0
5235,17373,39933,22608,45168,57306,0
91262,28812,61915,120074,153177,90727,0
27952,62860,90137,90812,118089,152997,1
12902,30823,64592,43725,77494,95415,0
64985,52461,68619,117446,133604,121080,1
44547,99176,50508,143723,95055,149684,0
15934,52237,13040,68171,28974,65277,0
48334,72769,60624,121103,108958,133393,1
43995,42617,86773,86612,130768,129390,0
68952,47511,98756,116463,167708,146267,1
67464,49370,20189,116834,87653,69559,1
97220,63331,41665,160551,138885,104996,1
71196,93559,80230,164755,151426,173789,1
24358,37337,1944,61695,26302,39281,0
47795,5872,30883,53667,78678,36755,0
79528,86277,49575,165805,129103,135852,1
84183,7433,77960,91616,162143,85393,1
41781,15868,57704,57649,99485,73572,0
45041,4701,52187,49742,97228,56888,0
68859,98021,99121,166880,167980,197142,1
41977,65403,75643,107380,117620,141046,1
11749,26509,45807,38258,57556,72316,0
5584,41746,95457,47330,101041,137203,0
44639,28319,49506,72958,94145,77825,1
66382,46688,94380,113070,160762,141068,1
83267,95433,25433,178700,108700,120866,1
51058,4776,26442,55834,77500,31218,0
8417,79809,75733,88226,84150,155542,1
93842,33590,36256,127432,130098,69846,0
37332,22556,7718,59888,45050,30274,0
94760,93859,41938,188619,136698,135797,1
94002,32049,45458,126051,139460,77507,0
62863,99822,34936,162685,97799,134758,0
47506,64471,54590,111977,102096,119061,1
78671,1346,14873,80017,93544,16219,0
49578,59184,80178,108762,129756,139362,1
16488,13701,61239,30189,77727,74940,0
6783,37005,54776,43788,61559,91781,0
39984,24212,92603,64196,132587,116815,0
46073,92751,9134,138824,55207,101885,0
20338,25640,69262,45978,89600,94902,0
71573,55436,8157,127009,79730,63593,0
56971,99502,5926,156473,62897,105428,0
40508,61954,25469,102462,65977,87423,1
1933,15284,63881,17217,65814,79165,0
2224,86246,45474,88470,47698,131720,0
61229,71951,24160,133180,85389,96111,1
36897,88234,21817,125131,58714,110051,0
31524,81813,56493,113337,88017,138306,1
30147,42283,28526,72430,58673,70809,1
44094,25574,44369,69668,88463,69943,1
67761,85468,39135,153229,106896,124603,1
83951,49397,44777,133348,128728,94174,1
25804,27392,76943,53196,102747,104335,0
85812,10826,91943,96638,177755,102769,1
11409,5710,93117,17119,104526,98827,0
83081,79038,62203,162119,145284,141241,1
16188,59927,93226,76115,109414,153153,0
32636,99881,89298,132517,121934,189179,1
31836,30331,35577,62167,67413,65908,1
60566,57166,58310,117732,118876,115476,1
64849,26347,74034,91196,138883,100381,1
91333,18688,60824,110021,152157,79512,0
26008,18635,34270,44643,60278,52905,1
54794,91009,26528,145803,81322,117537,0
17046,28319,10861,45365,27907,39180,0
15461,74618,11486,90079,26947,86104,0
34507,63469,65734,97976,100241,129203,1
52660,99216,88862,151876,141522,188078,1
81456,69759,2744,151215,84200,72503,0
44437,52671,8452,97108,52889,61123,1
77590,49432,13811,127022,91401,63243,0
2003,52440,80770,54443,82773,133210,0
16204,55252,89908,71456,106112,145160,0
74510,42078,85236,116588,159746,127314,1
29761,98766,10304,128527,40065,109070,0
6834,84360,88240,91194,95074,172600,1
94719,32195,20172,126914,114891,52367,0
75987,91886,29338,167873,105325,121224,1
46898,13966,73793,60864,120691,87759,0
30521,15450,81298,45971,111819,96748,0
7004,83745,84206,90749,91210,167951,1
5299,18715,90891,24014,96190,109606,0
10328,87031,11919,97359,22247,98950,0
32197,36012,65820,68209,98017,101832,1
47281,16590,83797,63871,131078,100387,0
17448,89777,54022,107225,71470,143799,0
70897,92781,12382,163678,83279,105163,0
20469,92424,19089,112893,39558,111513,0
90685,50755,78747,141440,169432,129502,1
28911,50966,81379,79877,110290,132345,0
47138,18733,96368,65871,143506,115101,0
23297,60371,55774,83668,79071,116145,1
25773,24236,27211,50009,52984,51447,1
68591,4635,54122,73226,122713,58757,0
78303,36693,36276,114996,114579,72969,0
27659,58607,3437,86266,31096,62044,0
13660,19407,54559,33067,68219,73966,0
96931,96750,79358,193681,176289,176108,1
98025,27488,88143,125513,186168,115631,1
91714,83110,16822,174824,108536,99932,1
18683,26723,28427,45406,47110,55150,1
71996,82113,5066,154109,77062,87179,0
62112,69147,24663,131259,86775,93810,1
4120,68006,97066,72126,101186,165072,0
57676,36289,56004,93965,113680,92293,1
63765,90734,41478,154499,105243,132212,1
59063,92112,9568,151175,68631,101680,0
11806,21668,67982,33474,79788,89650,0
20062,48463,32987,68525,53049,81450,1
75953,37191,2457,113144,78410,39648,0
18660,61263,21449,79923,40109,82712,0
26148,71658,17266,97806,43414,88924,0
27566,45604,2704,73170,30270,48308,0
77551,12487,23665,90038,101216,36152,0
53247,28715,59046,81962,112293,87761,1
50909,94366,59553,145275,110462,153919,1
63030,44691,80485,107721,143515,125176,1
86097,57411,35634,143508,121731,93045,1
99458,33956,22074,133414,121532,56030,0
97944,35775,82851,133719,180795,118626,1
61392,17538,97932,78930,159324,115470,0
32375,20615,21779,52990,54154,42394,1
43934,69071,92651,113005,136585,161722,1
56692,9517,97573,66209,154265,107090,0
756,63862,25819,64618,26575,89681,0
19276,2657,64627,21933,83903,67284,0
47348,8342,64838,55690,112186,73180,0
46910,93917,6100,140827,53010,100017,0
84304,84338,36638,168642,120942,120976,1
79560,12951,49324,92511,128884,62275,0
38825,77984,96780,116809,135605,174764,1
81961,67910,48393,149871,130354,116303,1
39322,95187,20243,134509,59565,115430,0
86486,42819,99901,129305,186387,142720,1
71232,24687,48866,95919,120098,73553,1
64126,34830,19736,98956,83862,54566,0
68332,82433,50620,150765,118952,133053,1
63913,38773,86930,102686,150843,125703,1
56623,81211,90543,137834,147166,171754,1
84263,22471,36538,106734,120801,59009,0
69056,42646,21849,111702,90905,64495,0
34500,88314,93144,122814,127644,181458,1
86915,89682,13529,176597,100444,103211,1
15603,96712,28301,112315,43904,125013,0
35746,86155,86167,121901,121913,172322,1
13265,79563,12792,92828,26057,92355,0
45794,65337,21383,111131,67177,86720,1
26656,95887,71249,122543,97905,167136,1
29807,98361,36627,128168,66434,134988,0
8796,95569,61576,104365,70372,157145,0
63937,1534,65134,65471,129071,66668,1
84110,22880,28351,106990,112461,51231,0
82696,87040,47091,169736,129787,134131,1
32969,18867,9011,51836,41980,27878,0
40231,95716,42824,135947,83055,138540,0
18658,85257,73303,103915,91961,158560,1
69688,36545,15352,106233,85040,51897,0
91449,64464,65618,155913,157067,130082,1
7758,31424,6430,39182,14188,37854,0
70553,53780,76009,124333,146562,129789,1
13931,40805,51348,54736,65279,92153,1
31308,63739,27064,95047,58372,90803,0
35330,49035,18783,84365,54113,67818,1
3779,26757,34507,30536,38286,61264,0
98373,52328,136,150701,98509,52464,0
11090,59279,54024,70369,65114,113303,1
72378,69086,27767,141464,100145,96853,1
88833,73387,44833,162220,133666,118220,1
90766,11095,82563,101861,173329,93658,1
73592,43396,19102,116988,92694,62498,0
88770,10184,71586,98954,160356,81770,0
71377,81730,81314,153107,152691,163044,1
37889,1187,52617,39076,90506,53804,0
11750,64952,79775,76702,91525,144727,0
76788,92731,14285,169519,91073,107016,0
21068,36317,91031,57385,112099,127348,0
88072,24231,2996,112303,91068,27227,0
67059,98610,51630,165669,118689,150240,1
6380,57940,64076,64320,70456,122016,1
51916,39377,94275,91293,146191,133652,0
2796,48635,6768,51431,9564,55403,0
73684,56211,77757,129895,151441,133968,1
38689,30109,79438,68798,118127,109547,0
62264,45824,60346,108088,122610,106170,1
53327,63847,82781,117174,136108,146628,1
43934,43988,83346,87922,127280,127334,1
53829,86880,24190,140709,78019,111070,0
37225,16006,52084,53231,89309,68090,1
13417,780,49457,14197,62874,50237,0
37627,29003,18114,66630,55741,47117,1
48359,3160,12315,51519,60674,15475,0
92048,86611,12071,178659,104119,98682,1
18638,91091,76932,109729,95570,168023,1
900,69790,99107,70690,100007,168897,0
21582,79378,83506,100960,105088,162884,1
53643,50721,55524,104364,109167,106245,1
35799,77825,76103,113624,111902,153928,1
47254,69892,65143,117146,112397,135035,1
28290,63041,89204,91331,117494,152245,1
1353,12775,55539,14128,56892,68314,0
20641,6008,26697,26649,47338,32705,0
73666,78265,16361,151931,90027,94626,1
22764,92490,48185,115254,70949,140675,0
58352,82133,37127,140485,95479,119260,1
22856,28591,60159,51447,83015,88750,0
40100,57618,51757,97718,91857,109375,1
51588,37696,67113,89284,118701,104809,1
59634,77055,10766,136689,70400,87821,0
86113,82842,76983,168955,163096,159825,1
60235,67885,11781,128120,72016,79666,1
57511,4560,1488,62071,58999,6048,0
95009,41356,62710,136365,157719,104066,1
36293,20614,67425,56907,103718,88039,0
86007,30706,58875,116713,144882,89581,1
47513,9203,69209,56716,116722,78412,0
69824,23667,78972,93491,148796,102639,1
6744,55215,5662,61959,12406,60877,0
48232,99673,89825,147905,138057,189498,1
12517,80734,52418,93251,64935,133152,0
24677,22976,37687,47653,62364,60663,1
95472,99339,38535,194811,134007,137874,1
74211,57841,54230,132052,128441,112071,1
53899,38444,53017,92343,106916,91461,1
48313,99223,5458,147536,53771,104681,0
81883,72646,30166,154529,112049,102812,1
8126,72273,52177,80399,60303,124450,0
4058,46285,66908,50343,70966,113193,0
67212,54193,97798,121405,165010,151991,1
32126,3965,62860,36091,94986,66825,0
77596,50085,88831,127681,166427,138916,1
72266,64228,11432,136494,83698,75660,1
71709,78541,46915,150250,118624,125456,1
55590,21707,31485,77297,87075,53192,0
65183,32207,14324,97390,79507,46531,0
77620,25513,68236,103133,145856,93749,1
68616,1200,19913,69816,88529,21113,0
64163,65792,17321,129955,81484,83113,1
46129,47339,95851,93468,141980,143190,0
10242,42130,98532,52372,108774,140662,0
57422,69984,65141,127406,122563,135125,1
91943,42401,20435,134344,112378,62836,0
7320,48479,58306,55799,65626,106785,0
75107,48688,54593,123795,129700,103281,1
26285,996,79115,27281,105400,80111,0
37172,45068,31706,82240,68878,76774,1
37372,45228,40361,82600,77733,85589,1
37625,57466,85972,95091,123597,143438,1
43553,16163,59081,59716,102634,75244,1
57924,48076,59636,106000,117560,107712,1
92671,3105,16346,95776,109017,19451,0
1670,92113,63409,93783,65079,155522,0
55247,25436,17354,80683,72601,42790,0
75520,46286,2889,121806,78409,49175,0
9084,58656,22856,67740,31940,81512,0
94069,10802,71630,104871,165699,82432,0
84368,79416,9701,163784,94069,89117,1
58911,54419,20228,113330,79139,74647,1
55643,82083,1631,137726,57274,83714,0
19323,25107,26999,44430,46322,52106,1
20232,16965,90113,37197,110345,107078,0
67427,55138,40880,122565,108307,96018,1
85269,28451,57010,113720,142279,85461,1
49912,39002,42219,88914,92131,81221,1
59967,11583,1188,71550,61155,12771,0
31723,74461,10254,106184,41977,84715,0
30580,69046,93038,99626,123618,162084,1
82859,24909,57446,107768,140305,82355,0
98938,71735,38432,170673,137370,110167,1
17255,1904,91784,19159,109039,93688,0
84599,19758,34181,104357,118780,53939,0
45924,4098,80744,50022,126668,84842,0
65486,43114,5659,108600,71145,48773,0
15907,20483,44119,36390,60026,64602,0
92412,33727,79889,126139,172301,113616,1
82027,60732,39708,142759,121735,100440,1
69546,61340,75128,130886,144674,136468,1
93122,98381,62147,191503,155269,160528,1
88567,15699,52495,104266,141062,68194,0
36714,51971,35511,88685,72225,87482,1
73796,31802,9559,105598,83355,41361,0
42602,8033,99736,50635,142338,107769,0
99865,47087,85847,146952,185712,132934,1
68612,39622,83466,108234,152078,123088,1
58270,94392,25417,152662,83687,119809,0
63418,2362,29078,65780,92496,31440,0
88139,15497,23579,103636,111718,39076,0
21473,50542,2226,72015,23699,52768,0
70312,70864,93996,141176,164308,164860,1
25745,18011,34908,43756,60653,52919,1
54711,94398,41462,149109,96173,135860,1
16277,31665,94474,47942,110751,126139,0
33163,30260,51053,63423,84216,81313,1
91182,14869,58021,106051,149203,72890,0
67476,17531,78128,85007,145604,95659,1
43437,23636,10791,67073,54228,34427,0
1765,99420,64374,101185,66139,163794,0
83430,70180,92558,153610,175988,162738,1
56744,92439,95406,149183,152150,187845,1
25185,19412,16061,44597,41246,35473,1
75746,26343,91580,102089,167326,117923,1
76954,40087,42567,117041,119521,82654,1
55958,84010,86642,139968,142600,170652,1
44574,68753,24421,113327,68995,93174,1
34594,34277,58810,68871,93404,93087,1
45494,9371,89204,54865,134698,98575,0
86886,8226,19580,95112,106466,27806,0
10664,91100,10719,101764,21383,101819,0
12570,70606,95967,83176,108537,166573,0
98103,78910,85202,177013,183305,164112,1
31764,39108,55792,70872,87556,94900,1
35498,85676,10419,121174,45917,96095,0
87472,67237,29496,154709,116968,96733,1
74069,33013,58302,107082,132371,91315,1
65518,8118,64411,73636,129929,72529,1
9539,7706,39191,17245,48730,46897,0
93235,45865,61009,139100,154244,106874,1
58983,50846,79788,109829,138771,130634,1
41889,14236,7450,56125,49339,21686,0
1611,50776,95244,52387,96855,146020,0
43120,43486,24237,86606,67357,67723,1
12223,81157,57485,93380,69708,138642,0
92390,14504,80841,106894,173231,95345,1
49182,66659,41350,115841,90532,108009,1
29314,53530,6554,82844,35868,60084,0
38443,18310,27157,56753,65600,45467,1
47895,26108,51549,74003,99444,77657,1
93781,25783,5286,119564,99067,31069,0
54725,21567,83365,76292,138090,104932,0
11029,3607,55660,14636,66689,59267,0
15442,76505,9000,91947,24442,85505,0
32886,29654,46702,62540,79588,76356,1
14897,79850,14737,94747,29634,94587,0
82578,27942,92073,110520,174651,120015,1
39089,54568,808,93657,39897,55376,0
82833,64894,51835,147727,134668,116729,1
65050,64173,40100,129223,105150,104273,1
28137,48296,18953,76433,47090,67249,0
46229,89312,80855,135541,127084,170167,1
90734,24593,97746,115327,188480,122339,1
24456,88677,23284,113133,47740,111961,0
64112,63270,18266,127382,82378,81536,1
54594,48911,53025,103505,107619,101936,1
48612,55787,45228,104399,93840,101015,1
40886,17823,66885,58709,107771,84708,0
44735,1334,50352,46069,95087,51686,0
7623,61557,72214,69180,79837,133771,0
58147,693,99089,58840,157236,99782,0
57119,62254,53402,119373,110521,115656,1
16862,50037,67429,66899,84291,117466,0
62491,17511,30586,80002,93077,48097,0
66145,53250,57674,119395,123819,110924,1
77858,57474,78475,135332,156333,135949,1
6570,76784,32922,83354,39492,109706,0
35172,53542,93568,88714,128740,147110,0
72357,89055,34797,161412,107154,123852,1
34948,46228,78885,81176,113833,125113,1
45823,79008,67075,124831,112898,146083,1
94556,1712,88257,96268,182813,89969,0
50059,77846,7340,127905,57399,85186,0
67321,66003,61997,133324,129318,128000,1
42190,34252,25697,76442,67887,59949,1
86729,74100,69633,160829,156362,143733,1
30407,31831,38025,62238,68432,69856,1
16189,76141,30334,92330,46523,106475,0
91551,66253,39554,157804,131105,105807,1
58253,95638,45787,153891,104040,141425,1
10277,35048,94262,45325,104539,129310,0
4131,25661,61516,29792,65647,87177,0
6371,81583,71945,87954,78316,153528,0
1539,26388,40217,27927,41756,66605,0
4137,31509,50971,35646,55108,82480,0
62538,96921,36335,159459,98873,133256,1
35360,81256,43224,116616,78584,124480,0
40583,8429,88159,49012,128742,96588,0
10403,90569,7012,100972,17415,97581,0
10562,45030,67822,55592,78384,112852,0
76410,48510,90732,124920,167142,139242,1
38562,5623,52790,44185,91352,58413,0
28313,79483,51349,107796,79662,130832,1
60637,19634,64659,80271,125296,84293,1
72052,23028,96501,95080,168553,119529,0
25465,70243,44192,95708,69657,114435,0
82319,12160,98722,94479,181041,110882,0
76331,23308,8211,99639,84542,31519,0
72263,15061,5840,87324,78103,20901,0
1125,88079,76600,89204,77725,164679,0
59400,18707,55356,78107,114756,74063,1
63970,36510,39808,100480,103778,76318,1
13227,58452,20212,71679,33439,78664,0
77255,88992,5748,166247,83003,94740,0
62616,11267,56505,73883,119121,67772,1
65745,73415,74044,139160,139789,147459,1
15984,21623,25252,37607,41236,46875,1
29511,88904,73906,118415,103417,162810,1
94855,79492,82656,174347,177511,162148,1
2270,48262,3673,50532,5943,51935,0
4594,3383,58097,7977,62691,61480,0
39040,69868,95146,108908,134186,165014,1
46453,31113,34829,77566,81282,65942,1
99497,86537,31340,186034,130837,117877,1
37172,76685,78637,113857,115809,155322,1
34212,56187,4267,90399,38479,60454,0
96790,4049,74155,100839,170945,78204,0
33124,2625,7734,35749,40858,10359,0
53693,72760,8544,126453,62237,81304,0
12607,12079,61484,24686,74091,73563,0
28623,69944,27413,98567,56036,97357,0
96995,12546,98367,109541,195362,110913,1
12097,66553,61784,78650,73881,128337,1
52168,48424,95754,100592,147922,144178,1
51350,48782,30495,100132,81845,79277,1
47623,56581,6543,104204,54166,63124,0
93282,23592,90423,116874,183705,114015,1
808,34841,95573,35649,96381,130414,0
98669,50427,95423,149096,194092,145850,1
18532,58363,72328,76895,90860,130691,1
13390,18282,50929,31672,64319,69211,0
47434,82555,21955,129989,69389,104510,0
35767,93391,37353,129158,73120,130744,0
31916,31152,15178,63068,47094,46330,1
63118,6527,23343,69645,86461,29870,0
4535,30202,33643,34737,38178,63845,1
28034,34104,49729,62138,77763,83833,1
20037,36691,31009,56728,51046,67700,1
70615,70147,59791,140762,130406,129938,1
50095,50890,41765,100985,91860,92655,1
33018,34017,62398,67035,95416,96415,1
22662,23193,28826,45855,51488,52019,1
19851,15886,80433,35737,100284,96319,0
14630,30879,61466,45509,76096,92345,0
87677,39920,62061,127597,149738,101981,1
18312,11763,2132,30075,20444,13895,0
92592,32888,96079,125480,188671,128967,1
23081,61263,28202,84344,51283,89465,0
85885,17314,791,103199,86676,18105,0
56679,35792,31611,92471,88290,67403,1
31329,71350,65240,102679,96569,136590,1
3674,57063,82019,60737,85693,139082,0
97808,15888,33954,113696,131762,49842,0
89922,16168,10459,106090,100381,26627,0
24574,58044,67032,82618,91606,125076,1
69223,97096,39775,166319,108998,136871,1
26233,38555,39803,64788,66036,78358,1
90382,31918,10669,122300,101051,42587,0
71465,89283,3576,160748,75041,92859,0
97442,2725,60966,100167,158408,63691,0
8343,6909,49630,15252,57973,56539,0
97548,46878,49782,144426,147330,96660,0
67294,98118,69314,165412,136608,167432,1
95406,89445,58195,184851,153601,147640,1
74522,2540,44485,77062,119007,47025,0
4146,84352,93031,88498,97177,177383,0
36146,90597,60659,126743,96805,151256,1
18109,70351,11640,88460,29749,81991,0
98386,42358,50929,140744,149315,93287,0
40162,74377,64001,114539,104163,138378,1
84192,5176,6952,89368,91144,12128,0
39057,28100,7040,67157,46097,35140,0
74344,62212,41163,136556,115507,103375,1
90300,53447,71455,143747,161755,124902,1
44115,81052,45570,125167,89685,126622,1
15531,96535,69478,112066,85009,166013,0
16543,21619,75188,38162,91731,96807,0
51571,29646,61341,81217,112912,90987,1
70840,20037,62027,90877,132867,82064,1
19205,63878,26176,83083,45381,90054,0
76569,74727,89358,151296,165927,164085,1
82300,49787,3726,132087,86026,53513,0
19773,62831,71421,82604,91194,134252,1
92705,30430,35728,123135,128433,66158,0
81341,86253,4994,167594,86335,91247,1
10242,1409,30006,11651,40248,31415,0
73460,77132,95590,150592,169050,172722,1
75735,82308,65465,158043,141200,147773,1
54829,23066,35235,77895,90064,58301,1
23941,73049,63829,96990,87770,136878,1
81478,21541,81129,103019,162607,102670,1
15144,39836,3378,54980,18522,43214,0
63994,36924,30425,100918,94419,67349,1
62400,83701,90502,146101,152902,174203,1
17535,79168,28260,96703,45795,107428,0
79536,61227,17725,140763,97261,78952,0
46627,24817,99979,71444,146606,124796,0
98659,35104,45334,133763,143993,80438,0
47778,87285,13820,135063,61598,101105,0
67674,2496,8954,70170,76628,11450,0
41836,29906,34753,71742,76589,64659,1
9984,58317,7833,68301,17817,66150,0
68579,76721,38173,145300,106752,114894,1
55914,98752,33514,154666,89428,132266,0
30184,93882,34169,124066,64353,128051,0
40505,38558,32387,79063,72892,70945,1
18859,3498,31236,22357,50095,34734,0
82138,36581,97196,118719,179334,133777,1
34812,14634,79113,49446,113925,93747,0
58014,84280,72717,142294,130731,156997,1
64241,16529,48965,80770,113206,65494,1
18022,96700,87403,114722,105425,184103,1
83986,33516,40484,117502,124470,74000,0
15676,863,72653,16539,88329,73516,0
28410,32752,95428,61162,123838,128180,0
20053,31850,93718,51903,113771,125568,0
43362,60485,93560,103847,136922,154045,1
36686,10956,89237,47642,125923,100193,0
794,68278,36529,69072,37323,104807,0
94683,43298,90330,137981,185013,133628,1
42879,50046,27133,92925,70012,77179,1
84937,44858,25706,129795,110643,70564,0
76853,84736,6342,161589,83195,91078,0
8769,46105,70495,54874,79264,116600,0
75146,35881,51452,111027,126598,87333,1
76990,40286,40994,117276,117984,81280,1
7899,74163,81006,82062,88905,155169,1
33403,79376,62149,112779,95552,141525,1
45480,61266,81872,106746,127352,143138,1
37623,25627,26926,63250,64549,52553,1
21563,16511,34207,38074,55770,50718,1
61774,88980,95508,150754,157282,184488,1
12880,32681,85642,45561,98522,118323,0
71143,16516,98789,87659,169932,115305,0
68407,88206,20614,156613,89021,108820,1
81065,3894,70582,84959,151647,74476,0
43859,52796,4655,96655,48514,57451,0
29431,83976,93141,113407,122572,177117,1
84019,96554,90653,180573,174672,187207,1
75969,47149,60233,123118,136202,107382,1
70769,61031,89914,131800,160683,150945,1
50384,43629,60712,94013,111096,104341,1
58984,80190,30804,139174,89788,110994,1
8953,54589,71543,63542,80496,126132,0
32262,17320,79523,49582,111785,96843,0
62782,58399,84895,121181,147677,143294,1
35641,42785,89902,78426,125543,132687,0
53195,85236,54256,138431,107451,139492,1
39452,43669,35882,83121,75334,79551,1
78139,55798,61995,133937,140134,117793,1
41162,36765,51940,77927,93102,88705,1
22119,1701,46356,23820,68475,48057,0
79193,70643,10563,149836,89756,81206,1
16179,31328,18642,47507,34821,49970,1
29640,23827,83944,53467,113584,107771,0
68598,12012,16672,80610,85270,28684,0
84092,37797,62073,121889,146165,99870,1
32715,40890,84028,73605,116743,124918,0
3174,79137,67215,82311,70389,146352,0
402,49103,44387,49505,44789,93490,0
30077,40551,33907,70628,63984,74458,1
36217,62763,39844,98980,76061,102607,1
38669,39750,68191,78419,106860,107941,1
53175,39460,25417,92635,78592,64877,1
89487,49343,19069,138830,108556,68412,0
98869,46779,15592,145648,114461,62371,0
16755,11431,83953,28186,100708,95384,0
70308,12455,81219,82763,151527,93674,1
21820,90739,73927,112559,95747,164666,1
72156,17934,4620,90090,76776,22554,0
49138,14402,31322,63540,80460,45724,0
65179,54169,85939,119348,151118,140108,1
28375,65280,34821,93655,63196,100101,0
41901,88370,76043,130271,117944,164413,1
61190,91002,89346,152192,150536,180348,1
84139,39724,79617,123863,163756,119341,1
68536,16647,41552,85183,110088,58199,0
16970,29556,52703,46526,69673,82259,0
61142,66043,21985,127185,83127,88028,1
36204,32418,83825,68622,120029,116243,0
38385,96016,39262,134401,77647,135278,0
47389,10563,33359,57952,80748,43922,0
28638,76396,8387,105034,37025,84783,0
11377,20426,40944,31803,52321,61370,0
89702,22208,41939,111910,131641,64147,0
46031,4334,58544,50365,104575,62878,0
67677,64335,30867,132012,98544,95202,1
26965,22019,7757,48984,34722,29776,1
18561,50482,41838,69043,60399,92320,1
78878,72996,40899,151874,119777,113895,1
96847,9056,24911,105903,121758,33967,0
76352,8886,46258,85238,122610,55144,0
50453,38328,68088,88781,118541,106416,1
33645,90047,80643,123692,114288,170690,1
49721,19348,4520,69069,54241,23868,0
44752,57408,53323,102160,98075,110731,1
56661,98582,94923,155243,151584,193505,1
14828,91434,23585,106262,38413,115019,0
23537,95454,15853,118991,39390,111307,0
49747,48628,13852,98375,63599,62480,1
94842,91113,90944,185955,185786,182057,1
72722,35214,90065,107936,162787,125279,1
89714,4060,89056,93774,178770,93116,1
31040,52168,25888,83208,56928,78056,1
70645,46541,86224,117186,156869,132765,1
94835,33719,47930,128554,142765,81649,0
13682,4602,69091,18284,82773,73693,0
80795,25993,23695,106788,104490,49688,0
11073,79747,29264,90820,40337,109011,0
21391,50888,22872,72279,44263,73760,0
74889,92230,91765,167119,166654,183995,1
25554,9523,28051,35077,53605,37574,1
5700,19542,66336,25242,72036,85878,0
89398,21280,84417,110678,173815,105697,1
14412,6177,5330,20589,19742,11507,0
74950,96508,92204,171458,167154,188712,1
81046,62612,25209,143658,106255,87821,1
74116,35994,1109,110110,75225,37103,0
47948,41827,53125,89775,101073,94952,1
46366,1354,83229,47720,129595,84583,0
18544,57295,17958,75839,36502,75253,0
49092,16856,63383,65948,112475,80239,1
57115,3062,23091,60177,80206,26153,0
71618,69816,87985,141434,159603,157801,1
79571,54851,79926,134422,159497,134777,1
78349,45128,97229,123477,175578,142357,1
46510,5635,62314,52145,108824,67949,0
75361,74108,3681,149469,79042,77789,1
65226,25894,19958,91120,85184,45852,0
57576,12824,40932,70400,98508,53756,0
46506,8666,70991,55172,117497,79657,0
23807,37428,33494,61235,57301,70922,1
32656,3556,47107,36212,79763,50663,0
75421,87151,83916,162572,159337,171067,1
80647,93288,85620,173935,166267,178908,1
80263,46699,61493,126962,141756,108192,1
2419,57289,52053,59708,54472,109342,0
97945,77084,43690,175029,141635,120774,1
92073,69929,43790,162002,135863,113719,1
23723,71904,88971,95627,112694,160875,1
1567,46441,7827,48008,9394,54268,0
77006,43452,59506,120458,136512,102958,1
12806,33818,79522,46624,92328,113340,0
71552,98900,699,170452,72251,99599,0
9836,92599,35880,102435,45716,128479,0
91883,20917,93502,112800,185385,114419,1
81983,94744,12282,176727,94265,107026,0
42292,68563,29039,110855,71331,97602,1
53121,82121,41719,135242,94840,123840,1
670,93108,18427,93778,19097,111535,0
93946,24288,72799,118234,166745,97087,1
19965,21394,19378,41359,39343,40772,1
70905,36018,54990,106923,125895,91008,1
40605,81636,14940,122241,55545,96576,0
10008,90096,67794,100104,77802,157890,0
79900,58798,41118,138698,121018,99916,1
46642,87716,6969,134358,53611,94685,0
99228,69854,70669,169082,169897,140523,1
71151,20822,55522,91973,126673,76344,1
35336,2984,61845,38320,97181,64829,0
30763,43458,29100,74221,59863,72558,1
34458,9031,36304,43489,70762,45335,1
87906,25850,66787,113756,154693,92637,1
8295,34702,24555,42997,32850,59257,0
93327,92092,72222,185419,165549,164314,1
69986,95444,36136,165430,106122,131580,1
75191,40584,43592,115775,118783,84176,1
32584,17624,71544,50208,104128,89168,0
16411,90594,58321,107005,74732,148915,0
82813,4480,23945,87293,106758,28425,0
59480,17820,37148,77300,96628,54968,0
89556,79051,2233,168607,91789,81284,0
55547,22257,58859,77804,114406,81116,1
62265,6541,18342,68806,80607,24883,0
16961,48305,48841,65266,65802,97146,1
19867,52673,57052,72540,76919,109725,1
56189,13519,55107,69708,111296,68626,1
54993,31761,58651,86754,113644,90412,1
25298,19051,80287,44349,105585,99338,0
70776,83095,73329,153871,144105,156424,1
43051,21057,74328,64108,117379,95385,0
99310,58291,79320,157601,178630,137611,1
69788,51672,31221,121460,101009,82893,1
24657,67593,9286,92250,33943,76879,0
1426,61201,44674,62627,46100,105875,0
66888,7655,11165,74543,78053,18820,0
24132,16450,6787,40582,30919,23237,0
93949,60710,36334,154659,130283,97044,1
57113,39584,40122,96697,97235,79706,1
84950,59093,36841,144043,121791,95934,1
19020,35250,17885,54270,36905,53135,1
80293,8704,40126,88997,120419,48830,0
69475,69629,75452,139104,144927,145081,1
86183,35839,289,122022,86472,36128,0
58877,91503,67582,150380,126459,159085,1
42930,80269,54192,123199,97122,134461,1
89336,38656,47294,127992,136630,85950,0
39687,72517,48649,112204,88336,121166,1
41922,88353,12331,130275,54253,100684,0
74791,95203,51056,169994,125847,146259,1
63295,25194,25348,88489,88643,50542,0
55734,20440,98899,76174,154633,119339,0
50473,34618,17848,85091,68321,52466,1
26783,67961,20230,94744,47013,88191,0
38175,12263,10235,50438,48410,22498,0
17778,51923,14770,69701,32548,66693,0
16605,83403,85916,100008,102521,169319,1
49251,61537,58826,110788,108077,120363,1
57773,75134,17896,132907,75669,93030,1
58073,65927,39130,124000,97203,105057,1
58230,56527,64263,114757,122493,120790,1
26111,34785,82862,60896,108973,117647,0
39783,35347,4555,75130,44338,39902,1
89609,7763,91467,97372,181076,99230,1
84709,61463,77268,146172,161977,138731,1
16229,86259,66769,102488,82998,153028,0
7834,5373,75220,13207,83054,80593,0
27105,93843,10552,120948,37657,104395,0
56643,66582,18200,123225,74843,84782,1
30901,75689,21560,106590,52461,97249,0
38076,77768,12600,115844,50676,90368,0
19448,6686,74453,26134,93901,81139,0
92850,14761,96230,107611,189080,110991,1
9173,21752,1086,30925,10259,22838,0
98361,71830,95083,170191,193444,166913,1
58973,64967,8753,123940,67726,73720,1
70538,28802,77083,99340,147621,105885,1
54800,73710,22347,128510,77147,96057,1
3741,10107,27161,13848,30902,37268,0
74749,75942,43219,150691,117968,119161,1
46796,11916,57641,58712,104437,69557,1
80512,73470,93933,153982,174445,167403,1
13880,62255,82735,76135,96615,144990,0
61440,56485,35727,117925,97167,92212,1
21852,12518,29506,34370,51358,42024,1
8638,21837,8203,30475,16841,30040,0
33779,64254,87171,98033,120950,151425,1
60009,58135,32827,118144,92836,90962,1
95217,3608,52769,98825,147986,56377,0
12156,6688,77721,18844,89877,84409,0
37703,68071,49282,105774,86985,117353,1
40308,40408,80826,80716,121134,121234,0
34874,48262,67975,83136,102849,116237,1
47988,34314,17133,82302,65121,51447,1
46877,5712,34864,52589,81741,40576,0
83991,44689,93866,128680,177857,138555,1
75940,11105,39675,87045,115615,50780,0
90141,29836,91204,119977,181345,121040,1
77621,87947,6445,165568,84066,94392,0
38766,48002,30603,86768,69369,78605,1
71445,7407,28978,78852,100423,36385,0
86817,83506,41171,170323,127988,124677,1
58901,89312,94329,148213,153230,183641,1
20742,34817,77682,55559,98424,112499,0
38086,8058,97439,46144,135525,105497,0
95496,20019,97461,115515,192957,117480,1
43915,2003,62714,45918,106629,64717,0
66937,71273,95912,138210,162849,167185,1
89951,47499,56682,137450,146633,104181,1
80047,8586,84486,88633,164533,93072,1
63931,59718,70346,123649,134277,130064,1
38650,97526,99325,136176,137975,196851,1
9196,38034,11602,47230,20798,49636,0
44944,20310,78474,65254,123418,98784,0
58666,14287,12017,72953,70683,26304,0
91295,66268,39636,157563,130931,105904,1
20050,43870,50383,63920,70433,94253,1
1463,59325,323,60788,1786,59648,0
73753,32057,55424,105810,129177,87481,1
29457,88200,57955,117657,87412,146155,0
99541,34593,4220,134134,103761,38813,0
93691,82843,42007,176534,135698,124850,1
3522,18631,57750,22153,61272,76381,0
89207,5267,39218,94474,128425,44485,0
76715,15023,18021,91738,94736,33044,0
83051,81016,7074,164067,90125,88090,1
12308,55810,18842,68118,31150,74652,0
5108,19578,28241,24686,33349,47819,0
68488,72,53841,68560,122329,53913,0
800,85978,71438,86778,72238,157416,0
1193,94905,53036,96098,54229,147941,0
87031,64400,45589,151431,132620,109989,1
8862,2922,45433,11784,54295,48355,0
61972,56843,97578,118815,159550,154421,1
4156,66736,88188,70892,92344,154924,0
25228,55156,23436,80384,48664,78592,0
1277,68789,59648,70066,60925,128437,0
4295,97302,23162,101597,27457,120464,0
27970,40676,40749,68646,68719,81425,1
97384,27479,84380,124863,181764,111859,1
92920,82575,13333,175495,106253,95908,1
72116,82818,67071,154934,139187,149889,1
17332,33281,55620,50613,72952,88901,0
87353,64003,58531,151356,145884,122534,1
85046,99919,36993,184965,122039,136912,1
46519,78452,27488,124971,74007,105940,0
79726,92809,46384,172535,126110,139193,1
72188,65566,13896,137754,86084,79462,1
27224,51182,18043,78406,45267,69225,0
3286,54417,47705,57703,50991,102122,0
3536,65857,5944,69393,9480,71801,0
2454,92303,89196,94757,91650,181499,0
44524,2952,27875,47476,72399,30827,0
10361,67157,33056,77518,43417,100213,0
20368,51876,59628,72244,79996,111504,1
66659,76934,51553,143593,118212,128487,1
1576,90021,20667,91597,22243,110688,0
42937,55273,59044,98210,101981,114317,1
12044,4015,81781,16059,93825,85796,0
42501,34216,57386,76717,99887,91602,1
87575,91116,37606,178691,125181,128722,1
80590,51484,75770,132074,156360,127254,1
23556,21368,43891,44924,67447,65259,1
89082,86439,59765,175521,148847,146204,1
47563,16267,8969,63830,56532,25236,0
76076,98775,35756,174851,111832,134531,1
41465,71678,85666,113143,127131,157344,1
86027,3983,55987,90010,142014,59970,0
54125,19385,16575,73510,70700,35960,0
90041,37333,51150,127374,141191,88483,0
7911,64509,40360,72420,48271,104869,0
6168,27664,24733,33832,30901,52397,1
66362,83324,23993,149686,90355,107317,1
45578,83497,47738,129075,93316,131235,1
205,44397,24124,44602,24329,68521,0
60364,62321,84255,122685,144619,146576,1
69545,16149,83989,85694,153534,100138,1
6461,24656,77191,31117,83652,101847,0
9503,61208,43017,70711,52520,104225,0
2729,94018,95803,96747,98532,189821,1
22906,19195,21761,42101,44667,40956,1
28866,44276,90319,73142,119185,134595,0
40617,7374,47420,47991,88037,54794,1
48146,31542,37995,79688,86141,69537,1
55202,74936,17334,130138,72536,92270,0
61346,30276,60401,91622,121747,90677,1
49672,62298,56859,111970,106531,119157,1
81096,78689,60210,159785,141306,138899,1
69792,54129,84000,123921,153792,138129,1
24158,98677,68931,122835,93089,167608,0
33238,93095,64487,126333,97725,157582,1
79581,40308,9621,119889,89202,49929,0
87628,41668,41814,129296,129442,83482,0
8793,6285,40788,15078,49581,47073,0
61082,38526,67487,99608,128569,106013,1
97871,52448,60447,150319,158318,112895,1
30957,51983,80034,82940,110991,132017,1
59183,4711,84850,63894,144033,89561,0
41557,95452,1620,137009,43177,97072,0
62817,6378,24563,69195,87380,30941,0
97077,13605,95307,110682,192384,108912,1
56026,96582,89013,152608,145039,185595,1
84530,30082,77028,114612,161558,107110,1
72554,31188,80094,103742,152648,111282,1
58992,93176,21538,152168,80530,114714,0
90097,67022,24317,157119,114414,91339,1
50030,54712,14923,104742,64953,69635,1
98848,68502,15856,167350,114704,84358,0
85410,83627,53410,169037,138820,137037,1
55100,75016,38831,130116,93931,113847,1
19345,88949,38855,108294,58200,127804,0
30419,96239,21604,126658,52023,117843,0
61307,51404,30416,112711,91723,81820,1
48138,76833,13972,124971,62110,90805,0
34018,82910,91258,116928,125276,174168,1
57251,49239,10143,106490,67394,59382,1
60721,72676,50111,133397,110832,122787,1
79171,68639,61028,147810,140199,129667,1
31398,2479,12139,33877,43537,14618,0
9894,79641,874,89535,10768,80515,0
44984,49086,80552,94070,125536,129638,1
57343,5179,6492,62522,63835,11671,0
25454,49812,89361,75266,114815,139173,0
82141,16595,86287,98736,168428,102882,1
77847,61926,63665,139773,141512,125591,1
42259,43406,95871,85665,138130,139277,0
65714,76887,93987,142601,159701,170874,1
77867,1497,67495,79364,145362,68992,0
84490,34233,1069,118723,85559,35302,0
43250,41996,23031,85246,66281,65027,1
72879,35282,21991,108161,94870,57273,0
75940,93390,55281,169330,131221,148671,1
78592,41857,52051,120449,130643,93908,1
7283,48406,35110,55689,42393,83516,0
8020,94609,48728,102629,56748,143337,0
67305,27943,90535,95248,157840,118478,1
2260,50841,20004,53101,22264,70845,0
81043,57312,40272,138355,121315,97584,1
2271,10360,14558,12631,16829,24918,0
89298,76606,93099,165904,182397,169705,1
76535,27195,75576,103730,152111,102771,1
72196,59857,64764,132053,136960,124621,1
46590,56874,26644,103464,73234,83518,1
48268,29358,52938,77626,101206,82296,1
95919,98786,98822,194705,194741,197608,1
54659,24943,38029,79602,92688,62972,1
21945,33649,45409,55594,67354,79058,1
65136,866,24438,66002,89574,25304,0
37097,58028,29338,95125,66435,87366,1
80503,45021,83459,125524,163962,128480,1
6402,46020,34811,52422,41213,80831,0
13391,26411,33450,39802,46841,59861,1
29025,69563,90759,98588,119784,160322,1
12920,68653,14141,81573,27061,82794,0
87943,81365,93728,169308,181671,175093,1
63292,8883,44826,72175,108118,53709,0
43569,45582,35235,89151,78804,80817,1
4513,65517,85444,70030,89957,150961,0
7176,49399,34136,56575,41312,83535,0
31784,11149,47129,42933,78913,58278,0
99947,74049,92181,173996,192128,166230,1
70860,24049,8715,94909,79575,32764,0
95057,34060,9795,129117,104852,43855,0
80964,78497,73543,159461,154507,152040,1
34191,64077,29458,98268,63649,93535,0
52342,86678,96320,139020,148662,182998,1
8280,337,47565,8617,55845,47902,0
594,88944,64951,89538,65545,153895,0
98833,32186,13957,131019,112790,46143,0
181,5603,986,5784,1167,6589,0
65877,21386,93924,87263,159801,115310,0
40950,7785,83660,48735,124610,91445,0
99092,86953,55147,186045,154239,142100,1
34603,68165,70870,102768,105473,139035,1
37275,40571,68383,77846,105658,108954,1
47110,74526,83323,121636,130433,157849,1
48092,42349,56966,90441,105058,99315,1
76385,35245,25061,111630,101446,60306,0
49109,10226,23545,59335,72654,33771,0
7428,31781,52731,39209,60159,84512,0
83913,76481,14607,160394,98520,91088,1
48204,50199,83255,98403,131459,133454,1
1559,83436,18749,84995,20308,102185,0
93266,36754,46103,130020,139369,82857,0
43419,81007,24306,124426,67725,105313,0
17259,16839,26902,34098,44161,43741,1
35516,91907,99722,127423,135238,191629,1
46406,62761,21809,109167,68215,84570,1
92101,74533,86550,166634,178651,161083,1
66179,27756,93989,93935,160168,121745,0
36279,9071,98059,45350,134338,107130,0
11138,42778,43555,53916,54693,86333,1
45975,54752,74519,100727,120494,129271,1
17068,50683,88104,67751,105172,138787,0
8837,94540,3077,103377,11914,97617,0
40904,17150,62518,58054,103422,79668,0
31828,4196,53431,36024,85259,57627,0
8098,26184,18690,34282,26788,44874,1
2078,72893,26540,74971,28618,99433,0
90210,50023,56370,140233,146580,106393,1
86493,11901,18802,98394,105295,30703,0
28615,49961,66349,78576,94964,116310,1
74214,96119,65975,170333,140189,162094,1
71282,56674,74358,127956,145640,131032,1
9426,56641,99042,66067,108468,155683,0
92539,71563,7049,164102,99588,78612,0
2247,38186,20409,40433,22656,58595,0
53471,63446,51114,116917,104585,114560,1
9044,42256,15785,51300,24829,58041,0
36672,36258,89579,72930,126251,125837,0
24418,99081,19268,123499,43686,118349,0
75512,15171,65592,90683,141104,80763,1
7185,45696,48202,52881,55387,93898,1
54367,97574,2659,151941,57026,100233,0
81737,29247,4983,110984,86720,34230,0
65753,61858,45772,127611,111525,107630,1
4400,2434,10999,6834,15399,13433,0
36344,89078,31645,125422,67989,120723,0
1568,12861,13593,14429,15161,26454,1
57457,72451,66461,129908,123918,138912,1
47853,26309,40237,74162,88090,66546,1
22966,36011,41066,58977,64032,77077,1
25471,97711,29292,123182,54763,127003,0
76696,19236,15813,95932,92509,35049,0
32884,61809,72070,94693,104954,133879,1
87750,79605,77665,167355,165415,157270,1
47057,66259,16994,113316,64051,83253,0
48200,43842,62387,92042,110587,106229,1
71971,19832,23309,91803,95280,43141,0
35199,35763,99645,70962,134844,135408,0
61290,746,88969,62036,150259,89715,0
14620,4678,88700,19298,103320,93378,0
45546,41867,43252,87413,88798,85119,1
98084,97464,78730,195548,176814,176194,1
72343,13081,10639,85424,82982,23720,0
54831,2673,3433,57504,58264,6106,0
3436,24810,78508,28246,81944,103318,0
42905,51030,85440,93935,128345,136470,1
12167,61360,72207,73527,84374,133567,1
95254,70328,48314,165582,143568,118642,1
59225,34801,63506,94026,122731,98307,1
64561,15645,56830,80206,121391,72475,1
13436,1865,28203,15301,41639,30068,0
94498,51037,36187,145535,130685,87224,0
1120,2913,99113,4033,100233,102026,0
33857,57616,7072,91473,40929,64688,0
24043,24596,92609,48639,116652,117205,0
24091,4744,96194,28835,120285,100938,0
4835,44219,25515,49054,30350,69734,0
55643,20202,83548,75845,139191,103750,0
90942,51649,24435,142591,115377,76084,0
56560,66875,77693,123435,134253,144568,1
85864,18415,88624,104279,174488,107039,1
15246,46854,85723,62100,100969,132577,0
18550,31428,70372,49978,88922,101800,0
81220,4532,9271,85752,90491,13803,0
40312,20773,80053,61085,120365,100826,0
37541,39365,28422,76906,65963,67787,1
40970,70850,85445,111820,126415,156295,1
61810,741,65498,62551,127308,66239,0
30252,12710,71152,42962,101404,83862,0
9990,87818,35833,97808,45823,123651,0
67411,53509,66791,120920,134202,120300,1
67775,25798,56269,93573,124044,82067,1
85579,78654,27091,164233,112670,105745,1
86502,91782,18985,178284,105487,110767,1
14750,91597,81928,106347,96678,173525,1
1490,75712,87579,77202,89069,163291,0
25061,60217,50755,85278,75816,110972,1
16616,28423,14327,45039,30943,42750,1
3913,83830,35464,87743,39377,119294,0
85028,85174,6512,170202,91540,91686,1
81164,92066,25796,173230,106960,117862,1
1831,94914,25185,96745,27016,120099,0
61158,9866,64221,71024,125379,74087,1
4710,32775,5760,37485,10470,38535,0
56937,86136,2986,143073,59923,89122,0
81553,89268,14274,170821,95827,103542,1
42070,43213,53021,85283,95091,96234,1
19742,97318,55693,117060,75435,153011,0
52135,4577,3494,56712,55629,8071,0
4982,92301,73549,97283,78531,165850,0
71333,42230,12038,113563,83371,54268,0
93950,73043,89149,166993,183099,162192,1
29847,13700,10945,43547,40792,24645,0
45157,65596,89748,110753,134905,155344,1
62460,92266,52047,154726,114507,144313,1
6820,71557,10511,78377,17331,82068,0
69123,41463,33925,110586,103048,75388,1
7290,8526,93732,15816,101022,102258,0
98107,8512,30227,106619,128334,38739,0
88846,12117,85169,100963,174015,97286,1
81368,69888,97528,151256,178896,167416,1
57456,14320,64912,71776,122368,79232,1
95206,3471,5680,98677,100886,9151,0
7772,30464,37531,38236,45303,67995,1
22247,48086,31039,70333,53286,79125,1
32847,36944,93545,69791,126392,130489,0
76560,18281,75873,94841,152433,94154,1
80913,32826,59494,113739,140407,92320,1
57953,16517,90052,74470,148005,106569,0
54034,90695,72832,144729,126866,163527,1
7962,72084,57115,80046,65077,129199,0
41923,75376,830,117299,42753,76206,0
94939,71751,44494,166690,139433,116245,1
906,39402,41892,40308,42798,81294,0
82221,62112,31776,144333,113997,93888,1
36487,8040,47296,44527,83783,55336,0
5126,28471,46835,33597,51961,75306,0
30992,23161,92550,54153,123542,115711,0
49705,827,27228,50532,76933,28055,0
56777,27764,60917,84541,117694,88681,1
72133,66535,55838,138668,127971,122373,1
7762,21271,49304,29033,57066,70575,0
21269,14900,94201,36169,115470,109101,0
45392,29394,75724,74786,121116,105118,0
67985,99896,82859,167881,150844,182755,1
37491,73776,32838,111267,70329,106614,0
69509,11257,10816,80766,80325,22073,0
34943,73022,99283,107965,134226,172305,1
52423,19756,97570,72179,149993,117326,0
71350,53885,16448,125235,87798,70333,0
94572,5793,98240,100365,192812,104033,1
12850,15761,75608,28611,88458,91369,0
57814,21528,64389,79342,122203,85917,1
49967,87095,90297,137062,140264,177392,1
87693,89341,19911,177034,107604,109252,1
66367,95070,35122,161437,101489,130192,1
35929,27058,62037,62987,97966,89095,1
55278,68945,53790,124223,109068,122735,1
31308,33707,70827,65015,102135,104534,0
22241,42367,56736,64608,78977,99103,1
39560,92638,33567,132198,73127,126205,0
47291,41569,30134,88860,77425,71703,1
90257,22040,47129,112297,137386,69169,0
48970,91717,353,140687,49323,92070,0
2634,98121,5356,100755,7990,103477,0
70334,2066,82264,72400,152598,84330,0
67295,65303,89778,132598,157073,155081,1
52944,57137,77922,110081,130866,135059,1
65583,9209,49129,74792,114712,58338,0
4283,12678,73834,16961,78117,86512,0
87519,92688,10212,180207,97731,102900,1
49914,88234,95074,138148,144988,183308,1
83538,1521,18656,85059,102194,20177,0
54944,62044,3837,116988,58781,65881,0
20122,59804,56177,79926,76299,115981,1
5222,29503,67983,34725,73205,97486,0
82220,32456,63753,114676,145973,96209,1
23593,68372,98449,91965,122042,166821,0
2151,45283,71169,47434,73320,116452,0
61508,87809,54073,149317,115581,141882,1
31136,83709,26447,114845,57583,110156,0
49227,55556,73327,104783,122554,128883,1
38756,84161,68379,122917,107135,152540,1
4490,55058,19860,59548,24350,74918,0
79894,98884,31888,178778,111782,130772,1
38011,21864,90387,59875,128398,112251,0
99458,41938,43225,141396,142683,85163,0
1475,41712,63787,43187,65262,105499,0
11372,71458,59595,82830,70967,131053,0
76532,29425,27156,105957,103688,56581,0
50102,60238,20168,110340,70270,80406,1
5314,6859,54752,12173,60066,61611,0
86089,35667,32433,121756,118522,68100,0
69436,81742,34544,151178,103980,116286,1
18836,21422,22612,40258,41448,44034,1
97827,76791,55807,174618,153634,132598,1
27688,6458,48811,34146,76499,55269,0
79408,93642,43119,173050,122527,136761,1
32442,20356,21199,52798,53641,41555,1
2154,202,36064,2356,38218,36266,0
25081,63761,82779,88842,107860,146540,1
34556,61976,45008,96532,79564,106984,1
85545,19885,9922,105430,95467,29807,0
73127,71960,98517,145087,171644,170477,1
46463,66244,26012,112707,72475,92256,1
17888,9892,577,27780,18465,10469,0
63864,93117,76196,156981,140060,169313,1
36834,48092,93749,84926,130583,141841,0
13862,30927,85794,44789,99656,116721,0
46462,68834,31483,115296,77945,100317,1
95779,76615,58414,172394,154193,135029,1
6383,91317,11807,97700,18190,103124,0
37354,90907,93160,128261,130514,184067,1
4282,75613,69535,79895,73817,145148,0
80690,31509,66953,112199,147643,98462,1
14697,21135,34026,35832,48723,55161,1
59706,94614,67600,154320,127306,162214,1
49874,72458,21641,122332,71515,94099,0
31089,9689,67094,40778,98183,76783,0
84740,95146,251,179886,84991,95397,0
95384,23778,52921,119162,148305,76699,0
54057,61193,37480,115250,91537,98673,1
48817,74100,1224,122917,50041,75324,0
3911,16602,9141,20513,13052,25743,0
5683,18238,56930,23921,62613,75168,0
54972,3766,45564,58738,100536,49330,0
23200,55926,45619,79126,68819,101545,1
40868,34316,18172,75184,59040,52488,1
55656,92609,91947,148265,147603,184556,1
71529,81648,70986,153177,142515,152634,1
35678,84504,88344,120182,124022,172848,1
25365,95131,81894,120496,107259,177025,1
94502,6812,9559,101314,104061,16371,0
51503,38058,49112,89561,100615,87170,1
16110,16626,82883,32736,98993,99509,0
86282,57989,45618,144271,131900,103607,1
33299,17544,7374,50843,40673,24918,0
92215,76050,35390,168265,127605,111440,1
443,92127,74091,92570,74534,166218,0
59584,70634,24911,130218,84495,95545,1
54531,31348,71329,85879,125860,102677,1
95694,33595,92483,129289,188177,126078,1
90181,33219,10969,123400,101150,44188,0
93702,57745,32748,151447,126450,90493,0
38175,78869,52819,117044,90994,131688,1
14540,89519,43719,104059,58259,133238,0
47353,73877,15573,121230,62926,89450,0
51532,40927,18404,92459,69936,59331,1
23103,62535,55958,85638,79061,118493,1
47887,44989,4557,92876,52444,49546,1
42765,1301,91346,44066,134111,92647,0
96591,73098,13155,169689,109746,86253,0
19849,66174,88989,86023,108838,155163,0
64987,65605,71378,130592,136365,136983,1
23731,40035,60667,63766,84398,100702,1
1770,10985,19774,12755,21544,30759,0
15118,6891,61806,22009,76924,68697,0
33865,74213,6738,108078,40603,80951,0
85362,44868,63857,130230,149219,108725,1
11233,86219,14560,97452,25793,100779,0
97977,44857,94017,142834,191994,138874,1
8369,70283,95111,78652,103480,165394,0
36912,97389,11946,134301,48858,109335,0
31453,55890,97969,87343,129422,153859,0
16507,32832,67547,49339,84054,100379,0
13715,77163,88760,90878,102475,165923,1
78062,58378,66787,136440,144849,125165,1
86966,68212,94180,155178,181146,162392,1
6616,80357,1259,86973,7875,81616,0
64789,34704,8196,99493,72985,42900,0
1623,13085,39098,14708,40721,52183,0
88268,2468,35649,90736,123917,38117,0
23657,89996,8396,113653,32053,98392,0
35882,9876,70860,45758,106742,80736,0
24110,79103,74862,103213,98972,153965,1
88772,98179,28340,186951,117112,126519,1
75959,58941,67275,134900,143234,126216,1
66704,95195,16535,161899,83239,111730,0
51067,46595,14790,97662,65857,61385,1
65157,47620,91666,112777,156823,139286,1
53746,39674,41461,93420,95207,81135,1
80337,48487,17729,128824,98066,66216,0
52016,3277,28145,55293,80161,31422,0
39809,41278,54386,81087,94195,95664,1
55085,37361,52353,92446,107438,89714,1
82545,99694,20064,182239,102609,119758,1
92419,40264,83931,132683,176350,124195,1
63584,70037,12624,133621,76208,82661,1
66527,7921,38198,74448,104725,46119,0
95350,70370,25010,165720,120360,95380,1
91017,31040,52611,122057,143628,83651,0
45128,18877,38704,64005,83832,57581,1
5814,51992,45590,57806,51404,97582,0
80037,43480,20688,123517,100725,64168,0
83615,41430,65336,125045,148951,106766,1
55736,44642,85737,100378,141473,130379,1
23342,40258,13453,63600,36795,53711,0
65509,55977,54707,121486,120216,110684,1
83478,84342,69453,167820,152931,153795,1
36842,48485,92186,85327,129028,140671,0
82387,98918,75315,181305,157702,174233,1
52853,62541,95261,115394,148114,157802,1
50024,63334,97596,113358,147620,160930,1
77155,91316,23267,168471,100422,114583,1
37364,20859,97040,58223,134404,117899,0
7897,1800,59024,9697,66921,60824,0
89764,77833,34077,167597,123841,111910,1
99732,71808,82666,171540,182398,154474,1
89298,82665,67231,171963,156529,149896,1
98026,41924,88401,139950,186427,130325,1
61297,34206,43832,95503,105129,78038,1
67994,43453,79464,111447,147458,122917,1
38865,80617,5409,119482,44274,86026,0
46729,1845,98849,48574,145578,100694,0
7766,5977,8345,13743,16111,14322,1
95425,86073,87317,181498,182742,173390,1
16795,24859,72782,41654,89577,97641,0
78560,28585,74458,107145,153018,103043,1
64032,17113,89744,81145,153776,106857,0
75768,41355,6228,117123,81996,47583,0
26255,5952,48955,32207,75210,54907,0
13927,51914,15758,65841,29685,67672,0
13095,24993,65061,38088,78156,90054,0
71537,50440,92256,121977,163793,142696,1
155,63310,68615,63465,68770,131925,0
16684,20069,33293,36753,49977,53362,1
7959,22488,63620,30447,71579,86108,0
25224,77318,10804,102542,36028,88122,0
69657,60508,48362,130165,118019,108870,1
78298,49186,89629,127484,167927,138815,1
17922,59361,86460,77283,104382,145821,0
48891,79263,15901,128154,64792,95164,0
42337,53302,49069,95639,91406,102371,1
28201,45458,45106,73659,73307,90564,1
4558,15462,76490,20020,81048,91952,0
59732,67836,70108,127568,129840,137944,1
1141,45542,9860,46683,11001,55402,0
71668,6027,14553,77695,86221,20580,0
88270,41262,74757,129532,163027,116019,1
48425,38316,16483,86741,64908,54799,1
65656,75213,1039,140869,66695,76252,0
17088,73158,43787,90246,60875,116945,0
99529,70076,31207,169605,130736,101283,1
69073,78133,60838,147206,129911,138971,1
62741,91657,26814,154398,89555,118471,0
20010,90956,61098,110966,81108,152054,0
14000,72481,35022,86481,49022,107503,0
15136,90770,18328,105906,33464,109098,0
19768,26761,90545,46529,110313,117306,0
80325,8223,91368,88548,171693,99591,0
63827,25606,11979,89433,75806,37585,0
87049,90028,98105,177077,185154,188133,1
17468,80723,58102,98191,75570,138825,0
1872,81988,99326,83860,101198,181314,0
53572,21641,67393,75213,120965,89034,1
1726,1246,32226,2972,33952,33472,0
99527,40642,20912,140169,120439,61554,0
82691,17045,20953,99736,103644,37998,0
44944,41345,19203,86289,64147,60548,1
85746,67996,47208,153742,132954,115204,1
27474,84435,48551,111909,76025,132986,0
89410,82301,51972,171711,141382,134273,1
5672,48626,10661,54298,16333,59287,0
1086,89499,58783,90585,59869,148282,0
72894,65147,33483,138041,106377,98630,1
50628,44512,3218,95140,53846,47730,0
21956,52687,45985,74643,67941,98672,1
88875,10359,19374,99234,108249,29733,0
576,78413,18031,78989,18607,96444,0
2147,23698,51155,25845,53302,74853,0
49596,30301,83520,79897,133116,113821,0
39905,72788,18881,112693,58786,91669,0
1290,87407,45609,88697,46899,133016,0
96955,99276,91182,196231,188137,190458,1
75308,51539,32275,126847,107583,83814,1
81627,10756,26910,92383,108537,37666,0
30830,88421,35398,119251,66228,123819,0
17175,28241,95166,45416,112341,123407,0
1727,28006,10464,29733,12191,38470,0
13260,88633,62809,101893,76069,151442,0
79798,49567,14888,129365,94686,64455,0
69162,46178,20455,115340,89617,66633,0
73783,28336,51856,102119,125639,80192,1
1517,82759,39714,84276,41231,122473,0
73517,92446,84120,165963,157637,176566,1
30329,18629,96481,48958,126810,115110,0
93543,90669,90062,184212,183605,180731,1
48570,8948,88063,57518,136633,97011,0
48693,54829,39978,103522,88671,94807,1
96825,85213,69902,182038,166727,155115,1
83788,72461,2636,156249,86424,75097,0
76343,59648,75660,135991,152003,135308,1
46410,35052,14076,81462,60486,49128,1
3079,60531,44767,63610,47846,105298,0
60770,79144,44112,139914,104882,123256,1
84190,98748,69644,182938,153834,168392,1
68779,54480,50957,123259,119736,105437,1
48699,96914,22984,145613,71683,119898,0
90730,9722,53904,100452,144634,63626,0
68471,81201,5598,149672,74069,86799,0
36876,23838,53517,60714,90393,77355,1
52550,10140,88289,62690,140839,98429,0
79067,12681,44876,91748,123943,57557,0
90044,19643,30828,109687,120872,50471,0
25430,7910,52763,33340,78193,60673,0
85466,37503,60810,122969,146276,98313,1
81927,72239,34751,154166,116678,106990,1
15806,53698,35576,69504,51382,89274,0
65681,76843,50505,142524,116186,127348,1
82425,91151,47229,173576,129654,138380,1
99354,25550,35844,124904,135198,61394,0
10584,15194,28746,25778,39330,43940,0
3214,71547,25859,74761,29073,97406,0
88758,31032,69936,119790,158694,100968,1
60946,71815,70744,132761,131690,142559,1
59921,73485,56263,133406,116184,129748,1
98318,7337,78609,105655,176927,85946,0
1949,35126,24834,37075,26783,59960,0
85544,21531,69614,107075,155158,91145,1
74729,21121,94928,95850,169657,116049,1
32791,86451,17266,119242,50057,103717,0
9247,3052,74714,12299,83961,77766,0
45847,32052,20311,77899,66158,52363,1
21792,47846,12176,69638,33968,60022,0
72198,30425,62299,102623,134497,92724,1
9930,13876,72082,23806,82012,85958,0
64172,44001,59429,108173,123601,103430,1
89774,85069,39449,174843,129223,124518,1
60129,77971,95560,138100,155689,173531,1
18754,52098,63391,70852,82145,115489,1
39271,25006,34309,64277,73580,59315,1
59492,5800,45014,65292,104506,50814,0
74761,41177,62040,115938,136801,103217,1
56796,3114,66664,59910,123460,69778,0
43080,90961,2539,134041,45619,93500,0
98981,3065,97821,102046,196802,100886,1
92810,50682,9595,143492,102405,60277,0
14099,46516,48390,60615,62489,94906,1
7810,616,72921,8426,80731,73537,0
27137,98061,43676,125198,70813,141737,0
76357,46363,18730,122720,95087,65093,0
53812,82241,79640,136053,133452,161881,1
97739,2312,36060,100051,133799,38372,0
81509,91855,17981,173364,99490,109836,1
50680,29083,24220,79763,74900,53303,1
80926,81304,22711,162230,103637,104015,1
27006,50479,45982,77485,72988,96461,1
53835,78135,38139,131970,91974,116274,1
11011,38766,46400,49777,57411,85166,1
127,60469,88982,60596,89109,149451,0
62606,14733,28168,77339,90774,42901,0
22651,30788,12840,53439,35491,43628,1
61883,80177,26665,142060,88548,106842,1
77873,55850,18315,133723,96188,74165,0
83313,37467,65761,120780,149074,103228,1
57420,68778,3130,126198,60550,71908,0
50713,17802,4641,68515,55354,22443,0
97646,42681,8502,140327,106148,51183,0
14826,92186,95340,107012,110166,187526,1
81625,30315,99190,111940,180815,129505,1
49546,54761,31411,104307,80957,86172,1
72804,83874,43599,156678,116403,127473,1
76893,36612,87869,113505,164762,124481,1
31720,7543,84038,39263,115758,91581,0
25413,67835,31572,93248,56985,99407,0
43678,57008,92851,100686,136529,149859,1
91165,805,3963,91970,95128,4768,0
19466,94693,49723,114159,69189,144416,0
51856,59289,79210,111145,131066,138499,1
15179,70470,72270,85649,87449,142740,1
13424,71721,52057,85145,65481,123778,0
88371,55911,30618,144282,118989,86529,0
93236,84172,32878,177408,126114,117050,1
39361,90782,26043,130143,65404,116825,0
19241,88455,80595,107696,99836,169050,1
71592,86365,47540,157957,119132,133905,1
55806,25276,70060,81082,125866,95336,1
36284,63352,44774,99636,81058,108126,1
62549,74957,85032,137506,147581,159989,1
47238,28855,47755,76093,94993,76610,1
13534,53394,33033,66928,46567,86427,0
23850,22170,40540,46020,64390,62710,1
64722,90064,79597,154786,144319,169661,1
51295,32566,55211,83861,106506,87777,1
54764,81144,64388,135908,119152,145532,1
79445,3279,30063,82724,109508,33342,0
45549,48915,29040,94464,74589,77955,1
74317,94130,50497,168447,124814,144627,1
89003,86663,99579,175666,188582,186242,1
13530,39332,12688,52862,26218,52020,0
50281,77896,87488,128177,137769,165384,1
78295,92649,32142,170944,110437,124791,1
691,4213,37063,4904,37754,41276,0
30435,64321,93824,94756,124259,158145,1
71058,38774,24656,109832,95714,63430,0
50588,40855,30218,91443,80806,71073,1
77428,33668,54781,111096,132209,88449,1
76698,18416,86375,95114,163073,104791,1
18649,13405,67240,32054,85889,80645,0
86377,68063,72168,154440,158545,140231,1
60803,94709,86399,155512,147202,181108,1
58617,49103,93683,107720,152300,142786,1
17403,8721,9365,26124,26768,18086,1
70122,45995,98249,116117,168371,144244,1
17758,94565,66283,112323,84041,160848,0
69902,80856,91797,150758,161699,172653,1
81855,16941,22290,98796,104145,39231,0
20390,28116,26243,48506,46633,54359,1
24548,18488,46815,43036,71363,65303,0
94889,38364,51741,133253,146630,90105,0
42239,93466,10734,135705,52973,104200,0
37178,34913,66305,72091,103483,101218,1
9643,72876,9032,82519,18675,81908,0
93515,13956,30703,107471,124218,44659,0
52084,33901,20990,85985,73074,54891,1
45185,12733,78824,57918,124009,91557,0
86450,72135,75988,158585,162438,148123,1
86668,38023,7283,124691,93951,45306,0
11822,76762,6464,88584,18286,83226,0
16435,91460,12269,107895,28704,103729,0
1127,65866,80308,66993,81435,146174,0
10865,31821,3223,42686,14088,35044,0
34212,19023,843,53235,35055,19866,0
12321,63942,54824,76263,67145,118766,1
11313,33859,74047,45172,85360,107906,0
67615,46306,72022,113921,139637,118328,1
93044,90168,43427,183212,136471,133595,1
28954,89333,51715,118287,80669,141048,0
18032,80001,38696,98033,56728,118697,0
86143,30246,13275,116389,99418,43521,0
86811,51323,78582,138134,165393,129905,1
24482,54968,32439,79450,56921,87407,1
21295,53378,52744,74673,74039,106122,1
44207,9903,88815,54110,133022,98718,0
48254,81961,98818,130215,147072,180779,1
33201,9108,49986,42309,83187,59094,0
16373,64935,99208,81308,115581,164143,0
619,41596,19583,42215,20202,61179,0
11078,35338,48856,46416,59934,84194,0
86073,76188,32310,162261,118383,108498,1
95261,48865,75944,144126,171205,124809,1
81707,10106,9033,91813,90740,19139,0
19010,70011,85214,89021,104224,155225,1
5671,54099,65493,59770,71164,119592,0
19793,21292,82892,41085,102685,104184,0
69668,66942,7861,136610,77529,74803,1
80794,29860,96183,110654,176977,126043,1
89860,25075,37109,114935,126969,62184,0
81095,53234,66900,134329,147995,120134,1
15478,43564,34782,59042,50260,78346,1
47370,22952,23479,70322,70849,46431,0
62137,58712,66365,120849,128502,125077,1
77100,75786,98331,152886,175431,174117,1
40902,90326,6321,131228,47223,96647,0
26678,86087,94823,112765,121501,180910,1
75675,75620,53938,151295,129613,129558,1
89589,48698,70065,138287,159654,118763,1
71495,21005,95629,92500,167124,116634,0
91298,33302,91641,124600,182939,124943,1
25256,71169,34423,96425,59679,105592,0
45809,58425,98844,104234,144653,157269,1
15104,18090,76501,33194,91605,94591,0
63997,5976,24755,69973,88752,30731,0
78745,54017,57238,132762,135983,111255,1
14686,70754,89293,85440,103979,160047,0
82755,4935,93520,87690,176275,98455,0
88504,30338,93006,118842,181510,123344,1
11985,65250,55792,77235,67777,121042,1
15509,60346,64196,75855,79705,124542,1
72236,42543,86103,114779,158339,128646,1
96430,68391,15044,164821,111474,83435,0
23742,16530,81710,40272,105452,98240,0
20429,72649,66124,93078,86553,138773,1
96015,58125,8486,154140,104501,66611,0
12537,30534,5418,43071,17955,35952,0
6405,83317,93866,89722,100271,177183,0
17325,87177,90460,104502,107785,177637,1
55952,4321,31327,60273,87279,35648,0
87410,4671,51873,92081,139283,56544,0
35086,71322,2188,106408,37274,73510,0
30096,76104,16125,106200,46221,92229,0
86788,67477,71799,154265,158587,139276,1
92936,13581,35333,106517,128269,48914,0
45679,94659,30917,140338,76596,125576,0
46650,11331,41143,57981,87793,52474,1
40478,76018,82677,116496,123155,158695,1
73208,33102,5001,106310,78209,38103,0
11592,89244,52581,100836,64173,141825,0
92728,20183,89791,112911,182519,109974,1
45505,53458,88622,98963,134127,142080,1
79315,10659,23015,89974,102330,33674,0
86164,67771,51367,153935,137531,119138,1
96188,77788,38032,173976,134220,115820,1
23737,12856,3307,36593,27044,16163,0
78195,42625,74744,120820,152939,117369,1
97906,62032,24764,159938,122670,86796,0
65674,23356,96656,89030,162330,120012,0
84952,98875,78076,183827,163028,176951,1
92410,53892,33721,146302,126131,87613,0
75730,23860,56607,99590,132337,80467,1
33941,71957,53037,105898,86978,124994,1
69221,35364,28969,104585,98190,64333,0
60399,81977,18954,142376,79353,100931,0
77399,29648,25121,107047,102520,54769,0
5195,39180,31425,44375,36620,70605,0
98688,14188,78233,112876,176921,92421,0
21856,12708,1748,34564,23604,14456,0
99240,14467,33452,113707,132692,47919,0
61022,52135,97692,113157,158714,149827,1
34977,99066,96753,134043,131730,195819,1
92871,35438,13352,128309,106223,48790,0
86979,84826,48433,171805,135412,133259,1
41945,40065,49051,82010,90996,89116,1
25871,46668,33636,72539,59507,80304,1
54525,43168,26895,97693,81420,70063,1
16086,99871,15685,115957,31771,115556,0
90080,73621,72035,163701,162115,145656,1
28179,75607,68209,103786,96388,143816,1
55860,38043,72657,93903,128517,110700,1
64429,88634,40231,153063,104660,128865,1
39857,33328,27678,73185,67535,61006,1
99385,47881,57476,147266,156861,105357,1
13606,52988,40449,66594,54055,93437,1
87880,57374,10511,145254,98391,67885,0
80924,83437,107,164361,81031,83544,0
86315,94290,75270,180605,161585,169560,1
98159,24125,32020,122284,130179,56145,0
56346,36875,11495,93221,67841,48370,0
56748,93137,16849,149885,73597,109986,0
43048,59510,21438,102558,64486,80948,1
75627,11861,36961,87488,112588,48822,0
42830,24545,69947,67375,112777,94492,0
93555,93790,7666,187345,101221,101456,1
57520,67152,24463,124672,81983,91615,1
70243,67944,105,138187,70348,68049,0
71222,22820,85248,94042,156470,108068,1
5122,8896,39304,14018,44426,48200,0
30172,24716,52680,54888,82852,77396,1
28391,16115,69125,44506,97516,85240,0
92354,49013,90813,141367,183167,139826,1
57026,22891,76731,79917,133757,99622,1
91124,1535,65173,92659,156297,66708,0
11632,36055,81400,47687,93032,117455,0
74124,86803,29189,160927,103313,115992,1
64959,35662,3397,100621,68356,39059,0
38175,36570,74652,74745,112827,111222,1
90359,14690,3717,105049,94076,18407,0
6260,77894,33075,84154,39335,110969,0
74148,76724,12645,150872,86793,89369,1
21,6150,75035,6171,75056,81185,0
36270,27674,10968,63944,47238,38642,1
26522,3306,40729,29828,67251,44035,0
6854,40205,37430,47059,44284,77635,1
45435,21972,29026,67407,74461,50998,1
91976,63213,40547,155189,132523,103760,1
30702,58096,2209,88798,32911,60305,0
22366,9693,9223,32059,31589,18916,0
13611,62295,68070,75906,81681,130365,1
72012,12259,47805,84271,119817,60064,0
65639,15059,60265,80698,125904,75324,1
14784,62877,24024,77661,38808,86901,0
96355,36563,309,132918,96664,36872,0
44361,5346,2758,49707,47119,8104,0
61160,34146,92651,95306,153811,126797,1
57787,223,10998,58010,68785,11221,0
42685,59569,93941,102254,136626,153510,1
98834,46291,28689,145125,127523,74980,0
51303,49197,14761,100500,66064,63958,1
40491,94779,16542,135270,57033,111321,0
63023,8839,73496,71862,136519,82335,0
73731,31928,92977,105659,166708,124905,1
28409,80391,49496,108800,77905,129887,0
40085,5559,71842,45644,111927,77401,0
6347,20603,85314,26950,91661,105917,0
24793,77798,13360,102591,38153,91158,0
28520,17299,69193,45819,97713,86492,0
94954,88370,26305,183324,121259,114675,1
91610,85198,76169,176808,167779,161367,1
43775,94122,64803,137897,108578,158925,1
92369,14766,75534,107135,167903,90300,0
17199,99284,44176,116483,61375,143460,0
75963,97014,47922,172977,123885,144936,1
57903,14379,12336,72282,70239,26715,0
57466,24858,75817,82324,133283,100675,1
14327,27330,66288,41657,80615,93618,0
76086,84666,71651,160752,147737,156317,1
96778,28049,25767,124827,122545,53816,0
68548,29725,42537,98273,111085,72262,1
66889,26288,14962,93177,81851,41250,0
6386,13195,55292,19581,61678,68487,0
12496,71469,25678,83965,38174,97147,0
6521,10796,99199,17317,105720,109995,0
40987,45410,29402,86397,70389,74812,1
94662,28054,48244,122716,142906,76298,0
78117,22072,78424,100189,156541,100496,1
29862,93626,37459,123488,67321,131085,0
96260,42165,97508,138425,193768,139673,1
53816,26832,96851,80648,150667,123683,0
77127,1843,1778,78970,78905,3621,0
95152,60389,49897,155541,145049,110286,1
75547,78966,2587,154513,78134,81553,0
49273,3075,31623,52348,80896,34698,0
92658,11831,79063,104489,171721,90894,0
83459,26409,70410,109868,153869,96819,1
43395,69061,33080,112456,76475,102141,1
94278,86414,55349,180692,149627,141763,1
75865,177,97702,76042,173567,97879,0
9531,82826,57358,92357,66889,140184,0
39331,91350,86253,130681,125584,177603,1
77302,55180,60397,132482,137699,115577,1
47912,30274,42969,78186,90881,73243,1
61807,83963,44792,145770,106599,128755,1
42605,89735,55138,132340,97743,144873,1
54567,46374,11365,100941,65932,57739,1
104,67335,98157,67439,98261,165492,0
19979,72371,55909,92350,75888,128280,1
41145,19546,99029,60691,140174,118575,0
88607,73771,1115,162378,89722,74886,0
7060,54887,41634,61947,48694,96521,0
1070,10502,86646,11572,87716,97148,0
6399,62779,94554,69178,100953,157333,0
68086,46632,77216,114718,145302,123848,1
93552,56327,16101,149879,109653,72428,0
46255,58736,15796,104991,62051,74532,1
56232,96598,17138,152830,73370,113736,0
83347,5930,65195,89277,148542,71125,0
41534,40334,42223,81868,83757,82557,1
70813,54349,65478,125162,136291,119827,1
13464,21594,44485,35058,57949,66079,0
96761,92687,90064,189448,186825,182751,1
94521,22941,31469,117462,125990,54410,0
94157,75362,81762,169519,175919,157124,1
26232,31261,39664,57493,65896,70925,1
95000,51176,22255,146176,117255,73431,0
72394,61572,75101,133966,147495,136673,1
64782,6301,88470,71083,153252,94771,0
77654,40413,30449,118067,108103,70862,0
41156,36425,9687,77581,50843,46112,1
48843,37191,73009,86034,121852,110200,1
37419,25437,76583,62856,114002,102020,0
24246,55286,77884,79532,102130,133170,1
73542,22774,64740,96316,138282,87514,1
70721,36481,45793,107202,116514,82274,1
90367,30269,40837,120636,131204,71106,0
83352,86667,57494,170019,140846,144161,1
55991,54390,16796,110381,72787,71186,1
70478,89638,69495,160116,139973,159133,1
33907,3709,1661,37616,35568,5370,0
83068,50194,42364,133262,125432,92558,1
43671,63432,48445,107103,92116,111877,1
97991,42260,98429,140251,196420,140689,1
76491,68767,90101,145258,166592,158868,1
54253,71173,88457,125426,142710,159630,1
37580,59389,29273,96969,66853,88662,1
25327,52778,81395,78105,106722,134173,0
48499,3335,51254,51834,99753,54589,1
45386,35066,11786,80452,57172,46852,1
71641,10145,32760,81786,104401,42905,0
33914,65359,55603,99273,89517,120962,1
11929,87120,64567,99049,76496,151687,0
70797,15128,46603,85925,117400,61731,0
85299,3495,82230,88794,167529,85725,1
20725,71993,96979,92718,117704,168972,0
26461,4332,87507,30793,113968,91839,0
62462,75703,56898,138165,119360,132601,1
75551,22972,67173,98523,142724,90145,1
45284,79500,97639,124784,142923,177139,1
6974,87905,20578,94879,27552,108483,0
23830,65125,88606,88955,112436,153731,1
68936,73364,85116,142300,154052,158480,1
59651,67896,75266,127547,134917,143162,1
67759,99157,20418,166916,88177,119575,0
55537,9833,47592,65370,103129,57425,1
21697,16306,25636,38003,47333,41942,1
43213,9878,8238,53091,51451,18116,0
10613,66288,97429,76901,108042,163717,0
35576,64824,19242,100400,54818,84066,0
220,33354,87049,33574,87269,120403,0
84908,21958,88427,106866,173335,110385,1
58773,14314,74176,73087,132949,88490,0
20048,35619,64289,55667,84337,99908,0
86497,57067,58023,143564,144520,115090,1
43188,42411,28981,85599,72169,71392,1
47813,91757,41842,139570,89655,133599,0
49764,19409,59975,69173,109739,79384,1
85378,69601,13896,154979,99274,83497,0
28676,28450,85816,57126,114492,114266,0
30155,57839,14186,87994,44341,72025,0
58464,18923,69433,77387,127897,88356,1
57608,53370,95290,110978,152898,148660,1
93184,49108,14329,142292,107513,63437,0
8878,15648,90608,24526,99486,106256,0
72599,33794,56218,106393,128817,90012,1
68477,5900,78446,74377,146923,84346,0
86626,36396,99155,123022,185781,135551,1
38397,98130,15058,136527,53455,113188,0
66630,76634,98085,143264,164715,174719,1
31932,35193,22939,67125,54871,58132,1
66013,42173,70486,108186,136499,112659,1
55854,87102,50826,142956,106680,137928,1
93537,11335,34678,104872,128215,46013,0
96409,65028,18195,161437,114604,83223,0
92449,16805,4977,109254,97426,21782,0
14164,44375,68953,58539,83117,113328,0
17587,20232,24380,37819,41967,44612,1
8561,31906,2517,40467,11078,34423,0
42452,89812,35742,132264,78194,125554,0
40015,30687,44347,70702,84362,75034,1
34044,32045,36841,66089,70885,68886,1
90131,20578,84259,110709,174390,104837,1
71259,44940,35899,116199,107158,80839,1
74554,7532,87273,82086,161827,94805,0
21726,21408,58528,43134,80254,79936,0
7292,3561,50270,10853,57562,53831,0
6319,47559,41113,53878,47432,88672,0
95233,11458,33367,106691,128600,44825,0
98893,97036,38306,195929,137199,135342,1
86113,72296,7551,158409,93664,79847,0
5984,15843,59371,21827,65355,75214,0
18736,82224,969,100960,19705,83193,0
82340,69294,16820,151634,99160,86114,1
95107,75149,75444,170256,170551,150593,1
18923,33051,83471,51974,102394,116522,0
43544,56147,20759,99691,64303,76906,1
50837,87689,92229,138526,143066,179918,1
42091,4058,45099,46149,87190,49157,1
96860,88812,97534,185672,194394,186346,1
28559,9120,37930,37679,66489,47050,0
73435,47439,74195,120874,147630,121634,1
49869,65439,50411,115308,100280,115850,1
30729,92085,48330,122814,79059,140415,0
79363,30279,27238,109642,106601,57517,0
17491,15669,48867,33160,66358,64536,0
27945,6705,32545,34650,60490,39250,1
62772,91692,6742,154464,69514,98434,0
99295,80006,26596,179301,125891,106602,1
84496,87419,82218,171915,166714,169637,1
60117,10918,84071,71035,144188,94989,0
16601,9938,29783,26539,46384,39721,0
12400,12927,6874,25327,19274,19801,1
34789,90866,7075,125655,41864,97941,0
15187,26439,43374,41626,58561,69813,0
87505,63407,13155,150912,100660,76562,0
82766,77168,30696,159934,113462,107864,1
36841,5377,5119,42218,41960,10496,0
60476,90009,66374,150485,126850,156383,1
15652,94194,84049,109846,99701,178243,1
8906,36026,95490,44932,104396,131516,0
81990,64853,85968,146843,167958,150821,1
65252,15990,94,81242,65346,16084,0
97825,25667,53768,123492,151593,79435,0
20370,47486,42594,67856,62964,90080,1
36461,63953,40661,100414,77122,104614,1
7552,35650,39146,43202,46698,74796,1
663,29887,89346,30550,90009,119233,0
28614,50863,66309,79477,94923,117172,1
47711,81454,18481,129165,66192,99935,0
32541,19730,49009,52271,81550,68739,1
50050,26899,36489,76949,86539,63388,1
16123,46280,18298,62403,34421,64578,0
78018,58887,23669,136905,101687,82556,1
5876,93084,6589,98960,12465,99673,0
76788,95408,70727,172196,147515,166135,1
41444,90196,43048,131640,84492,133244,0
82658,51557,15087,134215,97745,66644,0
87543,54364,9721,141907,97264,64085,0
14278,87323,91638,101601,105916,178961,1
99946,62746,82765,162692,182711,145511,1
50168,25326,33465,75494,83633,58791,1
32691,62265,55821,94956,88512,118086,1
28478,61322,20173,89800,48651,81495,0
24228,28854,20686,53082,44914,49540,1
20180,35261,29997,55441,50177,65258,1
16683,31900,62091,48583,78774,93991,0
3834,73384,39192,77218,43026,112576,0
31678,54078,63302,85756,94980,117380,1
47173,67018,72864,114191,120037,139882,1
63497,63594,46416,127091,109913,110010,1
35707,18409,93016,54116,128723,111425,0
12612,57321,75659,69933,88271,132980,0
37540,84989,14450,122529,51990,99439,0
31706,32624,32392,64330,64098,65016,1
72659,68454,93067,141113,165726,161521,1
82497,89754,8064,172251,90561,97818,1
45911,66013,97641,111924,143552,163654,1
37618,45517,53909,83135,91527,99426,1
34249,94539,93377,128788,127626,187916,1
73352,87900,68807,161252,142159,156707,1
78680,53657,32558,132337,111238,86215,1
48684,56382,7846,105066,56530,64228,1
39257,646,48579,39903,87836,49225,0
86833,22283,23938,109116,110771,46221,0
53152,76995,66628,130147,119780,143623,1
32104,11665,36729,43769,68833,48394,1
3327,9467,77706,12794,81033,87173,0
32724,46497,12497,79221,45221,58994,0
54720,51429,67021,106149,121741,118450,1
53762,47944,20012,101706,73774,67956,1
72966,31900,91448,104866,164414,123348,1
80178,62199,62348,142377,142526,124547,1
65626,29178,30738,94804,96364,59916,0
89327,44365,83518,133692,172845,127883,1
65758,91809,41696,157567,107454,133505,1
97242,30730,2602,127972,99844,33332,0
250,18808,32200,19058,32450,51008,0
68975,94871,65651,163846,134626,160522,1
19934,33104,75072,53038,95006,108176,0
3988,77216,13383,81204,17371,90599,0
72239,39521,35905,111760,108144,75426,1
18002,53105,22569,71107,40571,75674,0
18011,61773,58035,79784,76046,119808,1
97567,53944,41767,151511,139334,95711,0
89181,45950,31958,135131,121139,77908,0
57379,21745,84153,79124,141532,105898,0
90227,47364,52820,137591,143047,100184,1
32424,29128,71137,61552,103561,100265,0
92971,99883,79833,192854,172804,179716,1
96441,60377,37718,156818,134159,98095,1
36121,62569,65711,98690,101832,128280,1
67652,65306,76054,132958,143706,141360,1
24480,44943,69251,69423,93731,114194,1
41603,11093,81217,52696,122820,92310,0
34581,61049,51137,95630,85718,112186,1
68283,82270,48742,150553,117025,131012,1
76156,745,39943,76901,116099,40688,0
34065,16640,98437,50705,132502,115077,0
22103,19314,77938,41417,100041,97252,0
59544,19182,68296,78726,127840,87478,1
32223,39379,28545,71602,60768,67924,1
93947,71438,82786,165385,176733,154224,1
34523,32173,96407,66696,130930,128580,0
66876,69208,12154,136084,79030,81362,1
87437,97127,26233,184564,113670,123360,1
37490,24604,81222,62094,118712,105826,0
83061,24445,53145,107506,136206,77590,0
97656,42946,7291,140602,104947,50237,0
6601,226,37874,6827,44475,38100,0
47336,47195,46729,94531,94065,93924,1
11809,29640,96269,41449,108078,125909,0
28209,29324,80630,57533,108839,109954,0
60702,59816,98116,120518,158818,157932,1
18489,57732,65018,76221,83507,122750,1
36800,82423,29823,119223,66623,112246,0
64627,36659,87220,101286,151847,123879,1
98178,48999,39416,147177,137594,88415,0
15303,73278,18343,88581,33646,91621,0
7112,86617,74568,93729,81680,161185,0
59715,46624,46447,106339,106162,93071,1
57718,26044,16735,83762,74453,42779,0
20935,32598,85621,53533,106556,118219,0
78171,40563,32694,118734,110865,73257,0
53994,80791,88424,134785,142418,169215,1
76403,17458,69395,93861,145798,86853,1
28183,82362,19076,110545,47259,101438,0
62361,55792,95264,118153,157625,151056,1
50657,38004,79864,88661,130521,117868,1
21382,82146,75882,103528,97264,158028,1
94044,29553,6523,123597,100567,36076,0
23781,72541,97790,96322,121571,170331,0
67145,48468,85757,115613,152902,134225,1
99871,62973,51009,162844,150880,113982,1
40047,6081,58331,46128,98378,64412,0
10776,63765,64912,74541,75688,128677,1
35012,18779,80917,53791,115929,99696,0
58385,44989,22415,103374,80800,67404,1
81136,8362,99499,89498,180635,107861,0
84630,37161,66579,121791,151209,103740,1
72294,10843,37751,83137,110045,48594,0
31614,22300,72196,53914,103810,94496,0
99921,78223,46632,178144,146553,124855,1
88463,51213,68806,139676,157269,120019,1
67957,26401,90258,94358,158215,116659,1
73294,19233,2799,92527,76093,22032,0
35516,83949,6270,119465,41786,90219,0
23355,33687,71344,57042,94699,105031,0
32869,89347,3854,122216,36723,93201,0
53315,1,72142,53316,125457,72143,0
8475,33726,43344,42201,51819,77070,0
59031,82761,70461,141792,129492,153222,1
49246,63343,31339,112589,80585,94682,1
11797,73106,77281,84903,89078,150387,1
36189,84069,40447,120258,76636,124516,0
57238,14833,43632,72071,100870,58465,1
47241,63859,40264,111100,87505,104123,1
20873,90272,44784,111145,65657,135056,0
4520,26804,27300,31324,31820,54104,1
39189,84138,38653,123327,77842,122791,0
89232,96284,37092,185516,126324,133376,1
6387,45745,32146,52132,38533,77891,0
68661,87555,69217,156216,137878,156772,1
88236,95292,73867,183528,162103,169159,1
29147,74898,88046,104045,117193,162944,1
48434,99574,76865,148008,125299,176439,1
5732,58286,3814,64018,9546,62100,0
17956,43818,41659,61774,59615,85477,1
16042,44382,3803,60424,19845,48185,0
65205,68010,28729,133215,93934,96739,1
68198,46165,99803,114363,168001,145968,1
47297,6341,2618,53638,49915,8959,0
79079,1839,22989,80918,102068,24828,0
47879,26093,90458,73972,138337,116551,0
86475,99146,55210,185621,141685,154356,1
62801,49313,40185,112114,102986,89498,1
95897,34112,43849,130009,139746,77961,0
80157,93648,10101,173805,90258,103749,0
64351,96879,71589,161230,135940,168468,1
25648,55224,42753,80872,68401,97977,1
52469,76809,28720,129278,81189,105529,1
24535,48974,93510,73509,118045,142484,0
41258,63047,25764,104305,67022,88811,1
66014,97933,40649,163947,106663,138582,1
65944,2932,75671,68876,141615,78603,0
74914,97021,95505,171935,170419,192526,1
96474,34060,20005,130534,116479,54065,0
18455,96774,57269,115229,75724,154043,0
8125,46626,26773,54751,34898,73399,0
70412,42414,69794,112826,140206,112208,1
17177,76895,14000,94072,31177,90895,0
66801,65529,10378,132330,77179,75907,1
9203,8566,19902,17769,29105,28468,0
88046,7328,49991,95374,138037,57319,0
54138,27261,25172,81399,79310,52433,0
40238,13666,65729,53904,105967,79395,0
70985,6353,20766,77338,91751,27119,0
80402,70567,45187,150969,125589,115754,1
55425,83328,47537,138753,102962,130865,1
36518,64703,57754,101221,94272,122457,1
62884,63616,88134,126500,151018,151750,1
73240,24,535,73264,73775,559,0
90221,15547,29806,105768,120027,45353,0
97184,5548,73371,102732,170555,78919,0
50649,76061,28464,126710,79113,104525,1
55375,98557,84290,153932,139665,182847,1
92481,36187,7098,128668,99579,43285,0
69281,60615,47029,129896,116310,107644,1
35239,97745,53295,132984,88534,151040,0
88589,82952,17829,171541,106418,100781,1
85162,74818,64707,159980,149869,139525,1
68128,29755,16850,97883,84978,46605,0
67181,19303,15238,86484,82419,34541,0
61054,83903,89610,144957,150664,173513,1
76202,96175,50007,172377,126209,146182,1
18343,79931,43756,98274,62099,123687,0
24255,65924,39234,90179,63489,105158,0
32310,20693,37946,53003,70256,58639,1
37672,33727,50061,71399,87733,83788,1
34887,42725,67785,77612,102672,110510,1
37751,92254,907,130005,38658,93161,0
29526,88745,54792,118271,84318,143537,0
7680,72944,63799,80624,71479,136743,0
67045,47693,24235,114738,91280,71928,1
51045,79158,65968,130203,117013,145126,1
15613,49360,36561,64973,52174,85921,1
77770,71722,63679,149492,141449,135401,1
41887,46208,80018,88095,121905,126226,1
83847,31353,83261,115200,167108,114614,1
28968,31212,2094,60180,31062,33306,0
91355,59675,20966,151030,112321,80641,0
85271,59278,30733,144549,116004,90011,1
29152,68874,23677,98026,52829,92551,0
82724,66491,34376,149215,117100,100867,1
30555,12569,34282,43124,64837,46851,1
46064,5752,23098,51816,69162,28850,0
79502,46065,3448,125567,82950,49513,0
68634,85271,30478,153905,99112,115749,1
78257,61360,56360,139617,134617,117720,1
29500,59559,76978,89059,106478,136537,1
99714,4068,4623,103782,104337,8691,0
57678,92747,91446,150425,149124,184193,1
52313,7720,91402,60033,143715,99122,0
32480,62482,57575,94962,90055,120057,1
28973,44768,30486,73741,59459,75254,1
84087,56497,52194,140584,136281,108691,1
89835,86407,57108,176242,146943,143515,1
76399,21147,37163,97546,113562,58310,0
58243,35628,65122,93871,123365,100750,1
11061,4152,44093,15213,55154,48245,0
23604,28665,89685,52269,113289,118350,0
48897,4645,90589,53542,139486,95234,0
50366,36969,63161,87335,113527,100130,1
86539,23993,11439,110532,97978,35432,0
81995,41481,85421,123476,167416,126902,1
27581,87669,89618,115250,117199,177287,1
66282,12169,4432,78451,70714,16601,0
52558,76520,8557,129078,61115,85077,0
73974,61663,6303,135637,80277,67966,0
8087,5106,97442,13193,105529,102548,0
42295,98180,29859,140475,72154,128039,0
79684,79583,7687,159267,87371,87270,1
54618,94434,55999,149052,110617,150433,1
62576,89729,25270,152305,87846,114999,0
54406,58230,7038,112636,61444,65268,1
90405,27460,82482,117865,172887,109942,1
62110,441,54257,62551,116367,54698,0
8903,36292,22198,45195,31101,58490,0
13671,35204,73253,48875,86924,108457,0
17828,97744,60834,115572,78662,158578,0
4545,99002,18780,103547,23325,117782,0
29265,46251,86909,75516,116174,133160,0
70707,10989,26842,81696,97549,37831,0
15216,57199,27648,72415,42864,84847,0
3134,40253,65459,43387,68593,105712,0
47955,11931,69107,59886,117062,81038,0
8102,16415,52363,24517,60465,68778,0
65154,16321,66080,81475,131234,82401,1
64214,16625,66191,80839,130405,82816,1
20835,83100,44953,103935,65788,128053,0
15162,19118,47965,34280,63127,67083,0
28335,75046,78962,103381,107297,154008,1
26508,10077,16793,36585,43301,26870,1
85229,50592,27056,135821,112285,77648,0
10310,64102,13868,74412,24178,77970,0
30914,88834,20928,119748,51842,109762,0
27615,74704,56354,102319,83969,131058,1
95784,25381,27867,121165,123651,53248,0
60710,70561,80327,131271,141037,150888,1
23583,42167,87091,65750,110674,129258,0
43254,40992,72198,84246,115452,113190,1
44337,53786,33595,98123,77932,87381,1
375,75974,50149,76349,50524,126123,0
51783,91639,86335,143422,138118,177974,1
99580,7798,14050,107378,113630,21848,0
85494,90821,76616,176315,162110,167437,1
98355,83545,4276,181900,102631,87821,0
15325,56491,5762,71816,21087,62253,0
96176,27309,57094,123485,153270,84403,0
21691,91390,27210,113081,48901,118600,0
95393,20433,91979,115826,187372,112412,1
67131,86238,56646,153369,123777,142884,1
72869,17551,92811,90420,165680,110362,0
33516,25457,45112,58973,78628,70569,1
13248,41261,88173,54509,101421,129434,0
53039,54847,45058,107886,98097,99905,1
9329,69007,39718,78336,49047,108725,0
68530,36281,62254,104811,130784,98535,1
14990,42370,33383,57360,48373,75753,1
43883,83258,85449,127141,129332,168707,1
83102,42552,54937,125654,138039,97489,1
77407,24737,58434,102144,135841,83171,1
94987,19425,68981,114412,163968,88406,0
20346,13210,98504,33556,118850,111714,0
91593,87574,57310,179167,148903,144884,1
11654,83420,34456,95074,46110,117876,0
12936,84847,81113,97783,94049,165960,1
2237,1971,77632,4208,79869,79603,0
64346,48361,65500,112707,129846,113861,1
74014,93132,76297,167146,150311,169429,1
55299,19113,67914,74412,123213,87027,1
8432,56372,64434,64804,72866,120806,1
70372,34672,33482,105044,103854,68154,0
3967,84664,42314,88631,46281,126978,0
99722,44489,20268,144211,119990,64757,0
89786,45168,69175,134954,158961,114343,1
83541,87197,38653,170738,122194,125850,1
85775,64873,57293,150648,143068,122166,1
80669,73639,75382,154308,156051,149021,1
82418,39148,48898,121566,131316,88046,1
89268,43341,20645,132609,109913,63986,0
43361,41482,82868,84843,126229,124350,1
41296,62137,63734,103433,105030,125871,1
48946,37097,76797,86043,125743,113894,1
34054,75277,73600,109331,107654,148877,1
8427,11801,87611,20228,96038,99412,0
9657,78836,43027,88493,52684,121863,0
15078,59560,21563,74638,36641,81123,0
30880,92725,42950,123605,73830,135675,0
7301,56164,32056,63465,39357,88220,0
35977,51042,47134,87019,83111,98176,1
43971,14393,10422,58364,54393,24815,0
18903,25706,22402,44609,41305,48108,1
60507,71063,61924,131570,122431,132987,1
58086,63164,85884,121250,143970,149048,1
65671,13682,75482,79353,141153,89164,1
45399,80253,72182,125652,117581,152435,1
81114,53905,32433,135019,113547,86338,1
28760,7514,25811,36274,54571,33325,1
52300,40933,81903,93233,134203,122836,1
60857,20184,61656,81041,122513,81840,1
19023,15265,92403,34288,111426,107668,0
26115,69616,7292,95731,33407,76908,0
17069,6948,26479,24017,43548,33427,0
32459,45562,26965,78021,59424,72527,1
56641,9203,40616,65844,97257,49819,0
51547,62628,53528,114175,105075,116156,1
34879,40899,55256,75778,90135,96155,1
95324,82223,31041,177547,126365,113264,1
38093,88410,57,126503,38150,88467,0
43936,59963,36120,103899,80056,96083,1
99666,57596,90903,157262,190569,148499,1
22051,87581,12284,109632,34335,99865,0
54043,4556,2517,58599,56560,7073,0
73952,90463,66101,164415,140053,156564,1
24446,50549,43894,74995,68340,94443,1
32811,34371,64423,67182,97234,98794,1
58921,97525,2606,156446,61527,100131,0
75090,63875,26662,138965,101752,90537,1
8664,95799,77415,104463,86079,173214,0
57626,73742,43181,131368,100807,116923,1
82565,85348,79232,167913,161797,164580,1
61908,22213,30393,84121,92301,52606,0
59848,9509,34206,69357,94054,43715,0
75314,29593,20677,104907,95991,50270,0
47430,8425,18563,55855,65993,26988,0
42597,92960,21533,135557,64130,114493,0
98540,88947,6571,187487,105111,95518,0
29365,10607,70771,39972,100136,81378,0
71198,51865,16456,123063,87654,68321,0
83214,45475,79142,128689,162356,124617,1
80395,8673,92541,89068,172936,101214,0
85445,77827,87078,163272,172523,164905,1
92558,39478,75231,132036,167789,114709,1
13801,51190,57652,64991,71453,108842,1
45588,47984,30363,93572,75951,78347,1
89277,95243,40789,184520,130066,136032,1
97212,77119,33386,174331,130598,110505,1
80647,53417,45194,134064,125841,98611,1
91863,66885,83624,158748,175487,150509,1
186,84762,36343,84948,36529,121105,0
68692,91376,2417,160068,71109,93793,0
81197,90901,73472,172098,154669,164373,1
63362,34957,11306,98319,74668,46263,0
67889,39138,54662,107027,122551,93800,1
63160,15575,50441,78735,113601,66016,1
62273,35338,77617,97611,139890,112955,1
59503,74106,19970,133609,79473,94076,1
27527,97954,95323,125481,122850,193277,1
19773,16431,93177,36204,112950,109608,0
47225,82041,57047,129266,104272,139088,1
94635,86411,36113,181046,130748,122524,1
77913,59203,39607,137116,117520,98810,1
76077,23135,33629,99212,109706,56764,0
3777,36288,55059,40065,58836,91347,0
78699,91201,87833,169900,166532,179034,1
23279,58912,55236,82191,78515,114148,1
85129,13787,96414,98916,181543,110201,1
12116,87578,16819,99694,28935,104397,0
63971,42066,21230,106037,85201,63296,0
13337,25796,30480,39133,43817,56276,1
29951,15486,45601,45437,75552,61087,0
8939,67225,18366,76164,27305,85591,0
68504,61413,89342,129917,157846,150755,1
50161,54975,7121,105136,57282,62096,1
96331,50497,69685,146828,166016,120182,1
32799,87601,30193,120400,62992,117794,0
35703,91183,10843,126886,46546,102026,0
95054,19876,74332,114930,169386,94208,0
30490,13818,63117,44308,93607,76935,0
33076,68920,91971,101996,125047,160891,1
40751,2150,98970,42901,139721,101120,0
6021,95555,29010,101576,35031,124565,0
40297,91502,93123,131799,133420,184625,1
64302,24064,726,88366,65028,24790,0
85453,49095,70394,134548,155847,119489,1
99760,18688,89345,118448,189105,108033,1
20857,84295,38203,105152,59060,122498,0
89540,18909,51047,108449,140587,69956,0
83269,71543,52101,154812,135370,123644,1
46793,48535,68187,95328,114980,116722,1
90761,12839,46904,103600,137665,59743,0
44293,18437,41570,62730,85863,60007,1
17626,50220,2308,67846,19934,52528,0
73455,95104,85402,168559,158857,180506,1
6584,48092,2024,54676,8608,50116,0
32003,3856,97328,35859,129331,101184,0
21406,14651,45588,36057,66994,60239,0
84005,64666,77469,148671,161474,142135,1
29524,51141,36709,80665,66233,87850,1
80994,32414,40987,113408,121981,73401,0
59004,98689,11255,157693,70259,109944,0
68355,56924,98495,125279,166850,155419,1
86478,73150,23412,159628,109890,96562,1
414,59588,45839,60002,46253,105427,0
42769,35173,53280,77942,96049,88453,1
71024,40685,36360,111709,107384,77045,1
7984,97967,28987,105951,36971,126954,0
42701,42903,27677,85604,70378,70580,1
30936,37597,35962,68533,66898,73559,1
40451,74634,17991,115085,58442,92625,0
56897,91709,1281,148606,58178,92990,0
85583,73627,56882,159210,142465,130509,1
20335,39811,84214,60146,104549,124025,0
37239,76992,89730,114231,126969,166722,1
34189,72990,70470,107179,104659,143460,1
93057,55251,26949,148308,120006,82200,0
26333,94050,3194,120383,29527,97244,0
53651,69930,98283,123581,151934,168213,1
84018,7433,19185,91451,103203,26618,0
77006,9925,64243,86931,141249,74168,0
41627,14941,34313,56568,75940,49254,1
79370,78043,4551,157413,83921,82594,1
54977,64635,24444,119612,79421,89079,1
43288,66769,70386,110057,113674,137155,1
13014,89319,63467,102333,76481,152786,0
45683,26278,24165,71961,69848,50443,1
68271,74895,52386,143166,120657,127281,1
13445,80589,29876,94034,43321,110465,0
30782,13453,30240,44235,61022,43693,1
31005,71435,18326,102440,49331,89761,0
5566,21336,61162,26902,66728,82498,0
59535,23521,53501,83056,113036,77022,1
17539,56730,85747,74269,103286,142477,0
15894,43862,57057,59756,72951,100919,1
70970,27537,12884,98507,83854,40421,0
57365,76351,85869,133716,143234,162220,1
26156,63408,56689,89564,82845,120097,1
84975,45612,28567,130587,113542,74179,0
36144,16795,85802,52939,121946,102597,0
28859,59380,56305,88239,85164,115685,1
68910,56776,33432,125686,102342,90208,1
18864,18876,43565,37740,62429,62441,0
28960,20747,60296,49707,89256,81043,0
94132,66196,83707,160328,177839,149903,1
94493,8805,89039,103298,183532,97844,1
61114,46987,95463,108101,156577,142450,1
50926,94244,14022,145170,64948,108266,0
13342,9284,81609,22626,94951,90893,0
62986,82084,67553,145070,130539,149637,1
35491,15331,87727,50822,123218,103058,0
62479,43911,36063,106390,98542,79974,1
2430,40835,86956,43265,89386,127791,0
48486,34454,19185,82940,67671,53639,1
72174,11064,27991,83238,100165,39055,0
41846,29671,73709,71517,115555,103380,0
60387,79876,45599,140263,105986,125475,1
16018,43117,78684,59135,94702,121801,0
22002,37270,35998,59272,58000,73268,1
75662,76332,9338,151994,85000,85670,1
71238,96753,15203,167991,86441,111956,0
76438,60631,73140,137069,149578,133771,1
48514,76370,77335,124884,125849,153705,1
75248,59713,71838,134961,147086,131551,1
25817,20595,2175,46412,27992,22770,0
77524,51423,28247,128947,105771,79670,1
50068,69381,83035,119449,133103,152416,1
22967,43155,55889,66122,78856,99044,1
17148,47962,74136,65110,91284,122098,0
46969,90792,33528,137761,80497,124320,0
34588,23201,94648,57789,129236,117849,0
65975,82216,71713,148191,137688,153929,1
99092,6449,20880,105541,119972,27329,0
27780,4842,2110,32622,29890,6952,0
15576,26740,59370,42316,74946,86110,0
91689,89738,21667,181427,113356,111405,1
45938,72147,12562,118085,58500,84709,0
78236,99049,80410,177285,158646,179459,1
5826,52971,68547,58797,74373,121518,0
38954,18882,74767,57836,113721,93649,0
76690,8429,48928,85119,125618,57357,0
40050,53362,60995,93412,101045,114357,1
34020,41973,21688,75993,55708,63661,1
33074,97020,33066,130094,66140,130086,0
17033,39329,49808,56362,66841,89137,1
78306,98528,74039,176834,152345,172567,1
70290,31230,1750,101520,72040,32980,0
79427,57960,83157,137387,162584,141117,1
64877,73399,42172,138276,107049,115571,1
58817,52950,38254,111767,97071,91204,1
5016,88467,15767,93483,20783,104234,0
40579,55738,29236,96317,69815,84974,1
88997,20914,55349,109911,144346,76263,0
55999,86156,29642,142155,85641,115798,0
44080,52091,25854,96171,69934,77945,1
13047,99691,49818,112738,62865,149509,0
69924,77412,35769,147336,105693,113181,1
70277,57134,71302,127411,141579,128436,1
58499,38486,50472,96985,108971,88958,1
92248,74736,84213,166984,176461,158949,1
69593,88255,86040,157848,155633,174295,1
76323,41952,89075,118275,165398,131027,1
83742,92201,49474,175943,133216,141675,1
12573,71606,80699,84179,93272,152305,1
54902,87076,74888,141978,129790,161964,1
92123,52758,43140,144881,135263,95898,1
5421,83683,73962,89104,79383,157645,0
12794,10611,92673,23405,105467,103284,0
82466,16173,21826,98639,104292,37999,0
49150,92513,63041,141663,112191,155554,1
68294,60089,17738,128383,86032,77827,1
34824,9421,45346,44245,80170,54767,0
78146,23863,60142,102009,138288,84005,1
62178,10674,39111,72852,101289,49785,0
20098,16351,32794,36449,52892,49145,1
74110,54920,39731,129030,113841,94651,1
3544,64332,78007,67876,81551,142339,0
51242,99088,75792,150330,127034,174880,1
95435,96085,4937,191520,100372,101022,1
56436,59926,53143,116362,109579,113069,1
49360,41369,9534,90729,58894,50903,1
35522,75504,74288,111026,109810,149792,1
76049,37077,52662,113126,128711,89739,1
48594,6156,92838,54750,141432,98994,0
90975,77658,36521,168633,127496,114179,1
68381,31938,77240,100319,145621,109178,1
11683,71111,8099,82794,19782,79210,0
42836,93807,39312,136643,82148,133119,0
83367,19907,19745,103274,103112,39652,0
21974,44188,83088,66162,105062,127276,0
72564,65029,42018,137593,114582,107047,1
69301,46872,47304,116173,116605,94176,1
49358,58207,2078,107565,51436,60285,0
5817,69766,95102,75583,100919,164868,0
2144,13101,63498,15245,65642,76599,0
26924,74385,70330,101309,97254,144715,1
98484,73718,90588,172202,189072,164306,1
44260,28476,73368,72736,117628,101844,0
34629,2610,94938,37239,129567,97548,0
51650,33684,89735,85334,141385,123419,0
77949,47019,63624,124968,141573,110643,1
69722,97741,80835,167463,150557,178576,1
77861,74618,4489,152479,82350,79107,1
81075,11690,69988,92765,151063,81678,1
15445,65139,5833,80584,21278,70972,0
86100,85033,14542,171133,100642,99575,1
39679,75769,24253,115448,63932,100022,0
74937,96859,88496,171796,163433,185355,1
69676,92219,98831,161895,168507,191050,1
32217,13156,10556,45373,42773,23712,0
94558,13956,31356,108514,125914,45312,0
81689,52200,70023,133889,151712,122223,1
78227,25628,55920,103855,134147,81548,1
97170,34107,29795,131277,126965,63902,0
66510,56916,428,123426,66938,57344,0
46243,25682,64850,71925,111093,90532,1
93575,50870,24165,144445,117740,75035,0
56272,40213,1223,96485,57495,41436,0
4660,62101,19474,66761,24134,81575,0
13482,8386,38828,21868,52310,47214,0
66404,41871,64210,108275,130614,106081,1
94780,87407,63720,182187,158500,151127,1
877,50185,2497,51062,3374,52682,0
4981,34594,76105,39575,81086,110699,0
10672,42812,63545,53484,74217,106357,0
91603,22769,19220,114372,110823,41989,0
37484,89023,91233,126507,128717,180256,1
50318,42250,13254,92568,63572,55504,1
57224,19609,11293,76833,68517,30902,0
39420,38744,85840,78164,125260,124584,0
20606,49382,71936,69988,92542,121318,0
16786,24312,60591,41098,77377,84903,0
96944,58593,71031,155537,167975,129624,1
58203,53319,23490,111522,81693,76809,1
96988,32141,71856,129129,168844,103997,1
88154,42736,43497,130890,131651,86233,0
86940,42529,91908,129469,178848,134437,1
71291,6441,21806,77732,93097,28247,0
34976,43792,65550,78768,100526,109342,1
49812,25815,53914,75627,103726,79729,1
3526,82183,21151,85709,24677,103334,0
95218,51255,5302,146473,100520,56557,0
59571,50416,62418,109987,121989,112834,1
52925,48226,5836,101151,58761,54062,1
77895,55443,84727,133338,162622,140170,1
46271,78734,11492,125005,57763,90226,0
15432,63072,47486,78504,62918,110558,0
87607,59102,58025,146709,145632,117127,1
63408,83809,24856,147217,88264,108665,1
17096,87696,81774,104792,98870,169470,1
72824,50840,47150,123664,119974,97990,1
12871,70589,65599,83460,78470,136188,1
46011,12474,59679,58485,105690,72153,0
88801,63900,32752,152701,121553,96652,1
55384,48931,34526,104315,89910,83457,1
86823,18373,3976,105196,90799,22349,0
14759,80549,18755,95308,33514,99304,0
521,82263,6127,82784,6648,88390,0
95991,82085,22082,178076,118073,104167,1
89966,40522,66228,130488,156194,106750,1
14150,71775,99612,85925,113762,171387,0
38822,5318,47256,44140,86078,52574,0
1502,22804,26076,24306,27578,48880,0
62999,77601,49687,140600,112686,127288,1
34067,61014,85559,95081,119626,146573,1
6952,66447,64826,73399,71778,131273,1
45419,99669,56066,145088,101485,155735,1
71633,27987,90538,99620,162171,118525,1
63763,74083,24548,137846,88311,98631,1
7739,97614,50800,105353,58539,148414,0
77327,44523,73253,121850,150580,117776,1
86851,64254,5050,151105,91901,69304,0
81999,5764,37148,87763,119147,42912,0
77373,86162,59204,163535,136577,145366,1
27153,24887,41296,52040,68449,66183,1
42111,6332,96536,48443,138647,102868,0
99257,16583,80186,115840,179443,96769,0
60779,54848,12499,115627,73278,67347,1
67442,18589,99299,86031,166741,117888,0
44447,15752,80549,60199,124996,96301,0
16915,23718,25932,40633,42847,49650,1
49827,70635,75604,120462,125431,146239,1
82353,57585,32831,139938,115184,90416,1
67414,88814,70465,156228,137879,159279,1
29216,65704,96669,94920,125885,162373,0
37871,93773,75226,131644,113097,168999,1
60254,48354,11922,108608,72176,60276,1
37659,78545,87248,116204,124907,165793,1
94553,25178,93115,119731,187668,118293,1
16810,11481,97642,28291,114452,109123,0
14976,94196,35981,109172,50957,130177,0
15305,73680,36643,88985,51948,110323,0
95579,76391,59072,171970,154651,135463,1
4308,57987,64055,62295,68363,122042,0
29291,53458,6027,82749,35318,59485,0
19094,85897,12428,104991,31522,98325,0
77351,11189,89421,88540,166772,100610,0
53981,39485,57400,93466,111381,96885,1
66928,52220,42067,119148,108995,94287,1
41211,1439,30775,42650,71986,32214,0
65909,3097,30647,69006,96556,33744,0
57759,79278,98467,137037,156226,177745,1
77674,98799,85771,176473,163445,184570,1
97910,35160,6834,133070,104744,41994,0
83538,24312,46450,107850,129988,70762,0
74780,32282,39906,107062,114686,72188,0
82213,45296,65104,127509,147317,110400,1
78220,77041,52381,155261,130601,129422,1
32727,33483,36832,66210,69559,70315,1
38451,70143,30935,108594,69386,101078,0
80909,87570,11040,168479,91949,98610,1
53428,13008,43200,66436,96628,56208,1
55594,60562,85124,116156,140718,145686,1
54549,47539,92688,102088,147237,140227,1
39898,19484,22499,59382,62397,41983,1
93927,7491,21979,101418,115906,29470,0
29768,20087,78310,49855,108078,98397,0
61903,82,18978,61985,80881,19060,0
89985,83109,53336,173094,143321,136445,1
34242,74025,10757,108267,44999,84782,0
56448,47153,35386,103601,91834,82539,1
97426,786,60515,98212,157941,61301,0
94068,93248,38917,187316,132985,132165,1
48373,70905,42188,119278,90561,113093,1
24523,61709,48867,86232,73390,110576,1
40829,69028,37102,109857,77931,106130,1
21309,85038,10349,106347,31658,95387,0
17063,63590,65561,80653,82624,129151,1
74393,95357,77425,169750,151818,172782,1
72336,91220,36919,163556,109255,128139,1
76305,63099,32948,139404,109253,96047,1
31537,49291,7399,80828,38936,56690,0
30747,81254,97478,112001,128225,178732,1
7120,50681,34228,57801,41348,84909,0
58916,10053,43640,68969,102556,53693,0
59373,71132,55733,130505,115106,126865,1
83120,26305,8708,109425,91828,35013,0
9236,9977,6407,19213,15643,16384,1
83395,25448,18204,108843,101599,43652,0
57967,94946,231,152913,58198,95177,0
72567,7704,93505,80271,166072,101209,0
28065,92537,67365,120602,95430,159902,1
23387,80552,84985,103939,108372,165537,1
86507,49308,97192,135815,183699,146500,1
4757,74261,26473,79018,31230,100734,0
96916,72852,40729,169768,137645,113581,1
21792,36816,25682,58608,47474,62498,1
81007,33562,60286,114569,141293,93848,1
2098,91577,33220,93675,35318,124797,0
10601,76315,54301,86916,64902,130616,0
96900,66648,93003,163548,189903,159651,1
17877,4713,6529,22590,24406,11242,0
741,91157,95716,91898,96457,186873,0
73426,19450,89821,92876,163247,109271,1
32839,8866,49998,41705,82837,58864,0
37645,6751,67584,44396,105229,74335,0
33978,47609,22622,81587,56600,70231,1
99170,81844,36325,181014,135495,118169,1
89194,48710,62301,137904,151495,111011,1
12127,91657,11037,103784,23164,102694,0
20008,75369,47701,95377,67709,123070,0
59787,42329,62230,102116,122017,104559,1
56247,25147,49430,81394,105677,74577,1
8221,28363,93214,36584,101435,121577,0
7156,17895,30058,25051,37214,47953,0
32380,81554,70206,113934,102586,151760,1
52572,59048,4894,111620,57466,63942,0
75368,87742,17141,163110,92509,104883,1
49338,12322,61414,61660,110752,73736,1
91026,14036,50286,105062,141312,64322,0
6537,97551,79354,104088,85891,176905,0
32571,64740,75372,97311,107943,140112,1
6702,88832,97637,95534,104339,186469,0
17196,10070,35159,27266,52355,45229,0
3442,70074,27502,73516,30944,97576,0
41659,1208,22540,42867,64199,23748,0
55293,61042,66673,116335,121966,127715,1
93897,81886,7196,175783,101093,89082,0
81308,96472,17621,177780,98929,114093,1
44169,84436,48472,128605,92641,132908,1
13179,49994,18116,63173,31295,68110,0
8397,29758,34457,38155,42854,64215,1
41814,2139,88654,43953,130468,90793,0
69084,3981,99611,73065,168695,103592,0
71621,71340,23764,142961,95385,95104,1
92582,92800,84738,185382,177320,177538,1
63267,57722,15803,120989,79070,73525,1
49182,82266,69110,131448,118292,151376,1
96482,35610,78982,132092,175464,114592,1
62738,93536,84276,156274,147014,177812,1
87483,91515,96105,178998,183588,187620,1
43032,94119,2521,137151,45553,96640,0
96497,48521,51938,145018,148435,100459,1
15119,8094,60576,23213,75695,68670,0
12219,44023,43786,56242,56005,87809,1
69449,67867,90488,137316,159937,158355,1
63223,50451,5765,113674,68988,56216,0
53962,79043,65517,133005,119479,144560,1
34573,14350,39792,48923,74365,54142,1
14718,14475,15783,29193,30501,30258,1
1818,97880,42114,99698,43932,139994,0
52989,10204,93444,63193,146433,103648,0
51269,42215,90408,93484,141677,132623,1
13432,44066,62999,57498,76431,107065,0
87087,74536,99982,161623,187069,174518,1
28698,49309,50010,78007,78708,99319,1
55846,40706,69721,96552,125567,110427,1
15974,44711,36183,60685,52157,80894,1
26635,76634,60330,103269,86965,136964,1
31127,17235,99427,48362,130554,116662,0
5459,34173,23528,39632,28987,57701,0
57546,11385,86297,68931,143843,97682,0
18964,54508,78542,73472,97506,133050,0
58001,36748,96519,94749,154520,133267,0
42677,25105,37490,67782,80167,62595,1
90229,88929,1503,179158,91732,90432,1
70691,29150,51205,99841,121896,80355,1
29964,34221,42654,64185,72618,76875,1
87772,53519,31921,141291,119693,85440,0
21860,4538,67490,26398,89350,72028,0
52104,31631,49023,83735,101127,80654,1
47058,36438,91305,83496,138363,127743,0
95826,44292,10025,140118,105851,54317,0
23449,32615,12735,56064,36184,45350,1
81112,24589,81956,105701,163068,106545,1
70672,51236,22509,121908,93181,73745,1
36014,2818,2288,38832,38302,5106,0
36245,97769,48547,134014,84792,146316,0
73371,4343,40405,77714,113776,44748,0
37526,41104,32788,78630,70314,73892,1
82856,79148,20193,162004,103049,99341,1
3615,61230,82634,64845,86249,143864,0
53310,79846,64044,133156,117354,143890,1
76708,96556,34386,173264,111094,130942,1
23115,45814,20757,68929,43872,66571,0
44761,86460,57204,131221,101965,143664,1
77624,65866,54930,143490,132554,120796,1
96554,45276,34578,141830,131132,79854,0
87423,25581,11888,113004,99311,37469,0
82870,48043,35300,130913,118170,83343,1
62678,23404,97573,86082,160251,120977,0
96655,64382,71134,161037,167789,135516,1
1890,22880,69266,24770,71156,92146,0
40787,22811,68848,63598,109635,91659,0
6880,20127,25654,27007,32534,45781,1
985,3633,75914,4618,76899,79547,0
31966,75298,42403,107264,74369,117701,0
90475,13505,14442,103980,104917,27947,0
12347,12573,97885,24920,110232,110458,0
85525,97604,31543,183129,117068,129147,1
4688,97450,40948,102138,45636,138398,0
40978,72648,6278,113626,47256,78926,0
82431,38187,15040,120618,97471,53227,0
81712,50375,87480,132087,169192,137855,1
33808,73728,74445,107536,108253,148173,1
44397,77826,84686,122223,129083,162512,1
88438,44867,78491,133305,166929,123358,1
37398,44309,16257,81707,53655,60566,1
62539,74788,22033,137327,84572,96821,1
40754,37085,70497,77839,111251,107582,1
90286,62825,30491,153111,120777,93316,1
10580,90971,59985,101551,70565,150956,0
79715,74119,78847,153834,158562,152966,1
31512,13798,38728,45310,70240,52526,1
25998,24464,23776,50462,49774,48240,1
49510,39086,3088,88596,52598,42174,0
30845,22581,51115,53426,81960,73696,1
17983,65937,51570,83920,69553,117507,1
52585,38524,99061,91109,151646,137585,0
73488,70068,14624,143556,88112,84692,1
845,15558,65716,16403,66561,81274,0
92836,56363,15208,149199,108044,71571,0
85590,25904,815,111494,86405,26719,0
86696,45990,55097,132686,141793,101087,1
79557,16375,15951,95932,95508,32326,0
31059,38093,4626,69152,35685,42719,0
33478,77125,73889,110603,107367,151014,1
77591,62967,6037,140558,83628,69004,0
94220,4608,61081,98828,155301,65689,0
73594,66802,31548,140396,105142,98350,1
34057,3044,34223,37101,68280,37267,1
24014,88033,63462,112047,87476,151495,0
7046,57274,770,64320,7816,58044,0
685,63414,52371,64099,53056,115785,0
5792,76635,94749,82427,100541,171384,0
22934,88102,10870,111036,33804,98972,0
74983,81863,4846,156846,79829,86709,0
52238,43560,78760,95798,130998,122320,1
31804,68506,42356,100310,74160,110862,1
51308,58990,27110,110298,78418,86100,1
62532,59555,57004,122087,119536,116559,1
97900,44524,30030,142424,127930,74554,0
66870,69733,98121,136603,164991,167854,1
32123,61408,70524,93531,102647,131932,1
97008,98090,88911,195098,185919,187001,1
7836,1079,8222,8915,16058,9301,1
86158,51714,63208,137872,149366,114922,1
39308,35073,77041,74381,116349,112114,0
81918,40821,92208,122739,174126,133029,1
376,67891,46505,68267,46881,114396,0
88249,94143,39390,182392,127639,133533,1
57394,80952,77332,138346,134726,158284,1
6950,42662,2262,49612,9212,44924,0
26216,5428,8856,31644,35072,14284,0
62732,37697,51707,100429,114439,89404,1
91254,28095,77089,119349,168343,105184,1
81269,47233,76696,128502,157965,123929,1
32460,83734,59189,116194,91649,142923,1
55046,20243,86485,75289,141531,106728,0
24617,46513,97391,71130,122008,143904,0
63827,16942,59274,80769,123101,76216,1
7567,18522,18798,26089,26365,37320,1
15667,42101,76576,57768,92243,118677,0
68465,39614,44614,108079,113079,84228,1
5087,45433,36813,50520,41900,82246,0
35430,42376,64197,77806,99627,106573,1
97344,58671,72713,156015,170057,131384,1
40563,24878,99110,65441,139673,123988,0
38010,40629,46223,78639,84233,86852,1
31295,79339,24783,110634,56078,104122,0
33603,28009,29194,61612,62797,57203,1
91015,56447,32085,147462,123100,88532,0
70055,96913,7375,166968,77430,104288,0
72188,30982,16254,103170,88442,47236,0
59287,9698,92741,68985,152028,102439,0
45510,12886,5928,58396,51438,18814,0
62153,41319,7185,103472,69338,48504,0
77474,37291,93563,114765,171037,130854,1
74203,5482,27007,79685,101210,32489,0
39899,94291,64074,134190,103973,158365,1
92572,10401,70038,102973,162610,80439,0
99478,36354,43483,135832,142961,79837,0
47478,48582,48423,96060,95901,97005,1
31649,98763,34497,130412,66146,133260,0
80803,76353,93395,157156,174198,169748,1
93186,82828,34136,176014,127322,116964,1
32610,50655,64739,83265,97349,115394,1
44991,36491,97710,81482,142701,134201,0
66134,9779,49217,75913,115351,58996,0
46729,49707,5810,96436,52539,55517,1
80894,7934,57887,88828,138781,65821,0
56536,18768,63867,75304,120403,82635,1
25882,85791,70094,111673,95976,155885,1
65992,80373,50761,146365,116753,131134,1
18662,19595,63236,38257,81898,82831,0
32848,65977,97704,98825,130552,163681,1
27579,14687,51507,42266,79086,66194,0
93266,59873,64818,153139,158084,124691,1
56865,27935,25269,84800,82134,53204,0
23854,19948,45814,43802,69668,65762,0
45282,16998,41865,62280,87147,58863,1
49386,2176,35734,51562,85120,37910,0
94382,37481,79994,131863,174376,117475,1
65135,83839,52823,148974,117958,136662,1
24024,76999,15888,101023,39912,92887,0
66184,81263,8313,147447,74497,89576,0
1064,93885,65347,94949,66411,159232,0
85529,28589,81562,114118,167091,110151,1
89078,93713,65545,182791,154623,159258,1
11987,6097,86155,18084,98142,92252,0
16699,28659,34259,45358,50958,62918,1
40659,96581,31051,137240,71710,127632,0
94154,64602,96812,158756,190966,161414,1
47927,85148,73883,133075,121810,159031,1
42882,66586,2513,109468,45395,69099,0
30952,23814,77213,54766,108165,101027,0
42109,24453,79014,66562,121123,103467,0
31334,16280,79799,47614,111133,96079,0
19398,27596,39665,46994,59063,67261,1
86753,29589,21347,116342,108100,50936,0
97194,77051,59024,174245,156218,136075,1
79778,4186,74121,83964,153899,78307,0
53595,19969,54522,73564,108117,74491,1
33723,39523,68019,73246,101742,107542,1
4500,41080,55575,45580,60075,96655,0
57247,2791,93761,60038,151008,96552,0
62177,3120,64360,65297,126537,67480,1
39972,2448,74508,42420,114480,76956,0
96902,72760,34142,169662,131044,106902,1
68909,25315,60514,94224,129423,85829,1
32061,13390,6404,45451,38465,19794,0
86239,17291,69770,103530,156009,87061,1
29162,61301,3209,90463,32371,64510,0
87675,42545,17202,130220,104877,59747,0
45758,96479,18027,142237,63785,114506,0
74734,5699,13767,80433,88501,19466,0
37514,46473,5593,83987,43107,52066,0
77724,85820,79441,163544,157165,165261,1
4802,10867,90360,15669,95162,101227,0
30105,61875,70639,91980,100744,132514,1
88327,58612,99425,146939,187752,158037,1
89048,32477,25723,121525,114771,58200,0
47517,70769,269,118286,47786,71038,0
16584,73817,59609,90401,76193,133426,1
90944,40328,46344,131272,137288,86672,0
63007,87045,45007,150052,108014,132052,1
29702,72243,85106,101945,114808,157349,1
19570,60593,13319,80163,32889,73912,0
92952,36734,35014,129686,127966,71748,0
63514,82504,34554,146018,98068,117058,1
41576,82292,84631,123868,126207,166923,1
36137,39480,77228,75617,113365,116708,0
23755,77668,37638,101423,61393,115306,0
94352,12681,26677,107033,121029,39358,0
22148,40577,64706,62725,86854,105283,0
56755,72772,86566,129527,143321,159338,1
45077,97954,73645,143031,118722,171599,1
36559,84972,50035,121531,86594,135007,1
73729,96607,95033,170336,168762,191640,1
59271,35780,37371,95051,96642,73151,1
63772,20113,4944,83885,68716,25057,0
25550,17793,57740,43343,83290,75533,0
46124,43441,36876,89565,83000,80317,1
18097,19129,28866,37226,46963,47995,1
28634,70649,16630,99283,45264,87279,0
31530,87176,23360,118706,54890,110536,0
42549,11279,97388,53828,139937,108667,0
43795,90432,34070,134227,77865,124502,0
22719,28958,8690,51677,31409,37648,1
58323,14201,24719,72524,83042,38920,0
72958,44457,71830,117415,144788,116287,1
97346,20141,9388,117487,106734,29529,0
61128,37988,27300,99116,88428,65288,1
21978,63264,51858,85242,73836,115122,1
93763,16437,12365,110200,106128,28802,0
25481,7720,16331,33201,41812,24051,0
64746,69133,72251,133879,136997,141384,1
16626,85193,90791,101819,107417,175984,1
88343,62022,72971,150365,161314,134993,1
10016,18927,71516,28943,81532,90443,0
47307,5066,1604,52373,48911,6670,0
59867,31188,13369,91055,73236,44557,0
69593,66226,6739,135819,76332,72965,1
52764,43872,18146,96636,70910,62018,1
20778,33863,63827,54641,84605,97690,0
47043,280,31831,47323,78874,32111,0
44251,72177,50133,116428,94384,122310,1
76240,15971,34170,92211,110410,50141,0
20922,58524,39722,79446,60644,98246,1
67182,39296,44285,106478,111467,83581,1
11654,5288,46011,16942,57665,51299,0
5586,14796,85239,20382,90825,100035,0
15101,3436,92138,18537,107239,95574,0
740,63326,64183,64066,64923,127509,0
36587,13969,52676,50556,89263,66645,0
33865,12765,90339,46630,124204,103104,0
45074,39381,56013,84455,101087,95394,1
82985,8590,54937,91575,137922,63527,0
70641,47660,257,118301,70898,47917,0
43342,40104,57000,83446,100342,97104,1
85867,73381,11317,159248,97184,84698,0
57977,60772,74578,118749,132555,135350,1
92125,18939,16908,111064,109033,35847,0
45364,2272,59867,47636,105231,62139,0
85499,17941,23592,103440,109091,41533,0
7192,89864,38989,97056,46181,128853,0
84990,18452,29112,103442,114102,47564,0
57559,1848,54209,59407,111768,56057,0
14572,80349,8375,94921,22947,88724,0
88755,4430,62345,93185,151100,66775,0
28515,12893,29006,41408,57521,41899,1
43393,86069,74194,129462,117587,160263,1
3332,32009,63681,35341,67013,95690,0
33306,56235,74760,89541,108066,130995,1
29604,14559,73097,44163,102701,87656,0
25551,46463,64354,72014,89905,110817,1
96286,87358,467,183644,96753,87825,0
50657,51411,40643,102068,91300,92054,1
8694,85273,94938,93967,103632,180211,0
68676,78854,27194,147530,95870,106048,1
65945,15017,39357,80962,105302,54374,0
77546,60325,12343,137871,89889,72668,0
69405,35833,92438,105238,161843,128271,1
86151,43055,41655,129206,127806,84710,0
62791,13608,52701,76399,115492,66309,1
40891,2523,53041,43414,93932,55564,0
20021,77409,467,97430,20488,77876,0
98146,85823,71208,183969,169354,157031,1
44446,4224,74389,48670,118835,78613,0
28337,39038,12228,67375,40565,51266,1
29965,32246,99994,62211,129959,132240,0
45263,62839,21762,108102,67025,84601,1
97420,63730,59189,161150,156609,122919,1
1248,56775,15161,58023,16409,71936,0
79177,13080,19445,92257,98622,32525,0
63181,68663,31150,131844,94331,99813,1
19568,51368,22984,70936,42552,74352,0
38391,14222,63116,52613,101507,77338,0
45323,64793,50251,110116,95574,115044,1
86113,953,72085,87066,158198,73038,0
18034,42593,56308,60627,74342,98901,1
31558,28930,77465,60488,109023,106395,0
52719,38981,91039,91700,143758,130020,1
57056,6622,77370,63678,134426,83992,0
72027,35659,27841,107686,99868,63500,0
25246,2481,7694,27727,32940,10175,0
70894,8423,98816,79317,169710,107239,0
46418,76386,18931,122804,65349,95317,0
44133,57110,96920,101243,141053,154030,1
36411,37704,63418,74115,99829,101122,1
62021,68495,66972,130516,128993,135467,1
95898,20743,94045,116641,189943,114788,1
956,31817,16901,32773,17857,48718,0
7338,79952,28304,87290,35642,108256,0
20982,64414,83258,85396,104240,147672,1
86120,80095,78923,166215,165043,159018,1
82514,25030,78905,107544,161419,103935,1
63994,25184,87312,89178,151306,112496,1
7217,47367,41480,54584,48697,88847,1
45459,65972,18395,111431,63854,84367,0
41313,4863,94018,46176,135331,98881,0
26492,29558,80088,56050,106580,109646,0
36942,47105,24236,84047,61178,71341,1
96566,72758,95182,169324,191748,167940,1
92535,82511,65571,175046,158106,148082,1
35487,52215,37686,87702,73173,89901,1
49361,19819,42435,69180,91796,62254,1
10333,68363,51095,78696,61428,119458,0
1433,76163,76661,77596,78094,152824,1
39169,86235,37139,125404,76308,123374,0
36675,77977,28388,114652,65063,106365,0
43860,57528,71447,101388,115307,128975,1
87628,96042,75302,183670,162930,171344,1
61432,55088,43905,116520,105337,98993,1
97308,16801,58028,114109,155336,74829,0
62708,42400,76821,105108,139529,119221,1
3636,57989,97920,61625,101556,155909,0
2495,46311,68753,48806,71248,115064,0
58171,11573,92741,69744,150912,104314,0
6747,16107,7045,22854,13792,23152,0
42532,84352,42243,126884,84775,126595,1
9076,19347,96712,28423,105788,116059,0
95603,96983,27233,192586,122836,124216,1
81743,88017,76700,169760,158443,164717,1
77211,48895,7828,126106,85039,56723,0
7660,89531,44649,97191,52309,134180,0
94353,73027,39511,167380,133864,112538,1
78789,99335,97436,178124,176225,196771,1
97608,5308,7587,102916,105195,12895,0
65192,65863,38669,131055,103861,104532,1
8626,5717,99772,14343,108398,105489,0
4600,58942,12208,63542,16808,71150,0
74929,41899,17044,116828,91973,58943,0
9016,95349,8243,104365,17259,103592,0
53632,96550,98051,150182,151683,194601,1
40482,31734,70787,72216,111269,102521,1
2579,13991,26096,16570,28675,40087,0
24462,47353,61570,71815,86032,108923,1
52497,28843,84522,81340,137019,113365,0
49401,54623,75710,104024,125111,130333,1
63412,91645,45197,155057,108609,136842,1
77207,45550,67715,122757,144922,113265,1
60473,77803,58642,138276,119115,136445,1
94099,17661,30764,111760,124863,48425,0
63812,47125,41902,110937,105714,89027,1
78489,62165,81070,140654,159559,143235,1
17456,7484,97755,24940,115211,105239,0
89589,16115,57972,105704,147561,74087,0
69851,48336,76827,118187,146678,125163,1
58053,67987,82288,126040,140341,150275,1
44727,51541,42163,96268,86890,93704,1
27183,51924,66380,79107,93563,118304,1
76022,18517,90150,94539,166172,108667,1
17781,13940,85421,31721,103202,99361,0
78086,91891,44469,169977,122555,136360,1
63290,34522,48264,97812,111554,82786,1
14054,77397,19817,91451,33871,97214,0
322,9270,33230,9592,33552,42500,0
59384,21617,1486,81001,60870,23103,0
94469,72298,63834,166767,158303,136132,1
58651,71896,1462,130547,60113,73358,0
95556,81196,90671,176752,186227,171867,1
73208,26312,32019,99520,105227,58331,0
5503,94444,38585,99947,44088,133029,0
40331,13437,83867,53768,124198,97304,0
49200,73049,89027,122249,138227,162076,1
3285,88972,95583,92257,98868,184555,0
50999,86205,41032,137204,92031,127237,1
83101,63842,83213,146943,166314,147055,1
919,29933,13555,30852,14474,43488,0
788,69327,57032,70115,57820,126359,0
18656,10467,56630,29123,75286,67097,0
25670,35354,8778,61024,34448,44132,0
87271,69845,94584,157116,181855,164429,1
62643,23804,50325,86447,112968,74129,1
23239,51502,38173,74741,61412,89675,1
5327,77260,92491,82587,97818,169751,0
95977,33569,92014,129546,187991,125583,1
49519,20265,90534,69784,140053,110799,0
43767,60250,91400,104017,135167,151650,1
89421,16206,14523,105627,103944,30729,0
61847,78891,19976,140738,81823,98867,1
87890,82871,11106,170761,98996,93977,1
75589,9782,95247,85371,170836,105029,0
16079,40184,19692,56263,35771,59876,0
47616,78818,59732,126434,107348,138550,1
91484,22643,84043,114127,175527,106686,1
54632,2020,85688,56652,140320,87708,0
34444,26670,45381,61114,79825,72051,1
33389,41567,6067,74956,39456,47634,0
63283,89895,49057,153178,112340,138952,1
35913,8851,16649,44764,52562,25500,0
45184,85490,9820,130674,55004,95310,0
9189,27894,75702,37083,84891,103596,0
7866,27152,19035,35018,26901,46187,0
83173,71209,29842,154382,113015,101051,1
79981,49664,7894,129645,87875,57558,0
38517,82397,89014,120914,127531,171411,1
42537,1085,70404,43622,112941,71489,0
49684,20730,96679,70414,146363,117409,0
95328,57990,3480,153318,98808,61470,0
3702,49718,93676,53420,97378,143394,0
5416,20827,29783,26243,35199,50610,0
60549,63761,22263,124310,82812,86024,1
13706,41387,48823,55093,62529,90210,1
20482,88070,14517,108552,34999,102587,0
9125,80164,3446,89289,12571,83610,0
15996,55342,99196,71338,115192,154538,0
29234,78507,73598,107741,102832,152105,1
75405,30399,69311,105804,144716,99710,1
94515,60646,9220,155161,103735,69866,0
8615,27716,42525,36331,51140,70241,0
68449,65914,63859,134363,132308,129773,1
74853,86707,20559,161560,95412,107266,1
19189,5901,39438,25090,58627,45339,0
15730,30341,965,46071,16695,31306,0
19315,59771,92328,79086,111643,152099,0
52816,32995,48119,85811,100935,81114,1
49195,50130,93676,99325,142871,143806,1
4248,91842,70404,96090,74652,162246,0
70957,86376,64874,157333,135831,151250,1
50826,37886,52060,88712,102886,89946,1
85102,12002,12438,97104,97540,24440,0
34819,62832,3966,97651,38785,66798,0
19092,64652,65540,83744,84632,130192,1
17248,78625,54591,95873,71839,133216,0
33884,63861,3787,97745,37671,67648,0
95885,73072,96711,168957,192596,169783,1
13834,45649,25677,59483,39511,71326,0
84841,62506,8473,147347,93314,70979,0
3274,98855,32402,102129,35676,131257,0
72278,29273,69054,101551,141332,98327,1
79225,70051,73493,149276,152718,143544,1
88305,93589,77131,181894,165436,170720,1
71531,78671,59367,150202,130898,138038,1
66706,51172,21038,117878,87744,72210,1
66238,83370,96923,149608,163161,180293,1
65768,9041,3025,74809,68793,12066,0
96374,18422,53957,114796,150331,72379,0
55120,26354,81984,81474,137104,108338,0
24308,82869,13580,107177,37888,96449,0
43174,92085,39110,135259,82284,131195,0
85075,88283,89559,173358,174634,177842,1
4453,62300,65503,66753,69956,127803,1
4555,63116,58013,67671,62568,121129,0
70813,96641,10005,167454,80818,106646,0
24990,63576,84560,88566,109550,148136,1
49964,64652,14160,114616,64124,78812,0
84025,64718,91414,148743,175439,156132,1
17644,29679,27849,47323,45493,57528,1
31680,59194,71366,90874,103046,130560,1
17356,24411,36703,41767,54059,61114,1
29509,61795,63637,91304,93146,125432,1
79826,46531,39419,126357,119245,85950,1
96840,70161,65323,167001,162163,135484,1
71308,49545,95650,120853,166958,145195,1
45332,3400,24769,48732,70101,28169,0
6530,62108,22026,68638,28556,84134,0
26812,47862,15455,74674,42267,63317,0
96415,64215,93832,160630,190247,158047,1
93386,43027,15519,136413,108905,58546,0
669,1496,44325,2165,44994,45821,0
80573,79799,5395,160372,85968,85194,1
29435,3210,22684,32645,52119,25894,0
21427,61411,10395,82838,31822,71806,0
50294,84835,77050,135129,127344,161885,1
88904,36084,38304,124988,127208,74388,0
67761,21504,45721,89265,113482,67225,0
22021,5801,5511,27822,27532,11312,0
66185,78295,76664,144480,142849,154959,1
96880,57366,18291,154246,115171,75657,0
33384,16925,86671,50309,120055,103596,0
71314,69118,96428,140432,167742,165546,1
75183,80328,21678,155511,96861,102006,1
75620,59862,7729,135482,83349,67591,0
76572,31932,76110,108504,152682,108042,1
64440,77080,88874,141520,153314,165954,1
73077,47639,59455,120716,132532,107094,1
40151,67095,8428,107246,48579,75523,0
76819,3666,55726,80485,132545,59392,0
20317,35540,15157,55857,35474,50697,0
3657,81271,88743,84928,92400,170014,0
40392,39136,85592,79528,125984,124728,0
74637,23461,50327,98098,124964,73788,0
81926,80566,3771,162492,85697,84337,1
57001,17841,94606,74842,151607,112447,0
55227,65656,62050,120883,117277,127706,1
72,90870,59106,90942,59178,149976,0
88308,97535,39853,185843,128161,137388,1
37002,9022,79170,46024,116172,88192,0
67979,79698,2137,147677,70116,81835,0
44518,7728,95324,52246,139842,103052,0
92378,56451,77689,148829,170067,134140,1
81925,76100,31172,158025,113097,107272,1
90379,89901,22634,180280,113013,112535,1
87254,70781,79168,158035,166422,149949,1
7284,47149,38633,54433,45917,85782,0
3386,67391,33730,70777,37116,101121,0
63761,87711,48225,151472,111986,135936,1
90610,44134,54748,134744,145358,98882,1
52428,89938,63040,142366,115468,152978,1
42386,84940,2043,127326,44429,86983,0
68673,78035,45362,146708,114035,123397,1
51749,37932,41153,89681,92902,79085,1
12895,63956,48111,76851,61006,112067,0
48138,43951,45809,92089,93947,89760,1
67200,98718,38128,165918,105328,136846,1
85590,93097,25660,178687,111250,118757,1
53194,46652,79846,99846,133040,126498,1
11256,1153,35520,12409,46776,36673,0
37368,89280,68959,126648,106327,158239,1
48734,80117,71090,128851,119824,151207,1
68005,14364,16331,82369,84336,30695,0
42130,36856,51384,78986,93514,88240,1
36054,1690,77253,37744,113307,78943,0
70351,97271,19936,167622,90287,117207,0
47185,64699,13790,111884,60975,78489,0
10196,24841,5577,35037,15773,30418,0
97815,51997,46453,149812,144268,98450,1
55172,28350,33128,83522,88300,61478,1
89779,50655,96140,140434,185919,146795,1
92997,93298,29502,186295,122499,122800,1
44702,20208,90847,64910,135549,111055,0
5575,79836,41053,85411,46628,120889,0
27218,27920,39021,55138,66239,66941,1
20966,79986,51108,100952,72074,131094,0
90556,93093,2878,183649,93434,95971,1
85263,82243,17269,167506,102532,99512,1
90394,97807,99661,188201,190055,197468,1
4788,45680,4938,50468,9726,50618,0
88382,76760,54586,165142,142968,131346,1
34858,25962,36602,60820,71460,62564,1
27334,85944,3307,113278,30641,89251,0
25647,25771,40362,51418,66009,66133,1
56052,19619,71193,75671,127245,90812,1
48657,41787,7592,90444,56249,49379,1
99116,55523,51617,154639,150733,107140,1
17453,43943,83080,61396,100533,127023,0
36116,6555,95958,42671,132074,102513,0
6403,89720,44604,96123,51007,134324,0
62521,86089,87017,148610,149538,173106,1
49410,65282,96007,114692,145417,161289,1
28886,72192,21971,101078,50857,94163,0
97563,85610,50014,183173,147577,135624,1
34789,67361,36478,102150,71267,103839,1
15462,48627,62633,64089,78095,111260,1
13545,90066,88672,103611,102217,178738,1
6957,31750,68195,38707,75152,99945,0
9249,55500,32803,64749,42052,88303,0
90329,23524,73962,113853,164291,97486,1
52647,87967,91989,140614,144636,179956,1
83599,74155,95238,157754,178837,169393,1
55663,9329,63053,64992,118716,72382,1
16320,51038,8712,67358,25032,59750,0
30240,21919,8416,52159,38656,30335,1
51539,94382,39274,145921,90813,133656,0
21841,31822,76310,53663,98151,108132,0
21169,34666,24963,55835,46132,59629,1
23654,56300,71342,79954,94996,127642,1
83035,77750,36452,160785,119487,114202,1
14196,73687,37638,87883,51834,111325,0
88991,22862,79570,111853,168561,102432,1
74605,85909,75517,160514,150122,161426,1
27633,87811,23066,115444,50699,110877,0
55172,70010,9678,125182,64850,79688,0
61881,32008,55699,93889,117580,87707,1
48,50945,76398,50993,76446,127343,0
92341,70747,67467,163088,159808,138214,1
65708,20556,22466,86264,88174,43022,0
49577,82437,22099,132014,71676,104536,0
96895,17453,29764,114348,126659,47217,0
89821,45768,38864,135589,128685,84632,0
44008,40925,28767,84933,72775,69692,1
93428,88845,13453,182273,106881,102298,1
16756,14676,98477,31432,115233,113153,0
62200,80965,50471,143165,112671,131436,1
4780,19162,92285,23942,97065,111447,0
84294,61105,49556,145399,133850,110661,1
89778,52249,2181,142027,91959,54430,0
4554,17994,60123,22548,64677,78117,0
99326,82713,41039,182039,140365,123752,1
82217,38943,55998,121160,138215,94941,1
18462,93048,75538,111510,94000,168586,1
57086,12037,90437,69123,147523,102474,0
80355,88590,24688,168945,105043,113278,1
75685,72623,41436,148308,117121,114059,1
41947,48138,10915,90085,52862,59053,1
31760,53992,3149,85752,34909,57141,0
69526,53673,14178,123199,83704,67851,0
89398,79039,8357,168437,97755,87396,0
74784,57226,11292,132010,86076,68518,0
32315,24566,65469,56881,97784,90035,0
37489,72896,51522,110385,89011,124418,1
74907,22927,51516,97834,126423,74443,0
71045,53758,31730,124803,102775,85488,1
76090,24244,1459,100334,77549,25703,0
67531,68778,43762,136309,111293,112540,1
43699,21314,38541,65013,82240,59855,1
12883,66004,47231,78887,60114,113235,0
39491,97314,13816,136805,53307,111130,0
62064,22804,5273,84868,67337,28077,0
32710,56165,94454,88875,127164,150619,0
36544,58623,14843,95167,51387,73466,0
43281,24792,82410,68073,125691,107202,0
66333,36207,45828,102540,112161,82035,1
12890,24237,22421,37127,35311,46658,1
62957,98007,39978,160964,102935,137985,1
97255,94084,58058,191339,155313,152142,1
33094,1127,47827,34221,80921,48954,0
2533,27729,14906,30262,17439,42635,0
60018,33174,37002,93192,97020,70176,1
30661,5338,30981,35999,61642,36319,1
70613,1244,29358,71857,99971,30602,0
25406,20467,20764,45873,46170,41231,1
36201,36479,99258,72680,135459,135737,0
84072,40347,28962,124419,113034,69309,0
61403,49505,63391,110908,124794,112896,1
78528,32956,81117,111484,159645,114073,1
87471,2593,41748,90064,129219,44341,0
97643,10893,42017,108536,139660,52910,0
17396,54436,87393,71832,104789,141829,0
29156,32622,55682,61778,84838,88304,1
21249,57366,96092,78615,117341,153458,0
85458,42568,20720,128026,106178,63288,0
70882,44632,48057,115514,118939,92689,1
16886,86831,86,103717,16972,86917,0
47091,63452,15704,110543,62795,79156,0
24168,33459,84401,57627,108569,117860,0
89879,99558,47989,189437,137868,147547,1
42872,4845,606,47717,43478,5451,0
15614,71212,31976,86826,47590,103188,0
6595,67281,44238,73876,50833,111519,0
48455,4634,68889,53089,117344,73523,0
14340,84004,65875,98344,80215,149879,0
46908,44116,38172,91024,85080,82288,1
50228,62810,66585,113038,116813,129395,1
23800,69083,33829,92883,57629,102912,0
60940,36654,35085,97594,96025,71739,1
63476,44316,3094,107792,66570,47410,0
66053,59317,28976,125370,95029,88293,1
32249,59870,4641,92119,36890,64511,0
16854,50291,87181,67145,104035,137472,0
71431,75106,21006,146537,92437,96112,1
35816,2033,55594,37849,91410,57627,0
18922,56448,35419,75370,54341,91867,0
4357,21500,54540,25857,58897,76040,0
64205,36839,7497,101044,71702,44336,0
11035,85966,66803,97001,77838,152769,0
6610,36069,23343,42679,29953,59412,0
36527,38734,63264,75261,99791,101998,1
52218,80428,28477,132646,80695,108905,1
40683,45094,84811,85777,125494,129905,1
81441,30596,81082,112037,162523,111678,1
77964,79966,88281,157930,166245,168247,1
10123,97387,29962,107510,40085,127349,0
75199,30750,65954,105949,141153,96704,1
80323,84117,61592,164440,141915,145709,1
56169,74728,74357,130897,130526,149085,1
17747,80001,34948,97748,52695,114949,0
31464,94607,84187,126071,115651,178794,1
89867,9936,12884,99803,102751,22820,0
45181,1447,94380,46628,139561,95827,0
61139,12848,49574,73987,110713,62422,1
87265,50452,7152,137717,94417,57604,0
55835,23712,36555,79547,92390,60267,1
33896,17305,58484,51201,92380,75789,0
16185,26121,81912,42306,98097,108033,0
53164,60302,69348,113466,122512,129650,1
76338,13225,7153,89563,83491,20378,0
91521,26239,29383,117760,120904,55622,0
82695,52375,12305,135070,95000,64680,0
25747,67075,31599,92822,57346,98674,0
63662,23313,49782,86975,113444,73095,1
5885,47851,84499,53736,90384,132350,0
68788,48381,77859,117169,146647,126240,1
81614,10836,54996,92450,136610,65832,0
90326,91378,41050,181704,131376,132428,1
4371,90975,87279,95346,91650,178254,1
11836,78891,62011,90727,73847,140902,0
4245,29792,2177,34037,6422,31969,0
54764,95174,43092,149938,97856,138266,1
1130,53215,20223,54345,21353,73438,0
46627,47751,25242,94378,71869,72993,1
15379,96897,81921,112276,97300,178818,1
27708,81140,21835,108848,49543,102975,0
64136,36709,9884,100845,74020,46593,0
8667,49655,90063,58322,98730,139718,0
66236,30849,52098,97085,118334,82947,1
43388,30554,61694,73942,105082,92248,1
53177,61563,52880,114740,106057,114443,1
16680,87520,64037,104200,80717,151557,0
25676,43858,20412,69534,46088,64270,1
61663,77838,27591,139501,89254,105429,1
47573,87314,67120,134887,114693,154434,1
61557,74788,39253,136345,100810,114041,1
26073,88518,36250,114591,62323,124768,0
79727,28175,67383,107902,147110,95558,1
45384,34605,77254,79989,122638,111859,1
58798,65243,76593,124041,135391,141836,1
53905,89850,53093,143755,106998,142943,1
21534,727,85076,22261,106610,85803,0
34427,7416,94280,41843,128707,101696,0
12207,6868,74843,19075,87050,81711,0
11188,26325,99044,37513,110232,125369,0
13859,67880,29630,81739,43489,97510,0
45676,92971,27480,138647,73156,120451,0
70676,55714,46047,126390,116723,101761,1
21061,41708,89848,62769,110909,131556,0
44190,91711,25484,135901,69674,117195,0
31620,95331,72732,126951,104352,168063,1
51482,29851,67,81333,51549,29918,0
82994,1052,54605,84046,137599,55657,0
80670,79219,17126,159889,97796,96345,1
77524,71674,28562,149198,106086,100236,1
12704,76847,45428,89551,58132,122275,0
39882,54256,70252,94138,110134,124508,1
81512,58679,24260,140191,105772,82939,1
55030,51841,4780,106871,59810,56621,1
77032,44678,62121,121710,139153,106799,1
58893,34482,6509,93375,65402,40991,0
37106,72480,91192,109586,128298,163672,1
12862,99545,62146,112407,75008,161691,0
68807,80706,45896,149513,114703,126602,1
90811,30120,22177,120931,112988,52297,0
79170,27516,10991,106686,90161,38507,0
38408,45071,90650,83479,129058,135721,0
95768,20344,6273,116112,102041,26617,0
64643,9041,67385,73684,132028,76426,1
50375,43984,52629,94359,103004,96613,1
39584,66658,8979,106242,48563,75637,0
1048,3269,50873,4317,51921,54142,0
41407,68296,27506,109703,68913,95802,1
65393,14332,51954,79725,117347,66286,1
52516,95776,97050,148292,149566,192826,1
54911,40398,34586,95309,89497,74984,1
89698,22083,63669,111781,153367,85752,0
46719,43751,19258,90470,65977,63009,1
55647,42501,46614,98148,102261,89115,1
28967,52835,89252,81802,118219,142087,0
42065,71682,84517,113747,126582,156199,1
32197,84276,66505,116473,98702,150781,1
1322,97337,20531,98659,21853,117868,0
85554,49158,46262,134712,131816,95420,1
35117,8087,78595,43204,113712,86682,0
76230,95103,64672,171333,140902,159775,1
41821,54719,26035,96540,67856,80754,1
32259,11657,20298,43916,52557,31955,0
53336,55992,34563,109328,87899,90555,1
12737,61580,77752,74317,90489,139332,0
83562,40436,94791,123998,178353,135227,1
11071,74279,66168,85350,77239,140447,1
74345,85918,33299,160263,107644,119217,1
90587,62129,87346,152716,177933,149475,1
6025,2977,82942,9002,88967,85919,0
85015,93370,80127,178385,165142,173497,1
3202,36606,46190,39808,49392,82796,0
45534,93976,85596,139510,131130,179572,1
33879,9949,76489,43828,110368,86438,0
93604,6594,52203,100198,145807,58797,0
30558,21336,94775,51894,125333,116111,0
18753,73703,4469,92456,23222,78172,0
40229,80515,65172,120744,105401,145687,1
14741,18371,93776,33112,108517,112147,0
6209,59986,77630,66195,83839,137616,0
83129,89624,56856,172753,139985,146480,1
86904,76507,11226,163411,98130,87733,1
71118,70853,81347,141971,152465,152200,1
85812,82730,93938,168542,179750,176668,1
81080,80589,64374,161669,145454,144963,1
57162,52692,60363,109854,117525,113055,1
6374,49408,18463,55782,24837,67871,0
14087,99897,62750,113984,76837,162647,0
77947,10552,46394,88499,124341,56946,0
81812,48758,62406,130570,144218,111164,1
29209,40103,34591,69312,63800,74694,1
94149,58904,51404,153053,145553,110308,1
27529,48923,92002,76452,119531,140925,0
62684,17478,85798,80162,148482,103276,0
97785,44370,88464,142155,186249,132834,1
54280,60915,46526,115195,100806,107441,1
83634,17980,49174,101614,132808,67154,0
20290,23974,61639,44264,81929,85613,0
35989,46784,56172,82773,92161,102956,1
12704,41200,47008,53904,59712,88208,1
37540,98382,46444,135922,83984,144826,0
84677,316,64723,84993,149400,65039,0
52802,6890,97224,59692,150026,104114,0
43711,20487,50481,64198,94192,70968,1
57759,91218,59616,148977,117375,150834,1
98705,31243,32553,129948,131258,63796,0
2389,84835,45375,87224,47764,130210,0
7998,92808,72256,100806,80254,165064,0
8709,16354,50686,25063,59395,67040,0
18497,66192,10620,84689,29117,76812,0
22932,49271,99109,72203,122041,148380,0
54385,17516,15629,71901,70014,33145,0
5252,66491,96215,71743,101467,162706,0
24590,78716,73054,103306,97644,151770,1
37856,132,82436,37988,120292,82568,0
89414,13675,3912,103089,93326,17587,0
26123,96557,92351,122680,118474,188908,1
63596,14780,63,78376,63659,14843,0
65687,67146,21767,132833,87454,88913,1
3455,89214,2202,92669,5657,91416,0
87793,50795,20583,138588,108376,71378,0
25735,64601,54034,90336,79769,118635,1
18814,49650,13026,68464,31840,62676,0
75293,92818,49040,168111,124333,141858,1
59914,31857,58998,91771,118912,90855,1
86662,59633,97149,146295,183811,156782,1
45873,4519,30314,50392,76187,34833,0
25343,88722,47641,114065,72984,136363,0
8152,90814,21968,98966,30120,112782,0
22217,86760,69651,108977,91868,156411,1
83109,13757,21664,96866,104773,35421,0
93194,15109,13853,108303,107047,28962,0
82588,88984,38571,171572,121159,127555,1
43318,70243,5479,113561,48797,75722,0
44833,9396,55984,54229,100817,65380,0
8124,26137,74500,34261,82624,100637,0
65362,31118,52501,96480,117863,83619,1
13537,71469,2996,85006,16533,74465,0
96604,35040,3986,131644,100590,39026,0
86796,95681,49659,182477,136455,145340,1
89839,54731,33919,144570,123758,88650,0
40308,90548,6393,130856,46701,96941,0
86263,49542,72757,135805,159020,122299,1
47591,29585,98648,77176,146239,128233,0
34124,61486,10840,95610,44964,72326,0
43077,88893,73661,131970,116738,162554,1
57696,38881,811,96577,58507,39692,0
39877,73377,78206,113254,118083,151583,1
84517,31271,93088,115788,177605,124359,1
16477,33549,55575,50026,72052,89124,0
95992,2799,50813,98791,146805,53612,0
68141,28574,4355,96715,72496,32929,0
92420,1334,38680,93754,131100,40014,0
76837,73383,25581,150220,102418,98964,1
88188,1750,703,89938,88891,2453,0
58063,42917,20329,100980,78392,63246,1
92568,53294,57768,145862,150336,111062,1
5049,13427,54441,18476,59490,67868,0
59654,20937,15514,80591,75168,36451,0
15185,78379,75102,93564,90287,153481,1
53241,4372,68588,57613,121829,72960,0
49545,10636,37645,60181,87190,48281,0
53641,37203,57669,90844,111310,94872,1
73732,21856,72998,95588,146730,94854,1
11634,58382,54908,70016,66542,113290,1
99301,67851,78852,167152,178153,146703,1
5558,78688,92553,84246,98111,171241,0
73927,84002,9449,157929,83376,93451,0
47169,80468,74934,127637,122103,155402,1
9044,86781,87581,95825,96625,174362,1
50609,91322,44284,141931,94893,135606,1
20622,2740,28765,23362,49387,31505,0
82748,90028,33766,172776,116514,123794,1
33192,2467,7219,35659,40411,9686,0
27211,21263,98502,48474,125713,119765,0
78165,79845,9097,158010,87262,88942,1
75209,16233,70704,91442,145913,86937,1
80490,37556,17973,118046,98463,55529,0
88170,25772,65500,113942,153670,91272,1
27427,48183,99376,75610,126803,147559,0
43290,97203,39622,140493,82912,136825,0
94671,97631,31403,192302,126074,129034,1
52555,52724,64983,105279,117538,117707,1
61114,59983,35702,121097,96816,95685,1
80778,45200,45117,125978,125895,90317,1
14373,2872,23061,17245,37434,25933,0
40704,38759,66428,79463,107132,105187,1
1468,25975,68484,27443,69952,94459,0
26278,65182,14280,91460,40558,79462,0
55086,8376,75287,63462,130373,83663,0
51387,83817,86216,135204,137603,170033,1
24019,47693,26509,71712,50528,74202,1
37806,37156,56150,74962,93956,93306,1
73295,49107,68927,122402,142222,118034,1
98585,9133,44549,107718,143134,53682,0
33792,92371,49238,126163,83030,141609,0
63986,78131,70083,142117,134069,148214,1
1907,28292,4208,30199,6115,32500,0
66565,83203,24578,149768,91143,107781,1
84795,26420,52052,111215,136847,78472,0
84006,46274,98499,130280,182505,144773,1
43526,2778,53292,46304,96818,56070,0
21779,58000,7675,79779,29454,65675,0
95281,57169,11440,152450,106721,68609,0
73244,26142,6016,99386,79260,32158,0
3826,99557,64616,103383,68442,164173,0
67751,95948,28895,163699,96646,124843,1
39405,71677,30862,111082,70267,102539,0
2167,44030,66919,46197,69086,110949,0
96025,39280,27295,135305,123320,66575,0
40273,41206,88585,81479,128858,129791,0
66920,39886,24315,106806,91235,64201,0
16921,76648,57722,93569,74643,134370,0
21690,29387,26218,51077,47908,55605,1
80411,16524,52535,96935,132946,69059,0
86871,47351,72150,134222,159021,119501,1
62435,78974,64384,141409,126819,143358,1
67151,91804,48802,158955,115953,140606,1
82230,69222,19929,151452,102159,89151,1
91684,92870,96191,184554,187875,189061,1
54984,20061,99516,75045,154500,119577,0
15968,78071,47707,94039,63675,125778,0
40159,16764,6809,56923,46968,23573,0
16130,42206,39422,58336,55552,81628,1
37697,36703,56929,74400,94626,93632,1
77188,98523,36958,175711,114146,135481,1
22756,7635,58530,30391,81286,66165,0
81619,82263,37479,163882,119098,119742,1
1040,80672,67234,81712,68274,147906,0
46877,55562,84119,102439,130996,139681,1
50760,2953,89508,53713,140268,92461,0
20688,48160,39911,68848,60599,88071,1
43628,36321,34475,79949,78103,70796,1
80280,91444,33859,171724,114139,125303,1
62579,5551,59146,68130,121725,64697,1
93117,36794,18791,129911,111908,55585,0
60469,39774,4935,100243,65404,44709,0
7817,73254,36599,81071,44416,109853,0
74348,30604,64188,104952,138536,94792,1
42722,72831,26637,115553,69359,99468,0
15709,89787,27053,105496,42762,116840,0
68780,78760,34675,147540,103455,113435,1
30079,49277,66009,79356,96088,115286,1
1260,22040,77103,23300,78363,99143,0
58675,50477,5963,109152,64638,56440,0
57242,51593,93851,108835,151093,145444,1
59220,48441,20749,107661,79969,69190,1
11451,46630,40806,58081,52257,87436,1
40184,45691,71125,85875,111309,116816,1
61423,2737,97377,64160,158800,100114,0
22362,27599,88173,49961,110535,115772,0
55542,99905,83062,155447,138604,182967,1
83007,58787,61708,141794,144715,120495,1
19298,18099,57451,37397,76749,75550,0
36244,2702,71578,38946,107822,74280,0
7056,68086,45916,75142,52972,114002,0
57199,65728,91318,122927,148517,157046,1
22246,42403,84065,64649,106311,126468,0
4531,63384,92487,67915,97018,155871,0
96368,47112,58832,143480,155200,105944,1
25002,37850,95778,62852,120780,133628,0
37659,62559,57648,100218,95307,120207,1
31147,7895,83936,39042,115083,91831,0
53174,23396,33091,76570,86265,56487,1
22101,14588,65851,36689,87952,80439,0
42662,12959,86079,55621,128741,99038,0
28491,92366,31199,120857,59690,123565,0
58193,95804,8550,153997,66743,104354,0
74463,56853,69570,131316,144033,126423,1
63659,63190,60865,126849,124524,124055,1
12489,98199,26502,110688,38991,124701,0
38576,25594,81273,64170,119849,106867,0
77311,40201,47910,117512,125221,88111,1
82276,24021,40853,106297,123129,64874,0
12086,14246,6927,26332,19013,21173,1
31249,71226,32658,102475,63907,103884,0
31545,33125,11310,64670,42855,44435,1
79726,99742,47500,179468,127226,147242,1
64080,40756,26580,104836,90660,67336,1
5152,50960,62163,56112,67315,113123,0
72140,230,67074,72370,139214,67304,0
97652,23951,80424,121603,178076,104375,1
66009,33087,13711,99096,79720,46798,0
60773,59324,1633,120097,62406,60957,1
51741,93843,97782,145584,149523,191625,1
607,13325,32963,13932,33570,46288,0
93235,15245,95537,108480,188772,110782,1
69793,3670,60679,73463,130472,64349,0
46107,44680,56307,90787,102414,100987,1
3135,10702,28886,13837,32021,39588,0
367,17377,86541,17744,86908,103918,0
90983,60673,37999,151656,128982,98672,1
10633,97948,34286,108581,44919,132234,0
58536,26160,91494,84696,150030,117654,0
62477,46817,65861,109294,128338,112678,1
44517,83564,98633,128081,143150,182197,1
59042,58647,34707,117689,93749,93354,1
11020,62158,77927,73178,88947,140085,0
39184,83937,2883,123121,42067,86820,0
38717,1389,98665,40106,137382,100054,0
16792,85961,74643,102753,91435,160604,1
71720,11158,57331,82878,129051,68489,0
61979,54064,92830,116043,154809,146894,1
15833,46983,98559,62816,114392,145542,0
65682,13607,7623,79289,73305,21230,0
2696,74399,33208,77095,35904,107607,0
3661,67603,64172,71264,67833,131775,1
37207,32823,22331,70030,59538,55154,1
43162,7237,96781,50399,139943,104018,0
38304,88052,37552,126356,75856,125604,0
95828,55745,59681,151573,155509,115426,1
78412,71937,43284,150349,121696,115221,1
953,17700,79495,18653,80448,97195,0
92611,52300,55047,144911,147658,107347,1
46270,68598,88111,114868,134381,156709,1
95927,32161,66315,128088,162242,98476,1
32454,28062,40910,60516,73364,68972,1
71224,17063,59139,88287,130363,76202,1
7112,12962,39742,20074,46854,52704,0
29382,85305,8656,114687,38038,93961,0
26035,3532,39453,29567,65488,42985,0
81851,58582,76781,140433,158632,135363,1
96328,25552,61837,121880,158165,87389,0
48342,10739,189,59081,48531,10928,0
95389,46907,8327,142296,103716,55234,0
11723,4244,37482,15967,49205,41726,0
34377,99655,60814,134032,95191,160469,0
12703,50545,12783,63248,25486,63328,0
25874,75393,8109,101267,33983,83502,0
14735,9507,87244,24242,101979,96751,0
93768,64029,11413,157797,105181,75442,0
79362,97886,96395,177248,175757,194281,1
91821,1743,11928,93564,103749,13671,0
9104,41638,96176,50742,105280,137814,0
69419,44681,59893,114100,129312,104574,1
85515,86713,81898,172228,167413,168611,1
35969,27951,28508,63920,64477,56459,1
10681,87270,89130,97951,99811,176400,1
86790,98098,35920,184888,122710,134018,1
45886,65198,4151,111084,50037,69349,0
73605,62938,31359,136543,104964,94297,1
92657,75538,84319,168195,176976,159857,1
95474,21380,12055,116854,107529,33435,0
34177,47243,2546,81420,36723,49789,0
70853,97418,70344,168271,141197,167762,1
29331,67377,68331,96708,97662,135708,1
75952,69112,54898,145064,130850,124010,1
69827,96212,12541,166039,82368,108753,0
75953,8180,24112,84133,100065,32292,0
95662,93665,98977,189327,194639,192642,1
5990,38093,20535,44083,26525,58628,0
38815,86378,7641,125193,46456,94019,0
65302,49198,45788,114500,111090,94986,1
80560,2904,3049,83464,83609,5953,0
75160,61377,10974,136537,86134,72351,0
41237,80812,51308,122049,92545,132120,1
72449,51477,86593,123926,159042,138070,1
51524,61937,91070,113461,142594,153007,1
40559,72386,78491,112945,119050,150877,1
3645,59242,21686,62887,25331,80928,0
3891,44272,46434,48163,50325,90706,1
23522,84418,6305,107940,29827,90723,0
48515,12030,61582,60545,110097,73612,0
83639,43787,54925,127426,138564,98712,1
89398,81776,75580,171174,164978,157356,1
46568,35534,75137,82102,121705,110671,1
34702,6670,5007,41372,39709,11677,0
73552,51848,41856,125400,115408,93704,1
68518,7513,72692,76031,141210,80205,1
7386,12881,30308,20267,37694,43189,0
51132,59613,52227,110745,103359,111840,1
20,40219,24213,40239,24233,64432,0
82829,95863,43264,178692,126093,139127,1
16045,86005,94838,102050,110883,180843,1
48747,41712,5995,90459,54742,47707,0
23166,96547,12800,119713,35966,109347,0
86848,29634,44787,116482,131635,74421,0
98171,9712,12153,107883,110324,21865,0
88510,38624,36948,127134,125458,75572,0
25618,25775,86988,51393,112606,112763,0
12052,49116,24679,61168,36731,73795,0
49444,54866,32141,104310,81585,87007,1
33063,92177,85003,125240,118066,177180,1
42242,33047,82784,75289,125026,115831,0
23925,89528,72615,113453,96540,162143,1
2135,39860,76125,41995,78260,115985,0
57768,58275,63100,116043,120868,121375,1
17091,50048,98146,67139,115237,148194,0
22476,94375,66557,116851,89033,160932,0
50706,54757,42228,105463,92934,96985,1
50786,61694,30537,112480,81323,92231,1
35177,17706,87992,52883,123169,105698,0
11445,89068,61737,100513,73182,150805,0
77321,56799,15262,134120,92583,72061,0
52867,49251,37645,102118,90512,86896,1
99325,74768,68276,174093,167601,143044,1
67405,89233,97136,156638,164541,186369,1
53047,82235,4246,135282,57293,86481,0
52779,64371,76981,117150,129760,141352,1
27249,94333,48459,121582,75708,142792,0
33352,1999,85721,35351,119073,87720,0
69473,22399,15951,91872,85424,38350,0
17670,67072,58631,84742,76301,125703,1
85147,63896,41732,149043,126879,105628,1
88972,82773,72219,171745,161191,154992,1
21664,36511,43863,58175,65527,80374,1
37216,34628,42086,71844,79302,76714,1
14721,92724,65943,107445,80664,158667,0
46290,75235,32091,121525,78381,107326,1
99148,65681,35006,164829,134154,100687,1
88921,36309,68585,125230,157506,104894,1
45298,85065,40202,130363,85500,125267,1
42637,32719,71049,75356,113686,103768,1
83432,52176,75360,135608,158792,127536,1
61026,17553,31159,78579,92185,48712,0
43526,9354,5755,52880,49281,15109,0
82322,88715,91271,171037,173593,179986,1
40090,60179,26899,100269,66989,87078,1
83411,696,44666,84107,128077,45362,0
27027,48763,39721,75790,66748,88484,1
63292,18138,95446,81430,158738,113584,0
67249,33418,39730,100667,106979,73148,1
94895,33951,87918,128846,182813,121869,1
68227,46541,59982,114768,128209,106523,1
68097,26641,52284,94738,120381,78925,1
96807,63156,15366,159963,112173,78522,0
37161,67721,97467,104882,134628,165188,1
94946,90695,58695,185641,153641,149390,1
96154,35526,52590,131680,148744,88116,0
6350,6638,61574,12988,67924,68212,0
58484,38440,37573,96924,96057,76013,1
60973,69570,65977,130543,126950,135547,1
29100,94322,8499,123422,37599,102821,0
99129,90372,52922,189501,152051,143294,1
7472,50827,99167,58299,106639,149994,0
52345,64689,24691,117034,77036,89380,1
81381,72468,78409,153849,159790,150877,1
16930,40543,11029,57473,27959,51572,0
61693,38749,66854,100442,128547,105603,1
17027,87277,1442,104304,18469,88719,0
93459,1658,53208,95117,146667,54866,0
36674,26176,33653,62850,70327,59829,1
13538,12753,40765,26291,54303,53518,0
54603,58737,7307,113340,61910,66044,1
4834,20650,89588,25484,94422,110238,0
1779,52549,78207,54328,79986,130756,0
28459,80107,61607,108566,90066,141714,1
21457,25327,47989,46784,69446,73316,0
82520,53541,7719,136061,90239,61260,0
58420,60552,66047,118972,124467,126599,1
68923,90203,58035,159126,126958,148238,1
32255,3776,64057,36031,96312,67833,0
79983,73924,96753,153907,176736,170677,1
11333,35565,88081,46898,99414,123646,0
72130,91868,47043,163998,119173,138911,1
19901,34577,80211,54478,100112,114788,0
47359,40946,88273,88305,135632,129219,1
81838,80816,12097,162654,93935,92913,1
92274,76278,89706,168552,181980,165984,1
56178,36132,31176,92310,87354,67308,1
73435,57940,55141,131375,128576,113081,1
70290,74433,16095,144723,86385,90528,1
41067,32181,34690,73248,75757,66871,1
30616,36831,47916,67447,78532,84747,1
8096,60075,53586,68171,61682,113661,1
49545,715,50649,50260,100194,51364,0
23313,33195,83611,56508,106924,116806,0
87212,37880,92520,125092,179732,130400,1
8476,10590,39301,19066,47777,49891,0
73814,97859,31402,171673,105216,129261,1
31754,30961,47025,62715,78779,77986,1
25511,74284,56107,99795,81618,130391,1
72119,46830,35388,118949,107507,82218,1
47736,92104,56875,139840,104611,148979,1
18715,26089,85539,44804,104254,111628,0
89429,29868,87845,119297,177274,117713,1
38510,84378,93171,122888,131681,177549,1
429,61431,6940,61860,7369,68371,0
95485,88159,77367,183644,172852,165526,1
1189,4358,48524,5547,49713,52882,0
79103,83377,74411,162480,153514,157788,1
29721,19088,55444,48809,85165,74532,0
17498,24798,92054,42296,109552,116852,0
70446,14634,29061,85080,99507,43695,0
26165,84788,19986,110953,46151,104774,0
61180,23330,19212,84510,80392,42542,0
23228,28944,52828,52172,76056,81772,0
1479,22960,40301,24439,41780,63261,0
52318,40113,1557,92431,53875,41670,0
25251,98739,66128,123990,91379,164867,0
60030,33809,13570,93839,73600,47379,0
91514,76335,95716,167849,187230,172051,1
90026,59868,10829,149894,100855,70697,0
61290,23103,40173,84393,101463,63276,1
78195,36082,36119,114277,114314,72201,0
79356,36827,5994,116183,85350,42821,0
9289,36583,32919,45872,42208,69502,1
61541,69378,24885,130919,86426,94263,1
29790,87578,66847,117368,96637,154425,1
94049,8572,91703,102621,185752,100275,1
54391,2013,49702,56404,104093,51715,0
16834,3706,83537,20540,100371,87243,0
78271,93541,33128,171812,111399,126669,1
30554,76805,69228,107359,99782,146033,1
69823,36567,26159,106390,95982,62726,0
49438,82213,16129,131651,65567,98342,0
74679,78461,13660,153140,88339,92121,1
48491,81413,76705,129904,125196,158118,1
8660,85917,39708,94577,48368,125625,0
76776,29227,69070,106003,145846,98297,1
77319,83893,82874,161212,160193,166767,1
16487,83459,46441,99946,62928,129900,0
82006,92412,40751,174418,122757,133163,1
27561,2396,70102,29957,97663,72498,0
98713,47781,70304,146494,169017,118085,1
84618,52476,56554,137094,141172,109030,1
66307,5866,66916,72173,133223,72782,1
46335,50393,20709,96728,67044,71102,1
49564,93315,61316,142879,110880,154631,1
55863,38980,35627,94843,91490,74607,1
59864,13053,28481,72917,88345,41534,0
66786,81060,72170,147846,138956,153230,1
99743,74441,69666,174184,169409,144107,1
85597,30622,92733,116219,178330,123355,1
1590,89704,65899,91294,67489,155603,0
39845,59444,99823,99289,139668,159267,0
84082,30051,25049,114133,109131,55100,0
98042,12962,20519,111004,118561,33481,0
71293,56503,48759,127796,120052,105262,1
69369,26539,52983,95908,122352,79522,1
21703,35623,51987,57326,73690,87610,1
8678,86381,875,95059,9553,87256,0
17775,18095,5048,35870,22823,23143,1
11969,82992,45578,94961,57547,128570,0
72013,86937,57220,158950,129233,144157,1
60050,10621,12028,70671,72078,22649,0
37902,14135,24765,52037,62667,38900,1
26975,98464,14562,125439,41537,113026,0
25181,93559,38800,118740,63981,132359,0
53587,18323,78354,71910,131941,96677,0
12529,63100,37813,75629,50342,100913,0
32462,47278,64580,79740,97042,111858,1
434,52935,22675,53369,23109,75610,0
73867,59556,21914,133423,95781,81470,1
53481,80093,83069,133574,136550,163162,1
75121,10619,98265,85740,173386,108884,0
91083,64205,26816,155288,117899,91021,0
52570,72726,93863,125296,146433,166589,1
17078,81092,63308,98170,80386,144400,0
25566,27516,20993,53082,46559,48509,1
17285,63863,43997,81148,61282,107860,0
40480,66421,12143,106901,52623,78564,0
1498,81128,21679,82626,23177,102807,0
2640,95019,24015,97659,26655,119034,0
64865,61495,86239,126360,151104,147734,1
8482,19880,21053,28362,29535,40933,1
15671,24369,93462,40040,109133,117831,0
90398,89822,56218,180220,146616,146040,1
5370,86511,9569,91881,14939,96080,0
64403,49067,18070,113470,82473,67137,1
78132,38349,87839,116481,165971,126188,1
96903,6691,33625,103594,130528,40316,0
16325,66547,6130,82872,22455,72677,0
3021,21281,4194,24302,7215,25475,0
95427,90099,61717,185526,157144,151816,1
74160,58636,18948,132796,93108,77584,1
99966,17451,9707,117417,109673,27158,0
91451,29279,20968,120730,112419,50247,0
44468,57056,77735,101524,122203,134791,1
40967,1672,73157,42639,114124,74829,0
52487,18595,76856,71082,129343,95451,0
56646,97012,2680,153658,59326,99692,0
83736,8316,29328,92052,113064,37644,0
89759,73561,30514,163320,120273,104075,1
5007,3665,29541,8672,34548,33206,0
96520,5668,97543,102188,194063,103211,1
2052,54903,26933,56955,28985,81836,0
22534,45691,73492,68225,96026,119183,0
20708,1417,93809,22125,114517,95226,0
49864,48271,70229,98135,120093,118500,1
61225,72619,59712,133844,120937,132331,1
98402,77689,38951,176091,137353,116640,1
91393,21920,61721,113313,153114,83641,0
89278,12300,21772,101578,111050,34072,0
65758,14845,34882,80603,100640,49727,0
64707,86263,29159,150970,93866,115422,1
46730,88642,23889,135372,70619,112531,0
38308,55591,16764,93899,55072,72355,0
9219,79882,90666,89101,99885,170548,0
7821,4067,24390,11888,32211,28457,0
86202,4096,11686,90298,97888,15782,0
85955,37585,73311,123540,159266,110896,1
6105,14652,40235,20757,46340,54887,0
75157,69000,97284,144157,172441,166284,1
25140,79962,36623,105102,61763,116585,0
48374,66969,72606,115343,120980,139575,1
24146,30766,96703,54912,120849,127469,0
24465,21042,23719,45507,48184,44761,1
88017,66061,31390,154078,119407,97451,1
19346,13148,68676,32494,88022,81824,0
34871,56191,33918,91062,68789,90109,1
6074,50230,49593,56304,55667,99823,1
91396,68820,28642,160216,120038,97462,1
89169,11721,47301,100890,136470,59022,0
48615,51740,24457,100355,73072,76197,1
22187,54802,88648,76989,110835,143450,0
1564,43649,62832,45213,64396,106481,0
80103,21368,34142,101471,114245,55510,0
52039,72431,68741,124470,120780,141172,1
51815,78564,79695,130379,131510,158259,1
80274,60218,60246,140492,140520,120464,1
34512,52816,41832,87328,76344,94648,1
85380,45093,30741,130473,116121,75834,0
76637,34072,25918,110709,102555,59990,0
99437,58363,74053,157800,173490,132416,1
33809,2772,76003,36581,109812,78775,0
69349,38692,27081,108041,96430,65773,0
66693,72649,17238,139342,83931,89887,1
58187,71008,56303,129195,114490,127311,1
25762,34387,35351,60149,61113,69738,1
4718,14474,58972,19192,63690,73446,0
44123,54387,24095,98510,68218,78482,1
46521,10950,79231,57471,125752,90181,0
75292,52898,68507,128190,143799,121405,1
61363,98517,25001,159880,86364,123518,0
66129,32241,41713,98370,107842,73954,1
74190,9083,46766,83273,120956,55849,0
87964,78809,9735,166773,97699,88544,1
60023,18703,89537,78726,149560,108240,0
16857,12759,21029,29616,37886,33788,1
37954,27415,34767,65369,72721,62182,1
84684,37179,13389,121863,98073,50568,0
45157,41310,1316,86467,46473,42626,0
91651,1722,95639,93373,187290,97361,0
98549,60093,72223,158642,170772,132316,1
6958,86813,98925,93771,105883,185738,0
86886,16627,35119,103513,122005,51746,0
82325,26806,42084,109131,124409,68890,0
69262,29038,27562,98300,96824,56600,0
62455,75961,35675,138416,98130,111636,1
82540,12047,21234,94587,103774,33281,0
15358,62111,54793,77469,70151,116904,1
59786,44476,96864,104262,156650,141340,1
81616,81350,20884,162966,102500,102234,1
25354,31738,69214,57092,94568,100952,0
3053,84819,80904,87872,83957,165723,0
13830,29306,25531,43136,39361,54837,1
201,46917,16472,47118,16673,63389,0
25398,54991,56585,80389,81983,111576,1
24585,98130,85447,122715,110032,183577,1
84427,77753,41223,162180,125650,118976,1
1961,42933,51157,44894,53118,94090,0
13351,23059,72692,36410,86043,95751,0
68237,92873,36441,161110,104678,129314,1
55619,16623,67648,72242,123267,84271,1
45929,27424,23902,73353,69831,51326,1
63396,22946,48549,86342,111945,71495,1
63083,53049,80947,116132,144030,133996,1
44939,37792,42338,82731,87277,80130,1
69972,52383,22267,122355,92239,74650,1
48630,45211,94455,93841,143085,139666,0
57669,19880,94333,77549,152002,114213,0
15912,73799,44540,89711,60452,118339,0
87829,46421,67412,134250,155241,113833,1
48254,91324,5437,139578,53691,96761,0
93234,49918,82811,143152,176045,132729,1
39719,77880,52705,117599,92424,130585,1
38646,50429,18181,89075,56827,68610,1
55340,55456,84221,110796,139561,139677,1
92046,59418,98332,151464,190378,157750,1
91789,93848,98802,185637,190591,192650,1
89244,43832,13192,133076,102436,57024,0
93347,95006,18468,188353,111815,113474,1
79877,19449,59499,99326,139376,78948,0
48429,75735,20606,124164,69035,96341,0
96924,40029,54341,136953,151265,94370,0
30375,45051,35419,75426,65794,80470,1
53365,21533,40252,74898,93617,61785,1
10929,91905,2603,102834,13532,94508,0
49278,21726,3528,71004,52806,25254,0
94406,88932,32612,183338,127018,121544,1
1254,66343,89918,67597,91172,156261,0
94836,43770,42674,138606,137510,86444,0
43713,378,36595,44091,80308,36973,0
7030,16922,30961,23952,37991,47883,0
67948,19746,27665,87694,95613,47411,0
81178,87385,85249,168563,166427,172634,1
25682,91547,62221,117229,87903,153768,0
84012,66285,6889,150297,90901,73174,0
87064,4869,75842,91933,162906,80711,0
35495,89933,3078,125428,38573,93011,0
97972,80231,99391,178203,197363,179622,1
43357,33282,66721,76639,110078,100003,1
18646,16472,5698,35118,24344,22170,1
59586,3390,98970,62976,158556,102360,0
48137,80311,63539,128448,111676,143850,1
82342,1156,83299,83498,165641,84455,1
42652,41879,65172,84531,107824,107051,1
19255,55165,30397,74420,49652,85562,0
17024,25,11514,17049,28538,11539,0
36492,31819,86158,68311,122650,117977,0
44977,27807,40033,72784,85010,67840,1
43817,45296,13497,89113,57314,58793,1
43870,43768,7175,87638,51045,50943,1
94102,62904,6155,157006,100257,69059,0
97556,76471,88615,174027,186171,165086,1
51565,93616,83229,145181,134794,176845,1
9130,15451,76853,24581,85983,92304,0
69896,61077,16032,130973,85928,77109,1
9423,95985,79088,105408,88511,175073,0
85393,92928,63441,178321,148834,156369,1
89178,50616,60609,139794,149787,111225,1
68999,77648,62127,146647,131126,139775,1
87618,48057,65940,135675,153558,113997,1
84246,32772,31201,117018,115447,63973,0
95851,33441,30006,129292,125857,63447,0
69430,22647,95290,92077,164720,117937,0
2925,17179,21058,20104,23983,38237,0
63385,83151,20503,146536,83888,103654,1
49731,68070,27103,117801,76834,95173,1
54156,91071,40790,145227,94946,131861,1
78873,29628,83520,108501,162393,113148,1
48396,43341,28399,91737,76795,71740,1
28001,64964,16858,92965,44859,81822,0
96112,45149,75628,141261,171740,120777,1
70165,94948,93916,165113,164081,188864,1
42291,81149,72164,123440,114455,153313,1
44710,71983,28108,116693,72818,100091,1
84941,27180,42412,112121,127353,69592,0
48229,50982,39160,99211,87389,90142,1
49954,44666,25395,94620,75349,70061,1
70010,33691,68898,103701,138908,102589,1
79447,83954,28854,163401,108301,112808,1
51491,67056,26761,118547,78252,93817,1
89257,84345,88679,173602,177936,173024,1
76484,69684,31807,146168,108291,101491,1
4069,79299,12039,83368,16108,91338,0
69154,57663,48256,126817,117410,105919,1
53319,88487,2896,141806,56215,91383,0
21870,76160,76230,98030,98100,152390,1
93299,61471,81921,154770,175220,143392,1
92401,32739,51388,125140,143789,84127,0
4039,53055,20385,57094,24424,73440,0
51761,84604,97777,136365,149538,182381,1
59522,78139,65251,137661,124773,143390,1
64305,39571,6292,103876,70597,45863,0
66478,58063,63863,124541,130341,121926,1
14588,64856,55015,79444,69603,119871,1
15274,99695,78836,114969,94110,178531,0
56716,41086,8252,97802,64968,49338,0
99035,94145,40072,193180,139107,134217,1
59246,42636,85598,101882,144844,128234,1
12456,97736,848,110192,13304,98584,0
20714,75571,99109,96285,119823,174680,0
98108,60633,10573,158741,108681,71206,0
41871,10920,984,52791,42855,11904,0
13594,45193,38397,58787,51991,83590,1
94012,76852,62558,170864,156570,139410,1
44755,21408,42153,66163,86908,63561,1
5847,79345,87336,85192,93183,166681,0
63087,70241,54301,133328,117388,124542,1
28805,21288,11936,50093,40741,33224,1
91110,28273,24776,119383,115886,53049,0
61016,45397,17709,106413,78725,63106,1
13886,97329,17335,111215,31221,114664,0
95455,21280,71887,116735,167342,93167,0
80087,82805,2722,162892,82809,85527,1
54204,98081,77326,152285,131530,175407,1
70251,89006,41014,159257,111265,130020,1
21628,49849,13690,71477,35318,63539,0
11157,52593,27172,63750,38329,79765,0
42889,65867,79323,108756,122212,145190,1
69765,14203,28381,83968,98146,42584,0
84196,96812,64522,181008,148718,161334,1
95476,71498,32359,166974,127835,103857,1
29889,40641,55052,70530,84941,95693,1
47530,82409,66768,129939,114298,149177,1
83027,34845,89691,117872,172718,124536,1
12086,83612,99688,95698,111774,183300,0
29761,46292,14796,76053,44557,61088,0
98515,67959,96661,166474,195176,164620,1
37676,44955,6501,82631,44177,51456,0
89245,43600,52963,132845,142208,96563,1
64410,71575,48839,135985,113249,120414,1
29589,48591,86064,78180,115653,134655,0
48830,63613,69462,112443,118292,133075,1
33134,46982,67527,80116,100661,114509,1
39088,38792,89360,77880,128448,128152,0
75350,46836,87517,122186,162867,134353,1
86569,54996,21564,141565,108133,76560,0
163,77897,73608,78060,73771,151505,0
32960,38173,62700,71133,95660,100873,1
26438,73823,50988,100261,77426,124811,1
8011,21244,98539,29255,106550,119783,0
91783,86054,36857,177837,128640,122911,1
6591,92325,22700,98916,29291,115025,0
36352,85609,64755,121961,101107,150364,1
41126,60143,41019,101269,82145,101162,1
98258,72790,89419,171048,187677,162209,1
69747,91952,18752,161699,88499,110704,0
40030,45728,65918,85758,105948,111646,1
67014,40813,59180,107827,126194,99993,1
70825,56983,24770,127808,95595,81753,1
26483,54462,6696,80945,33179,61158,0
1999,69183,16065,71182,18064,85248,0
97183,7995,3019,105178,100202,11014,0
82237,86184,8773,168421,91010,94957,1
48274,10905,20995,59179,69269,31900,0
20898,17738,86226,38636,107124,103964,0
53005,65323,59758,118328,112763,125081,1
47093,15371,8246,62464,55339,23617,0
10119,6001,42066,16120,52185,48067,0
95956,77797,97663,173753,193619,175460,1
47959,28112,28067,76071,76026,56179,1
21536,58091,9562,79627,31098,67653,0
45491,90761,61610,136252,107101,152371,1
83831,6465,2182,90296,86013,8647,0
38151,16080,49689,54231,87840,65769,1
76195,12350,30976,88545,107171,43326,0
45570,25008,79873,70578,125443,104881,0
7228,32334,63119,39562,70347,95453,0
45991,68323,14264,114314,60255,82587,0
30633,87325,39938,117958,70571,127263,0
12022,76444,25734,88466,37756,102178,0
10589,8972,88723,19561,99312,97695,0
79074,87679,98889,166753,177963,186568,1
80102,71727,10773,151829,90875,82500,1
23422,47899,32230,71321,55652,80129,1
2896,89262,79738,92158,82634,169000,0
48469,49682,62103,98151,110572,111785,1
86396,96904,56083,183300,142479,152987,1
85136,71376,83544,156512,168680,154920,1
63103,53482,78786,116585,141889,132268,1
39108,43432,46169,82540,85277,89601,1
5363,89793,50510,95156,55873,140303,0
87863,54732,65575,142595,153438,120307,1
33551,99879,15468,133430,49019,115347,0
45206,7443,18623,52649,63829,26066,0
59154,69443,36173,128597,95327,105616,1
81195,42626,13454,123821,94649,56080,0
16905,39234,90309,56139,107214,129543,0
45897,33277,91044,79174,136941,124321,0
86232,51370,80872,137602,167104,132242,1
77031,37896,31355,114927,108386,69251,0
43408,48965,84649,92373,128057,133614,1
69825,88947,55806,158772,125631,144753,1
57737,79456,50702,137193,108439,130158,1
69507,81678,49657,151185,119164,131335,1
86786,31807,23915,118593,110701,55722,0
59540,97927,34133,157467,93673,132060,0
70994,50649,70034,121643,141028,120683,1
22541,69942,76571,92483,99112,146513,1
87770,60986,66703,148756,154473,127689,1
89028,33829,91580,122857,180608,125409,1
53820,1086,6221,54906,60041,7307,0
31497,44149,41159,75646,72656,85308,1
50150,3673,61838,53823,111988,65511,0
62434,27290,13660,89724,76094,40950,0
49591,97720,53339,147311,102930,151059,1
6433,1864,47271,8297,53704,49135,0
81827,15014,51309,96841,133136,66323,0
48276,64876,53915,113152,102191,118791,1
27495,43351,49077,70846,76572,92428,1
32553,25132,94406,57685,126959,119538,0
23390,68821,22162,92211,45552,90983,0
22098,38167,93736,60265,115834,131903,0
5172,22785,49631,27957,54803,72416,0
53808,60118,38786,113926,92594,98904,1
5769,31833,4801,37602,10570,36634,0
54871,37668,61018,92539,115889,98686,1
48794,77901,57975,126695,106769,135876,1
78208,75729,74175,153937,152383,149904,1
64525,21967,60545,86492,125070,82512,1
1542,80134,61705,81676,63247,141839,0
82689,44899,79530,127588,162219,124429,1
52712,44020,85711,96732,138423,129731,1
26963,14988,41253,41951,68216,56241,1
56685,87800,83283,144485,139968,171083,1
35051,51265,54872,86316,89923,106137,1
45939,25313,5217,71252,51156,30530,0
72961,77735,78066,150696,151027,155801,1
94536,40597,60344,135133,154880,100941,1
34292,61976,45066,96268,79358,107042,1
12121,84172,48988,96293,61109,133160,0
32681,18008,1971,50689,34652,19979,0
1219,36148,86978,37367,88197,123126,0
4652,63137,57021,67789,61673,120158,0
33148,74760,33458,107908,66606,108218,0
63590,35512,30533,99102,94123,66045,1
40991,20062,91704,61053,132695,111766,0
65085,30719,50839,95804,115924,81558,1
71324,32520,5156,103844,76480,37676,0
87968,26922,4003,114890,91971,30925,0
49162,5603,16268,54765,65430,21871,0
26507,23611,70658,50118,97165,94269,0
55723,50835,66666,106558,122389,117501,1
44888,95145,57788,140033,102676,152933,1
16258,66936,53581,83194,69839,120517,1
98166,82236,34764,180402,132930,117000,1
53831,3344,81434,57175,135265,84778,0
1016,90201,30534,91217,31550,120735,0
40909,98413,15598,139322,56507,114011,0
71618,97154,11954,168772,83572,109108,0
10522,31930,83483,42452,94005,115413,0
32259,20143,64266,52402,96525,84409,0
22147,40363,73861,62510,96008,114224,0
81879,27362,87835,109241,169714,115197,1
54249,66374,66544,120623,120793,132918,1
86105,46697,63457,132802,149562,110154,1
99668,30209,83607,129877,183275,113816,1
36991,18456,55896,55447,92887,74352,0
41344,59274,33840,100618,75184,93114,1
40369,58586,34613,98955,74982,93199,1
93321,23750,53674,117071,146995,77424,0
78737,58688,66829,137425,145566,125517,1
59410,77181,87673,136591,147083,164854,1
62217,59760,83131,121977,145348,142891,1
28274,61219,91738,89493,120012,152957,0
18259,44064,12785,62323,31044,56849,0
34979,85052,40379,120031,75358,125431,0
19204,76785,25922,95989,45126,102707,0
61958,13379,64712,75337,126670,78091,1
43196,66243,35923,109439,79119,102166,1
54613,72658,55173,127271,109786,127831,1
6151,45437,55549,51588,61700,100986,0
83335,15002,45559,98337,128894,60561,0
4399,56075,20148,60474,24547,76223,0
67958,23746,30579,91704,98537,54325,0
59236,39219,97633,98455,156869,136852,1
60424,68134,45112,128558,105536,113246,1
47691,50691,29476,98382,77167,80167,1
18207,57601,94014,75808,112221,151615,0
52255,8634,30223,60889,82478,38857,0
41059,1116,41552,42175,82611,42668,1
95481,10056,71926,105537,167407,81982,0
59344,19788,52877,79132,112221,72665,1
41102,44766,45813,85868,86915,90579,1
71960,66163,64948,138123,136908,131111,1
44463,9041,47809,53504,92272,56850,1
10591,56210,88741,66801,99332,144951,0
43513,57493,53808,101006,97321,111301,1
22469,81635,49612,104104,72081,131247,0
55081,6869,26410,61950,81491,33279,0
71686,91389,42724,163075,114410,134113,1
15174,88576,67082,103750,82256,155658,0
80700,68920,29210,149620,109910,98130,1
52478,91870,91775,144348,144253,183645,1
89407,41727,46123,131134,135530,87850,0
33607,9265,74580,42872,108187,83845,0
64991,3684,46130,68675,111121,49814,0
44341,27323,12178,71664,56519,39501,0
22532,5277,98861,27809,121393,104138,0
50049,42416,71319,92465,121368,113735,1
51875,43272,25429,95147,77304,68701,1
42371,41870,40700,84241,83071,82570,1
56051,3812,18403,59863,74454,22215,0
11383,93219,73439,104602,84822,166658,0
55372,57599,29427,112971,84799,87026,1
79323,33691,23742,113014,103065,57433,0
99881,17517,31000,117398,130881,48517,0
61838,16984,16342,78822,78180,33326,0
37658,50633,26337,88291,63995,76970,1
64376,97816,20629,162192,85005,118445,0
7169,89022,9592,96191,16761,98614,0
99403,22281,10471,121684,109874,32752,0
35117,80155,99087,115272,134204,179242,1
14944,74048,13202,88992,28146,87250,0
42946,79016,6861,121962,49807,85877,0
10411,91953,57331,102364,67742,149284,0
9971,79050,24864,89021,34835,103914,0
83765,88288,52949,172053,136714,141237,1
20826,90148,71965,110974,92791,162113,1
52570,59,6937,52629,59507,6996,0
62934,24082,40384,87016,103318,64466,1
87799,42019,13884,129818,101683,55903,0
37012,66590,62960,103602,99972,129550,1
25272,72009,24676,97281,49948,96685,0
80672,20107,10731,100779,91403,30838,0
26665,80232,51916,106897,78581,132148,0
2595,51117,50242,53712,52837,101359,1
35904,88459,7208,124363,43112,95667,0
91832,24829,10039,116661,101871,34868,0
10824,4513,12562,15337,23386,17075,1
1817,88008,35133,89825,36950,123141,0
75190,2803,74520,77993,149710,77323,1
29762,71421,89901,101183,119663,161322,1
42866,4982,29113,47848,71979,34095,0
75264,75599,62077,150863,137341,137676,1
51357,16691,88442,68048,139799,105133,0
51534,78984,15282,130518,66816,94266,0
78198,15138,80640,93336,158838,95778,1
63333,58312,96139,121645,159472,154451,1
24461,42737,82921,67198,107382,125658,0
59956,14264,47107,74220,107063,61371,1
26136,42588,16660,68724,42796,59248,1
35392,94636,69633,130028,105025,164269,1
29977,6954,27838,36931,57815,34792,1
30082,73136,41527,103218,71609,114663,0
94571,35389,37743,129960,132314,73132,0
64539,2668,37186,67207,101725,39854,0
52515,99996,44652,152511,97167,144648,0
38390,41068,24339,79458,62729,65407,1
98672,45161,40097,143833,138769,85258,0
22985,68885,87454,91870,110439,156339,1
90582,26306,55211,116888,145793,81517,0
35368,79523,68039,114891,103407,147562,1
29468,46350,65817,75818,95285,112167,1
8553,60842,41268,69395,49821,102110,0
92647,5828,67405,98475,160052,73233,0
30664,4267,26836,34931,57500,31103,1
28809,81603,84558,110412,113367,166161,1
5239,36502,23351,41741,28590,59853,0
26420,13955,69100,40375,95520,83055,0
28852,31592,47188,60444,76040,78780,1
51874,65708,35294,117582,87168,101002,1
90260,10023,13997,100283,104257,24020,0
82869,43692,17747,126561,100616,61439,0
33262,45706,4721,78968,37983,50427,0
66324,6449,24074,72773,90398,30523,0
6872,64000,65677,70872,72549,129677,1
44215,81875,59916,126090,104131,141791,1
49530,24133,83801,73663,133331,107934,0
38442,88097,56086,126539,94528,144183,1
73126,6525,79167,79651,152293,85692,1
21330,4321,51083,25651,72413,55404,0
58716,75034,98142,133750,156858,173176,1
32004,74763,98469,106767,130473,173232,1
59274,85265,8320,144539,67594,93585,0
81776,81672,41703,163448,123479,123375,1
46683,54077,30580,100760,77263,84657,1
35421,15188,81834,50609,117255,97022,0
65917,47476,51484,113393,117401,98960,1
72053,60203,19382,132256,91435,79585,1
55438,83804,79288,139242,134726,163092,1
18285,95189,8689,113474,26974,103878,0
95275,72425,75373,167700,170648,147798,1
71399,94483,33929,165882,105328,128412,1
46700,39907,58186,86607,104886,98093,1
55296,98055,41917,153351,97213,139972,0
91616,62030,33433,153646,125049,95463,1
76977,88493,73336,165470,150313,161829,1
67276,89865,62330,157141,129606,152195,1
30960,308,77855,31268,108815,78163,0
9084,50624,23830,59708,32914,74454,0
16845,47093,36494,63938,53339,83587,1
54580,88109,32247,142689,86827,120356,0
22522,83261,86893,105783,109415,170154,1
36226,26536,95568,62762,131794,122104,0
36891,76021,52149,112912,89040,128170,1
73702,28771,7452,102473,81154,36223,0
21300,41590,95356,62890,116656,136946,0
611,23520,74324,24131,74935,97844,0
58082,14828,96547,72910,154629,111375,0
46659,59932,86951,106591,133610,146883,1
4049,4715,36598,8764,40647,41313,0
31620,29216,5899,60836,37519,35115,1
20137,15025,53397,35162,73534,68422,0
74891,64198,5484,139089,80375,69682,0
66302,58415,83868,124717,150170,142283,1
78178,94452,17849,172630,96027,112301,1
30001,58968,37387,88969,67388,96355,1
58910,46556,92785,105466,151695,139341,1
78551,53345,8870,131896,87421,62215,0
65763,91873,8366,157636,74129,100239,0
17035,74233,94969,91268,112004,169202,0
51572,76885,10063,128457,61635,86948,0
80417,26216,22668,106633,103085,48884,0
27956,53422,52316,81378,80272,105738,1
47251,29524,93896,76775,141147,123420,0
88997,14870,5798,103867,94795,20668,0
99804,64681,94640,164485,194444,159321,1
90595,41232,34862,131827,125457,76094,0
38873,88733,51491,127606,90364,140224,1
54059,75722,35066,129781,89125,110788,1
20753,76680,17231,97433,37984,93911,0
71622,38227,15176,109849,86798,53403,0
3404,96314,19961,99718,23365,116275,0
35408,10945,46723,46353,82131,57668,0
23299,71856,69496,95155,92795,141352,1
37535,86069,6171,123604,43706,92240,0
13757,68849,18071,82606,31828,86920,0
4530,34945,53539,39475,58069,88484,0
44781,49383,92093,94164,136874,141476,1
62507,80760,85461,143267,147968,166221,1
10174,96213,45577,106387,55751,141790,0
89923,59290,55373,149213,145296,114663,1
23408,67609,80074,91017,103482,147683,1
59116,94834,5818,153950,64934,100652,0
65525,67628,43933,133153,109458,111561,1
97883,21465,95275,119348,193158,116740,1
43077,92479,62149,135556,105226,154628,1
9143,38478,64935,47621,74078,103413,0
56225,4605,46092,60830,102317,50697,0
66624,30477,37575,97101,104199,68052,1
22331,19739,32151,42070,54482,51890,1
32621,10922,54082,43543,86703,65004,0
40590,38603,90422,79193,131012,129025,0
29822,72159,58928,101981,88750,131087,1
77266,58833,11888,136099,89154,70721,0
53678,18714,35355,72392,89033,54069,1
40725,80955,31054,121680,71779,112009,0
52704,35747,86289,88451,138993,122036,1
49415,81935,9759,131350,59174,91694,0
45290,61850,55158,107140,100448,117008,1
14790,31783,52848,46573,67638,84631,0
8323,12708,19456,21031,27779,32164,1
42185,77139,87541,119324,129726,164680,1
49510,13732,20522,63242,70032,34254,0
2829,65956,55001,68785,57830,120957,0
14370,13692,73717,28062,88087,87409,0
39906,88539,41572,128445,81478,130111,0
19661,28668,34830,48329,54491,63498,1
85201,48051,97013,133252,182214,145064,1
77946,65812,54713,143758,132659,120525,1
51519,77196,83261,128715,134780,160457,1
83937,9286,80705,93223,164642,89991,1
86362,8763,90805,95125,177167,99568,1
6624,9419,18728,16043,25352,28147,0
77687,8439,32650,86126,110337,41089,0
93669,32008,54262,125677,147931,86270,0
68414,65689,92522,134103,160936,158211,1
45568,21126,8021,66694,53589,29147,0
15715,3385,11211,19100,26926,14596,0
29340,57028,17900,86368,47240,74928,0
16270,56620,14728,72890,30998,71348,0
74735,88867,87024,163602,161759,175891,1
69686,55264,31538,124950,101224,86802,1
79936,67489,44885,147425,124821,112374,1
55503,25751,17719,81254,73222,43470,0
13385,68109,97270,81494,110655,165379,0
75564,36809,48786,112373,124350,85595,1
83098,29867,53942,112965,137040,83809,1
91277,17713,79296,108990,170573,97009,1
3216,9806,47450,13022,50666,57256,0
95692,66111,3091,161803,98783,69202,0
83706,35610,48000,119316,131706,83610,0
45775,44640,61096,90415,106871,105736,1
84371,66457,57028,150828,141399,123485,1
44066,21226,57972,65292,102038,79198,1
98968,29669,79829,128637,178797,109498,1
21420,1638,99258,23058,120678,100896,0
51941,53028,12802,104969,64743,65830,1
61655,72562,12367,134217,74022,84929,1
30266,64197,74341,94463,104607,138538,1
40100,59179,91640,99279,131740,150819,1
92923,32311,84292,125234,177215,116603,1
58568,48812,93974,107380,152542,142786,1
88628,91229,84778,179857,173406,176007,1
81730,35864,5100,117594,86830,40964,0
19027,32912,81598,51939,100625,114510,0
26540,48050,54726,74590,81266,102776,1
65221,96898,57331,162119,122552,154229,1
69374,6856,3153,76230,72527,10009,0
25071,25261,7627,50332,32698,32888,1
43218,92514,25921,135732,69139,118435,0
32252,92937,46541,125189,78793,139478,0
59031,66777,66217,125808,125248,132994,1
42029,6433,14072,48462,56101,20505,0
40998,71343,48469,112341,89467,119812,1
23869,60357,66445,84226,90314,126802,1
20112,46797,54391,66909,74503,101188,1
98377,67011,97762,165388,196139,164773,1
39883,41587,54048,81470,93931,95635,1
52650,67968,26331,120618,78981,94299,1
34311,74973,11274,109284,45585,86247,0
48968,91058,42823,140026,91791,133881,1
77549,59277,61563,136826,139112,120840,1
18059,30954,91732,49013,109791,122686,0
76565,46131,11795,122696,88360,57926,0
87816,46943,40314,134759,128130,87257,0
65562,42598,76246,108160,141808,118844,1
91620,55577,58183,147197,149803,113760,1
16135,77111,23361,93246,39496,100472,0
58124,43518,10257,101642,68381,53775,0
65652,82441,94606,148093,160258,177047,1
29450,61154,49315,90604,78765,110469,1
75650,73588,52480,149238,128130,126068,1
76262,63929,45834,140191,122096,109763,1
4503,29935,47098,34438,51601,77033,0
7489,20161,19857,27650,27346,40018,1
95369,22230,62484,117599,157853,84714,0
42679,57609,89137,100288,131816,146746,1
62029,25025,35110,87054,97139,60135,0
98529,2913,28054,101442,126583,30967,0
76538,88959,17370,165497,93908,106329,1
62179,26664,24321,88843,86500,50985,0
36940,20457,46430,57397,83370,66887,1
80132,88006,7825,168138,87957,95831,0
43173,99375,76293,142548,119466,175668,1
21849,55099,22635,76948,44484,77734,0
22363,91744,45907,114107,68270,137651,0
82082,33967,44524,116049,126606,78491,0
97121,59823,71268,156944,168389,131091,1
75560,12342,60207,87902,135767,72549,0
40072,9143,74922,49215,114994,84065,0
14691,16116,80162,30807,94853,96278,0
84339,16072,82641,100411,166980,98713,1
92369,446,64362,92815,156731,64808,0
46425,29921,22630,76346,69055,52551,1
75040,73029,96512,148069,171552,169541,1
84760,89968,14554,174728,99314,104522,1
92870,84425,73442,177295,166312,157867,1
95414,25777,93046,121191,188460,118823,1
21159,18099,17566,39258,38725,35665,1
1645,39127,11147,40772,12792,50274,0
18688,12622,23711,31310,42399,36333,1
98613,3661,15210,102274,113823,18871,0
62734,3511,11140,66245,73874,14651,0
92642,97735,5092,190377,97734,102827,0
5863,54300,55035,60163,60898,109335,1
56925,46376,20062,103301,76987,66438,1
85710,42722,81498,128432,167208,124220,1
96803,78308,62158,175111,158961,140466,1
87061,72563,14977,159624,102038,87540,1
18628,66100,82653,84728,101281,148753,1
5882,61641,33834,67523,39716,95475,0
40283,43847,36250,84130,76533,80097,1
8577,96775,53098,105352,61675,149873,0
94214,34357,28059,128571,122273,62416,0
70546,19756,62034,90302,132580,81790,1
10342,6416,17256,16758,27598,23672,0
56803,80385,27617,137188,84420,108002,1
8398,40947,17032,49345,25430,57979,0
38068,86105,21036,124173,59104,107141,0
64203,53486,87781,117689,151984,141267,1
57105,50087,71341,107192,128446,121428,1
518,6694,35506,7212,36024,42200,0
3994,85707,31166,89701,35160,116873,0
28229,19544,35157,47773,63386,54701,1
45161,945,75062,46106,120223,76007,0
11734,3505,24442,15239,36176,27947,0
41019,51303,44257,92322,85276,95560,1
49116,66804,40104,115920,89220,106908,1
72937,32501,72336,105438,145273,104837,1
25830,86521,66167,112351,91997,152688,1
9727,47961,25710,57688,35437,73671,0
19035,34404,88569,53439,107604,122973,0
30643,37141,96289,67784,126932,133430,0
6351,71354,83854,77705,90205,155208,0
12053,65497,19338,77550,31391,84835,0
16414,14045,57864,30459,74278,71909,0
45475,81239,20567,126714,66042,101806,0
62390,92676,55004,155066,117394,147680,1
97647,36571,22731,134218,120378,59302,0
13511,71415,733,84926,14244,72148,0
67331,27907,30264,95238,97595,58171,0
40494,9472,66298,49966,106792,75770,0
55956,33874,49222,89830,105178,83096,1
94989,10117,30247,105106,125236,40364,0
73117,48106,63171,121223,136288,111277,1
17179,89720,18320,106899,35499,108040,0
51091,62919,27916,114010,79007,90835,1
64834,91680,50688,156514,115522,142368,1
51828,47988,15520,99816,67348,63508,1
89907,46546,44234,136453,134141,90780,1
70267,71660,30467,141927,100734,102127,1
71752,39058,82567,110810,154319,121625,1
72131,8624,89256,80755,161387,97880,0
7640,23968,14124,31608,21764,38092,0
52273,53582,93244,105855,145517,146826,1
43257,66834,54930,110091,98187,121764,1
21463,67575,67319,89038,88782,134894,1
13715,27718,50260,41433,63975,77978,0
64372,93445,31250,157817,95622,124695,1
23673,93592,36333,117265,60006,129925,0
99670,49773,62743,149443,162413,112516,1
34236,42548,5841,76784,40077,48389,0
46599,38019,62387,84618,108986,100406,1
70012,76318,69162,146330,139174,145480,1
34724,96339,96300,131063,131024,192639,1
86777,9774,61772,96551,148549,71546,0
49422,56370,15550,105792,64972,71920,1
59119,22629,61002,81748,120121,83631,1
30479,28540,75636,59019,106115,104176,0
82166,79509,11829,161675,93995,91338,1
49825,86744,55686,136569,105511,142430,1
83512,41161,7896,124673,91408,49057,0
12446,14251,70547,26697,82993,84798,0
38598,44646,62534,83244,101132,107180,1
54157,36714,95893,90871,150050,132607,0
40358,86957,61055,127315,101413,148012,1
28615,69107,37308,97722,65923,106415,0
86782,65518,17920,152300,104702,83438,0
50138,93712,66171,143850,116309,159883,1
65654,74108,53832,139762,119486,127940,1
95424,87903,80261,183327,175685,168164,1
56867,73358,95998,130225,152865,169356,1
94833,91037,82888,185870,177721,173925,1
8346,97131,61606,105477,69952,158737,0
9025,16008,10420,25033,19445,26428,1
45541,78116,11803,123657,57344,89919,0
36959,79847,90910,116806,127869,170757,1
3521,70644,47340,74165,50861,117984,0
7452,30961,36067,38413,43519,67028,1
41061,44840,62734,85901,103795,107574,1
77092,20679,14325,97771,91417,35004,0
66785,27527,93715,94312,160500,121242,1
48183,63648,12005,111831,60188,75653,0
77498,7905,68774,85403,146272,76679,0
68189,54104,63845,122293,132034,117949,1
46796,21920,20547,68716,67343,42467,0
87814,41929,28307,129743,116121,70236,0
34518,59881,89080,94399,123598,148961,1
70814,79128,79975,149942,150789,159103,1
470,20337,16636,20807,17106,36973,0
31904,21055,53565,52959,85469,74620,0
62733,94535,81860,157268,144593,176395,1
76509,24035,42109,100544,118618,66144,0
32924,86229,75141,119153,108065,161370,1
13579,64802,14357,78381,27936,79159,0
55138,91643,23434,146781,78572,115077,0
53494,40239,96773,93733,150267,137012,0
80875,26527,36539,107402,117414,63066,0
49173,46511,14095,95684,63268,60606,1
73011,66640,22032,139651,95043,88672,1
90822,53860,34952,144682,125774,88812,0
11559,86110,58650,97669,70209,144760,0
6193,29097,47841,35290,54034,76938,0
43283,89160,64746,132443,108029,153906,1
97749,16346,87866,114095,185615,104212,1
38025,11206,6771,49231,44796,17977,0
43083,6352,38913,49435,81996,45265,1
55736,52610,9194,108346,64930,61804,1
97679,42701,4236,140380,101915,46937,0
69414,29285,10604,98699,80018,39889,0
43536,36181,40425,79717,83961,76606,1
16453,74042,69561,90495,86014,143603,1
90842,17577,1160,108419,92002,18737,0
3210,3133,24183,6343,27393,27316,0
12563,80736,8356,93299,20919,89092,0
6182,63488,56223,69670,62405,119711,0
38540,95871,43709,134411,82249,139580,0
25271,85546,225,110817,25496,85771,0
56876,10965,31574,67841,88450,42539,0
90297,24629,59662,114926,149959,84291,0
65668,95201,89547,160869,155215,184748,1
19821,34626,290,54447,20111,34916,0
19284,12818,12161,32102,31445,24979,1
4963,56832,6564,61795,11527,63396,0
74387,90543,58566,164930,132953,149109,1
36121,75902,52648,112023,88769,128550,1
71668,12812,40335,84480,112003,53147,0
36278,84245,32869,120523,69147,117114,0
91691,50082,28752,141773,120443,78834,0
99349,26621,13049,125970,112398,39670,0
54789,60177,33216,114966,88005,93393,1
5574,24490,17796,30064,23370,42286,0
28900,20213,41543,49113,70443,61756,1
26757,10988,40635,37745,67392,51623,0
63366,33484,18154,96850,81520,51638,0
95144,32158,63710,127302,158854,95868,1
33071,25081,25488,58152,58559,50569,1
11407,38619,24769,50026,36176,63388,0
99915,25931,19398,125846,119313,45329,0
92124,91145,16671,183269,108795,107816,1
19149,30373,41575,49522,60724,71948,1
84619,72654,78376,157273,162995,151030,1
55433,62433,70129,117866,125562,132562,1
48092,63851,48080,111943,96172,111931,1
37165,32819,62390,69984,99555,95209,1
28526,28658,34339,57184,62865,62997,1
10246,50497,49524,60743,59770,100021,1
91614,73984,70014,165598,161628,143998,1
94691,28988,21154,123679,115845,50142,0
83638,55452,27295,139090,110933,82747,0
61247,45439,93067,106686,154314,138506,1
70070,74068,64919,144138,134989,138987,1
3954,89989,40139,93943,44093,130128,0
36802,70852,90036,107654,126838,160888,1
51568,65163,72713,116731,124281,137876,1
24746,26188,73431,50934,98177,99619,0
67061,19530,14889,86591,81950,34419,0
11320,85446,93025,96766,104345,178471,1
15642,2536,65547,18178,81189,68083,0
68484,13279,77571,81763,146055,90850,1
96719,79506,25629,176225,122348,105135,1
88390,37117,41011,125507,129401,78128,0
36957,76061,10974,113018,47931,87035,0
82702,92438,77655,175140,160357,170093,1
97708,86898,73510,184606,171218,160408,1
52152,10482,99427,62634,151579,109909,0
18773,6573,23306,25346,42079,29879,1
27436,4747,60695,32183,88131,65442,0
98679,58605,69776,157284,168455,128381,1
42038,72486,2922,114524,44960,75408,0
40416,31382,13575,71798,53991,44957,1
5455,81821,58702,87276,64157,140523,0
83310,5952,31008,89262,114318,36960,0
19175,30938,17692,50113,36867,48630,1
15269,18456,39503,33725,54772,57959,0
40218,94863,3433,135081,43651,98296,0
95966,21806,99965,117772,195931,121771,1
25640,66622,67735,92262,93375,134357,1
26078,93890,48946,119968,75024,142836,0
75313,84480,58616,159793,133929,143096,1
34317,74406,37383,108723,71700,111789,0
32788,46831,68446,79619,101234,115277,1
59824,78214,47920,138038,107744,126134,1
75514,80328,51712,155842,127226,132040,1
86909,30280,44564,117189,131473,74844,0
7447,85563,12781,93010,20228,98344,0
45846,20842,88997,66688,134843,109839,0
98693,77996,20339,176689,119032,98335,0
77689,53805,13310,131494,90999,67115,0
66012,40287,47936,106299,113948,88223,1
75083,62566,37318,137649,112401,99884,1
40153,80545,98802,120698,138955,179347,1
47657,48730,68333,96387,115990,117063,1
47124,55302,47949,102426,95073,103251,1
80249,63045,97736,143294,177985,160781,1
19059,90071,33267,109130,52326,123338,0
39303,98269,27828,137572,67131,126097,0
66801,91199,7814,158000,74615,99013,0
27637,22703,3327,50340,30964,26030,0
17845,5827,59713,23672,77558,65540,0
23590,30471,57009,54061,80599,87480,0
705,6190,89330,6895,90035,95520,0
61357,52090,26131,113447,87488,78221,1
88016,5197,38888,93213,126904,44085,0
41217,80131,73985,121348,115202,154116,1
69981,82022,77002,152003,146983,159024,1
61472,45891,15067,107363,76539,60958,0
82803,15441,68086,98244,150889,83527,1
80960,96523,12267,177483,93227,108790,0
29922,25735,41379,55657,71301,67114,1
89501,88328,26276,177829,115777,114604,1
62188,70771,15433,132959,77621,86204,1
5853,4146,18436,9999,24289,22582,0
33200,35947,80736,69147,113936,116683,0
89132,59709,81604,148841,170736,141313,1
55629,4923,62437,60552,118066,67360,0
54012,83723,38102,137735,92114,121825,1
45216,44338,85469,89554,130685,129807,1
26933,24857,87709,51790,114642,112566,0
59791,28876,26767,88667,86558,55643,0
81424,89703,53984,171127,135408,143687,1
71707,30370,35230,102077,106937,65600,0
67200,87623,97782,154823,164982,185405,1
70093,27666,96198,97759,166291,123864,1
29687,7802,63358,37489,93045,71160,0
54915,97479,21971,152394,76886,119450,0
3766,37325,33545,41091,37311,70870,0
38909,59440,47603,98349,86512,107043,1
56192,41808,60842,98000,117034,102650,1
60487,4405,16786,64892,77273,21191,0
52539,56947,14297,109486,66836,71244,1
81058,69090,49923,150148,130981,119013,1
13987,57994,53094,71981,67081,111088,1
98861,64767,84297,163628,183158,149064,1
56950,15521,31340,72471,88290,46861,0
6802,50259,1423,57061,8225,51682,0
93089,1377,64487,94466,157576,65864,0
63189,33964,74018,97153,137207,107982,1
58336,80061,49382,138397,107718,129443,1
48957,47617,11535,96574,60492,59152,1
94780,80276,87078,175056,181858,167354,1
56385,95820,48103,152205,104488,143923,1
25317,5389,65848,30706,91165,71237,0
15751,86848,91455,102599,107206,178303,1
48833,3804,41533,52637,90366,45337,0
54414,12344,12993,66758,67407,25337,0
91225,20936,57915,112161,149140,78851,0
76084,89098,87992,165182,164076,177090,1
31885,40998,49217,72883,81102,90215,1
19803,45036,4798,64839,24601,49834,0
66466,63065,42911,129531,109377,105976,1
12937,28478,8573,41415,21510,37051,0
59553,97190,97316,156743,156869,194506,1
22901,58924,19822,81825,42723,78746,0
78848,70748,63665,149596,142513,134413,1
58399,56287,21479,114686,79878,77766,1
44906,69230,44020,114136,88926,113250,1
36493,1983,56705,38476,93198,58688,0
95230,60535,64646,155765,159876,125181,1
88399,11879,74621,100278,163020,86500,0
90750,29411,27943,120161,118693,57354,0
97027,93558,88687,190585,185714,182245,1
46493,5682,21450,52175,67943,27132,0
5446,67955,26933,73401,32379,94888,0
81942,42063,60600,124005,142542,102663,1
14088,89328,37318,103416,51406,126646,0
9460,36774,69944,46234,79404,106718,0
93808,81313,14283,175121,108091,95596,1
8565,41624,3287,50189,11852,44911,0
61371,87831,44818,149202,106189,132649,1
55526,62569,2784,118095,58310,65353,0
47650,95549,69779,143199,117429,165328,1
32675,75220,81484,107895,114159,156704,1
19636,77283,204,96919,19840,77487,0
57689,97240,16379,154929,74068,113619,0
10335,27379,1950,37714,12285,29329,0
72526,7259,87966,79785,160492,95225,0
64559,11020,65912,75579,130471,76932,1
2984,66783,35596,69767,38580,102379,0
86368,55963,26311,142331,112679,82274,0
68052,75156,85161,143208,153213,160317,1
53891,64327,97895,118218,151786,162222,1
15103,93574,54895,108677,69998,148469,0
26091,67909,4672,94000,30763,72581,0
65320,49881,50568,115201,115888,100449,1
65609,54996,80258,120605,145867,135254,1
59896,15061,49144,74957,109040,64205,1
67764,60464,4018,128228,71782,64482,0
50038,55174,38149,105212,88187,93323,1
69768,46479,10656,116247,80424,57135,0
96470,82517,67128,178987,163598,149645,1
56713,71067,38136,127780,94849,109203,1
56731,61149,28161,117880,84892,89310,1
52351,32271,75980,84622,128331,108251,1
67638,65292,61583,132930,129221,126875,1
21380,37029,90304,58409,111684,127333,0
13228,21554,46490,34782,59718,68044,0
9352,82737,34066,92089,43418,116803,0
18575,94419,33984,112994,52559,128403,0
31061,27128,56500,58189,87561,83628,1
99212,47651,45753,146863,144965,93404,0
34963,46576,82985,81539,117948,129561,0
92070,209,96384,92279,188454,96593,0
22147,64991,67416,87138,89563,132407,1
6277,76765,10269,83042,16546,87034,0
64365,15772,20379,80137,84744,36151,0
67579,84605,30465,152184,98044,115070,1
49959,72205,31675,122164,81634,103880,1
70126,88956,14744,159082,84870,103700,0
48097,14004,53547,62101,101644,67551,1
62296,65278,76291,127574,138587,141569,1
45143,15832,88974,60975,134117,104806,0
21384,40736,91333,62120,112717,132069,0
46391,84109,62848,130500,109239,146957,1
85159,84790,65968,169949,151127,150758,1
63111,74315,45324,137426,108435,119639,1
64301,97379,40297,161680,104598,137676,1
56440,35103,49714,91543,106154,84817,1
55913,99331,92495,155244,148408,191826,1
18817,76553,49641,95370,68458,126194,0
57366,83892,94480,141258,151846,178372,1
36138,98143,20383,134281,56521,118526,0
99581,23453,5016,123034,104597,28469,0
40565,21442,7984,62007,48549,29426,0
20914,56901,24881,77815,45795,81782,0
55449,36003,85050,91452,140499,121053,1
4474,59887,42259,64361,46733,102146,0
50072,51576,29477,101648,79549,81053,1
84274,58354,91867,142628,176141,150221,1
98777,64395,84937,163172,183714,149332,1
61974,49341,63574,111315,125548,112915,1
55445,42805,28890,98250,84335,71695,1
26273,92278,6992,118551,33265,99270,0
50574,50806,38184,101380,88758,88990,1
75791,80468,76403,156259,152194,156871,1
72276,3908,28950,76184,101226,32858,0
11636,38784,67838,50420,79474,106622,0
41214,70180,26860,111394,68074,97040,0
57992,81670,5069,139662,63061,86739,0
73847,37591,98008,111438,171855,135599,1
73725,88181,40737,161906,114462,128918,1
60708,45934,28941,106642,89649,74875,1
25003,92988,60914,117991,85917,153902,0
60518,36213,81576,96731,142094,117789,1
29038,95535,69787,124573,98825,165322,1
84562,44642,7221,129204,91783,51863,0
7942,84550,23795,92492,31737,108345,0
12087,31532,89025,43619,101112,120557,0
21566,12050,87186,33616,108752,99236,0
65038,45323,37918,110361,102956,83241,1
73383,87267,20354,160650,93737,107621,1
40886,7500,73526,48386,114412,81026,0
10344,41399,95299,51743,105643,136698,0
58301,46002,12066,104303,70367,58068,0
23280,18131,94519,41411,117799,112650,0
50974,72822,54243,123796,105217,127065,1
83852,45913,2370,129765,86222,48283,0
17104,55312,71600,72416,88704,126912,1
96108,68089,67266,164197,163374,135355,1
70430,4768,96838,75198,167268,101606,0
88688,20057,95775,108745,184463,115832,1
18273,75311,1471,93584,19744,76782,0
15718,41100,17754,56818,33472,58854,0
55090,51590,69056,106680,124146,120646,1
88544,52498,93221,141042,181765,145719,1
68104,88297,68492,156401,136596,156789,1
61043,67356,13052,128399,74095,80408,1
42335,84491,73965,126826,116300,158456,1
50624,23717,39705,74341,90329,63422,1
96054,67382,57942,163436,153996,125324,1
83424,97074,58068,180498,141492,155142,1
36390,2580,8588,38970,44978,11168,0
26498,63497,93244,89995,119742,156741,0
799,7948,4258,8747,5057,12206,0
98884,885,94869,99769,193753,95754,0
8820,63466,96960,72286,105780,160426,0
12079,59010,26104,71089,38183,85114,0
86833,47261,38219,134094,125052,85480,0
98176,85480,37503,183656,135679,122983,1
51440,97791,60715,149231,112155,158506,1
70793,28069,11705,98862,82498,39774,0
93743,56341,91396,150084,185139,147737,1
64037,80843,86262,144880,150299,167105,1
32301,81162,76011,113463,108312,157173,1
81841,70814,65262,152655,147103,136076,1
28657,25455,29665,54112,58322,55120,1
63165,29936,75052,93101,138217,104988,1
17243,60212,95758,77455,113001,155970,0
91307,87738,62672,179045,153979,150410,1
40383,2887,74938,43270,115321,77825,0
57508,65499,36673,123007,94181,102172,1
34081,22592,47463,56673,81544,70055,1
3941,4400,30550,8341,34491,34950,0
60093,92378,56153,152471,116246,148531,1
13182,53930,78987,67112,92169,132917,0
42655,61498,62279,104153,104934,123777,1
66422,9489,1708,75911,68130,11197,0
19587,19446,95911,39033,115498,115357,0
74067,25535,56096,99602,130163,81631,1
29485,31336,80574,60821,110059,111910,0
12126,99303,39632,111429,51758,138935,0
12267,59208,22182,71475,34449,81390,0
3353,28817,70547,32170,73900,99364,0
90095,79435,72030,169530,162125,151465,1
81279,18603,83342,99882,164621,101945,1
98060,88511,22428,186571,120488,110939,1
47404,98390,53137,145794,100541,151527,1
58278,90437,18347,148715,76625,108784,0
58717,93525,47038,152242,105755,140563,1
16774,63904,84247,80678,101021,148151,0
8805,42400,76654,51205,85459,119054,0
28182,31521,9216,59703,37398,40737,1
95555,17766,98599,113321,194154,116365,1
66592,46491,52366,113083,118958,98857,1
30513,57663,2741,88176,33254,60404,0
79571,47268,48250,126839,127821,95518,1
62808,88119,51559,150927,114367,139678,1
46975,10032,85923,57007,132898,95955,0
81896,86658,5991,168554,87887,92649,1
25791,8222,87252,34013,113043,95474,0
18600,9123,70631,27723,89231,79754,0
54191,1932,79115,56123,133306,81047,0
10935,95182,2964,106117,13899,98146,0
59929,13632,29749,73561,89678,43381,0
80986,14961,91530,95947,172516,106491,1
77606,2801,51557,80407,129163,54358,0
54319,19296,2782,73615,57101,22078,0
24081,3533,64480,27614,88561,68013,0
9854,43770,96242,53624,106096,140012,0
83369,77888,97501,161257,180870,175389,1
21046,78972,10433,100018,31479,89405,0
84354,43765,47676,128119,132030,91441,1
7091,24217,79732,31308,86823,103949,0
75069,30807,23361,105876,98430,54168,0
93991,80408,55568,174399,149559,135976,1
74765,1781,18135,76546,92900,19916,0
652,63617,76149,64269,76801,139766,0
13,6880,97938,6893,97951,104818,0
25388,11406,94349,36794,119737,105755,0
70069,73722,85792,143791,155861,159514,1
49215,12643,94178,61858,143393,106821,0
21911,43107,84337,65018,106248,127444,0
28663,11850,22943,40513,51606,34793,1
16855,51231,38207,68086,55062,89438,1
93311,13042,68720,106353,162031,81762,0
58992,32761,75836,91753,134828,108597,1
67852,85095,11568,152947,79420,96663,0
63906,37653,23792,101559,87698,61445,0
85593,76863,63144,162456,148737,140007,1
22572,3311,10831,25883,33403,14142,0
14806,12624,84686,27430,99492,97310,0
89175,99603,69242,188778,158417,168845,1
51549,23728,14527,75277,66076,38255,0
76031,8688,97235,84719,173266,105923,0
48551,50379,62321,98930,110872,112700,1
73411,38255,99860,111666,173271,138115,1
83339,54737,11186,138076,94525,65923,0
61567,77706,8537,139273,70104,86243,0
41621,60786,68825,102407,110446,129611,1
72960,40180,47035,113140,119995,87215,1
12794,91056,94298,103850,107092,185354,1
88650,37553,43863,126203,132513,81416,0
14380,13915,19305,28295,33685,33220,1
14704,14767,17630,29471,32334,32397,1
85129,36260,94176,121389,179305,130436,1
2344,27315,78162,29659,80506,105477,0
86041,63245,60698,149286,146739,123943,1
48186,38963,52657,87149,100843,91620,1
86286,9430,46440,95716,132726,55870,0
66716,63646,35779,130362,102495,99425,1
54508,87540,33542,142048,88050,121082,1
59687,15122,76137,74809,135824,91259,0
28289,95561,43384,123850,71673,138945,0
28356,18632,68989,46988,97345,87621,0
54973,37199,13896,92172,68869,51095,0
89689,55609,71152,145298,160841,126761,1
85206,32472,63343,117678,148549,95815,1
67170,76864,30428,144034,97598,107292,1
77522,94324,10186,171846,87708,104510,0
45253,70622,14266,115875,59519,84888,0
84458,4953,59494,89411,143952,64447,0
68463,77102,50215,145565,118678,127317,1
5629,1067,71020,6696,76649,72087,0
39473,39615,10070,79088,49543,49685,1
10245,70506,57294,80751,67539,127800,0
41939,61419,1289,103358,43228,62708,0
72566,29899,46658,102465,119224,76557,1
21744,92931,78521,114675,100265,171452,1
1659,211,6770,1870,8429,6981,0
96186,42067,39393,138253,135579,81460,0
81540,55307,31531,136847,113071,86838,1
78868,99334,75935,178202,154803,175269,1
99295,61710,82581,161005,181876,144291,1
5292,47192,74020,52484,79312,121212,0
73195,9251,93597,82446,166792,102848,0
38524,24344,18768,62868,57292,43112,1
30477,11124,93006,41601,123483,104130,0
93971,10762,63767,104733,157738,74529,0
55037,88406,61751,143443,116788,150157,1
77041,74367,35447,151408,112488,109814,1
59529,54645,49954,114174,109483,104599,1
72983,36669,55748,109652,128731,92417,1
21325,24265,68890,45590,90215,93155,0
72005,14934,17573,86939,89578,32507,0
35150,90731,55852,125881,91002,146583,1
52258,86171,28444,138429,80702,114615,0
67881,41871,3981,109752,71862,45852,0
84492,18425,43680,102917,128172,62105,0
57683,34262,61616,91945,119299,95878,1
60159,26446,50682,86605,110841,77128,1
95288,9616,63622,104904,158910,73238,0
18987,47032,94176,66019,113163,141208,0
39914,5281,91523,45195,131437,96804,0
83871,85645,21121,169516,104992,106766,1
53523,6735,55546,60258,109069,62281,1
64345,63946,91539,128291,155884,155485,1
8672,5764,36509,14436,45181,42273,0
82516,68015,45305,150531,127821,113320,1
80423,93826,14634,174249,95057,108460,1
17268,13815,47711,31083,64979,61526,0
28095,18931,37318,47026,65413,56249,1
6187,14561,16803,20748,22990,31364,1
45211,39613,33952,84824,79163,73565,1
55940,26429,91522,82369,147462,117951,0
14928,13582,97516,28510,112444,111098,0
68365,70174,18655,138539,87020,88829,1
75930,91067,33479,166997,109409,124546,1
5074,30565,69948,35639,75022,100513,0
39255,90528,92828,129783,132083,183356,1
665,48777,67937,49442,68602,116714,0
36834,79286,18341,116120,55175,97627,0
47471,55965,52040,103436,99511,108005,1
36724,20555,29178,57279,65902,49733,1
96259,53321,90452,149580,186711,143773,1
67422,22294,57038,89716,124460,79332,1
51836,52280,22565,104116,74401,74845,1
17507,18707,74381,36214,91888,93088,0
68561,76125,61815,144686,130376,137940,1
3051,86887,10493,89938,13544,97380,0
52783,25671,31191,78454,83974,56862,1
38691,78548,69561,117239,108252,148109,1
46920,53337,48580,100257,95500,101917,1
79489,67576,83322,147065,162811,150898,1
51563,71863,52026,123426,103589,123889,1
38848,32293,15597,71141,54445,47890,1
53081,56634,78274,109715,131355,134908,1
31197,437,33568,31634,64765,34005,0
49998,56411,22506,106409,72504,78917,1
65517,86524,20266,152041,85783,106790,0
64928,98785,63652,163713,128580,162437,1
9815,68418,33576,78233,43391,101994,0
29852,13389,45307,43241,75159,58696,0
41616,54598,46588,96214,88204,101186,1
41842,11082,13961,52924,55803,25043,0
14572,28175,77151,42747,91723,105326,0
51285,30209,34645,81494,85930,64854,1
6492,83441,12593,89933,19085,96034,0
46297,18441,51059,64738,97356,69500,1
16273,85249,62770,101522,79043,148019,0
88726,42225,91946,130951,180672,134171,1
4723,92712,93950,97435,98673,186662,1
49495,19784,38639,69279,88134,58423,1
33327,71103,6617,104430,39944,77720,0
1382,28754,61403,30136,62785,90157,0
76052,70511,72734,146563,148786,143245,1
63783,4232,32322,68015,96105,36554,0
69936,33411,81705,103347,151641,115116,1
52656,54880,9907,107536,62563,64787,1
11712,50070,49097,61782,60809,99167,1
21404,48388,1555,69792,22959,49943,0
56447,30156,62950,86603,119397,93106,1
47431,76312,39456,123743,86887,115768,1
58838,49619,6690,108457,65528,56309,0
31492,49621,5348,81113,36840,54969,0
37462,78736,35178,116198,72640,113914,0
37183,88139,12336,125322,49519,100475,0
27171,64346,31658,91517,58829,96004,0
45322,96088,18852,141410,64174,114940,0
61756,33602,23733,95358,85489,57335,0
59206,1068,3395,60274,62601,4463,0
62025,97637,58390,159662,120415,156027,1
65111,36796,49315,101907,114426,86111,1
97785,90428,39744,188213,137529,130172,1
66950,14830,89595,81780,156545,104425,0
82363,98107,43570,180470,125933,141677,1
58340,78237,40641,136577,98981,118878,1
27721,78042,26757,105763,54478,104799,0
16409,41186,92940,57595,109349,134126,0
14307,76022,24254,90329,38561,100276,0
55423,30335,89546,85758,144969,119881,0
91434,36498,51336,127932,142770,87834,0
2032,70440,59724,72472,61756,130164,0
36674,18315,64199,54989,100873,82514,0
49934,77801,69452,127735,119386,147253,1
6273,46125,50241,52398,56514,96366,1
4865,13069,81409,17934,86274,94478,0
40159,76060,69681,116219,109840,145741,1
43080,64775,12189,107855,55269,76964,0
27807,39212,72298,67019,100105,111510,0
46942,43147,7213,90089,54155,50360,1
26992,92666,23255,119658,50247,115921,0
1361,33756,53473,35117,54834,87229,0
55027,36706,97463,91733,152490,134169,0
47270,34990,92535,82260,139805,127525,0
52048,26593,11104,78641,63152,37697,0
4265,87280,56227,91545,60492,143507,0
62573,29647,52809,92220,115382,82456,1
76501,868,7099,77369,83600,7967,0
37395,70355,87725,107750,125120,158080,1
46300,39426,13789,85726,60089,53215,1
60072,52400,91924,112472,151996,144324,1
73904,85313,69984,159217,143888,155297,1
94641,54692,77800,149333,172441,132492,1
3114,8214,9372,11328,12486,17586,1
65755,56867,84221,122622,149976,141088,1
34841,55044,4101,89885,38942,59145,0
8583,783,538,9366,9121,1321,0
45035,90362,59726,135397,104761,150088,1
51997,95525,22222,147522,74219,117747,0
39213,52617,12151,91830,51364,64768,0
81561,34948,79449,116509,161010,114397,1
94853,56078,17179,150931,112032,73257,0
93575,76078,65763,169653,159338,141841,1
26806,6629,86685,33435,113491,93314,0
86736,72117,8974,158853,95710,81091,0
16717,94447,88262,111164,104979,182709,1
98282,5716,5662,103998,103944,11378,0
42,19483,5890,19525,5932,25373,0
8698,49612,40045,58310,48743,89657,0
8730,56334,45425,65064,54155,101759,0
54112,61803,15051,115915,69163,76854,1
94129,67430,4789,161559,98918,72219,0
41160,80040,58110,121200,99270,138150,1
62538,30515,99540,93053,162078,130055,0
26954,15232,45238,42186,72192,60470,0
343,88711,81899,89054,82242,170610,0
95624,83840,89514,179464,185138,173354,1
409,37555,71132,37964,71541,108687,0
58975,20926,17685,79901,76660,38611,0
51569,68880,48288,120449,99857,117168,1
70437,18223,35459,88660,105896,53682,0
91734,85812,68224,177546,159958,154036,1
50565,73860,35987,124425,86552,109847,1
247,61436,40372,61683,40619,101808,0
78905,1754,92551,80659,171456,94305,0
99483,87404,19851,186887,119334,107255,1
88762,1503,19412,90265,108174,20915,0
76319,82853,48988,159172,125307,131841,1
48248,78987,54872,127235,103120,133859,1
99207,71874,68957,171081,168164,140831,1
62249,14685,4299,76934,66548,18984,0
56846,41386,39703,98232,96549,81089,1
71037,51257,48657,122294,119694,99914,1
89902,28849,66880,118751,156782,95729,1
9022,29553,78944,38575,87966,108497,0
54947,65361,57643,120308,112590,123004,1
57690,27591,79969,85281,137659,107560,1
79314,35096,61660,114410,140974,96756,1
19536,50687,42015,70223,61551,92702,1
21209,94401,35413,115610,56622,129814,0
70603,20022,22042,90625,92645,42064,0
48841,69384,58821,118225,107662,128205,1
25090,82805,31328,107895,56418,114133,0
20939,79076,90891,100015,111830,169967,1
90636,18644,52655,109280,143291,71299,0
10993,5100,65247,16093,76240,70347,0
54402,25681,46649,80083,101051,72330,1
92245,32116,92263,124361,184508,124379,1
90238,31164,92752,121402,182990,123916,1
32784,90165,50637,122949,83421,140802,0
59146,50401,89860,109547,149006,140261,1
12069,44251,91955,56320,104024,136206,0
26283,92307,53756,118590,80039,146063,0
81449,52504,74904,133953,156353,127408,1
76681,70278,40735,146959,117416,111013,1
14370,51967,86549,66337,100919,138516,0
71934,44377,42578,116311,114512,86955,1
71226,80821,93999,152047,165225,174820,1
75093,14228,42995,89321,118088,57223,0
38511,42242,14500,80753,53011,56742,1
19314,45786,68442,65100,87756,114228,0
9391,7474,71830,16865,81221,79304,0
27880,81871,99788,109751,127668,181659,1
3857,26890,14160,30747,18017,41050,0
11152,43633,48514,54785,59666,92147,1
15393,83503,39108,98896,54501,122611,0
40566,26419,73225,66985,113791,99644,0
13694,31515,57799,45209,71493,89314,0
41314,11334,25303,52648,66617,36637,0
17172,13641,44621,30813,61793,58262,0
88951,32610,76090,121561,165041,108700,1
34961,19402,9141,54363,44102,28543,0
16281,72509,24143,88790,40424,96652,0
67210,43215,43653,110425,110863,86868,1
15894,51919,59835,67813,75729,111754,1
18818,71931,37154,90749,55972,109085,0
6795,45714,4117,52509,10912,49831,0
94964,86953,22211,181917,117175,109164,1
23934,76667,24989,100601,48923,101656,0
59173,23741,99796,82914,158969,123537,0
20946,63458,40781,84404,61727,104239,0
58000,48367,93173,106367,151173,141540,1
47623,38028,81909,85651,129532,119937,1
68748,89527,23447,158275,92195,112974,1
36714,59907,77735,96621,114449,137642,1
11121,36064,24998,47185,36119,61062,1
21503,56331,854,77834,22357,57185,0
28979,37682,16589,66661,45568,54271,1
49182,86221,34311,135403,83493,120532,0
35983,26877,4509,62860,40492,31386,0
76377,66654,694,143031,77071,67348,0
70204,81375,17405,151579,87609,98780,1
75905,5650,39047,81555,114952,44697,0
73068,88412,53214,161480,126282,141626,1
43446,95980,15172,139426,58618,111152,0
24397,65466,81037,89863,105434,146503,1
60331,79557,89908,139888,150239,169465,1
4983,39478,68775,44461,73758,108253,0
70919,70567,22658,141486,93577,93225,1
10720,84222,32089,94942,42809,116311,0
73872,99012,27937,172884,101809,126949,1
97434,67554,36467,164988,133901,104021,1
7276,8213,69789,15489,77065,78002,0
84352,4668,61773,89020,146125,66441,0
11263,74988,4681,86251,15944,79669,0
1345,92597,12266,93942,13611,104863,0
6760,18687,7791,25447,14551,26478,0
72645,90060,77491,162705,150136,167551,1
11427,48866,94935,60293,106362,143801,0
81239,9923,44459,91162,125698,54382,0
53589,30204,832,83793,54421,31036,0
56102,74248,84596,130350,140698,158844,1
97761,37119,16408,134880,114169,53527,0
6058,55463,70124,61521,76182,125587,0
99304,56024,38893,155328,138197,94917,0
85312,1856,42492,87168,127804,44348,0
46176,83593,58908,129769,105084,142501,1
24275,3144,93372,27419,117647,96516,0
90924,28977,63519,119901,154443,92496,1
4217,987,57656,5204,61873,58643,0
89595,32587,92716,122182,182311,125303,1
56495,78136,17098,134631,73593,95234,0
45341,15162,14269,60503,59610,29431,0
74905,4986,77212,79891,152117,82198,1
15488,65445,27688,80933,43176,93133,0
27768,79313,55944,107081,83712,135257,1
14321,8319,24135,22640,38456,32454,0
5676,20315,92915,25991,98591,113230,0
87647,27985,99653,115632,187300,127638,1
73801,81411,69910,155212,143711,151321,1
40479,83286,73641,123765,114120,156927,1
1212,98212,86251,99424,87463,184463,0
54480,53544,64428,108024,118908,117972,1
48086,39773,11163,87859,59249,50936,1
67043,3283,37128,70326,104171,40411,0
43530,17470,72043,61000,115573,89513,0
92850,43888,67109,136738,159959,110997,1
68197,16075,36576,84272,104773,52651,0
69941,36321,90720,106262,160661,127041,1
21325,98858,47807,120183,69132,146665,0
14773,92502,15089,107275,29862,107591,0
68660,26735,66221,95395,134881,92956,1
34682,28322,40802,63004,75484,69124,1
96010,19090,61063,115100,157073,80153,0
1876,84560,31099,86436,32975,115659,0
14735,61194,96506,75929,111241,157700,0
60359,2037,25610,62396,85969,27647,0
55504,33256,69835,88760,125339,103091,1
8902,85434,50330,94336,59232,135764,0
76557,63191,98672,139748,175229,161863,1
99474,242,92585,99716,192059,92827,0
57469,72424,19370,129893,76839,91794,1
21150,80243,85501,101393,106651,165744,1
36303,71144,22599,107447,58902,93743,0
80322,24519,61435,104841,141757,85954,1
62505,16448,897,78953,63402,17345,0
69506,23339,81425,92845,150931,104764,1
96790,20017,52820,116807,149610,72837,0
26738,12154,96813,38892,123551,108967,0
97717,46454,17274,144171,114991,63728,0
4498,48036,40747,52534,45245,88783,0
69126,30914,75599,100040,144725,106513,1
33509,66360,68482,99869,101991,134842,1
22138,10460,88582,32598,110720,99042,0
29620,13166,61030,42786,90650,74196,0
78013,81923,702,159936,78715,82625,0
65070,40327,32622,105397,97692,72949,1
25953,30657,27522,56610,53475,58179,1
16192,5499,45090,21691,61282,50589,0
33970,88841,9600,122811,43570,98441,0
84801,35196,43264,119997,128065,78460,0
23388,12122,82162,35510,105550,94284,0
13445,90715,77238,104160,90683,167953,0
62736,44450,85624,107186,148360,130074,1
20705,96602,58668,117307,79373,155270,0
59280,13874,96301,73154,155581,110175,0
85908,29094,67987,115002,153895,97081,1
64154,88386,67712,152540,131866,156098,1
93172,42716,72357,135888,165529,115073,1
4959,26963,64142,31922,69101,91105,0
98899,90378,33370,189277,132269,123748,1
76856,58917,84469,135773,161325,143386,1
77958,7685,11070,85643,89028,18755,0
79526,33248,80404,112774,159930,113652,1
44118,10026,91321,54144,135439,101347,0
79318,54352,60227,133670,139545,114579,1
85266,36034,80679,121300,165945,116713,1
39168,78751,82737,117919,121905,161488,1
30038,46107,15773,76145,45811,61880,0
3251,1632,48428,4883,51679,50060,0
60255,29838,51494,90093,111749,81332,1
44526,79908,55984,124434,100510,135892,1
7471,26983,54828,34454,62299,81811,0
79970,1089,84414,81059,164384,85503,0
15675,60181,39370,75856,55045,99551,0
24332,35219,66832,59551,91164,102051,0
39169,51194,41231,90363,80400,92425,1
56685,62847,58879,119532,115564,121726,1
40187,6189,91862,46376,132049,98051,0
66741,27623,89015,94364,155756,116638,1
92640,68979,30263,161619,122903,99242,1
67463,483,75678,67946,143141,76161,0
8146,31975,13814,40121,21960,45789,0
79325,2786,54840,82111,134165,57626,0
44636,96899,30578,141535,75214,127477,0
17818,87116,3043,104934,20861,90159,0
22811,32552,52972,55363,75783,85524,1
82176,10836,68607,93012,150783,79443,0
36567,3921,97726,40488,134293,101647,0
44734,87790,57226,132524,101960,145016,1
29165,96506,22430,125671,51595,118936,0
39060,23231,38255,62291,77315,61486,1
57744,549,46953,58293,104697,47502,0
56340,18509,23883,74849,80223,42392,0
92875,24065,45422,116940,138297,69487,0
19215,38014,99528,57229,118743,137542,0
67003,72218,47253,139221,114256,119471,1
95708,10215,97004,105923,192712,107219,1
80854,65846,19065,146700,99919,84911,1
39637,78090,39609,117727,79246,117699,1
50984,73273,94408,124257,145392,167681,1
79530,68182,50840,147712,130370,119022,1
86391,20757,81280,107148,167671,102037,1
45530,6040,32645,51570,78175,38685,0
24782,3946,94155,28728,118937,98101,0
35813,32272,91307,68085,127120,123579,0
21693,33284,42058,54977,63751,75342,1
90470,66774,61782,157244,152252,128556,1
31505,59576,42784,91081,74289,102360,1
76706,98081,71387,174787,148093,169468,1
33245,82817,85953,116062,119198,168770,1
46497,97501,21841,143998,68338,119342,0
60031,49338,47229,109369,107260,96567,1
86277,74038,16911,160315,103188,90949,1
47852,18050,18170,65902,66022,36220,0
53185,81733,62604,134918,115789,144337,1
54418,18254,43277,72672,97695,61531,1
56969,27233,35309,84202,92278,62542,1
78393,10339,93781,88732,172174,104120,0
87127,86546,13601,173673,100728,100147,1
13089,20174,49636,33263,62725,69810,0
21091,47048,37098,68139,58189,84146,1
21409,56064,33104,77473,54513,89168,0
45471,32542,18077,78013,63548,50619,1
94999,51134,45636,146133,140635,96770,1
64536,69113,78036,133649,142572,147149,1
16394,77807,98424,94201,114818,176231,0
29697,88978,99411,118675,129108,188389,1
17340,20510,24359,37850,41699,44869,1
64157,13246,11923,77403,76080,25169,0
56941,61586,78102,118527,135043,139688,1
39382,30641,39388,70023,78770,70029,1
58528,17741,35452,76269,93980,53193,0
57215,8357,51933,65572,109148,60290,1
37743,44696,97292,82439,135035,141988,0
10500,68049,48386,78549,58886,116435,0
54592,49034,55418,103626,110010,104452,1
22700,57713,50110,80413,72810,107823,1
89248,86123,4211,175371,93459,90334,1
63006,22620,67663,85626,130669,90283,1
28081,1839,41870,29920,69951,43709,0
92806,2946,36714,95752,129520,39660,0
28755,87334,70569,116089,99324,157903,1
65238,15082,92812,80320,158050,107894,0
37435,81120,144,118555,37579,81264,0
47626,57652,20651,105278,68277,78303,1
95704,48474,87967,144178,183671,136441,1
30874,51322,19884,82196,50758,71206,0
36568,7146,82396,43714,118964,89542,0
92260,41933,14569,134193,106829,56502,0
29384,90965,72760,120349,102144,163725,1
71572,87135,51760,158707,123332,138895,1
57121,25662,76088,82783,133209,101750,1
74722,86703,22941,161425,97663,109644,1
62830,77934,99007,140764,161837,176941,1
97261,47158,34245,144419,131506,81403,0
82701,13992,12398,96693,95099,26390,0
13769,11941,30211,25710,43980,42152,0
8428,17410,40120,25838,48548,57530,0
91977,89877,37879,181854,129856,127756,1
31620,49138,80749,80758,112369,129887,1
6606,3948,20367,10554,26973,24315,0
29849,49836,34003,79685,63852,83839,1
16440,32888,49664,49328,66104,82552,0
5292,57167,88427,62459,93719,145594,0
18926,43407,78413,62333,97339,121820,0
36251,90709,496,126960,36747,91205,0
27470,2065,84380,29535,111850,86445,0
4275,37940,96160,42215,100435,134100,0
46760,17645,60962,64405,107722,78607,1
25342,22850,20329,48192,45671,43179,1
93908,14329,37093,108237,131001,51422,0
27829,20479,52278,48308,80107,72757,0
10709,54269,37571,64978,48280,91840,0
39648,87223,27974,126871,67622,115197,0
60260,73312,75503,133572,135763,148815,1
47816,27811,37917,75627,85733,65728,1
53292,16402,35024,69694,88316,51426,0
15291,19757,19715,35048,35006,39472,1
94833,68915,94376,163748,189209,163291,1
79392,69993,72427,149385,151819,142420,1
47548,27649,88820,75197,136368,116469,0
12569,89775,69368,102344,81937,159143,0
61282,58995,81720,120277,143002,140715,1
91638,59551,28888,151189,120526,88439,0
50756,66360,22727,117116,73483,89087,1
52308,7366,32260,59674,84568,39626,0
25357,83213,33984,108570,59341,117197,0
7682,9559,81327,17241,89009,90886,0
2509,9820,86729,12329,89238,96549,0
86268,61107,24522,147375,110790,85629,0
98293,85049,38443,183342,136736,123492,1
76206,22434,16077,98640,92283,38511,0
16085,94865,55741,110950,71826,150606,0
64242,3007,21022,67249,85264,24029,0
6590,35645,13187,42235,19777,48832,0
15047,17796,17047,32843,32094,34843,1
4929,34022,13179,38951,18108,47201,0
52313,11373,38591,63686,90904,49964,0
12351,59118,9232,71469,21583,68350,0
72748,59643,89440,132391,162188,149083,1
37340,58832,33909,96172,71249,92741,1
68484,70819,83015,139303,151499,153834,1
48877,39752,85826,88629,134703,125578,1
70283,99016,67094,169299,137377,166110,1
51002,2475,44180,53477,95182,46655,0
3526,41285,34063,44811,37589,75348,0
60379,73815,92165,134194,152544,165980,1
78094,50100,74075,128194,152169,124175,1
92802,14793,57847,107595,150649,72640,0
29670,70420,32183,100090,61853,102603,0
73709,95602,76840,169311,150549,172442,1
39656,63991,55645,103647,95301,119636,1
33178,54813,45741,87991,78919,100554,1
66617,46086,82607,112703,149224,128693,1
24305,10039,4449,34344,28754,14488,0
93159,25813,98062,118972,191221,123875,1
27864,21844,57606,49708,85470,79450,0
6723,4876,70267,11599,76990,75143,0
55975,74414,84861,130389,140836,159275,1
54892,75360,75701,130252,130593,151061,1
46762,18837,19367,65599,66129,38204,0
35380,41884,86916,77264,122296,128800,0
83650,91453,54151,175103,137801,145604,1
82073,80269,71376,162342,153449,151645,1
78170,46733,94546,124903,172716,141279,1
94669,10612,62917,105281,157586,73529,0
20638,72259,86419,92897,107057,158678,1
47679,46807,30402,94486,78081,77209,1
81635,98550,83682,180185,165317,182232,1
85004,70618,45120,155622,130124,115738,1
4874,22491,99268,27365,104142,121759,0
37819,84537,90376,122356,128195,174913,1
53366,57398,49629,110764,102995,107027,1
47318,24329,94231,71647,141549,118560,0
4905,42474,73827,47379,78732,116301,0
5653,83288,25280,88941,30933,108568,0
59840,43142,87241,102982,147081,130383,1
65170,59100,83250,124270,148420,142350,1
44493,54119,28361,98612,72854,82480,1
64770,96262,73842,161032,138612,170104,1
32043,67987,44274,100030,76317,112261,1
63740,17204,19378,80944,83118,36582,0
18779,87239,97682,106018,116461,184921,1
47960,10345,33945,58305,81905,44290,0
63954,36861,61178,100815,125132,98039,1
64546,10843,92588,75389,157134,103431,0
60007,123,70041,60130,130048,70164,0
11807,63227,5541,75034,17348,68768,0
55347,60265,86061,115612,141408,146326,1
83096,35430,27525,118526,110621,62955,0
1864,20868,43710,22732,45574,64578,0
92285,9929,30880,102214,123165,40809,0
95822,24147,51659,119969,147481,75806,0
6145,73128,29807,79273,35952,102935,0
25543,43048,21051,68591,46594,64099,1
69009,72328,68898,141337,137907,141226,1
94948,16915,28595,111863,123543,45510,0
6817,67061,84973,73878,91790,152034,0
35353,49518,32459,84871,67812,81977,1
41264,87352,59296,128616,100560,146648,1
20554,12407,32224,32961,52778,44631,1
29754,19735,28272,49489,58026,48007,1
24089,92629,96061,116718,120150,188690,1
3098,53876,62716,56974,65814,116592,0
26693,61220,74047,87913,100740,135267,1
31029,40265,33246,71294,64275,73511,1
43927,24806,22563,68733,66490,47369,1
71536,82876,6537,154412,78073,89413,0
10958,95318,10584,106276,21542,105902,0
95597,33176,87217,128773,182814,120393,1
2795,75067,88145,77862,90940,163212,0
94470,48974,72325,143444,166795,121299,1
38712,33529,3233,72241,41945,36762,0
14913,8666,19742,23579,34655,28408,1
36291,95771,73396,132062,109687,169167,1
2018,8878,1451,10896,3469,10329,0
12436,91444,78244,103880,90680,169688,0
32958,21040,75681,53998,108639,96721,0
52354,71988,70908,124342,123262,142896,1
67910,70621,68787,138531,136697,139408,1
21140,35800,37096,56940,58236,72896,1
68506,58277,36582,126783,105088,94859,1
45626,9369,98454,54995,144080,107823,0
85374,37733,84950,123107,170324,122683,1
78949,41857,75752,120806,154701,117609,1
21580,28810,74007,50390,95587,102817,0
47870,28226,88571,76096,136441,116797,0
57870,19075,97789,76945,155659,116864,0
23219,97692,40786,120911,64005,138478,0
62979,29374,77401,92353,140380,106775,1
21417,81642,11340,103059,32757,92982,0
83221,74151,57335,157372,140556,131486,1
26591,97765,88411,124356,115002,186176,1
69826,43381,77065,113207,146891,120446,1
69117,95024,65284,164141,134401,160308,1
96384,56513,67234,152897,163618,123747,1
30214,37043,86709,67257,116923,123752,0
17987,36909,30072,54896,48059,66981,1
68538,69043,62194,137581,130732,131237,1
10549,21729,86018,32278,96567,107747,0
17912,47885,32544,65797,50456,80429,1
97169,22570,49632,119739,146801,72202,0
14055,72000,85956,86055,100011,157956,1
92507,94314,74462,186821,166969,168776,1
15083,62381,33370,77464,48453,95751,0
76139,21836,19648,97975,95787,41484,0
3268,28073,61577,31341,64845,89650,0
49324,96376,48878,145700,98202,145254,1
45917,6301,69474,52218,115391,75775,0
80750,22689,1328,103439,82078,24017,0
90581,40496,95583,131077,186164,136079,1
11514,63100,80347,74614,91861,143447,0
30056,37067,43968,67123,74024,81035,1
3006,73250,30231,76256,33237,103481,0
22892,18623,15829,41515,38721,34452,1
4274,10928,14850,15202,19124,25778,1
87254,90446,79535,177700,166789,169981,1
60395,36489,83462,96884,143857,119951,1
93590,68897,83812,162487,177402,152709,1
3998,44448,12145,48446,16143,56593,0
99054,93901,22996,192955,122050,116897,1
29955,2956,3221,32911,33176,6177,0
61423,7741,61966,69164,123389,69707,1
42387,3123,24557,45510,66944,27680,0
37446,11564,30336,49010,67782,41900,1
98827,27223,17259,126050,116086,44482,0
28368,42769,83623,71137,111991,126392,0
81917,72685,27017,154602,108934,99702,1
9570,46413,50208,55983,59778,96621,1
27963,45284,14462,73247,42425,59746,0
91741,18655,91740,110396,183481,110395,1
92581,7826,18897,100407,111478,26723,0
89151,1519,40374,90670,129525,41893,0
78473,23590,80963,102063,159436,104553,1
97790,19809,21133,117599,118923,40942,0
28174,51106,74576,79280,102750,125682,1
38546,31407,32300,69953,70846,63707,1
36267,20635,33292,56902,69559,53927,1
35310,91942,12137,127252,47447,104079,0
65023,10366,87271,75389,152294,97637,0
84238,53895,35163,138133,119401,89058,1
13404,87807,504,101211,13908,88311,0
16727,68860,6866,85587,23593,75726,0
54220,91634,97624,145854,151844,189258,1
899,90510,34621,91409,35520,125131,0
971,50657,79397,51628,80368,130054,0
97318,67972,11556,165290,108874,79528,0
66678,80104,17463,146782,84141,97567,1
37574,68555,91065,106129,128639,159620,1
23570,96070,20569,119640,44139,116639,0
8207,47416,62534,55623,70741,109950,0
27578,17665,71931,45243,99509,89596,0
51250,59990,16600,111240,67850,76590,1
37909,4292,29190,42201,67099,33482,0
99948,27376,35083,127324,135031,62459,0
69088,13016,40211,82104,109299,53227,0
9646,14476,56060,24122,65706,70536,0
79524,98058,45705,177582,125229,143763,1
11513,9719,39175,21232,50688,48894,0
38048,23171,97909,61219,135957,121080,0
74220,3880,42777,78100,116997,46657,0
67090,64023,57377,131113,124467,121400,1
32820,47549,79052,80369,111872,126601,1
51079,10153,92054,61232,143133,102207,0
19426,41964,55012,61390,74438,96976,1
2284,3438,43491,5722,45775,46929,0
70423,34757,63373,105180,133796,98130,1
66428,29498,45170,95926,111598,74668,1
75167,19618,4630,94785,79797,24248,0
96155,23328,49431,119483,145586,72759,0
52561,68586,89331,121147,141892,157917,1
81135,187,48216,81322,129351,48403,0
99435,86077,42751,185512,142186,128828,1
89268,61695,25842,150963,115110,87537,0
85635,64031,71386,149666,157021,135417,1
16083,88527,97300,104610,113383,185827,1
11636,33663,46895,45299,58531,80558,0
88534,45153,32368,133687,120902,77521,0
80837,26184,67476,107021,148313,93660,1
76193,87680,98959,163873,175152,186639,1
86169,40409,78752,126578,164921,119161,1
50810,86539,53071,137349,103881,139610,1
49207,26225,52279,75432,101486,78504,1
28667,66851,35935,95518,64602,102786,0
39447,664,88310,40111,127757,88974,0
87731,15732,1487,103463,89218,17219,0
89146,45440,20433,134586,109579,65873,0
78268,98341,56238,176609,134506,154579,1
4147,71407,68150,75554,72297,139557,1
614,5538,11706,6152,12320,17244,0
47754,17202,8403,64956,56157,25605,0
54583,84295,94229,138878,148812,178524,1
60212,17206,92367,77418,152579,109573,0
68288,44911,68811,113199,137099,113722,1
61862,26697,20698,88559,82560,47395,0
90646,85447,35835,176093,126481,121282,1
52509,87539,98636,140048,151145,186175,1
77352,46629,43858,123981,121210,90487,1
9651,87727,23156,97378,32807,110883,0
97110,72669,91341,169779,188451,164010,1
24414,13807,15223,38221,39637,29030,1
68389,38371,65038,106760,133427,103409,1
29750,12043,38843,41793,68593,50886,1
54021,41662,90580,95683,144601,132242,1
58592,92368,82541,150960,141133,174909,1
31043,13958,73851,45001,104894,87809,0
5160,87422,45826,92582,50986,133248,0
87620,54700,77195,142320,164815,131895,1
97824,67094,20530,164918,118354,87624,0
85024,18955,25202,103979,110226,44157,0
31423,30766,5459,62189,36882,36225,1
57566,12055,63073,69621,120639,75128,1
91169,75838,19332,167007,110501,95170,1
83216,55056,63811,138272,147027,118867,1
94071,70865,28658,164936,122729,99523,1
12582,68704,28082,81286,40664,96786,0
35775,13612,24023,49387,59798,37635,1
36854,67686,94525,104540,131379,162211,1
46747,57265,66740,104012,113487,124005,1
66511,357,49612,66868,116123,49969,0
54057,17748,29310,71805,83367,47058,0
8650,43911,4931,52561,13581,48842,0
64988,49535,49090,114523,114078,98625,1
43817,53664,96834,97481,140651,150498,1
34628,90928,11556,125556,46184,102484,0
94664,82534,62870,177198,157534,145404,1
76997,22725,12528,99722,89525,35253,0
14435,13864,29109,28299,43544,42973,0
96743,82754,32755,179497,129498,115509,1
82287,19982,70739,102269,153026,90721,1
63901,73173,52812,137074,116713,125985,1
34721,23862,27366,58583,62087,51228,1
27441,98314,34146,125755,61587,132460,0
85763,83037,64099,168800,149862,147136,1
17792,60128,46307,77920,64099,106435,1
24719,68597,96732,93316,121451,165329,0
32756,26681,61976,59437,94732,88657,0
3997,73703,74415,77700,78412,148118,1
5958,4028,41643,9986,47601,45671,0
46665,99286,59517,145951,106182,158803,1
20922,39810,94551,60732,115473,134361,0
15505,5784,34894,21289,50399,40678,0
99445,86881,45054,186326,144499,131935,1
4094,21157,38770,25251,42864,59927,0
65028,21570,71679,86598,136707,93249,1
28879,90317,44615,119196,73494,134932,0
69788,56338,31202,126126,100990,87540,1
54531,13463,73191,67994,127722,86654,0
6258,78231,89207,84489,95465,167438,0
28543,37226,47657,65769,76200,84883,1
4618,88438,33486,93056,38104,121924,0
95698,21313,56605,117011,152303,77918,0
97234,37181,7443,134415,104677,44624,0
4132,4694,19720,8826,23852,24414,0
7156,48749,38818,55905,45974,87567,0
24091,6548,74970,30639,99061,81518,0
41858,91551,32798,133409,74656,124349,0
12536,72424,97562,84960,110098,169986,0
95878,62878,75099,158756,170977,137977,1
71994,36890,2451,108884,74445,39341,0
97619,77766,73927,175385,171546,151693,1
99399,15481,70866,114880,170265,86347,0
18972,98311,32334,117283,51306,130645,0
45612,23331,96966,68943,142578,120297,0
28337,49781,1692,78118,30029,51473,0
71838,87735,9921,159573,81759,97656,0
8927,93224,8990,102151,17917,102214,0
66487,73318,64061,139805,130548,137379,1
36125,61838,39155,97963,75280,100993,1
89804,95050,59436,184854,149240,154486,1
12235,54439,69885,66674,82120,124324,0
90007,39403,22134,129410,112141,61537,0
77782,38608,88323,116390,166105,126931,1
96719,15518,26467,112237,123186,41985,0
52926,70233,25097,123159,78023,95330,1
53255,61924,98319,115179,151574,160243,1
12140,47982,64328,60122,76468,112310,0
94651,8095,33223,102746,127874,41318,0
91035,85311,69054,176346,160089,154365,1
36248,76557,46359,112805,82607,122916,1
78087,74467,57326,152554,135413,131793,1
28177,41568,49196,69745,77373,90764,1
71695,14288,65519,85983,137214,79807,1
22862,89078,6108,111940,28970,95186,0
3515,95643,94149,99158,97664,189792,1
15400,71273,30801,86673,46201,102074,0
21698,807,91083,22505,112781,91890,0
70998,33622,20565,104620,91563,54187,0
68987,60349,7971,129336,76958,68320,0
67166,15579,71464,82745,138630,87043,1
59374,4189,53618,63563,112992,57807,0
8912,105,16210,9017,25122,16315,0
36949,77737,45552,114686,82501,123289,1
670,13933,25258,14603,25928,39191,0
60387,68076,41670,128463,102057,109746,1
80096,2905,74025,83001,154121,76930,0
63744,25426,95975,89170,159719,121401,0
1335,29265,32136,30600,33471,61401,0
25613,21117,56576,46730,82189,77693,0
20871,1610,55299,22481,76170,56909,0
23896,56084,73597,79980,97493,129681,1
21936,9640,51657,31576,73593,61297,0
80700,2270,45007,82970,125707,47277,0
46314,77481,2031,123795,48345,79512,0
29579,415,20970,29994,50549,21385,0
16343,35869,21289,52212,37632,57158,1
73441,81193,65913,154634,139354,147106,1
82613,35235,69762,117848,152375,104997,1
96048,56838,17363,152886,113411,74201,0
62221,14394,73623,76615,135844,88017,1
96054,83561,2278,179615,98332,85839,0
79517,89426,75452,168943,154969,164878,1
12058,73445,82794,85503,94852,156239,1
86383,67145,20448,153528,106831,87593,1
71997,22903,34918,94900,106915,57821,0
76158,32512,97571,108670,173729,130083,1
70022,17719,15046,87741,85068,32765,0
65333,72530,32708,137863,98041,105238,1
85437,93891,33796,179328,119233,127687,1
10060,48605,26538,58665,36598,75143,0
80938,86032,8508,166970,89446,94540,1
93442,78463,41535,171905,134977,119998,1
41484,34842,32675,76326,74159,67517,1
65042,5890,96767,70932,161809,102657,0
28568,60973,63612,89541,92180,124585,1
11434,80271,80838,91705,92272,161109,1
26334,83278,53156,109612,79490,136434,0
14551,94854,40812,109405,55363,135666,0
76438,46959,75160,123397,151598,122119,1
19588,4810,98480,24398,118068,103290,0
70384,38005,54861,108389,125245,92866,1
94028,62900,73007,156928,167035,135907,1
94274,87478,60649,181752,154923,148127,1
62493,40775,39668,103268,102161,80443,1
94826,70607,75363,165433,170189,145970,1
98846,92703,16095,191549,114941,108798,1
85834,9887,35265,95721,121099,45152,0
91380,81269,79173,172649,170553,160442,1
50654,57900,22445,108554,73099,80345,1
78797,43077,30849,121874,109646,73926,0
17787,12060,38860,29847,56647,50920,0
15105,86514,20120,101619,35225,106634,0
62533,29651,16268,92184,78801,45919,0
82349,40539,13121,122888,95470,53660,0
44490,79770,14245,124260,58735,94015,0
23992,75044,79749,99036,103741,154793,1
97868,53897,72036,151765,169904,125933,1
27873,83482,8527,111355,36400,92009,0
8786,9013,78202,17799,86988,87215,0
68685,68160,64143,136845,132828,132303,1
62308,59871,79519,122179,141827,139390,1
4692,7154,96829,11846,101521,103983,0
22343,19506,30823,41849,53166,50329,1
79847,45439,78882,125286,158729,124321,1
74889,86083,43319,160972,118208,129402,1
42127,13821,95435,55948,137562,109256,0
83594,90944,58172,174538,141766,149116,1
33982,58754,52800,92736,86782,111554,1
99151,61752,55882,160903,155033,117634,1
35158,57681,65567,92839,100725,123248,1
2054,43333,54978,45387,57032,98311,0
97046,36438,1743,133484,98789,38181,0
83713,24926,83959,108639,167672,108885,1
50529,89790,48926,140319,99455,138716,1
79662,51177,58299,130839,137961,109476,1
14786,85157,74752,99943,89538,159909,1
61597,20570,73782,82167,135379,94352,1
9426,37824,76710,47250,86136,114534,0
63926,35654,15032,99580,78958,50686,0
43550,60835,51926,104385,95476,112761,1
29713,1470,80274,31183,109987,81744,0
82502,79892,67847,162394,150349,147739,1
53035,93321,81815,146356,134850,175136,1
42481,16133,37788,58614,80269,53921,1
28918,43269,84096,72187,113014,127365,0
54954,78437,1745,133391,56699,80182,0
64137,53935,75205,118072,139342,129140,1
81137,3430,67467,84567,148604,70897,0
69678,26569,91295,96247,160973,117864,1
40462,24862,68011,65324,108473,92873,0
84636,40996,96680,125632,181316,137676,1
3513,19920,58257,23433,61770,78177,0
34594,78535,40768,113129,75362,119303,0
34043,61268,21943,95311,55986,83211,0
29406,58791,53368,88197,82774,112159,1
71761,81511,70404,153272,142165,151915,1
92623,58764,86527,151387,179150,145291,1
65985,62976,65733,128961,131718,128709,1
64010,32869,16985,96879,80995,49854,0
94904,38139,26089,133043,120993,64228,0
43138,89141,17159,132279,60297,106300,0
46678,85663,25418,132341,72096,111081,0
17754,85515,54278,103269,72032,139793,0
28273,54459,92368,82732,120641,146827,0
48150,27211,54001,75361,102151,81212,1
79739,78183,57415,157922,137154,135598,1
35610,80201,23104,115811,58714,103305,0
93330,47297,45094,140627,138424,92391,0
26653,68567,91460,95220,118113,160027,1
49567,53258,35514,102825,85081,88772,1
69316,65690,69357,135006,138673,135047,1
36057,14338,38513,50395,74570,52851,1
47806,47345,6815,95151,54621,54160,1
18172,67056,94657,85228,112829,161713,0
14548,96121,49551,110669,64099,145672,0
75972,4535,69521,80507,145493,74056,0
21046,88982,17702,110028,38748,106684,0
11526,39668,95477,51194,107003,135145,0
11172,39830,57435,51002,68607,97265,0
10735,95075,8101,105810,18836,103176,0
8470,50871,91164,59341,99634,142035,0
61247,77192,32727,138439,93974,109919,1
23211,72189,71270,95400,94481,143459,1
73031,53924,90773,126955,163804,144697,1
89706,9966,8724,99672,98430,18690,0
20021,49335,48728,69356,68749,98063,1
24604,78592,81576,103196,106180,160168,1
73435,21842,14565,95277,88000,36407,0
28410,325,62922,28735,91332,63247,0
50087,21952,4815,72039,54902,26767,0
38764,84167,69724,122931,108488,153891,1
45124,7968,31795,53092,76919,39763,0
42945,11397,91185,54342,134130,102582,0
12812,60188,64094,73000,76906,124282,1
29952,7933,55155,37885,85107,63088,0
14430,64310,87890,78740,102320,152200,0
92926,5124,58252,98050,151178,63376,0
63572,33356,94397,96928,157969,127753,1
24790,91975,29117,116765,53907,121092,0
32184,34548,23234,66732,55418,57782,1
81528,12229,51729,93757,133257,63958,0
38413,87673,47895,126086,86308,135568,0
39841,18417,88650,58258,128491,107067,0
9707,40046,12407,49753,22114,52453,0
94998,55713,79648,150711,174646,135361,1
32743,71031,5971,103774,38714,77002,0
27027,13367,35613,40394,62640,48980,1
12960,62305,93702,75265,106662,156007,0
40231,73191,14595,113422,54826,87786,0
56464,74711,60980,131175,117444,135691,1
59216,35888,32331,95104,91547,68219,1
31800,58217,61277,90017,93077,119494,1
53364,3493,80555,56857,133919,84048,0
22697,80229,88302,102926,110999,168531,1
61799,46610,31555,108409,93354,78165,1
9466,82169,62777,91635,72243,144946,0
40665,12212,69328,52877,109993,81540,0
19474,8927,31369,28401,50843,40296,0
58743,45167,79578,103910,138321,124745,1
70324,14137,84391,84461,154715,98528,1
33594,46101,55753,79695,89347,101854,1
17334,94583,88171,111917,105505,182754,1
17635,73654,67849,91289,85484,141503,1
52160,1636,62145,53796,114305,63781,0
82480,38663,26166,121143,108646,64829,0
32996,37071,92365,70067,125361,129436,0
93326,41372,4380,134698,97706,45752,0
37302,89095,4590,126397,41892,93685,0
44601,65120,93068,109721,137669,158188,1
96395,63603,27584,159998,123979,91187,0
25237,52590,42729,77827,67966,95319,1
40704,89855,22695,130559,63399,112550,0
59155,70706,74435,129861,133590,145141,1
62055,86390,9381,148445,71436,95771,0
2148,20636,29028,22784,31176,49664,0
33770,50722,50625,84492,84395,101347,1
30686,16557,69646,47243,100332,86203,0
67332,51768,698,119100,68030,52466,0
25128,26553,70919,51681,96047,97472,0
62792,30402,52644,93194,115436,83046,1
14223,97480,59417,111703,73640,156897,0
65612,73525,93005,139137,158617,166530,1
61878,9917,42145,71795,104023,52062,0
29201,14148,77841,43349,107042,91989,0
66690,35540,5484,102230,72174,41024,0
77366,95403,10618,172769,87984,106021,0
94674,10603,56233,105277,150907,66836,0
96682,28545,19140,125227,115822,47685,0
6689,32712,71441,39401,78130,104153,0
33768,65587,49317,99355,83085,114904,1
73080,97668,49367,170748,122447,147035,1
53759,78481,88201,132240,141960,166682,1
95129,36487,59909,131616,155038,96396,1
80758,37625,86996,118383,167754,124621,1
8444,21690,39417,30134,47861,61107,0
18224,61592,59810,79816,78034,121402,1
86999,37013,77126,124012,164125,114139,1
6307,56431,42115,62738,48422,98546,0
32569,54415,99625,86984,132194,154040,0
79956,37199,91241,117155,171197,128440,1
57274,47830,8500,105104,65774,56330,0
6523,57679,47522,64202,54045,105201,0
90198,51900,62735,142098,152933,114635,1
97553,16561,7764,114114,105317,24325,0
11197,74074,55583,85271,66780,129657,0
64897,33632,30474,98529,95371,64106,0
2268,98167,18467,100435,20735,116634,0
63421,60107,93938,123528,157359,154045,1
13554,97067,23095,110621,36649,120162,0
88406,40566,84852,128972,173258,125418,1
47649,74631,56086,122280,103735,130717,1
57029,75534,44416,132563,101445,119950,1
77274,10488,79548,87762,156822,90036,1
14082,80408,35704,94490,49786,116112,0
26447,6078,54798,32525,81245,60876,0
52360,45557,69643,97917,122003,115200,1
91047,56651,80257,147698,171304,136908,1
23737,38685,64344,62422,88081,103029,0
71512,95572,29951,167084,101463,125523,1
29186,27319,13886,56505,43072,41205,1
12027,80099,15033,92126,27060,95132,0
70096,22127,10231,92223,80327,32358,0
96649,89700,36924,186349,133573,126624,1
56916,90774,19290,147690,76206,110064,0
62772,81598,30221,144370,92993,111819,1
75695,3231,1905,78926,77600,5136,0
85392,51136,60814,136528,146206,111950,1
81497,54651,17370,136148,98867,72021,0
18016,82409,84778,100425,102794,167187,1
64292,14880,49546,79172,113838,64426,1
90444,36420,58610,126864,149054,95030,1
29300,28048,35994,57348,65294,64042,1
71051,2701,68479,73752,139530,71180,1
15710,53389,71631,69099,87341,125020,0
87191,44028,71303,131219,158494,115331,1
63468,26515,88003,89983,151471,114518,1
98423,7552,40185,105975,138608,47737,0
82112,38399,14285,120511,96397,52684,0
7949,78295,63498,86244,71447,141793,0
74296,54443,11416,128739,85712,65859,0
67881,51686,69901,119567,137782,121587,1
98678,67631,1658,166309,100336,69289,0
15260,69878,18665,85138,33925,88543,0
55595,95648,26418,151243,82013,122066,0
91036,57557,51496,148593,142532,109053,1
7285,56750,82526,64035,89811,139276,0
19984,80821,64969,100805,84953,145790,1
30783,33557,78828,64340,109611,112385,0
21151,46893,1909,68044,23060,48802,0
70426,20219,79433,90645,149859,99652,1
77798,5253,20929,83051,98727,26182,0
88945,10741,47865,99686,136810,58606,0
74433,12896,65458,87329,139891,78354,1
83765,66850,88842,150615,172607,155692,1
62581,63815,49411,126396,111992,113226,1
94697,12651,8578,107348,103275,21229,0
69540,21052,44923,90592,114463,65975,0
91843,75700,27297,167543,119140,102997,1
48144,54513,91678,102657,139822,146191,1
89488,43163,58155,132651,147643,101318,1
67986,97508,96504,165494,164490,194012,1
99026,94523,42526,193549,141552,137049,1
4809,6109,74976,10918,79785,81085,0
84669,37898,94571,122567,179240,132469,1
76453,423,43487,76876,119940,43910,0
57836,74329,42860,132165,100696,117189,1
96125,12895,79777,109020,175902,92672,0
84401,97767,80295,182168,164696,178062,1
12048,54145,98267,66193,110315,152412,0
24877,26887,30708,51764,55585,57595,1
38130,66071,70757,104201,108887,136828,1
95233,30065,28011,125298,123244,58076,0
47495,55635,8344,103130,55839,63979,1
77390,83713,89485,161103,166875,173198,1
25903,91496,15717,117399,41620,107213,0
15757,50736,16607,66493,32364,67343,0
87421,59328,31747,146749,119168,91075,1
22034,81707,54322,103741,76356,136029,0
12918,10221,40455,23139,53373,50676,0
91819,76654,57918,168473,149737,134572,1
21314,93528,70397,114842,91711,163925,0
45130,37981,52144,83111,97274,90125,1
25376,41947,63226,67323,88602,105173,1
46034,31777,64012,77811,110046,95789,1
53424,95897,13876,149321,67300,109773,0
5521,88815,41193,94336,46714,130008,0
95653,15154,92707,110807,188360,107861,1
92957,62932,63156,155889,156113,126088,1
69063,13728,1190,82791,70253,14918,0
81099,45649,95258,126748,176357,140907,1
24870,28052,49628,52922,74498,77680,1
51261,97144,72588,148405,123849,169732,1
82798,77691,27139,160489,109937,104830,1
53208,89211,22765,142419,75973,111976,0
66963,22926,81771,89889,148734,104697,1
75878,91616,86884,167494,162762,178500,1
20551,77944,82590,98495,103141,160534,1
92225,24197,43245,116422,135470,67442,0
59822,77524,99636,137346,159458,177160,1
5444,31198,77945,36642,83389,109143,0
3411,26152,43735,29563,47146,69887,0
13909,32615,79026,46524,92935,111641,0
94114,64125,84848,158239,178962,148973,1
15481,45789,27704,61270,43185,73493,0
65238,91426,96560,156664,161798,187986,1
83924,47824,87909,131748,171833,135733,1
98963,94392,15418,193355,114381,109810,1
63433,84252,38521,147685,101954,122773,1
21138,77991,76808,99129,97946,154799,1
43841,81170,31116,125011,74957,112286,0
12617,97585,84658,110202,97275,182243,0
74056,30008,50391,104064,124447,80399,1
42087,33214,67829,75301,109916,101043,1
88252,92795,3960,181047,92212,96755,0
7216,89618,93757,96834,100973,183375,1
74463,8967,96516,83430,170979,105483,0
421,1081,29151,1502,29572,30232,0
89316,59761,11145,149077,100461,70906,0
84294,68531,30707,152825,115001,99238,1
23046,51526,86638,74572,109684,138164,0
61578,22625,82423,84203,144001,105048,1
72800,35502,85217,108302,158017,120719,1
4485,27937,38531,32422,43016,66468,0
3048,55696,74352,58744,77400,130048,0
21785,49654,7383,71439,29168,57037,0
27731,66453,7328,94184,35059,73781,0
68081,66659,25739,134740,93820,92398,1
84239,61171,63193,145410,147432,124364,1
25569,4931,20302,30500,45871,25233,0
46022,59139,4764,105161,50786,63903,0
12663,90760,41689,103423,54352,132449,0
70313,13932,3016,84245,73329,16948,0
59468,28200,25929,87668,85397,54129,0
51778,30024,11238,81802,63016,41262,0
6806,52377,46745,59183,53551,99122,1
13069,33931,4597,47000,17666,38528,0
15586,73222,70765,88808,86351,143987,1
47319,56601,72300,103920,119619,128901,1
88510,59105,68078,147615,156588,127183,1
72556,75665,69741,148221,142297,145406,1
73217,80263,24360,153480,97577,104623,1
37633,23900,20954,61533,58587,44854,1
74027,62681,60662,136708,134689,123343,1
31094,51180,31628,82274,62722,82808,1
34921,45782,73378,80703,108299,119160,1
99097,80018,61209,179115,160306,141227,1
4414,20771,91851,25185,96265,112622,0
49932,93207,84631,143139,134563,177838,1
96166,90042,74295,186208,170461,164337,1
84798,72936,99154,157734,183952,172090,1
98136,24657,56895,122793,155031,81552,0
62117,53686,13196,115803,75313,66882,1
60544,66230,8954,126774,69498,75184,1
94249,44057,24319,138306,118568,68376,0
71841,80865,40901,152706,112742,121766,1
86861,96927,38745,183788,125606,135672,1
23015,41481,7490,64496,30505,48971,0
96132,41497,70099,137629,166231,111596,1
91868,76626,33981,168494,125849,110607,1
21483,61764,6162,83247,27645,67926,0
11416,82219,87616,93635,99032,169835,1
2610,85770,95556,88380,98166,181326,0
33482,28451,44377,61933,77859,72828,1
86342,96985,21629,183327,107971,118614,1
92062,15336,86038,107398,178100,101374,1
48276,67630,55484,115906,103760,123114,1
60918,90741,39858,151659,100776,130599,1
2762,20931,76855,23693,79617,97786,0
35235,30272,64879,65507,100114,95151,1
49597,26629,92113,76226,141710,118742,0
26536,51801,84245,78337,110781,136046,0
61863,2075,18190,63938,80053,20265,0
11947,4099,11034,16046,22981,15133,1
50348,86441,84101,136789,134449,170542,1
27010,30543,7313,57553,34323,37856,1
41857,56347,98331,98204,140188,154678,0
93060,16099,61324,109159,154384,77423,0
15380,17313,23629,32693,39009,40942,1
27750,84471,29566,112221,57316,114037,0
1278,15014,56729,16292,58007,71743,0
35702,70698,61790,106400,97492,132488,1
13008,19421,66980,32429,79988,86401,0
85659,94153,45550,179812,131209,139703,1
97779,76730,79528,174509,177307,156258,1
52686,76566,99166,129252,151852,175732,1
70594,78944,54305,149538,124899,133249,1
93308,39966,21247,133274,114555,61213,0
87278,88474,46629,175752,133907,135103,1
11692,16998,64133,28690,75825,81131,0
29476,91978,7960,121454,37436,99938,0
68562,32265,53023,100827,121585,85288,1
63160,40360,99748,103520,162908,140108,1
70844,46546,5307,117390,76151,51853,0
18669,25835,72163,44504,90832,97998,0
24519,28741,48237,53260,72756,76978,1
89805,55956,99612,145761,189417,155568,1
62868,32594,36238,95462,99106,68832,1
45797,96130,18457,141927,64254,114587,0
69426,93157,27986,162583,97412,121143,1
29334,2948,87367,32282,116701,90315,0
46514,32213,85610,78727,132124,117823,0
94620,29034,24122,123654,118742,53156,0
23378,4062,7225,27440,30603,11287,0
90724,29101,14912,119825,105636,44013,0
58779,90638,24220,149417,82999,114858,0
60802,50476,31441,111278,92243,81917,1
224,89255,79181,89479,79405,168436,0
13384,56795,75625,70179,89009,132420,0
53066,29868,32613,82934,85679,62481,1
95403,82944,55850,178347,151253,138794,1
17730,452,46722,18182,64452,47174,0
2511,89386,94489,91897,97000,183875,0
25094,39139,73585,64233,98679,112724,0
71631,36687,59873,108318,131504,96560,1
8349,66688,82502,75037,90851,149190,0
53482,21714,47625,75196,101107,69339,1
72107,64845,84153,136952,156260,148998,1
70087,37304,86594,107391,156681,123898,1
95781,89220,54708,185001,150489,143928,1
39066,8162,71028,47228,110094,79190,0
23657,28434,96014,52091,119671,124448,0
82183,91829,76004,174012,158187,167833,1
48976,43196,23579,92172,72555,66775,1
50855,5249,29548,56104,80403,34797,0
60254,66342,18738,126596,78992,85080,1
28213,42764,11493,70977,39706,54257,0
74426,68159,67223,142585,141649,135382,1
14593,5779,43040,20372,57633,48819,0
8929,47338,8628,56267,17557,55966,0
69688,72478,38919,142166,108607,111397,1
77393,23078,19382,100471,96775,42460,0
92796,75688,78181,168484,170977,153869,1
91037,28230,82659,119267,173696,110889,1
20364,33369,72516,53733,92880,105885,0
75597,64004,38840,139601,114437,102844,1
11044,30983,37354,42027,48398,68337,1
50413,74159,39331,124572,89744,113490,1
38284,75837,16213,114121,54497,92050,0
81742,86500,60705,168242,142447,147205,1
21403,40317,35876,61720,57279,76193,1
49434,29388,34754,78822,84188,64142,1
14120,25755,55317,39875,69437,81072,0
24760,82963,58423,107723,83183,141386,1
22465,52972,63279,75437,85744,116251,1
86836,68515,44526,155351,131362,113041,1
21730,80845,28912,102575,50642,109757,0
2149,26850,39570,28999,41719,66420,0
96705,99528,80422,196233,177127,179950,1
10438,5230,92131,15668,102569,97361,0
14680,81627,80682,96307,95362,162309,1
38573,1888,25327,40461,63900,27215,0
99587,40391,31680,139978,131267,72071,0
22335,80557,42855,102892,65190,123412,0
84649,25462,79542,110111,164191,105004,1
75798,60866,58521,136664,134319,119387,1
63129,4375,41352,67504,104481,45727,0
30935,10806,77318,41741,108253,88124,0
54446,63270,76905,117716,131351,140175,1
41621,33418,36982,75039,78603,70400,1
54390,31370,4443,85760,58833,35813,0
75741,91494,81382,167235,157123,172876,1
58522,80347,3714,138869,62236,84061,0
59693,95588,10435,155281,70128,106023,0
4964,65331,44295,70295,49259,109626,0
81763,58788,47980,140551,129743,106768,1
40077,96353,49422,136430,89499,145775,0
10577,47042,17518,57619,28095,64560,0
32756,45720,83818,78476,116574,129538,0
85347,43370,44457,128717,129804,87827,1
7705,51844,56142,59549,63847,107986,1
610,3611,68383,4221,68993,71994,0
1010,16332,15686,17342,16696,32018,1
43463,61913,82439,105376,125902,144352,1
24127,12817,40106,36944,64233,52923,0
70669,6159,22572,76828,93241,28731,0
22562,1474,7069,24036,29631,8543,0
85443,79626,23348,165069,108791,102974,1
17139,63892,3204,81031,20343,67096,0
82649,73908,52073,156557,134722,125981,1
67093,42043,69026,109136,136119,111069,1
80642,84256,92240,164898,172882,176496,1
38753,61596,60722,100349,99475,122318,1
2066,59566,3463,61632,5529,63029,0
11645,5909,97207,17554,108852,103116,0
36551,24938,76361,61489,112912,101299,0
15166,68565,60153,83731,75319,128718,1
68732,5218,34879,73950,103611,40097,0
56767,30204,59174,86971,115941,89378,1
47773,98508,64983,146281,112756,163491,1
63398,57324,59262,120722,122660,116586,1
86690,20850,45863,107540,132553,66713,0
74385,29597,37555,103982,111940,67152,0
10306,74530,52049,84836,62355,126579,0
29737,29113,35395,58850,65132,64508,1
88733,95604,64325,184337,153058,159929,1
25324,50383,63042,75707,88366,113425,1
15067,50888,85143,65955,100210,136031,0
40305,2820,44361,43125,84666,47181,0
24158,11418,68210,35576,92368,79628,0
9505,83729,41224,93234,50729,124953,0
88052,65224,18453,153276,106505,83677,0
30684,51555,67718,82239,98402,119273,1
89561,66186,65673,155747,155234,131859,1
75107,90977,11161,166084,86268,102138,0
66833,66127,32364,132960,99197,98491,1
62353,50511,30910,112864,93263,81421,1
58341,89048,81688,147389,140029,170736,1
35067,32022,85485,67089,120552,117507,0
96906,83316,70524,180222,167430,153840,1
79871,1931,91819,81802,171690,93750,0
7441,23456,68818,30897,76259,92274,0
27277,37615,72819,64892,100096,110434,0
31231,60447,61127,91678,92358,121574,1
29344,29563,47386,58907,76730,76949,1
34098,46186,79128,80284,113226,125314,1
35398,96441,86310,131839,121708,182751,1
30430,79804,37869,110234,68299,117673,0
29823,90589,57124,120412,86947,147713,0
70381,85315,31485,155696,101866,116800,1
67789,18262,68122,86051,135911,86384,1
51998,39334,45109,91332,97107,84443,1
27217,73396,4564,100613,31781,77960,0
27546,40727,44161,68273,71707,84888,1
34133,62542,51990,96675,86123,114532,1
4057,42835,15261,46892,19318,58096,0
32318,92037,93649,124355,125967,185686,1
68793,59630,2076,128423,70869,61706,0
24662,27170,19724,51832,44386,46894,1
24585,13501,23901,38086,48486,37402,1
44869,56144,15123,101013,59992,71267,1
23426,37575,26411,61001,49837,63986,1
81931,61182,46357,143113,128288,107539,1
33070,22280,5780,55350,38850,28060,0
29215,57857,19279,87072,48494,77136,0
31001,30584,58937,61585,89938,89521,1
35712,40925,72928,76637,108640,113853,1
32833,13636,93754,46469,126587,107390,0
7880,96793,92238,104673,100118,189031,1
84791,95695,88476,180486,173267,184171,1
60124,99845,47280,159969,107404,147125,1
75932,37591,67522,113523,143454,105113,1
36234,46331,5369,82565,41603,51700,0
95828,90046,47002,185874,142830,137048,1
38478,83543,63303,122021,101781,146846,1
76595,60612,765,137207,77360,61377,0
43703,88177,33697,131880,77400,121874,0
11981,2281,99714,14262,111695,101995,0
74649,82997,15929,157646,90578,98926,1
38191,26001,69697,64192,107888,95698,0
88364,23919,81009,112283,169373,104928,1
8431,28357,85630,36788,94061,113987,0
37919,60265,60600,98184,98519,120865,1
46682,38676,83268,85358,129950,121944,1
14545,48302,31898,62847,46443,80200,0
64379,10285,70059,74664,134438,80344,1
76268,35815,10385,112083,86653,46200,0
42870,7555,26803,50425,69673,34358,0
19912,93490,43972,113402,63884,137462,0
45869,34918,52396,80787,98265,87314,1
26684,40989,69925,67673,96609,110914,0
58593,48657,75252,107250,133845,123909,1
35652,13980,65657,49632,101309,79637,0
87204,49170,49748,136374,136952,98918,1
3865,68344,46125,72209,49990,114469,0
41726,63196,87925,104922,129651,151121,1
30610,98781,70118,129391,100728,168899,1
39426,26624,88029,66050,127455,114653,0
40521,31369,60961,71890,101482,92330,1
92379,29557,14612,121936,106991,44169,0
3695,87062,85456,90757,89151,172518,1
78679,70809,88603,149488,167282,159412,1
38109,48718,21028,86827,59137,69746,1
42604,68032,47299,110636,89903,115331,1
46955,83408,18528,130363,65483,101936,0
90147,2279,62256,92426,152403,64535,0
40081,94297,85999,134378,126080,180296,1
61142,48442,38573,109584,99715,87015,1
10819,39643,24149,50462,34968,63792,0
86672,42438,76684,129110,163356,119122,1
30491,90408,45766,120899,76257,136174,0
87146,23750,53095,110896,140241,76845,0
95285,13365,80833,108650,176118,94198,0
26580,34200,81428,60780,108008,115628,0
96470,45819,15988,142289,112458,61807,0
10980,53486,86110,64466,97090,139596,0
91210,11182,90207,102392,181417,101389,1
29365,70500,33291,99865,62656,103791,0
43513,42986,84550,86499,128063,127536,1
66979,405,24207,67384,91186,24612,0
37934,15793,17448,53727,55382,33241,0
41921,73809,39901,115730,81822,113710,1
20471,35214,23699,55685,44170,58913,1
17639,62518,87338,80157,104977,149856,0
41392,13653,33463,55045,74855,47116,1
72530,37569,91814,110099,164344,129383,1
85170,90644,60255,175814,145425,150899,1
67750,73539,60902,141289,128652,134441,1
62318,4930,37795,67248,100113,42725,0
60082,95653,27457,155735,87539,123110,0
96435,33859,77505,130294,173940,111364,1
38240,63631,9161,101871,47401,72792,0
50084,62156,19452,112240,69536,81608,1
70704,5485,32101,76189,102805,37586,0
61212,60514,57824,121726,119036,118338,1
12560,29726,64737,42286,77297,94463,0
23936,36974,64244,60910,88180,101218,0
99785,41345,23767,141130,123552,65112,0
474,91902,28224,92376,28698,120126,0
86683,40604,43277,127287,129960,83881,0
26334,16831,82062,43165,108396,98893,0
45497,19464,84884,64961,130381,104348,0
904,63781,71752,64685,72656,135533,0
22371,19980,92590,42351,114961,112570,0
87892,97602,7307,185494,95199,104909,0
3395,10005,88317,13400,91712,98322,0
2042,32900,44896,34942,46938,77796,0
84970,56626,13608,141596,98578,70234,0
290,74230,15072,74520,15362,89302,0
71285,1282,97047,72567,168332,98329,0
39181,91939,10330,131120,49511,102269,0
34365,20417,35255,54782,69620,55672,1
58957,36988,94890,95945,153847,131878,1
43901,41389,16391,85290,60292,57780,1
89520,96375,14308,185895,103828,110683,1
73600,43543,54882,117143,128482,98425,1
29530,21062,14128,50592,43658,35190,1
10278,13775,1968,24053,12246,15743,0
174,5797,21768,5971,21942,27565,0
27454,89663,6094,117117,33548,95757,0
9126,84049,57065,93175,66191,141114,0
82768,92280,27326,175048,110094,119606,1
98555,26390,6768,124945,105323,33158,0
48789,6526,52088,55315,100877,58614,1
76908,75674,25467,152582,102375,101141,1
66003,35767,60557,101770,126560,96324,1
9376,22961,70909,32337,80285,93870,0
50642,25000,52816,75642,103458,77816,1
28920,66599,69264,95519,98184,135863,1
89412,13174,60934,102586,150346,74108,0
51422,75171,99919,126593,151341,175090,1
52904,67282,64025,120186,116929,131307,1
31786,23202,70240,54988,102026,93442,0
52725,77491,96234,130216,148959,173725,1
36882,13009,11835,49891,48717,24844,0
83146,15949,99494,99095,182640,115443,0
74522,93344,2066,167866,76588,95410,0
83644,30130,47812,113774,131456,77942,0
35216,28783,31495,63999,66711,60278,1
55383,22584,7692,77967,63075,30276,0
86448,18449,2097,104897,88545,20546,0
21743,74533,71824,96276,93567,146357,1
64426,38794,8457,103220,72883,47251,0
64825,63936,99292,128761,164117,163228,1
72921,96669,16183,169590,89104,112852,0
55576,23900,61658,79476,117234,85558,1
22147,93610,1099,115757,23246,94709,0
32045,60947,10971,92992,43016,71918,0
31904,78738,58462,110642,90366,137200,1
20633,21312,23296,41945,43929,44608,1
2447,80549,66390,82996,68837,146939,0
81235,4123,32486,85358,113721,36609,0
25054,5637,53004,30691,78058,58641,0
41279,71129,6983,112408,48262,78112,0
16925,34130,73731,51055,90656,107861,0
62203,1435,60268,63638,122471,61703,0
68149,5402,86551,73551,154700,91953,0
17190,16461,88915,33651,106105,105376,0
82988,26105,37475,109093,120463,63580,0
46790,55272,41511,102062,88301,96783,1
94708,84961,16742,179669,111450,101703,1
85762,96331,80526,182093,166288,176857,1
10253,85491,70988,95744,81241,156479,0
1575,65147,23095,66722,24670,88242,0
15521,66042,31114,81563,46635,97156,0
2126,59544,26977,61670,29103,86521,0
93175,62373,47732,155548,140907,110105,1
69356,46971,25693,116327,95049,72664,1
20603,87123,62648,107726,83251,149771,0
24370,30847,47353,55217,71723,78200,1
7647,28116,29505,35763,37152,57621,1
16075,23010,71545,39085,87620,94555,0
1423,43033,3181,44456,4604,46214,0
50651,34866,54064,85517,104715,88930,1
83272,5641,63219,88913,146491,68860,0
45419,66274,57217,111693,102636,123491,1
11248,68487,35906,79735,47154,104393,0
58168,11643,13211,69811,71379,24854,0
55572,60600,94614,116172,150186,155214,1
83912,80697,81395,164609,165307,162092,1
52768,16192,92304,68960,145072,108496,0
29923,14936,28505,44859,58428,43441,1
40773,97493,34415,138266,75188,131908,0
97201,90476,90594,187677,187795,181070,1
15246,73555,12694,88801,27940,86249,0
23899,18105,74024,42004,97923,92129,0
19912,25637,57637,45549,77549,83274,0
26275,59884,89988,86159,116263,149872,0
17951,97632,16797,115583,34748,114429,0
34580,75606,4739,110186,39319,80345,0
10722,91565,77759,102287,88481,169324,0
74167,17922,22647,92089,96814,40569,0
66376,8520,29734,74896,96110,38254,0
1253,62966,43424,64219,44677,106390,0
43937,50029,58860,93966,102797,108889,1
22948,72653,99913,95601,122861,172566,0
53288,89554,94217,142842,147505,183771,1
70657,255,37920,70912,108577,38175,0
6722,92694,78971,99416,85693,171665,0
57080,89750,81698,146830,138778,171448,1
74785,91599,41917,166384,116702,133516,1
34473,67982,25535,102455,60008,93517,0
72935,74644,64825,147579,137760,139469,1
27316,38161,35298,65477,62614,73459,1
18311,81053,24377,99364,42688,105430,0
88522,89286,79158,177808,167680,168444,1
94058,36222,62975,130280,157033,99197,1
97258,65657,2965,162915,100223,68622,0
28924,24272,864,53196,29788,25136,0
85718,36538,51624,122256,137342,88162,1
56529,5256,59678,61785,116207,64934,1
76406,97849,37166,174255,113572,135015,1
66663,98679,21999,165342,88662,120678,0
21824,49061,7275,70885,29099,56336,0
73041,68590,63728,141631,136769,132318,1
32793,45227,56487,78020,89280,101714,1
50793,98533,71719,149326,122512,170252,1
64160,84241,41583,148401,105743,125824,1
22818,13094,6516,35912,29334,19610,0
10059,80598,48066,90657,58125,128664,0
62092,40471,99318,102563,161410,139789,1
43366,47139,76052,90505,119418,123191,1
13612,38878,69047,52490,82659,107925,0
6442,16757,97820,23199,104262,114577,0
8776,5080,11267,13856,20043,16347,1
22500,52643,87612,75143,110112,140255,0
2026,67399,75258,69425,77284,142657,0
31619,51084,20389,82703,52008,71473,1
41669,70339,81517,112008,123186,151856,1
71841,43270,43220,115111,115061,86490,1
68962,83839,37409,152801,106371,121248,1
63095,35534,61594,98629,124689,97128,1
29742,19783,12092,49525,41834,31875,1
50962,24275,34616,75237,85578,58891,1
39159,51077,61332,90236,100491,112409,1
15724,82675,16887,98399,32611,99562,0
5909,4593,15658,10502,21567,20251,0
74567,41576,22852,116143,97419,64428,0
22183,78737,41219,100920,63402,119956,0
62232,81242,68307,143474,130539,149549,1
10010,62125,78940,72135,88950,141065,0
704,14696,11654,15400,12358,26350,0
69875,99145,51052,169020,120927,150197,1
85856,61462,15490,147318,101346,76952,0
24573,75083,23161,99656,47734,98244,0
4924,68601,30853,73525,35777,99454,0
54441,1927,2558,56368,56999,4485,0
4638,26617,9718,31255,14356,36335,0
47700,82930,70215,130630,117915,153145,1
32304,14723,21639,47027,53943,36362,1
67538,57226,31407,124764,98945,88633,1
25922,16086,31253,42008,57175,47339,1
24898,76327,88807,101225,113705,165134,1
21426,4286,20568,25712,41994,24854,1
63527,50868,19651,114395,83178,70519,1
10689,1233,65160,11922,75849,66393,0
22499,74918,56677,97417,79176,131595,1
10457,2849,12823,13306,23280,15672,1
54343,3625,24547,57968,78890,28172,0
38087,8894,30687,46981,68774,39581,1
14646,44428,25339,59074,39985,69767,0
4648,28567,21575,33215,26223,50142,0
2595,63927,20588,66522,23183,84515,0
2212,99633,81411,101845,83623,181044,0
79491,31143,80487,110634,159978,111630,1
60640,74120,6607,134760,67247,80727,0
96058,69469,52657,165527,148715,122126,1
97327,26907,52628,124234,149955,79535,0
13411,82475,54074,95886,67485,136549,0
65983,65010,99230,130993,165213,164240,1
88319,34412,92703,122731,181022,127115,1
13091,58731,43315,71822,56406,102046,0
71401,41313,79789,112714,151190,121102,1
69783,15201,83376,84984,153159,98577,1
95577,69481,46151,165058,141728,115632,1
98256,7852,37500,106108,135756,45352,0
7330,21508,9608,28838,16938,31116,0
21768,91567,6152,113335,27920,97719,0
78401,79505,21389,157906,99790,100894,1
76168,48365,72132,124533,148300,120497,1
35468,46208,66388,81676,101856,112596,1
70217,87170,71418,157387,141635,158588,1
10209,18829,15649,29038,25858,34478,1
12434,76299,84932,88733,97366,161231,1
94054,62343,64022,156397,158076,126365,1
72179,82248,26605,154427,98784,108853,1
84614,31716,22474,116330,107088,54190,0
47647,12380,42414,60027,90061,54794,1
53322,98047,88450,151369,141772,186497,1
62787,80947,31982,143734,94769,112929,1
18353,58793,8129,77146,26482,66922,0
19566,2479,40508,22045,60074,42987,0
91113,56333,7042,147446,98155,63375,0
73743,65496,98717,139239,172460,164213,1
52727,52914,32896,105641,85623,85810,1
41990,84257,88811,126247,130801,173068,1
87254,24489,26270,111743,113524,50759,0
49924,94199,55863,144123,105787,150062,1
31507,34154,84185,65661,115692,118339,0
81847,36714,9623,118561,91470,46337,0
6979,47808,82501,54787,89480,130309,0
40675,1730,77788,42405,118463,79518,0
5194,27218,32484,32412,37678,59702,0
48370,34794,73746,83164,122116,108540,1
57419,69029,73837,126448,131256,142866,1
5537,97486,31255,103023,36792,128741,0
87513,49740,61739,137253,149252,111479,1
85506,62616,34580,148122,120086,97196,1
63020,30336,28623,93356,91643,58959,0
13012,40382,5343,53394,18355,45725,0
31651,6109,58331,37760,89982,64440,0
87865,32052,40948,119917,128813,73000,0
62436,65914,14745,128350,77181,80659,1
95424,25365,42535,120789,137959,67900,0
30866,25789,37538,56655,68404,63327,1
7399,25510,54153,32909,61552,79663,0
54943,76309,44151,131252,99094,120460,1
85780,26630,86597,112410,172377,113227,1
73051,67168,93944,140219,166995,161112,1
4914,40262,60532,45176,65446,100794,0
44575,70280,23314,114855,67889,93594,0
10229,92482,77879,102711,88108,170361,0
17769,29499,18713,47268,36482,48212,1
94415,78584,55711,172999,150126,134295,1
27497,67285,23796,94782,51293,91081,0
90529,26505,45354,117034,135883,71859,0
27302,94558,14438,121860,41740,108996,0
76350,74741,25071,151091,101421,99812,1
23301,54148,88825,77449,112126,142973,0
92123,18351,48270,110474,140393,66621,0
31446,36382,24199,67828,55645,60581,1
12185,30011,58281,42196,70466,88292,0
76736,88926,22906,165662,99642,111832,1
33168,92324,70105,125492,103273,162429,1
88882,10844,14845,99726,103727,25689,0
54945,74056,10559,129001,65504,84615,0
96178,78749,6621,174927,102799,85370,0
94516,28431,46766,122947,141282,75197,0
99392,70373,44819,169765,144211,115192,1
15061,43369,89900,58430,104961,133269,0
47907,97051,61790,144958,109697,158841,1
19153,29264,82739,48417,101892,112003,0
2823,25311,39773,28134,42596,65084,0
11702,91847,52060,103549,63762,143907,0
95887,88478,85838,184365,181725,174316,1
28611,51297,1969,79908,30580,53266,0
2568,9852,89865,12420,92433,99717,0
6328,15648,62558,21976,68886,78206,0
28788,66752,30805,95540,59593,97557,0
89205,23807,13981,113012,103186,37788,0
26325,10613,96937,36938,123262,107550,0
35825,62107,11893,97932,47718,74000,0
93330,7433,3713,100763,97043,11146,0
1445,14033,64401,15478,65846,78434,0
49105,17724,79963,66829,129068,97687,0
6057,29909,23983,35966,30040,53892,1
72747,75125,11491,147872,84238,86616,1
50745,94524,46087,145269,96832,140611,1
15664,73491,39300,89155,54964,112791,0
46026,32175,14659,78201,60685,46834,1
62939,10894,42180,73833,105119,53074,0
71987,5686,26186,77673,98173,31872,0
35800,81098,73818,116898,109618,154916,1
54600,26680,72928,81280,127528,99608,1
88812,9913,89944,98725,178756,99857,1
87820,56418,14847,144238,102667,71265,0
75382,73766,64033,149148,139415,137799,1
33612,40148,13089,73760,46701,53237,1
6161,45050,32931,51211,39092,77981,0
16006,21237,81863,37243,97869,103100,0
40947,69096,29436,110043,70383,98532,1
42862,69524,71759,112386,114621,141283,1
98414,96649,66546,195063,164960,163195,1
37001,80165,37183,117166,74184,117348,0
37798,59712,85454,97510,123252,145166,1
87322,39262,71017,126584,158339,110279,1
45227,54671,91943,99898,137170,146614,1
79656,99644,56363,179300,136019,156007,1
89785,18940,20249,108725,110034,39189,0
33559,77074,57716,110633,91275,134790,1
71974,69957,14948,141931,86922,84905,1
20094,87969,37234,108063,57328,125203,0
58352,71087,87249,129439,145601,158336,1
45926,79366,43746,125292,89672,123112,1
14666,52131,74769,66797,89435,126900,0
55763,77184,14458,132947,70221,91642,0
44776,43045,93708,87821,138484,136753,0
36809,69435,81340,106244,118149,150775,1
5606,45647,88636,51253,94242,134283,0
91710,65907,5082,157617,96792,70989,0
16293,32817,72100,49110,88393,104917,0
59393,64367,64474,123760,123867,128841,1
35644,69166,71028,104810,106672,140194,1
90123,61280,72357,151403,162480,133637,1
23266,26880,59811,50146,83077,86691,0
76964,53987,72668,130951,149632,126655,1
44240,24807,44924,69047,89164,69731,1
16492,79182,93678,95674,110170,172860,1
4254,57962,69244,62216,73498,127206,0
11125,45644,50378,56769,61503,96022,1
81304,82386,38355,163690,119659,120741,1
5423,49696,23777,55119,29200,73473,0
1281,90214,2388,91495,3669,92602,0
96779,85517,71825,182296,168604,157342,1
66290,28823,91460,95113,157750,120283,1
41773,17883,52572,59656,94345,70455,1
26207,74823,49536,101030,75743,124359,1
91185,86759,65315,177944,156500,152074,1
4438,65003,88981,69441,93419,153984,0
36460,68379,76476,104839,112936,144855,1
72727,98603,84377,171330,157104,182980,1
20898,975,79357,21873,100255,80332,0
13799,10471,84822,24270,98621,95293,0
55458,63033,21844,118491,77302,84877,1
87095,14713,72929,101808,160024,87642,1
19194,31319,43880,50513,63074,75199,1
93817,31002,21444,124819,115261,52446,0
18706,80670,66,99376,18772,80736,0
74268,77591,52513,151859,126781,130104,1
49291,59656,94067,108947,143358,153723,1
79848,54374,19905,134222,99753,74279,0
88702,71911,24800,160613,113502,96711,1
27407,61429,75294,88836,102701,136723,1
11093,81476,71752,92569,82845,153228,1
20451,17874,31939,38325,52390,49813,1
95280,76995,74677,172275,169957,151672,1
79993,44774,43236,124767,123229,88010,1
7007,93090,97199,100097,104206,190289,1
52469,36888,40600,89357,93069,77488,1
15159,19133,38465,34292,53624,57598,0
73303,47335,27732,120638,101035,75067,1
50240,16339,91274,66579,141514,107613,0
4253,91674,37752,95927,42005,129426,0
7078,13270,58207,20348,65285,71477,0
53498,16273,22381,69771,75879,38654,0
18347,73532,43978,91879,62325,117510,0
34142,24991,61582,59133,95724,86573,0
46773,2446,84314,49219,131087,86760,0
95521,35184,29384,130705,124905,64568,0
34244,77706,78612,111950,112856,156318,1
37518,22313,57040,59831,94558,79353,1
79322,90538,48778,169860,128100,139316,1
28353,42573,33601,70926,61954,76174,1
32921,35246,55204,68167,88125,90450,1
51884,25559,29775,77443,81659,55334,1
27075,66678,50133,93753,77208,116811,1
3332,99219,66239,102551,69571,165458,0
79235,32313,67312,111548,146547,99625,1
29184,27500,71850,56684,101034,99350,0
17358,44457,94477,61815,111835,138934,0
40435,1800,56341,42235,96776,58141,0
17748,74368,16971,92116,34719,91339,0
8601,58629,70253,67230,78854,128882,0
46345,5009,67414,51354,113759,72423,0
19684,9604,64911,29288,84595,74515,0
44734,53886,9944,98620,54678,63830,1
19155,30968,26033,50123,45188,57001,1
12053,19036,93587,31089,105640,112623,0
91970,55568,9072,147538,101042,64640,0
33279,52031,29926,85310,63205,81957,1
16246,54861,69620,71107,85866,124481,1
41611,9929,33023,51540,74634,42952,1
54530,65851,15675,120381,70205,81526,1
98441,21572,35830,120013,134271,57402,0
32830,8187,56302,41017,89132,64489,0
70797,69598,52557,140395,123354,122155,1
11131,55334,41077,66465,52208,96411,0
20921,17963,37884,38884,58805,55847,1
84471,39034,16822,123505,101293,55856,0
46339,99850,26817,146189,73156,126667,0
57584,22786,80240,80370,137824,103026,1
5456,8208,56346,13664,61802,64554,0
43752,23685,6124,67437,49876,29809,0
50106,94049,66531,144155,116637,160580,1
96484,33563,81754,130047,178238,115317,1
40741,3840,68332,44581,109073,72172,0
66776,867,22741,67643,89517,23608,0
21172,52307,26018,73479,47190,78325,0
15993,45221,61497,61214,77490,106718,0
46737,68556,79053,115293,125790,147609,1
43061,16900,33364,59961,76425,50264,1
65747,41587,46321,107334,112068,87908,1
72208,73802,18186,146010,90394,91988,1
67126,50805,42402,117931,109528,93207,1
55993,86577,89058,142570,145051,175635,1
49805,27253,54215,77058,104020,81468,1
88720,70867,26943,159587,115663,97810,1
79553,60022,56732,139575,136285,116754,1
68992,39865,62693,108857,131685,102558,1
64209,6722,49254,70931,113463,55976,0
24452,60615,94031,85067,118483,154646,0
1424,97097,19140,98521,20564,116237,0
66156,32522,18577,98678,84733,51099,0
38836,22342,13352,61178,52188,35694,0
98714,54597,19880,153311,118594,74477,0
56206,67463,83143,123669,139349,150606,1
19978,11029,55932,31007,75910,66961,0
41223,8571,48997,49794,90220,57568,1
80960,63145,12629,144105,93589,75774,0
40332,753,68188,41085,108520,68941,0
32127,87475,91757,119602,123884,179232,1
54245,11288,92331,65533,146576,103619,0
28431,61341,41476,89772,69907,102817,1
80091,78077,11421,158168,91512,89498,1
87555,92066,51165,179621,138720,143231,1
94338,23202,73326,117540,167664,96528,1
48736,29917,51918,78653,100654,81835,1
83415,58167,59567,141582,142982,117734,1
1232,21302,81153,22534,82385,102455,0
63071,32357,20211,95428,83282,52568,0
82411,67223,58577,149634,140988,125800,1
52548,72459,80043,125007,132591,152502,1
68118,63580,30720,131698,98838,94300,1
85333,54131,18010,139464,103343,72141,0
22436,57795,53991,80231,76427,111786,1
73350,11107,64756,84457,138106,75863,1
76597,39316,82979,115913,159576,122295,1
48742,38862,45527,87604,94269,84389,1
97950,82842,68159,180792,166109,151001,1
41943,65107,98304,107050,140247,163411,1
61365,50427,67748,111792,129113,118175,1
53719,87347,47711,141066,101430,135058,1
63230,62443,41813,125673,105043,104256,1
17470,84032,97017,101502,114487,181049,1
16213,21733,73668,37946,89881,95401,0
89237,92833,74927,182070,164164,167760,1
57286,1859,54792,59145,112078,56651,0
83347,86516,54053,169863,137400,140569,1
78856,70600,89024,149456,167880,159624,1
7028,90748,79350,97776,86378,170098,0
16353,91066,86792,107419,103145,177858,1
94286,42481,36911,136767,131197,79392,0
42077,4349,49790,46426,91867,54139,0
71697,82638,70519,154335,142216,153157,1
4176,50200,33312,54376,37488,83512,0
68494,21187,35981,89681,104475,57168,0
44746,55533,39773,100279,84519,95306,1
15341,56472,86562,71813,101903,143034,0
36192,93012,48276,129204,84468,141288,0
73309,66462,17243,139771,90552,83705,1
73930,57927,72024,131857,145954,129951,1
67946,36113,12279,104059,80225,48392,0
33552,75611,19243,109163,52795,94854,0
23055,30213,15203,53268,38258,45416,1
60108,89427,40888,149535,100996,130315,1
74447,28635,67435,103082,141882,96070,1
45804,24880,4178,70684,49982,29058,0
3923,28751,53294,32674,57217,82045,0
85693,21072,19217,106765,104910,40289,0
15175,78183,56832,93358,72007,135015,0
29049,57785,7658,86834,36707,65443,0
39318,8607,9377,47925,48695,17984,0
85996,76889,37658,162885,123654,114547,1
29646,27684,66861,57330,96507,94545,0
53484,68485,10605,121969,64089,79090,0
25003,12725,96443,37728,121446,109168,0
66261,46972,29823,113233,96084,76795,1
16998,71908,47582,88906,64580,119490,0
77668,92377,46076,170045,123744,138453,1
63666,92606,34113,156272,97779,126719,1
35940,11586,81121,47526,117061,92707,0
69796,28097,54278,97893,124074,82375,1
93594,67265,6006,160859,99600,73271,0
15785,66345,55668,82130,71453,122013,1
47611,77362,35217,124973,82828,112579,1
67834,73366,51748,141200,119582,125114,1
18366,11369,29129,29735,47495,40498,1
79166,3483,544,82649,79710,4027,0
38181,12493,24830,50674,63011,37323,0
77057,60796,76287,137853,153344,137083,1
87272,50032,10549,137304,97821,60581,0
99694,67310,13247,167004,112941,80557,0
467,2694,13001,3161,13468,15695,0
90206,98726,82014,188932,172220,180740,1
8906,66779,89797,75685,98703,156576,0
15412,3041,39819,18453,55231,42860,0
97567,82523,48389,180090,145956,130912,1
40218,51491,65893,91709,106111,117384,1
36160,27664,44638,63824,80798,72302,1
54325,11210,46125,65535,100450,57335,1
55436,66279,15154,121715,70590,81433,1
62107,74624,7642,136731,69749,82266,0
46898,25438,83574,72336,130472,109012,0
90039,28584,2644,118623,92683,31228,0
68852,80033,90968,148885,159820,171001,1
58505,71498,64442,130003,122947,135940,1
1059,51309,71317,52368,72376,122626,0
43776,26293,17962,70069,61738,44255,1
40815,33500,98635,74315,139450,132135,0
81514,75877,86989,157391,168503,162866,1
74294,80245,92424,154539,166718,172669,1
45153,6149,13113,51302,58266,19262,0
55401,89504,32386,144905,87787,121890,0
45923,48525,77646,94448,123569,126171,1
90153,93779,57463,183932,147616,151242,1
969,86660,69958,87629,70927,156618,0
99153,88654,50191,187807,149344,138845,1
36985,68446,15838,105431,52823,84284,0
45199,27522,85459,72721,130658,112981,0
8093,52488,31827,60581,39920,84315,0
65918,27550,19615,93468,85533,47165,0
32403,61660,66715,94063,99118,128375,1
38417,71930,64495,110347,102912,136425,1
51621,69957,78952,121578,130573,148909,1
29757,43354,32930,73111,62687,76284,1
67511,15080,93433,82591,160944,108513,0
71901,5816,30475,77717,102376,36291,0
12006,69505,34198,81511,46204,103703,0
80567,23825,43662,104392,124229,67487,0
63694,62715,8445,126409,72139,71160,1
3517,41456,85362,44973,88879,126818,0
53239,93939,85553,147178,138792,179492,1
31743,74204,64568,105947,96311,138772,1
40898,70883,93943,111781,134841,164826,1
6431,66580,83458,73011,89889,150038,0
12082,70012,10052,82094,22134,80064,0
62621,14634,31899,77255,94520,46533,0
19585,90030,91085,109615,110670,181115,1
21556,3437,36553,24993,58109,39990,0
45501,32457,37934,77958,83435,70391,1
50436,86918,25365,137354,75801,112283,0
97321,35744,17076,133065,114397,52820,0
30049,48134,77865,78183,107914,125999,1
72354,14134,68807,86488,141161,82941,1
78104,3895,30197,81999,108301,34092,0
93519,44782,7612,138301,101131,52394,0
76050,34089,97641,110139,173691,131730,1
76596,16779,31512,93375,108108,48291,0
89383,38847,84992,128230,174375,123839,1
84733,30451,74080,115184,158813,104531,1
47685,91401,66842,139086,114527,158243,1
36874,12280,85311,49154,122185,97591,0
60016,25051,20911,85067,80927,45962,0
22057,86265,73956,108322,96013,160221,1
1720,8793,57359,10513,59079,66152,0
38492,88162,73978,126654,112470,162140,1
13500,69302,75686,82802,89186,144988,1
46287,40173,9230,86460,55517,49403,1
7525,20385,81597,27910,89122,101982,0
2904,80009,58184,82913,61088,138193,0
67822,92552,6157,160374,73979,98709,0
61216,69977,71754,131193,132970,141731,1
64674,40493,14332,105167,79006,54825,0
83943,86291,34076,170234,118019,120367,1
61253,17942,59699,79195,120952,77641,1
24654,99933,53974,124587,78628,153907,0
2473,95932,65429,98405,67902,161361,0
93736,88784,5117,182520,98853,93901,1
15973,74236,18749,90209,34722,92985,0
56482,50528,69831,107010,126313,120359,1
71646,9659,75139,81305,146785,84798,1
85146,4271,47866,89417,133012,52137,0
85638,38063,99647,123701,185285,137710,1
47284,14063,59413,61347,106697,73476,1
15009,57420,79758,72429,94767,137178,0
72924,93410,52541,166334,125465,145951,1
98830,21643,32078,120473,130908,53721,0
2694,1863,33203,4557,35897,35066,0
7551,21862,41306,29413,48857,63168,0
11272,17926,79913,29198,91185,97839,0
78103,7043,24225,85146,102328,31268,0
5214,78874,38368,84088,43582,117242,0
48383,24835,66753,73218,115136,91588,1
40829,44556,59524,85385,100353,104080,1
93111,92912,95832,186023,188943,188744,1
61301,81316,6367,142617,67668,87683,0
31709,73556,68342,105265,100051,141898,1
72507,99968,85935,172475,158442,185903,1
8970,79136,11755,88106,20725,90891,0
63237,18849,73603,82086,136840,92452,1
24681,22901,5013,47582,29694,27914,1
11342,10970,15060,22312,26402,26030,1
63064,7673,79734,70737,142798,87407,0
2702,93834,47721,96536,50423,141555,0
7512,52255,1309,59767,8821,53564,0
37215,30870,1141,68085,38356,32011,0
75267,83990,99877,159257,175144,183867,1
82768,18571,93554,101339,176322,112125,1
85291,71677,38429,156968,123720,110106,1
75141,38150,13629,113291,88770,51779,0
25991,48227,84246,74218,110237,132473,0
26123,76114,91535,102237,117658,167649,1
34054,64862,65079,98916,99133,129941,1
20370,59333,71728,79703,92098,131061,1
40678,11288,33599,51966,74277,44887,1
25366,28820,84082,54186,109448,112902,0
54384,98072,77931,152456,132315,176003,1
56268,44870,3262,101138,59530,48132,0
4457,10318,28178,14775,32635,38496,0
9067,96084,25670,105151,34737,121754,0
97581,73861,1877,171442,99458,75738,0
79622,61942,96656,141564,176278,158598,1
88398,29776,91705,118174,180103,121481,1
89814,65134,17056,154948,106870,82190,0
53258,76863,16855,130121,70113,93718,0
77577,51346,16965,128923,94542,68311,0
44207,72472,59480,116679,103687,131952,1
23842,28135,78230,51977,102072,106365,0
84843,69097,14999,153940,99842,84096,0
87014,8477,72509,95491,159523,80986,0
38229,85511,72271,123740,110500,157782,1
66779,92620,5228,159399,72007,97848,0
73917,78141,81773,152058,155690,159914,1
51820,57928,67175,109748,118995,125103,1
58235,51268,81177,109503,139412,132445,1
98227,35832,21060,134059,119287,56892,0
32894,35674,29236,68568,62130,64910,1
61545,1643,97458,63188,159003,99101,0
5703,11808,41811,17511,47514,53619,0
46226,92310,49383,138536,95609,141693,1
76759,6728,86350,83487,163109,93078,0
91647,59067,39210,150714,130857,98277,1
14990,45826,89641,60816,104631,135467,0
70073,44240,90930,114313,161003,135170,1
25724,1947,97974,27671,123698,99921,0
35784,96690,53614,132474,89398,150304,0
89228,62965,63762,152193,152990,126727,1
29249,63171,5714,92420,34963,68885,0
17005,92538,50647,109543,67652,143185,0
70711,38776,51409,109487,122120,90185,1
17549,50439,11356,67988,28905,61795,0
11436,46817,27918,58253,39354,74735,0
70727,68680,69636,139407,140363,138316,1
43659,74520,40263,118179,83922,114783,1
83159,60088,23440,143247,106599,83528,1
88239,76167,34855,164406,123094,111022,1
52398,70387,73610,122785,126008,143997,1
13241,90702,83118,103943,96359,173820,1
17584,29365,60583,46949,78167,89948,0
92713,39602,7549,132315,100262,47151,0
41345,13157,70241,54502,111586,83398,0
49262,24015,47788,73277,97050,71803,1
38239,32633,83699,70872,121938,116332,0
53386,52635,22032,106021,75418,74667,1
29336,10068,11029,39404,40365,21097,0
85789,45511,77898,131300,163687,123409,1
84449,65997,58741,150446,143190,124738,1
74546,51764,21235,126310,95781,72999,0
57389,22840,4221,80229,61610,27061,0
87092,24909,73156,112001,160248,98065,1
69178,31311,23536,100489,92714,54847,0
40208,12567,16047,52775,56255,28614,0
74959,2346,84100,77305,159059,86446,0
77025,9606,77106,86631,154131,86712,1
25929,42567,93835,68496,119764,136402,0
53748,54013,13237,107761,66985,67250,1
57446,167,10035,57613,67481,10202,0
2178,64512,50718,66690,52896,115230,0
97713,63286,8645,160999,106358,71931,0
11914,12030,9202,23944,21116,21232,1
16965,93026,91568,109991,108533,184594,1
19131,70326,61463,89457,80594,131789,1
13950,81365,68871,95315,82821,150236,1
61379,90232,15800,151611,77179,106032,0
71889,55609,20456,127498,92345,76065,1
43524,36997,22841,80521,66365,59838,1
48784,55312,28859,104096,77643,84171,1
69780,32487,94546,102267,164326,127033,1
62229,23899,81273,86128,143502,105172,1
81485,81158,65386,162643,146871,146544,1
7837,44174,56912,52011,64749,101086,0
20331,37996,65712,58327,86043,103708,0
85109,84787,97465,169896,182574,182252,1
67343,55335,17013,122678,84356,72348,1
16207,64342,54747,80549,70954,119089,1
83316,41130,64741,124446,148057,105871,1
23589,25250,99772,48839,123361,125022,0
63633,84686,86200,148319,149833,170886,1
98988,84560,79110,183548,178098,163670,1
23596,19688,40554,43284,64150,60242,1
93625,47476,15664,141101,109289,63140,0
80145,38740,56839,118885,136984,95579,1
86997,56004,59506,143001,146503,115510,1
4627,19373,38238,24000,42865,57611,0
11743,83140,47232,94883,58975,130372,0
35979,69063,44931,105042,80910,113994,1
61223,4703,97362,65926,158585,102065,0
67696,96442,37270,164138,104966,133712,1
44608,40416,84408,85024,129016,124824,1
67902,61520,25275,129422,93177,86795,1
2723,94837,67483,97560,70206,162320,0
72638,87916,92683,160554,165321,180599,1
28735,42321,85696,71056,114431,128017,0
38986,23445,19773,62431,58759,43218,1
69912,67856,8884,137768,78796,76740,1
38512,98983,63579,137495,102091,162562,1
37487,16177,46739,53664,84226,62916,1
54164,79184,39970,133348,94134,119154,1
23726,73763,46996,97489,70722,120759,0
37665,36918,92795,74583,130460,129713,0
77492,22541,77922,100033,155414,100463,1
77292,18391,14250,95683,91542,32641,0
70549,51362,35611,121911,106160,86973,1
19401,50246,38753,69647,58154,88999,1
45496,66959,90835,112455,136331,157794,1
73620,52316,40388,125936,114008,92704,1
15749,83963,23392,99712,39141,107355,0
89941,80705,16027,170646,105968,96732,1
73380,74955,71520,148335,144900,146475,1
95509,20228,71868,115737,167377,92096,0
11797,91263,78708,103060,90505,169971,0
44634,41877,70907,86511,115541,112784,1
33905,77200,90919,111105,124824,168119,1
26709,39465,75558,66174,102267,115023,0
5764,83025,9672,88789,15436,92697,0
5361,21116,38487,26477,43848,59603,0
77924,53569,16390,131493,94314,69959,0
3030,1754,35819,4784,38849,37573,0
77634,32777,4687,110411,82321,37464,0
7163,23733,43553,30896,50716,67286,0
43833,18038,10671,61871,54504,28709,0
21493,17653,82028,39146,103521,99681,0
41477,39581,76187,81058,117664,115768,1
52970,44313,59658,97283,112628,103971,1
27210,13419,61172,40629,88382,74591,0
94367,31294,86273,125661,180640,117567,1
31255,28931,28760,60186,60015,57691,1
95049,68999,9174,164048,104223,78173,0
52907,36315,58456,89222,111363,94771,1
5496,62037,54409,67533,59905,116446,0
62978,97857,98122,160835,161100,195979,1
75520,89779,51863,165299,127383,141642,1
22857,41739,76511,64596,99368,118250,0
56651,43779,7386,100430,64037,51165,0
95116,55831,6052,150947,101168,61883,0
57440,39114,12396,96554,69836,51510,0
61416,96407,59497,157823,120913,155904,1
70687,76184,91055,146871,161742,167239,1
4049,55231,37059,59280,41108,92290,0
23358,52727,24727,76085,48085,77454,0
98239,97464,99166,195703,197405,196630,1
90095,47128,73662,137223,163757,120790,1
28851,32214,75010,61065,103861,107224,0
45328,71045,21831,116373,67159,92876,0
69904,31563,47973,101467,117877,79536,1
9455,23954,50220,33409,59675,74174,0
35726,95816,99958,131542,135684,195774,1
83183,72753,57810,155936,140993,130563,1
60381,67229,19552,127610,79933,86781,1
74753,39247,74889,114000,149642,114136,1
75110,96146,88730,171256,163840,184876,1
90716,82077,24133,172793,114849,106210,1
58846,75808,9848,134654,68694,85656,0
35221,95380,43163,130601,78384,138543,0
91735,7065,7065,98800,98800,14130,0
2012,25915,35197,27927,37209,61112,0
8201,74547,21716,82748,29917,96263,0
74073,81793,19192,155866,93265,100985,1
45119,28267,44204,73386,89323,72471,1
53593,43143,18983,96736,72576,62126,1
43593,96235,21392,139828,64985,117627,0
47513,68818,63440,116331,110953,132258,1
44724,91898,14787,136622,59511,106685,0
57979,47857,79792,105836,137771,127649,1
96361,25238,30713,121599,127074,55951,0
80498,10531,64644,91029,145142,75175,0
25591,51444,96636,77035,122227,148080,0
7585,67617,23876,75202,31461,91493,0
59519,55372,11985,114891,71504,67357,1
23950,29627,35074,53577,59024,64701,1
63201,85917,32456,149118,95657,118373,1
80364,49184,63589,129548,143953,112773,1
87765,38697,70268,126462,158033,108965,1
94335,83706,26831,178041,121166,110537,1
42315,19797,67164,62112,109479,86961,0
13485,79724,4397,93209,17882,84121,0
79760,51897,61063,131657,140823,112960,1
86798,81994,99310,168792,186108,181304,1
1647,35574,83070,37221,84717,118644,0
59186,60209,4220,119395,63406,64429,1
74490,5887,43893,80377,118383,49780,0
99141,90161,44479,189302,143620,134640,1
54390,769,67453,55159,121843,68222,0
83345,67594,65217,150939,148562,132811,1
66886,21143,33398,88029,100284,54541,0
59768,33814,17293,93582,77061,51107,0
39114,98541,67613,137655,106727,166154,1
51535,58855,85006,110390,136541,143861,1
7869,16161,87144,24030,95013,103305,0
48141,79514,19379,127655,67520,98893,0
5031,51365,73915,56396,78946,125280,0
46486,18406,27786,64892,74272,46192,0
49961,14682,90798,64643,140759,105480,0
47425,29202,54740,76627,102165,83942,1
65390,34676,79936,100066,145326,114612,1
53577,61590,47195,115167,100772,108785,1
470,56459,57314,56929,57784,113773,0
96510,67730,10677,164240,107187,78407,0
30480,51254,95185,81734,125665,146439,0
33884,48603,48425,82487,82309,97028,1
29853,68307,97826,98160,127679,166133,1
74398,2292,68959,76690,143357,71251,0
16404,33511,3187,49915,19591,36698,0
1605,78140,39698,79745,41303,117838,0
85873,95011,75664,180884,161537,170675,1
71306,56249,15956,127555,87262,72205,1
71796,64971,70220,136767,142016,135191,1
29289,38981,37683,68270,66972,76664,1
82252,16228,32058,98480,114310,48286,0
65230,47871,28367,113101,93597,76238,1
46561,97780,3289,144341,49850,101069,0
89280,78671,92339,167951,181619,171010,1
94232,52741,8305,146973,102537,61046,0
4294,16051,11425,20345,15719,27476,0
20428,87518,65185,107946,85613,152703,0
74909,37695,10814,112604,85723,48509,0
55158,18678,28197,73836,83355,46875,0
50192,16911,37280,67103,87472,54191,1
22568,81334,36837,103902,59405,118171,0
79584,40064,60353,119648,139937,100417,1
500,67091,8240,67591,8740,75331,0
73718,88978,86047,162696,159765,175025,1
32898,42436,58815,75334,91713,101251,1
29200,10147,96969,39347,126169,107116,0
60455,52778,73750,113233,134205,126528,1
42371,3327,1217,45698,43588,4544,0
18074,51548,86374,69622,104448,137922,0
78039,24181,34157,102220,112196,58338,0
10880,11513,89774,22393,100654,101287,0
53304,15138,70063,68442,123367,85201,0
61451,43800,14957,105251,76408,58757,0
42370,2753,44660,45123,87030,47413,1
83022,61612,98917,144634,181939,160529,1
53778,23326,67838,77104,121616,91164,1
417,60024,44632,60441,45049,104656,0
59471,40444,94838,99915,154309,135282,1
49228,26322,42712,75550,91940,69034,1
6740,82097,83883,88837,90623,165980,1
97452,3110,37217,100562,134669,40327,0
1045,17996,20568,19041,21613,38564,0
47296,89271,27552,136567,74848,116823,0
58422,33853,29245,92275,87667,63098,1
84040,25065,18421,109105,102461,43486,0
94807,47294,86852,142101,181659,134146,1
49080,69144,21433,118224,70513,90577,1
5904,2489,87386,8393,93290,89875,0
44490,93112,85223,137602,129713,178335,1
60805,13468,2155,74273,62960,15623,0
11747,46525,21278,58272,33025,67803,0
78103,97483,21424,175586,99527,118907,1
38316,34014,37549,72330,75865,71563,1
74239,90084,54465,164323,128704,144549,1
66495,39522,57123,106017,123618,96645,1
38681,13230,587,51911,39268,13817,0
9473,54233,14857,63706,24330,69090,0
1073,91738,60114,92811,61187,151852,0
32203,89776,42171,121979,74374,131947,0
21213,98847,18357,120060,39570,117204,0
17912,44399,91359,62311,109271,135758,0
55572,41240,96509,96812,152081,137749,1
62671,71915,33518,134586,96189,105433,1
5565,45857,80334,51422,85899,126191,0
87868,92194,94084,180062,181952,186278,1
69196,49462,85644,118658,154840,135106,1
61589,798,88720,62387,150309,89518,0
19984,73684,68493,93668,88477,142177,1
72494,57208,22367,129702,94861,79575,1
19665,95521,75214,115186,94879,170735,0
80678,21938,6005,102616,86683,27943,0
17434,51215,93511,68649,110945,144726,0
65956,16131,71683,82087,137639,87814,1
18618,8108,44291,26726,62909,52399,0
87975,34264,61972,122239,149947,96236,1
21542,59847,91621,81389,113163,151468,0
87193,86242,65353,173435,152546,151595,1
38361,15321,27699,53682,66060,43020,1
86535,93632,31662,180167,118197,125294,1
16510,69613,83461,86123,99971,153074,1
19452,73715,77710,93167,97162,151425,1
42246,93669,54728,135915,96974,148397,1
76979,68752,82673,145731,159652,151425,1
45416,61100,82847,106516,128263,143947,1
10171,40504,73682,50675,83853,114186,0
45007,70237,60674,115244,105681,130911,1
86713,84463,80404,171176,167117,164867,1
52469,42245,58574,94714,111043,100819,1
81574,68656,8134,150230,89708,76790,0
33746,69417,22186,103163,55932,91603,0
78032,47472,22343,125504,100375,69815,0
16754,68903,33907,85657,50661,102810,0
75656,18400,87653,94056,163309,106053,1
25872,88506,58818,114378,84690,147324,0
75084,85593,59156,160677,134240,144749,1
69394,62818,62262,132212,131656,125080,1
30763,67341,10157,98104,40920,77498,0
5833,38452,44504,44285,50337,82956,0
18501,64221,68435,82722,86936,132656,1
95474,54872,94721,150346,190195,149593,1
16755,85919,23189,102674,39944,109108,0
46323,17957,42786,64280,89109,60743,1
48601,43130,29122,91731,77723,72252,1
54439,15985,91571,70424,146010,107556,0
44804,92854,74907,137658,119711,167761,1
51157,98854,31326,150011,82483,130180,0
16253,1613,1279,17866,17532,2892,0
13282,17747,18016,31029,31298,35763,1
12321,60360,83941,72681,96262,144301,0
49050,61623,19696,110673,68746,81319,1
52798,5897,24921,58695,77719,30818,0
48408,83510,71426,131918,119834,154936,1
55615,17859,90622,73474,146237,108481,0
24609,87282,56575,111891,81184,143857,0
76200,91255,41904,167455,118104,133159,1
59195,88181,72606,147376,131801,160787,1
75387,46540,81444,121927,156831,127984,1
80622,98080,76859,178702,157481,174939,1
2572,14555,75487,17127,78059,90042,0
5876,58437,63602,64313,69478,122039,1
8252,66229,63862,74481,72114,130091,1
70275,7046,52369,77321,122644,59415,0
48569,44094,44858,92663,93427,88952,1
60855,37521,17156,98376,78011,54677,0
91966,77389,55493,169355,147459,132882,1
86025,92084,14948,178109,100973,107032,1
45918,40544,66981,86462,112899,107525,1
68121,12650,73125,80771,141246,85775,1
57306,70958,75754,128264,133060,146712,1
78308,78388,58069,156696,136377,136457,1
64362,12105,11182,76467,75544,23287,0
54509,96374,42410,150883,96919,138784,1
92553,33022,18095,125575,110648,51117,0
7739,72803,21389,80542,29128,94192,0
14679,23813,92325,38492,107004,116138,0
96387,17747,97361,114134,193748,115108,1
85073,54233,7539,139306,92612,61772,0
71138,89803,14709,160941,85847,104512,0
8628,44259,133,52887,8761,44392,0
54714,89771,87225,144485,141939,176996,1
46444,73622,31039,120066,77483,104661,1
98561,31155,5085,129716,103646,36240,0
44032,11608,85181,55640,129213,96789,0
98706,99553,64201,198259,162907,163754,1
73619,6338,87377,79957,160996,93715,0
74730,50430,98356,125160,173086,148786,1
76384,16021,30264,92405,106648,46285,0
65684,19704,30943,85388,96627,50647,0
78153,26474,47070,104627,125223,73544,0
42808,89716,15797,132524,58605,105513,0
3050,31600,44686,34650,47736,76286,0
80407,70784,23127,151191,103534,93911,1
30642,21752,24116,52394,54758,45868,1
80224,73413,97216,153637,177440,170629,1
52874,74730,77117,127604,129991,151847,1
69900,75266,82765,145166,152665,158031,1
54137,21213,3111,75350,57248,24324,0
30572,8688,11417,39260,41989,20105,0
6886,35645,48010,42531,54896,83655,0
28773,358,21194,29131,49967,21552,0
76013,49764,37118,125777,113131,86882,1
74810,84109,87113,158919,161923,171222,1
49426,83739,24487,133165,73913,108226,0
26896,41103,83638,67999,110534,124741,0
48911,77427,37621,126338,86532,115048,1
47139,10112,66044,57251,113183,76156,0
6034,47088,3316,53122,9350,50404,0
61452,5612,38358,67064,99810,43970,0
69548,58394,7172,127942,76720,65566,0
3120,767,32568,3887,35688,33335,0
33625,11271,88112,44896,121737,99383,0
48744,85381,55326,134125,104070,140707,1
42219,75338,56434,117557,98653,131772,1
80644,99323,46910,179967,127554,146233,1
49750,72286,83064,122036,132814,155350,1
38267,34447,53245,72714,91512,87692,1
88795,33078,5139,121873,93934,38217,0
89364,90665,78001,180029,167365,168666,1
58386,62864,12189,121250,70575,75053,1
5318,56358,11142,61676,16460,67500,0
45955,88332,99370,134287,145325,187702,1
98823,91234,54966,190057,153789,146200,1
32249,20450,7698,52699,39947,28148,0
95982,37162,93738,133144,189720,130900,1
70469,66671,93268,137140,163737,159939,1
17417,79805,84056,97222,101473,163861,1
12457,44580,22984,57037,35441,67564,0
9003,51065,47906,60068,56909,98971,1
17946,21814,95741,39760,113687,117555,0
19715,47490,31341,67205,51056,78831,1
41093,88738,77190,129831,118283,165928,1
41581,68543,42287,110124,83868,110830,1
14249,15015,59428,29264,73677,74443,0
7629,91289,62923,98918,70552,154212,0
54964,99012,50299,153976,105263,149311,1
42276,88225,89853,130501,132129,178078,1
51043,53331,89280,104374,140323,142611,1
31866,13074,19364,44940,51230,32438,1
5119,44376,9980,49495,15099,54356,0
28775,93502,60517,122277,89292,154019,0
80050,49412,61304,129462,141354,110716,1
54019,3591,62028,57610,116047,65619,0
60935,19250,32902,80185,93837,52152,0
40239,1536,58796,41775,99035,60332,0
75587,89128,47645,164715,123232,136773,1
93409,63790,35790,157199,129199,99580,1
49299,27478,51649,76777,100948,79127,1
55888,40257,41802,96145,97690,82059,1
66344,78483,29962,144827,96306,108445,1
61146,87152,58915,148298,120061,146067,1
63292,91596,98746,154888,162038,190342,1
88585,60694,54895,149279,143480,115589,1
97374,11583,33934,108957,131308,45517,0
36952,12576,2773,49528,39725,15349,0
59899,93253,18012,153152,77911,111265,0
69528,57156,92748,126684,162276,149904,1
46683,39070,35746,85753,82429,74816,1
57578,69727,87089,127305,144667,156816,1
40490,78133,99657,118623,140147,177790,1
80765,80003,63091,160768,143856,143094,1
15869,16343,85966,32212,101835,102309,0
42982,7960,31557,50942,74539,39517,0
29339,28275,60795,57614,90134,89070,0
48506,45295,16361,93801,64867,61656,1
32259,62949,41415,95208,73674,104364,1
93934,23904,54016,117838,147950,77920,0
39224,94381,24070,133605,63294,118451,0
18663,49277,90378,67940,109041,139655,0
29961,85723,80584,115684,110545,166307,1
21971,75357,87269,97328,109240,162626,1
94726,14611,36831,109337,131557,51442,0
25829,22685,36285,48514,62114,58970,1
63112,55655,28499,118767,91611,84154,1
34046,90254,82466,124300,116512,172720,1
47332,15789,73076,63121,120408,88865,0
46262,26374,51833,72636,98095,78207,1
65135,98240,24552,163375,89687,122792,0
69089,619,90480,69708,159569,91099,0
3179,38516,71276,41695,74455,109792,0
79724,11230,40298,90954,120022,51528,0
2184,13134,47127,15318,49311,60261,0
47879,9961,19705,57840,67584,29666,0
49983,69430,48678,119413,98661,118108,1
42075,69721,53900,111796,95975,123621,1
45540,43450,27335,88990,72875,70785,1
27562,2621,3537,30183,31099,6158,0
33169,72587,49244,105756,82413,121831,1
93406,64402,98450,157808,191856,162852,1
87197,76239,75218,163436,162415,151457,1
76307,15794,97432,92101,173739,113226,0
87805,73546,92986,161351,180791,166532,1
21831,21757,55121,43588,76952,76878,0
26527,67268,54820,93795,81347,122088,1
75503,78820,65836,154323,141339,144656,1
54621,83994,84159,138615,138780,168153,1
76956,45730,37164,122686,114120,82894,1
16770,41195,2396,57965,19166,43591,0
98636,33274,14893,131910,113529,48167,0
99700,33451,54109,133151,153809,87560,0
69844,84093,36625,153937,106469,120718,1
44413,8644,28553,53057,72966,37197,0
31809,58922,71600,90731,103409,130522,1
49282,49633,54008,98915,103290,103641,1
41769,33825,55562,75594,97331,89387,1
43690,251,91796,43941,135486,92047,0
504,93813,19064,94317,19568,112877,0
92966,56864,80349,149830,173315,137213,1
27510,14108,58642,41618,86152,72750,0
65427,2664,83908,68091,149335,86572,0
19453,94354,35514,113807,54967,129868,0
54636,62362,91651,116998,146287,154013,1
5303,21514,97125,26817,102428,118639,0
59153,67783,81025,126936,140178,148808,1
32675,17649,46558,50324,79233,64207,1
66484,92542,89100,159026,155584,181642,1
75453,27711,81636,103164,157089,109347,1
60339,7857,61563,68196,121902,69420,1
18040,13261,7109,31301,25149,20370,1
40972,53454,48742,94426,89714,102196,1
38455,4078,59269,42533,97724,63347,0
49673,51242,564,100915,50237,51806,0
50956,30597,70555,81553,121511,101152,1
3364,69832,98258,73196,101622,168090,0
81070,39803,60972,120873,142042,100775,1
19751,84114,48405,103865,68156,132519,0
2491,4553,58884,7044,61375,63437,0
46372,13945,59211,60317,105583,73156,1
16202,27783,79137,43985,95339,106920,0
88435,17070,53508,105505,141943,70578,0
62695,31362,46761,94057,109456,78123,1
4437,13388,71604,17825,76041,84992,0
28109,32800,75239,60909,103348,108039,0
96168,75201,17331,171369,113499,92532,0
83455,58999,52878,142454,136333,111877,1
26525,64933,39279,91458,65804,104212,1
31245,40795,55237,72040,86482,96032,1
16978,42129,59193,59107,76171,101322,0
95060,33704,918,128764,95978,34622,0
73375,27696,4471,101071,77846,32167,0
68987,3915,17174,72902,86161,21089,0
42749,24345,23946,67094,66695,48291,1
84016,80734,43509,164750,127525,124243,1
22736,84852,17420,107588,40156,102272,0
15333,45730,35140,61063,50473,80870,1
29452,37910,55432,67362,84884,93342,1
64386,25023,18577,89409,82963,43600,0
78229,28743,68155,106972,146384,96898,1
59854,25994,31340,85848,91194,57334,0
66389,19051,11450,85440,77839,30501,0
38246,57111,10014,95357,48260,67125,0
50767,76765,20235,127532,71002,97000,0
92611,88205,22965,180816,115576,111170,1
71516,92261,63999,163777,135515,156260,1
14161,11980,20663,26141,34824,32643,1
82764,1303,26084,84067,108848,27387,0
92002,78893,50013,170895,142015,128906,1
30907,33300,62921,64207,93828,96221,1
56144,27247,20581,83391,76725,47828,0
82433,77769,31935,160202,114368,109704,1
12217,99785,29917,112002,42134,129702,0
60103,97734,38262,157837,98365,135996,1
82989,90789,42707,173778,125696,133496,1
55911,45144,61458,101055,117369,106602,1
55097,46771,32088,101868,87185,78859,1
28954,28981,16753,57935,45707,45734,1
7391,39506,42042,46897,49433,81548,1
84755,65972,8787,150727,93542,74759,0
48411,10429,67924,58840,116335,78353,0
44539,21349,37860,65888,82399,59209,1
48234,88170,59891,136404,108125,148061,1
58420,35338,90640,93758,149060,125978,1
89926,70930,46795,160856,136721,117725,1
73206,14874,67906,88080,141112,82780,1
23512,49861,28343,73373,51855,78204,1
49496,17179,67500,66675,116996,84679,0
28007,3163,99421,31170,127428,102584,0
78252,38780,89259,117032,167511,128039,1
76029,17766,48142,93795,124171,65908,0
99147,43565,67028,142712,166175,110593,1
98203,68104,78800,166307,177003,146904,1
73514,60718,8237,134232,81751,68955,0
44198,3161,83930,47359,128128,87091,0
15921,17422,22776,33343,38697,40198,1
81803,35872,17489,117675,99292,53361,0
95971,59092,74880,155063,170851,133972,1
96099,98271,63181,194370,159280,161452,1
97153,53828,16327,150981,113480,70155,0
44504,48871,30500,93375,75004,79371,1
93036,24441,51771,117477,144807,76212,0
99301,43610,68974,142911,168275,112584,1
95497,99447,81739,194944,177236,181186,1
42898,86014,37334,128912,80232,123348,0
84561,59060,51899,143621,136460,110959,1
49158,25665,84605,74823,133763,110270,0
46254,16865,89890,63119,136144,106755,0
77227,33275,54546,110502,131773,87821,1
81745,59999,8525,141744,90270,68524,0
46857,52725,38208,99582,85065,90933,1
35298,60398,93885,95696,129183,154283,1
62781,82640,39315,145421,102096,121955,1
15124,59128,11358,74252,26482,70486,0
37471,56502,89540,93973,127011,146042,1
43317,51071,49038,94388,92355,100109,1
77716,65987,65082,143703,142798,131069,1
78923,70757,1573,149680,80496,72330,0
99085,30194,42268,129279,141353,72462,0
45673,66185,61352,111858,107025,127537,1
45086,94217,27307,139303,72393,121524,0
25980,88825,35743,114805,61723,124568,0
46921,30603,62374,77524,109295,92977,1
61371,2479,87117,63850,148488,89596,0
83278,23606,86293,106884,169571,109899,1
65626,7096,5750,72722,71376,12846,0
5505,57254,66890,62759,72395,124144,0
20072,87680,26604,107752,46676,114284,0
80334,93424,72664,173758,152998,166088,1
34902,78450,43206,113352,78108,121656,0
16247,98090,46899,114337,63146,144989,0
53848,69551,78740,123399,132588,148291,1
70817,565,63998,71382,134815,64563,0
82909,13897,62933,96806,145842,76830,0
16619,80590,3614,97209,20233,84204,0
42874,3304,88049,46178,130923,91353,0
22262,86075,58768,108337,81030,144843,0
60620,89353,69277,149973,129897,158630,1
26133,78862,70528,104995,96661,149390,1
45144,38851,20716,83995,65860,59567,1
64272,25594,68595,89866,132867,94189,1
98984,58126,35479,157110,134463,93605,0
83949,14624,93221,98573,177170,107845,1
54746,90455,64138,145201,118884,154593,1
48711,64242,22835,112953,71546,87077,1
85367,74116,97137,159483,182504,171253,1
88606,8780,66921,97386,155527,75701,0
43693,96137,1593,139830,45286,97730,0
60103,31197,23429,91300,83532,54626,0
54741,84631,53521,139372,108262,138152,1
52460,17069,6006,69529,58466,23075,0
46646,60232,62844,106878,109490,123076,1
89649,35226,63041,124875,152690,98267,1
31522,36770,21629,68292,53151,58399,1
49498,78484,52911,127982,102409,131395,1
7926,93629,3825,101555,11751,97454,0
47985,57856,57014,105841,104999,114870,1
17646,5206,62826,22852,80472,68032,0
33454,35369,17944,68823,51398,53313,1
30904,23504,54730,54408,85634,78234,0
90780,24675,41857,115455,132637,66532,0
24215,26546,59737,50761,83952,86283,0
39923,85039,29768,124962,69691,114807,0
82588,69488,27583,152076,110171,97071,1
37445,10324,3357,47769,40802,13681,0
36205,64463,40424,100668,76629,104887,1
24400,92017,43938,116417,68338,135955,0
416,14073,46168,14489,46584,60241,0
72178,64127,29197,136305,101375,93324,1
7994,80900,32419,88894,40413,113319,0
27577,42257,27782,69834,55359,70039,1
65792,18218,27498,84010,93290,45716,0
43671,36973,45384,80644,89055,82357,1
78926,26450,60038,105376,138964,86488,1
43903,25238,79624,69141,123527,104862,0
79884,80527,12994,160411,92878,93521,1
98320,67832,73160,166152,171480,140992,1
80526,71806,38957,152332,119483,110763,1
80962,22035,47543,102997,128505,69578,0
73568,57461,60503,131029,134071,117964,1
22570,82516,80405,105086,102975,162921,1
97249,23039,50469,120288,147718,73508,0
23589,52735,90457,76324,114046,143192,0
8716,24871,34327,33587,43043,59198,0
68456,91779,73924,160235,142380,165703,1
46251,99866,54124,146117,100375,153990,1
90654,13193,53844,103847,144498,67037,0
30129,18769,61763,48898,91892,80532,0
62621,77461,82899,140082,145520,160360,1
95466,92016,66190,187482,161656,158206,1
2681,97444,52054,100125,54735,149498,0
58408,50482,44451,108890,102859,94933,1
33911,22482,20746,56393,54657,43228,1
53029,54201,97344,107230,150373,151545,1
31187,91760,32490,122947,63677,124250,0
33433,78525,28140,111958,61573,106665,0
87354,59523,29030,146877,116384,88553,1
74381,13047,73089,87428,147470,86136,1
37321,1320,58751,38641,96072,60071,0
69399,12211,65688,81610,135087,77899,1
27239,42424,72858,69663,100097,115282,0
93161,564,11344,93725,104505,11908,0
74300,91003,31269,165303,105569,122272,1
19437,33839,87194,53276,106631,121033,0
52053,72489,32601,124542,84654,105090,1
81812,50125,44989,131937,126801,95114,1
19671,11380,68716,31051,88387,80096,0
40341,84013,46456,124354,86797,130469,1
30228,91480,19189,121708,49417,110669,0
97135,83165,14062,180300,111197,97227,1
72365,93597,29658,165962,102023,123255,1
25991,58959,43487,84950,69478,102446,1
33211,86760,75372,119971,108583,162132,1
30161,55697,57353,85858,87514,113050,1
84380,74605,39490,158985,123870,114095,1
69876,31125,36144,101001,106020,67269,0
23485,49382,84864,72867,108349,134246,0
16318,41416,57677,57734,73995,99093,1
30224,19869,73044,50093,103268,92913,0
94723,95028,66607,189751,161330,161635,1
1329,33958,52764,35287,54093,86722,0
15666,77370,22506,93036,38172,99876,0
68348,18639,33099,86987,101447,51738,0
46229,77007,57088,123236,103317,134095,1
61337,88763,88764,150100,150101,177527,1
43389,52674,32863,96063,76252,85537,1
37375,32884,80351,70259,117726,113235,0
10511,58069,38201,68580,48712,96270,0
50281,38697,14026,88978,64307,52723,1
42253,15987,89247,58240,131500,105234,0
99815,87778,96543,187593,196358,184321,1
94671,94610,77669,189281,172340,172279,1
10830,28294,27962,39124,38792,56256,1
67327,15638,53262,82965,120589,68900,1
41897,40626,52098,82523,93995,92724,1
75571,621,31427,76192,106998,32048,0
83273,94609,6072,177882,89345,100681,0
1463,45373,63337,46836,64800,108710,0
19296,45965,78347,65261,97643,124312,0
68864,76988,98417,145852,167281,175405,1
99928,57346,49509,157274,149437,106855,1
86007,77558,22536,163565,108543,100094,1
83429,64352,20138,147781,103567,84490,1
63683,55581,43288,119264,106971,98869,1
41692,46112,31926,87804,73618,78038,1
77531,54641,85216,132172,162747,139857,1
83518,61027,28102,144545,111620,89129,1
93319,52619,73217,145938,166536,125836,1
46766,9600,53910,56366,100676,63510,1
51483,96603,94715,148086,146198,191318,1
65188,77339,74986,142527,140174,152325,1
50865,87640,86831,138505,137696,174471,1
10869,25377,94108,36246,104977,119485,0
90121,25226,10024,115347,100145,35250,0
21137,97886,46354,119023,67491,144240,0
93238,84035,27243,177273,120481,111278,1
71346,98393,66984,169739,138330,165377,1
59282,88371,59017,147653,118299,147388,1
13254,92836,52154,106090,65408,144990,0
83501,70469,94417,153970,177918,164886,1
82349,65857,5792,148206,88141,71649,0
45558,8064,38630,53622,84188,46694,1
73194,59901,38236,133095,111430,98137,1
40718,1346,64718,42064,105436,66064,0
7158,18467,66718,25625,73876,85185,0
52720,98472,44711,151192,97431,143183,0
46476,82218,65960,128694,112436,148178,1
27196,60609,49167,87805,76363,109776,1
52935,76922,27691,129857,80626,104613,1
37312,19562,71815,56874,109127,91377,0
68833,64317,24524,133150,93357,88841,1
20399,58681,83224,79080,103623,141905,0
41215,20389,62282,61604,103497,82671,0
56986,54528,23065,111514,80051,77593,1
81209,27151,62206,108360,143415,89357,1
71704,45146,76415,116850,148119,121561,1
89107,81166,58720,170273,147827,139886,1
86065,15137,16409,101202,102474,31546,0
11197,50782,31195,61979,42392,81977,0
24757,61871,26115,86628,50872,87986,0
49650,77709,1863,127359,51513,79572,0
28526,27655,19671,56181,48197,47326,1
78710,46370,11333,125080,90043,57703,0
36205,13112,57703,49317,93908,70815,0
74572,25512,21771,100084,96343,47283,0
75569,3102,16939,78671,92508,20041,0
64365,90344,89884,154709,154249,180228,1
97379,53852,70210,151231,167589,124062,1
95847,73329,10738,169176,106585,84067,0
26693,31482,56714,58175,83407,88196,1
22015,2218,78595,24233,100610,80813,0
78628,90421,48458,169049,127086,138879,1
92405,71570,18387,163975,110792,89957,0
12758,99212,59970,111970,72728,159182,0
78740,70906,43568,149646,122308,114474,1
55760,3613,10783,59373,66543,14396,0
78553,14595,14341,93148,92894,28936,0
28943,52880,61552,81823,90495,114432,1
74664,25453,80937,100117,155601,106390,1
34839,40856,98715,75695,133554,139571,0
63899,17803,49652,81702,113551,67455,1
10197,47266,79058,57463,89255,126324,0
23202,3752,12056,26954,35258,15808,0
76801,33012,71584,109813,148385,104596,1
38418,6309,70628,44727,109046,76937,0
58695,49828,83776,108523,142471,133604,1
37861,41983,24786,79844,62647,66769,1
25884,250,66673,26134,92557,66923,0
57583,15002,16232,72585,73815,31234,0
26797,57597,9489,84394,36286,67086,0
2758,94411,97837,97169,100595,192248,0
277,98483,27077,98760,27354,125560,0
67266,31300,5605,98566,72871,36905,0
19089,80581,75692,99670,94781,156273,1
73983,7608,47767,81591,121750,55375,0
28306,31220,36155,59526,64461,67375,1
78709,19783,80988,98492,159697,100771,1
64945,58115,26379,123060,91324,84494,1
85749,47437,53259,133186,139008,100696,1
10539,10364,5112,20903,15651,15476,1
17585,91335,66813,108920,84398,158148,0
16011,71194,55345,87205,71356,126539,1
91548,51476,34377,143024,125925,85853,0
70906,84883,13350,155789,84256,98233,0
73448,92528,18504,165976,91952,111032,0
70719,27946,47996,98665,118715,75942,1
92446,48975,21211,141421,113657,70186,0
10656,34849,41651,45505,52307,76500,1
40846,64515,22472,105361,63318,86987,0
92411,17127,80177,109538,172588,97304,1
64326,98368,26075,162694,90401,124443,0
71641,37267,12410,108908,84051,49677,0
95022,61535,89306,156557,184328,150841,1
97684,72310,49137,169994,146821,121447,1
1494,62581,51947,64075,53441,114528,0
83187,77382,62370,160569,145557,139752,1
82216,81468,98708,163684,180924,180176,1
15865,64403,63955,80268,79820,128358,1
31972,39162,25191,71134,57163,64353,1
56656,19231,50223,75887,106879,69454,1
83194,56300,12789,139494,95983,69089,0
79566,78645,64935,158211,144501,143580,1
69171,46625,66464,115796,135635,113089,1
23615,45775,78031,69390,101646,123806,0
97462,22289,19856,119751,117318,42145,0
80131,9175,75896,89306,156027,85071,1
36071,72470,70787,108541,106858,143257,1
18626,2876,97738,21502,116364,100614,0
5182,666,96038,5848,101220,96704,0
66855,40655,38988,107510,105843,79643,1
44652,6685,79272,51337,123924,85957,0
67976,21149,50347,89125,118323,71496,1
56190,27919,82753,84109,138943,110672,1
89188,69893,8262,159081,97450,78155,0
49653,14252,4213,63905,53866,18465,0
22921,3548,33593,26469,56514,37141,0
77545,96414,29127,173959,106672,125541,1
27404,97767,97434,125171,124838,195201,1
35886,24217,83332,60103,119218,107549,0
58383,13128,23325,71511,81708,36453,0
64573,1528,34834,66101,99407,36362,0
23022,70582,47634,93604,70656,118216,1
8368,79949,4283,88317,12651,84232,0
52623,78380,26847,131003,79470,105227,1
61317,97158,48984,158475,110301,146142,1
31300,29843,79990,61143,111290,109833,0
20327,48176,76487,68503,96814,124663,0
47741,96754,520,144495,48261,97274,0
93883,57529,57181,151412,151064,114710,1
80191,32011,65610,112202,145801,97621,1
64187,87904,80937,152091,145124,168841,1
6127,95766,33611,101893,39738,129377,0
7765,44042,30011,51807,37776,74053,0
50815,5248,28289,56063,79104,33537,0
14134,36020,78873,50154,93007,114893,0
11847,18655,64358,30502,76205,83013,0
54271,96351,12286,150622,66557,108637,0
54057,3713,41921,57770,95978,45634,0
26284,52141,63329,78425,89613,115470,1
99868,63881,3184,163749,103052,67065,0
94029,90935,22318,184964,116347,113253,1
57644,97737,79132,155381,136776,176869,1
6787,18312,89028,25099,95815,107340,0
44045,47088,67606,91133,111651,114694,1
9774,18666,99918,28440,109692,118584,0
22041,83559,96083,105600,118124,179642,1
31297,36582,22170,67879,53467,58752,1
18265,84664,29332,102929,47597,113996,0
86448,91869,94313,178317,180761,186182,1
30958,66351,57594,97309,88552,123945,1
26772,51075,33488,77847,60260,84563,1
58429,55498,508,113927,58937,56006,0
72994,68530,29604,141524,102598,98134,1
71224,50465,93916,121689,165140,144381,1
22190,34527,56383,56717,78573,90910,1
10829,32291,6396,43120,17225,38687,0
41987,95603,83268,137590,125255,178871,1
73065,22671,46702,95736,119767,69373,0
47207,10434,82490,57641,129697,92924,0
20749,19939,93047,40688,113796,112986,0
77814,74034,18803,151848,96617,92837,1
55044,28953,34775,83997,89819,63728,1
95833,13416,58014,109249,153847,71430,0
58394,2629,69530,61023,127924,72159,0
30934,33783,37352,64717,68286,71135,1
51392,13388,38582,64780,89974,51970,1
73729,83399,57910,157128,131639,141309,1
33150,6715,52754,39865,85904,59469,0
22970,63848,27533,86818,50503,91381,0
40187,39624,64230,79811,104417,103854,1
91417,59,71918,91476,163335,71977,0
74694,97347,59567,172041,134261,156914,1
9486,25075,70046,34561,79532,95121,0
26336,60001,37803,86337,64139,97804,1
71128,7166,75374,78294,146502,82540,1
31803,80286,21601,112089,53404,101887,0
11955,32892,86161,44847,98116,119053,0
33609,95831,97513,129440,131122,193344,1
7190,62603,71638,69793,78828,134241,0
16611,36159,89991,52770,106602,126150,0
42414,26721,11840,69135,54254,38561,0
14787,21825,50149,36612,64936,71974,0
55227,27645,95666,82872,150893,123311,0
17477,74813,9389,92290,26866,84202,0
14164,94964,53980,109128,68144,148944,0
69174,78719,11992,147893,81166,90711,1
32317,38831,55500,71148,87817,94331,1
46225,42827,92060,89052,138285,134887,0
40376,18442,67357,58818,107733,85799,0
46856,88079,97667,134935,144523,185746,1
52895,68586,89584,121481,142479,158170,1
34517,79301,38329,113818,72846,117630,0
23254,91517,7088,114771,30342,98605,0
88374,98726,55377,187100,143751,154103,1
189,68959,18857,69148,19046,87816,0
32288,63861,5387,96149,37675,69248,0
16159,15134,85670,31293,101829,100804,0
72786,7061,47129,79847,119915,54190,0
39019,21998,20254,61017,59273,42252,1
61833,36968,66621,98801,128454,103589,1
67778,69007,14043,136785,81821,83050,1
85438,11462,58471,96900,143909,69933,0
56913,49466,4430,106379,61343,53896,0
44726,86424,67652,131150,112378,154076,1
72465,21025,5568,93490,78033,26593,0
15730,20193,86936,35923,102666,107129,0
58150,88980,60263,147130,118413,149243,1
69800,97892,97550,167692,167350,195442,1
59141,1956,34987,61097,94128,36943,0
92194,91943,60428,184137,152622,152371,1
29173,50146,68704,79319,97877,118850,1
80877,60210,22946,141087,103823,83156,1
75724,45738,13918,121462,89642,59656,0
31928,8495,34633,40423,66561,43128,1
14770,12089,24262,26859,39032,36351,1
93368,36299,90031,129667,183399,126330,1
75171,29489,80026,104660,155197,109515,1
1590,1045,3341,2635,4931,4386,0
11190,69808,53276,80998,64466,123084,0
44211,69830,7693,114041,51904,77523,0
77995,90471,53410,168466,131405,143881,1
7064,50499,31440,57563,38504,81939,0
50993,64428,92655,115421,143648,157083,1
52899,45542,29730,98441,82629,75272,1
22513,11703,45128,34216,67641,56831,0
89202,31989,79470,121191,168672,111459,1
25154,8622,9487,33776,34641,18109,0
81263,6352,69102,87615,150365,75454,0
14535,47127,23034,61662,37569,70161,0
23388,12360,461,35748,23849,12821,0
23436,6502,93713,29938,117149,100215,0
92806,55151,17302,147957,110108,72453,0
72470,96773,87902,169243,160372,184675,1
73201,85078,67459,158279,140660,152537,1
38410,26684,24201,65094,62611,50885,1
49070,85182,87550,134252,136620,172732,1
30596,87159,52700,117755,83296,139859,0
26522,92968,97102,119490,123624,190070,1
23877,52785,40104,76662,63981,92889,1
957,84779,32868,85736,33825,117647,0
67436,30574,93709,98010,161145,124283,1
29812,6254,82379,36066,112191,88633,0
94133,96760,42313,190893,136446,139073,1
49882,69414,21680,119296,71562,91094,1
9813,57999,63090,67812,72903,121089,1
44781,67535,53367,112316,98148,120902,1
2168,39481,25935,41649,28103,65416,0
4297,51743,92527,56040,96824,144270,0
2446,97246,77748,99692,80194,174994,0
588,55110,25749,55698,26337,80859,0
81077,6569,80392,87646,161469,86961,1
52418,55476,22113,107894,74531,77589,1
41789,2044,97940,43833,139729,99984,0
85914,94574,11439,180488,97353,106013,1
5215,96401,31605,101616,36820,128006,0
1060,28718,72018,29778,73078,100736,0
94593,85382,58749,179975,153342,144131,1
49890,59318,15549,109208,65439,74867,1
47583,88564,72317,136147,119900,160881,1
34990,26216,13091,61206,48081,39307,1
63925,28000,92520,91925,156445,120520,0
63379,5153,6543,68532,69922,11696,0
75611,46219,60787,121830,136398,107006,1
34690,38152,96773,72842,131463,134925,0
98574,70601,58091,169175,156665,128692,1
46781,41027,77636,87808,124417,118663,1
83758,49309,45400,133067,129158,94709,1
58786,84262,28072,143048,86858,112334,1
89135,34989,79940,124124,169075,114929,1
14289,15969,14488,30258,28777,30457,1
8785,36853,91300,45638,100085,128153,0
55040,59799,98064,114839,153104,157863,1
62749,27471,93670,90220,156419,121141,0
38486,67267,53574,105753,92060,120841,1
84610,48133,10036,132743,94646,58169,0
64205,10735,32980,74940,97185,43715,0
25822,12666,48409,38488,74231,61075,0
15882,73684,87077,89566,102959,160761,1
84383,30568,84462,114951,168845,115030,1
22669,85707,81287,108376,103956,166994,1
71351,18352,532,89703,71883,18884,0
32856,48893,57648,81749,90504,106541,1
16378,25513,76438,41891,92816,101951,0
84183,39916,97145,124099,181328,137061,1
44428,36085,33228,80513,77656,69313,1
48717,62390,58012,111107,106729,120402,1
68522,22428,91565,90950,160087,113993,0
80059,90866,62526,170925,142585,153392,1
18440,62292,1991,80732,20431,64283,0
22011,52636,7604,74647,29615,60240,0
35925,20161,52351,56086,88276,72512,1
98814,98486,36326,197300,135140,134812,1
31674,71856,23440,103530,55114,95296,0
85461,41761,62632,127222,148093,104393,1
2,6865,89288,6867,89290,96153,0
65883,45892,57944,111775,123827,103836,1
39146,3186,58738,42332,97884,61924,0
91283,1733,9177,93016,100460,10910,0
73163,20416,5008,93579,78171,25424,0
94712,69254,18676,163966,113388,87930,0
78305,28309,81880,106614,160185,110189,1
15096,47225,97331,62321,112427,144556,0
3019,34956,93968,37975,96987,128924,0
49574,20006,24552,69580,74126,44558,0
27368,79838,55337,107206,82705,135175,1
70791,61464,89226,132255,160017,150690,1
58825,76596,16650,135421,75475,93246,0
18555,60848,94243,79403,112798,155091,0
41719,29407,76831,71126,118550,106238,0
10004,23547,87519,33551,97523,111066,0
19614,30864,17439,50478,37053,48303,1
24610,84318,5821,108928,30431,90139,0
62305,58620,87928,120925,150233,146548,1
90521,12256,64680,102777,155201,76936,0
59437,51042,35616,110479,95053,86658,1
6693,64926,37191,71619,43884,102117,0
67673,89644,96680,157317,164353,186324,1
50465,30750,13523,81215,63988,44273,0
15152,6286,83715,21438,98867,90001,0
57768,93364,24869,151132,82637,118233,0
63514,1655,29356,65169,92870,31011,0
25485,76834,4696,102319,30181,81530,0
2952,90423,7339,93375,10291,97762,0
27914,90977,11934,118891,39848,102911,0
35971,79596,84045,115567,120016,163641,1
22669,86366,25248,109035,47917,111614,0
59944,14636,58967,74580,118911,73603,1
69379,34433,44093,103812,113472,78526,1
21909,72970,29495,94879,51404,102465,0
78696,23352,73848,102048,152544,97200,1
13994,40191,88844,54185,102838,129035,0
48688,68903,39199,117591,87887,108102,1
83128,28104,58743,111232,141871,86847,1
94762,96753,16137,191515,110899,112890,1
78473,37898,11039,116371,89512,48937,0
66019,37052,38761,103071,104780,75813,1
9853,20753,87678,30606,97531,108431,0
1290,4467,53683,5757,54973,58150,0
31347,61465,94003,92812,125350,155468,0
17495,69644,89619,87139,107114,159263,0
91649,53303,75496,144952,167145,128799,1
84673,88897,44688,173570,129361,133585,1
63715,38979,32558,102694,96273,71537,1
67042,95434,71343,162476,138385,166777,1
12391,80634,97117,93025,109508,177751,0
99303,62672,26918,161975,126221,89590,0
54323,48893,95459,103216,149782,144352,1
1175,62473,53042,63648,54217,115515,0
74703,23249,23411,97952,98114,46660,0
79477,80262,79168,159739,158645,159430,1
14205,61115,6917,75320,21122,68032,0
9896,27218,72912,37114,82808,100130,0
19114,50279,90337,69393,109451,140616,0
58507,439,13743,58946,72250,14182,0
29097,74388,54982,103485,84079,129370,1
66825,45904,44612,112729,111437,90516,1
87237,30676,52483,117913,139720,83159,0
55460,20677,53382,76137,108842,74059,1
20359,89219,84352,109578,104711,173571,1
7229,25839,27637,33068,34866,53476,1
39889,79159,82007,119048,121896,161166,1
11672,30410,78787,42082,90459,109197,0
48110,44736,77105,92846,125215,121841,1
98778,51409,50767,150187,149545,102176,1
94150,83593,51155,177743,145305,134748,1
59124,977,84559,60101,143683,85536,0
94359,14532,50218,108891,144577,64750,0
77806,40683,7072,118489,84878,47755,0
90498,7506,81810,98004,172308,89316,0
76259,39116,59571,115375,135830,98687,1
15518,3267,37797,18785,53315,41064,0
44693,6374,41364,51067,86057,47738,1
37378,4622,15314,42000,52692,19936,0
90932,20502,62923,111434,153855,83425,0
51680,62600,60932,114280,112612,123532,1
83144,36556,72431,119700,155575,108987,1
68838,48657,57801,117495,126639,106458,1
60565,94829,41494,155394,102059,136323,1
21623,58663,79239,80286,100862,137902,1
9959,66613,42041,76572,52000,108654,0
28283,86562,60856,114845,89139,147418,1
34495,81980,90751,116475,125246,172731,1
32662,52936,8280,85598,40942,61216,0
90259,67582,62112,157841,152371,129694,1
55079,2846,66497,57925,121576,69343,0
28142,15414,81924,43556,110066,97338,0
68427,27062,48581,95489,117008,75643,1
36601,17196,50808,53797,87409,68004,1
17688,84265,14388,101953,32076,98653,0
16491,9079,41617,25570,58108,50696,0
50306,70294,41662,120600,91968,111956,1
84557,17336,44529,101893,129086,61865,0
78365,70343,97067,148708,175432,167410,1
61539,46343,25555,107882,87094,71898,1
39979,72832,54412,112811,94391,127244,1
26584,47686,99391,74270,125975,147077,0
40093,92165,98565,132258,138658,190730,1
76879,73174,64597,150053,141476,137771,1
70410,81828,39763,152238,110173,121591,1
461,67394,48850,67855,49311,116244,0
92409,26578,15147,118987,107556,41725,0
99657,11683,16778,111340,116435,28461,0
91413,79884,76026,171297,167439,155910,1
66574,58055,53240,124629,119814,111295,1
95332,2749,29770,98081,125102,32519,0
96337,58601,64301,154938,160638,122902,1
11416,41640,71284,53056,82700,112924,0
86563,36067,21486,122630,108049,57553,0
28697,31693,7658,60390,36355,39351,1
72950,34427,2198,107377,75148,36625,0
57613,59620,55882,117233,113495,115502,1
82735,70840,18853,153575,101588,89693,1
51543,9176,67915,60719,119458,77091,0
67447,21967,35648,89414,103095,57615,0
68475,46747,65613,115222,134088,112360,1
76407,21444,44603,97851,121010,66047,0
62354,80482,42920,142836,105274,123402,1
93385,69808,96216,163193,189601,166024,1
40436,15579,9020,56015,49456,24599,0
79888,54487,48558,134375,128446,103045,1
3519,26969,90057,30488,93576,117026,0
34119,24262,49850,58381,83969,74112,1
12226,76908,81940,89134,94166,158848,1
6825,19554,35072,26379,41897,54626,0
62008,29923,21675,91931,83683,51598,0
12320,72713,57208,85033,69528,129921,0
77815,59472,2455,137287,80270,61927,0
52417,82341,77628,134758,130045,159969,1
70356,83733,5428,154089,75784,89161,0
44362,80544,10174,124906,54536,90718,0
9024,21643,87689,30667,96713,109332,0
67067,80519,10955,147586,78022,91474,0
29169,71750,56362,100919,85531,128112,1
42276,15583,48192,57859,90468,63775,1
53266,34389,72013,87655,125279,106402,1
6135,68937,99239,75072,105374,168176,0
24925,53477,85346,78402,110271,138823,0
45822,93658,78752,139480,124574,172410,1
87931,18042,87780,105973,175711,105822,1
90093,61023,45996,151116,136089,107019,1
32492,38267,41398,70759,73890,79665,1
68122,66589,96387,134711,164509,162976,1
50831,23195,56721,74026,107552,79916,1
58803,10201,23980,69004,82783,34181,0
9664,88674,55005,98338,64669,143679,0
52042,22406,37463,74448,89505,59869,1
97734,45464,55530,143198,153264,100994,1
12576,67361,89909,79937,102485,157270,0
436,62184,52095,62620,52531,114279,0
1433,18626,44401,20059,45834,63027,0
6836,73288,45438,80124,52274,118726,0
74038,82192,80784,156230,154822,162976,1
709,21621,11168,22330,11877,32789,0
23916,1574,65158,25490,89074,66732,0
42271,68437,84658,110708,126929,153095,1
5392,37414,47463,42806,52855,84877,0
68855,893,23148,69748,92003,24041,0
49060,49200,88559,98260,137619,137759,1
66650,18047,40727,84697,107377,58774,0
27735,30686,33866,58421,61601,64552,1
67252,55029,48592,122281,115844,103621,1
83805,68446,13363,152251,97168,81809,0
35637,52452,34108,88089,69745,86560,1
32553,23813,35915,56366,68468,59728,1
88620,10837,97552,99457,186172,108389,1
53004,90173,83288,143177,136292,173461,1
27199,49251,93586,76450,120785,142837,0
7929,32996,92883,40925,100812,125879,0
50859,50753,59977,101612,110836,110730,1
8814,62487,77987,71301,86801,140474,0
28817,89986,82736,118803,111553,172722,1
28384,21697,69741,50081,98125,91438,0
13843,23895,74874,37738,88717,98769,0
61888,73330,44431,135218,106319,117761,1
63026,13443,64153,76469,127179,77596,1
11846,44821,65511,56667,77357,110332,0
86075,45075,26613,131150,112688,71688,0
46223,83499,2171,129722,48394,85670,0
31822,72748,45385,104570,77207,118133,1
55778,79839,50091,135617,105869,129930,1
89246,10600,74088,99846,163334,84688,0
21081,93481,90984,114562,112065,184465,1
71213,82370,93949,153583,165162,176319,1
73698,85395,84199,159093,157897,169594,1
95617,15070,12496,110687,108113,27566,0
80901,27882,45206,108783,126107,73088,0
81012,61527,67145,142539,148157,128672,1
29413,46433,40884,75846,70297,87317,1
83883,13727,13930,97610,97813,27657,0
73341,91512,45329,164853,118670,136841,1
15595,95668,103,111263,15698,95771,0
67,4467,93597,4534,93664,98064,0
63158,27760,79087,90918,142245,106847,1
56182,9669,26920,65851,83102,36589,0
59995,99847,93806,159842,153801,193653,1
58258,80762,26698,139020,84956,107460,1
75078,45552,27634,120630,102712,73186,0
74334,75225,74119,149559,148453,149344,1
48205,2562,40050,50767,88255,42612,0
83552,20920,18049,104472,101601,38969,0
88189,62027,36058,150216,124247,98085,1
89939,83890,38136,173829,128075,122026,1
11245,1169,17115,12414,28360,18284,0
23607,56899,78434,80506,102041,135333,1
41776,36211,18361,77987,60137,54572,1
37188,8925,66649,46113,103837,75574,0
39321,36962,19942,76283,59263,56904,1
14582,96459,31346,111041,45928,127805,0
55327,16503,27354,71830,82681,43857,0
85406,59798,48063,145204,133469,107861,1
56085,7613,39163,63698,95248,46776,0
49251,10731,14826,59982,64077,25557,0
71966,32395,70317,104361,142283,102712,1
38222,58768,55015,96990,93237,113783,1
53073,48102,95129,101175,148202,143231,1
11968,41720,87384,53688,99352,129104,0
3761,78686,97406,82447,101167,176092,0
6022,13845,24880,19867,30902,38725,0
84384,37048,7816,121432,92200,44864,0
63000,30202,20865,93202,83865,51067,0
96251,45760,18037,142011,114288,63797,0
26647,45717,99133,72364,125780,144850,0
3950,74493,82416,78443,86366,156909,0
92652,36233,9088,128885,101740,45321,0
96641,97124,19885,193765,116526,117009,1
7710,53392,86587,61102,94297,139979,0
48017,56102,87429,104119,135446,143531,1
7712,85177,11185,92889,18897,96362,0
43362,98539,49534,141901,92896,148073,0
34341,79802,3414,114143,37755,83216,0
37978,40166,86075,78144,124053,126241,0
49070,96316,11622,145386,60692,107938,0
88868,55778,47565,144646,136433,103343,1
29096,45083,37967,74179,67063,83050,1
75934,98285,792,174219,76726,99077,0
83287,73382,93464,156669,176751,166846,1
27469,68001,10519,95470,37988,78520,0
72814,97632,32777,170446,105591,130409,1
51902,62026,3542,113928,55444,65568,0
4193,11694,1836,15887,6029,13530,0
51809,83385,53484,135194,105293,136869,1
59633,17902,90786,77535,150419,108688,0
21053,85181,88046,106234,109099,173227,1
83574,49827,22401,133401,105975,72228,0
71835,26907,76822,98742,148657,103729,1
41965,45542,23477,87507,65442,69019,1
2568,45758,46079,48326,48647,91837,1
44527,68412,99899,112939,144426,168311,1
25511,3750,56504,29261,82015,60254,0
1429,12582,77590,14011,79019,90172,0
14476,14994,87109,29470,101585,102103,0
9730,23369,38412,33099,48142,61781,0
55687,53660,29924,109347,85611,83584,1
6014,92071,21506,98085,27520,113577,0
93536,86339,98088,179875,191624,184427,1
33224,20645,9279,53869,42503,29924,0
27268,69828,37458,97096,64726,107286,0
30685,3595,21784,34280,52469,25379,0
88644,77558,59006,166202,147650,136564,1
2179,91537,86035,93716,88214,177572,0
81252,44375,83630,125627,164882,128005,1
47562,35166,41301,82728,88863,76467,1
72135,83508,72195,155643,144330,155703,1
48771,94353,40325,143124,89096,134678,0
81800,26119,98720,107919,180520,124839,1
91746,91743,82303,183489,174049,174046,1
47867,66059,37709,113926,85576,103768,1
66507,88653,31867,155160,98374,120520,1
39904,25642,2081,65546,41985,27723,0
53835,237,64464,54072,118299,64701,0
14432,94150,93111,108582,107543,187261,1
64523,8398,57275,72921,121798,65673,1
61029,58251,98739,119280,159768,156990,1
32851,28919,19639,61770,52490,48558,1
8724,88941,74533,97665,83257,163474,0
61344,63105,23651,124449,84995,86756,1
65340,28525,68821,93865,134161,97346,1
72528,41854,21094,114382,93622,62948,0
27327,47756,86959,75083,114286,134715,0
45604,24309,81677,69913,127281,105986,0
80011,4455,22523,84466,102534,26978,0
20810,99182,77510,119992,98320,176692,0
75882,86984,29655,162866,105537,116639,1
84337,79327,57076,163664,141413,136403,1
11220,90187,93708,101407,104928,183895,1
73530,77392,57298,150922,130828,134690,1
2509,11030,59149,13539,61658,70179,0
41068,50318,98475,91386,139543,148793,0
79845,18168,68876,98013,148721,87044,1
44344,1555,43564,45899,87908,45119,1
17425,68258,25900,85683,43325,94158,0
43650,694,33855,44344,77505,34549,0
75023,97738,40856,172761,115879,138594,1
614,74533,66173,75147,66787,140706,0
94020,8260,46146,102280,140166,54406,0
60908,86928,19506,147836,80414,106434,0
39475,29818,87638,69293,127113,117456,0
27170,73511,69140,100681,96310,142651,1
4306,39402,15250,43708,19556,54652,0
27193,90267,38433,117460,65626,128700,0
35659,54647,82138,90306,117797,136785,1
15031,24211,80306,39242,95337,104517,0
28849,12306,78966,41155,107815,91272,0
78375,29768,29885,108143,108260,59653,0
20782,38356,88175,59138,108957,126531,0
91171,58665,35043,149836,126214,93708,1
20043,5161,79694,25204,99737,84855,0
2187,93153,94491,95340,96678,187644,1
29015,23068,52096,52083,81111,75164,0
66353,63639,49856,129992,116209,113495,1
70253,81570,94648,151823,164901,176218,1
3694,9599,33358,13293,37052,42957,0
46255,79410,72706,125665,118961,152116,1
69157,98953,18758,168110,87915,117711,0
21666,41032,79590,62698,101256,120622,0
63473,74631,99218,138104,162691,173849,1
60624,23744,49097,84368,109721,72841,1
96224,48977,78047,145201,174271,127024,1
15463,54749,1939,70212,17402,56688,0
90846,2538,78852,93384,169698,81390,0
5122,3535,27304,8657,32426,30839,0
27254,54620,56169,81874,83423,110789,1
55775,41573,94524,97348,150299,136097,1
91445,43245,17369,134690,108814,60614,0
83582,31232,35559,114814,119141,66791,0
72554,35480,37443,108034,109997,72923,1
27576,3239,51036,30815,78612,54275,0
82470,7893,8904,90363,91374,16797,0
539,59609,79152,60148,79691,138761,0
68851,32157,29030,101008,97881,61187,0
91068,56868,59991,147936,151059,116859,1
83533,35715,8308,119248,91841,44023,0
24058,52142,40020,76200,64078,92162,1
4707,49438,30258,54145,34965,79696,0
45105,4998,58416,50103,103521,63414,0
47450,19493,6007,66943,53457,25500,0
67159,5564,60436,72723,127595,66000,0
28692,3304,29559,31996,58251,32863,1
74138,45094,40880,119232,115018,85974,1
27710,58282,73573,85992,101283,131855,1
66975,1480,20914,68455,87889,22394,0
32781,88209,2652,120990,35433,90861,0
22878,86900,60485,109778,83363,147385,0
11723,7943,5089,19666,16812,13032,1
82214,71479,22728,153693,104942,94207,1
32997,84376,82729,117373,115726,167105,1
68041,34062,25802,102103,93843,59864,0
85246,66882,11219,152128,96465,78101,0
96276,54245,35708,150521,131984,89953,0
29913,34941,4805,64854,34718,39746,0
79116,34947,259,114063,79375,35206,0
59723,67096,52726,126819,112449,119822,1
28905,20602,22469,49507,51374,43071,1
43662,25719,2648,69381,46310,28367,0
80858,33281,22031,114139,102889,55312,0
16609,58208,91232,74817,107841,149440,0
44205,24963,26767,69168,70972,51730,1
8120,82339,51510,90459,59630,133849,0
27426,3190,74120,30616,101546,77310,0
88541,23973,75810,112514,164351,99783,1
87366,74531,63605,161897,150971,138136,1
93574,24989,70183,118563,163757,95172,1
62608,94627,46552,157235,109160,141179,1
61984,9460,45820,71444,107804,55280,0
79263,8091,47163,87354,126426,55254,0
73009,58326,71115,131335,144124,129441,1
26658,96060,15150,122718,41808,111210,0
52024,22851,39611,74875,91635,62462,1
89255,38926,5211,128181,94466,44137,0
45131,11721,5029,56852,50160,16750,0
39741,16396,14463,56137,54204,30859,0
37989,62188,48540,100177,86529,110728,1
48949,71914,66818,120863,115767,138732,1
27995,94270,57971,122265,85966,152241,0
5766,30883,26356,36649,32122,57239,1
95041,62305,80164,157346,175205,142469,1
95167,1453,6850,96620,102017,8303,0
142,300,38714,442,38856,39014,0
54583,22048,23814,76631,78397,45862,0
5358,29419,13205,34777,18563,42624,0
49432,1163,44327,50595,93759,45490,0
6571,76092,52035,82663,58606,128127,0
27166,17122,30433,44288,57599,47555,1
97631,46198,55431,143829,153062,101629,1
5884,52247,86392,58131,92276,138639,0
46434,63929,23596,110363,70030,87525,1
28885,83178,42338,112063,71223,125516,0
6552,6636,9183,13188,15735,15819,1
71265,90613,83333,161878,154598,173946,1
65835,56167,12663,122002,78498,68830,1
22138,86278,75036,108416,97174,161314,1
85524,20074,57127,105598,142651,77201,0
99929,97123,4155,197052,104084,101278,1
99281,55384,9661,154665,108942,65045,0
47991,86748,48322,134739,96313,135070,1
50602,98316,50713,148918,101315,149029,1
35733,39201,9705,74934,45438,48906,1
25779,36980,96991,62759,122770,133971,0
99765,46487,30409,146252,130174,76896,0
55089,36630,78460,91719,133549,115090,1
28334,67023,71328,95357,99662,138351,1
95334,62813,39112,158147,134446,101925,1
14554,34232,12415,48786,26969,46647,0
43126,19781,40421,62907,83547,60202,1
79587,41132,46556,120719,126143,87688,1
12134,35395,30863,47529,42997,66258,1
11406,67748,41363,79154,52769,109111,0
56027,69744,97277,125771,153304,167021,1
40334,18865,37479,59199,77813,56344,1
24065,84611,16530,108676,40595,101141,0
35244,21820,63465,57064,98709,85285,0
57529,97062,80177,154591,137706,177239,1
32923,43209,99804,76132,132727,143013,0
84790,74755,31283,159545,116073,106038,1
98344,97386,27368,195730,125712,124754,1
72481,95009,36706,167490,109187,131715,1
50678,82121,58579,132799,109257,140700,1
40305,95468,38834,135773,79139,134302,0
85159,8041,95922,93200,181081,103963,0
46515,71987,93983,118502,140498,165970,1
19655,31170,81426,50825,101081,112596,0
38952,78862,55431,117814,94383,134293,1
25238,83511,81426,108749,106664,164937,1
51603,91951,64489,143554,116092,156440,1
54723,15839,31611,70562,86334,47450,0
2335,16116,83462,18451,85797,99578,0
65884,55968,77959,121852,143843,133927,1
18641,18421,88470,37062,107111,106891,0
26604,75465,9865,102069,36469,85330,0
21051,17990,66985,39041,88036,84975,0
93183,14014,78617,107197,171800,92631,0
46622,12661,73937,59283,120559,86598,0
86536,92945,48278,179481,134814,141223,1
20780,79681,43443,100461,64223,123124,0
62192,99411,46791,161603,108983,146202,1
69769,7883,15981,77652,85750,23864,0
26745,68768,18611,95513,45356,87379,0
49757,98153,89468,147910,139225,187621,1
96070,18375,17480,114445,113550,35855,0
6869,34720,71142,41589,78011,105862,0
31393,24313,37278,55706,68671,61591,1
9477,59536,7344,69013,16821,66880,0
51853,33434,31240,85287,83093,64674,1
59223,90890,19543,150113,78766,110433,0
84649,2789,36262,87438,120911,39051,0
98945,83705,84730,182650,183675,168435,1
11664,99014,59457,110678,71121,158471,0
71021,79990,34678,151011,105699,114668,1
70181,50428,91525,120609,161706,141953,1
53725,995,51342,54720,105067,52337,0
16711,98156,80275,114867,96986,178431,0
83666,77492,94183,161158,177849,171675,1
40635,61503,55627,102138,96262,117130,1
90607,59221,81680,149828,172287,140901,1
96223,59768,38855,155991,135078,98623,1
37747,49733,36292,87480,74039,86025,1
6887,51591,37453,58478,44340,89044,0
95208,35225,56845,130433,152053,92070,0
50198,56714,10225,106912,60423,66939,1
3002,25748,32305,28750,35307,58053,0
89920,16877,80423,106797,170343,97300,1
40317,56672,1961,96989,42278,58633,0
49228,21005,91082,70233,140310,112087,0
27438,2824,8737,30262,36175,11561,0
60248,39967,67821,100215,128069,107788,1
82583,2708,4620,85291,87203,7328,0
52008,63353,14169,115361,66177,77522,1
66373,27505,82743,93878,149116,110248,1
25295,15979,98500,41274,123795,114479,0
63494,77821,31426,141315,94920,109247,1
11684,51688,50213,63372,61897,101901,1
23675,87952,49764,111627,73439,137716,0
57869,96209,37125,154078,94994,133334,0
19809,69260,53651,89069,73460,122911,1
58561,84807,19362,143368,77923,104169,0
65299,39278,32737,104577,98036,72015,1
36310,53238,87623,89548,123933,140861,1
8019,48296,47250,56315,55269,95546,1
38219,6952,1796,45171,40015,8748,0
7412,40845,41201,48257,48613,82046,1
41383,95429,85420,136812,126803,180849,1
16701,75601,523,92302,17224,76124,0
18479,8627,30453,27106,48932,39080,0
53989,79580,9292,133569,63281,88872,0
88841,36627,9757,125468,98598,46384,0
98366,12244,82502,110610,180868,94746,0
62964,99680,81201,162644,144165,180881,1
77190,16096,84394,93286,161584,100490,1
91495,92436,48083,183931,139578,140519,1
18403,53709,13716,72112,32119,67425,0
76652,92448,85961,169100,162613,178409,1
71264,70997,16496,142261,87760,87493,1
34893,86054,25970,120947,60863,112024,0
6277,86523,16467,92800,22744,102990,0
88998,17192,90491,106190,179489,107683,1
81553,74941,24499,156494,106052,99440,1
69756,66055,64331,135811,134087,130386,1
48816,8764,71194,57580,120010,79958,0
70719,90171,43445,160890,114164,133616,1
65018,87901,39348,152919,104366,127249,1
9238,67202,6793,76440,16031,73995,0
30921,71257,63887,102178,94808,135144,1
2578,87599,1272,90177,3850,88871,0
59793,98129,61376,157922,121169,159505,1
89254,45032,85168,134286,174422,130200,1
60522,92992,54663,153514,115185,147655,1
18555,73729,46498,92284,65053,120227,0
70673,76634,9025,147307,79698,85659,1
87125,78198,40604,165323,127729,118802,1
3521,51623,32837,55144,36358,84460,0
14269,82618,12898,96887,27167,95516,0
76587,67495,17422,144082,94009,84917,1
57558,2763,18103,60321,75661,20866,0
52661,60856,38437,113517,91098,99293,1
30680,63828,1021,94508,31701,64849,0
23647,79243,82927,102890,106574,162170,1
77401,63369,12113,140770,89514,75482,0
45590,4933,95175,50523,140765,100108,0
67104,31470,72040,98574,139144,103510,1
55548,35529,29285,91077,84833,64814,1
69348,58148,90979,127496,160327,149127,1
65662,13728,68074,79390,133736,81802,1
32023,12356,38177,44379,70200,50533,1
33212,15948,6818,49160,40030,22766,0
86313,21075,44977,107388,131290,66052,0
4402,10573,19431,14975,23833,30004,0
37817,85723,27511,123540,65328,113234,0
36902,8523,65190,45425,102092,73713,0
37686,60377,28638,98063,66324,89015,1
41906,44716,32602,86622,74508,77318,1
27950,11568,53860,39518,81810,65428,0
20556,65780,64867,86336,85423,130647,1
64465,88110,87207,152575,151672,175317,1
34078,96965,48805,131043,82883,145770,0
82859,43826,50460,126685,133319,94286,1
415,48281,66799,48696,67214,115080,0
33096,80930,79824,114026,112920,160754,1
95488,97276,63800,192764,159288,161076,1
68377,97721,94148,166098,162525,191869,1
54160,43537,17712,97697,71872,61249,1
25302,39719,99851,65021,125153,139570,0
24492,67540,30812,92032,55304,98352,0
60077,92341,40155,152418,100232,132496,1
23168,69953,8701,93121,31869,78654,0
31894,22965,88590,54859,120484,111555,0
33180,77933,50884,111113,84064,128817,1
91308,85350,34995,176658,126303,120345,1
9359,29424,37816,38783,47175,67240,1
58801,33794,33974,92595,92775,67768,1
95123,67956,26930,163079,122053,94886,0
37194,63977,40448,101171,77642,104425,1
91267,99378,10195,190645,101462,109573,1
72413,94000,79570,166413,151983,173570,1
95771,57227,11773,152998,107544,69000,0
6098,56456,94670,62554,100768,151126,0
32876,89233,41426,122109,74302,130659,0
32047,36891,95984,68938,128031,132875,0
61250,81963,7548,143213,68798,89511,0
62653,37942,26621,100595,89274,64563,1
40196,75288,85139,115484,125335,160427,1
98047,53083,63573,151130,161620,116656,1
50105,92127,51989,142232,102094,144116,1
42326,57189,95911,99515,138237,153100,1
58913,45638,36672,104551,95585,82310,1
31288,83095,98451,114383,129739,181546,1
21419,72720,84415,94139,105834,157135,1
84885,48420,50387,133305,135272,98807,1
88017,22652,70658,110669,158675,93310,1
3337,59751,82723,63088,86060,142474,0
69630,20593,59033,90223,128663,79626,1
93230,60454,58335,153684,151565,118789,1
92269,34169,46927,126438,139196,81096,0
93059,60,31274,93119,124333,31334,0
40464,38372,4505,78836,44969,42877,1
89043,4272,55517,93315,144560,59789,0
31216,68923,91373,100139,122589,160296,1
79961,95292,57342,175253,137303,152634,1
70517,66809,86090,137326,156607,152899,1
7783,15586,32165,23369,39948,47751,0
58714,650,19050,59364,77764,19700,0
99390,83105,6049,182495,105439,89154,0
928,28022,54579,28950,55507,82601,0
33096,23037,605,56133,33701,23642,0
27423,54899,32002,82322,59425,86901,1
92830,82175,72095,175005,164925,154270,1
77843,80144,68308,157987,146151,148452,1
51335,72112,86974,123447,138309,159086,1
50838,24015,8053,74853,58891,32068,0
88120,34359,65692,122479,153812,100051,1
66098,97291,45152,163389,111250,142443,1
41446,6469,52960,47915,94406,59429,0
93426,92693,75634,186119,169060,168327,1
16869,84131,70653,101000,87522,154784,1
44563,79682,75630,124245,120193,155312,1
30426,6642,27729,37068,58155,34371,1
2411,41831,84557,44242,86968,126388,0
44039,47066,47731,91105,91770,94797,1
20987,69596,73849,90583,94836,143445,1
78844,22832,28963,101676,107807,51795,0
37615,86981,15140,124596,52755,102121,0
35115,94385,68778,129500,103893,163163,1
12009,94395,39123,106404,51132,133518,0
91854,22454,72152,114308,164006,94606,1
24678,86809,44021,111487,68699,130830,0
34176,26585,75995,60761,110171,102580,0
93883,34952,63002,128835,156885,97954,1
6442,79768,27853,86210,34295,107621,0
83550,22954,69909,106504,153459,92863,1
13623,84058,5617,97681,19240,89675,0
86714,88412,21946,175126,108660,110358,1
54528,94854,30027,149382,84555,124881,0
65967,40808,68345,106775,134312,109153,1
11317,64608,58089,75925,69406,122697,1
18134,29586,1077,47720,19211,30663,0
34809,56188,11256,90997,46065,67444,0
78570,51493,13515,130063,92085,65008,0
4570,23110,39641,27680,44211,62751,0
95808,78573,35866,174381,131674,114439,1
19192,82538,81060,101730,100252,163598,1
86735,17382,38484,104117,125219,55866,0
16813,24657,8040,41470,24853,32697,1
40044,79360,23971,119404,64015,103331,0
24673,14988,67142,39661,91815,82130,0
92867,31899,32483,124766,125350,64382,0
8412,65465,87857,73877,96269,153322,0
16193,32084,93657,48277,109850,125741,0
72843,76647,94256,149490,167099,170903,1
85033,28861,51731,113894,136764,80592,0
74128,67454,19632,141582,93760,87086,1
8662,85369,61463,94031,70125,146832,0
2422,17180,84615,19602,87037,101795,0
8733,48596,29643,57329,38376,78239,0
52973,3957,43661,56930,96634,47618,0
72468,38334,6937,110802,79405,45271,0
51635,895,1781,52530,53416,2676,0
59248,95236,68832,154484,128080,164068,1
51457,18915,9857,70372,61314,28772,0
69003,98428,70574,167431,139577,169002,1
45785,588,13295,46373,59080,13883,0
75183,92346,56506,167529,131689,148852,1
43679,70585,81027,114264,124706,151612,1
40062,81149,26668,121211,66730,107817,0
20451,5326,41217,25777,61668,46543,0
17500,68313,31269,85813,48769,99582,0
6704,12446,35474,19150,42178,47920,0
53667,38283,17183,91950,70850,55466,1
25483,31155,26856,56638,52339,58011,1
76952,5662,5122,82614,82074,10784,0
32950,55697,20872,88647,53822,76569,0
87196,57048,73039,144244,160235,130087,1
95457,74370,79705,169827,175162,154075,1
6699,23115,13569,29814,20268,36684,0
7400,31448,20728,38848,28128,52176,0
8026,95001,36804,103027,44830,131805,0
31730,34989,79981,66719,111711,114970,0
25271,98749,29654,124020,54925,128403,0
84367,99468,36510,183835,120877,135978,1
75203,73998,76870,149201,152073,150868,1
61784,77843,95867,139627,157651,173710,1
60025,92266,68159,152291,128184,160425,1
7540,78547,15780,86087,23320,94327,0
26971,48537,26402,75508,53373,74939,1
41425,30315,81015,71740,122440,111330,0
98015,21212,5745,119227,103760,26957,0
79056,74408,20291,153464,99347,94699,1
82271,27574,83789,109845,166060,111363,1
45405,84978,93241,130383,138646,178219,1
99496,75845,53129,175341,152625,128974,1
95066,80028,67577,175094,162643,147605,1
28643,72553,95673,101196,124316,168226,1
51585,68468,79041,120053,130626,147509,1
49045,15578,56575,64623,105620,72153,1
7310,69529,17261,76839,24571,86790,0
70327,67616,39692,137943,110019,107308,1
78509,85080,66703,163589,145212,151783,1
37515,5860,91371,43375,128886,97231,0
43635,27089,89807,70724,133442,116896,0
49278,92594,84985,141872,134263,177579,1
80836,36715,58607,117551,139443,95322,1
42819,80817,62850,123636,105669,143667,1
28321,38548,23596,66869,51917,62144,1
25439,17146,47380,42585,72819,64526,0
19429,87674,64971,107103,84400,152645,0
49790,76887,263,126677,50053,77150,0
97133,80517,96485,177650,193618,177002,1
49651,53874,22002,103525,71653,75876,1
27599,76657,74076,104256,101675,150733,1
76250,16093,15783,92343,92033,31876,0
63127,60733,45097,123860,108224,105830,1
30277,1332,39266,31609,69543,40598,0
42314,72728,52026,115042,94340,124754,1
9411,20228,20603,29639,30014,40831,1
20563,23672,57989,44235,78552,81661,0
83346,20608,45088,103954,128434,65696,0
67709,73294,68698,141003,136407,141992,1
11549,47515,64295,59064,75844,111810,0
36191,40018,1419,76209,37610,41437,0
64092,79684,82129,143776,146221,161813,1
53702,66347,32304,120049,86006,98651,1
33456,38662,54973,72118,88429,93635,1
81724,24514,73319,106238,155043,97833,1
40033,14976,90861,55009,130894,105837,0
31608,45642,67744,77250,99352,113386,1
3273,25074,77650,28347,80923,102724,0
13907,16554,330,30461,14237,16884,0
9423,40256,48368,49679,57791,88624,1
50368,17925,55036,68293,105404,72961,1
95497,60213,34605,155710,130102,94818,0
98315,43329,2889,141644,101204,46218,0
40532,16158,5872,56690,46404,22030,0
95085,41266,87468,136351,182553,128734,1
85096,57532,4890,142628,89986,62422,0
92882,57440,12670,150322,105552,70110,0
11266,48127,88275,59393,99541,136402,0
18354,38963,13518,57317,31872,52481,0
88327,95661,39516,183988,127843,135177,1
45058,76357,978,121415,46036,77335,0
8740,6662,43714,15402,52454,50376,0
20062,39622,43024,59684,63086,82646,1
83766,38807,57620,122573,141386,96427,1
75306,97570,75217,172876,150523,172787,1
58324,28318,60957,86642,119281,89275,1
29680,72284,18738,101964,48418,91022,0
44725,83432,1728,128157,46453,85160,0
84876,56101,69425,140977,154301,125526,1
84702,19113,7980,103815,92682,27093,0
73223,71371,61343,144594,134566,132714,1
80561,39981,84016,120542,164577,123997,1
84616,43229,97050,127845,181666,140279,1
67557,28357,28514,95914,96071,56871,0
18695,83593,27254,102288,45949,110847,0
21438,40504,21124,61942,42562,61628,1
29752,48944,31887,78696,61639,80831,1
26841,36880,92074,63721,118915,128954,0
91671,79724,73898,171395,165569,153622,1
57784,97500,2163,155284,59947,99663,0
65646,12654,7914,78300,73560,20568,0
96549,91009,74675,187558,171224,165684,1
14456,91153,99914,105609,114370,191067,1
61092,85714,5588,146806,66680,91302,0
55988,50079,47090,106067,103078,97169,1
8931,59174,66333,68105,75264,125507,1
51076,94758,42205,145834,93281,136963,0
75957,28521,36643,104478,112600,65164,0
40167,34921,44698,75088,84865,79619,1
15558,20430,5819,35988,21377,26249,1
9583,7215,32919,16798,42502,40134,0
70399,60305,68238,130704,138637,128543,1
36573,94756,53438,131329,90011,148194,0
83100,3075,99927,86175,183027,103002,0
87877,93284,62205,181161,150082,155489,1
42640,7278,54566,49918,97206,61844,0
63747,75653,56627,139400,120374,132280,1
78718,52969,94086,131687,172804,147055,1
84831,72217,2958,157048,87789,75175,0
6797,68176,25361,74973,32158,93537,0
35856,48743,94455,84599,130311,143198,0
26171,35596,47263,61767,73434,82859,1
99633,80355,33363,179988,132996,113718,1
57781,24,93988,57805,151769,94012,0
38240,18723,23854,56963,62094,42577,1
60522,61799,10955,122321,71477,72754,1
17538,50959,78924,68497,96462,129883,0
59046,80219,42882,139265,101928,123101,1
29403,81093,45933,110496,75336,127026,0
2462,58629,66471,61091,68933,125100,0
68098,27391,89877,95489,157975,117268,1
6397,58494,62815,64891,69212,121309,1
24504,56364,73171,80868,97675,129535,1
8131,88710,85451,96841,93582,174161,1
4965,66765,5150,71730,10115,71915,0
36869,33674,52222,70543,89091,85896,1
94155,95619,48532,189774,142687,144151,1
93182,43265,58838,136447,152020,102103,1
40929,95035,66956,135964,107885,161991,1
13175,34774,75448,47949,88623,110222,0
66632,78555,22892,145187,89524,101447,1
6038,91790,90541,97828,96579,182331,1
67710,41145,2607,108855,70317,43752,0
57649,42680,68672,100329,126321,111352,1
9389,54747,12164,64136,21553,66911,0
17002,1710,45470,18712,62472,47180,0
51193,89760,53598,140953,104791,143358,1
63078,46610,97603,109688,160681,144213,1
56186,43297,37328,99483,93514,80625,1
46938,85687,65580,132625,112518,151267,1
65313,10504,56525,75817,121838,67029,1
70851,24866,19052,95717,89903,43918,0
71905,86044,72416,157949,144321,158460,1
40216,5161,32007,45377,72223,37168,0
55696,65012,38481,120708,94177,103493,1
64486,26145,11303,90631,75789,37448,0
46502,3750,24887,50252,71389,28637,0
66138,93527,2026,159665,68164,95553,0
36065,16768,1809,52833,37874,18577,0
41527,4453,98290,45980,139817,102743,0
73910,75866,91183,149776,165093,167049,1
79263,84219,39994,163482,119257,124213,1
20411,16520,84367,36931,104778,100887,0
32348,37295,32906,69643,65254,70201,1
94129,94690,95098,188819,189227,189788,1
20049,25782,54327,45831,74376,80109,0
3610,16801,79297,20411,82907,96098,0
81680,2999,45895,84679,127575,48894,0
53620,98294,92646,151914,146266,190940,1
73467,9299,3553,82766,77020,12852,0
80085,21085,25678,101170,105763,46763,0
1488,95178,50647,96666,52135,145825,0
20214,56290,12595,76504,32809,68885,0
13325,53203,66687,66528,80012,119890,0
397,23468,17662,23865,18059,41130,0
53218,10076,98089,63294,151307,108165,0
39693,68891,62996,108584,102689,131887,1
54915,31144,85206,86059,140121,116350,1
51869,44768,52591,96637,104460,97359,1
10176,84860,67147,95036,77323,152007,0
25340,92672,55447,118012,80787,148119,0
33621,80246,72913,113867,106534,153159,1
18378,33670,45848,52048,64226,79518,1
80405,26005,47425,106410,127830,73430,0
71114,2557,46568,73671,117682,49125,0
67788,18193,19435,85981,87223,37628,0
40079,90291,74824,130370,114903,165115,1
90446,59243,89813,149689,180259,149056,1
34791,61689,13413,96480,48204,75102,0
22866,49021,76242,71887,99108,125263,0
9669,86609,47523,96278,57192,134132,0
33760,80226,10984,113986,44744,91210,0
70958,16636,60353,87594,131311,76989,1
38597,20865,85000,59462,123597,105865,0
35843,6594,67248,42437,103091,73842,0
1408,27681,68639,29089,70047,96320,0
18286,44578,76993,62864,95279,121571,0
59994,32265,5798,92259,65792,38063,0
14619,83566,50193,98185,64812,133759,0
62832,17946,70019,80778,132851,87965,1
27535,35343,34914,62878,62449,70257,1
3946,68224,48129,72170,52075,116353,0
80667,81251,5527,161918,86194,86778,1
40647,65792,16829,106439,57476,82621,0
41834,41864,70139,83698,111973,112003,1
98283,97285,702,195568,98985,97987,0
79628,1220,38984,80848,118612,40204,0
42608,54395,1241,97003,43849,55636,0
56748,15837,42459,72585,99207,58296,1
18656,14572,8115,33228,26771,22687,1
91851,12952,81495,104803,173346,94447,1
53224,41116,2193,94340,55417,43309,0
69216,98888,61210,168104,130426,160098,1
76261,30482,69402,106743,145663,99884,1
73034,1251,47272,74285,120306,48523,0
32287,96003,15741,128290,48028,111744,0
68051,93480,28281,161531,96332,121761,1
66221,11877,31023,78098,97244,42900,0
4864,37087,45942,41951,50806,83029,0
80321,52933,28400,133254,108721,81333,1
86846,64176,78868,151022,165714,143044,1
61883,40900,45360,102783,107243,86260,1
96730,20209,76887,116939,173617,97096,1
61138,13734,13231,74872,74369,26965,0
85401,95824,98789,181225,184190,194613,1
99272,92323,4984,191595,104256,97307,0
87884,74965,45650,162849,133534,120615,1
23220,84878,26194,108098,49414,111072,0
68674,82361,46005,151035,114679,128366,1
6779,13320,11059,20099,17838,24379,1
36255,98908,81342,135163,117597,180250,1
91995,75474,39824,167469,131819,115298,1
22349,90428,2069,112777,24418,92497,0
44914,30240,26815,75154,71729,57055,1
87421,19467,66280,106888,153701,85747,0
34816,20107,33201,54923,68017,53308,1
25729,91353,6453,117082,32182,97806,0
75727,42026,77477,117753,153204,119503,1
41324,7427,4309,48751,45633,11736,0
21571,85151,36867,106722,58438,122018,0
62964,97817,49188,160781,112152,147005,1
35347,53555,972,88902,36319,54527,0
4125,29802,17809,33927,21934,47611,0
79998,89531,58490,169529,138488,148021,1
3042,14765,39376,17807,42418,54141,0
58065,49000,63256,107065,121321,112256,1
86324,70108,61554,156432,147878,131662,1
74342,59080,27538,133422,101880,86618,1
10372,82254,3688,92626,14060,85942,0
73672,12616,10784,86288,84456,23400,0
99751,16316,2470,116067,102221,18786,0
81122,41939,45918,123061,127040,87857,1
21453,91849,62958,113302,84411,154807,0
28593,86291,76128,114884,104721,162419,1
13191,85509,41110,98700,54301,126619,0
57594,82241,54743,139835,112337,136984,1
31009,61361,52996,92370,84005,114357,1
13366,48477,84436,61843,97802,132913,0
48317,48336,95798,96653,144115,144134,1
3773,94687,56808,98460,60581,151495,0
39035,26267,99359,65302,138394,125626,0
71106,69227,89557,140333,160663,158784,1
75901,20107,70689,96008,146590,90796,1
79875,7738,20670,87613,100545,28408,0
60522,62530,1479,123052,62001,64009,0
84945,16106,81080,101051,166025,97186,1
60173,15116,9128,75289,69301,24244,0
96969,63968,84681,160937,181650,148649,1
14819,47318,68000,62137,82819,115318,0
83504,52900,38454,136404,121958,91354,1
58467,56161,36637,114628,95104,92798,1
87884,69855,68001,157739,155885,137856,1
78966,42307,35282,121273,114248,77589,0
40227,5013,18740,45240,58967,23753,0
44275,21233,45142,65508,89417,66375,1
21328,36179,78285,57507,99613,114464,0
64880,13978,21586,78858,86466,35564,0
10615,19002,56493,29617,67108,75495,0
44738,15034,66518,59772,111256,81552,0
51488,16574,61902,68062,113390,78476,1
92736,70108,19954,162844,112690,90062,0
18946,29407,79809,48353,98755,109216,0
72573,78604,91090,151177,163663,169694,1
94400,28461,84062,122861,178462,112523,1
32843,84854,15378,117697,48221,100232,0
56429,21888,72423,78317,128852,94311,1
40137,90252,18025,130389,58162,108277,0
77166,4042,71106,81208,148272,75148,0
3977,72014,87460,75991,91437,159474,0
24858,912,7170,25770,32028,8082,0
14541,20036,55683,34577,70224,75719,0
92158,61285,43842,153443,136000,105127,1
14413,15289,15042,29702,29455,30331,1
43336,5027,52762,48363,96098,57789,0
40430,43339,64436,83769,104866,107775,1
24959,3669,23965,28628,48924,27634,1
74203,48706,37943,122909,112146,86649,1
53970,13773,75720,67743,129690,89493,0
26284,18004,8112,44288,34396,26116,0
60354,75988,62353,136342,122707,138341,1
71739,92776,83414,164515,155153,176190,1
98777,79748,16751,178525,115528,96499,0
31722,23052,80584,54774,112306,103636,0
12221,81391,11249,93612,23470,92640,0
48990,95975,53104,144965,102094,149079,1
8111,58519,68757,66630,76868,127276,0
1968,92369,6089,94337,8057,98458,0
15945,94470,16738,110415,32683,111208,0
53326,32565,7170,85891,60496,39735,0
10527,72746,82031,83273,92558,154777,1
46707,18008,20674,64715,67381,38682,0
31634,81948,42497,113582,74131,124445,0
15757,85100,38275,100857,54032,123375,0
92119,17669,75552,109788,167671,93221,1
46635,22529,59868,69164,106503,82397,1
21785,61332,4580,83117,26365,65912,0
95147,76541,89618,171688,184765,166159,1
48201,32827,97610,81028,145811,130437,0
21971,10039,40474,32010,62445,50513,0
74435,52580,38962,127015,113397,91542,1
48590,27157,90232,75747,138822,117389,0
6015,19135,83193,25150,89208,102328,0
38331,69944,83117,108275,121448,153061,1
33841,88945,35916,122786,69757,124861,0
64636,14653,31898,79289,96534,46551,0
89668,80236,21319,169904,110987,101555,1
49334,86008,92973,135342,142307,178981,1
6799,34958,1807,41757,8606,36765,0
88001,16568,34151,104569,122152,50719,0
68748,6631,91130,75379,159878,97761,0
34960,13237,57626,48197,92586,70863,0
39469,69839,95503,109308,134972,165342,1
3470,50832,36370,54302,39840,87202,0
49886,35218,37900,85104,87786,73118,1
70229,56630,80347,126859,150576,136977,1
16782,81869,47876,98651,64658,129745,0
61656,53865,63402,115521,125058,117267,1
19277,88793,21825,108070,41102,110618,0
64568,76720,35354,141288,99922,112074,1
44767,68010,74930,112777,119697,142940,1
88792,95590,28076,184382,116868,123666,1
89572,87568,50100,177140,139672,137668,1
67933,52277,29007,120210,96940,81284,1
36467,8769,55227,45236,91694,63996,0
33496,39206,95440,72702,128936,134646,0
39643,62438,66309,102081,105952,128747,1
92939,92552,76483,185491,169422,169035,1
14916,19270,36412,34186,51328,55682,0
57016,84368,64841,141384,121857,149209,1
41768,52874,3626,94642,45394,56500,0
36680,67682,80081,104362,116761,147763,1
74971,15975,30142,90946,105113,46117,0
6376,24315,33880,30691,40256,58195,0
29195,44259,57169,73454,86364,101428,1
4667,25688,42740,30355,47407,68428,0
61643,11151,71752,72794,133395,82903,1
16791,25386,53771,42177,70562,79157,0
61947,33856,59216,95803,121163,93072,1
6997,33628,27605,40625,34602,61233,1
18340,62924,49892,81264,68232,112816,1
36479,43031,81978,79510,118457,125009,0
96323,85243,53373,181566,149696,138616,1
49948,10225,12279,60173,62227,22504,0
45399,58602,27075,104001,72474,85677,1
48514,45381,69688,93895,118202,115069,1
96722,51002,73284,147724,170006,124286,1
91211,53691,27776,144902,118987,81467,0
94412,1749,10046,96161,104458,11795,0
54061,95280,69454,149341,123515,164734,1
76993,84843,74556,161836,151549,159399,1
35648,71782,69131,107430,104779,140913,1
34913,90377,58257,125290,93170,148634,1
27846,17608,96000,45454,123846,113608,0
91307,93702,30171,185009,121478,123873,1
50824,64947,77746,115771,128570,142693,1
98460,85857,80803,184317,179263,166660,1
28470,91359,62297,119829,90767,153656,0
24491,6272,72525,30763,97016,78797,0
88621,48133,90534,136754,179155,138667,1
60664,6356,8710,67020,69374,15066,0
46901,94786,80143,141687,127044,174929,1
29927,99416,77766,129343,107693,177182,1
16122,22148,6179,38270,22301,28327,1
91212,51173,3244,142385,94456,54417,0
43941,36263,84410,80204,128351,120673,0
10324,60912,27814,71236,38138,88726,0
99678,96644,67413,196322,167091,164057,1
36726,14687,96795,51413,133521,111482,0
86861,28544,29758,115405,116619,58302,0
14910,28954,71391,43864,86301,100345,0
67026,1859,71859,68885,138885,73718,0
26172,12044,40813,38216,66985,52857,0
37659,44526,52757,82185,90416,97283,1
14512,37402,91814,51914,106326,129216,0
46348,60476,33711,106824,80059,94187,1
24936,86627,17726,111563,42662,104353,0
47628,53593,53278,101221,100906,106871,1
75636,75598,36716,151234,112352,112314,1
26773,1666,32620,28439,59393,34286,0
99954,12077,9879,112031,109833,21956,0
67911,35461,37913,103372,105824,73374,1
89396,25237,83405,114633,172801,108642,1
89184,58534,16593,147718,105777,75127,0
40149,2267,8614,42416,48763,10881,0
85971,84793,47842,170764,133813,132635,1
78724,43503,16639,122227,95363,60142,0
58087,15932,60089,74019,118176,76021,1
76458,53976,1107,130434,77565,55083,0
85117,62753,62816,147870,147933,125569,1
60463,5892,33393,66355,93856,39285,0
82753,6644,37562,89397,120315,44206,0
77920,99260,99550,177180,177470,198810,1
75401,58176,17612,133577,93013,75788,1
13824,24944,18922,38768,32746,43866,1
40524,87404,30304,127928,70828,117708,0
45952,29323,87256,75275,133208,116579,0
19467,56713,90620,76180,110087,147333,0
29829,15935,46751,45764,76580,62686,0
9503,46442,35959,55945,45462,82401,0
10903,54309,32941,65212,43844,87250,0
41793,62011,93099,103804,134892,155110,1
19099,24713,80994,43812,100093,105707,0
12772,59987,79836,72759,92608,139823,0
92776,34443,80895,127219,173671,115338,1
98611,4721,98945,103332,197556,103666,1
28272,69467,27256,97739,55528,96723,0
47926,13079,81751,61005,129677,94830,0
5614,68568,48450,74182,54064,117018,0
15288,95071,70927,110359,86215,165998,0
87777,23990,90803,111767,178580,114793,1
26876,43734,57498,70610,84374,101232,1
26662,23655,66405,50317,93067,90060,0
55950,29507,52404,85457,108354,81911,1
27818,95927,90574,123745,118392,186501,1
16729,31174,93000,47903,109729,124174,0
99950,4148,87647,104098,187597,91795,0
12444,67498,67713,79942,80157,135211,1
66313,46582,34931,112895,101244,81513,1
77201,98998,67851,176199,145052,166849,1
45114,85215,18960,130329,64074,104175,0
17584,27559,42599,45143,60183,70158,1
31843,15703,97598,47546,129441,113301,0
12565,94993,66807,107558,79372,161800,0
19938,9716,83935,29654,103873,93651,0
73948,58815,25384,132763,99332,84199,1
72520,19597,32470,92117,104990,52067,0
27707,71187,95821,98894,123528,167008,1
3735,1964,11366,5699,15101,13330,0
38948,31637,53424,70585,92372,85061,1
47141,32929,73349,80070,120490,106278,1
26509,65767,45827,92276,72336,111594,1
60342,31705,56830,92047,117172,88535,1
94475,37940,95713,132415,190188,133653,1
76564,72776,453,149340,77017,73229,0
29436,38964,45153,68400,74589,84117,1
64097,66567,89559,130664,153656,156126,1
68440,95558,8802,163998,77242,104360,0
12327,88618,90254,100945,102581,178872,1
71290,24455,25140,95745,96430,49595,0
44349,10151,38860,54500,83209,49011,1
6738,84353,23465,91091,30203,107818,0
85511,91397,91142,176908,176653,182539,1
43671,240,78798,43911,122469,79038,0
65713,90550,7832,156263,73545,98382,0
31668,61824,51725,93492,83393,113549,1
83374,62867,75173,146241,158547,138040,1
44087,15763,89140,59850,133227,104903,0
69312,42608,12157,111920,81469,54765,0
8099,31868,95681,39967,103780,127549,0
38650,35340,41279,73990,79929,76619,1
46828,57648,42068,104476,88896,99716,1
97922,51587,97613,149509,195535,149200,1
83948,33452,97981,117400,181929,131433,1
33851,13425,13367,47276,47218,26792,0
43144,70970,85924,114114,129068,156894,1
89133,23305,97279,112438,186412,120584,1
17528,61462,80851,78990,98379,142313,0
89737,68317,22891,158054,112628,91208,1
52475,19775,40514,72250,92989,60289,1
61618,21527,18138,83145,79756,39665,0
83537,22611,82954,106148,166491,105565,1
76830,63096,97994,139926,174824,161090,1
94509,97994,17848,192503,112357,115842,1
58746,85294,1785,144040,60531,87079,0
55614,89285,7918,144899,63532,97203,0
44794,18437,20865,63231,65659,39302,0
81180,41744,97278,122924,178458,139022,1
84984,25683,58516,110667,143500,84199,0
50985,25746,26981,76731,77966,52727,1
84062,11556,43999,95618,128061,55555,0
83592,9891,87745,93483,171337,97636,1
60166,48069,92061,108235,152227,140130,1
53761,15430,52596,69191,106357,68026,1
24991,48180,80584,73171,105575,128764,0
30898,4343,89302,35241,120200,93645,0
70195,30920,40,101115,70235,30960,0
280,97238,21246,97518,21526,118484,0
11437,74218,79501,85655,90938,153719,1
95357,37589,90608,132946,185965,128197,1
94715,25184,39944,119899,134659,65128,0
97948,15459,50981,113407,148929,66440,0
18831,64795,54020,83626,72851,118815,1
88522,7341,42157,95863,130679,49498,0
54088,19416,18681,73504,72769,38097,0
77732,45606,99604,123338,177336,145210,1
99674,67044,68923,166718,168597,135967,1
53297,78495,35329,131792,88626,113824,1
3251,99213,99292,102464,102543,198505,1
10319,671,63032,10990,73351,63703,0
91689,38956,41940,130645,133629,80896,0
54154,45705,29325,99859,83479,75030,1
94579,21407,9038,115986,103617,30445,0
86043,43226,26829,129269,112872,70055,0
10551,96451,30131,107002,40682,126582,0
13607,96917,61232,110524,74839,158149,0
46815,41322,75444,88137,122259,116766,1
11479,43864,32965,55343,44444,76829,1
1344,23388,41271,24732,42615,64659,0
77503,27262,20814,104765,98317,48076,0
97923,56560,2165,154483,100088,58725,0
12452,40189,85044,52641,97496,125233,0
4552,45313,53309,49865,57861,98622,0
20159,95669,2028,115828,22187,97697,0
40059,87881,71513,127940,111572,159394,1
99991,34882,79196,134873,179187,114078,1
72658,64066,13128,136724,85786,77194,1
61220,54418,68834,115638,130054,123252,1
68939,44557,44688,113496,113627,89245,1
41893,78848,95455,120741,137348,174303,1
71921,42505,55885,114426,127806,98390,1
33088,40316,54498,73404,87586,94814,1
212,24708,84724,24920,84936,109432,0
67845,4148,41830,71993,109675,45978,0
5290,65935,34046,71225,39336,99981,0
89040,64700,40663,153740,129703,105363,1
37000,91787,2276,128787,39276,94063,0
81998,25283,10703,107281,92701,35986,0
56582,23798,57688,80380,114270,81486,1
32452,14413,4812,46865,37264,19225,0
18205,22438,91252,40643,109457,113690,0
20490,66652,72053,87142,92543,138705,1
6250,86926,43922,93176,50172,130848,0
43904,44229,42881,88133,86785,87110,1
92255,64886,54042,157141,146297,118928,1
74699,55439,30471,130138,105170,85910,1
76441,52830,84267,129271,160708,137097,1
48881,82276,27190,131157,76071,109466,0
82275,43129,75841,125404,158116,118970,1
23475,10596,5554,34071,29029,16150,0
3857,29376,72461,33233,76318,101837,0
11997,26366,69586,38363,81583,95952,0
99435,438,28095,99873,127530,28533,0
98081,95626,32574,193707,130655,128200,1
19794,834,12641,20628,32435,13475,0
62743,40120,21256,102863,83999,61376,0
51290,40221,35438,91511,86728,75659,1
67820,79087,24642,146907,92462,103729,1
42093,58667,22286,100760,64379,80953,1
12579,3059,24696,15638,37275,27755,0
41884,3856,55035,45740,96919,58891,0
91225,33278,42526,124503,133751,75804,0
65541,13425,43845,78966,109386,57270,0
79459,17695,23263,97154,102722,40958,0
4560,537,42476,5097,47036,43013,0
26314,12499,53977,38813,80291,66476,0
8099,86990,27235,95089,35334,114225,0
53548,17386,43976,70934,97524,61362,1
45388,47132,35204,92520,80592,82336,1
57229,82706,43276,139935,100505,125982,1
59081,32671,41260,91752,100341,73931,1
32927,392,55818,33319,88745,56210,0
74324,93464,17527,167788,91851,110991,0
32393,49704,26971,82097,59364,76675,1
48667,94332,41156,142999,89823,135488,0
72173,53843,39535,126016,111708,93378,1
23101,34007,20980,57108,44081,54987,1
80806,30926,64259,111732,145065,95185,1
19118,15422,900,34540,20018,16322,0
72949,12834,27599,85783,100548,40433,0
78869,87897,22493,166766,101362,110390,1
61954,57400,40415,119354,102369,97815,1
74988,98128,71204,173116,146192,169332,1
21146,42551,82438,63697,103584,124989,0
19959,18649,26675,38608,46634,45324,1
54214,8190,76473,62404,130687,84663,0
52877,91536,61922,144413,114799,153458,1
41778,47550,936,89328,42714,48486,0
16325,5820,33071,22145,49396,38891,0
21058,20929,88187,41987,109245,109116,0
46794,69422,27712,116216,74506,97134,1
78329,86605,72360,164934,150689,158965,1
30612,48670,13389,79282,44001,62059,0
40454,2300,81917,42754,122371,84217,0
254,53950,96225,54204,96479,150175,0
90161,14098,3453,104259,93614,17551,0
46509,30684,9119,77193,55628,39803,0
53415,14850,82430,68265,135845,97280,0
57041,83333,24741,140374,81782,108074,0
94310,8022,44649,102332,138959,52671,0
67638,8840,18256,76478,85894,27096,0
18702,59736,92181,78438,110883,151917,0
43043,58831,70515,101874,113558,129346,1
62765,21983,20175,84748,82940,42158,0
47446,78215,73494,125661,120940,151709,1
43442,53374,3411,96816,46853,56785,0
47747,90647,39946,138394,87693,130593,0
49483,1662,51808,51145,101291,53470,0
83520,20681,31287,104201,114807,51968,0
24657,78593,96964,103250,121621,175557,1
18890,90090,99718,108980,118608,189808,1
17192,1692,33662,18884,50854,35354,0
60245,79734,32113,139979,92358,111847,1
9845,65674,66693,75519,76538,132367,1
99906,64422,11380,164328,111286,75802,0
41484,16090,71463,57574,112947,87553,0
90960,68141,89698,159101,180658,157839,1
83686,76556,78764,160242,162450,155320,1
65021,93439,72421,158460,137442,165860,1
48647,34053,89249,82700,137896,123302,0
27029,94985,82712,122014,109741,177697,1
84795,26385,99647,111180,184442,126032,1
49412,159,49422,49571,98834,49581,1
12926,70697,31784,83623,44710,102481,0
5400,94634,36786,100034,42186,131420,0
35488,86393,11961,121881,47449,98354,0
73661,59446,69503,133107,143164,128949,1
58311,10624,84336,68935,142647,94960,0
21218,10619,78380,31837,99598,88999,0
56913,48088,38413,105001,95326,86501,1
44847,8790,76813,53637,121660,85603,0
3208,1797,20361,5005,23569,22158,0
47000,3800,50545,50800,97545,54345,1
91423,61434,97054,152857,188477,158488,1
89205,23096,30127,112301,119332,53223,0
13974,67955,50450,81929,64424,118405,0
74563,80130,15748,154693,90311,95878,1
13714,83608,1009,97322,14723,84617,0
82674,1654,880,84328,83554,2534,0
15378,37524,97581,52902,112959,135105,0
50171,96598,60859,146769,111030,157457,1
68143,20170,82758,88313,150901,102928,1
90932,55539,69094,146471,160026,124633,1
10736,66742,5378,77478,16114,72120,0
32054,5538,49752,37592,81806,55290,0
39484,58563,45457,98047,84941,104020,1
18611,40913,19959,59524,38570,60872,0
44212,39875,98558,84087,142770,138433,0
82339,68713,96920,151052,179259,165633,1
41971,83236,37285,125207,79256,120521,0
357,87131,12492,87488,12849,99623,0
31475,39855,96477,71330,127952,136332,0
441,14133,5388,14574,5829,19521,0
38322,87360,20731,125682,59053,108091,0
48483,7036,32226,55519,80709,39262,0
45354,86135,7684,131489,53038,93819,0
46341,59967,89401,106308,135742,149368,1
34999,63066,35129,98065,70128,98195,1
77376,25237,74219,102613,151595,99456,1
13378,90081,12458,103459,25836,102539,0
35928,79877,39675,115805,75603,119552,0
36507,15552,35335,52059,71842,50887,1
53131,96346,48682,149477,101813,145028,1
24500,68738,90490,93238,114990,159228,1
44278,70135,41650,114413,85928,111785,1
37870,38326,95804,76196,133674,134130,0
53742,13644,14672,67386,68414,28316,0
37278,68893,44573,106171,81851,113466,1
20741,4401,41540,25142,62281,45941,0
2052,86654,23223,88706,25275,109877,0
76985,89754,58964,166739,135949,148718,1
10233,9358,18593,19591,28826,27951,1
66116,9705,63891,75821,130007,73596,1
1197,58691,93908,59888,95105,152599,0
98062,86742,55012,184804,153074,141754,1
67473,37942,70782,105415,138255,108724,1
54786,69871,98032,124657,152818,167903,1
10131,30648,91917,40779,102048,122565,0
39035,974,51335,40009,90370,52309,0
26609,43862,22428,70471,49037,66290,1
39937,6000,10237,45937,50174,16237,0
42676,50229,24106,92905,66782,74335,1
67676,31502,45409,99178,113085,76911,1
27342,60315,61,87657,27403,60376,0
97581,16229,35530,113810,133111,51759,0
2463,26472,22146,28935,24609,48618,0
27566,78975,1945,106541,29511,80920,0
74033,35310,85331,109343,159364,120641,1
62285,10403,42440,72688,104725,52843,0
63011,88262,44693,151273,107704,132955,1
40697,33015,2958,73712,43655,35973,0
28724,28197,86790,56921,115514,114987,0
33722,53484,31404,87206,65126,84888,1
55966,97964,40851,153930,96817,138815,0
27921,96568,43514,124489,71435,140082,0
95552,39399,94187,134951,189739,133586,1
86279,91396,62582,177675,148861,153978,1
26628,83209,25196,109837,51824,108405,0
83468,964,45877,84432,129345,46841,0
77349,84529,34560,161878,111909,119089,1
85158,60149,31203,145307,116361,91352,1
53794,56208,3596,110002,57390,59804,1
27007,4736,98857,31743,125864,103593,0
1395,54303,36212,55698,37607,90515,0
97075,40706,2970,137781,100045,43676,0
57819,32033,97929,89852,155748,129962,0
31215,87568,46608,118783,77823,134176,0
2861,20494,46889,23355,49750,67383,0
66351,32768,37235,99119,103586,70003,1
86863,5371,14375,92234,101238,19746,0
1823,17587,31169,19410,32992,48756,0
26488,61382,77558,87870,104046,138940,1
88772,87099,36514,175871,125286,123613,1
3513,29103,62113,32616,65626,91216,0
36696,35431,29454,72127,66150,64885,1
15043,87878,5968,102921,21011,93846,0
15360,19350,44971,34710,60331,64321,0
1233,76327,68195,77560,69428,144522,0
13022,45701,90896,58723,103918,136597,0
38301,53584,55961,91885,94262,109545,1
1427,66782,90564,68209,91991,157346,0
97648,49330,1081,146978,98729,50411,0
84136,53652,98801,137788,182937,152453,1
89797,6213,89125,96010,178922,95338,1
64318,75582,70345,139900,134663,145927,1
40049,68638,87023,108687,127072,155661,1
61268,39105,33565,100373,94833,72670,1
58606,89542,24705,148148,83311,114247,0
10301,15547,38756,25848,49057,54303,0
87489,70613,1467,158102,88956,72080,0
10602,68173,27957,78775,38559,96130,0
75098,22522,97759,97620,172857,120281,0
11175,79481,81089,90656,92264,160570,1
30981,36085,19770,67066,50751,55855,1
48386,24059,84073,72445,132459,108132,0
37019,1196,51193,38215,88212,52389,0
67245,31656,71891,98901,139136,103547,1
17875,77934,56980,95809,74855,134914,0
10439,40215,96423,50654,106862,136638,0
50545,70919,62280,121464,112825,133199,1
14018,32697,96284,46715,110302,128981,0
29347,73808,44227,103155,73574,118035,0
61147,88502,48996,149649,110143,137498,1
61430,2977,6193,64407,67623,9170,0
55729,65229,16219,120958,71948,81448,1
37805,49421,17658,87226,55463,67079,1
22584,71125,37433,93709,60017,108558,0
2718,47025,54500,49743,57218,101525,0
20208,8920,72713,29128,92921,81633,0
46798,39985,37307,86783,84105,77292,1
33515,44229,9308,77744,42823,53537,0
63198,38176,89707,101374,152905,127883,1
8797,98005,64421,106802,73218,162426,0
5656,91575,68693,97231,74349,160268,0
86772,45655,97164,132427,183936,142819,1
31702,73194,72646,104896,104348,145840,1
64092,27351,88561,91443,152653,115912,1
63011,28440,79483,91451,142494,107923,1
24952,26078,16887,51030,41839,42965,1
33482,27183,19190,60665,52672,46373,1
97890,47304,98081,145194,195971,145385,1
58164,20738,63932,78902,122096,84670,1
31624,29840,86381,61464,118005,116221,0
88083,10850,20297,98933,108380,31147,0
29467,83353,96162,112820,125629,179515,1
6132,45796,89233,51928,95365,135029,0
29141,64183,80629,93324,109770,144812,1
54445,67010,56761,121455,111206,123771,1
61415,69680,5050,131095,66465,74730,0
30034,47739,53211,77773,83245,100950,1
74781,19796,97925,94577,172706,117721,0
35563,14232,77199,49795,112762,91431,0
76062,71719,91833,147781,167895,163552,1
33937,59992,76973,93929,110910,136965,1
9842,80653,66763,90495,76605,147416,0
74423,57973,63013,132396,137436,120986,1
59313,53958,95784,113271,155097,149742,1
76662,11391,8028,88053,84690,19419,0
31473,68271,56714,99744,88187,124985,1
28164,63287,78762,91451,106926,142049,1
83330,10682,84586,94012,167916,95268,1
69834,33697,87126,103531,156960,120823,1
59118,8523,36838,67641,95956,45361,0
6709,42855,75735,49564,82444,118590,0
96284,29623,63007,125907,159291,92630,0
50297,79005,48928,129302,99225,127933,1
4783,66396,25909,71179,30692,92305,0
63961,80964,48709,144925,112670,129673,1
30866,38816,12115,69682,42981,50931,1
60531,97888,42906,158419,103437,140794,1
74362,51669,78792,126031,153154,130461,1
45145,78176,90192,123321,135337,168368,1
83852,6932,26366,90784,110218,33298,0
81933,44549,82592,126482,164525,127141,1
69158,18613,91050,87771,160208,109663,0
94185,74175,56161,168360,150346,130336,1
21599,10463,81696,32062,103295,92159,0
74459,84456,89249,158915,163708,173705,1
38849,39898,17874,78747,56723,57772,1
86144,21918,99611,108062,185755,121529,1
6181,4866,94068,11047,100249,98934,0
77066,76055,49269,153121,126335,125324,1
43363,37134,15152,80497,58515,52286,1
24163,55602,32713,79765,56876,88315,1
71623,69548,57240,141171,128863,126788,1
3902,74455,22444,78357,26346,96899,0
18934,58875,23647,77809,42581,82522,0
97970,49477,36641,147447,134611,86118,0
60743,63507,70557,124250,131300,134064,1
55872,10509,74773,66381,130645,85282,0
62989,23603,74659,86592,137648,98262,1
56016,32788,931,88804,56947,33719,0
16042,34738,51204,50780,67246,85942,0
74345,23661,45706,98006,120051,69367,0
14853,19905,75006,34758,89859,94911,0
97079,82091,37522,179170,134601,119613,1
20886,99658,6701,120544,27587,106359,0
1870,88085,82235,89955,84105,170320,0
70642,69453,87911,140095,158553,157364,1
8217,39565,31459,47782,39676,71024,1
54535,89556,6664,144091,61199,96220,0
50039,60096,33057,110135,83096,93153,1
94567,20939,78971,115506,173538,99910,1
84082,43969,44223,128051,128305,88192,1
71066,92298,58572,163364,129638,150870,1
20946,91029,20579,111975,41525,111608,0
75705,63458,71225,139163,146930,134683,1
4585,13441,44105,18026,48690,57546,0
93547,70439,16721,163986,110268,87160,0
17269,46014,3182,63283,20451,49196,0
97875,53228,38136,151103,136011,91364,0
87157,37538,22230,124695,109387,59768,0
86820,61721,29056,148541,115876,90777,1
10618,22226,66341,32844,76959,88567,0
5540,9555,8140,15095,13680,17695,1
9818,49705,92103,59523,101921,141808,0
65520,40983,63986,106503,129506,104969,1
89384,16887,56806,106271,146190,73693,0
62413,96663,23746,159076,86159,120409,0
43789,8717,87303,52506,131092,96020,0
48973,19517,10307,68490,59280,29824,0
42637,84389,33266,127026,75903,117655,0
6653,84534,87564,91187,94217,172098,1
92554,4367,67584,96921,160138,71951,0
35433,27753,8720,63186,44153,36473,1
98449,2006,66651,100455,165100,68657,0
87275,82606,15475,169881,102750,98081,1
25538,82739,93869,108277,119407,176608,1
33151,46099,82825,79250,115976,128924,0
39017,19982,24262,58999,63279,44244,1
91151,94537,19751,185688,110902,114288,1
58124,20054,46774,78178,104898,66828,1
14054,48679,52973,62733,67027,101652,1
58115,46360,64900,104475,123015,111260,1
52569,2446,42298,55015,94867,44744,0
33656,23728,96421,57384,130077,120149,0
81717,97851,26785,179568,108502,124636,1
49048,89382,96577,138430,145625,185959,1
59921,4636,53629,64557,113550,58265,0
44255,12589,5569,56844,49824,18158,0
56288,81020,34073,137308,90361,115093,1
9817,7349,36947,17166,46764,44296,0
91206,20281,82257,111487,173463,102538,1
74462,71115,58014,145577,132476,129129,1
10807,21861,90634,32668,101441,112495,0
19845,2757,79709,22602,99554,82466,0
83025,97917,53592,180942,136617,151509,1
71104,1822,25104,72926,96208,26926,0
62965,84105,36604,147070,99569,120709,1
56478,33529,3632,90007,60110,37161,0
56656,88094,55392,144750,112048,143486,1
10348,78641,32178,88989,42526,110819,0
886,59656,59643,60542,60529,119299,1
1723,4873,2820,6596,4543,7693,0
76722,83616,29863,160338,106585,113479,1
25400,15112,91460,40512,116860,106572,0
60662,71738,73622,132400,134284,145360,1
86557,19469,14520,106026,101077,33989,0
66385,91479,79544,157864,145929,171023,1
52487,74536,40688,127023,93175,115224,1
83238,22734,73775,105972,157013,96509,1
61185,92976,90129,154161,151314,183105,1
51097,30053,75956,81150,127053,106009,1
74905,43260,37959,118165,112864,81219,1
46636,92876,10753,139512,57389,103629,0
96707,23489,788,120196,97495,24277,0
54233,29754,77723,83987,131956,107477,1
7433,88946,85965,96379,93398,174911,1
91318,81236,97919,172554,189237,179155,1
48851,37228,78884,86079,127735,116112,1
51321,12089,35841,63410,87162,47930,0
78245,61856,54719,140101,132964,116575,1
42786,63439,20307,106225,63093,83746,0
57882,63651,70385,121533,128267,134036,1
42181,97164,43084,139345,85265,140248,0
74403,18689,84402,93092,158805,103091,1
89008,30774,38505,119782,127513,69279,0
98455,49959,86048,148414,184503,136007,1
13318,70533,10344,83851,23662,80877,0
88854,9667,44626,98521,133480,54293,0
11012,5232,81909,16244,92921,87141,0
12365,87489,56578,99854,68943,144067,0
97740,77267,43077,175007,140817,120344,1
64988,33809,1676,98797,66664,35485,0
54009,51890,78107,105899,132116,129997,1
98626,92092,78739,190718,177365,170831,1
59412,14552,82120,73964,141532,96672,0
57488,99447,53440,156935,110928,152887,1
45881,16493,33993,62374,79874,50486,1
59016,18150,22766,77166,81782,40916,0
57196,18843,3392,76039,60588,22235,0
84356,46788,32664,131144,117020,79452,0
32802,42994,72206,75796,105008,115200,1
76615,77418,59588,154033,136203,137006,1
85631,20434,70946,106065,156577,91380,1
29513,84713,41954,114226,71467,126667,0
95648,20550,82355,116198,178003,102905,1
96624,12225,23942,108849,120566,36167,0
40706,13898,75026,54604,115732,88924,0
74038,27509,45237,101547,119275,72746,0
70397,7061,7059,77458,77456,14120,0
74449,80622,69357,155071,143806,149979,1
43752,75391,50949,119143,94701,126340,1
72939,4574,18300,77513,91239,22874,0
95135,65524,71859,160659,166994,137383,1
51863,34433,12648,86296,64511,47081,0
1238,36661,80222,37899,81460,116883,0
55237,54052,59469,109289,114706,113521,1
48974,99300,40965,148274,89939,140265,0
34954,22288,88644,57242,123598,110932,0
79794,20248,76975,100042,156769,97223,1
84824,96936,9738,181760,94562,106674,0
86730,1859,80470,88589,167200,82329,0
12953,67596,89983,80549,102936,157579,0
38013,30215,10198,68228,48211,40413,1
30361,10150,35417,40511,65778,45567,1
82720,19419,46138,102139,128858,65557,0
29099,32099,97380,61198,126479,129479,0
31145,99715,66481,130860,97626,166196,0
57002,29294,67792,86296,124794,97086,1
74312,78617,94539,152929,168851,173156,1
52303,30124,27554,82427,79857,57678,1
82814,23301,44710,106115,127524,68011,0
78327,36175,8756,114502,87083,44931,0
2234,49385,78281,51619,80515,127666,0
43297,50312,84903,93609,128200,135215,1
53172,93454,99843,146626,153015,193297,1
45152,5487,77124,50639,122276,82611,0
43140,80894,6335,124034,49475,87229,0
94759,48648,14574,143407,109333,63222,0
82193,18420,79996,100613,162189,98416,1
86103,14157,85568,100260,171671,99725,1
24908,21236,50879,46144,75787,72115,0
9814,32260,70254,42074,80068,102514,0
81432,97341,56383,178773,137815,153724,1
2920,76243,267,79163,3187,76510,0
87236,55072,65112,142308,152348,120184,1
71344,40370,19918,111714,91262,60288,0
24549,38198,69377,62747,93926,107575,0
74224,82496,5903,156720,80127,88399,0
38507,92763,42084,131270,80591,134847,0
48270,31893,20864,80163,69134,52757,1
68864,7523,85295,76387,154159,92818,0
81614,90548,20413,172162,102027,110961,1
13903,13715,71137,27618,85040,84852,0
17169,35763,8054,52932,25223,43817,0
68761,77364,23555,146125,92316,100919,1
58214,23447,54695,81661,112909,78142,1
54695,62507,37515,117202,92210,100022,1
65002,12993,91449,77995,156451,104442,0
22208,33468,58406,55676,80614,91874,0
23909,20029,20556,43938,44465,40585,1
95020,66511,82731,161531,177751,149242,1
1896,35270,46068,37166,47964,81338,0
44208,85923,84190,130131,128398,170113,1
62901,51022,91187,113923,154088,142209,1
57709,71771,7824,129480,65533,79595,0
6192,55011,65090,61203,71282,120101,0
14323,57787,8731,72110,23054,66518,0
15463,84736,9927,100199,25390,94663,0
49052,28291,22258,77343,71310,50549,1
25449,66538,15810,91987,41259,82348,0
68275,73923,95541,142198,163816,169464,1
58149,9093,32364,67242,90513,41457,0
57648,5547,45945,63195,103593,51492,0
18046,52238,78532,70284,96578,130770,0
90458,21125,71395,111583,161853,92520,1
92498,11129,26003,103627,118501,37132,0
7911,35613,44732,43524,52643,80345,0
89380,57388,45225,146768,134605,102613,1
40824,42702,99745,83526,140569,142447,0
12115,97522,58596,109637,70711,156118,0
31231,41263,60003,72494,91234,101266,1
33485,97776,34850,131261,68335,132626,0
16539,96641,56878,113180,73417,153519,0
48453,70154,62686,118607,111139,132840,1
48225,62806,57147,111031,105372,119953,1
2088,49259,99016,51347,101104,148275,0
99934,36943,53498,136877,153432,90441,0
25134,13456,72925,38590,98059,86381,0
31990,19795,6862,51785,38852,26657,0
42216,256,62058,42472,104274,62314,0
34067,44557,45175,78624,79242,89732,1
76121,87115,81407,163236,157528,168522,1
10865,47186,24589,58051,35454,71775,0
22166,28289,2073,50455,24239,30362,0
88656,22436,31439,111092,120095,53875,0
93756,16021,83020,109777,176776,99041,1
59999,17562,97932,77561,157931,115494,0
38639,1854,56748,40493,95387,58602,0
91861,76550,48481,168411,140342,125031,1
60651,76333,86478,136984,147129,162811,1
94176,39134,97497,133310,191673,136631,1
73940,27123,83648,101063,157588,110771,1
63565,39332,32904,102897,96469,72236,1
19235,49983,26730,69218,45965,76713,0
67326,5091,61754,72417,129080,66845,0
46711,7110,41757,53821,88468,48867,1
35312,24799,3409,60111,38721,28208,0
86535,43662,75442,130197,161977,119104,1
59093,49808,64535,108901,123628,114343,1
4930,20230,77706,25160,82636,97936,0
88202,28277,95306,116479,183508,123583,1
35745,62435,62262,98180,98007,124697,1
34142,73312,64385,107454,98527,137697,1
61927,65130,24015,127057,85942,89145,1
79093,82994,19579,162087,98672,102573,1
58244,76910,88706,135154,146950,165616,1
12368,36342,64149,48710,76517,100491,0
34862,42557,88118,77419,122980,130675,0
16771,60253,68095,77024,84866,128348,1
47161,35859,14724,83020,61885,50583,1
25954,78769,87105,104723,113059,165874,1
22259,11182,85918,33441,108177,97100,0
73936,23984,74442,97920,148378,98426,1
84776,26534,80369,111310,165145,106903,1
4029,29757,8071,33786,12100,37828,0
25671,58420,91190,84091,116861,149610,0
12762,55263,84035,68025,96797,139298,0
12669,38594,87690,51263,100359,126284,0
99399,11277,32648,110676,132047,43925,0
23067,71936,44377,95003,67444,116313,0
76642,62629,73621,139271,150263,136250,1
1509,39238,69709,40747,71218,108947,0
42006,6656,95658,48662,137664,102314,0
53417,74227,673,127644,54090,74900,0
98665,47975,54069,146640,152734,102044,1
29598,99043,86820,128641,116418,185863,1
20156,90331,55365,110487,75521,145696,0
74108,21114,64660,95222,138768,85774,1
2856,1846,99197,4702,102053,101043,0
24441,10717,2940,35158,27381,13657,0
19998,82827,44333,102825,64331,127160,0
21420,62667,62709,84087,84129,125376,1
74867,37012,11754,111879,86621,48766,0
78012,49048,9010,127060,87022,58058,0
61291,4929,82376,66220,143667,87305,0
48142,17585,14582,65727,62724,32167,0
88440,89718,75067,178158,163507,164785,1
95200,56082,81889,151282,177089,137971,1
78498,63383,68446,141881,146944,131829,1
83268,59016,83743,142284,167011,142759,1
13825,14204,42413,28029,56238,56617,0
92667,28543,60716,121210,153383,89259,0
94904,88648,91502,183552,186406,180150,1
41119,86192,20435,127311,61554,106627,0
1210,35537,53448,36747,54658,88985,0
3306,71767,67074,75073,70380,138841,0
75085,224,61619,75309,136704,61843,0
69136,36543,65393,105679,134529,101936,1
62617,31239,62237,93856,124854,93476,1
32593,47045,1195,79638,33788,48240,0
27823,92580,18054,120403,45877,110634,0
60068,93616,67176,153684,127244,160792,1
76747,43268,38665,120015,115412,81933,1
89505,57021,84308,146526,173813,141329,1
64844,99518,61816,164362,126660,161334,1
92086,93475,68563,185561,160649,162038,1
56368,51473,33506,107841,89874,84979,1
56937,22977,16860,79914,73797,39837,0
63565,77874,85788,141439,149353,163662,1
94981,88231,64542,183212,159523,152773,1
87955,35228,64742,123183,152697,99970,1
10180,29600,71270,39780,81450,100870,0
56801,42747,32454,99548,89255,75201,1
85325,14385,95405,99710,180730,109790,1
27921,8663,16627,36584,44548,25290,0
81540,80705,95107,162245,176647,175812,1
6079,8878,63238,14957,69317,72116,0
96184,76049,38007,172233,134191,114056,1
17103,40897,26220,58000,43323,67117,1
91101,40386,43786,131487,134887,84172,0
88754,66144,33674,154898,122428,99818,1
9428,84487,10349,93915,19777,94836,0
82111,32690,48404,114801,130515,81094,0
23205,51949,56919,75154,80124,108868,1
17697,9205,94417,26902,112114,103622,0
9564,74360,94431,83924,103995,168791,0
45245,33306,66443,78551,111688,99749,1
80317,91178,67278,171495,147595,158456,1
97708,86865,78492,184573,176200,165357,1
1791,41955,26913,43746,28704,68868,0
65269,84960,27412,150229,92681,112372,1
21212,99652,29742,120864,50954,129394,0
59056,8399,54839,67455,113895,63238,1
2163,4043,21548,6206,23711,25591,0
20602,45036,73998,65638,94600,119034,0
41618,54011,57167,95629,98785,111178,1
56680,12673,30725,69353,87405,43398,0
17796,2446,38764,20242,56560,41210,0
79721,75548,76863,155269,156584,152411,1
96709,12592,34930,109301,131639,47522,0
62176,27523,16395,89699,78571,43918,0
20726,56431,77718,77157,98444,134149,0
74095,54440,45314,128535,119409,99754,1
78615,29250,31609,107865,110224,60859,0
8623,87834,53955,96457,62578,141789,0
60194,44682,5864,104876,66058,50546,0
42436,78647,15008,121083,57444,93655,0
40902,6821,69578,47723,110480,76399,0
87669,78539,30534,166208,118203,109073,1
4836,70662,67170,75498,72006,137832,1
86475,7528,9639,94003,96114,17167,0
15097,92653,8426,107750,23523,101079,0
84998,1040,77979,86038,162977,79019,0
27743,82673,57043,110416,84786,139716,1
46040,29957,70823,75997,116863,100780,1
62401,82767,87999,145168,150400,170766,1
4046,54968,49696,59014,53742,104664,0
9104,55858,33104,64962,42208,88962,0
55541,164,97150,55705,152691,97314,0
14476,59704,27490,74180,41966,87194,0
15,25983,75785,25998,75800,101768,0
92482,24959,25824,117441,118306,50783,0
5989,35428,36596,41417,42585,72024,1
46885,75050,2330,121935,49215,77380,0
79590,35786,5336,115376,84926,41122,0
77899,14002,70475,91901,148374,84477,1
75641,63744,48875,139385,124516,112619,1
28815,14642,26654,43457,55469,41296,1
79754,22808,61907,102562,141661,84715,1
1380,16893,98711,18273,100091,115604,0
33298,11269,38898,44567,72196,50167,1
6101,87182,28049,93283,34150,115231,0
41222,48465,73496,89687,114718,121961,1
31121,6448,44084,37569,75205,50532,0
84103,22578,5276,106681,89379,27854,0
96589,95024,82155,191613,178744,177179,1
12564,75865,52145,88429,64709,128010,0
66902,52015,74284,118917,141186,126299,1
61182,25802,87218,86984,148400,113020,0
90340,89484,37884,179824,128224,127368,1
24384,20429,24480,44813,48864,44909,1
45725,79747,24868,125472,70593,104615,0
10943,49679,31832,60622,42775,81511,0
5285,35614,90823,40899,96108,126437,0
61079,17901,27892,78980,88971,45793,0
83357,65527,56647,148884,140004,122174,1
94448,86052,44748,180500,139196,130800,1
33830,99760,4867,133590,38697,104627,0
91250,17653,1955,108903,93205,19608,0
43957,43761,90234,87718,134191,133995,0
11575,34485,10168,46060,21743,44653,0
46241,57178,57491,103419,103732,114669,1
52051,21184,24342,73235,76393,45526,0
10893,59877,48631,70770,59524,108508,0
36548,98447,2693,134995,39241,101140,0
88674,52944,53360,141618,142034,106304,1
2531,29044,19146,31575,21677,48190,0
10104,52556,29873,62660,39977,82429,0
36593,4007,55824,40600,92417,59831,0
56678,74212,57062,130890,113740,131274,1
39495,27680,99045,67175,138540,126725,0
92201,23300,65208,115501,157409,88508,0
9001,85532,69667,94533,78668,155199,0
3592,23594,95448,27186,99040,119042,0
29121,86679,57197,115800,86318,143876,0
11884,73082,10933,84966,22817,84015,0
55492,94139,99730,149631,155222,193869,1
37511,43999,64466,81510,101977,108465,1
9786,40890,283,50676,10069,41173,0
8584,64752,44307,73336,52891,109059,0
42456,8912,98120,51368,140576,107032,0
97340,73471,15467,170811,112807,88938,0
46040,51096,34731,97136,80771,85827,1
68516,70032,89349,138548,157865,159381,1
85066,66056,22286,151122,107352,88342,1
18329,9362,54154,27691,72483,63516,0
89084,484,79778,89568,168862,80262,0
25272,57114,98088,82386,123360,155202,0
3027,1335,85347,4362,88374,86682,0
59019,79416,20788,138435,79807,100204,1
98819,61986,64335,160805,163154,126321,1
48851,92713,56517,141564,105368,149230,1
14802,71286,22671,86088,37473,93957,0
74293,41319,56707,115612,131000,98026,1
30772,82572,70462,113344,101234,153034,1
58585,93187,5374,151772,63959,98561,0
37181,1037,6934,38218,44115,7971,0
74283,22683,34053,96966,108336,56736,0
43585,25711,82206,69296,125791,107917,0
97502,4898,81922,102400,179424,86820,0
43770,89655,59537,133425,103307,149192,1
87830,73101,4438,160931,92268,77539,0
99457,22496,88658,121953,188115,111154,1
44507,873,18429,45380,62936,19302,0
79446,28900,96596,108346,176042,125496,1
93964,4479,26438,98443,120402,30917,0
56492,22612,22303,79104,78795,44915,0
73772,62491,23277,136263,97049,85768,1
16122,15814,49626,31936,65748,65440,0
62600,54469,16653,117069,79253,71122,1
6702,76876,7818,83578,14520,84694,0
54753,3455,81290,58208,136043,84745,0
78912,156,54874,79068,133786,55030,0
80645,22765,66014,103410,146659,88779,1
68568,82786,27764,151354,96332,110550,1
96500,43364,55648,139864,152148,99012,1
32539,45340,60170,77879,92709,105510,1
84168,30105,64043,114273,148211,94148,1
19163,12161,10763,31324,29926,22924,1
68998,71503,45375,140501,114373,116878,1
8712,85239,34902,93951,43614,120141,0
9594,40108,52599,49702,62193,92707,0
24806,63719,16905,88525,41711,80624,0
5350,94105,36728,99455,42078,130833,0
72912,23511,32804,96423,105716,56315,0
9421,39290,48924,48711,58345,88214,0
43511,62972,23601,106483,67112,86573,1
72832,90740,39764,163572,112596,130504,1
74764,78730,85814,153494,160578,164544,1
30675,8269,93266,38944,123941,101535,0
19290,66921,56598,86211,75888,123519,1
52333,45312,61867,97645,114200,107179,1
57355,38547,31171,95902,88526,69718,1
85794,50239,68565,136033,154359,118804,1
44198,64197,81391,108395,125589,145588,1
36161,38814,69182,74975,105343,107996,1
62999,82229,39415,145228,102414,121644,1
77092,35616,33496,112708,110588,69112,0
72795,82812,54912,155607,127707,137724,1
67012,88466,69939,155478,136951,158405,1
38066,10420,15642,48486,53708,26062,0
32881,28568,89233,61449,122114,117801,0
95457,34030,11275,129487,106732,45305,0
54878,37561,88640,92439,143518,126201,1
64286,39913,1704,104199,65990,41617,0
84577,91074,80321,175651,164898,171395,1
2787,80179,7033,82966,9820,87212,0
72875,91700,1557,164575,74432,93257,0
27415,66368,23226,93783,50641,89594,0
38711,49822,49763,88533,88474,99585,1
78519,13321,99932,91840,178451,113253,0
62551,52398,16692,114949,79243,69090,1
75173,23786,59623,98959,134796,83409,1
28125,14194,46529,42319,74654,60723,0
52201,20535,50392,72736,102593,70927,1
85750,26327,44726,112077,130476,71053,0
25122,39786,20072,64908,45194,59858,1
75113,47810,93304,122923,168417,141114,1
51106,79675,50957,130781,102063,130632,1
20535,91247,71469,111782,92004,162716,1
46247,17425,89830,63672,136077,107255,0
50540,45808,84369,96348,134909,130177,1
34369,3173,583,37542,34952,3756,0
20804,48995,51006,69799,71810,100001,1
70346,1608,5390,71954,75736,6998,0
64456,30096,36175,94552,100631,66271,1
56395,88347,92542,144742,148937,180889,1
40874,68974,39945,109848,80819,108919,1
44038,2728,66344,46766,110382,69072,0
29128,94813,4474,123941,33602,99287,0
70746,87885,28059,158631,98805,115944,1
65858,77333,17686,143191,83544,95019,1
24533,63447,63183,87980,87716,126630,1
2154,18889,41105,21043,43259,59994,0
65196,45093,37660,110289,102856,82753,1
96974,93855,74398,190829,171372,168253,1
60122,50413,44461,110535,104583,94874,1
41557,18440,34469,59997,76026,52909,1
24980,90169,28590,115149,53570,118759,0
77071,56105,41955,133176,119026,98060,1
12965,92090,98679,105055,111644,190769,1
36080,16900,52598,52980,88678,69498,1
71805,32406,43847,104211,115652,76253,1
45998,72616,40129,118614,86127,112745,1
76858,38511,39294,115369,116152,77805,1
78205,86791,92750,164996,170955,179541,1
74836,97517,75016,172353,149852,172533,1
50603,53940,46380,104543,96983,100320,1
55678,49774,65979,105452,121657,115753,1
63443,22542,57914,85985,121357,80456,1
62688,56835,67550,119523,130238,124385,1
91754,70953,82751,162707,174505,153704,1
35515,31506,34101,67021,69616,65607,1
15278,46091,16639,61369,31917,62730,0
13171,89490,17635,102661,30806,107125,0
27755,5670,93857,33425,121612,99527,0
25054,79173,11270,104227,36324,90443,0
93911,46578,87670,140489,181581,134248,1
24224,50947,40629,75171,64853,91576,1
77648,58844,30631,136492,108279,89475,1
26225,11239,55826,37464,82051,67065,0
71266,98942,41577,170208,112843,140519,1
15984,30243,32383,46227,48367,62626,1
14211,59915,53693,74126,67904,113608,1
32785,53992,74890,86777,107675,128882,1
25476,40621,41793,66097,67269,82414,1
65191,27842,32957,93033,98148,60799,0
66543,58558,34469,125101,101012,93027,1
49940,57069,339,107009,50279,57408,0
41438,13689,59322,55127,100760,73011,0
49502,75089,38272,124591,87774,113361,1
721,10470,3309,11191,4030,13779,0
37376,11892,39282,49268,76658,51174,1
14716,2060,29772,16776,44488,31832,0
84477,5517,38796,89994,123273,44313,0
42819,35722,29029,78541,71848,64751,1
78296,29893,81277,108189,159573,111170,1
11361,27430,63357,38791,74718,90787,0
134,83817,1188,83951,1322,85005,0
30367,66393,22340,96760,52707,88733,0
55197,76984,45326,132181,100523,122310,1
20709,90614,49410,111323,70119,140024,0
9165,61058,26792,70223,35957,87850,0
27927,64322,53305,92249,81232,117627,1
60849,80333,15791,141182,76640,96124,0
96373,97911,48425,194284,144798,146336,1
72292,42240,47091,114532,119383,89331,1
24168,60434,2185,84602,26353,62619,0
13797,10405,31778,24202,45575,42183,0
60715,17551,22453,78266,83168,40004,0
53962,54272,33129,108234,87091,87401,1
93568,34128,90994,127696,184562,125122,1
83234,12559,17687,95793,100921,30246,0
9864,250,82283,10114,92147,82533,0
92306,12492,17924,104798,110230,30416,0
42167,80930,82683,123097,124850,163613,1
15929,55868,29109,71797,45038,84977,0
84637,59922,7394,144559,92031,67316,0
19104,43804,96856,62908,115960,140660,0
63027,3364,58234,66391,121261,61598,0
93882,4601,37193,98483,131075,41794,0
97539,36869,46664,134408,144203,83533,0
80138,88136,87770,168274,167908,175906,1
20505,82455,79126,102960,99631,161581,1
84539,85599,80490,170138,165029,166089,1
82984,46465,51968,129449,134952,98433,1
61913,83276,53207,145189,115120,136483,1
89734,93094,30683,182828,120417,123777,1
20321,15213,17301,35534,37622,32514,1
52985,15792,35849,68777,88834,51641,0
46212,19909,95782,66121,141994,115691,0
1026,90050,88553,91076,89579,178603,0
12877,80684,73223,93561,86100,153907,1
1948,98273,64033,100221,65981,162306,0
47188,2881,67548,50069,114736,70429,0
55698,65245,59238,120943,114936,124483,1
27080,17481,32290,44561,59370,49771,1
16234,85771,71887,102005,88121,157658,1
23834,77032,87421,100866,111255,164453,1
53154,68266,1445,121420,54599,69711,0
5003,87932,5103,92935,10106,93035,0
71500,70125,72196,141625,143696,142321,1
22016,89618,48377,111634,70393,137995,0
35742,85073,20535,120815,56277,105608,0
6370,58779,20061,65149,26431,78840,0
3982,3729,60947,7711,64929,64676,0
74169,36459,3816,110628,77985,40275,0
59861,32933,15457,92794,75318,48390,0
88465,90233,68726,178698,157191,158959,1
57596,35137,87556,92733,145152,122693,1
89391,25387,57642,114778,147033,83029,0
85301,48119,62057,133420,147358,110176,1
29207,14297,35937,43504,65144,50234,1
38859,97458,89115,136317,127974,186573,1
66885,29758,3042,96643,69927,32800,0
27382,63930,4669,91312,32051,68599,0
95289,80044,16989,175333,112278,97033,1
61232,90489,68516,151721,129748,159005,1
59513,82505,49127,142018,108640,131632,1
4602,47119,67154,51721,71756,114273,0
55615,89439,73933,145054,129548,163372,1
41664,6116,93835,47780,135499,99951,0
77938,84489,58948,162427,136886,143437,1
34722,73052,71309,107774,106031,144361,1
65202,87514,19860,152716,85062,107374,0
4250,86816,48717,91066,52967,135533,0
41989,51765,81449,93754,123438,133214,1
35741,42873,71374,78614,107115,114247,1
93538,90334,57484,183872,151022,147818,1
87801,51592,85158,139393,172959,136750,1
97716,91350,27879,189066,125595,119229,1
26724,89373,74108,116097,100832,163481,1
17849,71194,22550,89043,40399,93744,0
23962,5033,13243,28995,37205,18276,0
90435,69812,55466,160247,145901,125278,1
55480,66456,30503,121936,85983,96959,1
80718,5573,47587,86291,128305,53160,0
8719,55137,47303,63856,56022,102440,1
7456,26643,99620,34099,107076,126263,0
12740,63009,24273,75749,37013,87282,0
21769,57741,77396,79510,99165,135137,1
66210,38545,72697,104755,138907,111242,1
13237,6950,95979,20187,109216,102929,0
22412,45933,33999,68345,56411,79932,1
8150,25442,65122,33592,73272,90564,0
497,75574,77423,76071,77920,152997,0
38166,8440,48972,46606,87138,57412,0
58235,97829,74333,156064,132568,172162,1
1462,15128,15321,16590,16783,30449,1
42869,74922,77993,117791,120862,152915,1
91400,64552,14444,155952,105844,78996,0
97549,16964,67531,114513,165080,84495,0
22586,57334,49764,79920,72350,107098,1
96108,87574,74630,183682,170738,162204,1
48644,61812,48396,110456,97040,110208,1
3761,1285,73309,5046,77070,74594,0
74249,36252,5004,110501,79253,41256,0
41100,38125,70246,79225,111346,108371,1
11852,45937,21677,57789,33529,67614,0
99374,23320,83454,122694,182828,106774,1
75982,97534,96118,173516,172100,193652,1
80698,68900,14470,149598,95168,83370,1
34424,94952,75857,129376,110281,170809,1
81328,19054,69959,100382,151287,89013,1
95290,75665,51341,170955,146631,127006,1
70526,86680,15169,157206,85695,101849,0
81927,14216,43488,96143,125415,57704,0
8011,59980,18208,67991,26219,78188,0
10644,45684,93578,56328,104222,139262,0
4042,95876,6318,99918,10360,102194,0
69507,25109,29042,94616,98549,54151,0
43403,35793,67772,79196,111175,103565,1
84945,42286,39457,127231,124402,81743,0
53209,33800,6327,87009,59536,40127,0
48511,76004,7080,124515,55591,83084,0
28782,30872,18509,59654,47291,49381,1
75200,91367,39265,166567,114465,130632,1
68444,94052,7715,162496,76159,101767,0
61230,51651,46667,112881,107897,98318,1
43382,58180,12214,101562,55596,70394,0
41682,9123,67053,50805,108735,76176,0
90427,79896,21494,170323,111921,101390,1
30495,73862,12352,104357,42847,86214,0
77600,18060,7621,95660,85221,25681,0
7576,25745,27204,33321,34780,52949,1
38913,32648,2501,71561,41414,35149,0
24992,57255,83395,82247,108387,140650,0
85283,3548,62686,88831,147969,66234,0
35796,51845,21940,87641,57736,73785,1
43959,68768,76531,112727,120490,145299,1
8837,94898,58652,103735,67489,153550,0
19552,13358,3259,32910,22811,16617,0
4920,96073,73452,100993,78372,169525,0
91510,8142,73696,99652,165206,81838,0
16181,82757,88839,98938,105020,171596,1
25397,41706,86053,67103,111450,127759,0
68253,94300,21396,162553,89649,115696,0
54069,40830,99806,94899,153875,140636,0
68561,5632,47984,74193,116545,53616,0
47682,21992,14925,69674,62607,36917,0
13182,29541,75793,42723,88975,105334,0
41547,4864,43687,46411,85234,48551,1
86601,59542,15843,146143,102444,75385,0
4086,24236,85649,28322,89735,109885,0
1006,9579,74882,10585,75888,84461,0
10404,46153,57190,56557,67594,103343,0
16626,96232,27612,112858,44238,123844,0
30212,20032,76690,50244,106902,96722,0
45580,64252,12842,109832,58422,77094,0
84017,54330,97541,138347,181558,151871,1
5256,95114,23510,100370,28766,118624,0
26074,8848,38980,34922,65054,47828,0
43195,6909,8392,50104,51587,15301,0
51327,53850,61245,105177,112572,115095,1
99858,69385,37601,169243,137459,106986,1
9621,34414,87261,44035,96882,121675,0
49488,7922,28494,57410,77982,36416,0
67921,42457,22164,110378,90085,64621,0
37545,41106,26432,78651,63977,67538,1
10278,77237,34221,87515,44499,111458,0
98456,94007,83872,192463,182328,177879,1
70768,10432,71801,81200,142569,82233,1
64282,82004,23427,146286,87709,105431,1
12758,77112,77836,89870,90594,154948,1
54349,39750,41284,94099,95633,81034,1
71381,72667,33332,144048,104713,105999,1
39704,21425,38441,61129,78145,59866,1
66658,40735,71738,107393,138396,112473,1
4295,99452,75987,103747,80282,175439,0
40455,54483,6074,94938,46529,60557,0
31891,39782,62923,71673,94814,102705,1
68229,24633,60882,92862,129111,85515,1
94189,65334,62913,159523,157102,128247,1
12653,87266,70219,99919,82872,157485,0
46581,86268,52817,132849,99398,139085,1
33380,11103,95704,44483,129084,106807,0
55067,71202,72928,126269,127995,144130,1
20096,2472,91454,22568,111550,93926,0
14435,46335,45241,60770,59676,91576,1
49818,92438,93802,142256,143620,186240,1
60416,5996,3121,66412,63537,9117,0
24534,1018,92152,25552,116686,93170,0
12647,22238,34207,34885,46854,56445,1
49658,56833,77462,106491,127120,134295,1
77099,22537,31388,99636,108487,53925,0
54750,33416,20979,88166,75729,54395,0
17182,80863,86675,98045,103857,167538,1
30431,79793,58267,110224,88698,138060,1
41034,90916,73971,131950,115005,164887,1
27031,11146,2280,38177,29311,13426,0
10877,73674,24414,84551,35291,98088,0
46113,78664,32222,124777,78335,110886,0
35251,5324,93547,40575,128798,98871,0
24347,67016,67410,91363,91757,134426,1
36274,56797,79677,93071,115951,136474,1
66739,12637,56083,79376,122822,68720,1
34350,42778,9503,77128,43853,52281,1
91865,25366,5097,117231,96962,30463,0
98354,96223,80304,194577,178658,176527,1
41431,87495,58005,128926,99436,145500,1
92543,78542,10320,171085,102863,88862,0
79811,37709,46940,117520,126751,84649,1
27265,90250,83165,117515,110430,173415,1
64263,93564,67661,157827,131924,161225,1
85835,15164,54233,100999,140068,69397,0
16063,71263,40695,87326,56758,111958,0
14575,3545,97495,18120,112070,101040,0
10039,38080,74042,48119,84081,112122,0
60456,82019,96276,142475,156732,178295,1
68733,56253,86303,124986,155036,142556,1
99673,26419,40063,126092,139736,66482,0
62829,74860,4062,137689,66891,78922,0
51422,82875,10641,134297,62063,93516,0
85679,13306,55361,98985,141040,68667,0
8001,74746,42733,82747,50734,117479,0
55090,73866,54664,128956,109754,128530,1
77756,73577,44596,151333,122352,118173,1
73138,23031,23742,96169,96880,46773,0
17547,52808,537,70355,18084,53345,0
797,51819,27793,52616,28590,79612,0
56123,28435,25569,84558,81692,54004,0
34700,7079,77941,41779,112641,85020,0
96113,20308,52941,116421,149054,73249,0
41838,20744,88790,62582,130628,109534,0
9910,88213,69557,98123,79467,157770,0
36356,8052,45378,44408,81734,53430,0
73934,2445,70845,76379,144779,73290,0
61299,60107,2678,121406,63977,62785,1
1833,22018,70015,23851,71848,92033,0
22584,40358,55111,62942,77695,95469,1
69590,37156,97183,106746,166773,134339,1
14831,13392,49460,28223,64291,62852,0
19353,39273,92323,58626,111676,131596,0
46392,84624,15246,131016,61638,99870,0
17765,55626,14555,73391,32320,70181,0
30014,67081,96861,97095,126875,163942,1
83297,851,24966,84148,108263,25817,0
31314,91095,33980,122409,65294,125075,0
20038,71799,98449,91837,118487,170248,0
23861,49430,15084,73291,38945,64514,0
50768,92786,77772,143554,128540,170558,1
51843,18396,8839,70239,60682,27235,0
99946,30538,34698,130484,134644,65236,0
91809,42764,65390,134573,157199,108154,1
501,76510,8602,77011,9103,85112,0
34242,60280,66589,94522,100831,126869,1
8958,90814,34399,99772,43357,125213,0
36634,12068,78055,48702,114689,90123,0
23589,9706,13977,33295,37566,23683,1
39608,74696,1509,114304,41117,76205,0
66724,62787,4485,129511,71209,67272,1
35209,55517,10852,90726,46061,66369,0
21766,60889,47623,82655,69389,108512,1
35137,46950,35574,82087,70711,82524,1
77020,58211,36103,135231,113123,94314,1
73778,37297,92360,111075,166138,129657,1
20360,7859,5192,28219,25552,13051,0
85799,15767,25882,101566,111681,41649,0
37020,78886,10786,115906,47806,89672,0
1926,60313,62902,62239,64828,123215,0
43232,8678,82737,51910,125969,91415,0
75270,53551,20992,128821,96262,74543,0
1981,47440,19784,49421,21765,67224,0
29349,54682,61455,84031,90804,116137,1
12802,75089,25844,87891,38646,100933,0
29182,43894,8302,73076,37484,52196,0
93402,47147,10221,140549,103623,57368,0
63602,80264,55963,143866,119565,136227,1
20615,73965,3821,94580,24436,77786,0
42902,11158,66659,54060,109561,77817,0
29153,76984,22786,106137,51939,99770,0
67078,18218,52962,85296,120040,71180,1
53703,28017,73308,81720,127011,101325,1
75282,5429,47780,80711,123062,53209,0
82162,58013,93806,140175,175968,151819,1
75504,48973,18208,124477,93712,67181,0
84100,37529,93936,121629,178036,131465,1
1565,12815,63430,14380,64995,76245,0
95534,79119,63102,174653,158636,142221,1
63129,7805,25892,70934,89021,33697,0
99444,56368,15990,155812,115434,72358,0
29908,94915,78729,124823,108637,173644,1
34989,91376,11040,126365,46029,102416,0
5695,63397,28618,69092,34313,92015,0
16485,18626,85646,35111,102131,104272,0
27003,84255,56591,111258,83594,140846,0
26908,27020,27098,53928,54006,54118,1
84169,82730,84858,166899,169027,167588,1
71349,56746,49450,128095,120799,106196,1
53932,71801,91163,125733,145095,162964,1
80675,55835,15671,136510,96346,71506,0
73954,11,21112,73965,95066,21123,0
169,29358,42256,29527,42425,71614,0
74072,90553,29659,164625,103731,120212,1
34733,30563,34287,65296,69020,64850,1
99254,34069,39943,133323,139197,74012,0
35986,29203,90605,65189,126591,119808,0
44721,78938,19505,123659,64226,98443,0
52436,62460,92022,114896,144458,154482,1
87563,55116,57507,142679,145070,112623,1
73653,6198,1429,79851,75082,7627,0
88382,5636,94417,94018,182799,100053,0
22153,90688,57209,112841,79362,147897,0
18376,42908,27346,61284,45722,70254,1
85148,43194,35215,128342,120363,78409,0
53912,14075,11400,67987,65312,25475,0
52350,1951,79269,54301,131619,81220,0
16072,78640,30201,94712,46273,108841,0
14362,23631,86566,37993,100928,110197,0
72262,96427,52848,168689,125110,149275,1
51487,52279,99957,103766,151444,152236,1
77648,44398,21860,122046,99508,66258,0
46026,87667,27207,133693,73233,114874,0
21943,2365,63657,24308,85600,66022,0
35960,50397,8905,86357,44865,59302,0
32518,98025,14555,130543,47073,112580,0
13361,29355,42495,42716,55856,71850,1
27196,42143,22474,69339,49670,64617,1
47161,47796,98423,94957,145584,146219,0
77486,5149,63316,82635,140802,68465,0
34788,23339,80438,58127,115226,103777,0
4966,4306,2577,9272,7543,6883,1
32922,57344,31237,90266,64159,88581,1
76867,56833,11169,133700,88036,68002,0
98039,90534,1682,188573,99721,92216,0
43359,82959,72596,126318,115955,155555,1
78236,63393,55512,141629,133748,118905,1
27116,67902,32814,95018,59930,100716,0
80838,42101,75205,122939,156043,117306,1
45188,30702,80930,75890,126118,111632,0
16127,4176,48543,20303,64670,52719,0
69429,97191,5166,166620,74595,102357,0
42109,22213,31174,64322,73283,53387,1
23886,24065,45072,47951,68958,69137,1
91560,68158,11469,159718,103029,79627,0
13351,53049,54370,66400,67721,107419,1
77252,35574,52177,112826,129429,87751,1
29551,38753,11547,68304,41098,50300,1
44224,82179,22941,126403,67165,105120,0
5367,16949,57505,22316,62872,74454,0
53627,37157,43044,90784,96671,80201,1
40667,74995,19184,115662,59851,94179,0
22366,51658,64454,74024,86820,116112,1
59927,69623,68273,129550,128200,137896,1
38917,10356,17445,49273,56362,27801,0
91433,1199,93139,92632,184572,94338,0
19186,15838,18517,35024,37703,34355,1
80679,82559,77834,163238,158513,160393,1
36139,20257,66824,56396,102963,87081,0
4804,80297,72538,85101,77342,152835,0
63474,75135,78771,138609,142245,153906,1
73129,3880,62595,77009,135724,66475,0
68611,61322,11746,129933,80357,73068,1
74912,5440,88871,80352,163783,94311,0
19583,87476,7478,107059,27061,94954,0
90239,69445,69579,159684,159818,139024,1
97668,51684,53700,149352,151368,105384,1
16402,28803,66733,45205,83135,95536,0
61072,32298,28499,93370,89571,60797,0
79723,62740,78248,142463,157971,140988,1
85704,5864,92047,91568,177751,97911,0
95831,3994,31727,99825,127558,35721,0
24445,31952,37669,56397,62114,69621,1
41063,42368,24896,83431,65959,67264,1
99191,82558,53022,181749,152213,135580,1
61562,8908,84311,70470,145873,93219,0
95297,18640,50648,113937,145945,69288,0
65994,33179,18234,99173,84228,51413,0
4033,28373,4620,32406,8653,32993,0
65301,47382,89126,112683,154427,136508,1
53789,44189,89349,97978,143138,133538,1
19499,51037,15593,70536,35092,66630,0
85617,38291,19422,123908,105039,57713,0
83528,29104,3699,112632,87227,32803,0
98177,56232,73173,154409,171350,129405,1
63040,80168,27544,143208,90584,107712,1
29647,17359,49825,47006,79472,67184,0
66290,6653,15547,72943,81837,22200,0
88686,23252,32627,111938,121313,55879,0
49762,25280,12035,75042,61797,37315,0
36835,10552,48189,47387,85024,58741,0
1154,1392,80619,2546,81773,82011,0
97487,53192,67988,150679,165475,121180,1
28786,89097,38915,117883,67701,128012,0
16641,7689,49346,24330,65987,57035,0
80164,53726,10748,133890,90912,64474,0
73755,41266,94698,115021,168453,135964,1
55896,19252,35999,75148,91895,55251,0
66550,61173,78291,127723,144841,139464,1
80032,50264,67093,130296,147125,117357,1
73373,39879,96799,113252,170172,136678,1
28716,34580,36375,63296,65091,70955,1
36455,88130,35709,124585,72164,123839,0
67294,29500,49696,96794,116990,79196,1
56268,46492,78609,102760,134877,125101,1
55168,74017,43630,129185,98798,117647,1
30171,17251,97393,47422,127564,114644,0
77657,9557,77039,87214,154696,86596,1
16357,36588,56755,52945,73112,93343,0
69185,31577,86792,100762,155977,118369,1
65357,72890,91742,138247,157099,164632,1
37126,7831,95308,44957,132434,103139,0
9622,98480,6547,108102,16169,105027,0
64795,6433,40831,71228,105626,47264,0
18395,75374,16240,93769,34635,91614,0
61788,46878,20098,108666,81886,66976,1
82248,62099,37025,144347,119273,99124,1
32874,8902,55065,41776,87939,63967,0
55638,32928,26132,88566,81770,59060,1
34519,39689,36821,74208,71340,76510,1
82757,66275,60074,149032,142831,126349,1
69589,8946,67171,78535,136760,76117,1
43150,62248,22987,105398,66137,85235,1
79504,60302,23280,139806,102784,83582,1
78097,54134,42238,132231,120335,96372,1
32931,14701,70527,47632,103458,85228,0
77014,50423,94388,127437,171402,144811,1
2680,7401,60549,10081,63229,67950,0
89946,96994,91302,186940,181248,188296,1
90050,16089,29312,106139,119362,45401,0
22450,53797,99861,76247,122311,153658,0
97783,43250,37122,141033,134905,80372,0
85361,49810,20403,135171,105764,70213,0
9284,25155,54870,34439,64154,80025,0
60734,92794,68449,153528,129183,161243,1
43694,44727,84505,88421,128199,129232,1
80695,51229,34291,131924,114986,85520,1
34929,29590,31544,64519,66473,61134,1
57334,42233,73517,99567,130851,115750,1
69013,8550,45872,77563,114885,54422,0
47942,82257,61144,130199,109086,143401,1
87021,93352,76631,180373,163652,169983,1
78759,59549,74595,138308,153354,134144,1
24532,26977,53958,51509,78490,80935,0
61239,96408,56574,157647,117813,152982,1
19651,79799,74781,99450,94432,154580,1
64764,64539,58194,129303,122958,122733,1
32125,50775,38255,82900,70380,89030,1
12903,13688,70920,26591,83823,84608,0
5220,85441,37693,90661,42913,123134,0
61848,92661,80601,154509,142449,173262,1
30469,29608,20004,60077,50473,49612,1
79116,20026,15013,99142,94129,35039,0
69489,68762,42861,138251,112350,111623,1
47357,53578,32021,100935,79378,85599,1
93901,88719,24596,182620,118497,113315,1
79427,27481,57294,106908,136721,84775,1
32288,1257,5782,33545,38070,7039,0
71635,12452,80152,84087,151787,92604,1
59197,12903,64822,72100,124019,77725,1
98967,34196,18260,133163,117227,52456,0
80670,31652,15011,112322,95681,46663,0
66714,98045,29937,164759,96651,127982,0
43728,71666,72877,115394,116605,144543,1
80248,94216,65226,174464,145474,159442,1
81923,92294,25659,174217,107582,117953,1
73059,46263,81465,119322,154524,127728,1
84804,91254,94893,176058,179697,186147,1
48553,62939,43959,111492,92512,106898,1
82734,25385,31773,108119,114507,57158,0
86271,40639,65950,126910,152221,106589,1
67427,86237,69699,153664,137126,155936,1
91419,83755,98088,175174,189507,181843,1
15835,23908,12527,39743,28362,36435,1
46842,73542,57117,120384,103959,130659,1
90826,22782,35143,113608,125969,57925,0
3096,19458,18921,22554,22017,38379,1
74189,70412,74867,144601,149056,145279,1
37085,70781,43881,107866,80966,114662,1
56597,95534,13219,152131,69816,108753,0
89825,57959,34424,147784,124249,92383,1
80978,25536,41716,106514,122694,67252,0
59879,78130,95008,138009,154887,173138,1
64007,86111,23340,150118,87347,109451,1
1264,76739,21202,78003,22466,97941,0
40084,70142,80308,110226,120392,150450,1
6135,51081,72629,57216,78764,123710,0
44205,18556,99635,62761,143840,118191,0
87704,54312,67813,142016,155517,122125,1
87870,2183,47729,90053,135599,49912,0
34427,34283,81837,68710,116264,116120,0
74973,42545,97143,117518,172116,139688,1
41044,58513,56244,99557,97288,114757,1
17981,90534,90618,108515,108599,181152,1
58489,61086,8111,119575,66600,69197,1
8560,2095,95145,10655,103705,97240,0
74522,58234,88636,132756,163158,146870,1
55615,65624,6942,121239,62557,72566,0
17379,90673,20584,108052,37963,111257,0
38517,84613,29678,123130,68195,114291,0
3671,18726,93629,22397,97300,112355,0
92895,41582,89899,134477,182794,131481,1
37491,99144,2894,136635,40385,102038,0
46565,60039,93495,106604,140060,153534,1
88326,98882,56972,187208,145298,155854,1
78236,50785,57363,129021,135599,108148,1
9189,41002,38650,50191,47839,79652,1
58165,71947,5517,130112,63682,77464,0
41863,148,63065,42011,104928,63213,0
78429,87433,99995,165862,178424,187428,1
79489,58584,38824,138073,118313,97408,1
7213,185,23050,7398,30263,23235,0
51997,22283,58334,74280,110331,80617,1
69149,95067,71833,164216,140982,166900,1
97994,72982,71856,170976,169850,144838,1
44063,8774,34681,52837,78744,43455,0
35367,61923,61199,97290,96566,123122,1
32053,16647,9674,48700,41727,26321,0
48343,90964,39734,139307,88077,130698,0
62927,67503,19154,130430,82081,86657,1
18402,16061,49463,34463,67865,65524,0
87486,78434,71193,165920,158679,149627,1
96377,9799,41311,106176,137688,51110,0
38681,29029,21569,67710,60250,50598,1
84750,81658,50590,166408,135340,132248,1
31904,35354,97382,67258,129286,132736,0
42317,80399,5959,122716,48276,86358,0
53170,28525,23179,81695,76349,51704,0
21931,58080,95087,80011,117018,153167,0
22232,50972,20055,73204,42287,71027,0
46803,5029,98800,51832,145603,103829,0
83108,15909,96250,99017,179358,112159,1
94271,67031,62639,161302,156910,129670,1
89964,67889,87364,157853,177328,155253,1
68551,34751,3425,103302,71976,38176,0
76243,5891,27726,82134,103969,33617,0
39343,67622,19243,106965,58586,86865,0
60303,67080,54655,127383,114958,121735,1
33284,62712,58548,95996,91832,121260,1
37770,14193,49165,51963,86935,63358,1
57918,42113,10735,100031,68653,52848,0
63821,16166,64083,79987,127904,80249,1
64844,57497,83164,122341,148008,140661,1
83289,12732,64494,96021,147783,77226,0
97002,1856,54260,98858,151262,56116,0
68372,52821,10107,121193,78479,62928,0
45231,21004,57191,66235,102422,78195,1
77130,19816,67566,96946,144696,87382,1
78041,8289,48868,86330,126909,57157,0
70047,23596,27628,93643,97675,51224,0
36265,64129,31306,100394,67571,95435,1
50039,23039,97800,73078,147839,120839,0
39199,25875,43286,65074,82485,69161,1
84213,13146,51052,97359,135265,64198,0
14622,75675,21980,90297,36602,97655,0
8282,17317,10159,25599,18441,27476,1
68901,26381,5844,95282,74745,32225,0
69153,83462,50017,152615,119170,133479,1
90624,30117,27066,120741,117690,57183,0
73963,90103,26572,164066,100535,116675,1
36132,52333,61946,88465,98078,114279,1
77350,17833,17282,95183,94632,35115,0
47001,46556,1717,93557,48718,48273,1
65350,47372,49837,112722,115187,97209,1
30818,7980,51360,38798,82178,59340,0
84696,42615,85662,127311,170358,128277,1
50156,14404,43226,64560,93382,57630,1
30743,79386,9058,110129,39801,88444,0
75568,59169,82658,134737,158226,141827,1
389,59467,96168,59856,96557,155635,0
59922,56769,93901,116691,153823,150670,1
54716,15676,76170,70392,130886,91846,0
68268,12113,93356,80381,161624,105469,0
82788,66911,54607,149699,137395,121518,1
25346,94833,97861,120179,123207,192694,1
15693,33623,57655,49316,73348,91278,0
87567,56611,17858,144178,105425,74469,0
82582,81871,18168,164453,100750,100039,1
99970,95839,42539,195809,142509,138378,1
86925,22251,55661,109176,142586,77912,0
41448,5407,84087,46855,125535,89494,0
62599,8221,21223,70820,83822,29444,0
23187,73749,20510,96936,43697,94259,0
89599,39777,25475,129376,115074,65252,0
17065,80651,70008,97716,87073,150659,1
41007,93767,74279,134774,115286,168046,1
89967,95980,23660,185947,113627,119640,1
66990,11312,35789,78302,102779,47101,0
87902,84217,83767,172119,171669,167984,1
71013,3192,99275,74205,170288,102467,0
73622,49015,91192,122637,164814,140207,1
11218,48805,77577,60023,88795,126382,0
5897,41091,319,46988,6216,41410,0
83186,87337,34003,170523,117189,121340,1
82229,21402,66831,103631,149060,88233,1
19284,28293,64125,47577,83409,92418,0
91179,50089,37292,141268,128471,87381,0
1357,40883,89298,42240,90655,130181,0
63498,88539,97061,152037,160559,185600,1
3486,80794,63882,84280,67368,144676,0
15325,43279,45872,58604,61197,89151,1
94949,1533,47994,96482,142943,49527,0
92390,24748,5049,117138,97439,29797,0
77623,80244,75180,157867,152803,155424,1
69441,71108,36905,140549,106346,108013,1
27257,3627,21832,30884,49089,25459,0
64628,97072,81977,161700,146605,179049,1
70264,34927,81052,105191,151316,115979,1
77136,85889,13339,163025,90475,99228,1
7322,4921,68365,12243,75687,73286,0
10655,22343,81383,32998,92038,103726,0
38715,81285,21947,120000,60662,103232,0
11893,39398,77682,51291,89575,117080,0
4631,43986,67207,48617,71838,111193,0
58226,464,45883,58690,104109,46347,0
60917,57076,22615,117993,83532,79691,1
29015,13382,49799,42397,78814,63181,0
7400,91189,31490,98589,38890,122679,0
94282,32383,92579,126665,186861,124962,1
88541,55664,23443,144205,111984,79107,0
76710,28779,28149,105489,104859,56928,0
44531,27475,55518,72006,100049,82993,1
83254,24975,76299,108229,159553,101274,1
82185,49453,22372,131638,104557,71825,0
17724,77679,818,95403,18542,78497,0
92735,63173,25516,155908,118251,88689,0
64939,66038,82951,130977,147890,148989,1
8288,82615,9840,90903,18128,92455,0
95703,53882,67204,149585,162907,121086,1
16133,70700,12209,86833,28342,82909,0
98357,24427,38335,122784,136692,62762,0
24193,38618,22547,62811,46740,61165,1
90519,30022,69200,120541,159719,99222,1
8521,67893,94238,76414,102759,162131,0
47136,33326,19087,80462,66223,52413,1
47450,6220,90860,53670,138310,97080,0
28927,94103,90002,123030,118929,184105,1
16649,10435,85072,27084,101721,95507,0
20150,59203,68747,79353,88897,127950,1
91261,58247,97362,149508,188623,155609,1
97123,7923,20049,105046,117172,27972,0
94814,75962,90474,170776,185288,166436,1
23746,86009,34390,109755,58136,120399,0
81223,61243,80959,142466,162182,142202,1
69235,7536,81237,76771,150472,88773,0
49199,35619,17103,84818,66302,52722,1
52174,58077,63555,110251,115729,121632,1
83756,73808,68918,157564,152674,142726,1
23949,22934,52096,46883,76045,75030,0
79408,82943,41397,162351,120805,124340,1
45917,12563,34922,58480,80839,47485,1
19284,74980,18698,94264,37982,93678,0
59765,69761,11330,129526,71095,81091,1
56274,19866,92397,76140,148671,112263,0
69443,41722,20717,111165,90160,62439,0
39709,12246,37744,51955,77453,49990,1
43702,54255,20733,97957,64435,74988,1
98949,56204,71829,155153,170778,128033,1
15329,81732,4349,97061,19678,86081,0
29036,43056,12416,72092,41452,55472,0
34634,29367,63647,64001,98281,93014,1
71303,13024,40057,84327,111360,53081,0
36680,9869,54367,46549,91047,64236,0
37107,95068,70824,132175,107931,165892,1
80539,32178,42832,112717,123371,75010,0
6602,57560,7800,64162,14402,65360,0
86103,9169,192,95272,86295,9361,0
66627,53850,97897,120477,164524,151747,1
71369,80636,4084,152005,75453,84720,0
50482,47773,65793,98255,116275,113566,1
10054,37451,64432,47505,74486,101883,0
88428,89601,27601,178029,116029,117202,1
57415,19056,72130,76471,129545,91186,1
19484,2700,94277,22184,113761,96977,0
36416,83757,58555,120173,94971,142312,1
30128,29545,15798,59673,45926,45343,1
88388,20397,96518,108785,184906,116915,1
57732,78833,94371,136565,152103,173204,1
3016,10618,28725,13634,31741,39343,0
68557,15526,75503,84083,144060,91029,1
63314,93037,79031,156351,142345,172068,1
89730,22270,78465,112000,168195,100735,1
94484,5860,96734,100344,191218,102594,1
69310,70677,82484,139987,151794,153161,1
94990,57740,52936,152730,147926,110676,1
66470,405,45640,66875,112110,46045,0
75208,48048,222,123256,75430,48270,0
85103,94247,5510,179350,90613,99757,0
57166,42032,17023,99198,74189,59055,1
5262,52085,67165,57347,72427,119250,0
25043,94351,39564,119394,64607,133915,0
45126,74222,88897,119348,134023,163119,1
82938,70309,37732,153247,120670,108041,1
66960,29233,65618,96193,132578,94851,1
23332,63726,46380,87058,69712,110106,1
65184,92489,88881,157673,154065,181370,1
82346,48617,40816,130963,123162,89433,1
31868,20019,45677,51887,77545,65696,1
89541,14740,83809,104281,173350,98549,1
3967,27694,13533,31661,17500,41227,0
48976,53254,5666,102230,54642,58920,1
48770,91447,48052,140217,96822,139499,1
49100,87615,40793,136715,89893,128408,1
19681,89374,52286,109055,71967,141660,0
71315,45626,99820,116941,171135,145446,1
5501,10006,46505,15507,52006,56511,0
26777,45337,19974,72114,46751,65311,1
70338,80376,35354,150714,105692,115730,1
12582,55274,82259,67856,94841,137533,0
11720,99576,33282,111296,45002,132858,0
49914,70256,87550,120170,137464,157806,1
18855,67957,36148,86812,55003,104105,0
8609,3166,60672,11775,69281,63838,0
62927,39494,49907,102421,112834,89401,1
56091,17800,20233,73891,76324,38033,0
45580,56659,53810,102239,99390,110469,1
85626,55739,65466,141365,151092,121205,1
98525,99666,87123,198191,185648,186789,1
11933,85791,73892,97724,85825,159683,1
86167,55608,39301,141775,125468,94909,1
60288,18640,56575,78928,116863,75215,1
41119,74090,88797,115209,129916,162887,1
15527,85455,3620,100982,19147,89075,0
38885,96221,78043,135106,116928,174264,1
28665,2950,44305,31615,72970,47255,0
87828,3506,807,91334,88635,4313,0
64212,12712,27048,76924,91260,39760,0
84435,66481,82139,150916,166574,148620,1
42853,68044,33740,110897,76593,101784,1
83468,62328,96216,145796,179684,158544,1
51741,48136,13843,99877,65584,61979,1
83376,51134,46637,134510,130013,97771,1
32859,5416,5760,38275,38619,11176,0
43947,92672,58188,136619,102135,150860,1
97591,75812,93753,173403,191344,169565,1
2317,73698,80523,76015,82840,154221,0
35671,85300,55540,120971,91211,140840,1
48631,50497,60397,99128,109028,110894,1
94367,74296,43357,168663,137724,117653,1
69085,99553,51128,168638,120213,150681,1
52461,1895,62596,54356,115057,64491,0
7609,9370,5154,16979,12763,14524,1
69329,96927,98142,166256,167471,195069,1
99017,98571,62185,197588,161202,160756,1
58895,44370,26898,103265,85793,71268,1
86735,84027,82852,170762,169587,166879,1
48043,46711,94470,94754,142513,141181,1
20333,62421,37988,82754,58321,100409,0
47896,88617,74786,136513,122682,163403,1
4909,70896,54042,75805,58951,124938,0
54910,6488,65362,61398,120272,71850,0
20889,75596,68529,96485,89418,144125,1
71213,14643,17827,85856,89040,32470,0
51009,57275,41341,108284,92350,98616,1
18876,96803,66054,115679,84930,162857,0
83871,40474,73754,124345,157625,114228,1
92717,18178,71246,110895,163963,89424,0
45925,47921,33572,93846,79497,81493,1
62781,88637,63451,151418,126232,152088,1
26008,24771,38246,50779,64254,63017,1
84802,85129,12120,169931,96922,97249,1
48552,83645,10140,132197,58692,93785,0
4114,29478,7881,33592,11995,37359,0
62012,46758,60943,108770,122955,107701,1
81605,96055,41574,177660,123179,137629,1
87500,2251,30384,89751,117884,32635,0
89520,35654,3335,125174,92855,38989,0
13664,5147,17019,18811,30683,22166,1
6139,9701,79794,15840,85933,89495,0
89685,23164,81692,112849,171377,104856,1
50431,3722,47264,54153,97695,50986,1
50418,84954,22870,135372,73288,107824,0
48342,95474,55942,143816,104284,151416,1
12091,5918,88245,18009,100336,94163,0
33744,93835,13541,127579,47285,107376,0
75591,53800,64802,129391,140393,118602,1
9841,85227,27706,95068,37547,112933,0
78964,23094,77943,102058,156907,101037,1
28700,56970,78267,85670,106967,135237,1
24610,31617,11510,56227,36120,43127,1
6660,92498,56080,99158,62740,148578,0
15811,95390,7213,111201,23024,102603,0
13225,13212,695,26437,13920,13907,1
22939,60179,76378,83118,99317,136557,1
58070,20586,80628,78656,138698,101214,0
13473,93293,88161,106766,101634,181454,1
73569,71465,44505,145034,118074,115970,1
26468,59096,95208,85564,121676,154304,0
74045,77635,3489,151680,77534,81124,0
91382,44606,88894,135988,180276,133500,1
35775,2034,79538,37809,115313,81572,0
95601,68779,13743,164380,109344,82522,0
50818,97266,27488,148084,78306,124754,0
11151,77130,38933,88281,50084,116063,0
72302,51137,21787,123439,94089,72924,1
56768,75496,84469,132264,141237,159965,1
25501,46595,72469,72096,97970,119064,0
8403,27184,39760,35587,48163,66944,0
14679,15616,55895,30295,70574,71511,0
7681,40785,82068,48466,89749,122853,0
7177,92600,31689,99777,38866,124289,0
201,60387,36780,60588,36981,97167,0
73751,65978,49747,139729,123498,115725,1
99480,46466,66528,145946,166008,112994,1
75029,34954,18559,109983,93588,53513,0
22178,13123,52696,35301,74874,65819,0
94062,47728,6273,141790,100335,54001,0
55186,10935,28193,66121,83379,39128,0
33370,224,86971,33594,120341,87195,0
73570,6370,84322,79940,157892,90692,0
82676,26732,67102,109408,149778,93834,1
47746,18022,38124,65768,85870,56146,1
53200,38342,63332,91542,116532,101674,1
47138,72080,37104,119218,84242,109184,1
58644,17759,22252,76403,80896,40011,0
29006,70450,54876,99456,83882,125326,1
30553,90682,82990,121235,113543,173672,1
13950,903,92375,14853,106325,93278,0
4420,749,65506,5169,69926,66255,0
42303,98843,33482,141146,75785,132325,0
1196,35051,20789,36247,21985,55840,0
43403,27522,63854,70925,107257,91376,1
93924,93590,82839,187514,176763,176429,1
22543,97016,36076,119559,58619,133092,0
62977,86266,88812,149243,151789,175078,1
24541,82508,10807,107049,35348,93315,0
75295,36365,13544,111660,88839,49909,0
78920,74766,83867,153686,162787,158633,1
63133,67177,36986,130310,100119,104163,1
9534,81267,68385,90801,77919,149652,0
80976,6652,99513,87628,180489,106165,0
57497,91601,41666,149098,99163,133267,1
55426,64659,37458,120085,92884,102117,1
86942,15482,91389,102424,178331,106871,1
37842,66444,79195,104286,117037,145639,1
77609,40627,41488,118236,119097,82115,1
99651,92693,93643,192344,193294,186336,1
10759,84531,4646,95290,15405,89177,0
91129,97334,2278,188463,93407,99612,0
49464,6569,77794,56033,127258,84363,0
15978,29628,46901,45606,62879,76529,0
36496,89033,58135,125529,94631,147168,1
54940,26750,87448,81690,142388,114198,0
79257,24331,23893,103588,103150,48224,0
46961,32020,42885,78981,89846,74905,1
39922,23599,93256,63521,133178,116855,0
7407,94967,81283,102374,88690,176250,0
34359,73431,99567,107790,133926,172998,1
109,23110,17008,23219,17117,40118,0
62199,18876,54151,81075,116350,73027,1
64830,30675,21065,95505,85895,51740,0
94072,71875,88134,165947,182206,160009,1
18391,41194,80721,59585,99112,121915,0
88357,38123,24967,126480,113324,63090,0
95020,71109,72281,166129,167301,143390,1
75929,8817,72010,84746,147939,80827,1
67251,13373,68214,80624,135465,81587,1
97274,86705,73532,183979,170806,160237,1
60381,5705,65113,66086,125494,70818,1
10600,51975,19738,62575,30338,71713,0
68750,43964,51354,112714,120104,95318,1
59760,8129,95161,67889,154921,103290,0
36856,25793,70320,62649,107176,96113,0
61081,99192,99615,160273,160696,198807,1
96413,7451,5280,103864,101693,12731,0
44561,39268,84807,83829,129368,124075,0
5852,85125,80730,90977,86582,165855,1
45985,60222,14796,106207,60781,75018,1
87079,13050,5999,100129,93078,19049,0
40865,36288,14917,77153,55782,51205,1
7553,7678,93908,15231,101461,101586,0
29678,11357,74869,41035,104547,86226,0
38688,39119,97697,77807,136385,136816,0
51730,15878,38584,67608,90314,54462,1
93372,32826,80677,126198,174049,113503,1
50963,44167,15803,95130,66766,59970,1
75318,45528,45822,120846,121140,91350,1
54401,21014,91309,75415,145710,112323,0
36259,9082,18843,45341,55102,27925,0
19944,2251,4282,22195,24226,6533,0
91469,38749,55810,130218,147279,94559,1
77434,61599,67581,139033,145015,129180,1
78588,69275,79876,147863,158464,149151,1
45014,15353,31843,60367,76857,47196,1
83258,29557,28273,112815,111531,57830,0
35341,87294,194,122635,35535,87488,0
84581,20096,18137,104677,102718,38233,0
17798,46098,58777,63896,76575,104875,1
88830,6036,99994,94866,188824,106030,0
84846,22375,34578,107221,119424,56953,0
41858,51129,53442,92987,95300,104571,1
91892,55334,3973,147226,95865,59307,0
82056,64900,56463,146956,138519,121363,1
30588,75090,57337,105678,87925,132427,1
19916,44947,68127,64863,88043,113074,0
53161,72407,93247,125568,146408,165654,1
49666,48367,99038,98033,148704,147405,0
41285,64138,96983,105423,138268,161121,1
36898,28066,22130,64964,59028,50196,1
5538,5676,97670,11214,103208,103346,0
25860,95078,38076,120938,63936,133154,0
27080,63997,53564,91077,80644,117561,1
38613,43403,34,82016,38647,43437,0
76412,59690,84163,136102,160575,143853,1
30096,21211,99581,51307,129677,120792,0
48831,44182,70618,93013,119449,114800,1
89181,66090,52381,155271,141562,118471,1
46508,26019,55915,72527,102423,81934,1
61414,26584,78772,87998,140186,105356,1
5547,96471,77723,102018,83270,174194,0
45077,73658,22629,118735,67706,96287,0
52381,67928,58096,120309,110477,126024,1
60960,23339,29593,84299,90553,52932,0
52259,74960,54855,127219,107114,129815,1
41947,6495,23490,48442,65437,29985,0
89662,96158,40414,185820,130076,136572,1
40485,25636,81225,66121,121710,106861,0
55459,68774,21291,124233,76750,90065,1
44511,76756,93302,121267,137813,170058,1
66759,54224,1510,120983,68269,55734,0
4798,42715,41545,47513,46343,84260,1
46139,37803,68686,83942,114825,106489,1
99522,12363,51573,111885,151095,63936,0
73480,55752,66376,129232,139856,122128,1
17228,81106,69924,98334,87152,151030,1
76060,12902,62004,88962,138064,74906,0
25008,35035,43141,60043,68149,78176,1
54026,10806,74171,64832,128197,84977,0
34588,98956,93417,133544,128005,192373,1
60141,97685,57849,157826,117990,155534,1
83646,78731,20743,162377,104389,99474,1
9017,48007,5613,57024,14630,53620,0
46215,9242,31018,55457,77233,40260,0
29009,72393,99981,101402,128990,172374,1
14664,12998,84244,27662,98908,97242,0
81359,77382,20575,158741,101934,97957,1
72218,13358,41462,85576,113680,54820,0
92283,80162,60594,172445,152877,140756,1
17425,128,68399,17553,85824,68527,0
16122,69610,81630,85732,97752,151240,1
30109,75394,94316,105503,124425,169710,1
94351,1740,71625,96091,165976,73365,0
27351,13386,44550,40737,71901,57936,0
52489,87101,25436,139590,77925,112537,0
76112,16622,31251,92734,107363,47873,0
55007,25636,96115,80643,151122,121751,0
50345,34269,62838,84614,113183,97107,1
8505,44892,99256,53397,107761,144148,0
19090,79033,36722,98123,55812,115755,0
5134,7585,26303,12719,31437,33888,0
86257,27293,68627,113550,154884,95920,1
57003,94694,70627,151697,127630,165321,1
12634,84998,47253,97632,59887,132251,0
66053,12616,85152,78669,151205,97768,0
19366,54069,98831,73435,118197,152900,0
40971,9451,73175,50422,114146,82626,0
24198,72411,78299,96609,102497,150710,1
5095,17964,87350,23059,92445,105314,0
59703,72640,94814,132343,154517,167454,1
46502,99113,81647,145615,128149,180760,1
93103,50184,72259,143287,165362,122443,1
499,73953,51843,74452,52342,125796,0
83106,82976,59584,166082,142690,142560,1
99710,99493,24236,199203,123946,123729,1
95664,32938,50819,128602,146483,83757,0
24082,34487,58376,58569,82458,92863,1
82260,87302,20074,169562,102334,107376,1
20287,21214,29736,41501,50023,50950,1
64377,99352,48651,163729,113028,148003,1
9582,3518,82489,13100,92071,86007,0
84258,53494,36750,137752,121008,90244,1
86406,84896,27060,171302,113466,111956,1
21354,56949,8856,78303,30210,65805,0
45564,60332,83972,105896,129536,144304,1
65323,14459,54123,79782,119446,68582,1
60626,55317,68674,115943,129300,123991,1
74636,54903,6108,129539,80744,61011,0
63092,8042,9010,71134,72102,17052,0
14724,4430,81120,19154,95844,85550,0
57666,15252,22762,72918,80428,38014,0
857,87999,3346,88856,4203,91345,0
93883,11943,95212,105826,189095,107155,1
56045,18635,46160,74680,102205,64795,1
2376,90576,88850,92952,91226,179426,1
15652,81522,53760,97174,69412,135282,0
14707,83965,90148,98672,104855,174113,1
51659,10949,54213,62608,105872,65162,1
72618,73868,41508,146486,114126,115376,1
31052,85261,82524,116313,113576,167785,1
81650,91766,11014,173416,92664,102780,1
51477,61010,59366,112487,110843,120376,1
59334,86844,17775,146178,77109,104619,0
64071,51915,51823,115986,115894,103738,1
33150,38546,18543,71696,51693,57089,1
96732,34305,33297,131037,130029,67602,0
49204,90929,64065,140133,113269,154994,1
71365,40468,97143,111833,168508,137611,1
6677,59919,35196,66596,41873,95115,0
69028,79685,94919,148713,163947,174604,1
13127,52068,57460,65195,70587,109528,1
72913,22332,46055,95245,118968,68387,0
61077,79014,19072,140091,80149,98086,1
84130,23688,94541,107818,178671,118229,1
43870,23375,62678,67245,106548,86053,1
20014,85370,97399,105384,117413,182769,1
38277,21148,85811,59425,124088,106959,0
18733,98260,89796,116993,108529,188056,1
52027,97437,41255,149464,93282,138692,0
6143,27743,16005,33886,22148,43748,0
9232,16760,71096,25992,80328,87856,0
26771,56729,86854,83500,113625,143583,0
18629,78691,89491,97320,108120,168182,1
1552,60658,87022,62210,88574,147680,0
50485,70182,69364,120667,119849,139546,1
44224,78369,29790,122593,74014,108159,0
56458,1689,45111,58147,101569,46800,0
97605,42748,57733,140353,155338,100481,1
78926,92364,63339,171290,142265,155703,1
6513,87048,41290,93561,47803,128338,0
44385,18642,88486,63027,132871,107128,0
26411,74781,38423,101192,64834,113204,0
70259,75704,31569,145963,101828,107273,1
99765,25356,29182,125121,128947,54538,0
97986,8342,39123,106328,137109,47465,0
87906,70932,65417,158838,153323,136349,1
60278,11861,16430,72139,76708,28291,0
45347,17238,87255,62585,132602,104493,0
96894,57740,66137,154634,163031,123877,1
82758,50628,5894,133386,88652,56522,0
93714,59101,21708,152815,115422,80809,0
93495,70898,3111,164393,96606,74009,0
21385,68034,88021,89419,109406,156055,1
8165,39449,9480,47614,17645,48929,0
68007,58522,29881,126529,97888,88403,1
23162,82452,33039,105614,56201,115491,0
6329,33895,74901,40224,81230,108796,0
59018,66807,40056,125825,99074,106863,1
32444,25151,98812,57595,131256,123963,0
11815,43065,34369,54880,46184,77434,1
37090,21390,75264,58480,112354,96654,0
64891,2783,69866,67674,134757,72649,0
59795,90285,29747,150080,89542,120032,0
26830,20396,15126,47226,41956,35522,1
68862,16493,91332,85355,160194,107825,0
87542,63069,60054,150611,147596,123123,1
805,26935,17088,27740,17893,44023,0
20660,36219,5214,56879,25874,41433,0
13341,55576,71904,68917,85245,127480,0
53347,24714,27952,78061,81299,52666,0
79948,30671,28094,110619,108042,58765,0
89539,63486,74453,153025,163992,137939,1
34719,43903,45267,78622,79986,89170,1
54079,22086,83043,76165,137122,105129,0
51002,1605,20733,52607,71735,22338,0
31130,99083,1928,130213,33058,101011,0
49353,55036,89247,104389,138600,144283,1
75012,96674,14250,171686,89262,110924,0
98331,19794,15838,118125,114169,35632,0
25299,43514,23321,68813,48620,66835,1
89855,55509,5800,145364,95655,61309,0
4625,16253,70537,20878,75162,86790,0
56583,7338,71661,63921,128244,78999,0
1717,53587,93182,55304,94899,146769,0
21623,84151,5254,105774,26877,89405,0
75554,9885,50099,85439,125653,59984,0
65513,29008,67805,94521,133318,96813,1
88159,85197,121,173356,88280,85318,0
55960,86229,79663,142189,135623,165892,1
58283,24010,17328,82293,75611,41338,0
56951,84806,54830,141757,111781,139636,1
93401,50262,50986,143663,144387,101248,1
9274,5241,85444,14515,94718,90685,0
15400,59306,18042,74706,33442,77348,0
78499,73824,22258,152323,100757,96082,1
54081,59375,25984,113456,80065,85359,1
18011,33321,78411,51332,96422,111732,0
74974,63258,96773,138232,171747,160031,1
17419,7456,22676,24875,40095,30132,1
33167,83908,87149,117075,120316,171057,1
24036,56005,34951,80041,58987,90956,1
65679,33498,72262,99177,137941,105760,1
47632,78837,64056,126469,111688,142893,1
83911,91797,97847,175708,181758,189644,1
84248,35169,19985,119417,104233,55154,0
22538,80375,42157,102913,64695,122532,0
23565,90333,88383,113898,111948,178716,1
75289,41954,68942,117243,144231,110896,1
19813,95439,49,115252,19862,95488,0
45839,49068,76948,94907,122787,126016,1
31741,20600,26612,52341,58353,47212,1
3965,28785,82496,32750,86461,111281,0
59940,75610,46851,135550,106791,122461,1
91950,96713,9476,188663,101426,106189,1
37894,52584,98478,90478,136372,151062,0
72332,26459,39532,98791,111864,65991,0
62632,85873,2350,148505,64982,88223,0
23364,99770,41778,123134,65142,141548,0
69157,4833,64069,73990,133226,68902,0
39425,44904,61394,84329,100819,106298,1
30044,98455,85939,128499,115983,184394,1
98949,33527,93887,132476,192836,127414,1
93294,57637,53875,150931,147169,111512,1
5654,32083,33007,37737,38661,65090,1
67238,94800,8821,162038,76059,103621,0
66113,620,87580,66733,153693,88200,0
30350,24756,89447,55106,119797,114203,0
57891,73290,78880,131181,136771,152170,1
62647,86917,61133,149564,123780,148050,1
44513,36575,96953,81088,141466,133528,0
94810,50542,31507,145352,126317,82049,0
32566,7487,14453,40053,47019,21940,0
68429,46608,63600,115037,132029,110208,1
30205,56019,22505,86224,52710,78524,0
4688,95699,71442,100387,76130,167141,0
49480,97727,58654,147207,108134,156381,1
39676,93067,56608,132743,96284,149675,1
75957,41396,63642,117353,139599,105038,1
19929,48857,5910,68786,25839,54767,0
96123,78785,26067,174908,122190,104852,1
79077,35211,7204,114288,86281,42415,0
55040,67782,56386,122822,111426,124168,1
5722,97209,88213,102931,93935,185422,0
98606,84118,93283,182724,191889,177401,1
19511,44905,43323,64416,62834,88228,1
91887,75788,23340,167675,115227,99128,1
30000,78218,31496,108218,61496,109714,0
90683,1458,42195,92141,132878,43653,0
20760,25818,69639,46578,90399,95457,0
57182,24429,10368,81611,67550,34797,0
85610,32981,14734,118591,100344,47715,0
86713,14270,84610,100983,171323,98880,1
68975,59643,86020,128618,154995,145663,1
6984,63040,44867,70024,51851,107907,0
72184,89456,78253,161640,150437,167709,1
55726,64111,26041,119837,81767,90152,1
80577,35672,46475,116249,127052,82147,1
89022,34940,95049,123962,184071,129989,1
31297,97035,36781,128332,68078,133816,0
53262,26198,69921,79460,123183,96119,1
38973,69855,11398,108828,50371,81253,0
88288,92171,89428,180459,177716,181599,1
96178,70409,2948,166587,99126,73357,0
12354,90934,63536,103288,75890,154470,0
37316,27316,89992,64632,127308,117308,0
12204,88424,54668,100628,66872,143092,0
24010,40043,64573,64053,88583,104616,0
1270,51535,77240,52805,78510,128775,0
3275,78886,54540,82161,57815,133426,0
17879,4758,94918,22637,112797,99676,0
86309,14337,72863,100646,159172,87200,1
99320,3927,46508,103247,145828,50435,0
6839,93244,93250,100083,100089,186494,1
83190,91564,12774,174754,95964,104338,1
60495,83589,4951,144084,65446,88540,0
57509,70959,42328,128468,99837,113287,1
85479,73221,46334,158700,131813,119555,1
77108,16256,63507,93364,140615,79763,1
85218,36770,60013,121988,145231,96783,1
55757,44688,75043,100445,130800,119731,1
61803,33408,71931,95211,133734,105339,1
49786,12216,70758,62002,120544,82974,0
5439,98289,82893,103728,88332,181182,0
20413,71490,29736,91903,50149,101226,0
37744,150,76022,37894,113766,76172,0
87999,23164,44834,111163,132833,67998,0
72215,81632,29087,153847,101302,110719,1
5622,71697,28393,77319,34015,100090,0
63841,23347,63092,87188,126933,86439,1
24460,47959,78701,72419,103161,126660,0
15971,16978,76576,32949,92547,93554,0
1589,9908,6621,11497,8210,16529,0
84939,22532,46962,107471,131901,69494,0
26676,58418,13762,85094,40438,72180,0
64103,41313,51485,105416,115588,92798,1
452,65729,46180,66181,46632,111909,0
97772,24644,44674,122416,142446,69318,0
14007,829,33565,14836,47572,34394,0
39898,14943,21592,54841,61490,36535,0
23149,36652,20261,59801,43410,56913,1
17969,30336,84151,48305,102120,114487,0
41136,29478,23233,70614,64369,52711,1
94466,25257,58163,119723,152629,83420,0
63261,1968,46488,65229,109749,48456,0
68163,35053,50404,103216,118567,85457,1
86399,93495,37656,179894,124055,131151,1
50522,51055,58744,101577,109266,109799,1
19389,2816,13232,22205,32621,16048,0
81733,68399,47771,150132,129504,116170,1
52774,97433,53268,150207,106042,150701,1
92337,65967,51493,158304,143830,117460,1
81863,99843,60771,181706,142634,160614,1
4846,53416,98378,58262,103224,151794,0
76069,21876,35851,97945,111920,57727,0
41798,25542,45677,67340,87475,71219,1
7187,27900,34418,35087,41605,62318,1
59722,60145,59814,119867,119536,119959,1
36762,54217,9336,90979,46098,63553,0
4073,95131,52811,99204,56884,147942,0
72011,60892,29618,132903,101629,90510,1
36591,29392,84626,65983,121217,114018,0
93033,51074,85070,144107,178103,136144,1
1691,10538,91687,12229,93378,102225,0
70293,89044,82692,159337,152985,171736,1
71456,15396,31117,86852,102573,46513,0
54852,97510,58215,152362,113067,155725,1
69902,81657,98749,151559,168651,180406,1
69914,15467,63232,85381,133146,78699,1
79677,78079,91921,157756,171598,170000,1
53077,45427,13843,98504,66920,59270,1
52097,79250,12072,131347,64169,91322,0
92104,54035,93816,146139,185920,147851,1
94782,27105,48706,121887,143488,75811,0
20028,56289,83248,76317,103276,139537,0
48448,34379,87405,82827,135853,121784,0
57478,17495,56492,74973,113970,73987,1
10926,63397,43037,74323,53963,106434,0
16303,19464,76751,35767,93054,96215,0
63965,33974,96397,97939,160362,130371,1
27399,62590,40457,89989,67856,103047,1
5538,69402,37702,74940,43240,107104,0
19871,99869,75749,119740,95620,175618,0
993,18570,16247,19563,17240,34817,0
7036,17474,38578,24510,45614,56052,0
97271,23713,94117,120984,191388,117830,1
8936,47029,35595,55965,44531,82624,0
58998,72838,10958,131836,69956,83796,0
70358,93962,91835,164320,162193,185797,1
7168,83302,73580,90470,80748,156882,0
36657,74930,52489,111587,89146,127419,1
8394,47348,50834,55742,59228,98182,1
88029,68105,67168,156134,155197,135273,1
16039,44299,69521,60338,85560,113820,0
18439,28127,47090,46566,65529,75217,0
59245,15082,79273,74327,138518,94355,0
39889,79934,7567,119823,47456,87501,0
92538,74830,53958,167368,146496,128788,1
47913,40128,19933,88041,67846,60061,1
59895,8129,95253,68024,155148,103382,0
387,90313,47963,90700,48350,138276,0
93507,35531,43374,129038,136881,78905,0
2639,46150,46026,48789,48665,92176,1
63536,29395,68393,92931,131929,97788,1
7604,45265,47241,52869,54845,92506,1
97348,52968,16581,150316,113929,69549,0
41136,81245,38107,122381,79243,119352,0
2042,26571,16947,28613,18989,43518,0
87783,42406,46953,130189,134736,89359,1
80336,8900,57507,89236,137843,66407,0
23031,99647,26896,122678,49927,126543,0
63244,29496,44106,92740,107350,73602,1
53345,51954,35562,105299,88907,87516,1
52485,73443,53534,125928,106019,126977,1
34723,48954,63325,83677,98048,112279,1
97906,65714,664,163620,98570,66378,0
19667,22830,68896,42497,88563,91726,0
1111,11178,38501,12289,39612,49679,0
75146,10438,14131,85584,89277,24569,0
60379,30824,81316,91203,141695,112140,1
90309,34232,71315,124541,161624,105547,1
43531,21200,23050,64731,66581,44250,1
18915,90413,62636,109328,81551,153049,0
55243,9121,11253,64364,66496,20374,0
91844,77231,76139,169075,167983,153370,1
4710,95493,68725,100203,73435,164218,0
24151,67316,75614,91467,99765,142930,1
16065,6663,754,22728,16819,7417,0
14471,92877,59782,107348,74253,152659,0
4929,1343,54400,6272,59329,55743,0
70480,86699,34039,157179,104519,120738,1
54449,21320,71518,75769,125967,92838,1
38967,61248,4531,100215,43498,65779,0
83834,39737,40917,123571,124751,80654,0
64273,58921,52438,123194,116711,111359,1
73525,58577,6733,132102,80258,65310,0
14739,67161,41854,81900,56593,109015,0
76734,81958,13,158692,76747,81971,0
33641,82157,27160,115798,60801,109317,0
26866,19041,99084,45907,125950,118125,0
79526,36959,43889,116485,123415,80848,1
73705,3327,46623,77032,120328,49950,0
49412,7154,77433,56566,126845,84587,0
30677,93333,84891,124010,115568,178224,1
65543,53194,92180,118737,157723,145374,1
56503,83215,51835,139718,108338,135050,1
8935,34480,6126,43415,15061,40606,0
51395,37249,54350,88644,105745,91599,1
81253,22832,44853,104085,126106,67685,0
63383,45641,40648,109024,104031,86289,1
70447,64832,33759,135279,104206,98591,1
95480,68250,96069,163730,191549,164319,1
17308,83388,58399,100696,75707,141787,0
62232,68140,39293,130372,101525,107433,1
56708,31402,46049,88110,102757,77451,1
23912,31084,79114,54996,103026,110198,0
12588,34821,39909,47409,52497,74730,1
28879,16045,86424,44924,115303,102469,0
12079,15579,35570,27658,47649,51149,0
47558,66291,95560,113849,143118,161851,1
7994,4332,16193,12326,24187,20525,0
53554,57283,12850,110837,66404,70133,1
32165,64760,57710,96925,89875,122470,1
19918,71160,42906,91078,62824,114066,0
9605,52866,46891,62471,56496,99757,1
44123,30810,79773,74933,123896,110583,0
70221,78053,67577,148274,137798,145630,1
15262,56891,4625,72153,19887,61516,0
37939,19089,61657,57028,99596,80746,0
19794,73623,15089,93417,34883,88712,0
67846,86835,31093,154681,98939,117928,1
78825,25391,94686,104216,173511,120077,1
96379,72730,94016,169109,190395,166746,1
25980,98017,13645,123997,39625,111662,0
26427,88995,95892,115422,122319,184887,1
1842,61406,22032,63248,23874,83438,0
66533,24406,19288,90939,85821,43694,0
47466,40347,68101,87813,115567,108448,1
57968,15483,81008,73451,138976,96491,0
94959,90778,93779,185737,188738,184557,1
60800,40466,48390,101266,109190,88856,1
99525,165,64312,99690,163837,64477,0
15756,48759,77773,64515,93529,126532,0
833,92488,54027,93321,54860,146515,0
93933,42553,45210,136486,139143,87763,0
50419,55382,94517,105801,144936,149899,1
28441,89662,9538,118103,37979,99200,0
8368,68808,74462,77176,82830,143270,1
82244,67408,84379,149652,166623,151787,1
81050,45623,18640,126673,99690,64263,0
57422,6959,15975,64381,73397,22934,0
76401,21870,79195,98271,155596,101065,1
87745,77539,93026,165284,180771,170565,1
71543,26871,1131,98414,72674,28002,0
39640,16166,58852,55806,98492,75018,0
13167,50345,12742,63512,25909,63087,0
17876,26685,33117,44561,50993,59802,1
68382,81188,74102,149570,142484,155290,1
77134,4959,59695,82093,136829,64654,0
42607,54074,6698,96681,49305,60772,0
59146,66005,53634,125151,112780,119639,1
94738,31383,58341,126121,153079,89724,0
13814,82950,44572,96764,58386,127522,0
55567,28462,2305,84029,57872,30767,0
88439,92843,79374,181282,167813,172217,1
74969,6016,55280,80985,130249,61296,0
54665,96126,94181,150791,148846,190307,1
35590,45481,50641,81071,86231,96122,1
81345,35860,31690,117205,113035,67550,0
69388,63475,17868,132863,87256,81343,1
59424,42761,21526,102185,80950,64287,1
16932,37906,95771,54838,112703,133677,0
41490,50473,70204,91963,111694,120677,1
75539,96063,17751,171602,93290,113814,0
22354,38050,69821,60404,92175,107871,0
8345,83798,73817,92143,82162,157615,0
63444,86087,99149,149531,162593,185236,1
36662,51052,22040,87714,58702,73092,1
48261,5992,23075,54253,71336,29067,0
3565,87074,17715,90639,21280,104789,0
2864,98827,65926,101691,68790,164753,0
87431,95833,33412,183264,120843,129245,1
20912,23149,53971,44061,74883,77120,0
59246,73116,1370,132362,60616,74486,0
65307,10554,98224,75861,163531,108778,0
85441,47022,22916,132463,108357,69938,0
74307,28345,83886,102652,158193,112231,1
9106,25318,59248,34424,68354,84566,0
93198,47290,27797,140488,120995,75087,0
33411,84935,49511,118346,82922,134446,0
71228,25347,62305,96575,133533,87652,1
79204,86979,13095,166183,92299,100074,1
8097,63235,21045,71332,29142,84280,0
43743,57137,76220,100880,119963,133357,1
3048,18989,22140,22037,25188,41129,0
50614,91664,9052,142278,59666,100716,0
93417,50372,78400,143789,171817,128772,1
85870,8721,79852,94591,165722,88573,1
78635,16473,62881,95108,141516,79354,1
17505,59553,67094,77058,84599,126647,1
8248,97766,75236,106014,83484,173002,0
51298,79535,18644,130833,69942,98179,0
38352,75998,2915,114350,41267,78913,0
80356,73417,83353,153773,163709,156770,1
72190,93375,65450,165565,137640,158825,1
80044,74184,67183,154228,147227,141367,1
45947,49565,68638,95512,114585,118203,1
60514,3210,75689,63724,136203,78899,0
76366,22815,25363,99181,101729,48178,0
43304,29957,85001,73261,128305,114958,0
48993,88116,27404,137109,76397,115520,0
76166,68218,53742,144384,129908,121960,1
60585,87668,76635,148253,137220,164303,1
83073,83998,46871,167071,129944,130869,1
51213,5207,48665,56420,99878,53872,1
13956,74095,42261,88051,56217,116356,0
33822,13161,11966,46983,45788,25127,0
10158,95564,70389,105722,80547,165953,0
7762,48648,25104,56410,32866,73752,0
3948,82190,58757,86138,62705,140947,0
16814,58089,17451,74903,34265,75540,0
68046,25037,31254,93083,99300,56291,0
80450,67185,32331,147635,112781,99516,1
32640,69043,2358,101683,34998,71401,0
1122,64686,44046,65808,45168,108732,0
38097,21369,5282,59466,43379,26651,0
22201,14782,64767,36983,86968,79549,0
69065,60565,49305,129630,118370,109870,1
79838,97729,61967,177567,141805,159696,1
8378,17204,57223,25582,65601,74427,0
1730,46557,40190,48287,41920,86747,0
3249,39779,66505,43028,69754,106284,0
79539,30761,84361,110300,163900,115122,1
74060,38907,63558,112967,137618,102465,1
59609,28234,24749,87843,84358,52983,0
513,41227,52764,41740,53277,93991,0
61899,53187,44589,115086,106488,97776,1
86077,79339,9449,165416,95526,88788,1
62980,74580,67376,137560,130356,141956,1
47231,81523,30413,128754,77644,111936,0
90681,85717,21550,176398,112231,107267,1
32458,6868,12181,39326,44639,19049,0
16570,10676,69021,27246,85591,79697,0
11149,58437,40264,69586,51413,98701,0
15261,75502,22074,90763,37335,97576,0
23722,52056,93403,75778,117125,145459,0
84242,45282,72015,129524,156257,117297,1
87265,4303,99516,91568,186781,103819,0
91657,23323,592,114980,92249,23915,0
95935,66095,86779,162030,182714,152874,1
22185,13670,71549,35855,93734,85219,0
48940,67472,20969,116412,69909,88441,1
77389,55762,64839,133151,142228,120601,1
11139,53412,28586,64551,39725,81998,0
57504,86073,93662,143577,151166,179735,1
83535,79729,20662,163264,104197,100391,1
23542,38705,20958,62247,44500,59663,1
77417,23663,13142,101080,90559,36805,0
56589,57314,90716,113903,147305,148030,1
82843,37459,22002,120302,104845,59461,0
88301,84900,88105,173201,176406,173005,1
56423,84350,47310,140773,103733,131660,1
82516,91259,84356,173775,166872,175615,1
95614,30733,71462,126347,167076,102195,1
42971,93003,11023,135974,53994,104026,0
56887,15601,16500,72488,73387,32101,0
18604,54214,37641,72818,56245,91855,1
59487,64367,2426,123854,61913,66793,0
55069,33179,33443,88248,88512,66622,1
51173,43355,3570,94528,54743,46925,0
56858,35286,99891,92144,156749,135177,0
74902,61132,9527,136034,84429,70659,0
36008,65256,97036,101264,133044,162292,1
19729,69569,79812,89298,99541,149381,1
67639,53577,78312,121216,145951,131889,1
34110,16718,6040,50828,40150,22758,0
1150,85744,9452,86894,10602,95196,0
69806,61745,42051,131551,111857,103796,1
80244,38794,89159,119038,169403,127953,1
74157,33041,4414,107198,78571,37455,0
1314,87929,20093,89243,21407,108022,0
9307,66797,21641,76104,30948,88438,0
90713,85335,58627,176048,149340,143962,1
90293,80411,58317,170704,148610,138728,1
96980,91099,29674,188079,126654,120773,1
36500,2185,90623,38685,127123,92808,0
11233,90720,69025,101953,80258,159745,0
28690,19208,23846,47898,52536,43054,1
23871,56553,97670,80424,121541,154223,0
37128,66489,42720,103617,79848,109209,1
81431,6695,2014,88126,83445,8709,0
37184,57139,84023,94323,121207,141162,1
37303,17638,83078,54941,120381,100716,0
25606,86687,54663,112293,80269,141350,0
41339,77882,81075,119221,122414,158957,1
81639,7679,5302,89318,86941,12981,0
29361,833,85766,30194,115127,86599,0
37205,6857,5752,44062,42957,12609,0
20160,87198,91680,107358,111840,178878,1
1678,84107,98383,85785,100061,182490,0
97378,60844,52426,158222,149804,113270,1
72331,41114,63145,113445,135476,104259,1
16082,17468,5831,33550,21913,23299,1
57639,79493,63571,137132,121210,143064,1
3297,29490,46791,32787,50088,76281,0
76514,45364,81350,121878,157864,126714,1
71573,63725,90758,135298,162331,154483,1
17993,40728,74988,58721,92981,115716,0
13885,91491,98456,105376,112341,189947,1
68532,8024,37958,76556,106490,45982,0
58666,78503,19744,137169,78410,98247,0
96946,3689,90842,100635,187788,94531,0
10681,69263,1195,79944,11876,70458,0
89892,95399,77340,185291,167232,172739,1
74228,71789,5683,146017,79911,77472,1
68357,13665,96455,82022,164812,110120,0
69785,90823,12314,160608,82099,103137,0
257,72940,52925,73197,53182,125865,0
7148,90133,11061,97281,18209,101194,0
18531,8527,92253,27058,110784,100780,0
20637,12738,38616,33375,59253,51354,0
49235,29215,3570,78450,52805,32785,0
38116,86872,82220,124988,120336,169092,1
84324,51880,92268,136204,176592,144148,1
82429,48463,77146,130892,159575,125609,1
54120,26086,89090,80206,143210,115176,0
71823,35056,15750,106879,87573,50806,0
75348,60348,76196,135696,151544,136544,1
53063,93172,33415,146235,86478,126587,0
93201,65547,56080,158748,149281,121627,1
23853,66973,61562,90826,85415,128535,1
77180,19245,43417,96425,120597,62662,0
25313,96631,12781,121944,38094,109412,0
28587,35877,47005,64464,75592,82882,1
92135,39508,4972,131643,97107,44480,0
72782,38706,35914,111488,108696,74620,1
3726,90055,24482,93781,28208,114537,0
20813,38048,71707,58861,92520,109755,0
52949,72191,12331,125140,65280,84522,0
72497,71349,50573,143846,123070,121922,1
17480,27288,70484,44768,87964,97772,0
28901,69532,24360,98433,53261,93892,0
17955,15624,34195,33579,52150,49819,0
15857,25614,5963,41471,21820,31577,0
34294,4230,49075,38524,83369,53305,0
91111,96002,9320,187113,100431,105322,1
43517,9391,71838,52908,115355,81229,0
1192,90349,29527,91541,30719,119876,0
36535,15304,80729,51839,117264,96033,0
87523,39915,47337,127438,134860,87252,0
10247,61885,71551,72132,81798,133436,1
82628,87136,83625,169764,166253,170761,1
97757,99944,50304,197701,148061,150248,1
35458,88151,69545,123609,105003,157696,1
53706,30709,42342,84415,96048,73051,1
52303,87116,65174,139419,117477,152290,1
4032,30767,1020,34799,5052,31787,0
86507,58274,5416,144781,91923,63690,0
39537,26116,83668,65653,123205,109784,0
38224,31842,61025,70066,99249,92867,1
72594,40543,57090,113137,129684,97633,1
43888,4007,9242,47895,53130,13249,0
27499,48500,78942,75999,106441,127442,0
65074,76437,79710,141511,144784,156147,1
65599,3678,99871,69277,165470,103549,0
99966,78950,10296,178916,110262,89246,0
33982,3508,35463,37490,69445,38971,1
45139,29859,96425,74998,141564,126284,0
38203,23852,86516,62055,124719,110368,0
66096,67319,58311,133415,124407,125630,1
61994,64121,16747,126115,78741,80868,1
28223,97513,73887,125736,102110,171400,1
88007,40366,2185,128373,90192,42551,0
84703,83331,53816,168034,138519,137147,1
6905,59247,20898,66152,27803,80145,0
60648,5021,27576,65669,88224,32597,0
34315,32178,54613,66493,88928,86791,1
61066,90119,15153,151185,76219,105272,0
58052,86841,59581,144893,117633,146422,1
41031,84795,70289,125826,111320,155084,1
5696,95814,25182,101510,30878,120996,0
86947,99966,99168,186913,186115,199134,1
41033,12632,79356,53665,120389,91988,0
96591,20351,58147,116942,154738,78498,0
84112,37901,96023,122013,180135,133924,1
3429,98731,85057,102160,88486,183788,0
15625,83796,67176,99421,82801,150972,0
22319,4178,70995,26497,93314,75173,0
75384,86127,25934,161511,101318,112061,1
35660,59991,20898,95651,56558,80889,0
15850,70164,75824,86014,91674,145988,1
55430,15325,36968,70755,92398,52293,0
84154,10248,98700,94402,182854,108948,0
80751,15260,61487,96011,142238,76747,0
15995,66420,897,82415,16892,67317,0
12368,50757,78508,63125,90876,129265,0
91445,33197,67498,124642,158943,100695,1
67511,35053,11422,102564,78933,46475,0
81719,99097,59001,180816,140720,158098,1
44222,26474,80011,70696,124233,106485,0
808,15308,37230,16116,38038,52538,0
23714,86153,48859,109867,72573,135012,0
45719,47528,48570,93247,94289,96098,1
77651,93562,25536,171213,103187,119098,1
9970,26656,40043,36626,50013,66699,0
15367,63004,51391,78371,66758,114395,1
90742,99038,229,189780,90971,99267,0
26028,52960,46728,78988,72756,99688,1
95468,95500,50629,190968,146097,146129,1
47254,34028,49568,81282,96822,83596,1
71027,42650,27442,113677,98469,70092,0
66904,18950,17481,85854,84385,36431,0
34773,75699,95723,110472,130496,171422,1
50407,74497,66252,124904,116659,140749,1
30819,65179,20323,95998,51142,85502,0
64600,62057,39245,126657,103845,101302,1
93798,59468,75182,153266,168980,134650,1
30680,59005,78252,89685,108932,137257,1
17857,63091,36515,80948,54372,99606,0
63232,6064,64591,69296,127823,70655,1
57041,1565,14906,58606,71947,16471,0
57860,90742,28063,148602,85923,118805,0
32964,19831,76680,52795,109644,96511,0
62914,26138,1666,89052,64580,27804,0
31343,92573,9815,123916,41158,102388,0
24106,33434,7191,57540,31297,40625,0
23581,79389,57673,102970,81254,137062,1
91829,83627,63102,175456,154931,146729,1
61130,86172,46009,147302,107139,132181,1
66178,89014,96942,155192,163120,185956,1
82595,54820,90983,137415,173578,145803,1
26010,65796,43753,91806,69763,109549,1
16940,10289,59709,27229,76649,69998,0
15921,18420,27206,34341,43127,45626,1
33407,49298,26183,82705,59590,75481,1
31872,69908,68958,101780,100830,138866,1
73912,11928,49411,85840,123323,61339,0
77646,4268,72682,81914,150328,76950,0
12387,74288,3976,86675,16363,78264,0
7426,30515,80986,37941,88412,111501,0
92200,82316,29025,174516,121225,111341,1
14607,66144,28796,80751,43403,94940,0
14709,58402,94195,73111,108904,152597,0
32500,43340,18717,75840,51217,62057,1
69854,56728,27430,126582,97284,84158,1
79016,9669,36042,88685,115058,45711,0
20677,62202,19239,82879,39916,81441,0
46259,86108,5760,132367,52019,91868,0
86943,6820,64168,93763,151111,70988,0
19762,70674,26696,90436,46458,97370,0
3236,73760,45136,76996,48372,118896,0
45602,58695,845,104297,46447,59540,0
23174,60814,78567,83988,101741,139381,1
12127,33567,64494,45694,76621,98061,0
69479,24660,77170,94139,146649,101830,1
20709,87679,50887,108388,71596,138566,0
8735,84217,11029,92952,19764,95246,0
29769,29334,21919,59103,51688,51253,1
75048,49382,9967,124430,85015,59349,0
76537,98054,93781,174591,170318,191835,1
84553,3012,86849,87565,171402,89861,1
41009,86374,84675,127383,125684,171049,1
63631,76525,24115,140156,87746,100640,1
79468,81194,66628,160662,146096,147822,1
68946,67526,8875,136472,77821,76401,1
24794,36323,3754,61117,28548,40077,0
95421,56064,60160,151485,155581,116224,1
52000,77695,98969,129695,150969,176664,1
85917,21479,50181,107396,136098,71660,0
87976,86961,78576,174937,166552,165537,1
80888,73520,77920,154408,158808,151440,1
63054,60531,19833,123585,82887,80364,1
43134,60455,17448,103589,60582,77903,1
60525,43104,14788,103629,75313,57892,0
52366,51718,61557,104084,113923,113275,1
72749,39811,17287,112560,90036,57098,0
70457,60559,8142,131016,78599,68701,0
14596,27542,9369,42138,23965,36911,0
39592,67453,55922,107045,95514,123375,1
110,31099,31368,31209,31478,62467,0
85393,32266,63218,117659,148611,95484,1
69861,68583,78119,138444,147980,146702,1
18561,33508,90943,52069,109504,124451,0
48462,30289,86780,78751,135242,117069,0
97871,19905,92620,117776,190491,112525,1
4738,62570,25938,67308,30676,88508,0
92644,58078,31307,150722,123951,89385,0
24876,93991,76412,118867,101288,170403,1
63097,15494,39151,78591,102248,54645,0
45119,66007,45128,111126,90247,111135,1
18359,44894,93689,63253,112048,138583,0
75629,63826,22879,139455,98508,86705,1
7675,6568,16896,14243,24571,23464,0
47016,10652,39670,57668,86686,50322,1
66762,23518,61139,90280,127901,84657,1
82636,19674,9045,102310,91681,28719,0
93058,63778,56679,156836,149737,120457,1
69184,251,48838,69435,118022,49089,0
38269,26997,59991,65266,98260,86988,1
80333,59491,17318,139824,97651,76809,0
12671,57583,84501,70254,97172,142084,0
49222,86892,54820,136114,104042,141712,1
7429,5460,88505,12889,95934,93965,0
69009,85846,72004,154855,141013,157850,1
86009,75992,33987,162001,119996,109979,1
68154,96196,7141,164350,75295,103337,0
52359,48959,70201,101318,122560,119160,1
6714,63160,5225,69874,11939,68385,0
8796,52995,25652,61791,34448,78647,0
32316,64314,2106,96630,34422,66420,0
16019,8474,88209,24493,104228,96683,0
97427,2921,88834,100348,186261,91755,0
24168,4670,85194,28838,109362,89864,0
3849,39694,44680,43543,48529,84374,0
22558,42560,12834,65118,35392,55394,0
73948,25755,81194,99703,155142,106949,1
41972,79179,11247,121151,53219,90426,0
30529,71557,86511,102086,117040,158068,1
44683,37818,1547,82501,46230,39365,0
31341,42328,11749,73669,43090,54077,1
93972,46653,14249,140625,108221,60902,0
88836,80965,32276,169801,121112,113241,1
62893,81779,86360,144672,149253,168139,1
99409,54795,4622,154204,104031,59417,0
40458,66698,97505,107156,137963,164203,1
74093,3356,5252,77449,79345,8608,0
62792,7097,96843,69889,159635,103940,0
132,51359,89937,51491,90069,141296,0
78359,59481,59299,137840,137658,118780,1
40160,24177,27024,64337,67184,51201,1
99431,66358,10687,165789,110118,77045,0
78868,50167,49745,129035,128613,99912,1
8232,15328,55344,23560,63576,70672,0
9773,75939,344,85712,10117,76283,0
10081,65560,86086,75641,96167,151646,0
27355,12692,62587,40047,89942,75279,0
87676,72956,72950,160632,160626,145906,1
95353,88386,5517,183739,100870,93903,0
73659,80965,85482,154624,159141,166447,1
93423,54482,35268,147905,128691,89750,0
94023,87734,74811,181757,168834,162545,1
87434,57032,17137,144466,104571,74169,0
66063,13628,74128,79691,140191,87756,1
65874,83526,14128,149400,80002,97654,0
85539,85427,80273,170966,165812,165700,1
71712,51461,75000,123173,146712,126461,1
53868,44197,14388,98065,68256,58585,1
49344,68078,58004,117422,107348,126082,1
51815,39239,17791,91054,69606,57030,1
43625,96929,26183,140554,69808,123112,0
2303,92911,7285,95214,9588,100196,0
1670,29562,59440,31232,61110,89002,0
30933,18691,2079,49624,33012,20770,0
82030,73902,15247,155932,97277,89149,1
86059,51259,5363,137318,91422,56622,0
49690,32075,4020,81765,53710,36095,0
46105,96014,59539,142119,105644,155553,1
51922,13945,94902,65867,146824,108847,0
56530,61288,85094,117818,141624,146382,1
44161,1384,97,45545,44258,1481,0
86947,80851,13005,167798,99952,93856,1
37849,77994,27678,115843,65527,105672,0
5160,96986,65461,102146,70621,162447,0
25838,59981,90775,85819,116613,150756,0
17264,998,98652,18262,115916,99650,0
8126,71973,8053,80099,16179,80026,0
71290,76115,74540,147405,145830,150655,1
31617,60091,46989,91708,78606,107080,1
70862,35731,71139,106593,142001,106870,1
61202,42603,16524,103805,77726,59127,0
98513,86105,87450,184618,185963,173555,1
69227,27120,12537,96347,81764,39657,0
1456,56925,93222,58381,94678,150147,0
30854,41233,59148,72087,90002,100381,1
80583,25706,88883,106289,169466,114589,1
27628,32162,16160,59790,43788,48322,1
97982,70834,39855,168816,137837,110689,1
80758,82651,66217,163409,146975,148868,1
40737,99734,33603,140471,74340,133337,0
49142,24414,33817,73556,82959,58231,1
32906,3499,13367,36405,46273,16866,0
39276,57081,77004,96357,116280,134085,1
29771,65085,39532,94856,69303,104617,1
94725,29924,41204,124649,135929,71128,0
99862,88403,42215,188265,142077,130618,1
45644,76380,20145,122024,65789,96525,0
56475,40439,81282,96914,137757,121721,1
84881,51206,48983,136087,133864,100189,1
79399,56890,29954,136289,109353,86844,1
38792,56109,10130,94901,48922,66239,0
80972,69169,72594,150141,153566,141763,1
36957,62026,55824,98983,92781,117850,1
1783,67502,14238,69285,16021,81740,0
69061,16508,63078,85569,132139,79586,1
5277,69764,51164,75041,56441,120928,0
87167,83969,89047,171136,176214,173016,1
30683,17061,16992,47744,47675,34053,1
60150,32413,74420,92563,134570,106833,1
90200,15677,93485,105877,183685,109162,1
87699,76421,89798,164120,177497,166219,1
79512,55529,3876,135041,83388,59405,0
13354,955,74737,14309,88091,75692,0
9833,94499,9408,104332,19241,103907,0
93551,71464,7222,165015,100773,78686,0
818,8869,81140,9687,81958,90009,0
42201,49746,79607,91947,121808,129353,1
48758,73812,85988,122570,134746,159800,1
13451,18384,98623,31835,112074,117007,0
55892,3196,28711,59088,84603,31907,0
9418,86125,3909,95543,13327,90034,0
6738,9768,18542,16506,25280,28310,0
30578,76351,2680,106929,33258,79031,0
95219,48536,51786,143755,147005,100322,1
71153,27437,31441,98590,102594,58878,0
27994,81718,12550,109712,40544,94268,0
62800,59398,80891,122198,143691,140289,1
67386,93740,63198,161126,130584,156938,1
5791,93768,38209,99559,44000,131977,0
3856,22692,6843,26548,10699,29535,0
81194,95290,4158,176484,85352,99448,0
21163,92125,90169,113288,111332,182294,1
50514,84191,80586,134705,131100,164777,1
50529,56583,21173,107112,71702,77756,1
74629,18231,71682,92860,146311,89913,1
26215,75809,88493,102024,114708,164302,1
38240,42840,70622,81080,108862,113462,1
59735,7892,88511,67627,148246,96403,0
22056,68427,79898,90483,101954,148325,1
36130,73484,16436,109614,52566,89920,0
11087,83985,64195,95072,75282,148180,0
5042,31706,38415,36748,43457,70121,0
11263,34860,29624,46123,40887,64484,1
74571,21418,41819,95989,116390,63237,0
92322,39817,75067,132139,167389,114884,1
92582,38356,40347,130938,132929,78703,0
27387,69707,35877,97094,63264,105584,0
17482,93995,36335,111477,53817,130330,0
27104,82950,2010,110054,29114,84960,0
86682,23094,32484,109776,119166,55578,0
14120,16450,32250,30570,46370,48700,0
9577,98542,24925,108119,34502,123467,0
48419,12316,80340,60735,128759,92656,0
13304,95439,76592,108743,89896,172031,0
86212,10982,96233,97194,182445,107215,1
73532,40657,29967,114189,103499,70624,0
68087,48488,88765,116575,156852,137253,1
42766,76972,27956,119738,70722,104928,0
79804,93406,93713,173210,173517,187119,1
45162,11262,87203,56424,132365,98465,0
91254,12554,57810,103808,149064,70364,0
70484,88715,55518,159199,126002,144233,1
63898,56211,64863,120109,128761,121074,1
1787,30875,82117,32662,83904,112992,0
5491,53666,27232,59157,32723,80898,0
66312,95176,12136,161488,78448,107312,0
4866,29373,6257,34239,11123,35630,0
54163,58908,78363,113071,132526,137271,1
72053,22129,4992,94182,77045,27121,0
9262,7402,67507,16664,76769,74909,0
59775,81103,44893,140878,104668,125996,1
45745,42956,34651,88701,80396,77607,1
42765,50361,14127,93126,56892,64488,1
25809,66197,72221,92006,98030,138418,1
54669,95754,16620,150423,71289,112374,0
76017,87918,67721,163935,143738,155639,1
35331,82042,64139,117373,99470,146181,1
18180,23725,81783,41905,99963,105508,0
80945,3718,99541,84663,180486,103259,0
17123,56425,88145,73548,105268,144570,0
19283,95384,91709,114667,110992,187093,1
60366,78803,38783,139169,99149,117586,1
22363,89796,68489,112159,90852,158285,1
61881,54208,29899,116089,91780,84107,1
97164,84889,88259,182053,185423,173148,1
60224,19762,44028,79986,104252,63790,1
57642,88829,76451,146471,134093,165280,1
32644,84287,18891,116931,51535,103178,0
18833,9478,26055,28311,44888,35533,1
22048,87357,49098,109405,71146,136455,0
66482,99121,77695,165603,144177,176816,1
27756,89610,91655,117366,119411,181265,1
28385,41814,86782,70199,115167,128596,0
62598,18515,17602,81113,80200,36117,0
33174,90117,93708,123291,126882,183825,1
24677,6097,71010,30774,95687,77107,0
71292,43433,53088,114725,124380,96521,1
22707,65854,87870,88561,110577,153724,1
73874,85220,94346,159094,168220,179566,1
42328,68175,78768,110503,121096,146943,1
31866,40222,91877,72088,123743,132099,0
40982,21264,76616,62246,117598,97880,0
79155,4265,53630,83420,132785,57895,0
55112,55320,15515,110432,70627,70835,1
2475,89288,57,91763,2532,89345,0
52107,23871,81469,75978,133576,105340,0
51337,83820,9304,135157,60641,93124,0
57651,13095,34108,70746,91759,47203,0
49500,22272,90358,71772,139858,112630,0
78770,85273,79397,164043,158167,164670,1
42814,91264,75211,134078,118025,166475,1
95276,45033,78699,140309,173975,123732,1
31271,61821,2125,93092,33396,63946,0
41534,578,30254,42112,71788,30832,0
41246,42430,53597,83676,94843,96027,1
15158,58903,3495,74061,18653,62398,0
28037,6412,7036,34449,35073,13448,0
29737,84853,3386,114590,33123,88239,0
48470,38351,33796,86821,82266,72147,1
23703,87944,18978,111647,42681,106922,0
44977,12776,81920,57753,126897,94696,0
32855,37312,96188,70167,129043,133500,0
98167,46028,27496,144195,125663,73524,0
6532,41387,95007,47919,101539,136394,0
72725,22434,82843,95159,155568,105277,1
56087,27861,63851,83948,119938,91712,1
6917,47093,90982,54010,97899,138075,0
3687,59594,5607,63281,9294,65201,0
63963,56340,3383,120303,67346,59723,0
22094,71821,34441,93915,56535,106262,0
21231,65910,56695,87141,77926,122605,1
56674,2695,10901,59369,67575,13596,0
95284,71898,11352,167182,106636,83250,0
82411,21722,62849,104133,145260,84571,1
66397,39164,67521,105561,133918,106685,1
84979,10602,5249,95581,90228,15851,0
26425,64970,73595,91395,100020,138565,1
314,37221,17558,37535,17872,54779,0
90245,74801,70673,165046,160918,145474,1
56160,46219,14631,102379,70791,60850,1
40752,636,86717,41388,127469,87353,0
25485,55200,20957,80685,46442,76157,0
27229,85555,50768,112784,77997,136323,0
23964,87839,70797,111803,94761,158636,1
20130,48586,27584,68716,47714,76170,0
30854,71465,75383,102319,106237,146848,1
39254,77264,93132,116518,132386,170396,1
93050,49910,49145,142960,142195,99055,1
58251,88631,6340,146882,64591,94971,0
35875,25368,3951,61243,39826,29319,0
15034,77838,39096,92872,54130,116934,0
6140,71279,18311,77419,24451,89590,0
99326,20127,40523,119453,139849,60650,0
9417,8145,51410,17562,60827,59555,0
24550,43316,66243,67866,90793,109559,1
12254,14979,5256,27233,17510,20235,1
11631,68963,97951,80594,109582,166914,0
58832,12604,81824,71436,140656,94428,0
45610,93632,22349,139242,67959,115981,0
56179,79904,52992,136083,109171,132896,1
66899,10660,5298,77559,72197,15958,0
54209,96742,12145,150951,66354,108887,0
47919,24741,38535,72660,86454,63276,1
8893,33881,23632,42774,32525,57513,0
28479,36991,4382,65470,32861,41373,0
49660,73322,34645,122982,84305,107967,1
57124,84788,69656,141912,126780,154444,1
86875,87904,95549,174779,182424,183453,1
12829,62709,91676,75538,104505,154385,0
46642,49057,66938,95699,113580,115995,1
62485,73023,56009,135508,118494,129032,1
6861,97277,87838,104138,94699,185115,0
1939,34851,39304,36790,41243,74155,0
68374,49541,67347,117915,135721,116888,1
61802,89413,85147,151215,146949,174560,1
2510,16286,80485,18796,82995,96771,0
61929,5767,69459,67696,131388,75226,0
9058,79484,27506,88542,36564,106990,0
61279,95756,78708,157035,139987,174464,1
95012,22358,82172,117370,177184,104530,1
85107,36252,45619,121359,130726,81871,0
92636,33578,21600,126214,114236,55178,0
11038,10520,87174,21558,98212,97694,0
75287,83757,28655,159044,103942,112412,1
7144,99057,56080,106201,63224,155137,0
74085,40239,10333,114324,84418,50572,0
19671,57131,45186,76802,64857,102317,1
41549,26101,8114,67650,49663,34215,0
2152,51245,86045,53397,88197,137290,0
78155,58976,44416,137131,122571,103392,1
78036,69758,77185,147794,155221,146943,1
27022,86474,61966,113496,88988,148440,1
36185,7998,20839,44183,57024,28837,0
34812,27968,33694,62780,68506,61662,1
25407,97408,56230,122815,81637,153638,0
78360,97145,56127,175505,134487,153272,1
22903,69969,26414,92872,49317,96383,0
36133,67543,3514,103676,39647,71057,0
52640,18791,41810,71431,94450,60601,1
50064,11496,2455,61560,52519,13951,0
81030,26591,45881,107621,126911,72472,0
44054,54602,94956,98656,139010,149558,1
17505,973,76775,18478,94280,77748,0
20610,62251,73769,82861,94379,136020,1
81373,12671,35815,94044,117188,48486,0
17287,52300,89107,69587,106394,141407,0
71806,38277,41043,110083,112849,79320,1
15799,42313,90727,58112,106526,133040,0
33603,94863,23549,128466,57152,118412,0
40642,13285,93110,53927,133752,106395,0
42702,43873,87128,86575,129830,131001,0
87788,48367,10816,136155,98604,59183,0
64337,39210,41122,103547,105459,80332,1
42380,69320,82418,111700,124798,151738,1
97507,57212,57814,154719,155321,115026,1
398,6074,42074,6472,42472,48148,0
92549,14269,49408,106818,141957,63677,0
18418,83753,57659,102171,76077,141412,0
73350,28725,53713,102075,127063,82438,1
69774,56178,11689,125952,81463,67867,0
38188,13716,66617,51904,104805,80333,0
28562,81707,44724,110269,73286,126431,0
439,11986,98405,12425,98844,110391,0
54964,52487,53977,107451,108941,106464,1
72649,853,14943,73502,87592,15796,0
3091,68824,832,71915,3923,69656,0
21165,78804,14038,99969,35203,92842,0
43985,76754,22133,120739,66118,98887,0
77042,33434,57516,110476,134558,90950,1
69012,91163,22699,160175,91711,113862,1
92250,2076,32284,94326,124534,34360,0
54164,10734,88489,64898,142653,99223,0
77875,73663,99351,151538,177226,173014,1
57637,76899,10013,134536,67650,86912,0
42302,30390,58050,72692,100352,88440,1
14196,84618,66534,98814,80730,151152,0
86701,45983,39556,132684,126257,85539,0
56147,45886,4643,102033,60790,50529,0
55681,66074,21048,121755,76729,87122,1
81149,4122,48977,85271,130126,53099,0
54565,33003,58336,87568,112901,91339,1
12033,92722,9944,104755,21977,102666,0
86911,37067,62046,123978,148957,99113,1
70423,48444,91811,118867,162234,140255,1
47029,8221,34246,55250,81275,42467,0
54605,31187,6172,85792,60777,37359,0
76547,17202,89177,93749,165724,106379,1
53563,80829,34475,134392,88038,115304,1
70069,94259,14611,164328,84680,108870,0
46173,24281,94331,70454,140504,118612,0
45389,37287,95964,82676,141353,133251,0
3867,32935,73410,36802,77277,106345,0
30843,10271,82747,41114,113590,93018,0
63231,52131,72154,115362,135385,124285,1
84581,23180,7030,107761,91611,30210,0
66134,43604,95058,109738,161192,138662,1
73661,65783,71263,139444,144924,137046,1
15278,25960,8501,41238,23779,34461,0
91778,98498,20729,190276,112507,119227,1
16830,1074,97871,17904,114701,98945,0
85279,27951,40452,113230,125731,68403,0
79206,24330,20864,103536,100070,45194,0
96258,70705,94386,166963,190644,165091,1
75677,26188,64910,101865,140587,91098,1
59384,12887,25845,72271,85229,38732,0
36153,26975,69791,63128,105944,96766,0
85357,41473,4954,126830,90311,46427,0
29318,39223,56713,68541,86031,95936,1
94932,74664,85166,169596,180098,159830,1
80414,52290,33842,132704,114256,86132,1
86561,35156,34863,121717,121424,70019,0
51318,97843,25048,149161,76366,122891,0
8217,71468,25085,79685,33302,96553,0
98362,53760,245,152122,98607,54005,0
37371,98410,21904,135781,59275,120314,0
79363,10762,24454,90125,103817,35216,0
96000,38784,20959,134784,116959,59743,0
62161,90182,84914,152343,147075,175096,1
67489,92503,1297,159992,68786,93800,0
99731,46121,48875,145852,148606,94996,0
35901,19079,97835,54980,133736,116914,0
27708,58110,90828,85818,118536,148938,0
51278,686,69978,51964,121256,70664,0
51011,56645,79357,107656,130368,136002,1
2547,22268,51602,24815,54149,73870,0
29709,94690,33235,124399,62944,127925,0
27570,93832,73131,121402,100701,166963,1
64516,41627,369,106143,64885,41996,0
46464,69452,41927,115916,88391,111379,1
74528,73920,28124,148448,102652,102044,1
4726,23906,62590,28632,67316,86496,0
12014,43489,27245,55503,39259,70734,0
71295,99486,45523,170781,116818,145009,1
69142,48512,9923,117654,79065,58435,0
93694,10422,95012,104116,188706,105434,1
69826,98523,62883,168349,132709,161406,1
19573,1712,97305,21285,116878,99017,0
30242,56660,29458,86902,59700,86118,1
87765,37926,17181,125691,104946,55107,0
66954,23869,16453,90823,83407,40322,0
13052,50697,43956,63749,57008,94653,1
72424,81670,29683,154094,102107,111353,1
35185,70233,10947,105418,46132,81180,0
11690,27719,69486,39409,81176,97205,0
11779,32441,47771,44220,59550,80212,0
92640,36401,94266,129041,186906,130667,1
32524,532,48363,33056,80887,48895,0
61926,83646,79826,145572,141752,163472,1
3778,84070,23428,87848,27206,107498,0
58953,16316,72574,75269,131527,88890,1
57967,77408,32140,135375,90107,109548,1
58529,42249,91708,100778,150237,133957,1
35294,47159,33005,82453,68299,80164,1
43482,74998,98798,118480,142280,173796,1
85787,5046,29043,90833,114830,34089,0
86649,76433,32150,163082,118799,108583,1
94524,66891,68648,161415,163172,135539,1
86211,52726,76159,138937,162370,128885,1
30314,75530,65473,105844,95787,141003,1
67602,38933,96057,106535,163659,134990,1
46646,92625,38847,139271,85493,131472,0
11621,1599,71531,13220,83152,73130,0
99343,41739,69877,141082,169220,111616,1
43061,29675,22419,72736,65480,52094,1
85765,65141,63073,150906,148838,128214,1
4742,68641,81843,73383,86585,150484,0
29050,13861,36179,42911,65229,50040,1
35807,46898,98743,82705,134550,145641,0
61176,27543,97037,88719,158213,124580,0
91466,45130,66894,136596,158360,112024,1
75868,48614,47482,124482,123350,96096,1
74450,3774,72097,78224,146547,75871,1
60883,71003,4330,131886,65213,75333,0
22370,57737,81791,80107,104161,139528,0
71880,25727,9405,97607,81285,35132,0
16989,62365,72134,79354,89123,134499,1
35788,21957,19723,57745,55511,41680,1
51854,54864,29066,106718,80920,83930,1
34442,40550,20974,74992,55416,61524,1
13262,68064,68247,81326,81509,136311,1
87331,38282,40913,125613,128244,79195,0
76327,44025,60765,120352,137092,104790,1
19661,98384,58494,118045,78155,156878,0
5239,43461,30360,48700,35599,73821,0
15243,34928,66611,50171,81854,101539,0
5076,59110,23411,64186,28487,82521,0
77057,90402,22434,167459,99491,112836,1
29132,61825,65454,90957,94586,127279,1
97549,33532,26612,131081,124161,60144,0
91561,95595,82509,187156,174070,178104,1
86459,26546,99717,113005,186176,126263,1
69906,89353,13250,159259,83156,102603,0
95258,14169,3040,109427,98298,17209,0
63404,89662,66642,153066,130046,156304,1
67620,29473,48294,97093,115914,77767,1
86493,40891,39163,127384,125656,80054,0
50134,51602,18834,101736,68968,70436,1
49186,88577,81245,137763,130431,169822,1
23058,8595,59432,31653,82490,68027,0
33916,16032,45786,49948,79702,61818,1
44534,74825,75556,119359,120090,150381,1
13137,85456,30395,98593,43532,115851,0
9410,76274,34091,85684,43501,110365,0
24881,62410,10078,87291,34959,72488,0
29635,24250,51640,53885,81275,75890,1
9195,57365,78613,66560,87808,135978,0
34358,89038,53448,123396,87806,142486,0
41360,81507,83760,122867,125120,165267,1
13038,74583,55733,87621,68771,130316,0
38914,60858,4131,99772,43045,64989,0
8010,57251,30189,65261,38199,87440,0
1119,62197,18090,63316,19209,80287,0
81949,23127,45482,105076,127431,68609,0
63786,56281,79530,120067,143316,135811,1
12548,57508,22985,70056,35533,80493,0
51222,54995,59396,106217,110618,114391,1
57236,35906,92463,93142,149699,128369,1
68570,46226,92106,114796,160676,138332,1
25096,26764,40557,51860,65653,67321,1
65563,93353,38527,158916,104090,131880,1
3330,29233,45503,32563,48833,74736,0
81898,87502,48048,169400,129946,135550,1
6231,57557,23009,63788,29240,80566,0
66526,87185,17536,153711,84062,104721,0
5545,88984,64348,94529,69893,153332,0
9674,50814,72566,60488,82240,123380,0
93575,68996,49355,162571,142930,118351,1
82309,84152,90674,166461,172983,174826,1
28059,30827,48175,58886,76234,79002,1
20228,28647,88858,48875,109086,117505,0
57676,73515,1019,131191,58695,74534,0
16113,15375,54873,31488,70986,70248,0
87768,37046,39661,124814,127429,76707,0
55041,73494,80101,128535,135142,153595,1
1351,72514,98600,73865,99951,171114,0
16168,45719,22996,61887,39164,68715,0
36746,41131,55673,77877,92419,96804,1
67223,69945,55589,137168,122812,125534,1
52960,61416,70869,114376,123829,132285,1
18540,69218,73820,87758,92360,143038,1
60273,45200,99842,105473,160115,145042,1
76520,70184,23279,146704,99799,93463,1
59399,52536,48804,111935,108203,101340,1
60325,48018,94610,108343,154935,142628,1
67657,23256,92591,90913,160248,115847,0
46080,30654,30869,76734,76949,61523,1
96343,90526,54023,186869,150366,144549,1
64014,73535,77944,137549,141958,151479,1
23872,11634,12882,35506,36754,24516,1
38098,403,84479,38501,122577,84882,0
19808,5181,26921,24989,46729,32102,0
54680,7677,26535,62357,81215,34212,0
85497,23613,86379,109110,171876,109992,1
5590,36685,86291,42275,91881,122976,0
87476,26711,61604,114187,149080,88315,1
43359,67531,34714,110890,78073,102245,1
65353,8156,34719,73509,100072,42875,0
38452,34165,56309,72617,94761,90474,1
70774,72740,74460,143514,145234,147200,1
55255,84726,95537,139981,150792,180263,1
13922,7909,12922,21831,26844,20831,1
46013,70923,3630,116936,49643,74553,0
35872,7064,45786,42936,81658,52850,0
57638,88209,98445,145847,156083,186654,1
22501,95806,46827,118307,69328,142633,0
8005,19106,29793,27111,37798,48899,0
98506,40145,73525,138651,172031,113670,1
82899,85212,74219,168111,157118,159431,1
90350,22163,21702,112513,112052,43865,0
56187,28647,64923,84834,121110,93570,1
49864,20314,94593,70178,144457,114907,0
67038,45130,52700,112168,119738,97830,1
57429,47184,22352,104613,79781,69536,1
69028,54970,42030,123998,111058,97000,1
55520,64003,19780,119523,75300,83783,1
42025,54797,67614,96822,109639,122411,1
30099,60984,10535,91083,40634,71519,0
9597,43068,28440,52665,38037,71508,0
26618,77331,62980,103949,89598,140311,1
43894,21192,21475,65086,65369,42667,0
42589,19018,51502,61607,94091,70520,1
83863,788,96170,84651,180033,96958,0
93123,81139,18484,174262,111607,99623,1
11412,43535,85924,54947,97336,129459,0
18100,17057,18552,35157,36652,35609,1
52124,44429,40775,96553,92899,85204,1
25406,54439,75637,79845,101043,130076,1
96387,21596,14546,117983,110933,36142,0
91027,51578,48492,142605,139519,100070,1
74665,69987,93855,144652,168520,163842,1
37666,22830,66124,60496,103790,88954,0
23009,77407,32404,100416,55413,109811,0
42736,41937,98872,84673,141608,140809,0
61225,23805,31011,85030,92236,54816,0
23292,36729,75196,60021,98488,111925,0
84692,46626,18247,131318,102939,64873,0
25077,21527,9533,46604,34610,31060,1
57289,6944,39158,64233,96447,46102,0
36090,54014,98357,90104,134447,152371,0
57027,94640,85195,151667,142222,179835,1
28997,71248,71298,100245,100295,142546,1
69244,41586,36840,110830,106084,78426,1
4858,38483,47341,43341,52199,85824,0
22229,18867,7329,41096,29558,26196,1
23225,42310,35829,65535,59054,78139,1
39076,51887,42999,90963,82075,94886,1
89938,10692,85062,100630,175000,95754,1
54702,9562,21150,64264,75852,30712,0
44386,62697,61699,107083,106085,124396,1
34595,34953,36923,69548,71518,71876,1
1392,88609,74917,90001,76309,163526,0
29306,68473,50785,97779,80091,119258,1
2824,76541,46857,79365,49681,123398,0
82907,91132,72305,174039,155212,163437,1
50540,99196,49010,149736,99550,148206,1
20583,85888,60659,106471,81242,146547,0
47707,72120,63668,119827,111375,135788,1
5418,91233,11900,96651,17318,103133,0
52082,55147,71829,107229,123911,126976,1
70894,75652,29198,146546,100092,104850,1
22261,86768,8042,109029,30303,94810,0
27693,92454,78791,120147,106484,171245,1
42860,96680,20924,139540,63784,117604,0
42700,28749,77189,71449,119889,105938,0
81534,74296,20657,155830,102191,94953,1
4033,22897,99146,26930,103179,122043,0
27756,71780,34942,99536,62698,106722,0
21475,20867,71976,42342,93451,92843,0
91396,32604,71685,124000,163081,104289,1
89939,9811,41099,99750,131038,50910,0
94004,99506,84729,193510,178733,184235,1
75506,37095,45521,112601,121027,82616,1
36031,63314,434,99345,36465,63748,0
32176,2002,65758,34178,97934,67760,0
26719,40787,37172,67506,63891,77959,1
12112,27276,5969,39388,18081,33245,0
36941,58862,93721,95803,130662,152583,1
4166,5491,34320,9657,38486,39811,0
578,98899,54205,99477,54783,153104,0
14196,5861,7035,20057,21231,12896,0
86879,91858,3173,178737,90052,95031,0
14047,75784,97966,89831,112013,173750,0
48694,76054,29806,124748,78500,105860,1
3820,78489,32699,82309,36519,111188,0
23085,77749,54634,100834,77719,132383,0
15148,51458,58518,66606,73666,109976,1
25608,73295,70394,98903,96002,143689,1
13854,72926,6178,86780,20032,79104,0
37725,42875,32438,80600,70163,75313,1
36308,8432,55179,44740,91487,63611,0
2970,66109,38397,69079,41367,104506,0
21585,36179,725,57764,22310,36904,0
74661,82857,83833,157518,158494,166690,1
86993,52212,61531,139205,148524,113743,1
49656,23830,1121,73486,50777,24951,0
53571,66376,2222,119947,55793,68598,0
37174,12590,86008,49764,123182,98598,0
18966,7650,24783,26616,43749,32433,1
16468,97125,45266,113593,61734,142391,0
98113,95846,58867,193959,156980,154713,1
56150,23127,52158,79277,108308,75285,1
72147,79759,87556,151906,159703,167315,1
9021,73898,17001,82919,26022,90899,0
24574,92598,65325,117172,89899,157923,0
2142,77225,2369,79367,4511,79594,0
46080,8129,73454,54209,119534,81583,0
42896,39386,27424,82282,70320,66810,1
94631,49892,75040,144523,169671,124932,1
82891,56305,20812,139196,103703,77117,0
54288,49510,42043,103798,96331,91553,1
37866,97088,97108,134954,134974,194196,1
23327,79660,68403,102987,91730,148063,1
87570,60754,24052,148324,111622,84806,0
47847,48976,76221,96823,124068,125197,1
69263,36659,28492,105922,97755,65151,0
23366,79143,12430,102509,35796,91573,0
41236,39628,18255,80864,59491,57883,1
3102,6628,71258,9730,74360,77886,0
88156,66190,74754,154346,162910,140944,1
51457,66591,54016,118048,105473,120607,1
28440,82935,96403,111375,124843,179338,1
61223,4964,1961,66187,63184,6925,0
97968,15668,29991,113636,127959,45659,0
95351,65185,50923,160536,146274,116108,1
16713,61360,27535,78073,44248,88895,0
67166,57382,96172,124548,163338,153554,1
10878,29483,59073,40361,69951,88556,0
77188,91235,30390,168423,107578,121625,1
64454,537,42430,64991,106884,42967,0
23601,417,89541,24018,113142,89958,0
95531,90343,36591,185874,132122,126934,1
66647,52453,5320,119100,71967,57773,0
89579,25404,97504,114983,187083,122908,1
62012,39546,64882,101558,126894,104428,1
85616,34018,57360,119634,142976,91378,1
57813,51882,71456,109695,129269,123338,1
71526,35032,66233,106558,137759,101265,1
88761,37594,99573,126355,188334,137167,1
18493,86845,75511,105338,94004,162356,1
77742,81677,37968,159419,115710,119645,1
32437,26330,48160,58767,80597,74490,1
89426,36433,17462,125859,106888,53895,0
14652,52047,4423,66699,19075,56470,0
2778,911,18957,3689,21735,19868,0
40571,36954,6082,77525,46653,43036,1
30534,24087,41754,54621,72288,65841,1
67495,60053,34225,127548,101720,94278,1
61730,23517,77207,85247,138937,100724,1
78524,59710,77196,138234,155720,136906,1
3815,23272,23388,27087,27203,46660,1
282,79735,32784,80017,33066,112519,0
29292,96465,45356,125757,74648,141821,0
62622,64384,28264,127006,90886,92648,1
10702,36641,94414,47343,105116,131055,0
53847,88082,92821,141929,146668,180903,1
83289,65529,80033,148818,163322,145562,1
3400,76582,79586,79982,82986,156168,1
50727,82718,27443,133445,78170,110161,0
81032,54492,40084,135524,121116,94576,1
86364,82721,46434,169085,132798,129155,1
11137,34788,75324,45925,86461,110112,0
76495,22519,34305,99014,110800,56824,0
32321,75010,66019,107331,98340,141029,1
28547,9212,31837,37759,60384,41049,1
77263,29426,84260,106689,161523,113686,1
43571,55175,38289,98746,81860,93464,1
52562,52690,98316,105252,150878,151006,1
8337,64673,92437,73010,100774,157110,0
63211,44743,79341,107954,142552,124084,1
77234,50375,64681,127609,141915,115056,1
64919,96952,22106,161871,87025,119058,0
92452,1951,89940,94403,182392,91891,0
99862,92395,13284,192257,113146,105679,1
63109,52834,34722,115943,97831,87556,1
85575,87417,50643,172992,136218,138060,1
67064,2765,48748,69829,115812,51513,0
52534,72134,61149,124668,113683,133283,1
35554,39852,81164,75406,116718,121016,0
86970,66459,22541,153429,109511,89000,1
22148,47868,19049,70016,41197,66917,0
17186,58287,12771,75473,29957,71058,0
50027,9414,98495,59441,148522,107909,0
52676,61914,38453,114590,91129,100367,1
13553,31921,14737,45474,28290,46658,0
5247,1998,74412,7245,79659,76410,0
15400,68102,77256,83502,92656,145358,1
41739,82662,66346,124401,108085,149008,1
55117,28134,623,83251,55740,28757,0
60399,9648,644,70047,61043,10292,0
28711,6498,30216,35209,58927,36714,1
25471,6609,74473,32080,99944,81082,0
41400,36680,57789,78080,99189,94469,1
37744,78852,49151,116596,86895,128003,1
19211,46381,29112,65592,48323,75493,1
45145,77457,32455,122602,77600,109912,1
55990,59453,1438,115443,57428,60891,0
46615,98252,31839,144867,78454,130091,0
17825,26285,57315,44110,75140,83600,0
15448,87424,14330,102872,29778,101754,0
30166,70534,32777,100700,62943,103311,0
74997,41651,60393,116648,135390,102044,1
14790,49372,82499,64162,97289,131871,0
12345,1718,81819,14063,94164,83537,0
75213,69248,35104,144461,110317,104352,1
51670,6849,43619,58519,95289,50468,0
89250,59524,63394,148774,152644,122918,1
17711,16230,85183,33941,102894,101413,0
26711,8837,96348,35548,123059,105185,0
82490,15153,70692,97643,153182,85845,1
71678,45132,56895,116810,128573,102027,1
53340,202,60185,53542,113525,60387,0
92744,85723,53220,178467,145964,138943,1
21932,2512,59617,24444,81549,62129,0
7319,79385,80319,86704,87638,159704,1
62598,29358,66343,91956,128941,95701,1
36781,94464,82922,131245,119703,177386,1
12807,71713,95308,84520,108115,167021,0
40848,73300,32060,114148,72908,105360,0
48938,58251,97398,107189,146336,155649,1
77612,1843,76410,79455,154022,78253,1
90959,21163,69675,112122,160634,90838,0
63477,28099,63128,91576,126605,91227,1
14419,75390,99255,89809,113674,174645,0
39516,97515,74314,137031,113830,171829,1
86322,44065,30648,130387,116970,74713,0
79135,9091,79357,88226,158492,88448,1
69551,98155,51804,167706,121355,149959,1
52004,33504,41216,85508,93220,74720,1
32336,4529,28933,36865,61269,33462,1
66411,71400,54307,137811,120718,125707,1
68036,83354,50163,151390,118199,133517,1
98914,94953,36131,193867,135045,131084,1
71170,34506,90071,105676,161241,124577,1
57236,65469,51837,122705,109073,117306,1
75432,67052,58475,142484,133907,125527,1
35335,18862,29457,54197,64792,48319,1
3355,6156,95372,9511,98727,101528,0
46176,80962,98203,127138,144379,179165,1
25285,46870,36544,72155,61829,83414,1
38721,44411,32896,83132,71617,77307,1
92953,92824,24703,185777,117656,117527,1
61910,30550,33965,92460,95875,64515,1
15772,63515,64400,79287,80172,127915,1
54564,378,52643,54942,107207,53021,0
92160,1047,37748,93207,129908,38795,0
13517,26245,52434,39762,65951,78679,0
67935,67736,7768,135671,75703,75504,1
55476,10297,54072,65773,109548,64369,1
80784,52888,33153,133672,113937,86041,1
63431,3123,2753,66554,66184,5876,0
18826,33087,43957,51913,62783,77044,1
75110,35225,58094,110335,133204,93319,1
98523,58207,74569,156730,173092,132776,1
85114,59855,80684,144969,165798,140539,1
87450,47689,30270,135139,117720,77959,0
6171,38633,24916,44804,31087,63549,0
48046,29174,73668,77220,121714,102842,1
41124,98017,98934,139141,140058,196951,1
16683,47535,40618,64218,57301,88153,1
33232,23744,41208,56976,74440,64952,1
90842,8900,64404,99742,155246,73304,0
65809,737,29615,66546,95424,30352,0
19305,75508,4863,94813,24168,80371,0
39003,53548,60669,92551,99672,114217,1
69356,10575,80263,79931,149619,90838,0
66564,4270,78197,70834,144761,82467,0
14460,23543,32138,38003,46598,55681,1
86539,81855,88681,168394,175220,170536,1
77891,26941,56133,104832,134024,83074,1
29503,11485,95884,40988,125387,107369,0
22546,26816,96550,49362,119096,123366,0
88481,30882,2343,119363,90824,33225,0
89933,68666,13669,158599,103602,82335,0
86556,74238,97317,160794,183873,171555,1
44122,37818,90014,81940,134136,127832,0
74431,53058,48040,127489,122471,101098,1
54492,41768,63359,96260,117851,105127,1
8066,8274,3047,16340,11113,11321,1
65764,68403,37407,134167,103171,105810,1
35911,47696,80343,83607,116254,128039,1
29826,26042,43254,55868,73080,69296,1
69557,37450,21616,107007,91173,59066,0
78763,74512,20775,153275,99538,95287,1
34260,58456,32921,92716,67181,91377,1
17484,90786,11017,108270,28501,101803,0
70160,22157,14901,92317,85061,37058,0
97629,88444,94629,186073,192258,183073,1
1235,61227,56387,62462,57622,117614,0
45591,45234,78371,90825,123962,123605,1
39860,52617,78771,92477,118631,131388,1
22402,95498,48152,117900,70554,143650,0
79002,30467,51190,109469,130192,81657,1
96391,57014,77260,153405,173651,134274,1
44980,69215,61809,114195,106789,131024,1
82571,66622,84787,149193,167358,151409,1
22288,89493,49132,111781,71420,138625,0
56137,42267,108,98404,56245,42375,0
19969,82051,26055,102020,46024,108106,0
70700,18796,25309,89496,96009,44105,0
52619,75228,54332,127847,106951,129560,1
95029,88354,83534,183383,178563,171888,1
33687,19705,42522,53392,76209,62227,1
97077,15435,32337,112512,129414,47772,0
10399,49714,99230,60113,109629,148944,0
26423,99487,19470,125910,45893,118957,0
95289,7831,56973,103120,152262,64804,0
27259,28609,79436,55868,106695,108045,0
560,70238,428,70798,988,70666,0
5021,7704,32357,12725,37378,40061,0
8113,26305,70962,34418,79075,97267,0
49117,33605,33154,82722,82271,66759,1
69079,25878,54602,94957,123681,80480,1
20519,8149,81084,28668,101603,89233,0
29708,39625,22193,69333,51901,61818,1
62389,71501,50766,133890,113155,122267,1
84616,64063,56760,148679,141376,120823,1
3945,88415,84033,92360,87978,172448,0
77338,84734,87148,162072,164486,171882,1
73033,50680,98480,123713,171513,149160,1
43993,59169,69047,103162,113040,128216,1
37784,55970,82546,93754,120330,138516,1
79362,44707,72219,124069,151581,116926,1
62949,72317,62690,135266,125639,135007,1
56949,9891,81030,66840,137979,90921,0
99325,36632,24642,135957,123967,61274,0
56866,3780,73692,60646,130558,77472,0
51006,36491,63107,87497,114113,99598,1
56434,22677,4790,79111,61224,27467,0
37314,27944,56974,65258,94288,84918,1
61649,63399,44476,125048,106125,107875,1
24503,66815,74918,91318,99421,141733,1
59174,71205,64839,130379,124013,136044,1
57984,27451,52349,85435,110333,79800,1
13756,61173,57507,74929,71263,118680,1
83935,43763,83030,127698,166965,126793,1
19585,3871,63887,23456,83472,67758,0
52206,2265,38326,54471,90532,40591,0
28270,62923,82888,91193,111158,145811,1
93885,83115,3808,177000,97693,86923,0
27599,63399,53946,90998,81545,117345,1
42779,29953,98640,72732,141419,128593,0
9965,27694,92326,37659,102291,120020,0
62751,26319,71499,89070,134250,97818,1
9050,28392,85336,37442,94386,113728,0
93759,24627,69261,118386,163020,93888,1
91895,15590,98872,107485,190767,114462,1
29496,75656,36969,105152,66465,112625,0
85255,49634,22043,134889,107298,71677,0
4645,79572,91325,84217,95970,170897,0
41563,97258,62514,138821,104077,159772,1
52280,33879,15957,86159,68237,49836,0
65205,98265,82021,163470,147226,180286,1
68309,2656,51535,70965,119844,54191,0
36152,25277,73342,61429,109494,98619,0
89044,19634,14391,108678,103435,34025,0
17497,65140,3100,82637,20597,68240,0
89900,85077,76667,174977,166567,161744,1
81673,93864,83401,175537,165074,177265,1
45435,64607,62443,110042,107878,127050,1
49507,34397,59881,83904,109388,94278,1
85940,41763,53842,127703,139782,95605,1
58728,15935,13210,74663,71938,29145,0
68879,89378,40304,158257,109183,129682,1
17672,10992,66091,28664,83763,77083,0
50108,52243,54747,102351,104855,106990,1
82863,29946,10293,112809,93156,40239,0
7213,88848,47391,96061,54604,136239,0
52349,21191,82095,73540,134444,103286,0
70886,17391,8115,88277,79001,25506,0
37642,12547,52079,50189,89721,64626,0
48665,99268,41088,147933,89753,140356,0
62887,23841,55917,86728,118804,79758,1
30362,50453,98056,80815,128418,148509,0
26741,74720,88099,101461,114840,162819,1
51161,76075,39392,127236,90553,115467,1
51576,31766,11693,83342,63269,43459,0
27868,25927,89789,53795,117657,115716,0
11925,49141,34979,61066,46904,84120,0
2341,54117,90592,56458,92933,144709,0
77702,43043,50969,120745,128671,94012,1
18535,50979,22768,69514,41303,73747,0
19607,15142,11742,34749,31349,26884,1
43346,81381,44092,124727,87438,125473,1
60285,65149,20444,125434,80729,85593,1
62246,15557,56117,77803,118363,71674,1
68789,95200,78875,163989,147664,174075,1
52510,1694,57004,54204,109514,58698,0
17882,69923,33377,87805,51259,103300,0
79865,71955,31471,151820,111336,103426,1
15799,61668,25131,77467,40930,86799,0
12853,16825,61907,29678,74760,78732,0
88512,75940,29578,164452,118090,105518,1
40677,85675,21213,126352,61890,106888,0
38718,82406,9979,121124,48697,92385,0
7734,85285,29220,93019,36954,114505,0
71972,84616,97818,156588,169790,182434,1
40049,44587,16162,84636,56211,60749,1
17938,87073,53176,105011,71114,140249,0
46705,31026,43717,77731,90422,74743,1
30584,9317,31160,39901,61744,40477,1
55533,91613,99376,147146,154909,190989,1
76952,26603,54783,103555,131735,81386,1
55742,67692,60651,123434,116393,128343,1
47284,37706,17155,84990,64439,54861,1
62863,51445,39694,114308,102557,91139,1
26521,44563,88916,71084,115437,133479,0
31186,30591,97769,61777,128955,128360,0
41165,30873,56026,72038,97191,86899,1
46657,16695,31378,63352,78035,48073,1
90247,76104,46922,166351,137169,123026,1
34548,51683,52100,86231,86648,103783,1
20912,3617,53773,24529,74685,57390,0
37256,26072,55289,63328,92545,81361,1
52818,1128,51945,53946,104763,53073,1
64471,87017,26853,151488,91324,113870,1
90825,13320,67983,104145,158808,81303,0
79765,19165,9019,98930,88784,28184,0
32169,47881,24733,80050,56902,72614,1
26932,93582,48615,120514,75547,142197,0
24569,37710,40903,62279,65472,78613,1
41305,23535,87280,64840,128585,110815,0
44250,6009,17976,50259,62226,23985,0
96336,90989,23628,187325,119964,114617,1
3374,38478,25887,41852,29261,64365,0
98555,9648,77926,108203,176481,87574,0
45540,60472,89211,106012,134751,149683,1
51919,38962,85189,90881,137108,124151,1
88496,38128,9371,126624,97867,47499,0
30563,17063,63674,47626,94237,80737,0
55873,37622,91095,93495,146968,128717,1
34814,34174,40861,68988,75675,75035,1
52472,6910,26525,59382,78997,33435,0
54521,92342,63853,146863,118374,156195,1
86572,88478,70524,175050,157096,159002,1
36965,66749,53978,103714,90943,120727,1
94252,46379,56425,140631,150677,102804,1
38408,60061,14311,98469,52719,74372,0
24419,99491,34315,123910,58734,133806,0
4197,97274,88313,101471,92510,185587,0
85763,94354,85487,180117,171250,179841,1
55450,26043,21010,81493,76460,47053,0
24122,93312,46953,117434,71075,140265,0
20496,72619,16040,93115,36536,88659,0
98421,96377,13360,194798,111781,109737,1
74636,27977,9499,102613,84135,37476,0
2828,99859,22744,102687,25572,122603,0
61120,21138,64271,82258,125391,85409,1
37670,43315,10762,80985,48432,54077,1
47398,30945,5082,78343,52480,36027,0
10683,54440,99856,65123,110539,154296,0
43062,24030,54552,67092,97614,78582,1
63465,62424,51646,125889,115111,114070,1
30104,50180,57690,80284,87794,107870,1
22797,60420,6193,83217,28990,66613,0
14015,91207,70356,105222,84371,161563,0
37495,25467,71674,62962,109169,97141,0
14713,23223,57344,37936,72057,80567,0
86383,23780,36318,110163,122701,60098,0
85299,49006,94574,134305,179873,143580,1
45814,89802,54253,135616,100067,144055,1
50153,31922,68650,82075,118803,100572,1
36751,28308,34886,65059,71637,63194,1
63005,96426,10424,159431,73429,106850,0
56069,38723,88957,94792,145026,127680,1
91466,12912,95056,104378,186522,107968,1
70894,72089,31645,142983,102539,103734,1
20011,73954,54763,93965,74774,128717,1
81933,13200,51762,95133,133695,64962,0
29110,87083,37477,116193,66587,124560,0
72335,64249,28604,136584,100939,92853,1
26501,44638,82048,71139,108549,126686,0
28239,25746,92336,53985,120575,118082,0
68467,67636,4844,136103,73311,72480,1
41235,35534,71000,76769,112235,106534,1
94522,63396,61185,157918,155707,124581,1
96198,31083,10276,127281,106474,41359,0
26259,8994,99757,35253,126016,108751,0
35190,25523,8954,60713,44144,34477,0
11608,92821,55427,104429,67035,148248,0
23307,62956,42877,86263,66184,105833,1
2690,34190,55060,36880,57750,89250,0
66834,48755,15731,115589,82565,64486,0
57946,13023,2099,70969,60045,15122,0
76214,68046,88113,144260,164327,156159,1
22543,27697,88480,50240,111023,116177,0
14859,10167,68637,25026,83496,78804,0
54719,49335,52081,104054,106800,101416,1
44238,31599,1316,75837,45554,32915,0
16761,52744,38890,69505,55651,91634,1
60988,37848,77812,98836,138800,115660,1
91583,19811,59113,111394,150696,78924,0
65566,79938,85937,145504,151503,165875,1
51370,82144,76090,133514,127460,158234,1
13207,89495,10015,102702,23222,99510,0
90843,62937,90434,153780,181277,153371,1
81139,66864,34798,148003,115937,101662,1
91144,52750,37381,143894,128525,90131,0
25702,53893,85129,79595,110831,139022,0
95597,11838,17494,107435,113091,29332,0
4518,51146,17816,55664,22334,68962,0
70145,46613,30117,116758,100262,76730,1
34926,7426,32193,42352,67119,39619,1
30881,35052,58896,65933,89777,93948,1
89033,15827,39121,104860,128154,54948,0
53938,87367,75616,141305,129554,162983,1
45511,76753,81529,122264,127040,158282,1
33041,56765,67198,89806,100239,123963,1
23798,36940,82079,60738,105877,119019,0
43271,9301,64930,52572,108201,74231,0
58581,10196,6209,68777,64790,16405,0
85725,15710,24749,101435,110474,40459,0
66528,40044,91435,106572,157963,131479,1
20434,82970,50431,103404,70865,133401,0
27832,79062,2854,106894,30686,81916,0
64819,79004,59143,143823,123962,138147,1
78083,66963,31858,145046,109941,98821,1
32958,86842,17075,119800,50033,103917,0
72557,36354,23915,108911,96472,60269,0
45510,27731,7224,73241,52734,34955,0
95773,80479,20103,176252,115876,100582,1
59814,49194,1604,109008,61418,50798,0
76171,86579,58142,162750,134313,144721,1
65784,18037,95951,83821,161735,113988,0
41979,7419,89022,49398,131001,96441,0
10357,17147,30017,27504,40374,47164,0
57524,20052,93551,77576,151075,113603,0
34120,82530,1525,116650,35645,84055,0
13132,17036,29195,30168,42327,46231,1
39464,30910,22141,70374,61605,53051,1
91014,22395,55544,113409,146558,77939,0
94023,12267,26609,106290,120632,38876,0
21466,58694,89724,80160,111190,148418,0
61612,56370,61960,117982,123572,118330,1
46463,79707,92119,126170,138582,171826,1
88306,63539,40102,151845,128408,103641,1
99288,17293,70271,116581,169559,87564,0
20738,54834,20908,75572,41646,75742,0
40750,41981,49349,82731,90099,91330,1
39459,44353,16779,83812,56238,61132,1
10197,95520,39047,105717,49244,134567,0
11986,15307,97024,27293,109010,112331,0
45815,27774,25452,73589,71267,53226,1
13677,87458,22729,101135,36406,110187,0
27626,38590,42442,66216,70068,81032,1
76839,84784,70917,161623,147756,155701,1
14905,64275,73763,79180,88668,138038,1
84317,95331,17171,179648,101488,112502,1
8133,56465,92048,64598,100181,148513,0
7387,91920,64249,99307,71636,156169,0
51416,91614,54343,143030,105759,145957,1
40841,21199,1365,62040,42206,22564,0
27946,55106,43092,83052,71038,98198,1
19042,22410,82319,41452,101361,104729,0
8222,60307,73082,68529,81304,133389,0
64280,41235,740,105515,65020,41975,0
90099,90126,84635,180225,174734,174761,1
70594,33567,76899,104161,147493,110466,1
38174,70703,66865,108877,105039,137568,1
51986,45730,15144,97716,67130,60874,1
68554,98725,8480,167279,77034,107205,0
90945,88936,82244,179881,173189,171180,1
95163,19875,68962,115038,164125,88837,0
49708,53804,50797,103512,100505,104601,1
26711,38938,83923,65649,110634,122861,0
79384,89027,8527,168411,87911,97554,0
9599,64970,22929,74569,32528,87899,0
92411,68294,8238,160705,100649,76532,0
8546,881,77154,9427,85700,78035,0
91820,20937,18738,112757,110558,39675,0
82131,78896,7579,161027,89710,86475,1
12522,37497,60448,50019,72970,97945,0
91022,74409,63045,165431,154067,137454,1
24113,71908,11344,96021,35457,83252,0
32972,22012,41915,54984,74887,63927,1
8290,47572,50889,55862,59179,98461,1
60874,45884,12905,106758,73779,58789,0
44549,34833,67616,79382,112165,102449,1
49731,4526,10208,54257,59939,14734,0
63235,85341,82285,148576,145520,167626,1
48775,42673,32494,91448,81269,75167,1
51740,84876,24896,136616,76636,109772,0
38951,51236,18990,90187,57941,70226,1
76030,98972,15801,175002,91831,114773,0
69947,23461,68084,93408,138031,91545,1
5616,68559,13096,74175,18712,81655,0
30348,40931,58498,71279,88846,99429,1
47554,26457,91562,74011,139116,118019,0
63444,76544,87390,139988,150834,163934,1
97300,14064,83131,111364,180431,97195,0
8101,68437,54837,76538,62938,123274,0
28430,86780,49820,115210,78250,136600,0
40010,23484,38614,63494,78624,62098,1
51891,32052,1759,83943,53650,33811,0
22336,71987,65254,94323,87590,137241,1
52339,54733,97658,107072,149997,152391,1
10710,56794,57960,67504,68670,114754,1
76227,70251,4248,146478,80475,74499,0
69112,80662,91992,149774,161104,172654,1
72261,79750,40866,152011,113127,120616,1
84404,27317,34113,111721,118517,61430,0
93227,89538,43947,182765,137174,133485,1
13484,66843,70524,80327,84008,137367,1
48429,82473,30748,130902,79177,113221,0
98231,97322,21673,195553,119904,118995,1
74745,53235,73108,127980,147853,126343,1
12669,52566,72678,65235,85347,125244,0
37148,47015,4494,84163,41642,51509,0
67278,64378,3433,131656,70711,67811,1
21540,25316,5700,46856,27240,31016,1
71875,53458,29936,125333,101811,83394,1
84213,65244,57273,149457,141486,122517,1
41400,96718,82872,138118,124272,179590,1
33050,31432,39335,64482,72385,70767,1
62672,92764,19354,155436,82026,112118,0
93875,91206,58556,185081,152431,149762,1
99390,33419,82208,132809,181598,115627,1
16540,67340,23619,83880,40159,90959,0
34272,80339,80045,114611,114317,160384,1
21764,29973,76026,51737,97790,105999,0
56989,23242,24799,80231,81788,48041,0
74353,94946,83182,169299,157535,178128,1
92514,51874,16993,144388,109507,68867,0
22614,14174,59270,36788,81884,73444,0
82456,29667,85931,112123,168387,115598,1
79772,94932,26779,174704,106551,121711,1
2992,87903,28341,90895,31333,116244,0
88120,54818,87059,142938,175179,141877,1
93525,45458,88221,138983,181746,133679,1
33210,88916,90450,122126,123660,179366,1
17413,83606,93378,101019,110791,176984,1
95063,26482,97206,121545,192269,123688,1
37645,42170,14697,79815,52342,56867,1
44919,70460,85959,115379,130878,156419,1
60966,36718,6109,97684,67075,42827,0
8153,39016,2581,47169,10734,41597,0
80399,80405,78502,160804,158901,158907,1
65183,43880,41940,109063,107123,85820,1
30189,53000,85677,83189,115866,138677,0
41026,75124,34038,116150,75064,109162,0
32994,75732,51633,108726,84627,127365,1
8598,51752,57564,60350,66162,109316,1
89669,36697,14484,126366,104153,51181,0
81519,45034,92105,126553,173624,137139,1
59453,98445,13818,157898,73271,112263,0
59320,1594,82061,60914,141381,83655,0
34821,46734,47228,81555,82049,93962,1
19604,11420,8475,31024,28079,19895,1
46267,30605,65647,76872,111914,96252,1
24231,16640,65932,40871,90163,82572,0
39644,11381,38997,51025,78641,50378,1
65998,71520,46119,137518,112117,117639,1
76613,80454,93651,157067,170264,174105,1
94544,61488,35107,156032,129651,96595,1
35407,49358,31342,84765,66749,80700,1
60000,71770,28068,131770,88068,99838,1
77340,57025,4174,134365,81514,61199,0
1867,29840,17748,31707,19615,47588,0
72031,69118,71795,141149,143826,140913,1
37462,72073,8407,109535,45869,80480,0
14713,95081,28247,109794,42960,123328,0
73936,2892,15400,76828,89336,18292,0
32401,85843,93740,118244,126141,179583,1
92404,31496,11135,123900,103539,42631,0
41935,74515,29721,116450,71656,104236,0
47932,73134,48630,121066,96562,121764,1
63009,60844,8201,123853,71210,69045,1
79289,33794,24167,113083,103456,57961,0
49185,66417,45899,115602,95084,112316,1
58803,65302,5046,124105,63849,70348,0
21627,32716,24040,54343,45667,56756,1
22269,29698,26170,51967,48439,55868,1
21514,42803,39730,64317,61244,82533,1
40978,81156,20024,122134,61002,101180,0
60424,95824,98581,156248,159005,194405,1
87062,38800,70697,125862,157759,109497,1
61408,24461,39220,85869,100628,63681,1
90415,4656,81716,95071,172131,86372,0
51015,32678,46861,83693,97876,79539,1
50996,25504,31578,76500,82574,57082,1
17994,5790,36009,23784,54003,41799,0
43566,48062,10219,91628,53785,58281,1
71176,25455,95493,96631,166669,120948,1
28930,85565,91018,114495,119948,176583,1
97249,92254,94249,189503,191498,186503,1
92705,88562,14915,181267,107620,103477,1
68301,27422,37897,95723,106198,65319,0
73810,60379,18020,134189,91830,78399,1
87296,51626,50624,138922,137920,102250,1
96914,46210,48072,143124,144986,94282,0
66526,68798,11895,135324,78421,80693,1
32524,24210,94791,56734,127315,119001,0
88713,6231,76445,94944,165158,82676,0
15892,63011,12594,78903,28486,75605,0
79392,4324,28284,83716,107676,32608,0
9906,99601,30737,109507,40643,130338,0
29051,90097,44503,119148,73554,134600,0
52410,17275,91966,69685,144376,109241,0
47612,91478,17859,139090,65471,109337,0
98948,99924,75766,198872,174714,175690,1
39218,38370,23706,77588,62924,62076,1
33553,91074,98965,124627,132518,190039,1
18987,96954,7233,115941,26220,104187,0
12613,22663,83522,35276,96135,106185,0
85966,56585,69842,142551,155808,126427,1
33716,30634,18651,64350,52367,49285,1
68578,61941,62438,130519,131016,124379,1
10052,50816,32749,60868,42801,83565,0
11160,41773,71222,52933,82382,112995,0
97213,98176,69495,195389,166708,167671,1
61853,19996,85612,81849,147465,105608,0
5320,39745,47891,45065,53211,87636,0
49885,67027,76594,116912,126479,143621,1
54702,54569,39299,109271,94001,93868,1
45258,64871,73693,110129,118951,138564,1
3439,21518,84843,24957,88282,106361,0
87012,48416,71575,135428,158587,119991,1
68292,78360,83311,146652,151603,161671,1
20901,92259,73993,113160,94894,166252,1
32629,44334,21876,76963,54505,66210,1
97022,14972,17006,111994,114028,31978,0
82709,41779,71901,124488,154610,113680,1
68718,28256,9540,96974,78258,37796,0
70216,57298,44386,127514,114602,101684,1
4248,30356,43850,34604,48098,74206,0
91594,25826,94774,117420,186368,120600,1
4020,33372,41579,37392,45599,74951,0
70666,97118,48120,167784,118786,145238,1
25010,38581,86946,63591,111956,125527,0
18673,94001,70185,112674,88858,164186,0
35787,31304,47766,67091,83553,79070,1
816,35779,66468,36595,67284,102247,0
2524,43042,63131,45566,65655,106173,0
20145,74617,2341,94762,22486,76958,0
1383,36293,23831,37676,25214,60124,0
46791,66835,20534,113626,67325,87369,1
60368,52772,43153,113140,103521,95925,1
6145,60177,60282,66322,66427,120459,1
50354,58207,9329,108561,59683,67536,1
49289,81652,40100,130941,89389,121752,1
9852,69724,62516,79576,72368,132240,1
57761,85707,23289,143468,81050,108996,0
94834,35855,78216,130689,173050,114071,1
68094,4674,7168,72768,75262,11842,0
28876,47446,33244,76322,62120,80690,1
61303,35288,12917,96591,74220,48205,0
73976,48462,66193,122438,140169,114655,1
70545,47026,68906,117571,139451,115932,1
94485,10991,82270,105476,176755,93261,0
28819,5626,12961,34445,41780,18587,0
45783,77170,36992,122953,82775,114162,1
37806,37328,88733,75134,126539,126061,0
62187,10165,52666,72352,114853,62831,1
56934,22700,25737,79634,82671,48437,0
35134,44915,7482,80049,42616,52397,0
55248,79193,40578,134441,95826,119771,1
18474,14828,68044,33302,86518,82872,0
88220,78300,75284,166520,163504,153584,1
11152,71953,4223,83105,15375,76176,0
34548,4706,57288,39254,91836,61994,0
69288,74074,57573,143362,126861,131647,1
44760,70587,72729,115347,117489,143316,1
47209,93799,43658,141008,90867,137457,0
22629,9007,35188,31636,57817,44195,0
72874,58541,65030,131415,137904,123571,1
13451,49802,80865,63253,94316,130667,0
20360,77819,21804,98179,42164,99623,0
99118,18309,9973,117427,109091,28282,0
21949,65692,58979,87641,80928,124671,1
42068,19474,35922,61542,77990,55396,1
80947,53972,7008,134919,87955,60980,0
29740,33191,95855,62931,125595,129046,0
81062,48869,59974,129931,141036,108843,1
42225,58490,55972,100715,98197,114462,1
92984,99745,50438,192729,143422,150183,1
40701,52045,42755,92746,83456,94800,1
30355,90858,19579,121213,49934,110437,0
99676,62111,53010,161787,152686,115121,1
31029,53248,8337,84277,39366,61585,0
50286,46656,14849,96942,65135,61505,1
18214,22645,29922,40859,48136,52567,1
77131,49605,89706,126736,166837,139311,1
20233,72244,36280,92477,56513,108524,0
72755,38159,88650,110914,161405,126809,1
34000,12688,23209,46688,57209,35897,1
29515,4019,23295,33534,52810,27314,0
90332,40059,52733,130391,143065,92792,1
73163,23667,90974,96830,164137,114641,1
10679,37810,77330,48489,88009,115140,0
9487,79234,57045,88721,66532,136279,0
5982,65077,62802,71059,68784,127879,1
53738,46895,24673,100633,78411,71568,1
46297,28632,61246,74929,107543,89878,1
2040,30894,83908,32934,85948,114802,0
79646,79862,72952,159508,152598,152814,1
45809,53999,57063,99808,102872,111062,1
6640,2335,4509,8975,11149,6844,1
91051,87249,5713,178300,96764,92962,1
25812,38505,60858,64317,86670,99363,1
4957,28992,73555,33949,78512,102547,0
22704,38930,46177,61634,68881,85107,1
30062,94913,20094,124975,50156,115007,0
34983,25010,27268,59993,62251,52278,1
92849,35558,82281,128407,175130,117839,1
75986,79618,18283,155604,94269,97901,1
1035,75323,42294,76358,43329,117617,0
25495,94200,15050,119695,40545,109250,0
97818,81002,95025,178820,192843,176027,1
65699,4284,32140,69983,97839,36424,0
30049,17366,4755,47415,34804,22121,0
36150,34013,51300,70163,87450,85313,1
3721,58663,58481,62384,62202,117144,1
6232,14777,84676,21009,90908,99453,0
56360,85422,72044,141782,128404,157466,1
62694,46479,87896,109173,150590,134375,1
67143,77232,61043,144375,128186,138275,1
71349,99841,71467,171190,142816,171308,1
9378,79599,69367,88977,78745,148966,0
48265,1080,24751,49345,73016,25831,0
29334,91135,52477,120469,81811,143612,0
59672,5515,10905,65187,70577,16420,0
30648,23502,10701,54150,41349,34203,1
71088,84323,74620,155411,145708,158943,1
18077,77712,73462,95789,91539,151174,1
56035,59180,95490,115215,151525,154670,1
49895,74192,66518,124087,116413,140710,1
55058,10108,26532,65166,81590,36640,0
8711,94132,19903,102843,28614,114035,0
90954,26339,72178,117293,163132,98517,1
31836,15595,55316,47431,87152,70911,0
53709,54663,79914,108372,133623,134577,1
69031,84185,52530,153216,121561,136715,1
20005,48110,87595,68115,107600,135705,0
24963,8430,67586,33393,92549,76016,0
11164,84533,34175,95697,45339,118708,0
19811,13746,94497,33557,114308,108243,0
11447,43345,96194,54792,107641,139539,0
15010,12365,51043,27375,66053,63408,0
15318,58221,4442,73539,19760,62663,0
63366,15502,61219,78868,124585,76721,1
33175,18137,85627,51312,118802,103764,0
24687,78136,27109,102823,51796,105245,0
21017,44240,23286,65257,44303,67526,1
64282,91908,2034,156190,66316,93942,0
72682,91101,18119,163783,90801,109220,0
226,64005,90896,64231,91122,154901,0
25695,15485,94821,41180,120516,110306,0
62917,10573,18093,73490,81010,28666,0
17439,2572,7134,20011,24573,9706,0
94315,78955,74374,173270,168689,153329,1
62627,41400,95675,104027,158302,137075,1
59420,99017,73905,158437,133325,172922,1
99938,84311,38798,184249,138736,123109,1
13446,55054,56716,68500,70162,111770,1
26792,3567,18720,30359,45512,22287,0
72922,69590,40574,142512,113496,110164,1
7881,98128,35015,106009,42896,133143,0
94356,71045,77309,165401,171665,148354,1
56343,44571,25746,100914,82089,70317,1
88372,95170,28693,183542,117065,123863,1
7737,73747,77304,81484,85041,151051,1
14724,91216,49200,105940,63924,140416,0
35486,62957,6747,98443,42233,69704,0
3051,66510,27635,69561,30686,94145,0
45738,86042,76719,131780,122457,162761,1
4446,17913,16575,22359,21021,34488,1
69438,94216,71669,163654,141107,165885,1
80980,16831,61595,97811,142575,78426,0
40714,99667,72890,140381,113604,172557,1
4375,45214,41394,49589,45769,86608,1
84865,77574,91284,162439,176149,168858,1
56815,2498,58247,59313,115062,60745,1
79813,20559,6274,100372,86087,26833,0
23622,79173,74,102795,23696,79247,0
36834,14893,18254,51727,55088,33147,0
74205,84704,20834,158909,95039,105538,1
73097,68428,89086,141525,162183,157514,1
96341,18030,56713,114371,153054,74743,0
51543,60820,37312,112363,88855,98132,1
47385,76189,25158,123574,72543,101347,0
91294,91451,60939,182745,152233,152390,1
50928,27142,97252,78070,148180,124394,0
68940,56103,5322,125043,74262,61425,0
62906,72218,8546,135124,71452,80764,0
90107,22904,19317,113011,109424,42221,0
2977,56524,40891,59501,43868,97415,0
89952,73335,84292,163287,174244,157627,1
54877,31193,69696,86070,124573,100889,1
19078,66720,61464,85798,80542,128184,1
38264,90540,42046,128804,80310,132586,0
37398,70134,60575,107532,97973,130709,1
4691,63535,54227,68226,58918,117762,0
49632,46603,10254,96235,59886,56857,1
56540,39710,33023,96250,89563,72733,1
79380,9010,8841,88390,88221,17851,0
76242,38905,61213,115147,137455,100118,1
17786,59561,42854,77347,60640,102415,1
11985,50950,85889,62935,97874,136839,0
73922,80043,30393,153965,104315,110436,1
79041,7743,53531,86784,132572,61274,0
85151,89400,83072,174551,168223,172472,1
23052,17193,84607,40245,107659,101800,0
44499,37001,89849,81500,134348,126850,0
42247,11366,8607,53613,50854,19973,0
39714,94924,4482,134638,44196,99406,0
24147,76774,76653,100921,100800,153427,1
64424,57363,28083,121787,92507,85446,1
6722,97766,8181,104488,14903,105947,0
97749,9781,76609,107530,174358,86390,0
81341,57900,25707,139241,107048,83607,1
45215,21040,68554,66255,113769,89594,0
75348,96997,87622,172345,162970,184619,1
41279,71942,74287,113221,115566,146229,1
19643,57174,57393,76817,77036,114567,1
30403,63240,92994,93643,123397,156234,1
7382,2421,7679,9803,15061,10100,1
96783,9653,57872,106436,154655,67525,0
60691,94472,85364,155163,146055,179836,1
95119,97602,5601,192721,100720,103203,1
86045,20467,57579,106512,143624,78046,0
5456,14550,67758,20006,73214,82308,0
1829,71105,99728,72934,101557,170833,0
47533,92445,33904,139978,81437,126349,0
83974,80022,37153,163996,121127,117175,1
40230,19463,66834,59693,107064,86297,0
20351,23582,31809,43933,52160,55391,1
19014,73909,15542,92923,34556,89451,0
87845,88076,35760,175921,123605,123836,1
86880,22764,40495,109644,127375,63259,0
17097,99252,53353,116349,70450,152605,0
24705,16263,17286,40968,41991,33549,1
1299,92121,93206,93420,94505,185327,1
86109,19292,4212,105401,90321,23504,0
31100,42764,32199,73864,63299,74963,1
81850,3020,89678,84870,171528,92698,0
61469,69972,5075,131441,66544,75047,0
57474,39415,7645,96889,65119,47060,0
2356,19629,12163,21985,14519,31792,0
29601,36285,93066,65886,122667,129351,0
53098,12626,73407,65724,126505,86033,0
81932,14579,35177,96511,117109,49756,0
83956,12526,78018,96482,161974,90544,1
46500,21952,71737,68452,118237,93689,0
26804,92066,29507,118870,56311,121573,0
22686,80730,85834,103416,108520,166564,1
92329,28733,9441,121062,101770,38174,0
82719,48102,97666,130821,180385,145768,1
87723,86398,21103,174121,108826,107501,1
54922,61351,75377,116273,130299,136728,1
84067,24420,10242,108487,94309,34662,0
23648,54549,77048,78197,100696,131597,1
63291,98492,91220,161783,154511,189712,1
63692,12847,8117,76539,71809,20964,0
57221,14818,6915,72039,64136,21733,0
35595,60440,58754,96035,94349,119194,1
4658,75057,97788,79715,102446,172845,0
41824,56333,82817,98157,124641,139150,1
11081,48321,59048,59402,70129,107369,1
29922,18493,80171,48415,110093,98664,0
74399,95297,62264,169696,136663,157561,1
43148,69804,2390,112952,45538,72194,0
82361,82564,41806,164925,124167,124370,1
20799,96840,480,117639,21279,97320,0
69659,83231,67966,152890,137625,151197,1
39767,93255,87821,133022,127588,181076,1
91679,72164,72686,163843,164365,144850,1
94893,60695,16515,155588,111408,77210,0
33623,20846,13879,54469,47502,34725,1
54439,59456,59506,113895,113945,118962,1
77650,99923,2588,177573,80238,102511,0
18323,53764,79349,72087,97672,133113,0
19158,83803,26778,102961,45936,110581,0
38647,20509,17283,59156,55930,37792,0
25271,50529,19628,75800,44899,70157,0
99357,55072,38528,154429,137885,93600,0
7813,23601,5511,31414,13324,29112,0
42086,13386,32074,55472,74160,45460,1
43816,99771,28608,143587,72424,128379,0
21303,5158,41320,26461,62623,46478,0
87764,33601,17247,121365,105011,50848,0
37867,97985,41676,135852,79543,139661,0
28917,47425,27722,76342,56639,75147,1
94080,19656,82077,113736,176157,101733,1
33124,39523,15827,72647,48951,55350,1
13255,50256,94733,63511,107988,144989,0
20861,59022,32908,79883,53769,91930,0
33589,64276,85997,97865,119586,150273,1
65097,55118,70780,120215,135877,125898,1
94382,87650,9014,182032,103396,96664,1
9264,31328,49513,40592,58777,80841,0
70796,52727,36775,123523,107571,89502,1
44501,13097,98720,57598,143221,111817,0
92238,41469,33499,133707,125737,74968,0
77873,19464,25606,97337,103479,45070,0
41581,36256,52378,77837,93959,88634,1
3863,63189,85972,67052,89835,149161,0
47363,29719,88122,77082,135485,117841,0
63845,3608,97113,67453,160958,100721,0
64744,56425,63318,121169,128062,119743,1
166,8259,40707,8425,40873,48966,0
23243,58063,42395,81306,65638,100458,1
7467,85896,27775,93363,35242,113671,0
6651,68940,77699,75591,84350,146639,0
2628,4546,864,7174,3492,5410,0
3817,99898,91640,103715,95457,191538,0
36796,67794,47407,104590,84203,115201,1
54342,79833,89125,134175,143467,168958,1
96842,88999,87190,185841,184032,176189,1
62039,46613,16334,108652,78373,62947,1
20507,29158,15635,49665,36142,44793,1
1927,15756,38332,17683,40259,54088,0
15652,268,88536,15920,104188,88804,0
36933,84245,32263,121178,69196,116508,0
90180,86966,4849,177146,95029,91815,1
24534,9743,5012,34277,29546,14755,0
87733,4149,70056,91882,157789,74205,0
58852,9224,93411,68076,152263,102635,0
97193,92389,75266,189582,172459,167655,1
11468,42777,51670,54245,63138,94447,1
78314,15430,5172,93744,83486,20602,0
56735,86371,90447,143106,147182,176818,1
63895,25758,70672,89653,134567,96430,1
77970,85542,14314,163512,92284,99856,1
33430,52508,54869,85938,88299,107377,1
27311,16912,91850,44223,119161,108762,0
92641,1155,76603,93796,169244,77758,0
90291,82927,32060,173218,122351,114987,1
15587,98260,59193,113847,74780,157453,0
16343,76668,2400,93011,18743,79068,0
71947,47767,16791,119714,88738,64558,0
32984,11982,15240,44966,48224,27222,0
10171,20072,39092,30243,49263,59164,0
97084,49425,48446,146509,145530,97871,1
51634,1992,94950,53626,146584,96942,0
3659,17989,6420,21648,10079,24409,0
9288,45065,75029,54353,84317,120094,0
91776,41318,74442,133094,166218,115760,1
3754,65762,65427,69516,69181,131189,1
63606,77073,3317,140679,66923,80390,0
82763,33794,94949,116557,177712,128743,1
96223,47367,37293,143590,133516,84660,0
4566,22627,87190,27193,91756,109817,0
8200,83997,8225,92197,16425,92222,0
4123,94785,31944,98908,36067,126729,0
86429,58905,42463,145334,128892,101368,1
31517,88681,78069,120198,109586,166750,1
49961,59967,79233,109928,129194,139200,1
59324,99727,49405,159051,108729,149132,1
82287,72327,37065,154614,119352,109392,1
79800,75158,90132,154958,169932,165290,1
64325,6191,38345,70516,102670,44536,0
56237,30676,58346,86913,114583,89022,1
63952,43160,55945,107112,119897,99105,1
82754,74968,94102,157722,176856,169070,1
57212,45191,8737,102403,65949,53928,0
57032,40248,50060,97280,107092,90308,1
6118,62479,27954,68597,34072,90433,0
630,86051,34635,86681,35265,120686,0
56835,95182,49679,152017,106514,144861,1
30138,43898,26764,74036,56902,70662,1
19906,14931,36941,34837,56847,51872,0
28143,59704,12018,87847,40161,71722,0
3562,6562,78133,10124,81695,84695,0
50790,46047,45283,96837,96073,91330,1
64580,46956,17120,111536,81700,64076,0
20761,54522,24033,75283,44794,78555,0
98877,73123,55058,172000,153935,128181,1
72645,59351,64890,131996,137535,124241,1
49468,44981,30079,94449,79547,75060,1
79895,77625,15380,157520,95275,93005,1
25618,89987,31461,115605,57079,121448,0
26283,99238,67787,125521,94070,167025,0
9458,92080,2739,101538,12197,94819,0
68289,28196,2069,96485,70358,30265,0
71443,5295,22562,76738,94005,27857,0
4806,62667,29097,67473,33903,91764,0
49232,34556,95006,83788,144238,129562,0
66659,39584,32690,106243,99349,72274,1
80057,66500,34253,146557,114310,100753,1
58376,60023,41505,118399,99881,101528,1
83591,87693,94214,171284,177805,181907,1
19873,31460,49044,51333,68917,80504,1
74871,16535,49488,91406,124359,66023,0
24379,69640,8955,94019,33334,78595,0
85443,144,95701,85587,181144,95845,0
74765,99518,95986,174283,170751,195504,1
45496,86581,74749,132077,120245,161330,1
91915,45594,4116,137509,96031,49710,0
63697,39529,72427,103226,136124,111956,1
9551,14741,45478,24292,55029,60219,0
16634,57419,79587,74053,96221,137006,0
88319,69593,71002,157912,159321,140595,1
84396,69274,50038,153670,134434,119312,1
97570,69807,32040,167377,129610,101847,1
80793,36007,93876,116800,174669,129883,1
32315,33259,35850,65574,68165,69109,1
27014,85694,65182,112708,92196,150876,1
69234,30331,56432,99565,125666,86763,1
67807,76575,24410,144382,92217,100985,1
39969,95851,15034,135820,55003,110885,0
7219,34212,65354,41431,72573,99566,0
19190,91690,57049,110880,76239,148739,0
81574,15928,70765,97502,152339,86693,1
57317,54,31783,57371,89100,31837,0
49240,19805,70710,69045,119950,90515,0
45400,51287,63667,96687,109067,114954,1
21545,98117,38309,119662,59854,136426,0
93947,18147,99150,112094,193097,117297,1
40827,49291,76709,90118,117536,126000,1
17573,96688,94321,114261,111894,191009,1
93973,52805,94898,146778,188871,147703,1
22140,80369,97177,102509,119317,177546,1
83957,48017,8757,131974,92714,56774,0
59277,71554,93129,130831,152406,164683,1
7437,28109,29772,35546,37209,57881,1
90627,47331,96331,137958,186958,143662,1
99215,47550,47926,146765,147141,95476,0
44530,53959,72567,98489,117097,126526,1
78062,17985,25158,96047,103220,43143,0
29857,80628,52424,110485,82281,133052,1
49500,18898,3252,68398,52752,22150,0
914,23031,26179,23945,27093,49210,0
86237,38803,92582,125040,178819,131385,1
67384,29807,42447,97191,109831,72254,1
5919,1472,78764,7391,84683,80236,0
8476,68632,85555,77108,94031,154187,0
82936,3583,73680,86519,156616,77263,0
99446,71824,45005,171270,144451,116829,1
24360,40173,66198,64533,90558,106371,0
99085,5352,37507,104437,136592,42859,0
50289,98933,24699,149222,74988,123632,0
7743,84408,25368,92151,33111,109776,0
51472,94836,97695,146308,149167,192531,1
97467,15054,57100,112521,154567,72154,0
70041,5952,20921,75993,90962,26873,0
50006,41669,2100,91675,52106,43769,0
90545,62789,76976,153334,167521,139765,1
26413,26060,76482,52473,102895,102542,0
37896,30412,18290,68308,56186,48702,1
6139,61292,48283,67431,54422,109575,0
51936,27186,78785,79122,130721,105971,1
74043,28560,44834,102603,118877,73394,0
12883,6608,26702,19491,39585,33310,0
10479,37001,4625,47480,15104,41626,0
79797,98953,3470,178750,83267,102423,0
34087,11777,80592,45864,114679,92369,0
29453,81012,11744,110465,41197,92756,0
43472,45739,48616,89211,92088,94355,1
86473,28686,39142,115159,125615,67828,0
98040,76792,96617,174832,194657,173409,1
85730,19817,56027,105547,141757,75844,0
44415,67767,13522,112182,57937,81289,0
38055,92883,85152,130938,123207,178035,1
490,16672,11719,17162,12209,28391,0
46770,76236,73719,123006,120489,149955,1
23576,95373,30793,118949,54369,126166,0
6723,60366,42399,67089,49122,102765,0
89529,33414,50633,122943,140162,84047,0
88579,10503,90275,99082,178854,100778,1
97982,68883,20984,166865,118966,89867,0
56399,17712,60119,74111,116518,77831,1
63296,35164,88866,98460,152162,124030,1
7333,10349,15237,17682,22570,25586,1
16438,66969,2438,83407,18876,69407,0
12671,73253,86454,85924,99125,159707,0
19140,94169,69648,113309,88788,163817,0
39270,45995,45805,85265,85075,91800,1
14951,66488,20494,81439,35445,86982,0
82308,41165,5653,123473,87961,46818,0
82407,57525,37856,139932,120263,95381,1
46021,64618,27848,110639,73869,92466,1
25615,46387,86622,72002,112237,133009,0
67128,39833,6799,106961,73927,46632,0
87825,94651,87264,182476,175089,181915,1
10975,75911,99828,86886,110803,175739,0
36438,27133,44176,63571,80614,71309,1
99693,74999,23227,174692,122920,98226,0
54426,79998,16012,134424,70438,96010,0
73185,60366,22111,133551,95296,82477,1
12681,3425,65866,16106,78547,69291,0
23717,13081,45800,36798,69517,58881,0
83307,9311,21714,92618,105021,31025,0
27792,78338,34324,106130,62116,112662,0
17190,26066,72983,43256,90173,99049,0
86598,3197,28951,89795,115549,32148,0
57454,65347,66313,122801,123767,131660,1
27675,5252,27323,32927,54998,32575,1
89730,95895,31344,185625,121074,127239,1
14745,59775,13147,74520,27892,72922,0
65967,89819,74646,155786,140613,164465,1
8085,35598,45542,43683,53627,81140,0
81447,49554,66127,131001,147574,115681,1
70160,543,79319,70703,149479,79862,0
22218,46209,75954,68427,98172,122163,0
67829,87538,27858,155367,95687,115396,1
63490,70391,15175,133881,78665,85566,1
44755,10246,95784,55001,140539,106030,0
91810,99261,44309,191071,136119,143570,1
41371,41558,16081,82929,57452,57639,1
27404,28315,82709,55719,110113,111024,0
54486,32356,64227,86842,118713,96583,1
91444,13953,73167,105397,164611,87120,0
77922,21284,70781,99206,148703,92065,1
75014,23221,11575,98235,86589,34796,0
28123,60542,36503,88665,64626,97045,1
88714,28719,92346,117433,181060,121065,1
83419,57534,9130,140953,92549,66664,0
70262,87864,42462,158126,112724,130326,1
79732,61331,66099,141063,145831,127430,1
37818,25007,35014,62825,72832,60021,1
38373,13290,17852,51663,56225,31142,0
39386,69300,7237,108686,46623,76537,0
33941,5700,79499,39641,113440,85199,0
51895,55527,1578,107422,53473,57105,0
54653,44403,36886,99056,91539,81289,1
20111,84478,85521,104589,105632,169999,1
5252,97039,67090,102291,72342,164129,0
51723,96811,49228,148534,100951,146039,1
28959,78022,49228,106981,78187,127250,1
77657,76411,92951,154068,170608,169362,1
24430,64651,70730,89081,95160,135381,1
97191,94137,82,191328,97273,94219,0
319,34368,55481,34687,55800,89849,0
44009,33623,40849,77632,84858,74472,1
36196,85380,27567,121576,63763,112947,0
17521,83025,95138,100546,112659,178163,1
77251,46180,6315,123431,83566,52495,0
17156,15265,6921,32421,24077,22186,1
43232,53762,85498,96994,128730,139260,1
9403,21525,28941,30928,38344,50466,1
52616,51845,90403,104461,143019,142248,1
98563,33777,13954,132340,112517,47731,0
74640,55897,51662,130537,126302,107559,1
6509,90744,95516,97253,102025,186260,1
59340,92695,59132,152035,118472,151827,1
13063,98472,27456,111535,40519,125928,0
12686,50695,34338,63381,47024,85033,0
6830,78040,21716,84870,28546,99756,0
95111,9431,37677,104542,132788,47108,0
88191,48967,91198,137158,179389,140165,1
73931,27726,20267,101657,94198,47993,0
11166,36375,53192,47541,64358,89567,0
3105,79496,43435,82601,46540,122931,0
96137,53932,93098,150069,189235,147030,1
87789,53075,89001,140864,176790,142076,1
4521,46628,59237,51149,63758,105865,0
51010,13636,79429,64646,130439,93065,0
5922,83313,79714,89235,85636,163027,1
69722,28983,91347,98705,161069,120330,1
2274,86609,20372,88883,22646,106981,0
12896,81558,55434,94454,68330,136992,0
39448,72357,52995,111805,92443,125352,1
76786,73322,79932,150108,156718,153254,1
35667,5948,22829,41615,58496,28777,0
78704,82449,42376,161153,121080,124825,1
79477,51604,66713,131081,146190,118317,1
42927,38828,14006,81755,56933,52834,1
12646,37878,19112,50524,31758,56990,0
18919,88687,9431,107606,28350,98118,0
97085,84576,81507,181661,178592,166083,1
22862,20592,83535,43454,106397,104127,0
28716,44880,35893,73596,64609,80773,1
35253,32002,89009,67255,124262,121011,0
12606,75359,14525,87965,27131,89884,0
87222,42249,12640,129471,99862,54889,0
65267,9391,30352,74658,95619,39743,0
52893,86227,70138,139120,123031,156365,1
12813,50217,16606,63030,29419,66823,0
94641,37800,65585,132441,160226,103385,1
87161,61057,30436,148218,117597,91493,1
57380,83641,81665,141021,139045,165306,1
69058,37363,35551,106421,104609,72914,1
92167,11291,55360,103458,147527,66651,0
99720,44440,55019,144160,154739,99459,0
95917,58755,86038,154672,181955,144793,1
50170,1572,35491,51742,85661,37063,0
23827,18532,16128,42359,39955,34660,1
72308,67337,27896,139645,100204,95233,1
12841,32362,16014,45203,28855,48376,0
80085,94367,47579,174452,127664,141946,1
69612,70432,37936,140044,107548,108368,1
55702,67478,26714,123180,82416,94192,1
87523,70699,84732,158222,172255,155431,1
646,42611,26967,43257,27613,69578,0
6408,57177,15711,63585,22119,72888,0
17082,57631,84794,74713,101876,142425,0
54532,27160,31270,81692,85802,58430,1
31200,41860,45589,73060,76789,87449,1
42993,8536,43515,51529,86508,52051,1
44222,40929,9016,85151,53238,49945,1
87111,52203,27225,139314,114336,79428,0
70138,42317,58994,112455,129132,101311,1
31277,26902,57846,58179,89123,84748,1
14116,56052,68214,70168,82330,124266,1
56993,2012,50741,59005,107734,52753,0
7518,34648,88479,42166,95997,123127,0
9285,46264,887,55549,10172,47151,0
49741,56782,48522,106523,98263,105304,1
26801,23746,89472,50547,116273,113218,0
95491,57767,81969,153258,177460,139736,1
50040,5238,17233,55278,67273,22471,0
31082,88345,82685,119427,113767,171030,1
99589,34758,18323,134347,117912,53081,0
9951,35704,82010,45655,91961,117714,0
66886,92532,43849,159418,110735,136381,1
14102,35886,67244,49988,81346,103130,0
64657,71824,42931,136481,107588,114755,1
48032,44630,50844,92662,98876,95474,1
77835,91368,88891,169203,166726,180259,1
8844,10953,97005,19797,105849,107958,0
96755,17443,27133,114198,123888,44576,0
44685,72005,96146,116690,140831,168151,1
61,53804,94492,53865,94553,148296,0
37520,76933,43276,114453,80796,120209,1
67045,89388,79587,156433,146632,168975,1
79498,83788,84858,163286,164356,168646,1
82433,10193,67777,92626,150210,77970,0
33817,6549,97060,40366,130877,103609,0
41518,28228,62651,69746,104169,90879,1
9634,96551,34286,106185,43920,130837,0
2016,95271,68742,97287,70758,164013,0
38059,67670,61623,105729,99682,129293,1
42297,86667,35695,128964,77992,122362,0
19775,18459,25323,38234,45098,43782,1
56790,29496,41182,86286,97972,70678,1
28209,56416,32268,84625,60477,88684,1
69321,74327,47494,143648,116815,121821,1
57278,21686,27185,78964,84463,48871,0
858,56885,29634,57743,30492,86519,0
30800,83461,55800,114261,86600,139261,1
1526,28056,13353,29582,14879,41409,0
96294,20426,26716,116720,123010,47142,0
95150,35215,32548,130365,127698,67763,0
10804,26483,79169,37287,89973,105652,0
57632,19603,38880,77235,96512,58483,1
53661,83816,84790,137477,138451,168606,1
97416,73978,81096,171394,178512,155074,1
54477,18312,7621,72789,62098,25933,0
79716,25957,57548,105673,137264,83505,1
51558,77983,71573,129541,123131,149556,1
14359,5846,47726,20205,62085,53572,0
92080,82850,98804,174930,190884,181654,1
40657,86932,11205,127589,51862,98137,0
53242,87217,5056,140459,58298,92273,0
12641,7698,46947,20339,59588,54645,0
93298,44797,51484,138095,144782,96281,1
35412,19981,86992,55393,122404,106973,0
29498,33416,29418,62914,58916,62834,1
5380,26222,52722,31602,58102,78944,0
35559,10187,7186,45746,42745,17373,0
5728,62995,49585,68723,55313,112580,0
60132,34468,43401,94600,103533,77869,1
11938,97372,46036,109310,57974,143408,0
84309,52984,21426,137293,105735,74410,0
15004,25597,55787,40601,70791,81384,0
499,30674,60709,31173,61208,91383,0
48563,5163,48946,53726,97509,54109,1
9730,70464,14268,80194,23998,84732,0
22411,88990,71661,111401,94072,160651,1
24638,24148,96144,48786,120782,120292,0
32472,75179,67960,107651,100432,143139,1
47623,3953,91326,51576,138949,95279,0
37313,21341,62493,58654,99806,83834,0
79231,52842,33620,132073,112851,86462,1
47790,67279,68259,115069,116049,135538,1
65488,84492,94764,149980,160252,179256,1
362,75687,64212,76049,64574,139899,0
91240,96321,69773,187561,161013,166094,1
55861,27629,44154,83490,100015,71783,1
34265,22232,49087,56497,83352,71319,1
51991,95064,12046,147055,64037,107110,0
40654,36375,87326,77029,127980,123701,0
78050,16825,44512,94875,122562,61337,0
77960,23934,7223,101894,85183,31157,0
67485,78543,64206,146028,131691,142749,1
69878,35196,3311,105074,73189,38507,0
48398,92578,70912,140976,119310,163490,1
47872,68861,92088,116733,139960,160949,1
14985,3186,81785,18171,96770,84971,0
35229,8748,5118,43977,40347,13866,0
7105,52476,53560,59581,60665,106036,1
11937,29704,51447,41641,63384,81151,0
21213,11454,83087,32667,104300,94541,0
96830,22198,89451,119028,186281,111649,1
39133,56234,27683,95367,66816,83917,1
36408,34866,88872,71274,125280,123738,0
85087,61535,15258,146622,100345,76793,0
12619,87767,153,100386,12772,87920,0
84637,53200,9764,137837,94401,62964,0
67458,31533,56949,98991,124407,88482,1
94813,97827,63666,192640,158479,161493,1
67423,35608,25763,103031,93186,61371,0
57521,20524,31251,78045,88772,51775,0
74311,96356,58253,170667,132564,154609,1
64631,78843,5322,143474,69953,84165,0
66904,5318,69351,72222,136255,74669,1
32422,24580,79846,57002,112268,104426,0
61151,98011,90857,159162,152008,188868,1
80760,43117,24077,123877,104837,67194,0
21405,32467,52161,53872,73566,84628,1
93268,48945,76002,142213,169270,124947,1
63351,24431,90140,87782,153491,114571,0
52182,48550,20007,100732,72189,68557,1
48817,78485,81013,127302,129830,159498,1
56142,22765,48456,78907,104598,71221,1
77037,68850,62015,145887,139052,130865,1
67356,78224,71142,145580,138498,149366,1
1696,55050,70853,56746,72549,125903,0
40360,72247,91077,112607,131437,163324,1
3756,5594,20141,9350,23897,25735,0
95075,83301,74897,178376,169972,158198,1
23070,62233,28064,85303,51134,90297,0
54050,83164,52158,137214,106208,135322,1
34450,24394,8998,58844,43448,33392,0
30424,18107,84515,48531,114939,102622,0
32891,30616,60273,63507,93164,90889,1
35344,64702,93073,100046,128417,157775,1
2689,53104,69188,55793,71877,122292,0
50586,48130,74684,98716,125270,122814,1
69360,75858,35157,145218,104517,111015,1
3317,59576,93871,62893,97188,153447,0
69705,21309,73884,91014,143589,95193,1
89727,56622,53236,146349,142963,109858,1
8731,98122,11805,106853,20536,109927,0
25968,61908,47192,87876,73160,109100,1
69386,14575,66326,83961,135712,80901,1
7013,73683,53021,80696,60034,126704,0
54169,36079,66597,90248,120766,102676,1
60157,15428,52975,75585,113132,68403,1
20641,10218,40530,30859,61171,50748,0
4465,18419,85510,22884,89975,103929,0
63467,91591,6816,155058,70283,98407,0
68730,40815,81488,109545,150218,122303,1
1555,47165,45453,48720,47008,92618,0
80804,45588,83508,126392,164312,129096,1
43865,85503,70456,129368,114321,155959,1
81761,38033,11803,119794,93564,49836,0
67034,16164,88334,83198,155368,104498,0
64909,96319,43025,161228,107934,139344,1
22817,48262,40330,71079,63147,88592,1
11939,24334,1692,36273,13631,26026,0
45103,36155,10562,81258,55665,46717,1
3134,92649,64129,95783,67263,156778,0
4905,56131,54355,61036,59260,110486,1
37388,74486,70050,111874,107438,144536,1
82595,33232,24651,115827,107246,57883,0
9252,49687,11115,58939,20367,60802,0
97635,50043,92669,147678,190304,142712,1
79745,54794,36323,134539,116068,91117,1
48317,84468,59356,132785,107673,143824,1
60579,97036,30120,157615,90699,127156,0
98107,67230,85479,165337,183586,152709,1
27490,57970,52795,85460,80285,110765,1
55806,51796,75699,107602,131505,127495,1
70403,50071,28762,120474,99165,78833,1
76122,56638,60491,132760,136613,117129,1
63976,51544,54011,115520,117987,105555,1
8671,94962,1026,103633,9697,95988,0
15581,31161,10137,46742,25718,41298,0
69217,73483,60963,142700,130180,134446,1
32531,80805,23927,113336,56458,104732,0
40119,28222,94889,68341,135008,123111,0
79229,7112,56811,86341,136040,63923,0
45305,17402,68640,62707,113945,86042,0
33133,84674,53801,117807,86934,138475,1
52347,73028,16716,125375,69063,89744,0
44473,41155,73773,85628,118246,114928,1
31443,12268,40361,43711,71804,52629,1
30208,31482,64583,61690,94791,96065,0
58897,62488,14328,121385,73225,76816,1
28286,33118,52671,61404,80957,85789,1
59177,7381,78373,66558,137550,85754,0
7546,81673,83962,89219,91508,165635,1
17529,64130,73688,81659,91217,137818,1
43763,67140,48655,110903,92418,115795,1
3760,63314,18319,67074,22079,81633,0
57462,88209,87918,145671,145380,176127,1
84548,47750,10998,132298,95546,58748,0
97550,38344,18557,135894,116107,56901,0
14149,44356,73699,58505,87848,118055,0
9117,33233,41920,42350,51037,75153,1
43354,88167,53576,131521,96930,141743,1
62017,27616,43881,89633,105898,71497,1
81426,33714,56235,115140,137661,89949,1
35777,11057,72820,46834,108597,83877,0
26107,71782,43673,97889,69780,115455,0
97526,40672,69974,138198,167500,110646,1
94785,26572,12208,121357,106993,38780,0
61003,13480,13123,74483,74126,26603,0
22113,54377,87278,76490,109391,141655,0
69786,85688,37981,155474,107767,123669,1
94005,45487,53469,139492,147474,98956,1
11117,2547,8413,13664,19530,10960,0
70150,6499,61942,76649,132092,68441,0
46526,76267,36473,122793,82999,112740,1
12410,36495,73356,48905,85766,109851,0
18797,59795,20007,78592,38804,79802,0
74639,25609,83372,100248,158011,108981,1
15863,69337,41899,85200,57762,111236,0
6484,22724,3216,29208,9700,25940,0
69894,31306,90690,101200,160584,121996,1
29164,71514,38506,100678,67670,110020,0
82415,46623,19657,129038,102072,66280,0
55475,38407,77483,93882,132958,115890,1
16621,95491,12320,112112,28941,107811,0
25447,68175,29663,93622,55110,97838,0
50052,85495,91151,135547,141203,176646,1
4168,89200,2556,93368,6724,91756,0
16471,26852,69142,43323,85613,95994,0
24046,11883,73920,35929,97966,85803,0
71910,66369,26283,138279,98193,92652,1
67558,5328,77214,72886,144772,82542,0
87156,42984,98083,130140,185239,141067,1
69331,90633,31278,159964,100609,121911,1
87359,23657,17239,111016,104598,40896,0
71047,8740,48393,79787,119440,57133,0
57580,47166,13322,104746,70902,60488,1
85766,67867,81729,153633,167495,149596,1
70960,24904,54274,95864,125234,79178,1
99415,42400,14556,141815,113971,56956,0
75827,13273,61810,89100,137637,75083,0
60270,13463,55607,73733,115877,69070,1
53172,92786,89708,145958,142880,182494,1
27708,66238,29537,93946,57245,95775,0
35473,19907,30051,55380,65524,49958,1
22320,15332,48758,37652,71078,64090,0
58887,28954,26551,87841,85438,55505,0
64491,94498,76889,158989,141380,171387,1
89397,55944,52293,145341,141690,108237,1
16600,47122,82731,63722,99331,129853,0
85116,25352,46599,110468,131715,71951,0
26496,33689,83105,60185,109601,116794,0
68055,68633,36470,136688,104525,105103,1
42728,8164,32874,50892,75602,41038,0
19748,13337,87308,33085,107056,100645,0
81065,28210,83445,109275,164510,111655,1
24323,85696,44310,110019,68633,130006,0
84894,66408,5336,151302,90230,71744,0
64200,20519,56406,84719,120606,76925,1
49588,85219,93680,134807,143268,178899,1
18695,48695,34852,67390,53547,83547,1
96808,64794,62293,161602,159101,127087,1
20598,10575,2673,31173,23271,13248,0
97846,23586,42779,121432,140625,66365,0
61617,70614,49643,132231,111260,120257,1
28793,59540,25866,88333,54659,85406,0
84357,28499,21528,112856,105885,50027,0
1550,28438,12725,29988,14275,41163,0
64053,27128,13817,91181,77870,40945,0
3021,58607,70250,61628,73271,128857,0
73591,78262,92713,151853,166304,170975,1
21432,29820,28168,51252,49600,57988,1
37927,53907,80013,91834,117940,133920,1
45043,93254,67484,138297,112527,160738,1
56659,95991,54307,152650,110966,150298,1
22662,25169,94127,47831,116789,119296,0
53128,74677,60426,127805,113554,135103,1
97640,91475,28793,189115,126433,120268,1
98093,44172,33886,142265,131979,78058,0
41089,53984,4282,95073,45371,58266,0
78552,43142,4425,121694,82977,47567,0
76467,95120,48481,171587,124948,143601,1
39340,9717,90250,49057,129590,99967,0
99483,69940,76977,169423,176460,146917,1
79338,58318,6217,137656,85555,64535,0
68355,28322,30933,96677,99288,59255,0
6030,8735,38695,14765,44725,47430,0
6725,36532,19149,43257,25874,55681,0
48958,84816,20617,133774,69575,105433,0
40585,39084,67176,79669,107761,106260,1
62650,89330,58082,151980,120732,147412,1
30619,4844,93895,35463,124514,98739,0
6972,89606,35501,96578,42473,125107,0
90328,48228,32993,138556,123321,81221,0
94489,96695,15043,191184,109532,111738,1
9793,21677,69838,31470,79631,91515,0
13742,36795,37711,50537,51453,74506,1
72085,93221,73053,165306,145138,166274,1
41237,14292,3759,55529,44996,18051,0
87418,71037,18589,158455,106007,89626,1
70621,97214,66881,167835,137502,164095,1
26912,15628,39156,42540,66068,54784,1
37022,38682,70234,75704,107256,108916,1
24543,55849,90700,80392,115243,146549,0
83387,11699,55818,95086,139205,67517,0
4653,16959,97882,21612,102535,114841,0
83388,96017,34064,179405,117452,130081,1
8555,95272,16201,103827,24756,111473,0
96423,41866,5612,138289,102035,47478,0
40981,69085,82438,110066,123419,151523,1
77281,585,62478,77866,139759,63063,0
86987,40721,96241,127708,183228,136962,1
10881,12825,85935,23706,96816,98760,0
45996,78687,80017,124683,126013,158704,1
78795,71260,73984,150055,152779,145244,1
44168,61303,46089,105471,90257,107392,1
32590,6450,93837,39040,126427,100287,0
93225,87927,8005,181152,101230,95932,1
32861,59495,76984,92356,109845,136479,1
58230,19356,63807,77586,122037,83163,1
95735,92581,57891,188316,153626,150472,1
71793,27960,29932,99753,101725,57892,0
44776,70084,98185,114860,142961,168269,1
88929,60134,7058,149063,95987,67192,0
59608,47567,74923,107175,134531,122490,1
44366,79902,52777,124268,97143,132679,1
33630,91278,41790,124908,75420,133068,0
8256,30934,47094,39190,55350,78028,0
8785,35842,12295,44627,21080,48137,0
72779,22765,26030,95544,98809,48795,0
36101,7602,9110,43703,45211,16712,0
49309,1243,51366,50552,100675,52609,0
86702,86812,58762,173514,145464,145574,1
65309,32033,32986,97342,98295,65019,0
24220,4846,11382,29066,35602,16228,0
53361,39274,16410,92635,69771,55684,1
93070,26859,1252,119929,94322,28111,0
506,59061,63660,59567,64166,122721,0
10916,62691,95580,73607,106496,158271,0
77078,78513,9442,155591,86520,87955,1
17573,44037,53407,61610,70980,97444,1
32921,78745,39148,111666,72069,117893,0
76285,57796,93892,134081,170177,151688,1
67698,63115,55329,130813,123027,118444,1
87827,73505,22175,161332,110002,95680,1
61113,24191,35819,85304,96932,60010,0
26460,50241,45714,76701,72174,95955,1
8063,81859,90077,89922,98140,171936,0
23011,44081,97804,67092,120815,141885,0
86222,97274,65343,183496,151565,162617,1
91144,10722,37203,101866,128347,47925,0
66246,46091,93376,112337,159622,139467,1
67960,31510,61113,99470,129073,92623,1
87619,70995,24293,158614,111912,95288,1
3535,13731,52001,17266,55536,65732,0
43961,15990,13940,59951,57901,29930,0
63640,53529,87769,117169,151409,141298,1
96932,78891,56639,175823,153571,135530,1
52247,64835,28354,117082,80601,93189,1
86815,13851,44188,100666,131003,58039,0
9398,12711,99166,22109,108564,111877,0
29455,1771,63755,31226,93210,65526,0
40159,99893,32464,140052,72623,132357,0
88787,53052,98550,141839,187337,151602,1
81785,24616,44001,106401,125786,68617,0
85100,46965,1076,132065,86176,48041,0
70285,51311,44170,121596,114455,95481,1
30711,79244,81210,109955,111921,160454,1
18375,64922,3082,83297,21457,68004,0
39287,33699,27695,72986,66982,61394,1
64371,79113,73063,143484,137434,152176,1
37603,80613,46597,118216,84200,127210,1
44783,84452,69758,129235,114541,154210,1
25967,43107,5811,69074,31778,48918,0
67079,15161,31702,82240,98781,46863,0
31431,33628,3618,65059,35049,37246,1
52842,5158,89932,58000,142774,95090,0
86831,42,15386,86873,102217,15428,0
19502,46946,14270,66448,33772,61216,0
51158,53685,86086,104843,137244,139771,1
72980,88946,208,161926,73188,89154,0
22153,11952,58453,34105,80606,70405,0
33071,45985,10338,79056,43409,56323,0
16328,2413,34567,18741,50895,36980,0
74831,64973,84651,139804,159482,149624,1
47783,10831,33777,58614,81560,44608,0
42995,45163,68163,88158,111158,113326,1
21524,23685,51316,45209,72840,75001,0
12127,81374,9387,93501,21514,90761,0
6666,34549,14677,41215,21343,49226,0
3729,35174,82393,38903,86122,117567,0
54446,45785,12210,100231,66656,57995,1
68124,73102,60971,141226,129095,134073,1
88811,56589,36832,145400,125643,93421,1
2146,3174,64266,5320,66412,67440,0
242,10252,22819,10494,23061,33071,0
14829,68195,82112,83024,96941,150307,1
3573,28253,58330,31826,61903,86583,0
50431,98744,70772,149175,121203,169516,1
96938,29044,89367,125982,186305,118411,1
91871,25286,76932,117157,168803,102218,1
13590,44518,66154,58108,79744,110672,0
24000,89668,19337,113668,43337,109005,0
28016,28060,75508,56076,103524,103568,0
2974,52848,70437,55822,73411,123285,0
26973,55866,13570,82839,40543,69436,0
7644,82536,36700,90180,44344,119236,0
95802,94458,12311,190260,108113,106769,1
55684,4601,61790,60285,117474,66391,0
61053,77312,43022,138365,104075,120334,1
77977,17824,68299,95801,146276,86123,1
64818,61621,26824,126439,91642,88445,1
15700,31817,60353,47517,76053,92170,0
473,43069,44159,43542,44632,87228,0
9478,36199,84513,45677,93991,120712,0
37285,68989,33282,106274,70567,102271,1
53269,75091,60923,128360,114192,136014,1
41421,65880,88426,107301,129847,154306,1
90104,50020,94155,140124,184259,144175,1
86563,86011,14803,172574,101366,100814,1
4025,30238,44609,34263,48634,74847,0
72296,93246,17925,165542,90221,111171,0
67672,49878,88642,117550,156314,138520,1
85151,93935,27149,179086,112300,121084,1
75266,25639,90,100905,75356,25729,0
96985,77643,10021,174628,107006,87664,0
88091,29024,11151,117115,99242,40175,0
24333,17736,18858,42069,43191,36594,1
13848,68234,55341,82082,69189,123575,1
76447,37177,17740,113624,94187,54917,0
12560,34855,86598,47415,99158,121453,0
61466,59115,65170,120581,126636,124285,1
64059,2957,70399,67016,134458,73356,0
79121,14121,30513,93242,109634,44634,0
30126,59125,19205,89251,49331,78330,0
51142,63895,86046,115037,137188,149941,1
9773,55511,32043,65284,41816,87554,0
79529,6225,72019,85754,151548,78244,0
14667,43992,57830,58659,72497,101822,1
33293,26659,74588,59952,107881,101247,0
89429,20726,62714,110155,152143,83440,0
92870,50938,62303,143808,155173,113241,1
74807,52579,82980,127386,157787,135559,1
66351,15764,64053,82115,130404,79817,1
33994,67457,25790,101451,59784,93247,0
98762,29175,21001,127937,119763,50176,0
92283,39934,60271,132217,152554,100205,1
28270,81869,94168,110139,122438,176037,1
3606,47065,24883,50671,28489,71948,0
82099,68130,80498,150229,162597,148628,1
74242,7201,65811,81443,140053,73012,0
83319,9586,51875,92905,135194,61461,0
38109,5537,58282,43646,96391,63819,0
94964,92817,48013,187781,142977,140830,1
23195,51876,75245,75071,98440,127121,0
5733,67733,71531,73466,77264,139264,1
8057,70689,22678,78746,30735,93367,0
8980,37160,5162,46140,14142,42322,0
39930,66732,53034,106662,92964,119766,1
7573,58332,20556,65905,28129,78888,0
83363,7670,43273,91033,126636,50943,0
63161,88360,86303,151521,149464,174663,1
66457,32076,14435,98533,80892,46511,0
9031,39414,75434,48445,84465,114848,0
89005,31259,15887,120264,104892,47146,0
96885,6867,5064,103752,101949,11931,0
74230,76321,6638,150551,80868,82959,1
8919,54176,21693,63095,30612,75869,0
55276,63164,5649,118440,60925,68813,0
38957,42291,95998,81248,134955,138289,0
69711,54087,88312,123798,158023,142399,1
21019,50276,34708,71295,55727,84984,1
82635,51972,61557,134607,144192,113529,1
49518,88660,26061,138178,75579,114721,0
35674,20084,82859,55758,118533,102943,0
16261,11504,53135,27765,69396,64639,0
12614,45461,30939,58075,43553,76400,0
59225,90515,26417,149740,85642,116932,0
14378,24460,51727,38838,66105,76187,0
3484,3257,46525,6741,50009,49782,0
46967,50404,96715,97371,143682,147119,1
58119,66282,88452,124401,146571,154734,1
10548,61999,7745,72547,18293,69744,0
56785,74925,86843,131710,143628,161768,1
18039,92033,19369,110072,37408,111402,0
25543,29915,25813,55458,51356,55728,1
63555,27239,560,90794,64115,27799,0
78019,93122,48952,171141,126971,142074,1
61179,43019,24777,104198,85956,67796,1
54474,89910,33276,144384,87750,123186,0
98129,19211,41411,117340,139540,60622,0
32489,77050,28623,109539,61112,105673,0
69968,25117,62983,95085,132951,88100,1
13658,88179,59196,101837,72854,147375,0
17346,36082,70682,53428,88028,106764,0
55418,85820,72783,141238,128201,158603,1
74823,10471,9910,85294,84733,20381,0
75294,34583,48982,109877,124276,83565,1
8759,39155,88893,47914,97652,128048,0
78513,14401,42228,92914,120741,56629,0
1510,78117,3647,79627,5157,81764,0
84540,30658,70818,115198,155358,101476,1
68690,75465,71157,144155,139847,146622,1
46648,53018,72049,99666,118697,125067,1
57811,95928,55665,153739,113476,151593,1
43991,97759,39883,141750,83874,137642,0
41876,70396,65700,112272,107576,136096,1
44380,24409,23863,68789,68243,48272,1
46859,7560,17814,54419,64673,25374,0
72642,21515,4858,94157,77500,26373,0
64998,72546,62252,137544,127250,134798,1
89855,80886,35090,170741,124945,115976,1
6744,39897,7182,46641,13926,47079,0
1677,18635,21292,20312,22969,39927,0
68957,38789,37547,107746,106504,76336,1
29283,94715,99901,123998,129184,194616,1
19360,73563,93408,92923,112768,166971,0
62077,45869,14621,107946,76698,60490,0
31452,98217,46507,129669,77959,144724,0
4600,63860,9376,68460,13976,73236,0
15807,59327,2727,75134,18534,62054,0
99230,59271,50692,158501,149922,109963,1
61979,72311,44098,134290,106077,116409,1
23497,72040,65898,95537,89395,137938,1
14482,80875,71454,95357,85936,152329,1
69464,73925,28818,143389,98282,102743,1
14343,84535,35030,98878,49373,119565,0
3565,92055,84945,95620,88510,177000,0
46511,32849,27139,79360,73650,59988,1
67586,82487,1386,150073,68972,83873,0
43152,56860,93658,100012,136810,150518,1
46309,78457,57531,124766,103840,135988,1
74672,57000,93094,131672,167766,150094,1
74110,78297,21710,152407,95820,100007,1
5058,94257,10356,99315,15414,104613,0
98129,54848,81669,152977,179798,136517,1
81975,21864,11576,103839,93551,33440,0
43535,53388,41427,96923,84962,94815,1
54701,47188,38782,101889,93483,85970,1
20054,89473,18500,109527,38554,107973,0
13628,15706,92961,29334,106589,108667,0
8472,77033,13355,85505,21827,90388,0
27665,80021,4180,107686,31845,84201,0
83774,37103,21323,120877,105097,58426,0
20803,13164,43206,33967,64009,56370,0
8795,1128,49064,9923,57859,50192,0
67021,41640,52645,108661,119666,94285,1
39808,62167,55238,101975,95046,117405,1
55398,37321,54521,92719,109919,91842,1
14126,82682,2341,96808,16467,85023,0
15396,48198,53877,63594,69273,102075,1
93818,94913,85877,188731,179695,180790,1
92302,74198,35988,166500,128290,110186,1
8503,78930,56354,87433,64857,135284,0
24123,54040,69710,78163,93833,123750,1
33813,89875,97347,123688,131160,187222,1
55447,77114,21039,132561,76486,98153,0
53543,6237,22414,59780,75957,28651,0
97296,87068,81570,184364,178866,168638,1
61621,89709,88271,151330,149892,177980,1
30384,8323,49817,38707,80201,58140,0
5477,71736,53945,77213,59422,125681,0
69142,11435,58260,80577,127402,69695,1
68376,15817,30248,84193,98624,46065,0
98015,73838,67113,171853,165128,140951,1
678,22869,23382,23547,24060,46251,1
50159,86355,40932,136514,91091,127287,1
93723,1984,32548,95707,126271,34532,0
44564,34251,34310,78815,78874,68561,1
84663,49540,6434,134203,91097,55974,0
32869,52909,64790,85778,97659,117699,1
13271,65344,99318,78615,112589,164662,0
1540,24984,15356,26524,16896,40340,0
35431,19730,74869,55161,110300,94599,0
67565,45795,98262,113360,165827,144057,1
25784,98847,57471,124631,83255,156318,0
92018,7363,27676,99381,119694,35039,0
78996,81814,11712,160810,90708,93526,1
40096,34661,12269,74757,52365,46930,1
51008,3078,19804,54086,70812,22882,0
25944,72647,6771,98591,32715,79418,0
58295,79075,27770,137370,86065,106845,1
43073,63387,19289,106460,62362,82676,0
40637,83187,80681,123824,121318,163868,1
71018,23467,98728,94485,169746,122195,0
91816,42234,10864,134050,102680,53098,0
83927,47492,14065,131419,97992,61557,0
54868,59602,66250,114470,121118,125852,1
81690,21127,50545,102817,132235,71672,0
46189,67362,82447,113551,128636,149809,1
28623,49901,98340,78524,126963,148241,0
20732,1210,42176,21942,62908,43386,0
9414,53605,48954,63019,58368,102559,1
26869,48731,76663,75600,103532,125394,0
46759,36566,30426,83325,77185,66992,1
35232,34055,26408,69287,61640,60463,1
63597,73793,56710,137390,120307,130503,1
96107,36598,45838,132705,141945,82436,0
34896,44762,82368,79658,117264,127130,0
47564,21870,1672,69434,49236,23542,0
83864,35946,56506,119810,140370,92452,1
12628,20594,77757,33222,90385,98351,0
82401,46875,68173,129276,150574,115048,1
59904,82810,5656,142714,65560,88466,0
4180,37680,21544,41860,25724,59224,0
14110,62394,35384,76504,49494,97778,0
53642,14350,93359,67992,147001,107709,0
79447,67664,77343,147111,156790,145007,1
56140,30531,2898,86671,59038,33429,0
1534,28922,13839,30456,15373,42761,0
51599,22693,21604,74292,73203,44297,0
5044,7340,95300,12384,100344,102640,0
21348,12738,20196,34086,41544,32934,1
95428,15169,68062,110597,163490,83231,0
16326,98356,20620,114682,36946,118976,0
25336,37410,80905,62746,106241,118315,0
10425,56008,41046,66433,51471,97054,0
11651,4050,39144,15701,50795,43194,0
73778,34012,70504,107790,144282,104516,1
18701,96578,99805,115279,118506,196383,1
70412,49147,7264,119559,77676,56411,0
49443,65328,97445,114771,146888,162773,1
67950,53534,70122,121484,138072,123656,1
78391,2374,24461,80765,102852,26835,0
23606,82410,92890,106016,116496,175300,1
73087,38770,62892,111857,135979,101662,1
35886,83070,98988,118956,134874,182058,1
18605,86223,64557,104828,83162,150780,0
32409,65521,49586,97930,81995,115107,1
61568,61344,9641,122912,71209,70985,1
33758,62147,26006,95905,59764,88153,0
54852,4566,94960,59418,149812,99526,0
18167,48757,38753,66924,56920,87510,1
694,43076,88952,43770,89646,132028,0
23377,79559,86789,102936,110166,166348,1
98119,4694,79751,102813,177870,84445,0
98898,92306,25488,191204,124386,117794,1
3598,40152,17490,43750,21088,57642,0
2454,57454,88737,59908,91191,146191,0
61879,9437,39682,71316,101561,49119,0
63698,72139,28402,135837,92100,100541,1
12931,12169,62200,25100,75131,74369,0
15665,65982,18469,81647,34134,84451,0
61173,30351,70201,91524,131374,100552,1
41922,27383,11783,69305,53705,39166,0
57513,17172,24475,74685,81988,41647,0
11565,78,90401,11643,101966,90479,0
43458,37990,89511,81448,132969,127501,0
85366,15156,68622,100522,153988,83778,0
39371,50035,26098,89406,65469,76133,1
31127,46333,84248,77460,115375,130581,0
20653,96454,13196,117107,33849,109650,0
16512,78700,56769,95212,73281,135469,0
84912,91994,84381,176906,169293,176375,1
47878,76871,33650,124749,81528,110521,1
37579,54125,31696,91704,69275,85821,1
40683,16788,3251,57471,43934,20039,0
61110,50717,3368,111827,64478,54085,0
89933,739,98870,90672,188803,99609,0
89439,47136,49702,136575,139141,96838,1
61578,25531,50934,87109,112512,76465,1
88997,64041,4017,153038,93014,68058,0
46588,83029,33644,129617,80232,116673,0
57199,51257,78200,108456,135399,129457,1
3203,72671,50927,75874,54130,123598,0
45150,31011,43962,76161,89112,74973,1
23098,83862,22811,106960,45909,106673,0
9343,85776,7233,95119,16576,93009,0
20343,21,47121,20364,67464,47142,0
47699,57583,5915,105282,53614,63498,0
21835,42856,47953,64691,69788,90809,1
12384,82686,91659,95070,104043,174345,1
20152,37280,87460,57432,107612,124740,0
7845,94404,36357,102249,44202,130761,0
29431,12021,76031,41452,105462,88052,0
62863,41760,46130,104623,108993,87890,1
38772,49009,44237,87781,83009,93246,1
89537,53874,46867,143411,136404,100741,1
61661,59406,31944,121067,93605,91350,1
76342,78457,26164,154799,102506,104621,1
62581,9221,31508,71802,94089,40729,0
14846,43890,74677,58736,89523,118567,0
88127,79182,71981,167309,160108,151163,1
59058,67044,59060,126102,118118,126104,1
32399,3409,14646,35808,47045,18055,0
91735,44230,51773,135965,143508,96003,1
47942,70494,94684,118436,142626,165178,1
40220,2912,35273,43132,75493,38185,0
51651,51568,25079,103219,76730,76647,1
83193,36848,58052,120041,141245,94900,1
23626,79684,20076,103310,43702,99760,0
85965,38806,51755,124771,137720,90561,1
28412,60896,75078,89308,103490,135974,1
44658,85796,1414,130454,46072,87210,0
52982,1695,13324,54677,66306,15019,0
16318,61804,39383,78122,55701,101187,0
40752,47201,31799,87953,72551,79000,1
32565,23329,48425,55894,80990,71754,1
60358,35403,28637,95761,88995,64040,1
29126,27907,96847,57033,125973,124754,0
97337,77796,92995,175133,190332,170791,1
81466,77089,46432,158555,127898,123521,1
48622,66018,94741,114640,143363,160759,1
11515,42670,76670,54185,88185,119340,0
36280,54845,60300,91125,96580,115145,1
71718,59258,53137,130976,124855,112395,1
58234,99712,49885,157946,108119,149597,1
25830,10865,56360,36695,82190,67225,0
66569,14586,30818,81155,97387,45404,0
48858,54400,85445,103258,134303,139845,1
98642,15796,65524,114438,164166,81320,0
81480,37093,65230,118573,146710,102323,1
83440,80636,1009,164076,84449,81645,0
19044,43928,37999,62972,57043,81927,1
27231,4998,68941,32229,96172,73939,0
36784,75144,47661,111928,84445,122805,1
81447,60974,33640,142421,115087,94614,1
99287,81481,90764,180768,190051,172245,1
43062,29033,16907,72095,59969,45940,1
53783,52433,66093,106216,119876,118526,1
90737,17822,55303,108559,146040,73125,0
74092,87014,92930,161106,167022,179944,1
28700,57830,40442,86530,69142,98272,1
46921,51171,10498,98092,57419,61669,1
61440,22351,58375,83791,119815,80726,1
98490,24949,28614,123439,127104,53563,0
66651,75980,71487,142631,138138,147467,1
39262,9582,82956,48844,122218,92538,0
66334,91209,80006,157543,146340,171215,1
28300,36790,49260,65090,77560,86050,1
220,44,60116,264,60336,60160,0
59893,85923,36372,145816,96265,122295,1
14626,64499,54285,79125,68911,118784,1
13198,61515,77209,74713,90407,138724,0
97323,91616,28930,188939,126253,120546,1
10999,70605,70292,81604,81291,140897,1
3841,60405,4454,64246,8295,64859,0
53275,14257,63581,67532,116856,77838,1
30760,41499,47539,72259,78299,89038,1
39118,51617,29019,90735,68137,80636,1
93945,40529,45389,134474,139334,85918,0
45623,31954,7364,77577,52987,39318,0
71288,58853,23275,130141,94563,82128,1
18866,65679,58465,84545,77331,124144,1
52371,49488,40903,101859,93274,90391,1
71057,49665,30154,120722,101211,79819,1
72187,6519,60968,78706,133155,67487,0
27738,73706,41937,101444,69675,115643,0
73761,23686,30890,97447,104651,54576,0
92930,61403,20603,154333,113533,82006,0
90169,14706,51056,104875,141225,65762,0
95299,21610,36849,116909,132148,58459,0
31528,14440,68420,45968,99948,82860,0
86476,30489,21511,116965,107987,52000,0
7498,96745,22657,104243,30155,119402,0
12100,75371,95110,87471,107210,170481,0
4621,31648,52734,36269,57355,84382,0
6392,23885,31775,30277,38167,55660,0
80906,18328,34670,99234,115576,52998,0
97332,68008,8502,165340,105834,76510,0
32564,97003,16337,129567,48901,113340,0
46203,79560,85619,125763,131822,165179,1
81469,12400,51228,93869,132697,63628,0
90667,12615,56730,103282,147397,69345,0
85931,42749,88648,128680,174579,131397,1
39370,50582,48618,89952,87988,99200,1
88787,56754,63192,145541,151979,119946,1
11607,15257,70047,26864,81654,85304,0
82296,73989,99738,156285,182034,173727,1
47366,16630,33597,63996,80963,50227,1
4982,39133,74477,44115,79459,113610,0
39276,87514,78900,126790,118176,166414,1
62680,71257,65659,133937,128339,136916,1
73081,93833,9756,166914,82837,103589,0
48503,14714,71059,63217,119562,85773,0
43263,86103,77954,129366,121217,164057,1
3634,24040,60002,27674,63636,84042,0
63174,39174,91498,102348,154672,130672,1
91030,83685,77364,174715,168394,161049,1
55990,97937,93707,153927,149697,191644,1
50823,26724,23257,77547,74080,49981,0
47413,25286,88161,72699,135574,113447,0
19478,13381,15452,32859,34930,28833,1
14174,26506,25289,40680,39463,51795,1
56723,9157,82959,65880,139682,92116,0
75338,19692,1625,95030,76963,21317,0
90271,49423,90288,139694,180559,139711,1
83692,88548,7448,172240,91140,95996,1
30716,54676,84807,85392,115523,139483,1
17844,44370,23818,62214,41662,68188,0
30086,62227,92082,92313,122168,154309,1
317,51242,83105,51559,83422,134347,0
43907,92979,6962,136886,50869,99941,0
40290,82264,77284,122554,117574,159548,1
99525,40995,57029,140520,156554,98024,0
47384,59464,69053,106848,116437,128517,1
75638,88911,35595,164549,111233,124506,1
59468,98770,72793,158238,132261,171563,1
33444,62704,65825,96148,99269,128529,1
75831,70286,66360,146117,142191,136646,1
28243,90313,72043,118556,100286,162356,1
75825,43376,22780,119201,98605,66156,0
13199,47291,90932,60490,104131,138223,0
45168,31473,24781,76641,69949,56254,1
13152,82452,47357,95604,60509,129809,0
26475,32469,29161,58944,55636,61630,1
72132,17512,16480,89644,88612,33992,0
31722,75645,42028,107367,73750,117673,0
34788,21653,17521,56441,52309,39174,1
4545,94663,50853,99208,55398,145516,0
16029,93280,18708,109309,34737,111988,0
70087,45749,34361,115836,104448,80110,1
63699,75385,56574,139084,120273,131959,1
17577,71120,12164,88697,29741,83284,0
37454,40006,48756,77460,86210,88762,1
69769,4216,60057,73985,129826,64273,0
69340,85136,46445,154476,115785,131581,1
79212,95168,65940,174380,145152,161108,1
84959,1927,87572,86886,172531,89499,0
12076,91595,99036,103671,111112,190631,1
32761,6431,7898,39192,40659,14329,0
35678,74383,14379,110061,50057,88762,0
16797,67858,33136,84655,49933,100994,0
1250,69081,17037,70331,18287,86118,0
1114,16216,23054,17330,24168,39270,0
48616,56567,32492,105183,81108,89059,1
7982,53709,78735,61691,86717,132444,0
32902,65926,99989,98828,132891,165915,0
64202,38960,67639,103162,131841,106599,1
12093,86652,25625,98745,37718,112277,0
86188,60494,71679,146682,157867,132173,1
34147,23210,42994,57357,77141,66204,1
61939,83456,78954,145395,140893,162410,1
79638,78390,2585,158028,82223,80975,1
55975,61668,43796,117643,99771,105464,1
93012,51276,32827,144288,125839,84103,0
13728,57803,14028,71531,27756,71831,0
38174,379,12222,38553,50396,12601,0
91988,50103,16918,142091,108906,67021,0
50463,75972,26016,126435,76479,101988,1
85261,35437,90504,120698,175765,125941,1
89124,55429,912,144553,90036,56341,0
6136,52000,76783,58136,82919,128783,0
72305,82080,4687,154385,76992,86767,0
47797,78906,84986,126703,132783,163892,1
18835,17557,89373,36392,108208,106930,0
93393,27208,48874,120601,142267,76082,0
3810,58337,39420,62147,43230,97757,0
16576,75480,29529,92056,46105,105009,0
37630,65226,48438,102856,86068,113664,1
80192,65876,65158,146068,145350,131034,1
14427,67583,48386,82010,62813,115969,0
94647,38043,21854,132690,116501,59897,0
28455,65596,45471,94051,73926,111067,1
23861,77080,97440,100941,121301,174520,1
61733,76755,43881,138488,105614,120636,1
72790,28433,65201,101223,137991,93634,1
44475,75713,55451,120188,99926,131164,1
60396,97397,71035,157793,131431,168432,1
56150,48851,74875,105001,131025,123726,1
57012,63880,46097,120892,103109,109977,1
27153,57674,61,84827,27214,57735,0
78608,70773,38697,149381,117305,109470,1
27654,12811,87001,40465,114655,99812,0
25029,18448,79191,43477,104220,97639,0
36408,53211,93174,89619,129582,146385,0
2744,69975,2964,72719,5708,72939,0
41496,67701,57163,109197,98659,124864,1
33538,99326,31793,132864,65331,131119,0
60651,45961,27268,106612,87919,73229,1
74371,76189,43203,150560,117574,119392,1
50952,25824,79880,76776,130832,105704,0
20287,38352,85314,58639,105601,123666,0
84780,39651,45674,124431,130454,85325,1
63031,36995,4103,100026,67134,41098,0
35229,14266,97886,49495,133115,112152,0
94010,23360,14218,117370,108228,37578,0
84988,41939,76202,126927,161190,118141,1
1527,70488,72384,72015,73911,142872,0
30574,86570,81227,117144,111801,167797,1
11382,80736,17859,92118,29241,98595,0
60341,71590,87618,131931,147959,159208,1
66034,23457,65023,89491,131057,88480,1
96918,23830,65589,120748,162507,89419,0
37430,90093,60763,127523,98193,150856,1
78058,7431,89457,85489,167515,96888,0
2567,55286,75340,57853,77907,130626,0
85056,24445,15149,109501,100205,39594,0
41336,24144,97768,65480,139104,121912,0
41315,77517,97151,118832,138466,174668,1
31718,95206,84359,126924,116077,179565,1
93211,37112,88899,130323,182110,126011,1
45147,15118,983,60265,46130,16101,0
32889,1838,52100,34727,84989,53938,0
80965,87441,65550,168406,146515,152991,1
76650,53894,66529,130544,143179,120423,1
17524,43436,45306,60960,62830,88742,1
34579,81042,79589,115621,114168,160631,1
18531,59769,53159,78300,71690,112928,1
98737,80487,47498,179224,146235,127985,1
4303,74536,75713,78839,80016,150249,1
5218,7107,82999,12325,88217,90106,0
69852,87024,10002,156876,79854,97026,0
62793,6357,44868,69150,107661,51225,0
57687,85246,41777,142933,99464,127023,1
51569,57415,81485,108984,133054,138900,1
52730,72366,5343,125096,58073,77709,0
90124,27287,37409,117411,127533,64696,0
58772,80361,13297,139133,72069,93658,0
98313,32789,40498,131102,138811,73287,0
3645,37131,67897,40776,71542,105028,0
26251,48301,81174,74552,107425,129475,0
86749,78900,3956,165649,90705,82856,0
52911,36531,94830,89442,147741,131361,0
67858,93656,69632,161514,137490,163288,1
82383,93150,35,175533,82418,93185,0
62595,45816,22621,108411,85216,68437,1
72203,48827,74538,121030,146741,123365,1
21463,54991,10894,76454,32357,65885,0
5557,97313,36952,102870,42509,134265,0
66236,96407,23267,162643,89503,119674,0
22174,68226,10044,90400,32218,78270,0
78298,4545,17938,82843,96236,22483,0
71419,57567,43702,128986,115121,101269,1
45579,84082,85815,129661,131394,169897,1
98994,57463,59081,156457,158075,116544,1
65094,28836,90704,93930,155798,119540,1
97145,9034,95033,106179,192178,104067,1
7665,190,2318,7855,9983,2508,0
44621,45809,15759,90430,60380,61568,1
77849,5270,50462,83119,128311,55732,0
55296,25619,42193,80915,97489,67812,1
87825,23582,99756,111407,187581,123338,1
31685,71981,38028,103666,69713,110009,0
8476,69006,38875,77482,47351,107881,0
66686,69837,82512,136523,149198,152349,1
4768,39584,78248,44352,83016,117832,0
5882,30073,56625,35955,62507,86698,0
16141,74904,45488,91045,61629,120392,0
71476,58073,67444,129549,138920,125517,1
94515,70944,1869,165459,96384,72813,0
76121,88252,50039,164373,126160,138291,1
6566,19910,37336,26476,43902,57246,0
15669,60842,90266,76511,105935,151108,0
65961,66769,65014,132730,130975,131783,1
5083,25895,99577,30978,104660,125472,0
27533,83610,35360,111143,62893,118970,0
14858,14621,29974,29479,44832,44595,0
51034,38280,4233,89314,55267,42513,0
67399,9701,74657,77100,142056,84358,1
56617,98210,44317,154827,100934,142527,1
58629,29279,12262,87908,70891,41541,0
57714,70631,95824,128345,153538,166455,1
9802,3227,65685,13029,75487,68912,0
29000,93709,31707,122709,60707,125416,0
80452,71887,71930,152339,152382,143817,1
38211,32998,67094,71209,105305,100092,1
67365,63990,35491,131355,102856,99481,1
38400,23686,15821,62086,54221,39507,1
76331,63022,53257,139353,129588,116279,1
86556,33860,71526,120416,158082,105386,1
73818,23258,15215,97076,89033,38473,0
96006,3259,73272,99265,169278,76531,0
19057,43865,19314,62922,38371,63179,0
55733,99777,89030,155510,144763,188807,1
3525,41095,5324,44620,8849,46419,0
57313,44497,73986,101810,131299,118483,1
77420,22899,7421,100319,84841,30320,0
48624,39083,21463,87707,70087,60546,1
3254,99104,72039,102358,75293,171143,0
25753,95070,31104,120823,56857,126174,0
61568,9010,82879,70578,144447,91889,0
56128,68908,72628,125036,128756,141536,1
1060,33202,41739,34262,42799,74941,0
75061,40287,67932,115348,142993,108219,1
87035,18026,47801,105061,134836,65827,0
13289,42656,63458,55945,76747,106114,0
5375,69107,98781,74482,104156,167888,0
91891,43479,17489,135370,109380,60968,0
73061,68106,4145,141167,77206,72251,0
24828,26304,27059,51132,51887,53363,1
64619,22528,41862,87147,106481,64390,0
79213,13556,89166,92769,168379,102722,1
31862,1046,50025,32908,81887,51071,0
70450,10589,59650,81039,130100,70239,0
71483,39164,20938,110647,92421,60102,0
60277,85245,15815,145522,76092,101060,0
61278,30171,42891,91449,104169,73062,1
47083,18631,54777,65714,101860,73408,1
81148,12977,69111,94125,150259,82088,1
45449,95269,94914,140718,140363,190183,1
548,85561,7506,86109,8054,93067,0
16264,14861,38029,31125,54293,52890,0
59307,40536,73231,99843,132538,113767,1
12089,54253,35656,66342,47745,89909,0
19392,64273,77256,83665,96648,141529,1
26974,4868,96097,31842,123071,100965,0
25150,79576,53438,104726,78588,133014,0
9137,35331,39722,44468,48859,75053,1
34959,14520,51743,49479,86702,66263,0
99685,96064,18772,195749,118457,114836,1
49608,8554,10964,58162,60572,19518,0
85882,11371,17656,97253,103538,29027,0
37294,87331,41034,124625,78328,128365,0
77110,9503,44785,86613,121895,54288,0
29369,81219,63521,110588,92890,144740,1
9749,23729,37521,33478,47270,61250,0
69628,83009,29777,152637,99405,112786,1
76453,87618,54041,164071,130494,141659,1
1699,32789,61312,34488,63011,94101,0
31721,78058,55587,109779,87308,133645,1
38136,84085,36819,122221,74955,120904,0
84719,74228,14754,158947,99473,88982,1
3144,41963,73980,45107,77124,115943,0
45386,36772,14268,82158,59654,51040,1
58015,99498,85135,157513,143150,184633,1
74956,47871,87981,122827,162937,135852,1
33854,42740,20055,76594,53909,62795,1
65722,37952,14149,103674,79871,52101,0
71574,77349,89496,148923,161070,166845,1
75130,18571,59079,93701,134209,77650,1
62215,2654,25283,64869,87498,27937,0
73592,4063,72375,77655,145967,76438,1
9595,51902,48834,61497,58429,100736,1
70555,97530,95771,168085,166326,193301,1
91425,35126,3103,126551,94528,38229,0
26630,35941,13783,62571,40413,49724,1
93983,5571,59657,99554,153640,65228,0
50085,62479,48895,112564,98980,111374,1
22250,22023,27898,44273,50148,49921,1
90851,82166,34303,173017,125154,116469,1
40723,11555,45854,52278,86577,57409,1
98374,18190,7331,116564,105705,25521,0
9747,69488,73074,79235,82821,142562,1
89639,79480,6627,169119,96266,86107,0
1453,41028,56515,42481,57968,97543,0
76071,80823,41985,156894,118056,122808,1
47453,67860,5591,115313,53044,73451,0
50311,73984,9665,124295,59976,83649,0
2730,72803,83803,75533,86533,156606,0
69537,19520,64774,89057,134311,84294,1
34953,88807,27485,123760,62438,116292,0
47179,2340,95237,49519,142416,97577,0
54700,64577,68130,119277,122830,132707,1
18689,34331,37053,53020,55742,71384,1
29513,50837,36518,80350,66031,87355,1
146,1926,56964,2072,57110,58890,0
87784,2845,22148,90629,109932,24993,0
41494,27415,18766,68909,60260,46181,1
38151,54647,93781,92798,131932,148428,0
85773,4423,45723,90196,131496,50146,0
99986,49036,84470,149022,184456,133506,1
40741,63208,30217,103949,70958,93425,1
65010,4010,95415,69020,160425,99425,0
96062,37457,92144,133519,188206,129601,1
84977,72481,89289,157458,174266,161770,1
70510,59046,96963,129556,167473,156009,1
49032,16513,99125,65545,148157,115638,0
25853,80,85995,25933,111848,86075,0
73602,84270,31871,157872,105473,116141,1
84898,38250,6241,123148,91139,44491,0
81290,60458,98878,141748,180168,159336,1
72574,44574,30376,117148,102950,74950,1
16832,35562,84497,52394,101329,120059,0
68427,56187,21916,124614,90343,78103,1
49420,28485,33237,77905,82657,61722,1
44545,88587,8299,133132,52844,96886,0
19868,71530,99351,91398,119219,170881,0
39711,52545,70302,92256,110013,122847,1
94434,75760,12865,170194,107299,88625,0
36581,61983,58151,98564,94732,120134,1
26481,54027,73519,80508,100000,127546,1
63802,79518,87222,143320,151024,166740,1
41313,45691,53743,87004,95056,99434,1
57406,70347,45576,127753,102982,115923,1
58098,15580,96652,73678,154750,112232,0
99339,4953,71931,104292,171270,76884,0
36516,48937,51305,85453,87821,100242,1
29274,9275,28648,38549,57922,37923,1
81484,27283,5374,108767,86858,32657,0
64812,401,76009,65213,140821,76410,0
89882,13977,51566,103859,141448,65543,0
16987,47749,79184,64736,96171,126933,0
80843,72937,28009,153780,108852,100946,1
17708,90309,24012,108017,41720,114321,0
3743,40522,38115,44265,41858,78637,1
43386,4417,94058,47803,137444,98475,0
10328,83575,55147,93903,65475,138722,0
26238,34882,36939,61120,63177,71821,1
39120,30702,33296,69822,72416,63998,1
67887,70043,11736,137930,79623,81779,1
49691,98020,40503,147711,90194,138523,0
55702,50164,55642,105866,111344,105806,1
36816,55399,54509,92215,91325,109908,1
93087,99135,53707,192222,146794,152842,1
54760,46255,57560,101015,112320,103815,1
12026,34616,28774,46642,40800,63390,1
24080,73749,46238,97829,70318,119987,0
98076,99257,36000,197333,134076,135257,1
57848,90044,12470,147892,70318,102514,0
108,24451,90684,24559,90792,115135,0
17430,55385,67216,72815,84646,122601,1
45106,94612,35822,139718,80928,130434,0
84852,56064,6476,140916,91328,62540,0
56306,1612,28153,57918,84459,29765,0
26615,40423,57903,67038,84518,98326,1
11234,90869,47075,102103,58309,137944,0
3675,89594,97468,93269,101143,187062,0
40495,13732,24457,54227,64952,38189,0
57843,60860,23800,118703,81643,84660,1
13659,17255,83893,30914,97552,101148,0
36531,64074,84065,100605,120596,148139,1
94624,18344,74642,112968,169266,92986,0
13426,54177,29069,67603,42495,83246,0
91487,14672,86298,106159,177785,100970,1
58899,35450,11781,94349,70680,47231,0
99232,90425,47431,189657,146663,137856,1
42526,67200,79847,109726,122373,147047,1
43202,22099,20694,65301,63896,42793,0
4684,44195,3816,48879,8500,48011,0
52351,69445,69679,121796,122030,139124,1
84952,76776,60325,161728,145277,137101,1
6206,84293,49282,90499,55488,133575,0
51007,69806,99450,120813,150457,169256,1
36495,74364,19989,110859,56484,94353,0
45042,18885,6371,63927,51413,25256,0
58529,67167,44862,125696,103391,112029,1
71875,26738,95253,98613,167128,121991,1
31906,45872,53108,77778,85014,98980,1
78931,93491,40059,172422,118990,133550,1
78384,36175,25193,114559,103577,61368,0
42968,74563,18193,117531,61161,92756,0
45823,12841,45037,58664,90860,57878,1
43584,89173,31969,132757,75553,121142,0
27748,22742,93939,50490,121687,116681,0
7929,86878,92736,94807,100665,179614,1
24945,10952,44405,35897,69350,55357,0
32679,2886,68849,35565,101528,71735,0
12859,59871,85625,72730,98484,145496,0
89051,57696,61036,146747,150087,118732,1
36145,74189,32187,110334,68332,106376,0
53162,72798,92686,125960,145848,165484,1
27965,42581,10628,70546,38593,53209,0
88717,2424,39612,91141,128329,42036,0
35016,29687,24592,64703,59608,54279,1
72586,15820,81084,88406,153670,96904,1
40514,79359,11423,119873,51937,90782,0
96647,79744,61957,176391,158604,141701,1
76196,1156,96766,77352,172962,97922,0
44562,50953,82748,95515,127310,133701,1
27164,94019,75953,121183,103117,169972,1
90303,95922,2239,186225,92542,98161,0
71186,39379,57021,110565,128207,96400,1
79126,96043,27648,175169,106774,123691,1
24993,54500,99011,79493,124004,153511,0
16205,25399,4437,41604,20642,29836,0
95021,37504,28396,132525,123417,65900,0
38843,53397,95038,92240,133881,148435,0
60826,51721,6664,112547,67490,58385,0
94605,56559,4730,151164,99335,61289,0
15838,77625,9964,93463,25802,87589,0
91810,23942,96598,115752,188408,120540,1
76802,45362,48075,122164,124877,93437,1
10892,93935,80720,104827,91612,174655,0
17421,71123,99095,88544,116516,170218,0
87864,30325,23234,118189,111098,53559,0
14169,67151,37087,81320,51256,104238,0
21099,98363,73817,119462,94916,172180,0
57457,90711,36999,148168,94456,127710,1
58528,22010,31168,80538,89696,53178,0
98239,89231,67193,187470,165432,156424,1
15129,5690,87352,20819,102481,93042,0
15079,35402,59286,50481,74365,94688,0
22398,37392,82865,59790,105263,120257,0
3175,77934,606,81109,3781,78540,0
30408,5416,93211,35824,123619,98627,0
44259,14973,80484,59232,124743,95457,0
43615,29699,87193,73314,130808,116892,0
20880,4031,78567,24911,99447,82598,0
64825,96564,38774,161389,103599,135338,1
89249,47045,98135,136294,187384,145180,1
12421,22485,27025,34906,39446,49510,1
76968,96161,91943,173129,168911,188104,1
66701,27265,49686,93966,116387,76951,1
14886,58978,40164,73864,55050,99142,0
37790,92629,95023,130419,132813,187652,1
79620,31064,22023,110684,101643,53087,0
64922,33739,87729,98661,152651,121468,1
30077,31220,23175,61297,53252,54395,1
83731,68001,61151,151732,144882,129152,1
3309,14980,29931,18289,33240,44911,0
17579,83180,28862,100759,46441,112042,0
69800,72572,73926,142372,143726,146498,1
90876,36618,22477,127494,113353,59095,0
53399,166,273,53565,53672,439,0
87413,20042,46935,107455,134348,66977,0
63944,85373,14114,149317,78058,99487,0
43550,76778,54323,120328,97873,131101,1
27563,83045,30906,110608,58469,113951,0
7763,30968,92545,38731,100308,123513,0
17261,21249,36695,38510,53956,57944,1
96812,12311,65003,109123,161815,77314,0
40487,62434,44603,102921,85090,107037,1
19764,30368,22405,50132,42169,52773,1
63452,26019,84452,89471,147904,110471,1
43286,26927,22863,70213,66149,49790,1
59754,16696,77521,76450,137275,94217,0
2011,51805,86604,53816,88615,138409,0
32249,79859,56040,112108,88289,135899,1
77052,47822,37933,124874,114985,85755,1
7449,17144,57657,24593,65106,74801,0
93117,76488,83150,169605,176267,159638,1
83283,86817,95285,170100,178568,182102,1
87771,82913,7728,170684,95499,90641,1
6474,99289,3324,105763,9798,102613,0
57702,54744,59053,112446,116755,113797,1
23454,9060,64327,32514,87781,73387,0
73373,89337,83801,162710,157174,173138,1
16382,49380,58573,65762,74955,107953,1
90252,71860,16068,162112,106320,87928,0
57249,24635,89335,81884,146584,113970,0
35074,43039,10621,78113,45695,53660,1
13355,81323,96106,94678,109461,177429,0
31008,45854,97175,76862,128183,143029,0
46188,48823,95116,95011,141304,143939,0
84754,46260,781,131014,85535,47041,0
61531,23040,90078,84571,151609,113118,0
59349,77664,31229,137013,90578,108893,1
35053,76776,58128,111829,93181,134904,1
61571,10339,30411,71910,91982,40750,0
96334,86741,15662,183075,111996,102403,1
7460,71295,83915,78755,91375,155210,0
25648,6293,54149,31941,79797,60442,0
52991,14315,86358,67306,139349,100673,0
7131,94893,96303,102024,103434,191196,1
4047,94717,71760,98764,75807,166477,0
66326,73304,64896,139630,131222,138200,1
96421,50302,19588,146723,116009,69890,0
12718,36969,51042,49687,63760,88011,0
12102,22613,79557,34715,91659,102170,0
55689,95422,70494,151111,126183,165916,1
93476,68479,42005,161955,135481,110484,1
75277,41675,32085,116952,107362,73760,0
65946,31007,69336,96953,135282,100343,1
99048,31320,8885,130368,107933,40205,0
85754,64097,18123,149851,103877,82220,0
18097,43530,84329,61627,102426,127859,0
47951,55418,9605,103369,57556,65023,1
10217,43182,61480,53399,71697,104662,0
89039,85821,71681,174860,160720,157502,1
43668,15040,95232,58708,138900,110272,0
32412,16882,26832,49294,59244,43714,1
49172,63463,784,112635,49956,64247,0
19895,69184,2733,89079,22628,71917,0
90803,18761,8273,109564,99076,27034,0
14752,70921,79967,85673,94719,150888,1
68464,92759,35813,161223,104277,128572,1
22946,90579,44098,113525,67044,134677,0
26198,77416,63876,103614,90074,141292,1
64771,41220,79489,105991,144260,120709,1
54710,44292,95891,99002,150601,140183,1
97260,5967,67928,103227,165188,73895,0
46695,22508,48213,69203,94908,70721,1
2929,36523,99531,39452,102460,136054,0
72653,29776,8378,102429,81031,38154,0
29701,36956,97793,66657,127494,134749,0
18303,48484,72517,66787,90820,121001,0
64750,89320,22835,154070,87585,112155,0
82319,77,41483,82396,123802,41560,0
52761,55580,29362,108341,82123,84942,1
81218,64748,34177,145966,115395,98925,1
91473,50702,52588,142175,144061,103290,1
14678,15821,71642,30499,86320,87463,0
294,46783,75421,47077,75715,122204,0
78430,61527,88885,139957,167315,150412,1
35112,84624,40716,119736,75828,125340,0
14868,29874,57162,44742,72030,87036,0
32099,40538,11731,72637,43830,52269,1
16893,62575,21213,79468,38106,83788,0
48312,49137,68754,97449,117066,117891,1
64196,18240,52566,82436,116762,70806,1
23368,6210,2247,29578,25615,8457,0
62303,3465,57095,65768,119398,60560,0
20308,72920,40957,93228,61265,113877,0
50205,46294,76484,96499,126689,122778,1
45280,52839,83427,98119,128707,136266,1
19296,63814,87663,83110,106959,151477,0
23502,40239,62732,63741,86234,102971,1
45520,36759,30525,82279,76045,67284,1
83884,38180,9765,122064,93649,47945,0
12258,92622,26430,104880,38688,119052,0
1370,55437,21042,56807,22412,76479,0
61332,38917,32625,100249,93957,71542,1
78990,88541,16623,167531,95613,105164,1
15581,44264,45984,59845,61565,90248,1
79226,81829,64500,161055,143726,146329,1
43451,35754,78566,79205,122017,114320,1
60419,78748,6722,139167,67141,85470,0
26453,67399,26547,93852,53000,93946,0
76985,91358,34539,168343,111524,125897,1
67235,36660,56466,103895,123701,93126,1
20837,80949,51302,101786,72139,132251,0
57411,98967,9634,156378,67045,108601,0
64835,84775,74155,149610,138990,158930,1
80327,70502,78249,150829,158576,148751,1
44215,31955,12051,76170,56266,44006,0
24950,42199,69206,67149,94156,111405,0
38726,2839,75280,41565,114006,78119,0
78647,80973,87153,159620,165800,168126,1
5871,74140,19876,80011,25747,94016,0
79596,59766,55679,139362,135275,115445,1
35987,21296,99119,57283,135106,120415,0
69189,33629,77451,102818,146640,111080,1
45349,22196,598,67545,45947,22794,0
12803,22196,13385,34999,26188,35581,1
31161,60088,25037,91249,56198,85125,0
77480,81162,7739,158642,85219,88901,1
34039,37809,72071,71848,106110,109880,0
24580,50211,1204,74791,25784,51415,0
77838,21688,62204,99526,140042,83892,1
99123,92796,60983,191919,160106,153779,1
7353,14130,49284,21483,56637,63414,0
88437,19606,27012,108043,115449,46618,0
29114,86784,51443,115898,80557,138227,0
45777,4860,29889,50637,75666,34749,0
23991,45657,18057,69648,42048,63714,0
15906,10489,22032,26395,37938,32521,1
50999,61091,13927,112090,64926,75018,1
15414,20868,31627,36282,47041,52495,1
1058,20078,9398,21136,10456,29476,0
59861,77489,17402,137350,77263,94891,0
14175,69150,88576,83325,102751,157726,0
94802,74549,94469,169351,189271,169018,1
54640,72603,56079,127243,110719,128682,1
81441,12754,48401,94195,129842,61155,0
3198,54695,91786,57893,94984,146481,0
90483,24282,24355,114765,114838,48637,0
47682,4830,33867,52512,81549,38697,0
22757,73628,18521,96385,41278,92149,0
90285,58939,45383,149224,135668,104322,1
92153,24786,92448,116939,184601,117234,1
38190,58687,32494,96877,70684,91181,1
13624,81975,37794,95599,51418,119769,0
38869,34623,97404,73492,136273,132027,0
29480,60820,95821,90300,125301,156641,0
20941,57053,43461,77994,64402,100514,1
79601,64577,67027,144178,146628,131604,1
86686,14696,57147,101382,143833,71843,0
37528,72160,94307,109688,131835,166467,1
16784,16501,74234,33285,91018,90735,0
60054,300,39199,60354,99253,39499,0
74775,60834,88186,135609,162961,149020,1
32069,70796,54605,102865,86674,125401,1
54327,33767,24315,88094,78642,58082,1
13078,57498,63977,70576,77055,121475,1
55108,59556,76506,114664,131614,136062,1
80012,76464,21471,156476,101483,97935,1
19193,95781,79474,114974,98667,175255,1
71190,98937,57628,170127,128818,156565,1
16817,4228,33497,21045,50314,37725,0
10888,44134,60612,55022,71500,104746,0
93350,46187,15792,139537,109142,61979,0
31225,21072,49186,52297,80411,70258,1
67972,81612,67850,149584,135822,149462,1
19461,65872,38440,85333,57901,104312,0
98248,90778,65314,189026,163562,156092,1
99345,7143,3771,106488,103116,10914,0
63706,90498,75709,154204,139415,166207,1
80170,9834,96836,90004,177006,106670,0
93610,50038,52950,143648,146560,102988,1
42921,69994,69745,112915,112666,139739,1
30339,74710,63223,105049,93562,137933,1
11602,19658,29144,31260,40746,48802,1
90667,44434,13489,135101,104156,57923,0
92074,15745,39935,107819,132009,55680,0
82163,87798,2779,169961,84942,90577,0
28006,75610,6801,103616,34807,82411,0
57034,14637,51372,71671,108406,66009,1
39297,32211,47194,71508,86491,79405,1
39487,75025,49369,114512,88856,124394,1
8182,93218,22098,101400,30280,115316,0
25144,31242,32209,56386,57353,63451,1
44624,99828,76491,144452,121115,176319,1
98222,10248,47027,108470,145249,57275,0
93195,30104,22192,123299,115387,52296,0
98193,22840,62047,121033,160240,84887,0
43667,38046,53700,81713,97367,91746,1
92773,37692,19109,130465,111882,56801,0
83789,31806,60222,115595,144011,92028,1
40488,66493,57866,106981,98354,124359,1
21494,12237,89213,33731,110707,101450,0
14262,51346,69165,65608,83427,120511,0
63712,83592,22662,147304,86374,106254,1
15161,66991,68960,82152,84121,135951,1
53350,3489,97898,56839,151248,101387,0
56083,59388,98716,115471,154799,158104,1
26403,53858,67812,80261,94215,121670,1
2850,37920,81100,40770,83950,119020,0
3648,20555,2144,24203,5792,22699,0
82177,27849,87994,110026,170171,115843,1
37161,67771,49710,104932,86871,117481,1
66025,90458,96924,156483,162949,187382,1
66857,24022,20036,90879,86893,44058,0
43179,75132,53171,118311,96350,128303,1
99,72642,8613,72741,8712,81255,0
59583,25778,66172,85361,125755,91950,1
79434,62657,81218,142091,160652,143875,1
58947,34823,33520,93770,92467,68343,1
9712,99850,75226,109562,84938,175076,0
82769,92517,76840,175286,159609,169357,1
98336,73198,24319,171534,122655,97517,0
93976,25352,41271,119328,135247,66623,0
64756,95921,59332,160677,124088,155253,1
9279,85725,82267,95004,91546,167992,1
44121,47815,80372,91936,124493,128187,1
83546,14702,96831,98248,180377,111533,1
94295,69485,6456,163780,100751,75941,0
5614,77827,52143,83441,57757,129970,0
19187,65398,6561,84585,25748,71959,0
43978,33122,83225,77100,127203,116347,0
16732,17721,31585,34453,48317,49306,1
54158,5812,50903,59970,105061,56715,1
65393,62439,77886,127832,143279,140325,1
10389,44425,72708,54814,83097,117133,0
79304,28251,51397,107555,130701,79648,1
90298,32022,78807,122320,169105,110829,1
14721,37117,58977,51838,73698,96094,0
98442,25053,30409,123495,128851,55462,0
62786,26866,89555,89652,152341,116421,1
72841,31372,77672,104213,150513,109044,1
97471,74952,30219,172423,127690,105171,1
92128,41627,75215,133755,167343,116842,1
78570,11831,68460,90401,147030,80291,1
80938,76194,85644,157132,166582,161838,1
81714,8002,31983,89716,113697,39985,0
65566,21609,47437,87175,113003,69046,1
89923,89825,26312,179748,116235,116137,1
75492,80932,45348,156424,120840,126280,1
13317,63629,97169,76946,110486,160798,0
58948,85063,22397,144011,81345,107460,0
32526,99906,2900,132432,35426,102806,0
19827,91865,73311,111692,93138,165176,1
18562,88678,2327,107240,20889,91005,0
1655,79413,26321,81068,27976,105734,0
68899,36706,95864,105605,164763,132570,1
94188,99930,7159,194118,101347,107089,1
16476,98160,2614,114636,19090,100774,0
9992,98343,2395,108335,12387,100738,0
94688,1124,17516,95812,112204,18640,0
81852,47857,35664,129709,117516,83521,1
47999,85565,91790,133564,139789,177355,1
76096,35952,2286,112048,78382,38238,0
78116,81565,30314,159681,108430,111879,1
79148,96382,59314,175530,138462,155696,1
35651,57635,48953,93286,84604,106588,1
83456,18998,98542,102454,181998,117540,1
59896,1370,46663,61266,106559,48033,0
88458,58380,76762,146838,165220,135142,1
86950,77920,93920,164870,180870,171840,1
37918,74445,54066,112363,91984,128511,1
35568,6874,23588,42442,59156,30462,0
70459,72715,13425,143174,83884,86140,1
6529,28060,88936,34589,95465,116996,0
76035,18725,24000,94760,100035,42725,0
50655,75151,38176,125806,88831,113327,1
45632,90402,30445,136034,76077,120847,0
52493,26573,63845,79066,116338,90418,1
72898,40466,5393,113364,78291,45859,0
92775,6108,88355,98883,181130,94463,1
53682,87746,72652,141428,126334,160398,1
70962,47134,17556,118096,88518,64690,0
7659,9143,17708,16802,25367,26851,0
57723,47215,76526,104938,134249,123741,1
17299,17223,40467,34522,57766,57690,0
2862,63050,70715,65912,73577,133765,0
39748,76345,70100,116093,109848,146445,1
31372,31019,63739,62391,95111,94758,0
73126,93664,32452,166790,105578,126116,1
97596,45680,84868,143276,182464,130548,1
5693,14805,30468,20498,36161,45273,0
55073,88076,87812,143149,142885,175888,1
66102,38993,66994,105095,133096,105987,1
36030,74176,27018,110206,63048,101194,0
53193,83752,68865,136945,122058,152617,1
65726,94671,66050,160397,131776,160721,1
87131,15545,82827,102676,169958,98372,1
8416,24175,51476,32591,59892,75651,0
88352,94262,41203,182614,129555,135465,1
45773,79845,22889,125618,68662,102734,0
40256,22027,32077,62283,72333,54104,1
123,40594,27223,40717,27346,67817,0
50541,81528,31244,132069,81785,112772,1
98571,20351,81791,118922,180362,102142,1
52145,26681,26079,78826,78224,52760,1
91523,26714,50377,118237,141900,77091,0
93176,65628,93768,158804,186944,159396,1
7752,44977,52347,52729,60099,97324,1
48952,61211,77219,110163,126171,138430,1
10940,35557,38580,46497,49520,74137,1
92733,33935,18484,126668,111217,52419,0
98075,17367,94380,115442,192455,111747,1
41900,89552,37270,131452,79170,126822,0
16866,66957,25,83823,16891,66982,0
45655,58032,17493,103687,63148,75525,1
41319,16274,43498,57593,84817,59772,1
67485,3391,73786,70876,141271,77177,0
36891,88655,92061,125546,128952,180716,1
7090,91453,71741,98543,78831,163194,0
52478,78302,92005,130780,144483,170307,1
78934,77596,92809,156530,171743,170405,1
69700,73559,24977,143259,94677,98536,1
27195,83850,85000,111045,112195,168850,1
90057,8195,45136,98252,135193,53331,0
62383,15342,69991,77725,132374,85333,1
61677,34788,50494,96465,112171,85282,1
14625,25221,15965,39846,30590,41186,1
79385,80360,12668,159745,92053,93028,1
48579,96406,75162,144985,123741,171568,1
85255,27530,6223,112785,91478,33753,0
337,50537,26653,50874,26990,77190,0
10377,99350,46012,109727,56389,145362,0
92451,49533,45890,141984,138341,95423,1
68790,16859,41725,85649,110515,58584,0
98289,75948,54543,174237,152832,130491,1
27288,1154,63732,28442,91020,64886,0
69501,5283,80317,74784,149818,85600,0
58023,96607,24467,154630,82490,121074,0
52366,91728,10787,144094,63153,102515,0
18824,99795,26718,118619,45542,126513,0
49409,45579,61280,94988,110689,106859,1
48107,66761,88205,114868,136312,154966,1
21185,32804,76148,53989,97333,108952,0
65184,83612,79174,148796,144358,162786,1
2200,74992,7635,77192,9835,82627,0
36880,46033,80741,82913,117621,126774,1
58607,98727,89866,157334,148473,188593,1
35904,57520,13737,93424,49641,71257,0
30619,76622,57228,107241,87847,133850,1
39079,92204,11141,131283,50220,103345,0
1673,162,4100,1835,5773,4262,0
1409,14128,94822,15537,96231,108950,0
47276,86458,54635,133734,101911,141093,1
27507,58926,83733,86433,111240,142659,1
54660,68029,41297,122689,95957,109326,1
51794,89750,51266,141544,103060,141016,1
26968,21634,99945,48602,126913,121579,0
33637,98475,11134,132112,44771,109609,0
26902,3362,79056,30264,105958,82418,0
83162,38771,12957,121933,96119,51728,0
68988,20983,40525,89971,109513,61508,0
87546,8078,41392,95624,128938,49470,0
32821,73083,76361,105904,109182,149444,1
50387,64737,6876,115124,57263,71613,0
44917,18041,63594,62958,108511,81635,0
65928,84337,13900,150265,79828,98237,0
79977,33115,42234,113092,122211,75349,0
56891,14257,18139,71148,75030,32396,0
68572,44512,40339,113084,108911,84851,1
43028,91213,21642,134241,64670,112855,0
72393,33923,59087,106316,131480,93010,1
90914,3320,35688,94234,126602,39008,0
91168,69809,76984,160977,168152,146793,1
32693,75116,74068,107809,106761,149184,1
18793,81119,79746,99912,98539,160865,1
17225,26255,91374,43480,108599,117629,0
63442,42828,37007,106270,100449,79835,1
42736,89679,37840,132415,80576,127519,0
10067,15683,91646,25750,101713,107329,0
19259,26446,86131,45705,105390,112577,0
78185,33362,48737,111547,126922,82099,1
43948,90185,28620,134133,72568,118805,0
16976,30701,83740,47677,100716,114441,0
99209,33803,40612,133012,139821,74415,0
82201,60395,15310,142596,97511,75705,0
31488,72601,81587,104089,113075,154188,1
85688,24142,73329,109830,159017,97471,1
88456,36466,60649,124922,149105,97115,1
43619,88568,16742,132187,60361,105310,0
69688,24074,63510,93762,133198,87584,1
40378,21301,97102,61679,137480,118403,0
6796,65473,45650,72269,52446,111123,0
1982,22140,12454,24122,14436,34594,0
96932,8259,93804,105191,190736,102063,1
18417,12800,26338,31217,44755,39138,1
23654,7489,55249,31143,78903,62738,0
50452,99591,27969,150043,78421,127560,0
13196,42708,23931,55904,37127,66639,0
9639,71624,7478,81263,17117,79102,0
88565,21504,74344,110069,162909,95848,1
86994,86460,11399,173454,98393,97859,1
19822,26192,24919,46014,44741,51111,1
95793,75744,87118,171537,182911,162862,1
26628,68186,95397,94814,122025,163583,0
99489,99606,79775,199095,179264,179381,1
2905,10476,71676,13381,74581,82152,0
63526,97677,42092,161203,105618,139769,1
33268,96014,12154,129282,45422,108168,0
37977,35417,97911,73394,135888,133328,0
86759,31931,20311,118690,107070,52242,0
50840,55012,90289,105852,141129,145301,1
58281,42676,85304,100957,143585,127980,1
40153,8926,85287,49079,125440,94213,0
61789,6577,39804,68366,101593,46381,0
93292,90201,50060,183493,143352,140261,1
71359,74106,59015,145465,130374,133121,1
44976,84702,52566,129678,97542,137268,1
23192,45515,38400,68707,61592,83915,1
64901,28560,69627,93461,134528,98187,1
26602,29328,90623,55930,117225,119951,0
27233,75097,91962,102330,119195,167059,1
96981,1821,41220,98802,138201,43041,0
20173,52404,83340,72577,103513,135744,0
93625,85461,38163,179086,131788,123624,1
69989,21591,98175,91580,168164,119766,0
30897,97086,55263,127983,86160,152349,0
12080,14701,73056,26781,85136,87757,0
66918,96594,61347,163512,128265,157941,1
54998,51810,21614,106808,76612,73424,1
42483,60553,93320,103036,135803,153873,1
67275,50029,94885,117304,162160,144914,1
87349,40598,72471,127947,159820,113069,1
41837,73182,41079,115019,82916,114261,1
59076,15225,26931,74301,86007,42156,0
90802,73786,65255,164588,156057,139041,1
48961,13033,23732,61994,72693,36765,0
61730,42928,28033,104658,89763,70961,1
63972,39989,73280,103961,137252,113269,1
68907,92830,5695,161737,74602,98525,0
9163,4889,49870,14052,59033,54759,0
55329,68687,20284,124016,75613,88971,1
74496,54229,41247,128725,115743,95476,1
60256,13657,13920,73913,74176,27577,0
42326,69920,69509,112246,111835,139429,1
62199,80167,22450,142366,84649,102617,1
72456,49304,26561,121760,99017,75865,1
34025,88272,36255,122297,70280,124527,0
44664,43618,54981,88282,99645,98599,1
34501,60279,71341,94780,105842,131620,1
88696,67362,58209,156058,146905,125571,1
52883,32753,40162,85636,93045,72915,1
57346,84044,56059,141390,113405,140103,1
36998,64795,77833,101793,114831,142628,1
87376,11044,60564,98420,147940,71608,0
58660,80714,12216,139374,70876,92930,0
90546,8696,84838,99242,175384,93534,1
86023,47219,184,133242,86207,47403,0
5278,60349,29215,65627,34493,89564,0
35898,30445,58492,66343,94390,88937,1
90468,2145,43666,92613,134134,45811,0
30143,62800,1747,92943,31890,64547,0
6148,26838,16086,32986,22234,42924,0
87236,99835,50898,187071,138134,150733,1
88944,6720,8898,95664,97842,15618,0
34251,94853,56695,129104,90946,151548,0
36753,80526,33602,117279,70355,114128,0
88734,89309,34831,178043,123565,124140,1
89249,72685,16529,161934,105778,89214,0
57501,89751,39488,147252,96989,129239,1
304,4278,9291,4582,9595,13569,0
94126,90242,12473,184368,106599,102715,1
90655,46323,31989,136978,122644,78312,0
22943,16034,50037,38977,72980,66071,0
65751,44651,96106,110402,161857,140757,1
1513,89996,56959,91509,58472,146955,0
44233,63116,7980,107349,52213,71096,0
50705,69569,41072,120274,91777,110641,1
13619,72174,7876,85793,21495,80050,0
88394,8119,51164,96513,139558,59283,0
61120,29169,44367,90289,105487,73536,1
1873,4870,43732,6743,45605,48602,0
3837,22080,83425,25917,87262,105505,0
94022,25074,3235,119096,97257,28309,0
83185,78658,39576,161843,122761,118234,1
87175,38105,84084,125280,171259,122189,1
94127,91916,59646,186043,153773,151562,1
97096,77730,76161,174826,173257,153891,1
73772,30038,12477,103810,86249,42515,0
57467,78969,53416,136436,110883,132385,1
13766,84150,65331,97916,79097,149481,0
42511,75027,32513,117538,75024,107540,0
16138,45312,84758,61450,100896,130070,0
78468,13251,39231,91719,117699,52482,0
70048,56550,67167,126598,137215,123717,1
95935,42360,91637,138295,187572,133997,1
34789,96845,66301,131634,101090,163146,1
93653,95231,16176,188884,109829,111407,1
96806,3559,93567,100365,190373,97126,1
53784,71480,89157,125264,142941,160637,1
61062,93358,57096,154420,118158,150454,1
67462,45341,20291,112803,87753,65632,0
23027,78073,79857,101100,102884,157930,1
94595,81674,57547,176269,152142,139221,1
46650,18814,51002,65464,97652,69816,1
2308,17229,53747,19537,56055,70976,0
22641,80009,98957,102650,121598,178966,1
60561,7167,71562,67728,132123,78729,0
71465,27283,82047,98748,153512,109330,1
91604,17200,98807,108804,190411,116007,1
39273,93968,40297,133241,79570,134265,0
85920,93394,88700,179314,174620,182094,1
65397,51958,34391,117355,99788,86349,1
69775,61383,60275,131158,130050,121658,1
45506,89761,53149,135267,98655,142910,1
24987,79021,39220,104008,64207,118241,0
13112,87840,41501,100952,54613,129341,0
56694,23779,81342,80473,138036,105121,0
34201,59078,81325,93279,115526,140403,1
28998,4116,40249,33114,69247,44365,0
85018,51643,26090,136661,111108,77733,0
22300,64541,15124,86841,37424,79665,0
64538,53592,38408,118130,102946,92000,1
33736,47725,29300,81461,63036,77025,1
40767,56132,81518,96899,122285,137650,1
13745,27350,64776,41095,78521,92126,0
51014,8874,5854,59888,56868,14728,0
96446,11993,62861,108439,159307,74854,0
44610,58080,91288,102690,135898,149368,1
37076,31124,57725,68200,94801,88849,1
73893,82663,35795,156556,109688,118458,1
55149,69335,16354,124484,71503,85689,1
55658,40761,34082,96419,89740,74843,1
80628,83963,35099,164591,115727,119062,1
14969,65770,55931,80739,70900,121701,1
86985,37412,82349,124397,169334,119761,1
13397,82000,68714,95397,82111,150714,1
35536,83559,49579,119095,85115,133138,1
6999,15745,93005,22744,100004,108750,0
92400,10972,23264,103372,115664,34236,0
30584,36490,36826,67074,67410,73316,1
59410,2723,53680,62133,113090,56403,0
50628,61069,98580,111697,149208,159649,1
93350,96885,74444,190235,167794,171329,1
47876,99129,1032,147005,48908,100161,0
22888,36974,43266,59862,66154,80240,1
75165,54751,94471,129916,169636,149222,1
13894,67871,91948,81765,105842,159819,0
34512,1944,63868,36456,98380,65812,0
22089,71679,71507,93768,93596,143186,1
86378,2494,23538,88872,109916,26032,0
23944,46198,67127,70142,91071,113325,1
74013,75319,51373,149332,125386,126692,1
354,23003,59165,23357,59519,82168,0
11205,42852,83010,54057,94215,125862,0
29124,55413,70064,84537,99188,125477,1
92556,63687,18030,156243,110586,81717,0
43751,92461,23692,136212,67443,116153,0
96406,13604,59127,110010,155533,72731,0
28190,87987,46737,116177,74927,134724,0
70068,68906,10102,138974,80170,79008,1
29387,47774,5897,77161,35284,53671,0
76106,47553,48995,123659,125101,96548,1
34665,78171,36341,112836,71006,114512,0
79204,17312,35282,96516,114486,52594,0
776,47161,50636,47937,51412,97797,0
66062,13418,11645,79480,77707,25063,0
69705,74601,80056,144306,149761,154657,1
66619,16538,28549,83157,95168,45087,0
59049,11874,18955,70923,78004,30829,0
31976,53131,43818,85107,75794,96949,1
51149,58112,99756,109261,150905,157868,1
72873,89557,72712,162430,145585,162269,1
66200,20712,23480,86912,89680,44192,0
81049,48404,21319,129453,102368,69723,0
99630,4081,54084,103711,153714,58165,0
39485,80864,699,120349,40184,81563,0
60020,99635,72334,159655,132354,171969,1
16468,40246,27429,56714,43897,67675,1
9661,95719,58453,105380,68114,154172,0
26131,40233,93216,66364,119347,133449,0
59854,43100,92964,102954,152818,136064,1
99925,93008,77436,192933,177361,170444,1
97746,12773,26404,110519,124150,39177,0
34912,11540,41507,46452,76419,53047,1
38096,61005,42781,99101,80877,103786,1
94557,58934,17986,153491,112543,76920,0
93388,16949,45501,110337,138889,62450,0
31628,86243,70319,117871,101947,156562,1
26900,96704,58033,123604,84933,154737,0
41659,92275,11974,133934,53633,104249,0
99020,45598,68277,144618,167297,113875,1
49455,1477,42529,50932,91984,44006,0
94463,71530,76496,165993,170959,148026,1
3634,19822,13672,23456,17306,33494,0
40578,69360,81689,109938,122267,151049,1
53747,86847,75104,140594,128851,161951,1
32027,87678,4653,119705,36680,92331,0
37870,17134,14638,55004,52508,31772,0
58947,2130,18697,61077,77644,20827,0
22576,46185,95991,68761,118567,142176,0
1595,98905,21164,100500,22759,120069,0
17426,40479,64174,57905,81600,104653,0
31565,37765,29126,69330,60691,66891,1
24189,26688,17165,50877,41354,43853,1
59731,55004,83524,114735,143255,138528,1
50031,3634,86849,53665,136880,90483,0
8555,5840,71069,14395,79624,76909,0
41719,40007,98899,81726,140618,138906,0
35462,27601,58299,63063,93761,85900,1
76054,34664,33035,110718,109089,67699,0
2066,80227,28243,82293,30309,108470,0
64169,54024,47260,118193,111429,101284,1
21183,52036,88824,73219,110007,140860,0
40963,7985,84313,48948,125276,92298,0
2399,28803,35430,31202,37829,64233,0
42887,95750,6440,138637,49327,102190,0
87707,1956,30048,89663,117755,32004,0
63491,4843,98422,68334,161913,103265,0
66359,95847,95198,162206,161557,191045,1
37131,9838,43713,46969,80844,53551,1
59909,43360,34005,103269,93914,77365,1
67786,52084,44140,119870,111926,96224,1
22354,31181,11451,53535,33805,42632,1
86719,1869,22375,88588,109094,24244,0
46274,39967,92114,86241,138388,132081,0
17939,89069,63666,107008,81605,152735,0
39439,30565,81880,70004,121319,112445,0
29865,66695,63414,96560,93279,130109,1
51885,62616,38364,114501,90249,100980,1
84935,7946,68025,92881,152960,75971,0
81532,94601,31700,176133,113232,126301,1
69752,21497,15326,91249,85078,36823,0
34798,3267,44669,38065,79467,47936,0
41965,94713,62479,136678,104444,157192,1
565,59955,16183,60520,16748,76138,0
36867,26960,50057,63827,86924,77017,1
91539,86805,30260,178344,121799,117065,1
12615,3750,67900,16365,80515,71650,0
94048,1388,90885,95436,184933,92273,0
54702,64112,86923,118814,141625,151035,1
72798,70357,48368,143155,121166,118725,1
24878,36558,35431,61436,60309,71989,1
90352,63105,68159,153457,158511,131264,1
40623,73782,8897,114405,49520,82679,0
30738,36730,43560,67468,74298,80290,1
83208,42099,57398,125307,140606,99497,1
71447,61363,32118,132810,103565,93481,1
24106,50821,41389,74927,65495,92210,1
18776,70882,25560,89658,44336,96442,0
90265,94361,54472,184626,144737,148833,1
27389,47826,22656,75215,50045,70482,1
87012,36000,69712,123012,156724,105712,1
55491,6663,95118,62154,150609,101781,0
53794,36932,51650,90726,105444,88582,1
78112,22154,2507,100266,80619,24661,0
68272,74124,52802,142396,121074,126926,1
44716,83487,16215,128203,60931,99702,0
97772,51935,15626,149707,113398,67561,0
44426,16298,24529,60724,68955,40827,0
26182,21876,83461,48058,109643,105337,0
79046,71656,7291,150702,86337,78947,0
51699,31156,32244,82855,83943,63400,1
42545,84912,8531,127457,51076,93443,0
41333,78641,43005,119974,84338,121646,1
5893,68318,59034,74211,64927,127352,0
78106,56754,88876,134860,166982,145630,1
69463,83860,51299,153323,120762,135159,1
22507,93936,23447,116443,45954,117383,0
37797,7240,74264,45037,112061,81504,0
15159,67318,36514,82477,51673,103832,0
71468,93836,70411,165304,141879,164247,1
2282,93474,24220,95756,26502,117694,0
46826,54596,44104,101422,90930,98700,1
85394,94244,45079,179638,130473,139323,1
77483,14914,22859,92397,100342,37773,0
17358,71386,58446,88744,75804,129832,1
3807,46922,7853,50729,11660,54775,0
10563,93156,34985,103719,45548,128141,0
87602,29790,8231,117392,95833,38021,0
98411,49262,88027,147673,186438,137289,1
15416,62400,41197,77816,56613,103597,0
40422,22380,23033,62802,63455,45413,1
6761,45579,23027,52340,29788,68606,0
74638,76808,15833,151446,90471,92641,1
53448,223,55386,53671,108834,55609,0
85977,97467,27602,183444,113579,125069,1
39675,10622,80451,50297,120126,91073,0
96551,62178,46780,158729,143331,108958,1
12237,43154,4442,55391,16679,47596,0
57052,37460,38383,94512,95435,75843,1
45889,72787,2255,118676,48144,75042,0
21240,877,36342,22117,57582,37219,0
86570,79025,66731,165595,153301,145756,1
37110,88731,89408,125841,126518,178139,1
10297,88111,21325,98408,31622,109436,0
83748,41356,59509,125104,143257,100865,1
7416,24905,39900,32321,47316,64805,0
48168,7042,2898,55210,51066,9940,0
66502,67438,90146,133940,156648,157584,1
3444,17486,71945,20930,75389,89431,0
21176,81898,60384,103074,81560,142282,0
94797,85864,16203,180661,111000,102067,1
10723,66282,29629,77005,40352,95911,0
28943,24259,29986,53202,58929,54245,1
79174,71288,91938,150462,171112,163226,1
52829,43212,93312,96041,146141,136524,1
52730,34995,19525,87725,72255,54520,1
43790,6643,75514,50433,119304,82157,0
62161,43618,2189,105779,64350,45807,0
61103,88825,42265,149928,103368,131090,1
86812,14255,72645,101067,159457,86900,1
24821,79578,99372,104399,124193,178950,1
96502,8685,52048,105187,148550,60733,0
64824,5802,95672,70626,160496,101474,0
79610,77604,34615,157214,114225,112219,1
31024,18150,85985,49174,117009,104135,0
39675,62142,56473,101817,96148,118615,1
33540,56269,31713,89809,65253,87982,1
59199,88310,42652,147509,101851,130962,1
66083,48834,32091,114917,98174,80925,1
7565,6965,2754,14530,10319,9719,1
45978,52463,35302,98441,81280,87765,1
52067,87141,20464,139208,72531,107605,0
89108,59197,40558,148305,129666,99755,1
39739,14074,37888,53813,77627,51962,1
41677,70412,53574,112089,95251,123986,1
91758,4990,81837,96748,173595,86827,0
93264,23575,57001,116839,150265,80576,0
64477,45083,84223,109560,148700,129306,1
11190,92682,77860,103872,89050,170542,0
88777,46,53682,88823,142459,53728,0
379,32446,7386,32825,7765,39832,0
99364,3427,40648,102791,140012,44075,0
4933,4996,90563,9929,95496,95559,0
45665,72608,43426,118273,89091,116034,1
90327,29444,41443,119771,131770,70887,0
55103,32879,58328,87982,113431,91207,1
52129,80446,54962,132575,107091,135408,1
44939,55644,2651,100583,47590,58295,0
50014,98504,53056,148518,103070,151560,1
60884,6744,79478,67628,140362,86222,0
66216,3962,52045,70178,118261,56007,0
71980,58815,39053,130795,111033,97868,1
25226,39319,68808,64545,94034,108127,0
4218,61949,54132,66167,58350,116081,0
6057,11229,34903,17286,40960,46132,0
44984,48103,42716,93087,87700,90819,1
1092,82138,89215,83230,90307,171353,0
90874,97263,68383,188137,159257,165646,1
25766,13112,89153,38878,114919,102265,0
13009,66262,73185,79271,86194,139447,1
44005,53108,70822,97113,114827,123930,1
17342,95911,43031,113253,60373,138942,0
3175,77423,32256,80598,35431,109679,0
73177,74264,63155,147441,136332,137419,1
65912,90371,57940,156283,123852,148311,1
58865,28388,73423,87253,132288,101811,1
31791,39057,66182,70848,97973,105239,1
75803,79574,14196,155377,89999,93770,1
68047,29181,95099,97228,163146,124280,1
49315,56725,49311,106040,98626,106036,1
7505,74708,80439,82213,87944,155147,1
28560,87161,72954,115721,101514,160115,1
34989,11842,94055,46831,129044,105897,0
19822,58968,31821,78790,51643,90789,0
41575,67381,59561,108956,101136,126942,1
20893,75909,31354,96802,52247,107263,0
62752,34649,87197,97401,149949,121846,1
33572,28043,81932,61615,115504,109975,0
95525,27099,8355,122624,103880,35454,0
5615,24137,61186,29752,66801,85323,0
38911,92127,15857,131038,54768,107984,0
54516,23212,24472,77728,78988,47684,0
92632,86713,47741,179345,140373,134454,1
10088,51933,92275,62021,102363,144208,0
42594,69153,21940,111747,64534,91093,0
6757,71227,44026,77984,50783,115253,0
93766,39132,42028,132898,135794,81160,0
28409,99586,2218,127995,30627,101804,0
4058,63211,2183,67269,6241,65394,0
5742,49739,87850,55481,93592,137589,0
41603,31293,5595,72896,47198,36888,0
43269,2804,12626,46073,55895,15430,0
37006,54503,64297,91509,101303,118800,1
52996,47379,4747,100375,57743,52126,0
63796,9805,91059,73601,154855,100864,0
78136,19406,42883,97542,121019,62289,0
28813,632,54938,29445,83751,55570,0
53509,68329,1571,121838,55080,69900,0
21183,41965,81545,63148,102728,123510,0
94503,49499,91616,144002,186119,141115,1
5345,25077,15821,30422,21166,40898,0
47054,72924,3407,119978,50461,76331,0
15344,66449,19937,81793,35281,86386,0
33539,44069,286,77608,33825,44355,0
96902,27272,55326,124174,152228,82598,0
40182,16994,35697,57176,75879,52691,1
92733,81698,47880,174431,140613,129578,1
47252,69273,89229,116525,136481,158502,1
20764,70732,27372,91496,48136,98104,0
7546,16783,32738,24329,40284,49521,0
47348,94657,4732,142005,52080,99389,0
16857,29402,82866,46259,99723,112268,0
42860,58490,40327,101350,83187,98817,1
12212,73411,10339,85623,22551,83750,0
40662,59415,75509,100077,116171,134924,1
95927,84456,77666,180383,173593,162122,1
80925,64972,9375,145897,90300,74347,0
45487,13071,44644,58558,90131,57715,1
43558,47545,97964,91103,141522,145509,0
40632,97374,30359,138006,70991,127733,0
88788,86528,8556,175316,97344,95084,1
5115,56330,55360,61445,60475,111690,1
94203,94155,13878,188358,108081,108033,1
60838,65288,9352,126126,70190,74640,1
9393,23275,22940,32668,32333,46215,1
48338,13181,76344,61519,124682,89525,0
22651,36448,99891,59099,122542,136339,0
63279,17528,68150,80807,131429,85678,1
57309,29476,15273,86785,72582,44749,0
24013,58167,14348,82180,38361,72515,0
76306,1169,23324,77475,99630,24493,0
86522,96726,80543,183248,167065,177269,1
63795,90198,27614,153993,91409,117812,1
87327,63409,85906,150736,173233,149315,1
33815,72766,34969,106581,68784,107735,0
81227,12551,69429,93778,150656,81980,1
46968,70773,45596,117741,92564,116369,1
29067,2542,35895,31609,64962,38437,0
21203,66901,86872,88104,108075,153773,1
8120,36102,24001,44222,32121,60103,0
69577,67315,8970,136892,78547,76285,1
35999,24191,81543,60190,117542,105734,0
63659,63626,82708,127285,146367,146334,1
4263,16234,80097,20497,84360,96331,0
81344,91905,14067,173249,95411,105972,1
79368,44218,23446,123586,102814,67664,0
883,83813,33984,84696,34867,117797,0
73702,89547,21614,163249,95316,111161,1
21536,50666,48211,72202,69747,98877,1
55779,97151,52349,152930,108128,149500,1
68879,33887,61046,102766,129925,94933,1
598,30597,93991,31195,94589,124588,0
7448,94719,65378,102167,72826,160097,0
78700,50811,62267,129511,140967,113078,1
20063,37346,1977,57409,22040,39323,0
37627,4557,48646,42184,86273,53203,0
19371,8208,15098,27579,34469,23306,1
57407,50014,72040,107421,129447,122054,1
56625,89183,80124,145808,136749,169307,1
52392,91091,30691,143483,83083,121782,0
75783,22362,8828,98145,84611,31190,0
11577,6727,54462,18304,66039,61189,0
22382,14357,50834,36739,73216,65191,0
31941,29165,36752,61106,68693,65917,1
53812,71422,41402,125234,95214,112824,1
5,79076,58261,79081,58266,137337,0
68575,75674,11414,144249,79989,87088,1
95098,30900,29549,125998,124647,60449,0
10379,60899,83557,71278,93936,144456,0
18571,51046,75948,69617,94519,126994,0
9792,63028,91193,72820,100985,154221,0
45746,5369,6420,51115,52166,11789,0
11539,87121,64741,98660,76280,151862,0
52968,26294,40839,79262,93807,67133,1
29451,93700,52127,123151,81578,145827,0
8643,4554,72965,13197,81608,77519,0
27009,56640,45318,83649,72327,101958,1
60229,8824,55750,69053,115979,64574,1
18022,33813,87853,51835,105875,121666,0
87376,18994,44654,106370,132030,63648,0
9877,30804,36851,40681,46728,67655,1
2260,99976,2123,102236,4383,102099,0
74108,84677,97787,158785,171895,182464,1
94889,61715,83738,156604,178627,145453,1
58808,45333,26937,104141,85745,72270,1
52009,29878,46898,81887,98907,76776,1
99150,50820,98753,149970,197903,149573,1
90029,19599,79843,109628,169872,99442,1
51956,33244,17283,85200,69239,50527,0
57974,76846,847,134820,58821,77693,0
35961,18463,24021,54424,59982,42484,1
680,53270,7612,53950,8292,60882,0
97447,63606,82423,161053,179870,146029,1
45105,57618,93217,102723,138322,150835,1
88015,51528,36686,139543,124701,88214,1
49597,6992,53838,56589,103435,60830,1
1437,47507,85132,48944,86569,132639,0
68986,22580,66419,91566,135405,88999,1
77465,48803,87819,126268,165284,136622,1
97294,18398,43330,115692,140624,61728,0
90898,33733,94260,124631,185158,127993,1
16446,70467,87353,86913,103799,157820,0
69516,16079,22610,85595,92126,38689,0
72825,40568,95380,113393,168205,135948,1
48852,56102,55875,104954,104727,111977,1
61248,51660,28004,112908,89252,79664,1
22805,469,79604,23274,102409,80073,0
80450,9322,89549,89772,169999,98871,1
75493,5529,90720,81022,166213,96249,0
77101,5341,51352,82442,128453,56693,0
64830,88112,93,152942,64923,88205,0
20497,81461,84779,101958,105276,166240,1
79609,63557,1516,143166,81125,65073,0
38156,74273,29783,112429,67939,104056,0
58372,31956,22597,90328,80969,54553,0
95911,91241,30191,187152,126102,121432,1
80014,29612,59727,109626,139741,89339,1
96213,21937,64728,118150,160941,86665,0
96485,55239,19352,151724,115837,74591,0
65922,1186,46155,67108,112077,47341,0
37199,15810,83200,53009,120399,99010,0
81507,33966,33336,115473,114843,67302,0
5668,1171,66829,6839,72497,68000,0
64525,42592,49988,107117,114513,92580,1
87026,75297,25428,162323,112454,100725,1
18412,82606,48914,101018,67326,131520,0
78493,25688,23895,104181,102388,49583,0
91436,11888,63638,103324,155074,75526,0
50654,15568,38510,66222,89164,54078,1
22191,41150,69991,63341,92182,111141,0
24596,93765,69335,118361,93931,163100,1
33476,25477,21650,58953,55126,47127,1
74493,36020,89651,110513,164144,125671,1
50536,35110,92280,85646,142816,127390,0
94517,24686,7220,119203,101737,31906,0
80633,43899,4692,124532,85325,48591,0
87401,45266,50384,132667,137785,95650,1
50839,38750,51735,89589,102574,90485,1
16569,37791,7542,54360,24111,45333,0
90273,53805,66607,144078,156880,120412,1
77495,57417,81121,134912,158616,138538,1
44588,74392,33691,118980,78279,108083,1
6118,68414,34344,74532,40462,102758,0
25159,36946,30009,62105,55168,66955,1
78730,66318,18285,145048,97015,84603,1
59354,61798,27897,121152,87251,89695,1
23749,56466,48248,80215,71997,104714,1
58380,98175,42934,156555,101314,141109,1
57848,81333,57068,139181,114916,138401,1
40769,22224,99702,62993,140471,121926,0
479,80391,87357,80870,87836,167748,0
54139,84510,96979,138649,151118,181489,1
89005,29699,78130,118704,167135,107829,1
49521,55763,32568,105284,82089,88331,1
88290,97254,69525,185544,157815,166779,1
84622,64184,73238,148806,157860,137422,1
77391,31184,98422,108575,175813,129606,1
75601,41972,16975,117573,92576,58947,0
74591,10912,82402,85503,156993,93314,1
18474,69481,24653,87955,43127,94134,0
92360,65059,86213,157419,178573,151272,1
91390,75363,83193,166753,174583,158556,1
41130,6725,47911,47855,89041,54636,0
21446,36718,9079,58164,30525,45797,0
67777,2943,46362,70720,114139,49305,0
42700,76341,50331,119041,93031,126672,1
70694,29690,56302,100384,126996,85992,1
74272,46427,36221,120699,110493,82648,1
95206,44789,83957,139995,179163,128746,1
40965,31828,48214,72793,89179,80042,1
47788,78788,78871,126576,126659,157659,1
48105,83809,39396,131914,87501,123205,1
55576,92424,48844,148000,104420,141268,1
49437,50938,52861,100375,102298,103799,1
22785,99547,12481,122332,35266,112028,0
84624,95422,59514,180046,144138,154936,1
3759,90190,177,93949,3936,90367,0
5292,57306,59953,62598,65245,117259,1
86042,96335,4085,182377,90127,100420,0
99583,52749,81563,152332,181146,134312,1
99748,21947,80043,121695,179791,101990,1
15693,74472,92418,90165,108111,166890,0
98843,35988,22987,134831,121830,58975,0
46243,17700,49233,63943,95476,66933,1
11736,5160,36858,16896,48594,42018,0
25893,60475,77054,86368,102947,137529,1
23269,53533,44855,76802,68124,98388,1
7338,86597,66736,93935,74074,153333,0
6895,17014,4763,23909,11658,21777,0
92361,69665,78518,162026,170879,148183,1
71808,60875,95052,132683,166860,155927,1
53513,78845,29934,132358,83447,108779,1
89024,89857,23650,178881,112674,113507,1
64554,24586,18662,89140,83216,43248,0
31782,19303,69329,51085,101111,88632,0
37612,9858,5943,47470,43555,15801,0
79757,46361,78391,126118,158148,124752,1
82843,11316,5294,94159,88137,16610,0
87562,81364,12018,168926,99580,93382,1
94895,37895,71175,132790,166070,109070,1
28661,86397,32924,115058,61585,119321,0
13639,51704,40569,65343,54208,92273,1
66829,56084,84554,122913,151383,140638,1
80007,23925,11873,103932,91880,35798,0
32821,67399,81503,100220,114324,148902,1
87252,84067,30148,171319,117400,114215,1
31279,50420,31696,81699,62975,82116,1
38972,61197,27420,100169,66392,88617,1
27282,22505,53684,49787,80966,76189,0
73449,23604,96497,97053,169946,120101,1
78278,24652,54292,102930,132570,78944,1
17497,88045,96693,105542,114190,184738,1
47223,55153,74182,102376,121405,129335,1
10681,31907,37740,42588,48421,69647,1
6472,59914,41280,66386,47752,101194,0
68470,95420,67302,163890,135772,162722,1
61710,61523,68054,123233,129764,129577,1
86830,66348,13932,153178,100762,80280,0
93047,32297,62345,125344,155392,94642,1
72002,67793,963,139795,72965,68756,0
61810,89179,91670,150989,153480,180849,1
72668,44040,42898,116708,115566,86938,1
16408,31479,59832,47887,76240,91311,0
36107,5423,88088,41530,124195,93511,0
85689,20601,1519,106290,87208,22120,0
21524,99592,54737,121116,76261,154329,0
61798,15693,43135,77491,104933,58828,0
84862,91888,92723,176750,177585,184611,1
93564,23266,45868,116830,139432,69134,0
27563,94536,37272,122099,64835,131808,0
9595,87367,82402,96962,91997,169769,1
5179,34961,57458,40140,62637,92419,0
11547,51097,92638,62644,104185,143735,0
29969,80819,32698,110788,62667,113517,0
60062,47565,90409,107627,150471,137974,1
61498,6752,11184,68250,72682,17936,0
69561,46217,95896,115778,165457,142113,1
47339,86295,57580,133634,104919,143875,1
83097,33648,45678,116745,128775,79326,0
66525,25276,59896,91801,126421,85172,1
9020,66748,16301,75768,25321,83049,0
76432,50188,56050,126620,132482,106238,1
93318,940,99500,94258,192818,100440,0
7886,26702,61403,34588,69289,88105,0
85048,79898,75480,164946,160528,155378,1
20712,16504,34704,37216,55416,51208,1
68708,3042,70026,71750,138734,73068,1
9222,88884,52257,98106,61479,141141,0
74036,6114,78785,80150,152821,84899,1
31334,94452,8045,125786,39379,102497,0
82465,74698,20548,157163,103013,95246,1
95330,21185,79384,116515,174714,100569,1
86077,11001,25017,97078,111094,36018,0
74649,15309,43017,89958,117666,58326,0
92050,52762,49194,144812,141244,101956,1
90238,95156,81427,185394,171665,176583,1
47947,52821,62579,100768,110526,115400,1
19240,28732,11621,47972,30861,40353,1
63016,24101,63249,87117,126265,87350,1
90099,93454,69851,183553,159950,163305,1
37638,92233,34438,129871,72076,126671,0
13022,44871,44549,57893,57571,89420,1
51212,83169,29077,134381,80289,112246,0
74653,84965,9576,159618,84229,94541,0
2868,52697,21491,55565,24359,74188,0
4353,84991,4561,89344,8914,89552,0
84167,80216,79732,164383,163899,159948,1
24375,48073,9845,72448,34220,57918,0
3297,15342,96094,18639,99391,111436,0
39271,60523,18608,99794,57879,79131,0
64514,88002,87303,152516,151817,175305,1
26854,50925,58870,77779,85724,109795,1
54911,8774,85983,63685,140894,94757,0
70608,65521,52424,136129,123032,117945,1
33919,87775,61997,121694,95916,149772,1
67069,112,55738,67181,122807,55850,0
25515,42050,85631,67565,111146,127681,0
31093,37098,95374,68191,126467,132472,0
19603,97067,10984,116670,30587,108051,0
71977,58955,39533,130932,111510,98488,1
85784,66511,88711,152295,174495,155222,1
21014,97160,31672,118174,52686,128832,0
55533,81393,34113,136926,89646,115506,1
2088,25942,49862,28030,51950,75804,0
1381,25712,41186,27093,42567,66898,0
61632,92665,86709,154297,148341,179374,1
95771,71358,61144,167129,156915,132502,1
89581,19076,69035,108657,158616,88111,0
37854,55986,7781,93840,45635,63767,0
85066,10506,78310,95572,163376,88816,1
41170,66714,66934,107884,108104,133648,1
18323,13953,34852,32276,53175,48805,0
75013,42925,65236,117938,140249,108161,1
97807,7262,17564,105069,115371,24826,0
16764,82053,12723,98817,29487,94776,0
77685,1529,87829,79214,165514,89358,0
949,18298,77075,19247,78024,95373,0
41369,85714,53849,127083,95218,139563,1
82815,70425,50973,153240,133788,121398,1
48589,2800,79413,51389,128002,82213,0
73296,75281,22277,148577,95573,97558,1
44592,70692,69289,115284,113881,139981,1
36797,96713,1852,133510,38649,98565,0
58352,61897,14456,120249,72808,76353,1
23241,9062,57648,32303,80889,66710,0
29608,78927,14496,108535,44104,93423,0
31843,24203,4083,56046,35926,28286,0
37230,80124,31591,117354,68821,111715,0
90235,89681,8972,179916,99207,98653,1
78352,76215,91089,154567,169441,167304,1
1908,47830,4595,49738,6503,52425,0
68791,64018,20436,132809,89227,84454,1
88458,8301,54137,96759,142595,62438,0
3823,709,98507,4532,102330,99216,0
80560,80786,83066,161346,163626,163852,1
40390,58821,56729,99211,97119,115550,1
57126,80757,96359,137883,153485,177116,1
75654,56343,53655,131997,129309,109998,1
17931,99209,90398,117140,108329,189607,1
13537,86156,43909,99693,57446,130065,0
80165,87101,40376,167266,120541,127477,1
96002,14732,5194,110734,101196,19926,0
15533,11787,64923,27320,80456,76710,0
69343,41359,51470,110702,120813,92829,1
93827,81222,17707,175049,111534,98929,1
57607,12775,95449,70382,153056,108224,0
94200,16547,55890,110747,150090,72437,0
96029,43625,44915,139654,140944,88540,0
35791,10316,57707,46107,93498,68023,0
79930,40482,41058,120412,120988,81540,1
69594,36219,14317,105813,83911,50536,0
38665,95328,22913,133993,61578,118241,0
61148,78868,29339,140016,90487,108207,1
99293,67171,36116,166464,135409,103287,1
12675,21478,65350,34153,78025,86828,0
79863,29858,930,109721,80793,30788,0
17341,85677,89250,103018,106591,174927,1
54460,97404,28266,151864,82726,125670,0
48924,9558,94285,58482,143209,103843,0
3585,54851,14518,58436,18103,69369,0
76233,34178,54860,110411,131093,89038,1
12797,96631,54964,109428,67761,151595,0
86655,50743,84000,137398,170655,134743,1
70062,72764,4244,142826,74306,77008,1
84579,22095,32837,106674,117416,54932,0
75017,5244,28012,80261,103029,33256,0
74991,43564,54315,118555,129306,97879,1
89844,5167,60418,95011,150262,65585,0
7421,18371,29908,25792,37329,48279,0
63512,95538,32871,159050,96383,128409,1
16686,3797,248,20483,16934,4045,0
18247,64119,3242,82366,21489,67361,0
34485,56304,81562,90789,116047,137866,1
10752,36325,70403,47077,81155,106728,0
44993,52232,6541,97225,51534,58773,0
50559,77883,61207,128442,111766,139090,1
51769,45526,29766,97295,81535,75292,1
50270,73089,93617,123359,143887,166706,1
90130,46067,32486,136197,122616,78553,0
44076,10269,21889,54345,65965,32158,0
89704,14759,80263,104463,169967,95022,1
69371,22608,76176,91979,145547,98784,1
40479,11491,89321,51970,129800,100812,0
24628,91114,6707,115742,31335,97821,0
68123,32209,73440,100332,141563,105649,1
78254,1219,80629,79473,158883,81848,0
83018,14578,41149,97596,124167,55727,0
10931,74508,33658,85439,44589,108166,0
79160,58461,43045,137621,122205,101506,1
95578,51424,39238,147002,134816,90662,0
39805,41183,72884,80988,112689,114067,1
88915,58644,5913,147559,94828,64557,0
70702,25011,86517,95713,157219,111528,1
55177,54604,43599,109781,98776,98203,1
91527,20804,61470,112331,152997,82274,0
34654,17852,63230,52506,97884,81082,0
14499,50715,51383,65214,65882,102098,1
67927,42701,61829,110628,129756,104530,1
91663,79662,50062,171325,141725,129724,1
1080,8118,75802,9198,76882,83920,0
68615,63310,21800,131925,90415,85110,1
87030,95066,74464,182096,161494,169530,1
39551,60028,79657,99579,119208,139685,1
66466,25487,99322,91953,165788,124809,0
48431,8179,85422,56610,133853,93601,0
20634,63966,11100,84600,31734,75066,0
60114,83063,84354,143177,144468,167417,1
30494,74697,59359,105191,89853,134056,1
41280,64279,26798,105559,68078,91077,1
60015,47567,66294,107582,126309,113861,1
45061,4063,78705,49124,123766,82768,0
84386,90470,75078,174856,159464,165548,1
71460,63872,92206,135332,163666,156078,1
87872,53960,22128,141832,110000,76088,0
52777,43015,81188,95792,133965,124203,1
83403,88798,29316,172201,112719,118114,1
94233,8515,89756,102748,183989,98271,1
45778,99451,90339,145229,136117,189790,1
23954,33085,33137,57039,57091,66222,1
32683,35195,35690,67878,68373,70885,1
35740,79336,21898,115076,57638,101234,0
31363,83890,56188,115253,87551,140078,1
3261,18709,41558,21970,44819,60267,0
32293,47654,64454,79947,96747,112108,1
87320,27947,68806,115267,156126,96753,1
60319,38219,32598,98538,92917,70817,1
1857,1160,54765,3017,56622,55925,0
26029,47147,99094,73176,125123,146241,0
69454,66096,33047,135550,102501,99143,1
96366,17066,95483,113432,191849,112549,1
40550,99652,41716,140202,82266,141368,0
34576,63265,52278,97841,86854,115543,1
39764,90428,61242,130192,101006,151670,1
79170,79952,22309,159122,101479,102261,1
45943,32165,14295,78108,60238,46460,1
85538,67350,225,152888,85763,67575,0
62330,5817,85830,68147,148160,91647,0
70565,76422,97795,146987,168360,174217,1
98255,88556,33399,186811,131654,121955,1
58724,69153,28230,127877,86954,97383,1
80085,90028,10042,170113,90127,100070,1
19656,52464,65164,72120,84820,117628,1
1096,67719,68147,68815,69243,135866,1
38125,98939,60124,137064,98249,159063,0
86811,65205,4080,152016,90891,69285,0
63231,936,15654,64167,78885,16590,0
9796,62524,49393,72320,59189,111917,0
816,64428,5950,65244,6766,70378,0
7844,60493,21084,68337,28928,81577,0
79272,15695,6969,94967,86241,22664,0
32351,77205,27639,109556,59990,104844,0
45553,6781,3927,52334,49480,10708,0
82841,37859,40222,120700,123063,78081,0
16728,97742,37,114470,16765,97779,0
84748,66318,65263,151066,150011,131581,1
81632,97366,14698,178998,96330,112064,0
91594,32334,37132,123928,128726,69466,0
63694,30939,98901,94633,162595,129840,0
62840,21839,49539,84679,112379,71378,1
71642,16806,54339,88448,125981,71145,0
6775,24570,95416,31345,102191,119986,0
21812,14832,96694,36644,118506,111526,0
55860,67953,70549,123813,126409,138502,1
49080,41485,69810,90565,118890,111295,1
8230,14693,51447,22923,59677,66140,0
15338,50488,58957,65826,74295,109445,1
63596,17461,66962,81057,130558,84423,1
53105,75957,89538,129062,142643,165495,1
14323,17608,23863,31931,38186,41471,1
35983,67760,83229,103743,119212,150989,1
54000,28688,5202,82688,59202,33890,0
27991,59369,43213,87360,71204,102582,1
42682,58769,3271,101451,45953,62040,0
40161,37269,98267,77430,138428,135536,0
12545,75622,86754,88167,99299,162376,1
30726,88492,78746,119218,109472,167238,1
41132,4803,36039,45935,77171,40842,0
25156,399,66383,25555,91539,66782,0
40795,34235,2993,75030,43788,37228,0
3046,58728,75293,61774,78339,134021,0
10031,3850,30162,13881,40193,34012,0
42512,98144,12930,140656,55442,111074,0
21273,81799,37721,103072,58994,119520,0
38298,57882,44189,96180,82487,102071,1
86842,50064,76759,136906,163601,126823,1
86976,22441,77075,109417,164051,99516,1
13418,91440,89877,104858,103295,181317,1
80561,81120,62896,161681,143457,144016,1
7634,91431,58182,99065,65816,149613,0
84170,30973,99768,115143,183938,130741,1
33858,6328,29987,40186,63845,36315,1
26664,10122,29336,36786,56000,39458,1
34358,13697,31272,48055,65630,44969,1
45444,7701,22723,53145,68167,30424,0
70170,92999,35355,163169,105525,128354,1
81558,82618,23106,164176,104664,105724,1
48116,36770,86459,84886,134575,123229,0
77476,9932,61947,87408,139423,71879,0
97747,35410,60769,133157,158516,96179,0
22800,6793,69859,29593,92659,76652,0
94042,79022,80162,173064,174204,159184,1
29266,40062,7611,69328,36877,47673,0
85975,62144,72959,148119,158934,135103,1
63854,38250,24879,102104,88733,63129,0
12688,26109,49777,38797,62465,75886,0
75112,40313,64902,115425,140014,105215,1
73281,38323,78788,111604,152069,117111,1
76465,30495,4180,106960,80645,34675,0
6115,82825,77813,88940,83928,160638,1
22138,2287,39118,24425,61256,41405,0
99740,59080,17884,158820,117624,76964,0
60127,89742,26727,149869,86854,116469,0
28044,76056,37467,104100,65511,113523,0
44617,32219,35769,76836,80386,67988,1
83912,92864,11274,176776,95186,104138,1
39083,46664,43389,85747,82472,90053,1
55631,8012,83533,63643,139164,91545,0
66733,49126,22078,115859,88811,71204,1
85293,83047,1820,168340,87113,84867,0
78584,95521,20487,174105,99071,116008,1
83914,22410,68251,106324,152165,90661,1
86439,10645,21224,97084,107663,31869,0
88501,30329,49993,118830,138494,80322,0
76676,12191,47337,88867,124013,59528,0
2685,18464,74059,21149,76744,92523,0
44468,94921,98017,139389,142485,192938,1
95722,62520,60976,158242,156698,123496,1
97313,41698,46002,139011,143315,87700,0
64077,77047,25571,141124,89648,102618,1
19855,27629,44850,47484,64705,72479,1
83335,30817,19877,114152,103212,50694,0
66478,71990,54344,138468,120822,126334,1
45487,49020,88230,94507,133717,137250,1
37895,88875,58232,126770,96127,147107,1
5441,7239,42846,12680,48287,50085,0
62052,55075,99745,117127,161797,154820,1
96479,413,71205,96892,167684,71618,0
11976,95689,12679,107665,24655,108368,0
11283,65752,29340,77035,40623,95092,0
9128,26899,64187,36027,73315,91086,0
66508,18890,14333,85398,80841,33223,0
42039,54749,33599,96788,75638,88348,1
27950,44036,38262,71986,66212,82298,1
93542,58784,82254,152326,175796,141038,1
59289,27310,84110,86599,143399,111420,1
65683,29958,68337,95641,134020,98295,1
50607,56684,16316,107291,66923,73000,1
94937,56721,20350,151658,115287,77071,0
19757,94678,3726,114435,23483,98404,0
76872,5996,74244,82868,151116,80240,1
43271,88372,4031,131643,47302,92403,0
78975,18843,71035,97818,150010,89878,1
82817,95931,92737,178748,175554,188668,1
64840,49248,69046,114088,133886,118294,1
57080,59282,17386,116362,74466,76668,1
81770,919,83374,82689,165144,84293,0
18254,74578,29177,92832,47431,103755,0
85794,77770,83394,163564,169188,161164,1
21446,32116,26104,53562,47550,58220,1
12687,68977,57075,81664,69762,126052,1
9628,11646,60347,21274,69975,71993,0
48878,75814,87554,124692,136432,163368,1
80677,89483,66779,170160,147456,156262,1
38708,51106,60095,89814,98803,111201,1
4651,15821,45254,20472,49905,61075,0
3414,18700,60359,22114,63773,79059,0
85572,71157,2295,156729,87867,73452,0
78707,7274,39646,85981,118353,46920,0
83656,17417,76531,101073,160187,93948,1
50563,38504,47851,89067,98414,86355,1
32121,67348,50582,99469,82703,117930,1
83699,95210,16671,178909,100370,111881,1
60879,4662,31708,65541,92587,36370,0
42016,94475,45118,136491,87134,139593,0
60949,69830,2830,130779,63779,72660,0
4266,83791,72285,88057,76551,156076,0
54279,61626,92297,115905,146576,153923,1
5558,30764,60822,36322,66380,91586,0
12036,10276,60938,22312,72974,71214,0
99700,14,14461,99714,114161,14475,0
92007,15615,6164,107622,98171,21779,0
7528,21244,50567,28772,58095,71811,0
71714,58081,6279,129795,77993,64360,0
61620,12218,55404,73838,117024,67622,1
82646,40546,57484,123192,140130,98030,1
93540,66211,92696,159751,186236,158907,1
93803,36978,52767,130781,146570,89745,0
71098,23624,73220,94722,144318,96844,1
39863,23991,99348,63854,139211,123339,0
33997,26253,67800,60250,101797,94053,0
20266,9238,67454,29504,87720,76692,0
700,13652,13471,14352,14171,27123,1
49775,1508,36880,51283,86655,38388,0
83543,13509,30541,97052,114084,44050,0
21991,74324,44779,96315,66770,119103,0
10838,98285,85315,109123,96153,183600,0
68040,45583,23532,113623,91572,69115,1
72847,91740,96223,164587,169070,187963,1
33209,46615,40055,79824,73264,86670,1
54760,76439,63585,131199,118345,140024,1
76200,98367,96969,174567,173169,195336,1
23785,6812,69757,30597,93542,76569,0
70664,35090,12278,105754,82942,47368,0
94240,75707,72485,169947,166725,148192,1
61507,80415,38222,141922,99729,118637,1
37795,23862,15201,61657,52996,39063,1
23809,31306,98365,55115,122174,129671,0
63634,96694,99981,160328,163615,196675,1
37594,25753,65589,63347,103183,91342,0
26759,19361,12071,46120,38830,31432,1
51965,75207,44705,127172,96670,119912,1
81235,74682,38190,155917,119425,112872,1
98711,41283,13977,139994,112688,55260,0
57955,48327,25297,106282,83252,73624,1
69894,72010,83951,141904,153845,155961,1
74024,76329,83571,150353,157595,159900,1
90077,4220,82994,94297,173071,87214,0
24170,740,10686,24910,34856,11426,0
2007,98299,45346,100306,47353,143645,0
43117,88980,19485,132097,62602,108465,0
10349,6563,99842,16912,110191,106405,0
42649,59556,35697,102205,78346,95253,1
9220,69691,30664,78911,39884,100355,0
22537,61057,69870,83594,92407,130927,1
94571,54634,73160,149205,167731,127794,1
81566,56724,84282,138290,165848,141006,1
99943,21221,89795,121164,189738,111016,1
7447,93425,47548,100872,54995,140973,0
37643,25421,61282,63064,98925,86703,1
60443,23765,86071,84208,146514,109836,0
42641,12322,69589,54963,112230,81911,0
30570,93220,11892,123790,42462,105112,0
87479,81756,93081,169235,180560,174837,1
88481,46657,30444,135138,118925,77101,0
63945,51664,59820,115609,123765,111484,1
28396,20848,41995,49244,70391,62843,1
44505,81079,35086,125584,79591,116165,0
39639,95889,2243,135528,41882,98132,0
83163,25647,60358,108810,143521,86005,1
99977,70357,8464,170334,108441,78821,0
70345,93117,69290,163462,139635,162407,1
28179,35959,54120,64138,82299,90079,1
95757,71855,6112,167612,101869,77967,0
99048,68286,35284,167334,134332,103570,1
58312,63485,4856,121797,63168,68341,0
49938,71676,34894,121614,84832,106570,1
80295,65502,15259,145797,95554,80761,1
89418,93278,57387,182696,146805,150665,1
41437,68415,1709,109852,43146,70124,0
72646,33887,662,106533,73308,34549,0
92133,99160,2596,191293,94729,101756,0
32363,75154,97725,107517,130088,172879,1
55412,74755,78378,130167,133790,153133,1
7848,91347,2507,99195,10355,93854,0
8011,1587,55544,9598,63555,57131,0
58931,87758,66728,146689,125659,154486,1
313,26323,31317,26636,31630,57640,0
33033,69510,80872,102543,113905,150382,1
48099,69579,23663,117678,71762,93242,1
33491,25759,16220,59250,49711,41979,1
66231,16668,40018,82899,106249,56686,0
65616,39132,32773,104748,98389,71905,1
31260,92766,78723,124026,109983,171489,1
29102,20647,67160,49749,96262,87807,0
1691,12051,21837,13742,23528,33888,0
40345,80803,98405,121148,138750,179208,1
56417,26433,83562,82850,139979,109995,0
70992,83475,58407,154467,129399,141882,1
71212,53335,1714,124547,72926,55049,0
52550,27788,11696,80338,64246,39484,0
67537,1613,71954,69150,139491,73567,0
67840,31178,27130,99018,94970,58308,0
87714,42106,68695,129820,156409,110801,1
14619,42589,79644,57208,94263,122233,0
27430,56839,9206,84269,36636,66045,0
16932,83426,35102,100358,52034,118528,0
28215,73681,89277,101896,117492,162958,1
83715,80030,42199,163745,125914,122229,1
21753,31247,72779,53000,94532,104026,0
84340,71944,31392,156284,115732,103336,1
8156,82870,22673,91026,30829,105543,0
78429,80075,38647,158504,117076,118722,1
66871,7228,55233,74099,122104,62461,0
66689,51137,92550,117826,159239,143687,1
37478,47931,92349,85409,129827,140280,0
63184,90363,56186,153547,119370,146549,1
13794,69849,28841,83643,42635,98690,0
23867,78967,51816,102834,75683,130783,0
27126,24128,89519,51254,116645,113647,0
51688,74675,28139,126363,79827,102814,1
78246,34049,61955,112295,140201,96004,1
42105,83403,8336,125508,50441,91739,0
7530,96418,2895,103948,10425,99313,0
59886,81194,1424,141080,61310,82618,0
44353,60634,62019,104987,106372,122653,1
38146,53442,2918,91588,41064,56360,0
29236,61817,37173,91053,66409,98990,1
92793,55286,65545,148079,158338,120831,1
6281,3837,52022,10118,58303,55859,0
4053,13077,7814,17130,11867,20891,0
3813,94750,53926,98563,57739,148676,0
72975,69557,93731,142532,166706,163288,1
74501,16113,73864,90614,148365,89977,1
40943,8320,77270,49263,118213,85590,0
39270,8066,34439,47336,73709,42505,1
60198,25727,53108,85925,113306,78835,1
97244,38576,47066,135820,144310,85642,0
126,44929,71033,45055,71159,115962,0
32769,34891,69820,67660,102589,104711,0
15612,90858,44755,106470,60367,135613,0
70743,19705,66634,90448,137377,86339,1
48852,36750,36890,85602,85742,73640,1
37292,86840,68345,124132,105637,155185,1
14328,75203,4741,89531,19069,79944,0
50364,23677,89675,74041,140039,113352,0
58891,69762,32538,128653,91429,102300,1
38878,33521,93514,72399,132392,127035,0
29858,70213,28625,100071,58483,98838,0
60942,23400,14386,84342,75328,37786,0
79988,44240,30670,124228,110658,74910,0
93340,40490,65228,133830,158568,105718,1
68542,56555,77796,125097,146338,134351,1
41138,91195,50404,132333,91542,141599,1
11605,43506,22925,55111,34530,66431,0
53567,62420,65300,115987,118867,127720,1
54161,49374,85022,103535,139183,134396,1
44321,58430,94640,102751,138961,153070,1
93652,88803,55493,182455,149145,144296,1
39679,19522,47407,59201,87086,66929,1
48599,7067,43751,55666,92350,50818,1
52362,57753,98480,110115,150842,156233,1
27672,39019,58170,66691,85842,97189,1
72569,47231,78896,119800,151465,126127,1
31403,43887,93847,75290,125250,137734,0
10995,89127,56318,100122,67313,145445,0
46773,73068,32927,119841,79700,105995,1
69510,74858,18882,144368,88392,93740,1
16881,62268,28058,79149,44939,90326,0
68328,78210,91053,146538,159381,169263,1
72115,67187,92520,139302,164635,159707,1
45607,62389,84452,107996,130059,146841,1
86009,58232,56223,144241,142232,114455,1
54671,82391,27839,137062,82510,110230,1
51516,90285,95519,141801,147035,185804,1
97780,10867,51105,108647,148885,61972,0
34652,24080,31506,58732,66158,55586,1
39190,92454,54596,131644,93786,147050,1
17223,93216,92229,110439,109452,185445,1
32434,31660,74942,64094,107376,106602,0
84913,38763,28557,123676,113470,67320,0
52184,43633,30622,95817,82806,74255,1
4186,31260,22481,35446,26667,53741,0
29513,80230,36058,109743,65571,116288,0
81245,51968,80342,133213,161587,132310,1
45882,3141,77039,49023,122921,80180,0
3276,87547,95215,90823,98491,182762,0
25940,51158,37783,77098,63723,88941,1
56845,77401,59564,134246,116409,136965,1
90912,62539,95701,153451,186613,158240,1
87810,73553,62694,161363,150504,136247,1
42222,30712,12440,72934,54662,43152,1
21963,58964,12650,80927,34613,71614,0
47849,59168,73705,107017,121554,132873,1
97127,28729,71312,125856,168439,100041,1
58597,46996,22932,105593,81529,69928,1
12161,59851,44453,72012,56614,104304,0
40041,32255,97950,72296,137991,130205,0
40969,41421,4899,82390,45868,46320,1
18134,25951,93008,44085,111142,118959,0
86985,27148,77040,114133,164025,104188,1
36128,75225,97478,111353,133606,172703,1
17001,94567,44020,111568,61021,138587,0
75528,20640,56141,96168,131669,76781,1
93171,69887,56631,163058,149802,126518,1
15974,51668,21699,67642,37673,73367,0
68014,6662,66988,74676,135002,73650,1
81515,69185,76335,150700,157850,145520,1
21851,57113,95700,78964,117551,152813,0
94138,70637,53802,164775,147940,124439,1
8447,58348,32213,66795,40660,90561,0
47949,47760,22327,95709,70276,70087,1
20862,56043,69555,76905,90417,125598,1
50600,38945,90463,89545,141063,129408,0
44358,21184,17917,65542,62275,39101,0
29710,97237,99291,126947,129001,196528,1
93944,94872,28497,188816,122441,123369,1
75688,11450,42873,87138,118561,54323,0
61193,43859,42332,105052,103525,86191,1
35900,17920,95714,53820,131614,113634,0
31824,39818,35242,71642,67066,75060,1
35008,70527,73684,105535,108692,144211,1
51536,10618,45823,62154,97359,56441,1
68943,11108,88695,80051,157638,99803,0
41569,49193,62922,90762,104491,112115,1
90360,64242,60663,154602,151023,124905,1
41177,65911,47277,107088,88454,113188,1
46086,58308,90060,104394,136146,148368,1
52503,94127,21901,146630,74404,116028,0
75909,8227,60231,84136,136140,68458,0
9745,35558,77078,45303,86823,112636,0
41736,11248,51799,52984,93535,63047,1
34056,40646,92299,74702,126355,132945,0
54549,91393,98464,145942,153013,189857,1
68509,32716,10427,101225,78936,43143,0
65745,28223,38806,93968,104551,67029,1
50936,15482,75785,66418,126721,91267,0
77834,26281,72943,104115,150777,99224,1
65480,27909,80066,93389,145546,107975,1
96012,81266,52130,177278,148142,133396,1
79515,75801,95519,155316,175034,171320,1
24566,84662,71100,109228,95666,155762,1
2786,32947,8866,35733,11652,41813,0
67354,94658,35300,162012,102654,129958,1
2832,31881,99924,34713,102756,131805,0
83374,50353,71569,133727,154943,121922,1
66682,91322,2966,158004,69648,94288,0
12240,12695,55122,24935,67362,67817,0
82672,39876,63296,122548,145968,103172,1
40569,30245,71951,70814,112520,102196,0
2638,9231,44682,11869,47320,53913,0
75438,79338,31482,154776,106920,110820,1
88941,83382,61204,172323,150145,144586,1
86426,95372,78203,181798,164629,173575,1
19810,70269,18423,90079,38233,88692,0
69333,60375,32493,129708,101826,92868,1
49687,8863,25638,58550,75325,34501,0
11853,8098,95464,19951,107317,103562,0
26434,38553,83950,64987,110384,122503,0
39331,69883,51790,109214,91121,121673,1
95755,95976,81775,191731,177530,177751,1
88837,32076,64577,120913,153414,96653,1
82223,22639,88218,104862,170441,110857,1
22030,29465,77377,51495,99407,106842,0
33768,47014,28504,80782,62272,75518,1
99193,99771,41628,198964,140821,141399,1
5070,25881,8448,30951,13518,34329,0
22535,66481,98887,89016,121422,165368,0
19184,45318,78040,64502,97224,123358,0
63613,54735,75115,118348,138728,129850,1
51908,33334,79291,85242,131199,112625,1
99108,57930,44902,157038,144010,102832,1
57132,79789,31392,136921,88524,111181,1
20069,47131,25875,67200,45944,73006,0
95011,89418,16482,184429,111493,105900,1
16660,80927,4460,97587,21120,85387,0
7569,68437,62853,76006,70422,131290,1
84114,66001,73266,150115,157380,139267,1
19934,83525,6379,103459,26313,89904,0
48568,28315,32858,76883,81426,61173,1
16253,21762,52694,38015,68947,74456,0
49693,27639,32369,77332,82062,60008,1
96715,90587,43065,187302,139780,133652,1
37867,86105,49809,123972,87676,135914,1
21254,15643,88929,36897,110183,104572,0
24482,98189,39753,122671,64235,137942,0
83778,21895,25137,105673,108915,47032,0
83568,39207,46154,122775,129722,85361,1
19663,6428,56825,26091,76488,63253,0
88040,34118,10809,122158,98849,44927,0
24707,46272,29870,70979,54577,76142,1
42254,35293,68343,77547,110597,103636,1
21742,20388,75668,42130,97410,96056,0
99850,23097,42268,122947,142118,65365,0
76892,16424,36582,93316,113474,53006,0
58956,85932,28137,144888,87093,114069,1
51836,67742,9874,119578,61710,77616,0
71883,96214,63697,168097,135580,159911,1
34855,93146,3482,128001,38337,96628,0
59443,24571,38083,84014,97526,62654,1
47092,20146,74483,67238,121575,94629,0
22567,17098,25548,39665,48115,42646,1
99004,68075,12932,167079,111936,81007,0
13868,96815,96974,110683,110842,193789,1
74229,96453,82767,170682,156996,179220,1
76152,34281,76747,110433,152899,111028,1
28428,9314,44616,37742,73044,53930,0
73598,71322,72225,144920,145823,143547,1
10424,65270,23838,75694,34262,89108,0
86972,44653,13277,131625,100249,57930,0
5392,30066,80356,35458,85748,110422,0
71545,14868,27259,86413,98804,42127,0
85834,19055,50087,104889,135921,69142,0
85773,13933,75175,99706,160948,89108,1
76661,5016,19929,81677,96590,24945,0
28382,33598,53702,61980,82084,87300,1
21915,60830,66123,82745,88038,126953,1
91136,59346,603,150482,91739,59949,0
5926,47208,3376,53134,9302,50584,0
49121,23090,95693,72211,144814,118783,0
96943,65641,17154,162584,114097,82795,0
56425,29344,65374,85769,121799,94718,1
31011,54653,48058,85664,79069,102711,1
46145,69500,63765,115645,109910,133265,1
57461,16507,8150,73968,65611,24657,0
72438,98202,52308,170640,124746,150510,1
45625,69278,52669,114903,98294,121947,1
76621,9526,73044,86147,149665,82570,1
10227,36961,47963,47188,58190,84924,0
68794,85555,48238,154349,117032,133793,1
51180,85322,43675,136502,94855,128997,1
87209,92049,97346,179258,184555,189395,1
11763,53070,93695,64833,105458,146765,0
74792,62411,3409,137203,78201,65820,0
46497,46983,28026,93480,74523,75009,1
34770,87216,45975,121986,80745,133191,0
8219,54089,83782,62308,92001,137871,0
73118,59288,60493,132406,133611,119781,1
81363,36000,26309,117363,107672,62309,0
5764,35250,12848,41014,18612,48098,0
41211,82457,21206,123668,62417,103663,0
86066,62326,12979,148392,99045,75305,0
29928,12980,3379,42908,33307,16359,0
81556,25770,69030,107326,150586,94800,1
47726,88435,21205,136161,68931,109640,0
62515,47061,95516,109576,158031,142577,1
8622,92910,41872,101532,50494,134782,0
37663,70885,84294,108548,121957,155179,1
4926,17186,98309,22112,103235,115495,0
94130,32273,10443,126403,104573,42716,0
62329,18371,73476,80700,135805,91847,1
42616,87115,4563,129731,47179,91678,0
51846,57851,43181,109697,95027,101032,1
45767,9720,30531,55487,76298,40251,0
16292,93944,99653,110236,115945,193597,1
95245,99406,39335,194651,134580,138741,1
72368,3044,60571,75412,132939,63615,0
59848,9634,84768,69482,144616,94402,0
42324,50115,11050,92439,53374,61165,1
23767,20169,12353,43936,36120,32522,1
77749,9991,38285,87740,116034,48276,0
77752,73433,40890,151185,118642,114323,1
6432,34727,41442,41159,47874,76169,0
86930,16019,93627,102949,180557,109646,1
13317,22451,76274,35768,89591,98725,0
56316,45748,3195,102064,59511,48943,0
57873,72958,38018,130831,95891,110976,1
29510,72567,59394,102077,88904,131961,1
65562,69851,88433,135413,153995,158284,1
46677,39866,30629,86543,77306,70495,1
33281,75407,55898,108688,89179,131305,1
29072,21799,11966,50871,41038,33765,1
11312,57212,72664,68524,83976,129876,0
70513,27782,13411,98295,83924,41193,0
71877,85152,39684,157029,111561,124836,1
26626,7726,73761,34352,100387,81487,0
23147,97747,79628,120894,102775,177375,1
79868,45241,16399,125109,96267,61640,0
26803,98772,89307,125575,116110,188079,1
76154,58600,66948,134754,143102,125548,1
52840,44922,35226,97762,88066,80148,1
41467,10520,1725,51987,43192,12245,0
97834,13080,16653,110914,114487,29733,0
21912,45927,17983,67839,39895,63910,0
95469,91582,11748,187051,107217,103330,1
39302,19427,56485,58729,95787,75912,1
41979,22321,25101,64300,67080,47422,1
81861,94434,91332,176295,173193,185766,1
45110,40511,13162,85621,58272,53673,1
32093,49729,92252,81822,124345,141981,0
50103,58222,42265,108325,92368,100487,1
3632,4318,30938,7950,34570,35256,0
41562,7629,24233,49191,65795,31862,0
59169,30600,40514,89769,99683,71114,1
80105,38262,40302,118367,120407,78564,0
28769,51091,83930,79860,112699,135021,0
14368,82165,63497,96533,77865,145662,0
66575,48158,84993,114733,151568,133151,1
55592,58123,96258,113715,151850,154381,1
80949,29606,25862,110555,106811,55468,0
77824,97991,24804,175815,102628,122795,1
3343,38339,73491,41682,76834,111830,0
36738,12890,8477,49628,45215,21367,0
33332,54301,68469,87633,101801,122770,1
58355,28726,65925,87081,124280,94651,1
38543,72309,80602,110852,119145,152911,1
34239,56256,56098,90495,90337,112354,1
57148,55361,7021,112509,64169,62382,1
58591,2852,74060,61443,132651,76912,0
56932,62637,77528,119569,134460,140165,1
33039,25030,40513,58069,73552,65543,1
85387,52215,80800,137602,166187,133015,1
62276,89897,55091,152173,117367,144988,1
72816,18577,89683,91393,162499,108260,1
35726,28790,31721,64516,67447,60511,1
68225,48963,80132,117188,148357,129095,1
26197,19715,10848,45912,37045,30563,1
5792,78575,75324,84367,81116,153899,1
80056,31837,6458,111893,86514,38295,0
87304,73581,39648,160885,126952,113229,1
89865,14423,85390,104288,175255,99813,1
1109,13725,84414,14834,85523,98139,0
75253,3883,322,79136,75575,4205,0
67975,76162,88134,144137,156109,164296,1
83254,58978,63480,142232,146734,122458,1
98378,40052,20286,138430,118664,60338,0
29098,14194,63768,43292,92866,77962,0
87622,16871,16231,104493,103853,33102,0
82984,29290,51718,112274,134702,81008,0
92730,93818,85121,186548,177851,178939,1
60331,93443,8358,153774,68689,101801,0
87017,35869,7669,122886,94686,43538,0
5969,79393,10721,85362,16690,90114,0
62670,79582,93233,142252,155903,172815,1
8008,95880,67210,103888,75218,163090,0
63020,44451,84416,107471,147436,128867,1
26511,81605,8929,108116,35440,90534,0
24851,19229,21504,44080,46355,40733,1
56073,37907,76170,93980,132243,114077,1
24862,77066,37762,101928,62624,114828,0
87027,70482,27222,157509,114249,97704,1
85509,29943,22088,115452,107597,52031,0
97110,85010,424,182120,97534,85434,0
77153,25651,92539,102804,169692,118190,1
52525,92679,71705,145204,124230,164384,1
7967,58855,31787,66822,39754,90642,0
24291,30895,52388,55186,76679,83283,1
17981,21536,78077,39517,96058,99613,0
406,30807,14090,31213,14496,44897,0
65743,67754,4237,133497,69980,71991,1
6448,20836,74413,27284,80861,95249,0
51324,85477,34573,136801,85897,120050,1
14453,96124,2343,110577,16796,98467,0
54001,32222,62084,86223,116085,94306,1
21046,83376,44453,104422,65499,127829,0
46107,84013,4838,130120,50945,88851,0
70792,75787,51999,146579,122791,127786,1
48844,91854,61871,140698,110715,153725,1
36596,2655,25616,39251,62212,28271,0
88953,50760,30050,139713,119003,80810,0
57975,44070,87537,102045,145512,131607,1
52350,63951,33868,116301,86218,97819,1
58235,55376,47875,113611,106110,103251,1
59443,8940,35598,68383,95041,44538,0
74594,4972,40301,79566,114895,45273,0
61762,56604,8090,118366,69852,64694,1
85449,47972,29791,133421,115240,77763,0
92857,93963,21680,186820,114537,115643,1
22895,81848,46685,104743,69580,128533,0
25047,32344,49873,57391,74920,82217,1
88609,26281,88347,114890,176956,114628,1
71588,39368,59731,110956,131319,99099,1
47950,23479,19832,71429,67782,43311,0
91547,35065,61250,126612,152797,96315,1
70321,31954,56208,102275,126529,88162,1
72254,38079,74575,110333,146829,112654,1
84131,68054,64238,152185,148369,132292,1
71931,33197,22061,105128,93992,55258,0
26301,62403,69855,88704,96156,132258,1
92749,50523,59545,143272,152294,110068,1
86713,62396,37434,149109,124147,99830,1
80389,91834,5786,172223,86175,97620,0
86104,58373,42857,144477,128961,101230,1
95120,41923,85564,137043,180684,127487,1
48417,89583,11772,138000,60189,101355,0
67225,93511,22760,160736,89985,116271,0
42765,60378,5460,103143,48225,65838,0
34418,21516,3114,55934,37532,24630,0
9432,31135,61370,40567,70802,92505,0
73784,92896,57926,166680,131710,150822,1
89957,97454,81357,187411,171314,178811,1
28706,40297,3393,69003,32099,43690,0
52494,96886,65368,149380,117862,162254,1
16466,92181,92949,108647,109415,185130,1
78611,86733,39943,165344,118554,126676,1
79378,88176,16807,167554,96185,104983,1
30951,54591,31595,85542,62546,86186,1
36368,1229,66376,37597,102744,67605,0
99780,68524,42091,168304,141871,110615,1
10051,68073,13501,78124,23552,81574,0
22286,94796,3881,117082,26167,98677,0
71138,15282,456,86420,71594,15738,0
38942,34452,23794,73394,62736,58246,1
74910,44580,97526,119490,172436,142106,1
34160,75611,44430,109771,78590,120041,1
13517,10197,35691,23714,49208,45888,0
73310,34743,79524,108053,152834,114267,1
59383,55219,55098,114602,114481,110317,1
61841,63958,38813,125799,100654,102771,1
47213,94534,75959,141747,123172,170493,1
10724,30941,36341,41665,47065,67282,1
86139,48080,61273,134219,147412,109353,1
59444,54591,78496,114035,137940,133087,1
73088,48297,21309,121385,94397,69606,0
45793,67208,56270,113001,102063,123478,1
39945,69785,23520,109730,63465,93305,0
28564,18096,13403,46660,41967,31499,1
26066,5945,66137,32011,92203,72082,0
50812,68351,71370,119163,122182,139721,1
20060,74662,62587,94722,82647,137249,1
68549,20488,34017,89037,102566,54505,0
89402,1507,61917,90909,151319,63424,0
17841,34693,64111,52534,81952,98804,0
1713,27269,22674,28982,24387,49943,0
78799,807,11230,79606,90029,12037,0
97574,78285,7132,175859,104706,85417,0
84032,70070,91044,154102,175076,161114,1
70258,43268,36395,113526,106653,79663,1
48135,48255,24513,96390,72648,72768,1
2647,8095,39902,10742,42549,47997,0
74972,70724,3655,145696,78627,74379,0
91538,65039,72192,156577,163730,137231,1
1044,43882,34061,44926,35105,77943,0
42929,3874,60013,46803,102942,63887,0
18444,93956,7546,112400,25990,101502,0
66019,70908,27884,136927,93903,98792,1
11015,92754,70691,103769,81706,163445,0
65576,25692,72336,91268,137912,98028,1
57616,25761,96414,83377,154030,122175,0
2196,93239,38138,95435,40334,131377,0
19260,70658,41662,89918,60922,112320,0
46408,98728,24093,145136,70501,122821,0
53657,41397,51867,95054,105524,93264,1
1493,55717,39246,57210,40739,94963,0
51249,3252,89846,54501,141095,93098,0
51137,79114,51378,130251,102515,130492,1
10222,70896,72058,81118,82280,142954,1
93271,38282,19327,131553,112598,57609,0
48056,53732,93581,101788,141637,147313,1
47953,21229,81498,69182,129451,102727,0
88655,51138,4416,139793,93071,55554,0
29945,82834,26815,112779,56760,109649,0
99707,36802,19653,136509,119360,56455,0
35864,76866,43770,112730,79634,120636,1
9070,33139,88690,42209,97760,121829,0
14030,50771,62993,64801,77023,113764,1
28853,85485,48074,114338,76927,133559,0
58345,82081,7574,140426,65919,89655,0
71577,42929,21200,114506,92777,64129,0
13733,67533,74629,81266,88362,142162,1
60052,82010,31094,142062,91146,113104,1
99437,91271,81541,190708,180978,172812,1
54165,49453,21623,103618,75788,71076,1
45869,40891,89242,86760,135111,130133,0
6655,80268,19762,86923,26417,100030,0
83381,47532,80095,130913,163476,127627,1
14377,90832,69861,105209,84238,160693,0
45110,42269,48963,87379,94073,91232,1
75626,8770,82595,84396,158221,91365,1
29742,46836,70533,76578,100275,117369,1
13922,25310,1423,39232,15345,26733,0
45103,36554,12406,81657,57509,48960,1
41520,6071,12356,47591,53876,18427,0
54442,8792,4691,63234,59133,13483,0
97490,32944,71562,130434,169052,104506,1
11731,74518,42510,86249,54241,117028,0
66098,13947,92993,80045,159091,106940,0
81043,72127,38625,153170,119668,110752,1
71800,896,17865,72696,89665,18761,0
91371,24558,66710,115929,158081,91268,0
26615,65669,13409,92284,40024,79078,0
6445,73485,97279,79930,103724,170764,0
42147,49244,99817,91391,141964,149061,0
42846,41609,31972,84455,74818,73581,1
32623,57286,49861,89909,82484,107147,1
20818,9259,77570,30077,98388,86829,0
48134,59717,90359,107851,138493,150076,1
62017,27868,25942,89885,87959,53810,0
76658,95603,96641,172261,173299,192244,1
29912,49137,17444,79049,47356,66581,0
48802,91722,36700,140524,85502,128422,0
1708,218,47000,1926,48708,47218,0
23843,48740,73532,72583,97375,122272,0
44772,83866,21682,128638,66454,105548,0
38561,13060,71495,51621,110056,84555,0
59555,73507,42048,133062,101603,115555,1
52359,37500,11766,89859,64125,49266,0
34135,82953,22348,117088,56483,105301,0
56389,15531,13039,71920,69428,28570,0
72333,66487,513,138820,72846,67000,0
55866,34803,56372,90669,112238,91175,1
29479,93757,12793,123236,42272,106550,0
17647,16136,67228,33783,84875,83364,0
94391,15716,97743,110107,192134,113459,1
35166,49450,85817,84616,120983,135267,0
66342,47518,42840,113860,109182,90358,1
18172,13390,54478,31562,72650,67868,0
96924,58486,8541,155410,105465,67027,0
73592,67892,27805,141484,101397,95697,1
45540,65869,14998,111409,60538,80867,0
63123,605,54779,63728,117902,55384,0
58167,64809,71407,122976,129574,136216,1
46550,54958,38708,101508,85258,93666,1
75923,27637,20285,103560,96208,47922,0
27824,30323,34913,58147,62737,65236,1
4469,13757,69698,18226,74167,83455,0
56201,62023,33916,118224,90117,95939,1
7529,28866,34167,36395,41696,63033,1
17659,25626,18414,43285,36073,44040,1
39325,94755,44621,134080,83946,139376,0
84322,76796,21097,161118,105419,97893,1
59104,45114,20900,104218,80004,66014,1
72460,67233,17391,139693,89851,84624,1
27062,30123,54494,57185,81556,84617,1
54236,9944,24569,64180,78805,34513,0
59369,62618,76300,121987,135669,138918,1
86927,99201,77908,186128,164835,177109,1
75250,80512,53848,155762,129098,134360,1
65098,47339,74713,112437,139811,122052,1
41605,14947,26444,56552,68049,41391,0
21711,79136,33345,100847,55056,112481,0
75238,6534,70444,81772,145682,76978,1
45092,62246,83146,107338,128238,145392,1
28205,3204,436,31409,28641,3640,0
24036,90868,3829,114904,27865,94697,0
46180,1609,86819,47789,132999,88428,0
68398,68985,56398,137383,124796,125383,1
78962,56223,63170,135185,142132,119393,1
18949,12339,25254,31288,44203,37593,1
95197,20890,7667,116087,102864,28557,0
55411,75058,7590,130469,63001,82648,0
60011,87792,6659,147803,66670,94451,0
89467,57117,77654,146584,167121,134771,1
59735,83454,82582,143189,142317,166036,1
24260,11357,68331,35617,92591,79688,0
15399,67676,76982,83075,92381,144658,1
94979,36965,51543,131944,146522,88508,0
37091,8835,3637,45926,40728,12472,0
20304,86766,64101,107070,84405,150867,0
8901,48611,17679,57512,26580,66290,0
89892,87148,30863,177040,120755,118011,1
97809,12994,41745,110803,139554,54739,0
66906,88277,27841,155183,94747,116118,1
48505,19649,18806,68154,67311,38455,0
30531,16044,67403,46575,97934,83447,0
7908,14543,7927,22451,15835,22470,1
33079,82014,74302,115093,107381,156316,1
72584,34676,58136,107260,130720,92812,1
5144,61467,94900,66611,100044,156367,0
22338,12376,1919,34714,24257,14295,0
9695,12624,20979,22319,30674,33603,1
93998,64384,85471,158382,179469,149855,1
66146,80086,8938,146232,75084,89024,0
68163,91278,37966,159441,106129,129244,1
36035,27187,23629,63222,59664,50816,1
63977,34483,8523,98460,72500,43006,0
53830,65904,26703,119734,80533,92607,1
27202,12567,27225,39769,54427,39792,1
82321,1614,74556,83935,156877,76170,0
62242,8990,52982,71232,115224,61972,0
37148,5514,26727,42662,63875,32241,0
90195,49762,13529,139957,103724,63291,0
48781,94924,87431,143705,136212,182355,1
31224,25787,10141,57011,41365,35928,1
25596,64410,42504,90006,68100,106914,1
66090,90101,46213,156191,112303,136314,1
65542,81048,14833,146590,80375,95881,0
33689,58953,23988,92642,57677,82941,0
55266,41642,35434,96908,90700,77076,1
4318,50202,8755,54520,13073,58957,0
43937,31596,92367,75533,136304,123963,0
73881,10375,856,84256,74737,11231,0
36195,78722,70438,114917,106633,149160,1
25039,2875,13013,27914,38052,15888,0
20534,88750,63052,109284,83586,151802,0
69947,16126,52883,86073,122830,69009,0
35196,36529,17604,71725,52800,54133,1
48529,56711,16990,105240,65519,73701,1
3649,46484,66532,50133,70181,113016,0
46981,65365,74944,112346,121925,140309,1
65709,91123,40755,156832,106464,131878,1
10458,11840,7411,22298,17869,19251,1
62877,99039,75627,161916,138504,174666,1
27993,3450,86918,31443,114911,90368,0
21016,41159,44094,62175,65110,85253,1
85801,61103,140,146904,85941,61243,0
79771,41284,9543,121055,89314,50827,0
73339,53292,77282,126631,150621,130574,1
90962,81428,47273,172390,138235,128701,1
95795,46560,33268,142355,129063,79828,0
74639,36746,3717,111385,78356,40463,0
31748,6871,690,38619,32438,7561,0
78402,54570,6962,132972,85364,61532,0
52574,11432,20823,64006,73397,32255,0
92126,21967,82854,114093,174980,104821,1
99838,55507,1547,155345,101385,57054,0
87881,94912,38256,182793,126137,133168,1
20720,80275,57298,100995,78018,137573,0
85108,88201,64323,173309,149431,152524,1
44177,86433,70620,130610,114797,157053,1
47654,53348,3428,101002,51082,56776,0
73314,82069,28796,155383,102110,110865,1
1353,19624,8826,20977,10179,28450,0
44408,81061,28060,125469,72468,109121,0
15380,90111,16570,105491,31950,106681,0
62579,62047,59076,124626,121655,121123,1
95171,78065,16173,173236,111344,94238,0
7045,863,26526,7908,33571,27389,0
12205,16210,60241,28415,72446,76451,0
85350,45944,95850,131294,181200,141794,1
28235,42034,72714,70269,100949,114748,0
76676,83664,28248,160340,104924,111912,1
96751,81951,77995,178702,174746,159946,1
64469,82243,98723,146712,163192,180966,1
56550,98520,77977,155070,134527,176497,1
92646,39803,20635,132449,113281,60438,0
5916,853,62600,6769,68516,63453,0
18578,41341,33498,59919,52076,74839,1
68450,39327,28566,107777,97016,67893,0
9516,38385,30474,47901,39990,68859,1
1078,8801,47421,9879,48499,56222,0
28450,31380,57057,59830,85507,88437,1
62711,65948,32774,128659,95485,98722,1
15678,55092,97493,70770,113171,152585,0
22259,21704,655,43963,22914,22359,1
79671,51191,86298,130862,165969,137489,1
98408,62583,76490,160991,174898,139073,1
9339,25055,51835,34394,61174,76890,0
19508,31798,42575,51306,62083,74373,1
41470,51576,24737,93046,66207,76313,1
54643,31166,80971,85809,135614,112137,1
50772,34390,71842,85162,122614,106232,1
33867,20532,72952,54399,106819,93484,0
9526,17152,65459,26678,74985,82611,0
42438,56599,50640,99037,93078,107239,1
72203,20786,20197,92989,92400,40983,0
8765,71285,33755,80050,42520,105040,0
41787,39811,55032,81598,96819,94843,1
93397,78473,60777,171870,154174,139250,1
58646,65038,69825,123684,128471,134863,1
52809,20850,47117,73659,99926,67967,1
30831,36204,41870,67035,72701,78074,1
50499,43196,29040,93695,79539,72236,1
88834,62192,90264,151026,179098,152456,1
99869,30268,74971,130137,174840,105239,1
64304,71134,55166,135438,119470,126300,1
82107,89141,23091,171248,105198,112232,1
77593,287,39246,77880,116839,39533,0
15349,52506,30305,67855,45654,82811,0
51936,79996,63698,131932,115634,143694,1
88511,99441,23382,187952,111893,122823,1
27620,95277,71165,122897,98785,166442,1
45603,85711,37199,131314,82802,122910,0
81090,14210,83778,95300,164868,97988,1
101,1275,8836,1376,8937,10111,0
74441,333,89746,74774,164187,90079,0
26679,82045,66548,108724,93227,148593,1
16045,50219,41825,66264,57870,92044,1
74133,26734,44506,100867,118639,71240,0
11240,15439,90986,26679,102226,106425,0
5642,97778,9284,103420,14926,107062,0
13849,62665,48812,76514,62661,111477,0
92074,91428,74377,183502,166451,165805,1
48834,69081,76521,117915,125355,145602,1
31580,5137,17076,36717,48656,22213,0
10101,57941,14309,68042,24410,72250,0
21654,82967,16197,104621,37851,99164,0
79810,78297,85433,158107,165243,163730,1
47461,12673,77799,60134,125260,90472,0
35669,43541,26301,79210,61970,69842,1
26653,67638,10764,94291,37417,78402,0
68571,71132,14077,139703,82648,85209,1
80174,36528,46484,116702,126658,83012,1
83227,29682,16572,112909,99799,46254,0
57913,66352,61288,124265,119201,127640,1
12930,51663,5201,64593,18131,56864,0
99979,75412,2745,175391,102724,78157,0
42708,77602,70145,120310,112853,147747,1
99293,93673,54359,192966,153652,148032,1
14302,37640,41029,51942,55331,78669,1
90141,40344,64460,130485,154601,104804,1
2911,43581,67067,46492,69978,110648,0
86556,1616,46319,88172,132875,47935,0
21707,69603,34658,91310,56365,104261,0
36025,17310,22748,53335,58773,40058,1
54114,66087,59468,120201,113582,125555,1
88794,17632,70718,106426,159512,88350,0
77363,51205,48271,128568,125634,99476,1
79380,36104,60879,115484,140259,96983,1
41771,187,29557,41958,71328,29744,0
90791,74583,26584,165374,117375,101167,1
4223,33788,71242,38011,75465,105030,0
55755,93414,86696,149169,142451,180110,1
26507,99015,93861,125522,120368,192876,1
32019,97491,46118,129510,78137,143609,0
70206,11527,87716,81733,157922,99243,0
58841,84231,14140,143072,72981,98371,0
50762,19493,62072,70255,112834,81565,1
2889,23699,73745,26588,76634,97444,0
98314,8022,10130,106336,108444,18152,0
70699,90076,74828,160775,145527,164904,1
18222,72716,27660,90938,45882,100376,0
44261,99799,40185,144060,84446,139984,0
17970,8468,65145,26438,83115,73613,0
25896,86690,71815,112586,97711,158505,1
19177,50372,90904,69549,110081,141276,0
62768,82479,4787,145247,67555,87266,0
98729,27353,67696,126082,166425,95049,0
2370,74774,80852,77144,83222,155626,0
80680,66172,28725,146852,109405,94897,1
53459,7099,74939,60558,128398,82038,0
15586,97544,57541,113130,73127,155085,0
1996,26530,40796,28526,42792,67326,0
1613,62740,6827,64353,8440,69567,0
71228,14081,92158,85309,163386,106239,0
56485,21833,67235,78318,123720,89068,1
19531,99128,76195,118659,95726,175323,0
87646,36974,6358,124620,94004,43332,0
59286,2940,44019,62226,103305,46959,0
15919,74847,70710,90766,86629,145557,1
7278,24330,33237,31608,40515,57567,0
83955,84709,43751,168664,127706,128460,1
88748,20700,27734,109448,116482,48434,0
9364,13585,37157,22949,46521,50742,0
20588,54669,29823,75257,50411,84492,0
25388,9483,20559,34871,45947,30042,1
81720,11968,85560,93688,167280,97528,1
82558,34124,81461,116682,164019,115585,1
62707,9071,90774,71778,153481,99845,0
72312,97176,99262,169488,171574,196438,1
54023,81328,63749,135351,117772,145077,1
47346,84641,97713,131987,145059,182354,1
29291,46469,16234,75760,45525,62703,0
68130,77750,95442,145880,163572,173192,1
62861,60571,32435,123432,95296,93006,1
79334,17629,85997,96963,165331,103626,1
77620,34936,8551,112556,86171,43487,0
70314,53435,19015,123749,89329,72450,1
40683,95977,57110,136660,97793,153087,1
64131,51093,22262,115224,86393,73355,1
17507,90221,9157,107728,26664,99378,0
82663,5674,87573,88337,170236,93247,1
44969,50627,75312,95596,120281,125939,1
96200,84479,910,180679,97110,85389,0
74155,79128,50592,153283,124747,129720,1
43994,418,35710,44412,79704,36128,0
3603,69493,94827,73096,98430,164320,0
15545,97866,35852,113411,51397,133718,0
84664,33631,85683,118295,170347,119314,1
47251,41876,13588,89127,60839,55464,1
69270,74473,5165,143743,74435,79638,0
34473,57762,96786,92235,131259,154548,0
21501,51737,62641,73238,84142,114378,1
69944,83698,2173,153642,72117,85871,0
46822,47698,89880,94520,136702,137578,1
20163,47039,67909,67202,88072,114948,0
25970,78815,69611,104785,95581,148426,1
33199,23938,30346,57137,63545,54284,1
24442,24852,37778,49294,62220,62630,1
31123,61969,95762,93092,126885,157731,0
46026,90825,60634,136851,106660,151459,1
2933,34438,20188,37371,23121,54626,0
85024,57818,76710,142842,161734,134528,1
4780,70357,18299,75137,23079,88656,0
59711,87932,14655,147643,74366,102587,0
2411,38408,47639,40819,50050,86047,0
85318,96968,27346,182286,112664,124314,1
56766,30902,65081,87668,121847,95983,1
92326,40614,38424,132940,130750,79038,0
36807,85525,25406,122332,62213,110931,0
10403,91228,75156,101631,85559,166384,0
2557,73621,71074,76178,73631,144695,1
26613,91464,71092,118077,97705,162556,1
64684,28997,58604,93681,123288,87601,1
94360,55566,87825,149926,182185,143391,1
66208,54002,25171,120210,91379,79173,1
81684,11395,75936,93079,157620,87331,1
15846,51484,38391,67330,54237,89875,1
18872,60274,83748,79146,102620,144022,0
36831,12323,13902,49154,50733,26225,0
85746,22024,86869,107770,172615,108893,1
96102,55450,74237,151552,170339,129687,1
23354,45181,22619,68535,45973,67800,1
83634,14176,52529,97810,136163,66705,0
26812,85155,39065,111967,65877,124220,0
4127,50121,30047,54248,34174,80168,0
2852,49267,86109,52119,88961,135376,0
5952,34922,44641,40874,50593,79563,0
93966,95777,75034,189743,169000,170811,1
55628,61271,96390,116899,152018,157661,1
11966,10242,67886,22208,79852,78128,0
325,17138,63568,17463,63893,80706,0
96837,7344,96977,104181,193814,104321,1
60153,41522,55638,101675,115791,97160,1
83605,4625,90267,88230,173872,94892,0
83044,82200,73439,165244,156483,155639,1
82371,66775,23717,149146,106088,90492,1
99372,59556,82046,158928,181418,141602,1
45576,35732,19906,81308,65482,55638,1
35331,22484,98006,57815,133337,120490,0
21395,53404,49157,74799,70552,102561,1
34698,20867,85803,55565,120501,106670,0
73734,78229,31623,151963,105357,109852,1
2201,38403,1487,40604,3688,39890,0
50729,72502,7193,123231,57922,79695,0
61262,10932,40781,72194,102043,51713,0
74643,65297,8352,139940,82995,73649,0
7450,25396,35235,32846,42685,60631,0
54558,50935,99529,105493,154087,150464,1
16792,4666,17208,21458,34000,21874,1
12083,9527,98940,21610,111023,108467,0
38379,28283,71834,66662,110213,100117,0
17461,84045,28901,101506,46362,112946,0
74114,15722,69898,89836,144012,85620,1
90236,97,69185,90333,159421,69282,0
40397,94425,14822,134822,55219,109247,0
73433,86592,60701,160025,134134,147293,1
91930,97030,79424,188960,171354,176454,1
1363,48479,9763,49842,11126,58242,0
37225,23,61616,37248,98841,61639,0
63964,26586,50884,90550,114848,77470,1
13630,79813,54310,93443,67940,134123,0
38535,13339,58276,51874,96811,71615,0
14648,90028,40986,104676,55634,131014,0
44004,33581,58724,77585,102728,92305,1
13829,97072,77940,110901,91769,175012,0
92289,30364,7357,122653,99646,37721,0
18465,11127,46688,29592,65153,57815,0
6845,71070,66416,77915,73261,137486,1
2844,47961,3146,50805,5990,51107,0
33723,74842,82284,108565,116007,157126,1
12941,95243,42279,108184,55220,137522,0
596,44468,88571,45064,89167,133039,0
6709,42767,31699,49476,38408,74466,0
58072,67103,5715,125175,63787,72818,0
17753,77952,26791,95705,44544,104743,0
23166,60686,38119,83852,61285,98805,1
96391,50950,69033,147341,165424,119983,1
88970,84327,73498,173297,162468,157825,1
24299,34021,95221,58320,119520,129242,0
53965,72930,47744,126895,101709,120674,1
22959,46955,14513,69914,37472,61468,0
40071,56996,66034,97067,106105,123030,1
88417,29895,46953,118312,135370,76848,0
98766,64180,11909,162946,110675,76089,0
48907,31127,94519,80034,143426,125646,0
18619,96757,54415,115376,73034,151172,0
15083,3077,80961,18160,96044,84038,0
74306,82040,20297,156346,94603,102337,1
84046,89317,33300,173363,117346,122617,1
15110,30062,60738,45172,75848,90800,0
2145,91194,93001,93339,95146,184195,1
20575,39373,10491,59948,31066,49864,0
20214,42827,3864,63041,24078,46691,0
71041,77135,64476,148176,135517,141611,1
88984,71525,85120,160509,174104,156645,1
63272,3467,33574,66739,96846,37041,0
48905,22178,28859,71083,77764,51037,1
69465,90103,42754,159568,112219,132857,1
87332,9427,25907,96759,113239,35334,0
33832,41140,52870,74972,86702,94010,1
5603,79801,60654,85404,66257,140455,0
68465,23541,12406,92006,80871,35947,0
57661,22319,40451,79980,98112,62770,1
12621,94885,97745,107506,110366,192630,1
36543,82092,23349,118635,59892,105441,0
67703,94802,38833,162505,106536,133635,1
51173,90490,40662,141663,91835,131152,1
36619,2956,85648,39575,122267,88604,0
96505,88684,7008,185189,103513,95692,0
58152,36113,56775,94265,114927,92888,1
40344,35327,15555,75671,55899,50882,1
82175,26416,53874,108591,136049,80290,0
20023,4882,30245,24905,50268,35127,0
72465,99147,33247,171612,105712,132394,1
8675,11142,662,19817,9337,11804,0
24142,53630,77330,77772,101472,130960,1
17042,72750,12858,89792,29900,85608,0
73727,68536,59805,142263,133532,128341,1
76896,35257,61482,112153,138378,96739,1
56922,93697,3449,150619,60371,97146,0
54956,27092,32709,82048,87665,59801,1
94277,56666,44409,150943,138686,101075,1
97507,86730,62809,184237,160316,149539,1
33690,14487,93913,48177,127603,108400,0
93860,45343,6408,139203,100268,51751,0
93738,87750,89405,181488,183143,177155,1
38209,42457,81119,80666,119328,123576,0
65900,74413,6326,140313,72226,80739,0
57055,87990,71566,145045,128621,159556,1
29722,7848,32138,37570,61860,39986,1
93005,74927,36087,167932,129092,111014,1
90226,70515,31889,160741,122115,102404,1
67263,71404,1736,138667,68999,73140,0
43934,94394,24066,138328,68000,118460,0
70743,60060,81632,130803,152375,141692,1
85955,46805,14179,132760,100134,60984,0
42988,91980,82853,134968,125841,174833,1
58577,6505,71473,65082,130050,77978,0
36959,67054,52488,104013,89447,119542,1
71569,54359,32281,125928,103850,86640,1
25296,93551,88430,118847,113726,181981,1
91292,94449,12083,185741,103375,106532,1
78077,36910,35370,114987,113447,72280,0
18163,25455,59931,43618,78094,85386,0
71695,1904,49188,73599,120883,51092,0
30306,99112,96105,129418,126411,195217,1
51616,59628,58632,111244,110248,118260,1
19917,71795,41937,91712,61854,113732,0
24685,93133,96074,117818,120759,189207,1
59039,97472,4336,156511,63375,101808,0
98591,6080,76139,104671,174730,82219,0
12018,72202,71064,84220,83082,143266,1
30892,89156,31465,120048,62357,120621,0
60663,52279,79732,112942,140395,132011,1
83436,83563,25116,166999,108552,108679,1
40365,24255,69729,64620,110094,93984,0
75593,45172,57062,120765,132655,102234,1
96254,9197,86321,105451,182575,95518,0
33213,33582,55731,66795,88944,89313,1
19721,65505,8058,85226,27779,73563,0
22693,66251,86678,88944,109371,152929,1
97800,64770,5729,162570,103529,70499,0
75469,80318,59264,155787,134733,139582,1
8173,31108,17704,39281,25877,48812,0
78623,27199,43202,105822,121825,70401,0
44233,27626,55832,71859,100065,83458,1
15280,14319,93056,29599,108336,107375,0
69362,63023,64034,132385,133396,127057,1
6812,98927,70779,105739,77591,169706,0
24610,80720,4697,105330,29307,85417,0
71503,31524,57462,103027,128965,88986,1
26481,66194,65572,92675,92053,131766,1
48878,12730,10254,61608,59132,22984,0
49547,1733,79565,51280,129112,81298,0
39014,52914,27853,91928,66867,80767,1
49003,20748,12092,69751,61095,32840,0
4410,8797,59464,13207,63874,68261,0
47398,1254,9265,48652,56663,10519,0
74466,72149,35392,146615,109858,107541,1
70354,38344,87479,108698,157833,125823,1
5624,33114,23822,38738,29446,56936,0
67602,57735,32470,125337,100072,90205,1
14324,86563,77070,100887,91394,163633,1
15915,18013,23684,33928,39599,41697,1
44983,50756,50885,95739,95868,101641,1
30968,7933,15301,38901,46269,23234,0
25108,24124,89397,49232,114505,113521,0
37805,4317,96812,42122,134617,101129,0
34581,82330,98760,116911,133341,181090,1
17562,22546,54008,40108,71570,76554,0
13535,30051,43662,43586,57197,73713,0
86040,78609,92576,164649,178616,171185,1
27244,50200,32062,77444,59306,82262,1
27453,98617,61244,126070,88697,159861,0
89554,48522,68543,138076,158097,117065,1
74831,38556,43600,113387,118431,82156,1
7396,63783,58309,71179,65705,122092,1
95538,85425,47064,180963,142602,132489,1
67937,38018,27478,105955,95415,65496,0
91702,72973,37293,164675,128995,110266,1
8117,10336,30564,18453,38681,40900,0
88534,95802,7826,184336,96360,103628,1
31083,92589,35116,123672,66199,127705,0
24925,54673,3801,79598,28726,58474,0
13104,83252,82140,96356,95244,165392,1
51288,95921,17278,147209,68566,113199,0
1500,90279,41646,91779,43146,131925,0
82710,37968,41297,120678,124007,79265,0
73909,64895,55201,138804,129110,120096,1
87108,2775,87058,89883,174166,89833,1
92649,34270,3287,126919,95936,37557,0
99649,36395,74536,136044,174185,110931,1
25844,53625,63051,79469,88895,116676,1
15398,76058,55957,91456,71355,132015,0
22011,44946,84685,66957,106696,129631,0
14931,23037,13375,37968,28306,36412,1
77541,77739,2691,155280,80232,80430,1
64879,11402,30746,76281,95625,42148,0
83538,31027,98648,114565,182186,129675,1
42862,1491,6521,44353,49383,8012,0
76318,28935,33959,105253,110277,62894,0
77608,6816,46626,84424,124234,53442,0
46687,55616,33242,102303,79929,88858,1
78650,89557,4940,168207,83590,94497,0
61848,96671,93547,158519,155395,190218,1
20356,51693,2977,72049,23333,54670,0
82077,36282,31396,118359,113473,67678,0
76807,54507,2633,131314,79440,57140,0
11131,46787,41675,57918,52806,88462,1
74655,761,46486,75416,121141,47247,0
82366,20842,24909,103208,107275,45751,0
89736,57593,54884,147329,144620,112477,1
46917,30335,83468,77252,130385,113803,0
54891,28167,77086,83058,131977,105253,1
73640,21680,78548,95320,152188,100228,1
48108,97673,20371,145781,68479,118044,0
46236,90371,5542,136607,51778,95913,0
70687,43670,5427,114357,76114,49097,0
19821,22823,93329,42644,113150,116152,0
6101,23914,70142,30015,76243,94056,0
7064,37595,43594,44659,50658,81189,1
76836,30052,18595,106888,95431,48647,0
33642,62724,65986,96366,99628,128710,1
12639,51512,86229,64151,98868,137741,0
1739,74246,42195,75985,43934,116441,0
42890,87064,12819,129954,55709,99883,0
47054,68998,59645,116052,106699,128643,1
9840,77166,65919,87006,75759,143085,0
17460,7044,20213,24504,37673,27257,1
44604,45456,6237,90060,50841,51693,1
45664,94670,14921,140334,60585,109591,0
50514,30656,19767,81170,70281,50423,0
23839,25785,67239,49624,91078,93024,0
47957,40631,66243,88588,114200,106874,1
98420,22770,88238,121190,186658,111008,1
96440,2180,80925,98620,177365,83105,0
10886,61899,46172,72785,57058,108071,0
66204,80723,70071,146927,136275,150794,1
73582,6621,24528,80203,98110,31149,0
87961,59850,55445,147811,143406,115295,1
10883,88098,68954,98981,79837,157052,0
99963,84703,63744,184666,163707,148447,1
50360,52038,25075,102398,75435,77113,1
96372,90942,57500,187314,153872,148442,1
64935,94483,73623,159418,138558,168106,1
8866,53815,6376,62681,15242,60191,0
54770,46699,69543,101469,124313,116242,1
30876,89889,76090,120765,106966,165979,1
75809,65055,61313,140864,137122,126368,1
55153,12572,4145,67725,59298,16717,0
55685,75277,69065,130962,124750,144342,1
71202,16753,70319,87955,141521,87072,1
46922,44075,76144,90997,123066,120219,1
78485,90151,29085,168636,107570,119236,1
87097,31419,53987,118516,141084,85406,0
37224,52297,48134,89521,85358,100431,1
75524,40081,22293,115605,97817,62374,0
87440,88489,33227,175929,120667,121716,1
34703,87512,54380,122215,89083,141892,1
15839,72113,37381,87952,53220,109494,0
11495,48257,97998,59752,109493,146255,0
41237,85921,68688,127158,109925,154609,1
5862,94953,74594,100815,80456,169547,0
24247,55624,56048,79871,80295,111672,1
66322,98179,50507,164501,116829,148686,1
8193,54838,6965,63031,15158,61803,0
33245,90030,83909,123275,117154,173939,1
58136,21141,15759,79277,73895,36900,0
30750,6457,63344,37207,94094,69801,0
30400,7256,45842,37656,76242,53098,0
14348,22060,93167,36408,107515,115227,0
14764,22526,76959,37290,91723,99485,0
9730,88890,69018,98620,78748,157908,0
32259,1398,61616,33657,93875,63014,0
43139,28186,89295,71325,132434,117481,0
64740,35881,49255,100621,113995,85136,1
34391,40735,71099,75126,105490,111834,1
48770,87694,89742,136464,138512,177436,1
87094,99607,74586,186701,161680,174193,1
44876,36621,59356,81497,104232,95977,1
21990,37600,72686,59590,94676,110286,0
55682,27437,60762,83119,116444,88199,1
45033,84296,87080,129329,132113,171376,1
84913,68619,79624,153532,164537,148243,1
38863,12069,40484,50932,79347,52553,1
71593,78002,80136,149595,151729,158138,1
440,55096,22524,55536,22964,77620,0
24,95525,23654,95549,23678,119179,0
35679,85813,96707,121492,132386,182520,1
82004,35891,3193,117895,85197,39084,0
90755,22259,69487,113014,160242,91746,1
90689,19295,47618,109984,138307,66913,0
96716,82900,79423,179616,176139,162323,1
40486,29448,65660,69934,106146,95108,1
9265,63578,5561,72843,14826,69139,0
3224,36502,45447,39726,48671,81949,0
81344,94909,70826,176253,152170,165735,1
22171,41238,91518,63409,113689,132756,0
49268,71854,47721,121122,96989,119575,1
16854,46552,24714,63406,41568,71266,0
49648,32478,75341,82126,124989,107819,1
19361,25412,48456,44773,67817,73868,0
5105,23659,59291,28764,64396,82950,0
55049,1213,2501,56262,57550,3714,0
35312,58558,57596,93870,92908,116154,1
38651,84948,78300,123599,116951,163248,1
15670,71731,41172,87401,56842,112903,0
40039,84470,88965,124509,129004,173435,1
22738,23799,51325,46537,74063,75124,0
25712,20048,91841,45760,117553,111889,0
75105,10593,92327,85698,167432,102920,0
32217,61983,74510,94200,106727,136493,1
6341,65996,47170,72337,53511,113166,0
58866,11795,30158,70661,89024,41953,0
90435,29896,84368,120331,174803,114264,1
65988,84175,90980,150163,156968,175155,1
99237,52276,73853,151513,173090,126129,1
27330,11701,54694,39031,82024,66395,0
24024,35079,25051,59103,49075,60130,1
75091,52532,16197,127623,91288,68729,0
90301,65646,89768,155947,180069,155414,1
30064,66215,20598,96279,50662,86813,0
10673,11159,7216,21832,17889,18375,1
82053,96190,37294,178243,119347,133484,1
86436,5112,61948,91548,148384,67060,0
66868,90882,54338,157750,121206,145220,1
72850,16355,4593,89205,77443,20948,0
87024,16659,31091,103683,118115,47750,0
49920,73085,96435,123005,146355,169520,1
95269,47353,20053,142622,115322,67406,0
95444,57656,80459,153100,175903,138115,1
67330,57984,70921,125314,138251,128905,1
76854,68302,44982,145156,121836,113284,1
73802,87584,84108,161386,157910,171692,1
54277,90496,87351,144773,141628,177847,1
61611,80094,51937,141705,113548,132031,1
85028,46938,57724,131966,142752,104662,1
77822,1022,47120,78844,124942,48142,0
30422,62903,79359,93325,109781,142262,1
23878,22345,2483,46223,26361,24828,1
35551,43912,39012,79463,74563,82924,1
4690,83451,91789,88141,96479,175240,0
19353,93501,82506,112854,101859,176007,1
94475,78464,86421,172939,180896,164885,1
99018,47390,70160,146408,169178,117550,1
55123,27924,56623,83047,111746,84547,1
60691,87811,38005,148502,98696,125816,1
5928,69551,73221,75479,79149,142772,1
76555,60428,6784,136983,83339,67212,0
59393,84716,82826,144109,142219,167542,1
48386,25791,15773,74177,64159,41564,0
43410,56099,61773,99509,105183,117872,1
83741,26365,76948,110106,160689,103313,1
63747,36381,47601,100128,111348,83982,1
50821,86909,50711,137730,101532,137620,1
6103,54130,29599,60233,35702,83729,0
6540,8933,6608,15473,13148,15541,1
36731,7904,30365,44635,67096,38269,1
14543,79676,50603,94219,65146,130279,0
23057,64705,71469,87762,94526,136174,1
47512,65972,16637,113484,64149,82609,0
60563,41988,97520,102551,158083,139508,1
82689,80302,91865,162991,174554,172167,1
11312,26317,69622,37629,80934,95939,0
73416,19778,7157,93194,80573,26935,0
53070,83520,43406,136590,96476,126926,1
32037,132,41583,32169,73620,41715,0
21212,56556,7513,77768,28725,64069,0
62557,91422,89319,153979,151876,180741,1
45287,38078,99723,83365,145010,137801,0
44983,15561,72463,60544,117446,88024,0
85977,76401,67784,162378,153761,144185,1
11365,67290,55607,78655,66972,122897,0
82430,62342,35069,144772,117499,97411,1
63328,21381,45935,84709,109263,67316,1
5936,42796,42429,48732,48365,85225,1
51085,24839,50743,75924,101828,75582,1
69642,71063,9954,140705,79596,81017,1
80148,86233,19889,166381,100037,106122,1
35901,92609,44253,128510,80154,136862,0
30189,51916,93508,82105,123697,145424,0
40873,90238,68820,131111,109693,159058,1
99318,11656,5764,110974,105082,17420,0
24133,17181,7886,41314,32019,25067,1
49214,23215,9397,72429,58611,32612,0
97087,22110,34242,119197,131329,56352,0
41086,72323,75001,113409,116087,147324,1
69040,85361,46458,154401,115498,131819,1
33209,19544,12409,52753,45618,31953,0
4341,15669,26460,20010,30801,42129,0
3816,92818,25331,96634,29147,118149,0
12126,49433,88034,61559,100160,137467,0
4630,22780,67608,27410,72238,90388,0
25479,14336,16100,39815,41579,30436,1
56968,42876,38848,99844,95816,81724,1
35268,14651,49926,49919,85194,64577,0
9265,83585,54706,92850,63971,138291,0
18047,67951,66212,85998,84259,134163,1
66196,17063,73197,83259,139393,90260,1
87941,56973,20644,144914,108585,77617,0
96849,20147,23509,116996,120358,43656,0
81239,9945,75792,91184,157031,85737,1
978,18145,35129,19123,36107,53274,0
25595,81072,21292,106667,46887,102364,0
56079,99828,70842,155907,126921,170670,1
85055,77647,25309,162702,110364,102956,1
38175,69091,30452,107266,68627,99543,0
3682,88008,50452,91690,54134,138460,0
69899,94277,26021,164176,95920,120298,1
5139,60610,58097,65749,63236,118707,1
54822,24467,46401,79289,101223,70868,1
1905,37816,8367,39721,10272,46183,0
67205,62257,90127,129462,157332,152384,1
36222,43968,47772,80190,83994,91740,1
63486,28137,83977,91623,147463,112114,1
52080,63634,31576,115714,83656,95210,1
69074,48474,6455,117548,75529,54929,0
76486,65572,94358,142058,170844,159930,1
86883,62066,83782,148949,170665,145848,1
42630,19536,76596,62166,119226,96132,0
51914,17342,67378,69256,119292,84720,1
70227,41752,97600,111979,167827,139352,1
53053,13484,72556,66537,125609,86040,0
54367,60840,19698,115207,74065,80538,1
45660,69717,84271,115377,129931,153988,1
85608,21074,93562,106682,179170,114636,1
27341,590,10860,27931,38201,11450,0
34834,19315,54376,54149,89210,73691,0
93164,73569,73920,166733,167084,147489,1
89991,19041,25900,109032,115891,44941,0
52024,2781,219,54805,52243,3000,0
98729,98864,10646,197593,109375,109510,1
94860,31746,61761,126606,156621,93507,0
49040,17811,64995,66851,114035,82806,1
18381,3137,60003,21518,78384,63140,0
23537,5729,9476,29266,33013,15205,0
60398,16253,45381,76651,105779,61634,1
18566,35428,48979,53994,67545,84407,1
45183,13572,28478,58755,73661,42050,0
62203,99985,41340,162188,103543,141325,1
41855,72210,34926,114065,76781,107136,1
77997,42340,91029,120337,169026,133369,1
60462,54591,67213,115053,127675,121804,1
190,99565,67608,99755,67798,167173,0
95870,87010,738,182880,96608,87748,0
58051,37841,46443,95892,104494,84284,1
52083,80588,34607,132671,86690,115195,1
45866,24706,58283,70572,104149,82989,1
79973,74483,78039,154456,158012,152522,1
78691,40997,24008,119688,102699,65005,0
58553,5824,44882,64377,103435,50706,0
80487,83712,68684,164199,149171,152396,1
3522,57634,46173,61156,49695,103807,0
91097,38586,62311,129683,153408,100897,1
50684,37609,66096,88293,116780,103705,1
41839,56082,38225,97921,80064,94307,1
28642,91901,63442,120543,92084,155343,1
21431,16596,83600,38027,105031,100196,0
57530,79947,28270,137477,85800,108217,1
77591,18298,63957,95889,141548,82255,1
50137,86419,92974,136556,143111,179393,1
86764,64595,58526,151359,145290,123121,1
69673,48925,45932,118598,115605,94857,1
73071,71995,96236,145066,169307,168231,1
33195,37702,27662,70897,60857,65364,1
42221,98596,15987,140817,58208,114583,0
21768,10893,23245,32661,45013,34138,1
41219,46319,53175,87538,94394,99494,1
89168,57050,75095,146218,164263,132145,1
44499,28382,89189,72881,133688,117571,0
44099,44220,87726,88319,131825,131946,1
44728,36963,69705,81691,114433,106668,1
95673,12494,27133,108167,122806,39627,0
83406,83281,49194,166687,132600,132475,1
51561,39755,70834,91316,122395,110589,1
98525,70785,38337,169310,136862,109122,1
95441,19873,79620,115314,175061,99493,1
349,17113,91636,17462,91985,108749,0
82919,96573,78473,179492,161392,175046,1
53823,17852,63946,71675,117769,81798,1
8723,50281,93788,59004,102511,144069,0
70135,88876,19912,159011,90047,108788,1
56437,70254,19127,126691,75564,89381,1
97505,94117,35702,191622,133207,129819,1
54065,70252,18670,124317,72735,88922,1
39529,45615,48208,85144,87737,93823,1
34477,86262,12214,120739,46691,98476,0
82459,27301,28730,109760,111189,56031,0
31673,94899,93845,126572,125518,188744,1
46985,63050,85662,110035,132647,148712,1
54228,29405,13820,83633,68048,43225,0
9428,81899,87035,91327,96463,168934,1
46081,56115,96668,102196,142749,152783,1
75716,87153,76568,162869,152284,163721,1
19052,49287,60360,68339,79412,109647,1
59681,37933,10537,97614,70218,48470,0
45862,97773,86425,143635,132287,184198,1
44123,79923,51952,124046,96075,131875,1
25064,89387,68423,114451,93487,157810,1
36346,74835,10481,111181,46827,85316,0
4020,34725,9713,38745,13733,44438,0
73051,44335,88195,117386,161246,132530,1
30945,14020,36682,44965,67627,50702,1
76170,17765,20102,93935,96272,37867,0
98330,53332,54620,151662,152950,107952,1
7440,92549,31613,99989,39053,124162,0
53665,48651,27069,102316,80734,75720,1
8350,9324,99971,17674,108321,109295,0
5610,79545,7224,85155,12834,86769,0
80040,92388,66735,172428,146775,159123,1
31583,70278,53580,101861,85163,123858,1
41174,31734,45341,72908,86515,77075,1
6080,72772,75139,78852,81219,147911,1
24576,12565,68034,37141,92610,80599,0
84218,54881,11161,139099,95379,66042,0
50114,28475,36288,78589,86402,64763,1
91892,11547,83085,103439,174977,94632,1
24705,21454,83569,46159,108274,105023,0
11191,96930,63165,108121,74356,160095,0
37181,23562,15956,60743,53137,39518,1
6466,65587,16027,72053,22493,81614,0
5647,8805,57899,14452,63546,66704,0
61301,69500,75869,130801,137170,145369,1
74807,37302,14161,112109,88968,51463,0
11324,1911,30276,13235,41600,32187,0
22099,9236,19516,31335,41615,28752,1
67296,86806,9184,154102,76480,95990,0
99390,66500,8414,165890,107804,74914,0
51107,86678,20016,137785,71123,106694,0
8896,15827,90779,24723,99675,106606,0
19344,51372,91858,70716,111202,143230,0
30968,38063,4383,69031,35351,42446,0
90361,98786,96330,189147,186691,195116,1
60434,83314,32118,143748,92552,115432,1
52321,90199,75353,142520,127674,165552,1
60524,16525,65524,77049,126048,82049,1
99092,69627,10569,168719,109661,80196,0
81898,25034,67613,106932,149511,92647,1
42489,73026,66588,115515,109077,139614,1
11768,48257,22122,60025,33890,70379,0
48054,76809,51211,124863,99265,128020,1
57610,60014,70706,117624,128316,130720,1
30986,44499,67541,75485,98527,112040,1
87463,61550,57646,149013,145109,119196,1
42925,28577,10527,71502,53452,39104,0
99821,20401,34916,120222,134737,55317,0
27508,83887,77824,111395,105332,161711,1
39211,88223,35119,127434,74330,123342,0
95036,81027,30313,176063,125349,111340,1
7288,9180,13949,16468,21237,23129,1
50753,33115,93998,83868,144751,127113,0
7222,75702,76379,82924,83601,152081,1
60184,29890,32732,90074,92916,62622,1
82472,14419,92308,96891,174780,106727,1
2447,1321,74252,3768,76699,75573,0
69832,23980,90934,93812,160766,114914,1
55751,93529,96817,149280,152568,190346,1
98985,37242,36686,136227,135671,73928,0
134,29073,15065,29207,15199,44138,0
65784,20711,93072,86495,158856,113783,0
72454,71294,25800,143748,98254,97094,1
6733,75838,6506,82571,13239,82344,0
37498,62261,38883,99759,76381,101144,1
18372,62777,88302,81149,106674,151079,0
3792,96638,64194,100430,67986,160832,0
98331,15828,810,114159,99141,16638,0
32157,6185,85621,38342,117778,91806,0
2722,73292,97547,76014,100269,170839,0
86776,588,6812,87364,93588,7400,0
76688,54652,46104,131340,122792,100756,1
81486,66754,51612,148240,133098,118366,1
85133,58327,86513,143460,171646,144840,1
21962,57063,24529,79025,46491,81592,0
78029,38790,22106,116819,100135,60896,0
62195,62707,41156,124902,103351,103863,1
99808,83413,14162,183221,113970,97575,0
66741,75334,4602,142075,71343,79936,0
90688,44283,68687,134971,159375,112970,1
65934,61675,76779,127609,142713,138454,1
51739,93437,53308,145176,105047,146745,1
96966,87314,21658,184280,118624,108972,1
62417,14503,88357,76920,150774,102860,0
71680,44632,14958,116312,86638,59590,0
21051,67385,51133,88436,72184,118518,1
75882,49608,93970,125490,169852,143578,1
76403,87402,16457,163805,92860,103859,1
66263,19823,78440,86086,144703,98263,1
19412,4774,59957,24186,79369,64731,0
15346,79246,92217,94592,107563,171463,1
40924,71909,41727,112833,82651,113636,1
29873,59808,74933,89681,104806,134741,1
49660,78664,13024,128324,62684,91688,0
29801,46657,1962,76458,31763,48619,0
21398,21382,38628,42780,60026,60010,1
77942,81302,9775,159244,87717,91077,1
96143,92086,37400,188229,133543,129486,1
81960,93425,75236,175385,157196,168661,1
82555,48771,16933,131326,99488,65704,0
32172,3035,73731,35207,105903,76766,0
92755,6632,78478,99387,171233,85110,0
74694,15735,63832,90429,138526,79567,1
84717,2445,50434,87162,135151,52879,0
50291,79799,3967,130090,54258,83766,0
44091,30154,79700,74245,123791,109854,0
65938,34232,69192,100170,135130,103424,1
40183,67828,4100,108011,44283,71928,0
74561,26412,53861,100973,128422,80273,1
97971,52881,66552,150852,164523,119433,1
59508,87056,53900,146564,113408,140956,1
60491,15864,46292,76355,106783,62156,1
86396,22817,30812,109213,117208,53629,0
38908,38675,34985,77583,73893,73660,1
52167,48518,11543,100685,63710,60061,1
7429,10668,25909,18097,33338,36577,0
31214,57683,77481,88897,108695,135164,1
88990,41812,92245,130802,181235,134057,1
96371,58439,76547,154810,172918,134986,1
73612,23809,70460,97421,144072,94269,1
60859,71664,54048,132523,114907,125712,1
13901,85811,20416,99712,34317,106227,0
35835,20172,99929,56007,135764,120101,0
52700,39927,55122,92627,107822,95049,1
31101,82771,87777,113872,118878,170548,1
7216,44677,52934,51893,60150,97611,0
42289,93148,8104,135437,50393,101252,0
94338,34989,42996,129327,137334,77985,0
3267,14382,20895,17649,24162,35277,0
93095,49442,29824,142537,122919,79266,0
91417,71783,38272,163200,129689,110055,1
18204,60844,42006,79048,60210,102850,0
62146,38502,94164,100648,156310,132666,1
8476,21478,78340,29954,86816,99818,0
25668,26434,42492,52102,68160,68926,1
52034,76910,55304,128944,107338,132214,1
92209,13266,30458,105475,122667,43724,0
50503,41081,45528,91584,96031,86609,1
96173,84700,89925,180873,186098,174625,1
36077,99885,6004,135962,42081,105889,0
64295,2940,38634,67235,102929,41574,0
16268,18142,5007,34410,21275,23149,1
46982,68784,99173,115766,146155,167957,1
67724,50461,12622,118185,80346,63083,0
13088,25319,85029,38407,98117,110348,0
37780,80504,73776,118284,111556,154280,1
81190,89562,29883,170752,111073,119445,1
65412,6009,76892,71421,142304,82901,0
63678,50302,53375,113980,117053,103677,1
48095,68524,5517,116619,53612,74041,0
23879,34380,30938,58259,54817,65318,1
6903,92334,5126,99237,12029,97460,0
37535,64300,71120,101835,108655,135420,1
44316,30189,11268,74505,55584,41457,0
44827,25452,80960,70279,125787,106412,0
84121,77396,99508,161517,183629,176904,1
21740,50183,48684,71923,70424,98867,1
78039,98697,44125,176736,122164,142822,1
70174,25217,22130,95391,92304,47347,0
45889,39006,75752,84895,121641,114758,1
37486,49588,81780,87074,119266,131368,1
2997,32954,92723,35951,95720,125677,0
28153,8252,75906,36405,104059,84158,0
92658,27144,35707,119802,128365,62851,0
31097,22850,75314,53947,106411,98164,0
10217,78704,48386,88921,58603,127090,0
24102,8545,56085,32647,80187,64630,0
53861,38919,8227,92780,62088,47146,0
13253,78310,77310,91563,90563,155620,1
84208,27020,74219,111228,158427,101239,1
8054,13933,48038,21987,56092,61971,0
87860,27067,60908,114927,148768,87975,1
38286,40475,37135,78761,75421,77610,1
70266,47055,8163,117321,78429,55218,0
69023,73915,61447,142938,130470,135362,1
99699,57961,73605,157660,173304,131566,1
42611,15874,26922,58485,69533,42796,1
24815,73720,49336,98535,74151,123056,1
1113,6422,24519,7535,25632,30941,0
47374,79772,39197,127146,86571,118969,1
82777,612,18906,83389,101683,19518,0
92857,19469,74183,112326,167040,93652,1
59485,70203,57107,129688,116592,127310,1
78471,23062,38917,101533,117388,61979,0
50957,68918,31444,119875,82401,100362,1
79578,6074,68692,85652,148270,74766,0
41565,69503,73394,111068,114959,142897,1
2484,88110,6814,90594,9298,94924,0
79409,92090,81201,171499,160610,173291,1
74425,73555,89677,147980,164102,163232,1
61905,1786,74016,63691,135921,75802,0
10709,26668,60562,37377,71271,87230,0
41059,14030,24756,55089,65815,38786,0
96680,32907,81961,129587,178641,114868,1
94053,62163,4382,156216,98435,66545,0
30264,48754,90182,79018,120446,138936,0
84016,87654,95294,171670,179310,182948,1
12188,42425,9447,54613,21635,51872,0
54224,9740,43476,63964,97700,53216,0
96367,98300,60557,194667,156924,158857,1
37751,23108,46252,60859,84003,69360,1
90842,89166,70024,180008,160866,159190,1
82338,80555,28625,162893,110963,109180,1
16099,98118,69768,114217,85867,167886,0
88649,8074,39353,96723,128002,47427,0
73808,77927,76839,151735,150647,154766,1
89675,30658,54424,120333,144099,85082,0
40451,22039,32893,62490,73344,54932,1
1620,61943,75968,63563,77588,137911,0
31690,20375,75547,52065,107237,95922,0
93169,39003,57492,132172,150661,96495,1
70583,33161,5009,103744,75592,38170,0
85584,97620,42860,183204,128444,140480,1
93729,58255,28042,151984,121771,86297,0
69426,29761,15989,99187,85415,45750,0
85752,11474,66815,97226,152567,78289,0
25209,63022,44017,88231,69226,107039,1
58040,68082,13742,126122,71782,81824,1
8056,89276,90912,97332,98968,180188,1
41167,66013,54699,107180,95866,120712,1
22181,37215,39823,59396,62004,77038,1
99839,57844,9354,157683,109193,67198,0
95083,39589,88230,134672,183313,127819,1
28027,34190,16550,62217,44577,50740,1
30318,32250,92739,62568,123057,124989,0
4335,74112,44911,78447,49246,119023,0
17916,69226,66307,87142,84223,135533,1
64579,13417,75310,77996,139889,88727,1
71835,87762,63717,159597,135552,151479,1
92821,41599,20019,134420,112840,61618,0
99262,89627,20619,188889,119881,110246,1
13227,19756,51214,32983,64441,70970,0
18284,54644,72247,72928,90531,126891,1
94697,38564,40848,133261,135545,79412,0
94003,39552,97449,133555,191452,137001,1
13058,25713,58765,38771,71823,84478,0
83843,20392,87839,104235,171682,108231,1
45591,70049,70174,115640,115765,140223,1
49109,55381,96509,104490,145618,151890,1
61925,5984,72684,67909,134609,78668,0
55102,96588,47478,151690,102580,144066,1
63591,48068,37331,111659,100922,85399,1
42214,48533,85231,90747,127445,133764,1
77560,61083,19103,138643,96663,80186,1
57757,82757,94173,140514,151930,176930,1
80196,94950,76451,175146,156647,171401,1
26487,7469,69101,33956,95588,76570,0
15166,16014,41574,31180,56740,57588,0
97213,14784,15434,111997,112647,30218,0
95402,11078,51685,106480,147087,62763,0
66116,25014,70449,91130,136565,95463,1
47688,14407,63722,62095,111410,78129,0
86080,2747,6171,88827,92251,8918,0
5037,77406,80547,82443,85584,157953,1
279,4827,57139,5106,57418,61966,0
54092,57655,28418,111747,82510,86073,1
12188,30376,83575,42564,95763,113951,0
26252,19578,47955,45830,74207,67533,0
60662,83348,35523,144010,96185,118871,1
7138,90640,22013,97778,29151,112653,0
61792,29552,60306,91344,122098,89858,1
55476,2555,83419,58031,138895,85974,0
90352,91991,60226,182343,150578,152217,1
41995,34865,75675,76860,117670,110540,1
46317,62456,95898,108773,142215,158354,1
61935,57970,83861,119905,145796,141831,1
49724,36060,46754,85784,96478,82814,1
91392,91586,41828,182978,133220,133414,1
95000,36241,3383,131241,98383,39624,0
40424,96963,51606,137387,92030,148569,0
1173,30819,74073,31992,75246,104892,0
75559,73100,45092,148659,120651,118192,1
43781,36317,96206,80098,139987,132523,0
59693,39918,79122,99611,138815,119040,1
54693,16202,17059,70895,71752,33261,0
53906,45565,41141,99471,95047,86706,1
88967,49630,75610,138597,164577,125240,1
19035,73814,95588,92849,114623,169402,0
82049,31370,75621,113419,157670,106991,1
12288,29474,26157,41762,38445,55631,1
83916,97457,17648,181373,101564,115105,1
86462,19023,53677,105485,140139,72700,0
54746,68473,64703,123219,119449,133176,1
25401,85339,59261,110740,84662,144600,0
3271,19329,32563,22600,35834,51892,0
62630,66143,51679,128773,114309,117822,1
51619,57328,50677,108947,102296,108005,1
61396,22779,47407,84175,108803,70186,1
72459,31042,86266,103501,158725,117308,1
31866,14969,98472,46835,130338,113441,0
76079,22447,22632,98526,98711,45079,0
17223,89016,83967,106239,101190,172983,1
87383,53318,20439,140701,107822,73757,0
11943,46197,84385,58140,96328,130582,0
41283,40110,99447,81393,140730,139557,0
12963,77499,71909,90462,84872,149408,1
33107,10490,1675,43597,34782,12165,0
98614,41624,10280,140238,108894,51904,0
67514,9571,68156,77085,135670,77727,1
74237,30946,42329,105183,116566,73275,0
32456,62103,52591,94559,85047,114694,1
41345,4341,50096,45686,91441,54437,0
17679,105,9580,17784,27259,9685,0
30060,2063,83563,32123,113623,85626,0
84405,11364,85285,95769,169690,96649,1
36670,74286,72422,110956,109092,146708,1
73510,679,30075,74189,103585,30754,0
5491,35518,80160,41009,85651,115678,0
20685,78314,95270,98999,115955,173584,1
53440,16228,65238,69668,118678,81466,1
13599,27636,70555,41235,84154,98191,0
58935,72072,65281,131007,124216,137353,1
75907,23671,80902,99578,156809,104573,1
23561,67588,69818,91149,93379,137406,1
72462,63885,65831,136347,138293,129716,1
81475,9717,68529,91192,150004,78246,0
75095,41925,51672,117020,126767,93597,1
17704,49490,87997,67194,105701,137487,0
81456,11452,72847,92908,154303,84299,1
35739,52560,94112,88299,129851,146672,0
64088,3813,29478,67901,93566,33291,0
39656,28305,23437,67961,63093,51742,1
23890,75256,37302,99146,61192,112558,0
2707,99279,56209,101986,58916,155488,0
43535,98766,43277,142301,86812,142043,0
24987,62711,24626,87698,49613,87337,0
72795,67966,92586,140761,165381,160552,1
69149,36333,38519,105482,107668,74852,1
9713,77095,26852,86808,36565,103947,0
18766,49614,18854,68380,37620,68468,0
37810,29870,88278,67680,126088,118148,0
17627,48032,91391,65659,109018,139423,0
82088,93594,26232,175682,108320,119826,1
63894,82450,85507,146344,149401,167957,1
53097,80517,23844,133614,76941,104361,0
16280,83785,28237,100065,44517,112022,0
22164,95939,24631,118103,46795,120570,0
88049,85938,79247,173987,167296,165185,1
22645,14026,52977,36671,75622,67003,0
51289,5329,75634,56618,126923,80963,0
85087,55552,4104,140639,89191,59656,0
98060,66225,28062,164285,126122,94287,0
74758,98715,846,173473,75604,99561,0
52717,63684,24347,116401,77064,88031,1
33818,884,16088,34702,49906,16972,0
46328,2396,24628,48724,70956,27024,0
94266,72332,46768,166598,141034,119100,1
38539,65990,6532,104529,45071,72522,0
88586,36362,19129,124948,107715,55491,0
69462,31238,2635,100700,72097,33873,0
63777,45628,83044,109405,146821,128672,1
8844,19401,11483,28245,20327,30884,1
34274,39439,43924,73713,78198,83363,1
3529,10886,75278,14415,78807,86164,0
93471,53123,35315,146594,128786,88438,0
2597,40658,14996,43255,17593,55654,0
57982,51167,3272,109149,61254,54439,0
69991,83966,61993,153957,131984,145959,1
70633,93113,85275,163746,155908,178388,1
27435,53553,29191,80988,56626,82744,1
99955,52964,803,152919,100758,53767,0
32793,24674,76348,57467,109141,101022,0
53119,73449,82321,126568,135440,155770,1
65337,23382,14366,88719,79703,37748,0
58715,77455,94702,136170,153417,172157,1
72418,8935,39708,81353,112126,48643,0
16408,51581,18943,67989,35351,70524,0
83172,50086,46978,133258,130150,97064,1
99432,75825,72782,175257,172214,148607,1
82529,7041,29340,89570,111869,36381,0
12761,72027,28668,84788,41429,100695,0
74595,53824,97503,128419,172098,151327,1
45142,13133,8403,58275,53545,21536,0
92216,3071,351,95287,92567,3422,0
57374,63721,8186,121095,65560,71907,1
93259,24228,36433,117487,129692,60661,0
4300,31556,34128,35856,38428,65684,1
62408,25739,18920,88147,81328,44659,0
26244,23941,96188,50185,122432,120129,0
33155,33682,89053,66837,122208,122735,0
84800,79181,68809,163981,153609,147990,1
19360,2655,93212,22015,112572,95867,0
16229,23696,38363,39925,54592,62059,1
50883,14977,27331,65860,78214,42308,0
92758,89034,86019,181792,178777,175053,1
12538,26135,30617,38673,43155,56752,1
21942,59659,35227,81601,57169,94886,0
2408,42293,85940,44701,88348,128233,0
21628,83065,96642,104693,118270,179707,1
7084,99089,25844,106173,32928,124933,0
1483,60981,19613,62464,21096,80594,0
99330,17743,66212,117073,165542,83955,0
48647,57514,85762,106161,134409,143276,1
75986,90444,574,166430,76560,91018,0
21105,85491,82777,106596,103882,168268,1
42325,65402,54745,107727,97070,120147,1
46586,59635,66141,106221,112727,125776,1
36323,39653,50401,75976,86724,90054,1
79856,59730,51732,139586,131588,111462,1
63460,97914,80794,161374,144254,178708,1
66239,46800,43586,113039,109825,90386,1
72165,6639,54520,78804,126685,61159,0
2355,85012,18958,87367,21313,103970,0
73391,90067,33015,163458,106406,123082,1
99808,73230,79596,173038,179404,152826,1
61161,28520,59107,89681,120268,87627,1
85730,1792,14569,87522,100299,16361,0
30296,58791,73533,89087,103829,132324,1
87365,77716,97255,165081,184620,174971,1
27314,80635,57072,107949,84386,137707,1
83157,8748,21067,91905,104224,29815,0
13902,29204,84539,43106,98441,113743,0
25166,33692,904,58858,26070,34596,0
2462,61339,60264,63801,62726,121603,1
88543,96814,57416,185357,145959,154230,1
46864,36472,86243,83336,133107,122715,0
42643,72523,92571,115166,135214,165094,1
77321,87087,40580,164408,117901,127667,1
40088,93843,35757,133931,75845,129600,0
49475,80865,79205,130340,128680,160070,1
66103,6948,31375,73051,97478,38323,0
50366,53010,90458,103376,140824,143468,1
25629,39301,62194,64930,87823,101495,1
90503,80268,21540,170771,112043,101808,1
46007,91798,50012,137805,96019,141810,1
45110,47952,58451,93062,103561,106403,1
7787,31812,13153,39599,20940,44965,0
52101,12990,43658,65091,95759,56648,1
90513,27395,51580,117908,142093,78975,0
71087,3080,13158,74167,84245,16238,0
91056,938,38376,91994,129432,39314,0
54141,81174,85859,135315,140000,167033,1
49766,95745,50259,145511,100025,146004,1
44969,82519,99415,127488,144384,181934,1
94200,39757,29828,133957,124028,69585,0
31309,52342,68993,83651,100302,121335,1
39901,94613,46664,134514,86565,141277,0
93526,85953,61692,179479,155218,147645,1
65336,84492,51851,149828,117187,136343,1
74771,74771,3,149542,74774,74774,1
83130,45814,52491,128944,135621,98305,1
51650,90368,86367,142018,138017,176735,1
87309,57088,61671,144397,148980,118759,1
43156,17137,64433,60293,107589,81570,0
67933,74409,66857,142342,134790,141266,1
49774,79696,82440,129470,132214,162136,1
60013,74901,57586,134914,117599,132487,1
31535,57419,58432,88954,89967,115851,1
82935,31913,98493,114848,181428,130406,1
78186,45134,20204,123320,98390,65338,0
76302,8972,29789,85274,106091,38761,0
7115,94379,37727,101494,44842,132106,0
69529,34755,44930,104284,114459,79685,1
67851,49109,97505,116960,165356,146614,1
3781,40147,22338,43928,26119,62485,0
28509,56739,71204,85248,99713,127943,1
60751,43762,24256,104513,85007,68018,1
4932,10506,81873,15438,86805,92379,0
78315,26900,63332,105215,141647,90232,1
31148,42309,62821,73457,93969,105130,1
41437,51405,32048,92842,73485,83453,1
56808,96938,8408,153746,65216,105346,0
41357,43499,75650,84856,117007,119149,1
73275,80655,28775,153930,102050,109430,1
81039,9746,74293,90785,155332,84039,1
46452,55621,35983,102073,82435,91604,1
25659,87152,85264,112811,110923,172416,1
15946,45077,37828,61023,53774,82905,1
1121,73489,1147,74610,2268,74636,0
53454,26097,56770,79551,110224,82867,1
94656,93889,62006,188545,156662,155895,1
69242,14284,35981,83526,105223,50265,0
56844,53045,8668,109889,65512,61713,1
59862,66966,31897,126828,91759,98863,1
89762,60968,44319,150730,134081,105287,1
47680,48368,26011,96048,73691,74379,1
22986,19537,34955,42523,57941,54492,1
79260,88893,67465,168153,146725,156358,1
69266,97487,7419,166753,76685,104906,0
44705,88183,82708,132888,127413,170891,1
68745,51097,78058,119842,146803,129155,1
40739,69280,28459,110019,69198,97739,0
18456,39630,20568,58086,39024,60198,0
24596,40408,73402,65004,97998,113810,0
98799,38837,53179,137636,151978,92016,0
46029,87111,50211,133140,96240,137322,1
88941,68101,87945,157042,176886,156046,1
19694,12198,15003,31892,34697,27201,1
42408,7832,34205,50240,76613,42037,0
49094,81564,95759,130658,144853,177323,1
5442,40417,80065,45859,85507,120482,0
8576,39819,23590,48395,32166,63409,0
88882,76338,58198,165220,147080,134536,1
79380,19807,49645,99187,129025,69452,0
52822,57435,81742,110257,134564,139177,1
25376,71311,78592,96687,103968,149903,1
19496,3967,57692,23463,77188,61659,0
51377,8826,15090,60203,66467,23916,0
75763,98170,80720,173933,156483,178890,1
12999,28031,57007,41030,70006,85038,0
46631,3065,93635,49696,140266,96700,0
24849,22397,33603,47246,58452,56000,1
22834,91742,71653,114576,94487,163395,1
59378,42022,9774,101400,69152,51796,0
57970,9150,14181,67120,72151,23331,0
54380,41863,65240,96243,119620,107103,1
91104,38293,15146,129397,106250,53439,0
88525,31432,67584,119957,156109,99016,1
72580,20219,60440,92799,133020,80659,1
32970,34231,31584,67201,64554,65815,1
84945,61724,29213,146669,114158,90937,1
75211,43909,60000,119120,135211,103909,1
83495,5220,85706,88715,169201,90926,1
76230,21425,17804,97655,94034,39229,0
80687,67266,13693,147953,94380,80959,1
57608,60156,86435,117764,144043,146591,1
52550,28408,78684,80958,131234,107092,1
53849,20335,64710,74184,118559,85045,1
94695,18893,53288,113588,147983,72181,0
16656,7143,73745,23799,90401,80888,0
70182,23128,19895,93310,90077,43023,0
46946,36862,40745,83808,87691,77607,1
61630,43131,79322,104761,140952,122453,1
15155,57783,48754,72938,63909,106537,1
60429,67699,75201,128128,135630,142900,1
39762,52282,60810,92044,100572,113092,1
67953,71330,51366,139283,119319,122696,1
53206,36144,87870,89350,141076,124014,1
89960,22215,32800,112175,122760,55015,0
32099,30858,30099,62957,62198,60957,1
75090,38967,91134,114057,166224,130101,1
45579,62766,33733,108345,79312,96499,1
58623,83938,41753,142561,100376,125691,1
18553,44765,55120,63318,73673,99885,1
10340,51297,3981,61637,14321,55278,0
90890,56096,7700,146986,98590,63796,0
75971,3826,9964,79797,85935,13790,0
14683,70482,61261,85165,75944,131743,1
28518,17186,44149,45704,72667,61335,1
3739,51898,45043,55637,48782,96941,0
86197,11520,97341,97717,183538,108861,1
51267,86892,11125,138159,62392,98017,0
83801,40540,76443,124341,160244,116983,1
5674,76948,78309,82622,83983,155257,1
33072,61140,5556,94212,38628,66696,0
71990,23323,34576,95313,106566,57899,0
47052,89103,13185,136155,60237,102288,0
27500,19698,60451,47198,87951,80149,0
4104,31157,3153,35261,7257,34310,0
54261,75097,13128,129358,67389,88225,0
78128,10252,6643,88380,84771,16895,0
19256,83082,21917,102338,41173,104999,0
63416,84071,30422,147487,93838,114493,1
55934,12233,71440,68167,127374,83673,0
64200,63205,28967,127405,93167,92172,1
59893,64747,89022,124640,148915,153769,1
13595,81404,93346,94999,106941,174750,1
93309,18242,53373,111551,146682,71615,0
6263,20261,53860,26524,60123,74121,0
45017,51049,43983,96066,89000,95032,1
10045,24666,66425,34711,76470,91091,0
940,30866,19677,31806,20617,50543,0
63229,10414,54958,73643,118187,65372,1
50444,25434,83875,75878,134319,109309,0
76500,20902,98047,97402,174547,118949,0
45849,90358,58437,136207,104286,148795,1
412,78630,90279,79042,90691,168909,0
3505,87370,6499,90875,10004,93869,0
55102,94108,42196,149210,97298,136304,1
49327,11760,12656,61087,61983,24416,0
42920,54979,64552,97899,107472,119531,1
14483,55473,22448,69956,36931,77921,0
4007,59675,43037,63682,47044,102712,0
75862,96755,24310,172617,100172,121065,1
60490,8700,9657,69190,70147,18357,0
33437,39801,79521,73238,112958,119322,0
56270,97917,24419,154187,80689,122336,0
42160,52815,63977,94975,106137,116792,1
78107,33303,50971,111410,129078,84274,1
93569,74422,53072,167991,146641,127494,1
743,14234,97652,14977,98395,111886,0
4547,2014,66526,6561,71073,68540,0
53066,10152,33520,63218,86586,43672,0
91577,89059,41732,180636,133309,130791,1
26810,42686,69232,69496,96042,111918,1
64730,24585,23572,89315,88302,48157,0
17135,39934,16492,57069,33627,56426,0
23946,90501,88874,114447,112820,179375,1
18082,31695,23543,49777,41625,55238,1
69467,97278,17248,166745,86715,114526,0
68294,31952,18296,100246,86590,50248,0
18440,30679,63666,49119,82106,94345,0
77251,14181,75852,91432,153103,90033,1
99284,31273,5106,130557,104390,36379,0
44833,60679,708,105512,45541,61387,0
10541,88329,98568,98870,109109,186897,1
94653,45808,26728,140461,121381,72536,0
1419,43838,62474,45257,63893,106312,0
93718,1190,29905,94908,123623,31095,0
33215,83604,49858,116819,83073,133462,0
15628,16282,61802,31910,77430,78084,0
49546,55574,41608,105120,91154,97182,1
12748,47250,53637,59998,66385,100887,1
51146,70856,73812,122002,124958,144668,1
7770,51061,41553,58831,49323,92614,0
5501,4486,375,9987,5876,4861,0
19509,90232,31365,109741,50874,121597,0
57824,80962,52193,138786,110017,133155,1
9675,69219,26762,78894,36437,95981,0
98621,61006,43629,159627,142250,104635,1
12342,68255,52939,80597,65281,121194,0
79249,97475,16386,176724,95635,113861,0
80920,54952,84414,135872,165334,139366,1
75360,23637,83045,98997,158405,106682,1
92057,97753,26998,189810,119055,124751,1
64788,15454,18956,80242,83744,34410,0
59299,19435,58764,78734,118063,78199,1
42721,82638,44774,125359,87495,127412,1
14489,69405,42739,83894,57228,112144,0
32962,28751,29329,61713,62291,58080,1
37101,38661,23921,75762,61022,62582,1
88789,66816,48087,155605,136876,114903,1
77764,85894,76136,163658,153900,162030,1
3865,23992,83652,27857,87517,107644,0
31723,42806,59996,74529,91719,102802,1
25048,30925,20250,55973,45298,51175,1
58357,30079,93362,88436,151719,123441,0
77562,8740,17072,86302,94634,25812,0
40263,39215,3959,79478,44222,43174,1
72082,98108,56370,170190,128452,154478,1
51063,23683,96564,74746,147627,120247,0
15511,49802,88708,65313,104219,138510,0
2499,22749,7230,25248,9729,29979,0
5710,27410,99530,33120,105240,126940,0
94117,11318,28970,105435,123087,40288,0
23194,40472,30952,63666,54146,71424,1
95153,45724,88621,140877,183774,134345,1
9999,76902,26221,86901,36220,103123,0
35602,43549,94513,79151,130115,138062,0
34293,7105,61193,41398,95486,68298,0
22496,34423,62520,56919,85016,96943,0
41805,99863,13393,141668,55198,113256,0
61001,34601,45131,95602,106132,79732,1
51161,95226,46510,146387,97671,141736,1
53564,24341,27344,77905,80908,51685,0
19183,27235,65815,46418,84998,93050,0
86274,76357,48090,162631,134364,124447,1
86701,78875,89848,165576,176549,168723,1
85814,87497,4218,173311,90032,91715,1
54851,28658,41544,83509,96395,70202,1
84848,29797,89206,114645,174054,119003,1
83487,26730,55072,110217,138559,81802,0
84006,23452,50987,107458,134993,74439,0
41880,23154,40371,65034,82251,63525,1
78980,86524,22538,165504,101518,109062,1
13804,11822,78679,25626,92483,90501,0
88068,82364,36040,170432,124108,118404,1
50831,52088,57509,102919,108340,109597,1
86039,68724,41332,154763,127371,110056,1
46923,519,79752,47442,126675,80271,0
82061,24226,21464,106287,103525,45690,0
37041,41502,95889,78543,132930,137391,0
42855,61263,46981,104118,89836,108244,1
84611,96230,88716,180841,173327,184946,1
83029,47615,47167,130644,130196,94782,1
52122,92555,57913,144677,110035,150468,1
76234,72826,69076,149060,145310,141902,1
98910,43998,80759,142908,179669,124757,1
57541,73258,41560,130799,99101,114818,1
52464,2420,86435,54884,138899,88855,0
85651,63530,78952,149181,164603,142482,1
32741,67320,90259,100061,123000,157579,1
77408,17875,66902,95283,144310,84777,1
68647,44224,84989,112871,153636,129213,1
30953,74946,7412,105899,38365,82358,0
89544,59969,44288,149513,133832,104257,1
2991,80971,65675,83962,68666,146646,0
85086,52874,90118,137960,175204,142992,1
42782,70681,76643,113463,119425,147324,1
29038,26585,23287,55623,52325,49872,1
64582,54859,9459,119441,74041,64318,0
33684,58042,36826,91726,70510,94868,1
69275,85231,17366,154506,86641,102597,1
37537,63390,69328,100927,106865,132718,1
76152,69012,8693,145164,84845,77705,1
12808,72728,15028,85536,27836,87756,0
24847,69059,31133,93906,55980,100192,0
45290,57839,63489,103129,108779,121328,1
95699,20713,5572,116412,101271,26285,0
20085,98579,35821,118664,55906,134400,0
19201,34800,60396,54001,79597,95196,0
79762,10311,49977,90073,129739,60288,0
34684,78484,54324,113168,89008,132808,1
2981,47935,71591,50916,74572,119526,0
55559,70964,80311,126523,135870,151275,1
5672,40564,20524,46236,26196,61088,0
87662,897,2939,88559,90601,3836,0
34223,7634,36664,41857,70887,44298,1
34344,20595,66344,54939,100688,86939,0
28565,65937,2082,94502,30647,68019,0
17239,43839,18004,61078,35243,61843,0
71340,96053,42288,167393,113628,138341,1
34465,89846,1146,124311,35611,90992,0
82469,16360,83040,98829,165509,99400,1
60093,52325,27088,112418,87181,79413,1
87615,91068,92687,178683,180302,183755,1
93817,22871,34607,116688,128424,57478,0
34347,1701,50209,36048,84556,51910,0
99678,82879,45001,182557,144679,127880,1
27221,13411,22518,40632,49739,35929,1
78519,4637,70302,83156,148821,74939,0
88559,43207,99534,131766,188093,142741,1
18932,62175,72432,81107,91364,134607,1
23467,30724,7538,54191,31005,38262,1
86542,56965,3246,143507,89788,60211,0
56770,1190,45877,57960,102647,47067,0
52399,66634,44349,119033,96748,110983,1
10779,18175,63150,28954,73929,81325,0
45127,49609,11538,94736,56665,61147,1
62832,32709,73358,95541,136190,106067,1
3887,73618,34634,77505,38521,108252,0
7114,14490,227,21604,7341,14717,0
81595,52596,4487,134191,86082,57083,0
88252,11323,52788,99575,141040,64111,0
25814,49330,90078,75144,115892,139408,0
5198,85412,82706,90610,87904,168118,1
60164,53550,43217,113714,103381,96767,1
72381,24668,81820,97049,154201,106488,1
85320,81389,61284,166709,146604,142673,1
40732,90348,28113,131080,68845,118461,0
68368,19811,72570,88179,140938,92381,1
59543,4329,67453,63872,126996,71782,0
95249,31814,11683,127063,106932,43497,0
71263,36990,2595,108253,73858,39585,0
60518,41073,71403,101591,131921,112476,1
55406,61591,97447,116997,152853,159038,1
73444,3566,95334,77010,168778,98900,0
96866,72057,38812,168923,135678,110869,1
88257,69190,40640,157447,128897,109830,1
99248,45341,80999,144589,180247,126340,1
92038,51304,96680,143342,188718,147984,1
89622,2376,91116,91998,180738,93492,1
26723,75883,31113,102606,57836,106996,0
99368,95738,77955,195106,177323,173693,1
98189,54433,19562,152622,117751,73995,0
71705,34214,11367,105919,83072,45581,0
5479,23097,35990,28576,41469,59087,0
36858,25179,60812,62037,97670,85991,1
58971,59041,96782,118012,155753,155823,1
1836,37484,45926,39320,47762,83410,0
92817,12475,38167,105292,130984,50642,0
59641,19647,7147,79288,66788,26794,0
22051,74221,42349,96272,64400,116570,0
30524,93116,80472,123640,110996,173588,1
37360,15930,63435,53290,100795,79365,0
95421,26509,44920,121930,140341,71429,0
79957,86219,54913,166176,134870,141132,1
17223,42391,17402,59614,34625,59793,0
6722,5309,44971,12031,51693,50280,0
26962,71930,66048,98892,93010,137978,1
73024,41635,66483,114659,139507,108118,1
31834,24257,730,56091,32564,24987,0
96969,756,77340,97725,174309,78096,0
38115,1060,96362,39175,134477,97422,0
21535,41803,89830,63338,111365,131633,0
4382,19287,83653,23669,88035,102940,0
99228,24555,87577,123783,186805,112132,1
83038,55651,37598,138689,120636,93249,1
76107,60491,4738,136598,80845,65229,0
64965,2911,19719,67876,84684,22630,0
43168,34586,40612,77754,83780,75198,1
81382,8980,48468,90362,129850,57448,0
31729,35283,80002,67012,111731,115285,0
95061,7782,9911,102843,104972,17693,0
43936,48219,38091,92155,82027,86310,1
29521,27239,49837,56760,79358,77076,1
66900,75896,73601,142796,140501,149497,1
40744,11771,7526,52515,48270,19297,0
28966,65434,43168,94400,72134,108602,1
884,51256,63201,52140,64085,114457,0
85841,49772,19163,135613,105004,68935,0
45605,58341,41436,103946,87041,99777,1
69145,51559,49085,120704,118230,100644,1
83000,71539,12957,154539,95957,84496,1
80396,75341,78656,155737,159052,153997,1
15584,17650,17768,33234,33352,35418,1
68807,96145,6045,164952,74852,102190,0
46006,31919,28532,77925,74538,60451,1
90943,68730,96066,159673,187009,164796,1
30519,72349,71573,102868,102092,143922,1
9781,19150,96950,28931,106731,116100,0
79442,25045,10541,104487,89983,35586,0
22414,93384,98335,115798,120749,191719,1
15719,86945,69128,102664,84847,156073,0
13156,57999,41012,71155,54168,99011,0
84154,67014,23589,151168,107743,90603,1
31902,96700,8659,128602,40561,105359,0
97090,94833,99235,191923,196325,194068,1
38044,11433,56455,49477,94499,67888,0
43759,26428,54428,70187,98187,80856,1
6756,87865,88076,94621,94832,175941,1
98961,82183,7084,181144,106045,89267,0
93909,64211,45383,158120,139292,109594,1
19620,7463,66349,27083,85969,73812,0
48615,13115,94519,61730,143134,107634,0
23729,51883,42582,75612,66311,94465,1
48387,54304,49536,102691,97923,103840,1
99133,82269,41816,181402,140949,124085,1
2646,17967,32848,20613,35494,50815,0
84979,54972,80238,139951,165217,135210,1
38692,12376,63553,51068,102245,75929,0
34515,53398,83340,87913,117855,136738,1
50301,56510,27723,106811,78024,84233,1
25427,95543,14305,120970,39732,109848,0
78987,72513,17129,151500,96116,89642,1
72925,44827,29331,117752,102256,74158,1
37082,75944,66809,113026,103891,142753,1
39631,61500,96724,101131,136355,158224,1
19194,16498,35967,35692,55161,52465,0
1583,55715,60348,57298,61931,116063,0
74111,74256,85044,148367,159155,159300,1
46637,15788,86346,62425,132983,102134,0
74873,44583,26130,119456,101003,70713,0
38909,11080,64500,49989,103409,75580,0
93885,11280,19573,105165,113458,30853,0
64642,31684,68878,96326,133520,100562,1
88305,30665,6132,118970,94437,36797,0
66365,83771,6838,150136,73203,90609,0
30179,49393,44331,79572,74510,93724,1
78357,26966,44801,105323,123158,71767,0
43275,54615,54266,97890,97541,108881,1
62965,93012,68926,155977,131891,161938,1
55867,23446,32724,79313,88591,56170,1
181,56157,54520,56338,54701,110677,0
3037,75274,76104,78311,79141,151378,1
42067,58060,58568,100127,100635,116628,1
77158,47358,39510,124516,116668,86868,1
31231,43037,82108,74268,113339,125145,0
38878,87515,27252,126393,66130,114767,0
36976,6787,86189,43763,123165,92976,0
48977,73679,25230,122656,74207,98909,1
42117,67775,49681,109892,91798,117456,1
78263,67876,72489,146139,150752,140365,1
21096,81223,39305,102319,60401,120528,0
23841,40340,59259,64181,83100,99599,1
47200,2991,96695,50191,143895,99686,0
51180,82682,34958,133862,86138,117640,1
18099,27395,97834,45494,115933,125229,0
30491,34676,84851,65167,115342,119527,0
1390,77833,78618,79223,80008,156451,1
98958,85997,76482,184955,175440,162479,1
85928,74351,40074,160279,126002,114425,1
31137,13512,2165,44649,33302,15677,0
39662,22734,12020,62396,51682,34754,0
59505,14494,64285,73999,123790,78779,1
79552,88790,44036,168342,123588,132826,1
90713,67164,95418,157877,186131,162582,1
42834,56167,98254,99001,141088,154421,1
83632,73824,16158,157456,99790,89982,1
417,27465,63710,27882,64127,91175,0
84900,79179,39062,164079,123962,118241,1
221,30484,65085,30705,65306,95569,0
65033,90964,46481,155997,111514,137445,1
72307,83017,87909,155324,160216,170926,1
71537,46430,89812,117967,161349,136242,1
38362,32128,16082,70490,54444,48210,1
12327,19743,48853,32070,61180,68596,0
91924,74031,43776,165955,135700,117807,1
80137,34561,1143,114698,81280,35704,0
763,4209,97236,4972,97999,101445,0
32222,69976,82245,102198,114467,152221,1
57064,62378,47609,119442,104673,109987,1
74816,11483,55670,86299,130486,67153,0
23386,67818,14412,91204,37798,82230,0
56896,71080,90502,127976,147398,161582,1
10708,42959,29647,53667,40355,72606,0
19763,90077,22619,109840,42382,112696,0
23066,67224,72673,90290,95739,139897,1
37303,84982,90003,122285,127306,174985,1
19766,7224,85132,26990,104898,92356,0
32077,20744,72828,52821,104905,93572,0
7204,41431,52827,48635,60031,94258,0
34510,74651,56057,109161,90567,130708,1
10608,34109,44259,44717,54867,78368,1
2465,39225,3749,41690,6214,42974,0
48891,59128,73192,108019,122083,132320,1
4332,11043,94728,15375,99060,105771,0
37583,74330,62138,111913,99721,136468,1
66246,99286,62629,165532,128875,161915,1
98835,82916,51860,181751,150695,134776,1
3271,37801,88318,41072,91589,126119,0
78835,5359,4647,84194,83482,10006,0
21895,88666,68685,110561,90580,157351,1
45539,96985,75206,142524,120745,172191,1
68050,67737,60450,135787,128500,128187,1
55300,7118,62143,62418,117443,69261,1
82666,76157,31205,158823,113871,107362,1
2666,95143,83037,97809,85703,178180,0
19274,42785,31333,62059,50607,74118,1
54005,75966,55353,129971,109358,131319,1
56926,1592,89754,58518,146680,91346,0
88645,55267,19406,143912,108051,74673,0
29960,12254,12404,42214,42364,24658,0
38526,11100,50990,49626,89516,62090,0
58698,84009,24693,142707,83391,108702,0
21950,56927,60317,78877,82267,117244,1
34655,38270,42408,72925,77063,80678,1
33171,25559,19405,58730,52576,44964,1
60538,81855,20628,142393,81166,102483,0
2219,16465,9412,18684,11631,25877,0
56021,84136,8565,140157,64586,92701,0
94703,29371,36782,124074,131485,66153,0
22658,66839,20682,89497,43340,87521,0
69769,27415,38315,97184,108084,65730,0
9134,63326,5885,72460,15019,69211,0
47645,46586,78349,94231,125994,124935,1
40890,17198,91195,58088,132085,108393,0
44125,65655,77499,109780,121624,143154,1
55292,69060,70513,124352,125805,139573,1
29798,50984,96739,80782,126537,147723,0
90171,79134,5678,169305,95849,84812,0
88574,15496,73915,104070,162489,89411,1
76753,97980,66905,174733,143658,164885,1
88614,65093,14599,153707,103213,79692,0
12298,49400,86595,61698,98893,135995,0
57631,28716,39120,86347,96751,67836,1
36601,57879,86618,94480,123219,144497,1
82733,94974,31818,177707,114551,126792,1
11738,27809,59629,39547,71367,87438,0
85571,36832,73596,122403,159167,110428,1
62910,76938,58649,139848,121559,135587,1
10756,57997,57630,68753,68386,115627,1
72474,74295,94039,146769,166513,168334,1
9937,66442,44760,76379,54697,111202,0
90955,58912,71535,149867,162490,130447,1
85233,57392,16670,142625,101903,74062,0
11419,76958,32481,88377,43900,109439,0
40030,87454,95035,127484,135065,182489,1
81864,79009,46300,160873,128164,125309,1
60736,64216,23843,124952,84579,88059,1
86018,52778,22658,138796,108676,75436,0
84043,41492,93207,125535,177250,134699,1
76825,34413,4071,111238,80896,38484,0
93550,26779,40359,120329,133909,67138,0
49864,33089,51592,82953,101456,84681,1
20181,90981,27441,111162,47622,118422,0
61392,50062,97406,111454,158798,147468,1
68275,58174,31495,126449,99770,89669,1
8017,63615,96980,71632,104997,160595,0
7851,4426,74635,12277,82486,79061,0
2900,5931,79251,8831,82151,85182,0
98409,22803,58261,121212,156670,81064,0
59618,85166,72458,144784,132076,157624,1
14855,10756,29170,25611,44025,39926,0
12415,34354,73352,46769,85767,107706,0
31217,42505,36731,73722,67948,79236,1
12151,3543,4065,15694,16216,7608,0
34613,37563,35833,72176,70446,73396,1
9038,43362,69524,52400,78562,112886,0
56893,31642,82827,88535,139720,114469,1
17459,12376,91827,29835,109286,104203,0
24000,87222,93585,111222,117585,180807,1
47257,4026,49528,51283,96785,53554,1
6277,19891,23221,26168,29498,43112,1
88068,38337,62360,126405,150428,100697,1
97490,30776,93682,128266,191172,124458,1
6154,11092,37820,17246,43974,48912,0
27942,57106,29306,85048,57248,86412,1
39264,98855,38246,138119,77510,137101,0
6583,11283,279,17866,6862,11562,0
31976,31255,96981,63231,128957,128236,0
19161,21916,46691,41077,65852,68607,0
74527,9695,40409,84222,114936,50104,0
41458,33862,8301,75320,49759,42163,1
27728,20174,38214,47902,65942,58388,1
57896,3749,75266,61645,133162,79015,0
51014,59017,71470,110031,122484,130487,1
84035,43926,18249,127961,102284,62175,0
77588,36186,71856,113774,149444,108042,1
37904,62672,36866,100576,74770,99538,1
74423,33241,85745,107664,160168,118986,1
17412,5687,45133,23099,62545,50820,0
83207,63928,18805,147135,102012,82733,0
90604,43718,39944,134322,130548,83662,0
55113,3843,55419,58956,110532,59262,1
93783,92755,37232,186538,131015,129987,1
90032,31198,82320,121230,172352,113518,1
58186,32935,21668,91121,79854,54603,0
38392,17563,73844,55955,112236,91407,0
48353,97546,86728,145899,135081,184274,1
52891,91498,84362,144389,137253,175860,1
87536,22353,86167,109889,173703,108520,1
63384,53606,24998,116990,88382,78604,1
59308,56104,13754,115412,73062,69858,1
14706,41549,82733,56255,97439,124282,0
67226,31723,34345,98949,101571,66068,0
79867,23132,77375,102999,157242,100507,1
59848,18007,24658,77855,84506,42665,0
99666,899,48562,100565,148228,49461,0
25410,34717,49019,60127,74429,83736,1
39367,80131,75668,119498,115035,155799,1
5213,92024,34777,97237,39990,126801,0
28317,41408,45772,69725,74089,87180,1
15532,5904,3858,21436,19390,9762,0
8139,60521,51639,68660,59778,112160,0
13253,65351,63429,78604,76682,128780,1
98385,65127,80796,163512,179181,145923,1
92362,7256,42650,99618,135012,49906,0
66367,37202,8977,103569,75344,46179,0
89579,37600,47840,127179,137419,85440,0
7985,99894,329,107879,8314,100223,0
32137,60481,13362,92618,45499,73843,0
91579,22906,90165,114485,181744,113071,1
68626,8569,30619,77195,99245,39188,0
60457,58904,90262,119361,150719,149166,1
32266,25168,37766,57434,70032,62934,1
73066,27024,92983,100090,166049,120007,1
92496,9598,59467,102094,151963,69065,0
82677,67244,58653,149921,141330,125897,1
51530,43726,6485,95256,58015,50211,0
81152,94974,57436,176126,138588,152410,1
79125,20767,72192,99892,151317,92959,1
923,78164,93593,79087,94516,171757,0
2461,81865,32301,84326,34762,114166,0
92621,90953,31419,183574,124040,122372,1
45455,75110,13160,120565,58615,88270,0
17637,60861,84583,78498,102220,145444,0
13499,75505,41230,89004,54729,116735,0
92619,85530,7439,178149,100058,92969,1
81037,60058,34753,141095,115790,94811,1
60488,57977,77417,118465,137905,135394,1
15963,40962,76112,56925,92075,117074,0
34456,45031,48019,79487,82475,93050,1
78546,78634,53963,157180,132509,132597,1
40891,87019,91532,127910,132423,178551,1
52551,52940,64656,105491,117207,117596,1
15319,19152,15780,34471,31099,34932,1
31301,10602,64514,41903,95815,75116,0
23336,58592,75856,81928,99192,134448,1
1210,744,26818,1954,28028,27562,0
85535,24356,83021,109891,168556,107377,1
4198,97099,69851,101297,74049,166950,0
19568,73740,99865,93308,119433,173605,0
47970,11651,82661,59621,130631,94312,0
71096,21033,88975,92129,160071,110008,1
30815,30604,93753,61419,124568,124357,0
30384,48348,73565,78732,103949,121913,1
12003,53851,93877,65854,105880,147728,0
73065,93053,1306,166118,74371,94359,0
98458,65194,58583,163652,157041,123777,1
64939,29476,97678,94415,162617,127154,0
38709,93098,57229,131807,95938,150327,1
99842,2728,59178,102570,159020,61906,0
94992,94985,36199,189977,131191,131184,1
89785,4836,59030,94621,148815,63866,0
18801,66452,77022,85253,95823,143474,1
76825,55205,83755,132030,160580,138960,1
30733,53080,45116,83813,75849,98196,1
83712,50437,52764,134149,136476,103201,1
61462,8330,92890,69792,154352,101220,0
38021,2335,23199,40356,61220,25534,0
12114,45780,44748,57894,56862,90528,1
32936,63944,88784,96880,121720,152728,1
3003,50152,44610,53155,47613,94762,0
5528,24182,3509,29710,9037,27691,0
24872,62823,82130,87695,107002,144953,1
56843,41403,59808,98246,116651,101211,1
43454,3072,76176,46526,119630,79248,0
39835,14590,82982,54425,122817,97572,0
65255,35550,79985,100805,145240,115535,1
52871,2918,5851,55789,58722,8769,0
22423,42977,74816,65400,97239,117793,0
34813,48336,4773,83149,39586,53109,0
58314,2062,369,60376,58683,2431,0
356,21352,96955,21708,97311,118307,0
36816,35717,86728,72533,123544,122445,0
1039,63576,22871,64615,23910,86447,0
33510,50740,97223,84250,130733,147963,0
71356,71236,26325,142592,97681,97561,1
33483,86905,6224,120388,39707,93129,0
99332,10466,7924,109798,107256,18390,0
41165,56516,22324,97681,63489,78840,1
34864,81541,34365,116405,69229,115906,0
47348,5058,26311,52406,73659,31369,0
52297,15459,2861,67756,55158,18320,0
43492,51174,17752,94666,61244,68926,1
21662,707,39017,22369,60679,39724,0
21559,92959,8918,114518,30477,101877,0
47852,97289,51394,145141,99246,148683,1
13976,42648,15773,56624,29749,58421,0
74173,8440,46262,82613,120435,54702,0
60418,73578,54881,133996,115299,128459,1
61279,15668,91518,76947,152797,107186,0
30476,65988,47925,96464,78401,113913,1
48628,57477,95152,106105,143780,152629,1
89444,44160,81257,133604,170701,125417,1
19462,40899,46980,60361,66442,87879,1
56890,34482,27655,91372,84545,62137,1
73567,16371,52362,89938,125929,68733,0
10391,75436,23481,85827,33872,98917,0
46419,75105,80800,121524,127219,155905,1
55324,94761,95848,150085,151172,190609,1
9472,5369,20168,14841,29640,25537,0
65472,42232,22346,107704,87818,64578,0
24060,70537,24271,94597,48331,94808,0
58256,14098,21779,72354,80035,35877,0
42553,771,65850,43324,108403,66621,0
4886,9708,97113,14594,101999,106821,0
4814,21754,58779,26568,63593,80533,0
54330,71778,98136,126108,152466,169914,1
30304,71256,54548,101560,84852,125804,1
984,62907,37087,63891,38071,99994,0
37496,73076,81832,110572,119328,154908,1
31912,86461,49987,118373,81899,136448,0
81819,82605,84093,164424,165912,166698,1
38755,90533,29406,129288,68161,119939,0
57686,32609,13370,90295,71056,45979,0
15816,66571,41047,82387,56863,107618,0
61482,4295,2371,65777,63853,6666,0
70852,21241,21693,92093,92545,42934,0
93435,51635,42707,145070,136142,94342,1
97575,32576,35043,130151,132618,67619,0
96752,7212,3925,103964,100677,11137,0
42950,1313,30109,44263,73059,31422,0
55645,5205,13837,60850,69482,19042,0
97383,60051,47666,157434,145049,107717,1
74432,34783,14729,109215,89161,49512,0
3063,62254,61104,65317,64167,123358,1
69050,82590,9671,151640,78721,92261,0
1274,91100,49022,92374,50296,140122,0
95607,38918,53161,134525,148768,92079,0
47133,30369,17502,77502,64635,47871,1
9355,65014,15257,74369,24612,80271,0
2638,78871,28106,81509,30744,106977,0
4225,50376,80344,54601,84569,130720,0
72467,73226,13767,145693,86234,86993,1
70303,26208,70639,96511,140942,96847,1
8516,333,48471,8849,56987,48804,0
13963,22620,47758,36583,61721,70378,0
10517,56938,54545,67455,65062,111483,1
57229,71045,39940,128274,97169,110985,1
98034,71590,88131,169624,186165,159721,1
10813,33835,81272,44648,92085,115107,0
43224,16529,81956,59753,125180,98485,0
45697,7977,26983,53674,72680,34960,0
32549,44786,10421,77335,42970,55207,0
16568,37235,41760,53803,58328,78995,1
13164,46528,9166,59692,22330,55694,0
74071,18386,82731,92457,156802,101117,1
60990,82467,83902,143457,144892,166369,1
71339,8613,1891,79952,73230,10504,0
73889,1674,68471,75563,142360,70145,0
6547,72192,50856,78739,57403,123048,0
7133,64386,65854,71519,72987,130240,1
48033,53585,22215,101618,70248,75800,1
53546,22069,86770,75615,140316,108839,0
81154,87458,78895,168612,160049,166353,1
20608,51852,75395,72460,96003,127247,0
69697,92727,1730,162424,71427,94457,0
93529,49253,77338,142782,170867,126591,1
66610,52786,59454,119396,126064,112240,1
95259,50049,37683,145308,132942,87732,0
73058,68162,92287,141220,165345,160449,1
75345,67042,3621,142387,78966,70663,0
89886,77441,49898,167327,139784,127339,1
21205,43110,86073,64315,107278,129183,0
87058,51946,41411,139004,128469,93357,1
83086,71035,19196,154121,102282,90231,1
10490,5840,32377,16330,42867,38217,0
98756,7316,94541,106072,193297,101857,1
98483,44528,58676,143011,157159,103204,1
55060,59325,78767,114385,133827,138092,1
91832,55086,36034,146918,127866,91120,0
24529,51415,55427,75944,79956,106842,1
2179,34,22398,2213,24577,22432,0
64390,11373,93149,75763,157539,104522,0
63820,76107,3808,139927,67628,79915,0
33093,39035,45389,72128,78482,84424,1
27054,11783,77119,38837,104173,88902,0
15681,61547,75939,77228,91620,137486,1
7457,52320,67612,59777,75069,119932,0
41596,67348,37369,108944,78965,104717,1
3737,23546,20115,27283,23852,43661,1
95486,20664,34198,116150,129684,54862,0
26622,13764,42518,40386,69140,56282,0
50647,2466,98799,53113,149446,101265,0
10211,43484,29891,53695,40102,73375,0
27128,92382,7574,119510,34702,99956,0
82193,87760,805,169953,82998,88565,0
9002,5264,78114,14266,87116,83378,0
55739,99738,72389,155477,128128,172127,1
65653,42466,14470,108119,80123,56936,0
97449,45972,49142,143421,146591,95114,0
56840,98491,42275,155331,99115,140766,1
56852,39431,97278,96283,154130,136709,0
11481,81957,51861,93438,63342,133818,0
51530,13920,17768,65450,69298,31688,0
35997,14809,24211,50806,60208,39020,1
81083,73322,48632,154405,129715,121954,1
30907,56562,77866,87469,108773,134428,1
71733,33141,21227,104874,92960,54368,0
83807,17266,8529,101073,92336,25795,0
20892,6080,3502,26972,24394,9582,0
22571,80139,9141,102710,31712,89280,0
38612,54691,91357,93303,129969,146048,1
27059,53273,71266,80332,98325,124539,1
23655,72749,93723,96404,117378,166472,1
17176,14899,30766,32075,47942,45665,1
76880,91622,72879,168502,149759,164501,1
42719,32752,56134,75471,98853,88886,1
60750,38865,2796,99615,63546,41661,0
69643,95747,60721,165390,130364,156468,1
19145,78981,41249,98126,60394,120230,0
82628,15634,36239,98262,118867,51873,0
90166,28104,63340,118270,153506,91444,1
77608,83196,25574,160804,103182,108770,1
53243,61590,42210,114833,95453,103800,1
23932,88840,53240,112772,77172,142080,0
76125,54520,51048,130645,127173,105568,1
79693,94032,14517,173725,94210,108549,1
77490,55608,34306,133098,111796,89914,1
53146,39014,61180,92160,114326,100194,1
69528,17584,74834,87112,144362,92418,1
56133,11157,83990,67290,140123,95147,0
86825,22588,89127,109413,175952,111715,1
44634,37703,26979,82337,71613,64682,1
97142,4115,74301,101257,171443,78416,0
18348,60557,55748,78905,74096,116305,1
20638,94932,28881,115570,49519,123813,0
13151,66285,40583,79436,53734,106868,0
71948,24995,32473,96943,104421,57468,0
24151,85033,511,109184,24662,85544,0
96085,14043,10948,110128,107033,24991,0
34962,60863,73348,95825,108310,134211,1
85730,75448,21749,161178,107479,97197,1
9345,86608,20844,95953,30189,107452,0
34239,4371,65983,38610,100222,70354,0
64612,95845,14270,160457,78882,110115,0
6444,81234,47025,87678,53469,128259,0
60249,85241,19644,145490,79893,104885,0
24009,85208,62134,109217,86143,147342,1
29035,73372,83168,102407,112203,156540,1
22728,42529,858,65257,23586,43387,0
88185,21515,15547,109700,103732,37062,0
34457,68691,30390,103148,64847,99081,0
55097,66596,84634,121693,139731,151230,1
58620,37870,42230,96490,100850,80100,1
53135,48417,42910,101552,96045,91327,1
98526,92699,29231,191225,127757,121930,1
20959,43164,89860,64123,110819,133024,0
21357,90332,9105,111689,30462,99437,0
10737,81938,14575,92675,25312,96513,0
54322,43144,51008,97466,105330,94152,1
25153,78771,62678,103924,87831,141449,1
77536,47908,77833,125444,155369,125741,1
44478,84898,23398,129376,67876,108296,0
3153,98236,86120,101389,89273,184356,0
90282,44587,9121,134869,99403,53708,0
79860,32839,13058,112699,92918,45897,0
83879,73183,13005,157062,96884,86188,1
23241,23627,96423,46868,119664,120050,0
19382,4576,49237,23958,68619,53813,0
55620,1219,88109,56839,143729,89328,0
34420,57714,58060,92134,92480,115774,1
14099,15245,60855,29344,74954,76100,0
1127,81470,9006,82597,10133,90476,0
57478,21963,38761,79441,96239,60724,1
52426,76552,25544,128978,77970,102096,1
4199,58499,24658,62698,28857,83157,0
87718,39119,65838,126837,153556,104957,1
12267,96202,26836,108469,39103,123038,0
98674,35147,86072,133821,184746,121219,1
58611,85072,57568,143683,116179,142640,1
88188,12373,72779,100561,160967,85152,0
21838,44264,81553,66102,103391,125817,0
85861,81105,36149,166966,122010,117254,1
53461,57222,69645,110683,123106,126867,1
16325,83088,25613,99413,41938,108701,0
63544,39303,72595,102847,136139,111898,1
87627,3606,32887,91233,120514,36493,0
22108,1512,28013,23620,50121,29525,0
86962,77784,2672,164746,89634,80456,0
61793,57030,1898,118823,63691,58928,0
98359,34019,9025,132378,107384,43044,0
87234,23434,10285,110668,97519,33719,0
12318,78468,17112,90786,29430,95580,0
99911,77078,62020,176989,161931,139098,1
70251,68843,34114,139094,104365,102957,1
11709,4014,1411,15723,13120,5425,0
31283,93114,8361,124397,39644,101475,0
72191,48832,74372,121023,146563,123204,1
4010,14237,29803,18247,33813,44040,0
49159,12194,17102,61353,66261,29296,0
47522,55167,37317,102689,84839,92484,1
13781,10878,15021,24659,28802,25899,1
24108,49064,7673,73172,31781,56737,0
73996,4195,6026,78191,80022,10221,0
46761,64437,10061,111198,56822,74498,0
53364,64965,19053,118329,72417,84018,1
46375,23514,39626,69889,86001,63140,1
17459,24837,48032,42296,65491,72869,0
53007,79132,81183,132139,134190,160315,1
84583,8010,33860,92593,118443,41870,0
23647,37477,98597,61124,122244,136074,0
488,48305,61561,48793,62049,109866,0
22098,32308,28702,54406,50800,61010,1
41371,83256,44110,124627,85481,127366,1
73184,33726,2520,106910,75704,36246,0
77593,47459,48986,125052,126579,96445,1
47733,29769,74503,77502,122236,104272,1
2798,11778,76873,14576,79671,88651,0
21368,7302,67800,28670,89168,75102,0
82461,89764,75253,172225,157714,165017,1
78550,14851,44484,93401,123034,59335,0
51662,7487,82859,59149,134521,90346,0
14931,50025,88199,64956,103130,138224,0
33703,99530,26747,133233,60450,126277,0
95106,6742,54439,101848,149545,61181,0
28170,16738,98132,44908,126302,114870,0
92414,27633,21210,120047,113624,48843,0
43664,92444,16069,136108,59733,108513,0
89222,12612,9155,101834,98377,21767,0
76863,10522,90253,87385,167116,100775,0
10899,20322,76326,31221,87225,96648,0
46498,43916,51374,90414,97872,95290,1
60195,36547,10055,96742,70250,46602,0
38968,38000,65563,76968,104531,103563,1
10109,72956,16363,83065,26472,89319,0
81565,22625,27014,104190,108579,49639,0
75550,19111,69179,94661,144729,88290,1
99179,26252,56777,125431,155956,83029,0
29625,67552,77365,97177,106990,144917,1
37710,37147,6576,74857,44286,43723,1
62826,36968,81574,99794,144400,118542,1
3351,60893,39592,64244,42943,100485,0
45185,10809,85551,55994,130736,96360,0
99897,15457,59819,115354,159716,75276,0
62396,70153,22329,132549,84725,92482,1
48367,44937,86167,93304,134534,131104,1
79260,29070,29119,108330,108379,58189,0
78820,28502,49579,107322,128399,78081,0
87537,70221,94696,157758,182233,164917,1
15417,57615,76603,73032,92020,134218,0
63720,16611,14357,80331,78077,30968,0
17618,37547,57015,55165,74633,94562,0
92476,52743,4093,145219,96569,56836,0
13980,78656,15150,92636,29130,93806,0
76382,69622,61744,146004,138126,131366,1
74519,60653,75415,135172,149934,136068,1
27929,99220,49420,127149,77349,148640,0
17656,64905,20640,82561,38296,85545,0
36592,21161,21136,57753,57728,42297,1
97346,79081,13450,176427,110796,92531,0
80578,29430,88731,110008,169309,118161,1
13819,95463,43227,109282,57046,138690,0
17357,62168,55413,79525,72770,117581,1
72415,42771,60699,115186,133114,103470,1
64500,40174,59362,104674,123862,99536,1
81195,99525,17161,180720,98356,116686,0
80336,21543,22714,101879,103050,44257,0
68563,54591,307,123154,68870,54898,0
15386,91894,41279,107280,56665,133173,0
15201,33883,86194,49084,101395,120077,0
18831,32782,82490,51613,101321,115272,0
83237,53834,92521,137071,175758,146355,1
91718,82022,61533,173740,153251,143555,1
12852,38963,51481,51815,64333,90444,1
8763,73033,24332,81796,33095,97365,0
72850,30038,92585,102888,165435,122623,1
48222,37582,57948,85804,106170,95530,1
69211,6005,69373,75216,138584,75378,1
86269,47475,96948,133744,183217,144423,1
76823,4992,31930,81815,108753,36922,0
48194,2964,56368,51158,104562,59332,0
13011,2404,12599,15415,25610,15003,1
21722,76127,10457,97849,32179,86584,0
10176,97209,2914,107385,13090,100123,0
39772,68414,76049,108186,115821,144463,1
74268,18512,96743,92780,171011,115255,0
86317,65048,56246,151365,142563,121294,1
86015,25302,65338,111317,151353,90640,1
66556,72944,98495,139500,165051,171439,1
15295,71864,54112,87159,69407,125976,0
76245,62326,66036,138571,142281,128362,1
94499,40346,57683,134845,152182,98029,1
2243,19012,36149,21255,38392,55161,0
27830,42613,9792,70443,37622,52405,0
84335,32551,32596,116886,116931,65147,0
20395,81733,25668,102128,46063,107401,0
83788,1185,16384,84973,100172,17569,0
30806,72184,85264,102990,116070,157448,1
20322,40899,93032,61221,113354,133931,0
74026,51785,60691,125811,134717,112476,1
98958,90923,18067,189881,117025,108990,1
92054,71437,62634,163491,154688,134071,1
48688,91909,47801,140597,96489,139710,1
14208,60846,36390,75054,50598,97236,0
88921,32943,53867,121864,142788,86810,0
60971,77573,49873,138544,110844,127446,1
38965,73064,68695,112029,107660,141759,1
9816,88421,75736,98237,85552,164157,0
645,8192,76102,8837,76747,84294,0
13144,16702,38517,29846,51661,55219,0
79617,33036,95775,112653,175392,128811,1
83383,14900,31972,98283,115355,46872,0
60564,13223,93104,73787,153668,106327,0
71424,16307,58169,87731,129593,74476,1
22809,73476,24871,96285,47680,98347,0
40007,88431,68193,128438,108200,156624,1
43487,7578,900,51065,44387,8478,0
14266,33304,36555,47570,50821,69859,1
3136,85855,30324,88991,33460,116179,0
33771,39152,14119,72923,47890,53271,1
85051,50930,47198,135981,132249,98128,1
72391,97396,69362,169787,141753,166758,1
33117,421,45723,33538,78840,46144,0
15502,2850,82662,18352,98164,85512,0
53966,74507,20649,128473,74615,95156,1
78942,48147,97516,127089,176458,145663,1
22436,21800,85008,44236,107444,106808,0
48202,8004,51036,56206,99238,59040,1
61090,64398,78763,125488,139853,143161,1
24133,54279,18750,78412,42883,73029,0
73533,27858,84093,101391,157626,111951,1
1762,23704,70252,25466,72014,93956,0
99454,53928,64584,153382,164038,118512,1
60411,28363,57938,88774,118349,86301,1
51762,48608,67519,100370,119281,116127,1
84326,21686,32884,106012,117210,54570,0
15727,82867,98653,98594,114380,181520,0
19076,6065,30790,25141,49866,36855,0
94394,61720,22597,156114,116991,84317,0
50609,90026,87921,140635,138530,177947,1
35679,33350,2183,69029,37862,35533,0
74571,30473,61215,105044,135786,91688,1
83980,28595,44860,112575,128840,73455,0
82568,7100,87725,89668,170293,94825,1
46842,6467,67665,53309,114507,74132,0
80216,50815,23434,131031,103650,74249,0
13907,23024,25438,36931,39345,48462,1
93084,94821,49302,187905,142386,144123,1
71710,46801,74696,118511,146406,121497,1
27643,36588,13783,64231,41426,50371,1
45676,84910,53183,130586,98859,138093,1
22932,63210,14830,86142,37762,78040,0
86853,55924,23784,142777,110637,79708,0
90801,47911,92187,138712,182988,140098,1
4475,51759,21700,56234,26175,73459,0
70566,51848,84851,122414,155417,136699,1
3101,6203,40782,9304,43883,46985,0
11938,77134,40768,89072,52706,117902,0
14377,53480,20776,67857,35153,74256,0
33718,41626,88369,75344,122087,129995,0
36453,55296,26944,91749,63397,82240,1
4389,57996,41724,62385,46113,99720,0
76037,31115,65388,107152,141425,96503,1
8238,56095,13190,64333,21428,69285,0
94122,19945,70017,114067,164139,89962,0
88947,51339,40266,140286,129213,91605,1
66448,90761,79782,157209,146230,170543,1
51108,42965,85930,94073,137038,128895,1
32758,66439,52759,99197,85517,119198,1
21468,8223,50299,29691,71767,58522,0
21116,86801,64871,107917,85987,151672,0
48676,32732,63462,81408,112138,96194,1
2362,60624,12192,62986,14554,72816,0
2887,77310,44774,80197,47661,122084,0
58483,1050,89193,59533,147676,90243,0
31707,40754,66686,72461,98393,107440,1
49015,73436,34147,122451,83162,107583,1
61209,28317,40700,89526,101909,69017,1
66154,11623,37767,77777,103921,49390,0
15574,83793,19891,99367,35465,103684,0
81697,30348,95242,112045,176939,125590,1
39514,9994,58225,49508,97739,68219,0
7734,75364,76875,83098,84609,152239,1
45617,55035,66157,100652,111774,121192,1
29639,31839,80346,61478,109985,112185,0
63512,71096,40522,134608,104034,111618,1
33514,32984,84236,66498,117750,117220,0
79200,22329,16351,101529,95551,38680,0
57411,94695,60079,152106,117490,154774,1
82915,45720,11332,128635,94247,57052,0
94771,22149,52405,116920,147176,74554,0
72618,84958,88508,157576,161126,173466,1
63480,27476,7178,90956,70658,34654,0
98823,78402,90817,177225,189640,169219,1
22507,56948,70109,79455,92616,127057,1
76291,7478,74841,83769,151132,82319,1
23744,87004,50563,110748,74307,137567,0
93010,22783,39900,115793,132910,62683,0
3557,13168,28310,16725,31867,41478,0
81659,96293,31922,177952,113581,128215,1
93228,2322,92696,95550,185924,95018,1
39357,10780,16937,50137,56294,27717,0
38032,3926,42024,41958,80056,45950,0
69699,33948,21284,103647,90983,55232,0
26325,22233,63084,48558,89409,85317,0
3568,76110,85203,79678,88771,161313,0
83162,13092,40759,96254,123921,53851,0
18441,6190,75300,24631,93741,81490,0
51453,29924,27515,81377,78968,57439,1
82425,56192,22116,138617,104541,78308,0
98058,57499,46498,155557,144556,103997,1
97619,22352,11547,119971,109166,33899,0
10387,16531,38755,26918,49142,55286,0
79908,99611,47281,179519,127189,146892,1
32754,78906,17734,111660,50488,96640,0
48005,26448,97189,74453,145194,123637,0
60055,14362,79933,74417,139988,94295,0
67163,83217,35757,150380,102920,118974,1
95436,25010,69985,120446,165421,94995,0
49717,39049,74418,88766,124135,113467,1
5079,31310,40808,36389,45887,72118,0
1176,75930,1802,77106,2978,77732,0
58300,84143,41910,142443,100210,126053,1
23887,64353,778,88240,24665,65131,0
61115,52711,88799,113826,149914,141510,1
51383,7280,16050,58663,67433,23330,0
74638,21923,54428,96561,129066,76351,1
68663,61327,44706,129990,113369,106033,1
33286,63884,44178,97170,77464,108062,1
41727,88742,39008,130469,80735,127750,0
20362,90589,88695,110951,109057,179284,1
44846,86024,37426,130870,82272,123450,0
12958,42718,83082,55676,96040,125800,0
19336,13444,72388,32780,91724,85832,0
89657,87539,8645,177196,98302,96184,1
73290,55054,94009,128344,167299,149063,1
46537,34149,71179,80686,117716,105328,1
18155,91207,27534,109362,45689,118741,0
39229,27810,32322,67039,71551,60132,1
3775,88364,9340,92139,13115,97704,0
63758,35522,86733,99280,150491,122255,1
60593,26005,58002,86598,118595,84007,1
29604,26152,75228,55756,104832,101380,0
78433,30823,10828,109256,89261,41651,0
14967,21848,79495,36815,94462,101343,0
95150,32116,58171,127266,153321,90287,0
65976,29328,86680,95304,152656,116008,1
44772,62746,33515,107518,78287,96261,1
36180,69359,79915,105539,116095,149274,1
61253,62751,69436,124004,130689,132187,1
19615,69766,38402,89381,58017,108168,0
53505,21978,22927,75483,76432,44905,0
15385,24353,73485,39738,88870,97838,0
88907,86859,30464,175766,119371,117323,1
95300,24672,79547,119972,174847,104219,1
12747,84742,92282,97489,105029,177024,1
80228,82177,55732,162405,135960,137909,1
58709,34594,75306,93303,134015,109900,1
82693,6621,39138,89314,121831,45759,0
23587,66438,55914,90025,79501,122352,1
76841,89958,92709,166799,169550,182667,1
83201,39364,78913,122565,162114,118277,1
55772,79934,45718,135706,101490,125652,1
71399,15614,9878,87013,81277,25492,0
3991,46457,93545,50448,97536,140002,0
37556,52236,17052,89792,54608,69288,1
6988,92676,14610,99664,21598,107286,0
61463,18266,20753,79729,82216,39019,0
62709,383,54974,63092,117683,55357,0
53626,65647,15175,119273,68801,80822,1
30703,97634,38286,128337,68989,135920,0
49800,64079,85742,113879,135542,149821,1
32868,24519,92842,57387,125710,117361,0
98953,97154,44785,196107,143738,141939,1
3166,27986,10050,31152,13216,38036,0
82785,53752,93127,136537,175912,146879,1
62990,80842,66170,143832,129160,147012,1
79594,25788,86711,105382,166305,112499,1
65623,13562,54498,79185,120121,68060,1
42682,43130,94505,85812,137187,137635,0
1861,88734,57029,90595,58890,145763,0
82252,18725,53410,100977,135662,72135,0
64361,6293,51026,70654,115387,57319,0
20281,95043,15513,115324,35794,110556,0
47701,38645,47951,86346,95652,86596,1
59640,67436,14838,127076,74478,82274,1
93510,94152,60947,187662,154457,155099,1
19499,84850,94208,104349,113707,179058,1
28635,86528,36736,115163,65371,123264,0
85764,78890,73746,164654,159510,152636,1
99548,31298,51112,130846,150660,82410,0
11192,92839,2056,104031,13248,94895,0
6606,38856,96403,45462,103009,135259,0
13530,75334,45466,88864,58996,120800,0
33721,65051,46077,98772,79798,111128,1
35005,62953,70515,97958,105520,133468,1
47409,63015,69225,110424,116634,132240,1
4766,43176,63277,47942,68043,106453,0
60102,92805,45231,152907,105333,138036,1
25565,70719,75411,96284,100976,146130,1
19954,94912,69388,114866,89342,164300,0
31523,89632,52288,121155,83811,141920,0
48499,32107,76560,80606,125059,108667,1
94222,77731,35672,171953,129894,113403,1
43896,6183,59310,50079,103206,65493,0
60120,88158,63159,148278,123279,151317,1
1429,11371,89747,12800,91176,101118,0
52563,26701,80956,79264,133519,107657,0
84244,12323,44826,96567,129070,57149,0
59831,5600,86651,65431,146482,92251,0
15156,87557,99519,102713,114675,187076,1
62562,69940,49084,132502,111646,119024,1
13125,82396,47725,95521,60850,130121,0
58334,49742,63168,108076,121502,112910,1
29133,4753,17352,33886,46485,22105,0
60519,68717,3406,129236,63925,72123,0
42814,45377,85693,88191,128507,131070,1
73145,4347,89225,77492,162370,93572,0
80339,21683,75925,102022,156264,97608,1
8338,80013,20210,88351,28548,100223,0
39303,3779,27585,43082,66888,31364,0
14554,84386,59111,98940,73665,143497,0
61760,71549,68187,133309,129947,139736,1
89641,26283,21248,115924,110889,47531,0
72304,82246,46299,154550,118603,128545,1
24620,4501,23548,29121,48168,28049,1
25347,63239,18932,88586,44279,82171,0
95730,97580,1012,193310,96742,98592,0
76776,61302,45711,138078,122487,107013,1
9166,13663,98665,22829,107831,112328,0
5416,56904,22346,62320,27762,79250,0
32305,11939,43934,44244,76239,55873,1
57130,91222,85791,148352,142921,177013,1
48859,66625,77666,115484,126525,144291,1
99737,61693,72813,161430,172550,134506,1
5678,42735,31787,48413,37465,74522,0
92077,12811,35295,104888,127372,48106,0
76931,49781,27556,126712,104487,77337,1
6903,14182,42858,21085,49761,57040,0
92319,93874,49613,186193,141932,143487,1
82325,26373,84751,108698,167076,111124,1
57919,80183,94149,138102,152068,174332,1
86679,91700,92295,178379,178974,183995,1
36912,46747,76841,83659,113753,123588,1
33372,14388,77097,47760,110469,91485,0
95764,61404,36719,157168,132483,98123,1
85309,86936,40895,172245,126204,127831,1
46361,86644,83176,133005,129537,169820,1
61753,56003,32074,117756,93827,88077,1
94529,86238,10611,180767,105140,96849,1
24678,95833,52857,120511,77535,148690,0
14425,79938,69400,94363,83825,149338,1
76758,40795,13743,117553,90501,54538,0
41033,54983,89968,96016,131001,144951,1
22824,94251,32702,117075,55526,126953,0
89958,90781,40854,180739,130812,131635,1
53066,93699,18989,146765,72055,112688,0
97985,860,65,98845,98050,925,0
61158,8712,19901,69870,81059,28613,0
54747,24532,22622,79279,77369,47154,0
35174,12795,97240,47969,132414,110035,0
1676,19065,95020,20741,96696,114085,0
7676,77868,48016,85544,55692,125884,0
9729,48147,2131,57876,11860,50278,0
43400,75166,79588,118566,122988,154754,1
31228,16428,66051,47656,97279,82479,0
55351,33298,14234,88649,69585,47532,0
90174,2405,57588,92579,147762,59993,0
84087,95967,95078,180054,179165,191045,1
81980,9439,56480,91419,138460,65919,0
23219,45641,88173,68860,111392,133814,0
17581,52575,85538,70156,103119,138113,0
25487,71546,21902,97033,47389,93448,0
48134,4893,54901,53027,103035,59794,0
39462,46876,71540,86338,111002,118416,1
18212,43928,98382,62140,116594,142310,0
6842,56027,69110,62869,75952,125137,0
19920,83531,21501,103451,41421,105032,0
63337,97390,35380,160727,98717,132770,1
99272,3542,65489,102814,164761,69031,0
4436,14044,78835,18480,83271,92879,0
65269,77248,80612,142517,145881,157860,1
26392,89787,64021,116179,90413,153808,1
1271,33891,35350,35162,36621,69241,0
30241,86128,28313,116369,58554,114441,0
71899,67269,76982,139168,148881,144251,1
11162,89833,80978,100995,92140,170811,1
3361,80957,931,84318,4292,81888,0
40131,53355,85417,93486,125548,138772,1
25852,78616,58079,104468,83931,136695,1
50163,60322,73493,110485,123656,133815,1
68,73934,87042,74002,87110,160976,0
50580,86075,61631,136655,112211,147706,1
42532,63549,12872,106081,55404,76421,0
73459,93291,77923,166750,151382,171214,1
23750,52114,98622,75864,122372,150736,0
93173,9612,59129,102785,152302,68741,0
84296,11100,59789,95396,144085,70889,0
1643,95799,94629,97442,96272,190428,1
84159,51932,7031,136091,91190,58963,0
45747,21180,39069,66927,84816,60249,1
12273,99062,88331,111335,100604,187393,1
47773,57617,67155,105390,114928,124772,1
50909,64097,24137,115006,75046,88234,1
13717,25358,95492,39075,109209,120850,0
30498,70059,81957,100557,112455,152016,1
13156,5671,93259,18827,106415,98930,0
86990,92118,95518,179108,182508,187636,1
9197,63192,40298,72389,49495,103490,0
17327,23494,63743,40821,81070,87237,0
21416,5360,15252,26776,36668,20612,0
28676,54089,29178,82765,57854,83267,1
15289,74992,37855,90281,53144,112847,0
70615,20182,28819,90797,99434,49001,0
75432,37116,58474,112548,133906,95590,1
71924,3226,2654,75150,74578,5880,0
85651,5843,63385,91494,149036,69228,0
15067,6665,10888,21732,25955,17553,1
50133,1131,27574,51264,77707,28705,0
50763,33824,86269,84587,137032,120093,0
5867,7509,15547,13376,21414,23056,0
47083,69356,83302,116439,130385,152658,1
2469,23069,72982,25538,75451,96051,0
99164,4447,80568,103611,179732,85015,0
37521,70368,29656,107889,67177,100024,0
68276,15135,40159,83411,108435,55294,0
57712,31849,7783,89561,65495,39632,0
68886,55660,29408,124546,98294,85068,1
18566,59495,32861,78061,51427,92356,0
43138,47450,28791,90588,71929,76241,1
43965,10557,8123,54522,52088,18680,0
89676,7279,76963,96955,166639,84242,0
15186,10030,62374,25216,77560,72404,0
26306,54203,10777,80509,37083,64980,0
89200,17328,41558,106528,130758,58886,0
45811,21889,30744,67700,76555,52633,1
47954,48673,61390,96627,109344,110063,1
83859,24670,34369,108529,118228,59039,0
99662,26754,31206,126416,130868,57960,0
13805,44971,79372,58776,93177,124343,0
29034,33722,44896,62756,73930,78618,1
42206,30922,29040,73128,71246,59962,1
57098,50386,52677,107484,109775,103063,1
77469,39464,48098,116933,125567,87562,1
36178,28722,86604,64900,122782,115326,0
14942,662,28625,15604,43567,29287,0
38656,91764,64833,130420,103489,156597,1
31173,72109,69275,103282,100448,141384,1
38965,64607,81079,103572,120044,145686,1
29646,5445,38792,35091,68438,44237,0
6341,22757,72492,29098,78833,95249,0
55124,19448,24789,74572,79913,44237,0
6592,98783,61341,105375,67933,160124,0
56331,92095,65906,148426,122237,158001,1
76511,51802,70747,128313,147258,122549,1
95303,67799,80109,163102,175412,147908,1
71472,98968,64773,170440,136245,163741,1
33700,43506,83580,77206,117280,127086,0
37501,44513,89250,82014,126751,133763,0
84877,64097,42096,148974,126973,106193,1
98951,76254,75510,175205,174461,151764,1
81160,16395,40008,97555,121168,56403,0
11464,95220,64276,106684,75740,159496,0
80325,63766,31232,144091,111557,94998,1
45095,61082,94107,106177,139202,155189,1
62417,50767,48512,113184,110929,99279,1
56980,94877,83700,151857,140680,178577,1
5005,92657,20571,97662,25576,113228,0
54742,30068,26926,84810,81668,56994,1
67386,96983,7947,164369,75333,104930,0
22388,17458,30201,39846,52589,47659,1
2942,10216,92236,13158,95178,102452,0
19735,21152,697,40887,20432,21849,0
4211,10682,39026,14893,43237,49708,0
39347,25286,4426,64633,43773,29712,0
56983,21681,20853,78664,77836,42534,0
84837,12020,6117,96857,90954,18137,0
78446,5283,95227,83729,173673,100510,0
94584,34101,4745,128685,99329,38846,0
18326,22614,4040,40940,22366,26654,0
64153,43549,68399,107702,132552,111948,1
66768,73070,42538,139838,109306,115608,1
81688,75482,72094,157170,153782,147576,1
12552,8099,63276,20651,75828,71375,0
45413,59913,20140,105326,65553,80053,1
94531,23837,68269,118368,162800,92106,0
19401,36241,59219,55642,78620,95460,0
65814,10837,18821,76651,84635,29658,0
28818,21651,66175,50469,94993,87826,0
82919,91503,13477,174422,96396,104980,1
74164,22441,50957,96605,125121,73398,0
76061,60074,65716,136135,141777,125790,1
72792,82986,82453,155778,155245,165439,1
88431,45171,95220,133602,183651,140391,1
15807,39870,65005,55677,80812,104875,0
25201,13376,22483,38577,47684,35859,1
34617,98975,6087,133592,40704,105062,0
36728,60648,252,97376,36980,60900,0
45958,76053,50091,122011,96049,126144,1
65003,88308,64673,153311,129676,152981,1
85936,57092,56459,143028,142395,113551,1
9421,64730,54435,74151,63856,119165,0
45619,41231,77895,86850,123514,119126,1
28653,30400,5153,59053,33806,35553,1
61786,29937,31276,91723,93062,61213,0
64006,32951,9957,96957,73963,42908,0
13363,99684,88549,113047,101912,188233,1
11565,47321,16245,58886,27810,63566,0
20021,5315,84430,25336,104451,89745,0
96910,96009,6616,192919,103526,102625,1
39811,49746,31577,89557,71388,81323,1
17997,46301,29565,64298,47562,75866,1
54529,34376,26799,88905,81328,61175,1
22396,91374,27984,113770,50380,119358,0
86819,22000,2706,108819,89525,24706,0
91495,62124,89109,153619,180604,151233,1
38234,43605,36886,81839,75120,80491,1
64100,40240,45418,104340,109518,85658,1
46494,192,6746,46686,53240,6938,0
5602,2561,45800,8163,51402,48361,0
99055,69945,57342,169000,156397,127287,1
13709,31607,54953,45316,68662,86560,0
92519,4953,89924,97472,182443,94877,1
80215,29784,10004,109999,90219,39788,0
51407,91095,82982,142502,134389,174077,1
54565,41500,37056,96065,91621,78556,1
98583,45356,88774,143939,187357,134130,1
93750,99948,38510,193698,132260,138458,1
40805,87331,94243,128136,135048,181574,1
95387,48712,19077,144099,114464,67789,0
10939,68236,82307,79175,93246,150543,0
23520,47290,10382,70810,33902,57672,0
78189,26042,66398,104231,144587,92440,1
36739,47876,26925,84615,63664,74801,1
7307,41766,956,49073,8263,42722,0
84582,96803,22822,181385,107404,119625,1
43424,71513,98120,114937,141544,169633,1
42362,73551,61937,115913,104299,135488,1
58399,2343,68436,60742,126835,70779,0
51089,86102,69078,137191,120167,155180,1
90658,22242,63849,112900,154507,86091,0
47044,70965,2737,118009,49781,73702,0
56413,71257,62875,127670,119288,134132,1
17250,97037,60007,114287,77257,157044,0
61070,27924,70298,88994,131368,98222,1
23552,74000,15979,97552,39531,89979,0
28174,30118,81727,58292,109901,111845,0
83296,24911,3844,108207,87140,28755,0
47600,68718,47644,116318,95244,116362,1
17892,11725,26317,29617,44209,38042,1
2592,43637,73761,46229,76353,117398,0
16867,78551,18255,95418,35122,96806,0
22381,8982,98046,31363,120427,107028,0
55981,8652,33397,64633,89378,42049,0
68064,65162,28692,133226,96756,93854,1
90795,63727,6533,154522,97328,70260,0
70364,4326,95163,74690,165527,99489,0
58294,7547,40691,65841,98985,48238,0
95972,76332,76825,172304,172797,153157,1
80212,49794,20885,130006,101097,70679,0
38554,56148,10786,94702,49340,66934,0
33502,87091,26263,120593,59765,113354,0
98754,44124,93760,142878,192514,137884,1
2389,31351,98972,33740,101361,130323,0
11409,96981,50705,108390,62114,147686,0
12176,46574,24625,58750,36801,71199,0
8296,68466,67277,76762,75573,135743,1
15382,94993,73229,110375,88611,168222,0
3683,37494,75306,41177,78989,112800,0
4427,81350,85450,85777,89877,166800,1
51742,50866,88498,102608,140240,139364,1
84219,5415,56981,89634,141200,62396,0
29171,89882,62657,119053,91828,152539,1
2232,29587,74220,31819,76452,103807,0
50067,45936,42207,96003,92274,88143,1
63465,36410,25173,99875,88638,61583,0
1829,64859,97668,66688,99497,162527,0
5874,17771,55311,23645,61185,73082,0
47582,91799,51751,139381,99333,143550,1
3,59122,92105,59125,92108,151227,0
22121,30818,10037,52939,32158,40855,1
10175,13063,27411,23238,37586,40474,0
86276,8280,37314,94556,123590,45594,0
924,49463,84519,50387,85443,133982,0
14172,87288,83638,101460,97810,170926,1
62430,52270,59306,114700,121736,111576,1
61218,37659,28153,98877,89371,65812,1
89857,98317,4921,188174,94778,103238,0
71262,27811,76433,99073,147695,104244,1
51526,61137,32117,112663,83643,93254,1
51301,540,67669,51841,118970,68209,0
26321,59873,57426,86194,83747,117299,1
27346,20330,81265,47676,108611,101595,0
66807,56925,1427,123732,68234,58352,0
44895,24976,20195,69871,65090,45171,1
82788,25345,11632,108133,94420,36977,0
87905,16974,16756,104879,104661,33730,0
12043,15179,1351,27222,13394,16530,0
65164,5317,1415,70481,66579,6732,0
23314,97416,93180,120730,116494,190596,1
16953,87335,61672,104288,78625,149007,0
41255,92744,68385,133999,109640,161129,1
27134,1426,15767,28560,42901,17193,0
34277,89023,8770,123300,43047,97793,0
63008,81501,69297,144509,132305,150798,1
60419,13562,42778,73981,103197,56340,0
18286,93554,65381,111840,83667,158935,0
80626,80606,16127,161232,96753,96733,1
61532,73520,3312,135052,64844,76832,0
39668,88030,67265,127698,106933,155295,1
25885,72523,88409,98408,114294,160932,1
29267,99475,69155,128742,98422,168630,0
15540,87488,59061,103028,74601,146549,0
35354,58810,77764,94164,113118,136574,1
56369,53959,64698,110328,121067,118657,1
93385,16817,48545,110202,141930,65362,0
93796,56683,96367,150479,190163,153050,1
52901,23403,52919,76304,105820,76322,1
3521,54218,91472,57739,94993,145690,0
36639,27826,88683,64465,125322,116509,0
45777,49361,30425,95138,76202,79786,1
27789,93362,6693,121151,34482,100055,0
52986,7058,28540,60044,81526,35598,0
89187,47565,83412,136752,172599,130977,1
55554,47163,18446,102717,74000,65609,1
50905,5944,99600,56849,150505,105544,0
72506,35325,13497,107831,86003,48822,0
69378,34664,2607,104042,71985,37271,0
27177,81646,82275,108823,109452,163921,1
26431,83905,56904,110336,83335,140809,0
99142,96280,28733,195422,127875,125013,1
16836,22798,55132,39634,71968,77930,0
20603,84499,80044,105102,100647,164543,1
54310,17489,45494,71799,99804,62983,1
50726,52214,24932,102940,75658,77146,1
7809,25802,29341,33611,37150,55143,1
35296,35177,75905,70473,111201,111082,0
18846,50227,16964,69073,35810,67191,0
25198,64768,53745,89966,78943,118513,1
68269,852,76425,69121,144694,77277,0
93548,63097,91702,156645,185250,154799,1
82779,12734,22157,95513,104936,34891,0
45994,8231,28736,54225,74730,36967,0
84319,62548,93264,146867,177583,155812,1
68177,26102,96326,94279,164503,122428,0
81781,76221,54639,158002,136420,130860,1
2803,40103,27412,42906,30215,67515,0
84099,53370,84492,137469,168591,137862,1
48611,8051,79230,56662,127841,87281,0
53721,8416,34835,62137,88556,43251,0
82023,89854,60352,171877,142375,150206,1
61228,50352,1436,111580,62664,51788,0
26801,11638,61541,38439,88342,73179,0
86348,80280,38422,166628,124770,118702,1
13972,39008,19588,52980,33560,58596,0
96290,6555,17039,102845,113329,23594,0
7278,25054,13996,32332,21274,39050,0
16127,44036,28185,60163,44312,72221,1
38419,13900,63974,52319,102393,77874,0
43848,65831,27619,109679,71467,93450,1
26398,63745,72896,90143,99294,136641,1
98458,33130,53501,131588,151959,86631,0
90534,56486,19451,147020,109985,75937,0
8548,99062,11052,107610,19600,110114,0
35660,90018,82300,125678,117960,172318,1
68837,36873,59336,105710,128173,96209,1
69224,43851,2007,113075,71231,45858,0
87901,33301,66114,121202,154015,99415,1
64097,65654,98600,129751,162697,164254,1
86464,62072,90489,148536,176953,152561,1
34034,20320,92613,54354,126647,112933,0
12041,28249,99377,40290,111418,127626,0
78151,32034,93942,110185,172093,125976,1
13698,79885,69445,93583,83143,149330,1
36774,5082,2427,41856,39201,7509,0
27282,75492,23358,102774,50640,98850,0
30150,1335,30063,31485,60213,31398,1
76383,18994,87852,95377,164235,106846,1
21874,55913,2337,77787,24211,58250,0
79381,10093,28808,89474,108189,38901,0
69594,89967,26392,159561,95986,116359,1
76095,39359,59159,115454,135254,98518,1
64179,51574,70173,115753,134352,121747,1
50597,28495,80913,79092,131510,109408,0
83391,86570,88625,169961,172016,175195,1
42575,21967,12307,64542,54882,34274,0
88004,50941,72610,138945,160614,123551,1
43964,96383,71043,140347,115007,167426,1
66075,86096,54163,152171,120238,140259,1
4810,93727,96422,98537,101232,190149,1
8908,12013,47998,20921,56906,60011,0
94351,48327,28126,142678,122477,76453,0
36332,88627,24291,124959,60623,112918,0
64779,98008,64801,162787,129580,162809,1
79414,41337,18252,120751,97666,59589,0
62668,21404,2293,84072,64961,23697,0
48899,51201,70060,100100,118959,121261,1
97589,39022,63029,136611,160618,102051,1
39301,97758,73105,137059,112406,170863,1
86497,62911,82250,149408,168747,145161,1
64270,20557,90452,84827,154722,111009,0
72856,29455,44460,102311,117316,73915,1
93027,87515,2100,180542,95127,89615,0
26311,64132,69043,90443,95354,133175,1
54417,26132,39004,80549,93421,65136,1
81066,15831,27142,96897,108208,42973,0
84019,58399,92877,142418,176896,151276,1
69455,9961,3589,79416,73044,13550,0
86934,73443,73762,160377,160696,147205,1
33533,57696,80878,91229,114411,138574,1
95307,18155,1256,113462,96563,19411,0
86604,28290,8612,114894,95216,36902,0
3739,72920,95596,76659,99335,168516,0
40602,94952,98627,135554,139229,193579,1
81919,23080,18284,104999,100203,41364,0
99552,26229,97943,125781,197495,124172,1
46976,75270,87198,122246,134174,162468,1
64135,38382,15014,102517,79149,53396,0
67845,96156,31835,164001,99680,127991,1
37617,23987,36808,61604,74425,60795,1
24352,42941,14299,67293,38651,57240,0
84450,99187,56374,183637,140824,155561,1
19824,98962,26191,118786,46015,125153,0
25481,31929,22283,57410,47764,54212,1
52770,64402,27143,117172,79913,91545,1
9470,21123,72071,30593,81541,93194,0
3369,18259,6883,21628,10252,25142,0
58912,27690,22991,86602,81903,50681,0
67554,83526,30883,151080,98437,114409,1
99683,20267,61325,119950,161008,81592,0
15646,16654,41986,32300,57632,58640,0
75691,52498,41354,128189,117045,93852,1
85151,1586,44370,86737,129521,45956,0
57384,11681,55939,69065,113323,67620,1
18776,9345,37728,28121,56504,47073,0
48665,56842,17159,105507,65824,74001,1
83394,58374,76533,141768,159927,134907,1
64441,27650,48404,92091,112845,76054,1
2199,21883,3793,24082,5992,25676,0
27601,84307,50370,111908,77971,134677,0
42234,40244,34236,82478,76470,74480,1
83674,41134,9224,124808,92898,50358,0
41403,47979,47233,89382,88636,95212,1
38674,88082,76294,126756,114968,164376,1
8291,64407,13672,72698,21963,78079,0
51027,58716,87321,109743,138348,146037,1
52755,56197,45619,108952,98374,101816,1
39434,74442,60577,113876,100011,135019,1
96830,12969,39906,109799,136736,52875,0
58669,12743,37217,71412,95886,49960,0
3538,45881,1632,49419,5170,47513,0
29857,47335,54332,77192,84189,101667,1
86115,75622,18697,161737,104812,94319,1
40848,9971,36297,50819,77145,46268,1
38428,31547,82923,69975,121351,114470,0
89648,7614,21917,97262,111565,29531,0
64678,68214,32927,132892,97605,101141,1
19934,66374,94265,86308,114199,160639,0
84201,5858,14401,90059,98602,20259,0
68346,90093,90455,158439,158801,180548,1
56834,64696,58734,121530,115568,123430,1
71335,98853,98642,170188,169977,197495,1
69572,87988,70910,157560,140482,158898,1
68710,1789,90196,70499,158906,91985,0
11128,36548,67906,47676,79034,104454,0
73035,59247,95720,132282,168755,154967,1
29328,94628,38676,123956,68004,133304,0
55925,95153,92530,151078,148455,187683,1
65577,30196,10740,95773,76317,40936,0
35684,75639,22939,111323,58623,98578,0
76094,33723,97271,109817,173365,130994,1
57397,30538,11580,87935,68977,42118,0
47751,20154,39186,67905,86937,59340,1
8484,74542,73568,83026,82052,148110,1
18407,78251,48239,96658,66646,126490,0
61038,13740,32486,74778,93524,46226,0
72546,14896,33312,87442,105858,48208,0
57814,78658,39108,136472,96922,117766,1
66799,53692,7066,120491,73865,60758,0
34217,23393,30333,57610,64550,53726,1
82357,17634,48223,99991,130580,65857,0
71881,75416,74300,147297,146181,149716,1
36526,70657,77162,107183,113688,147819,1
14501,5600,64448,20101,78949,70048,0
91332,12348,30037,103680,121369,42385,0
21754,40521,41069,62275,62823,81590,1
3101,96223,6903,99324,10004,103126,0
44998,2492,19518,47490,64516,22010,0
26127,54077,5779,80204,31906,59856,0
52246,42129,76120,94375,128366,118249,1
31371,78243,75281,109614,106652,153524,1
52935,59684,61627,112619,114562,121311,1
41339,75987,85501,117326,126840,161488,1
37493,97302,69284,134795,106777,166586,1
5691,10921,70498,16612,76189,81419,0
15254,96437,56760,111691,72014,153197,0
62390,77817,94691,140207,157081,172508,1
95491,16422,41935,111913,137426,58357,0
40472,48063,84971,88535,125443,133034,1
95695,18736,19869,114431,115564,38605,0
8816,74155,17463,82971,26279,91618,0
46841,75515,84670,122356,131511,160185,1
6277,99687,63079,105964,69356,162766,0
87078,93618,14212,180696,101290,107830,1
1763,89196,46338,90959,48101,135534,0
8018,63063,85240,71081,93258,148303,0
53093,52460,82013,105553,135106,134473,1
53086,13483,82219,66569,135305,95702,0
86128,77643,52473,163771,138601,130116,1
86935,41189,60760,128124,147695,101949,1
67925,84748,71772,152673,139697,156520,1
99375,81891,45025,181266,144400,126916,1
79974,48585,74771,128559,154745,123356,1
89003,54566,74288,143569,163291,128854,1
94460,79897,5383,174357,99843,85280,0
23878,48259,14220,72137,38098,62479,0
61571,7762,76550,69333,138121,84312,0
13922,61366,65103,75288,79025,126469,1
51618,13531,67642,65149,119260,81173,0
31681,5681,63281,37362,94962,68962,0
3130,14286,64086,17416,67216,78372,0
75353,31700,76198,107053,151551,107898,1
98142,91090,85013,189232,183155,176103,1
18860,46058,354,64918,19214,46412,0
92707,85383,38303,178090,131010,123686,1
91974,22100,78981,114074,170955,101081,1
83489,83178,40806,166667,124295,123984,1
68917,82995,51953,151912,120870,134948,1
57304,53742,46075,111046,103379,99817,1
26112,52495,59150,78607,85262,111645,1
17574,38945,28442,56519,46016,67387,1
7997,984,58262,8981,66259,59246,0
31034,5730,25547,36764,56581,31277,1
63007,75430,30440,138437,93447,105870,1
57330,8264,95432,65594,152762,103696,0
76018,25189,74171,101207,150189,99360,1
37708,99514,74810,137222,112518,174324,1
53036,2403,81855,55439,134891,84258,0
92938,14289,64885,107227,157823,79174,0
74300,94175,3799,168475,78099,97974,0
36626,37754,74070,74380,110696,111824,1
64682,32845,72902,97527,137584,105747,1
36177,74995,68931,111172,105108,143926,1
29320,91159,40384,120479,69704,131543,0
18623,7711,72195,26334,90818,79906,0
21448,56895,97325,78343,118773,154220,0
46499,33854,17389,80353,63888,51243,1
59775,37902,36899,97677,96674,74801,1
92476,80635,22318,173111,114794,102953,1
87840,80010,83951,167850,171791,163961,1
59631,99138,90555,158769,150186,189693,1
37042,11376,78934,48418,115976,90310,0
56612,46772,13643,103384,70255,60415,1
13596,44184,47582,57780,61178,91766,1
64135,88322,61623,152457,125758,149945,1
29401,46402,14409,75803,43810,60811,0
50062,62258,37853,112320,87915,100111,1
7299,6639,5990,13938,13289,12629,1
63795,34401,88468,98196,152263,122869,1
2435,84915,38696,87350,41131,123611,0
6608,90519,35925,97127,42533,126444,0
85976,22444,93032,108420,179008,115476,1
50400,15485,15846,65885,66246,31331,0
38792,15810,65814,54602,104606,81624,0
87130,18679,25801,105809,112931,44480,0
90566,80630,74230,171196,164796,154860,1
18191,1919,24970,20110,43161,26889,0
58608,48724,55641,107332,114249,104365,1
40245,61986,37667,102231,77912,99653,1
73976,21661,63035,95637,137011,84696,1
21865,98562,22334,120427,44199,120896,0
81552,36490,9668,118042,91220,46158,0
57238,80114,83566,137352,140804,163680,1
61372,3480,77082,64852,138454,80562,0
25825,19624,31016,45449,56841,50640,1
32187,49956,59982,82143,92169,109938,1
13625,56592,78134,70217,91759,134726,0
2661,64557,19676,67218,22337,84233,0
8254,47987,26772,56241,35026,74759,0
67180,89214,22353,156394,89533,111567,1
45337,91872,2246,137209,47583,94118,0
73056,42194,58715,115250,131771,100909,1
48876,55801,96442,104677,145318,152243,1
2761,82694,59258,85455,62019,141952,0
73768,39095,65592,112863,139360,104687,1
73327,10852,62705,84179,136032,73557,1
31501,33901,60603,65402,92104,94504,1
19462,92734,5058,112196,24520,97792,0
16262,42941,31638,59203,47900,74579,1
18077,82709,40276,100786,58353,122985,0
86503,72567,56111,159070,142614,128678,1
57874,65805,37261,123679,95135,103066,1
18873,95632,34515,114505,53388,130147,0
8025,47080,20422,55105,28447,67502,0
37736,1153,68559,38889,106295,69712,0
74940,23441,85002,98381,159942,108443,1
53068,76396,86448,129464,139516,162844,1
79686,99264,33981,178950,113667,133245,1
12983,60409,93762,73392,106745,154171,0
41929,70310,78772,112239,120701,149082,1
55405,99491,76042,154896,131447,175533,1
13341,79091,33635,92432,46976,112726,0
1723,45874,46758,47597,48481,92632,1
48744,7218,49403,55962,98147,56621,1
56655,89600,89568,146255,146223,179168,1
67772,98923,56398,166695,124170,155321,1
40647,77817,39390,118464,80037,117207,1
42142,57559,60562,99701,102704,118121,1
92204,17143,24962,109347,117166,42105,0
91605,77716,72858,169321,164463,150574,1
13377,34382,12002,47759,25379,46384,0
35999,34809,8192,70808,44191,43001,1
25383,47741,2619,73124,28002,50360,0
35240,58074,22764,93314,58004,80838,0
77663,76705,68884,154368,146547,145589,1
25183,40890,4278,66073,29461,45168,0
63127,3968,59745,67095,122872,63713,1
47126,83522,41320,130648,88446,124842,1
64474,21276,42472,85750,106946,63748,0
7468,76461,30268,83929,37736,106729,0
9478,19200,28041,28678,37519,47241,1
92868,57022,6535,149890,99403,63557,0
17874,42110,83392,59984,101266,125502,0
12014,41320,27287,53334,39301,68607,0
11557,64485,68804,76042,80361,133289,1
64957,84128,65427,149085,130384,149555,1
654,15991,83999,16645,84653,99990,0
9547,37614,88421,47161,97968,126035,0
40125,74670,21337,114795,61462,96007,0
4235,85191,56451,89426,60686,141642,0
34936,51762,36115,86698,71051,87877,1
40021,69341,81849,109362,121870,151190,1
81994,88053,34343,170047,116337,122396,1
9709,32149,83531,41858,93240,115680,0
48763,72174,40466,120937,89229,112640,1
44725,19579,25376,64304,70101,44955,1
48073,28478,12715,76551,60788,41193,0
79096,23102,63226,102198,142322,86328,1
85168,46129,46012,131297,131180,92141,1
19815,26387,77722,46202,97537,104109,0
54926,58540,74094,113466,129020,132634,1
48984,71478,57694,120462,106678,129172,1
84746,6993,4021,91739,88767,11014,0
90175,58971,80835,149146,171010,139806,1
2182,57889,18412,60071,20594,76301,0
84124,26081,28304,110205,112428,54385,0
79202,54433,41694,133635,120896,96127,1
47108,33050,52270,80158,99378,85320,1
39317,46977,18903,86294,58220,65880,1
92860,10260,24616,103120,117476,34876,0
82781,20609,77683,103390,160464,98292,1
28683,40925,31136,69608,59819,72061,1
24059,57809,66389,81868,90448,124198,1
39022,24917,69691,63939,108713,94608,0
67747,22029,61824,89776,129571,83853,1
71607,89398,57837,161005,129444,147235,1
37234,58806,55937,96040,93171,114743,1
20930,35636,14390,56566,35320,50026,0
43775,18775,45595,62550,89370,64370,1
92595,86168,1614,178763,94209,87782,0
33999,82750,83764,116749,117763,166514,1
4146,45315,89605,49461,93751,134920,0
21603,50041,12858,71644,34461,62899,0
10174,51546,69736,61720,79910,121282,0
28251,82752,78704,111003,106955,161456,1
90295,15918,85994,106213,176289,101912,1
2064,73667,7752,75731,9816,81419,0
61410,87055,69950,148465,131360,157005,1
98950,32672,11813,131622,110763,44485,0
71568,13139,30950,84707,102518,44089,0
49488,89348,92891,138836,142379,182239,1
67081,96194,42467,163275,109548,138661,1
34290,86962,76372,121252,110662,163334,1
61227,85352,38989,146579,100216,124341,1
76659,41714,73494,118373,150153,115208,1
91403,84229,37493,175632,128896,121722,1
7107,40272,45564,47379,52671,85836,1
77685,82596,47399,160281,125084,129995,1
47998,57882,48374,105880,96372,106256,1
88233,54093,70419,142326,158652,124512,1
88891,66740,4687,155631,93578,71427,0
87192,63275,49249,150467,136441,112524,1
60110,29152,57248,89262,117358,86400,1
99995,75399,73455,175394,173450,148854,1
91068,53324,58611,144392,149679,111935,1
37506,26696,18084,64202,55590,44780,1
31034,30375,26107,61409,57141,56482,1
58736,34169,57958,92905,116694,92127,1
48771,2060,67347,50831,116118,69407,0
36807,76915,94293,113722,131100,171208,1
29942,87668,70278,117610,100220,157946,1
30489,87463,11520,117952,42009,98983,0
62335,57296,5308,119631,67643,62604,1
25717,63673,32589,89390,58306,96262,0
9582,13347,61918,22929,71500,75265,0
52081,94527,56942,146608,109023,151469,1
69950,84098,51135,154048,121085,135233,1
56168,32302,36341,88470,92509,68643,1
9614,20534,36071,30148,45685,56605,0
33810,88373,16153,122183,49963,104526,0
94774,29851,20334,124625,115108,50185,0
17137,14392,82682,31529,99819,97074,0
97122,8766,11403,105888,108525,20169,0
89741,12726,16908,102467,106649,29634,0
62046,64133,92362,126179,154408,156495,1
41481,88871,23740,130352,65221,112611,0
26864,12867,28166,39731,55030,41033,1
6406,53140,34283,59546,40689,87423,0
69585,55177,8796,124762,78381,63973,0
72604,45999,48752,118603,121356,94751,1
65632,20104,93262,85736,158894,113366,0
14705,55385,69445,70090,84150,124830,1
78978,92746,94416,171724,173394,187162,1
21143,14299,19100,35442,40243,33399,1
21485,46467,75400,67952,96885,121867,0
9982,42018,84535,52000,94517,126553,0
15607,59521,7453,75128,23060,66974,0
18553,27775,91102,46328,109655,118877,0
21515,67912,97517,89427,119032,165429,0
58056,63516,58058,121572,116114,121574,1
30423,47541,60074,77964,90497,107615,1
76809,19090,46194,95899,123003,65284,0
18499,43103,60724,61602,79223,103827,1
81446,12730,26591,94176,108037,39321,0
82659,25084,50777,107743,133436,75861,0
23251,52008,74745,75259,97996,126753,1
63634,95330,68574,158964,132208,163904,1
41527,93839,53555,135366,95082,147394,1
8404,56764,91564,65168,99968,148328,0
5381,9126,14500,14507,19881,23626,1
14689,9422,44801,24111,59490,54223,0
54621,77809,2781,132430,57402,80590,0
82925,60114,38588,143039,121513,98702,1
25923,44337,48459,70260,74382,92796,1
56531,10422,99107,66953,155638,109529,0
86639,56775,51196,143414,137835,107971,1
8148,94355,23660,102503,31808,118015,0
60023,49311,72196,109334,132219,121507,1
95106,72712,26167,167818,121273,98879,1
7485,45862,55404,53347,62889,101266,0
77172,69483,90414,146655,167586,159897,1
2583,32019,67204,34602,69787,99223,0
33332,33077,6149,66409,39481,39226,1
50246,53950,81867,104196,132113,135817,1
14409,85551,65819,99960,80228,151370,0
70811,27807,4310,98618,75121,32117,0
93953,91834,73948,185787,167901,165782,1
36724,2578,1213,39302,37937,3791,0
64448,19307,34362,83755,98810,53669,0
25892,75883,80666,101775,106558,156549,1
88294,45483,54414,133777,142708,99897,1
19366,30399,82644,49765,102010,113043,0
10461,91850,95631,102311,106092,187481,1
98508,86790,91582,185298,190090,178372,1
13345,39618,66750,52963,80095,106368,0
71565,8454,5854,80019,77419,14308,0
74408,45003,7499,119411,81907,52502,0
67958,18542,99396,86500,167354,117938,0
4748,95736,9810,100484,14558,105546,0
56858,57243,13279,114101,70137,70522,1
97356,96009,51560,193365,148916,147569,1
53558,20213,82431,73771,135989,102644,0
61103,96555,29958,157658,91061,126513,0
44898,44922,16553,89820,61451,61475,1
73025,61404,47617,134429,120642,109021,1
10581,41096,28853,51677,39434,69949,0
95808,32466,38122,128274,133930,70588,0
89219,397,7599,89616,96818,7996,0
72392,74126,58792,146518,131184,132918,1
41860,54028,21419,95888,63279,75447,1
43829,21150,37415,64979,81244,58565,1
69026,10698,77953,79724,146979,88651,1
54473,58375,99881,112848,154354,158256,1
47089,57255,959,104344,48048,58214,0
29532,66428,75273,95960,104805,141701,1
15261,29734,63811,44995,79072,93545,0
11893,20374,20110,32267,32003,40484,1
38704,81811,87761,120515,126465,169572,1
6054,8897,93983,14951,100037,102880,0
39159,51589,62276,90748,101435,113865,1
2847,75652,3375,78499,6222,79027,0
78690,48855,13469,127545,92159,62324,0
87292,42188,6393,129480,93685,48581,0
4756,20071,42716,24827,47472,62787,0
74781,42057,35602,116838,110383,77659,1
35124,89723,10986,124847,46110,100709,0
5311,4309,5858,9620,11169,10167,1
99324,88462,34897,187786,134221,123359,1
76929,7545,16165,84474,93094,23710,0
16192,33665,90589,49857,106781,124254,0
2922,44343,85420,47265,88342,129763,0
269,69799,39591,70068,39860,109390,0
818,97620,41454,98438,42272,139074,0
22117,40276,92962,62393,115079,133238,0
85635,58687,78999,144322,164634,137686,1
96974,64673,29210,161647,126184,93883,0
70609,6420,6265,77029,76874,12685,0
14998,74678,87453,89676,102451,162131,1
77986,43329,356,121315,78342,43685,0
41953,31115,78349,73068,120302,109464,0
86456,16070,46050,102526,132506,62120,0
63407,9138,91000,72545,154407,100138,0
9733,51238,35698,60971,45431,86936,0
83471,34547,94890,118018,178361,129437,1
42131,47411,13923,89542,56054,61334,1
89244,80634,84687,169878,173931,165321,1
72967,81430,44833,154397,117800,126263,1
83582,34771,77444,118353,161026,112215,1
88609,54367,97289,142976,185898,151656,1
72800,13919,39002,86719,111802,52921,0
15161,6459,82287,21620,97448,88746,0
2595,15784,86113,18379,88708,101897,0
74532,21837,89588,96369,164120,111425,1
69384,41545,92365,110929,161749,133910,1
1991,38498,14852,40489,16843,53350,0
61377,17552,2935,78929,64312,20487,0
56477,78646,90575,135123,147052,169221,1
75521,22160,91452,97681,166973,113612,1
64102,79669,93207,143771,157309,172876,1
3014,33435,84543,36449,87557,117978,0
84760,71928,60051,156688,144811,131979,1
99892,61956,49951,161848,149843,111907,1
66482,14310,75371,80792,141853,89681,1
77201,71318,17387,148519,94588,88705,1
52719,67056,35172,119775,87891,102228,1
11344,59430,69574,70774,80918,129004,1
91661,34612,32133,126273,123794,66745,0
10962,55686,2577,66648,13539,58263,0
22405,26280,73268,48685,95673,99548,0
39295,34657,86850,73952,126145,121507,0
7891,58707,97806,66598,105697,156513,0
72503,37589,89607,110092,162110,127196,1
47145,8529,88393,55674,135538,96922,0
48833,75090,6109,123923,54942,81199,0
84836,33743,25149,118579,109985,58892,0
79711,98346,48886,178057,128597,147232,1
2616,10852,92374,13468,94990,103226,0
63719,49406,66774,113125,130493,116180,1
74184,3037,56877,77221,131061,59914,0
49539,25736,30829,75275,80368,56565,1
74873,22657,21814,97530,96687,44471,0
63664,77480,20441,141144,84105,97921,1
50549,48032,86234,98581,136783,134266,1
4917,82790,50075,87707,54992,132865,0
53978,62625,54454,116603,108432,117079,1
71212,8386,97040,79598,168252,105426,0
83728,40913,93873,124641,177601,134786,1
9709,52599,50514,62308,60223,103113,1
49324,44788,49688,94112,99012,94476,1
44353,34827,82671,79180,127024,117498,0
71106,5326,38582,76432,109688,43908,0
80482,31367,91981,111849,172463,123348,1
16708,86222,32211,102930,48919,118433,0
11355,38882,1380,50237,12735,40262,0
93553,54320,66891,147873,160444,121211,1
1552,84059,24250,85611,25802,108309,0
56127,5533,50003,61660,106130,55536,0
87839,34162,76049,122001,163888,110211,1
16273,65400,99825,81673,116098,165225,0
29629,51240,91718,80869,121347,142958,0
45177,16890,87480,62067,132657,104370,0
66077,2839,75542,68916,141619,78381,0
43519,73504,68311,117023,111830,141815,1
11227,25498,48304,36725,59531,73802,0
97218,59704,79451,156922,176669,139155,1
44658,35856,50897,80514,95555,86753,1
53934,76804,84122,130738,138056,160926,1
39435,38306,74132,77741,113567,112438,1
10290,32230,87125,42520,97415,119355,0
40433,31313,22421,71746,62854,53734,1
36199,41866,39650,78065,75849,81516,1
58899,6315,38624,65214,97523,44939,0
1301,80018,80728,81319,82029,160746,1
28878,63085,67693,91963,96571,130778,1
80409,81552,79062,161961,159471,160614,1
68441,66907,55956,135348,124397,122863,1
48060,85576,54027,133636,102087,139603,1
82944,32463,50741,115407,133685,83204,1
22187,16004,3613,38191,25800,19617,0
14904,8676,82820,23580,97724,91496,0
44396,38017,28632,82413,73028,66649,1
64216,61752,8925,125968,73141,70677,1
45428,33086,3811,78514,49239,36897,0
90668,59776,60138,150444,150806,119914,1
29505,81335,94807,110840,124312,176142,1
6804,87162,22374,93966,29178,109536,0
46305,90382,88874,136687,135179,179256,1
3717,44751,17077,48468,20794,61828,0
34734,84205,35803,118939,70537,120008,0
65434,39355,47212,104789,112646,86567,1
71490,22307,56452,93797,127942,78759,1
63497,10957,17142,74454,80639,28099,0
90276,15052,85257,105328,175533,100309,1
74062,14076,62327,88138,136389,76403,1
38872,15043,20192,53915,59064,35235,0
92362,76809,16748,169171,109110,93557,1
43536,5977,59992,49513,103528,65969,0
67184,71661,45939,138845,113123,117600,1
4852,38564,49976,43416,54828,88540,0
72710,95575,77888,168285,150598,173463,1
91735,97516,57707,189251,149442,155223,1
61371,99001,31191,160372,92562,130192,0
45418,50648,12393,96066,57811,63041,1
64320,55926,35288,120246,99608,91214,1
31234,67567,22777,98801,54011,90344,0
27667,80276,11921,107943,39588,92197,0
18389,49414,61518,67803,79907,110932,1
66094,51952,83461,118046,149555,135413,1
21378,45288,83235,66666,104613,128523,0
23708,79877,92999,103585,116707,172876,1
83668,13680,37649,97348,121317,51329,0
784,68150,77801,68934,78585,145951,0
3477,30085,2257,33562,5734,32342,0
1034,82961,42864,83995,43898,125825,0
74508,73494,73991,148002,148499,147485,1
22250,95550,9084,117800,31334,104634,0
11883,8542,52617,20425,64500,61159,0
88256,69838,81286,158094,169542,151124,1
97688,63928,37152,161616,134840,101080,1
54006,81750,60731,135756,114737,142481,1
58398,37783,8204,96181,66602,45987,0
87081,60404,64859,147485,151940,125263,1
77723,33157,59217,110880,136940,92374,1
57181,59958,13302,117139,70483,73260,1
37823,61963,78597,99786,116420,140560,1
10183,11558,68095,21741,78278,79653,0
28925,25584,73412,54509,102337,98996,0
60700,75942,45421,136642,106121,121363,1
43683,68041,12085,111724,55768,80126,0
94747,77509,36111,172256,130858,113620,1
58966,69438,93618,128404,152584,163056,1
57052,366,51527,57418,108579,51893,0
53997,77546,94462,131543,148459,172008,1
51011,60099,35571,111110,86582,95670,1
62274,93797,33040,156071,95314,126837,1
32357,16208,73679,48565,106036,89887,0
60840,6304,56371,67144,117211,62675,1
35245,91578,36483,126823,71728,128061,0
85577,15463,99094,101040,184671,114557,1
82799,97110,35660,179909,118459,132770,1
65645,27352,48842,92997,114487,76194,1
16920,16209,63658,33129,80578,79867,0
60351,26077,71487,86428,131838,97564,1
78918,43233,23169,122151,102087,66402,0
19210,27821,96543,47031,115753,124364,0
15497,15972,99001,31469,114498,114973,0
22005,26063,26857,48068,48862,52920,1
13532,59473,58810,73005,72342,118283,1
51283,89340,50400,140623,101683,139740,1
17402,72475,68851,89877,86253,141326,1
20531,84621,36785,105152,57316,121406,0
13732,66687,80851,80419,94583,147538,0
40483,70729,55716,111212,96199,126445,1
17601,89005,95754,106606,113355,184759,1
31823,12695,68974,44518,100797,81669,0
53010,4084,7599,57094,60609,11683,0
61583,15737,63090,77320,124673,78827,1
17178,26171,32212,43349,49390,58383,1
97487,8222,89120,105709,186607,97342,0
94328,22345,45413,116673,139741,67758,0
27328,50384,65932,77712,93260,116316,1
47301,44090,83618,91391,130919,127708,1
54243,75074,26309,129317,80552,101383,1
61672,17479,24350,79151,86022,41829,0
40568,4712,65106,45280,105674,69818,0
39963,50026,82480,89989,122443,132506,1
60655,20316,29607,80971,90262,49923,0
26965,32011,29701,58976,56666,61712,1
2480,34687,47227,37167,49707,81914,0
82984,40567,74700,123551,157684,115267,1
41604,77169,42665,118773,84269,119834,1
82311,95074,60469,177385,142780,155543,1
26670,96967,79417,123637,106087,176384,1
2187,55800,78519,57987,80706,134319,0
24309,91930,87259,116239,111568,179189,1
45014,46103,18183,91117,63197,64286,1
22838,3626,65316,26464,88154,68942,0
40833,63381,14709,104214,55542,78090,0
28167,17941,17289,46108,45456,35230,1
58482,98873,479,157355,58961,99352,0
45340,99807,55831,145147,101171,155638,1
13662,98061,33282,111723,46944,131343,0
12859,7752,77858,20611,90717,85610,0
36460,38607,25982,75067,62442,64589,1
22167,77167,70428,99334,92595,147595,1
27426,22713,46409,50139,73835,69122,1
41996,7172,4581,49168,46577,11753,0
12059,40173,65855,52232,77914,106028,0
20906,21812,69932,42718,90838,91744,0
58869,88871,86571,147740,145440,175442,1
45356,13607,92790,58963,138146,106397,0
95641,7624,58376,103265,154017,66000,0
98877,32351,20967,131228,119844,53318,0
55844,44077,57140,99921,112984,101217,1
22045,77120,64264,99165,86309,141384,1
31033,85775,51891,116808,82924,137666,0
68689,99360,90445,168049,159134,189805,1
67456,779,44935,68235,112391,45714,0
37732,44256,44266,81988,81998,88522,1
61219,21465,64574,82684,125793,86039,1
45842,68880,13598,114722,59440,82478,0
81878,22614,89801,104492,171679,112415,1
40988,1952,53961,42940,94949,55913,0
43634,3936,44516,47570,88150,48452,1
90772,75345,99059,166117,189831,174404,1
55134,34145,65290,89279,120424,99435,1
25027,60747,55722,85774,80749,116469,1
71903,71041,55244,142944,127147,126285,1
2791,88822,91901,91613,94692,180723,0
26988,62661,14975,89649,41963,77636,0
69911,42335,99158,112246,169069,141493,1
49362,2054,96979,51416,146341,99033,0
85753,97395,64004,183148,149757,161399,1
7865,8546,83161,16411,91026,91707,0
14797,6195,10438,20992,25235,16633,1
34907,58947,84116,93854,119023,143063,1
16177,47710,87447,63887,103624,135157,0
96180,85483,46188,181663,142368,131671,1
814,17275,48349,18089,49163,65624,0
23163,46306,21727,69469,44890,68033,0
98896,49888,5499,148784,104395,55387,0
29422,75451,31550,104873,60972,107001,0
21386,95318,5697,116704,27083,101015,0
2525,12441,18710,14966,21235,31151,0
29090,66441,77158,95531,106248,143599,1
84926,13779,25490,98705,110416,39269,0
12924,81588,13141,94512,26065,94729,0
12369,52427,42355,64796,54724,94782,1
61452,91744,92508,153196,153960,184252,1
32293,70777,24706,103070,56999,95483,0
85464,49762,47919,135226,133383,97681,1
66296,7580,7023,73876,73319,14603,0
60027,20245,93097,80272,153124,113342,0
65496,76594,31478,142090,96974,108072,1
43191,40429,54405,83620,97596,94834,1
13247,32221,34870,45468,48117,67091,1
84401,19695,32433,104096,116834,52128,0
29471,75285,99230,104756,128701,174515,1
71631,59238,8574,130869,80205,67812,0
22115,14541,34596,36656,56711,49137,1
65261,38768,90649,104029,155910,129417,1
55395,63641,67349,119036,122744,130990,1
30895,39737,34785,70632,65680,74522,1
78304,47220,84524,125524,162828,131744,1
92304,80220,51504,172524,143808,131724,1
47588,73914,27315,121502,74903,101229,1
39984,73586,37888,113570,77872,111474,1
78955,93634,24553,172589,103508,118187,1
87230,90326,28235,177556,115465,118561,1
55459,26924,84048,82383,139507,110972,0
70549,77955,20843,148504,91392,98798,1
35553,60481,51106,96034,86659,111587,1
43868,85071,12202,128939,56070,97273,0
2063,653,4149,2716,6212,4802,0
30336,50449,84122,80785,114458,134571,0
17393,6223,79473,23616,96866,85696,0
48888,64142,64626,113030,113514,128768,1
2268,88040,91095,90308,93363,179135,0
11220,66220,16474,77440,27694,82694,0
57926,86753,24570,144679,82496,111323,0
29649,10366,90384,40015,120033,100750,0
94913,65928,37042,160841,131955,102970,1
97915,13765,48047,111680,145962,61812,0
48598,81400,94316,129998,142914,175716,1
52074,34654,96999,86728,149073,131653,0
62861,55748,86520,118609,149381,142268,1
92907,87289,47891,180196,140798,135180,1
66984,29873,74694,96857,141678,104567,1
51307,25024,35912,76331,87219,60936,1
5203,21228,1034,26431,6237,22262,0
71008,14211,66163,85219,137171,80374,1
83968,61439,95789,145407,179757,157228,1
93240,27102,50785,120342,144025,77887,0
15972,96832,55966,112804,71938,152798,0
297,52017,11840,52314,12137,63857,0
3191,18384,11067,21575,14258,29451,0
38778,90903,12724,129681,51502,103627,0
55196,96716,32199,151912,87395,128915,0
27657,6341,57339,33998,84996,63680,0
2511,46411,82383,48922,84894,128794,0
93712,56763,79799,150475,173511,136562,1
93203,50635,64800,143838,158003,115435,1
39140,13097,31571,52237,70711,44668,1
95072,5888,2449,100960,97521,8337,0
57980,11208,665,69188,58645,11873,0
58857,91215,31155,150072,90012,122370,0
7574,60397,36681,67971,44255,97078,0
8398,20939,4367,29337,12765,25306,0
50115,1248,33640,51363,83755,34888,0
38146,53054,72118,91200,110264,125172,1
67740,84236,40081,151976,107821,124317,1
75076,13046,57352,88122,132428,70398,0
97494,45772,45853,143266,143347,91625,0
37640,8028,65112,45668,102752,73140,0
97574,38706,45683,136280,143257,84389,0
9708,99896,91637,109604,101345,191533,1
60173,50758,33936,110931,94109,84694,1
5005,42237,1779,47242,6784,44016,0
89001,10656,81827,99657,170828,92483,1
35547,19071,54479,54618,90026,73550,1
2684,31917,31557,34601,34241,63474,1
80636,87624,22479,168260,103115,110103,1
75011,90381,70047,165392,145058,160428,1
78557,36932,37121,115489,115678,74053,0
64369,16650,75334,81019,139703,91984,1
64599,93349,47937,157948,112536,141286,1
24314,86244,35280,110558,59594,121524,0
91575,76520,15074,168095,106649,91594,1
79680,60910,89396,140590,169076,150306,1
9160,59127,85617,68287,94777,144744,0
64231,65653,70819,129884,135050,136472,1
89519,31551,94834,121070,184353,126385,1
60766,69184,74967,129950,135733,144151,1
56407,59893,57497,116300,113904,117390,1
28262,89150,46553,117412,74815,135703,0
43412,37226,50831,80638,94243,88057,1
86964,73103,91372,160067,178336,164475,1
14859,10063,20108,24922,34967,30171,1
16533,30622,73886,47155,90419,104508,0
88751,21986,34295,110737,123046,56281,0
5166,62309,88343,67475,93509,150652,0
14879,99854,23716,114733,38595,123570,0
15868,27772,14198,43640,30066,41970,1
15910,95981,7296,111891,23206,103277,0
92124,49861,41488,141985,133612,91349,0
72648,85744,82873,158392,155521,168617,1
24706,67293,63027,91999,87733,130320,1
82981,15291,49388,98272,132369,64679,0
1091,13147,75079,14238,76170,88226,0
78096,99067,68613,177163,146709,167680,1
58636,61316,52198,119952,110834,113514,1
55851,5172,41716,61023,97567,46888,0
54328,3756,33311,58084,87639,37067,0
29005,10122,42737,39127,71742,52859,0
51561,56156,83420,107717,134981,139576,1
53440,41105,84125,94545,137565,125230,1
87470,63727,62163,151197,149633,125890,1
90422,58398,43606,148820,134028,102004,1
18218,43709,96735,61927,114953,140444,0
94613,20138,4630,114751,99243,24768,0
56661,43969,21296,100630,77957,65265,1
68835,89363,71800,158198,140635,161163,1
17021,70362,1087,87383,18108,71449,0
26743,24661,1542,51404,28285,26203,0
28106,54834,12825,82940,40931,67659,0
51751,68728,22693,120479,74444,91421,1
60002,58421,5341,118423,65343,63762,1
88541,40820,90128,129361,178669,130948,1
84554,59172,38652,143726,123206,97824,1
87330,87941,615,175271,87945,88556,1
58360,46571,6315,104931,64675,52886,0
10095,68984,47750,79079,57845,116734,0
26259,71901,89109,98160,115368,161010,1
18207,93999,21751,112206,39958,115750,0
35318,23920,47963,59238,83281,71883,1
47699,84665,49864,132364,97563,134529,1
44492,79866,35626,124358,80118,115492,1
25373,60361,78825,85734,104198,139186,1
77848,15727,88780,93575,166628,104507,1
22013,90034,37736,112047,59749,127770,0
98603,60419,43942,159022,142545,104361,1
6468,4842,22111,11310,28579,26953,0
91594,71827,96579,163421,188173,168406,1
57116,84133,9428,141249,66544,93561,0
4000,63361,54253,67361,58253,117614,0
94729,94316,67576,189045,162305,161892,1
22959,81814,13291,104773,36250,95105,0
49960,2433,58351,52393,108311,60784,0
61790,83621,7792,145411,69582,91413,0
71528,35958,36285,107486,107813,72243,1
67953,27303,94696,95256,162649,121999,1
30944,25512,53071,56456,84015,78583,1
30744,65396,29842,96140,60586,95238,0
67350,53422,51927,120772,119277,105349,1
59671,21683,36493,81354,96164,58176,0
37185,10500,42776,47685,79961,53276,1
70372,6262,642,76634,71014,6904,0
93638,93181,23193,186819,116831,116374,1
97878,91685,10500,189563,108378,102185,1
60166,24973,79811,85139,139977,104784,1
38609,34876,62743,73485,101352,97619,1
30156,23771,97926,53927,128082,121697,0
51335,56000,42373,107335,93708,98373,1
22492,18329,96467,40821,118959,114796,0
66953,1625,71166,68578,138119,72791,0
81466,30579,30746,112045,112212,61325,0
40970,94882,91176,135852,132146,186058,1
36403,22508,84750,58911,121153,107258,0
81735,6389,43788,88124,125523,50177,0
61069,49686,87316,110755,148385,137002,1
98423,31675,96681,130098,195104,128356,1
42172,56360,16009,98532,58181,72369,1
79904,40041,46939,119945,126843,86980,1
4841,92326,82699,97167,87540,175025,0
42772,77119,18558,119891,61330,95677,0
18528,2846,71930,21374,90458,74776,0
5102,27522,57446,32624,62548,84968,0
30670,37632,51138,68302,81808,88770,1
29636,32274,61051,61910,90687,93325,1
8071,3786,78928,11857,86999,82714,0
49879,68783,91383,118662,141262,160166,1
56784,74989,14151,131773,70935,89140,0
5447,42343,61844,47790,67291,104187,0
24909,40852,30769,65761,55678,71621,1
6740,24948,44256,31688,50996,69204,0
57895,30707,62129,88602,120024,92836,1
37710,10676,17958,48386,55668,28634,0
12533,42441,55325,54974,67858,97766,0
98877,23757,55857,122634,154734,79614,0
88077,96196,49347,184273,137424,145543,1
57297,93623,24632,150920,81929,118255,0
65223,41074,83420,106297,148643,124494,1
99903,78889,85243,178792,185146,164132,1
30599,17006,71345,47605,101944,88351,0
33848,44484,33379,78332,67227,77863,1
83309,68863,19426,152172,102735,88289,1
65041,69299,17821,134340,82862,87120,1
28434,3717,69068,32151,97502,72785,0
57749,60725,40823,118474,98572,101548,1
3131,93530,62207,96661,65338,155737,0
89158,15750,77466,104908,166624,93216,1
17798,24758,64177,42556,81975,88935,0
12185,37071,58905,49256,71090,95976,0
5168,3590,1542,8758,6710,5132,0
44195,61752,73438,105947,117633,135190,1
64171,33206,60192,97377,124363,93398,1
6031,55241,3697,61272,9728,58938,0
7541,51348,83566,58889,91107,134914,0
47746,15854,26163,63600,73909,42017,0
43772,97080,92228,140852,136000,189308,1
86314,56099,9966,142413,96280,66065,0
37151,24573,94322,61724,131473,118895,0
97341,3310,7705,100651,105046,11015,0
92048,99744,3059,191792,95107,102803,0
33367,76612,472,109979,33839,77084,0
93145,93507,99126,186652,192271,192633,1
51604,16639,18694,68243,70298,35333,0
70859,74941,82373,145800,153232,157314,1
425,53831,98853,54256,99278,152684,0
52111,12975,47511,65086,99622,60486,1
53105,52134,70509,105239,123614,122643,1
21512,14693,67470,36205,88982,82163,0
65531,20160,71026,85691,136557,91186,1
2466,11390,59649,13856,62115,71039,0
82044,73373,11981,155417,94025,85354,1
40434,83195,74147,123629,114581,157342,1
66180,74060,11231,140240,77411,85291,1
61906,78808,84774,140714,146680,163582,1
89219,31744,68541,120963,157760,100285,1
58255,94639,37191,152894,95446,131830,1
9557,4251,96049,13808,105606,100300,0
7638,34394,44214,42032,51852,78608,0
50168,58201,15646,108369,65814,73847,1
39280,37822,50933,77102,90213,88755,1
56550,43821,36111,100371,92661,79932,1
67443,97418,43510,164861,110953,140928,1
14397,80680,12887,95077,27284,93567,0
27421,19292,82820,46713,110241,102112,0
33673,43194,91688,76867,125361,134882,0
69384,75033,52974,144417,122358,128007,1
40948,92445,59897,133393,100845,152342,1
46719,71764,79724,118483,126443,151488,1
46590,51410,64492,98000,111082,115902,1
40918,96889,59060,137807,99978,155949,1
98482,10157,79450,108639,177932,89607,0
83009,20580,60071,103589,143080,80651,0
3895,87824,56147,91719,60042,143971,0
74174,84765,72956,158939,147130,157721,1
18598,52860,52599,71458,71197,105459,1
50996,21585,1476,72581,52472,23061,0
43590,81866,44645,125456,88235,126511,1
72609,12146,66697,84755,139306,78843,1
61383,61146,19783,122529,81166,80929,1
83249,74785,60468,158034,143717,135253,1
98270,38190,44614,136460,142884,82804,0
12571,57976,60144,70547,72715,118120,1
35242,31175,17261,66417,52503,48436,1
76526,84647,7979,161173,84505,92626,0
5328,77419,82837,82747,88165,160256,0
63561,98371,78996,161932,142557,177367,1
18949,32897,5202,51846,24151,38099,0
77762,12192,91870,89954,169632,104062,0
99435,2540,76841,101975,176276,79381,0
48268,55695,69314,103963,117582,125009,1
42559,62240,71131,104799,113690,133371,1
78232,1423,91327,79655,169559,92750,0
59331,81191,72220,140522,131551,153411,1
66512,78989,15218,145501,81730,94207,1
32524,52485,47660,85009,80184,100145,1
33532,25239,91249,58771,124781,116488,0
87221,51096,34509,138317,121730,85605,0
17586,64521,29526,82107,47112,94047,0
72201,43297,60485,115498,132686,103782,1
89964,50041,94000,140005,183964,144041,1
84114,10088,79909,94202,164023,89997,1
31280,9703,75831,40983,107111,85534,0
2487,73021,7322,75508,9809,80343,0
37500,35359,97574,72859,135074,132933,0
38006,58352,16821,96358,54827,75173,0
95349,83791,86444,179140,181793,170235,1
56309,88550,5119,144859,61428,93669,0
38403,89056,33499,127459,71902,122555,0
62634,80283,55661,142917,118295,135944,1
55085,70859,50726,125944,105811,121585,1
5819,52337,90419,58156,96238,142756,0
48323,9096,79208,57419,127531,88304,0
24466,4772,56946,29238,81412,61718,0
43452,39210,50962,82662,94414,90172,1
6056,53027,4840,59083,10896,57867,0
3553,43582,64015,47135,67568,107597,0
9061,60939,18308,70000,27369,79247,0
70255,26602,15942,96857,86197,42544,0
91168,15554,87331,106722,178499,102885,1
56813,67547,64173,124360,120986,131720,1
8322,37362,22311,45684,30633,59673,0
82819,40882,5816,123701,88635,46698,0
17473,56605,52954,74078,70427,109559,1
48015,83418,59762,131433,107777,143180,1
34180,8923,6104,43103,40284,15027,0
59762,44942,797,104704,60559,45739,0
59066,47341,20352,106407,79418,67693,1
97974,79099,3586,177073,101560,82685,0
84379,54959,12781,139338,97160,67740,0
20873,45030,13109,65903,33982,58139,0
87283,4398,90942,91681,178225,95340,1
6205,79774,62291,85979,68496,142065,0
22795,13060,79014,35855,101809,92074,0
6899,73714,5779,80613,12678,79493,0
3255,52782,37878,56037,41133,90660,0
41274,81591,74841,122865,116115,156432,1
84296,34403,73983,118699,158279,108386,1
26223,675,1596,26898,27819,2271,0
57951,78920,1733,136871,59684,80653,0
65288,68884,7486,134172,72774,76370,1
55627,69381,71804,125008,127431,141185,1
94331,87700,14208,182031,108539,101908,1
63502,4833,27291,68335,90793,32124,0
34116,24153,56791,58269,90907,80944,1
70131,88019,62137,158150,132268,150156,1
2899,1091,58523,3990,61422,59614,0
31915,77468,58235,109383,90150,135703,1
40805,32159,35645,72964,76450,67804,1
28332,85967,2631,114299,30963,88598,0
66602,33277,30139,99879,96741,63416,0
34759,91189,75607,125948,110366,166796,1
2026,18931,95858,20957,97884,114789,0
47798,12978,34895,60776,82693,47873,1
71056,170,38191,71226,109247,38361,0
21812,66510,70207,88322,92019,136717,1
11049,51012,88432,62061,99481,139444,0
54724,73249,8835,127973,63559,82084,0
42478,50418,82040,92896,124518,132458,1
39355,6797,70775,46152,110130,77572,0
33742,98820,55305,132562,89047,154125,0
25500,56647,81537,82147,107037,138184,1
8140,30470,90680,38610,98820,121150,0
65765,18688,4922,84453,70687,23610,0
67554,67979,47044,135533,114598,115023,1
68880,92651,42964,161531,111844,135615,1
37329,21824,68282,59153,105611,90106,0
63811,20448,40552,84259,104363,61000,0
56214,7080,97342,63294,153556,104422,0
46342,93807,55273,140149,101615,149080,1
60630,30404,23530,91034,84160,53934,0
77324,96242,314,173566,77638,96556,0
16839,38509,42345,55348,59184,80854,1
86145,48087,38536,134232,124681,86623,1
9440,95992,39985,105432,49425,135977,0
8818,43429,67738,52247,76556,111167,0
91158,71252,2217,162410,93375,73469,0
98584,83880,14214,182464,112798,98094,0
99151,78548,22378,177699,121529,100926,1
45447,16796,65400,62243,110847,82196,0
6127,13989,18937,20116,25064,32926,1
50427,65764,15575,116191,66002,81339,1
30801,57867,43562,88668,74363,101429,1
1371,53672,35557,55043,36928,89229,0
16350,28311,49495,44661,65845,77806,0
84065,96998,67784,181063,151849,164782,1
82948,90276,74840,173224,157788,165116,1
17715,50693,9810,68408,27525,60503,0
86697,75063,17785,161760,104482,92848,1
25763,45672,84762,71435,110525,130434,0
44613,15818,12493,60431,57106,28311,0
28325,96317,81761,124642,110086,178078,1
31779,77421,81851,109200,113630,159272,1
70246,44179,53344,114425,123590,97523,1
16748,31017,77141,47765,93889,108158,0
22429,78823,94437,101252,116866,173260,1
44041,21951,99002,65992,143043,120953,0
47380,62834,75433,110214,122813,138267,1
27669,93251,73305,120920,100974,166556,1
56974,64524,97065,121498,154039,161589,1
79602,44592,49449,124194,129051,94041,1
76425,35167,46968,111592,123393,82135,1
86480,34577,58937,121057,145417,93514,1
17523,96240,95336,113763,112859,191576,1
78266,63281,22251,141547,100517,85532,1
68426,7411,95223,75837,163649,102634,0
61895,27503,25163,89398,87058,52666,0
1696,19950,21636,21646,23332,41586,1
83084,73171,8176,156255,91260,81347,0
55379,17149,4317,72528,59696,21466,0
75560,99561,19490,175121,95050,119051,0
48764,82972,86579,131736,135343,169551,1
39767,55587,17948,95354,57715,73535,1
1861,9586,83459,11447,85320,93045,0
43463,44861,48896,88324,92359,93757,1
82916,13961,18345,96877,101261,32306,0
35483,58944,74475,94427,109958,133419,1
16114,23641,92958,39755,109072,116599,0
52545,44273,91017,96818,143562,135290,1
12819,55651,78733,68470,91552,134384,0
25189,93666,8904,118855,34093,102570,0
52118,19959,5172,72077,57290,25131,0
63843,33613,52051,97456,115894,85664,1
85128,70308,61945,155436,147073,132253,1
48969,4734,89026,53703,137995,93760,0
33977,99322,44812,133299,78789,144134,0
83479,94657,91369,178136,174848,186026,1
68385,69606,58538,137991,126923,128144,1
15912,80416,25408,96328,41320,105824,0
78001,45382,36957,123383,114958,82339,1
42084,9268,4750,51352,46834,14018,0
6500,9288,33653,15788,40153,42941,0
1233,61624,41570,62857,42803,103194,0
39924,25852,68494,65776,108418,94346,0
75875,28008,69182,103883,145057,97190,1
56346,97597,17150,153943,73496,114747,0
45815,34665,86812,80480,132627,121477,0
73178,50290,28593,123468,101771,78883,1
22215,27118,48387,49333,70602,75505,1
28580,27599,37286,56179,65866,64885,1
11190,50287,7226,61477,18416,57513,0
95483,83034,92802,178517,188285,175836,1
87676,83691,29003,171367,116679,112694,1
60401,8434,40935,68835,101336,49369,0
94986,16781,76787,111767,171773,93568,0
58535,40809,14957,99344,73492,55766,0
33938,50476,11616,84414,45554,62092,0
73720,28213,11078,101933,84798,39291,0
37585,50445,2849,88030,40434,53294,0
9237,88951,12595,98188,21832,101546,0
10973,966,84959,11939,95932,85925,0
58888,63459,79440,122347,138328,142899,1
49910,9587,13628,59497,63538,23215,0
94997,11357,17152,106354,112149,28509,0
42833,27264,59730,70097,102563,86994,1
87542,74502,90330,162044,177872,164832,1
51597,22263,32490,73860,84087,54753,1
48977,95686,49323,144663,98300,145009,1
23899,70288,27050,94187,50949,97338,0
8085,39288,32022,47373,40107,71310,1
35049,87572,57007,122621,92056,144579,1
24105,25119,38411,49224,62516,63530,1
38448,89151,99734,127599,138182,188885,1
46403,38581,77544,84984,123947,116125,1
33124,62658,8351,95782,41475,71009,0
32716,68321,61767,101037,94483,130088,1
33241,94998,94027,128239,127268,189025,1
45068,7741,61017,52809,106085,68758,0
27116,92224,64933,119340,92049,157157,0
10594,67875,95933,78469,106527,163808,0
60624,9921,50969,70545,111593,60890,1
24864,49951,14077,74815,38941,64028,0
38214,55959,62222,94173,100436,118181,1
49161,36554,93330,85715,142491,129884,0
9581,33589,95644,43170,105225,129233,0
29652,15767,84816,45419,114468,100583,0
91506,22486,10876,113992,102382,33362,0
37657,93887,12395,131544,50052,106282,0
35457,77141,91626,112598,127083,168767,1
18521,97687,21161,116208,39682,118848,0
5976,81958,22927,87934,28903,104885,0
51312,9609,61903,60921,113215,71512,0
78324,80197,56638,158521,134962,136835,1
75133,31223,9825,106356,84958,41048,0
68449,98509,22929,166958,91378,121438,0
51554,74042,55320,125596,106874,129362,1
30377,77647,24687,108024,55064,102334,0
86969,29669,68894,116638,155863,98563,1
8940,36072,86091,45012,95031,122163,0
93946,23928,68571,117874,162517,92499,0
86938,41174,45037,128112,131975,86211,0
56873,58233,42621,115106,99494,100854,1
92824,31198,42258,124022,135082,73456,0
53218,76392,90033,129610,143251,166425,1
99770,46122,84550,145892,184320,130672,1
80678,66901,34819,147579,115497,101720,1
68036,66172,72876,134208,140912,139048,1
75298,72850,85105,148148,160403,157955,1
70801,98131,43677,168932,114478,141808,1
59982,98758,56807,158740,116789,155565,1
62368,28173,25263,90541,87631,53436,0
973,27012,28234,27985,29207,55246,0
29963,11747,85864,41710,115827,97611,0
11804,45931,40930,57735,52734,86861,1
2616,39779,34422,42395,37038,74201,0
74722,53585,92177,128307,166899,145762,1
93375,73857,95681,167232,189056,169538,1
80229,61038,50574,141267,130803,111612,1
60107,7092,5658,67199,65765,12750,0
46692,693,48489,47385,95181,49182,0
12929,58826,7006,71755,19935,65832,0
35126,44984,87315,80110,122441,132299,0
15653,13146,68571,28799,84224,81717,0
10407,24223,45813,34630,56220,70036,0
27772,52890,87600,80662,115372,140490,0
2329,62142,60895,64471,63224,123037,1
89330,94606,85266,183936,174596,179872,1
68714,96342,36092,165056,104806,132434,1
27286,4269,91713,31555,118999,95982,0
35971,96454,78910,132425,114881,175364,1
279,79519,73998,79798,74277,153517,0
44376,67863,70021,112239,114397,137884,1
11101,35230,4979,46331,16080,40209,0
1416,6713,42455,8129,43871,49168,0
88975,40642,8962,129617,97937,49604,0
15529,21440,30876,36969,46405,52316,1
92810,81555,47600,174365,140410,129155,1
68884,20204,39045,89088,107929,59249,0
76056,29958,23094,106014,99150,53052,0
62589,30543,82968,93132,145557,113511,1
59787,95002,25729,154789,85516,120731,0
56508,7793,32682,64301,89190,40475,0
23712,96058,49377,119770,73089,145435,0
6200,53522,56483,59722,62683,110005,1
56454,7972,66824,64426,123278,74796,0
63227,85174,38352,148401,101579,123526,1
90077,18584,185,108661,90262,18769,0
82319,9990,34897,92309,117216,44887,0
75160,70024,98080,145184,173240,168104,1
30453,22764,11948,53217,42401,34712,1
8912,21957,91564,30869,100476,113521,0
61324,79458,45774,140782,107098,125232,1
81228,7228,55598,88456,136826,62826,0
65710,70387,80479,136097,146189,150866,1
48506,6572,24427,55078,72933,30999,0
17762,99854,55355,117616,73117,155209,0
28583,18947,52736,47530,81319,71683,0
40791,46863,77488,87654,118279,124351,1
8964,25632,59803,34596,68767,85435,0
71536,85861,91766,157397,163302,177627,1
7037,73913,49892,80950,56929,123805,0
640,47040,64434,47680,65074,111474,0
16044,23534,949,39578,16993,24483,0
529,94269,42588,94798,43117,136857,0
36957,40255,52206,77212,89163,92461,1
21609,71760,7975,93369,29584,79735,0
89701,97822,20114,187523,109815,117936,1
34518,1559,58182,36077,92700,59741,0
68723,51193,65722,119916,134445,116915,1
8661,62069,5198,70730,13859,67267,0
58648,25486,9455,84134,68103,34941,0
69161,24915,17248,94076,86409,42163,0
1534,80864,13057,82398,14591,93921,0
75902,14715,59767,90617,135669,74482,0
91164,13164,6263,104328,97427,19427,0
35001,97688,63394,132689,98395,161082,1
91209,52119,72527,143328,163736,124646,1
19710,34380,68554,54090,88264,102934,0
87373,94166,14807,181539,102180,108973,1
14574,35005,42564,49579,57138,77569,1
68175,7093,15266,75268,83441,22359,0
28619,91403,60652,120022,89271,152055,0
33532,72765,26017,106297,59549,98782,0
41725,76843,15183,118568,56908,92026,0
30448,49323,46142,79771,76590,95465,1
48198,41645,98058,89843,146256,139703,0
3840,69967,45792,73807,49632,115759,0
63937,95951,89143,159888,153080,185094,1
18135,9693,45944,27828,64079,55637,0
10878,949,5764,11827,16642,6713,0
30777,42925,85956,73702,116733,128881,0
22561,40380,55389,62941,77950,95769,1
55470,57592,14378,113062,69848,71970,1
16989,89479,25279,106468,42268,114758,0
48587,59297,77047,107884,125634,136344,1
2136,62997,81501,65133,83637,144498,0
51264,9960,73095,61224,124359,83055,0
68899,34818,67731,103717,136630,102549,1
3968,88196,19770,92164,23738,107966,0
15014,66461,73550,81475,88564,140011,1
80406,78346,32285,158752,112691,110631,1
9800,54441,21234,64241,31034,75675,0
29407,52955,50520,82362,79927,103475,1
51990,44571,98374,96561,150364,142945,0
42073,38558,60767,80631,102840,99325,1
30802,74219,9927,105021,40729,84146,0
65197,84690,49958,149887,115155,134648,1
33393,38182,38364,71575,71757,76546,1
62120,11188,57285,73308,119405,68473,1
97057,20785,23320,117842,120377,44105,0
27044,87182,13611,114226,40655,100793,0
49297,96882,6517,146179,55814,103399,0
91384,87091,65367,178475,156751,152458,1
82192,54843,23202,137035,105394,78045,0
40418,28276,53174,68694,93592,81450,1
83928,76178,10417,160106,94345,86595,1
56783,2274,21978,59057,78761,24252,0
37324,74262,45071,111586,82395,119333,1
2640,19882,17270,22522,19910,37152,1
17364,50381,42962,67745,60326,93343,1
61517,60854,94017,122371,155534,154871,1
19817,4621,1956,24438,21773,6577,0
55589,69217,21037,124806,76626,90254,1
84721,88541,84161,173262,168882,172702,1
98346,37160,2238,135506,100584,39398,0
31647,7609,38629,39256,70276,46238,1
53781,57534,679,111315,54460,58213,0
86901,4314,65053,91215,151954,69367,0
80469,17153,82403,97622,162872,99556,1
17788,86375,67938,104163,85726,154313,0
43631,99722,70377,143353,114008,170099,1
70010,95819,7418,165829,77428,103237,0
46795,24326,87964,71121,134759,112290,0
18248,10187,82334,28435,100582,92521,0
86464,31597,84148,118061,170612,115745,1
32933,83333,9314,116266,42247,92647,0
28154,80635,71492,108789,99646,152127,1
66161,20179,29847,86340,96008,50026,0
29896,43664,10758,73560,40654,54422,0
87313,36793,37,124106,87350,36830,0
70202,79722,13217,149924,83419,92939,1
10312,37547,91878,47859,102190,129425,0
10072,53990,59839,64062,69911,113829,1
4559,71301,32089,75860,36648,103390,0
69138,376,25507,69514,94645,25883,0
58327,93350,41982,151677,100309,135332,1
49783,39728,82493,89511,132276,122221,1
29660,29921,98555,59581,128215,128476,0
97034,99505,86426,196539,183460,185931,1
10543,51643,9526,62186,20069,61169,0
6585,49198,29757,55783,36342,78955,0
65347,81604,96728,146951,162075,178332,1
76408,55380,84371,131788,160779,139751,1
40018,29593,76252,69611,116270,105845,0
85331,28604,73049,113935,158380,101653,1
67079,80841,15572,147920,82651,96413,1
98652,97494,12320,196146,110972,109814,1
67103,81653,79001,148756,146104,160654,1
77867,38831,89367,116698,167234,128198,1
59104,77683,30475,136787,89579,108158,1
64265,1645,44009,65910,108274,45654,0
38098,13890,75869,51988,113967,89759,0
70932,85750,48531,156682,119463,134281,1
9116,11066,86345,20182,95461,97411,0
19791,84506,43892,104297,63683,128398,0
75156,97839,6644,172995,81800,104483,0
71052,72627,12984,143679,84036,85611,1
9464,65349,38101,74813,47565,103450,0
49914,24563,29786,74477,79700,54349,1
8343,14570,90575,22913,98918,105145,0
33279,88456,98231,121735,131510,186687,1
61202,48815,96973,110017,158175,145788,1
23719,3739,93795,27458,117514,97534,0
46666,4455,48538,51121,95204,52993,1
5709,90977,95508,96686,101217,186485,1
40754,7674,31097,48428,71851,38771,0
87773,1306,86480,89079,174253,87786,1
33616,78812,64761,112428,98377,143573,1
61845,72610,11974,134455,73819,84584,1
69932,4559,22372,74491,92304,26931,0
23150,26738,27518,49888,50668,54256,1
94089,88575,88340,182664,182429,176915,1
32500,9881,37045,42381,69545,46926,1
96129,70243,35451,166372,131580,105694,1
28498,45057,13303,73555,41801,58360,0
37140,96913,73186,134053,110326,170099,1
90429,62778,11720,153207,102149,74498,0
78401,87258,2778,165659,81179,90036,0
72208,58357,52886,130565,125094,111243,1
99778,36113,45554,135891,145332,81667,0
61897,66385,36470,128282,98367,102855,1
89683,95332,26623,185015,116306,121955,1
61032,95925,18966,156957,79998,114891,0
36919,78883,87948,115802,124867,166831,1
42475,12391,981,54866,43456,13372,0
12374,33126,42200,45500,54574,75326,1
90038,37469,74568,127507,164606,112037,1
51744,69552,47952,121296,99696,117504,1
66715,73897,68502,140612,135217,142399,1
82896,6914,7267,89810,90163,14181,0
59848,60847,4803,120695,64651,65650,1
93754,69319,56114,163073,149868,125433,1
30248,86549,10091,116797,40339,96640,0
94955,37243,72083,132198,167038,109326,1
39937,33969,69050,73906,108987,103019,1
70576,35441,68739,106017,139315,104180,1
46533,33453,34331,79986,80864,67784,1
34209,36508,21138,70717,55347,57646,1
84923,86667,22048,171590,106971,108715,1
89753,8205,73640,97958,163393,81845,0
161,35077,43541,35238,43702,78618,0
68777,85901,98116,154678,166893,184017,1
66905,34286,65071,101191,131976,99357,1
5036,77892,34490,82928,39526,112382,0
73253,29604,73804,102857,147057,103408,1
11706,77529,48828,89235,60534,126357,0
43893,39133,7828,83026,51721,46961,1
28647,83948,24024,112595,52671,107972,0
58476,57636,85588,116112,144064,143224,1
24878,63342,62230,88220,87108,125572,1
39438,39969,41483,79407,80921,81452,1
80908,29970,64831,110878,145739,94801,1
23617,83819,92995,107436,116612,176814,1
20435,959,82181,21394,102616,83140,0
15400,49677,66128,65077,81528,115805,0
91267,24627,30197,115894,121464,54824,0
52701,91763,46758,144464,99459,138521,1
32304,29336,38017,61640,70321,67353,1
74911,36498,82270,111409,157181,118768,1
14583,37585,54228,52168,68811,91813,0
99792,27061,5122,126853,104914,32183,0
84595,30123,39214,114718,123809,69337,0
13636,37908,46536,51544,60172,84444,1
72923,8529,12745,81452,85668,21274,0
13564,50122,59921,63686,73485,110043,1
59057,79753,68756,138810,127813,148509,1
64983,76726,26020,141709,91003,102746,1
69074,45172,73242,114246,142316,118414,1
70196,9046,38908,79242,109104,47954,0
64178,91796,10195,155974,74373,101991,0
25013,49975,69909,74988,94922,119884,1
31192,32731,7385,63923,38577,40116,1
48130,19060,87675,67190,135805,106735,0
45454,79994,74805,125448,120259,154799,1
32922,24723,84820,57645,117742,109543,0
18859,46835,27607,65694,46466,74442,0
80232,52574,15467,132806,95699,68041,0
11495,79127,66727,90622,78222,145854,0
49099,82307,35865,131406,84964,118172,1
22014,10787,67646,32801,89660,78433,0
75537,37544,96610,113081,172147,134154,1
82293,4960,35613,87253,117906,40573,0
90595,75481,49065,166076,139660,124546,1
64924,45984,71077,110908,136001,117061,1
83552,72887,32648,156439,116200,105535,1
2405,35275,56437,37680,58842,91712,0
44588,8756,98626,53344,143214,107382,0
25510,20361,21492,45871,47002,41853,1
49906,90433,66358,140339,116264,156791,1
80858,50971,62353,131829,143211,113324,1
32378,66097,30463,98475,62841,96560,0
88702,60854,3728,149556,92430,64582,0
48258,89207,80010,137465,128268,169217,1
37466,59952,84746,97418,122212,144698,1
1500,36656,64054,38156,65554,100710,0
51356,25760,35533,77116,86889,61293,1
77175,70458,21732,147633,98907,92190,1
33237,37829,96480,71066,129717,134309,0
6560,73013,63612,79573,70172,136625,0
96558,96564,31423,193122,127981,127987,1
51189,186,23268,51375,74457,23454,0
8854,61386,95703,70240,104557,157089,0
94734,54750,95149,149484,189883,149899,1
95446,69144,16030,164590,111476,85174,0
15023,30759,32315,45782,47338,63074,1
45309,91036,14492,136345,59801,105528,0
16441,76524,61467,92965,77908,137991,1
9705,95927,65544,105632,75249,161471,0
28523,92034,3479,120557,32002,95513,0
54686,93806,45381,148492,100067,139187,1
3068,59344,39559,62412,42627,98903,0
84963,79271,44704,164234,129667,123975,1
1917,30456,28312,32373,30229,58768,0
2751,72870,57756,75621,60507,130626,0
38240,79573,39125,117813,77365,118698,0
67349,41948,61300,109297,128649,103248,1
24782,1044,2429,25826,27211,3473,0
58051,78700,67939,136751,125990,146639,1
30824,41485,93814,72309,124638,135299,0
10091,84231,56343,94322,66434,140574,0
75926,54765,94232,130691,170158,148997,1
54320,79220,77201,133540,131521,156421,1
7580,95218,54330,102798,61910,149548,0
34429,65019,46249,99448,80678,111268,1
7851,72373,41874,80224,49725,114247,0
27187,69410,60325,96597,87512,129735,1
41666,95339,55282,137005,96948,150621,1
37090,5614,21671,42704,58761,27285,0
88819,24225,31618,113044,120437,55843,0
77401,10126,93040,87527,170441,103166,0
44691,66034,26704,110725,71395,92738,1
14623,49664,25347,64287,39970,75011,0
11549,22265,98179,33814,109728,120444,0
66665,51727,37018,118392,103683,88745,1
85926,81940,63085,167866,149011,145025,1
39879,32315,91029,72194,130908,123344,0
6807,20832,70195,27639,77002,91027,0
90435,405,46488,90840,136923,46893,0
82526,20945,46403,103471,128929,67348,0
64896,12201,23636,77097,88532,35837,0
40162,60397,30600,100559,70762,90997,1
63396,70645,63846,134041,127242,134491,1
343,71311,24474,71654,24817,95785,0
99129,11555,94808,110684,193937,106363,1
55537,92062,44968,147599,100505,137030,1
47148,14920,90701,62068,137849,105621,0
13075,63324,75859,76399,88934,139183,1
80035,95124,78319,175159,158354,173443,1
22541,70330,17814,92871,40355,88144,0
83590,37938,5683,121528,89273,43621,0
43372,85781,20997,129153,64369,106778,0
22651,76483,39407,99134,62058,115890,0
28003,88369,10411,116372,38414,98780,0
70156,65405,754,135561,70910,66159,0
17737,8778,9498,26515,27235,18276,1
42163,17743,79395,59906,121558,97138,0
5636,81106,33636,86742,39272,114742,0
58908,89609,73959,148517,132867,163568,1
86259,40725,53742,126984,140001,94467,1
47105,38413,26058,85518,73163,64471,1
2223,31572,85658,33795,87881,117230,0
5242,39874,33199,45116,38441,73073,0
9083,75587,78381,84670,87464,153968,1
69607,2152,49232,71759,118839,51384,0
1299,99097,32446,100396,33745,131543,0
16853,31179,22808,48032,39661,53987,1
34348,66980,64844,101328,99192,131824,1
59117,47407,23615,106524,82732,71022,1
86567,34443,55527,121010,142094,89970,1
59409,57339,33770,116748,93179,91109,1
9268,50405,43557,59673,52825,93962,1
513,3174,22571,3687,23084,25745,0
36055,20385,3095,56440,39150,23480,0
95697,99188,9630,194885,105327,108818,1
88312,34238,62129,122550,150441,96367,1
68153,77553,94382,145706,162535,171935,1
54225,46433,34768,100658,88993,81201,1
49531,26368,72067,75899,121598,98435,1
45077,39712,84715,84789,129792,124427,1
39231,41478,49668,80709,88899,91146,1
70212,708,76006,70920,146218,76714,0
69831,1277,18605,71108,88436,19882,0
44289,21583,47602,65872,91891,69185,1
7350,45558,31963,52908,39313,77521,0
8375,11806,65403,20181,73778,77209,0
10111,35827,24525,45938,34636,60352,0
17881,55678,60865,73559,78746,116543,1
22041,73570,29872,95611,51913,103442,0
69951,76571,66153,146522,136104,142724,1
538,72447,11475,72985,12013,83922,0
31988,43206,23130,75194,55118,66336,1
57434,95455,72712,152889,130146,168167,1
27910,75992,44283,103902,72193,120275,0
33441,35888,56609,69329,90050,92497,1
65175,75168,58918,140343,124093,134086,1
29725,28615,2692,58340,32417,31307,1
64914,65044,54600,129958,119514,119644,1
13228,44160,66738,57388,79966,110898,0
19969,58344,57886,78313,77855,116230,1
97392,54970,44961,152362,142353,99931,1
23613,66142,89853,89755,113466,155995,0
84171,46177,73432,130348,157603,119609,1
26416,85998,39068,112414,65484,125066,0
4331,99327,105,103658,4436,99432,0
88409,13487,7904,101896,96313,21391,0
22028,40675,47148,62703,69176,87823,1
15756,6439,51515,22195,67271,57954,0
21332,47865,18135,69197,39467,66000,0
77523,81528,81225,159051,158748,162753,1
76896,25450,31123,102346,108019,56573,0
53809,72721,79237,126530,133046,151958,1
57561,17211,4584,74772,62145,21795,0
97920,15542,58615,113462,156535,74157,0
11620,25661,67175,37281,78795,92836,0
41573,8756,24246,50329,65819,33002,0
7701,53627,79063,61328,86764,132690,0
11579,61616,49622,73195,61201,111238,0
36029,18944,99281,54973,135310,118225,0
96352,67639,16786,163991,113138,84425,0
1250,84885,87668,86135,88918,172553,0
81862,81236,86404,163098,168266,167640,1
18064,52407,42731,70471,60795,95138,1
41168,11219,1037,52387,42205,12256,0
72049,75211,74637,147260,146686,149848,1
51223,57091,56993,108314,108216,114084,1
46623,18471,71132,65094,117755,89603,0
77951,51265,39461,129216,117412,90726,1
61063,16717,93658,77780,154721,110375,0
51953,54354,21040,106307,72993,75394,1
60250,12308,8010,72558,68260,20318,0
71493,9845,91823,81338,163316,101668,0
28055,61957,18341,90012,46396,80298,0
31239,20135,46697,51374,77936,66832,1
69901,3957,57607,73858,127508,61564,0
49549,96095,74296,145644,123845,170391,1
21055,46249,80731,67304,101786,126980,0
6583,82788,36764,89371,43347,119552,0
31163,24784,13168,55947,44331,37952,1
80212,77733,99266,157945,179478,176999,1
52110,13572,29051,65682,81161,42623,0
23470,99840,36902,123310,60372,136742,0
29073,83872,30310,112945,59383,114182,0
14057,46012,61990,60069,76047,108002,0
39033,86507,31361,125540,70394,117868,0
31463,48477,86621,79940,118084,135098,0
88583,29930,53327,118513,141910,83257,0
20273,14,51809,20287,72082,51823,0
11648,43940,8969,55588,20617,52909,0
35651,89787,98491,125438,134142,188278,1
65897,91930,63755,157827,129652,155685,1
29582,49266,77154,78848,106736,126420,1
82786,49476,86073,132262,168859,135549,1
12844,32250,82724,45094,95568,114974,0
67265,23274,95627,90539,162892,118901,0
63683,52801,52185,116484,115868,104986,1
71783,61096,22518,132879,94301,83614,1
41084,26857,23088,67941,64172,49945,1
6574,39404,97553,45978,104127,136957,0
86445,19280,55181,105725,141626,74461,0
57240,2710,9583,59950,66823,12293,0
82902,19965,13194,102867,96096,33159,0
33897,44878,41234,78775,75131,86112,1
24826,5941,81985,30767,106811,87926,0
8730,79721,5359,88451,14089,85080,0
17000,83298,72388,100298,89388,155686,1
92403,97487,39252,189890,131655,136739,1
53142,47463,95415,100605,148557,142878,1
8827,15579,6498,24406,15325,22077,0
53748,30918,42168,84666,95916,73086,1
17685,32884,47580,50569,65265,80464,1
44298,80513,32809,124811,77107,113322,0
67148,28095,32902,95243,100050,60997,0
38407,27286,27591,65693,65998,54877,1
5838,93131,69663,98969,75501,162794,0
13321,33465,27781,46786,41102,61246,1
60618,64978,97818,125596,158436,162796,1
21580,24667,15293,46247,36873,39960,1
86190,12645,33360,98835,119550,46005,0
93791,60522,17394,154313,111185,77916,0
33728,38743,93578,72471,127306,132321,0
89377,62581,91819,151958,181196,154400,1
58008,49683,31261,107691,89269,80944,1
45370,15336,74159,60706,119529,89495,0
45743,58190,75594,103933,121337,133784,1
1991,28248,37707,30239,39698,65955,0
26333,49499,31522,75832,57855,81021,1
78840,2907,96675,81747,175515,99582,0
630,72827,22674,73457,23304,95501,0
51849,20909,74545,72758,126394,95454,0
43745,36210,20782,79955,64527,56992,1
26042,84429,80424,110471,106466,164853,1
17927,18131,1576,36058,19503,19707,1
89939,54056,21915,143995,111854,75971,0
87812,77690,35020,165502,122832,112710,1
10858,67165,74555,78023,85413,141720,1
32763,86102,19307,118865,52070,105409,0
72278,7904,69760,80182,142038,77664,1
91913,65879,77067,157792,168980,142946,1
52670,29365,6007,82035,58677,35372,0
87165,73301,12181,160466,99346,85482,0
22349,25824,38232,48173,60581,64056,1
84030,8002,70848,92032,154878,78850,0
28813,25536,34374,54349,63187,59910,1
59332,64327,58371,123659,117703,122698,1
76700,16423,91101,93123,167801,107524,1
42177,42956,87476,85133,129653,130432,0
19184,30140,17217,49324,36401,47357,1
92442,15332,71572,107774,164014,86904,0
46477,78842,85796,125319,132273,164638,1
71658,52785,93976,124443,165634,146761,1
65832,46244,94397,112076,160229,140641,1
10791,92491,27180,103282,37971,119671,0
52478,36547,38659,89025,91137,75206,1
6382,14313,16173,20695,22555,30486,1
87844,19798,38400,107642,126244,58198,0
23672,56034,12879,79706,36551,68913,0
94330,60933,17246,155263,111576,78179,0
84146,9100,41039,93246,125185,50139,0
46314,22176,85834,68490,132148,108010,0
52282,71597,67000,123879,119282,138597,1
38340,36918,71934,75258,110274,108852,1
69011,79017,42379,148028,111390,121396,1
32962,68411,152,101373,33114,68563,0
10185,10680,19696,20865,29881,30376,1
20192,65825,16958,86017,37150,82783,0
99846,69761,48099,169607,147945,117860,1
55763,72880,12220,128643,67983,85100,0
27558,70963,55084,98521,82642,126047,1
52782,37922,10361,90704,63143,48283,0
44992,24329,83933,69321,128925,108262,0
54333,73992,7039,128325,61372,81031,0
95034,71335,27381,166369,122415,98716,1
90439,2526,21689,92965,112128,24215,0
88641,12315,13591,100956,102232,25906,0
95181,63316,26991,158497,122172,90307,0
88083,64592,16721,152675,104804,81313,0
15475,5121,3239,20596,18714,8360,0
34203,20024,63236,54227,97439,83260,0
37672,51500,62152,89172,99824,113652,1
25634,98981,16938,124615,42572,115919,0
6596,30361,91051,36957,97647,121412,0
18767,62995,28648,81762,47415,91643,0
82190,58283,94474,140473,176664,152757,1
76968,13771,633,90739,77601,14404,0
70390,59582,73207,129972,143597,132789,1
35246,79714,50943,114960,86189,130657,1
45847,54833,7694,100680,53541,62527,0
27671,60331,50462,88002,78133,110793,1
12494,85161,45193,97655,57687,130354,0
58178,73821,42341,131999,100519,116162,1
17510,20294,66272,37804,83782,86566,0
91323,21283,42603,112606,133926,63886,0
77152,88799,59331,165951,136483,148130,1
19223,99925,34509,119148,53732,134434,0
1755,48540,30885,50295,32640,79425,0
11755,47522,93648,59277,105403,141170,0
69733,24161,10777,93894,80510,34938,0
26890,84961,35614,111851,62504,120575,0
27748,42526,49778,70274,77526,92304,1
22864,44008,9489,66872,32353,53497,0
82002,55080,17197,137082,99199,72277,0
3018,82982,79696,86000,82714,162678,0
94407,14549,1613,108956,96020,16162,0
59607,72182,35709,131789,95316,107891,1
83009,48785,33293,131794,116302,82078,0
82835,99973,12422,182808,95257,112395,0
24211,48044,65606,72255,89817,113650,1
39087,59070,23878,98157,62965,82948,1
78809,17559,58040,96368,136849,75599,0
22894,83083,81077,105977,103971,164160,1
79753,98667,10502,178420,90255,109169,0
23740,31154,34748,54894,58488,65902,1
43796,46411,16038,90207,59834,62449,1
32433,62334,7145,94767,39578,69479,0
45545,61582,53696,107127,99241,115278,1
399,44794,1074,45193,1473,45868,0
98522,36807,99043,135329,197565,135850,1
19607,85723,3185,105330,22792,88908,0
17801,96672,77074,114473,94875,173746,0
34057,10638,14722,44695,48779,25360,0
54690,34197,2746,88887,57436,36943,0
86423,61668,34793,148091,121216,96461,1
44640,48884,375,93524,45015,49259,0
54434,70116,98061,124550,152495,168177,1
45160,37102,20485,82262,65645,57587,1
84980,33974,96260,118954,181240,130234,1
53022,64634,12898,117656,65920,77532,1
58733,43518,23845,102251,82578,67363,1
51202,92226,56688,143428,107890,148914,1
95383,3397,18902,98780,114285,22299,0
28548,8020,38389,36568,66937,46409,0
89759,87492,43619,177251,133378,131111,1
92259,90429,6486,182688,98745,96915,1
25220,7324,87933,32544,113153,95257,0
98231,20863,30403,119094,128634,51266,0
33324,63067,79302,96391,112626,142369,1
88887,28829,34464,117716,123351,63293,0
61137,2707,58963,63844,120100,61670,1
31019,93035,8598,124054,39617,101633,0
54361,50590,87165,104951,141526,137755,1
77892,83532,17979,161424,95871,101511,1
31490,71865,76069,103355,107559,147934,1
58523,25962,9233,84485,67756,35195,0
23060,9390,81336,32450,104396,90726,0
10666,83932,23035,94598,33701,106967,0
54306,7151,86956,61457,141262,94107,0
29,25591,60508,25620,60537,86099,0
8709,78525,86764,87234,95473,165289,1
46060,60997,25005,107057,71065,86002,1
57650,75970,11828,133620,69478,87798,0
60630,10419,11988,71049,72618,22407,0
35432,13512,72708,48944,108140,86220,0
13438,46574,91921,60012,105359,138495,0
84448,93827,55580,178275,140028,149407,1
28829,18052,11539,46881,40368,29591,1
35433,68385,31148,103818,66581,99533,0
58028,12811,8062,70839,66090,20873,0
83692,77969,67701,161661,151393,145670,1
60940,36064,18704,97004,79644,54768,0
27240,31883,18153,59123,45393,50036,1
68923,14678,36027,83601,104950,50705,0
60711,9066,40223,69777,100934,49289,0
22835,42292,1094,65127,23929,43386,0
51334,96148,39637,147482,90971,135785,0
95415,16770,71805,112185,167220,88575,0
69721,53231,92587,122952,162308,145818,1
32499,59611,55269,92110,87768,114880,1
17061,82955,90569,100016,107630,173524,1
87783,85314,46617,173097,134400,131931,1
8293,44814,27549,53107,35842,72363,0
44907,92097,18930,137004,63837,111027,0
23622,88059,29343,111681,52965,117402,0
56944,77226,76864,134170,133808,154090,1
67602,73254,66426,140856,134028,139680,1
6596,38155,60979,44751,67575,99134,0
49163,86263,56838,135426,106001,143101,1
72585,32400,97646,104985,170231,130046,1
76336,74577,84139,150913,160475,158716,1
47253,2571,21494,49824,68747,24065,0
59088,2239,16006,61327,75094,18245,0
89606,94327,56129,183933,145735,150456,1
97426,3472,23187,100898,120613,26659,0
134,24117,12786,24251,12920,36903,0
31973,67071,27879,99044,59852,94950,0
66108,15642,27041,81750,93149,42683,0
10778,17312,73429,28090,84207,90741,0
64280,23389,15257,87669,79537,38646,0
38296,93290,2454,131586,40750,95744,0
61193,17895,20892,79088,82085,38787,0
83957,59647,17175,143604,101132,76822,0
44018,75914,98196,119932,142214,174110,1
51952,16093,30963,68045,82915,47056,0
48278,8691,3352,56969,51630,12043,0
22334,42946,41222,65280,63556,84168,1
65664,31261,10084,96925,75748,41345,0
75084,62321,52303,137405,127387,114624,1
22618,76868,89070,99486,111688,165938,1
61614,3696,62299,65310,123913,65995,1
66392,25801,54997,92193,121389,80798,1
92557,38304,92441,130861,184998,130745,1
45748,59314,50156,105062,95904,109470,1
45813,75287,34650,121100,80463,109937,1
2194,72925,45845,75119,48039,118770,0
69780,83396,15674,153176,85454,99070,1
61053,15653,11040,76706,72093,26693,0
73387,63770,57177,137157,130564,120947,1
55930,47427,44669,103357,100599,92096,1
55371,34349,49560,89720,104931,83909,1
30638,63099,62076,93737,92714,125175,1
33978,76147,34183,110125,68161,110330,0
23277,56486,22650,79763,45927,79136,0
9935,70772,71643,80707,81578,142415,1
4649,91380,49092,96029,53741,140472,0
34635,67370,87735,102005,122370,155105,1
96032,19664,68078,115696,164110,87742,0
83478,33989,40451,117467,123929,74440,0
4087,62963,42488,67050,46575,105451,0
14212,20904,80045,35116,94257,100949,0
25474,79526,80523,105000,105997,160049,1
98880,74167,36179,173047,135059,110346,1
73640,61688,61429,135328,135069,123117,1
68146,75453,53580,143599,121726,129033,1
92119,20932,70183,113051,162302,91115,0
36697,20342,31841,57039,68538,52183,1
13038,88451,16910,101489,29948,105361,0
21622,37476,87789,59098,109411,125265,0
64009,37405,86557,101414,150566,123962,1
41455,77176,16894,118631,58349,94070,0
98443,23695,41373,122138,139816,65068,0
64598,72847,53058,137445,117656,125905,1
53454,30509,28411,83963,81865,58920,1
77288,67122,75368,144410,152656,142490,1
70525,22233,32617,92758,103142,54850,0
36364,40348,76026,76712,112390,116374,1
64206,30958,15598,95164,79804,46556,0
8026,68139,88100,76165,96126,156239,0
79385,76742,13026,156127,92411,89768,1
81575,41319,26573,122894,108148,67892,0
50304,92747,30628,143051,80932,123375,0
739,836,74145,1575,74884,74981,0
76534,70810,56963,147344,133497,127773,1
28312,9452,74094,37764,102406,83546,0
56461,61510,42496,117971,98957,104006,1
96994,90571,86984,187565,183978,177555,1
76512,31826,50310,108338,126822,82136,1
43742,78387,71673,122129,115415,150060,1
26437,16659,44296,43096,70733,60955,0
53596,25368,17726,78964,71322,43094,0
75468,8384,90948,83852,166416,99332,0
16672,17726,50952,34398,67624,68678,0
39694,29359,71877,69053,111571,101236,0
2332,22184,4419,24516,6751,26603,0
33190,42396,97595,75586,130785,139991,0
11491,68952,25960,80443,37451,94912,0
47691,73492,96798,121183,144489,170290,1
99642,80194,41469,179836,141111,121663,1
32412,13238,80437,45650,112849,93675,0
82997,91433,68908,174430,151905,160341,1
88070,32269,71294,120339,159364,103563,1
81282,95252,4355,176534,85637,99607,0
21492,79227,29658,100719,51150,108885,0
90966,56573,32581,147539,123547,89154,0
21223,28599,92456,49822,113679,121055,0
97109,39138,19105,136247,116214,58243,0
49785,19383,76511,69168,126296,95894,0
23547,13110,35081,36657,58628,48191,1
39392,39497,26448,78889,65840,65945,1
86252,74912,96423,161164,182675,171335,1
65496,64397,37698,129893,103194,102095,1
63888,4402,45892,68290,109780,50294,0
51778,49004,12449,100782,64227,61453,1
81552,16208,10414,97760,91966,26622,0
15246,18539,55727,33785,70973,74266,0
20442,50062,24277,70504,44719,74339,0
785,61072,65639,61857,66424,126711,0
73256,30247,77030,103503,150286,107277,1
36674,93399,33855,130073,70529,127254,0
7627,80049,19108,87676,26735,99157,0
15543,58856,20582,74399,36125,79438,0
80030,69858,84896,149888,164926,154754,1
57517,93356,63604,150873,121121,156960,1
63211,88506,14123,151717,77334,102629,0
25974,18089,87541,44063,113515,105630,0
36237,17065,40463,53302,76700,57528,1
52393,81932,57105,134325,109498,139037,1
37747,48954,45095,86701,82842,94049,1
3987,23329,65881,27316,69868,89210,0
61434,15742,59316,77176,120750,75058,1
85877,6048,88552,91925,174429,94600,1
23649,55370,67155,79019,90804,122525,1
94912,18675,6341,113587,101253,25016,0
41153,79428,55546,120581,96699,134974,1
90350,27776,92375,118126,182725,120151,1
99981,3318,3446,103299,103427,6764,0
14363,58688,13272,73051,27635,71960,0
29014,19028,25734,48042,54748,44762,1
72352,99633,35880,171985,108232,135513,1
48502,13939,21322,62441,69824,35261,0
81283,84225,68698,165508,149981,152923,1
75493,2475,36126,77968,111619,38601,0
64326,12937,27687,77263,92013,40624,0
22850,79483,40177,102333,63027,119660,0
49488,6327,49844,55815,99332,56171,1
91083,74830,28353,165913,119436,103183,1
54433,75936,36591,130369,91024,112527,1
61249,7653,99468,68902,160717,107121,0
93999,67522,54124,161521,148123,121646,1
71693,8666,44868,80359,116561,53534,0
67995,31886,81651,99881,149646,113537,1
7697,95964,33505,103661,41202,129469,0
9925,13513,69716,23438,79641,83229,0
53418,34925,74825,88343,128243,109750,1
19359,43185,85128,62544,104487,128313,0
69432,78415,80289,147847,149721,158704,1
6349,97491,2097,103840,8446,99588,0
50228,73554,85650,123782,135878,159204,1
6578,25220,7212,31798,13790,32432,0
4971,6091,69452,11062,74423,75543,0
36129,78532,53871,114661,90000,132403,1
30148,25030,40559,55178,70707,65589,1
26758,2318,13359,29076,40117,15677,0
62643,52967,51933,115610,114576,104900,1
70270,16299,37947,86569,108217,54246,0
6832,88824,68434,95656,75266,157258,0
33653,68165,74568,101818,108221,142733,1
32404,85544,45634,117948,78038,131178,0
86663,24098,50948,110761,137611,75046,0
11450,48167,31887,59617,43337,80054,0
68902,78799,83056,147701,151958,161855,1
57621,393,99005,58014,156626,99398,0
51302,42062,95556,93364,146858,137618,0
70078,74541,42369,144619,112447,116910,1
58582,98384,54161,156966,112743,152545,1
57342,57304,56895,114646,114237,114199,1
36360,40063,92294,76423,128654,132357,0
58435,68445,51756,126880,110191,120201,1
98587,58560,10343,157147,108930,68903,0
23291,20075,82437,43366,105728,102512,0
57025,99023,91494,156048,148519,190517,1
47518,31101,52638,78619,100156,83739,1
32192,56767,20745,88959,52937,77512,0
63575,99123,50200,162698,113775,149323,1
97362,70751,61700,168113,159062,132451,1
37020,29654,25008,66674,62028,54662,1
10075,41533,90874,51608,100949,132407,0
31786,72342,36369,104128,68155,108711,0
29380,47875,82421,77255,111801,130296,0
82447,71933,45884,154380,128331,117817,1
69179,18484,98220,87663,167399,116704,0
59625,90495,14350,150120,73975,104845,0
12992,87571,70668,100563,83660,158239,0
30662,25285,50725,55947,81387,76010,1
49701,37875,34273,87576,83974,72148,1
51189,42314,61978,93503,113167,104292,1
99793,80905,678,180698,100471,81583,0
92488,49484,24414,141972,116902,73898,0
11693,44331,30696,56024,42389,75027,0
83330,41440,67224,124770,150554,108664,1
73452,44293,56194,117745,129646,100487,1
3828,88722,39183,92550,43011,127905,0
28996,98398,25603,127394,54599,124001,0
87872,21493,1877,109365,89749,23370,0
37634,15477,1492,53111,39126,16969,0
83694,1840,97765,85534,181459,99605,0
55578,66062,97313,121640,152891,163375,1
85820,84804,86133,170624,171953,170937,1
98482,72102,36321,170584,134803,108423,1
28664,59195,57708,87859,86372,116903,1
43985,61693,97969,105678,141954,159662,1
470,64648,22202,65118,22672,86850,0
76354,28062,45317,104416,121671,73379,0
17079,44028,25895,61107,42974,69923,0
40589,90603,64255,131192,104844,154858,1
36143,24087,43136,60230,79279,67223,1
72691,44065,41226,116756,113917,85291,1
39736,85719,56627,125455,96363,142346,1
36257,16115,51124,52372,87381,67239,1
81470,93725,7900,175195,89370,101625,0
99886,45536,7101,145422,106987,52637,0
62976,44679,39035,107655,102011,83714,1
81628,96620,98975,178248,180603,195595,1
83474,18025,90517,101499,173991,108542,1
19732,80861,36737,100593,56469,117598,0
6191,54501,26064,60692,32255,80565,0
8170,44920,61196,53090,69366,106116,0
60661,94167,3175,154828,63836,97342,0
13097,81459,30028,94556,43125,111487,0
31429,97038,28942,128467,60371,125980,0
71716,33448,75053,105164,146769,108501,1
92601,62372,59687,154973,152288,122059,1
39513,66707,3349,106220,42862,70056,0
14793,26043,19833,40836,34626,45876,1
14349,56413,58421,70762,72770,114834,1
961,38417,72508,39378,73469,110925,0
92352,63982,17328,156334,109680,81310,0
67531,24987,94848,92518,162379,119835,0
73373,30063,24767,103436,98140,54830,0
5457,14972,76744,20429,82201,91716,0
87514,87361,44488,174875,132002,131849,1
17327,5369,22234,22696,39561,27603,1
73425,96200,75909,169625,149334,172109,1
348,74687,89589,75035,89937,164276,0
59806,50962,71267,110768,131073,122229,1
58097,54796,56395,112893,114492,111191,1
35971,92954,85619,128925,121590,178573,1
76715,36435,90205,113150,166920,126640,1
1772,55235,43623,57007,45395,98858,0
90524,99470,20453,189994,110977,119923,1
80533,87925,61176,168458,141709,149101,1
45805,66489,10602,112294,56407,77091,0
25347,43799,25463,69146,50810,69262,1
31797,10840,47647,42637,79444,58487,0
41718,79719,75133,121437,116851,154852,1
8402,24219,79447,32621,87849,103666,0
74069,74240,80913,148309,154982,155153,1
55703,25777,26091,81480,81794,51868,0
7769,90809,27628,98578,35397,118437,0
13575,1890,189,15465,13764,2079,0
48896,14667,8362,63563,57258,23029,0
26562,74452,78098,101014,104660,152550,1
77559,75762,9731,153321,87290,85493,1
32056,22007,53656,54063,85712,75663,1
11541,49759,1729,61300,13270,51488,0
45281,57924,36223,103205,81504,94147,1
5580,47851,58988,53431,64568,106839,0
51163,23194,39495,74357,90658,62689,1
15297,6755,9702,22052,24999,16457,1
22582,1799,11113,24381,33695,12912,0
93181,71971,38711,165152,131892,110682,1
46678,65677,97234,112355,143912,162911,1
52057,20407,98051,72464,150108,118458,0
81292,1335,84376,82627,165668,85711,0
5683,49321,76743,55004,82426,126064,0
63308,50874,5184,114182,68492,56058,0
21430,55475,85134,76905,106564,140609,0
10285,58066,24043,68351,34328,82109,0
69932,35564,18494,105496,88426,54058,0
72557,29913,31926,102470,104483,61839,0
84576,66043,79019,150619,163595,145062,1
72795,55895,92160,128690,164955,148055,1
51974,91038,77309,143012,129283,168347,1
58958,6770,4722,65728,63680,11492,0
31696,12440,33791,44136,65487,46231,1
66017,51312,69533,117329,135550,120845,1
90885,19091,24866,109976,115751,43957,0
33102,35249,40478,68351,73580,75727,1
9404,87148,14680,96552,24084,101828,0
53274,5940,68733,59214,122007,74673,0
84855,11186,35861,96041,120716,47047,0
228,30250,24943,30478,25171,55193,0
59934,84865,85177,144799,145111,170042,1
37600,68273,2803,105873,40403,71076,0
79388,23512,21685,102900,101073,45197,0
31625,1987,10312,33612,41937,12299,0
18623,22338,2451,40961,21074,24789,0
22757,61244,59756,84001,82513,121000,1
63401,6241,86292,69642,149693,92533,0
62773,4034,99755,66807,162528,103789,0
78813,50067,29061,128880,107874,79128,1
4848,86870,21430,91718,26278,108300,0
81961,18011,14038,99972,95999,32049,0
57097,68589,59605,125686,116702,128194,1
50963,22205,4404,73168,55367,26609,0
44832,76620,96642,121452,141474,173262,1
44097,47116,36012,91213,80109,83128,1
87221,88742,37509,175963,124730,126251,1
95694,31486,80922,127180,176616,112408,1
55494,42839,54630,98333,110124,97469,1
46328,89153,86740,135481,133068,175893,1
11899,76661,8224,88560,20123,84885,0
27378,28936,79747,56314,107125,108683,0
73156,33310,85380,106466,158536,118690,1
36352,86160,1475,122512,37827,87635,0
74012,33149,22828,107161,96840,55977,0
11116,14468,38733,25584,49849,53201,0
24519,66318,15944,90837,40463,82262,0
10445,59536,6087,69981,16532,65623,0
36323,32530,56102,68853,92425,88632,1
73834,33132,95931,106966,169765,129063,1
14848,88312,78585,103160,93433,166897,1
46039,91442,67591,137481,113630,159033,1
85068,57258,22545,142326,107613,79803,0
36382,26366,52553,62748,88935,78919,1
4061,52805,78377,56866,82438,131182,0
61770,24238,61460,86008,123230,85698,1
34241,10237,81997,44478,116238,92234,0
63381,80039,98519,143420,161900,178558,1
27966,40724,43141,68690,71107,83865,1
81963,58335,45045,140298,127008,103380,1
37609,41036,18386,78645,55995,59422,1
9515,36268,75710,45783,85225,111978,0
72474,9958,69485,82432,141959,79443,1
82926,44891,26053,127817,108979,70944,0
79515,41247,34445,120762,113960,75692,0
61879,23549,81641,85428,143520,105190,1
74951,72282,52054,147233,127005,124336,1
3134,39942,13060,43076,16194,53002,0
8134,38526,12976,46660,21110,51502,0
91716,36304,98004,128020,189720,134308,1
1137,60930,2895,62067,4032,63825,0
38696,66171,65002,104867,103698,131173,1
40454,89198,8388,129652,48842,97586,0
65996,35847,93775,101843,159771,129622,1
87360,85317,11338,172677,98698,96655,1
28999,12655,5137,41654,34136,17792,0
98602,66401,86201,165003,184803,152602,1
38458,23945,2221,62403,40679,26166,0
41792,95620,2179,137412,43971,97799,0
11908,17366,11111,29274,23019,28477,1
94740,11125,14238,105865,108978,25363,0
3601,84528,14698,88129,18299,99226,0
51312,973,89031,52285,140343,90004,0
18028,98046,60009,116074,78037,158055,0
27267,13905,53136,41172,80403,67041,0
53526,49115,53060,102641,106586,102175,1
28254,31096,78889,59350,107143,109985,0
88269,705,75208,88974,163477,75913,0
52178,70632,66579,122810,118757,137211,1
68680,65552,61147,134232,129827,126699,1
86175,42389,3413,128564,89588,45802,0
36989,11726,66135,48715,103124,77861,0
26361,1954,90278,28315,116639,92232,0
73598,94232,8726,167830,82324,102958,0
56048,87281,68587,143329,124635,155868,1
44272,8254,41296,52526,85568,49550,1
3484,9231,24313,12715,27797,33544,0
44169,66258,39680,110427,83849,105938,1
34210,82665,53088,116875,87298,135753,1
86919,47280,16184,134199,103103,63464,0
85780,29094,99875,114874,185655,128969,1
45746,77179,95745,122925,141491,172924,1
54767,71765,15868,126532,70635,87633,0
67677,76021,6,143698,67683,76027,0
41156,95355,29692,136511,70848,125047,0
84998,95772,13272,180770,98270,109044,1
60459,55550,16938,116009,77397,72488,1
94028,68254,98010,162282,192038,166264,1
35756,54270,69415,90026,105171,123685,1
85167,69748,49868,154915,135035,119616,1
9603,90626,17916,100229,27519,108542,0
9395,50166,77938,59561,87333,128104,0
44966,82071,70236,127037,115202,152307,1
76196,68375,45837,144571,122033,114212,1
91358,94024,92544,185382,183902,186568,1
49598,17332,69193,66930,118791,86525,0
96163,17640,3890,113803,100053,21530,0
10313,61177,54555,71490,64868,115732,1
74675,62337,40689,137012,115364,103026,1
84290,92131,67534,176421,151824,159665,1
82605,45230,76590,127835,159195,121820,1
24486,21521,12971,46007,37457,34492,1
40599,66596,55779,107195,96378,122375,1
76146,16978,74761,93124,150907,91739,1
95787,87728,59003,183515,154790,146731,1
12825,75383,13360,88208,26185,88743,0
88173,67203,62509,155376,150682,129712,1
19406,88188,54477,107594,73883,142665,0
50140,29291,87858,79431,137998,117149,0
9236,52792,22143,62028,31379,74935,0
47791,6810,71443,54601,119234,78253,0
17709,39261,83890,56970,101599,123151,0
2377,2521,18196,4898,20573,20717,0
15491,11324,49773,26815,65264,61097,0
97191,42931,23792,140122,120983,66723,0
74820,80890,72511,155710,147331,153401,1
84617,24716,37575,109333,122192,62291,0
53051,12298,9461,65349,62512,21759,0
43482,13574,1319,57056,44801,14893,0
96015,36819,61045,132834,157060,97864,1
116,60987,30118,61103,30234,91105,0
85889,48976,37691,134865,123580,86667,1
97755,65913,73079,163668,170834,138992,1
97503,42175,84250,139678,181753,126425,1
18902,16795,55230,35697,74132,72025,0
79712,8282,91399,87994,171111,99681,0
96636,66238,67787,162874,164423,134025,1
18003,86990,26377,104993,44380,113367,0
23969,36772,47668,60741,71637,84440,1
19906,79628,54715,99534,74621,134343,0
83292,81950,87876,165242,171168,169826,1
35242,42926,47206,78168,82448,90132,1
90215,22558,24040,112773,114255,46598,0
62326,96736,48351,159062,110677,145087,1
61251,1435,90099,62686,151350,91534,0
72901,35620,79047,108521,151948,114667,1
55799,10915,45042,66714,100841,55957,1
10564,86785,86875,97349,97439,173660,1
32357,5822,31559,38179,63916,37381,1
48559,9965,48600,58524,97159,58565,1
13988,56148,70988,70136,84976,127136,0
64106,54462,97486,118568,161592,151948,1
51176,53269,90289,104445,141465,143558,1
76339,95417,37464,171756,113803,132881,1
7346,2214,18078,9560,25424,20292,0
802,79974,58153,80776,58955,138127,0
47437,42325,86883,89762,134320,129208,1
57682,99042,26239,156724,83921,125281,0
86925,6851,34687,93776,121612,41538,0
64774,59939,76035,124713,140809,135974,1
8355,96812,62388,105167,70743,159200,0
96697,93847,13856,190544,110553,107703,1
56970,89407,66855,146377,123825,156262,1
66855,752,79347,67607,146202,80099,0
88056,1462,91185,89518,179241,92647,0
46591,96765,56387,143356,102978,153152,1
26811,84888,58782,111699,85593,143670,1
56294,63636,9411,119930,65705,73047,1
97548,1095,10409,98643,107957,11504,0
56135,39969,70546,96104,126681,110515,1
41950,4231,40902,46181,82852,45133,1
80264,35877,77848,116141,158112,113725,1
81889,20868,43383,102757,125272,64251,0
7726,82631,32752,90357,40478,115383,0
53839,52227,70328,106066,124167,122555,1
49519,17144,40557,66663,90076,57701,1
96786,68075,10056,164861,106842,78131,0
73929,44444,70510,118373,144439,114954,1
12452,67141,78771,79593,91223,145912,1
41749,56524,7896,98273,49645,64420,0
79925,53910,63152,133835,143077,117062,1
51156,1799,65373,52955,116529,67172,0
28050,5184,18507,33234,46557,23691,0
47671,60448,85318,108119,132989,145766,1
65738,56367,25388,122105,91126,81755,1
19452,30834,18268,50286,37720,49102,1
81878,32120,4443,113998,86321,36563,0
98416,9465,23633,107881,122049,33098,0
17761,53391,71048,71152,88809,124439,1
25169,92674,91899,117843,117068,184573,1
9669,73746,71077,83415,80746,144823,1
73334,2623,18198,75957,91532,20821,0
50733,19168,48421,69901,99154,67589,1
27099,24696,63804,51795,90903,88500,0
57993,6589,31165,64582,89158,37754,0
35524,50096,73114,85620,108638,123210,1
38865,34204,97375,73069,136240,131579,0
28835,50648,71569,79483,100404,122217,1
88294,44971,98023,133265,186317,142994,1
95368,38552,37306,133920,132674,75858,0
57720,42240,55954,99960,113674,98194,1
36620,61186,18461,97806,55081,79647,0
74385,41897,52030,116282,126415,93927,1
41080,52055,62265,93135,103345,114320,1
8860,2952,16108,11812,24968,19060,0
51999,57842,55528,109841,107527,113370,1
78695,46041,38239,124736,116934,84280,1
27831,68718,25514,96549,53345,94232,0
84818,98393,48342,183211,133160,146735,1
55362,16499,93316,71861,148678,109815,0
90341,15438,60073,105779,150414,75511,0
4882,14629,34507,19511,39389,49136,0
58471,76585,40538,135056,99009,117123,1
18497,42496,91402,60993,109899,133898,0
44638,6754,7288,51392,51926,14042,0
72323,38964,87005,111287,159328,125969,1
80239,52736,71166,132975,151405,123902,1
77393,68946,98920,146339,176313,167866,1
66362,62214,45082,128576,111444,107296,1
94177,92400,97425,186577,191602,189825,1
21025,34307,97486,55332,118511,131793,0
5894,31629,21947,37523,27841,53576,0
30407,35076,1430,65483,31837,36506,0
97020,99391,64148,196411,161168,163539,1
26870,98766,2204,125636,29074,100970,0
54948,5813,88785,60761,143733,94598,0
11674,42345,26140,54019,37814,68485,0
72786,48723,30274,121509,103060,78997,1
47237,87647,49210,134884,96447,136857,1
46272,15936,7176,62208,53448,23112,0
32141,48215,49727,80356,81868,97942,1
11054,32465,22902,43519,33956,55367,1
431,30697,4215,31128,4646,34912,0
63715,51217,30939,114932,94654,82156,1
82103,1140,32050,83243,114153,33190,0
55239,97412,66002,152651,121241,163414,1
90722,87798,1984,178520,92706,89782,0
77080,41289,93281,118369,170361,134570,1
57240,24899,4013,82139,61253,28912,0
12201,56326,76242,68527,88443,132568,0
29249,30873,56360,60122,85609,87233,1
53945,10978,74231,64923,128176,85209,0
24899,5117,59460,30016,84359,64577,0
45664,74008,51200,119672,96864,125208,1
49386,45630,17482,95016,66868,63112,1
30710,98994,25794,129704,56504,124788,0
638,74544,87872,75182,88510,162416,0
87656,16197,23426,103853,111082,39623,0
27312,84974,64100,112286,91412,149074,1
39221,60255,52870,99476,92091,113125,1
64938,13119,81090,78057,146028,94209,0
41111,72373,44816,113484,85927,117189,1
38696,91970,18947,130666,57643,110917,0
8354,94919,55489,103273,63843,150408,0
22500,86685,5789,109185,28289,92474,0
31116,99368,20402,130484,51518,119770,0
93003,58430,76272,151433,169275,134702,1
57618,60587,39028,118205,96646,99615,1
83111,68459,91202,151570,174313,159661,1
94416,52069,45062,146485,139478,97131,1
66196,63172,28055,129368,94251,91227,1
23549,44345,43485,67894,67034,87830,1
58095,22439,61798,80534,119893,84237,1
63380,62486,76066,125866,139446,138552,1
93192,83863,51140,177055,144332,135003,1
30828,59598,41296,90426,72124,100894,1
53813,57659,34003,111472,87816,91662,1
40814,93227,94728,134041,135542,187955,1
31343,38943,50065,70286,81408,89008,1
65704,75303,82070,141007,147774,157373,1
61600,59998,41173,121598,102773,101171,1
11482,61569,83719,73051,95201,145288,0
88413,86562,10510,174975,98923,97072,1
86156,97616,13888,183772,100044,111504,1
1117,44595,8699,45712,9816,53294,0
60755,12663,80972,73418,141727,93635,0
43581,75374,41752,118955,85333,117126,1
1005,7799,21423,8804,22428,29222,0
99592,47269,36303,146861,135895,83572,0
85956,31649,6797,117605,92753,38446,0
20004,68964,82542,88968,102546,151506,1
88035,61190,83202,149225,171237,144392,1
44783,74677,8147,119460,52930,82824,0
55947,46961,40202,102908,96149,87163,1
10631,8931,59366,19562,69997,68297,0
31743,63772,35531,95515,67274,99303,1
85665,9859,71315,95524,156980,81174,0
49192,75187,40094,124379,89286,115281,1
17032,23033,17509,40065,34541,40542,1
57593,35139,12105,92732,69698,47244,0
77210,45968,38237,123178,115447,84205,1
35654,27030,8396,62684,44050,35426,0
56899,77897,93742,134796,150641,171639,1
46390,53106,75446,99496,121836,128552,1
64859,24475,86075,89334,150934,110550,1
94249,75841,18652,170090,112901,94493,1
81920,32751,25061,114671,106981,57812,0
15836,64302,96568,80138,112404,160870,0
58322,82180,43702,140502,102024,125882,1
50855,50016,68872,100871,119727,118888,1
92747,4339,10079,97086,102826,14418,0
2829,14344,68696,17173,71525,83040,0
62778,65449,89842,128227,152620,155291,1
99333,28717,95240,128050,194573,123957,1
25168,82621,12019,107789,37187,94640,0
10981,92892,17767,103873,28748,110659,0
89469,95842,24381,185311,113850,120223,1
82695,52959,18704,135654,101399,71663,0
61895,12038,99379,73933,161274,111417,0
98501,2531,14527,101032,113028,17058,0
29622,34983,3224,64605,32846,38207,0
4502,8737,86408,13239,90910,95145,0
5855,31259,48996,37114,54851,80255,0
69320,63241,73561,132561,142881,136802,1
89467,52901,79208,142368,168675,132109,1
69120,60220,23350,129340,92470,83570,1
63286,13146,95463,76432,158749,108609,0
65986,18682,24125,84668,90111,42807,0
8337,83971,58334,92308,66671,142305,0
25331,19804,22827,45135,48158,42631,1
85406,85777,25188,171183,110594,110965,1
21919,74021,79174,95940,101093,153195,1
68000,56971,11412,124971,79412,68383,1
22375,8656,85898,31031,108273,94554,0
63047,76292,52926,139339,115973,129218,1
37125,50452,28535,87577,65660,78987,1
81204,17723,85268,98927,166472,102991,1
13582,45385,78937,58967,92519,124322,0
12734,72019,61570,84753,74304,133589,1
90398,29527,48363,119925,138761,77890,0
72928,66687,41493,139615,114421,108180,1
83840,67258,32331,151098,116171,99589,1
85425,18797,77915,104222,163340,96712,1
84276,75761,96554,160037,180830,172315,1
42472,55297,62541,97769,105013,117838,1
74774,6695,10215,81469,84989,16910,0
82499,4591,20278,87090,102777,24869,0
77522,96077,33765,173599,111287,129842,1
61831,47126,63430,108957,125261,110556,1
65015,17776,90326,82791,155341,108102,0
84034,15671,39492,99705,123526,55163,0
79208,65060,49072,144268,128280,114132,1
48375,10127,62564,58502,110939,72691,0
21455,1855,3559,23310,25014,5414,0
75364,81902,59974,157266,135338,141876,1
49662,50363,55787,100025,105449,106150,1
81937,57328,28811,139265,110748,86139,1
1694,71147,74543,72841,76237,145690,0
5281,65785,71755,71066,77036,137540,0
73548,33184,7688,106732,81236,40872,0
43208,75138,99419,118346,142627,174557,1
72884,1042,50647,73926,123531,51689,0
6154,23143,76758,29297,82912,99901,0
72838,830,45938,73668,118776,46768,0
11366,92547,48224,103913,59590,140771,0
99236,79930,97839,179166,197075,177769,1
32600,55015,73102,87615,105702,128117,1
49276,39692,91515,88968,140791,131207,0
10795,32390,56903,43185,67698,89293,0
21184,20391,2508,41575,23692,22899,1
11355,67517,12422,78872,23777,79939,0
12997,9835,30334,22832,43331,40169,0
10523,6989,35358,17512,45881,42347,0
1466,58058,9271,59524,10737,67329,0
44887,91664,44599,136551,89486,136263,0
44095,5700,66154,49795,110249,71854,0
83087,36309,68651,119396,151738,104960,1
15974,88029,83971,104003,99945,172000,1
88111,16986,47983,105097,136094,64969,0
7287,68030,20497,75317,27784,88527,0
88549,94961,4901,183510,93450,99862,0
74958,49332,23097,124290,98055,72429,0
67429,35280,39238,102709,106667,74518,1
29070,15984,70437,45054,99507,86421,0
18372,59528,97021,77900,115393,156549,0
11524,62761,49218,74285,60742,111979,0
35874,40760,67144,76634,103018,107904,1
8089,58656,70299,66745,78388,128955,0
68560,86168,66414,154728,134974,152582,1
86535,88723,78444,175258,164979,167167,1
91832,94672,66674,186504,158506,161346,1
80011,15897,96918,95908,176929,112815,0
9480,24027,38618,33507,48098,62645,0
96592,57119,33141,153711,129733,90260,0
92558,17972,79353,110530,171911,97325,1
97051,16174,7749,113225,104800,23923,0
10277,75656,18115,85933,28392,93771,0
23750,2524,47232,26274,70982,49756,0
95330,14607,38429,109937,133759,53036,0
80297,75523,65693,155820,145990,141216,1
76692,1059,3279,77751,79971,4338,0
20714,88314,6591,109028,27305,94905,0
48525,38780,57899,87305,106424,96679,1
83650,36613,66923,120263,150573,103536,1
93107,86844,13289,179951,106396,100133,1
93772,16937,47381,110709,141153,64318,0
35286,90883,35995,126169,71281,126878,0
98817,38807,29757,137624,128574,68564,0
69617,28016,61392,97633,131009,89408,1
2504,30193,40004,32697,42508,70197,0
10729,11254,10406,21983,21135,21660,1
4587,85070,88040,89657,92627,173110,1
4192,69143,49336,73335,53528,118479,0
44101,41595,35741,85696,79842,77336,1
24860,62800,16209,87660,41069,79009,0
62010,47037,81275,109047,143285,128312,1
23500,52294,33461,75794,56961,85755,1
12660,35823,50955,48483,63615,86778,0
33805,51548,36662,85353,70467,88210,1
65725,11656,10901,77381,76626,22557,0
30240,63380,44791,93620,75031,108171,1
49087,7404,83282,56491,132369,90686,0
16924,21023,96306,37947,113230,117329,0
81916,61444,81152,143360,163068,142596,1
14672,22914,26708,37586,41380,49622,1
58650,22535,78021,81185,136671,100556,1
75597,7907,78489,83504,154086,86396,1
25025,97739,51956,122764,76981,149695,0
71193,74382,89100,145575,160293,163482,1
69623,57631,83254,127254,152877,140885,1
84041,9369,46646,93410,130687,56015,0
89927,28061,72353,117988,162280,100414,1
53241,2087,35581,55328,88822,37668,0
28298,8739,23705,37037,52003,32444,1
25094,4586,57248,29680,82342,61834,0
1719,42273,50041,43992,51760,92314,0
67519,42953,43463,110472,110982,86416,1
79620,55394,79080,135014,158700,134474,1
11931,61332,32370,73263,44301,93702,0
47120,37319,18506,84439,65626,55825,1
17995,27384,29898,45379,47893,57282,1
78564,78777,19242,157341,97806,98019,1
56712,91018,6755,147730,63467,97773,0
40805,87533,88115,128338,128920,175648,1
94195,4668,50828,98863,145023,55496,0
61381,33190,76760,94571,138141,109950,1
72030,22049,81468,94079,153498,103517,1
46130,6951,91614,53081,137744,98565,0
59272,87371,17148,146643,76420,104519,0
44224,85694,76945,129918,121169,162639,1
55479,75015,3214,130494,58693,78229,0
94738,89736,94106,184474,188844,183842,1
76186,47905,43888,124091,120074,91793,1
15259,28051,45685,43310,60944,73736,0
28127,80336,42797,108463,70924,123133,0
94512,36086,94555,130598,189067,130641,1
88473,41567,47959,130040,136432,89526,1
47788,75610,32993,123398,80781,108603,1
28843,45173,79381,74016,108224,124554,0
31012,99734,30012,130746,61024,129746,0
70946,54692,82184,125638,153130,136876,1
89314,76681,27142,165995,116456,103823,1
11509,89010,74772,100519,86281,163782,0
82978,54324,40192,137302,123170,94516,1
19152,56665,45226,75817,64378,101891,1
6250,91174,85543,97424,91793,176717,1
48345,19934,81750,68279,130095,101684,0
80270,91287,50828,171557,131098,142115,1
40194,73755,20414,113949,60608,94169,0
14934,40955,6717,55889,21651,47672,0
15527,34674,65379,50201,80906,100053,0
47528,10863,70495,58391,118023,81358,0
15740,54593,6950,70333,22690,61543,0
40381,39116,90177,79497,130558,129293,0
58533,9204,2145,67737,60678,11349,0
91391,25358,95975,116749,187366,121333,1
34029,30570,37602,64599,71631,68172,1
29128,82684,87746,111812,116874,170430,1
60896,11174,40505,72070,101401,51679,0
86525,75661,40439,162186,126964,116100,1
37964,77524,43992,115488,81956,121516,1
15099,73527,62959,88626,78058,136486,1
34392,25379,69589,59771,103981,94968,0
94002,92442,8199,186444,102201,100641,1
43905,58785,84638,102690,128543,143423,1
60329,72303,34369,132632,94698,106672,1
26986,33810,21381,60796,48367,55191,1
74022,92663,37793,166685,111815,130456,1
812,74247,72627,75059,73439,146874,0
38771,82381,14408,121152,53179,96789,0
509,70232,32686,70741,33195,102918,0
49993,60225,4609,110218,54602,64834,0
57644,63585,91502,121229,149146,155087,1
63674,53994,64180,117668,127854,118174,1
84702,25400,91513,110102,176215,116913,1
1066,5898,85547,6964,86613,91445,0
87000,64991,24075,151991,111075,89066,1
81765,12864,89042,94629,170807,101906,1
93997,76860,49219,170857,143216,126079,1
80548,62400,1269,142948,81817,63669,0
3048,93587,11014,96635,14062,104601,0
28108,23791,1046,51899,29154,24837,0
12363,13509,92486,25872,104849,105995,0
12684,97089,713,109773,13397,97802,0
81167,44651,4279,125818,85446,48930,0
27852,26119,86463,53971,114315,112582,0
16220,88318,54397,104538,70617,142715,0
9585,35125,10461,44710,20046,45586,0
28020,40476,94324,68496,122344,134800,0
64437,84308,74727,148745,139164,159035,1
16150,86704,46987,102854,63137,133691,0
98646,51841,54462,150487,153108,106303,1
5287,37903,66817,43190,72104,104720,0
4075,21296,84105,25371,88180,105401,0
9765,2822,52207,12587,61972,55029,0
13623,93556,75832,107179,89455,169388,0
1897,31605,94562,33502,96459,126167,0
80603,19185,73295,99788,153898,92480,1
31637,83516,33742,115153,65379,117258,0
38479,25313,14743,63792,53222,40056,1
68757,46604,2399,115361,71156,49003,0
50363,96419,46816,146782,97179,143235,1
92496,58741,22642,151237,115138,81383,0
27420,62310,98177,89730,125597,160487,0
63269,47303,62329,110572,125598,109632,1
5828,24258,41189,30086,47017,65447,0
9820,31879,30701,41699,40521,62580,1
43132,41927,34137,85059,77269,76064,1
35892,27778,12964,63670,48856,40742,1
83131,94396,98024,177527,181155,192420,1
47762,72980,17965,120742,65727,90945,0
97968,76424,54800,174392,152768,131224,1
32812,64881,68782,97693,101594,133663,1
29441,81778,63105,111219,92546,144883,1
2198,90973,17533,93171,19731,108506,0
85943,10011,4310,95954,90253,14321,0
24353,37164,13754,61517,38107,50918,1
82344,87060,78096,169404,160440,165156,1
34704,48158,72521,82862,107225,120679,1
35796,83547,93972,119343,129768,177519,1
27051,81299,93825,108350,120876,175124,1
98496,87421,9743,185917,108239,97164,0
89240,38931,66538,128171,155778,105469,1
84881,93612,12508,178493,97389,106120,1
78061,60929,22508,138990,100569,83437,1
99424,72667,44402,172091,143826,117069,1
27463,73550,51984,101013,79447,125534,1
71756,95120,87005,166876,158761,182125,1
64662,28639,7396,93301,72058,36035,0
26,9626,43758,9652,43784,53384,0
58966,14606,45815,73572,104781,60421,1
88595,48880,67400,137475,155995,116280,1
17226,28543,40365,45769,57591,68908,1
98738,67272,24406,166010,123144,91678,0
88216,20408,66006,108624,154222,86414,0
42453,56508,55998,98961,98451,112506,1
9661,58583,85775,68244,95436,144358,0
25832,61501,20775,87333,46607,82276,0
1534,40312,43500,41846,45034,83812,0
45948,93498,85324,139446,131272,178822,1
16122,60466,89750,76588,105872,150216,0
13179,42209,49761,55388,62940,91970,1
76264,63614,29806,139878,106070,93420,1
10925,75023,63040,85948,73965,138063,0
32436,79959,93588,112395,126024,173547,1
41303,3752,99537,45055,140840,103289,0
92441,17922,91049,110363,183490,108971,1
5771,78623,28878,84394,34649,107501,0
72036,29974,63147,102010,135183,93121,1
37612,26890,5047,64502,42659,31937,0
49284,30500,4972,79784,54256,35472,0
73953,48980,29252,122933,103205,78232,1
51436,41214,47038,92650,98474,88252,1
5284,34099,70610,39383,75894,104709,0
88266,90987,6722,179253,94988,97709,1
94747,39143,45135,133890,139882,84278,0
4540,480,72472,5020,77012,72952,0
70569,40750,17325,111319,87894,58075,0
30684,62058,25220,92742,55904,87278,0
65568,80117,8694,145685,74262,88811,0
90371,70416,18985,160787,109356,89401,0
85887,96800,93072,182687,178959,189872,1
22771,24996,91382,47767,114153,116378,0
19408,97433,89454,116841,108862,186887,1
28932,38416,74295,67348,103227,112711,0
67654,79418,90819,147072,158473,170237,1
9409,10073,92881,19482,102290,102954,0
9006,45024,2246,54030,11252,47270,0
85740,42564,18185,128304,103925,60749,0
50395,50488,21462,100883,71857,71950,1
56260,84292,55623,140552,111883,139915,1
55737,31343,20420,87080,76157,51763,0
71791,69483,42465,141274,114256,111948,1
83109,1343,17842,84452,100951,19185,0
51819,35440,21263,87259,73082,56703,1
241,9466,24144,9707,24385,33610,0
27433,15250,12603,42683,40036,27853,1
39331,57005,64815,96336,104146,121820,1
81526,8611,42172,90137,123698,50783,0
80976,39871,29823,120847,110799,69694,0
81234,63298,86467,144532,167701,149765,1
32228,98001,44554,130229,76782,142555,0
89114,91204,39257,180318,128371,130461,1
32304,37435,36905,69739,69209,74340,1
61534,79291,76679,140825,138213,155970,1
49248,7686,2683,56934,51931,10369,0
22877,58227,93978,81104,116855,152205,0
5117,36260,30050,41377,35167,66310,0
3131,84524,93655,87655,96786,178179,0
99221,43397,21192,142618,120413,64589,0
59185,67925,75874,127110,135059,143799,1
73999,95649,60877,169648,134876,156526,1
30942,74549,92466,105491,123408,167015,1
2052,67934,49834,69986,51886,117768,0
42111,63070,67711,105181,109822,130781,1
12273,25962,37068,38235,49341,63030,1
83397,77536,14679,160933,98076,92215,1
80338,43863,73545,124201,153883,117408,1
12453,11777,49953,24230,62406,61730,0
50156,7589,55128,57745,105284,62717,1
46417,44103,50281,90520,96698,94384,1
42026,55872,15166,97898,57192,71038,1
19625,12261,64008,31886,83633,76269,0
25593,38594,9989,64187,35582,48583,0
55884,45000,44576,100884,100460,89576,1
35173,59031,85908,94204,121081,144939,1
87054,57558,37821,144612,124875,95379,1
72393,81813,17387,154206,89780,99200,1
88915,6079,78667,94994,167582,84746,0
85292,30280,92592,115572,177884,122872,1
4386,58272,75373,62658,79759,133645,0
40295,91046,70217,131341,110512,161263,1
83775,51943,88773,135718,172548,140716,1
86457,7576,76179,94033,162636,83755,0
9854,63004,24538,72858,34392,87542,0
60872,90255,24112,151127,84984,114367,0
32403,29150,67470,61553,99873,96620,0
74006,61228,96775,135234,170781,158003,1
90634,82016,33328,172650,123962,115344,1
61923,8260,40741,70183,102664,49001,0
31212,36690,7230,67902,38442,43920,1
23510,19357,54328,42867,77838,73685,0
26032,57399,59478,83431,85510,116877,1
31694,57315,71198,89009,102892,128513,1
35297,21780,9052,57077,44349,30832,0
37429,39954,40829,77383,78258,80783,1
52041,75231,27764,127272,79805,102995,1
54489,59875,7093,114364,61582,66968,1
4651,75007,61162,79658,65813,136169,0
80417,93339,92529,173756,172946,185868,1
3963,69474,38818,73437,42781,108292,0
97512,8574,37962,106086,135474,46536,0
43243,15256,95743,58499,138986,110999,0
77690,47811,49325,125501,127015,97136,1
3169,20918,88925,24087,92094,109843,0
62279,22393,14635,84672,76914,37028,0
78368,75654,55639,154022,134007,131293,1
10508,71273,97680,81781,108188,168953,0
89108,97804,72919,186912,162027,170723,1
96027,88283,14210,184310,110237,102493,1
19262,12642,28490,31904,47752,41132,1
98560,30527,1982,129087,100542,32509,0
76665,10051,62711,86716,139376,72762,0
30796,90411,3616,121207,34412,94027,0
86194,97079,12842,183273,99036,109921,1
95041,19796,81647,114837,176688,101443,1
14671,89007,79583,103678,94254,168590,1
74176,11536,68530,85712,142706,80066,1
25098,97253,96640,122351,121738,193893,1
58065,86981,95016,145046,153081,181997,1
468,9137,58828,9605,59296,67965,0
11401,54803,40846,66204,52247,95649,0
83786,85930,50896,169716,134682,136826,1
35088,22277,44936,57365,80024,67213,1
12584,19124,35336,31708,47920,54460,0
16068,52967,12039,69035,28107,65006,0
62206,499,52091,62705,114297,52590,0
62931,12463,4454,75394,67385,16917,0
79545,10292,97301,89837,176846,107593,0
53828,15607,53943,69435,107771,69550,1
17235,2509,34358,19744,51593,36867,0
29001,59172,41954,88173,70955,101126,1
45506,18175,30937,63681,76443,49112,1
64946,59292,19041,124238,83987,78333,1
98514,78264,60058,176778,158572,138322,1
14554,50991,54047,65545,68601,105038,1
48150,96970,16849,145120,64999,113819,0
84081,58017,89327,142098,173408,147344,1
89642,10031,64472,99673,154114,74503,0
65915,29253,88137,95168,154052,117390,1
37544,66006,87889,103550,125433,153895,1
32503,51141,57241,83644,89744,108382,1
85831,63986,25635,149817,111466,89621,1
76928,53025,76788,129953,153716,129813,1
89839,79876,29292,169715,119131,109168,1
61703,51552,33216,113255,94919,84768,1
71327,75471,41159,146798,112486,116630,1
98514,88780,95025,187294,193539,183805,1
58374,62607,2055,120981,60429,64662,0
59894,8760,25015,68654,84909,33775,0
5414,62175,5360,67589,10774,67535,0
71758,89967,41627,161725,113385,131594,1
67073,90672,30885,157745,97958,121557,1
87177,44036,96953,131213,184130,140989,1
34348,5233,18752,39581,53100,23985,0
96493,37805,17806,134298,114299,55611,0
87556,7432,32335,94988,119891,39767,0
76606,65090,26753,141696,103359,91843,1
3365,84550,41806,87915,45171,126356,0
95874,54261,27962,150135,123836,82223,0
51244,82018,4394,133262,55638,86412,0
33518,89753,6339,123271,39857,96092,0
71764,97792,50831,169556,122595,148623,1
83303,49699,17223,133002,100526,66922,0
54332,11838,86694,66170,141026,98532,0
60150,10600,58149,70750,118299,68749,1
5409,28135,76425,33544,81834,104560,0
73482,39893,50895,113375,124377,90788,1
90867,67703,26784,158570,117651,94487,1
52055,81049,54348,133104,106403,135397,1
80331,23591,49652,103922,129983,73243,0
33868,39157,55528,73025,89396,94685,1
56785,26825,70246,83610,127031,97071,1
79971,10718,57727,90689,137698,68445,0
60004,48640,31344,108644,91348,79984,1
43908,91820,39447,135728,83355,131267,0
10441,4081,69049,14522,79490,73130,0
85161,16985,73065,102146,158226,90050,1
77454,94270,10066,171724,87520,104336,0
84302,29268,96565,113570,180867,125833,1
43690,28027,52301,71717,95991,80328,1
52184,41079,29306,93263,81490,70385,1
52309,41838,3456,94147,55765,45294,0
1361,16234,52032,17595,53393,68266,0
30012,26787,78379,56799,108391,105166,0
88108,1618,87130,89726,175238,88748,1
63779,26837,59149,90616,122928,85986,1
44973,21974,55779,66947,100752,77753,1
76033,98118,79938,174151,155971,178056,1
23293,46631,49963,69924,73256,96594,1
2428,72884,89003,75312,91431,161887,0
4694,50488,62628,55182,67322,113116,0
80409,4018,19111,84427,99520,23129,0
14498,70407,92159,84905,106657,162566,0
71942,31510,97267,103452,169209,128777,1
22865,81252,3113,104117,25978,84365,0
18348,58787,59055,77135,77403,117842,1
93206,92539,26092,185745,119298,118631,1
39273,58915,76555,98188,115828,135470,1
91663,27277,80709,118940,172372,107986,1
32494,73642,32106,106136,64600,105748,0
79478,24170,29477,103648,108955,53647,0
1637,46581,76560,48218,78197,123141,0
76831,44568,86792,121399,163623,131360,1
56020,10116,84891,66136,140911,95007,0
18559,99635,79784,118194,98343,179419,0
71384,38473,10835,109857,82219,49308,0
50213,29768,76826,79981,127039,106594,1
70032,62556,67315,132588,137347,129871,1
5370,27437,34972,32807,40342,62409,0
24576,46307,30798,70883,55374,77105,1
53619,7439,93322,61058,146941,100761,0
92437,10488,5769,102925,98206,16257,0
22598,17166,17326,39764,39924,34492,1
25424,76176,95616,101600,121040,171792,1
61641,34530,99841,96171,161482,134371,0
47532,47787,83569,95319,131101,131356,1
14571,69822,66433,84393,81004,136255,1
66566,27066,16033,93632,82599,43099,0
12351,45707,99621,58058,111972,145328,0
81548,30457,90319,112005,171867,120776,1
62514,44569,94140,107083,156654,138709,1
13887,2990,28791,16877,42678,31781,0
85542,72180,93331,157722,178873,165511,1
42419,59374,12439,101793,54858,71813,0
60743,67486,41327,128229,102070,108813,1
45909,29106,41708,75015,87617,70814,1
69926,97744,37169,167670,107095,134913,1
27248,99834,59584,127082,86832,159418,0
26269,21299,33537,47568,59806,54836,1
99440,14770,25433,114210,124873,40203,0
24144,17402,57413,41546,81557,74815,0
96233,54808,79684,151041,175917,134492,1
84189,89055,16545,173244,100734,105600,1
95319,52796,46284,148115,141603,99080,1
61395,10844,79631,72239,141026,90475,0
88419,66697,1281,155116,89700,67978,0
99785,58772,4171,158557,103956,62943,0
97388,54611,69159,151999,166547,123770,1
82141,64058,69675,146199,151816,133733,1
2078,54687,81521,56765,83599,136208,0
60224,72720,74451,132944,134675,147171,1
97453,82416,27550,179869,125003,109966,1
30285,15123,64536,45408,94821,79659,0
33858,13764,6175,47622,40033,19939,0
81745,94311,82705,176056,164450,177016,1
77243,19552,83897,96795,161140,103449,1
29625,1391,17510,31016,47135,18901,0
98296,1755,93825,100051,192121,95580,0
95019,33766,46674,128785,141693,80440,0
39001,66392,31252,105393,70253,97644,1
24780,45877,44589,70657,69369,90466,1
75039,96210,94828,171249,169867,191038,1
48422,10113,1909,58535,50331,12022,0
84807,24773,830,109580,85637,25603,0
79577,68301,6795,147878,86372,75096,0
69799,31872,57729,101671,127528,89601,1
45714,78129,4680,123843,50394,82809,0
54457,28197,92973,82654,147430,121170,0
27250,33891,28729,61141,55979,62620,1
34932,31112,36571,66044,71503,67683,1
5975,82515,77026,88490,83001,159541,1
8055,48398,94521,56453,102576,142919,0
63960,63095,80730,127055,144690,143825,1
10176,23997,57552,34173,67728,81549,0
70566,72269,91263,142835,161829,163532,1
78865,5139,52156,84004,131021,57295,0
72225,66350,35514,138575,107739,101864,1
2735,51030,4875,53765,7610,55905,0
85146,71724,80031,156870,165177,151755,1
72797,48756,21983,121553,94780,70739,0
92280,50767,29918,143047,122198,80685,0
22710,31314,93758,54024,116468,125072,0
30740,66548,74324,97288,105064,140872,1
53647,83588,68055,137235,121702,151643,1
91010,4335,75280,95345,166290,79615,0
83092,1513,7748,84605,90840,9261,0
81366,36694,19470,118060,100836,56164,0
81378,60519,51320,141897,132698,111839,1
5844,30318,4110,36162,9954,34428,0
17663,52754,68234,70417,85897,120988,1
8352,66301,13489,74653,21841,79790,0
72662,87157,75088,159819,147750,162245,1
4290,79535,83148,83825,87438,162683,1
49966,99921,61646,149887,111612,161567,1
75874,98233,75581,174107,151455,173814,1
55733,64269,42261,120002,97994,106530,1
78136,87079,2322,165215,80458,89401,0
14151,40956,54644,55107,68795,95600,1
47359,92552,92436,139911,139795,184988,1
83470,85319,47578,168789,131048,132897,1
96791,7544,19444,104335,116235,26988,0
2362,9822,5446,12184,7808,15268,0
98062,33567,45861,131629,143923,79428,0
30983,34579,30898,65562,61881,65477,1
31804,14783,77050,46587,108854,91833,0
24004,89317,24119,113321,48123,113436,0
9829,26398,17665,36227,27494,44063,1
57621,47371,28615,104992,86236,75986,1
37091,14615,80196,51706,117287,94811,0
9384,49031,8915,58415,18299,57946,0
46260,83205,53479,129465,99739,136684,1
67243,42118,35436,109361,102679,77554,1
81983,58595,84350,140578,166333,142945,1
92537,91770,65552,184307,158089,157322,1
44318,415,31062,44733,75380,31477,0
15873,28002,8172,43875,24045,36174,0
37265,52524,62593,89789,99858,115117,1
84168,9655,99559,93823,183727,109214,0
96458,1334,98972,97792,195430,100306,0
50129,72646,50000,122775,100129,122646,1
22390,81258,29209,103648,51599,110467,0
73619,93909,11388,167528,85007,105297,0
2522,2514,66433,5036,68955,68947,0
11268,58592,72339,69860,83607,130931,0
27112,3618,56136,30730,83248,59754,0
96085,88655,24354,184740,120439,113009,1
78257,85207,30235,163464,108492,115442,1
96429,9303,75726,105732,172155,85029,0
62061,4156,43244,66217,105305,47400,0
25593,80384,67548,105977,93141,147932,1
72089,64660,74289,136749,146378,138949,1
23993,89353,12621,113346,36614,101974,0
42366,99977,73486,142343,115852,173463,1
33032,75247,62382,108279,95414,137629,1
88775,67371,93008,156146,181783,160379,1
12232,75606,39868,87838,52100,115474,0
3027,75226,29960,78253,32987,105186,0
3862,15322,33727,19184,37589,49049,0
58906,97055,41683,155961,100589,138738,1
39390,57898,97386,97288,136776,155284,0
55783,92708,14407,148491,70190,107115,0
70955,34492,73842,105447,144797,108334,1
57186,63787,77510,120973,134696,141297,1
37021,23353,38111,60374,75132,61464,1
4925,26865,66771,31790,71696,93636,0
65001,96522,91542,161523,156543,188064,1
8543,67944,83124,76487,91667,151068,0
73880,32659,43358,106539,117238,76017,1
92827,68918,56926,161745,149753,125844,1
58645,97381,67629,156026,126274,165010,1
59944,61435,20624,121379,80568,82059,1
23744,65414,88448,89158,112192,153862,1
91886,78823,32933,170709,124819,111756,1
51120,77518,82410,128638,133530,159928,1
57351,97480,21,154831,57372,97501,0
18593,35350,76777,53943,95370,112127,0
51832,5386,47356,57218,99188,52742,1
40981,6134,31895,47115,72876,38029,0
6434,20703,59106,27137,65540,79809,0
83328,4439,97970,87767,181298,102409,0
37915,66431,46659,104346,84574,113090,1
30385,14451,42634,44836,73019,57085,1
85903,32563,65976,118466,151879,98539,1
31950,37223,55685,69173,87635,92908,1
24744,18428,23565,43172,48309,41993,1
4591,94849,43807,99440,48398,138656,0
25705,9944,31634,35649,57339,41578,1
81228,46546,87381,127774,168609,133927,1
60192,65956,57984,126148,118176,123940,1
17234,5451,20287,22685,37521,25738,1
91877,62903,16861,154780,108738,79764,0
24528,50342,8109,74870,32637,58451,0
67399,58439,76731,125838,144130,135170,1
20178,68198,28388,88376,48566,96586,0
78721,18999,35592,97720,114313,54591,0
4465,78157,28189,82622,32654,106346,0
24040,83207,60987,107247,85027,144194,1
30859,94125,40469,124984,71328,134594,0
28764,55021,93277,83785,122041,148298,0
94406,68068,32328,162474,126734,100396,1
91896,50099,63951,141995,155847,114050,1
22318,31521,91938,53839,114256,123459,0
28777,61498,82891,90275,111668,144389,1
53258,89751,4689,143009,57947,94440,0
83449,33162,89357,116611,172806,122519,1
5507,66472,49407,71979,54914,115879,0
35380,85441,66183,120821,101563,151624,1
6159,30369,57750,36528,63909,88119,0
96565,71766,9804,168331,106369,81570,0
79745,33578,61852,113323,141597,95430,1
4292,67390,81425,71682,85717,148815,0
82516,10970,45023,93486,127539,55993,0
38301,94573,74201,132874,112502,168774,1
86056,93549,54663,179605,140719,148212,1
8043,81106,76435,89149,84478,157541,1
22193,28614,50095,50807,72288,78709,1
80392,90599,75313,170991,155705,165912,1
41501,19929,42575,61430,84076,62504,1
47450,77128,12619,124578,60069,89747,0
10317,4792,23017,15109,33334,27809,0
98171,1256,65487,99427,163658,66743,0
8163,33782,48989,41945,57152,82771,0
63266,94725,39390,157991,102656,134115,1
74695,34876,75400,109571,150095,110276,1
22214,34515,35242,56729,57456,69757,1
44026,28313,75489,72339,119515,103802,0
97006,72385,87840,169391,184846,160225,1
74571,1602,34147,76173,108718,35749,0
69727,78658,33697,148385,103424,112355,1
77411,25417,57352,102828,134763,82769,1
21733,2284,16838,24017,38571,19122,0
97903,95260,74023,193163,171926,169283,1
66001,13008,58941,79009,124942,71949,1
60913,63420,98472,124333,159385,161892,1
48411,77127,56777,125538,105188,133904,1
33569,69516,56603,103085,90172,126119,1
4683,11643,35025,16326,39708,46668,0
53057,38743,71123,91800,124180,109866,1
12873,40614,11621,53487,24494,52235,0
66817,53152,30238,119969,97055,83390,1
22953,20268,14937,43221,37890,35205,1
43875,72263,96561,116138,140436,168824,1
38369,78911,95874,117280,134243,174785,1
34220,97044,72547,131264,106767,169591,1
13939,42688,28177,56627,42116,70865,0
98014,42434,94311,140448,192325,136745,1
60825,83224,56978,144049,117803,140202,1
66905,37337,21364,104242,88269,58701,0
52122,14641,85814,66763,137936,100455,0
84663,31284,18538,115947,103201,49822,0
39288,47503,2082,86791,41370,49585,0
89340,84037,41616,173377,130956,125653,1
6022,51919,78909,57941,84931,130828,0
56455,56679,6099,113134,62554,62778,1
17932,53365,14459,71297,32391,67824,0
95511,4103,65676,99614,161187,69779,0
57412,87024,55051,144436,112463,142075,1
50653,68098,61181,118751,111834,129279,1
88340,21079,25277,109419,113617,46356,0
46280,37787,25087,84067,71367,62874,1
52631,52569,8635,105200,61266,61204,1
6507,19162,13487,25669,19994,32649,1
15390,73689,98975,89079,114365,172664,0
23874,74196,50412,98070,74286,124608,1
11629,45480,30848,57109,42477,76328,0
92301,58203,82193,150504,174494,140396,1
21691,97315,64606,119006,86297,161921,0
72802,74193,83095,146995,155897,157288,1
16859,22256,6928,39115,23787,29184,1
47031,44670,85444,91701,132475,130114,1
85885,79955,43835,165840,129720,123790,1
48744,7495,3849,56239,52593,11344,0
2382,4823,59043,7205,61425,63866,0
52488,39629,11815,92117,64303,51444,0
39146,84223,62673,123369,101819,146896,1
44488,59799,35362,104287,79850,95161,1
69059,53257,56634,122316,125693,109891,1
33242,44579,13211,77821,46453,57790,1
77500,51455,30717,128955,108217,82172,1
69621,27206,40426,96827,110047,67632,0
94154,40687,18643,134841,112797,59330,0
217,46744,29583,46961,29800,76327,0
20,1666,88441,1686,88461,90107,0
66546,65137,8987,131683,75533,74124,1
52293,75614,28960,127907,81253,104574,1
29767,10709,82856,40476,112623,93565,0
64487,46027,64048,110514,128535,110075,1
19886,89393,17721,109279,37607,107114,0
47875,6696,93413,54571,141288,100109,0
71969,89226,86404,161195,158373,175630,1
29287,67965,97484,97252,126771,165449,0
87581,3509,62120,91090,149701,65629,0
21896,17693,39864,39589,61760,57557,0
13040,4964,55627,18004,68667,60591,0
69056,16417,30099,85473,99155,46516,0
43674,87393,31072,131067,74746,118465,0
67090,47751,39535,114841,106625,87286,1
56145,76700,47231,132845,103376,123931,1
88934,24202,74661,113136,163595,98863,1
99549,67406,13563,166955,113112,80969,0
41376,9197,22523,50573,63899,31720,0
25228,160,66819,25388,92047,66979,0
74751,91562,33141,166313,107892,124703,1
18847,38971,94140,57818,112987,133111,0
83056,2316,78767,85372,161823,81083,0
87434,98487,33448,185921,120882,131935,1
39849,7102,6237,46951,46086,13339,0
84166,18577,49256,102743,133422,67833,0
85423,68714,16172,154137,101595,84886,0
58211,61937,30389,120148,88600,92326,1
96861,84648,74577,181509,171438,159225,1
67949,18709,78307,86658,146256,97016,1
59785,72481,84974,132266,144759,157455,1
59378,35291,29576,94669,88954,64867,1
5414,44344,37542,49758,42956,81886,0
3261,33623,3387,36884,6648,37010,0
71849,14610,18071,86459,89920,32681,0
88772,77052,60148,165824,148920,137200,1
18651,13855,30753,32506,49404,44608,1
83466,47070,720,130536,84186,47790,0
4033,56596,50375,60629,54408,106971,0
24648,73925,19249,98573,43897,93174,0
17787,30538,35897,48325,53684,66435,1
77958,8970,56185,86928,134143,65155,0
16153,31830,83005,47983,99158,114835,0
25937,82558,28340,108495,54277,110898,0
1630,8133,32974,9763,34604,41107,0
82583,48205,82375,130788,164958,130580,1
13494,84156,82010,97650,95504,166166,1
2557,57091,54365,59648,56922,111456,0
82170,22560,12532,104730,94702,35092,0
17743,32101,20832,49844,38575,52933,1
43058,10601,38219,53659,81277,48820,1
79284,12683,71546,91967,150830,84229,1
52125,63443,28123,115568,80248,91566,1
63142,33908,94956,97050,158098,128864,1
2002,38768,6938,40770,8940,45706,0
63285,53336,9670,116621,72955,63006,0
48145,39705,37641,87850,85786,77346,1
98240,10588,86975,108828,185215,97563,0
54313,33577,42372,87890,96685,75949,1
73542,13699,36858,87241,110400,50557,0
8763,71317,96727,80080,105490,168044,0
2472,91688,49548,94160,52020,141236,0
22598,88964,2058,111562,24656,91022,0
43882,68603,31718,112485,75600,100321,1
22909,12317,94831,35226,117740,107148,0
13655,47906,10040,61561,23695,57946,0
24229,59897,80977,84126,105206,140874,1
14682,46885,26012,61567,40694,72897,0
85740,165,25012,85905,110752,25177,0
5024,94084,61714,99108,66738,155798,0
10792,53674,65432,64466,76224,119106,0
15157,60891,55996,76048,71153,116887,1
96863,17633,72333,114496,169196,89966,0
72514,53260,98271,125774,170785,151531,1
82831,33298,2572,116129,85403,35870,0
83286,97052,446,180338,83732,97498,0
5554,39578,54287,45132,59841,93865,0
78285,68521,5480,146806,83765,74001,0
63361,5933,15576,69294,78937,21509,0
82303,56342,39655,138645,121958,95997,1
29959,88803,6767,118762,36726,95570,0
72011,98962,9946,170973,81957,108908,0
51148,63544,93262,114692,144410,156806,1
93642,37950,29704,131592,123346,67654,0
6342,3903,18850,10245,25192,22753,0
8736,27567,67074,36303,75810,94641,0
91263,37355,42144,128618,133407,79499,0
36714,15077,7540,51791,44254,22617,0
4476,24330,17662,28806,22138,41992,0
2347,20949,94954,23296,97301,115903,0
79194,53369,57910,132563,137104,111279,1
34538,26138,86353,60676,120891,112491,0
60243,29790,88055,90033,148298,117845,1
8833,51012,88578,59845,97411,139590,0
4633,66411,63829,71044,68462,130240,1
17274,37914,41432,55188,58706,79346,1
72500,57809,31504,130309,104004,89313,1
90773,90970,95882,181743,186655,186852,1
39272,72235,93281,111507,132553,165516,1
41244,99193,67545,140437,108789,166738,1
59051,34147,99189,93198,158240,133336,0
22085,56034,91864,78119,113949,147898,0
32237,9302,18598,41539,50835,27900,0
14116,37721,15856,51837,29972,53577,0
49039,29757,97074,78796,146113,126831,0
64632,88967,72279,153599,136911,161246,1
20342,47366,79581,67708,99923,126947,0
18316,85416,81426,103732,99742,166842,1
82268,64252,45814,146520,128082,110066,1
59758,24692,66027,84450,125785,90719,1
50726,56904,77041,107630,127767,133945,1
47197,79770,95566,126967,142763,175336,1
64505,4869,26049,69374,90554,30918,0
72148,81567,7139,153715,79287,88706,0
5095,2101,91054,7196,96149,93155,0
36939,91380,3156,128319,40095,94536,0
9170,77856,85833,87026,95003,163689,1
89044,76164,95595,165208,184639,171759,1
96211,26108,91178,122319,187389,117286,1
65573,14152,64523,79725,130096,78675,1
95442,96865,35690,192307,131132,132555,1
14960,76145,26601,91105,41561,102746,0
80835,70018,88527,150853,169362,158545,1
59554,28176,70697,87730,130251,98873,1
31567,94120,38804,125687,70371,132924,0
75913,23133,59739,99046,135652,82872,1
33076,47146,24600,80222,57676,71746,1
66096,20507,40057,86603,106153,60564,0
87099,80125,30612,167224,117711,110737,1
78228,78779,20610,157007,98838,99389,1
45451,65613,37966,111064,83417,103579,1
99377,820,2734,100197,102111,3554,0
83640,8439,23477,92079,107117,31916,0
90142,50915,8337,141057,98479,59252,0
38663,68763,6338,107426,45001,75101,0
97093,67387,65162,164480,162255,132549,1
98663,18180,140,116843,98803,18320,0
64038,3252,67661,67290,131699,70913,0
84759,79368,80236,164127,164995,159604,1
79259,70455,17477,149714,96736,87932,1
64553,58089,91324,122642,155877,149413,1
16376,34788,75421,51164,91797,110209,0
88550,73463,37256,162013,125806,110719,1
21814,44857,96187,66671,118001,141044,0
80674,66771,63056,147445,143730,129827,1
19198,61310,182,80508,19380,61492,0
84496,74349,39880,158845,124376,114229,1
67793,38437,58657,106230,126450,97094,1
15368,31678,14581,47046,29949,46259,0
30131,35880,62625,66011,92756,98505,1
67016,17181,30269,84197,97285,47450,0
48594,58214,34096,106808,82690,92310,1
96903,14562,75323,111465,172226,89885,0
72764,14889,73254,87653,146018,88143,1
15504,95213,67711,110717,83215,162924,0
40590,43582,62581,84172,103171,106163,1
66246,42386,91739,108632,157985,134125,1
30100,37444,14278,67544,44378,51722,1
34593,55141,15859,89734,50452,71000,0
63199,69950,88735,133149,151934,158685,1
96486,37491,22090,133977,118576,59581,0
24461,23461,89720,47922,114181,113181,0
57806,51211,86167,109017,143973,137378,1
52587,40304,93492,92891,146079,133796,0
74562,17444,14288,92006,88850,31732,0
31687,88731,26343,120418,58030,115074,0
48018,24152,38604,72170,86622,62756,1
49830,13511,86656,63341,136486,100167,0
89926,71902,4768,161828,94694,76670,0
57122,96062,21682,153184,78804,117744,0
99253,12638,81791,111891,181044,94429,0
8355,75037,63796,83392,72151,138833,0
58139,92727,79263,150866,137402,171990,1
71655,23775,18571,95430,90226,42346,0
32614,18261,53336,50875,85950,71597,0
4175,68533,43653,72708,47828,112186,0
69892,80938,41542,150830,111434,122480,1
12239,91248,81220,103487,93459,172468,1
56051,44788,84501,100839,140552,129289,1
87468,96506,52622,183974,140090,149128,1
36559,29168,51254,65727,87813,80422,1
89896,74167,17996,164063,107892,92163,1
73252,13099,12083,86351,85335,25182,0
56490,87699,1561,144189,58051,89260,0
20825,48586,27228,69411,48053,75814,0
5748,22453,57952,28201,63700,80405,0
90983,42042,93778,133025,184761,135820,1
11365,71022,25456,82387,36821,96478,0
84724,25372,47304,110096,132028,72676,0
27020,86803,46037,113823,73057,132840,0
96632,57699,30080,154331,126712,87779,0
16479,60283,44333,76762,60812,104616,1
83160,68809,8122,151969,91282,76931,0
24374,47607,29668,71981,54042,77275,1
35663,26092,94415,61755,130078,120507,0
42467,81304,55729,123771,98196,137033,1
75952,76673,79260,152625,155212,155933,1
76639,46118,1920,122757,78559,48038,0
95310,17617,32184,112927,127494,49801,0
35865,1012,5284,36877,41149,6296,0
96286,51310,92935,147596,189221,144245,1
69413,96560,73209,165973,142622,169769,1
86271,98176,89541,184447,175812,187717,1
40431,40637,10884,81068,51315,51521,1
61409,9766,22618,71175,84027,32384,0
833,39124,80310,39957,81143,119434,0
83766,15467,25395,99233,109161,40862,0
35811,45130,94318,80941,130129,139448,0
33003,96678,70027,129681,103030,166705,1
84930,87738,78476,172668,163406,166214,1
97823,99452,57438,197275,155261,156890,1
17502,16946,8985,34448,26487,25931,1
74894,10147,65611,85041,140505,75758,1
23600,70739,98563,94339,122163,169302,0
79061,99201,91916,178262,170977,191117,1
67188,55942,65928,123130,133116,121870,1
94752,59039,38906,153791,133658,97945,1
89786,23462,71609,113248,161395,95071,1
27107,72020,28628,99127,55735,100648,0
93148,53071,97246,146219,190394,150317,1
38839,25127,61890,63966,100729,87017,1
52553,67576,55018,120129,107571,122594,1
72155,23582,60318,95737,132473,83900,1
24061,4828,31530,28889,55591,36358,0
75972,49367,43265,125339,119237,92632,1
2569,25971,43116,28540,45685,69087,0
2674,85267,77185,87941,79859,162452,0
30732,2272,23139,33004,53871,25411,0
21281,4370,75468,25651,96749,79838,0
51560,84051,34721,135611,86281,118772,1
41805,3617,87245,45422,129050,90862,0
51567,63783,1358,115350,52925,65141,0
716,12059,77797,12775,78513,89856,0
94063,71960,50529,166023,144592,122489,1
2226,86591,1109,88817,3335,87700,0
16057,9671,53326,25728,69383,62997,0
2855,832,94341,3687,97196,95173,0
23592,33500,98031,57092,121623,131531,0
28603,25853,23112,54456,51715,48965,1
32447,65971,23651,98418,56098,89622,0
44789,45846,8169,90635,52958,54015,1
50807,66129,60773,116936,111580,126902,1
68634,42057,40299,110691,108933,82356,1
87876,66934,1380,154810,89256,68314,0
92088,12534,40405,104622,132493,52939,0
79701,19786,77707,99487,157408,97493,1
28350,24263,15669,52613,44019,39932,1
65827,63296,82299,129123,148126,145595,1
38182,24247,22200,62429,60382,46447,1
29226,79307,19480,108533,48706,98787,0
21185,59303,21737,80488,42922,81040,0
62453,94687,79970,157140,142423,174657,1
84418,56220,26291,140638,110709,82511,0
47754,34904,11364,82658,59118,46268,0
24009,66727,38566,90736,62575,105293,0
51932,71705,16283,123637,68215,87988,0
82482,50606,83236,133088,165718,133842,1
26433,32738,93526,59171,119959,126264,0
39031,80348,27352,119379,66383,107700,0
84266,76617,21141,160883,105407,97758,1
21478,92833,13234,114311,34712,106067,0
45031,22299,40266,67330,85297,62565,1
97119,33431,39116,130550,136235,72547,0
80332,14585,58667,94917,138999,73252,0
71787,22493,20855,94280,92642,43348,0
53791,15622,63859,69413,117650,79481,1
33637,60600,93789,94237,127426,154389,1
81195,5377,23081,86572,104276,28458,0
65528,90911,73013,156439,138541,163924,1
36162,7627,9427,43789,45589,17054,0
83659,17511,7088,101170,90747,24599,0
24801,7270,72085,32071,96886,79355,0
51636,77657,45986,129293,97622,123643,1
23886,88644,98847,112530,122733,187491,1
76437,70648,86635,147085,163072,157283,1
38748,78580,56910,117328,95658,135490,1
46844,23111,74632,69955,121476,97743,0
50745,71293,3117,122038,53862,74410,0
83381,75120,17838,158501,101219,92958,1
50189,16275,60276,66464,110465,76551,1
10346,69296,27493,79642,37839,96789,0
56381,11935,96979,68316,153360,108914,0
39878,6393,11394,46271,51272,17787,0
79885,22123,30445,102008,110330,52568,0
71208,39090,56841,110298,128049,95931,1
35875,83180,53028,119055,88903,136208,1
28071,18954,84620,47025,112691,103574,0
95940,46039,37548,141979,133488,83587,0
47370,72737,36336,120107,83706,109073,1
94229,30351,93511,124580,187740,123862,1
73262,8639,39992,81901,113254,48631,0
13412,50580,18707,63992,32119,69287,0
9544,29761,47683,39305,57227,77444,0
29652,91336,91940,120988,121592,183276,1
50388,95130,41359,145518,91747,136489,0
12310,99839,62147,112149,74457,161986,0
5088,34987,26230,40075,31318,61217,0
1218,18326,80569,19544,81787,98895,0
32515,81956,4020,114471,36535,85976,0
97422,47288,79312,144710,176734,126600,1
10790,36553,50315,47343,61105,86868,0
85108,31970,5946,117078,91054,37916,0
32226,55188,21352,87414,53578,76540,0
57906,28211,7888,86117,65794,36099,0
5678,84203,15916,89881,21594,100119,0
31956,79951,88977,111907,120933,168928,1
58483,648,8097,59131,66580,8745,0
13060,81371,86056,94431,99116,167427,1
65314,34016,35065,99330,100379,69081,1
22927,98233,95566,121160,118493,193799,1
59637,3837,51719,63474,111356,55556,0
75044,64250,46495,139294,121539,110745,1
80718,52217,89855,132935,170573,142072,1
3316,68419,78921,71735,82237,147340,0
99636,10370,28488,110006,128124,38858,0
21098,90794,29624,111892,50722,120418,0
71155,7742,59296,78897,130451,67038,0
91059,19177,16621,110236,107680,35798,0
5713,45753,55192,51466,60905,100945,0
93576,12763,31310,106339,124886,44073,0
42763,9079,90453,51842,133216,99532,0
18512,25177,75379,43689,93891,100556,0
40821,85639,83626,126460,124447,169265,1
63367,33565,27448,96932,90815,61013,0
6006,25329,39259,31335,45265,64588,0
13555,28676,64771,42231,78326,93447,0
70710,85106,44453,155816,115163,129559,1
14005,73143,40751,87148,54756,113894,0
50679,14048,22542,64727,73221,36590,0
95323,85735,39286,181058,134609,125021,1
42343,48841,17707,91184,60050,66548,1
5433,57903,60738,63336,66171,118641,1
11887,64801,33181,76688,45068,97982,0
26204,83675,90292,109879,116496,173967,1
50220,84397,97864,134617,148084,182261,1
26616,99059,7823,125675,34439,106882,0
63142,51451,57959,114593,121101,109410,1
63898,16661,69798,80559,133696,86459,1
19989,70942,21630,90931,41619,92572,0
33302,84622,93356,117924,126658,177978,1
31159,32024,17608,63183,48767,49632,1
89369,62118,60729,151487,150098,122847,1
88458,67541,3489,155999,91947,71030,0
65410,65272,862,130682,66272,66134,1
13399,81662,45747,95061,59146,127409,0
91582,96202,42352,187784,133934,138554,1
36485,17941,66268,54426,102753,84209,0
41684,411,68768,42095,110452,69179,0
94317,76620,64670,170937,158987,141290,1
53684,31425,49668,85109,103352,81093,1
31973,33905,31906,65878,63879,65811,1
28390,88397,91357,116787,119747,179754,1
75053,30871,65491,105924,140544,96362,1
80084,58985,14242,139069,94326,73227,0
75449,64299,72653,139748,148102,136952,1
8279,15622,60685,23901,68964,76307,0
89749,6340,78936,96089,168685,85276,0
81450,41416,946,122866,82396,42362,0
49304,35312,42281,84616,91585,77593,1
28352,25659,65024,54011,93376,90683,0
93602,61691,93650,155293,187252,155341,1
63431,48909,6301,112340,69732,55210,0
80849,98665,55059,179514,135908,153724,1
65798,64174,33065,129972,98863,97239,1
39419,50411,83606,89830,123025,134017,1
64525,10283,56064,74808,120589,66347,1
20357,97150,55628,117507,75985,152778,0
41059,32069,88057,73128,129116,120126,0
28478,66338,74860,94816,103338,141198,1
31413,46745,9929,78158,41342,56674,0
88940,23232,9728,112172,98668,32960,0
87050,22720,26781,109770,113831,49501,0
19243,18314,80052,37557,99295,98366,0
45744,94463,42449,140207,88193,136912,0
48692,15071,28522,63763,77214,43593,0
87912,4642,46415,92554,134327,51057,0
31885,61536,51554,93421,83439,113090,1
20302,38435,69933,58737,90235,108368,0
34208,74782,54582,108990,88790,129364,1
52216,36881,24002,89097,76218,60883,1
57034,49641,43181,106675,100215,92822,1
99739,95105,29549,194844,129288,124654,1
35374,98733,31021,134107,66395,129754,0
38804,50483,25777,89287,64581,76260,1
54121,91567,85907,145688,140028,177474,1
12742,32527,41844,45269,54586,74371,1
38233,96741,77122,134974,115355,173863,1
23392,41291,37646,64683,61038,78937,1
71362,44820,20751,116182,92113,65571,0
20444,58157,57983,78601,78427,116140,1
2819,4430,46025,7249,48844,50455,0
95420,60928,52917,156348,148337,113845,1
39405,3899,20138,43304,59543,24037,0
59873,26460,47911,86333,107784,74371,1
40153,62459,24724,102612,64877,87183,1
80608,39328,30228,119936,110836,69556,0
51803,20080,65627,71883,117430,85707,1
1856,60189,35665,62045,37521,95854,0
84174,27253,85451,111427,169625,112704,1
79623,88946,34891,168569,114514,123837,1
38526,76580,78474,115106,117000,155054,1
99742,91065,34692,190807,134434,125757,1
50882,85867,97054,136749,147936,182921,1
1799,71622,67057,73421,68856,138679,0
91505,13489,62916,104994,154421,76405,0
40646,66332,62839,106978,103485,129171,1
36746,20635,17750,57381,54496,38385,1
62877,18483,16968,81360,79845,35451,0
11691,48099,48723,59790,60414,96822,1
75275,7249,16396,82524,91671,23645,0
69850,61511,39921,131361,109771,101432,1
56047,85170,15055,141217,71102,100225,0
49196,10695,92719,59891,141915,103414,0
17780,67523,96040,85303,113820,163563,0
69577,28913,80567,98490,150144,109480,1
76354,86864,8130,163218,84484,94994,0
27341,49902,23905,77243,51246,73807,1
95192,33843,63712,129035,158904,97555,1
39037,35480,15813,74517,54850,51293,1
78877,64545,23343,143422,102220,87888,1
10649,133,63377,10782,74026,63510,0
7764,48271,34029,56035,41793,82300,0
29317,968,86037,30285,115354,87005,0
59335,92090,95801,151425,155136,187891,1
95264,96423,56701,191687,151965,153124,1
78367,1836,96096,80203,174463,97932,0
5586,64307,64293,69893,69879,128600,1
61742,62769,93901,124511,155643,156670,1
65,972,23777,1037,23842,24749,0
93295,42633,90461,135928,183756,133094,1
65118,15370,95246,80488,160364,110616,0
64290,19369,3504,83659,67794,22873,0
56945,13135,8243,70080,65188,21378,0
85631,78998,46764,164629,132395,125762,1
25192,90816,9259,116008,34451,100075,0
27499,99465,87744,126964,115243,187209,1
10387,26689,96953,37076,107340,123642,0
21130,93615,22066,114745,43196,115681,0
35679,8770,49772,44449,85451,58542,0
71112,29925,29195,101037,100307,59120,0
28553,92760,71059,121313,99612,163819,1
67421,45140,81481,112561,148902,126621,1
86454,96879,39100,183333,125554,135979,1
11639,8922,6301,20561,17940,15223,1
88046,28506,11027,116552,99073,39533,0
71592,13429,38125,85021,109717,51554,0
93726,29699,26763,123425,120489,56462,0
82287,33381,58827,115668,141114,92208,1
83997,90450,26291,174447,110288,116741,1
84548,6520,77184,91068,161732,83704,0
38011,42483,47685,80494,85696,90168,1
18219,48217,33962,66436,52181,82179,1
38041,54162,22149,92203,60190,76311,1
69473,79763,83241,149236,152714,163004,1
8321,82604,77126,90925,85447,159730,1
55501,35648,73793,91149,129294,109441,1
65199,10352,61386,75551,126585,71738,1
58883,94718,52505,153601,111388,147223,1
15328,76016,18191,91344,33519,94207,0
53296,81975,70443,135271,123739,152418,1
92850,84564,67267,177414,160117,151831,1
47368,1937,75894,49305,123262,77831,0
81297,71712,95943,153009,177240,167655,1
43462,17021,44367,60483,87829,61388,1
37727,10014,18706,47741,56433,28720,0
61192,6765,79725,67957,140917,86490,0
87227,46828,41260,134055,128487,88088,1
99359,99241,92575,198600,191934,191816,1
99303,4770,33822,104073,133125,38592,0
46809,3028,54701,49837,101510,57729,0
61179,21238,57679,82417,118858,78917,1
72762,1083,64700,73845,137462,65783,0
34660,35465,74321,70125,108981,109786,0
44317,87805,28090,132122,72407,115895,0
11696,61734,77551,73430,89247,139285,0
4294,45309,43561,49603,47855,88870,1
26578,27042,56888,53620,83466,83930,0
7853,42912,39321,50765,47174,82233,1
67459,88386,78418,155845,145877,166804,1
33663,29323,66228,62986,99891,95551,0
9469,41894,67137,51363,76606,109031,0
24634,86946,60074,111580,84708,147020,0
54380,73839,78709,128219,133089,152548,1
83045,9250,28347,92295,111392,37597,0
61051,85232,16017,146283,77068,101249,0
26472,39948,22433,66420,48905,62381,1
14399,99113,9090,113512,23489,108203,0
4306,81517,2839,85823,7145,84356,0
81614,36556,84057,118170,165671,120613,1
47048,17585,2226,64633,49274,19811,0
16331,55592,62963,71923,79294,118555,1
59498,58271,1588,117769,61086,59859,1
19941,85049,85716,104990,105657,170765,1
32611,8800,2567,41411,35178,11367,0
63883,33720,8763,97603,72646,42483,0
99131,54634,8026,153765,107157,62660,0
43973,99537,7297,143510,51270,106834,0
22015,56958,31977,78973,53992,88935,0
69034,50075,38462,119109,107496,88537,1
24023,63188,86857,87211,110880,150045,1
76431,30850,61004,107281,137435,91854,1
72121,53259,33915,125380,106036,87174,1
96970,2537,7625,99507,104595,10162,0
14534,20538,58702,35072,73236,79240,0
81994,87141,51215,169135,133209,138356,1
38174,55304,75574,93478,113748,130878,1
63327,69046,57822,132373,121149,126868,1
73894,3661,88241,77555,162135,91902,0
34751,63398,71558,98149,106309,134956,1
30516,98930,46844,129446,77360,145774,0
2906,90970,89738,93876,92644,180708,1
2917,52346,70788,55263,73705,123134,0
28233,38561,13103,66794,41336,51664,1
38390,27274,47167,65664,85557,74441,1
73925,1981,78864,75906,152789,80845,0
28358,24818,61005,53176,89363,85823,0
3250,83083,3480,86333,6730,86563,0
87130,60317,23053,147447,110183,83370,0
14740,81654,16512,96394,31252,98166,0
81580,41424,80648,123004,162228,122072,1
82339,10164,46712,92503,129051,56876,0
32603,7171,81675,39774,114278,88846,0
75974,14467,86052,90441,162026,100519,1
1862,68,20412,1930,22274,20480,0
99987,46612,5155,146599,105142,51767,0
55853,37123,72306,92976,128159,109429,1
79350,2673,99372,82023,178722,102045,0
197,59331,18288,59528,18485,77619,0
90053,54261,19620,144314,109673,73881,0
51480,39805,53093,91285,104573,92898,1
4501,86647,14075,91148,18576,100722,0
19384,35912,80039,55296,99423,115951,0
4847,28334,37347,33181,42194,65681,0
36684,10884,39237,47568,75921,50121,1
16978,78726,39749,95704,56727,118475,0
37515,50661,7208,88176,44723,57869,0
90067,78489,26139,168556,116206,104628,1
1775,21770,80530,23545,82305,102300,0
2536,44896,69363,47432,71899,114259,0
13142,81739,35952,94881,49094,117691,0
27732,73250,86986,100982,114718,160236,1
17018,82081,6322,99099,23340,88403,0
62890,81293,61216,144183,124106,142509,1
35679,12920,64983,48599,100662,77903,0
24421,71983,81196,96404,105617,153179,1
3121,86022,29342,89143,32463,115364,0
50464,42109,99427,92573,149891,141536,0
1512,49362,96609,50874,98121,145971,0
50650,5256,36386,55906,87036,41642,0
11589,38270,15406,49859,26995,53676,0
10236,16997,86757,27233,96993,103754,0
23988,6006,21226,29994,45214,27232,1
27104,17913,40442,45017,67546,58355,1
30934,21567,66245,52501,97179,87812,0
55754,48675,85554,104429,141308,134229,1
72571,79528,12317,152099,84888,91845,1
9476,41173,39292,50649,48768,80465,1
37980,84315,51590,122295,89570,135905,1
70954,52333,94965,123287,165919,147298,1
64609,28751,37627,93360,102236,66378,1
71443,78085,35029,149528,106472,113114,1
56438,52565,22483,109003,78921,75048,1
42984,83279,67631,126263,110615,150910,1
79759,77827,87616,157586,167375,165443,1
53569,65122,2477,118691,56046,67599,0
26303,74418,11224,100721,37527,85642,0
39256,64540,37020,103796,76276,101560,1
61615,48585,28500,110200,90115,77085,1
74185,51196,9583,125381,83768,60779,0
12657,60989,90745,73646,103402,151734,0
63596,71928,60944,135524,124540,132872,1
29424,27970,49266,57394,78690,77236,1
58766,43361,94318,102127,153084,137679,1
52054,24528,41709,76582,93763,66237,1
36301,13919,88223,50220,124524,102142,0
31391,98665,46024,130056,77415,144689,0
23412,56837,26374,80249,49786,83211,0
4107,60603,60662,64710,64769,121265,1
25,56285,8317,56310,8342,64602,0
53890,52692,2107,106582,55997,54799,1
53091,86829,51681,139920,104772,138510,1
93828,24360,86005,118188,179833,110365,1
51646,97159,78611,148805,130257,175770,1
5641,72933,85811,78574,91452,158744,0
83631,40741,37930,124372,121561,78671,0
75430,90246,41887,165676,117317,132133,1
29943,52696,29848,82639,59791,82544,1
85310,21953,69375,107263,154685,91328,1
44206,86482,18722,130688,62928,105204,0
46868,5362,26578,52230,73446,31940,0
50883,32373,32754,83256,83637,65127,1
5053,79170,91455,84223,96508,170625,0
82609,16961,45397,99570,128006,62358,0
1088,1036,14355,2124,15443,15391,0
8381,23706,62027,32087,70408,85733,0
62438,36316,58633,98754,121071,94949,1
31155,87346,85962,118501,117117,173308,1
86403,25614,65157,112017,151560,90771,1
52319,28112,78322,80431,130641,106434,1
8232,42463,82048,50695,90280,124511,0
8033,80995,65857,89028,73890,146852,0
64678,2671,43696,67349,108374,46367,0
54957,85106,88346,140063,143303,173452,1
86442,95678,13367,182120,99809,109045,1
26763,68529,35041,95292,61804,103570,0
7701,31606,65964,39307,73665,97570,0
71374,16099,40634,87473,112008,56733,0
64894,99942,33310,164836,98204,133252,0
7322,51895,35010,59217,42332,86905,0
31994,72476,52159,104470,84153,124635,1
65475,1091,27762,66566,93237,28853,0
68681,54700,68078,123381,136759,122778,1
84287,26306,77073,110593,161360,103379,1
6517,54054,76988,60571,83505,131042,0
16023,82892,23249,98915,39272,106141,0
63672,33569,10718,97241,74390,44287,0
13039,49148,33247,62187,46286,82395,0
73775,89267,16726,163042,90501,105993,1
55599,15845,53190,71444,108789,69035,1
77114,710,32806,77824,109920,33516,0
96302,81650,50082,177952,146384,131732,1
31454,98920,27876,130374,59330,126796,0
20000,42855,77647,62855,97647,120502,0
69331,60810,76950,130141,146281,137760,1
84417,7730,60640,92147,145057,68370,0
82240,9693,29783,91933,112023,39476,0
92073,7107,60480,99180,152553,67587,0
92769,46980,35696,139749,128465,82676,0
85748,95676,15624,181424,101372,111300,1
96292,47433,35128,143725,131420,82561,0
29506,48650,30095,78156,59601,78745,1
59137,54722,3083,113859,62220,57805,0
16893,91466,97123,108359,114016,188589,1
78178,95594,74552,173772,152730,170146,1
4724,66591,27606,71315,32330,94197,0
10305,13714,93383,24019,103688,107097,0
79758,57121,10031,136879,89789,67152,0
4574,45373,70527,49947,75101,115900,0
87927,73134,38204,161061,126131,111338,1
42165,58486,34161,100651,76326,92647,1
1887,6131,99434,8018,101321,105565,0
15399,73881,47910,89280,63309,121791,0
60308,2083,14201,62391,74509,16284,0
4905,93251,48832,98156,53737,142083,0
26925,59053,87991,85978,114916,147044,0
65384,59583,66360,124967,131744,125943,1
4238,65705,80325,69943,84563,146030,0
2217,18613,36486,20830,38703,55099,0
62229,22403,91912,84632,154141,114315,0
48608,59753,39961,108361,88569,99714,1
13841,64070,93132,77911,106973,157202,0
16690,97932,87953,114622,104643,185885,1
95305,5105,84279,100410,179584,89384,0
56955,92962,64213,149917,121168,157175,1
88330,54273,81489,142603,169819,135762,1
51033,89112,95793,140145,146826,184905,1
16759,74092,45725,90851,62484,119817,0
22071,107,11484,22178,33555,11591,0
81322,92095,9267,173417,90589,101362,0
83462,53193,10691,136655,94153,63884,0
57605,91132,7223,148737,64828,98355,0
16697,13068,79137,29765,95834,92205,0
95883,75210,42756,171093,138639,117966,1
46949,42920,56197,89869,103146,99117,1
12542,59490,28464,72032,41006,87954,0
57075,19918,64351,76993,121426,84269,1
49339,72155,26131,121494,75470,98286,1
35648,70646,24851,106294,60499,95497,0
51758,51125,64416,102883,116174,115541,1
42158,86935,10292,129093,52450,97227,0
48812,2994,25302,51806,74114,28296,0
27038,89636,95852,116674,122890,185488,1
96554,42195,30300,138749,126854,72495,0
56669,43007,54958,99676,111627,97965,1
75776,34801,59132,110577,134908,93933,1
20359,65344,12696,85703,33055,78040,0
80118,46052,97252,126170,177370,143304,1
22028,1533,56222,23561,78250,57755,0
65655,53808,56193,119463,121848,110001,1
16429,10961,57105,27390,73534,68066,0
91369,46402,90458,137771,181827,136860,1
55998,96541,75746,152539,131744,172287,1
73725,99367,23490,173092,97215,122857,0
45368,49619,85181,94987,130549,134800,1
59650,74081,97407,133731,157057,171488,1
76348,57344,55126,133692,131474,112470,1
10475,29274,57173,39749,67648,86447,0
274,34567,39226,34841,39500,73793,0
83267,28089,18902,111356,102169,46991,0
71045,62083,71411,133128,142456,133494,1
68286,46485,48368,114771,116654,94853,1
46397,63396,31616,109793,78013,95012,1
47989,67764,55024,115753,103013,122788,1
37715,96957,50656,134672,88371,147613,0
30744,18326,31249,49070,61993,49575,1
23169,55535,57085,78704,80254,112620,1
12675,3805,65213,16480,77888,69018,0
95583,26045,27911,121628,123494,53956,0
97005,59820,9327,156825,106332,69147,0
77811,67701,37744,145512,115555,105445,1
40579,95061,72397,135640,112976,167458,1
15982,18286,73128,34268,89110,91414,0
32471,55825,77205,88296,109676,133030,1
80295,18917,95925,99212,176220,114842,1
68153,81872,57338,150025,125491,139210,1
8845,36605,90335,45450,99180,126940,0
98434,6588,58462,105022,156896,65050,0
98341,1596,76304,99937,174645,77900,0
70624,35766,16268,106390,86892,52034,0
90222,86174,92714,176396,182936,178888,1
7177,55228,25586,62405,32763,80814,0
96883,82005,58980,178888,155863,140985,1
34914,98984,94615,133898,129529,193599,1
59435,51490,9548,110925,68983,61038,1
91161,96494,85035,187655,176196,181529,1
97409,70703,87401,168112,184810,158104,1
99832,57733,39113,157565,138945,96846,0
49486,30914,29877,80400,79363,60791,1
35125,72710,43989,107835,79114,116699,1
88949,77004,57260,165953,146209,134264,1
9766,49962,4031,59728,13797,53993,0
44065,75375,55696,119440,99761,131071,1
81456,70221,10852,151677,92308,81073,0
99868,58844,77888,158712,177756,136732,1
80548,43519,51867,124067,132415,95386,1
58451,87926,69660,146377,128111,157586,1
35723,59923,72545,95646,108268,132468,1
58621,66458,87314,125079,145935,153772,1
18920,98699,72153,117619,91073,170852,0
73320,62827,1265,136147,74585,64092,0
71757,83555,59468,155312,131225,143023,1
13193,56292,65959,69485,79152,122251,1
5512,43381,72946,48893,78458,116327,0
17325,67412,58277,84737,75602,125689,1
71012,66139,73769,137151,144781,139908,1
60367,739,66917,61106,127284,67656,0
91224,68317,72275,159541,163499,140592,1
37430,63072,16561,100502,53991,79633,0
99690,81412,83123,181102,182813,164535,1
51784,97412,42972,149196,94756,140384,0
35168,76217,28686,111385,63854,104903,0
15785,51210,24854,66995,40639,76064,0
38973,65878,99431,104851,138404,165309,1
66159,31750,24470,97909,90629,56220,0
31518,25399,88204,56917,119722,113603,0
50489,77617,77251,128106,127740,154868,1
91556,76428,80000,167984,171556,156428,1
18527,35607,82712,54134,101239,118319,0
36084,99541,52797,135625,88881,152338,0
97852,74000,51731,171852,149583,125731,1
16540,79261,16350,95801,32890,95611,0
71872,49401,52811,121273,124683,102212,1
12095,43069,77447,55164,89542,120516,0
71758,32765,67254,104523,139012,100019,1
97317,56467,53937,153784,151254,110404,1
61734,46989,9278,108723,71012,56267,0
49865,64365,3726,114230,53591,68091,0
40639,58620,53466,99259,94105,112086,1
62600,316,99854,62916,162454,100170,0
87324,71045,22421,158369,109745,93466,1
55754,56432,38876,112186,94630,95308,1
4409,8786,71444,13195,75853,80230,0
83612,85852,88332,169464,171944,174184,1
36378,69287,87525,105665,123903,156812,1
30812,22561,76342,53373,107154,98903,0
72167,77263,96722,149430,168889,173985,1
69485,4366,76414,73851,145899,80780,0
48345,71243,93689,119588,142034,164932,1
68950,38138,63102,107088,132052,101240,1
3119,66082,52924,69201,56043,119006,0
23830,51686,87095,75516,110925,138781,0
73668,81620,62901,155288,136569,144521,1
11277,51002,34931,62279,46208,85933,0
44824,36207,18735,81031,63559,54942,1
66021,66167,41702,132188,107723,107869,1
76339,12598,13818,88937,90157,26416,0
39411,3033,46274,42444,85685,49307,0
46671,41913,83001,88584,129672,124914,1
12176,88305,77928,100481,90104,166233,1
13456,90311,71639,103767,85095,161950,0
87572,88880,91485,176452,179057,180365,1
60294,51811,75192,112105,135486,127003,1
99672,54615,94673,154287,194345,149288,1
58407,84961,24661,143368,83068,109622,0
57880,19011,75518,76891,133398,94529,1
59151,42587,44004,101738,103155,86591,1
78039,88149,2891,166188,80930,91040,0
27656,12080,58166,39736,85822,70246,0
50233,82471,76338,132704,126571,158809,1
19330,64384,24555,83714,43885,88939,0
1437,87961,55567,89398,57004,143528,0
37373,95348,2803,132721,40176,98151,0
53903,26685,15262,80588,69165,41947,0
15848,77171,53366,93019,69214,130537,0
65755,71405,84329,137160,150084,155734,1
58103,18929,36921,77032,95024,55850,0
62635,11619,44687,74254,107322,56306,0
66955,12554,73559,79509,140514,86113,1
41615,32381,59284,73996,100899,91665,1
53362,37474,50044,90836,103406,87518,1
41746,91904,75225,133650,116971,167129,1
53457,40459,41771,93916,95228,82230,1
43291,57242,64015,100533,107306,121257,1
62283,72752,86659,135035,148942,159411,1
24937,30833,23005,55770,47942,53838,1
74416,7552,41482,81968,115898,49034,0
90179,28777,25059,118956,115238,53836,0
82156,51128,87766,133284,169922,138894,1
84501,20919,99899,105420,184400,120818,1
75677,17560,86118,93237,161795,103678,1
60813,88800,56897,149613,117710,145697,1
90001,33483,40118,123484,130119,73601,0
19309,14838,11320,34147,30629,26158,1
86906,35693,43954,122599,130860,79647,0
60375,64704,22780,125079,83155,87484,1
91822,61840,55226,153662,147048,117066,1
26477,33578,95071,60055,121548,128649,0
1529,39583,11503,41112,13032,51086,0
57221,9387,10910,66608,68131,20297,0
15002,57174,9047,72176,24049,66221,0
85557,32767,47759,118324,133316,80526,0
48189,25108,34864,73297,83053,59972,1
41320,62460,97282,103780,138602,159742,1
48929,66985,21519,115914,70448,88504,1
20185,84332,75611,104517,95796,159943,1
46279,70664,41619,116943,87898,112283,1
15778,54135,31327,69913,47105,85462,0
72009,60103,39665,132112,111674,99768,1
78441,33936,42586,112377,121027,76522,0
32807,42631,82037,75438,114844,124668,0
76358,52929,15896,129287,92254,68825,0
19940,36810,7209,56750,27149,44019,0
50649,66591,1625,117240,52274,68216,0
84196,53642,13034,137838,97230,66676,0
97990,7118,58277,105108,156267,65395,0
92277,67229,29174,159506,121451,96403,1
23791,90297,58640,114088,82431,148937,0
25611,26177,88497,51788,114108,114674,0
2905,65765,72477,68670,75382,138242,0
1612,50737,11957,52349,13569,62694,0
57546,29062,98894,86608,156440,127956,0
92627,24507,82402,117134,175029,106909,1
18026,72823,39338,90849,57364,112161,0
16771,35789,72881,52560,89652,108670,0
12700,93152,60805,105852,73505,153957,0
42284,59772,14392,102056,56676,74164,0
38575,44022,11173,82597,49748,55195,1
33125,14231,50471,47356,83596,64702,0
2062,57825,93454,59887,95516,151279,0
29959,98054,17991,128013,47950,116045,0
23176,87697,37140,110873,60316,124837,0
98742,89816,67268,188558,166010,157084,1
39902,91922,39102,131824,79004,131024,0
66642,66651,50643,133293,117285,117294,1
86124,45665,44409,131789,130533,90074,1
65084,94268,63525,159352,128609,157793,1
18312,92130,35178,110442,53490,127308,0
52310,13705,45546,66015,97856,59251,1
59874,80292,52191,140166,112065,132483,1
60573,7650,33736,68223,94309,41386,0
19587,24832,21047,44419,40634,45879,1
92704,48520,37964,141224,130668,86484,0
36324,43841,9758,80165,46082,53599,1
32953,94177,68823,127130,101776,163000,1
94942,66078,19553,161020,114495,85631,0
33896,9855,18682,43751,52578,28537,0
67487,79690,59436,147177,126923,139126,1
41349,76360,52359,117709,93708,128719,1
85400,47892,52304,133292,137704,100196,1
9594,49175,25971,58769,35565,75146,0
13423,21351,27879,34774,41302,49230,1
67647,64278,46652,131925,114299,110930,1
53184,62660,35650,115844,88834,98310,1
83412,37155,3105,120567,86517,40260,0
81535,36354,94964,117889,176499,131318,1
71711,19774,80123,91485,151834,99897,1
83562,89510,48223,173072,131785,137733,1
10663,76123,72795,86786,83458,148918,1
97033,89684,31237,186717,128270,120921,1
72328,67379,2602,139707,74930,69981,0
94175,62228,21578,156403,115753,83806,0
52703,28555,75575,81258,128278,104130,1
46605,75483,99227,122088,145832,174710,1
86975,64040,4899,151015,91874,68939,0
10253,93243,27738,103496,37991,120981,0
74530,54031,88343,128561,162873,142374,1
70811,34111,89548,104922,160359,123659,1
55068,87311,88768,142379,143836,176079,1
51030,52509,93579,103539,144609,146088,1
22973,16066,51811,39039,74784,67877,0
1169,76382,73706,77551,74875,150088,0
28898,48690,41128,77588,70026,89818,1
97597,2122,34853,99719,132450,36975,0
73715,13630,76110,87345,149825,89740,1
9929,71714,27907,81643,37836,99621,0
96486,41506,30879,137992,127365,72385,0
77902,46707,16389,124609,94291,63096,0
62173,58207,29237,120380,91410,87444,1
81643,59447,36117,141090,117760,95564,1
68118,41503,4788,109621,72906,46291,0
98335,35338,68294,133673,166629,103632,1
4802,50253,40648,55055,45450,90901,0
31076,81903,30001,112979,61077,111904,0
65666,63770,97187,129436,162853,160957,1
50651,3109,48566,53760,99217,51675,1
77241,95327,75095,172568,152336,170422,1
63462,99957,3081,163419,66543,103038,0
87917,17962,50242,105879,138159,68204,0
83359,6048,40578,89407,123937,46626,0
79244,50109,78078,129353,157322,128187,1
53138,17573,65185,70711,118323,82758,1
44209,70224,53483,114433,97692,123707,1
62133,69647,80045,131780,142178,149692,1
96318,42100,26075,138418,122393,68175,0
86485,37741,86396,124226,172881,124137,1
48030,45126,39906,93156,87936,85032,1
33116,56357,78080,89473,111196,134437,1
99157,38968,47256,138125,146413,86224,0
46578,20939,77771,67517,124349,98710,0
48219,79920,87773,128139,135992,167693,1
21472,11189,90487,32661,111959,101676,0
33143,75417,69049,108560,102192,144466,1
91972,34289,2853,126261,94825,37142,0
10352,62332,8540,72684,18892,70872,0
66175,50958,62461,117133,128636,113419,1
2806,85073,99311,87879,102117,184384,0
93577,75018,4694,168595,98271,79712,0
15412,64898,33461,80310,48873,98359,0
14448,40678,67411,55126,81859,108089,0
18682,52513,28895,71195,47577,81408,0
91549,54596,71508,146145,163057,126104,1
37940,16892,46035,54832,83975,62927,1
1140,80186,29832,81326,30972,110018,0
56834,31426,63528,88260,120362,94954,1
17664,60563,5294,78227,22958,65857,0
75633,77254,94215,152887,169848,171469,1
65741,82041,72467,147782,138208,154508,1
66728,23018,12033,89746,78761,35051,0
89407,20926,70468,110333,159875,91394,1
78572,99687,80776,178259,159348,180463,1
74378,60077,95829,134455,170207,155906,1
53789,71282,88607,125071,142396,159889,1
91258,72631,33095,163889,124353,105726,1
93012,74252,83711,167264,176723,157963,1
47850,10079,35243,57929,83093,45322,0
97202,16461,73938,113663,171140,90399,0
3834,99674,79379,103508,83213,179053,0
49534,46388,95235,95922,144769,141623,1
85894,99172,14852,185066,100746,114024,1
39357,8818,55944,48175,95301,64762,0
71401,26995,48039,98396,119440,75034,1
48034,7557,7019,55591,55053,14576,0
71887,79306,57957,151193,129844,137263,1
66914,8658,28592,75572,95506,37250,0
44402,9242,96209,53644,140611,105451,0
55271,83187,75199,138458,130470,158386,1
81847,69279,28582,151126,110429,97861,1
7068,62312,29546,69380,36614,91858,0
67242,99065,99185,166307,166427,198250,1
69606,59571,4796,129177,74402,64367,0
38526,46631,612,85157,39138,47243,0
41565,27838,82236,69403,123801,110074,0
93122,22483,41205,115605,134327,63688,0
67803,18617,7382,86420,75185,25999,0
67598,13654,30687,81252,98285,44341,0
13505,81163,24050,94668,37555,105213,0
61079,57418,51913,118497,112992,109331,1
78302,11288,56643,89590,134945,67931,0
8727,77725,91760,86452,100487,169485,0
49986,64089,48208,114075,98194,112297,1
779,32201,60010,32980,60789,92211,0
47985,41037,19141,89022,67126,60178,1
48392,17319,63688,65711,112080,81007,1
48693,89051,76643,137744,125336,165694,1
3812,55153,38387,58965,42199,93540,0
84100,3563,31872,87663,115972,35435,0
25781,53381,75433,79162,101214,128814,1
49812,88753,18402,138565,68214,107155,0
63594,88720,82000,152314,145594,170720,1
29551,8195,68366,37746,97917,76561,0
94356,19753,17292,114109,111648,37045,0
88503,99373,20818,187876,109321,120191,1
91228,95762,84290,186990,175518,180052,1
95150,49357,23995,144507,119145,73352,0
17217,23820,62163,41037,79380,85983,0
36490,3363,81333,39853,117823,84696,0
51188,30630,3457,81818,54645,34087,0
47182,25559,8805,72741,55987,34364,0
60663,18381,31047,79044,91710,49428,0
83615,24657,78411,108272,162026,103068,1
67178,75122,36373,142300,103551,111495,1
45877,91703,31148,137580,77025,122851,0
44637,777,9846,45414,54483,10623,0
76124,49761,42369,125885,118493,92130,1
37203,4991,43384,42194,80587,48375,0
23097,75648,58894,98745,81991,134542,1
57467,5691,71229,63158,128696,76920,0
11191,89429,41144,100620,52335,130573,0
26428,51679,20065,78107,46493,71744,0
52427,95004,45829,147431,98256,140833,1
38991,71981,72444,110972,111435,144425,1
12770,45123,30097,57893,42867,75220,0
73483,46723,95206,120206,168689,141929,1
13031,83830,31651,96861,44682,115481,0
83105,37102,5981,120207,89086,43083,0
80995,38218,68123,119213,149118,106341,1
64665,54865,13587,119530,78252,68452,1
75432,55488,96531,130920,171963,152019,1
88727,48498,86297,137225,175024,134795,1
24113,63547,44327,87660,68440,107874,1
38462,79982,62685,118444,101147,142667,1
22081,88356,2310,110437,24391,90666,0
20145,58712,3806,78857,23951,62518,0
76023,61359,63227,137382,139250,124586,1
1935,27257,76282,29192,78217,103539,0
44895,12954,852,57849,45747,13806,0
57870,52454,51186,110324,109056,103640,1
72691,30059,42660,102750,115351,72719,1
81721,93197,46067,174918,127788,139264,1
70599,95003,29638,165602,100237,124641,1
79744,13052,73416,92796,153160,86468,1
27,67990,30157,68017,30184,98147,0
22226,59650,24956,81876,47182,84606,0
51800,71019,3966,122819,55766,74985,0
95868,58105,56963,153973,152831,115068,1
74540,80627,91053,155167,165593,171680,1
88828,69460,57209,158288,146037,126669,1
45013,64961,46993,109974,92006,111954,1
48800,90833,57536,139633,106336,148369,1
67598,12430,6325,80028,73923,18755,0
50092,28306,48216,78398,98308,76522,1
34074,89164,16155,123238,50229,105319,0
34997,10141,63145,45138,98142,73286,0
30279,28816,34541,59095,64820,63357,1
96961,14396,20519,111357,117480,34915,0
15454,9876,64052,25330,79506,73928,0
32935,86486,81450,119421,114385,167936,1
53309,94077,40050,147386,93359,134127,0
31251,7330,37922,38581,69173,45252,1
93079,61250,78619,154329,171698,139869,1
96370,54337,77591,150707,173961,131928,1
41666,36899,7394,78565,49060,44293,1
36037,83429,81847,119466,117884,165276,1
47714,89372,52574,137086,100288,141946,1
73066,32503,21784,105569,94850,54287,0
31272,23627,39285,54899,70557,62912,1
81401,24198,90642,105599,172043,114840,1
55040,19217,71080,74257,126120,90297,1
6673,53890,32526,60563,39199,86416,0
79566,53584,233,133150,79799,53817,0
63236,20003,41765,83239,105001,61768,0
64569,14850,77803,79419,142372,92653,1
95094,7243,79889,102337,174983,87132,0
49521,70799,17679,120320,67200,88478,0
19353,64503,22616,83856,41969,87119,0
80133,30194,4166,110327,84299,34360,0
28059,42468,45407,70527,73466,87875,1
40021,23210,91080,63231,131101,114290,0
53955,32334,34666,86289,88621,67000,1
54152,32727,13525,86879,67677,46252,0
19964,56461,2261,76425,22225,58722,0
54400,16499,54377,70899,108777,70876,1
82434,53970,50067,136404,132501,104037,1
98088,11757,72709,109845,170797,84466,0
90226,54959,8095,145185,98321,63054,0
21361,51100,94259,72461,115620,145359,0
10212,36764,89908,46976,100120,126672,0
53933,72940,94677,126873,148610,167617,1
61456,59632,91631,121088,153087,151263,1
5901,69107,54887,75008,60788,123994,0
12225,63017,97871,75242,110096,160888,0
46072,14074,84075,60146,130147,98149,0
21616,31016,30338,52632,51954,61354,1
97772,83845,3593,181617,101365,87438,0
55968,51033,97965,107001,153933,148998,1
57155,53202,11749,110357,68904,64951,1
78755,6270,23792,85025,102547,30062,0
19274,79687,64745,98961,84019,144432,1
36900,13384,33654,50284,70554,47038,1
78543,12787,34465,91330,113008,47252,0
10514,71206,66815,81720,77329,138021,1
57592,1254,42789,58846,100381,44043,0
9826,94186,20683,104012,30509,114869,0
27259,99750,77125,127009,104384,176875,1
46852,44891,51283,91743,98135,96174,1
74821,12869,8351,87690,83172,21220,0
51970,13849,87254,65819,139224,101103,0
16460,34297,22655,50757,39115,56952,1
52734,95539,25075,148273,77809,120614,0
43614,48189,95132,91803,138746,143321,0
81937,831,45228,82768,127165,46059,0
74732,74534,50882,149266,125614,125416,1
63856,61198,28615,125054,92471,89813,1
14925,37979,35259,52904,50184,73238,1
42465,23324,78259,65789,120724,101583,0
80841,87533,7571,168374,88412,95104,1
9101,95260,79834,104361,88935,175094,0
60810,66211,48431,127021,109241,114642,1
67860,84733,23000,152593,90860,107733,1
44912,65111,65769,110023,110681,130880,1
65415,67396,89400,132811,154815,156796,1
7721,23121,4923,30842,12644,28044,0
53040,44220,5900,97260,58940,50120,0
2467,94328,89735,96795,92202,184063,0
25055,82839,89299,107894,114354,172138,1
1613,27420,74707,29033,76320,102127,0
15024,79657,51384,94681,66408,131041,0
99265,14882,5026,114147,104291,19908,0
51931,90831,67341,142762,119272,158172,1
72767,51473,80747,124240,153514,132220,1
61758,10179,23488,71937,85246,33667,0
42087,68707,53642,110794,95729,122349,1
43893,90266,67903,134159,111796,158169,1
52103,75434,41126,127537,93229,116560,1
13300,72043,89659,85343,102959,161702,0
51019,2179,67835,53198,118854,70014,0
85655,27024,30113,112679,115768,57137,0
37359,9859,58365,47218,95724,68224,0
69128,83480,86721,152608,155849,170201,1
70360,62196,3708,132556,74068,65904,0
52814,59986,12026,112800,64840,72012,1
4582,3168,51166,7750,55748,54334,0
64049,29114,56664,93163,120713,85778,1
97510,41483,48317,138993,145827,89800,0
16628,85001,2455,101629,19083,87456,0
98760,38072,53194,136832,151954,91266,0
59719,12468,92731,72187,152450,105199,0
73801,44467,39201,118268,113002,83668,1
58452,74015,83313,132467,141765,157328,1
68647,36164,26239,104811,94886,62403,0
65332,10497,45926,75829,111258,56423,0
76217,78136,43421,154353,119638,121557,1
22877,9255,7578,32132,30455,16833,0
1054,91654,48711,92708,49765,140365,0
97775,13867,79375,111642,177150,93242,0
19598,90914,73,110512,19671,90987,0
64536,84814,34787,149350,99323,119601,1
14846,8525,70675,23371,85521,79200,0
51871,89125,1512,140996,53383,90637,0
39333,42912,55294,82245,94627,98206,1
56772,89094,60909,145866,117681,150003,1
27440,61544,3652,88984,31092,65196,0
14179,52950,17939,67129,32118,70889,0
24235,57217,4346,81452,28581,61563,0
92255,8769,47298,101024,139553,56067,0
49284,40093,59909,89377,109193,100002,1
19519,17572,55290,37091,74809,72862,0
87159,23656,98526,110815,185685,122182,1
26879,62345,6938,89224,33817,69283,0
2226,86445,76787,88671,79013,163232,0
33130,2257,33091,35387,66221,35348,1
22534,17858,257,40392,22791,18115,0
96949,37836,44375,134785,141324,82211,0
8083,83764,8378,91847,16461,92142,0
85929,26188,586,112117,86515,26774,0
31483,31459,5335,62942,36818,36794,1
57462,77421,88949,134883,146411,166370,1
43897,31295,55384,75192,99281,86679,1
49782,5520,4311,55302,54093,9831,0
29055,91305,59558,120360,88613,150863,0
39985,21871,81253,61856,121238,103124,0
8726,23679,32925,32405,41651,56604,0
92501,9754,57290,102255,149791,67044,0
24927,85646,36982,110573,61909,122628,0
6070,93710,5766,99780,11836,99476,0
48184,10525,79225,58709,127409,89750,0
33720,31383,75876,65103,109596,107259,0
11064,12982,89989,24046,101053,102971,0
75946,47628,77453,123574,153399,125081,1
99982,25536,71976,125518,171958,97512,0
61622,61279,29853,122901,91475,91132,1
65988,12449,85968,78437,151956,98417,0
2392,29057,50507,31449,52899,79564,0
21186,51655,54363,72841,75549,106018,1
48255,730,22026,48985,70281,22756,0
33359,98256,71248,131615,104607,169504,1
28642,79408,35348,108050,63990,114756,0
98331,58877,46677,157208,145008,105554,1
45535,37571,91708,83106,137243,129279,0
85663,72154,60009,157817,145672,132163,1
49110,84050,20282,133160,69392,104332,0
19608,60179,74744,79787,94352,134923,1
72941,28152,81904,101093,154845,110056,1
49354,16092,10199,65446,59553,26291,0
23229,22588,49844,45817,73073,72432,0
93815,39961,47865,133776,141680,87826,0
54590,46612,3027,101202,57617,49639,0
2787,87670,94817,90457,97604,182487,0
95394,67296,71467,162690,166861,138763,1
95656,88473,80289,184129,175945,168762,1
85760,28632,3316,114392,89076,31948,0
78519,79301,48358,157820,126877,127659,1
46471,21520,53938,67991,100409,75458,1
41401,69418,78324,110819,119725,147742,1
30020,36155,34787,66175,64807,70942,1
6611,69998,27110,76609,33721,97108,0
69475,2915,51877,72390,121352,54792,0
7024,72842,28654,79866,35678,101496,0
24592,64774,18585,89366,43177,83359,0
46461,65808,65528,112269,111989,131336,1
51254,22318,24323,73572,75577,46641,0
29991,53068,36987,83059,66978,90055,1
96073,39168,32158,135241,128231,71326,0
10910,54703,68906,65613,79816,123609,0
41410,81294,64386,122704,105796,145680,1
24508,86632,7577,111140,32085,94209,0
79080,64778,60890,143858,139970,125668,1
23300,19458,85288,42758,108588,104746,0
69434,36106,99974,105540,169408,136080,1
53785,43158,52999,96943,106784,96157,1
67537,65236,74193,132773,141730,139429,1
96684,13034,92860,109718,189544,105894,1
90452,54799,46001,145251,136453,100800,1
33866,67381,1215,101247,35081,68596,0
17959,41603,96412,59562,114371,138015,0
45466,85978,7881,131444,53347,93859,0
30799,74135,41930,104934,72729,116065,0
46468,46805,38218,93273,84686,85023,1
21533,87251,43424,108784,64957,130675,0
96076,3778,61624,99854,157700,65402,0
99145,28590,17880,127735,117025,46470,0
518,30943,34639,31461,35157,65582,0
44667,70576,13398,115243,58065,83974,0
33942,4259,47981,38201,81923,52240,0
5321,5369,61,10690,5382,5430,1
35186,66402,9103,101588,44289,75505,0
94168,46582,12521,140750,106689,59103,0
49728,45254,96171,94982,145899,141425,0
47743,47838,68254,95581,115997,116092,1
68286,59611,17758,127897,86044,77369,1
33797,33903,35031,67700,68828,68934,1
22564,11015,12087,33579,34651,23102,1
70007,24692,60381,94699,130388,85073,1
29999,71250,15379,101249,45378,86629,0
21427,92516,15488,113943,36915,108004,0
87329,11299,57139,98628,144468,68438,0
45957,90162,58122,136119,104079,148284,1
43867,26849,79592,70716,123459,106441,0
41034,67171,55210,108205,96244,122381,1
55652,12348,85559,68000,141211,97907,0
11809,6284,3624,18093,15433,9908,0
75870,23367,27465,99237,103335,50832,0
28074,98311,78534,126385,106608,176845,1
36,34566,34487,34602,34523,69053,0
57277,52195,63710,109472,120987,115905,1
40849,88246,2652,129095,43501,90898,0
71179,93659,21319,164838,92498,114978,0
75415,69900,23312,145315,98727,93212,1
2649,72411,3742,75060,6391,76153,0
4589,9446,15351,14035,19940,24797,0
18009,23267,57349,41276,75358,80616,0
96540,34559,40047,131099,136587,74606,0
23634,75412,27330,99046,50964,102742,0
75538,37347,40174,112885,115712,77521,1
18268,39705,53444,57973,71712,93149,1
30286,98585,13927,128871,44213,112512,0
21807,36628,8721,58435,30528,45349,0
13660,87915,95883,101575,109543,183798,1
73222,4300,15964,77522,89186,20264,0
68356,66590,37778,134946,106134,104368,1
56689,61837,53203,118526,109892,115040,1
59610,82697,72195,142307,131805,154892,1
71022,20183,85485,91205,156507,105668,1
20842,99621,81053,120463,101895,180674,1
50431,31124,17765,81555,68196,48889,0
83511,39336,16523,122847,100034,55859,0
26002,37934,17378,63936,43380,55312,1
58607,71067,30058,129674,88665,101125,1
50686,56746,74262,107432,124948,131008,1
85022,32673,55359,117695,140381,88032,1
61673,98000,18011,159673,79684,116011,0
53696,43728,41965,97424,95661,85693,1
59642,69391,51364,129033,111006,120755,1
19939,15684,81299,35623,101238,96983,0
94721,98010,72298,192731,167019,170308,1
80047,48638,86384,128685,166431,135022,1
74706,3245,85738,77951,160444,88983,0
75021,25656,16852,100677,91873,42508,0
12883,94779,71497,107662,84380,166276,0
21369,45655,51760,67024,73129,97415,1
69033,9296,10050,78329,79083,19346,0
31382,24172,32017,55554,63399,56189,1
88531,56519,92971,145050,181502,149490,1
74203,77743,42429,151946,116632,120172,1
24870,2633,86621,27503,111491,89254,0
74089,59047,13089,133136,87178,72136,0
54361,67864,13194,122225,67555,81058,0
4763,99673,38196,104436,42959,137869,0
5164,18604,94777,23768,99941,113381,0
2309,21589,13798,23898,16107,35387,0
32366,3962,45130,36328,77496,49092,0
98660,15259,43474,113919,142134,58733,0
58568,6028,74814,64596,133382,80842,0
45677,8526,73990,54203,119667,82516,0
79315,28368,35646,107683,114961,64014,0
60474,33004,63270,93478,123744,96274,1
23498,69164,36571,92662,60069,105735,0
84896,38131,8171,123027,93067,46302,0
80102,75443,71312,155545,151414,146755,1
90004,25840,91805,115844,181809,117645,1
53077,78363,99817,131440,152894,178180,1
87811,31248,8823,119059,96634,40071,0
95948,33897,45685,129845,141633,79582,0
48930,97262,33450,146192,82380,130712,0
60814,2885,22251,63699,83065,25136,0
80892,76942,34668,157834,115560,111610,1
99585,42125,98210,141710,197795,140335,1
12195,42218,77038,54413,89233,119256,0
17260,23372,69481,40632,86741,92853,0
8691,8172,27777,16863,36468,35949,0
39489,22981,64917,62470,104406,87898,0
60205,82940,87191,143145,147396,170131,1
53701,10373,95880,64074,149581,106253,0
25276,72582,88062,97858,113338,160644,1
68108,5111,37629,73219,105737,42740,0
27376,45497,21533,72873,48909,67030,1
60950,3079,59841,64029,120791,62920,1
71714,51215,15553,122929,87267,66768,0
34677,1143,1601,35820,36278,2744,0
30331,11272,45898,41603,76229,57170,0
44104,91485,42955,135589,87059,134440,0
77075,56332,40778,133407,117853,97110,1
46040,36774,70125,82814,116165,106899,1
77544,90817,4230,168361,81774,95047,0
49708,4503,3687,54211,53395,8190,0
4690,34083,17955,38773,22645,52038,0
59634,98064,20654,157698,80288,118718,0
95588,40414,69623,136002,165211,110037,1
77353,78221,65765,155574,143118,143986,1
82232,67451,59222,149683,141454,126673,1
39041,78987,5805,118028,44846,84792,0
4996,94544,99960,99540,104956,194504,0
72933,7534,46323,80467,119256,53857,0
11076,83212,67426,94288,78502,150638,0
35603,47572,60826,83175,96429,108398,1
91085,7375,57176,98460,148261,64551,0
3871,28637,32364,32508,36235,61001,1
78155,21280,77623,99435,155778,98903,1
57476,13309,77739,70785,135215,91048,0
21677,2711,79579,24388,101256,82290,0
94302,28030,84620,122332,178922,112650,1
31958,18351,66068,50309,98026,84419,0
98459,42750,25209,141209,123668,67959,0
4106,80506,63691,84612,67797,144197,0
36333,85233,51808,121566,88141,137041,1
94180,5945,93032,100125,187212,98977,1
15135,91857,16888,106992,32023,108745,0
59168,3226,15838,62394,75006,19064,0
29137,65697,32759,94834,61896,98456,0
5517,69291,44779,74808,50296,114070,0
89968,9409,62899,99377,152867,72308,0
32865,74635,51197,107500,84062,125832,1
97212,43471,27370,140683,124582,70841,0
69847,42033,56967,111880,126814,99000,1
72746,47123,25020,119869,97766,72143,0
54952,50756,26083,105708,81035,76839,1
11727,46251,86184,57978,97911,132435,0
60943,64819,81202,125762,142145,146021,1
45,2906,32424,2951,32469,35330,0
59669,52540,8423,112209,68092,60963,1
85632,12433,14898,98065,100530,27331,0
8311,4180,52622,12491,60933,56802,0
96417,83465,91501,179882,187918,174966,1
86967,39186,48173,126153,135140,87359,1
46307,21609,52360,67916,98667,73969,1
60863,45346,31115,106209,91978,76461,1
15313,75952,82133,91265,97446,158085,1
63397,50695,63585,114092,126982,114280,1
21107,65439,57495,86546,78602,122934,1
95289,21929,91074,117218,186363,113003,1
37419,85350,79017,122769,116436,164367,1
92015,38495,43356,130510,135371,81851,0
61216,73188,72147,134404,133363,145335,1
70935,68612,90044,139547,160979,158656,1
49830,25467,8853,75297,58683,34320,0
89789,54563,96240,144352,186029,150803,1
19394,85892,73666,105286,93060,159558,1
86488,77852,55673,164340,142161,133525,1
74603,84441,67911,159044,142514,152352,1
39963,68770,68755,108733,108718,137525,1
52507,5356,1261,57863,53768,6617,0
31759,42759,10107,74518,41866,52866,0
36797,44595,14842,81392,51639,59437,1
52891,12996,28615,65887,81506,41611,0
71305,67860,69793,139165,141098,137653,1
42102,45351,55814,87453,97916,101165,1
45338,77106,44792,122444,90130,121898,1
30569,37976,76153,68545,106722,114129,0
87812,82534,53225,170346,141037,135759,1
56232,57845,48560,114077,104792,106405,1
75187,72233,2691,147420,77878,74924,0
64834,93841,48493,158675,113327,142334,1
62015,85390,78232,147405,140247,163622,1
16516,44649,97259,61165,113775,141908,0
98841,39240,99246,138081,198087,138486,1
50834,44578,56005,95412,106839,100583,1
4505,34425,90792,38930,95297,125217,0
4218,35363,54483,39581,58701,89846,0
40629,15785,79570,56414,120199,95355,0
5029,13647,89072,18676,94101,102719,0
73724,2001,83374,75725,157098,85375,0
42372,15099,31110,57471,73482,46209,1
62630,89012,54491,151642,117121,143503,1
32169,34847,5552,67016,37721,40399,1
35668,48532,44521,84200,80189,93053,1
86686,7707,30630,94393,117316,38337,0
45037,41830,30870,86867,75907,72700,1
81209,25747,35196,106956,116405,60943,0
57659,83465,87536,141124,145195,171001,1
69755,45703,60258,115458,130013,105961,1
76813,80947,57229,157760,134042,138176,1
66782,18331,49209,85113,115991,67540,1
7083,19900,93188,26983,100271,113088,0
99749,51766,12130,151515,111879,63896,0
93053,15249,88507,108302,181560,103756,1
1147,13048,7829,14195,8976,20877,0
16445,70833,70557,87278,87002,141390,1
54876,78016,51976,132892,106852,129992,1
11710,6589,29536,18299,41246,36125,0
2562,63288,31275,65850,33837,94563,0
96590,42579,4932,139169,101522,47511,0
19533,24769,50089,44302,69622,74858,0
53517,68066,69080,121583,122597,137146,1
6714,47697,42976,54411,49690,90673,1
55162,56377,87505,111539,142667,143882,1
15561,98547,76516,114108,92077,175063,0
57981,96082,89453,154063,147434,185535,1
95377,80953,51756,176330,147133,132709,1
97418,76504,69597,173922,167015,146101,1
19224,34973,32570,54197,51794,67543,1
74935,21610,11268,96545,86203,32878,0
39276,77480,84332,116756,123608,161812,1
88435,68185,67849,156620,156284,136034,1
88788,19852,9826,108640,98614,29678,0
62349,67187,20217,129536,82566,87404,1
54868,21760,35255,76628,90123,57015,1
66078,59315,15401,125393,81479,74716,1
54803,74626,39502,129429,94305,114128,1
21670,67605,19928,89275,41598,87533,0
4799,69588,84038,74387,88837,153626,0
17649,70148,43259,87797,60908,113407,0
12901,55227,11603,68128,24504,66830,0
69439,99123,13429,168562,82868,112552,0
50758,63316,20590,114074,71348,83906,1
12005,57905,69569,69910,81574,127474,1
31945,1741,33219,33686,65164,34960,1
67533,86369,99400,153902,166933,185769,1
97813,57654,17225,155467,115038,74879,0
65079,88578,28387,153657,93466,116965,1
55328,28676,26280,84004,81608,54956,0
15408,38966,71206,54374,86614,110172,0
75199,95354,48473,170553,123672,143827,1
48976,11984,89952,60960,138928,101936,0
19797,81815,9036,101612,28833,90851,0
47495,44760,47883,92255,95378,92643,1
17385,74644,82794,92029,100179,157438,1
45214,40361,53861,85575,99075,94222,1
70365,37587,55365,107952,125730,92952,1
91682,76797,56786,168479,148468,133583,1
14103,24963,83378,39066,97481,108341,0
10278,78775,56333,89053,66611,135108,0
43918,77048,43987,120966,87905,121035,1
30525,14055,43104,44580,73629,57159,1
10374,40429,62425,50803,72799,102854,0
75674,22631,11047,98305,86721,33678,0
8737,9858,52529,18595,61266,62387,0
88427,80803,7971,169230,96398,88774,1
72377,60559,78636,132936,151013,139195,1
73854,47871,84282,121725,158136,132153,1
23284,68332,39727,91616,63011,108059,0
64761,18746,46595,83507,111356,65341,1
8502,56014,4151,64516,12653,60165,0
99655,40975,23852,140630,123507,64827,0
87355,55291,6198,142646,93553,61489,0
71613,58100,2062,129713,73675,60162,0
13912,21287,24997,35199,38909,46284,1
24819,28108,34323,52927,59142,62431,1
87148,90479,98086,177627,185234,188565,1
22852,7967,48058,30819,70910,56025,0
43840,90234,3777,134074,47617,94011,0
71488,9043,43474,80531,114962,52517,0
22364,19811,95441,42175,117805,115252,0
14143,31763,26608,45906,40751,58371,1
95979,21489,88340,117468,184319,109829,1
37682,70542,72545,108224,110227,143087,1
92261,34418,66578,126679,158839,100996,1
65588,39409,24202,104997,89790,63611,0
36621,94886,40354,131507,76975,135240,0
30002,24951,97615,54953,127617,122566,0
67540,23268,76638,90808,144178,99906,1
26609,29010,18846,55619,45455,47856,1
33049,55764,12477,88813,45526,68241,0
90656,68211,64512,158867,155168,132723,1
57474,48465,14254,105939,71728,62719,1
31739,90565,8387,122304,40126,98952,0
40317,30715,83651,71032,123968,114366,0
42560,66780,35021,109340,77581,101801,1
25411,5797,11102,31208,36513,16899,0
45013,50474,37624,95487,82637,88098,1
44186,29137,17929,73323,62115,47066,1
71059,71783,3549,142842,74608,75332,1
55159,89600,89486,144759,144645,179086,1
6036,82829,95192,88865,101228,178021,0
3012,44308,52166,47320,55178,96474,0
64008,65576,37318,129584,101326,102894,1
9271,76541,42735,85812,52006,119276,0
53965,23734,39811,77699,93776,63545,1
59024,10019,91850,69043,150874,101869,0
82542,25885,82027,108427,164569,107912,1
18751,19040,74129,37791,92880,93169,0
15599,99741,56374,115340,71973,156115,0
8628,12738,64071,21366,72699,76809,0
17759,79621,70512,97380,88271,150133,1
39663,79059,97092,118722,136755,176151,1
51378,46603,36089,97981,87467,82692,1
76177,148,10619,76325,86796,10767,0
35671,71846,95536,107517,131207,167382,1
48068,18610,32773,66678,80841,51383,1
76675,90053,25639,166728,102314,115692,1
22642,30393,91009,53035,113651,121402,0
43315,43771,71796,87086,115111,115567,1
59296,65410,70602,124706,129898,136012,1
29417,84508,89846,113925,119263,174354,1
50855,66623,76981,117478,127836,143604,1
75998,30685,80573,106683,156571,111258,1
17627,51249,47726,68876,65353,98975,1
2075,95858,84011,97933,86086,179869,0
19084,54981,19388,74065,38472,74369,0
56369,61848,67420,118217,123789,129268,1
96112,93002,11897,189114,108009,104899,1
77810,53226,91868,131036,169678,145094,1
33280,70856,96318,104136,129598,167174,1
75045,15306,3007,90351,78052,18313,0
92024,19290,98830,111314,190854,118120,1
87209,3649,61000,90858,148209,64649,0
72052,55774,97388,127826,169440,153162,1
13181,38674,45457,51855,58638,84131,1
77585,46212,15074,123797,92659,61286,0
88290,8898,37256,97188,125546,46154,0
92189,70273,23325,162462,115514,93598,1
3918,17590,16979,21508,20897,34569,1
93285,34904,38137,128189,131422,73041,0
26777,24956,17512,51733,44289,42468,1
44925,6585,39852,51510,84777,46437,1
47641,17268,95486,64909,143127,112754,0
822,76341,16932,77163,17754,93273,0
68084,30985,64154,99069,132238,95139,1
22377,64200,40464,86577,62841,104664,0
1763,35737,28592,37500,30355,64329,0
57560,88653,82231,146213,139791,170884,1
12084,19583,24542,31667,36626,44125,1
58436,31984,4458,90420,62894,36442,0
10178,54787,11985,64965,22163,66772,0
54209,6751,9786,60960,63995,16537,0
53515,93391,37682,146906,91197,131073,0
54808,29890,57157,84698,111965,87047,1
76047,19583,73697,95630,149744,93280,1
21106,29178,76831,50284,97937,106009,0
4637,7038,42815,11675,47452,49853,0
71496,63919,79087,135415,150583,143006,1
11396,74396,42802,85792,54198,117198,0
87102,74981,91567,162083,178669,166548,1
84526,60510,61447,145036,145973,121957,1
53212,68047,13069,121259,66281,81116,0
55495,95692,64708,151187,120203,160400,1
20036,18011,60561,38047,80597,78572,0
40581,41137,20813,81718,61394,61950,1
9207,71074,17586,80281,26793,88660,0
46716,77948,35256,124664,81972,113204,1
72131,693,48139,72824,120270,48832,0
47964,77911,36263,125875,84227,114174,1
43871,53634,19088,97505,62959,72722,1
20010,29587,82805,49597,102815,112392,0
71705,109,71136,71814,142841,71245,0
14416,16188,20204,30604,34620,36392,1
86841,14167,84367,101008,171208,98534,1
40514,8793,43847,49307,84361,52640,1
22407,57536,96582,79943,118989,154118,0
64820,11260,90017,76080,154837,101277,0
37115,13170,28091,50285,65206,41261,1
21637,52634,53040,74271,74677,105674,1
38956,22132,84918,61088,123874,107050,0
1083,45388,95498,46471,96581,140886,0
69446,84150,80922,153596,150368,165072,1
19420,81410,53799,100830,73219,135209,0
13960,14334,19792,28294,33752,34126,1
22270,81768,65696,104038,87966,147464,1
1253,30791,53414,32044,54667,84205,0
4534,53553,15382,58087,19916,68935,0
34349,22232,74906,56581,109255,97138,0
57340,69505,29794,126845,87134,99299,1
25061,96854,87836,121915,112897,184690,1
84451,19799,49572,104250,134023,69371,0
10600,98948,38954,109548,49554,137902,0
19309,77786,40283,97095,59592,118069,0
12081,6096,35011,18177,47092,41107,0
63628,72368,37739,135996,101367,110107,1
65851,93065,98116,158916,163967,191181,1
80258,23795,51273,104053,131531,75068,0
20192,58816,857,79008,21049,59673,0
65984,85394,48834,151378,114818,134228,1
5581,63792,93304,69373,98885,157096,0
91384,39398,94660,130782,186044,134058,1
67345,35904,42395,103249,109740,78299,1
23365,3012,97950,26377,121315,100962,0
48508,62249,82296,110757,130804,144545,1
65469,60710,39081,126179,104550,99791,1
17162,10436,88050,27598,105212,98486,0
37390,29501,83320,66891,120710,112821,0
4026,90210,76549,94236,80575,166759,0
12632,83939,22772,96571,35404,106711,0
42898,22947,179,65845,43077,23126,0
68105,69484,58440,137589,126545,127924,1
77955,89286,66497,167241,144452,155783,1
94749,92065,2608,186814,97357,94673,0
62582,18018,77495,80600,140077,95513,1
60097,78397,72868,138494,132965,151265,1
72875,61002,20825,133877,93700,81827,1
17722,56443,58567,74165,76289,115010,1
13423,83062,69531,96485,82954,152593,0
12677,67756,25163,80433,37840,92919,0
52582,95117,27361,147699,79943,122478,0
23003,82331,31783,105334,54786,114114,0
95731,19891,30764,115622,126495,50655,0
32130,87654,22234,119784,54364,109888,0
494,73553,93292,74047,93786,166845,0
12170,94013,21338,106183,33508,115351,0
96068,55963,76288,152031,172356,132251,1
29046,69654,1876,98700,30922,71530,0
89446,38020,19135,127466,108581,57155,0
14865,77562,22564,92427,37429,100126,0
44011,56049,64985,100060,108996,121034,1
32732,23824,59276,56556,92008,83100,0
85505,54270,83728,139775,169233,137998,1
19488,28113,12019,47601,31507,40132,1
36111,81788,20361,117899,56472,102149,0
62433,16679,14018,79112,76451,30697,0
69735,28212,27618,97947,97353,55830,0
63412,95748,31227,159160,94639,126975,0
68012,59209,17489,127221,85501,76698,1
5763,62954,86469,68717,92232,149423,0
7416,23381,88474,30797,95890,111855,0
88819,23433,85958,112252,174777,109391,1
13858,97086,76260,110944,90118,173346,0
50025,43478,40930,93503,90955,84408,1
69707,57984,50782,127691,120489,108766,1
69588,7582,80153,77170,149741,87735,0
93477,53242,97896,146719,191373,151138,1
66264,84114,1176,150378,67440,85290,0
99207,2702,39588,101909,138795,42290,0
30481,47782,91823,78263,122304,139605,0
60978,49844,62899,110822,123877,112743,1
34132,62449,19943,96581,54075,82392,0
79913,13342,70481,93255,150394,83823,1
3223,87694,30858,90917,34081,118552,0
99884,53860,57932,153744,157816,111792,1
21506,74655,99960,96161,121466,174615,0
50406,46548,73724,96954,124130,120272,1
41663,39466,812,81129,42475,40278,0
79550,40259,92864,119809,172414,133123,1
65905,46455,57788,112360,123693,104243,1
55314,44961,95900,100275,151214,140861,1
51275,88171,26421,139446,77696,114592,0
32220,42119,78084,74339,110304,120203,0
19668,56957,92936,76625,112604,149893,0
51119,47107,69217,98226,120336,116324,1
53737,88418,38367,142155,92104,126785,1
66196,57869,26542,124065,92738,84411,1
82937,57789,29179,140726,112116,86968,1
65510,14146,23496,79656,89006,37642,0
47351,46930,84942,94281,132293,131872,1
95641,4734,47118,100375,142759,51852,0
12836,99043,24088,111879,36924,123131,0
21226,9335,45308,30561,66534,54643,0
76240,62304,41109,138544,117349,103413,1
34705,14939,86285,49644,120990,101224,0
29101,47268,27402,76369,56503,74670,1
19135,85701,97914,104836,117049,183615,1
74359,66410,16891,140769,91250,83301,1
52943,54406,44004,107349,96947,98410,1
64709,16362,66029,81071,130738,82391,1
74183,61598,89461,135781,163644,151059,1
25773,22296,7509,48069,33282,29805,1
80561,64551,89526,145112,170087,154077,1
5667,74486,78407,80153,84074,152893,1
88434,41506,70889,129940,159323,112395,1
54162,74405,1104,128567,55266,75509,0
70517,94994,60998,165511,131515,155992,1
48252,30381,86900,78633,135152,117281,0
55243,9454,93061,64697,148304,102515,0
3910,94432,64144,98342,68054,158576,0
25714,5625,13453,31339,39167,19078,0
39798,65439,47987,105237,87785,113426,1
1672,17405,88538,19077,90210,105943,0
7362,33034,31416,40396,38778,64450,1
59372,65436,78018,124808,137390,143454,1
10736,84947,52829,95683,63565,137776,0
77737,86450,56963,164187,134700,143413,1
55418,6281,24203,61699,79621,30484,0
93296,42847,20572,136143,113868,63419,0
77849,27856,4487,105705,82336,32343,0
20663,6173,39612,26836,60275,45785,0
56089,51564,78809,107653,134898,130373,1
89201,36864,18240,126065,107441,55104,0
97781,63218,39025,160999,136806,102243,1
57147,35344,53940,92491,111087,89284,1
41595,37924,91377,79519,132972,129301,0
1176,15476,38552,16652,39728,54028,0
87508,33239,96546,120747,184054,129785,1
30392,31640,74844,62032,105236,106484,0
92706,55601,29788,148307,122494,85389,0
64200,34924,76555,99124,140755,111479,1
95300,58055,90888,153355,186188,148943,1
31951,15866,2979,47817,34930,18845,0
86804,5313,61654,92117,148458,66967,0
40846,51452,65033,92298,105879,116485,1
96273,76387,99633,172660,195906,176020,1
48245,30485,74290,78730,122535,104775,1
25907,67801,3676,93708,29583,71477,0
1749,39337,40904,41086,42653,80241,1
30160,1239,43911,31399,74071,45150,0
68253,55508,19347,123761,87600,74855,1
19625,23797,83037,43422,102662,106834,0
60689,60635,11423,121324,72112,72058,1
21632,66699,18097,88331,39729,84796,0
66083,8792,43764,74875,109847,52556,0
9718,4323,34909,14041,44627,39232,0
33038,45881,82384,78919,115422,128265,0
10576,10045,13490,20621,24066,23535,1
63056,9566,64535,72622,127591,74101,1
91816,44916,19402,136732,111218,64318,0
35870,25943,85374,61813,121244,111317,0
60555,65305,51225,125860,111780,116530,1
85652,75181,26391,160833,112043,101572,1
59413,62188,65428,121601,124841,127616,1
22351,39980,49799,62331,72150,89779,1
85429,80556,61975,165985,147404,142531,1
85439,98524,44152,183963,129591,142676,1
50066,88996,44057,139062,94123,133053,1
16842,39980,31759,56822,48601,71739,1
56762,51183,83587,107945,140349,134770,1
33505,14315,87420,47820,120925,101735,0
89345,74855,51111,164200,140456,125966,1
72766,56054,18625,128820,91391,74679,1
5231,36762,89341,41993,94572,126103,0
12141,77572,85450,89713,97591,163022,1
79456,49582,57126,129038,136582,106708,1
3293,38675,34728,41968,38021,73403,0
74967,78673,40912,153640,115879,119585,1
90692,12160,51707,102852,142399,63867,0
21583,89275,1515,110858,23098,90790,0
34060,53496,26208,87556,60268,79704,1
54031,12721,23632,66752,77663,36353,0
13615,73255,93446,86870,107061,166701,0
94611,77290,90055,171901,184666,167345,1
40186,8966,74080,49152,114266,83046,0
97916,14038,76271,111954,174187,90309,0
30957,56483,16978,87440,47935,73461,0
1659,94144,43927,95803,45586,138071,0
38391,3648,26956,42039,65347,30604,0
95140,30817,40626,125957,135766,71443,0
84368,69472,95952,153840,180320,165424,1
57738,33047,96483,90785,154221,129530,0
51920,48889,30311,100809,82231,79200,1
22277,56927,18023,79204,40300,74950,0
67462,87444,8131,154906,75593,95575,0
81096,39193,71475,120289,152571,110668,1
40785,7574,23824,48359,64609,31398,0
6097,46872,90601,52969,96698,137473,0
14158,30428,69852,44586,84010,100280,0
79197,51815,65054,131012,144251,116869,1
62047,75270,94860,137317,156907,170130,1
27118,37608,38044,64726,65162,75652,1
63074,43590,62548,106664,125622,106138,1
51688,19397,2814,71085,54502,22211,0
39798,39577,21807,79375,61605,61384,1
50447,62885,31738,113332,82185,94623,1
36702,39107,2694,75809,39396,41801,1
95840,19002,74797,114842,170637,93799,0
82553,62323,54500,144876,137053,116823,1
26893,93407,24856,120300,51749,118263,0
48485,85805,72651,134290,121136,158456,1
53317,17441,27153,70758,80470,44594,0
3425,13864,56902,17289,60327,70766,0
94998,325,63649,95323,158647,63974,0
27851,36801,81514,64652,109365,118315,0
90248,27909,39486,118157,129734,67395,0
18197,50787,1014,68984,19211,51801,0
91821,65397,99489,157218,191310,164886,1
73342,33631,53359,106973,126701,86990,1
83777,16823,13722,100600,97499,30545,0
53328,69484,93255,122812,146583,162739,1
14159,28248,37236,42407,51395,65484,1
53662,51452,33460,105114,87122,84912,1
29335,79386,52969,108721,82304,132355,1
25486,50619,26652,76105,52138,77271,1
19607,95041,86156,114648,105763,181197,1
86921,95183,94515,182104,181436,189698,1
61473,16611,73123,78084,134596,89734,1
45858,32996,62592,78854,108450,95588,1
86026,27001,88988,113027,175014,115989,1
61481,11035,38288,72516,99769,49323,0
58001,57934,4880,115935,62881,62814,1
22725,42433,91451,65158,114176,133884,0
28331,13167,90997,41498,119328,104164,0
19220,1038,74559,20258,93779,75597,0
63602,93366,72208,156968,135810,165574,1
87654,24468,70988,112122,158642,95456,1
20064,60079,22421,80143,42485,82500,0
35174,65,72998,35239,108172,73063,0
45724,45323,82115,91047,127839,127438,1
50296,21796,95271,72092,145567,117067,0
66978,88062,71851,155040,138829,159913,1
62153,60766,18682,122919,80835,79448,1
23038,21591,36428,44629,59466,58019,1
8727,56433,63733,65160,72460,120166,1
96438,38206,97826,134644,194264,136032,1
43400,31264,83532,74664,126932,114796,0
25264,33978,3951,59242,29215,37929,0
4728,19733,35571,24461,40299,55304,0
62472,44157,84250,106629,146722,128407,1
58096,63333,15771,121429,73867,79104,1
68856,62749,5182,131605,74038,67931,0
78677,31159,13139,109836,91816,44298,0
5165,90648,47861,95813,53026,138509,0
35533,84859,13100,120392,48633,97959,0
88338,8414,62636,96752,150974,71050,0
66318,58308,22093,124626,88411,80401,1
38994,69246,62715,108240,101709,131961,1
85698,90701,92564,176399,178262,183265,1
64733,625,99971,65358,164704,100596,0
76788,19757,30750,96545,107538,50507,0
67007,180,44749,67187,111756,44929,0
6712,71430,88590,78142,95302,160020,0
2729,60735,22117,63464,24846,82852,0
53146,83918,77258,137064,130404,161176,1
82812,31682,58185,114494,140997,89867,1
53491,78898,75375,132389,128866,154273,1
92380,73,25293,92453,117673,25366,0
21929,52352,22763,74281,44692,75115,0
57239,93352,72639,150591,129878,165991,1
33367,61499,37259,94866,70626,98758,1
36660,99027,15556,135687,52216,114583,0
16186,29637,82455,45823,98641,112092,0
76841,68822,66054,145663,142895,134876,1
70081,89002,79988,159083,150069,168990,1
15480,67458,65555,82938,81035,133013,1
5394,81679,43348,87073,48742,125027,0
48542,58026,84044,106568,132586,142070,1
49680,72487,80112,122167,129792,152599,1
55404,33719,65997,89123,121401,99716,1
14154,10099,38955,24253,53109,49054,0
94171,96131,16938,190302,111109,113069,1
26785,73177,69301,99962,96086,142478,1
85088,5140,5057,90228,90145,10197,0
12677,18112,68486,30789,81163,86598,0
19026,50361,72990,69387,92016,123351,0
17822,88992,30383,106814,48205,119375,0
35222,85540,34275,120762,69497,119815,0
58932,4382,24563,63314,83495,28945,0
85262,46987,23557,132249,108819,70544,0
51129,77047,72966,128176,124095,150013,1
12277,39702,11614,51979,23891,51316,0
78509,21454,92212,99963,170721,113666,1
56680,49040,84644,105720,141324,133684,1
65768,8851,22076,74619,87844,30927,0
28802,20593,3939,49395,32741,24532,0
54217,22219,58021,76436,112238,80240,1
60583,96461,20196,157044,80779,116657,0
74510,37151,99657,111661,174167,136808,1
69542,13343,70635,82885,140177,83978,1
47733,15851,15846,63584,63579,31697,0
5602,77486,6536,83088,12138,84022,0
35812,21365,29129,57177,64941,50494,1
2688,54905,77274,57593,79962,132179,0
19883,35261,69911,55144,89794,105172,0
72745,69872,14988,142617,87733,84860,1
50410,73605,89347,124015,139757,162952,1
54627,23620,17272,78247,71899,40892,0
90305,12429,39128,102734,129433,51557,0
18291,85511,442,103802,18733,85953,0
51571,49042,10665,100613,62236,59707,1
11724,44013,47046,55737,58770,91059,1
3730,90510,56179,94240,59909,146689,0
71503,23107,16555,94610,88058,39662,0
45472,66132,13677,111604,59149,79809,0
59167,88947,51975,148114,111142,140922,1
3711,87978,28166,91689,31877,116144,0
9572,20947,35616,30519,45188,56563,0
95237,20106,65724,115343,160961,85830,0
4320,44867,73189,49187,77509,118056,0
62571,30061,97357,92632,159928,127418,0
29539,43394,21897,72933,51436,65291,1
9863,2444,85693,12307,95556,88137,0
29854,28869,67892,58723,97746,96761,0
76836,16457,56891,93293,133727,73348,0
66329,91029,25996,157358,92325,117025,1
29521,79522,52648,109043,82169,132170,1
59531,48061,85131,107592,144662,133192,1
52044,14775,2712,66819,54756,17487,0
38849,64890,3744,103739,42593,68634,0
41982,4127,13970,46109,55952,18097,0
37574,82261,31107,119835,68681,113368,0
27006,43252,14342,70258,41348,57594,0
12368,32549,44325,44917,56693,76874,1
69324,41928,8986,111252,78310,50914,0
10183,10768,13161,20951,23344,23929,1
51656,18261,46784,69917,98440,65045,1
76520,63284,43510,139804,120030,106794,1
66627,96147,47311,162774,113938,143458,1
19573,75599,6439,95172,26012,82038,0
75167,6299,597,81466,75764,6896,0
84024,9139,37390,93163,121414,46529,0
24355,91428,28037,115783,52392,119465,0
90447,31344,32297,121791,122744,63641,0
50041,92579,71720,142620,121761,164299,1
18914,48828,78961,67742,97875,127789,0
70893,55835,94173,126728,165066,150008,1
75256,16486,1098,91742,76354,17584,0
66076,86407,1075,152483,67151,87482,0
17031,4628,40488,21659,57519,45116,0
70255,46375,58188,116630,128443,104563,1
89303,54375,90299,143678,179602,144674,1
48491,2763,73056,51254,121547,75819,0
38721,41562,81722,80283,120443,123284,0
81996,43026,54963,125022,136959,97989,1
96793,61952,96322,158745,193115,158274,1
83500,94019,23129,177519,106629,117148,1
678,53721,7649,54399,8327,61370,0
18637,16648,51977,35285,70614,68625,0
48799,37211,5543,86010,54342,42754,0
96226,16607,11849,112833,108075,28456,0
76142,72709,31225,148851,107367,103934,1
72519,12306,8102,84825,80621,20408,0
9334,55761,57470,65095,66804,113231,1
78129,35558,99689,113687,177818,135247,1
91115,32015,68212,123130,159327,100227,1
47275,18337,65961,65612,113236,84298,0
53615,57380,43748,110995,97363,101128,1
39281,75141,80002,114422,119283,155143,1
71073,41225,47111,112298,118184,88336,1
25363,61008,71952,86371,97315,132960,1
10587,48225,65228,58812,75815,113453,0
98747,3180,68368,101927,167115,71548,0
19875,62548,13782,82423,33657,76330,0
79894,75718,94372,155612,174266,170090,1
48970,59468,58296,108438,107266,117764,1
40020,39051,50672,79071,90692,89723,1
15898,80075,99968,95973,115866,180043,0
29335,9137,9111,38472,38446,18248,0
20934,42334,33846,63268,54780,76180,1
36325,3215,84761,39540,121086,87976,0
84459,85614,52844,170073,137303,138458,1
23101,62417,65666,85518,88767,128083,1
73370,44524,80955,117894,154325,125479,1
94773,75993,53856,170766,148629,129849,1
83643,46731,84492,130374,168135,131223,1
93656,21950,27145,115606,120801,49095,0
49689,32777,30588,82466,80277,63365,1
34088,18718,16057,52806,50145,34775,1
45200,73073,18568,118273,63768,91641,0
28887,20442,36952,49329,65839,57394,1
13246,14532,53985,27778,67231,68517,0
5913,90589,60260,96502,66173,150849,0
10710,65746,53236,76456,63946,118982,0
74979,97646,78129,172625,153108,175775,1
34318,71232,61358,105550,95676,132590,1
65509,79571,20356,145080,85865,99927,1
29376,53013,75824,82389,105200,128837,1
28106,4293,27354,32399,55460,31647,1
17841,95880,43459,113721,61300,139339,0
88345,50415,43354,138760,131699,93769,1
41518,94253,79344,135771,120862,173597,1
90993,7361,46132,98354,137125,53493,0
44262,26693,95463,70955,139725,122156,0
93561,35690,60435,129251,153996,96125,1
50750,43875,88002,94625,138752,131877,1
90689,66843,90754,157532,181443,157597,1
53768,93049,66577,146817,120345,159626,1
34757,69970,4039,104727,38796,74009,0
36488,40323,73534,76811,110022,113857,1
70919,33950,19208,104869,90127,53158,0
27498,17384,75590,44882,103088,92974,0
55861,89432,1544,145293,57405,90976,0
72526,59233,86083,131759,158609,145316,1
82892,65316,89934,148208,172826,155250,1
70339,36165,89900,106504,160239,126065,1
85132,76321,58022,161453,143154,134343,1
80179,52763,62061,132942,142240,114824,1
14409,5002,69790,19411,84199,74792,0
54766,8129,85691,62895,140457,93820,0
56324,88311,73794,144635,130118,162105,1
16793,8161,55601,24954,72394,63762,0
9320,13910,57429,23230,66749,71339,0
10718,64588,69686,75306,80404,134274,1
93877,45058,81372,138935,175249,126430,1
46449,5228,58677,51677,105126,63905,0
14163,6476,66073,20639,80236,72549,0
70981,97338,77716,168319,148697,175054,1
86098,84604,8515,170702,94613,93119,1
18979,97530,81756,116509,100735,179286,1
63374,59583,96535,122957,159909,156118,1
93612,34100,69054,127712,162666,103154,1
25689,67716,58437,93405,84126,126153,1
25697,48475,51948,74172,77645,100423,1
13562,5625,22027,19187,35589,27652,0
76187,29313,5670,105500,81857,34983,0
76988,53834,12109,130822,89097,65943,0
87797,16137,93675,103934,181472,109812,1
87847,60771,77953,148618,165800,138724,1
17864,60201,48131,78065,65995,108332,1
57288,31747,20233,89035,77521,51980,0
1351,79382,84729,80733,86080,164111,0
38470,87913,9605,126383,48075,97518,0
43014,62453,84828,105467,127842,147281,1
11796,1566,12214,13362,24010,13780,1
88002,24790,6237,112792,94239,31027,0
88825,76282,85254,165107,174079,161536,1
78596,33439,85740,112035,164336,119179,1
30296,35461,1750,65757,32046,37211,0
1250,26229,73600,27479,74850,99829,0
83355,60401,36411,143756,119766,96812,1
4368,21823,20129,26191,24497,41952,1
46787,7422,67287,54209,114074,74709,0
60982,76541,88582,137523,149564,165123,1
48678,69424,60458,118102,109136,129882,1
45729,4039,74501,49768,120230,78540,0
40653,24668,74788,65321,115441,99456,0
60207,66370,65642,126577,125849,132012,1
60793,58120,77583,118913,138376,135703,1
23677,59179,6801,82856,30478,65980,0
18677,89520,70759,108197,89436,160279,0
85245,81650,26544,166895,111789,108194,1
37154,15361,41078,52515,78232,56439,1
82739,89442,27559,172181,110298,117001,1
42298,50288,83893,92586,126191,134181,1
62616,42960,49518,105576,112134,92478,1
47947,28155,62721,76102,110668,90876,1
66324,84494,64944,150818,131268,149438,1
3701,52030,59466,55731,63167,111496,0
29060,22108,81697,51168,110757,103805,0
38559,76465,11196,115024,49755,87661,0
3349,98643,60382,101992,63731,159025,0
98051,31741,17527,129792,115578,49268,0
213,29558,70592,29771,70805,100150,0
97784,71863,33670,169647,131454,105533,1
95381,73875,4716,169256,100097,78591,0
71286,43437,93203,114723,164489,136640,1
93361,98099,86728,191460,180089,184827,1
61607,67596,70005,129203,131612,137601,1
70935,46615,73452,117550,144387,120067,1
19290,16524,16384,35814,35674,32908,1
57267,90539,51709,147806,108976,142248,1
22198,3568,1411,25766,23609,4979,0
455,90794,72622,91249,73077,163416,0
94755,17267,58951,112022,153706,76218,0
14509,6504,66140,21013,80649,72644,0
39766,59842,65055,99608,104821,124897,1
61406,90919,50835,152325,112241,141754,1
95692,96356,19858,192048,115550,116214,1
74284,14294,13083,88578,87367,27377,0
89987,83119,27202,173106,117189,110321,1
33739,2991,94746,36730,128485,97737,0
15580,36140,31619,51720,47199,67759,1
50527,9507,10785,60034,61312,20292,0
4609,36892,38713,41501,43322,75605,1
2878,99276,24305,102154,27183,123581,0
52801,34916,42352,87717,95153,77268,1
4449,85814,30780,90263,35229,116594,0
37722,97940,77621,135662,115343,175561,1
19878,55593,46745,75471,66623,102338,1
26765,53350,6070,80115,32835,59420,0
38205,58956,5722,97161,43927,64678,0
71878,21345,12837,93223,84715,34182,0
38274,82801,54286,121075,92560,137087,1
70712,93935,50457,164647,121169,144392,1
94504,41827,12182,136331,106686,54009,0
74038,64280,3011,138318,77049,67291,0
89362,45312,48538,134674,137900,93850,1
72045,49186,47370,121231,119415,96556,1
79510,73991,63645,153501,143155,137636,1
70347,66663,64216,137010,134563,130879,1
17043,42019,5226,59062,22269,47245,0
9766,85407,40355,95173,50121,125762,0
83151,46894,74282,130045,157433,121176,1
53070,33629,94593,86699,147663,128222,0
39200,56726,29120,95926,68320,85846,1
15175,77085,55333,92260,70508,132418,0
36359,51221,76503,87580,112862,127724,1
14962,88375,99694,103337,114656,188069,1
55053,59751,67033,114804,122086,126784,1
35953,59697,80689,95650,116642,140386,1
16460,65870,34477,82330,50937,100347,0
14168,41551,24996,55719,39164,66547,0
62396,36923,32472,99319,94868,69395,1
54459,84905,32562,139364,87021,117467,1
81809,36334,10318,118143,92127,46652,0
68616,12256,70054,80872,138670,82310,1
93053,30181,82061,123234,175114,112242,1
29791,17126,94759,46917,124550,111885,0
11102,72649,54644,83751,65746,127293,0
95103,69473,51355,164576,146458,120828,1
35131,75186,16085,110317,51216,91271,0
32432,478,27689,32910,60121,28167,0
23277,88116,53486,111393,76763,141602,0
31735,59790,21796,91525,53531,81586,0
54220,77380,79898,131600,134118,157278,1
68615,31371,32815,99986,101430,64186,0
96700,45120,35259,141820,131959,80379,0
57112,42657,34729,99769,91841,77386,1
67016,31804,29500,98820,96516,61304,0
74528,42645,29396,117173,103924,72041,0
89809,69247,26572,159056,116381,95819,1
43025,34833,96492,77858,139517,131325,0
28248,46669,89019,74917,117267,135688,0
47096,55808,50116,102904,97212,105924,1
13722,8462,64840,22184,78562,73302,0
16744,31507,77878,48251,94622,109385,0
77906,24381,32717,102287,110623,57098,0
45564,90656,82928,136220,128492,173584,1
91644,22312,42930,113956,134574,65242,0
38073,91112,97409,129185,135482,188521,1
59779,77746,90264,137525,150043,168010,1
37769,83568,26391,121337,64160,109959,0
16139,11569,68921,27708,85060,80490,0
71972,15615,10654,87587,82626,26269,0
79802,49511,10098,129313,89900,59609,0
63919,15710,14592,79629,78511,30302,0
86667,55578,58013,142245,144680,113591,1
34861,34789,48244,69650,83105,83033,1
52164,51695,94955,103859,147119,146650,1
51087,47696,50379,98783,101466,98075,1
81468,5272,8920,86740,90388,14192,0
23301,13740,96731,37041,120032,110471,0
489,94590,89768,95079,90257,184358,0
58650,94635,24821,153285,83471,119456,0
9722,87500,73593,97222,83315,161093,0
73039,60497,47311,133536,120350,107808,1
29627,90206,78497,119833,108124,168703,1
63807,91355,19029,155162,82836,110384,0
98722,2419,92169,101141,190891,94588,0
44887,37232,54740,82119,99627,91972,1
44308,82868,15200,127176,59508,98068,0
54576,30202,68400,84778,122976,98602,1
19782,185,82035,19967,101817,82220,0
38228,34489,80445,72717,118673,114934,0
41656,54635,16704,96291,58360,71339,1
56238,64582,41158,120820,97396,105740,1
61913,3660,22498,65573,84411,26158,0
80429,7399,23222,87828,103651,30621,0
61984,8392,58377,70376,120361,66769,1
38481,27109,84735,65590,123216,111844,0
96584,32093,4407,128677,100991,36500,0
44724,18221,39710,62945,84434,57931,1
63217,32929,36909,96146,100126,69838,1
20018,81757,83059,101775,103077,164816,1
99085,68056,14695,167141,113780,82751,0
46131,15095,12978,61226,59109,28073,0
75434,82422,36635,157856,112069,119057,1
66391,72067,6587,138458,72978,78654,1
78158,44527,87421,122685,165579,131948,1
86878,58219,67449,145097,154327,125668,1
33252,32752,77777,66004,111029,110529,0
33741,59409,72832,93150,106573,132241,1
99184,96762,84886,195946,184070,181648,1
52505,64678,81817,117183,134322,146495,1
56852,96958,49429,153810,106281,146387,1
74139,40844,57317,114983,131456,98161,1
54199,69419,19741,123618,73940,89160,1
91458,93540,48492,184998,139950,142032,1
49304,80972,37199,130276,86503,118171,1
35776,63501,95431,99277,131207,158932,1
21734,93113,4112,114847,25846,97225,0
1834,69091,47073,70925,48907,116164,0
87721,86379,14091,174100,101812,100470,1
56793,96561,90188,153354,146981,186749,1
34584,98274,63095,132858,97679,161369,0
60298,48166,97228,108464,157526,145394,1
14661,46009,39124,60670,53785,85133,1
18902,65631,71880,84533,90782,137511,1
59791,5444,95507,65235,155298,100951,0
83012,63180,39959,146192,122971,103139,1
80631,56753,27033,137384,107664,83786,1
22460,67834,14033,90294,36493,81867,0
73752,75801,79234,149553,152986,155035,1
12540,81900,77395,94440,89935,159295,1
95980,9210,59198,105190,155178,68408,0
87799,35280,66381,123079,154180,101661,1
25566,74423,30664,99989,56230,105087,0
38515,82052,12348,120567,50863,94400,0
224,18760,26953,18984,27177,45713,0
3614,16420,57278,20034,60892,73698,0
57543,49290,84277,106833,141820,133567,1
27338,99703,2852,127041,30190,102555,0
54349,12113,88959,66462,143308,101072,0
51000,20951,70598,71951,121598,91549,1
76758,78093,72628,154851,149386,150721,1
90861,37948,95502,128809,186363,133450,1
98726,32382,23271,131108,121997,55653,0
88329,92309,41372,180638,129701,133681,1
82838,44086,54029,126924,136867,98115,1
51296,64039,96439,115335,147735,160478,1
47370,16355,4654,63725,52024,21009,0
78346,86656,60220,165002,138566,146876,1
43831,74234,19765,118065,63596,93999,0
65293,62103,89662,127396,154955,151765,1
12914,13722,84618,26636,97532,98340,0
58118,35123,9139,93241,67257,44262,0
10194,617,1566,10811,11760,2183,0
24273,40824,98235,65097,122508,139059,0
88785,19931,65709,108716,154494,85640,0
64684,38130,53086,102814,117770,91216,1
41348,78039,12421,119387,53769,90460,0
55490,76646,61851,132136,117341,138497,1
34154,12648,67376,46802,101530,80024,0
74757,86969,27610,161726,102367,114579,1
57164,29430,67888,86594,125052,97318,1
18192,30120,82731,48312,100923,112851,0
42429,18797,82318,61226,124747,101115,0
87144,34034,78874,121178,166018,112908,1
76968,74863,69390,151831,146358,144253,1
31735,8864,41028,40599,72763,49892,0
27320,98730,8066,126050,35386,106796,0
79688,56242,76269,135930,155957,132511,1
19000,54212,41501,73212,60501,95713,1
35623,7757,47000,43380,82623,54757,0
79086,84544,82229,163630,161315,166773,1
77389,87882,43980,165271,121369,131862,1
80772,18182,51568,98954,132340,69750,0
28864,44795,33961,73659,62825,78756,1
94259,85296,97130,179555,191389,182426,1
89556,9572,47806,99128,137362,57378,0
29947,71327,14516,101274,44463,85843,0
23892,96398,81072,120290,104964,177470,1
91611,64369,40517,155980,132128,104886,1
47117,60529,46437,107646,93554,106966,1
25978,77309,91801,103287,117779,169110,1
29240,2182,67930,31422,97170,70112,0
63027,56900,36818,119927,99845,93718,1
57432,64488,28782,121920,86214,93270,1
67339,10394,74915,77733,142254,85309,1
8812,87430,7978,96242,16790,95408,0
51649,79706,73772,131355,125421,153478,1
95147,77043,20830,172190,115977,97873,1
40621,10610,65082,51231,105703,75692,0
14369,97660,86827,112029,101196,184487,1
3215,17195,79476,20410,82691,96671,0
36472,68905,93355,105377,129827,162260,1
14483,13541,96910,28024,111393,110451,0
74824,76753,41182,151577,116006,117935,1
40709,80485,43926,121194,84635,124411,1
14476,87195,69254,101671,83730,156449,0
14670,73748,27590,88418,42260,101338,0
62103,90319,56859,152422,118962,147178,1
92292,26649,13003,118941,105295,39652,0
60528,56722,46463,117250,106991,103185,1
45458,48201,21623,93659,67081,69824,1
71882,80721,65120,152603,137002,145841,1
99348,60051,73319,159399,172667,133370,1
11629,7460,99427,19089,111056,106887,0
60976,71120,63621,132096,124597,134741,1
35067,83709,63557,118776,98624,147266,1
68894,69749,76072,138643,144966,145821,1
20166,16004,26657,36170,46823,42661,1
9778,71276,84447,81054,94225,155723,0
68000,42672,6082,110672,74082,48754,0
81179,1243,83638,82422,164817,84881,0
85249,91401,11456,176650,96705,102857,1
69762,86915,34266,156677,104028,121181,1
67669,71184,48229,138853,115898,119413,1
6436,66189,89619,72625,96055,155808,0
12557,39606,30644,52163,43201,70250,1
31153,39831,2360,70984,33513,42191,0
73617,32831,85428,106448,159045,118259,1
63154,8810,95842,71964,158996,104652,0
15065,23247,74262,38312,89327,97509,0
84797,98203,79103,183000,163900,177306,1
88339,4797,36381,93136,124720,41178,0
27083,3568,72753,30651,99836,76321,0
56673,76181,72146,132854,128819,148327,1
4500,31363,85652,35863,90152,117015,0
4224,20986,82490,25210,86714,103476,0
52766,79974,1877,132740,54643,81851,0
27672,72590,24698,100262,52370,97288,0
35086,77692,7488,112778,42574,85180,0
21836,79064,46653,100900,68489,125717,0
27626,3183,48962,30809,76588,52145,0
94594,58360,82714,152954,177308,141074,1
30978,7274,84874,38252,115852,92148,0
12389,5299,11682,17688,24071,16981,1
6643,12925,48546,19568,55189,61471,0
57346,69199,2543,126545,59889,71742,0
92631,58638,31157,151269,123788,89795,0
25006,11519,42652,36525,67658,54171,0
99049,67393,42014,166442,141063,109407,1
22765,68922,45993,91687,68758,114915,0
45634,41837,52582,87471,98216,94419,1
15932,51795,10269,67727,26201,62064,0
83499,26180,75834,109679,159333,102014,1
61049,3585,91437,64634,152486,95022,0
47687,10757,83223,58444,130910,93980,0
64368,41079,99513,105447,163881,140592,1
47932,69135,7105,117067,55037,76240,0
39811,22792,83186,62603,122997,105978,0
50733,4619,52272,55352,103005,56891,1
50141,74319,26646,124460,76787,100965,1
53405,6937,64746,60342,118151,71683,0
73203,67663,95028,140866,168231,162691,1
6314,85047,39917,91361,46231,124964,0
75584,42519,17615,118103,93199,60134,0
35635,94540,52862,130175,88497,147402,0
63914,73225,67970,137139,131884,141195,1
36545,14825,34994,51370,71539,49819,1
37384,53793,99786,91177,137170,153579,0
50635,72221,70196,122856,120831,142417,1
69060,65346,21396,134406,90456,86742,1
78998,80045,98543,159043,177541,178588,1
23592,45253,99259,68845,122851,144512,0
77859,2551,72340,80410,150199,74891,0
34682,39879,58236,74561,92918,98115,1
50403,26180,73859,76583,124262,100039,1
56173,10868,62895,67041,119068,73763,1
6140,32053,73528,38193,79668,105581,0
51390,91044,1598,142434,52988,92642,0
46283,49223,18315,95506,64598,67538,1
6772,20115,49253,26887,56025,69368,0
75808,7757,66953,83565,142761,74710,0
21415,82889,16525,104304,37940,99414,0
11312,52851,88088,64163,99400,140939,0
17777,95582,37097,113359,54874,132679,0
18620,27302,81566,45922,100186,108868,0
16009,48676,70339,64685,86348,119015,0
29727,10007,89985,39734,119712,99992,0
26012,54806,15766,80818,41778,70572,0
31094,36767,69699,67861,100793,106466,0
31761,39366,86936,71127,118697,126302,0
81378,70132,42600,151510,123978,112732,1
77232,22439,29260,99671,106492,51699,0
78811,52288,22553,131099,101364,74841,0
50201,94574,49827,144775,100028,144401,1
92042,76829,49632,168871,141674,126461,1
42622,47253,53717,89875,96339,100970,1
32700,96986,28782,129686,61482,125768,0
68185,72548,61310,140733,129495,133858,1
9549,87236,29697,96785,39246,116933,0
65310,88638,34349,153948,99659,122987,1
56400,75050,79318,131450,135718,154368,1
19871,38438,85544,58309,105415,123982,0
5182,67301,13210,72483,18392,80511,0
74745,9429,88550,84174,163295,97979,0
80372,36194,33601,116566,113973,69795,0
51935,69600,21936,121535,73871,91536,1
83393,77864,67271,161257,150664,145135,1
34439,58731,13527,93170,47966,72258,0
31068,99123,77586,130191,108654,176709,1
65684,73141,87792,138825,153476,160933,1
18592,63970,27683,82562,46275,91653,0
78943,54242,50691,133185,129634,104933,1
15217,9652,33600,24869,48817,43252,0
83550,28384,26045,111934,109595,54429,0
3322,94144,94138,97466,97460,188282,1
36564,79733,12672,116297,49236,92405,0
56905,25328,35802,82233,92707,61130,1
62693,87379,37443,150072,100136,124822,1
59012,52698,74394,111710,133406,127092,1
60084,96634,42621,156718,102705,139255,1
14299,69424,64610,83723,78909,134034,1
21247,57460,75256,78707,96503,132716,1
66041,68213,60656,134254,126697,128869,1
72141,76966,54421,149107,126562,131387,1
13697,66316,15093,80013,28790,81409,0
58934,37914,37043,96848,95977,74957,1
28005,77151,2019,105156,30024,79170,0
89137,79969,89674,169106,178811,169643,1
85166,41736,60805,126902,145971,102541,1
42106,46891,75020,88997,117126,121911,1
63579,88847,78648,152426,142227,167495,1
22600,40118,2544,62718,25144,42662,0
23805,79371,13760,103176,37565,93131,0
83102,46920,95247,130022,178349,142167,1
54955,17418,41630,72373,96585,59048,1
96775,79078,61517,175853,158292,140595,1
3017,94934,28959,97951,31976,123893,0
25906,60685,34138,86591,60044,94823,0
8744,88895,6115,97639,14859,95010,0
44052,56514,58589,100566,102641,115103,1
82061,82828,91564,164889,173625,174392,1
5462,8827,10314,14289,15776,19141,1
40964,50511,26676,91475,67640,77187,1
42231,11718,58598,53949,100829,70316,0
2585,37297,57981,39882,60566,95278,0
81807,16204,92133,98011,173940,108337,1
2951,95052,93657,98003,96608,188709,1
90871,82768,62348,173639,153219,145116,1
82763,60673,90538,143436,173301,151211,1
41884,57456,34581,99340,76465,92037,1
11847,48463,18810,60310,30657,67273,0
2491,93820,86679,96311,89170,180499,0
30949,80361,44214,111310,75163,124575,0
43934,36192,89674,80126,133608,125866,0
97869,83268,83679,181137,181548,166947,1
71547,86571,86995,158118,158542,173566,1
26647,24411,15798,51058,42445,40209,1
23466,5592,31218,29058,54684,36810,0
11100,90789,59719,101889,70819,150508,0
22906,28041,1271,50947,24177,29312,0
71843,58654,29358,130497,101201,88012,1
6133,19261,38623,25394,44756,57884,0
34180,44565,32832,78745,67012,77397,1
20071,74734,87055,94805,107126,161789,1
31047,77471,98726,108518,129773,176197,1
31719,94553,16891,126272,48610,111444,0
32507,15696,13922,48203,46429,29618,0
70346,78139,72725,148485,143071,150864,1
58390,48627,62851,107017,121241,111478,1
40520,12623,20318,53143,60838,32941,0
75259,93130,50104,168389,125363,143234,1
89628,16300,60548,105928,150176,76848,0
54022,5080,51496,59102,105518,56576,1
22560,21522,8937,44082,31497,30459,1
16552,83867,11128,100419,27680,94995,0
2581,14651,76504,17232,79085,91155,0
29513,24761,95942,54274,125455,120703,0
31374,23850,11679,55224,43053,35529,1
88334,22284,70848,110618,159182,93132,1
9466,92331,56961,101797,66427,149292,0
33660,15565,52205,49225,85865,67770,0
74869,40555,23774,115424,98643,64329,0
51628,17834,75391,69462,127019,93225,0
73816,84024,42328,157840,116144,126352,1
355,57749,52174,58104,52529,109923,0
71087,76312,31469,147399,102556,107781,1
30347,30411,81374,60758,111721,111785,0
39586,64551,66428,104137,106014,130979,1
64959,16568,11776,81527,76735,28344,0
47612,45696,77702,93308,125314,123398,1
72422,37113,52578,109535,125000,89691,1
7388,48443,54700,55831,62088,103143,1
72129,99258,99346,171387,171475,198604,1
25818,32959,52935,58777,78753,85894,1
48416,99025,52900,147441,101316,151925,1
92644,32391,640,125035,93284,33031,0
54774,36574,10361,91348,65135,46935,0
16107,65874,52786,81981,68893,118660,1
26703,22801,30626,49504,57329,53427,1
74765,32964,12763,107729,87528,45727,0
39616,26431,59178,66047,98794,85609,1
3982,56508,17173,60490,21155,73681,0
78496,28371,65428,106867,143924,93799,1
42415,54370,43601,96785,86016,97971,1
67467,40999,42144,108466,109611,83143,1
52763,14590,66698,67353,119461,81288,1
82434,15135,90114,97569,172548,105249,1
8319,44618,56367,52937,64686,100985,0
79211,18217,70005,97428,149216,88222,1
99892,99822,61403,199714,161295,161225,1
56923,18098,87602,75021,144525,105700,0
38153,85316,22183,123469,60336,107499,0
44824,1826,96313,46650,141137,98139,0
9971,95390,16093,105361,26064,111483,0
66165,68423,4652,134588,70817,73075,1
13558,12357,20245,25915,33803,32602,1
3627,76885,43813,80512,47440,120698,0
83484,31933,65051,115417,148535,96984,1
11445,58250,63178,69695,74623,121428,1
50210,19689,96137,69899,146347,115826,0
28300,41073,48190,69373,76490,89263,1
18157,56743,22466,74900,40623,79209,0
628,7028,43823,7656,44451,50851,0
69238,80183,43027,149421,112265,123210,1
78489,42144,53632,120633,132121,95776,1
75111,8666,81987,83777,157098,90653,1
76926,97796,53954,174722,130880,151750,1
14685,58877,92659,73562,107344,151536,0
2847,64863,74383,67710,77230,139246,0
76041,87394,34662,163435,110703,122056,1
39942,6694,84395,46636,124337,91089,0
26582,15704,78278,42286,104860,93982,0
36272,90886,40226,127158,76498,131112,0
47008,57500,49063,104508,96071,106563,1
1586,75189,12407,76775,13993,87596,0
87238,36320,69067,123558,156305,105387,1
60670,26505,8700,87175,69370,35205,0
7968,34383,97986,42351,105954,132369,0
24098,57896,31356,81994,55454,89252,0
14095,1263,25046,15358,39141,26309,0
99247,63750,1411,162997,100658,65161,0
7849,94090,78794,101939,86643,172884,0
40989,43341,46145,84330,87134,89486,1
59469,30343,95835,89812,155304,126178,0
8866,19310,91198,28176,100064,110508,0
26137,50120,68424,76257,94561,118544,1
98671,79620,81739,178291,180410,161359,1
63623,8673,72094,72296,135717,80767,1
7292,52747,61746,60039,69038,114493,0
24027,355,57177,24382,81204,57532,0
42986,67805,77729,110791,120715,145534,1
97323,85520,6827,182843,104150,92347,0
27578,4909,97246,32487,124824,102155,0
44470,32967,52801,77437,97271,85768,1
88809,64171,28969,152980,117778,93140,1
13245,38855,38597,52100,51842,77452,1
99195,62825,50049,162020,149244,112874,1
35873,47416,49788,83289,85661,97204,1
25456,22774,17678,48230,43134,40452,1
54403,91380,5315,145783,59718,96695,0
16916,8413,52554,25329,69470,60967,0
61843,69453,44829,131296,106672,114282,1
29237,27001,95970,56238,125207,122971,0
5568,19603,56462,25171,62030,76065,0
5543,37120,48806,42663,54349,85926,0
92149,34868,30430,127017,122579,65298,0
83240,6322,8380,89562,91620,14702,0
24230,29781,94713,54011,118943,124494,0
53146,80695,47455,133841,100601,128150,1
83441,99120,19059,182561,102500,118179,1
60998,78895,78935,139893,139933,157830,1
76719,27574,63880,104293,140599,91454,1
85063,75543,26844,160606,111907,102387,1
94876,13885,41472,108761,136348,55357,0
93554,50486,72945,144040,166499,123431,1
61953,74753,43929,136706,105882,118682,1
49632,62394,68252,112026,117884,130646,1
9426,21837,27830,31263,37256,49667,1
56778,83886,44394,140664,101172,128280,1
68781,20796,70188,89577,138969,90984,1
54351,56147,39425,110498,93776,95572,1
90221,37424,16646,127645,106867,54070,0
4665,55206,69462,59871,74127,124668,0
19373,26479,39711,45852,59084,66190,1
38051,84377,35295,122428,73346,119672,0
835,67571,28383,68406,29218,95954,0
75754,27781,14860,103535,90614,42641,0
25672,53712,44788,79384,70460,98500,1
15045,46509,83752,61554,98797,130261,0
95194,46405,11038,141599,106232,57443,0
13355,74619,68254,87974,81609,142873,1
5578,51238,55928,56816,61506,107166,1
68994,47380,11594,116374,80588,58974,0
7993,72,34440,8065,42433,34512,0
85270,44317,80700,129587,165970,125017,1
17905,1661,98451,19566,116356,100112,0
97363,56719,98025,154082,195388,154744,1
90809,37611,93239,128420,184048,130850,1
52915,45227,3086,98142,56001,48313,0
37478,28402,50773,65880,88251,79175,1
14909,11907,16226,26816,31135,28133,1
62600,89656,35089,152256,97689,124745,1
77214,29297,35973,106511,113187,65270,0
22316,86853,73559,109169,95875,160412,1
94714,66719,91903,161433,186617,158622,1
15425,57572,35327,72997,50752,92899,0
12956,57975,8848,70931,21804,66823,0
95209,53127,3574,148336,98783,56701,0
35846,86415,79907,122261,115753,166322,1
47740,32827,88034,80567,135774,120861,0
3340,85304,41058,88644,44398,126362,0
49651,88688,21847,138339,71498,110535,0
85483,56192,43385,141675,128868,99577,1
6290,41963,88261,48253,94551,130224,0
6160,63439,97125,69599,103285,160564,0
42452,32652,52554,75104,95006,85206,1
71397,27255,2931,98652,74328,30186,0
11497,7484,94272,18981,105769,101756,0
1401,79184,57464,80585,58865,136648,0
41996,63216,28159,105212,70155,91375,1
97042,34994,80338,132036,177380,115332,1
8589,3529,6120,12118,14709,9649,1
57652,53239,40560,110891,98212,93799,1
55237,98042,76237,153279,131474,174279,1
63414,12000,94008,75414,157422,106008,0
65692,93886,65436,159578,131128,159322,1
8379,80515,98455,88894,106834,178970,0
66688,88203,8323,154891,75011,96526,0
59198,90918,21081,150116,80279,111999,0
88960,83280,36574,172240,125534,119854,1
19681,87225,54471,106906,74152,141696,0
56237,21129,7758,77366,63995,28887,0
79010,82113,13833,161123,92843,95946,1
51501,96304,17329,147805,68830,113633,0
5419,94027,84108,99446,89527,178135,0
8144,52301,90200,60445,98344,142501,0
34631,49981,47193,84612,81824,97174,1
8771,71891,94013,80662,102784,165904,0
37406,59534,4883,96940,42289,64417,0
86611,71286,76792,157897,163403,148078,1
25850,88114,76983,113964,102833,165097,1
98412,78872,31369,177284,129781,110241,1
74104,29263,59296,103367,133400,88559,1
56528,9182,7705,65710,64233,16887,0
78451,34684,18299,113135,96750,52983,0
39155,41755,61745,80910,100900,103500,1
48223,43517,99473,91740,147696,142990,0
88610,52692,99649,141302,188259,152341,1
60773,85244,64793,146017,125566,150037,1
4911,27634,36353,32545,41264,63987,0
4670,77170,67998,81840,72668,145168,0
19701,87326,35551,107027,55252,122877,0
41016,44255,71832,85271,112848,116087,1
10718,88707,81539,99425,92257,170246,1
36448,16508,32448,52956,68896,48956,1
6359,29304,71825,35663,78184,101129,0
45279,46201,22930,91480,68209,69131,1
5120,28814,38990,33934,44110,67804,0
84838,19734,23164,104572,108002,42898,0
73813,667,58945,74480,132758,59612,0
70122,63437,19666,133559,89788,83103,1
26730,4566,23317,31296,50047,27883,1
65330,80269,2759,145599,68089,83028,0
20844,11100,89537,31944,110381,100637,0
18091,5779,59385,23870,77476,65164,0
85834,41620,13185,127454,99019,54805,0
67279,7488,56216,74767,123495,63704,0
61163,52736,82305,113899,143468,135041,1
12023,72304,16480,84327,28503,88784,0
65401,3994,22992,69395,88393,26986,0
60013,46790,3075,106803,63088,49865,0
86268,29125,54880,115393,141148,84005,0
46412,8179,48540,54591,94952,56719,1
89229,37831,37877,127060,127106,75708,0
74489,1694,96672,76183,171161,98366,0
74949,22476,73954,97425,148903,96430,1
84592,2995,20890,87587,105482,23885,0
39358,48700,96142,88058,135500,144842,0
51944,57290,74869,109234,126813,132159,1
75583,61075,45569,136658,121152,106644,1
22906,2756,60944,25662,83850,63700,0
58190,80814,24914,139004,83104,105728,1
84956,12708,54398,97664,139354,67106,0
1876,57377,46262,59253,48138,103639,0
60744,63950,60128,124694,120872,124078,1
21300,39906,44197,61206,65497,84103,1
37055,83958,75647,121013,112702,159605,1
20788,6756,23433,27544,44221,30189,1
75857,22186,12979,98043,88836,35165,0
37279,90031,88859,127310,126138,178890,1
93620,87110,50570,180730,144190,137680,1
64694,7646,5222,72340,69916,12868,0
40165,56355,54412,96520,94577,110767,1
84088,64676,41867,148764,125955,106543,1
14557,84069,97420,98626,111977,181489,1
324,23169,6782,23493,7106,29951,0
8163,35759,66812,43922,74975,102571,0
84016,64802,4400,148818,88416,69202,0
86209,59720,97070,145929,183279,156790,1
5863,29120,17992,34983,23855,47112,0
59397,38329,66420,97726,125817,104749,1
34830,78583,57334,113413,92164,135917,1
58540,82682,62462,141222,121002,145144,1
30463,48315,73046,78778,103509,121361,1
75975,20927,86719,96902,162694,107646,1
23460,56103,59466,79563,82926,115569,1
58015,50596,94868,108611,152883,145464,1
8928,65971,69205,74899,78133,135176,1
50323,2660,71264,52983,121587,73924,0
50756,60987,53878,111743,104634,114865,1
78525,41722,39817,120247,118342,81539,1
57629,57341,48980,114970,106609,106321,1
83188,36187,41743,119375,124931,77930,0
95869,44116,83571,139985,179440,127687,1
59220,28818,99282,88038,158502,128100,0
80434,14165,34406,94599,114840,48571,0
46080,69703,7109,115783,53189,76812,0
31612,93462,34149,125074,65761,127611,0
22195,12104,3627,34299,25822,15731,0
86846,10382,37129,97228,123975,47511,0
50212,4298,72635,54510,122847,76933,0
78890,99407,44656,178297,123546,144063,1
52310,65185,42605,117495,94915,107790,1
42121,32582,38608,74703,80729,71190,1
14116,17224,90540,31340,104656,107764,0
72401,12960,1511,85361,73912,14471,0
10715,91691,28652,102406,39367,120343,0
49921,93726,12148,143647,62069,105874,0
2368,48765,61130,51133,63498,109895,0
71304,76500,67380,147804,138684,143880,1
84958,33453,83314,118411,168272,116767,1
80528,1156,60789,81684,141317,61945,0
12719,95991,99935,108710,112654,195926,1
88353,95454,70020,183807,158373,165474,1
85688,1048,63026,86736,148714,64074,0
29949,34962,19445,64911,49394,54407,1
48008,98081,12904,146089,60912,110985,0
98490,9007,99055,107497,197545,108062,1
3277,95419,81659,98696,84936,177078,0
92016,70182,96993,162198,189009,167175,1
45099,94355,83627,139454,128726,177982,1
53804,9817,21962,63621,75766,31779,0
22526,16622,25925,39148,48451,42547,1
66527,82671,84589,149198,151116,167260,1
87330,58529,4077,145859,91407,62606,0
17299,68782,43792,86081,61091,112574,0
10923,96903,99566,107826,110489,196469,1
23876,25969,78424,49845,102300,104393,0
43148,65809,92806,108957,135954,158615,1
41368,42864,99178,84232,140546,142042,0
32914,81281,75129,114195,108043,156410,1
81418,60034,53997,141452,135415,114031,1
31359,29166,75096,60525,106455,104262,0
1223,9580,65671,10803,66894,75251,0
28008,45699,23931,73707,51939,69630,1
57758,23128,27354,80886,85112,50482,0
20729,80029,63376,100758,84105,143405,1
22180,94466,42863,116646,65043,137329,0
81121,5090,38909,86211,120030,43999,0
15630,47152,5584,62782,21214,52736,0
67956,31247,37118,99203,105074,68365,1
9502,218,48816,9720,58318,49034,0
93376,74216,33107,167592,126483,107323,1
87271,29477,53891,116748,141162,83368,0
61426,23999,8618,85425,70044,32617,0
98813,87981,73405,186794,172218,161386,1
10850,90172,58600,101022,69450,148772,0
49754,33526,76126,83280,125880,109652,1
47778,90543,3515,138321,51293,94058,0
67880,72653,36915,140533,104795,109568,1
1568,1156,51164,2724,52732,52320,0
74480,58293,16049,132773,90529,74342,0
2063,68651,78066,70714,80129,146717,0
28986,63295,78158,92281,107144,141453,1
67971,56182,11054,124153,79025,67236,0
95846,74100,34112,169946,129958,108212,1
7874,94726,79579,102600,87453,174305,0
85080,25902,30532,110982,115612,56434,0
42885,8699,68439,51584,111324,77138,0
56980,75468,19138,132448,76118,94606,1
94578,51423,81720,146001,176298,133143,1
40287,66480,91567,106767,131854,158047,1
71438,3039,3737,74477,75175,6776,0
67267,95360,51855,162627,119122,147215,1
65284,62271,41259,127555,106543,103530,1
26928,21086,62743,48014,89671,83829,0
91325,10294,61152,101619,152477,71446,0
47085,98515,45658,145600,92743,144173,0
96243,50933,49882,147176,146125,100815,1
10277,74232,2276,84509,12553,76508,0
37428,22463,47665,59891,85093,70128,1
42083,97828,90911,139911,132994,188739,1
47221,13246,31942,60467,79163,45188,0
17002,71719,73986,88721,90988,145705,1
45324,88780,92452,134104,137776,181232,1
52543,85995,73020,138538,125563,159015,1
72416,4518,29045,76934,101461,33563,0
89981,29454,1896,119435,91877,31350,0
77555,24935,32777,102490,110332,57712,0
11790,37071,6329,48861,18119,43400,0
29658,85544,88827,115202,118485,174371,1
58446,28655,66349,87101,124795,95004,1
49067,19012,26503,68079,75570,45515,0
78894,5843,30448,84737,109342,36291,0
6307,73290,65594,79597,71901,138884,0
51722,68447,37406,120169,89128,105853,1
99896,63080,31327,162976,131223,94407,0
5695,90488,67012,96183,72707,157500,0
36482,41935,90400,78417,126882,132335,0
27436,93603,68406,121039,95842,162009,1
93810,13615,2392,107425,96202,16007,0
19239,29347,78485,48586,97724,107832,0
3892,21724,82275,25616,86167,103999,0
28678,61574,24683,90252,53361,86257,0
31751,62908,77621,94659,109372,140529,1
81698,98715,54172,180413,135870,152887,1
82025,87905,49672,169930,131697,137577,1
75198,13863,66590,89061,141788,80453,1
20460,48000,62759,68460,83219,110759,1
36575,27186,37088,63761,73663,64274,1
96806,2488,85625,99294,182431,88113,0
94639,90224,56196,184863,150835,146420,1
27665,64328,90700,91993,118365,155028,1
96871,68192,71499,165063,168370,139691,1
92809,20895,43535,113704,136344,64430,0
67502,42363,48091,109865,115593,90454,1
60351,69755,21898,130106,82249,91653,1
84135,1665,57200,85800,141335,58865,0
27457,55270,54158,82727,81615,109428,1
70606,94597,43289,165203,113895,137886,1
81653,4510,99161,86163,180814,103671,0
39320,45236,50530,84556,89850,95766,1
67383,18050,3525,85433,70908,21575,0
48843,43009,84659,91852,133502,127668,1
28355,72600,28576,100955,56931,101176,0
43055,88479,12763,131534,55818,101242,0
65583,59195,54545,124778,120128,113740,1
29042,3159,93214,32201,122256,96373,0
24045,66858,33415,90903,57460,100273,0
92399,67511,44830,159910,137229,112341,1
20021,69896,55001,89917,75022,124897,1
72588,42435,53409,115023,125997,95844,1
77250,71759,86949,149009,164199,158708,1
24207,99237,54500,123444,78707,153737,0
9752,12252,79527,22004,89279,91779,0
44429,80560,27248,124989,71677,107808,0
82962,53237,28189,136199,111151,81426,0
50386,11833,6252,62219,56638,18085,0
39122,84165,8066,123287,47188,92231,0
55725,16269,45995,71994,101720,62264,1
34921,89210,49492,124131,84413,138702,0
33483,19885,86540,53368,120023,106425,0
87803,44347,92032,132150,179835,136379,1
63856,27803,48782,91659,112638,76585,1
72999,10687,70212,83686,143211,80899,1
59516,23338,71083,82854,130599,94421,1
22390,82417,64309,104807,86699,146726,1
35884,76337,88989,112221,124873,165326,1
1806,47623,51266,49429,53072,98889,0
48771,16132,96590,64903,145361,112722,0
98970,92011,23449,190981,122419,115460,1
94939,69034,21750,163973,116689,90784,0
50978,93349,62069,144327,113047,155418,1
71737,72097,49636,143834,121373,121733,1
19790,26586,35446,46376,55236,62032,1
44978,42228,2868,87206,47846,45096,1
21379,12741,7657,34120,29036,20398,0
56380,46135,20141,102515,76521,66276,1
43758,19674,59523,63432,103281,79197,1
1796,87816,19814,89612,21610,107630,0
67326,14811,39484,82137,106810,54295,0
99741,9948,74036,109689,173777,83984,0
29619,5132,15392,34751,45011,20524,0
69140,9177,47674,78317,116814,56851,0
81416,19562,94686,100978,176102,114248,1
39997,21641,72115,61638,112112,93756,0
64321,22846,76411,87167,140732,99257,1
5259,88682,23139,93941,28398,111821,0
1834,19620,11488,21454,13322,31108,0
24578,51224,58760,75802,83338,109984,1
81122,74876,62220,155998,143342,137096,1
86223,84567,44323,170790,130546,128890,1
37979,23998,31597,61977,69576,55595,1
40498,88690,71716,129188,112214,160406,1
50866,33508,37623,84374,88489,71131,1
62114,99310,96,161424,62210,99406,0
97174,59586,59978,156760,157152,119564,1
59016,39169,39519,98185,98535,78688,1
81417,87830,14582,169247,95999,102412,1
94535,93137,97081,187672,191616,190218,1
20786,88146,28089,108932,48875,116235,0
63446,76106,69611,139552,133057,145717,1
14852,83175,35463,98027,50315,118638,0
49228,8451,61314,57679,110542,69765,0
20586,75406,2987,95992,23573,78393,0
14291,11996,88295,26287,102586,100291,0
26614,31722,74384,58336,100998,106106,0
87916,31783,77744,119699,165660,109527,1
2212,37458,37494,39670,39706,74952,1
31914,85940,10546,117854,42460,96486,0
16480,1930,37182,18410,53662,39112,0
89866,87336,50797,177202,140663,138133,1
54656,9209,34270,63865,88926,43479,0
97467,2257,4772,99724,102239,7029,0
25389,185,38766,25574,64155,38951,0
72882,41045,26880,113927,99762,67925,0
47069,75614,12686,122683,59755,88300,0
80795,41211,42042,122006,122837,83253,1
38585,90907,67197,129492,105782,158104,1
13271,93011,14951,106282,28222,107962,0
79341,33368,28350,112709,107691,61718,0
15275,93385,48060,108660,63335,141445,0
84462,69256,87974,153718,172436,157230,1
89774,87370,89659,177144,179433,177029,1
30842,36526,28212,67368,59054,64738,1
46407,39216,94486,85623,140893,133702,0
8103,87592,34036,95695,42139,121628,0
81207,16431,44273,97638,125480,60704,0
13168,43510,6525,56678,19693,50035,0
9127,46284,12456,55411,21583,58740,0
36853,31884,94827,68737,131680,126711,0
61790,22979,33099,84769,94889,56078,0
91553,69145,7707,160698,99260,76852,0
65527,51284,56604,116811,122131,107888,1
85674,67957,12263,153631,97937,80220,0
86681,14925,50981,101606,137662,65906,0
66240,68069,41291,134309,107531,109360,1
66897,92949,89298,159846,156195,182247,1
91971,1828,26771,93799,118742,28599,0
70035,44585,95646,114620,165681,140231,1
4792,4696,39429,9488,44221,44125,0
31820,50205,54938,82025,86758,105143,1
47325,91306,409,138631,47734,91715,0
51476,65116,46973,116592,98449,112089,1
4837,97068,60233,101905,65070,157301,0
70642,16890,63039,87532,133681,79929,1
90597,74863,56112,165460,146709,130975,1
73910,63797,17319,137707,91229,81116,1
77321,5660,36435,82981,113756,42095,0
69426,33848,35942,103274,105368,69790,1
10426,83931,69291,94357,79717,153222,0
85196,1304,71735,86500,156931,73039,0
33439,97649,68764,131088,102203,166413,1
88748,73227,99862,161975,188610,173089,1
22220,41331,76685,63551,98905,118016,0
33248,94437,79768,127685,113016,174205,1
85208,36520,29570,121728,114778,66090,0
95582,69012,51288,164594,146870,120300,1
25960,52107,51713,78067,77673,103820,1
5286,63360,10105,68646,15391,73465,0
39059,23845,18063,62904,57122,41908,1
67097,46189,4186,113286,71283,50375,0
91736,33192,14360,124928,106096,47552,0
29558,59960,23716,89518,53274,83676,0
10176,97996,92914,108172,103090,190910,1
85980,98605,61469,184585,147449,160074,1
8776,42364,71583,51140,80359,113947,0
63753,58878,72898,122631,136651,131776,1
80212,69398,15920,149610,96132,85318,1
10742,33519,6740,44261,17482,40259,0
20730,54797,66672,75527,87402,121469,1
80344,11667,32878,92011,113222,44545,0
21401,65706,22231,87107,43632,87937,0
58454,91648,4014,150102,62468,95662,0
33962,36281,76140,70243,110102,112421,0
22869,36087,86756,58956,109625,122843,0
34466,19790,40540,54256,75006,60330,1
49944,29103,40488,79047,90432,69591,1
95040,71302,28828,166342,123868,100130,1
35086,97252,19885,132338,54971,117137,0
26181,21300,35022,47481,61203,56322,1
62317,57624,99754,119941,162071,157378,1
26942,58257,86276,85199,113218,144533,0
96271,45675,57374,141946,153645,103049,1
47781,677,92321,48458,140102,92998,0
63148,20223,28452,83371,91600,48675,0
71897,76324,98152,148221,170049,174476,1
9247,27744,12597,36991,21844,40341,0
18170,53623,58194,71793,76364,111817,1
33301,31233,94425,64534,127726,125658,0
7106,77538,72485,84644,79591,150023,1
47002,17404,20262,64406,67264,37666,0
34675,96580,16470,131255,51145,113050,0
81572,73073,54566,154645,136138,127639,1
69832,66655,79701,136487,149533,146356,1
7651,10849,25815,18500,33466,36664,0
10506,13961,17077,24467,27583,31038,1
39789,21689,95384,61478,135173,117073,0
1482,5821,88105,7303,89587,93926,0
62040,9655,18500,71695,80540,28155,0
18816,58065,27174,76881,45990,85239,0
32986,11945,89041,44931,122027,100986,0
29978,1321,99982,31299,129960,101303,0
26804,91034,90466,117838,117270,181500,1
94824,96617,49542,191441,144366,146159,1
52551,32928,11333,85479,63884,44261,0
91498,85433,20009,176931,111507,105442,1
55221,20518,32007,75739,87228,52525,0
61319,45202,94538,106521,155857,139740,1
7580,61516,52346,69096,59926,113862,0
79703,54426,31531,134129,111234,85957,1
81076,73745,39843,154821,120919,113588,1
56101,38932,19941,95033,76042,58873,1
65831,36602,22220,102433,88051,58822,0
67739,28548,38119,96287,105858,66667,0
71378,72741,19287,144119,90665,92028,1
802,91954,20210,92756,21012,112164,0
84848,76353,94046,161201,178894,170399,1
61700,3487,73857,65187,135557,77344,0
59013,60277,82131,119290,141144,142408,1
6050,69824,68185,75874,74235,138009,1
76080,61562,32227,137642,108307,93789,1
74227,12490,37613,86717,111840,50103,0
36273,6543,13456,42816,49729,19999,0
1707,53362,71671,55069,73378,125033,0
17750,222,17826,17972,35576,18048,1
91953,8326,52668,100279,144621,60994,0
21631,39896,26429,61527,48060,66325,1
29148,70528,64733,99676,93881,135261,1
23737,94750,45639,118487,69376,140389,0
72100,78826,26449,150926,98549,105275,1
79756,15694,15957,95450,95713,31651,0
40882,67959,65351,108841,106233,133310,1
61985,50036,28843,112021,90828,78879,1
50813,51538,85432,102351,136245,136970,1
57582,86930,23480,144512,81062,110410,0
70632,44289,18975,114921,89607,63264,0
59242,53965,42317,113207,101559,96282,1
82199,50248,4873,132447,87072,55121,0
91404,3046,22864,94450,114268,25910,0
74356,41634,66846,115990,141202,108480,1
97801,8739,61013,106540,158814,69752,0
43143,30355,68269,73498,111412,98624,1
50374,78163,88727,128537,139101,166890,1
38473,25224,28074,63697,66547,53298,1
27264,42187,6968,69451,34232,49155,0
65720,81405,73890,147125,139610,155295,1
38062,94190,18081,132252,56143,112271,0
4660,85416,3681,90076,8341,89097,0
4661,53515,8165,58176,12826,61680,0
64252,12680,96674,76932,160926,109354,0
86472,37139,81124,123611,167596,118263,1
49819,23424,8110,73243,57929,31534,0
14892,51847,60935,66739,75827,112782,1
16123,76731,10472,92854,26595,87203,0
88830,76939,78413,165769,167243,155352,1
49827,53990,68959,103817,118786,122949,1
84197,94939,94506,179136,178703,189445,1
46161,70643,16716,116804,62877,87359,0
61493,43024,58713,104517,120206,101737,1
97447,60160,66880,157607,164327,127040,1
22228,58144,29049,80372,51277,87193,0
52661,6304,65316,58965,117977,71620,0
47276,19852,30716,67128,77992,50568,1
93502,53072,37513,146574,131015,90585,0
33594,95213,21470,128807,55064,116683,0
25787,8730,30858,34517,56645,39588,1
38833,59318,44530,98151,83363,103848,1
43592,48111,30082,91703,73674,78193,1
98422,23169,23442,121591,121864,46611,0
89260,41441,8896,130701,98156,50337,0
85557,20586,70598,106143,156155,91184,1
59683,97708,81248,157391,140931,178956,1
30271,46905,74415,77176,104686,121320,1
80340,80449,55118,160789,135458,135567,1
51252,97768,91540,149020,142792,189308,1
23829,25210,2329,49039,26158,27539,1
52886,15141,543,68027,53429,15684,0
11525,44653,9955,56178,21480,54608,0
36158,9455,76808,45613,112966,86263,0
34986,57702,30232,92688,65218,87934,1
10939,3511,18288,14450,29227,21799,0
19053,17658,69412,36711,88465,87070,0
60007,46618,53289,106625,113296,99907,1
27645,59928,57191,87573,84836,117119,1
8011,35020,46822,43031,54833,81842,0
97344,432,56653,97776,153997,57085,0
94958,48192,73512,143150,168470,121704,1
30164,73417,77286,103581,107450,150703,1
19671,36246,36397,55917,56068,72643,1
37880,50301,59000,88181,96880,109301,1
41838,1332,48048,43170,89886,49380,0
77471,7029,28849,84500,106320,35878,0
2047,45662,43644,47709,45691,89306,1
91691,87626,84601,179317,176292,172227,1
83789,82535,62070,166324,145859,144605,1
33792,78950,84882,112742,118674,163832,1
6432,13135,75300,19567,81732,88435,0
19443,94356,6897,113799,26340,101253,0
62507,32623,80558,95130,143065,113181,1
43627,68119,31804,111746,75431,99923,1
55486,86297,56643,141783,112129,142940,1
80344,13974,10594,94318,90938,24568,0
85905,10611,18250,96516,104155,28861,0
98126,34998,56593,133124,154719,91591,0
11273,22247,13576,33520,24849,35823,1
28050,98189,3204,126239,31254,101393,0
96376,69654,35872,166030,132248,105526,1
58599,70818,64954,129417,123553,135772,1
25951,93673,80805,119624,106756,174478,1
47948,66168,10060,114116,58008,76228,0
11555,20922,79959,32477,91514,100881,0
13830,69336,80105,83166,93935,149441,1
17927,4766,42894,22693,60821,47660,0
60576,3419,50129,63995,110705,53548,0
76885,42578,23530,119463,100415,66108,0
98630,28979,59776,127609,158406,88755,0
90091,98593,81720,188684,171811,180313,1
28376,6270,74779,34646,103155,81049,0
64790,68522,35145,133312,99935,103667,1
26723,72222,56673,98945,83396,128895,1
38791,72847,25801,111638,64592,98648,0
79425,35594,29166,115019,108591,64760,0
79272,67783,1460,147055,80732,69243,0
22899,73858,43565,96757,66464,117423,0
62178,37177,69821,99355,131999,106998,1
4456,64323,69048,68779,73504,133371,0
95998,52106,4614,148104,100612,56720,0
12024,7950,83445,19974,95469,91395,0
4001,5692,81331,9693,85332,87023,0
78771,43998,5939,122769,84710,49937,0
23586,90690,61550,114276,85136,152240,0
50678,62589,83487,113267,134165,146076,1
9312,4740,52644,14052,61956,57384,0
9004,27464,22760,36468,31764,50224,1
94244,10734,70269,104978,164513,81003,0
83939,21571,17873,105510,101812,39444,0
45857,15456,51650,61313,97507,67106,1
13556,40420,84893,53976,98449,125313,0
64137,77289,21876,141426,86013,99165,1
36550,88773,47981,125323,84531,136754,0
11035,83757,61421,94792,72456,145178,0
12029,69027,17381,81056,29410,86408,0
90637,45672,14376,136309,105013,60048,0
50346,65724,10521,116070,60867,76245,0
67813,43218,2063,111031,69876,45281,0
99072,12263,22922,111335,121994,35185,0
72439,32367,70563,104806,143002,102930,1
99755,87247,96617,187002,196372,183864,1
90961,61489,68365,152450,159326,129854,1
53601,36006,36619,89607,90220,72625,1
40023,6708,90832,46731,130855,97540,0
50684,15885,11042,66569,61726,26927,0
63671,83036,57346,146707,121017,140382,1
76663,59511,95448,136174,172111,154959,1
34252,57419,54638,91671,88890,112057,1
52896,57981,82,110877,52978,58063,0
53237,38868,27204,92105,80441,66072,1
85082,6174,99060,91256,184142,105234,0
64132,48998,53388,113130,117520,102386,1
75715,46225,28214,121940,103929,74439,0
14216,99210,1956,113426,16172,101166,0
85864,25395,39807,111259,125671,65202,0
36656,65603,96142,102259,132798,161745,1
34899,74025,14951,108924,49850,88976,0
72246,33409,33425,105655,105671,66834,0
57800,80708,67474,138508,125274,148182,1
78360,1860,16188,80220,94548,18048,0
83629,65977,43939,149606,127568,109916,1
36657,89039,35956,125696,72613,124995,0
32561,74424,92770,106985,125331,167194,1
71419,73548,16579,144967,87998,90127,1
20562,85281,37581,105843,58143,122862,0
98459,99325,2743,197784,101202,102068,1
80603,3170,7197,83773,87800,10367,0
82754,27192,50988,109946,133742,78180,0
76770,96425,29410,173195,106180,125835,1
42554,52674,40306,95228,82860,92980,1
51779,4338,33660,56117,85439,37998,0
73380,85918,28337,159298,101717,114255,1
46392,30732,25807,77124,72199,56539,1
72935,41827,4586,114762,77521,46413,0
80314,53168,86977,133482,167291,140145,1
41758,29487,44541,71245,86299,74028,1
61350,49499,43636,110849,104986,93135,1
939,70211,84929,71150,85868,155140,0
1956,13262,72253,15218,74209,85515,0
30872,69127,2476,99999,33348,71603,0
9348,26991,12817,36339,22165,39808,0
99181,74834,71052,174015,170233,145886,1
446,3657,23111,4103,23557,26768,0
87976,334,42176,88310,130152,42510,0
93615,1237,34025,94852,127640,35262,0
38691,48496,19004,87187,57695,67500,1
86787,48348,27360,135135,114147,75708,0
54643,52263,18049,106906,72692,70312,1
18993,88912,73327,107905,92320,162239,1
62747,56587,40967,119334,103714,97554,1
87117,46975,78137,134092,165254,125112,1
54660,13948,84339,68608,138999,98287,0
7149,64892,69260,72041,76409,134152,1
45941,81867,73230,127808,119171,155097,1
56546,50176,14983,106722,71529,65159,1
96447,63990,45120,160437,141567,109110,1
76846,63144,4852,139990,81698,67996,0
84301,7592,36778,91893,121079,44370,0
18536,25465,85048,44001,103584,110513,0
83890,75936,2033,159826,85923,77969,0
5382,24978,25251,30360,30633,50229,1
55167,94235,9831,149402,64998,104066,0
31303,42273,32673,73576,63976,74946,1
526,97247,67436,97773,67962,164683,0
68863,38600,98563,107463,167426,137163,1
26491,79235,22245,105726,48736,101480,0
40413,53095,15382,93508,55795,68477,1
9846,48078,74814,57924,84660,122892,0
76767,61573,83869,138340,160636,145442,1
50715,62097,54869,112812,105584,116966,1
34583,4055,49482,38638,84065,53537,0
35721,49143,94132,84864,129853,143275,0
24979,30055,1631,55034,26610,31686,0
71699,66249,43376,137948,115075,109625,1
60469,75644,37071,136113,97540,112715,1
24301,64726,13293,89027,37594,78019,0
55498,20655,8302,76153,63800,28957,0
76427,38055,89032,114482,165459,127087,1
13218,24874,76362,38092,89580,101236,0
37746,59224,20071,96970,57817,79295,0
95843,65921,41893,161764,137736,107814,1
27872,18692,5221,46564,33093,23913,0
80677,83632,63370,164309,144047,147002,1
45933,48039,99682,93972,145615,147721,0
4926,81528,57425,86454,62351,138953,0
54244,95397,33603,149641,87847,129000,0
56326,77166,7291,133492,63617,84457,0
7022,48955,10685,55977,17707,59640,0
34984,88796,58462,123780,93446,147258,1
72924,18457,55802,91381,128726,74259,1
15298,41768,45364,57066,60662,87132,1
28792,18043,32996,46835,61788,51039,1
45663,73993,12987,119656,58650,86980,0
65545,49458,99224,115003,164769,148682,1
54277,59666,25633,113943,79910,85299,1
66323,20146,62810,86469,129133,82956,1
9316,21649,20539,30965,29855,42188,1
76020,38163,54794,114183,130814,92957,1
12007,96600,79489,108607,91496,176089,0
35475,32354,94039,67829,129514,126393,0
56342,29187,10646,85529,66988,39833,0
72884,42578,73440,115462,146324,116018,1
68059,1511,61907,69570,129966,63418,0
60304,61834,19653,122138,79957,81487,1
401,37355,58934,37756,59335,96289,0
1141,5602,22903,6743,24044,28505,0
85735,19876,92773,105611,178508,112649,1
91020,34483,39339,125503,130359,73822,0
87072,42429,30904,129501,117976,73333,0
10876,33318,72622,44194,83498,105940,0
45904,13275,5813,59179,51717,19088,0
2711,99508,13962,102219,16673,113470,0
97012,71407,55890,168419,152902,127297,1
86960,92701,69360,179661,156320,162061,1
299,44573,30655,44872,30954,75228,0
72141,82787,55141,154928,127282,137928,1
26006,32095,55295,58101,81301,87390,1
9122,60152,11665,69274,20787,71817,0
49274,33238,50048,82512,99322,83286,1
58619,39163,62082,97782,120701,101245,1
68961,62090,12963,131051,81924,75053,1
63407,15237,56530,78644,119937,71767,1
77013,30332,90242,107345,167255,120574,1
3165,78958,52591,82123,55756,131549,0
31004,30447,3368,61451,34372,33815,1
19041,86692,84388,105733,103429,171080,1
62481,69239,71972,131720,134453,141211,1
62908,5265,46424,68173,109332,51689,0
99187,42321,20391,141508,119578,62712,0
53350,22938,98517,76288,151867,121455,0
6179,22073,56058,28252,62237,78131,0
96881,78658,85873,175539,182754,164531,1
85674,74348,36823,160022,122497,111171,1
53965,5073,75310,59038,129275,80383,0
85017,4227,14850,89244,99867,19077,0
38235,85091,9348,123326,47583,94439,0
60005,66026,6987,126031,66992,73013,1
48113,32335,72440,80448,120553,104775,1
52148,59004,17883,111152,70031,76887,1
67861,10381,5795,78242,73656,16176,0
98463,8287,93225,106750,191688,101512,1
79273,52174,51209,131447,130482,103383,1
51392,39204,65880,90596,117272,105084,1
38841,4768,73401,43609,112242,78169,0
65296,5047,19981,70343,85277,25028,0
56417,50041,21215,106458,77632,71256,1
76866,65530,44220,142396,121086,109750,1
11996,95165,56856,107161,68852,152021,0
64217,39398,67656,103615,131873,107054,1
51011,82630,84641,133641,135652,167271,1
46619,3987,93491,50606,140110,97478,0
45838,27988,20044,73826,65882,48032,1
96752,48035,23671,144787,120423,71706,0
7276,69145,43920,76421,51196,113065,0
2612,76812,83979,79424,86591,160791,0
45844,56686,22530,102530,68374,79216,1
32469,89859,66023,122328,98492,155882,1
87135,90296,9253,177431,96388,99549,1
72644,75027,98707,147671,171351,173734,1
31273,82095,80530,113368,111803,162625,1
88680,34877,84631,123557,173311,119508,1
26692,45230,68644,71922,95336,113874,1
21979,48099,45178,70078,67157,93277,1
57493,18194,64245,75687,121738,82439,1
64665,55007,52555,119672,117220,107562,1
60307,55045,32968,115352,93275,88013,1
63478,1844,34084,65322,97562,35928,0
58596,60840,90051,119436,148647,150891,1
26,80437,21649,80463,21675,102086,0
43749,66941,47237,110690,90986,114178,1
93635,70140,83278,163775,176913,153418,1
77402,22328,73757,99730,151159,96085,1
75383,17977,62006,93360,137389,79983,1
51690,38635,47597,90325,99287,86232,1
46690,45950,39791,92640,86481,85741,1
58481,44457,66018,102938,124499,110475,1
47265,63942,12350,111207,59615,76292,0
19378,18402,6484,37780,25862,24886,1
31421,38539,3990,69960,35411,42529,0
75131,64542,93117,139673,168248,157659,1
55858,89515,88835,145373,144693,178350,1
98294,1384,3559,99678,101853,4943,0
87847,13306,18565,101153,106412,31871,0
59429,14867,43113,74296,102542,57980,0
33565,81917,26630,115482,60195,108547,0
13693,26058,34179,39751,47872,60237,1
72944,30094,96259,103038,169203,126353,1
67550,47426,34469,114976,102019,81895,1
81767,65845,97972,147612,179739,163817,1
91299,76633,22621,167932,113920,99254,1
39071,11291,45778,50362,84849,57069,1
44463,51308,81030,95771,125493,132338,1
40693,53411,91672,94104,132365,145083,1
24759,62720,39644,87479,64403,102364,1
49839,91083,52284,140922,102123,143367,1
20502,9685,52006,30187,72508,61691,0
7730,2516,73685,10246,81415,76201,0
77233,70871,7432,148104,84665,78303,1
34124,99106,43167,133230,77291,142273,0
39296,88253,40183,127549,79479,128436,0
21623,47490,77798,69113,99421,125288,0
8952,64410,50575,73362,59527,114985,0
66240,54808,15933,121048,82173,70741,1
59873,2031,9385,61904,69258,11416,0
79897,82318,93915,162215,173812,176233,1
74840,72223,5523,147063,80363,77746,1
34236,60967,39912,95203,74148,100879,1
63260,54580,89926,117840,153186,144506,1
88770,92682,63249,181452,152019,155931,1
2662,78308,54230,80970,56892,132538,0
19067,36600,71951,55667,91018,108551,0
36131,35039,40937,71170,77068,75976,1
73263,80146,53070,153409,126333,133216,1
86368,79985,28837,166353,115205,108822,1
52082,85691,23458,137773,75540,109149,0
27250,95714,17329,122964,44579,113043,0
17389,40845,16928,58234,34317,57773,0
14005,21114,25975,35119,39980,47089,1
99643,10972,93352,110615,192995,104324,1
18599,56504,13477,75103,32076,69981,0
31827,47108,65017,78935,96844,112125,1
37900,67132,35994,105032,73894,103126,1
18677,99723,3859,118400,22536,103582,0
60003,27115,49073,87118,109076,76188,1
93670,7588,28768,101258,122438,36356,0
33896,71688,77079,105584,110975,148767,1
69982,14441,84693,84423,154675,99134,0
86383,74371,17385,160754,103768,91756,1
73302,77767,15442,151069,88744,93209,1
70715,3787,12663,74502,83378,16450,0
2860,58695,9957,61555,12817,68652,0
98167,48677,21744,146844,119911,70421,0
93249,26173,16424,119422,109673,42597,0
1540,53661,73583,55201,75123,127244,0
94732,54289,59244,149021,153976,113533,1
46880,5073,11722,51953,58602,16795,0
8658,25969,16679,34627,25337,42648,0
70254,87663,44776,157917,115030,132439,1
88952,18038,33555,106990,122507,51593,0
99374,88801,83818,188175,183192,172619,1
45888,3976,56609,49864,102497,60585,0
86405,79228,91518,165633,177923,170746,1
64579,891,44716,65470,109295,45607,0
13310,33623,31936,46933,45246,65559,1
10314,66906,51929,77220,62243,118835,0
21492,80375,21793,101867,43285,102168,0
69753,31817,68861,101570,138614,100678,1
57679,68919,98632,126598,156311,167551,1
56702,6293,96577,62995,153279,102870,0
22080,35768,49882,57848,71962,85650,1
55428,30546,37397,85974,92825,67943,1
88312,28870,57250,117182,145562,86120,0
33297,84452,71391,117749,104688,155843,1
64619,34387,87469,99006,152088,121856,1
5045,86979,76376,92024,81421,163355,0
57489,36277,71069,93766,128558,107346,1
55488,18722,22928,74210,78416,41650,0
70515,86448,37563,156963,108078,124011,1
40134,104,60506,40238,100640,60610,0
99481,61827,61385,161308,160866,123212,1
92727,77467,32753,170194,125480,110220,1
68445,66913,30618,135358,99063,97531,1
40673,89255,10888,129928,51561,100143,0
21609,72787,43407,94396,65016,116194,0
82193,53072,37802,135265,119995,90874,1
93019,88285,5386,181304,98405,93671,1
56728,43655,18825,100383,75553,62480,1
78329,32821,38436,111150,116765,71257,0
51752,8204,63404,59956,115156,71608,0
16308,36096,28997,52404,45305,65093,1
10034,3719,12266,13753,22300,15985,1
3218,74746,2408,77964,5626,77154,0
36103,12030,17553,48133,53656,29583,0
89385,9253,18803,98638,108188,28056,0
97757,57770,39169,155527,136926,96939,0
83995,31958,19936,115953,103931,51894,0
38621,19640,40100,58261,78721,59740,1
85762,24209,76281,109971,162043,100490,1
69898,48427,68157,118325,138055,116584,1
3587,3974,24211,7561,27798,28185,0
72468,17134,44680,89602,117148,61814,0
71147,32101,60654,103248,131801,92755,1
82983,88072,11780,171055,94763,99852,1
6358,60432,68566,66790,74924,128998,0
14873,40171,60071,55044,74944,100242,0
29035,54522,63776,83557,92811,118298,1
11209,43158,69272,54367,80481,112430,0
54970,29898,11284,84868,66254,41182,0
24921,35076,2586,59997,27507,37662,0
34169,30070,55896,64239,90065,85966,1
21531,96644,70965,118175,92496,167609,0
87267,57602,82085,144869,169352,139687,1
52335,25000,51773,77335,104108,76773,1
6747,78912,73228,85659,79975,152140,1
37990,78768,73553,116758,111543,152321,1
24290,94857,85519,119147,109809,180376,1
2358,90270,40273,92628,42631,130543,0
480,89387,54563,89867,55043,143950,0
25671,71207,41926,96878,67597,113133,0
21110,5011,8660,26121,29770,13671,0
24831,28456,74369,53287,99200,102825,0
97393,67855,96159,165248,193552,164014,1
56344,7098,82607,63442,138951,89705,0
80716,25216,51309,105932,132025,76525,0
31767,86512,31626,118279,63393,118138,0
9174,91117,84281,100291,93455,175398,1
50571,22433,97304,73004,147875,119737,0
41857,70007,48809,111864,90666,118816,1
62832,1390,15484,64222,78316,16874,0
39778,35691,5376,75469,45154,41067,1
8111,72133,46959,80244,55070,119092,0
27088,4775,14102,31863,41190,18877,0
48901,65947,66460,114848,115361,132407,1
76980,6983,43901,83963,120881,50884,0
25981,59762,99779,85743,125760,159541,0
86004,50694,73637,136698,159641,124331,1
67252,34520,6315,101772,73567,40835,0
20291,92240,71022,112531,91313,163262,0
58643,16276,24401,74919,83044,40677,0
95980,72949,70829,168929,166809,143778,1
44941,91526,30907,136467,75848,122433,0
20022,84057,31492,104079,51514,115549,0
55214,92375,97825,147589,153039,190200,1
72995,74226,5612,147221,78607,79838,1
86531,24045,75139,110576,161670,99184,1
25949,96140,16860,122089,42809,113000,0
32621,41265,54430,73886,87051,95695,1
54649,73404,39890,128053,94539,113294,1
19787,46221,32250,66008,52037,78471,1
44796,48780,799,93576,45595,49579,0
62457,3760,35335,66217,97792,39095,0
90815,82547,10988,173362,101803,93535,1
92808,47024,37317,139832,130125,84341,0
65019,88739,53155,153758,118174,141894,1
44053,67041,38214,111094,82267,105255,1
4535,48758,71478,53293,76013,120236,0
65969,51513,71614,117482,137583,123127,1
12889,63833,80900,76722,93789,144733,0
79922,75995,94582,155917,174504,170577,1
55103,85582,39428,140685,94531,125010,1
79888,51870,30928,131758,110816,82798,1
66274,60028,32530,126302,98804,92558,1
46366,76712,92668,123078,139034,169380,1
9428,66302,67593,75730,77021,133895,1
75996,91174,2029,167170,78025,93203,0
54150,44523,7588,98673,61738,52111,0
35260,58678,47871,93938,83131,106549,1
82482,29694,89252,112176,171734,118946,1
73052,35793,53495,108845,126547,89288,1
66597,5458,63974,72055,130571,69432,1
27083,51866,78466,78949,105549,130332,1
64565,25913,69087,90478,133652,95000,1
24766,47799,60742,72565,85508,108541,1
52229,90100,37129,142329,89358,127229,0
17020,85977,74507,102997,91527,160484,1
55304,61340,34978,116644,90282,96318,1
63152,35289,27084,98441,90236,62373,0
32968,1244,58849,34212,91817,60093,0
66586,89963,77815,156549,144401,167778,1
39132,43180,55463,82312,94595,98643,1
9200,67328,35141,76528,44341,102469,0
81739,59513,99852,141252,181591,159365,1
46357,34508,37764,80865,84121,72272,1
62428,78513,23760,140941,86188,102273,1
45293,24616,31963,69909,77256,56579,1
1376,10490,80875,11866,82251,91365,0
77639,2753,61824,80392,139463,64577,0
93847,13354,84810,107201,178657,98164,1
54137,32812,63303,86949,117440,96115,1
77837,23418,67891,101255,145728,91309,1
86973,61180,13010,148153,99983,74190,0
32932,65940,21426,98872,54358,87366,0
36472,39306,46789,75778,83261,86095,1
90826,21288,32642,112114,123468,53930,0
65163,2165,27974,67328,93137,30139,0
37675,74279,87644,111954,125319,161923,1
26128,48809,38415,74937,64543,87224,1
64440,27558,6096,91998,70536,33654,0
55401,85060,5245,140461,60646,90305,0
73714,44347,30936,118061,104650,75283,1
89375,78117,38834,167492,128209,116951,1
72810,58565,88921,131375,161731,147486,1
10745,20853,46019,31598,56764,66872,0
55678,22745,43321,78423,98999,66066,1
71266,65202,59473,136468,130739,124675,1
29455,38475,83737,67930,113192,122212,0
52930,8953,47553,61883,100483,56506,1
8540,85565,48414,94105,56954,133979,0
23874,91086,97020,114960,120894,188106,1
5679,87137,49328,92816,55007,136465,0
76694,11272,54428,87966,131122,65700,0
21448,66355,84727,87803,106175,151082,1
30204,66547,80509,96751,110713,147056,1
95813,35582,73580,131395,169393,109162,1
41292,37790,32746,79082,74038,70536,1
86252,91457,39938,177709,126190,131395,1
44537,48065,22323,92602,66860,70388,1
16516,6657,56952,23173,73468,63609,0
41133,75358,44975,116491,86108,120333,1
66698,75950,4962,142648,71660,80912,0
67456,74840,21437,142296,88893,96277,1
64411,59963,39959,124374,104370,99922,1
97958,26332,1541,124290,99499,27873,0
29021,86027,39282,115048,68303,125309,0
82136,9484,32588,91620,114724,42072,0
82695,2722,42725,85417,125420,45447,0
28061,20655,31044,48716,59105,51699,1
68080,72454,65479,140534,133559,137933,1
21465,30497,29846,51962,51311,60343,1
33165,61140,67005,94305,100170,128145,1
92062,1935,61178,93997,153240,63113,0
7977,84801,53107,92778,61084,137908,0
57737,16131,42521,73868,100258,58652,1
1900,22697,9352,24597,11252,32049,0
67072,56662,88268,123734,155340,144930,1
94349,12542,43554,106891,137903,56096,0
55972,72703,82656,128675,138628,155359,1
1041,80152,8922,81193,9963,89074,0
23295,47794,60643,71089,83938,108437,1
47750,16294,28668,64044,76418,44962,0
52411,76525,43721,128936,96132,120246,1
52353,86943,23274,139296,75627,110217,0
20713,8641,57936,29354,78649,66577,0
31056,2853,99957,33909,131013,102810,0
4443,49043,19416,53486,23859,68459,0
28850,26047,80585,54897,109435,106632,0
4523,74925,4455,79448,8978,79380,0
48055,27358,30471,75413,78526,57829,1
1337,41271,54186,42608,55523,95457,0
78155,43291,21274,121446,99429,64565,0
5716,32310,22286,38026,28002,54596,0
40107,7699,93305,47806,133412,101004,0
71796,24736,6884,96532,78680,31620,0
4991,85842,72754,90833,77745,158596,0
8258,19878,90176,28136,98434,110054,0
29839,14205,36951,44044,66790,51156,1
61823,98837,80275,160660,142098,179112,1
6601,56385,68008,62986,74609,124393,0
7669,29158,28855,36827,36524,58013,1
27829,54869,2571,82698,30400,57440,0
8350,21918,8090,30268,16440,30008,0
20684,92737,27476,113421,48160,120213,0
35681,80798,14791,116479,50472,95589,0
68142,34044,38907,102186,107049,72951,1
40865,98589,94657,139454,135522,193246,1
3024,4275,81037,7299,84061,85312,0
67485,86045,62018,153530,129503,148063,1
42788,53044,72787,95832,115575,125831,1
95616,85387,59083,181003,154699,144470,1
8746,58877,60797,67623,69543,119674,1
7861,79796,85120,87657,92981,164916,1
98983,29163,8549,128146,107532,37712,0
35804,59477,59393,95281,95197,118870,1
6402,22264,27473,28666,33875,49737,1
56541,79209,36744,135750,93285,115953,1
90898,29622,7583,120520,98481,37205,0
74114,33723,86356,107837,160470,120079,1
99177,40675,8350,139852,107527,49025,0
59821,92206,49521,152027,109342,141727,1
44344,59521,55924,103865,100268,115445,1
3784,5824,85511,9608,89295,91335,0
3908,43661,45820,47569,49728,89481,1
6904,12793,72779,19697,79683,85572,0
29339,72162,58762,101501,88101,130924,1
15623,20597,95445,36220,111068,116042,0
28637,51696,60638,80333,89275,112334,1
36684,74535,2701,111219,39385,77236,0
3126,53433,8357,56559,11483,61790,0
39210,80938,56800,120148,96010,137738,1
35456,30789,5971,66245,41427,36760,1
45974,55357,51100,101331,97074,106457,1
14788,61362,12010,76150,26798,73372,0
7815,68701,78244,76516,86059,146945,0
69318,59166,1646,128484,70964,60812,0
94381,82811,35588,177192,129969,118399,1
61789,65118,1270,126907,63059,66388,0
36128,83576,27467,119704,63595,111043,0
35807,40973,8506,76780,44313,49479,1
66912,92236,3461,159148,70373,95697,0
8625,36200,64778,44825,73403,100978,0
49768,56451,29757,106219,79525,86208,1
64676,45892,64548,110568,129224,110440,1
70428,91372,54253,161800,124681,145625,1
21604,34713,11146,56317,32750,45859,0
66709,13058,77496,79767,144205,90554,1
29898,79649,14016,109547,43914,93665,0
5964,83906,77484,89870,83448,161390,0
89301,94806,21303,184107,110604,116109,1
28947,1415,38877,30362,67824,40292,0
91975,7217,30627,99192,122602,37844,0
72923,84062,84043,156985,156966,168105,1
29308,70669,27613,99977,56921,98282,0
67778,34329,33803,102107,101581,68132,1
43289,58194,2420,101483,45709,60614,0
73490,58294,93956,131784,167446,152250,1
96845,86356,82616,183201,179461,168972,1
12981,81473,52095,94454,65076,133568,0
99124,50,36686,99174,135810,36736,0
61625,7927,21799,69552,83424,29726,0
64446,71536,54258,135982,118704,125794,1
29637,90365,7039,120002,36676,97404,0
93561,96633,34069,190194,127630,130702,1
21539,75945,94374,97484,115913,170319,1
68228,5127,29533,73355,97761,34660,0
94654,10342,90246,104996,184900,100588,1
48415,56633,94787,105048,143202,151420,1
77858,92323,3124,170181,80982,95447,0
28547,5492,36868,34039,65415,42360,0
35897,70650,92884,106547,128781,163534,1
93350,85886,72426,179236,165776,158312,1
94990,19947,61723,114937,156713,81670,0
18328,64333,31183,82661,49511,95516,0
40032,85461,18470,125493,58502,103931,0
20274,20569,34887,40843,55161,55456,1
13439,87636,22220,101075,35659,109856,0
18237,19959,10278,38196,28515,30237,1
8401,47096,32103,55497,40504,79199,0
43741,47851,40029,91592,83770,87880,1
98465,66340,31962,164805,130427,98302,0
63992,31728,35615,95720,99607,67343,1
15445,81449,66692,96894,82137,148141,1
60343,37363,6140,97706,66483,43503,0
56939,36007,37041,92946,93980,73048,1
90040,85238,24935,175278,114975,110173,1
11686,35610,40755,47296,52441,76365,1
89741,21079,47548,110820,137289,68627,0
1038,74129,68972,75167,70010,143101,0
20256,6505,32686,26761,52942,39191,0
41800,83421,16311,125221,58111,99732,0
26185,49927,80750,76112,106935,130677,0
22975,52911,95261,75886,118236,148172,0
65817,29330,27059,95147,92876,56389,0
64085,28752,46793,92837,110878,75545,1
65200,44034,36431,109234,101631,80465,1
92292,61245,62608,153537,154900,123853,1
56893,69668,35064,126561,91957,104732,1
9588,92630,43949,102218,53537,136579,0
68191,27549,405,95740,68596,27954,0
91703,75644,37884,167347,129587,113528,1
28852,38776,17532,67628,46384,56308,1
11102,95507,56932,106609,68034,152439,0
30963,99349,13652,130312,44615,113001,0
14235,67313,95989,81548,110224,163302,0
17261,33405,70189,50666,87450,103594,0
41799,34462,55834,76261,97633,90296,1
10288,9796,51184,20084,61472,60980,0
74836,94071,27189,168907,102025,121260,1
28642,77432,44275,106074,72917,121707,0
82738,29306,43272,112044,126010,72578,0
86509,10226,72474,96735,158983,82700,0
76819,59726,12330,136545,89149,72056,0
71599,41055,8516,112654,80115,49571,0
13744,86318,65285,100062,79029,151603,0
44351,34306,99839,78657,144190,134145,0
31720,57507,19009,89227,50729,76516,0
52149,19932,49344,72081,101493,69276,1
39325,13020,56960,52345,96285,69980,0
71715,56167,57811,127882,129526,113978,1
79356,47026,59510,126382,138866,106536,1
31598,3107,52452,34705,84050,55559,0
6154,8249,26994,14403,33148,35243,0
77939,82308,95768,160247,173707,178076,1
95075,85741,70476,180816,165551,156217,1
36198,8069,33219,44267,69417,41288,1
32237,46063,5068,78300,37305,51131,0
93496,92062,44498,185558,137994,136560,1
90831,75234,29556,166065,120387,104790,1
75598,72796,71630,148394,147228,144426,1
80113,96192,74640,176305,154753,170832,1
40880,80755,96984,121635,137864,177739,1
81948,17903,69124,99851,151072,87027,1
87201,84826,67306,172027,154507,152132,1
21499,98397,19473,119896,40972,117870,0
97010,86943,1666,183953,98676,88609,0
27082,86434,16660,113516,43742,103094,0
99193,82566,97400,181759,196593,179966,1
51370,61186,24584,112556,75954,85770,1
76700,36922,29155,113622,105855,66077,0
21798,83252,70682,105050,92480,153934,1
3401,71792,94138,75193,97539,165930,0
23345,70338,33314,93683,56659,103652,0
75050,39917,25117,114967,100167,65034,0
81223,9797,40395,91020,121618,50192,0
68812,17555,81519,86367,150331,99074,1
4784,5421,79437,10205,84221,84858,0
45658,1367,32678,47025,78336,34045,0
72685,53253,74576,125938,147261,127829,1
2783,21492,71130,24275,73913,92622,0
924,48681,93631,49605,94555,142312,0
6514,10447,52533,16961,59047,62980,0
26769,19469,27121,46238,53890,46590,1
46747,68098,39305,114845,86052,107403,1
89203,1242,85320,90445,174523,86562,0
924,64936,1823,65860,2747,66759,0
38078,20820,14087,58898,52165,34907,0
10897,13590,1766,24487,12663,15356,0
53451,85579,99559,139030,153010,185138,1
67891,67285,27784,135176,95675,95069,1
1785,85773,98145,87558,99930,183918,0
15085,38092,81743,53177,96828,119835,0
26861,84380,14923,111241,41784,99303,0
42050,21494,51136,63544,93186,72630,1
35412,81969,60623,117381,96035,142592,1
48776,71461,3519,120237,52295,74980,0
60041,65033,77346,125074,137387,142379,1
76040,85662,47634,161702,123674,133296,1
69931,7769,83235,77700,153166,91004,0
44086,34726,93206,78812,137292,127932,0
23568,30366,22763,53934,46331,53129,1
49918,85257,59379,135175,109297,144636,1
54616,23699,21764,78315,76380,45463,0
1812,31991,96743,33803,98555,128734,0
77449,62333,15409,139782,92858,77742,1
52869,26841,18859,79710,71728,45700,0
10482,37604,57768,48086,68250,95372,0
74198,63512,92245,137710,166443,155757,1
72432,94818,96452,167250,168884,191270,1
16079,34155,13808,50234,29887,47963,0
23963,56016,6182,79979,30145,62198,0
37477,9201,39416,46678,76893,48617,1
89101,25761,92768,114862,181869,118529,1
3899,86652,77974,90551,81873,164626,0
84818,6979,47629,91797,132447,54608,0
89896,21469,25629,111365,115525,47098,0
71673,66666,35398,138339,107071,102064,1
32836,87846,12995,120682,45831,100841,0
38368,37148,27515,75516,65883,64663,1
62897,94991,4540,157888,67437,99531,0
13695,27010,48974,40705,62669,75984,0
24691,22642,442,47333,25133,23084,0
82174,32336,12575,114510,94749,44911,0
31299,12832,91760,44131,123059,104592,0
84908,68671,60051,153579,144959,128722,1
50749,30893,54702,81642,105451,85595,1
16650,57632,68785,74282,85435,126417,1
25144,58399,75731,83543,100875,134130,1
76539,26368,51722,102907,128261,78090,1
73154,97627,74334,170781,147488,171961,1
83764,35841,45011,119605,128775,80852,0
56660,1768,22837,58428,79497,24605,0
27509,91025,20294,118534,47803,111319,0
9649,96370,10123,106019,19772,106493,0
68123,62651,876,130774,68999,63527,0
48569,46503,91174,95072,139743,137677,1
48061,21268,50614,69329,98675,71882,1
4297,96831,19077,101128,23374,115908,0
16347,41071,9579,57418,25926,50650,0
87947,33176,25312,121123,113259,58488,0
64431,26345,76597,90776,141028,102942,1
89240,1143,74470,90383,163710,75613,0
8934,25555,72372,34489,81306,97927,0
36340,77382,34797,113722,71137,112179,0
66418,84687,63983,151105,130401,148670,1
44841,99792,43273,144633,88114,143065,0
75852,28119,37639,103971,113491,65758,0
12139,64505,49946,76644,62085,114451,0
52961,14651,358,67612,53319,15009,0
18644,18023,49019,36667,67663,67042,0
55271,28856,43720,84127,98991,72576,1
8430,46140,28922,54570,37352,75062,0
89263,94843,91844,184106,181107,186687,1
60385,13753,62023,74138,122408,75776,1
59593,41885,59156,101478,118749,101041,1
5665,87085,150,92750,5815,87235,0
6530,37190,5002,43720,11532,42192,0
90714,46221,67853,136935,158567,114074,1
4497,98240,77234,102737,81731,175474,0
60300,5602,70850,65902,131150,76452,0
56182,42512,39275,98694,95457,81787,1
84385,4056,22904,88441,107289,26960,0
1288,25758,20903,27046,22191,46661,0
64393,37536,28496,101929,92889,66032,1
49595,53445,66464,103040,116059,119909,1
46300,2863,63971,49163,110271,66834,0
30170,37046,72880,67216,103050,109926,0
38171,59711,74775,97882,112946,134486,1
75989,11723,29621,87712,105610,41344,0
94229,85255,38061,179484,132290,123316,1
83939,78509,29121,162448,113060,107630,1
35847,23798,83285,59645,119132,107083,0
99303,16689,28465,115992,127768,45154,0
58299,69342,87862,127641,146161,157204,1
59746,50995,6545,110741,66291,57540,0
95812,38637,15465,134449,111277,54102,0
48048,72175,81851,120223,129899,154026,1
29822,52491,39395,82313,69217,91886,1
50006,1089,70055,51095,120061,71144,0
55024,6685,72658,61709,127682,79343,0
23336,49982,21120,73318,44456,71102,0
48545,50338,7750,98883,56295,58088,1
79468,97368,40962,176836,120430,138330,1
628,97808,17044,98436,17672,114852,0
24613,68470,29540,93083,54153,98010,0
64053,3479,75926,67532,139979,79405,0
24370,17780,59609,42150,83979,77389,0
93638,94830,62385,188468,156023,157215,1
45667,97209,9284,142876,54951,106493,0
61084,2360,55871,63444,116955,58231,0
30430,40945,62260,71375,92690,103205,1
85530,62135,75595,147665,161125,137730,1
37252,50742,40181,87994,77433,90923,1
9093,41415,47443,50508,56536,88858,1
17016,38383,73038,55399,90054,111421,0
60326,2322,45986,62648,106312,48308,0
16953,66792,85852,83745,102805,152644,0
67639,64199,9417,131838,77056,73616,1
69076,85488,86097,154564,155173,171585,1
23021,9734,48948,32755,71969,58682,0
23990,28476,89637,52466,113627,118113,0
67000,52074,15379,119074,82379,67453,1
99061,10165,29445,109226,128506,39610,0
59099,16627,21842,75726,80941,38469,0
50271,40899,51808,91170,102079,92707,1
23701,57977,36317,81678,60018,94294,1
3157,81318,41507,84475,44664,122825,0
20936,90962,12829,111898,33765,103791,0
82921,76102,81434,159023,164355,157536,1
42431,37789,63343,80220,105774,101132,1
82414,64042,44404,146456,126818,108446,1
93696,51497,69788,145193,163484,121285,1
20561,33373,68393,53934,88954,101766,0
6831,75967,77144,82798,83975,153111,1
75621,92775,24256,168396,99877,117031,1
76517,73711,15511,150228,92028,89222,1
50162,93533,14,143695,50176,93547,0
28392,31650,97881,60042,126273,129531,0
65824,75557,42823,141381,108647,118380,1
25926,76070,64408,101996,90334,140478,1
13982,82783,84640,96765,98622,167423,1
18132,14540,47522,32672,65654,62062,0
74770,21580,84206,96350,158976,105786,1
24323,89875,25010,114198,49333,114885,0
53805,29667,9342,83472,63147,39009,0
79394,65128,30046,144522,109440,95174,1
18739,65101,34017,83840,52756,99118,0
82997,81280,41629,164277,124626,122909,1
58083,17383,34622,75466,92705,52005,0
77110,47202,53707,124312,130817,100909,1
59646,53833,25620,113479,85266,79453,1
94520,37947,33227,132467,127747,71174,0
35945,94116,85439,130061,121384,179555,1
79710,40708,92843,120418,172553,133551,1
54461,43282,54871,97743,109332,98153,1
40641,77205,57810,117846,98451,135015,1
69484,19454,59567,88938,129051,79021,1
72970,26046,43569,99016,116539,69615,0
67283,5565,39428,72848,106711,44993,0
93409,24235,25214,117644,118623,49449,0
73257,39155,23438,112412,96695,62593,0
25984,18016,19283,44000,45267,37299,1
81787,90031,89088,171818,170875,179119,1
86965,44309,83186,131274,170151,127495,1
64795,12945,40153,77740,104948,53098,0
45377,93410,23567,138787,68944,116977,0
45555,88034,37013,133589,82568,125047,0
68498,90651,47429,159149,115927,138080,1
63178,2285,17471,65463,80649,19756,0
18682,75551,99957,94233,118639,175508,0
17005,44042,99423,61047,116428,143465,0
9690,67958,16164,77648,25854,84122,0
19546,85398,71228,104944,90774,156626,1
66838,65872,17641,132710,84479,83513,1
10713,47794,26553,58507,37266,74347,0
80851,92135,47833,172986,128684,139968,1
55743,60335,8308,116078,64051,68643,1
84279,98409,20185,182688,104464,118594,1
68386,62412,93536,130798,161922,155948,1
31310,69418,39109,100728,70419,108527,1
14844,41392,25753,56236,40597,67145,0
22013,98724,20845,120737,42858,119569,0
76076,81504,41038,157580,117114,122542,1
80077,87809,13900,167886,93977,101709,1
92589,50898,39243,143487,131832,90141,0
73962,3060,18843,77022,92805,21903,0
52493,83865,25585,136358,78078,109450,0
38808,49971,55259,88779,94067,105230,1
69051,45402,90469,114453,159520,135871,1
68958,28220,75004,97178,143962,103224,1
84618,52840,26088,137458,110706,78928,0
41167,31969,26001,73136,67168,57970,1
46502,83503,30617,130005,77119,114120,0
90856,88523,3966,179379,94822,92489,1
3505,38957,26837,42462,30342,65794,0
31992,97275,21177,129267,53169,118452,0
59204,92474,58818,151678,118022,151292,1
1876,59426,79455,61302,81331,138881,0
8007,34321,51350,42328,59357,85671,0
18107,94338,28144,112445,46251,122482,0
89672,89139,61329,178811,151001,150468,1
45278,3139,60737,48417,106015,63876,0
83352,3980,56329,87332,139681,60309,0
52019,67981,90174,120000,142193,158155,1
64736,99057,49060,163793,113796,148117,1
5982,84140,11578,90122,17560,95718,0
68137,89065,23739,157202,91876,112804,1
44018,36179,88974,80197,132992,125153,0
60225,87957,84981,148182,145206,172938,1
58802,24712,80831,83514,139633,105543,1
99296,59502,66969,158798,166265,126471,1
16784,1707,34291,18491,51075,35998,0
48683,59288,26882,107971,75565,86170,1
74564,27087,92929,101651,167493,120016,1
6148,14183,60335,20331,66483,74518,0
52029,21375,9037,73404,61066,30412,0
95631,53498,57088,149129,152719,110586,1
25347,17955,88386,43302,113733,106341,0
5819,97282,95347,103101,101166,192629,1
47706,29721,40471,77427,88177,70192,1
76673,2372,59754,79045,136427,62126,0
61782,62923,41865,124705,103647,104788,1
10430,46356,84364,56786,94794,130720,0
85433,29042,80511,114475,165944,109553,1
18952,22535,41373,41487,60325,63908,1
43679,23495,46772,67174,90451,70267,1
64240,27239,90438,91479,154678,117677,1
80408,73693,13206,154101,93614,86899,1
24963,62631,63557,87594,88520,126188,1
70908,93384,58656,164292,129564,152040,1
79737,91773,7220,171510,86957,98993,0
76462,87655,55910,164117,132372,143565,1
32673,33927,4250,66600,36923,38177,1
35228,77939,27788,113167,63016,105727,0
92760,69725,63155,162485,155915,132880,1
26095,5178,79176,31273,105271,84354,0
42266,15193,76288,57459,118554,91481,0
48008,42546,53121,90554,101129,95667,1
67094,36967,1976,104061,69070,38943,0
24309,70857,86359,95166,110668,157216,1
84956,50908,67735,135864,152691,118643,1
62747,38021,54554,100768,117301,92575,1
8951,9490,13600,18441,22551,23090,1
24377,68681,5513,93058,29890,74194,0
44385,93333,86462,137718,130847,179795,1
46957,49596,36988,96553,83945,86584,1
966,37447,34167,38413,35133,71614,0
55395,17929,92422,73324,147817,110351,0
36830,79776,62479,116606,99309,142255,1
67235,125,80187,67360,147422,80312,0
61930,92904,34241,154834,96171,127145,1
1659,28426,33213,30085,34872,61639,0
40784,42512,99746,83296,140530,142258,0
82273,56216,63776,138489,146049,119992,1
57166,59769,11554,116935,68720,71323,1
18159,2011,58341,20170,76500,60352,0
32336,64706,6048,97042,38384,70754,0
90477,65425,74594,155902,165071,140019,1
28966,92182,80358,121148,109324,172540,1
65599,66366,32144,131965,97743,98510,1
82868,22118,45773,104986,128641,67891,0
57626,43560,13410,101186,71036,56970,0
8461,8796,6145,17257,14606,14941,1
27686,79504,1361,107190,29047,80865,0
1233,22370,47878,23603,49111,70248,0
28463,70086,72725,98549,101188,142811,1
89251,65651,90320,154902,179571,155971,1
96520,55949,68691,152469,165211,124640,1
63129,40443,97336,103572,160465,137779,1
16262,86119,92623,102381,108885,178742,1
89577,26400,62709,115977,152286,89109,0
62599,49795,95632,112394,158231,145427,1
57786,14546,35684,72332,93470,50230,0
14481,52001,23969,66482,38450,75970,0
27696,18903,28709,46599,56405,47612,1
69326,17681,78388,87007,147714,96069,1
67301,8484,88091,75785,155392,96575,0
79310,89783,5871,169093,85181,95654,0
92028,19523,20165,111551,112193,39688,0
84561,42638,73941,127199,158502,116579,1
63215,30052,98690,93267,161905,128742,0
48452,63790,10710,112242,59162,74500,0
24559,78348,90244,102907,114803,168592,1
76747,97185,66249,173932,142996,163434,1
1638,77065,56246,78703,57884,133311,0
80746,96140,90664,176886,171410,186804,1
62417,93567,29919,155984,92336,123486,0
29035,848,90575,29883,119610,91423,0
51386,53557,83881,104943,135267,137438,1
39373,1267,31255,40640,70628,32522,0
95009,31722,13453,126731,108462,45175,0
8386,31236,59217,39622,67603,90453,0
69277,4428,288,73705,69565,4716,0
55637,12939,97007,68576,152644,109946,0
41476,22356,39666,63832,81142,62022,1
92306,34183,8138,126489,100444,42321,0
16947,37777,81089,54724,98036,118866,0
59529,92086,43890,151615,103419,135976,1
70864,8603,90254,79467,161118,98857,0
11073,89592,83945,100665,95018,173537,1
10576,41883,14079,52459,24655,55962,0
95396,67084,4980,162480,100376,72064,0
171,9034,60540,9205,60711,69574,0
99135,41727,49960,140862,149095,91687,0
20695,17692,15984,38387,36679,33676,1
86324,64503,42891,150827,129215,107394,1
16146,87320,52518,103466,68664,139838,0
21753,24786,25260,46539,47013,50046,1
43061,2644,13832,45705,56893,16476,0
17397,50523,35588,67920,52985,86111,1
80636,94474,60453,175110,141089,154927,1
32162,81341,94485,113503,126647,175826,1
95627,27164,89979,122791,185606,117143,1
46312,60313,22365,106625,68677,82678,1
96875,9153,72047,106028,168922,81200,0
1408,35408,28731,36816,30139,64139,0
78046,2420,69202,80466,147248,71622,0
46509,29185,6943,75694,53452,36128,0
39666,87031,25442,126697,65108,112473,0
96249,67062,22899,163311,119148,89961,0
56048,31404,31718,87452,87766,63122,1
89317,17794,48387,107111,137704,66181,0
62263,62,72133,62325,134396,72195,0
32538,57729,44159,90267,76697,101888,1
3165,89026,50232,92191,53397,139258,0
48044,89903,44820,137947,92864,134723,1
7059,45364,86997,52423,94056,132361,0
91330,75775,78545,167105,169875,154320,1
42570,30500,65749,73070,108319,96249,1
5793,90094,47499,95887,53292,137593,0
38331,30626,4653,68957,42984,35279,0
74629,4708,37308,79337,111937,42016,0
21786,69205,15098,90991,36884,84303,0
3583,77372,35858,80955,39441,113230,0
87668,87203,60532,174871,148200,147735,1
74722,13982,1962,88704,76684,15944,0
32760,80577,39680,113337,72440,120257,0
58147,48159,12821,106306,70968,60980,1
16723,26342,66992,43065,83715,93334,0
53733,27371,20986,81104,74719,48357,0
88602,49280,67179,137882,155781,116459,1
14067,8377,96979,22444,111046,105356,0
26429,94698,7634,121127,34063,102332,0
36996,56940,14768,93936,51764,71708,0
74069,24377,99802,98446,173871,124179,0
51133,77139,92937,128272,144070,170076,1
43369,97558,87456,140927,130825,185014,1
38784,26877,40932,65661,79716,67809,1
87276,47620,85686,134896,172962,133306,1
32224,74541,63348,106765,95572,137889,1
34733,29898,82677,64631,117410,112575,0
47198,38860,99109,86058,146307,137969,0
24794,93961,11632,118755,36426,105593,0
27765,7699,89288,35464,117053,96987,0
80707,7342,28187,88049,108894,35529,0
82164,39539,14772,121703,96936,54311,0
17281,92729,96013,110010,113294,188742,1
18158,10891,90910,29049,109068,101801,0
3478,41976,49894,45454,53372,91870,0
86321,52102,7421,138423,93742,59523,0
39392,15924,72340,55316,111732,88264,0
43720,25701,44218,69421,87938,69919,1
13235,43296,33879,56531,47114,77175,1
59476,71835,36812,131311,96288,108647,1
19730,57305,61099,77035,80829,118404,1
47005,56906,25519,103911,72524,82425,1
24491,52197,93004,76688,117495,145201,0
18061,91214,85434,109275,103495,176648,1
57752,71917,56437,129669,114189,128354,1
31611,60622,64941,92233,96552,125563,1
4458,62255,27921,66713,32379,90176,0
81139,84639,19588,165778,100727,104227,1
87060,89050,31207,176110,118267,120257,1
52288,71928,45029,124216,97317,116957,1
75933,72073,81586,148006,157519,153659,1
542,20707,6507,21249,7049,27214,0
62365,34080,49624,96445,111989,83704,1
20807,32436,93232,53243,114039,125668,0
13036,19406,91712,32442,104748,111118,0
49335,90142,70405,139477,119740,160547,1
51287,48613,99345,99900,150632,147958,1
19056,33737,26921,52793,45977,60658,1
1059,71114,4260,72173,5319,75374,0
82482,87554,31681,170036,114163,119235,1
93423,60058,43395,153481,136818,103453,1
64573,20946,19682,85519,84255,40628,0
37300,86222,41248,123522,78548,127470,0
62797,47737,83091,110534,145888,130828,1
24190,34159,28434,58349,52624,62593,1
67557,43062,71675,110619,139232,114737,1
72420,30153,98042,102573,170462,128195,1
93359,50419,2935,143778,96294,53354,0
73176,32177,22813,105353,95989,54990,0
88038,81493,12843,169531,100881,94336,1
85527,21540,37104,107067,122631,58644,0
18696,63752,53005,82448,71701,116757,1
14646,57260,23073,71906,37719,80333,0
5205,55214,70424,60419,75629,125638,0
70372,48635,72530,119007,142902,121165,1
47176,42149,10439,89325,57615,52588,1
51017,46990,51043,98007,102060,98033,1
95730,92619,85306,188349,181036,177925,1
54488,34021,87402,88509,141890,121423,1
14214,90631,88617,104845,102831,179248,1
41429,46204,15244,87633,56673,61448,1
66708,45514,53925,112222,120633,99439,1
85868,38181,65554,124049,151422,103735,1
76066,40905,80218,116971,156284,121123,1
72362,76784,97304,149146,169666,174088,1
14060,48708,54760,62768,68820,103468,1
30309,5906,34955,36215,65264,40861,1
63414,2289,51954,65703,115368,54243,0
85398,17950,77763,103348,163161,95713,1
9415,3125,48842,12540,58257,51967,0
50536,53967,58597,104503,109133,112564,1
27497,3639,28172,31136,55669,31811,1
68277,38937,97965,107214,166242,136902,1
52857,52414,98143,105271,151000,150557,1
13219,20218,57652,33437,70871,77870,0
98198,97688,70009,195886,168207,167697,1
20702,97859,52601,118561,73303,150460,0
64838,48297,30778,113135,95616,79075,1
26222,11218,39698,37440,65920,50916,0
33438,47790,32734,81228,66172,80524,1
66072,5093,29107,71165,95179,34200,0
97836,32092,35272,129928,133108,67364,0
35567,73997,1252,109564,36819,75249,0
15702,50680,16538,66382,32240,67218,0
48541,30074,33441,78615,81982,63515,1
89940,84701,84396,174641,174336,169097,1
14715,11962,269,26677,14984,12231,0
93845,28247,45507,122092,139352,73754,0
79687,59398,7289,139085,86976,66687,0
87745,61308,40127,149053,127872,101435,1
29275,83793,31716,113068,60991,115509,0
34116,94094,13046,128210,47162,107140,0
55219,44514,85658,99733,140877,130172,1
26049,21080,16615,47129,42664,37695,1
20691,76878,48184,97569,68875,125062,0
96510,73663,72338,170173,168848,146001,1
76486,41411,6189,117897,82675,47600,0
2520,33440,41053,35960,43573,74493,0
7536,35861,46562,43397,54098,82423,0
38308,48527,61819,86835,100127,110346,1
54676,42274,11963,96950,66639,54237,0
51927,17274,21107,69201,73034,38381,0
85840,96415,96194,182255,182034,192609,1
7720,83823,20881,91543,28601,104704,0
88132,75048,80434,163180,168566,155482,1
73461,57541,5932,131002,79393,63473,0
47621,74788,5826,122409,53447,80614,0
51941,68744,87800,120685,139741,156544,1
14531,79218,66086,93749,80617,145304,1
22591,94019,16702,116610,39293,110721,0
64726,76346,45300,141072,110026,121646,1
54735,49020,48456,103755,103191,97476,1
19973,17617,38411,37590,58384,56028,0
82590,58941,50822,141531,133412,109763,1
39397,8159,45895,47556,85292,54054,1
96248,25460,17531,121708,113779,42991,0
87742,86507,24696,174249,112438,111203,1
6178,75254,16015,81432,22193,91269,0
77426,34487,75637,111913,153063,110124,1
78135,61846,74476,139981,152611,136322,1
9146,56188,83614,65334,92760,139802,0
45323,17479,86236,62802,131559,103715,0
72114,27948,72270,100062,144384,100218,1
6520,41080,65244,47600,71764,106324,0
69518,84922,74174,154440,143692,159096,1
64458,51472,52012,115930,116470,103484,1
11869,45039,71302,56908,83171,116341,0
21637,74380,50386,96017,72023,124766,0
80927,47730,64501,128657,145428,112231,1
50742,19908,50110,70650,100852,70018,1
81111,45870,7161,126981,88272,53031,0
19425,50844,3998,70269,23423,54842,0
10825,53466,51192,64291,62017,104658,1
58057,1800,33529,59857,91586,35329,0
42007,38605,30267,80612,72274,68872,1
37889,31716,46547,69605,84436,78263,1
25984,42541,87112,68525,113096,129653,0
74975,30143,82981,105118,157956,113124,1
60524,34422,79929,94946,140453,114351,1
32689,13150,30253,45839,62942,43403,1
68205,85921,9185,154126,77390,95106,0
42472,94340,99006,136812,141478,193346,1
94023,11897,12455,105920,106478,24352,0
78205,47540,76968,125745,155173,124508,1
11744,2459,92585,14203,104329,95044,0
99302,93968,57767,193270,157069,151735,1
70161,66190,2961,136351,73122,69151,0
33594,15117,50264,48711,83858,65381,0
83415,41798,81198,125213,164613,122996,1
10904,54726,18376,65630,29280,73102,0
74756,1772,93932,76528,168688,95704,0
45471,18100,90866,63571,136337,108966,0
97579,7778,4786,105357,102365,12564,0
4547,92377,45527,96924,50074,137904,0
89513,4926,4742,94439,94255,9668,0
30813,76028,77294,106841,108107,153322,1
84702,55529,93212,140231,177914,148741,1
89237,63027,18325,152264,107562,81352,0
74159,38332,92940,112491,167099,131272,1
99240,32755,64997,131995,164237,97752,0
96017,56231,75402,152248,171419,131633,1
67483,75244,7578,142727,75061,82822,0
58164,74629,38419,132793,96583,113048,1
23156,22936,74197,46092,97353,97133,0
96721,73600,15074,170321,111795,88674,0
98628,69676,58402,168304,157030,128078,1
54952,24092,74994,79044,129946,99086,1
77121,15426,12149,92547,89270,27575,0
73573,28236,48603,101809,122176,76839,1
31158,94532,77644,125690,108802,172176,1
41164,3477,79884,44641,121048,83361,0
79156,73258,52529,152414,131685,125787,1
81832,56096,35731,137928,117563,91827,1
48939,59443,49770,108382,98709,109213,1
3982,11227,59447,15209,63429,70674,0
89223,81761,1481,170984,90704,83242,0
15563,41691,94674,57254,110237,136365,0
61529,1924,40009,63453,101538,41933,0
66330,10621,30912,76951,97242,41533,0
45058,7709,53666,52767,98724,61375,0
85170,44886,79349,130056,164519,124235,1
8999,75977,95184,84976,104183,171161,0
24591,14877,22436,39468,47027,37313,1
63715,30385,18206,94100,81921,48591,0
18820,84158,46136,102978,64956,130294,0
79877,10921,27630,90798,107507,38551,0
65998,41864,19123,107862,85121,60987,0
74787,90534,29192,165321,103979,119726,1
20406,49664,89526,70070,109932,139190,0
92209,56031,50224,148240,142433,106255,1
13991,98727,76109,112718,90100,174836,0
59474,95051,7066,154525,66540,102117,0
55038,30603,14868,85641,69906,45471,0
21907,82346,36254,104253,58161,118600,0
64658,60689,59842,125347,124500,120531,1
53521,46955,83306,100476,136827,130261,1
93987,29338,42783,123325,136770,72121,0
53412,46268,13146,99680,66558,59414,1
35047,42045,86189,77092,121236,128234,0
42280,32452,89814,74732,132094,122266,0
68007,213,9406,68220,77413,9619,0
8262,70904,82548,79166,90810,153452,0
42524,44623,23131,87147,65655,67754,1
83178,1760,14894,84938,98072,16654,0
78651,27600,60601,106251,139252,88201,1
29215,18085,64781,47300,93996,82866,0
49156,43184,80830,92340,129986,124014,1
24128,97389,16914,121517,41042,114303,0
12300,50320,18095,62620,30395,68415,0
19965,29380,75913,49345,95878,105293,0
80555,40782,18016,121337,98571,58798,0
14170,94961,94129,109131,108299,189090,1
97349,73988,49664,171337,147013,123652,1
90241,95784,46463,186025,136704,142247,1
18036,27428,25729,45464,43765,53157,1
23413,69573,92143,92986,115556,161716,1
14310,66454,41019,80764,55329,107473,0
98218,47945,31634,146163,129852,79579,0
86727,18495,49747,105222,136474,68242,0
74835,7759,30917,82594,105752,38676,0
4619,60771,31336,65390,35955,92107,0
24360,19274,34190,43634,58550,53464,1
62388,87458,69151,149846,131539,156609,1
34445,11743,45015,46188,79460,56758,1
74309,24576,71717,98885,146026,96293,1
34157,72219,98763,106376,132920,170982,1
64676,55168,31794,119844,96470,86962,1
32503,79073,24717,111576,57220,103790,0
30515,96384,33327,126899,63842,129711,0
2746,92674,24056,95420,26802,116730,0
94688,42206,24738,136894,119426,66944,0
75308,68398,40067,143706,115375,108465,1
14764,63245,60053,78009,74817,123298,1
24952,770,13420,25722,38372,14190,0
29090,12786,23569,41876,52659,36355,1
5246,83252,9937,88498,15183,93189,0
78915,37855,4868,116770,83783,42723,0
69616,61236,51832,130852,121448,113068,1
39159,72936,43990,112095,83149,116926,1
62139,33182,51373,95321,113512,84555,1
59862,15583,75185,75445,135047,90768,1
11585,91073,12406,102658,23991,103479,0
43887,98378,59746,142265,103633,158124,1
79050,20293,14125,99343,93175,34418,0
21385,79026,5846,100411,27231,84872,0
58946,57957,35532,116903,94478,93489,1
82038,5028,980,87066,83018,6008,0
86106,85387,65050,171493,151156,150437,1
88085,83958,58470,172043,146555,142428,1
29559,26025,15682,55584,45241,41707,1
62039,80683,32531,142722,94570,113214,1
84741,55421,39900,140162,124641,95321,1
34220,52460,75877,86680,110097,128337,1
69232,3441,58339,72673,127571,61780,0
46079,74974,58008,121053,104087,132982,1
36634,91446,43924,128080,80558,135370,0
62106,39032,24804,101138,86910,63836,1
68022,40218,7237,108240,75259,47455,0
88826,75368,66803,164194,155629,142171,1
88192,63409,77278,151601,165470,140687,1
68595,69644,9242,138239,77837,78886,1
69809,25811,83545,95620,153354,109356,1
62971,75467,99451,138438,162422,174918,1
27203,8288,61100,35491,88303,69388,0
82181,15815,822,97996,83003,16637,0
55228,16306,74017,71534,129245,90323,0
59527,16748,54286,76275,113813,71034,1
99748,25642,52131,125390,151879,77773,0
37335,35431,12729,72766,50064,48160,1
84270,49788,9817,134058,94087,59605,0
43702,17901,43517,61603,87219,61418,1
49619,27044,49211,76663,98830,76255,1
5183,91547,82203,96730,87386,173750,0
2558,43150,56365,45708,58923,99515,0
21076,68914,19586,89990,40662,88500,0
12233,93368,14503,105601,26736,107871,0
13669,41684,68262,55353,81931,109946,0
10373,46789,99882,57162,110255,146671,0
89937,70843,79346,160780,169283,150189,1
78675,47963,89115,126638,167790,137078,1
62397,93803,63973,156200,126370,157776,1
55924,67473,40588,123397,96512,108061,1
18153,94136,80368,112289,98521,174504,1
60861,51621,14105,112482,74966,65726,1
46549,80550,66212,127099,112761,146762,1
39428,34397,11529,73825,50957,45926,1
71829,38984,6771,110813,78600,45755,0
30214,73776,9144,103990,39358,82920,0
10202,39477,87236,49679,97438,126713,0
85444,71181,57265,156625,142709,128446,1
64954,98758,3378,163712,68332,102136,0
30160,76252,6816,106412,36976,83068,0
23065,36695,91989,59760,115054,128684,0
83751,23237,88407,106988,172158,111644,1
90046,33943,68218,123989,158264,102161,1
9001,72399,81863,81400,90864,154262,0
26948,67951,6454,94899,33402,74405,0
16384,86838,6120,103222,22504,92958,0
64476,94298,25730,158774,90206,120028,0
91905,82461,35622,174366,127527,118083,1
68929,68963,13807,137892,82736,82770,1
95766,23968,28979,119734,124745,52947,0
12624,59566,22505,72190,35129,82071,0
86507,39174,98452,125681,184959,137626,1
43144,20659,73285,63803,116429,93944,0
13392,13936,33527,27328,46919,47463,0
93072,41313,46253,134385,139325,87566,0
8755,98076,72265,106831,81020,170341,0
81542,28498,61673,110040,143215,90171,1
71331,30055,45227,101386,116558,75282,1
85435,2467,37694,87902,123129,40161,0
60250,79841,98824,140091,159074,178665,1
23089,49875,41132,72964,64221,91007,1
77709,15601,76921,93310,154630,92522,1
15549,60643,9999,76192,25548,70642,0
52184,54677,79302,106861,131486,133979,1
55168,30037,99973,85205,155141,130010,0
72751,21104,57509,93855,130260,78613,1
50975,83689,23764,134664,74739,107453,0
5506,3905,86899,9411,92405,90804,0
68359,26601,6404,94960,74763,33005,0
48429,7685,72330,56114,120759,80015,0
46337,78127,38215,124464,84552,116342,1
9071,36462,87960,45533,97031,124422,0
12658,14799,30144,27457,42802,44943,0
2555,88988,16450,91543,19005,105438,0
99990,38806,41339,138796,141329,80145,0
43309,83678,8790,126987,52099,92468,0
53370,6438,96164,59808,149534,102602,0
50831,28928,11345,79759,62176,40273,0
4035,24002,67981,28037,72016,91983,0
78711,48790,47046,127501,125757,95836,1
37613,4775,26137,42388,63750,30912,0
34295,2207,53565,36502,87860,55772,0
90177,45982,28944,136159,119121,74926,0
59847,4947,49684,64794,109531,54631,0
5109,90626,53017,95735,58126,143643,0
11936,95763,36984,107699,48920,132747,0
15949,31168,57476,47117,73425,88644,0
48511,22746,39030,71257,87541,61776,1
88213,75199,55564,163412,143777,130763,1
51600,73821,13882,125421,65482,87703,0
24884,92250,53425,117134,78309,145675,0
20108,51923,26273,72031,46381,78196,0
91338,20654,28636,111992,119974,49290,0
76547,65267,23479,141814,100026,88746,1
37115,53323,9159,90438,46274,62482,0
78641,83268,66097,161909,144738,149365,1
62958,29359,29664,92317,92622,59023,0
7011,40824,31008,47835,38019,71832,0
11123,72464,79801,83587,90924,152265,1
53211,87569,32665,140780,85876,120234,0
42787,35107,4029,77894,46816,39136,0
35796,65854,53648,101650,89444,119502,1
7138,36594,97516,43732,104654,134110,0
98795,67320,5669,166115,104464,72989,0
13477,86704,26602,100181,40079,113306,0
76778,24147,3636,100925,80414,27783,0
7989,48926,80140,56915,88129,129066,0
98187,2398,50812,100585,148999,53210,0
54665,46983,81845,101648,136510,128828,1
3356,77875,97556,81231,100912,175431,0
34247,82566,59150,116813,93397,141716,1
35572,41976,1873,77548,37445,43849,0
45998,43561,12438,89559,58436,55999,1
99995,6030,95552,106025,195547,101582,1
77177,82576,68095,159753,145272,150671,1
11562,52380,5487,63942,17049,57867,0
12305,24557,28689,36862,40994,53246,1
31986,72661,11570,104647,43556,84231,0
31328,7889,8867,39217,40195,16756,0
4457,83198,77148,87655,81605,160346,0
69277,11004,61872,80281,131149,72876,1
20797,6981,83558,27778,104355,90539,0
96881,23251,54180,120132,151061,77431,0
9728,55171,52380,64899,62108,107551,1
15570,39025,52651,54595,68221,91676,1
90153,92789,9601,182942,99754,102390,1
13404,10551,81045,23955,94449,91596,0
82659,44320,14573,126979,97232,58893,0
79958,41635,54803,121593,134761,96438,1
7521,72777,80509,80298,88030,153286,0
78682,40450,83781,119132,162463,124231,1
96836,76213,99273,173049,196109,175486,1
16802,99793,1765,116595,18567,101558,0
39076,82150,16038,121226,55114,98188,0
12477,45965,63182,58442,75659,109147,0
6375,64601,7530,70976,13905,72131,0
6884,60043,52233,66927,59117,112276,0
49359,40273,4788,89632,54147,45061,0
87643,66096,42935,153739,130578,109031,1
7678,28381,96715,36059,104393,125096,0
53384,21240,88212,74624,141596,109452,0
3072,98200,49955,101272,53027,148155,0
3000,45750,30202,48750,33202,75952,0
89860,15024,18116,104884,107976,33140,0
52348,93853,16626,146201,68974,110479,0
10400,46409,82540,56809,92940,128949,0
37773,16638,39774,54411,77547,56412,1
31762,18141,28714,49903,60476,46855,1
31597,71000,85668,102597,117265,156668,1
37177,24917,36994,62094,74171,61911,1
847,24559,90398,25406,91245,114957,0
56690,87660,98578,144350,155268,186238,1
14307,23897,80285,38204,94592,104182,0
47815,32478,88778,80293,136593,121256,0
8042,92182,47488,100224,55530,139670,0
55861,31056,88403,86917,144264,119459,0
5016,79209,86256,84225,91272,165465,0
21466,91993,47061,113459,68527,139054,0
59034,90746,51798,149780,110832,142544,1
31536,58131,67973,89667,99509,126104,1
52373,80284,89760,132657,142133,170044,1
96671,95907,76287,192578,172958,172194,1
1506,10831,88473,12337,89979,99304,0
3237,32593,80108,35830,83345,112701,0
90128,83135,34670,173263,124798,117805,1
53798,36028,83662,89826,137460,119690,1
73879,97444,72480,171323,146359,169924,1
83676,23291,41375,106967,125051,64666,0
65959,98001,41954,163960,107913,139955,1
41173,63910,97531,105083,138704,161441,1
45041,8734,68897,53775,113938,77631,0
83980,60175,84739,144155,168719,144914,1
70143,94192,20264,164335,90407,114456,0
6509,33518,94627,40027,101136,128145,0
63872,93114,45084,156986,108956,138198,1
59830,68923,1886,128753,61716,70809,0
3163,66345,58930,69508,62093,125275,0
76971,93533,30584,170504,107555,124117,1
18593,45169,1627,63762,20220,46796,0
54313,36175,30361,90488,84674,66536,1
75094,92153,78796,167247,153890,170949,1
11395,58403,57464,69798,68859,115867,1
62874,89701,13669,152575,76543,103370,0
36848,30326,98889,67174,135737,129215,0
15871,14712,10771,30583,26642,25483,1
54765,97315,51132,152080,105897,148447,1
3449,79006,74910,82455,78359,153916,0
32655,1258,44204,33913,76859,45462,0
99234,19926,8064,119160,107298,27990,0
89525,50996,40080,140521,129605,91076,1
48871,73512,89355,122383,138226,162867,1
94708,8833,58380,103541,153088,67213,0
16616,99193,50174,115809,66790,149367,0
18314,71336,77726,89650,96040,149062,1
96146,33531,68864,129677,165010,102395,1
80152,51412,25021,131564,105173,76433,0
31704,76618,34166,108322,65870,110784,0
43491,19318,54093,62809,97584,73411,1
69753,67436,86712,137189,156465,154148,1
11223,29871,96920,41094,108143,126791,0
75954,56508,76029,132462,151983,132537,1
32969,1480,50912,34449,83881,52392,0
42563,8911,13347,51474,55910,22258,0
3543,37710,43587,41253,47130,81297,0
77066,18896,5679,95962,82745,24575,0
30304,51548,81220,81852,111524,132768,1
48443,20365,67196,68808,115639,87561,1
34502,30987,16623,65489,51125,47610,1
52234,62741,38713,114975,90947,101454,1
15866,17500,52367,33366,68233,69867,0
34486,25112,79839,59598,114325,104951,0
95535,67420,30611,162955,126146,98031,1
15820,508,76708,16328,92528,77216,0
60066,537,19601,60603,79667,20138,0
84309,42632,27477,126941,111786,70109,0
6303,99493,352,105796,6655,99845,0
75879,49420,52206,125299,128085,101626,1
34914,40000,48697,74914,83611,88697,1
82807,36390,61743,119197,144550,98133,1
48008,17983,40279,65991,88287,58262,1
66616,41300,33300,107916,99916,74600,1
16435,5755,9015,22190,25450,14770,0
25589,95763,88368,121352,113957,184131,1
40581,80821,19717,121402,60298,100538,0
72900,70381,70068,143281,142968,140449,1
77923,44325,94946,122248,172869,139271,1
80574,68186,28934,148760,109508,97120,1
1781,47155,92750,48936,94531,139905,0
64371,28816,39210,93187,103581,68026,1
73551,50783,90063,124334,163614,140846,1
31731,10555,74357,42286,106088,84912,0
63289,3247,28948,66536,92237,32195,0
3612,73441,25916,77053,29528,99357,0
29177,96390,76349,125567,105526,172739,1
8916,8413,28662,17329,37578,37075,0
83410,4811,11168,88221,94578,15979,0
89404,58961,79998,148365,169402,138959,1
97500,37618,77200,135118,174700,114818,1
6051,93807,52155,99858,58206,145962,0
70429,50715,48473,121144,118902,99188,1
51432,56619,1952,108051,53384,58571,0
23811,74597,83783,98408,107594,158380,1
63720,4323,20067,68043,83787,24390,0
66513,41615,36575,108128,103088,78190,1
89180,18678,43897,107858,133077,62575,0
44801,29219,60121,74020,104922,89340,1
60273,23475,43656,83748,103929,67131,1
89012,94058,93180,183070,182192,187238,1
66762,11073,44545,77835,111307,55618,0
48726,76079,44076,124805,92802,120155,1
12765,1155,49879,13920,62644,51034,0
37756,93866,20487,131622,58243,114353,0
93940,90705,35278,184645,129218,125983,1
57785,21392,44542,79177,102327,65934,1
4003,49956,64138,53959,68141,114094,0
29237,12787,6001,42024,35238,18788,0
21026,40062,96914,61088,117940,136976,0
90605,28574,14211,119179,104816,42785,0
63789,756,5019,64545,68808,5775,0
5249,5216,7480,10465,12729,12696,1
83874,84225,99262,168099,183136,183487,1
21432,51498,2905,72930,24337,54403,0
78767,96019,5249,174786,84016,101268,0
38626,34564,51420,73190,90046,85984,1
40633,96972,15066,137605,55699,112038,0
67465,14605,36983,82070,104448,51588,0
74228,45547,60356,119775,134584,105903,1
96488,15626,77788,112114,174276,93414,0
2562,74492,13446,77054,16008,87938,0
69301,82036,37305,151337,106606,119341,1
99939,56015,85467,155954,185406,141482,1
89380,184,42104,89564,131484,42288,0
1495,15964,20890,17459,22385,36854,0
86224,29117,37067,115341,123291,66184,0
25575,83763,64077,109338,89652,147840,1
51636,69468,21977,121104,73613,91445,1
69584,99985,14407,169569,83991,114392,0
75464,46064,2949,121528,78413,49013,0
76167,28669,1954,104836,78121,30623,0
29742,60116,79899,89858,109641,140015,1
89158,55628,63627,144786,152785,119255,1
38903,80244,44131,119147,83034,124375,1
61138,14399,88525,75537,149663,102924,0
45206,79060,49241,124266,94447,128301,1
82967,57200,85773,140167,168740,142973,1
6219,24810,75967,31029,82186,100777,0
97675,44611,87294,142286,184969,131905,1
42622,89020,66580,131642,109202,155600,1
54430,23443,54493,77873,108923,77936,1
31524,90808,41329,122332,72853,132137,0
79959,14441,57013,94400,136972,71454,0
29735,36569,13771,66304,43506,50340,1
63065,94539,72293,157604,135358,166832,1
38990,92983,66943,131973,105933,159926,1
63746,61307,67119,125053,130865,128426,1
27238,12532,63077,39770,90315,75609,0
44006,92598,87259,136604,131265,179857,1
87916,97608,97556,185524,185472,195164,1
54909,84233,88852,139142,143761,173085,1
23291,66500,44650,89791,67941,111150,1
25832,4096,33367,29928,59199,37463,0
34280,73947,85410,108227,119690,159357,1
34738,53666,9970,88404,44708,63636,0
84061,46461,39686,130522,123747,86147,1
16889,53643,52276,70532,69165,105919,1
94022,11483,88385,105505,182407,99868,1
63166,69367,11255,132533,74421,80622,1
7699,98155,7582,105854,15281,105737,0
12648,59936,75032,72584,87680,134968,0
57884,94709,69732,152593,127616,164441,1
21786,41623,78884,63409,100670,120507,0
43039,14266,28193,57305,71232,42459,0
69757,19317,55046,89074,124803,74363,1
70456,30568,48400,101024,118856,78968,1
8933,1313,76452,10246,85385,77765,0
20979,8414,51573,29393,72552,59987,0
17538,44384,65020,61922,82558,109404,0
72341,54989,44199,127330,116540,99188,1
61429,24996,13505,86425,74934,38501,0
84963,59221,96739,144184,181702,155960,1
88971,32381,25947,121352,114918,58328,0
30862,93043,33443,123905,64305,126486,0
87352,12213,14960,99565,102312,27173,0
16246,92537,30471,108783,46717,123008,0
91106,30741,20857,121847,111963,51598,0
77897,55247,96220,133144,174117,151467,1
31057,63975,94895,95032,125952,158870,1
2036,75604,65390,77640,67426,140994,0
51693,47665,65823,99358,117516,113488,1
26474,62181,57049,88655,83523,119230,1
76619,75760,75178,152379,151797,150938,1
79047,1596,45108,80643,124155,46704,0
30372,47764,48654,78136,79026,96418,1
40540,54596,16098,95136,56638,70694,1
34260,49174,97523,83434,131783,146697,0
53763,31945,87984,85708,141747,119929,0
92074,24684,38732,116758,130806,63416,0
79862,85549,72123,165411,151985,157672,1
68490,82469,59067,150959,127557,141536,1
49959,45512,45378,95471,95337,90890,1
94135,78439,59416,172574,153551,137855,1
94240,93413,97550,187653,191790,190963,1
32171,59524,55463,91695,87634,114987,1
26283,10294,41105,36577,67388,51399,0
64397,81977,40154,146374,104551,122131,1
53221,82245,43563,135466,96784,125808,1
76579,38072,924,114651,77503,38996,0
64375,19608,13597,83983,77972,33205,0
22051,97770,58777,119821,80828,156547,0
14646,70538,99099,85184,113745,169637,0
21477,96156,63847,117633,85324,160003,0
25363,20203,12730,45566,38093,32933,1
81438,18260,15475,99698,96913,33735,0
7687,84455,7624,92142,15311,92079,0
71283,89319,28538,160602,99821,117857,1
52995,7948,57310,60943,110305,65258,1
17772,31258,1628,49030,19400,32886,0
28239,83308,41550,111547,69789,124858,0
13465,84001,7730,97466,21195,91731,0
8320,69470,76887,77790,85207,146357,1
99522,62697,65258,162219,164780,127955,1
85369,24775,58104,110144,143473,82879,0
5902,7406,2300,13308,8202,9706,1
75318,84097,41343,159415,116661,125440,1
33530,87876,26106,121406,59636,113982,0
40566,14164,48067,54730,88633,62231,1
71649,38215,98992,109864,170641,137207,1
25537,65323,53427,90860,78964,118750,1
9517,72185,72359,81702,81876,144544,1
94718,8983,16500,103701,111218,25483,0
67477,20753,58123,88230,125600,78876,1
81762,50492,19771,132254,101533,70263,0
42162,22240,92003,64402,134165,114243,0
26176,41018,92007,67194,118183,133025,0
35143,86861,98665,122004,133808,185526,1
46085,74541,52510,120626,98595,127051,1
98745,35532,36736,134277,135481,72268,0
61900,63772,98339,125672,160239,162111,1
84900,87562,6715,172462,91615,94277,1
7740,28302,62404,36042,70144,90706,0
38970,99444,11324,138414,50294,110768,0
83768,72710,37501,156478,121269,110211,1
89695,67828,77353,157523,167048,145181,1
57314,88795,78565,146109,135879,167360,1
74841,64904,42820,139745,117661,107724,1
5770,90279,47543,96049,53313,137822,0
10040,34682,96766,44722,106806,131448,0
89285,68236,56073,157521,145358,124309,1
6032,12298,67784,18330,73816,80082,0
73910,82203,79429,156113,153339,161632,1
29696,24152,57605,53848,87301,81757,0
35334,55851,38691,91185,74025,94542,1
46245,94826,54285,141071,100530,149111,1
58873,44883,97467,103756,156340,142350,1
6460,54890,4250,61350,10710,59140,0
42158,16377,18455,58535,60613,34832,0
45537,11583,12710,57120,58247,24293,0
45999,73593,63014,119592,109013,136607,1
39662,54499,26002,94161,65664,80501,1
90992,66977,83232,157969,174224,150209,1
15487,99663,34112,115150,49599,133775,0
23986,862,87815,24848,111801,88677,0
39206,10695,70737,49901,109943,81432,0
61438,89470,1513,150908,62951,90983,0
39364,91907,47167,131271,86531,139074,0
18395,12612,29138,31007,47533,41750,1
61639,96413,19923,158052,81562,116336,0
62469,31946,14931,94415,77400,46877,0
40702,80626,71117,121328,111819,151743,1
88627,87764,13745,176391,102372,101509,1
26876,24009,84119,50885,110995,108128,0
92392,65016,74483,157408,166875,139499,1
1167,93396,37784,94563,38951,131180,0
18314,15068,70572,33382,88886,85640,0
19030,37803,93304,56833,112334,131107,0
56451,50637,19345,107088,75796,69982,1
50295,87945,44681,138240,94976,132626,1
85004,50353,17410,135357,102414,67763,0
23703,39428,53813,63131,77516,93241,1
52112,70218,3600,122330,55712,73818,0
29297,79544,94026,108841,123323,173570,1
13697,94549,56830,108246,70527,151379,0
52374,10744,74946,63118,127320,85690,0
51971,43763,26940,95734,78911,70703,1
53866,66141,96717,120007,150583,162858,1
52559,11716,31994,64275,84553,43710,0
56349,554,87361,56903,143710,87915,0
18111,97628,42776,115739,60887,140404,0
29562,38897,29037,68459,58599,67934,1
73726,43665,23973,117391,97699,67638,0
10635,59932,97666,70567,108301,157598,0
97619,40291,19336,137910,116955,59627,0
54600,56997,50928,111597,105528,107925,1
6292,40036,2831,46328,9123,42867,0
2577,32604,28436,35181,31013,61040,0
1706,99410,6872,101116,8578,106282,0
22567,14319,77086,36886,99653,91405,0
55341,43902,8099,99243,63440,52001,0
58041,45160,86954,103201,144995,132114,1
25418,55786,48407,81204,73825,104193,1
85374,60672,88625,146046,173999,149297,1
85239,59711,34948,144950,120187,94659,1
27888,9033,63310,36921,91198,72343,0
74523,27206,49411,101729,123934,76617,1
57011,99839,6131,156850,63142,105970,0
44889,35637,78711,80526,123600,114348,1
15844,13678,87457,29522,103301,101135,0
40199,7762,43182,47961,83381,50944,1
66228,70888,39710,137116,105938,110598,1
49339,40678,96382,90017,145721,137060,0
6797,6536,86119,13333,92916,92655,0
94557,12713,82272,107270,176829,94985,1
8243,18511,83878,26754,92121,102389,0
94639,83173,63128,177812,157767,146301,1
30786,59468,37610,90254,68396,97078,1
83773,39028,86241,122801,170014,125269,1
40701,19089,45453,59790,86154,64542,1
60778,97534,36739,158312,97517,134273,0
34606,87838,90888,122444,125494,178726,1
63572,81612,20570,145184,84142,102182,1
99908,83441,22804,183349,122712,106245,1
38376,90561,78151,128937,116527,168712,1
84759,69126,84319,153885,169078,153445,1
45009,42110,84834,87119,129843,126944,1
44173,64157,77415,108330,121588,141572,1
1773,54193,22341,55966,24114,76534,0
18951,50424,20869,69375,39820,71293,0
38675,26498,18422,65173,57097,44920,1
90231,11789,71897,102020,162128,83686,0
60847,28152,76870,88999,137717,105022,1
70177,42970,24476,113147,94653,67446,0
81514,36962,47618,118476,129132,84580,1
73263,46948,88946,120211,162209,135894,1
45517,62610,71790,108127,117307,134400,1
37919,57609,1849,95528,39768,59458,0
64747,92313,23025,157060,87772,115338,0
79342,33262,55955,112604,135297,89217,1
54624,78314,90848,132938,145472,169162,1
7707,43228,99385,50935,107092,142613,0
59991,91822,10040,151813,70031,101862,0
24565,65331,57602,89896,82167,122933,1
91407,60673,56156,152080,147563,116829,1
32446,9146,77594,41592,110040,86740,0
86348,61048,94796,147396,181144,155844,1
13127,50244,42329,63371,55456,92573,1
79850,94967,19821,174817,99671,114788,1
73417,79131,58928,152548,132345,138059,1
98152,70498,18183,168650,116335,88681,0
84644,24547,57901,109191,142545,82448,0
7270,27634,41332,34904,48602,68966,0
32885,43043,96968,75928,129853,140011,0
29507,56772,67880,86279,97387,124652,1
16926,91733,24239,108659,41165,115972,0
46366,9277,26656,55643,73022,35933,0
46500,76921,10939,123421,57439,87860,0
32148,47667,26096,79815,58244,73763,1
12708,67111,57046,79819,69754,124157,1
11006,88897,74459,99903,85465,163356,0
16662,22830,89204,39492,105866,112034,0
19386,63658,28483,83044,47869,92141,0
45443,78306,11987,123749,57430,90293,0
64690,88121,43921,152811,108611,132042,1
91454,45179,50698,136633,142152,95877,1
40950,23895,10998,64845,51948,34893,0
84018,48043,37438,132061,121456,85481,1
25273,57374,63671,82647,88944,121045,1
8656,59453,89264,68109,97920,148717,0
29148,91994,77855,121142,107003,169849,1
50164,41456,50022,91620,100186,91478,1
44176,98863,68985,143039,113161,167848,1
85334,8455,69164,93789,154498,77619,0
17712,92980,78957,110692,96669,171937,1
42263,70076,67042,112339,109305,137118,1
56056,22651,98947,78707,155003,121598,0
44336,37852,18337,82188,62673,56189,1
97718,17059,44450,114777,142168,61509,0
3619,35969,69573,39588,73192,105542,0
43022,61851,10713,104873,53735,72564,0
70147,74794,63904,144941,134051,138698,1
91647,59005,45901,150652,137548,104906,1
48379,65062,47780,113441,96159,112842,1
3082,5048,18867,8130,21949,23915,0
64906,60586,44433,125492,109339,105019,1
19651,66916,77820,86567,97471,144736,1
48943,62729,19836,111672,68779,82565,1
96936,12154,61300,109090,158236,73454,0
5354,84964,81200,90318,86554,166164,1
66346,65947,24426,132293,90772,90373,1
76740,17283,92252,94023,168992,109535,1
71165,74028,85056,145193,156221,159084,1
45599,83644,93720,129243,139319,177364,1
83072,26644,13788,109716,96860,40432,0
35676,93255,1773,128931,37449,95028,0
56692,56903,51342,113595,108034,108245,1
52264,47893,8137,100157,60401,56030,1
55233,84381,83841,139614,139074,168222,1
83897,59967,98544,143864,182441,158511,1
20499,14001,16144,34500,36643,30145,1
61736,16261,82862,77997,144598,99123,0
21362,11752,916,33114,22278,12668,0
95056,32107,59990,127163,155046,92097,0
10196,71485,64144,81681,74340,135629,1
55776,51377,42295,107153,98071,93672,1
23246,56952,4490,80198,27736,61442,0
97228,64399,15428,161627,112656,79827,0
85168,37660,71447,122828,156615,109107,1
93690,50775,26868,144465,120558,77643,0
54236,59768,83712,114004,137948,143480,1
35966,90988,66391,126954,102357,157379,1
27579,55914,6214,83493,33793,62128,0
42395,42999,98251,85394,140646,141250,0
94715,22578,35134,117293,129849,57712,0
23570,71508,75371,95078,98941,146879,1
83545,62629,26515,146174,110060,89144,1
82455,9459,9643,91914,92098,19102,0
63773,40784,71647,104557,135420,112431,1
73623,97852,86618,171475,160241,184470,1
95300,68238,57104,163538,152404,125342,1
4357,61111,97459,65468,101816,158570,0
52978,70585,23938,123563,76916,94523,1
40888,82496,45365,123384,86253,127861,1
63816,71042,53140,134858,116956,124182,1
96787,58430,56658,155217,153445,115088,1
12218,72527,1397,84745,13615,73924,0
17554,70687,57554,88241,75108,128241,1
88586,88411,68543,176997,157129,156954,1
52792,17529,66704,70321,119496,84233,1
33866,77463,11705,111329,45571,89168,0
84763,98038,68342,182801,153105,166380,1
38649,72303,98947,110952,137596,171250,1
82055,78854,70069,160909,152124,148923,1
18535,85365,28065,103900,46600,113430,0
60315,36964,37561,97279,97876,74525,1
79738,13321,56830,93059,136568,70151,0
2388,22463,69502,24851,71890,91965,0
39066,29436,85410,68502,124476,114846,0
64010,44568,66875,108578,130885,111443,1
71992,73976,71663,145968,143655,145639,1
2904,14978,89257,17882,92161,104235,0
78421,81924,3158,160345,81579,85082,0
49645,14064,69283,63709,118928,83347,0
65148,73403,89778,138551,154926,163181,1
90800,70722,58984,161522,149784,129706,1
96258,17590,19279,113848,115537,36869,0
18417,71710,54484,90127,72901,126194,1
54107,52608,55643,106715,109750,108251,1
96454,82973,8244,179427,104698,91217,0
44066,67063,80210,111129,124276,147273,1
38203,37674,62278,75877,100481,99952,1
67859,53722,23237,121581,91096,76959,1
86477,90936,80082,177413,166559,171018,1
92872,42579,68920,135451,161792,111499,1
69502,93770,7548,163272,77050,101318,0
16074,21748,96855,37822,112929,118603,0
46616,28708,40248,75324,86864,68956,1
84809,19843,17779,104652,102588,37622,0
86430,51179,64172,137609,150602,115351,1
58300,32492,84384,90792,142684,116876,1
52866,73489,41487,126355,94353,114976,1
20198,1073,46883,21271,67081,47956,0
9772,14210,46076,23982,55848,60286,0
94599,75818,53946,170417,148545,129764,1
66704,66178,36843,132882,103547,103021,1
31594,72739,66345,104333,97939,139084,1
95426,85571,55662,180997,151088,141233,1
1421,88573,96801,89994,98222,185374,0
62409,9044,68452,71453,130861,77496,1
97990,60771,18208,158761,116198,78979,0
99172,12475,46966,111647,146138,59441,0
67073,11211,89933,78284,157006,101144,0
41836,88262,38167,130098,80003,126429,0
46458,48372,37575,94830,84033,85947,1
75920,27869,51823,103789,127743,79692,1
98002,64129,9833,162131,107835,73962,0
22424,23025,8000,45449,30424,31025,1
35845,58362,63766,94207,99611,122128,1
20609,93162,67774,113771,88383,160936,0
92979,42177,42589,135156,135568,84766,0
8723,56145,12176,64868,20899,68321,0
63892,59350,12322,123242,76214,71672,1
29217,57325,74457,86542,103674,131782,1
88925,39811,10854,128736,99779,50665,0
37617,65783,27106,103400,64723,92889,0
98611,42329,11490,140940,110101,53819,0
79399,93123,27755,172522,107154,120878,1
40819,82679,13805,123498,54624,96484,0
44600,24313,30386,68913,74986,54699,1
8671,70294,91119,78965,99790,161413,0
43143,33660,61178,76803,104321,94838,1
38326,34834,33672,73160,71998,68506,1
40205,47943,57634,88148,97839,105577,1
37876,34236,7558,72112,45434,41794,1
83714,8592,92881,92306,176595,101473,0
66533,50369,34883,116902,101416,85252,1
22171,48414,91906,70585,114077,140320,0
30830,35934,51172,66764,82002,87106,1
27972,9327,16653,37299,44625,25980,0
53397,85864,10437,139261,63834,96301,0
66644,51059,73037,117703,139681,124096,1
15617,96473,61084,112090,76701,157557,0
17967,33349,2485,51316,20452,35834,0
32853,57338,42613,90191,75466,99951,1
26939,21537,64008,48476,90947,85545,0
14050,19331,54264,33381,68314,73595,0
74420,29695,496,104115,74916,30191,0
31381,4989,74843,36370,106224,79832,0
1830,70611,25408,72441,27238,96019,0
80966,27785,592,108751,81558,28377,0
78686,66194,6481,144880,85167,72675,0
68436,84313,9922,152749,78358,94235,0
42287,41994,1426,84281,43713,43420,1
45932,52445,99744,98377,145676,152189,0
23513,99130,43043,122643,66556,142173,0
3399,23367,17565,26766,20964,40932,0
25530,81400,79132,106930,104662,160532,1
93973,52065,64187,146038,158160,116252,1
27124,44638,33350,71762,60474,77988,1
31672,84584,53138,116256,84810,137722,1
74165,25738,1267,99903,75432,27005,0
4984,35484,15302,40468,20286,50786,0
76955,82025,46010,158980,122965,128035,1
27937,70451,45898,98388,73835,116349,1
60977,14331,88449,75308,149426,102780,0
92900,42606,64920,135506,157820,107526,1
6210,76824,80545,83034,86755,157369,1
62931,67988,85317,130919,148248,153305,1
90578,85329,54020,175907,144598,139349,1
83886,57709,42002,141595,125888,99711,1
69191,67914,70634,137105,139825,138548,1
13384,85140,68992,98524,82376,154132,0
84075,78856,88665,162931,172740,167521,1
21817,27462,87832,49279,109649,115294,0
84042,82572,72199,166614,156241,154771,1
55769,15323,53331,71092,109100,68654,1
23362,76319,59038,99681,82400,135357,1
48754,3738,64847,52492,113601,68585,0
91851,77929,11770,169780,103621,89699,0
19344,29178,74884,48522,94228,104062,0
76634,26755,87076,103389,163710,113831,1
34707,18309,83512,53016,118219,101821,0
47033,77865,19000,124898,66033,96865,0
8085,77476,53764,85561,61849,131240,0
7252,69278,79506,76530,86758,148784,0
50049,56945,64817,106994,114866,121762,1
35762,67250,50716,103012,86478,117966,1
634,66605,28803,67239,29437,95408,0
69045,9799,50047,78844,119092,59846,0
43059,49831,90287,92890,133346,140118,1
50696,70116,32085,120812,82781,102201,1
86484,51611,98335,138095,184819,149946,1
99310,95324,3587,194634,102897,98911,0
60884,37777,84270,98661,145154,122047,1
51794,20808,59787,72602,111581,80595,1
72361,66118,66979,138479,139340,133097,1
97361,33701,49815,131062,147176,83516,0
47850,46078,34251,93928,82101,80329,1
72858,71967,1647,144825,74505,73614,1
80882,15248,40486,96130,121368,55734,0
70028,92580,1031,162608,71059,93611,0
9916,17330,65983,27246,75899,83313,0
14566,18255,41233,32821,55799,59488,0
60813,23508,3552,84321,64365,27060,0
18506,94955,93830,113461,112336,188785,1
94259,23193,8777,117452,103036,31970,0
30270,60361,94442,90631,124712,154803,0
68122,8453,51035,76575,119157,59488,0
73373,22624,13279,95997,86652,35903,0
40257,58181,20649,98438,60906,78830,1
45169,32652,30753,77821,75922,63405,1
67401,71284,26341,138685,93742,97625,1
34529,66749,42124,101278,76653,108873,1
66035,18206,34971,84241,101006,53177,0
20674,15708,63401,36382,84075,79109,0
82392,84378,94744,166770,177136,179122,1
52586,91464,66551,144050,119137,158015,1
23002,79156,51934,102158,74936,131090,0
58773,66071,43008,124844,101781,109079,1
69373,66942,33537,136315,102910,100479,1
6156,22093,50100,28249,56256,72193,0
29046,99694,81966,128740,111012,181660,1
73884,81766,86689,155650,160573,168455,1
45459,9573,682,55032,46141,10255,0
11507,43652,7798,55159,19305,51450,0
87744,36308,8914,124052,96658,45222,0
68007,55846,46888,123853,114895,102734,1
93420,1701,52450,95121,145870,54151,0
23441,10582,27156,34023,50597,37738,1
83338,42782,7871,126120,91209,50653,0
65403,42091,5078,107494,70481,47169,0
69998,82301,87086,152299,157084,169387,1
8446,1697,86769,10143,95215,88466,0
50782,51000,81974,101782,132756,132974,1
87661,92202,92303,179863,179964,184505,1
125,30851,26885,30976,27010,57736,0
34661,50915,4545,85576,39206,55460,0
10681,53945,47475,64626,58156,101420,1
95703,63719,78320,159422,174023,142039,1
22485,82338,85835,104823,108320,168173,1
66823,23392,16382,90215,83205,39774,0
642,1528,42609,2170,43251,44137,0
53454,28939,69524,82393,122978,98463,1
89764,2779,84362,92543,174126,87141,0
10809,2023,292,12832,11101,2315,0
40907,30256,85135,71163,126042,115391,0
48567,61441,50205,110008,98772,111646,1
12839,19821,35753,32660,48592,55574,0
52148,23724,79441,75872,131589,103165,0
63942,5339,72625,69281,136567,77964,0
12246,45509,61544,57755,73790,107053,0
99798,26135,12968,125933,112766,39103,0
79090,79570,52149,158660,131239,131719,1
73552,83369,62487,156921,136039,145856,1
54666,89445,90433,144111,145099,179878,1
20111,56207,126,76318,20237,56333,0
44875,8081,49218,52956,94093,57299,1
89112,56603,78160,145715,167272,134763,1
36640,99030,94936,135670,131576,193966,1
94984,3778,12490,98762,107474,16268,0
59146,52232,16024,111378,75170,68256,1
86616,5538,17097,92154,103713,22635,0
55906,64406,51458,120312,107364,115864,1
60403,39112,51217,99515,111620,90329,1
77959,12921,86206,90880,164165,99127,1
57157,3045,98739,60202,155896,101784,0
66070,75529,55998,141599,122068,131527,1
62253,10853,70536,73106,132789,81389,1
2701,99758,44951,102459,47652,144709,0
55579,28172,85042,83751,140621,113214,0
93095,17212,26134,110307,119229,43346,0
22473,89592,82274,112065,104747,171866,1
85121,55286,25817,140407,110938,81103,0
21271,52744,35265,74015,56536,88009,1
41401,13301,4388,54702,45789,17689,0
36593,96859,76438,133452,113031,173297,1
44280,38421,21118,82701,65398,59539,1
53362,8981,57234,62343,110596,66215,1
79176,28428,71821,107604,150997,100249,1
22146,79510,90921,101656,113067,170431,1
37176,45812,27541,82988,64717,73353,1
32208,21708,9224,53916,41432,30932,0
1405,30600,56466,32005,57871,87066,0
74602,17453,84050,92055,158652,101503,1
60647,8052,31051,68699,91698,39103,0
45039,54633,55259,99672,100298,109892,1
37867,16852,2026,54719,39893,18878,0
82821,62687,23193,145508,106014,85880,1
94730,70728,16823,165458,111553,87551,0
36888,21873,41722,58761,78610,63595,1
65866,29531,72553,95397,138419,102084,1
53721,86010,11660,139731,65381,97670,0
30706,15417,97027,46123,127733,112444,0
37152,42182,690,79334,37842,42872,0
10534,86026,5713,96560,16247,91739,0
33968,60779,58522,94747,92490,119301,1
80774,89793,67649,170567,148423,157442,1
46236,36587,19100,82823,65336,55687,1
88722,33299,91481,122021,180203,124780,1
7466,25792,17841,33258,25307,43633,0
81610,94046,77429,175656,159039,171475,1
21985,36841,13400,58826,35385,50241,0
81778,44382,67017,126160,148795,111399,1
54249,81424,66682,135673,120931,148106,1
28529,31123,14023,59652,42552,45146,1
12638,20059,67312,32697,79950,87371,0
60934,49957,52194,110891,113128,102151,1
15945,46015,50589,61960,66534,96604,1
39246,5953,54430,45199,93676,60383,0
92592,82438,97192,175030,189784,179630,1
4896,16698,6129,21594,11025,22827,0
75973,34352,36177,110325,112150,70529,0
95712,91045,32132,186757,127844,123177,1
56818,95514,64134,152332,120952,159648,1
76929,71625,23057,148554,99986,94682,1
91452,45756,99443,137208,190895,145199,1
57388,97454,50759,154842,108147,148213,1
99392,45750,89518,145142,188910,135268,1
25172,96090,67351,121262,92523,163441,0
76327,46407,33672,122734,109999,80079,1
80990,75522,56131,156512,137121,131653,1
27018,83168,62850,110186,89868,146018,1
23207,1175,97568,24382,120775,98743,0
2962,44730,5891,47692,8853,50621,0
19945,83434,86806,103379,106751,170240,1
22781,14121,93475,36902,116256,107596,0
12775,21522,37091,34297,49866,58613,0
96587,59958,9335,156545,105922,69293,0
44267,48978,55014,93245,99281,103992,1
57086,71259,63877,128345,120963,135136,1
82427,88996,79105,171423,161532,168101,1
98056,91815,16397,189871,114453,108212,1
62920,43559,13566,106479,76486,57125,0
45817,43772,67563,89589,113380,111335,1
51845,53807,49588,105652,101433,103395,1
16678,811,97542,17489,114220,98353,0
58914,32617,69663,91531,128577,102280,1
92767,24868,43726,117635,136493,68594,0
97626,33887,21398,131513,119024,55285,0
11647,95361,85997,107008,97644,181358,1
53610,21397,3639,75007,57249,25036,0
95774,47610,63349,143384,159123,110959,1
42796,89618,7789,132414,50585,97407,0
8868,26519,90038,35387,98906,116557,0
27640,33073,67436,60713,95076,100509,0
51347,91743,90107,143090,141454,181850,1
38697,45096,73867,83793,112564,118963,1
45368,45443,38443,90811,83811,83886,1
53338,97181,56468,150519,109806,153649,1
67640,6857,1510,74497,69150,8367,0
93042,7029,4786,100071,97828,11815,0
8381,63458,38708,71839,47089,102166,0
52122,20896,99996,73018,152118,120892,0
56657,74314,14174,130971,70831,88488,0
92964,34137,67948,127101,160912,102085,1
31971,96123,30978,128094,62949,127101,0
23809,40227,78326,64036,102135,118553,0
65420,81049,87257,146469,152677,168306,1
23363,35332,53947,58695,77310,89279,1
69940,71387,74506,141327,144446,145893,1
71360,92940,5175,164300,76535,98115,0
12367,58527,85542,70894,97909,144069,0
82700,8998,86232,91698,168932,95230,1
18395,50473,74185,68868,92580,124658,0
94463,4195,1937,98658,96400,6132,0
73664,36795,87379,110459,161043,124174,1
29869,91578,4434,121447,34303,96012,0
78425,15836,80716,94261,159141,96552,1
46757,98993,90093,145750,136850,189086,1
46387,6836,79391,53223,125778,86227,0
52749,88972,92261,141721,145010,181233,1
50007,7707,67177,57714,117184,74884,0
41750,14371,69872,56121,111622,84243,0
72561,63619,61041,136180,133602,124660,1
10250,65834,48896,76084,59146,114730,0
48826,6507,60542,55333,109368,67049,0
64923,65989,86699,130912,151622,152688,1
61997,26863,34386,88860,96383,61249,0
85629,35292,42378,120921,128007,77670,0
34004,15239,91452,49243,125456,106691,0
20653,93256,55197,113909,75850,148453,0
73591,87464,19017,161055,92608,106481,1
61627,42886,40171,104513,101798,83057,1
79429,9878,66828,89307,146257,76706,0
40411,25155,2677,65566,43088,27832,0
17199,19748,80329,36947,97528,100077,0
48169,40328,34171,88497,82340,74499,1
76418,99417,66732,175835,143150,166149,1
48176,97884,62998,146060,111174,160882,1
86981,18012,37240,104993,124221,55252,0
89657,60995,44023,150652,133680,105018,1
75323,42842,78046,118165,153369,120888,1
20820,34059,44012,54879,64832,78071,1
13878,25288,8560,39166,22438,33848,0
4409,14163,8127,18572,12536,22290,0
90648,17882,23927,108530,114575,41809,0
17811,11504,97330,29315,115141,108834,0
62129,49363,81360,111492,143489,130723,1
91666,18222,41875,109888,133541,60097,0
42023,94253,38745,136276,80768,132998,0
39474,6095,84003,45569,123477,90098,0
68185,71872,19303,140057,87488,91175,1
91524,32287,17881,123811,109405,50168,0
56178,55479,35059,111657,91237,90538,1
62377,16625,57562,79002,119939,74187,1
1635,94636,25283,96271,26918,119919,0
8006,90290,89672,98296,97678,179962,1
17790,79419,82631,97209,100421,162050,1
34481,90022,8636,124503,43117,98658,0
17568,8572,1145,26140,18713,9717,0
44428,1016,24625,45444,69053,25641,0
69345,81533,73396,150878,142741,154929,1
54537,32396,63948,86933,118485,96344,1
83632,51423,55045,135055,138677,106468,1
56750,58487,87385,115237,144135,145872,1
90963,76688,99478,167651,190441,176166,1
65496,11344,1678,76840,67174,13022,0
1020,45690,68560,46710,69580,114250,0
14473,10284,85783,24757,100256,96067,0
58946,11745,59146,70691,118092,70891,1
72289,19574,28753,91863,101042,48327,0
4682,11892,90524,16574,95206,102416,0
47037,3780,2940,50817,49977,6720,0
47330,24554,2504,71884,49834,27058,0
34416,62432,34469,96848,68885,96901,1
2450,27579,66856,30029,69306,94435,0
64048,81500,90184,145548,154232,171684,1
58790,90244,72405,149034,131195,162649,1
8642,52247,58182,60889,66824,110429,1
21451,52048,3392,73499,24843,55440,0
90260,72290,2612,162550,92872,74902,0
63777,87840,8568,151617,72345,96408,0
43030,45783,69547,88813,112577,115330,1
53027,38047,27630,91074,80657,65677,1
17100,57792,68704,74892,85804,126496,1
79095,44142,91467,123237,170562,135609,1
89304,78051,68430,167355,157734,146481,1
46785,61115,42035,107900,88820,103150,1
1459,66795,87634,68254,89093,154429,0
90015,14088,46705,104103,136720,60793,0
82324,24557,54851,106881,137175,79408,0
14002,63891,15929,77893,29931,79820,0
30485,95662,25641,126147,56126,121303,0
67150,58237,12528,125387,79678,70765,1
53778,40747,32954,94525,86732,73701,1
95869,3165,80260,99034,176129,83425,0
99901,54226,83778,154127,183679,138004,1
73103,39089,48548,112192,121651,87637,1
37099,62319,60014,99418,97113,122333,1
67449,23718,91423,91167,158872,115141,0
84575,48053,395,132628,84970,48448,0
8341,20563,56245,28904,64586,76808,0
30683,60964,49370,91647,80053,110334,1
18337,78050,54723,96387,73060,132773,0
77718,45620,2875,123338,80593,48495,0
64819,82378,76610,147197,141429,158988,1
16634,72604,89544,89238,106178,162148,0
22071,46728,80259,68799,102330,126987,0
73515,3564,19996,77079,93511,23560,0
19660,59962,15484,79622,35144,75446,0
87734,86285,30853,174019,118587,117138,1
10219,8837,23082,19056,33301,31919,0
21725,97414,39280,119139,61005,136694,0
40504,54897,93342,95401,133846,148239,1
66882,74759,82474,141641,149356,157233,1
42656,71123,25036,113779,67692,96159,0
87627,10003,86627,97630,174254,96630,1
67763,75446,28955,143209,96718,104401,1
73000,9006,22404,82006,95404,31410,0
21551,38831,81405,60382,102956,120236,0
95642,73016,32899,168658,128541,105915,1
12657,30807,74823,43464,87480,105630,0
72566,91386,54804,163952,127370,146190,1
73018,47769,83916,120787,156934,131685,1
59379,56788,36845,116167,96224,93633,1
75401,73363,41707,148764,117108,115070,1
31869,19752,16156,51621,48025,35908,1
10766,65528,34701,76294,45467,100229,0
92756,1432,89673,94188,182429,91105,0
46423,41795,41088,88218,87511,82883,1
17962,7884,98044,25846,116006,105928,0
81261,15441,95697,96702,176958,111138,1
92790,99127,38302,191917,131092,137429,1
1063,63331,25915,64394,26978,89246,0
39539,40641,93936,80180,133475,134577,0
30382,37830,36944,68212,67326,74774,1
91069,84847,97875,175916,188944,182722,1
86601,73961,3586,160562,90187,77547,0
83000,74007,8450,157007,91450,82457,0
72392,23132,57076,95524,129468,80208,1
72762,42226,84696,114988,157458,126922,1
43191,91865,25335,135056,68526,117200,0
12407,42145,47214,54552,59621,89359,1
78791,15220,29046,94011,107837,44266,0
4075,40121,67293,44196,71368,107414,0
93116,99115,35001,192231,128117,134116,1
98224,34173,62976,132397,161200,97149,0
60833,37669,95395,98502,156228,133064,1
23420,97749,29158,121169,52578,126907,0
11699,25169,97901,36868,109600,123070,0
61401,69741,97142,131142,158543,166883,1
19990,38236,91100,58226,111090,129336,0
47899,85588,76586,133487,124485,162174,1
42188,82561,82202,124749,124390,164763,1
37457,48483,96245,85940,133702,144728,0
21391,78855,49452,100246,70843,128307,0
68972,47134,50130,116106,119102,97264,1
68604,17446,99599,86050,168203,117045,0
5541,23921,45719,29462,51260,69640,0
58948,44376,42467,103324,101415,86843,1
90042,83923,33061,173965,123103,116984,1
8388,86544,51460,94932,59848,138004,0
40519,93462,82679,133981,123198,176141,1
1435,53246,12176,54681,13611,65422,0
26639,75009,90619,101648,117258,165628,1
18586,21352,49662,39938,68248,71014,0
52824,11677,40488,64501,93312,52165,0
5043,183,48495,5226,53538,48678,0
62642,47538,11548,110180,74190,59086,0
52030,66353,46651,118383,98681,113004,1
177,2488,19705,2665,19882,22193,0
3091,29217,9696,32308,12787,38913,0
68175,75349,38905,143524,107080,114254,1
33786,17757,83130,51543,116916,100887,0
24985,45055,25909,70040,50894,70964,1
79004,33122,50571,112126,129575,83693,1
3770,83990,56273,87760,60043,140263,0
50000,37174,57703,87174,107703,94877,1
72235,1059,99303,73294,171538,100362,0
79706,4917,6023,84623,85729,10940,0
858,69372,73538,70230,74396,142910,0
40622,39706,95658,80328,136280,135364,0
50588,63100,6535,113688,57123,69635,0
3312,63675,36027,66987,39339,99702,0
17645,65839,83583,83484,101228,149422,0
71079,37758,93693,108837,164772,131451,1
92835,16817,35891,109652,128726,52708,0
61231,87056,86408,148287,147639,173464,1
25754,35620,48633,61374,74387,84253,1
71111,63721,52280,134832,123391,116001,1
41570,78805,14139,120375,55709,92944,0
34211,30745,6010,64956,40221,36755,1
63660,47948,29900,111608,93560,77848,1
55931,56731,51071,112662,107002,107802,1
23104,5325,59858,28429,82962,65183,0
71678,54910,99969,126588,171647,154879,1
1854,65808,67461,67662,69315,133269,1
69798,31645,93856,101443,163654,125501,1
28606,9980,97142,38586,125748,107122,0
69351,638,83904,69989,153255,84542,0
16024,9144,7126,25168,23150,16270,1
69292,28714,82652,98006,151944,111366,1
12173,18245,58755,30418,70928,77000,0
9103,82207,93499,91310,102602,175706,0
59808,2728,5958,62536,65766,8686,0
9483,45385,38500,54868,47983,83885,1
62473,1137,19514,63610,81987,20651,0
93984,75866,87913,169850,181897,163779,1
42048,54767,60296,96815,102344,115063,1
62799,46044,71789,108843,134588,117833,1
10409,4708,21626,15117,32035,26334,0
25740,95136,39967,120876,65707,135103,0
44264,87739,4535,132003,48799,92274,0
18534,85143,82199,103677,100733,167342,1
43987,72446,65839,116433,109826,138285,1
91951,31637,20020,123588,111971,51657,0
38326,3289,24648,41615,62974,27937,0
92063,73377,95296,165440,187359,168673,1
45895,66373,70122,112268,116017,136495,1
99174,2674,59980,101848,159154,62654,0
14425,56081,11541,70506,25966,67622,0
8549,39509,83526,48058,92075,123035,0
86152,18587,31729,104739,117881,50316,0
18159,53942,95233,72101,113392,149175,0
69065,98189,86816,167254,155881,185005,1
82866,3547,405,86413,83271,3952,0
62458,93555,9300,156013,71758,102855,0
69852,51753,38596,121605,108448,90349,1
40312,63890,26402,104202,66714,90292,1
71938,30345,64615,102283,136553,94960,1
86284,63589,24679,149873,110963,88268,1
83744,18798,92023,102542,175767,110821,1
69428,75766,39015,145194,108443,114781,1
6011,26863,41803,32874,47814,68666,0
99719,49107,77784,148826,177503,126891,1
99016,38070,85369,137086,184385,123439,1
18613,2841,24456,21454,43069,27297,0
35539,95508,47510,131047,83049,143018,0
12621,82983,57455,95604,70076,140438,0
80330,51466,17907,131796,98237,69373,0
254,93861,97045,94115,97299,190906,0
51259,37826,80520,89085,131779,118346,1
50240,799,52497,51039,102737,53296,0
70889,40221,66685,111110,137574,106906,1
51692,6804,9726,58496,61418,16530,0
31907,71243,4783,103150,36690,76026,0
27133,63849,96896,90982,124029,160745,0
89289,49047,97756,138336,187045,146803,1
2525,24750,54422,27275,56947,79172,0
7204,60159,69055,67363,76259,129214,0
60464,75508,6598,135972,67062,82106,0
79881,30928,21625,110809,101506,52553,0
44889,48598,97457,93487,142346,146055,0
23248,99653,92383,122901,115631,192036,1
21056,29051,26223,50107,47279,55274,1
50895,46309,91252,97204,142147,137561,1
64880,55773,14975,120653,79855,70748,1
88395,48178,42340,136573,130735,90518,1
28428,72074,9680,100502,38108,81754,0
3186,38170,66593,41356,69779,104763,0
45808,60282,60429,106090,106237,120711,1
35947,56364,56261,92311,92208,112625,1
43391,38495,6995,81886,50386,45490,1
38524,6623,30828,45147,69352,37451,0
6581,67852,4955,74433,11536,72807,0
88546,94930,12374,183476,100920,107304,1
37091,53584,59118,90675,96209,112702,1
67645,45328,99752,112973,167397,145080,1
56111,33303,64639,89414,120750,97942,1
550,46076,41668,46626,42218,87744,0
41783,67389,8616,109172,50399,76005,0
83055,92505,58980,175560,142035,151485,1
66101,3438,54443,69539,120544,57881,0
40020,48508,87055,88528,127075,135563,1
72974,6431,57414,79405,130388,63845,0
33436,15432,50959,48868,84395,66391,0
72333,42511,15995,114844,88328,58506,0
78740,91126,17004,169866,95744,108130,1
53128,40011,43161,93139,96289,83172,1
54082,11340,92224,65422,146306,103564,0
96899,52779,63043,149678,159942,115822,1
66659,18432,55441,85091,122100,73873,1
72552,30848,49625,103400,122177,80473,1
37937,47573,67830,85510,105767,115403,1
60622,89760,77161,150382,137783,166921,1
31841,51758,1958,83599,33799,53716,0
57297,56564,41071,113861,98368,97635,1
52767,91364,11598,144131,64365,102962,0
14503,52618,73578,67121,88081,126196,0
23424,25245,26568,48669,49992,51813,1
52086,53417,86389,105503,138475,139806,1
22658,998,11935,23656,34593,12933,0
59168,13736,46778,72904,105946,60514,1
56437,33010,3914,89447,60351,36924,0
98246,26349,9024,124595,107270,35373,0
69739,19140,86354,88879,156093,105494,1
18033,61846,72338,79879,90371,134184,1
88579,91841,8877,180420,97456,100718,1
89076,29565,11521,118641,100597,41086,0
66484,79033,78036,145517,144520,157069,1
51367,5057,36493,56424,87860,41550,0
94129,9964,12960,104093,107089,22924,0
22938,56682,939,79620,23877,57621,0
65512,82566,22782,148078,88294,105348,1
12747,58683,3097,71430,15844,61780,0
66526,28984,2082,95510,68608,31066,0
70979,49339,90095,120318,161074,139434,1
74450,16167,29066,90617,103516,45233,0
59977,8161,47640,68138,107617,55801,0
74012,12039,64212,86051,138224,76251,1
76330,24672,30353,101002,106683,55025,0
38315,96361,74402,134676,112717,170763,1
64379,89448,70886,153827,135265,160334,1
55115,69933,20767,125048,75882,90700,1
67675,74978,85064,142653,152739,160042,1
81420,11278,18463,92698,99883,29741,0
58685,68417,7274,127102,65959,75691,0
38282,7737,35831,46019,74113,43568,1
80438,9543,88253,89981,168691,97796,1
68464,843,98172,69307,166636,99015,0
78979,46709,3351,125688,82330,50060,0
67531,44065,65562,111596,133093,109627,1
25817,77291,40,103108,25857,77331,0
51082,4175,90020,55257,141102,94195,0
87042,25627,82498,112669,169540,108125,1
28231,26740,95725,54971,123956,122465,0
94139,31040,85787,125179,179926,116827,1
34845,8130,36393,42975,71238,44523,1
7917,50013,45800,57930,53717,95813,1
22190,86474,94736,108664,116926,181210,1
11133,98687,38384,109820,49517,137071,0
9226,93613,67336,102839,76562,160949,0
60397,60024,86231,120421,146628,146255,1
11332,6348,12973,17680,24305,19321,1
78527,86239,58224,164766,136751,144463,1
6670,11972,42843,18642,49513,54815,0
98912,94307,13809,193219,112721,108116,1
49484,25234,71405,74718,120889,96639,1
54638,57074,73336,111712,127974,130410,1
18794,79439,18903,98233,37697,98342,0
74745,89049,25090,163794,99835,114139,1
94232,2467,9156,96699,103388,11623,0
86152,34313,63264,120465,149416,97577,1
36195,19120,24650,55315,60845,43770,1
30861,72182,31351,103043,62212,103533,0
60528,5775,83392,66303,143920,89167,0
81648,87021,22529,168669,104177,109550,1
22990,97001,66573,119991,89563,163574,0
18763,63730,58804,82493,77567,122534,1
8098,26772,52224,34870,60322,78996,0
62597,64320,89068,126917,151665,153388,1
90298,44717,11573,135015,101871,56290,0
64772,35295,58458,100067,123230,93753,1
93086,29785,50767,122871,143853,80552,0
6809,26559,90498,33368,97307,117057,0
68945,47690,84277,116635,153222,131967,1
39376,66546,21723,105922,61099,88269,0
77799,98774,45437,176573,123236,144211,1
36444,83934,70608,120378,107052,154542,1
23903,74580,31979,98483,55882,106559,0
96947,10265,53664,107212,150611,63929,0
41181,25542,7959,66723,49140,33501,0
54274,30653,66490,84927,120764,97143,1
47013,83588,90624,130601,137637,174212,1
15218,92150,71804,107368,87022,163954,0
74434,55736,83826,130170,158260,139562,1
60910,27217,34378,88127,95288,61595,1
67686,60219,76929,127905,144615,137148,1
77025,31572,39952,108597,116977,71524,0
75416,63552,13874,138968,89290,77426,1
82943,46343,66481,129286,149424,112824,1
39830,34137,12249,73967,52079,46386,1
54279,52559,34720,106838,88999,87279,1
46402,24119,4688,70521,51090,28807,0
13644,65901,61481,79545,75125,127382,1
40871,11755,74778,52626,115649,86533,0
37713,33283,64231,70996,101944,97514,1
5030,44041,97177,49071,102207,141218,0
1993,53944,71137,55937,73130,125081,0
36966,21034,42972,58000,79938,64006,1
97767,69020,38784,166787,136551,107804,1
80167,52263,41598,132430,121765,93861,1
46528,90387,85704,136915,132232,176091,1
74323,98836,2918,173159,77241,101754,0
90999,90529,6148,181528,97147,96677,1
14444,10998,4828,25442,19272,15826,1
9194,80683,59890,89877,69084,140573,0
2997,66081,84601,69078,87598,150682,0
72836,72084,62318,144920,135154,134402,1
2193,25042,88893,27235,91086,113935,0
60942,24442,99675,85384,160617,124117,0
19572,83521,28300,103093,47872,111821,0
13815,62166,6254,75981,20069,68420,0
19420,42647,37526,62067,56946,80173,1
57511,39780,8878,97291,66389,48658,0
22201,50900,47213,73101,69414,98113,1
18975,7070,6253,26045,25228,13323,0
3232,35687,37025,38919,40257,72712,1
95560,15926,19418,111486,114978,35344,0
26285,29986,16150,56271,42435,46136,1
51370,19300,40885,70670,92255,60185,1
86498,71996,52386,158494,138884,124382,1
87214,76677,36536,163891,123750,113213,1
19727,71824,48483,91551,68210,120307,0
66129,15345,64884,81474,131013,80229,1
92880,90817,59570,183697,152450,150387,1
29806,93765,59635,123571,89441,153400,0
21900,62127,26342,84027,48242,88469,0
1714,72278,98463,73992,100177,170741,0
43127,45469,57890,88596,101017,103359,1
16596,34869,64763,51465,81359,99632,0
54899,46920,8731,101819,63630,55651,1
62529,7700,95803,70229,158332,103503,0
72479,65173,53923,137652,126402,119096,1
47754,23834,39991,71588,87745,63825,1
37934,15917,90422,53851,128356,106339,0
73060,21213,30734,94273,103794,51947,0
9108,63923,1693,73031,10801,65616,0
16601,70273,25625,86874,42226,95898,0
19334,80338,98644,99672,117978,178982,1
88100,20787,44850,108887,132950,65637,0
20455,96099,1210,116554,21665,97309,0
18667,41440,43149,60107,61816,84589,1
11361,4313,70228,15674,81589,74541,0
96676,48807,66010,145483,162686,114817,1
59048,74771,57616,133819,116664,132387,1
90528,42893,52455,133421,142983,95348,1
78794,53113,73008,131907,151802,126121,1
40317,11601,17764,51918,58081,29365,0
13093,18899,37903,31992,50996,56802,0
86204,74956,26163,161160,112367,101119,1
1147,71240,32364,72387,33511,103604,0
1776,99549,13622,101325,15398,113171,0
14715,75201,43647,89916,58362,118848,0
44757,48519,57482,93276,102239,106001,1
73826,75106,98492,148932,172318,173598,1
61319,51369,38984,112688,100303,90353,1
25446,59870,67547,85316,92993,127417,1
21002,62642,28649,83644,49651,91291,0
47758,54225,96920,101983,144678,151145,1
99577,17939,46230,117516,145807,64169,0
10878,58294,52125,69172,63003,110419,1
39628,53637,68776,93265,108404,122413,1
35710,39836,2733,75546,38443,42569,0
25078,46932,18526,72010,43604,65458,0
13925,30573,86457,44498,100382,117030,0
7345,93178,71393,100523,78738,164571,0
54310,29803,15273,84113,69583,45076,0
95898,2502,87089,98400,182987,89591,0
11231,99332,68288,110563,79519,167620,0
60270,81761,95518,142031,155788,177279,1
63705,62942,35355,126647,99060,98297,1
40831,39467,95983,80298,136814,135450,0
90333,45637,81694,135970,172027,127331,1
83894,44869,59714,128763,143608,104583,1
11295,26870,43538,38165,54833,70408,0
91289,22961,42441,114250,133730,65402,0
74974,88683,87293,163657,162267,175976,1
8192,72775,24840,80967,33032,97615,0
25222,5202,57659,30424,82881,62861,0
6437,1308,36219,7745,42656,37527,0
22825,52545,92869,75370,115694,145414,0
73906,24369,30922,98275,104828,55291,0
8635,44711,49142,53346,57777,93853,1
54696,37029,14560,91725,69256,51589,0
40338,83277,52981,123615,93319,136258,1
49085,65284,84164,114369,133249,149448,1
96745,19124,77291,115869,174036,96415,0
69388,90482,66317,159870,135705,156799,1
64537,96620,5093,161157,69630,101713,0
80357,82128,52796,162485,133153,134924,1
30390,66659,47187,97049,77577,113846,1
6478,21193,81973,27671,88451,103166,0
27210,68395,82749,95605,109959,151144,1
40533,14029,61841,54562,102374,75870,0
40347,35163,84431,75510,124778,119594,0
53578,75095,97424,128673,151002,172519,1
6643,66802,20484,73445,27127,87286,0
86629,29516,52239,116145,138868,81755,0
4328,40615,92755,44943,97083,133370,0
8723,8753,41083,17476,49806,49836,0
91424,99124,93073,190548,184497,192197,1
94117,19554,52595,113671,146712,72149,0
12041,60201,33415,72242,45456,93616,0
30640,81892,92163,112532,122803,174055,1
83102,43873,64995,126975,148097,108868,1
77176,14453,34725,91629,111901,49178,0
61587,75343,20805,136930,82392,96148,1
39400,78581,47569,117981,86969,126150,1
70524,45497,12558,116021,83082,58055,0
34256,90645,58836,124901,93092,149481,1
4446,26482,51284,30928,55730,77766,0
8243,91583,66015,99826,74258,157598,0
66153,28177,42838,94330,108991,71015,1
2575,15585,13096,18160,15671,28681,1
24627,99410,92723,124037,117350,192133,1
97480,21912,4893,119392,102373,26805,0
45655,91716,67653,137371,113308,159369,1
52275,36140,26564,88415,78839,62704,1
13467,54807,52987,68274,66454,107794,1
698,1699,10957,2397,11655,12656,0
87908,85455,60692,173363,148600,146147,1
86871,5007,3367,91878,90238,8374,0
45386,71165,49050,116551,94436,120215,1
33409,79925,18698,113334,52107,98623,0
66778,29228,1771,96006,68549,30999,0
3436,72273,12639,75709,16075,84912,0
18294,17926,2017,36220,20311,19943,1
49841,33074,73681,82915,123522,106755,1
69628,1156,51750,70784,121378,52906,0
37405,32748,46160,70153,83565,78908,1
1180,67391,3510,68571,4690,70901,0
76666,16794,6755,93460,83421,23549,0
83215,46592,70672,129807,153887,117264,1
95995,79406,80157,175401,176152,159563,1
85652,26844,97472,112496,183124,124316,1
73074,34360,15323,107434,88397,49683,0
77782,19471,12429,97253,90211,31900,0
23295,60866,506,84161,23801,61372,0
76764,59354,13444,136118,90208,72798,0
95019,11727,68352,106746,163371,80079,0
34926,38147,16660,73073,51586,54807,1
12893,42330,43601,55223,56494,85931,1
69497,70579,61963,140076,131460,132542,1
16515,41005,28616,57520,45131,69621,1
74071,73227,54238,147298,128309,127465,1
18810,35237,54138,54047,72948,89375,0
60870,43366,52908,104236,113778,96274,1
17062,67997,12810,85059,29872,80807,0
35922,12604,22752,48526,58674,35356,0
79200,41169,67758,120369,146958,108927,1
1581,42990,41499,44571,43080,84489,1
45845,79286,5347,125131,51192,84633,0
14456,36618,1216,51074,15672,37834,0
72596,20357,67777,92953,140373,88134,1
62844,81504,54586,144348,117430,136090,1
67770,20376,19043,88146,86813,39419,0
66045,90169,52416,156214,118461,142585,1
89093,40322,75741,129415,164834,116063,1
93669,87216,9596,180885,103265,96812,1
11417,81304,72576,92721,83993,153880,1
38574,86556,34474,125130,73048,121030,0
56300,59845,12803,116145,69103,72648,1
98203,46382,65549,144585,163752,111931,1
4318,2250,44945,6568,49263,47195,0
93695,76625,31611,170320,125306,108236,1
54708,81707,49756,136415,104464,131463,1
91570,39723,81169,131293,172739,120892,1
52397,28266,54455,80663,106852,82721,1
39603,65335,46243,104938,85846,111578,1
32183,48670,25054,80853,57237,73724,1
23459,10302,1911,33761,25370,12213,0
44013,33051,14624,77064,58637,47675,1
93999,47633,85419,141632,179418,133052,1
41633,8552,12930,50185,54563,21482,0
70956,31223,86799,102179,157755,118022,1
69907,16507,55982,86414,125889,72489,1
73290,33955,65695,107245,138985,99650,1
68166,55569,95459,123735,163625,151028,1
5819,32781,71674,38600,77493,104455,0
74183,22366,34928,96549,109111,57294,0
58472,36185,38070,94657,96542,74255,1
46945,93969,21414,140914,68359,115383,0
90625,34656,36316,125281,126941,70972,0
24247,54504,30575,78751,54822,85079,1
24270,32488,15054,56758,39324,47542,1
29404,30005,52762,59409,82166,82767,1
51683,80926,95748,132609,147431,176674,1
56898,22883,73142,79781,130040,96025,1
55453,91382,17281,146835,72734,108663,0
99532,54772,62527,154304,162059,117299,1
56577,5876,95670,62453,152247,101546,0
16460,31374,90259,47834,106719,121633,0
80301,3582,29072,83883,109373,32654,0
5594,68627,76953,74221,82547,145580,0
53344,65593,95690,118937,149034,161283,1
57569,97234,96972,154803,154541,194206,1
84607,36921,56832,121528,141439,93753,1
91311,11828,16439,103139,107750,28267,0
17425,65439,18809,82864,36234,84248,0
87464,65938,6215,153402,93679,72153,0
22455,30455,52907,52910,75362,83362,1
86222,35618,63089,121840,149311,98707,1
34649,30165,24474,64814,59123,54639,1
35594,82451,40908,118045,76502,123359,0
61935,22082,72945,84017,134880,95027,1
61370,50933,12278,112303,73648,63211,1
52522,60063,23565,112585,76087,83628,1
98132,20678,78418,118810,176550,99096,1
91094,48956,31096,140050,122190,80052,0
90504,43323,47968,133827,138472,91291,1
89668,81133,41880,170801,131548,123013,1
45760,24142,22039,69902,67799,46181,1
42004,24619,93670,66623,135674,118289,0
28606,69307,23574,97913,52180,92881,0
77373,65975,21491,143348,98864,87466,1
34449,95781,23658,130230,58107,119439,0
97363,31613,31348,128976,128711,62961,0
94286,77544,25162,171830,119448,102706,1
44118,56645,51613,100763,95731,108258,1
32425,81710,78523,114135,110948,160233,1
65344,62540,6041,127884,71385,68581,1
43992,23573,60787,67565,104779,84360,1
5198,4371,84256,9569,89454,88627,0
70956,66588,19706,137544,90662,86294,1
47689,87526,93660,135215,141349,181186,1
66740,53191,59083,119931,125823,112274,1
73082,42565,4993,115647,78075,47558,0
84395,9550,6867,93945,91262,16417,0
10276,43586,36179,53862,46455,79765,1
35108,68245,41698,103353,76806,109943,1
38598,15641,72035,54239,110633,87676,0
9894,92449,55517,102343,65411,147966,0
51129,40143,87005,91272,138134,127148,1
46604,2487,58848,49091,105452,61335,0
61454,49049,46645,110503,108099,95694,1
26079,77327,99453,103406,125532,176780,1
33496,86696,17352,120192,50848,104048,0
69352,64925,39015,134277,108367,103940,1
19636,56198,92523,75834,112159,148721,0
27567,4829,33694,32396,61261,38523,0
8879,74874,49182,83753,58061,124056,0
74061,68638,89661,142699,163722,158299,1
47973,33528,16932,81501,64905,50460,1
68172,35863,33169,104035,101341,69032,1
15998,91580,5524,107578,21522,97104,0
90228,21853,94421,112081,184649,116274,1
15421,1929,88487,17350,103908,90416,0
93174,54277,77960,147451,171134,132237,1
69932,70497,26756,140429,96688,97253,1
79079,14921,11185,94000,90264,26106,0
7083,80465,6895,87548,13978,87360,0
88736,86252,57147,174988,145883,143399,1
12488,51763,59297,64251,71785,111060,1
4040,98212,87810,102252,91850,186022,0
41087,35333,82512,76420,123599,117845,0
5569,86951,57060,92520,62629,144011,0
27288,88785,98962,116073,126250,187747,1
32976,14164,33232,47140,66208,47396,1
81147,50428,80371,131575,161518,130799,1
23103,58596,80812,81699,103915,139408,1
50585,33879,6938,84464,57523,40817,0
55594,47921,71084,103515,126678,119005,1
85453,65749,12149,151202,97602,77898,0
25519,75995,79697,101514,105216,155692,1
67509,58740,69147,126249,136656,127887,1
85880,69031,18835,154911,104715,87866,1
13795,60668,54237,74463,68032,114905,1
21506,53777,57238,75283,78744,111015,1
3219,56272,45233,59491,48452,101505,0
35936,75566,12413,111502,48349,87979,0
71032,39430,42369,110462,113401,81799,1
64854,47341,19006,112195,83860,66347,1
63162,64531,24480,127693,87642,89011,1
51814,2298,38717,54112,90531,41015,0
92592,7996,35840,100588,128432,43836,0
51028,14772,93345,65800,144373,108117,0
55893,15597,74779,71490,130672,90376,0
26164,34290,67913,60454,94077,102203,0
30035,65617,17577,95652,47612,83194,0
18220,86335,78533,104555,96753,164868,1
59763,85374,49715,145137,109478,135089,1
44987,96699,63167,141686,108154,159866,1
882,19983,77727,20865,78609,97710,0
21542,13243,39571,34785,61113,52814,0
34804,90306,86773,125110,121577,177079,1
55742,89065,30726,144807,86468,119791,0
65513,90585,59132,156098,124645,149717,1
34285,49970,44878,84255,79163,94848,1
45324,94987,41018,140311,86342,136005,0
77597,65948,84327,143545,161924,150275,1
59651,49018,35248,108669,94899,84266,1
92085,57180,43053,149265,135138,100233,1
17725,67839,30217,85564,47942,98056,0
68112,99896,92309,168008,160421,192205,1
59114,80151,48556,139265,107670,128707,1
10031,21324,11211,31355,21242,32535,0
35376,61595,89767,96971,125143,151362,1
89973,55970,37332,145943,127305,93302,1
69860,39858,71172,109718,141032,111030,1
72535,64029,46014,136564,118549,110043,1
75742,49503,58747,125245,134489,108250,1
46151,80315,71065,126466,117216,151380,1
76153,60912,47674,137065,123827,108586,1
22320,983,37104,23303,59424,38087,0
45838,75136,95954,120974,141792,171090,1
77015,20235,24883,97250,101898,45118,0
51426,70384,78092,121810,129518,148476,1
31005,95862,65279,126867,96284,161141,1
12896,79869,54485,92765,67381,134354,0
69310,87181,58787,156491,128097,145968,1
52657,19773,50052,72430,102709,69825,1
8339,89580,1971,97919,10310,91551,0
8481,71342,55366,79823,63847,126708,0
76837,40156,26660,116993,103497,66816,0
94753,79631,6985,174384,101738,86616,0
90971,54656,47902,145627,138873,102558,1
26610,1259,38556,27869,65166,39815,0
90492,40930,50790,131422,141282,91720,1
41555,90992,4388,132547,45943,95380,0
88257,26449,14357,114706,102614,40806,0
48804,35505,40609,84309,89413,76114,1
48606,23591,73312,72197,121918,96903,0
61076,38521,41374,99597,102450,79895,1
99847,3830,80844,103677,180691,84674,0
30502,4870,50699,35372,81201,55569,0
8131,17309,57735,25440,65866,75044,0
18489,93895,40218,112384,58707,134113,0
51643,98712,46796,150355,98439,145508,0
12573,55989,46764,68562,59337,102753,1
10530,58053,91411,68583,101941,149464,0
19809,97549,68587,117358,88396,166136,0
18434,59810,88158,78244,106592,147968,0
6277,24566,75218,30843,81495,99784,0
45650,23497,9505,69147,55155,33002,0
62567,70858,98121,133425,160688,168979,1
66275,12925,583,79200,66858,13508,0
5861,75197,62823,81058,68684,138020,0
13422,16910,94857,30332,108279,111767,0
4666,69974,86565,74640,91231,156539,0
1896,30037,96171,31933,98067,126208,0
58462,65027,12488,123489,70950,77515,1
22309,16088,70741,38397,93050,86829,0
48679,35919,45358,84598,94037,81277,1
67312,81963,54902,149275,122214,136865,1
74787,3640,62365,78427,137152,66005,0
71662,26888,3648,98550,75310,30536,0
45036,1061,99206,46097,144242,100267,0
10600,9237,97874,19837,108474,107111,0
25670,90683,71595,116353,97265,162278,1
85315,68409,1679,153724,86994,70088,0
15555,74902,6592,90457,22147,81494,0
14511,80381,67650,94892,82161,148031,1
7145,67165,5945,74310,13090,73110,0
77582,16268,54706,93850,132288,70974,0
69875,51301,49086,121176,118961,100387,1
1591,75034,33652,76625,35243,108686,0
34331,96412,2888,130743,37219,99300,0
75428,31403,99304,106831,174732,130707,1
39067,36933,66185,76000,105252,103118,1
51840,58779,61052,110619,112892,119831,1
98836,16143,37148,114979,135984,53291,0
92877,38433,64108,131310,156985,102541,1
20275,56547,87470,76822,107745,144017,0
63815,86983,57688,150798,121503,144671,1
96999,56106,23243,153105,120242,79349,0
52183,3743,83153,55926,135336,86896,0
49569,83626,59262,133195,108831,142888,1
17918,57821,72852,75739,90770,130673,1
40962,59453,38953,100415,79915,98406,1
63057,54598,59077,117655,122134,113675,1
73325,56651,65224,129976,138549,121875,1
79131,25891,60212,105022,139343,86103,1
46523,15814,33808,62337,80331,49622,1
13047,89972,42241,103019,55288,132213,0
52730,35419,3916,88149,56646,39335,0
14542,77218,55040,91760,69582,132258,0
74956,6032,81493,80988,156449,87525,0
64315,46008,77054,110323,141369,123062,1
12940,87066,7597,100006,20537,94663,0
13720,54554,97220,68274,110940,151774,0
33230,53446,19942,86676,53172,73388,0
52106,7752,30390,59858,82496,38142,0
64270,41038,57636,105308,121906,98674,1
83709,82546,35291,166255,119000,117837,1
36144,68874,36785,105018,72929,105659,1
59090,19307,89964,78397,149054,109271,0
5739,49537,40208,55276,45947,89745,0
39184,56735,9679,95919,48863,66414,0
14267,52428,98725,66695,112992,151153,0
3385,74455,67362,77840,70747,141817,0
24529,55301,61218,79830,85747,116519,1
33856,11954,84525,45810,118381,96479,0
63044,84610,93842,147654,156886,178452,1
61842,96304,77476,158146,139318,173780,1
44554,86674,89653,131228,134207,176327,1
80088,57801,62160,137889,142248,119961,1
35632,27373,36346,63005,71978,63719,1
94738,37046,76421,131784,171159,113467,1
55825,59559,24884,115384,80709,84443,1
40724,64076,69992,104800,110716,134068,1
48289,60345,93462,108634,141751,153807,1
1448,45576,19680,47024,21128,65256,0
82650,60720,81400,143370,164050,142120,1
36935,4136,96103,41071,133038,100239,0
14260,15856,94675,30116,108935,110531,0
9521,62234,39594,71755,49115,101828,0
23758,1671,64530,25429,88288,66201,0
97219,5146,86977,102365,184196,92123,0
4580,36233,64066,40813,68646,100299,0
51380,85769,74270,137149,125650,160039,1
87730,61273,82778,149003,170508,144051,1
10916,35540,83067,46456,93983,118607,0
76122,65738,2618,141860,78740,68356,0
86160,72485,55157,158645,141317,127642,1
40610,72997,3786,113607,44396,76783,0
29326,68143,20699,97469,50025,88842,0
92438,90714,22238,183152,114676,112952,1
35746,17701,92033,53447,127779,109734,0
35480,62830,35280,98310,70760,98110,1
93441,56315,38565,149756,132006,94880,1
52188,92828,52034,145016,104222,144862,1
70485,39060,8824,109545,79309,47884,0
12444,56897,50438,69341,62882,107335,1
94915,49259,350,144174,95265,49609,0
4197,24884,66335,29081,70532,91219,0
1997,6703,28607,8700,30604,35310,0
90472,81151,82823,171623,173295,163974,1
32648,44798,85650,77446,118298,130448,0
91547,84391,44256,175938,135803,128647,1
95878,45988,23563,141866,119441,69551,0
52212,19731,8016,71943,60228,27747,0
35802,95397,37081,131199,72883,132478,0
41697,32323,90480,74020,132177,122803,0
65091,77779,89681,142870,154772,167460,1
49450,45254,56685,94704,106135,101939,1
18965,89251,75676,108216,94641,164927,1
26552,67557,60727,94109,87279,128284,1
15110,93454,64675,108564,79785,158129,0
72182,52750,619,124932,72801,53369,0
95357,28843,80704,124200,176061,109547,1
73395,72975,17387,146370,90782,90362,1
11066,4424,71272,15490,82338,75696,0
81471,39343,14737,120814,96208,54080,0
8200,23938,75106,32138,83306,99044,0
78629,81961,23383,160590,102012,105344,1
58782,76976,77308,135758,136090,154284,1
51806,9947,95098,61753,146904,105045,0
64566,3908,14439,68474,79005,18347,0
38894,8243,12695,47137,51589,20938,0
76140,92657,30606,168797,106746,123263,1
24467,9737,90670,34204,115137,100407,0
95242,96567,496,191809,95738,97063,0
79021,65410,6985,144431,86006,72395,0
2637,7374,94957,10011,97594,102331,0
46146,16036,82819,62182,128965,98855,0
9182,28630,40403,37812,49585,69033,0
22223,45601,21376,67824,43599,66977,0
73236,92522,28209,165758,101445,120731,1
8443,59163,7285,67606,15728,66448,0
64605,13413,22959,78018,87564,36372,0
90421,16055,12010,106476,102431,28065,0
90787,14415,76785,105202,167572,91200,1
23840,43221,18028,67061,41868,61249,0
42657,92065,30370,134722,73027,122435,0
68694,44608,37389,113302,106083,81997,1
25107,15161,39257,40268,64364,54418,1
95758,74904,32887,170662,128645,107791,1
57680,2521,55703,60201,113383,58224,1
98585,66532,52504,165117,151089,119036,1
58922,49944,14192,108866,73114,64136,1
79146,70185,66285,149331,145431,136470,1
99089,96956,15978,196045,115067,112934,1
65468,78350,18703,143818,84171,97053,1
81406,30777,9604,112183,91010,40381,0
99858,78587,15342,178445,115200,93929,0
63362,27239,80266,90601,143628,107505,1
6345,5609,72331,11954,78676,77940,0
70935,45535,74564,116470,145499,120099,1
88616,1568,64378,90184,152994,65946,0
47230,78045,2396,125275,49626,80441,0
28607,77618,9620,106225,38227,87238,0
67042,24263,82679,91305,149721,106942,1
75088,33884,37501,108972,112589,71385,0
72132,81201,28000,153333,100132,109201,1
21195,3093,72827,24288,94022,75920,0
61292,13930,26257,75222,87549,40187,0
1380,30121,43345,31501,44725,73466,0
57797,406,84410,58203,142207,84816,0
97690,17952,32711,115642,130401,50663,0
21701,76260,81132,97961,102833,157392,1
3489,59228,58460,62717,61949,117688,1
46835,12035,3965,58870,50800,16000,0
50042,70492,11663,120534,61705,82155,0
30491,50985,35299,81476,65790,86284,1
7389,4842,61207,12231,68596,66049,0
81172,71387,23580,152559,104752,94967,1
78391,51953,51692,130344,130083,103645,1
7033,8552,50833,15585,57866,59385,0
21845,49541,61760,71386,83605,111301,1
22357,9918,39761,32275,62118,49679,0
78671,38731,68346,117402,147017,107077,1
55639,88752,55804,144391,111443,144556,1
5141,60099,31680,65240,36821,91779,0
75889,23615,18309,99504,94198,41924,0
99320,61932,79860,161252,179180,141792,1
41788,30678,97115,72466,138903,127793,0
16214,5673,49208,21887,65422,54881,0
59946,13950,21435,73896,81381,35385,0
84528,58966,7620,143494,92148,66586,0
25955,83522,4580,109477,30535,88102,0
49156,60925,24644,110081,73800,85569,1
92018,38013,36688,130031,128706,74701,0
94065,67000,24496,161065,118561,91496,0
90016,69255,65836,159271,155852,135091,1
46281,33354,74317,79635,120598,107671,1
89449,10058,22199,99507,111648,32257,0
28915,10597,87293,39512,116208,97890,0
99930,32967,28664,132897,128594,61631,0
21271,85549,68239,106820,89510,153788,1
91801,7874,5176,99675,96977,13050,0
56695,46810,65010,103505,121705,111820,1
57595,61404,3302,118999,60897,64706,0
2886,32930,40480,35816,43366,73410,0
22642,51509,68752,74151,91394,120261,1
1515,81990,62046,83505,63561,144036,0
99878,70697,38142,170575,138020,108839,1
43743,29989,92700,73732,136443,122689,0
35099,99056,63614,134155,98713,162670,0
68491,8907,34880,77398,103371,43787,0
22986,94472,101,117458,23087,94573,0
95860,72696,3205,168556,99065,75901,0
37293,53327,90113,90620,127406,143440,1
80851,12124,39309,92975,120160,51433,0
80961,987,36274,81948,117235,37261,0
4414,86333,32379,90747,36793,118712,0
30611,35691,58762,66302,89373,94453,1
9775,93276,1647,103051,11422,94923,0
84479,52755,28724,137234,113203,81479,0
59150,44955,83051,104105,142201,128006,1
94406,62493,24345,156899,118751,86838,0
81911,21502,26277,103413,108188,47779,0
28566,64645,68644,93211,97210,133289,1
71272,85760,73374,157032,144646,159134,1
89745,81189,87519,170934,177264,168708,1
39600,49467,68908,89067,108508,118375,1
21667,4578,70463,26245,92130,75041,0
52575,24366,72682,76941,125257,97048,1
78482,34322,91946,112804,170428,126268,1
75663,76362,51345,152025,127008,127707,1
12457,6935,69054,19392,81511,75989,0
52485,6846,64233,59331,116718,71079,0
78700,85546,20572,164246,99272,106118,1
54931,81272,80740,136203,135671,162012,1
38478,14410,7481,52888,45959,21891,0
20679,20703,29283,41382,49962,49986,1
76390,61867,44015,138257,120405,105882,1
51042,26224,47088,77266,98130,73312,1
88458,78390,17804,166848,106262,96194,1
67042,56579,52292,123621,119334,108871,1
90393,27609,13088,118002,103481,40697,0
75279,6436,43698,81715,118977,50134,0
84606,88261,8567,172867,93173,96828,1
91972,48342,59137,140314,151109,107479,1
80764,7536,34120,88300,114884,41656,0
18183,81914,44709,100097,62892,126623,0
67807,55740,60714,123547,128521,116454,1
20979,13335,50458,34314,71437,63793,0
6810,51557,20190,58367,27000,71747,0
54451,74326,76831,128777,131282,151157,1
85056,74768,68888,159824,153944,143656,1
88869,17975,75143,106844,164012,93118,1
89120,64141,61717,153261,150837,125858,1
61162,86361,5151,147523,66313,91512,0
89118,90613,6064,179731,95182,96677,1
26064,27346,82178,53410,108242,109524,0
99300,43541,34181,142841,133481,77722,0
88786,47247,41376,136033,130162,88623,0
85547,73416,426,158963,85973,73842,0
20737,66011,37711,86748,58448,103722,0
65881,64438,66701,130319,132582,131139,1
62576,59613,10572,122189,73148,70185,1
5797,33424,90518,39221,96315,123942,0
5398,99241,69329,104639,74727,168570,0
86485,35764,20503,122249,106988,56267,0
32241,32212,52529,64453,84770,84741,1
44029,6139,68359,50168,112388,74498,0
694,18540,85661,19234,86355,104201,0
38667,13183,47350,51850,86017,60533,1
83688,64426,33377,148114,117065,97803,1
35993,60149,82157,96142,118150,142306,1
37192,24600,71214,61792,108406,95814,0
51237,21845,44830,73082,96067,66675,1
6139,59423,65966,65562,72105,125389,0
71741,4666,62233,76407,133974,66899,0
79164,46101,16426,125265,95590,62527,0
29824,77476,21943,107300,51767,99419,0
28676,36337,99879,65013,128555,136216,0
49889,15999,94123,65888,144012,110122,0
5945,87263,72222,93208,78167,159485,0
30095,95141,467,125236,30562,95608,0
98063,19732,66669,117795,164732,86401,0
35759,95948,7277,131707,43036,103225,0
36981,9398,91273,46379,128254,100671,0
41434,30740,94480,72174,135914,125220,0
12228,62013,64299,74241,76527,126312,1
89037,41247,50727,130284,139764,91974,1
98118,44345,69427,142463,167545,113772,1
8719,52632,43097,61351,51816,95729,0
38272,57693,18840,95965,57112,76533,0
36191,83719,34653,119910,70844,118372,0
28704,64316,89070,93020,117774,153386,1
58802,48957,66766,107759,125568,115723,1
16626,79179,61705,95805,78331,140884,0
10328,18815,15658,29143,25986,34473,1
89516,56814,43863,146330,133379,100677,1
75111,63130,71685,138241,146796,134815,1
94160,57308,2632,151468,96792,59940,0
94586,92383,55419,186969,150005,147802,1
22587,42883,3213,65470,25800,46096,0
53200,55523,2352,108723,55552,57875,1
80653,21485,22198,102138,102851,43683,0
52237,81889,7692,134126,59929,89581,0
65991,10699,21020,76690,87011,31719,0
59538,11017,34956,70555,94494,45973,0
61551,4774,95591,66325,157142,100365,0
57691,84044,15703,141735,73394,99747,0
16123,87159,68030,103282,84153,155189,0
5593,92908,5258,98501,10851,98166,0
33777,70249,89943,104026,123720,160192,1
47003,2686,14679,49689,61682,17365,0
20806,3493,70343,24299,91149,73836,0
85804,98090,52859,183894,138663,150949,1
1530,63548,5045,65078,6575,68593,0
72038,16506,11935,88544,83973,28441,0
92104,55003,55041,147107,147145,110044,1
87281,6099,24856,93380,112137,30955,0
79891,66025,4510,145916,84401,70535,0
9506,91737,6073,101243,15579,97810,0
78877,87489,5262,166366,84139,92751,0
52710,83681,9355,136391,62065,93036,0
99820,89339,47066,189159,146886,136405,1
69609,37499,14011,107108,83620,51510,0
94727,37748,95571,132475,190298,133319,1
79655,29142,94877,108797,174532,124019,1
569,16573,54841,17142,55410,71414,0
31281,17375,88445,48656,119726,105820,0
50722,51326,35805,102048,86527,87131,1
23976,38682,82118,62658,106094,120800,0
13016,49645,61043,62661,74059,110688,1
34691,1879,15477,36570,50168,17356,0
80526,95552,43292,176078,123818,138844,1
74597,92687,86460,167284,161057,179147,1
60336,9420,48178,69756,108514,57598,0
54356,59001,77511,113357,131867,136512,1
44738,23932,78834,68670,123572,102766,0
70800,90777,11867,161577,82667,102644,0
90515,5767,90314,96282,180829,96081,1
63079,49475,93582,112554,156661,143057,1
65594,26094,2873,91688,68467,28967,0
79747,73301,54971,153048,134718,128272,1
3032,17509,43997,20541,47029,61506,0
20388,2759,31032,23147,51420,33791,0
8137,35027,55546,43164,63683,90573,0
81235,50953,47309,132188,128544,98262,1
48958,97670,56043,146628,105001,153713,1
25675,68702,78447,94377,104122,147149,1
36463,44244,68041,80707,104504,112285,1
23468,84354,2878,107822,26346,87232,0
87011,40738,57702,127749,144713,98440,1
22308,77398,49864,99706,72172,127262,0
23162,60065,99823,83227,122985,159888,0
6027,26186,18082,32213,24109,44268,0
90654,95086,74158,185740,164812,169244,1
52834,20359,51052,73193,103886,71411,1
16159,18704,70568,34863,86727,89272,0
18775,61707,65588,80482,84363,127295,1
69589,17711,78880,87300,148469,96591,1
67481,5915,9961,73396,77442,15876,0
94300,27271,57314,121571,151614,84585,0
52866,54476,86621,107342,139487,141097,1
9411,47696,1175,57107,10586,48871,0
73753,83113,95059,156866,168812,178172,1
54825,45988,99678,100813,154503,145666,1
19552,39385,30284,58937,49836,69669,1
55998,82236,49010,138234,105008,131246,1
74148,62886,87476,137034,161624,150362,1
22388,51430,72185,73818,94573,123615,1
21517,52124,20248,73641,41765,72372,0
31927,58452,23220,90379,55147,81672,0
56376,71072,63250,127448,119626,134322,1
54907,33586,31911,88493,86818,65497,1
49973,32099,27689,82072,77662,59788,1
25811,2060,96595,27871,122406,98655,0
64337,88862,78141,153199,142478,167003,1
91054,83347,96278,174401,187332,179625,1
59947,36219,4307,96166,64254,40526,0
8568,5917,26273,14485,34841,32190,0
76059,37371,20563,113430,96622,57934,0
66916,33097,64083,100013,130999,97180,1
34804,1023,12898,35827,47702,13921,0
29165,80115,95554,109280,124719,175669,1
55281,80249,47922,135530,103203,128171,1
23267,35199,15032,58466,38299,50231,1
31415,97156,84154,128571,115569,181310,1
73781,48267,12110,122048,85891,60377,0
13095,57316,81641,70411,94736,138957,0
52533,42297,56867,94830,109400,99164,1
32621,76608,16830,109229,49451,93438,0
66963,94495,43018,161458,109981,137513,1
49620,71255,55854,120875,105474,127109,1
37164,17242,55306,54406,92470,72548,0
78851,98846,64479,177697,143330,163325,1
64667,64220,86261,128887,150928,150481,1
3055,19707,89129,22762,92184,108836,0
21501,92997,21778,114498,43279,114775,0
26822,96086,81589,122908,108411,177675,1
23632,71331,95463,94963,119095,166794,0
88537,97709,84665,186246,173202,182374,1
8352,778,59856,9130,68208,60634,0
16428,43915,58439,60343,74867,102354,1
73296,69694,13866,142990,87162,83560,1
19282,500,16013,19782,35295,16513,0
99177,72086,7424,171263,106601,79510,0
90679,28639,15565,119318,106244,44204,0
36937,29031,32481,65968,69418,61512,1
99172,21701,15121,120873,114293,36822,0
65567,19441,30777,85008,96344,50218,0
7257,46603,74898,53860,82155,121501,0
65766,28266,22366,94032,88132,50632,0
31469,30214,12377,61683,43846,42591,1
89271,43319,46704,132590,135975,90023,1
78451,38820,96510,117271,174961,135330,1
6988,70898,53398,77886,60386,124296,0
43921,61622,13048,105543,56969,74670,0
84962,23091,87559,108053,172521,110650,1
52798,40617,46696,93415,99494,87313,1
38878,8878,85682,47756,124560,94560,0
96874,38463,87573,135337,184447,126036,1
95492,97879,76911,193371,172403,174790,1
34987,31459,76909,66446,111896,108368,0
70955,84507,24195,155462,95150,108702,1
45241,87116,26656,132357,71897,113772,0
87438,64532,8046,151970,95484,72578,0
38958,72665,33721,111623,72679,106386,1
96335,47924,3830,144259,100165,51754,0
49480,51412,47979,100892,97459,99391,1
93099,38426,82523,131525,175622,120949,1
19135,90797,79261,109932,98396,170058,1
23402,33293,83628,56695,107030,116921,0
57264,38037,69997,95301,127261,108034,1
71188,28139,74469,99327,145657,102608,1
29348,11179,34769,40527,64117,45948,1
15111,39775,67601,54886,82712,107376,0
82068,40931,59112,122999,141180,100043,1
73334,94777,12680,168111,86014,107457,0
41156,13676,19455,54832,60611,33131,0
25373,34941,37071,60314,62444,72012,1
24287,65945,19500,90232,43787,85445,0
63951,4393,26680,68344,90631,31073,0
3634,60153,76787,63787,80421,136940,0
4369,78460,10345,82829,14714,88805,0
86694,48945,72633,135639,159327,121578,1
76314,25246,34101,101560,110415,59347,0
53920,7000,26562,60920,80482,33562,0
46530,2240,51641,48770,98171,53881,0
32495,32235,60111,64730,92606,92346,1
89942,13390,50754,103332,140696,64144,0
49008,17640,95625,66648,144633,113265,0
55876,64547,3994,120423,59870,68541,0
40019,18468,27990,58487,68009,46458,1
72747,62090,17720,134837,90467,79810,1
29328,6936,11764,36264,41092,18700,0
93242,87188,62833,180430,156075,150021,1
34601,72890,48061,107491,82662,120951,1
79567,85158,30241,164725,109808,115399,1
9322,26040,24517,35362,33839,50557,1
77146,25859,81347,103005,158493,107206,1
93468,9552,96,103020,93564,9648,0
64987,6429,70623,71416,135610,77052,1
64929,48562,40972,113491,105901,89534,1
34933,27009,34879,61942,69812,61888,1
15734,21087,40061,36821,55795,61148,0
83996,47319,86866,131315,170862,134185,1
86324,67485,34725,153809,121049,102210,1
22705,23681,86880,46386,109585,110561,0
71172,98672,89822,169844,160994,188494,1
45897,20921,77771,66818,123668,98692,0
60387,28062,58390,88449,118777,86452,1
32432,19176,39185,51608,71617,58361,1
75696,18220,76419,93916,152115,94639,1
74456,67660,52774,142116,127230,120434,1
31681,61800,80183,93481,111864,141983,1
6917,42814,30728,49731,37645,73542,0
38557,55468,78577,94025,117134,134045,1
12772,44931,8060,57703,20832,52991,0
8761,88018,99967,96779,108728,187985,0
84575,28866,22093,113441,106668,50959,0
89470,7410,4395,96880,93865,11805,0
87448,50245,48918,137693,136366,99163,1
1191,21951,35076,23142,36267,57027,0
79015,28674,59158,107689,138173,87832,1
8371,85300,63137,93671,71508,148437,0
41024,2148,90644,43172,131668,92792,0
41523,49150,74869,90673,116392,124019,1
15728,46735,20369,62463,36097,67104,0
67350,77237,79747,144587,147097,156984,1
67443,19678,1264,87121,68707,20942,0
82088,83381,68607,165469,150695,151988,1
43457,73421,69543,116878,113000,142964,1
37904,19488,97057,57392,134961,116545,0
68526,38642,10252,107168,78778,48894,0
97148,98768,40515,195916,137663,139283,1
54187,14444,96855,68631,151042,111299,0
28657,40206,19167,68863,47824,59373,1
56731,26916,79428,83647,136159,106344,1
15654,28259,52428,43913,68082,80687,0
62762,17754,11198,80516,73960,28952,0
49038,64314,42167,113352,91205,106481,1
24100,57977,94587,82077,118687,152564,0
60002,57284,95495,117286,155497,152779,1
5858,74716,26949,80574,32807,101665,0
20553,54837,95063,75390,115616,149900,0
68493,500,12757,68993,81250,13257,0
43972,394,50206,44366,94178,50600,0
29396,34544,78884,63940,108280,113428,0
22048,23958,53382,46006,75430,77340,0
29807,71593,40989,101400,70796,112582,0
24542,62348,58255,86890,82797,120603,1
60083,36773,85324,96856,145407,122097,1
26001,33467,63689,59468,89690,97156,0
72735,58077,32986,130812,105721,91063,1
45487,76686,50380,122173,95867,127066,1
94207,47171,62892,141378,157099,110063,1
1531,461,80811,1992,82342,81272,0
20113,20794,17968,40907,38081,38762,1
99359,30046,76902,129405,176261,106948,1
94746,78314,89108,173060,183854,167422,1
33388,52724,28819,86112,62207,81543,1
4605,27586,67974,32191,72579,95560,0
3018,15307,13243,18325,16261,28550,1
29584,91965,30922,121549,60506,122887,0
80914,1370,12248,82284,93162,13618,0
297,93349,66778,93646,67075,160127,0
45298,3309,55852,48607,101150,59161,0
77563,6917,97366,84480,174929,104283,0
222,60500,40359,60722,40581,100859,0
98249,66838,42368,165087,140617,109206,1
15866,23692,8968,39558,24834,32660,1
67797,37178,19678,104975,87475,56856,0
33385,84774,21079,118159,54464,105853,0
89277,85926,59928,175203,149205,145854,1
57056,80984,6537,138040,63593,87521,0
17647,48521,58000,66168,75647,106521,1
61381,83477,13589,144858,74970,97066,0
34688,24331,8258,59019,42946,32589,0
47904,17900,28231,65804,76135,46131,0
73050,42611,45479,115661,118529,88090,1
15180,38079,92891,53259,108071,130970,0
65430,10306,87264,75736,152694,97570,0
90715,71123,95658,161838,186373,166781,1
65976,27350,66005,93326,131981,93355,1
50605,79042,7522,129647,58127,86564,0
2165,87964,44908,90129,47073,132872,0
96983,8442,62211,105425,159194,70653,0
86753,71601,3604,158354,90357,75205,0
19455,28527,19136,47982,38591,47663,1
31430,14571,28436,46001,59866,43007,1
5722,66984,35805,72706,41527,102789,0
5422,9575,1204,14997,6626,10779,0
72251,62227,63932,134478,136183,126159,1
12957,94129,84515,107086,97472,178644,1
14626,97403,91500,112029,106126,188903,1
50913,49885,93013,100798,143926,142898,1
40377,48662,28971,89039,69348,77633,1
44612,33009,28448,77621,73060,61457,1
90824,84742,29387,175566,120211,114129,1
55193,38004,37269,93197,92462,75273,1
70979,77942,60267,148921,131246,138209,1
73012,36124,66796,109136,139808,102920,1
56474,27033,61415,83507,117889,88448,1
54152,76385,20351,130537,74503,96736,0
35303,51495,15860,86798,51163,67355,0
94165,15722,30828,109887,124993,46550,0
56745,8671,43176,65416,99921,51847,0
22764,57941,99008,80705,121772,156949,0
65273,53745,82334,119018,147607,136079,1
2098,2462,30362,4560,32460,32824,0
85411,75890,11116,161301,96527,87006,1
23810,56014,24955,79824,48765,80969,0
86800,17709,47230,104509,134030,64939,0
921,8356,43589,9277,44510,51945,0
86780,72268,27528,159048,114308,99796,1
38084,45815,43149,83899,81233,88964,1
62504,11725,52722,74229,115226,64447,1
92955,55410,20859,148365,113814,76269,0
20790,91691,60971,112481,81761,152662,0
3936,79173,21616,83109,25552,100789,0
71756,13593,90863,85349,162619,104456,0
95110,79370,8536,174480,103646,87906,0
47713,27438,67805,75151,115518,95243,1
2422,95343,30953,97765,33375,126296,0
51565,42410,15353,93975,66918,57763,1
20819,48388,10258,69207,31077,58646,0
94235,76880,8191,171115,102426,85071,0
67726,63152,69998,130878,137724,133150,1
86276,31535,57805,117811,144081,89340,1
92636,47467,64308,140103,156944,111775,1
73042,54451,99071,127493,172113,153522,1
13880,899,29984,14779,43864,30883,0
72451,19606,75980,92057,148431,95586,1
15544,81124,29361,96668,44905,110485,0
50446,12168,44621,62614,95067,56789,1
74712,27372,47350,102084,122062,74722,1
43080,29878,65377,72958,108457,95255,1
65084,79587,82684,144671,147768,162271,1
73413,11376,38819,84789,112232,50195,0
35475,82517,76732,117992,112207,159249,1
20888,18060,60966,38948,81854,79026,0
34458,61199,67133,95657,101591,128332,1
20025,16748,62876,36773,82901,79624,0
77537,31734,64521,109271,142058,96255,1
15909,20741,82041,36650,97950,102782,0
81996,43413,66433,125409,148429,109846,1
45801,75544,13633,121345,59434,89177,0
32000,2221,76007,34221,108007,78228,0
3046,48103,20467,51149,23513,68570,0
34862,43991,56430,78853,91292,100421,1
21598,31077,21633,52675,43231,52710,1
61955,45162,69605,107117,131560,114767,1
3383,6394,59094,9777,62477,65488,0
44645,72527,21107,117172,65752,93634,0
74143,95254,33377,169397,107520,128631,1
93264,20791,75240,114055,168504,96031,1
16574,2438,19869,19012,36443,22307,0
6800,90006,39282,96806,46082,129288,0
65831,48498,19704,114329,85535,68202,1
63698,29855,85700,93553,149398,115555,1
4208,26262,88364,30470,92572,114626,0
377,31188,28834,31565,29211,60022,0
98579,56887,57536,155466,156115,114423,1
95845,27371,4943,123216,100788,32314,0
96924,99191,19573,196115,116497,118764,1
95159,44910,45342,140069,140501,90252,0
75689,44954,63724,120643,139413,108678,1
74912,51935,53993,126847,128905,105928,1
45570,48847,88413,94417,133983,137260,1
12705,78717,66232,91422,78937,144949,1
42434,87059,32838,129493,75272,119897,0
69094,84400,98090,153494,167184,182490,1
39710,78529,64460,118239,104170,142989,1
57868,5138,43659,63006,101527,48797,0
83397,68295,71034,151692,154431,139329,1
33968,6820,83949,40788,117917,90769,0
65544,51564,77077,117108,142621,128641,1
62461,1105,87885,63566,150346,88990,0
9290,5370,46855,14660,56145,52225,0
51805,34401,59255,86206,111060,93656,1
74097,14612,54858,88709,128955,69470,0
47412,8129,28584,55541,75996,36713,0
95519,75335,50637,170854,146156,125972,1
38130,32717,35638,70847,73768,68355,1
57786,89298,38909,147084,96695,128207,1
89217,68655,71592,157872,160809,140247,1
75720,17467,33400,93187,109120,50867,0
89414,66198,48149,155612,137563,114347,1
67594,27672,93355,95266,160949,121027,1
3018,62418,17264,65436,20282,79682,0
67713,27469,12381,95182,80094,39850,0
59540,51273,31185,110813,90725,82458,1
51570,48309,95361,99879,146931,143670,1
73310,80112,94614,153422,167924,174726,1
6002,38969,38645,44971,44647,77614,1
2203,13889,49806,16092,52009,63695,0
74412,48093,90478,122505,164890,138571,1
78543,41690,72518,120233,151061,114208,1
15828,29409,18261,45237,34089,47670,1
41850,776,9762,42626,51612,10538,0
85653,57907,50145,143560,135798,108052,1
71492,64334,82416,135826,153908,146750,1
51007,18994,91308,70001,142315,110302,0
27366,20330,67771,47696,95137,88101,0
10831,11751,69346,22582,80177,81097,0
71638,89787,97548,161425,169186,187335,1
36220,56820,12230,93040,48450,69050,0
81651,86026,62988,167677,144639,149014,1
84472,91700,14831,176172,99303,106531,1
20252,23617,83973,43869,104225,107590,0
7729,41247,84840,48976,92569,126087,0
81514,81559,32639,163073,114153,114198,1
74993,39724,10774,114717,85767,50498,0
17726,40492,43487,58218,61213,83979,1
3832,97243,47797,101075,51629,145040,0
47513,76748,96410,124261,143923,173158,1
17735,24074,58810,41809,76545,82884,0
21134,27133,81332,48267,102466,108465,0
25177,53399,77837,78576,103014,131236,1
5362,93108,44361,98470,49723,137469,0
59146,27638,49423,86784,108569,77061,1
92938,7091,77792,100029,170730,84883,0
66307,96042,94653,162349,160960,190695,1
24425,34070,6754,58495,31179,40824,0
90819,14761,59352,105580,150171,74113,0
41615,78328,55709,119943,97324,134037,1
54253,6770,40526,61023,94779,47296,0
8724,21657,69626,30381,78350,91283,0
31004,10801,7868,41805,38872,18669,0
92469,53852,30820,146321,123289,84672,0
2140,70004,55460,72144,57600,125464,0
28044,17101,74885,45145,102929,91986,0
4416,76755,19012,81171,23428,95767,0
61038,57582,4048,118620,65086,61630,1
43028,45336,40521,88364,83549,85857,1
40197,53173,78613,93370,118810,131786,1
25378,34142,51216,59520,76594,85358,1
51835,96017,47842,147852,99677,143859,1
84580,78026,849,162606,85429,78875,0
3552,47251,85136,50803,88688,132387,0
54776,43633,79972,98409,134748,123605,1
7041,31944,94573,38985,101614,126517,0
49833,67829,4984,117662,54817,72813,0
50299,52827,97502,103126,147801,150329,1
9316,57588,55220,66904,64536,112808,1
96274,48010,92614,144284,188888,140624,1
22938,16409,19837,39347,42775,36246,1
29043,14618,87602,43661,116645,102220,0
90958,25413,80885,116371,171843,106298,1
39899,76817,8294,116716,48193,85111,0
79694,75954,21090,155648,100784,97044,1
22748,54284,66423,77032,89171,120707,1
1092,52402,39721,53494,40813,92123,0
3246,81141,43911,84387,47157,125052,0
26418,96220,28174,122638,54592,124394,0
76539,79966,19302,156505,95841,99268,1
77405,30074,32785,107479,110190,62859,0
45222,19472,22848,64694,68070,42320,0
42302,62252,29869,104554,72171,92121,1
40372,62542,80297,102914,120669,142839,1
41006,32849,25753,73855,66759,58602,1
18310,9864,60207,28174,78517,70071,0
17134,74491,20234,91625,37368,94725,0
21772,25867,40436,47639,62208,66303,1
68222,22950,89384,91172,157606,112334,1
71826,23872,13259,95698,85085,37131,0
33899,19835,14276,53734,48175,34111,1
94712,9128,5925,103840,100637,15053,0
89222,26188,45310,115410,134532,71498,0
62099,19963,86469,82062,148568,106432,0
81915,93034,24613,174949,106528,117647,1
96879,60409,86276,157288,183155,146685,1
99276,11685,77590,110961,176866,89275,0
49751,96528,11094,146279,60845,107622,0
27178,56372,27277,83550,54455,83649,0
6927,28486,83783,35413,90710,112269,0
27661,77419,27099,105080,54760,104518,0
53012,19480,4847,72492,57859,24327,0
24126,21507,66908,45633,91034,88415,0
92259,70576,78158,162835,170417,148734,1
96919,71753,4808,168672,101727,76561,0
90469,78915,9283,169384,99752,88198,0
42853,82288,8608,125141,51461,90896,0
57902,74922,37281,132824,95183,112203,1
13004,21654,33988,34658,46992,55642,1
24097,74828,58668,98925,82765,133496,1
15239,17553,41806,32792,57045,59359,0
65731,88097,54753,153828,120484,142850,1
24831,99632,97572,124463,122403,197204,1
22807,24894,99930,47701,122737,124824,0
21855,60449,14489,82304,36344,74938,0
32888,67072,98504,99960,131392,165576,1
6209,82890,50550,89099,56759,133440,0
64735,61424,31880,126159,96615,93304,1
39860,69468,82553,109328,122413,152021,1
93972,40817,3664,134789,97636,44481,0
99297,68594,25324,167891,124621,93918,0
80069,63259,22866,143328,102935,86125,1
14300,43423,98554,57723,112854,141977,0
61947,38709,38321,100656,100268,77030,1
64093,72960,9755,137053,73848,82715,1
52298,68812,25491,121110,77789,94303,1
89437,8968,33036,98405,122473,42004,0
31798,92703,43335,124501,75133,136038,0
72455,9573,8017,82028,80472,17590,0
31353,16987,77933,48340,109286,94920,0
45957,95730,7377,141687,53334,103107,0
2178,4368,82689,6546,84867,87057,0
89439,16015,70682,105454,160121,86697,0
53523,47301,99886,100824,153409,147187,1
71991,60535,40400,132526,112391,100935,1
49477,92101,89810,141578,139287,181911,1
19178,83040,35572,102218,54750,118612,0
51457,95991,85720,147448,137177,181711,1
2331,54212,44922,56543,47253,99134,0
41776,31693,46278,73469,88054,77971,1
40504,89688,99775,130192,140279,189463,1
72625,34596,59776,107221,132401,94372,1
9655,46152,70745,55807,80400,116897,0
75886,47215,94012,123101,169898,141227,1
7684,80052,83208,87736,90892,163260,1
86697,2277,70754,88974,157451,73031,0
63420,95939,20930,159359,84350,116869,0
19972,35205,19733,55177,39705,54938,1
30260,30168,29206,60428,59466,59374,1
98177,52341,852,150518,99029,53193,0
81299,69199,11091,150498,92390,80290,0
58387,69880,69226,128267,127613,139106,1
19338,31324,98583,50662,117921,129907,0
92111,63933,19811,156044,111922,83744,0
55957,69060,1413,125017,57370,70473,0
73884,3744,6950,77628,80834,10694,0
54568,22487,48230,77055,102798,70717,1
77146,74519,24024,151665,101170,98543,1
88016,8765,73063,96781,161079,81828,0
32663,33111,25075,65774,57738,58186,1
82319,52987,22766,135306,105085,75753,0
60358,44608,3089,104966,63447,47697,0
53805,46149,65436,99954,119241,111585,1
72083,30648,6311,102731,78394,36959,0
77787,11116,64369,88903,142156,75485,0
40056,18249,32242,58305,72298,50491,1
91544,83321,41860,174865,133404,125181,1
11785,72479,51793,84264,63578,124272,0
77588,6705,42924,84293,120512,49629,0
8460,22233,32228,30693,40688,54461,0
42863,92040,53817,134903,96680,145857,1
33627,35121,97284,68748,130911,132405,0
25095,26852,71254,51947,96349,98106,0
60948,19152,90375,80100,151323,109527,0
84812,48259,68644,133071,153456,116903,1
78599,62811,89704,141410,168303,152515,1
79808,67781,86706,147589,166514,154487,1
78840,64007,38159,142847,116999,102166,1
87096,7519,76159,94615,163255,83678,0
8519,99644,30856,108163,39375,130500,0
55599,1200,19775,56799,75374,20975,0
92154,93837,54052,185991,146206,147889,1
25196,88090,16382,113286,41578,104472,0
70877,52697,31074,123574,101951,83771,1
24341,54778,72437,79119,96778,127215,1
5151,49744,77659,54895,82810,127403,0
61783,49634,95971,111417,157754,145605,1
51633,13578,70126,65211,121759,83704,0
27918,61587,13208,89505,41126,74795,0
96549,19058,80695,115607,177244,99753,1
61981,35457,84805,97438,146786,120262,1
73756,21241,47222,94997,120978,68463,0
88168,96317,83463,184485,171631,179780,1
13976,39243,82136,53219,96112,121379,0
52983,94786,69288,147769,122271,164074,1
35207,98115,66218,133322,101425,164333,1
10985,1982,24125,12967,35110,26107,0
80604,70446,7380,151050,87984,77826,0
62280,49014,61460,111294,123740,110474,1
81465,90941,8915,172406,90380,99856,0
47101,4594,26432,51695,73533,31026,0
96941,97921,83276,194862,180217,181197,1
57179,48870,24137,106049,81316,73007,1
94749,91986,30124,186735,124873,122110,1
38524,56783,22403,95307,60927,79186,1
29344,87536,48390,116880,77734,135926,0
32424,15185,13429,47609,45853,28614,0
43606,36048,15740,79654,59346,51788,1
99777,25199,30292,124976,130069,55491,0
37166,97562,88812,134728,125978,186374,1
34075,23994,95757,58069,129832,119751,0
65089,22199,65115,87288,130204,87314,1
3587,84105,42104,87692,45691,126209,0
40294,57485,17036,97779,57330,74521,0
54276,18313,76633,72589,130909,94946,0
35871,832,75389,36703,111260,76221,0
28308,34702,11584,63010,39892,46286,1
28074,58743,98654,86817,126728,157397,0
98331,13027,45277,111358,143608,58304,0
28441,40420,44302,68861,72743,84722,1
19322,20997,34842,40319,54164,55839,1
64599,53572,16307,118171,80906,69879,1
31265,77383,91812,108648,123077,169195,1
19653,59550,75460,79203,95113,135010,1
69854,99422,5735,169276,75589,105157,0
15791,96592,78802,112383,94593,175394,0
51513,47713,42142,99226,93655,89855,1
2933,19701,22624,22634,25557,42325,1
85131,27156,23218,112287,108349,50374,0
93613,48767,64036,142380,157649,112803,1
26337,12791,79573,39128,105910,92364,0
35856,60181,62048,96037,97904,122229,1
2314,55848,5490,58162,7804,61338,0
30342,64921,36169,95263,66511,101090,1
93899,10424,98407,104323,192306,108831,1
6134,59507,51801,65641,57935,111308,0
15267,51422,92613,66689,107880,144035,0
94600,97049,53725,191649,148325,150774,1
54679,73632,63827,128311,118506,137459,1
30659,96020,46391,126679,77050,142411,0
67362,95693,70793,163055,138155,166486,1
67672,90663,78209,158335,145881,168872,1
62258,28407,34121,90665,96379,62528,1
10494,26047,92212,36541,102706,118259,0
53727,41194,3332,94921,57059,44526,0
66687,74927,12700,141614,79387,87627,1
3049,5581,82371,8630,85420,87952,0
81324,53857,88625,135181,169949,142482,1
9481,34595,85265,44076,94746,119860,0
52696,58781,75767,111477,128463,134548,1
14006,91061,95868,105067,109874,186929,1
96701,72891,31154,169592,127855,104045,1
7765,27448,95061,35213,102826,122509,0
69036,55924,31920,124960,100956,87844,1
19654,85169,94944,104823,114598,180113,1
95710,42347,67671,138057,163381,110018,1
36691,89879,39145,126570,75836,129024,0
40677,86087,71516,126764,112193,157603,1
82191,944,61828,83135,144019,62772,0
89523,33362,13605,122885,103128,46967,0
9351,41039,72276,50390,81627,113315,0
17383,67865,61308,85248,78691,129173,1
69335,89433,58133,158768,127468,147566,1
28455,93896,95769,122351,124224,189665,1
90468,25004,66531,115472,156999,91535,1
54282,39114,9831,93396,64113,48945,0
70777,61704,34370,132481,105147,96074,1
70872,88578,27806,159450,98678,116384,1
23151,59144,95023,82295,118174,154167,0
40943,99810,37595,140753,78538,137405,0
86050,64303,50060,150353,136110,114363,1
12356,44365,7452,56721,19808,51817,0
55180,13018,64158,68198,119338,77176,1
59985,39620,18489,99605,78474,58109,0
14377,98442,68703,112819,83080,167145,0
89278,88167,8402,177445,97680,96569,1
65414,33793,27023,99207,92437,60816,0
94241,88965,64721,183206,158962,153686,1
18273,2560,57910,20833,76183,60470,0
33075,68,72546,33143,105621,72614,0
10562,14018,8103,24580,18665,22121,1
1809,5637,34628,7446,36437,40265,0
55772,2191,71419,57963,127191,73610,0
92185,60510,44124,152695,136309,104634,1
13680,3967,27417,17647,41097,31384,0
67445,73959,50280,141404,117725,124239,1
20729,65690,83586,86419,104315,149276,1
93017,55219,71971,148236,164988,127190,1
92039,88801,3975,180840,96014,92776,1
47824,51101,51424,98925,99248,102525,1
7910,58948,1711,66858,9621,60659,0
14324,62044,38517,76368,52841,100561,0
21769,65285,4334,87054,26103,69619,0
20094,2355,39140,22449,59234,41495,0
14163,20659,26607,34822,40770,47266,1
44718,38692,73752,83410,118470,112444,1
97607,39509,14737,137116,112344,54246,0
36650,53658,5294,90308,41944,58952,0
4850,85184,92260,90034,97110,177444,0
46222,89474,68362,135696,114584,157836,1
71910,51375,69848,123285,141758,121223,1
38925,88595,70467,127520,109392,159062,1
18695,26040,53543,44735,72238,79583,0
82736,41045,81535,123781,164271,122580,1
55171,30903,90685,86074,145856,121588,0
40644,42371,43109,83015,83753,85480,1
88057,84315,51662,172372,139719,135977,1
87563,89091,10238,176654,97801,99329,1
96376,86322,1577,182698,97953,87899,0
35589,32118,80551,67707,116140,112669,0
11458,2177,89722,13635,101180,91899,0
21741,20891,96052,42632,117793,116943,0
33613,87287,13480,120900,47093,100767,0
97879,47266,29304,145145,127183,76570,0
86668,63096,55756,149764,142424,118852,1
39889,52476,68527,92365,108416,121003,1
30608,60413,6261,91021,36869,66674,0
43194,18884,413,62078,43607,19297,0
78364,39627,70457,117991,148821,110084,1
64910,62960,72154,127870,137064,135114,1
61587,82358,50566,143945,112153,132924,1
84995,30473,17055,115468,102050,47528,0
82914,65695,87370,148609,170284,153065,1
52132,80013,78775,132145,130907,158788,1
71111,31669,91190,102780,162301,122859,1
42969,41783,20785,84752,63754,62568,1
8622,85635,53687,94257,62309,139322,0
28299,44904,41484,73203,69783,86388,1
71361,84255,9037,155616,80398,93292,0
27131,12393,41184,39524,68315,53577,0
33236,99900,58031,133136,91267,157931,0
49911,49442,35808,99353,85719,85250,1
79205,70301,62058,149506,141263,132359,1
26710,78712,13403,105422,40113,92115,0
88433,67737,16876,156170,105309,84613,0
27267,11500,71847,38767,99114,83347,0
61030,93542,24421,154572,85451,117963,0
88485,47348,67775,135833,156260,115123,1
27789,43616,20014,71405,47803,63630,1
9662,27301,52574,36963,62236,79875,0
61455,70921,68481,132376,129936,139402,1
99742,4068,18135,103810,117877,22203,0
60995,16911,88394,77906,149389,105305,0
83932,46153,66668,130085,150600,112821,1
45293,54342,15443,99635,60736,69785,1
93585,45729,94901,139314,188486,140630,1
91594,5953,62416,97547,154010,68369,0
5454,58041,58056,63495,63510,116097,1
87473,48328,46916,135801,134389,95244,1
21718,16122,62133,37840,83851,78255,0
37526,25047,79598,62573,117124,104645,0
70631,99577,37754,170208,108385,137331,1
41024,8264,32151,49288,73175,40415,0
14226,6618,85406,20844,99632,92024,0
61699,14560,4223,76259,65922,18783,0
91316,33678,61642,124994,152958,95320,1
77466,26891,38005,104357,115471,64896,0
67704,90852,56264,158556,123968,147116,1
75094,21180,10467,96274,85561,31647,0
89226,20734,91812,109960,181038,112546,1
86726,6776,19006,93502,105732,25782,0
32179,88240,99249,120419,131428,187489,1
16153,50808,3012,66961,19165,53820,0
52320,46692,76941,99012,129261,123633,1
98395,71370,50432,169765,148827,121802,1
4927,55405,50275,60332,55202,105680,0
2336,33394,6244,35730,8580,39638,0
8090,24992,65065,33082,73155,90057,0
59363,12700,43648,72063,103011,56348,0
27379,16871,53291,44250,80670,70162,0
46872,14424,27877,61296,74749,42301,0
24533,25907,18016,50440,42549,43923,1
96196,43450,81157,139646,177353,124607,1
26281,23272,31287,49553,57568,54559,1
44458,87261,70282,131719,114740,157543,1
68868,3732,75410,72600,144278,79142,0
56273,65232,98340,121505,154613,163572,1
69919,67563,97102,137482,167021,164665,1
14287,23854,26818,38141,41105,50672,1
77744,6310,17346,84054,95090,23656,0
21345,58794,71478,80139,92823,130272,1
22363,66980,11529,89343,33892,78509,0
13187,21914,46468,35101,59655,68382,0
42750,24026,84892,66776,127642,108918,0
89922,58852,19215,148774,109137,78067,0
44669,60479,8724,105148,53393,69203,0
48288,14032,59648,62320,107936,73680,1
67190,49328,70958,116518,138148,120286,1
8001,4546,19145,12547,27146,23691,0
37522,34321,21482,71843,59004,55803,1
87860,7165,17266,95025,105126,24431,0
16854,61447,35868,78301,52722,97315,0
53409,68574,76395,121983,129804,144969,1
34925,53350,7433,88275,42358,60783,0
91290,3843,63503,95133,154793,67346,0
24571,76236,2604,100807,27175,78840,0
68014,23535,12127,91549,80141,35662,0
39512,94246,70801,133758,110313,165047,1
11317,22430,22747,33747,34064,45177,1
97984,32215,9696,130199,107680,41911,0
89406,6433,33073,95839,122479,39506,0
96593,89491,953,186084,97546,90444,0
46935,7642,61060,54577,107995,68702,0
11738,18998,67872,30736,79610,86870,0
832,15083,28118,15915,28950,43201,0
43085,67233,70306,110318,113391,137539,1
22716,60625,49943,83341,72659,110568,1
78581,57516,88992,136097,167573,146508,1
77101,42052,92238,119153,169339,134290,1
14356,70828,74381,85184,88737,145209,1
18812,5489,18706,24301,37518,24195,1
2975,4085,10839,7060,13814,14924,0
64930,82628,48641,147558,113571,131269,1
47434,44453,84548,91887,131982,129001,1
9267,69240,24664,78507,33931,93904,0
77763,32642,32029,110405,109792,64671,0
67520,60638,44763,128158,112283,105401,1
36805,62089,49165,98894,85970,111254,1
73605,82210,35203,155815,108808,117413,1
77942,19908,41807,97850,119749,61715,0
49997,16158,93689,66155,143686,109847,0
11103,43830,88286,54933,99389,132116,0
30075,26306,95654,56381,125729,121960,0
4122,16676,37494,20798,41616,54170,0
56068,10480,54942,66548,111010,65422,1
53767,52893,88063,106660,141830,140956,1
40429,34871,63545,75300,103974,98416,1
30160,41427,27472,71587,57632,68899,1
46908,4485,94225,51393,141133,98710,0
66031,50498,67091,116529,133122,117589,1
79974,67903,29075,147877,109049,96978,1
29264,54505,13362,83769,42626,67867,0
43628,6779,95690,50407,139318,102469,0
66465,23670,75355,90135,141820,99025,1
87064,42751,31429,129815,118493,74180,0
76268,58688,47313,134956,123581,106001,1
82984,24863,58672,107847,141656,83535,1
56006,80423,96640,136429,152646,177063,1
48465,11357,2699,59822,51164,14056,0
17882,57660,70323,75542,88205,127983,1
95159,17839,74316,112998,169475,92155,0
16120,30318,76383,46438,92503,106701,0
19285,53278,26947,72563,46232,80225,0
33599,10393,36292,43992,69891,46685,1
73776,30424,95963,104200,169739,126387,1
38291,32337,15991,70628,54282,48328,1
1955,58542,40380,60497,42335,98922,0
36199,87001,97715,123200,133914,184716,1
48418,17814,19181,66232,67599,36995,0
34683,97610,99895,132293,134578,197505,1
29820,41934,47610,71754,77430,89544,1
81455,88785,98056,170240,179511,186841,1
73819,46850,45645,120669,119464,92495,1
24249,20997,82657,45246,106906,103654,0
97960,2440,19901,100400,117861,22341,0
53053,88901,94417,141954,147470,183318,1
45945,52011,33911,97956,79856,85922,1
11226,74790,48310,86016,59536,123100,0
15537,80282,69596,95819,85133,149878,1
58034,68680,84989,126714,143023,153669,1
41485,26981,79270,68466,120755,106251,0
8660,52251,26246,60911,34906,78497,0
33397,89956,60310,123353,93707,150266,1
28369,77646,88374,106015,116743,166020,1
31050,79391,43629,110441,74679,123020,0
26375,43142,1688,69517,28063,44830,0
49316,91936,6573,141252,55889,98509,0
5493,69896,10512,75389,16005,80408,0
7618,29924,79486,37542,87104,109410,0
83525,59439,37581,142964,121106,97020,1
50741,68767,65344,119508,116085,134111,1
15237,54386,98475,69623,113712,152861,0
82434,76843,6724,159277,89158,83567,1
89624,13984,50198,103608,139822,64182,0
72361,25728,1891,98089,74252,27619,0
88223,62962,6708,151185,94931,69670,0
52221,7285,52411,59506,104632,59696,1
98090,29387,23105,127477,121195,52492,0
49666,12332,88384,61998,138050,100716,0
88191,92040,54231,180231,142422,146271,1
2040,10964,88656,13004,90696,99620,0
293,46609,9617,46902,9910,56226,0
82650,281,80184,82931,162834,80465,0
6760,62424,22185,69184,28945,84609,0
20752,34751,58733,55503,79485,93484,0
17652,38525,52980,56177,70632,91505,1
55031,78944,8897,133975,63928,87841,0
85940,82355,9237,168295,95177,91592,1
31557,26495,87424,58052,118981,113919,0
82555,96009,82577,178564,165132,178586,1
41410,55636,32623,97046,74033,88259,1
47474,21330,965,68804,48439,22295,0
86958,65625,94236,152583,181194,159861,1
269,78928,3607,79197,3876,82535,0
9183,79501,58127,88684,67310,137628,0
56338,11970,94434,68308,150772,106404,0
81201,41516,53374,122717,134575,94890,1
72869,89956,1804,162825,74673,91760,0
51136,94839,28646,145975,79782,123485,0
38750,9350,32309,48100,71059,41659,1
62079,33523,19732,95602,81811,53255,0
61314,71931,63410,133245,124724,135341,1
90293,96764,53437,187057,143730,150201,1
96872,10360,173,107232,97045,10533,0
91705,4381,22284,96086,113989,26665,0
62431,9462,65740,71893,128171,75202,1
72523,54614,24351,127137,96874,78965,1
34703,72416,32391,107119,67094,104807,0
43956,470,31804,44426,75760,32274,0
55521,73540,28954,129061,84475,102494,1
75404,93099,75737,168503,151141,168836,1
91384,94933,97131,186317,188515,192064,1
71070,76952,91031,148022,162101,167983,1
29387,70668,31067,100055,60454,101735,0
13714,6193,72481,19907,86195,78674,0
6161,74340,38056,80501,44217,112396,0
10958,17741,54040,28699,64998,71781,0
90358,44778,49436,135136,139794,94214,1
36279,1237,67369,37516,103648,68606,0
56586,4296,27876,60882,84462,32172,0
25162,80331,6523,105493,31685,86854,0
12396,94268,42896,106664,55292,137164,0
70505,69656,86553,140161,157058,156209,1
66716,68506,40867,135222,107583,109373,1
74371,42325,16550,116696,90921,58875,0
42337,46916,6397,89253,48734,53313,1
78175,11621,34510,89796,112685,46131,0
98883,50536,23079,149419,121962,73615,0
58194,35994,47156,94188,105350,83150,1
55606,44592,70534,100198,126140,115126,1
54123,82761,52133,136884,106256,134894,1
46298,66903,93362,113201,139660,160265,1
5244,26126,6941,31370,12185,33067,0
32296,41512,30497,73808,62793,72009,1
16699,89419,18037,106118,34736,107456,0
50554,1200,80474,51754,131028,81674,0
73268,51235,65445,124503,138713,116680,1
45269,63847,86702,109116,131971,150549,1
7492,87076,89502,94568,96994,176578,1
54764,15655,35723,70419,90487,51378,0
51373,87603,75060,138976,126433,162663,1
83738,62679,65600,146417,149338,128279,1
35847,69761,8951,105608,44798,78712,0
60411,29006,61730,89417,122141,90736,1
24609,43136,56597,67745,81206,99733,1
11627,72462,30717,84089,42344,103179,0
84688,94752,34754,179440,119442,129506,1
89927,17988,60371,107915,150298,78359,0
7667,29231,27997,36898,35664,57228,1
79305,78333,19936,157638,99241,98269,1
62714,12178,58058,74892,120772,70236,1
90480,29334,27691,119814,118171,57025,0
97445,52023,20020,149468,117465,72043,0
42395,18866,69646,61261,112041,88512,0
73185,22725,53810,95910,126995,76535,1
82453,20528,87465,102981,169918,107993,1
96290,2005,11657,98295,107947,13662,0
53964,6093,39439,60057,93403,45532,0
69263,84770,22880,154033,92143,107650,1
76594,40317,46063,116911,122657,86380,1
3303,58331,52280,61634,55583,110611,0
48916,5955,73198,54871,122114,79153,0
7858,77017,70383,84875,78241,147400,1
18974,94975,26859,113949,45833,121834,0
49897,79998,9803,129895,59700,89801,0
62420,42082,54815,104502,117235,96897,1
45127,38097,14288,83224,59415,52385,1
34013,54945,61985,88958,95998,116930,1
62830,82689,19134,145519,81964,101823,0
88336,68432,31907,156768,120243,100339,1
30640,97174,82343,127814,112983,179517,1
90663,17982,51813,108645,142476,69795,0
39523,64854,46404,104377,85927,111258,1
60045,18765,81964,78810,142009,100729,0
65848,82190,93828,148038,159676,176018,1
1034,1700,67513,2734,68547,69213,0
35297,41433,48851,76730,84148,90284,1
17453,58934,97723,76387,115176,156657,0
67353,93345,34459,160698,101812,127804,1
64332,1835,62722,66167,127054,64557,1
55799,31192,12711,86991,68510,43903,0
55582,40614,88444,96196,144026,129058,1
91962,94068,65317,186030,157279,159385,1
14721,40413,48832,55134,63553,89245,1
53937,87648,79740,141585,133677,167388,1
5462,92820,54384,98282,59846,147204,0
11655,4821,36457,16476,48112,41278,0
83707,58305,89128,142012,172835,147433,1
98647,48176,95659,146823,194306,143835,1
22583,12323,49485,34906,72068,61808,0
8005,50178,86695,58183,94700,136873,0
37007,82634,24664,119641,61671,107298,0
72396,14173,33154,86569,105550,47327,0
48006,26896,96710,74902,144716,123606,0
66081,12935,46155,79016,112236,59090,0
87746,75780,75360,163526,163106,151140,1
22250,20639,63,42889,22313,20702,0
79199,97354,36143,176553,115342,133497,1
27487,34932,20616,62419,48103,55548,1
16391,73939,97560,90330,113951,171499,0
8697,92100,62726,100797,71423,154826,0
81320,82772,36027,164092,117347,118799,1
67782,91535,56340,159317,124122,147875,1
24999,28234,44911,53233,69910,73145,1
83253,47355,46380,130608,129633,93735,1
90134,6618,71798,96752,161932,78416,0
74717,60244,76490,134961,151207,136734,1
3493,38394,26076,41887,29569,64470,0
42594,4222,68016,46816,110610,72238,0
2772,37022,54373,39794,57145,91395,0
65837,25646,37115,91483,102952,62761,0
96931,13437,43865,110368,140796,57302,0
57265,87300,78623,144565,135888,165923,1
87672,56383,49626,144055,137298,106009,1
4813,85465,82374,90278,87187,167839,1
32631,11272,83651,43903,116282,94923,0
9840,60996,26661,70836,36501,87657,0
88199,56719,65618,144918,153817,122337,1
5475,35767,78658,41242,84133,114425,0
67704,79871,80895,147575,148599,160766,1
99634,38130,78060,137764,177694,116190,1
75045,23667,86899,98712,161944,110566,1
49272,72311,25833,121583,75105,98144,1
73303,70891,31426,144194,104729,102317,1
77803,94457,97464,172260,175267,191921,1
50795,57759,30770,108554,81565,88529,1
39529,31912,72612,71441,112141,104524,0
33683,70697,25860,104380,59543,96557,0
20558,7006,15900,27564,36458,22906,1
18721,99133,56552,117854,75273,155685,0
4498,59819,33207,64317,37705,93026,0
58872,69599,68316,128471,127188,137915,1
60969,52125,57687,113094,118656,109812,1
77246,78899,99039,156145,176285,177938,1
26450,94917,20383,121367,46833,115300,0
26622,40949,404,67571,27026,41353,0
12999,85000,72205,97999,85204,157205,1
18781,29031,53723,47812,72504,82754,0
68366,43269,41966,111635,110332,85235,1
89568,57888,38441,147456,128009,96329,1
65600,60659,54688,126259,120288,115347,1
33083,51390,58356,84473,91439,109746,1
90195,91051,3750,181246,93945,94801,1
5596,47599,54257,53195,59853,101856,0
45787,59172,11389,104959,57176,70561,0
30345,96026,81119,126371,111464,177145,1
22465,31820,62694,54285,85159,94514,0
92989,76862,81173,169851,174162,158035,1
83367,80351,99290,163718,182657,179641,1
16997,95198,90611,112195,107608,185809,1
20053,7554,88786,27607,108839,96340,0
43182,58798,87161,101980,130343,145959,1
98738,17066,95326,115804,194064,112392,1
92609,61116,50334,153725,142943,111450,1
89830,2525,4064,92355,93894,6589,0
71389,99816,1701,171205,73090,101517,0
98686,9314,58176,108000,156862,67490,0
43142,19429,11993,62571,55135,31422,0
86018,83554,65066,169572,151084,148620,1
57875,46010,28175,103885,86050,74185,1
37231,86956,44556,124187,81787,131512,0
72537,45322,64918,117859,137455,110240,1
7727,59805,46286,67532,54013,106091,0
451,29488,31652,29939,32103,61140,0
87567,51424,20604,138991,108171,72028,0
59384,35901,436,95285,59820,36337,0
85868,44966,24210,130834,110078,69176,0
2528,91346,59330,93874,61858,150676,0
51349,68710,26020,120059,77369,94730,1
71239,69584,44620,140823,115859,114204,1
89478,83344,14039,172822,103517,97383,1
63242,97483,18156,160725,81398,115639,0
99117,29738,15820,128855,114937,45558,0
29595,26859,61639,56454,91234,88498,0
27463,15905,61116,43368,88579,77021,0
24654,61355,88944,86009,113598,150299,0
3304,25190,84962,28494,88266,110152,0
67328,69728,65674,137056,133002,135402,1
15602,63933,30532,79535,46134,94465,0
35729,76293,59435,112022,95164,135728,1
42357,28261,63813,70618,106170,92074,1
67749,47216,82723,114965,150472,129939,1
75931,82171,25803,158102,101734,107974,1
79915,92213,46374,172128,126289,138587,1
43360,51434,92343,94794,135703,143777,1
63064,3717,50784,66781,113848,54501,0
54059,2779,78741,56838,132800,81520,0
69718,10538,76066,80256,145784,86604,1
70492,97019,8300,167511,78792,105319,0
27487,15383,7874,42870,35361,23257,0
88921,71770,34657,160691,123578,106427,1
69327,85130,85600,154457,154927,170730,1
28084,49328,17959,77412,46043,67287,0
82224,60232,6610,142456,88834,66842,0
91301,50936,15630,142237,106931,66566,0
78782,47796,73757,126578,152539,121553,1
69813,74276,79633,144089,149446,153909,1
78292,65468,3604,143760,81896,69072,0
77075,11066,28231,88141,105306,39297,0
90089,8165,20041,98254,110130,28206,0
37008,9601,64888,46609,101896,74489,0
90710,79558,55254,170268,145964,134812,1
93674,76099,55989,169773,149663,132088,1
12000,32756,4328,44756,16328,37084,0
72873,18351,77360,91224,150233,95711,1
39034,73149,59487,112183,98521,132636,1
64065,15379,25440,79444,89505,40819,0
8175,76073,19044,84248,27219,95117,0
57629,2518,851,60147,58480,3369,0
34424,20528,27880,54952,62304,48408,1
93356,27661,51450,121017,144806,79111,0
34977,77202,53802,112179,88779,131004,1
7690,8074,15129,15764,22819,23203,1
71403,20373,40970,91776,112373,61343,0
9202,64890,27821,74092,37023,92711,0
51883,96474,3864,148357,55747,100338,0
92302,77812,38561,170114,130863,116373,1
10391,92236,61585,102627,71976,153821,0
11420,18141,34337,29561,45757,52478,0
99177,85002,31970,184179,131147,116972,1
82328,88875,429,171203,82757,89304,0
79643,38892,97133,118535,176776,136025,1
57581,30472,95913,88053,153494,126385,0
60839,17313,70059,78152,130898,87372,1
41883,18714,33597,60597,75480,52311,1
96729,43216,18719,139945,115448,61935,0
10985,64282,79406,75267,90391,143688,0
83035,7653,8309,90688,91344,15962,0
45011,35206,56156,80217,101167,91362,1
92798,55459,8331,148257,101129,63790,0
19626,66769,18685,86395,38311,85454,0
42409,20075,28662,62484,71071,48737,1
38948,24613,49574,63561,88522,74187,1
19691,74114,73930,93805,93621,148044,1
64936,68726,79803,133662,144739,148529,1
60705,88205,14764,148910,75469,102969,0
61341,88676,78011,150017,139352,166687,1
8905,65478,23570,74383,32475,89048,0
19085,19574,19448,38659,38533,39022,1
44535,70463,66581,114998,111116,137044,1
13928,4561,21457,18489,35385,26018,0
12208,90694,89704,102902,101912,180398,1
48930,5963,43731,54893,92661,49694,1
40631,6490,34339,47121,74970,40829,1
74903,66285,36103,141188,111006,102388,1
81901,12309,16518,94210,98419,28827,0
353,75926,13328,76279,13681,89254,0
4621,4067,63136,8688,67757,67203,0
34265,4961,27346,39226,61611,32307,0
63846,93917,71042,157763,134888,164959,1
20986,37959,98746,58945,119732,136705,0
75318,63101,81852,138419,157170,144953,1
27402,46999,87589,74401,114991,134588,0
71878,8818,74067,80696,145945,82885,1
55019,69414,14005,124433,69024,83419,0
62960,43318,69807,106278,132767,113125,1
39650,4231,81062,43881,120712,85293,0
12087,58467,79687,70554,91774,138154,0
21193,38006,7401,59199,28594,45407,0
54973,34394,3686,89367,58659,38080,0
53871,37895,68773,91766,122644,106668,1
19683,94395,15835,114078,35518,110230,0
61186,2607,34060,63793,95246,36667,0
60010,90884,65999,150894,126009,156883,1
3057,28794,73921,31851,76978,102715,0
64712,81123,13830,145835,78542,94953,0
95255,14981,58277,110236,153532,73258,0
56178,82093,63052,138271,119230,145145,1
55719,43726,47762,99445,103481,91488,1
85891,23829,58672,109720,144563,82501,0
56343,43112,43240,99455,99583,86352,1
19704,55723,92841,75427,112545,148564,0
84341,38243,16795,122584,101136,55038,0
95770,4982,52599,100752,148369,57581,0
52405,98548,21507,150953,73912,120055,0
74827,38948,78444,113775,153271,117392,1
50479,73969,70854,124448,121333,144823,1
37601,91546,36707,129147,74308,128253,0
44014,92846,68244,136860,112258,161090,1
73862,11225,56620,85087,130482,67845,0
45371,98551,34505,143922,79876,133056,0
60885,72615,43147,133500,104032,115762,1
67278,58140,95733,125418,163011,153873,1
30195,91553,44004,121748,74199,135557,0
58366,3681,3162,62047,61528,6843,0
59045,8741,26992,67786,86037,35733,0
48289,10948,28826,59237,77115,39774,0
70258,84262,70258,154520,140516,154520,1
61907,69886,11935,131793,73842,81821,1
68724,43913,98922,112637,167646,142835,1
18929,92019,10333,110948,29262,102352,0
33039,19307,72828,52346,105867,92135,0
40315,78001,50730,118316,91045,128731,1
79955,3208,9089,83163,89044,12297,0
45427,54817,6938,100244,52365,61755,0
91138,63400,83476,154538,174614,146876,1
50577,76211,56126,126788,106703,132337,1
45293,12317,82908,57610,128201,95225,0
64541,83684,55668,148225,120209,139352,1
11973,81636,15174,93609,27147,96810,0
93711,35509,46260,129220,139971,81769,0
59217,69595,17076,128812,76293,86671,1
65133,78020,19998,143153,85131,98018,1
85197,47673,86604,132870,171801,134277,1
51770,23031,56322,74801,108092,79353,1
75889,2293,96518,78182,172407,98811,0
60326,38485,40558,98811,100884,79043,1
65320,31186,99916,96506,165236,131102,0
39914,13753,9348,53667,49262,23101,0
50097,23842,81340,73939,131437,105182,0
5168,96,13625,5264,18793,13721,0
21879,25019,54466,46898,76345,79485,0
22873,93653,8254,116526,31127,101907,0
17376,79189,60756,96565,78132,139945,0
30380,62237,71181,92617,101561,133418,1
70900,17680,23612,88580,94512,41292,0
944,13257,44931,14201,45875,58188,0
2874,26659,43996,29533,46870,70655,0
76886,31055,67946,107941,144832,99001,1
69728,89284,9591,159012,79319,98875,0
5881,34086,86313,39967,92194,120399,0
16929,14043,31548,30972,48477,45591,0
85508,63627,40946,149135,126454,104573,1
63430,22210,92463,85640,155893,114673,0
89456,60808,29500,150264,118956,90308,1
94474,46499,1858,140973,96332,48357,0
786,14895,70487,15681,71273,85382,0
80506,22268,63985,102774,144491,86253,1
46177,23117,86734,69294,132911,109851,0
69889,66808,39185,136697,109074,105993,1
94178,51098,15772,145276,109950,66870,0
91947,40004,63539,131951,155486,103543,1
123,58009,99797,58132,99920,157806,0
13036,46729,72560,59765,85596,119289,0
25844,58049,56291,83893,82135,114340,1
79494,32194,98703,111688,178197,130897,1
55237,85014,66097,140251,121334,151111,1
93792,24024,88292,117816,182084,112316,1
78429,3510,73885,81939,152314,77395,0
1304,21791,73060,23095,74364,94851,0
53821,46972,22489,100793,76310,69461,1
30923,48719,88784,79642,119707,137503,0
70744,65821,81304,136565,152048,147125,1
34402,25522,63004,59924,97406,88526,0
8669,85110,73266,93779,81935,158376,0
23779,72711,74029,96490,97808,146740,1
29621,48942,10555,78563,40176,59497,0
62867,10183,41099,73050,103966,51282,0
73240,34010,64796,107250,138036,98806,1
12321,55371,26863,67692,39184,82234,0
27410,88827,29281,116237,56691,118108,0
20761,11223,18288,31984,39049,29511,1
61208,27611,55608,88819,116816,83219,1
42467,60143,29830,102610,72297,89973,1
90456,97190,34142,187646,124598,131332,1
40361,96941,23245,137302,63606,120186,0
2012,74208,53707,76220,55719,127915,0
42430,65510,49395,107940,91825,114905,1
4429,41786,95591,46215,100020,137377,0
21269,19435,39517,40704,60786,58952,1
19298,18320,58035,37618,77333,76355,0
25254,86760,46740,112014,71994,133500,0
78945,28424,52902,107369,131847,81326,1
2816,43286,78613,46102,81429,121899,0
17629,70360,67595,87989,85224,137955,1
28248,17672,64226,45920,92474,81898,0
64898,85593,22548,150491,87446,108141,1
29818,65512,97112,95330,126930,162624,0
69736,78274,66604,148010,136340,144878,1
72269,92885,295,165154,72564,93180,0
35342,92493,44070,127835,79412,136563,0
64255,24000,77549,88255,141804,101549,1
76039,5194,52530,81233,128569,57724,0
72184,79079,92332,151263,164516,171411,1
95950,57418,83997,153368,179947,141415,1
23505,20113,7749,43618,31254,27862,1
20945,30230,47146,51175,68091,77376,1
70707,38533,67575,109240,138282,106108,1
6363,5958,47896,12321,54259,53854,0
39337,29217,63523,68554,102860,92740,1
7073,74926,72206,81999,79279,147132,1
33940,10319,24099,44259,58039,34418,1
12380,70043,56819,82423,69199,126862,0
52749,46791,47893,99540,100642,94684,1
75440,23260,88601,98700,164041,111861,1
97938,25575,20621,123513,118559,46196,0
35306,25128,64076,60434,99382,89204,0
80967,43269,56297,124236,137264,99566,1
72318,30771,10266,103089,82584,41037,0
53308,21649,45554,74957,98862,67203,1
77755,47302,2351,125057,80106,49653,0
50320,16650,42404,66970,92724,59054,1
61434,46627,60376,108061,121810,107003,1
46867,83070,32230,129937,79097,115300,0
24904,28144,50759,53048,75663,78903,1
63241,84637,87610,147878,150851,172247,1
85755,55227,44456,140982,130211,99683,1
54547,45363,34147,99910,88694,79510,1
19447,52850,42427,72297,61874,95277,1
49547,16959,64253,66506,113800,81212,1
44111,90204,57965,134315,102076,148169,1
93315,40485,88467,133800,181782,128952,1
54134,61195,16506,115329,70640,77701,1
82270,35792,91034,118062,173304,126826,1
11637,50417,30357,62054,41994,80774,0
49215,69058,18828,118273,68043,87886,0
95219,89085,79063,184304,174282,168148,1
34944,30565,73693,65509,108637,104258,0
1295,30044,34680,31339,35975,64724,0
10885,30013,77299,40898,88184,107312,0
69493,72309,24609,141802,94102,96918,1
58683,32840,97358,91523,156041,130198,0
13757,70937,71666,84694,85423,142603,1
42283,46899,16681,89182,58964,63580,1
62805,96980,87641,159785,150446,184621,1
24547,15090,55954,39637,80501,71044,0
66745,71973,14487,138718,81232,86460,1
75029,60749,83441,135778,158470,144190,1
13102,95166,49627,108268,62729,144793,0
4660,88909,82794,93569,87454,171703,0
34202,44820,58352,79022,92554,103172,1
89713,26841,6203,116554,95916,33044,0
42268,70710,26645,112978,68913,97355,0
59692,22437,47638,82129,107330,70075,1
62672,82636,20768,145308,83440,103404,1
74195,96084,67561,170279,141756,163645,1
4506,51567,75724,56073,80230,127291,0
94151,64551,74521,158702,168672,139072,1
42375,16388,41026,58763,83401,57414,1
18311,83289,46147,101600,64458,129436,0
95224,21154,63293,116378,158517,84447,0
48506,23252,39595,71758,88101,62847,1
22252,42120,5329,64372,27581,47449,0
67141,93980,92518,161121,159659,186498,1
97074,84983,83824,182057,180898,168807,1
93716,23634,10099,117350,103815,33733,0
83005,22364,39021,105369,122026,61385,0
55118,77456,29593,132574,84711,107049,1
81058,81354,10635,162412,91693,91989,1
92717,3197,11407,95914,104124,14604,0
247,22862,60439,23109,60686,83301,0
91781,46427,40576,138208,132357,87003,0
6416,55307,53437,61723,59853,108744,1
83249,58530,87143,141779,170392,145673,1
67763,77975,64550,145738,132313,142525,1
15344,22233,61297,37577,76641,83530,0
31175,27335,92825,58510,124000,120160,0
31722,66635,68933,98357,100655,135568,1
99917,42560,72360,142477,172277,114920,1
40328,45920,38023,86248,78351,83943,1
61684,5601,63174,67285,124858,68775,1
71601,79211,59769,150812,131370,138980,1
52086,64051,7877,116137,59963,71928,0
12094,64219,4813,76313,16907,69032,0
65160,45177,49300,110337,114460,94477,1
54990,74580,14026,129570,69016,88606,0
13550,88839,83285,102389,96835,172124,1
59762,9844,19574,69606,79336,29418,0
55962,91817,44561,147779,100523,136378,1
10586,38036,99530,48622,110116,137566,0
88357,75852,21775,164209,110132,97627,1
51727,74128,41868,125855,93595,115996,1
70123,14192,23097,84315,93220,37289,0
88042,61696,573,149738,88615,62269,0
2484,31511,5696,33995,8180,37207,0
20703,89774,61325,110477,82028,151099,0
14364,28905,10535,43269,24899,39440,0
55650,59233,53389,114883,109039,112622,1
48072,38263,65626,86335,113698,103889,1
64733,41640,79603,106373,144336,121243,1
68961,74366,80643,143327,149604,155009,1
91236,51814,12818,143050,104054,64632,0
68289,22913,33666,91202,101955,56579,0
57900,26445,75342,84345,133242,101787,1
57214,44180,29939,101394,87153,74119,1
91217,59638,44882,150855,136099,104520,1
39697,38486,56710,78183,96407,95196,1
33061,98705,71152,131766,104213,169857,1
52652,69514,68837,122166,121489,138351,1
54293,7707,66381,62000,120674,74088,0
91380,54846,19712,146226,111092,74558,0
9535,6091,61417,15626,70952,67508,0
71562,289,55766,71851,127328,56055,0
66423,86221,60143,152644,126566,146364,1
16457,62006,52518,78463,68975,114524,1
19102,90525,45262,109627,64364,135787,0
44074,41631,71339,85705,115413,112970,1
69283,26281,28119,95564,97402,54400,0
75140,26819,53309,101959,128449,80128,1
15665,75102,35285,90767,50950,110387,0
1834,96064,89613,97898,91447,185677,0
36694,39836,12790,76530,49484,52626,1
40794,46283,64004,87077,104798,110287,1
56688,31686,84147,88374,140835,115833,1
60248,40884,30422,101132,90670,71306,1
81629,34633,21487,116262,103116,56120,0
97170,47277,48078,144447,145248,95355,0
30084,91558,78685,121642,108769,170243,1
99089,50992,20749,150081,119838,71741,0
29044,63611,57733,92655,86777,121344,1
98588,60726,31952,159314,130540,92678,0
22854,31017,89435,53871,112289,120452,0
89673,33975,44930,123648,134603,78905,0
52020,80247,20059,132267,72079,100306,0
66719,40259,79260,106978,145979,119519,1
47630,8441,3654,56071,51284,12095,0
97019,80111,82297,177130,179316,162408,1
27354,3895,77102,31249,104456,80997,0
59657,52780,48805,112437,108462,101585,1
41111,4487,30411,45598,71522,34898,0
17073,14125,79713,31198,96786,93838,0
18961,70471,15736,89432,34697,86207,0
46891,8351,12174,55242,59065,20525,0
68583,54744,75869,123327,144452,130613,1
91144,70614,11588,161758,102732,82202,0
25820,48539,56255,74359,82075,104794,1
65228,22649,51763,87877,116991,74412,1
72764,57692,14336,130456,87100,72028,0
26676,17862,97979,44538,124655,115841,0
8740,48439,42328,57179,51068,90767,1
26999,26324,75002,53323,102001,101326,0
63061,39043,72145,102104,135206,111188,1
99035,45821,10240,144856,109275,56061,0
86291,79426,67814,165717,154105,147240,1
9791,38721,51247,48512,61038,89968,0
88578,21694,51412,110272,139990,73106,0
4204,27736,95495,31940,99699,123231,0
65138,5627,89560,70765,154698,95187,0
97966,31143,46825,129109,144791,77968,0
36476,9692,71265,46168,107741,80957,0
29849,3662,60592,33511,90441,64254,0
42587,97204,43347,139791,85934,140551,0
11699,36641,74638,48340,86337,111279,0
34943,11016,98258,45959,133201,109274,0
32659,30162,92180,62821,124839,122342,0
34368,15238,52179,49606,86547,67417,0
23718,96558,52127,120276,75845,148685,0
78146,10341,38636,88487,116782,48977,0
38013,14954,27705,52967,65718,42659,1
64346,2029,29673,66375,94019,31702,0
658,45621,76006,46279,76664,121627,0
33007,13526,88897,46533,121904,102423,0
85015,81410,42189,166425,127204,123599,1
37784,6609,76915,44393,114699,83524,0
1694,94652,64021,96346,65715,158673,0
66136,22577,44966,88713,111102,67543,1
96851,69777,88193,166628,185044,157970,1
27002,5397,9676,32399,36678,15073,0
20341,65489,89463,85830,109804,154952,0
24600,82852,98437,107452,123037,181289,1
13117,80925,23538,94042,36655,104463,0
71667,7929,78179,79596,149846,86108,1
41004,6255,48687,47259,89691,54942,0
63814,29908,59532,93722,123346,89440,1
41991,57687,41552,99678,83543,99239,1
94953,86544,18027,181497,112980,104571,1
74200,78826,69202,153026,143402,148028,1
51485,45188,37432,96673,88917,82620,1
80699,91602,56784,172301,137483,148386,1
81276,16417,1697,97693,82973,18114,0
80181,41351,31700,121532,111881,73051,0
79899,29828,47060,109727,126959,76888,0
24903,72401,8062,97304,32965,80463,0
86955,92903,65180,179858,152135,158083,1
61175,88861,11244,150036,72419,100105,0
93493,28709,24965,122202,118458,53674,0
81507,59699,12040,141206,93547,71739,0
15175,48716,71320,63891,86495,120036,0
60905,12555,9010,73460,69915,21565,0
4424,59837,4637,64261,9061,64474,0
34176,87092,93142,121268,127318,180234,1
59523,79862,43251,139385,102774,123113,1
95495,77208,18959,172703,114454,96167,1
13819,84403,82343,98222,96162,166746,1
18669,1389,60873,20058,79542,62262,0
35856,92614,34921,128470,70777,127535,0
88182,20180,59789,108362,147971,79969,0
81736,29080,64243,110816,145979,93323,1
174,74603,67991,74777,68165,142594,0
78102,83745,20831,161847,98933,104576,1
61523,69953,5082,131476,66605,75035,0
55878,35220,65098,91098,120976,100318,1
18885,28458,50462,47343,69347,78920,0
65516,64149,78861,129665,144377,143010,1
93652,30614,81217,124266,174869,111831,1
47817,81522,36728,129339,84545,118250,1
25837,70803,33205,96640,59042,104008,0
38271,52975,58310,91246,96581,111285,1
87130,3782,98329,90912,185459,102111,0
93922,60604,53485,154526,147407,114089,1
51667,14902,24852,66569,76519,39754,0
57875,5176,66620,63051,124495,71796,0
59844,20299,41227,80143,101071,61526,1
58772,69785,51905,128557,110677,121690,1
75282,50026,24581,125308,99863,74607,0
43703,79512,37702,123215,81405,117214,1
41167,6743,62694,47910,103861,69437,0
24041,97483,63434,121524,87475,160917,0
86290,3992,90261,90282,176551,94253,1
21954,66237,89994,88191,111948,156231,0
98314,28582,43951,126896,142265,72533,0
91021,68887,35621,159908,126642,104508,1
31800,57257,50214,89057,82014,107471,1
16241,54292,57374,70533,73615,111666,1
89398,6270,89816,95668,179214,96086,1
18770,20242,21115,39012,39885,41357,1
12461,34331,87699,46792,100160,122030,0
13918,89992,29289,103910,43207,119281,0
99948,19313,91633,119261,191581,110946,1
82457,56198,63467,138655,145924,119665,1
35878,84923,56293,120801,92171,141216,1
41204,54105,46196,95309,87400,100301,1
80356,17656,15290,98012,95646,32946,0
31348,80950,25304,112298,56652,106254,0
41579,23166,8213,64745,49792,31379,0
89777,54724,58058,144501,147835,112782,1
39070,79940,1620,119010,40690,81560,0
40585,95051,80298,135636,120883,175349,1
97711,23140,55127,120851,152838,78267,0
72716,87422,55743,160138,128459,143165,1
50486,18695,38103,69181,88589,56798,1
32554,13125,69686,45679,102240,82811,0
59837,54124,22498,113961,82335,76622,1
92370,11489,81483,103859,173853,92972,1
10076,55956,21003,66032,31079,76959,0
37834,66772,58107,104606,95941,124879,1
77927,10681,94679,88608,172606,105360,0
48940,22943,82275,71883,131215,105218,0
70530,83162,4890,153692,75420,88052,0
46696,17311,952,64007,47648,18263,0
16286,59939,11241,76225,27527,71180,0
30000,56482,12729,86482,42729,69211,0
45663,19459,66743,65122,112406,86202,0
90349,46868,60525,137217,150874,107393,1
58381,97266,16919,155647,75300,114185,0
68628,22070,35211,90698,103839,57281,0
86575,81409,92686,167984,179261,174095,1
27977,9674,76139,37651,104116,85813,0
52534,80168,49352,132702,101886,129520,1
80453,81039,6967,161492,87420,88006,1
41134,92617,47383,133751,88517,140000,0
80272,50941,63277,131213,143549,114218,1
1485,83772,62663,85257,64148,146435,0
66930,15737,20741,82667,87671,36478,0
48553,35251,90229,83804,138782,125480,0
39089,87857,30930,126946,70019,118787,0
38449,37192,67627,75641,106076,104819,1
38574,78213,84104,116787,122678,162317,1
99524,89721,31677,189245,131201,121398,1
62007,28514,47977,90521,109984,76491,1
35235,45680,76015,80915,111250,121695,1
252,2350,25886,2602,26138,28236,0
86463,21622,67646,108085,154109,89268,1
27076,41169,83773,68245,110849,124942,0
24083,245,87716,24328,111799,87961,0
70239,94646,59146,164885,129385,153792,1
89698,39884,26854,129582,116552,66738,0
61676,21058,63325,82734,125001,84383,1
2887,60550,9681,63437,12568,70231,0
14062,42711,82229,56773,96291,124940,0
67796,29295,13658,97091,81454,42953,0
64052,99323,98636,163375,162688,197959,1
83436,37098,44523,120534,127959,81621,0
2540,73983,59583,76523,62123,133566,0
73737,15068,13546,88805,87283,28614,0
64251,3262,50191,67513,114442,53453,0
32132,73833,45202,105965,77334,119035,1
17099,54484,39596,71583,56695,94080,1
5249,47909,42655,53158,47904,90564,0
32841,37142,14105,69983,46946,51247,1
99800,69466,33998,169266,133798,103464,1
77292,95847,84509,173139,161801,180356,1
45770,43049,12230,88819,58000,55279,1
56729,94549,41854,151278,98583,136403,1
19731,3808,12337,23539,32068,16145,0
49571,15530,14673,65101,64244,30203,0
64241,687,30955,64928,95196,31642,0
82697,80983,24357,163680,107054,105340,1
713,18692,53309,19405,54022,72001,0
42500,27690,99954,70190,142454,127644,0
13486,63043,44505,76529,57991,107548,0
14034,44535,45106,58569,59140,89641,1
75433,47985,22479,123418,97912,70464,0
3298,84405,56567,87703,59865,140972,0
49592,16663,89810,66255,139402,106473,0
42925,28160,25195,71085,68120,53355,1
32835,71499,95110,104334,127945,166609,1
3353,14757,3612,18110,6965,18369,0
60895,79913,76150,140808,137045,156063,1
83839,26983,12644,110822,96483,39627,0
97735,94694,6452,192429,104187,101146,1
52299,6440,93130,58739,145429,99570,0
60371,95469,20040,155840,80411,115509,0
50197,97366,38270,147563,88467,135636,0
87886,43756,28271,131642,116157,72027,0
50637,22938,8138,73575,58775,31076,0
93026,524,76331,93550,169357,76855,0
41673,23654,82445,65327,124118,106099,0
51260,56888,81300,108148,132560,138188,1
99991,50435,28391,150426,128382,78826,0
17149,31393,10681,48542,27830,42074,0
67291,21431,14789,88722,82080,36220,0
79633,6617,88316,86250,167949,94933,0
68682,99409,61832,168091,130514,161241,1
70435,58842,4614,129277,75049,63456,0
89183,79982,14654,169165,103837,94636,1
66793,84566,12328,151359,79121,96894,0
86257,20414,2247,106671,88504,22661,0
3874,18770,4482,22644,8356,23252,0
23303,59310,46228,82613,69531,105538,1
32495,43440,82447,75935,114942,125887,0
45826,53932,85950,99758,131776,139882,1
27311,831,99351,28142,126662,100182,0
21945,77164,71184,99109,93129,148348,1
9851,6025,45345,15876,55196,51370,0
12284,4905,8999,17189,21283,13904,1
82046,82967,46889,165013,128935,129856,1
99141,55484,3874,154625,103015,59358,0
4111,76294,93764,80405,97875,170058,0
58406,81303,34864,139709,93270,116167,1
46727,9719,91155,56446,137882,100874,0
48844,71300,3556,120144,52400,74856,0
2710,88134,278,90844,2988,88412,0
96049,78822,52737,174871,148786,131559,1
44634,57497,16753,102131,61387,74250,1
90292,71178,19600,161470,109892,90778,1
20440,18794,37730,39234,58170,56524,1
7957,77339,32911,85296,40868,110250,0
90221,35794,26502,126015,116723,62296,0
56637,96527,43513,153164,100150,140040,1
55910,97571,74206,153481,130116,171777,1
15258,42577,84972,57835,100230,127549,0
11187,86443,26313,97630,37500,112756,0
33282,13258,60100,46540,93382,73358,0
73067,68747,48608,141814,121675,117355,1
76960,20162,94774,97122,171734,114936,1
18916,34739,85999,53655,104915,120738,0
68662,49652,92700,118314,161362,142352,1
28550,97812,73388,126362,101938,171200,1
42681,97859,72713,140540,115394,170572,1
79032,69781,52243,148813,131275,122024,1
88597,14117,83584,102714,172181,97701,1
53251,61425,8236,114676,61487,69661,1
23660,86531,3752,110191,27412,90283,0
11697,95248,31620,106945,43317,126868,0
40246,28222,54603,68468,94849,82825,1
419,68265,74661,68684,75080,142926,0
19076,82419,66233,101495,85309,148652,1
40128,66735,24740,106863,64868,91475,0
38860,67844,51076,106704,89936,118920,1
87916,34537,41908,122453,129824,76445,0
50365,11051,25252,61416,75617,36303,0
22683,42197,80006,64880,102689,122203,0
16902,74398,3392,91300,20294,77790,0
6044,63803,57838,69847,63882,121641,1
36305,48806,39713,85111,76018,88519,1
51315,45297,78610,96612,129925,123907,1
95671,91782,69990,187453,165661,161772,1
66802,18450,64238,85252,131040,82688,1
73611,259,25392,73870,99003,25651,0
31428,67861,55841,99289,87269,123702,1
47231,6630,53200,53861,100431,59830,1
2801,35489,24296,38290,27097,59785,0
79736,75772,62682,155508,142418,138454,1
26766,61861,27114,88627,53880,88975,0
35897,66430,15661,102327,51558,82091,0
69899,375,92689,70274,162588,93064,0
66772,63598,53217,130370,119989,116815,1
57828,90688,22434,148516,80262,113122,0
67722,20603,29735,88325,97457,50338,0
46773,87923,10002,134696,56775,97925,0
98406,44342,39077,142748,137483,83419,0
46617,9543,30991,56160,77608,40534,0
86712,83697,51756,170409,138468,135453,1
75119,30130,3267,105249,78386,33397,0
28844,24728,56610,53572,85454,81338,0
90307,81461,81997,171768,172304,163458,1
68528,91825,64544,160353,133072,156369,1
25408,74365,96516,99773,121924,170881,1
46964,90755,59800,137719,106764,150555,1
89059,1158,5370,90217,94429,6528,0
67488,31387,66680,98875,134168,98067,1
58603,2811,26155,61414,84758,28966,0
46702,79514,76967,126216,123669,156481,1
30426,41461,55017,71887,85443,96478,1
80451,41760,63631,122211,144082,105391,1
44998,243,39643,45241,84641,39886,0
36911,99580,73911,136491,110822,173491,1
32037,33271,13063,65308,45100,46334,1
63050,49419,70132,112469,133182,119551,1
77565,27351,76886,104916,154451,104237,1
75535,99527,16301,175062,91836,115828,0
64500,63450,91920,127950,156420,155370,1
33238,8221,17635,41459,50873,25856,0
30280,70967,19096,101247,49376,90063,0
56846,39944,29828,96790,86674,69772,1
29156,31447,18775,60603,47931,50222,1
38820,58458,58767,97278,97587,117225,1
4944,98617,50780,103561,55724,149397,0
27071,78274,94262,105345,121333,172536,1
14961,59109,83974,74070,98935,143083,0
70992,27314,54203,98306,125195,81517,1
90190,38501,48948,128691,139138,87449,0
24035,18331,90522,42366,114557,108853,0
35230,5197,27125,40427,62355,32322,0
63052,59035,17002,122087,80054,76037,1
75358,54523,77108,129881,152466,131631,1
41652,45616,73185,87268,114837,118801,1
58314,47423,9829,105737,68143,57252,0
52747,56249,35112,108996,87859,91361,1
59712,1780,64371,61492,124083,66151,0
2225,65761,1248,67986,3473,67009,0
97466,66474,23201,163940,120667,89675,0
69881,46213,51870,116094,121751,98083,1
65225,69411,48904,134636,114129,118315,1
14210,44424,18980,58634,33190,63404,0
27140,73236,67536,100376,94676,140772,1
16881,25708,69279,42589,86160,94987,0
27880,29448,85655,57328,113535,115103,0
17201,15712,86513,32913,103714,102225,0
29743,17536,52012,47279,81755,69548,0
44328,63283,34991,107611,79319,98274,1
68994,95996,90667,164990,159661,186663,1
46082,60490,42310,106572,88392,102800,1
29531,53181,18117,82712,47648,71298,0
15802,92489,32941,108291,48743,125430,0
59014,46121,6316,105135,65330,52437,0
3419,26813,81667,30232,85086,108480,0
86485,56643,24857,143128,111342,81500,0
68949,83730,85967,152679,154916,169697,1
49316,16251,32245,65567,81561,48496,0
51169,81621,33196,132790,84365,114817,1
22908,81240,76383,104148,99291,157623,1
85753,181,15639,85934,101392,15820,0
149,92792,81326,92941,81475,174118,0
87258,38010,98226,125268,185484,136236,1
26688,23172,23702,49860,50390,46874,1
21824,33953,73981,55777,95805,107934,0
58560,83010,76000,141570,134560,159010,1
67493,89483,47571,156976,115064,137054,1
64058,61808,49862,125866,113920,111670,1
37783,4879,44155,42662,81938,49034,0
11545,17077,27692,28622,39237,44769,1
49686,20720,63001,70406,112687,83721,1
4825,86084,17324,90909,22149,103408,0
12081,65718,39072,77799,51153,104790,0
33618,90863,76754,124481,110372,167617,1
71059,2514,63558,73573,134617,66072,0
35704,70245,74724,105949,110428,144969,1
71479,79773,69828,151252,141307,149601,1
39198,25829,88884,65027,128082,114713,0
98290,36578,9392,134868,107682,45970,0
34626,27363,29966,61989,64592,57329,1
52453,68856,70160,121309,122613,139016,1
60989,60011,15249,121000,76238,75260,1
22180,53933,68991,76113,91171,122924,1
70104,5461,7907,75565,78011,13368,0
76133,83871,17333,160004,93466,101204,1
51531,34453,90935,85984,142466,125388,0
90871,44729,41237,135600,132108,85966,0
95981,64862,39420,160843,135401,104282,1
53790,74126,38623,127916,92413,112749,1
44678,39191,44010,83869,88688,83201,1
90812,87481,43835,178293,134647,131316,1
75687,95509,84801,171196,160488,180310,1
76623,88533,33524,165156,110147,122057,1
3459,39362,47366,42821,50825,86728,0
93606,80896,45119,174502,138725,126015,1
52107,10801,84466,62908,136573,95267,0
4878,90856,41717,95734,46595,132573,0
89630,41963,78337,131593,167967,120300,1
287,37370,69564,37657,69851,106934,0
57592,29789,23873,87381,81465,53662,0
92180,89577,31342,181757,123522,120919,1
63188,15103,62982,78291,126170,78085,1
9032,56170,50675,65202,59707,106845,1
62326,96159,2630,158485,64956,98789,0
94709,36661,83965,131370,178674,120626,1
38686,48552,19467,87238,58153,68019,1
43813,93451,78502,137264,122315,171953,1
77757,84519,82721,162276,160478,167240,1
5064,87837,27978,92901,33042,115815,0
95798,3231,26799,99029,122597,30030,0
11558,34905,30686,46463,42244,65591,1
73685,73138,70245,146823,143930,143383,1
48844,4696,91488,53540,140332,96184,0
19237,80365,51474,99602,70711,131839,0
65684,26882,51378,92566,117062,78260,1
68163,73923,7327,142086,75490,81250,1
86313,34226,90749,120539,177062,124975,1
48134,45959,26635,94093,74769,72594,1
83793,33150,92468,116943,176261,125618,1
758,7619,75581,8377,76339,83200,0
46747,27700,47867,74447,94614,75567,1
75604,14579,13390,90183,88994,27969,0
37093,20000,21410,57093,58503,41410,1
95119,89108,96970,184227,192089,186078,1
78356,55677,53856,134033,132212,109533,1
86619,86977,59327,173596,145946,146304,1
53411,17412,67823,70823,121234,85235,1
26040,26973,69759,53013,95799,96732,0
709,7646,41835,8355,42544,49481,0
75185,70512,15822,145697,91007,86334,1
91422,71798,77500,163220,168922,149298,1
25676,52280,36849,77956,62525,89129,1
30503,58112,99603,88615,130106,157715,0
80549,39548,12201,120097,92750,51749,0
24541,97394,88507,121935,113048,185901,1
36806,34455,81260,71261,118066,115715,0
29230,50162,48050,79392,77280,98212,1
48041,25220,25351,73261,73392,50571,1
32049,18286,53863,50335,85912,72149,0
17191,35020,49822,52211,67013,84842,1
53244,50880,9293,104124,62537,60173,1
13277,73066,47369,86343,60646,120435,0
23977,34651,19320,58628,43297,53971,1
29092,58534,27542,87626,56634,86076,0
36721,49032,49859,85753,86580,98891,1
98573,62881,21703,161454,120276,84584,0
53496,10749,82584,64245,136080,93333,0
7682,21419,4127,29101,11809,25546,0
60446,13631,12539,74077,72985,26170,0
42857,90424,11853,133281,54710,102277,0
59357,37023,28096,96380,87453,65119,1
36155,47468,19741,83623,55896,67209,1
1859,48966,76701,50825,78560,125667,0
23345,13389,58852,36734,82197,72241,0
32679,3449,26244,36128,58923,29693,0
48346,87869,7443,136215,55789,95312,0
78746,61979,8732,140725,87478,70711,0
41442,25505,23290,66947,64732,48795,1
10839,31506,51061,42345,61900,82567,0
23483,7235,4836,30718,28319,12071,0
33277,94646,45015,127923,78292,139661,0
17356,10838,13516,28194,30872,24354,1
37979,20459,40536,58438,78515,60995,1
63279,2645,55053,65924,118332,57698,0
2144,58382,40352,60526,42496,98734,0
9045,8132,34436,17177,43481,42568,0
5667,10167,96803,15834,102470,106970,0
37147,46984,51383,84131,88530,98367,1
55701,3527,50876,59228,106577,54403,0
28666,84103,67364,112769,96030,151467,1
84755,77975,36930,162730,121685,114905,1
10779,12010,33525,22789,44304,45535,0
65655,82101,81210,147756,146865,163311,1
20204,45999,95754,66203,115958,141753,0
1571,89171,65160,90742,66731,154331,0
69307,18300,14957,87607,84264,33257,0
86167,93226,66459,179393,152626,159685,1
11690,2611,22900,14301,34590,25511,0
62410,24055,47021,86465,109431,71076,1
95213,72865,42620,168078,137833,115485,1
6016,84680,70646,90696,76662,155326,0
4908,9155,73849,14063,78757,83004,0
83147,78551,61731,161698,144878,140282,1
93862,5772,11430,99634,105292,17202,0
44598,99156,21286,143754,65884,120442,0
61745,61071,20150,122816,81895,81221,1
84941,31925,72175,116866,157116,104100,1
59630,2827,12695,62457,72325,15522,0
35446,29342,88745,64788,124191,118087,0
67023,9322,26651,76345,93674,35973,0
91418,48380,25466,139798,116884,73846,0
24326,74488,48303,98814,72629,122791,0
95608,47785,48159,143393,143767,95944,1
70432,51696,3257,122128,73689,54953,0
71599,35315,18001,106914,89600,53316,0
16201,18989,82963,35190,99164,101952,0
38761,16167,72865,54928,111626,89032,0
87348,94456,4394,181804,91742,98850,0
14954,5688,20386,20642,35340,26074,1
48543,73900,71490,122443,120033,145390,1
29703,74211,86976,103914,116679,161187,1
27367,25050,91844,52417,119211,116894,0
79893,39068,1337,118961,81230,40405,0
84370,20313,78129,104683,162499,98442,1
20800,78849,4977,99649,25777,83826,0
6555,23412,32824,29967,39379,56236,0
24732,76210,73208,100942,97940,149418,1
6151,67330,64839,73481,70990,132169,1
44452,38660,25896,83112,70348,64556,1
64536,5383,44507,69919,109043,49890,0
49443,97593,65012,147036,114455,162605,1
73438,91147,45928,164585,119366,137075,1
41254,82521,55641,123775,96895,138162,1
5041,94786,4742,99827,9783,99528,0
6647,74601,12585,81248,19232,87186,0
87811,13004,89783,100815,177594,102787,1
48303,11350,70999,59653,119302,82349,0
6471,30426,78748,36897,85219,109174,0
34843,51549,5958,86392,40801,57507,0
21685,62243,85819,83928,107504,148062,0
98646,4661,87034,103307,185680,91695,0
66181,19897,73601,86078,139782,93498,1
5225,38006,47237,43231,52462,85243,0
54038,99740,57784,153778,111822,157524,1
43016,28219,30515,71235,73531,58734,1
73363,76235,10735,149598,84098,86970,1
80121,26250,63668,106371,143789,89918,1
44562,7472,1417,52034,45979,8889,0
74272,14174,82630,88446,156902,96804,1
22491,91033,11389,113524,33880,102422,0
89145,32278,73242,121423,162387,105520,1
65163,94111,73155,159274,138318,167266,1
20513,94693,93134,115206,113647,187827,1
94950,57182,1154,152132,96104,58336,0
7746,22474,73230,30220,80976,95704,0
60325,16871,69727,77196,130052,86598,1
14915,66115,64374,81030,79289,130489,1
63308,16581,44370,79889,107678,60951,0
64256,45177,17285,109433,81541,62462,0
3392,8574,6013,11966,9405,14587,1
2038,27631,42616,29669,44654,70247,0
44849,48868,87969,93717,132818,136837,1
5785,56451,281,62236,6066,56732,0
70977,82854,56343,153831,127320,139197,1
5035,65354,77120,70389,82155,142474,0
83142,55576,14382,138718,97524,69958,0
68043,94504,96920,162547,164963,191424,1
30121,716,24565,30837,54686,25281,0
17847,92210,7225,110057,25072,99435,0
48789,37960,23683,86749,72472,61643,1
33322,31300,66444,64622,99766,97744,0
47350,79692,81902,127042,129252,161594,1
13655,53965,12434,67620,26089,66399,0
12063,93944,55517,106007,67580,149461,0
96728,66237,89043,162965,185771,155280,1
33328,5598,32386,38926,65714,37984,1
14366,71781,46331,86147,60697,118112,0
88932,25621,56384,114553,145316,82005,0
30892,27854,87271,58746,118163,115125,0
25551,98623,16542,124174,42093,115165,0
79238,1684,56196,80922,135434,57880,0
96976,54147,29048,151123,126024,83195,0
30314,81672,16981,111986,47295,98653,0
17153,91027,39,108180,17192,91066,0
83394,17669,32488,101063,115882,50157,0
69743,51747,6490,121490,76233,58237,0
59446,26928,83423,86374,142869,110351,1
32134,66920,10970,99054,43104,77890,0
11661,90981,61662,102642,73323,152643,0
44871,45273,54826,90144,99697,100099,1
83807,58449,41047,142256,124854,99496,1
66269,93946,68417,160215,134686,162363,1
92102,8967,84597,101069,176699,93564,1
2946,6631,70493,9577,73439,77124,0
40385,15961,86621,56346,127006,102582,0
55381,64447,43315,119828,98696,107762,1
42998,44590,57308,87588,100306,101898,1
20470,26426,27715,46896,48185,54141,1
72032,69467,473,141499,72505,69940,0
24086,36122,69680,60208,93766,105802,0
95010,53865,68026,148875,163036,121891,1
51401,9913,39242,61314,90643,49155,0
29384,65707,54784,95091,84168,120491,1
10908,55218,91057,66126,101965,146275,0
61348,9468,21322,70816,82670,30790,0
6649,26316,27110,32965,33759,53426,1
71237,39999,78653,111236,149890,118652,1
84448,39144,21181,123592,105629,60325,0
56077,13504,23528,69581,79605,37032,0
77985,82180,56643,160165,134628,138823,1
93218,50973,11105,144191,104323,62078,0
31653,57227,56210,88880,87863,113437,1
7629,77093,83410,84722,91039,160503,1
11135,80261,19972,91396,31107,100233,0
97867,33974,87736,131841,185603,121710,1
60375,98108,26261,158483,86636,124369,0
68801,52659,55665,121460,124466,108324,1
83680,20605,95320,104285,179000,115925,1
91688,46386,13017,138074,104705,59403,0
85923,42703,99086,128626,185009,141789,1
74290,74333,18501,148623,92791,92834,1
84459,79525,58525,163984,142984,138050,1
28625,82254,5543,110879,34168,87797,0
82449,90608,71334,173057,153783,161942,1
66653,36588,38202,103241,104855,74790,1
14042,7130,93161,21172,107203,100291,0
67464,51846,50997,119310,118461,102843,1
83363,42245,15704,125608,99067,57949,0
39974,75792,680,115766,40654,76472,0
68017,45405,87398,113422,155415,132803,1
46633,88953,6396,135586,53029,95349,0
79547,79614,50207,159161,129754,129821,1
95174,99915,11200,195089,106374,111115,1
75702,78517,82947,154219,158649,161464,1
18487,45384,23644,63871,42131,69028,0
81135,14952,17694,96087,98829,32646,0
35322,38559,50210,73881,85532,88769,1
7196,28516,90581,35712,97777,119097,0
37157,66287,30876,103444,68033,97163,1
62843,65782,626,128625,63469,66408,0
58901,84650,28954,143551,87855,113604,1
3156,30087,97654,33243,100810,127741,0
99694,7198,77763,106892,177457,84961,0
17094,30739,31084,47833,48178,61823,1
37696,19585,15153,57281,52849,34738,0
95875,58694,6978,154569,102853,65672,0
55314,10231,43124,65545,98438,53355,0
26473,95232,10788,121705,37261,106020,0
52368,69376,7562,121744,59930,76938,0
79973,18885,12989,98858,92962,31874,0
90527,97958,84969,188485,175496,182927,1
91905,33869,68806,125774,160711,102675,1
18720,31107,26968,49827,45688,58075,1
18208,15086,52917,33294,71125,68003,0
4404,77458,69002,81862,73406,146460,0
23622,31870,526,55492,24148,32396,0
25074,53072,50252,78146,75326,103324,1
13955,85934,84039,99889,97994,169973,1
97391,92883,5843,190274,103234,98726,1
56428,4733,46357,61161,102785,51090,0
30911,38529,94806,69440,125717,133335,0
3119,18407,5488,21526,8607,23895,0
74346,45330,13504,119676,87850,58834,0
85626,70073,9661,155699,95287,79734,0
6916,62164,82417,69080,89333,144581,0
83931,28567,16675,112498,100606,45242,0
29817,46345,50576,76162,80393,96921,1
72341,95005,47739,167346,120080,142744,1
31263,26411,3031,57674,34294,29442,0
35416,60191,83403,95607,118819,143594,1
44985,50177,58493,95162,103478,108670,1
2321,6321,81607,8642,83928,87928,0
22074,33502,5437,55576,27511,38939,0
8825,61712,78857,70537,87682,140569,0
66292,75331,26043,141623,92335,101374,1
52075,63483,74019,115558,126094,137502,1
78795,8657,43506,87452,122301,52163,0
43038,65604,31953,108642,74991,97557,1
54533,84546,59891,139079,114424,144437,1
91791,12617,25560,104408,117351,38177,0
88908,93781,25698,182689,114606,119479,1
40023,12304,46194,52327,86217,58498,1
29678,22392,57648,52070,87326,80040,0
96328,34134,57210,130462,153538,91344,0
16193,19740,92647,35933,108840,112387,0
82910,85285,50936,168195,133846,136221,1
54161,94204,2717,148365,56878,96921,0
2568,46198,98946,48766,101514,145144,0
61088,32855,52845,93943,113933,85700,1
55633,44141,29906,99774,85539,74047,1
15623,13737,89710,29360,105333,103447,0
61942,68591,47402,130533,109344,115993,1
85640,3610,92097,89250,177737,95707,0
49940,33239,87196,83179,137136,120435,0
81702,81240,2748,162942,84450,83988,1
19969,87076,53549,107045,73518,140625,0
53414,69488,61173,122902,114587,130661,1
48677,13203,84526,61880,133203,97729,0
76745,60814,41329,137559,118074,102143,1
41650,85019,7421,126669,49071,92440,0
65025,76124,66970,141149,131995,143094,1
67072,99409,35280,166481,102352,134689,1
6803,94581,28744,101384,35547,123325,0
97713,46149,67376,143862,165089,113525,1
12059,31597,34404,43656,46463,66001,1
5558,93872,90242,99430,95800,184114,1
3386,41324,27019,44710,30405,68343,0
80354,91197,52699,171551,133053,143896,1
65784,55540,7028,121324,72812,62568,0
63246,59269,21106,122515,84352,80375,1
53431,90190,69644,143621,123075,159834,1
49782,74025,39787,123807,89569,113812,1
5668,26440,84439,32108,90107,110879,0
55846,94590,76909,150436,132755,171499,1
61099,1257,55301,62356,116400,56558,0
51920,86464,49084,138384,101004,135548,1
52105,90177,80531,142282,132636,170708,1
91567,37445,1072,129012,92639,38517,0
81349,21302,28961,102651,110310,50263,0
76869,94123,3900,170992,80769,98023,0
21315,40273,36302,61588,57617,76575,1
48892,91216,87493,140108,136385,178709,1
92324,78945,59850,171269,152174,138795,1
6946,18753,68967,25699,75913,87720,0
6208,9019,32973,15227,39181,41992,0
61832,35848,26800,97680,88632,62648,1
94371,8115,94992,102486,189363,103107,1
11540,12307,94293,23847,105833,106600,0
32761,81519,3200,114280,35961,84719,0
43891,98387,82600,142278,126491,180987,1
54641,4943,15532,59584,70173,20475,0
67438,34272,78245,101710,145683,112517,1
91189,25265,39904,116454,131093,65169,0
388,2308,58628,2696,59016,60936,0
68863,31372,74254,100235,143117,105626,1
21700,5877,83674,27577,105374,89551,0
32042,19447,8679,51489,40721,28126,0
53583,33414,52203,86997,105786,85617,1
84744,47249,74338,131993,159082,121587,1
98218,39604,74881,137822,173099,114485,1
18007,18760,9965,36767,27972,28725,1
79313,91650,60157,170963,139470,151807,1
23445,47052,7712,70497,31157,54764,0
5298,36743,95667,42041,100965,132410,0
47537,64759,16578,112296,64115,81337,0
99570,11704,32744,111274,132314,44448,0
34592,80850,94595,115442,129187,175445,1
96897,66680,33333,163577,130230,100013,1
28404,46573,62072,74977,90476,108645,1
48782,27137,61997,75919,110779,89134,1
86817,69106,94821,155923,181638,163927,1
37565,21628,63323,59193,100888,84951,0
95079,34506,46156,129585,141235,80662,0
80898,5298,98368,86196,179266,103666,0
81990,46492,735,128482,82725,47227,0
521,78503,39886,79024,40407,118389,0
85633,58555,38508,144188,124141,97063,1
85573,95334,77611,180907,163184,172945,1
17056,185,46878,17241,63934,47063,0
95066,34491,51499,129557,146565,85990,0
15735,67440,24705,83175,40440,92145,0
45797,23602,43027,69399,88824,66629,1
20436,20012,58231,40448,78667,78243,0
69140,88574,51078,157714,120218,139652,1
26932,59827,33268,86759,60200,93095,1
77690,83516,43879,161206,121569,127395,1
78053,81281,6111,159334,84164,87392,1
22615,30381,4458,52996,27073,34839,0
591,15121,56538,15712,57129,71659,0
30035,58080,66359,88115,96394,124439,1
30736,37729,44054,68465,74790,81783,1
32882,25354,47845,58236,80727,73199,1
3833,43934,989,47767,4822,44923,0
66547,72311,49105,138858,115652,121416,1
83074,59901,96643,142975,179717,156544,1
17175,94977,98707,112152,115882,193684,1
5798,59533,36104,65331,41902,95637,0
18952,12893,91759,31845,110711,104652,0
81181,55520,48516,136701,129697,104036,1
92510,94920,74884,187430,167394,169804,1
49653,63690,32317,113343,81970,96007,1
27562,56446,34582,84008,62144,91028,1
81750,89657,92499,171407,174249,182156,1
12683,3481,43359,16164,56042,46840,0
67246,31550,93639,98796,160885,125189,1
92298,61801,68369,154099,160667,130170,1
32126,48108,9381,80234,41507,57489,0
55927,43172,3533,99099,59460,46705,0
34569,15424,84255,49993,118824,99679,0
32212,22233,57751,54445,89963,79984,0
78710,81818,62122,160528,140832,143940,1
90073,20208,32202,110281,122275,52410,0
43907,80585,24256,124492,68163,104841,0
45567,8857,59405,54424,104972,68262,0
29702,47458,69911,77160,99613,117369,1
61995,83096,17790,145091,79785,100886,0
92354,21546,41437,113900,133791,62983,0
66952,21812,93205,88764,160157,115017,0
76260,59448,8574,135708,84834,68022,0
15495,60524,32342,76019,47837,92866,0
65751,83773,196,149524,65947,83969,0
19144,28032,18182,47176,37326,46214,1
86202,40121,95356,126323,181558,135477,1
48103,28814,92103,76917,140206,120917,0
52093,33776,60977,85869,113070,94753,1
90827,56473,75332,147300,166159,131805,1
98699,30224,239,128923,98938,30463,0
68270,58624,32694,126894,100964,91318,1
32851,60220,6017,93071,38868,66237,0
86620,45250,58824,131870,145444,104074,1
30220,60984,40750,91204,70970,101734,1
62467,5194,77129,67661,139596,82323,0
69676,27949,64097,97625,133773,92046,1
89607,8487,55276,98094,144883,63763,0
75675,45786,30915,121461,106590,76701,1
27472,45699,50700,73171,78172,96399,1
32391,94705,71310,127096,103701,166015,1
99503,59158,38544,158661,138047,97702,0
12819,15408,79601,28227,92420,95009,0
42623,45363,85041,87986,127664,130404,1
60511,13896,17545,74407,78056,31441,0
4026,20171,88352,24197,92378,108523,0
52769,37260,92145,90029,144914,129405,0
33028,20198,67725,53226,100753,87923,0
15395,97554,45828,112949,61223,143382,0
22521,88691,9839,111212,32360,98530,0
82571,84272,90375,166843,172946,174647,1
89944,14059,98555,104003,188499,112614,1
11818,15261,69715,27079,81533,84976,0
1034,37084,4943,38118,5977,42027,0
81306,4136,51507,85442,132813,55643,0
29117,4625,98449,33742,127566,103074,0
74680,49964,17920,124644,92600,67884,0
97009,57552,59148,154561,156157,116700,1
93088,78388,90578,171476,183666,168966,1
3382,39542,53600,42924,56982,93142,0
32114,66059,8950,98173,41064,75009,0
94796,97549,10432,192345,105228,107981,1
99302,30438,8892,129740,108194,39330,0
21822,98490,83984,120312,105806,182474,1
51048,93558,80811,144606,131859,174369,1
93774,71697,14087,165471,107861,85784,0
53747,36400,37199,90147,90946,73599,1
95584,48242,89527,143826,185111,137769,1
4474,98452,55768,102926,60242,154220,0
33256,59323,27752,92579,61008,87075,1
14155,82283,78702,96438,92857,160985,1
26055,65553,22085,91608,48140,87638,0
94531,22028,73658,116559,168189,95686,1
24141,26843,9099,50984,33240,35942,1
20719,49319,80366,70038,101085,129685,0
54823,18818,25801,73641,80624,44619,0
642,21347,48611,21989,49253,69958,0
63124,83001,92087,146125,155211,175088,1
97174,88673,46814,185847,143988,135487,1
4021,31531,84232,35552,88253,115763,0
64289,72249,81580,136538,145869,153829,1
72010,76196,66226,148206,138236,142422,1
129,20748,37080,20877,37209,57828,0
98230,3878,65496,102108,163726,69374,0
29376,27892,24486,57268,53862,52378,1
5602,75174,33028,80776,38630,108202,0
46982,48559,13756,95541,60738,62315,1
248,32704,41897,32952,42145,74601,0
64341,12911,46046,77252,110387,58957,0
33014,69710,84937,102724,117951,154647,1
41313,54263,65007,95576,106320,119270,1
40932,31492,45633,72424,86565,77125,1
23901,16090,20297,39991,44198,36387,1
35758,69813,61236,105571,96994,131049,1
95325,70608,81155,165933,176480,151763,1
56825,60905,9052,117730,65877,69957,1
15150,5621,33932,20771,49082,39553,0
36238,28829,31431,65067,67669,60260,1
4829,72409,89047,77238,93876,161456,0
43808,49576,81585,93384,125393,131161,1
11811,70459,52526,82270,64337,122985,0
35837,40041,4550,75878,40387,44591,1
74106,49974,48196,124080,122302,98170,1
14917,65169,1528,80086,16445,66697,0
67430,58562,81832,125992,149262,140394,1
83553,75328,90434,158881,173987,165762,1
44170,97801,22890,141971,67060,120691,0
3943,53050,3608,56993,7551,56658,0
30455,89460,41281,119915,71736,130741,0
53389,80092,13623,133481,67012,93715,0
50960,42624,2994,93584,53954,45618,0
79368,97582,4356,176950,83724,101938,0
78043,4010,96399,82053,174442,100409,0
49021,55221,95984,104242,145005,151205,1
59811,55931,63021,115742,122832,118952,1
92447,14078,32235,106525,124682,46313,0
93976,17726,9488,111702,103464,27214,0
28947,12419,85943,41366,114890,98362,0
27732,105,95517,27837,123249,95622,0
94546,94409,63598,188955,158144,158007,1
96235,44536,21075,140771,117310,65611,0
49547,48789,41381,98336,90928,90170,1
1740,16677,34008,18417,35748,50685,0
46661,92483,23371,139144,70032,115854,0
16329,42416,37702,58745,54031,80118,1
55288,9384,35576,64672,90864,44960,0
68990,77482,15216,146472,84206,92698,1
21771,12738,90164,34509,111935,102902,0
7372,25936,28944,33308,36316,54880,1
83567,62349,87908,145916,171475,150257,1
98101,82949,65038,181050,163139,147987,1
85227,13810,29074,99037,114301,42884,0
13126,67116,93261,80242,106387,160377,0
88975,89552,80657,178527,169632,170209,1
53171,3538,16432,56709,69603,19970,0
98986,11344,95716,110330,194702,107060,1
67209,79433,52948,146642,120157,132381,1
95375,95541,45329,190916,140704,140870,1
46750,140,88776,46890,135526,88916,0
53213,79942,48980,133155,102193,128922,1
53731,88041,69194,141772,122925,157235,1
3169,3381,58418,6550,61587,61799,0
88670,58653,81272,147323,169942,139925,1
19136,93632,71920,112768,91056,165552,0
84820,65106,12413,149926,97233,77519,0
25150,61859,60371,87009,85521,122230,1
45286,54225,63629,99511,108915,117854,1
44792,73791,42750,118583,87542,116541,1
84062,92765,66679,176827,150741,159444,1
85650,55279,72761,140929,158411,128040,1
79493,52311,22240,131804,101733,74551,0
88460,21226,41479,109686,129939,62705,0
10723,18298,89271,29021,99994,107569,0
93065,13712,81638,106777,174703,95350,1
54566,95786,3305,150352,57871,99091,0
74895,6074,54997,80969,129892,61071,0
20416,77560,34989,97976,55405,112549,0
11906,47930,46633,59836,58539,94563,1
94317,59479,67904,153796,162221,127383,1
92142,4603,25713,96745,117855,30316,0
66300,90943,38236,157243,104536,129179,1
30646,11438,38339,42084,68985,49777,1
65403,50710,17341,116113,82744,68051,1
54243,73800,96341,128043,150584,170141,1
62459,84254,70890,146713,133349,155144,1
93948,29664,21673,123612,115621,51337,0
71832,93182,24585,165014,96417,117767,1
50711,37107,78657,87818,129368,115764,1
85071,95216,46895,180287,131966,142111,1
4090,71912,93368,76002,97458,165280,0
31273,63520,18667,94793,49940,82187,0
41631,53212,59034,94843,100665,112246,1
4045,16373,32679,20418,36724,49052,0
64185,59721,48507,123906,112692,108228,1
39208,96633,19082,135841,58290,115715,0
84184,70075,33548,154259,117732,103623,1
34418,90357,23116,124775,57534,113473,0
85034,57662,33064,142696,118098,90726,1
89711,5799,31094,95510,120805,36893,0
66888,45698,85461,112586,152349,131159,1
54301,77535,39319,131836,93620,116854,1
31731,92007,91646,123738,123377,183653,1
64633,29481,30008,94114,94641,59489,0
25877,65351,16523,91228,42400,81874,0
4144,74128,10930,78272,15074,85058,0
55274,91479,77332,146753,132606,168811,1
99116,62377,59089,161493,158205,121466,1
67701,69172,80126,136873,147827,149298,1
63558,84273,63222,147831,126780,147495,1
83529,62695,59118,146224,142647,121813,1
39121,68550,11969,107671,51090,80519,0
81195,76560,93500,157755,174695,170060,1
16567,17131,47374,33698,63941,64505,0
84156,70913,997,155069,85153,71910,0
40611,43480,60644,84091,101255,104124,1
34294,89333,38957,123627,73251,128290,0
30452,16027,51619,46479,82071,67646,0
24482,57743,13032,82225,37514,70775,0
9607,62494,78748,72101,88355,141242,0
95613,17928,60819,113541,156432,78747,0
28016,49305,26023,77321,54039,75328,1
47463,38037,15600,85500,63063,53637,1
35267,88355,375,123622,35642,88730,0
74144,8399,40256,82543,114400,48655,0
81051,58489,40261,139540,121312,98750,1
403,29711,24759,30114,25162,54470,0
16823,91095,90416,107918,107239,181511,1
74961,22954,15737,97915,90698,38691,0
80541,81776,42186,162317,122727,123962,1
25034,21997,89347,47031,114381,111344,0
99447,65036,61627,164483,161074,126663,1
91945,43619,10700,135564,102645,54319,0
21973,55482,17894,77455,39867,73376,0
41914,4710,48310,46624,90224,53020,0
35698,1943,92356,37641,128054,94299,0
67070,64351,29995,131421,97065,94346,1
7595,34274,54460,41869,62055,88734,0
93842,34227,30127,128069,123969,64354,0
79446,44617,29594,124063,109040,74211,0
15561,77543,12491,93104,28052,90034,0
98858,54663,33209,153521,132067,87872,0
67249,98783,45669,166032,112918,144452,1
75485,47445,91706,122930,167191,139151,1
78377,20308,97456,98685,175833,117764,1
32887,72307,56088,105194,88975,128395,1
48070,50427,50612,98497,98682,101039,1
43361,41933,85020,85294,128381,126953,1
25365,80191,40475,105556,65840,120666,0
77896,49634,22230,127530,100126,71864,0
28175,8787,63832,36962,92007,72619,0
98129,81130,99359,179259,197488,180489,1
39114,6756,42953,45870,82067,49709,1
40731,78900,53981,119631,94712,132881,1
52793,30037,45258,82830,98051,75295,1
92512,37827,96244,130339,188756,134071,1
24197,29691,91411,53888,115608,121102,0
58093,95201,22407,153294,80500,117608,0
94937,77470,95104,172407,190041,172574,1
27832,58072,93600,85904,121432,151672,0
15765,47595,6264,63360,22029,53859,0
1513,77361,24287,78874,25800,101648,0
18536,58745,38986,77281,57522,97731,0
16097,91777,15587,107874,31684,107364,0
73855,85745,31355,159600,105210,117100,1
12537,2214,8302,14751,20839,10516,0
2570,65035,82627,67605,85197,147662,0
3512,26249,70823,29761,74335,97072,0
49344,78096,91460,127440,140804,169556,1
91499,38798,47566,130297,139065,86364,0
62478,36804,95518,99282,157996,132322,1
64418,60977,94723,125395,159141,155700,1
99526,55193,38366,154719,137892,93559,0
42579,25785,79139,68364,121718,104924,0
10809,44710,33248,55519,44057,77958,0
81780,22979,41572,104759,123352,64551,0
15697,54615,20940,70312,36637,75555,0
3975,86942,74255,90917,78230,161197,0
47959,59351,76800,107310,124759,136151,1
77633,14424,27143,92057,104776,41567,0
41183,87286,93806,128469,134989,181092,1
68049,52381,23503,120430,91552,75884,1
52297,42057,11534,94354,63831,53591,1
12757,46111,12730,58868,25487,58841,0
35308,30981,59037,66289,94345,90018,1
7047,57560,91083,64607,98130,148643,0
15443,15788,92432,31231,107875,108220,0
38125,41951,49727,80076,87852,91678,1
84403,96074,36529,180477,120932,132603,1
31937,53014,44154,84951,76091,97168,1
48165,35708,47078,83873,95243,82786,1
24205,62371,8302,86576,32507,70673,0
57741,74951,8069,132692,65810,83020,0
76438,5605,67400,82043,143838,73005,0
56323,17417,38254,73740,94577,55671,0
63838,98897,69069,162735,132907,167966,1
49279,50835,73375,100114,122654,124210,1
98693,94709,60713,193402,159406,155422,1
43857,94632,29655,138489,73512,124287,0
73208,17648,97268,90856,170476,114916,0
36374,51575,90248,87949,126622,141823,0
83016,88385,51770,171401,134786,140155,1
64175,11433,59932,75608,124107,71365,1
91814,88450,29375,180264,121189,117825,1
15691,29011,89688,44702,105379,118699,0
55205,92432,89098,147637,144303,181530,1
48438,80002,759,128440,49197,80761,0
75148,53202,17630,128350,92778,70832,0
93360,48372,44233,141732,137593,92605,0
24454,11137,16213,35591,40667,27350,1
31656,90665,74310,122321,105966,164975,1
26923,19765,53324,46688,80247,73089,0
29193,4738,39557,33931,68750,44295,0
90402,57711,82900,148113,173302,140611,1
6559,93140,18427,99699,24986,111567,0
72096,38054,38319,110150,110415,76373,1
57707,86152,81045,143859,138752,167197,1
98893,23027,96924,121920,195817,119951,1
8135,15145,45944,23280,54079,61089,0
6343,99048,89854,105391,96197,188902,0
32609,42747,50833,75356,83442,93580,1
70832,10129,65777,80961,136609,75906,1
99382,1385,76075,100767,175457,77460,0
28988,25445,64723,54433,93711,90168,0
42227,9268,56645,51495,98872,65913,0
32548,26416,30773,58964,63321,57189,1
4260,65451,41273,69711,45533,106724,0
20988,56797,95709,77785,116697,152506,0
96959,97771,25128,194730,122087,122899,1
93443,97985,48588,191428,142031,146573,1
74815,93435,66779,168250,141594,160214,1
10595,88102,9401,98697,19996,97503,0
17719,38087,26767,55806,44486,64854,1
27718,78322,61966,106040,89684,140288,1
56359,81298,62890,137657,119249,144188,1
77597,21550,74086,99147,151683,95636,1
13766,96914,90250,110680,104016,187164,1
83462,52089,15201,135551,98663,67290,0
76836,9091,1585,85927,78421,10676,0
41885,93069,70615,134954,112500,163684,1
76266,55653,87212,131919,163478,142865,1
32146,81302,43026,113448,75172,124328,0
39219,43221,545,82440,39764,43766,0
44882,43901,81713,88783,126595,125614,1
18682,35926,62803,54608,81485,98729,0
76417,7934,5633,84351,82050,13567,0
67816,56969,24788,124785,92604,81757,1
99101,48292,7970,147393,107071,56262,0
51702,40901,87058,92603,138760,127959,1
21941,97740,37673,119681,59614,135413,0
92750,43618,95827,136368,188577,139445,1
81204,35020,61907,116224,143111,96927,1
58489,85804,97733,144293,156222,183537,1
68659,91697,38345,160356,107004,130042,1
30285,57486,30567,87771,60852,88053,1
28938,22413,39639,51351,68577,62052,1
86242,2485,58569,88727,144811,61054,0
45458,45603,10401,91061,55859,56004,1
90391,82545,74665,172936,165056,157210,1
78315,62666,12602,140981,90917,75268,0
52046,19373,38114,71419,90160,57487,1
26628,50073,75527,76701,102155,125600,1
72156,92926,15830,165082,87986,108756,0
5071,17734,50441,22805,55512,68175,0
67076,51435,82511,118511,149587,133946,1
33025,71042,55359,104067,88384,126401,1
86495,36397,74629,122892,161124,111026,1
48361,97401,24420,145762,72781,121821,0
54611,64517,19440,119128,74051,83957,1
57345,7336,49462,64681,106807,56798,0
44406,3485,33994,47891,78400,37479,0
61450,497,48930,61947,110380,49427,0
81850,21904,57629,103754,139479,79533,0
24987,30578,22810,55565,47797,53388,1
94359,71255,88279,165614,182638,159534,1
25200,31268,46582,56468,71782,77850,1
29209,9263,6106,38472,35315,15369,0
26981,63135,59245,90116,86226,122380,1
69821,52348,60425,122169,130246,112773,1
29387,47613,26414,77000,55801,74027,1
55213,93607,18251,148820,73464,111858,0
2227,72407,69254,74634,71481,141661,0
12104,30205,44433,42309,56537,74638,0
22749,10067,58272,32816,81021,68339,0
92503,74669,50622,167172,143125,125291,1
13776,44761,16609,58537,30385,61370,0
35474,68896,73628,104370,109102,142524,1
80301,34882,43085,115183,123386,77967,0
44026,74914,47620,118940,91646,122534,1
56701,15094,6380,71795,63081,21474,0
93526,45902,33313,139428,126839,79215,0
32166,98739,9888,130905,42054,108627,0
3436,95832,51162,99268,54598,146994,0
96188,89615,77812,185803,174000,167427,1
77689,58903,8790,136592,86479,67693,0
41589,44852,1680,86441,43269,46532,0
53113,96045,34084,149158,87197,130129,0
59182,66387,86507,125569,145689,152894,1
19,20871,96628,20890,96647,117499,0
86233,38280,49778,124513,136011,88058,1
30690,73292,64053,103982,94743,137345,1
30521,41623,14352,72144,44873,55975,1
37464,9851,8274,47315,45738,18125,0
8503,8457,43356,16960,51859,51813,0
67418,2750,47892,70168,115310,50642,0
39205,45293,34215,84498,73420,79508,1
89431,24230,73400,113661,162831,97630,1
8123,66333,91446,74456,99569,157779,0
70194,79092,45179,149286,115373,124271,1
77418,44829,4876,122247,82294,49705,0
49605,32582,64400,82187,114005,96982,1
92670,51619,5157,144289,97827,56776,0
93952,83588,42585,177540,136537,126173,1
49484,49152,38559,98636,88043,87711,1
72087,7092,88789,79179,160876,95881,0
86830,1658,66847,88488,153677,68505,0
15439,99201,42669,114640,58108,141870,0
30883,46428,56750,77311,87633,103178,1
42052,92353,17190,134405,59242,109543,0
9711,433,58035,10144,67746,58468,0
9052,84296,77007,93348,86059,161303,1
79048,35334,84690,114382,163738,120024,1
6395,96430,1604,102825,7999,98034,0
33974,46033,78646,80007,112620,124679,1
90564,70396,47150,160960,137714,117546,1
57611,29691,17776,87302,75387,47467,0
2049,91286,98499,93335,100548,189785,0
92183,20062,5850,112245,98033,25912,0
26643,60771,10418,87414,37061,71189,0
38083,66288,4583,104371,42666,70871,0
26515,91541,67062,118056,93577,158603,1
57238,50383,19143,107621,76381,69526,1
8312,30982,22093,39294,30405,53075,0
24578,25189,25325,49767,49903,50514,1
57533,83602,21288,141135,78821,104890,0
97748,39789,54399,137537,152147,94188,0
99407,46087,97807,145494,197214,143894,1
34119,86717,84040,120836,118159,170757,1
34026,32139,20262,66165,54288,52401,1
41659,66180,95846,107839,137505,162026,1
47877,42223,69345,90100,117222,111568,1
52506,95519,55182,148025,107688,150701,1
9683,20203,98348,29886,108031,118551,0
95587,32472,23772,128059,119359,56244,0
24368,79070,87093,103438,111461,166163,1
66531,42889,63465,109420,129996,106354,1
13804,67939,50714,81743,64518,118653,0
94617,21928,65628,116545,160245,87556,0
3639,1987,90008,5626,93647,91995,0
52037,75416,49639,127453,101676,125055,1
9842,95558,25362,105400,35204,120920,0
49156,2812,75681,51968,124837,78493,0
71279,20830,63492,92109,134771,84322,1
78532,68416,46013,146948,124545,114429,1
88170,75439,307,163609,88477,75746,0
55829,89889,33541,145718,89370,123430,0
91399,53675,9979,145074,101378,63654,0
22279,82293,80912,104572,103191,163205,1
23305,87932,93446,111237,116751,181378,1
52758,28530,76810,81288,129568,105340,1
70550,16507,92754,87057,163304,109261,0
65839,6080,32832,71919,98671,38912,0
57233,50248,5200,107481,62433,55448,0
95888,48477,28000,144365,123888,76477,0
38360,20573,28298,58933,66658,48871,1
68353,15742,98799,84095,167152,114541,0
23580,92713,72440,116293,96020,165153,1
56089,24778,78629,80867,134718,103407,1
34578,88981,44886,123559,79464,133867,0
5008,22172,45371,27180,50379,67543,0
65137,26276,38983,91413,104120,65259,1
93167,28439,29272,121606,122439,57711,0
95242,82308,60851,177550,156093,143159,1
16693,19063,12596,35756,29289,31659,1
4149,75206,61909,79355,66058,137115,0
84186,62106,772,146292,84958,62878,0
58373,7431,11143,65804,69516,18574,0
85492,63863,89215,149355,174707,153078,1
18049,71870,44768,89919,62817,116638,0
38996,88593,94040,127589,133036,182633,1
47732,40675,40365,88407,88097,81040,1
85858,23766,29776,109624,115634,53542,0
82232,77029,66296,159261,148528,143325,1
61800,76741,52230,138541,114030,128971,1
41747,39920,79610,81667,121357,119530,1
80178,30028,56536,110206,136714,86564,1
42549,30212,33845,72761,76394,64057,1
91051,52480,48388,143531,139439,100868,1
52198,57124,89803,109322,142001,146927,1
22906,20789,44082,43695,66988,64871,0
94816,36793,31709,131609,126525,68502,0
87935,2303,32510,90238,120445,34813,0
83670,8221,44858,91891,128528,53079,0
49525,83543,25424,133068,74949,108967,0
68126,33199,71336,101325,139462,104535,1
32416,53276,96711,85692,129127,149987,0
36521,74321,82776,110842,119297,157097,1
36328,75534,82494,111862,118822,158028,1
47693,62850,20235,110543,67928,83085,1
29202,19484,93218,48686,122420,112702,0
94493,79696,89827,174189,184320,169523,1
31572,72619,8240,104191,39812,80859,0
56249,82164,88922,138413,145171,171086,1
57799,18843,70227,76642,128026,89070,1
61633,17471,6593,79104,68226,24064,0
44242,4210,77886,48452,122128,82096,0
41937,18133,48650,60070,90587,66783,1
17662,17982,17983,35644,35645,35965,1
35117,3164,20920,38281,56037,24084,0
1758,78604,80301,80362,82059,158905,1
56716,55307,75912,112023,132628,131219,1
19810,50680,57457,70490,77267,108137,1
62915,15431,84458,78346,147373,99889,0
7832,61189,79892,69021,87724,141081,0
47300,1340,12762,48640,60062,14102,0
69936,79538,69597,149474,139533,149135,1
3788,51853,17913,55641,21701,69766,0
88530,98154,26916,186684,115446,125070,1
64695,1679,22521,66374,87216,24200,0
8523,25025,33060,33548,41583,58085,1
81054,28222,13235,109276,94289,41457,0
69139,28622,79766,97761,148905,108388,1
38051,409,88417,38460,126468,88826,0
32191,97927,90879,130118,123070,188806,1
16193,8989,60498,25182,76691,69487,0
57398,85099,15704,142497,73102,100803,0
38400,56499,97654,94899,136054,154153,0
45835,82162,54042,127997,99877,136204,1
17100,199,8394,17299,25494,8593,0
74126,79347,62137,153473,136263,141484,1
71327,29699,11233,101026,82560,40932,0
14879,33948,54606,48827,69485,88554,0
569,42226,34627,42795,35196,76853,0
42261,56705,95631,98966,137892,152336,1
85933,66018,61142,151951,147075,127160,1
46644,1736,84948,48380,131592,86684,0
39395,65246,34504,104641,73899,99750,1
8473,23989,9858,32462,18331,33847,0
42496,35320,35008,77816,77504,70328,1
26748,88280,79713,115028,106461,167993,1
36261,73248,55877,109509,92138,129125,1
76952,31094,72220,108046,149172,103314,1
70295,7937,53442,78232,123737,61379,0
98988,69059,54908,168047,153896,123967,1
33982,96011,53149,129993,87131,149160,0
86598,96972,34531,183570,121129,131503,1
30463,36320,38746,66783,69209,75066,1
43250,7308,74680,50558,117930,81988,0
95272,92141,71914,187413,167186,164055,1
50078,35511,47515,85589,97593,83026,1
92588,65844,73273,158432,165861,139117,1
99843,57159,87812,157002,187655,144971,1
12606,78578,32713,91184,45319,111291,0
95651,6902,98770,102553,194421,105672,1
44447,76174,33417,120621,77864,109591,1
81739,63601,41533,145340,123272,105134,1
94581,84392,65644,178973,160225,150036,1
48776,58429,11465,107205,60241,69894,1
31266,21066,4191,52332,35457,25257,0
91002,84752,71142,175754,162144,155894,1
80294,74969,63085,155263,143379,138054,1
21772,26963,36468,48735,58240,63431,1
15069,71330,73351,86399,88420,144681,1
25299,86703,13912,112002,39211,100615,0
98239,60806,85509,159045,183748,146315,1
96085,5955,93753,102040,189838,99708,1
80108,87145,22350,167253,102458,109495,1
96847,3817,62109,100664,158956,65926,0
80704,92728,5333,173432,86037,98061,0
44627,70335,97071,114962,141698,167406,1
17023,75905,4839,92928,21862,80744,0
64533,15286,58737,79819,123270,74023,1
54597,74021,42767,128618,97364,116788,1
54078,95018,36190,149096,90268,131208,0
41196,84248,25427,125444,66623,109675,0
73474,1846,91212,75320,164686,93058,0
77636,54101,40052,131737,117688,94153,1
53573,36677,63409,90250,116982,100086,1
54374,72432,36711,126806,91085,109143,1
20297,45458,86850,65755,107147,132308,0
81399,31806,31219,113205,112618,63025,0
16992,90353,61758,107345,78750,152111,0
22888,72007,68544,94895,91432,140551,1
61788,78862,8692,140650,70480,87554,0
4462,22202,98528,26664,102990,120730,0
37668,6219,78105,43887,115773,84324,0
81203,79212,95353,160415,176556,174565,1
86294,86986,33490,173280,119784,120476,1
5617,36950,7314,42567,12931,44264,0
79843,75207,84311,155050,164154,159518,1
70272,43388,9756,113660,80028,53144,0
1466,52767,13705,54233,15171,66472,0
39249,10928,51182,50177,90431,62110,0
59512,37872,19242,97384,78754,57114,0
71937,46360,18787,118297,90724,65147,0
69166,71229,26059,140395,95225,97288,1
86646,59770,94134,146416,180780,153904,1
70927,35829,43061,106756,113988,78890,1
85133,64679,24811,149812,109944,89490,1
92290,9056,97475,101346,189765,106531,1
63722,28596,39881,92318,103603,68477,1
50327,60959,25991,111286,76318,86950,1
64693,51363,42151,116056,106844,93514,1
99074,30699,62833,129773,161907,93532,0
55620,50428,11400,106048,67020,61828,1
37062,25353,15969,62415,53031,41322,1
24958,55849,8056,80807,33014,63905,0
18489,17913,95295,36402,113784,113208,0
88890,60862,86988,149752,175878,147850,1
40328,28470,31159,68798,71487,59629,1
32641,25917,58382,58558,91023,84299,1
39932,5721,69124,45653,109056,74845,0
96108,89992,38672,186100,134780,128664,1
45621,87955,35462,133576,81083,123417,0
6942,59313,73764,66255,80706,133077,0
77687,94292,9290,171979,86977,103582,0
74762,79494,4643,154256,79405,84137,0
9176,24039,18373,33215,27549,42412,1
87841,4040,69770,91881,157611,73810,0
8500,78363,68350,86863,76850,146713,0
43828,18070,41091,61898,84919,59161,1
61549,20506,39535,82055,101084,60041,0
8611,76633,14552,85244,23163,91185,0
71303,48850,26942,120153,98245,75792,1
48649,75354,68890,124003,117539,144244,1
26212,70433,98121,96645,124333,168554,0
32804,93630,31353,126434,64157,124983,0
19171,16643,35272,35814,54443,51915,1
81443,9074,84248,90517,165691,93322,1
97394,9035,46016,106429,143410,55051,0
43167,52139,57378,95306,100545,109517,1
43947,97666,68028,141613,111975,165694,1
39408,65122,34169,104530,73577,99291,1
94775,37479,96282,132254,191057,133761,1
46959,78665,48288,125624,95247,126953,1
20526,37569,90020,58095,110546,127589,0
79676,23390,42835,103066,122511,66225,0
32777,5835,52284,38612,85061,58119,0
20386,56130,43543,76516,63929,99673,1
37930,35719,137,73649,38067,35856,0
71186,54917,40243,126103,111429,95160,1
52807,2164,87389,54971,140196,89553,0
22346,72607,4719,94953,27065,77326,0
87956,98114,27953,186070,115909,126067,1
88692,62431,49293,151123,137985,111724,1
32700,48197,57766,80897,90466,105963,1
72058,93322,61779,165380,133837,155101,1
23625,38327,46248,61952,69873,84575,1
22427,85014,71092,107441,93519,156106,1
16213,46623,96413,62836,112626,143036,0
9351,84796,3713,94147,13064,88509,0
49002,6077,83516,55079,132518,89593,0
34422,34950,85485,69372,119907,120435,0
92580,18478,71659,111058,164239,90137,0
90257,18074,839,108331,91096,18913,0
53043,27998,6554,81041,59597,34552,0
3532,8603,10587,12135,14119,19190,1
35273,71377,36523,106650,71796,107900,1
26272,36748,86655,63020,112927,123403,0
88292,51365,95599,139657,183891,146964,1
1695,15366,91633,17061,93328,106999,0
28124,37766,16921,65890,45045,54687,1
62392,48923,3777,111315,66169,52700,0
58634,13984,18237,72618,76871,32221,0
12195,45496,98351,57691,110546,143847,0
22029,76232,1578,98261,23607,77810,0
30619,54314,63108,84933,93727,117422,1
44698,41686,10862,86384,55560,52548,1
37710,59733,96892,97443,134602,156625,1
19728,28899,15739,48627,35467,44638,1
92971,16630,85142,109601,178113,101772,1
52693,68560,16312,121253,69005,84872,1
73897,66910,82849,140807,156746,149759,1
37753,20172,51065,57925,88818,71237,1
57145,95717,27892,152862,85037,123609,0
37235,43431,17512,80666,54747,60943,1
47481,51388,42680,98869,90161,94068,1
71929,24970,38476,96899,110405,63446,0
40165,70716,9676,110881,49841,80392,0
43757,81542,17973,125299,61730,99515,0
62271,87682,49977,149953,112248,137659,1
26506,30642,15211,57148,41717,45853,1
48748,10579,3601,59327,52349,14180,0
29696,69175,84326,98871,114022,153501,1
52484,33024,91026,85508,143510,124050,0
10048,60117,56997,70165,67045,117114,1
22035,24809,40840,46844,62875,65649,1
94102,73832,5269,167934,99371,79101,0
46661,26518,22042,73179,68703,48560,1
75024,76049,36207,151073,111231,112256,1
24685,16712,60835,41397,85520,77547,0
3401,1263,86901,4664,90302,88164,0
21721,8663,88852,30384,110573,97515,0
33910,16974,37172,50884,71082,54146,1
41317,91927,56547,133244,97864,148474,1
82120,45215,69447,127335,151567,114662,1
44177,41488,55825,85665,100002,97313,1
27052,16373,83983,43425,111035,100356,0
52894,37189,71466,90083,124360,108655,1
53240,10670,66726,63910,119966,77396,0
46981,98571,9804,145552,56785,108375,0
76858,13843,52278,90701,129136,66121,0
75428,45990,81570,121418,156998,127560,1
31656,76056,99722,107712,131378,175778,1
69927,1768,88770,71695,158697,90538,0
75613,47691,86545,123304,162158,134236,1
12089,48693,68023,60782,80112,116716,0
41104,18423,10233,59527,51337,28656,0
63611,25058,66134,88669,129745,91192,1
88901,99026,33177,187927,122078,132203,1
51118,23719,26387,74837,77505,50106,0
84216,78811,21615,163027,105831,100426,1
58920,1125,49657,60045,108577,50782,0
23064,41987,50489,65051,73553,92476,1
11064,26345,71522,37409,82586,97867,0
32824,60985,51039,93809,83863,112024,1
38717,17201,59890,55918,98607,77091,0
6245,98784,70335,105029,76580,169119,0
2770,65040,37132,67810,39902,102172,0
25587,41122,11828,66709,37415,52950,0
4373,89558,57538,93931,61911,147096,0
49480,38166,78008,87646,127488,116174,1
84368,36666,43361,121034,127729,80027,0
76523,69129,10568,145652,87091,79697,1
64560,55411,75640,119971,140200,131051,1
39663,65641,6860,105304,46523,72501,0
16108,80425,79790,96533,95898,160215,1
18942,27159,1875,46101,20817,29034,0
21015,99891,17659,120906,38674,117550,0
58064,7884,15746,65948,73810,23630,0
25591,85087,93600,110678,119191,178687,1
78231,79564,10908,157795,89139,90472,1
30878,81184,59831,112062,90709,141015,1
115,99656,30431,99771,30546,130087,0
34543,62905,86168,97448,120711,149073,1
25816,68569,17360,94385,43176,85929,0
70006,73442,25263,143448,95269,98705,1
2468,42329,92294,44797,94762,134623,0
97432,81649,42518,179081,139950,124167,1
37057,65366,67556,102423,104613,132922,1
84634,52260,93112,136894,177746,145372,1
60169,10589,32033,70758,92202,42622,0
53792,6294,9228,60086,63020,15522,0
14083,62387,17307,76470,31390,79694,0
84381,60027,93848,144408,178229,153875,1
68125,78640,75317,146765,143442,153957,1
41145,5857,56818,47002,97963,62675,0
84330,54761,47649,139091,131979,102410,1
3797,87044,13158,90841,16955,100202,0
46335,8643,99011,54978,145346,107654,0
72416,58511,13137,130927,85553,71648,0
5007,12217,97667,17224,102674,109884,0
61216,85275,24478,146491,85694,109753,1
59610,60917,23835,120527,83445,84752,1
48320,35881,27992,84201,76312,63873,1
13992,39260,28857,53252,42849,68117,1
14721,77099,10123,91820,24844,87222,0
71669,84141,59731,155810,131400,143872,1
19418,35504,94469,54922,113887,129973,0
38838,26971,59919,65809,98757,86890,1
87492,20314,1605,107806,89097,21919,0
93338,64029,5029,157367,98367,69058,0
49510,64525,5332,114035,54842,69857,0
91335,31331,97455,122666,188790,128786,1
19295,76797,55149,96092,74444,131946,0
21499,36295,9748,57794,31247,46043,0
7567,90239,74589,97806,82156,164828,0
65903,97123,84712,163026,150615,181835,1
50107,42821,93213,92928,143320,136034,0
93005,60374,57444,153379,150449,117818,1
82089,98133,8408,180222,90497,106541,0
9494,74571,2298,84065,11792,76869,0
90586,15032,40799,105618,131385,55831,0
41116,98726,68245,139842,109361,166971,1
86698,95549,73940,182247,160638,169489,1
78570,89986,85357,168556,163927,175343,1
35706,56353,1830,92059,37536,58183,0
81880,2602,57322,84482,139202,59924,0
24794,27613,35646,52407,60440,63259,1
9985,97487,82734,107472,92719,180221,0
424,4911,82970,5335,83394,87881,0
92318,52965,13271,145283,105589,66236,0
58142,66610,59220,124752,117362,125830,1
40310,99903,5331,140213,45641,105234,0
26013,78189,17263,104202,43276,95452,0
5327,70051,27630,75378,32957,97681,0
93894,50941,95239,144835,189133,146180,1
88730,3938,72609,92668,161339,76547,0
391,71068,46803,71459,47194,117871,0
71934,96908,1974,168842,73908,98882,0
1566,27497,41168,29063,42734,68665,0
8435,63439,63036,71874,71471,126475,1
90487,41786,68105,132273,158592,109891,1
67574,58018,84991,125592,152565,143009,1
28328,81232,17419,109560,45747,98651,0
87544,84848,35329,172392,122873,120177,1
48221,86986,83865,135207,132086,170851,1
47199,89180,86096,136379,133295,175276,1
25094,95676,19718,120770,44812,115394,0
29848,87397,85658,117245,115506,173055,1
95220,31727,9573,126947,104793,41300,0
9628,23719,1311,33347,10939,25030,0
36856,96380,89614,133236,126470,185994,1
12601,68197,69006,80798,81607,137203,1
61464,67543,14796,129007,76260,82339,1
82455,97816,9285,180271,91740,107101,0
16856,80612,79393,97468,96249,160005,1
59158,91132,90376,150290,149534,181508,1
78140,83591,56636,161731,134776,140227,1
1810,88478,96885,90288,98695,185363,0
38268,66064,3375,104332,41643,69439,0
95092,46826,69451,141918,164543,116277,1
54910,10120,16985,65030,71895,27105,0
4118,60983,16353,65101,20471,77336,0
83585,68775,76136,152360,159721,144911,1
64486,10105,88788,74591,153274,98893,0
54019,25263,46640,79282,100659,71903,1
98903,79264,64817,178167,163720,144081,1
28418,16735,62773,45153,91191,79508,0
61041,2024,84811,63065,145852,86835,0
34885,78810,79803,113695,114688,158613,1
24943,46417,89610,71360,114553,136027,0
26066,31171,96727,57237,122793,127898,0
48204,40069,30763,88273,78967,70832,1
37031,917,36680,37948,73711,37597,1
90682,69041,71670,159723,162352,140711,1
53104,12126,99913,65230,153017,112039,0
18221,76068,6196,94289,24417,82264,0
29395,72095,27187,101490,56582,99282,0
60673,2391,87725,63064,148398,90116,0
9913,48776,44858,58689,54771,93634,1
58702,6712,53804,65414,112506,60516,1
17898,88818,54208,106716,72106,143026,0
80827,78242,12497,159069,93324,90739,1
29040,52412,34994,81452,64034,87406,1
43112,59363,85586,102475,128698,144949,1
23934,39539,90002,63473,113936,129541,0
91967,14694,73284,106661,165251,87978,0
14312,73157,98558,87469,112870,171715,0
44465,55398,31699,99863,76164,87097,1
66142,56228,40291,122370,106433,96519,1
30507,4824,57122,35331,87629,61946,0
12976,71946,7721,84922,20697,79667,0
71929,67062,6080,138991,78009,73142,1
87013,18787,89762,105800,176775,108549,1
89497,62030,7045,151527,96542,69075,0
29726,10624,28171,40350,57897,38795,1
39075,2027,28579,41102,67654,30606,0
49562,673,30780,50235,80342,31453,0
80921,761,87469,81682,168390,88230,0
91670,67295,4026,158965,95696,71321,0
35067,63415,61531,98482,96598,124946,1
19512,6326,98929,25838,118441,105255,0
62898,71493,5255,134391,68153,76748,0
19375,90647,58495,110022,77870,149142,0
69781,64190,81233,133971,151014,145423,1
36495,88514,65587,125009,102082,154101,1
12847,39492,65552,52339,78399,105044,0
64262,61715,35657,125977,99919,97372,1
17557,84697,46237,102254,63794,130934,0
84681,12166,54516,96847,139197,66682,0
86071,1668,80790,87739,166861,82458,0
58250,69246,28072,127496,86322,97318,1
24075,67343,3467,91418,27542,70810,0
4047,20907,78673,24954,82720,99580,0
73377,60406,79715,133783,153092,140121,1
25912,46786,98836,72698,124748,145622,0
2663,14975,35141,17638,37804,50116,0
51255,37710,49446,88965,100701,87156,1
40966,78994,11986,119960,52952,90980,0
27279,48400,43441,75679,70720,91841,1
18814,10009,41377,28823,60191,51386,0
66996,38983,11771,105979,78767,50754,0
32147,18267,6653,50414,38800,24920,0
1960,43212,96878,45172,98838,140090,0
4967,46867,30286,51834,35253,77153,0
39647,25182,13002,64829,52649,38184,0
14221,88233,69820,102454,84041,158053,0
49803,63537,82816,113340,132619,146353,1
67666,54323,53927,121989,121593,108250,1
74695,40379,65003,115074,139698,105382,1
18339,57154,35989,75493,54328,93143,0
81889,61919,96031,143808,177920,157950,1
89860,23362,6029,113222,95889,29391,0
4822,95245,62535,100067,67357,157780,0
13403,67192,77445,80595,90848,144637,1
46410,68051,24803,114461,71213,92854,1
16098,20511,94988,36609,111086,115499,0
13546,89362,60744,102908,74290,150106,0
63643,91616,43453,155259,107096,135069,1
89216,56983,18926,146199,108142,75909,0
67379,99205,28555,166584,95934,127760,0
87193,74280,9672,161473,96865,83952,0
87010,17089,22362,104099,109372,39451,0
42452,50550,27360,93002,69812,77910,1
17384,51019,94780,68403,112164,145799,0
33774,40846,19185,74620,52959,60031,1
2296,53217,6958,55513,9254,60175,0
91978,32800,42401,124778,134379,75201,0
79264,61990,60752,141254,140016,122742,1
31037,52357,4395,83394,35432,56752,0
57372,22942,82811,80314,140183,105753,0
90443,77974,65434,168417,155877,143408,1
61703,82431,51032,144134,112735,133463,1
4162,85338,8836,89500,12998,94174,0
74702,27006,28166,101708,102868,55172,0
24343,60325,70617,84668,94960,130942,1
55837,89329,36096,145166,91933,125425,1
53599,19514,2609,73113,56208,22123,0
77262,58000,60095,135262,137357,118095,1
12781,37511,16552,50292,29333,54063,0
32701,76643,33479,109344,66180,110122,0
82076,89596,6237,171672,88313,95833,0
73115,58480,97626,131595,170741,156106,1
51852,74128,8956,125980,60808,83084,0
25362,56888,14792,82250,40154,71680,0
46452,93009,60096,139461,106548,153105,1
3309,99044,4987,102353,8296,104031,0
84569,41261,82565,125830,167134,123826,1
24025,73027,3933,97052,27958,76960,0
15565,90130,78219,105695,93784,168349,1
90443,15826,30348,106269,120791,46174,0
65797,90329,67590,156126,133387,157919,1
12439,12406,63625,24845,76064,76031,0
19177,96305,27532,115482,46709,123837,0
14722,34605,99858,49327,114580,134463,0
8316,28533,8524,36849,16840,37057,0
25784,85903,57168,111687,82952,143071,0
39789,39702,61229,79491,101018,100931,1
25946,19002,76550,44948,102496,95552,0
160,22386,60728,22546,60888,83114,0
22761,72074,47716,94835,70477,119790,0
35838,23764,6480,59602,42318,30244,0
79808,97042,77019,176850,156827,174061,1
64551,57095,35137,121646,99688,92232,1
7337,24174,45338,31511,52675,69512,0
23041,39998,28991,63039,52032,68989,1
18009,23238,30010,41247,48019,53248,1
10059,52588,6771,62647,16830,59359,0
18202,90652,88258,108854,106460,178910,1
58552,85378,3111,143930,61663,88489,0
49202,31105,67570,80307,116772,98675,1
81460,3484,55086,84944,136546,58570,0
6994,88287,80117,95281,87111,168404,0
868,63269,25275,64137,26143,88544,0
97186,49579,7257,146765,104443,56836,0
94296,26911,53257,121207,147553,80168,0
17640,98384,92849,116024,110489,191233,1
47509,76425,98590,123934,146099,175015,1
29840,6525,85349,36365,115189,91874,0
27511,91558,83812,119069,111323,175370,1
98270,1818,49299,100088,147569,51117,0
79303,14010,53646,93313,132949,67656,0
90690,54970,97759,145660,188449,152729,1
15843,28962,41607,44805,57450,70569,1
21417,58320,92364,79737,113781,150684,0
37842,1942,50458,39784,88300,52400,0
27774,20161,29487,47935,57261,49648,1
25446,44100,96698,69546,122144,140798,0
82192,94091,76989,176283,159181,171080,1
12227,87636,13766,99863,25993,101402,0
41089,94226,66094,135315,107183,160320,1
38687,74424,38872,113111,77559,113296,1
88620,85449,10962,174069,99582,96411,1
13051,79344,11166,92395,24217,90510,0
43356,64790,28641,108146,71997,93431,1
63307,13463,77706,76770,141013,91169,0
28309,54598,56009,82907,84318,110607,1
7272,97080,27982,104352,35254,125062,0
59794,87309,40677,147103,100471,127986,1
58626,90473,59148,149099,117774,149621,1
43188,60418,61995,103606,105183,122413,1
87146,1039,10759,88185,97905,11798,0
37378,56848,95028,94226,132406,151876,0
81149,55879,79929,137028,161078,135808,1
63743,17991,59281,81734,123024,77272,1
4589,37968,53329,42557,57918,91297,0
72788,666,27139,73454,99927,27805,0
41646,9525,20849,51171,62495,30374,0
27283,50051,62000,77334,89283,112051,1
40081,14347,51092,54428,91173,65439,1
11351,37088,96209,48439,107560,133297,0
8732,79588,55391,88320,64123,134979,0
88750,71000,4433,159750,93183,75433,0
67506,64031,32445,131537,99951,96476,1
63232,39583,59020,102815,122252,98603,1
15107,45721,94681,60828,109788,140402,0
45455,9903,36362,55358,81817,46265,1
44841,21287,93714,66128,138555,115001,0
13786,72455,53073,86241,66859,125528,0
99835,55340,63101,155175,162936,118441,1
10202,17926,62348,28128,72550,80274,0
24989,10541,29364,35530,54353,39905,1
33799,82111,19356,115910,53155,101467,0
80725,3125,72574,83850,153299,75699,0
31925,60574,39179,92499,71104,99753,1
87392,46566,58424,133958,145816,104990,1
97443,55401,81665,152844,179108,137066,1
4851,46728,95835,51579,100686,142563,0
72477,35062,41968,107539,114445,77030,1
81114,49884,85697,130998,166811,135581,1
87297,25618,22989,112915,110286,48607,0
27806,84396,74850,112202,102656,159246,1
39073,23066,22253,62139,61326,45319,1
65138,63575,31920,128713,97058,95495,1
66349,41669,16699,108018,83048,58368,0
83547,62001,92864,145548,176411,154865,1
81285,66235,25675,147520,106960,91910,1
14128,6102,9873,20230,24001,15975,1
26993,69021,67482,96014,94475,136503,1
94381,8678,93437,103059,187818,102115,1
19873,74479,94561,94352,114434,169040,0
5724,1468,62035,7192,67759,63503,0
87262,78251,53888,165513,141150,132139,1
91818,19508,34705,111326,126523,54213,0
79644,82396,54891,162040,134535,137287,1
47878,96503,79237,144381,127115,175740,1
50774,17374,43024,68148,93798,60398,1
18807,66839,80215,85646,99022,147054,1
60473,87736,27724,148209,88197,115460,1
75308,7218,3423,82526,78731,10641,0
45532,62492,4664,108024,50196,67156,0
58743,60369,95378,119112,154121,155747,1
52552,77935,43496,130487,96048,121431,1
97373,8496,12808,105869,110181,21304,0
13400,59619,40952,73019,54352,100571,0
36779,52798,44627,89577,81406,97425,1
80819,25922,44758,106741,125577,70680,0
1702,70744,34328,72446,36030,105072,0
51483,26380,93795,77863,145278,120175,0
6520,86185,25913,92705,32433,112098,0
75730,46148,75340,121878,151070,121488,1
96050,3557,98529,99607,194579,102086,1
65793,98845,17639,164638,83432,116484,0
84574,18675,98440,103249,183014,117115,1
25837,95947,59139,121784,84976,155086,0
56819,80256,90579,137075,147398,170835,1
33170,4447,36279,37617,69449,40726,1
77862,11284,511,89146,78373,11795,0
29980,30664,11515,60644,41495,42179,1
61313,25523,6238,86836,67551,31761,0
52011,16282,29671,68293,81682,45953,0
93754,98367,35965,192121,129719,134332,1
50261,36161,96470,86422,146731,132631,0
54401,84027,86286,138428,140687,170313,1
12561,19454,68325,32015,80886,87779,0
74406,37082,13948,111488,88354,51030,0
78126,91822,20760,169948,98886,112582,1
50983,28120,96635,79103,147618,124755,0
99132,44827,15993,143959,115125,60820,0
54053,73555,67061,127608,121114,140616,1
54165,24177,69788,78342,123953,93965,1
8180,9486,39217,17666,47397,48703,0
36091,77846,19241,113937,55332,97087,0
893,16478,45422,17371,46315,61900,0
22565,99864,28303,122429,50868,128167,0
43494,87600,30077,131094,73571,117677,0
47475,87397,81374,134872,128849,168771,1
55074,96117,2348,151191,57422,98465,0
5582,7994,68315,13576,73897,76309,0
97413,2968,13472,100381,110885,16440,0
77412,34691,65381,112103,142793,100072,1
77397,14550,60334,91947,137731,74884,0
18522,21268,98403,39790,116925,119671,0
24767,75475,53524,100242,78291,128999,1
36360,16223,19813,52583,56173,36036,0
29796,78887,33024,108683,62820,111911,0
22397,49456,38032,71853,60429,87488,1
13163,33159,23193,46322,36356,56352,1
30871,39463,29171,70334,60042,68634,1
25278,73908,72252,99186,97530,146160,1
52532,1270,84540,53802,137072,85810,0
14406,96779,7422,111185,21828,104201,0
23509,63130,68780,86639,92289,131910,1
81467,65153,41070,146620,122537,106223,1
46846,86188,86749,133034,133595,172937,1
91224,31806,36373,123030,127597,68179,0
97963,1029,58308,98992,156271,59337,0
30105,34513,26362,64618,56467,60875,1
94988,84048,69476,179036,164464,153524,1
39401,12930,35997,52331,75398,48927,1
88869,16351,18381,105220,107250,34732,0
69982,85082,62559,155064,132541,147641,1
28094,78976,962,107070,29056,79938,0
75913,74086,66984,149999,142897,141070,1
93018,18936,27463,111954,120481,46399,0
34834,60430,81394,95264,116228,141824,1
7166,37165,1740,44331,8906,38905,0
43047,11746,87632,54793,130679,99378,0
22441,34480,56484,56921,78925,90964,1
58082,48388,72146,106470,130228,120534,1
68551,57954,26888,126505,95439,84842,1
54382,11236,88416,65618,142798,99652,0
8074,49200,4696,57274,12770,53896,0
71575,62908,36138,134483,107713,99046,1
39080,17010,44056,56090,83136,61066,1
56023,54180,1827,110203,57850,56007,0
51706,64366,30833,116072,82539,95199,1
93175,56011,80027,149186,173202,136038,1
18872,16370,2860,35242,21732,19230,1
45012,85295,86746,130307,131758,172041,1
22625,3449,98184,26074,120809,101633,0
94300,65512,14897,159812,109197,80409,0
24939,56514,39787,81453,64726,96301,1
36762,10827,15414,47589,52176,26241,0
94355,24187,79086,118542,173441,103273,1
38961,64231,59919,103192,98880,124150,1
96133,20088,75401,116221,171534,95489,0
61178,1197,83440,62375,144618,84637,0
97611,78275,74247,175886,171858,152522,1
46329,61322,8483,107651,54812,69805,0
29099,55528,26750,84627,55849,82278,1
55235,517,58495,55752,113730,59012,0
25027,99888,27324,124915,52351,127212,0
85530,16491,28968,102021,114498,45459,0
32819,26400,16646,59219,49465,43046,1
96643,80427,72034,177070,168677,152461,1
3589,10454,54472,14043,58061,64926,0
30341,83965,10215,114306,40556,94180,0
13592,30591,96165,44183,109757,126756,0
4551,98379,39145,102930,43696,137524,0
71965,96395,81205,168360,153170,177600,1
27495,82640,78766,110135,106261,161406,1
82178,78864,99401,161042,181579,178265,1
46063,43674,32414,89737,78477,76088,1
54249,36950,68668,91199,122917,105618,1
45848,30435,57375,76283,103223,87810,1
1920,96743,4753,98663,6673,101496,0
15175,63823,87662,78998,102837,151485,0
77951,9368,3537,87319,81488,12905,0
52155,90825,97131,142980,149286,187956,1
87382,66558,51461,153940,138843,118019,1
54305,5947,69362,60252,123667,75309,0
81004,3735,60515,84739,141519,64250,0
44374,92500,34403,136874,78777,126903,0
95371,68359,52406,163730,147777,120765,1
36758,35643,3951,72401,40709,39594,1
93905,85622,97963,179527,191868,183585,1
38869,75228,82899,114097,121768,158127,1
97643,59385,11793,157028,109436,71178,0
38964,69648,86956,108612,125920,156604,1
88319,23093,9144,111412,97463,32237,0
94192,11156,54093,105348,148285,65249,0
12400,41033,97445,53433,109845,138478,0
33081,40765,39120,73846,72201,79885,1
96677,32856,92295,129533,188972,125151,1
52743,74085,87255,126828,139998,161340,1
1023,51230,41211,52253,42234,92441,0
56787,32881,66590,89668,123377,99471,1
61908,74976,14294,136884,76202,89270,1
20336,82833,56205,103169,76541,139038,0
87529,78662,77782,166191,165311,156444,1
69465,9171,26812,78636,96277,35983,0
91295,3837,51799,95132,143094,55636,0
36118,66368,12975,102486,49093,79343,0
32373,31190,38732,63563,71105,69922,1
11970,38420,73943,50390,85913,112363,0
42895,51694,9825,94589,52720,61519,1
1781,20705,71409,22486,73190,92114,0
41345,63819,47037,105164,88382,110856,1
21968,37498,83127,59466,105095,120625,0
76353,14036,49563,90389,125916,63599,0
92193,95658,1520,187851,93713,97178,0
11551,97003,96233,108554,107784,193236,1
85502,69530,95853,155032,181355,165383,1
29525,83775,3009,113300,32534,86784,0
16366,85339,61208,101705,77574,146547,0
4467,7770,5804,12237,10271,13574,1
79076,8068,76325,87144,155401,84393,1
72757,56316,83029,129073,155786,139345,1
7953,5513,54714,13466,62667,60227,0
68790,73069,8445,141859,77235,81514,1
70071,57181,20203,127252,90274,77384,1
85824,15092,82643,100916,168467,97735,1
44727,4869,69341,49596,114068,74210,0
51350,36265,93599,87615,144949,129864,0
85429,9313,13239,94742,98668,22552,0
19517,67173,8791,86690,28308,75964,0
7904,68588,27417,76492,35321,96005,0
92619,26013,75704,118632,168323,101717,1
2309,43673,75012,45982,77321,118685,0
18303,92211,90080,110514,108383,182291,1
12782,29704,29546,42486,42328,59250,1
60209,26952,94464,87161,154673,121416,0
94648,4448,738,99096,95386,5186,0
44350,42101,10333,86451,54683,52434,1
69597,61258,38883,130855,108480,100141,1
90204,89156,62236,179360,152440,151392,1
96688,80931,42713,177619,139401,123644,1
78408,50536,13397,128944,91805,63933,0
76877,66739,37100,143616,113977,103839,1
94966,43035,64058,138001,159024,107093,1
20645,35173,82079,55818,102724,117252,0
38469,27520,68301,65989,106770,95821,0
61494,64362,60383,125856,121877,124745,1
46941,54542,66704,101483,113645,121246,1
15586,13431,53528,29017,69114,66959,0
40874,29454,40664,70328,81538,70118,1
76972,2730,74136,79702,151108,76866,0
40459,85031,65348,125490,105807,150379,1
50608,6414,52780,57022,103388,59194,1
74153,84164,27664,158317,101817,111828,1
18659,99757,9354,118416,28013,109111,0
97090,35395,54649,132485,151739,90044,0
91786,75641,69387,167427,161173,145028,1
46116,43940,1231,90056,47347,45171,0
40283,4063,91080,44346,131363,95143,0
14900,42408,41443,57308,56343,83851,1
75670,31545,82215,107215,157885,113760,1
73729,9699,30724,83428,104453,40423,0
81959,49187,75924,131146,157883,125111,1
16069,27876,73937,43945,90006,101813,0
29491,27395,24988,56886,54479,52383,1
85939,83104,94985,169043,180924,178089,1
43434,55874,88319,99308,131753,144193,1
8700,37673,25570,46373,34270,63243,0
25675,82496,58809,108171,84484,141305,1
15553,64158,13467,79711,29020,77625,0
54892,88285,10090,143177,64982,98375,0
97222,61945,15913,159167,113135,77858,0
61052,45960,62550,107012,123602,108510,1
37088,66172,63238,103260,100326,129410,1
60289,11252,10653,71541,70942,21905,0
60003,1134,64776,61137,124779,65910,0
2499,2283,64067,4782,66566,66350,0
1707,34038,6227,35745,7934,40265,0
19845,71569,65943,91414,85788,137512,1
17897,62757,21772,80654,39669,84529,0
26787,31413,77845,58200,104632,109258,0
63936,60190,22745,124126,86681,82935,1
90057,22900,5835,112957,95892,28735,0
24025,66489,27246,90514,51271,93735,0
2298,78323,1901,80621,4199,80224,0
70543,81661,93451,152204,163994,175112,1
46021,6372,65858,52393,111879,72230,0
97362,29414,1177,126776,98539,30591,0
26674,17581,44441,44255,71115,62022,0
18306,27849,83942,46155,102248,111791,0
35708,72578,90031,108286,125739,162609,1
1448,30191,99238,31639,100686,129429,0
26165,84320,34991,110485,61156,119311,0
16112,56251,69285,72363,85397,125536,1
37751,54104,88538,91855,126289,142642,1
79792,20867,44497,100659,124289,65364,0
33875,69014,6936,102889,40811,75950,0
36751,18956,75275,55707,112026,94231,0
20107,99481,13132,119588,33239,112613,0
7701,44418,58401,52119,66102,102819,0
81149,92879,6897,174028,88046,99776,0
16827,47365,39562,64192,56389,86927,1
9431,62731,65904,72162,75335,128635,1
45732,35886,49705,81618,95437,85591,1
68752,14683,7833,83435,76585,22516,0
51966,30688,54478,82654,106444,85166,1
66456,16672,2059,83128,68515,18731,0
18045,21582,54725,39627,72770,76307,0
21930,24464,51172,46394,73102,75636,0
58384,75153,32855,133537,91239,108008,1
80734,54731,32215,135465,112949,86946,1
47991,52912,63732,100903,111723,116644,1
82297,61153,9748,143450,92045,70901,0
7027,66380,58106,73407,65133,124486,0
93218,44094,90150,137312,183368,134244,1
48083,42908,63937,90991,112020,106845,1
66834,35334,60757,102168,127591,96091,1
9828,57078,43434,66906,53262,100512,0
92780,3368,32778,96148,125558,36146,0
24976,68530,58103,93506,83079,126633,1
27477,70009,35761,97486,63238,105770,0
82595,61142,2616,143737,85211,63758,0
74156,33493,35174,107649,109330,68667,0
89125,39943,44415,129068,133540,84358,0
12797,520,12860,13317,25657,13380,1
98036,69596,95126,167632,193162,164722,1
95770,38199,85380,133969,181150,123579,1
41779,669,89745,42448,131524,90414,0
33070,47170,52853,80240,85923,100023,1
65023,25562,41006,90585,106029,66568,1
16205,54278,78415,70483,94620,132693,0
42835,72918,71532,115753,114367,144450,1
29745,14170,56238,43915,85983,70408,0
50004,51589,26854,101593,76858,78443,1
66297,58378,38518,124675,104815,96896,1
18682,47091,85063,65773,103745,132154,0
58686,91367,54222,150053,112908,145589,1
19558,42005,43322,61563,62880,85327,1
19878,46839,57090,66717,76968,103929,1
65330,89218,21434,154548,86764,110652,0
24722,28162,15429,52884,40151,43591,1
15575,11811,82775,27386,98350,94586,0
8640,30840,7624,39480,16264,38464,0
86065,66175,90109,152240,176174,156284,1
73024,31629,57737,104653,130761,89366,1
97100,85755,31145,182855,128245,116900,1
11716,97767,12304,109483,24020,110071,0
29564,8330,26645,37894,56209,34975,1
56243,92158,66535,148401,122778,158693,1
56155,65764,63686,121919,119841,129450,1
93889,56769,40710,150658,134599,97479,1
17224,55405,79316,72629,96540,134721,0
1016,32454,83853,33470,84869,116307,0
33225,69310,37036,102535,70261,106346,1
58023,93201,60445,151224,118468,153646,1
52171,1073,44189,53244,96360,45262,0
69885,64909,67552,134794,137437,132461,1
46310,59518,95851,105828,142161,155369,1
1817,61570,10608,63387,12425,72178,0
6535,1159,29702,7694,36237,30861,0
43171,84716,36217,127887,79388,120933,0
29746,9115,24967,38861,54713,34082,1
87352,4606,83858,91958,171210,88464,1
17229,35065,39425,52294,56654,74490,1
6914,15515,18400,22429,25314,33915,1
59040,1194,96110,60234,155150,97304,0
25867,12060,3352,37927,29219,15412,0
13761,17962,45866,31723,59627,63828,0
2277,45875,7405,48152,9682,53280,0
24374,54846,18104,79220,42478,72950,0
13650,73500,94844,87150,108494,168344,0
48167,74595,55594,122762,103761,130189,1
47259,55703,55541,102962,102800,111244,1
96283,7933,28180,104216,124463,36113,0
56828,86956,72969,143784,129797,159925,1
23846,95632,70580,119478,94426,166212,0
59711,26872,71043,86583,130754,97915,1
36351,76835,54402,113186,90753,131237,1
50030,88177,24246,138207,74276,112423,0
63999,75947,46622,139946,110621,122569,1
82359,598,47135,82957,129494,47733,0
89101,39738,4384,128839,93485,44122,0
96701,19420,60000,116121,156701,79420,0
23863,51676,84636,75539,108499,136312,0
64602,89758,89256,154360,153858,179014,1
84364,31921,36782,116285,121146,68703,0
44820,69954,52254,114774,97074,122208,1
16665,40413,95827,57078,112492,136240,0
83356,68302,11359,151658,94715,79661,0
4957,24278,5293,29235,10250,29571,0
63684,77167,16003,140851,79687,93170,1
78428,63275,42404,141703,120832,105679,1
8181,36847,96908,45028,105089,133755,0
82928,38835,12505,121763,95433,51340,0
85579,69062,37720,154641,123299,106782,1
52512,7383,69164,59895,121676,76547,0
43130,61637,74746,104767,117876,136383,1
47878,27574,23030,75452,70908,50604,1
64866,25700,31484,90566,96350,57184,0
5499,34029,14594,39528,20093,48623,0
25739,34319,59201,60058,84940,93520,1
4948,45664,52094,50612,57042,97758,0
70020,71755,14012,141775,84032,85767,1
49556,68171,82018,117727,131574,150189,1
49730,23959,65764,73689,115494,89723,1
63311,85968,58066,149279,121377,144034,1
59652,51492,10160,111144,69812,61652,1
74789,33256,61571,108045,136360,94827,1
4935,84799,73371,89734,78306,158170,0
98506,25299,69568,123805,168074,94867,0
24441,63284,8181,87725,32622,71465,0
4410,67798,92386,72208,96796,160184,0
18729,85877,70101,104606,88830,155978,1
39039,62793,79570,101832,118609,142363,1
2532,73120,33601,75652,36133,106721,0
135,77885,83819,78020,83954,161704,0
91935,20269,21130,112204,113065,41399,0
43915,45793,87699,89708,131614,133492,1
87334,60952,99957,148286,187291,160909,1
19977,19891,64469,39868,84446,84360,0
39076,87396,86103,126472,125179,173499,1
94682,65225,98066,159907,192748,163291,1
958,32459,32024,33417,32982,64483,1
69647,42723,31698,112370,101345,74421,1
68836,4109,43191,72945,112027,47300,0
58836,30496,74003,89332,132839,104499,1
86619,35661,18902,122280,105521,54563,0
51110,31955,70887,83065,121997,102842,1
59345,104,63291,59449,122636,63395,0
85511,6874,299,92385,85810,7173,0
14865,43953,25936,58818,40801,69889,0
29324,80465,27779,109789,57103,108244,0
74405,46371,4317,120776,78722,50688,0
56420,66793,41132,123213,97552,107925,1
95294,2821,90017,98115,185311,92838,0
37824,64150,21130,101974,58954,85280,0
7422,56694,31661,64116,39083,88355,0
36187,53161,48370,89348,84557,101531,1
58877,58640,49678,117517,108555,108318,1
52393,60848,806,113241,53199,61654,0
50745,84764,60047,135509,110792,144811,1
20860,55757,58161,76617,79021,113918,1
41408,70192,7538,111600,48946,77730,0
69785,64065,50972,133850,120757,115037,1
87884,18873,87728,106757,175612,106601,1
80100,88404,50013,168504,130113,138417,1
42902,91063,29291,133965,72193,120354,0
43989,56602,54907,100591,98896,111509,1
82800,86146,20530,168946,103330,106676,1
24023,6447,69000,30470,93023,75447,0
73079,58532,35626,131611,108705,94158,1
5844,11483,49570,17327,55414,61053,0
22186,14121,43335,36307,65521,57456,0
66643,40982,93148,107625,159791,134130,1
51192,43666,25912,94858,77104,69578,1
69742,92691,20204,162433,89946,112895,0
84871,43607,94187,128478,179058,137794,1
51779,5390,42193,57169,93972,47583,0
39875,41539,82693,81414,122568,124232,0
77916,62342,70553,140258,148469,132895,1
88438,46755,21227,135193,109665,67982,0
51475,79170,86394,130645,137869,165564,1
8565,82173,60247,90738,68812,142420,0
24523,31599,46860,56122,71383,78459,1
99919,5311,66707,105230,166626,72018,0
99920,84404,71055,184324,170975,155459,1
20576,82524,81669,103100,102245,164193,1
89040,53853,53805,142893,142845,107658,1
44549,68522,59697,113071,104246,128219,1
21901,5906,19960,27807,41861,25866,1
23114,43621,58921,66735,82035,102542,1
67800,14848,41271,82648,109071,56119,0
33722,16234,55894,49956,89616,72128,0
85250,26301,89764,111551,175014,116065,1
19877,64817,68984,84694,88861,133801,1
78891,55984,64139,134875,143030,120123,1
68931,91176,4327,160107,73258,95503,0
81261,69865,26665,151126,107926,96530,1
2030,55286,85681,57316,87711,140967,0
5931,76005,69861,81936,75792,145866,0
92311,58138,74031,150449,166342,132169,1
48067,71229,30232,119296,78299,101461,1
7419,94801,21732,102220,29151,116533,0
21166,74941,81965,96107,103131,156906,1
52713,48591,87941,101304,140654,136532,1
88546,5299,89917,93845,178463,95216,1
63801,86666,78080,150467,141881,164746,1
93861,42856,38357,136717,132218,81213,0
38057,67243,75619,105300,113676,142862,1
68864,45620,16381,114484,85245,62001,0
92526,64122,98948,156648,191474,163070,1
46277,49635,52429,95912,98706,102064,1
73737,98437,78975,172174,152712,177412,1
10553,69568,57449,80121,68002,127017,0
70219,5984,16356,76203,86575,22340,0
84550,48452,23202,133002,107752,71654,0
33613,26940,86041,60553,119654,112981,0
39851,55694,33729,95545,73580,89423,1
48832,85252,78240,134084,127072,163492,1
85893,32094,69816,117987,155709,101910,1
90727,71696,79789,162423,170516,151485,1
10362,9543,76262,19905,86624,85805,0
32793,64557,81034,97350,113827,145591,1
96830,75421,45050,172251,141880,120471,1
63075,27616,57690,90691,120765,85306,1
992,39301,6426,40293,7418,45727,0
77664,75930,94042,153594,171706,169972,1
35242,81400,52517,116642,87759,133917,1
59317,72030,86778,131347,146095,158808,1
30163,35032,72721,65195,102884,107753,0
71679,253,84289,71932,155968,84542,0
50418,57651,69456,108069,119874,127107,1
10849,16271,75223,27120,86072,91494,0
12747,13884,14677,26631,27424,28561,1
58989,9093,46929,68082,105918,56022,0
16536,63887,94473,80423,111009,158360,0
37548,30806,56535,68354,94083,87341,1
5861,38693,42997,44554,48858,81690,1
31937,93758,2944,125695,34881,96702,0
48657,21774,43888,70431,92545,65662,1
23026,78637,87906,101663,110932,166543,1
6287,65146,95086,71433,101373,160232,0
19514,20605,77059,40119,96573,97664,0
28646,21873,15401,50519,44047,37274,1
38021,99835,88635,137856,126656,188470,1
11572,24183,6100,35755,17672,30283,0
2789,92466,49832,95255,52621,142298,0
35757,23403,60043,59160,95800,83446,0
32294,43783,48339,76077,80633,92122,1
91417,76943,11300,168360,102717,88243,0
1862,8831,97541,10693,99403,106372,0
37651,37538,65834,75189,103485,103372,1
70943,33619,19057,104562,90000,52676,0
25784,80267,64165,106051,89949,144432,1
97637,10349,84329,107986,181966,94678,0
93208,70829,64946,164037,158154,135775,1
70531,43710,5662,114241,76193,49372,0
96651,14835,72143,111486,168794,86978,0
85823,95788,91628,181611,177451,187416,1
48400,51539,73620,99939,122020,125159,1
30164,10240,10884,40404,41048,21124,0
48137,48632,14289,96769,62426,62921,1
60227,67639,5072,127866,65299,72711,0
90563,9671,97077,100234,187640,106748,1
49018,5411,47881,54429,96899,53292,1
33092,72065,7953,105157,41045,80018,0
42536,26021,49047,68557,91583,75068,1
28653,10257,30698,38910,59351,40955,1
73575,43521,98192,117096,171767,141713,1
51735,56799,91949,108534,143684,148748,1
10295,13790,32741,24085,43036,46531,0
26160,69854,35117,96014,61277,104971,0
18182,80020,55291,98202,73473,135311,0
42742,3751,51304,46493,94046,55055,0
23634,20356,24576,43990,48210,44932,1
82803,53569,75356,136372,158159,128925,1
35016,27613,63388,62629,98404,91001,0
98922,40275,3092,139197,102014,43367,0
48506,99691,7480,148197,55986,107171,0
35503,53585,47796,89088,83299,101381,1
32000,47026,43182,79026,75182,90208,1
97120,48818,1841,145938,98961,50659,0
98670,98340,26178,197010,124848,124518,1
11024,75134,2280,86158,13304,77414,0
14120,57898,95667,72018,109787,153565,0
70271,54264,46015,124535,116286,100279,1
85705,60369,72843,146074,158548,133212,1
67737,26924,70873,94661,138610,97797,1
80588,29225,16440,109813,97028,45665,0
11189,29448,75273,40637,86462,104721,0
70607,45489,17531,116096,88138,63020,0
19152,89352,46416,108504,65568,135768,0
18274,70031,50705,88305,68979,120736,0
77771,62943,82797,140714,160568,145740,1
14740,16661,41754,31401,56494,58415,0
14194,58948,64760,73142,78954,123708,1
16189,91568,58060,107757,74249,149628,0
46097,94222,87815,140319,133912,182037,1
42238,88123,91751,130361,133989,179874,1
87290,42255,37557,129545,124847,79812,0
79879,51121,52185,131000,132064,103306,1
93654,65151,57805,158805,151459,122956,1
61547,65566,67034,127113,128581,132600,1
50643,85986,46960,136629,97603,132946,1
45590,97176,95757,142766,141347,192933,1
17733,8782,82025,26515,99758,90807,0
397,28974,28164,29371,28561,57138,0
71570,3710,67786,75280,139356,71496,0
70003,40873,73009,110876,143012,113882,1
40164,99242,59206,139406,99370,158448,1
47773,11634,29235,59407,77008,40869,0
18353,4198,75832,22551,94185,80030,0
56263,29997,43758,86260,100021,73755,1
65735,89283,25552,155018,91287,114835,1
92161,63661,24088,155822,116249,87749,0
46238,48038,28134,94276,74372,76172,1
16218,37459,83240,53677,99458,120699,0
19591,71936,93728,91527,113319,165664,0
55053,27625,25381,82678,80434,53006,0
30418,89951,94174,120369,124592,184125,1
90020,56748,32741,146768,122761,89489,0
19759,62755,50114,82514,69873,112869,1
64398,15706,38708,80104,103106,54414,0
96884,6839,50513,103723,147397,57352,0
3639,98197,31844,101836,35483,130041,0
34808,84266,95881,119074,130689,180147,1
33622,91625,79618,125247,113240,171243,1
75009,25583,1652,100592,76661,27235,0
3583,20171,82624,23754,86207,102795,0
92875,39812,1372,132687,94247,41184,0
59975,16344,61295,76319,121270,77639,1
45440,84084,44057,129524,89497,128141,1
93676,85914,10744,179590,104420,96658,1
19663,92595,98938,112258,118601,191533,1
779,68439,15808,69218,16587,84247,0
73403,476,25578,73879,98981,26054,0
52288,49801,7790,102089,60078,57591,1
92957,73773,46220,166730,139177,119993,1
85474,77391,40799,162865,126273,118190,1
35844,74840,29909,110684,65753,104749,0
62311,74756,61924,137067,124235,136680,1
88616,3572,91489,92188,180105,95061,1
89374,61093,22984,150467,112358,84077,0
14600,51868,64416,66468,79016,116284,1
6685,39330,51490,46015,58175,90820,0
34376,76935,81299,111311,115675,158234,1
23640,87173,52069,110813,75709,139242,0
14748,76855,47002,91603,61750,123857,0
91178,37856,41175,129034,132353,79031,0
65718,90524,40903,156242,106621,131427,1
49604,35027,96437,84631,146041,131464,0
12914,54086,94281,67000,107195,148367,0
58916,36361,77162,95277,136078,113523,1
82565,31736,56085,114301,138650,87821,1
42604,71915,46920,114519,89524,118835,1
94128,26790,34145,120918,128273,60935,0
95042,36035,26063,131077,121105,62098,0
25539,65489,84079,91028,109618,149568,1
90314,53097,13326,143411,103640,66423,0
22495,93832,59305,116327,81800,153137,0
77199,65989,68765,143188,145964,134754,1
26978,1896,71493,28874,98471,73389,0
41143,2120,43015,43263,84158,45135,1
92106,72463,92816,164569,184922,165279,1
58018,84196,27160,142214,85178,111356,1
59474,68918,11824,128392,71298,80742,1
14042,83368,63918,97410,77960,147286,0
74531,62357,7707,136888,82238,70064,0
36360,84760,62070,121120,98430,146830,1
88266,94497,1239,182763,89505,95736,0
20836,12864,1382,33700,22218,14246,0
53548,97120,92490,150668,146038,189610,1
4680,69565,85763,74245,90443,155328,0
19897,52576,14458,72473,34355,67034,0
14311,79563,83163,93874,97474,162726,1
1102,13564,66208,14666,67310,79772,0
45843,72196,78967,118039,124810,151163,1
55272,51489,28093,106761,83365,79582,1
74468,9828,91697,84296,166165,101525,0
81483,42657,63208,124140,144691,105865,1
11340,68590,87347,79930,98687,155937,0
54907,73300,9925,128207,64832,83225,0
76215,52078,74749,128293,150964,126827,1
61733,68497,48879,130230,110612,117376,1
36156,7277,51177,43433,87333,58454,0
40518,34934,43125,75452,83643,78059,1
39327,6529,71881,45856,111208,78410,0
80467,33130,57643,113597,138110,90773,1
63470,45187,12797,108657,76267,57984,0
48995,67814,20398,116809,69393,88212,1
95947,61461,80033,157408,175980,141494,1
5217,58878,98307,64095,103524,157185,0
5019,13965,77623,18984,82642,91588,0
1613,54468,74472,56081,76085,128940,0
14536,26263,13877,40799,28413,40140,1
90613,5876,8645,96489,99258,14521,0
86054,89620,51091,175674,137145,140711,1
75580,73574,3179,149154,78759,76753,1
62811,66876,3736,129687,66547,70612,0
58822,29109,27882,87931,86704,56991,0
35201,79099,76725,114300,111926,155824,1
10015,68152,66726,78167,76741,134878,1
9133,62103,74656,71236,83789,136759,0
79991,91820,69837,171811,149828,161657,1
52313,27452,34793,79765,87106,62245,1
37775,67507,95819,105282,133594,163326,1
34222,95978,7003,130200,41225,102981,0
23461,32263,95057,55724,118518,127320,0
57091,90488,32620,147579,89711,123108,0
70491,52688,87602,123179,158093,140290,1
22050,71833,54790,93883,76840,126623,1
64641,76050,94371,140691,159012,170421,1
46584,60034,70860,106618,117444,130894,1
26790,53581,24901,80371,51691,78482,0
86535,78522,24962,165057,111497,103484,1
15981,45035,22677,61016,38658,67712,0
87761,94072,45076,181833,132837,139148,1
65472,72671,21262,138143,86734,93933,1
87183,71424,30867,158607,118050,102291,1
3345,19286,28112,22631,31457,47398,0
43070,91397,50710,134467,93780,142107,1
70810,61675,66564,132485,137374,128239,1
73106,24359,27711,97465,100817,52070,0
37074,75234,9524,112308,46598,84758,0
37037,13678,28746,50715,65783,42424,1
17392,33955,29885,51347,47277,63840,1
56624,92524,41536,149148,98160,134060,1
203,15272,58019,15475,58222,73291,0
58764,1313,26836,60077,85600,28149,0
38049,86707,96272,124756,134321,182979,1
64778,67829,27966,132607,92744,95795,1
98247,37253,78363,135500,176610,115616,1
17195,2033,59349,19228,76544,61382,0
71227,10435,12645,81662,83872,23080,0
74476,68887,55020,143363,129496,123907,1
66051,21195,78500,87246,144551,99695,1
19046,58768,16521,77814,35567,75289,0
83399,98309,44747,181708,128146,143056,1
90890,89539,29394,180429,120284,118933,1
61059,22130,28332,83189,89391,50462,0
62011,22553,93289,84564,155300,115842,0
77514,45968,46392,123482,123906,92360,1
2630,90196,96131,92826,98761,186327,0
83078,56753,30588,139831,113666,87341,1
97795,12120,30252,109915,128047,42372,0
81480,72003,63745,153483,145225,135748,1
6852,41787,34551,48639,41403,76338,0
77984,60502,15288,138486,93272,75790,0
31877,35769,15707,67646,47584,51476,1
4972,95216,90512,100188,95484,185728,1
52054,47550,64445,99604,116499,111995,1
13664,53969,38706,67633,52370,92675,0
83699,3590,1107,87289,84806,4697,0
35916,29231,7655,65147,43571,36886,1
77571,86492,53105,164063,130676,139597,1
74065,47216,63352,121281,137417,110568,1
572,41683,18042,42255,18614,59725,0
55734,38954,15870,94688,71604,54824,0
5550,20181,28245,25731,33795,48426,0
48086,92881,60291,140967,108377,153172,1
57225,79574,83351,136799,140576,162925,1
26409,42636,746,69045,27155,43382,0
27705,62900,71771,90605,99476,134671,1
40390,14645,58464,55035,98854,73109,0
83762,20110,93191,103872,176953,113301,1
89946,59658,62556,149604,152502,122214,1
38102,49193,21852,87295,59954,71045,1
89169,79334,79109,168503,168278,158443,1
99288,59794,33393,159082,132681,93187,0
78154,29681,97044,107835,175198,126725,1
11234,35597,97835,46831,109069,133432,0
57714,40926,98986,98640,156700,139912,0
14093,94205,48207,108298,62300,142412,0
46956,29109,91824,76065,138780,120933,0
44586,52485,33813,97071,78399,86298,1
25072,22757,66676,47829,91748,89433,0
65579,65328,50744,130907,116323,116072,1
7657,80308,20899,87965,28556,101207,0
83492,41706,67389,125198,150881,109095,1
89387,89055,95620,178442,185007,184675,1
10274,73284,65407,83558,75681,138691,1
79372,87391,4328,166763,83700,91719,0
15530,97585,93676,113115,109206,191261,1
54862,97253,97724,152115,152586,194977,1
14205,73019,32580,87224,46785,105599,0
25972,2541,70849,28513,96821,73390,0
18698,53295,82746,71993,101444,136041,0
61394,80907,56015,142301,117409,136922,1
21351,16984,56801,38335,78152,73785,0
85833,44839,59061,130672,144894,103900,1
15117,23892,44211,39009,59328,68103,0
64649,86238,12704,150887,77353,98942,0
74862,33512,24940,108374,99802,58452,0
32815,54086,31180,86901,63995,85266,1
28391,77112,84130,105503,112521,161242,1
84474,13331,40974,97805,125448,54305,0
36326,37101,43281,73427,79607,80382,1
20253,68778,42075,89031,62328,110853,0
34533,62970,19531,97503,54064,82501,0
54143,44959,16884,99102,71027,61843,1
94420,27692,6176,122112,100596,33868,0
46685,46984,336,93669,47021,47320,1
85824,98100,96082,183924,181906,194182,1
84842,32239,99621,117081,184463,131860,1
55957,40223,72032,96180,127989,112255,1
21679,69447,95419,91126,117098,164866,0
98034,61384,60738,159418,158772,122122,1
18974,45079,37630,64053,56604,82709,1
96489,94856,77577,191345,174066,172433,1
61276,75927,32831,137203,94107,108758,1
62948,38440,87712,101388,150660,126152,1
93126,67744,73241,160870,166367,140985,1
11788,92990,68735,104778,80523,161725,0
86315,42365,48521,128680,134836,90886,1
37761,5404,42556,43165,80317,47960,1
46942,72634,95836,119576,142778,168470,1
67555,21585,40789,89140,108344,62374,0
52231,76592,65497,128823,117728,142089,1
69405,12952,55960,82357,125365,68912,0
84599,31698,68087,116297,152686,99785,1
1556,11645,19769,13201,21325,31414,0
54980,16050,64558,71030,119538,80608,1
2416,6854,67390,9270,69806,74244,0
85765,83308,12833,169073,98598,96141,1
83482,85142,58193,168624,141675,143335,1
17702,59161,38524,76863,56226,97685,0
29966,19943,29517,49909,59483,49460,1
45636,13643,67249,59279,112885,80892,0
76146,65439,84621,141585,160767,150060,1
23181,21875,80357,45056,103538,102232,0
35466,72194,73143,107660,108609,145337,1
77506,68150,44450,145656,121956,112600,1
42154,23622,36656,65776,78810,60278,1
89294,82679,14550,171973,103844,97229,1
9700,86054,43831,95754,53531,129885,0
59648,36718,4913,96366,64561,41631,0
47748,76806,67099,124554,114847,143905,1
10029,73155,18072,83184,28101,91227,0
5342,85088,24767,90430,30109,109855,0
48223,69381,50362,117604,98585,119743,1
44807,35962,57910,80769,102717,93872,1
78291,73175,60361,151466,138652,133536,1
39516,40557,95084,80073,134600,135641,0
26784,36869,93741,63653,120525,130610,0
75981,33303,47006,109284,122987,80309,1
70802,55060,79844,125862,150646,134904,1
60864,50994,26959,111858,87823,77953,1
4717,13936,20316,18653,25033,34252,0
58246,95389,51691,153635,109937,147080,1
55351,36859,53788,92210,109139,90647,1
72362,30564,21541,102926,93903,52105,0
13994,36958,43280,50952,57274,80238,1
43563,95825,69416,139388,112979,165241,1
85073,10103,5493,95176,90566,15596,0
68413,2608,53283,71021,121696,55891,0
47335,51654,95821,98989,143156,147475,1
87872,39835,87366,127707,175238,127201,1
62281,77848,54245,140129,116526,132093,1
33314,93000,50292,126314,83606,143292,0
2877,81847,10332,84724,13209,92179,0
36669,16254,55914,52923,92583,72168,0
61287,42094,58097,103381,119384,100191,1
17524,56930,32428,74454,49952,89358,0
97432,60692,802,158124,98234,61494,0
57492,28777,77654,86269,135146,106431,1
4753,8052,14921,12805,19674,22973,0
78147,33486,86125,111633,164272,119611,1
56374,75479,29135,131853,85509,104614,1
82049,60184,74828,142233,156877,135012,1
96395,92582,41696,188977,138091,134278,1
59275,69509,79860,128784,139135,149369,1
49086,7524,27817,56610,76903,35341,0
62294,89209,97909,151503,160203,187118,1
94222,35031,76388,129253,170610,111419,1
63164,75965,28252,139129,91416,104217,1
42286,83198,9804,125484,52090,93002,0
36008,3834,35208,39842,71216,39042,1
22553,54678,56899,77231,79452,111577,1
52344,36650,83452,88994,135796,120102,1
82241,99618,69987,181859,152228,169605,1
30070,55910,11661,85980,41731,67571,0
68907,10449,85941,79356,154848,96390,0
79056,94885,17672,173941,96728,112557,1
58513,79109,68811,137622,127324,147920,1
74027,82851,85775,156878,159802,168626,1
15285,92524,28101,107809,43386,120625,0
72082,32613,84217,104695,156299,116830,1
92848,83538,28256,176386,121104,111794,1
15246,27827,35105,43073,50351,62932,1
90824,80936,90517,171760,181341,171453,1
18644,28769,5358,47413,24002,34127,0
6026,42275,24796,48301,30822,67071,0
4715,28501,74072,33216,78787,102573,0
65264,16651,26894,81915,92158,43545,0
85669,54852,37891,140521,123560,92743,1
49041,40543,75766,89584,124807,116309,1
70383,58747,32274,129130,102657,91021,1
89462,67230,82078,156692,171540,149308,1
47232,39899,36152,87131,83384,76051,1
7765,75060,51509,82825,59274,126569,0
44552,90369,13278,134921,57830,103647,0
79608,58845,56975,138453,136583,115820,1
52416,5975,59486,58391,111902,65461,0
33457,48798,62381,82255,95838,111179,1
51454,86594,77525,138048,128979,164119,1
415,85382,23634,85797,24049,109016,0
54987,71843,53032,126830,108019,124875,1
4165,24511,36071,28676,40236,60582,0
42431,49455,49228,91886,91659,98683,1
58528,5746,34740,64274,93268,40486,0
98332,4735,75775,103067,174107,80510,0
69051,70005,6215,139056,75266,76220,1
9579,25666,50954,35245,60533,76620,0
78348,45963,66244,124311,144592,112207,1
23165,73598,9128,96763,32293,82726,0
37491,79928,19669,117419,57160,99597,0
5931,55446,95458,61377,101389,150904,0
94289,25298,29449,119587,123738,54747,0
23356,37716,28990,61072,52346,66706,1
50555,98244,1113,148799,51668,99357,0
91144,75451,43250,166595,134394,118701,1
19605,37997,24480,57602,44085,62477,1
3791,76143,52129,79934,55920,128272,0
86517,88199,77544,174716,164061,165743,1
33467,86761,93725,120228,127192,180486,1
96239,17334,62172,113573,158411,79506,0
70959,41241,69524,112200,140483,110765,1
82240,77618,30773,159858,113013,108391,1
68250,20598,99553,88848,167803,120151,0
18521,43657,80004,62178,98525,123661,0
21830,21822,16024,43652,37854,37846,1
64281,33952,2901,98233,67182,36853,0
98422,16194,36186,114616,134608,52380,0
52398,45218,5051,97616,57449,50269,0
33660,22756,42162,56416,75822,64918,1
38012,69483,67431,107495,105443,136914,1
72415,3057,93106,75472,165521,96163,0
14676,33932,98625,48608,113301,132557,0
63685,34940,3035,98625,66720,37975,0
8734,27093,29588,35827,38322,56681,1
93988,72900,10596,166888,104584,83496,0
69431,83128,21786,152559,91217,104914,1
87726,66914,84907,154640,172633,151821,1
53000,85658,43004,138658,96004,128662,1
65289,51394,27883,116683,93172,79277,1
61202,64107,1471,125309,62673,65578,0
30214,36925,14265,67139,44479,51190,1
51182,80982,38482,132164,89664,119464,1
45829,30274,68558,76103,114387,98832,1
95939,64866,38663,160805,134602,103529,1
36471,42011,85729,78482,122200,127740,0
35845,96336,39618,132181,75463,135954,0
34039,82490,39420,116529,73459,121910,0
20380,80101,13343,100481,33723,93444,0
40704,60137,28449,100841,69153,88586,1
45384,96686,15883,142070,61267,112569,0
9770,9615,43289,19385,53059,52904,0
64147,94572,15076,158719,79223,109648,0
48269,15095,15199,63364,63468,30294,0
56143,77362,55027,133505,111170,132389,1
83549,22293,89730,105842,173279,112023,1
36744,90389,87370,127133,124114,177759,1
92498,65297,81464,157795,173962,146761,1
18719,7319,36081,26038,54800,43400,0
22734,96611,68714,119345,91448,165325,0
31513,80917,91457,112430,122970,172374,1
4634,59708,19547,64342,24181,79255,0
93505,40661,86714,134166,180219,127375,1
16801,32466,87548,49267,104349,120014,0
33829,90111,1973,123940,35802,92084,0
96153,21272,1737,117425,97890,23009,0
8253,69517,94570,77770,102823,164087,0
67677,41720,3680,109397,71357,45400,0
2616,83515,60860,86131,63476,144375,0
52822,61183,33537,114005,86359,94720,1
94034,97942,46798,191976,140832,144740,1
532,44035,45285,44567,45817,89320,0
17981,75161,4420,93142,22401,79581,0
10863,69457,5078,80320,15941,74535,0
48239,57054,6850,105293,55089,63904,0
16642,75222,53575,91864,70217,128797,0
71002,42548,50640,113550,121642,93188,1
31623,52552,38974,84175,70597,91526,1
31794,62247,87591,94041,119385,149838,1
537,21105,62810,21642,63347,83915,0
98068,9578,74419,107646,172487,83997,0
76888,28856,70210,105744,147098,99066,1
84510,59162,88518,143672,173028,147680,1
35544,35050,79586,70594,115130,114636,0
85791,75622,61772,161413,147563,137394,1
90686,61606,64000,152292,154686,125606,1
4152,35882,37930,40034,42082,73812,1
41625,61984,82755,103609,124380,144739,1
21658,33928,66406,55586,88064,100334,0
25249,26915,44343,52164,69592,71258,1
91173,47491,46981,138664,138154,94472,1
2502,40437,78423,42939,80925,118860,0
15496,12511,307,28007,15803,12818,0
80282,99775,60891,180057,141173,160666,1
64055,74526,68794,138581,132849,143320,1
24882,32358,16491,57240,41373,48849,1
22234,74190,22365,96424,44599,96555,0
41899,71166,37302,113065,79201,108468,1
69192,31838,47254,101030,116446,79092,1
73415,73474,32209,146889,105624,105683,1
52081,32876,36021,84957,88102,68897,1
60120,19954,84113,80074,144233,104067,0
11175,99085,92974,110260,104149,192059,1
14282,86944,48324,101226,62606,135268,0
82411,34438,20169,116849,102580,54607,0
53045,48371,74858,101416,127903,123229,1
67246,20982,97011,88228,164257,117993,0
94098,431,28808,94529,122906,29239,0
9717,3137,91457,12854,101174,94594,0
44597,70787,79763,115384,124360,150550,1
16476,71759,25266,88235,41742,97025,0
10700,75720,42036,86420,52736,117756,0
79229,51205,78400,130434,157629,129605,1
64013,92860,41097,156873,105110,133957,1
65689,30834,89622,96523,155311,120456,1
9552,4475,42800,14027,52352,47275,0
19894,89353,74273,109247,94167,163626,1
68131,49606,27533,117737,95664,77139,1
99806,24296,87069,124102,186875,111365,1
96529,34406,66000,130935,162529,100406,1
42862,65434,49973,108296,92835,115407,1
28414,28793,75966,57207,104380,104759,0
86889,4532,18171,91421,105060,22703,0
10907,1045,33811,11952,44718,34856,0
60244,54642,91691,114886,151935,146333,1
51889,56881,77531,108770,129420,134412,1
50594,36585,36698,87179,87292,73283,1
45993,44955,75063,90948,121056,120018,1
76014,70216,41409,146230,117423,111625,1
22172,90949,3588,113121,25760,94537,0
68160,16758,74445,84918,142605,91203,1
36925,33,39834,36958,76759,39867,0
97890,91321,8246,189211,106136,99567,1
3380,21386,64889,24766,68269,86275,0
42560,85737,37577,128297,80137,123314,0
7693,52936,57474,60629,65167,110410,1
95777,47091,4880,142868,100657,51971,0
4280,24630,76674,28910,80954,101304,0
96792,48237,36005,145029,132797,84242,0
44456,89373,3613,133829,48069,92986,0
28796,80564,22864,109360,51660,103428,0
25245,67057,4033,92302,29278,71090,0
13668,75628,23565,89296,37233,99193,0
71118,30509,38673,101627,109791,69182,0
53192,57213,92407,110405,145599,149620,1
17429,80982,15934,98411,33363,96916,0
76350,14487,11937,90837,88287,26424,0
4706,99505,11267,104211,15973,110772,0
27721,24534,6048,52255,33769,30582,1
80334,54785,90842,135119,171176,145627,1
13254,40075,37274,53329,50528,77349,1
98580,56220,81695,154800,180275,137915,1
51607,99846,55715,151453,107322,155561,1
33869,30741,11083,64610,44952,41824,1
5866,9030,76836,14896,82702,85866,0
92451,74286,72984,166737,165435,147270,1
91740,59712,31945,151452,123685,91657,0
5512,22333,59919,27845,65431,82252,0
35212,58474,81380,93686,116592,139854,1
26208,56701,84765,82909,110973,141466,0
26942,95471,90677,122413,117619,186148,1
95242,69776,78679,165018,173921,148455,1
98377,86932,70148,185309,168525,157080,1
61069,98091,35571,159160,96640,133662,0
99980,42769,76867,142749,176847,119636,1
21932,61001,57080,82933,79012,118081,1
13703,31066,3225,44769,16928,34291,0
55533,70002,71688,125535,127221,141690,1
13026,79875,30573,92901,43599,110448,0
42199,34790,6034,76989,48233,40824,0
66332,61476,3329,127808,69661,64805,0
18177,76106,1069,94283,19246,77175,0
10348,31693,53962,42041,64310,85655,0
89081,15988,27192,105069,116273,43180,0
99695,57753,43242,157448,142937,100995,1
35974,38562,8758,74536,44732,47320,1
96418,65912,57473,162330,153891,123385,1
95775,41998,88314,137773,184089,130312,1
7439,3967,79635,11406,87074,83602,0
15142,94265,92034,109407,107176,186299,1
91664,88007,18465,179671,110129,106472,1
25006,75379,5102,100385,30108,80481,0
99770,53281,77704,153051,177474,130985,1
50236,97824,52180,148060,102416,150004,1
85306,45011,37118,130317,122424,82129,0
9728,89516,92658,99244,102386,182174,1
14324,29281,17430,43605,31754,46711,1
86105,37578,5882,123683,91987,43460,0
49713,20300,58708,70013,108421,79008,1
73433,33232,5987,106665,79420,39219,0
24099,46913,9775,71012,33874,56688,0
82268,32430,56474,114698,138742,88904,1
67422,73728,63551,141150,130973,137279,1
96106,61852,43527,157958,139633,105379,1
82814,7962,36762,90776,119576,44724,0
72650,33764,28156,106414,100806,61920,0
8043,30591,60863,38634,68906,91454,0
44238,80020,77907,124258,122145,157927,1
67285,94152,96262,161437,163547,190414,1
73647,49041,60311,122688,133958,109352,1
31260,6116,42363,37376,73623,48479,0
79989,43632,34110,123621,114099,77742,0
97520,92567,50547,190087,148067,143114,1
68575,76998,18526,145573,87101,95524,1
56380,79956,62037,136336,118417,141993,1
78520,58677,28553,137197,107073,87230,1
3912,11627,8675,15539,12587,20302,1
76696,86802,63070,163498,139766,149872,1
53613,30957,61226,84570,114839,92183,1
74107,1639,40970,75746,115077,42609,0
41538,61299,98445,102837,139983,159744,1
84342,90143,771,174485,85113,90914,0
13440,29553,51543,42993,64983,81096,0
98295,67321,48159,165616,146454,115480,1
73019,63032,91051,136051,164070,154083,1
31686,7812,10767,39498,42453,18579,0
83124,65798,39081,148922,122205,104879,1
57329,72632,53943,129961,111272,126575,1
30087,44050,95855,74137,125942,139905,0
23618,86603,79261,110221,102879,165864,1
2168,67173,62006,69341,64174,129179,0
46653,88502,74814,135155,121467,163316,1
78152,92910,54302,171062,132454,147212,1
67943,76736,52493,144679,120436,129229,1
62167,65633,72187,127800,134354,137820,1
39180,86691,13450,125871,52630,100141,0
73631,64294,92247,137925,165878,156541,1
61920,12188,80136,74108,142056,92324,0
94372,39872,51144,134244,145516,91016,0
2330,42379,83689,44709,86019,126068,0
91326,84586,50967,175912,142293,135553,1
74524,35376,51786,109900,126310,87162,1
90808,70880,14250,161688,105058,85130,0
14838,56903,9116,71741,23954,66019,0
94525,16249,92883,110774,187408,109132,1
82639,14342,31663,96981,114302,46005,0
80670,85958,29655,166628,110325,115613,1
15662,54977,42406,70639,58068,97383,1
76860,34902,3495,111762,80355,38397,0
11230,61200,78749,72430,89979,139949,0
18483,71411,20577,89894,39060,91988,0
19273,22410,71909,41683,91182,94319,0
90168,32213,47763,122381,137931,79976,0
95498,93964,8602,189462,104100,102566,1
81681,49272,2282,130953,83963,51554,0
23227,89231,50720,112458,73947,139951,0
96155,41634,17091,137789,113246,58725,0
15880,94596,2570,110476,18450,97166,0
95573,95371,31154,190944,126727,126525,1
25891,95338,69303,121229,95194,164641,0
66068,66968,97775,133036,163843,164743,1
40427,48976,8332,89403,48759,57308,0
34638,50900,57196,85538,91834,108096,1
55318,95070,20220,150388,75538,115290,0
35486,65944,48517,101430,84003,114461,1
91354,21609,65087,112963,156441,86696,0
65421,75881,35805,141302,101226,111686,1
99046,1173,56743,100219,155789,57916,0
52477,80656,85608,133133,138085,166264,1
37300,93248,84760,130548,122060,178008,1
38804,7355,18705,46159,57509,26060,0
46512,59657,44497,106169,91009,104154,1
5079,3483,33415,8562,38494,36898,0
47088,67464,40561,114552,87649,108025,1
80444,63860,58927,144304,139371,122787,1
2829,57103,7116,59932,9945,64219,0
29904,41430,48278,71334,78182,89708,1
99779,5408,43014,105187,142793,48422,0
39047,3296,40747,42343,79794,44043,1
243,26978,26679,27221,26922,53657,0
87509,9229,56350,96738,143859,65579,0
51856,62975,18895,114831,70751,81870,1
24428,57896,82081,82324,106509,139977,1
21804,86305,70835,108109,92639,157140,1
3544,70273,67195,73817,70739,137468,1
59158,39925,48584,99083,107742,88509,1
59368,90633,51855,150001,111223,142488,1
50497,44257,79346,94754,129843,123603,1
91090,60169,80271,151259,171361,140440,1
81595,49999,16168,131594,97763,66167,0
85056,42096,35923,127152,120979,78019,0
85906,59582,50605,145488,136511,110187,1
8528,4986,59338,13514,67866,64324,0
13132,13638,54214,26770,67346,67852,0
87302,84800,33878,172102,121180,118678,1
72313,39277,51779,111590,124092,91056,1
36176,88687,31180,124863,67356,119867,0
49509,1226,75238,50735,124747,76464,0
1101,35332,83019,36433,84120,118351,0
46702,85231,64884,131933,111586,150115,1
55621,40732,55169,96353,110790,95901,1
51397,58621,95045,110018,146442,153666,1
66191,69604,41433,135795,107624,111037,1
87106,62890,6869,149996,93975,69759,0
11490,76438,97344,87928,108834,173782,0
77918,62126,76503,140044,154421,138629,1
48383,6166,78520,54549,126903,84686,0
23062,92742,8956,115804,32018,101698,0
14792,16203,82848,30995,97640,99051,0
26667,83401,47082,110068,73749,130483,0
47890,52154,73047,100044,120937,125201,1
7588,41042,49779,48630,57367,90821,0
70962,37376,71439,108338,142401,108815,1
85870,10337,42362,96207,128232,52699,0
64250,80518,50409,144768,114659,130927,1
1050,93942,4781,94992,5831,98723,0
46263,2565,51238,48828,97501,53803,0
20608,58150,97443,78758,118051,155593,0
64799,51213,78221,116012,143020,129434,1
6819,22307,31975,29126,38794,54282,0
9502,99769,66154,109271,75656,165923,0
49951,86784,13338,136735,63289,100122,0
71294,3990,14924,75284,86218,18914,0
60978,23973,36851,84951,97829,60824,0
4373,80930,37838,85303,42211,118768,0
47040,14295,26287,61335,73327,40582,0
38428,30002,48195,68430,86623,78197,1
67050,52633,91592,119683,158642,144225,1
76265,88986,63363,165251,139628,152349,1
78583,14001,26447,92584,105030,40448,0
45700,32690,6839,78390,52539,39529,0
69095,64591,6421,133686,75516,71012,1
84035,91059,5456,175094,89491,96515,0
76593,99042,55417,175635,132010,154459,1
19482,65764,75243,85246,94725,141007,1
65142,98185,94325,163327,159467,192510,1
87986,85571,41294,173557,129280,126865,1
53494,23800,48716,77294,102210,72516,1
59249,96504,33329,155753,92578,129833,0
63064,55633,38348,118697,101412,93981,1
94585,65463,7521,160048,102106,72984,0
73209,14777,79629,87986,152838,94406,1
87610,33134,74127,120744,161737,107261,1
9937,81908,14965,91845,24902,96873,0
39930,47744,8742,87674,48672,56486,1
17548,43531,35872,61079,53420,79403,1
21418,34171,4922,55589,26340,39093,0
58465,23821,7543,82286,66008,31364,0
94863,95250,25689,190113,120552,120939,1
68019,93532,5974,161551,73993,99506,0
19048,14243,65494,33291,84542,79737,0
80949,8115,16868,89064,97817,24983,0
82386,98792,81756,181178,164142,180548,1
47441,39730,80144,87171,127585,119874,1
4896,12197,7329,17093,12225,19526,1
72064,38265,3295,110329,75359,41560,0
83588,53961,78731,137549,162319,132692,1
74874,93718,7503,168592,82377,101221,0
32509,78335,81239,110844,113748,159574,1
47312,44928,88680,92240,135992,133608,1
76524,89895,28342,166419,104866,118237,1
12116,5911,72909,18027,85025,78820,0
17979,80002,25271,97981,43250,105273,0
42954,59318,43683,102272,86637,103001,1
26663,79581,73776,106244,100439,153357,1
12332,18162,32181,30494,44513,50343,0
10117,21968,82115,32085,92232,104083,0
43019,23621,63808,66640,106827,87429,1
60886,88091,42575,148977,103461,130666,1
52259,60203,67737,112462,119996,127940,1
63796,50536,41224,114332,105020,91760,1
33312,21857,28704,55169,62016,50561,1
34522,14355,75272,48877,109794,89627,0
88042,62963,53164,151005,141206,116127,1
26918,75913,75379,102831,102297,151292,1
36205,36473,70008,72678,106213,106481,1
35262,30182,37664,65444,72926,67846,1
64569,66788,89120,131357,153689,155908,1
8171,64331,1813,72502,9984,66144,0
19262,1927,56677,21189,75939,58604,0
38258,677,61720,38935,99978,62397,0
97646,79739,55166,177385,152812,134905,1
74368,79876,33787,154244,108155,113663,1
18332,56220,3647,74552,21979,59867,0
40296,15391,26743,55687,67039,42134,1
17503,80128,29622,97631,47125,109750,0
25298,56454,27720,81752,53018,84174,0
54056,14572,91047,68628,145103,105619,0
78984,96502,63223,175486,142207,159725,1
83714,90188,94419,173902,178133,184607,1
50044,71293,64351,121337,114395,135644,1
88061,36453,71439,124514,159500,107892,1
58857,51807,90590,110664,149447,142397,1
58954,84205,79316,143159,138270,163521,1
62971,41847,38941,104818,101912,80788,1
49762,38838,18090,88600,67852,56928,1
72324,31044,68582,103368,140906,99626,1
21231,57255,7126,78486,28357,64381,0
53171,54309,38452,107480,91623,92761,1
87622,67760,19381,155382,107003,87141,0
20496,49367,36600,69863,57096,85967,1
65630,81985,52991,147615,118621,134976,1
83549,88546,19182,172095,102731,107728,1
15702,73203,83164,88905,98866,156367,1
9548,40298,13667,49846,23215,53965,0
41459,14594,91770,56053,133229,106364,0
1801,61454,59426,63255,61227,120880,0
62130,28394,50288,90524,112418,78682,1
70833,83082,22068,153915,92901,105150,1
59523,52183,21656,111706,81179,73839,1
21642,92631,39682,114273,61324,132313,0
95887,18428,89538,114315,185425,107966,1
35197,86482,24646,121679,59843,111128,0
57911,51133,72894,109044,130805,124027,1
50885,42712,89180,93597,140065,131892,1
82717,21333,98128,104050,180845,119461,1
72396,40849,73047,113245,145443,113896,1
43695,56216,82830,99911,126525,139046,1
58772,74317,87012,133089,145784,161329,1
64366,32684,32797,97050,97163,65481,1
23537,5262,65503,28799,89040,70765,0
17310,45737,38709,63047,56019,84446,1
46218,81238,7070,127456,53288,88308,0
59919,13615,43676,73534,103595,57291,0
62517,60162,75683,122679,138200,135845,1
42523,51469,77310,93992,119833,128779,1
34919,20900,57465,55819,92384,78365,0
50641,41448,74580,92089,125221,116028,1
30633,74506,57796,105139,88429,132302,1
91513,28898,37436,120411,128949,66334,0
60127,70187,28381,130314,88508,98568,1
52459,2522,71928,54981,124387,74450,0
96452,33846,59924,130298,156376,93770,0
41045,43670,3797,84715,44842,47467,1
27197,16624,79846,43821,107043,96470,0
43594,89839,28184,133433,71778,118023,0
10535,98029,68175,108564,78710,166204,0
32214,69820,38764,102034,70978,108584,1
95758,37482,87187,133240,182945,124669,1
57911,23954,74129,81865,132040,98083,1
37378,60383,79750,97761,117128,140133,1
18872,85534,78761,104406,97633,164295,1
43963,94470,16034,138433,59997,110504,0
72410,7621,34066,80031,106476,41687,0
10071,23210,89659,33281,99730,112869,0
78785,86964,17130,165749,95915,104094,1
2107,38248,43798,40355,45905,82046,0
29824,36383,29716,66207,59540,66099,1
91011,89232,35185,180243,126196,124417,1
89518,79344,96389,168862,185907,175733,1
28462,26373,90,54835,28552,26463,0
61628,30375,95882,92003,157510,126257,0
73716,90463,22987,164179,96703,113450,1
49429,94620,87945,144049,137374,182565,1
58176,12511,54109,70687,112285,66620,1
75172,37529,37580,112701,112752,75109,0
20733,40324,55510,61057,76243,95834,1
50516,4721,55236,55237,105752,59957,1
29511,35370,22632,64881,52143,58002,1
16045,82487,3457,98532,19502,85944,0
47160,69449,89436,116609,136596,158885,1
62874,9471,83736,72345,146610,93207,0
8036,28932,24610,36968,32646,53542,1
54165,16233,53739,70398,107904,69972,1
7098,27520,58445,34618,65543,85965,0
44685,15075,70586,59760,115271,85661,0
19694,93274,83370,112968,103064,176644,1
83500,38763,50464,122263,133964,89227,1
52676,87154,62682,139830,115358,149836,1
23276,60389,57123,83665,80399,117512,1
2582,7422,92393,10004,94975,99815,0
36616,46185,99511,82801,136127,145696,0
58302,89478,81392,147780,139694,170870,1
45632,35641,89375,81273,135007,125016,0
24966,12436,49378,37402,74344,61814,0
2295,73556,30456,75851,32751,104012,0
21869,54430,4670,76299,26539,59100,0
54296,85709,60067,140005,114363,145776,1
30967,7091,62812,38058,93779,69903,0
86802,82104,57716,168906,144518,139820,1
61907,25538,91257,87445,153164,116795,0
61591,22845,37279,84436,98870,60124,0
17033,15597,79198,32630,96231,94795,0
21230,18116,27491,39346,48721,45607,1
71370,34834,8799,106204,80169,43633,0
62678,35996,59856,98674,122534,95852,1
96527,86320,99895,182847,196422,186215,1
35333,41469,23526,76802,58859,64995,1
89418,88581,76674,177999,166092,165255,1
33921,59959,13760,93880,47681,73719,0
8240,70791,83227,79031,91467,154018,0
94055,92904,27246,186959,121301,120150,1
46864,91849,67348,138713,114212,159197,1
4917,18634,33980,23551,38897,52614,0
12803,24556,14271,37359,27074,38827,1
81680,26623,82609,108303,164289,109232,1
46584,93571,52830,140155,99414,146401,1
91723,91474,47934,183197,139657,139408,1
28669,81708,8706,110377,37375,90414,0
98035,43667,67459,141702,165494,111126,1
59179,61415,77969,120594,137148,139384,1
23964,99069,34245,123033,58209,133314,0
14114,83085,25527,97199,39641,108612,0
48197,11404,12792,59601,60989,24196,0
67205,29750,52041,96955,119246,81791,1
46379,41907,25536,88286,71915,67443,1
71722,40508,17532,112230,89254,58040,0
1194,7877,4051,9071,5245,11928,0
12851,26380,5208,39231,18059,31588,0
33585,64600,7640,98185,41225,72240,0
99047,55033,51903,154080,150950,106936,1
3600,44233,95117,47833,98717,139350,0
10189,17922,30527,28111,40716,48449,0
32171,44750,26459,76921,58630,71209,1
25463,35051,88921,60514,114384,123972,0
92366,3663,65052,96029,157418,68715,0
8608,94630,71562,103238,80170,166192,0
79061,2533,59802,81594,138863,62335,0
47548,36840,74437,84388,121985,111277,1
40879,36831,89552,77710,130431,126383,0
67902,69981,28332,137883,96234,98313,1
12543,79034,67039,91577,79582,146073,1
50454,24495,8350,74949,58804,32845,0
56794,39389,97180,96183,153974,136569,0
96211,23099,16471,119310,112682,39570,0
35894,54137,69355,90031,105249,123492,1
79771,14764,28606,94535,108377,43370,0
88652,99194,76465,187846,165117,175659,1
28922,75045,33273,103967,62195,108318,0
86738,93310,31326,180048,118064,124636,1
44398,30644,49124,75042,93522,79768,1
10439,70599,80425,81038,90864,151024,1
8136,37246,75248,45382,83384,112494,0
5363,27307,53991,32670,59354,81298,0
31185,71761,64516,102946,95701,136277,1
94964,71679,25535,166643,120499,97214,1
87473,24173,86309,111646,173782,110482,1
85884,12136,75036,98020,160920,87172,1
2707,26751,88065,29458,90772,114816,0
40202,70865,24277,111067,64479,95142,0
73560,97406,70181,170966,143741,167587,1
53034,17441,15281,70475,68315,32722,0
60910,51350,59968,112260,120878,111318,1
21115,91108,8325,112223,29440,99433,0
33068,63598,60946,96666,94014,124544,1
28865,13039,23071,41904,51936,36110,1
44261,70727,57745,114988,102006,128472,1
43808,5609,24695,49417,68503,30304,0
28524,46594,65004,75118,93528,111598,1
78378,40454,40186,118832,118564,80640,1
33466,20944,18027,54410,51493,38971,1
73876,67055,56969,140931,130845,124024,1
9568,32628,73785,42196,83353,106413,0
21619,28314,25525,49933,47144,53839,1
84518,85535,44854,170053,129372,130389,1
27492,2906,64535,30398,92027,67441,0
25478,24969,71675,50447,97153,96644,0
87713,78524,91307,166237,179020,169831,1
72007,15209,86917,87216,158924,102126,1
66936,46661,92545,113597,159481,139206,1
30928,43589,63647,74517,94575,107236,1
77370,92872,94099,170242,171469,186971,1
79437,40558,45225,119995,124662,85783,1
56279,78779,37776,135058,94055,116555,1
51242,42062,77566,93304,128808,119628,1
74424,89473,51212,163897,125636,140685,1
36306,41705,4981,78011,41287,46686,0
27399,52449,53756,79848,81155,106205,1
74314,36748,88812,111062,163126,125560,1
14497,79398,15089,93895,29586,94487,0
1220,76806,12769,78026,13989,89575,0
70967,90760,78791,161727,149758,169551,1
13678,60207,87381,73885,101059,147588,0
58365,61949,95775,120314,154140,157724,1
97961,20683,85961,118644,183922,106644,1
3948,2076,23204,6024,27152,25280,0
83962,21801,57053,105763,141015,78854,0
54072,95406,78304,149478,132376,173710,1
29592,61518,90597,91110,120189,152115,1
99166,44270,87591,143436,186757,131861,1
23267,92016,40269,115283,63536,132285,0
29593,84713,66542,114306,96135,151255,1
10475,79616,48794,90091,59269,128410,0
16459,73521,23866,89980,40325,97387,0
98985,54893,98342,153878,197327,153235,1
3621,63563,12195,67184,15816,75758,0
26232,96113,5945,122345,32177,102058,0
23528,21804,97365,45332,120893,119169,0
62869,69406,7530,132275,70399,76936,1
42389,74025,57882,116414,100271,131907,1
61277,2835,2797,64112,64074,5632,0
17441,5984,39145,23425,56586,45129,0
2798,32086,84305,34884,87103,116391,0
89529,56486,99072,146015,188601,155558,1
79552,60953,79528,140505,159080,140481,1
89114,62423,73750,151537,162864,136173,1
63023,67560,8281,130583,71304,75841,1
51633,41456,82129,93089,133762,123585,1
21935,90611,69186,112546,91121,159797,1
64455,68315,42295,132770,106750,110610,1
4948,38294,80799,43242,85747,119093,0
28550,18302,69020,46852,97570,87322,0
62129,4838,94664,66967,156793,99502,0
8955,5431,64327,14386,73282,69758,0
71762,65257,30433,137019,102195,95690,1
50149,98300,71992,148449,122141,170292,1
67096,34322,46525,101418,113621,80847,1
71094,81477,48331,152571,119425,129808,1
16009,22476,63225,38485,79234,85701,0
23148,40296,65843,63444,88991,106139,0
57202,67559,31029,124761,88231,98588,1
27496,50609,68394,78105,95890,119003,1
57012,77191,43993,134203,101005,121184,1
26657,96333,11681,122990,38338,108014,0
13587,91205,99823,104792,113410,191028,1
720,820,93794,1540,94514,94614,0
46208,1012,39955,47220,86163,40967,0
2693,33398,39547,36091,42240,72945,0
46814,28681,74592,75495,121406,103273,1
68990,83929,72171,152919,141161,156100,1
62506,24719,50139,87225,112645,74858,1
44594,9683,65329,54277,109923,75012,0
86813,13479,29599,100292,116412,43078,0
44108,32007,99185,76115,143293,131192,0
38717,67301,6605,106018,45322,73906,0
61039,26059,17184,87098,78223,43243,0
97232,67769,66881,165001,164113,134650,1
30544,96323,96206,126867,126750,192529,1
68434,91333,58677,159767,127111,150010,1
9868,1331,16710,11199,26578,18041,0
84156,18238,88564,102394,172720,106802,1
72966,76293,35410,149259,108376,111703,1
11839,84865,70088,96704,81927,154953,0
25964,7196,2017,33160,27981,9213,0
54403,3082,35718,57485,90121,38800,0
61862,97359,61652,159221,123514,159011,1
60538,32149,21563,92687,82101,53712,0
19079,9150,5688,28229,24767,14838,0
94293,60508,18128,154801,112421,78636,0
80600,37743,56146,118343,136746,93889,1
17092,58961,60945,76053,78037,119906,1
47230,31565,45239,78795,92469,76804,1
57121,24823,18913,81944,76034,43736,0
5194,41954,17799,47148,22993,59753,0
33560,41013,60915,74573,94475,101928,1
44753,12580,47715,57333,92468,60295,1
47563,67352,70376,114915,117939,137728,1
17442,31265,18483,48707,35925,49748,1
95301,33269,85322,128570,180623,118591,1
66004,67250,19657,133254,85661,86907,1
99556,16420,54228,115976,153784,70648,0
46708,60161,60996,106869,107704,121157,1
96082,87120,84206,183202,180288,171326,1
59953,34338,25898,94291,85851,60236,1
80763,38019,17222,118782,97985,55241,0
81638,97347,91784,178985,173422,189131,1
90657,3246,77565,93903,168222,80811,0
60272,48251,49259,108523,109531,97510,1
70184,82352,42706,152536,112890,125058,1
86098,32624,71661,118722,157759,104285,1
44825,79331,48291,124156,93116,127622,1
78579,78468,61102,157047,139681,139570,1
22412,97937,21647,120349,44059,119584,0
90370,18644,88048,109014,178418,106692,1
1433,28396,64280,29829,65713,92676,0
95090,25576,99206,120666,194296,124782,1
27688,77849,49980,105537,77668,127829,0
59661,41587,16498,101248,76159,58085,0
85596,3267,95134,88863,180730,98401,0
91984,96696,79604,188680,171588,176300,1
56894,49809,50633,106703,107527,100442,1
62927,65130,31452,128057,94379,96582,1
33694,33178,37226,66872,70920,70404,1
48161,7859,15470,56020,63631,23329,0
82279,72489,70368,154768,152647,142857,1
30994,97556,63827,128550,94821,161383,0
23049,61819,87033,84868,110082,148852,0
93170,57466,53253,150636,146423,110719,1
85088,30704,41478,115792,126566,72182,0
51796,53236,71687,105032,123483,124923,1
57833,90800,76730,148633,134563,167530,1
10783,394,44712,11177,55495,45106,0
52608,85315,89352,137923,141960,174667,1
45396,65400,56372,110796,101768,121772,1
33101,44582,81335,77683,114436,125917,0
13842,7141,92538,20983,106380,99679,0
21384,28595,59419,49979,80803,88014,0
36826,69130,23800,105956,60626,92930,0
53881,22896,13974,76777,67855,36870,0
52957,53464,76391,106421,129348,129855,1
14642,8762,49821,23404,64463,58583,0
73346,97660,74463,171006,147809,172123,1
33067,7182,45573,40249,78640,52755,0
82143,22935,78884,105078,161027,101819,1
9720,85801,58401,95521,68121,144202,0
18428,91242,7368,109670,25796,98610,0
45177,57172,24658,102349,69835,81830,1
26008,83804,25307,109812,51315,109111,0
91327,53670,5954,144997,97281,59624,0
26536,36540,39253,63076,65789,75793,1
84075,67716,31687,151791,115762,99403,1
38354,38641,5132,76995,43486,43773,1
2786,53319,9674,56105,12460,62993,0
19209,77368,88024,96577,107233,165392,1
55210,26737,42570,81947,97780,69307,1
70210,94468,16872,164678,87082,111340,0
92260,44343,89013,136603,181273,133356,1
21443,74626,2122,96069,23565,76748,0
14520,49231,87538,63751,102058,136769,0
8728,16407,36601,25135,45329,53008,0
86854,93210,72002,180064,158856,165212,1
97325,82577,85418,179902,182743,167995,1
55114,13483,48018,68597,103132,61501,1
79973,6443,9632,86416,89605,16075,0
39440,46950,13539,86390,52979,60489,1
45135,51481,38407,96616,83542,89888,1
23989,27840,97088,51829,121077,124928,0
6234,71965,42079,78199,48313,114044,0
10435,2962,1435,13397,11870,4397,0
73101,28242,88703,101343,161804,116945,1
51990,97624,95379,149614,147369,193003,1
76139,61921,50764,138060,126903,112685,1
98020,49261,59803,147281,157823,109064,1
63025,6463,76706,69488,139731,83169,0
56422,60301,78536,116723,134958,138837,1
44615,59630,16884,104245,61499,76514,1
66741,13946,74749,80687,141490,88695,1
9522,57494,13946,67016,23468,71440,0
44287,3610,15982,47897,60269,19592,0
18054,46664,81365,64718,99419,128029,0
13744,19244,31716,32988,45460,50960,1
10006,82366,54978,92372,64984,137344,0
20904,42235,90586,63139,111490,132821,0
40811,70036,89613,110847,130424,159649,1
53385,65972,10937,119357,64322,76909,0
88177,95496,77209,183673,165386,172705,1
30202,36071,32171,66273,62373,68242,1
86547,37377,30332,123924,116879,67709,0
40784,53563,64956,94347,105740,118519,1
29532,48678,76187,78210,105719,124865,1
55795,27074,89811,82869,145606,116885,0
28205,16331,31729,44536,59934,48060,1
50948,68830,38755,119778,89703,107585,1
45703,41776,7245,87479,52948,49021,1
10999,96491,98380,107490,109379,194871,1
9751,69490,25778,79241,35529,95268,0
51000,83452,79695,134452,130695,163147,1
1438,31841,39005,33279,40443,70846,0
18192,6158,29901,24350,48093,36059,0
89973,69925,98424,159898,188397,168349,1
43848,8281,41091,52129,84939,49372,1
23641,15043,5009,38684,28650,20052,0
42887,3501,74852,46388,117739,78353,0
66418,40686,86591,107104,153009,127277,1
94792,63088,26593,157880,121385,89681,0
35002,65704,24378,100706,59380,90082,0
99979,91657,80278,191636,180257,171935,1
184,55,95067,239,95251,95122,0
63635,54824,62127,118459,125762,116951,1
30844,64532,79019,95376,109863,143551,1
13943,91755,89400,105698,103343,181155,1
78849,24741,65261,103590,144110,90002,1
7654,94156,31168,101810,38822,125324,0
63857,85539,57984,149396,121841,143523,1
96582,83780,20653,180362,117235,104433,1
83776,99901,47715,183677,131491,147616,1
46129,61132,54850,107261,100979,115982,1
6897,95381,84648,102278,91545,180029,0
20686,24274,87762,44960,108448,112036,0
81290,50396,17504,131686,98794,67900,0
59150,97950,50135,157100,109285,148085,1
34820,34788,30019,69608,64839,64807,1
27130,22766,18337,49896,45467,41103,1
46450,62416,15389,108866,61839,77805,0
27181,10374,15341,37555,42522,25715,0
72222,68874,55986,141096,128208,124860,1
42032,1277,11459,43309,53491,12736,0
34688,93687,21925,128375,56613,115612,0
55500,16432,25919,71932,81419,42351,0
96697,36304,96839,133001,193536,133143,1
82557,75320,67517,157877,150074,142837,1
9379,81842,32578,91221,41957,114420,0
66791,75971,83716,142762,150507,159687,1
44049,59107,23610,103156,67659,82717,1
82663,50263,24684,132926,107347,74947,0
7666,92115,50934,99781,58600,143049,0
94240,51270,57991,145510,152231,109261,1
41438,51949,71036,93387,112474,122985,1
10765,67709,9766,78474,20531,77475,0
80308,65893,61819,146201,142127,127712,1
13164,50238,49574,63402,62738,99812,1
79147,99318,60351,178465,139498,159669,1
49031,70200,86793,119231,135824,156993,1
66742,28016,76927,94758,143669,104943,1
95831,41420,48711,137251,144542,90131,0
4570,45017,31288,49587,35858,76305,0
64876,75124,31513,140000,96389,106637,1
51724,43878,16922,95602,68646,60800,1
4629,45180,81384,49809,86013,126564,0
14891,4419,78167,19310,93058,82586,0
98378,57937,28579,156315,126957,86516,0
79131,72162,86123,151293,165254,158285,1
90982,87488,53066,178470,144048,140554,1
56074,60771,7050,116845,63124,67821,1
28825,99145,82800,127970,111625,181945,1
38180,28520,88054,66700,126234,116574,0
14749,25873,29238,40622,43987,55111,1
62101,89776,46454,151877,108555,136230,1
48065,52364,50326,100429,98391,102690,1
68861,66506,39891,135367,108752,106397,1
3058,21598,75443,24656,78501,97041,0
94001,41704,81806,135705,175807,123510,1
34428,83873,75305,118301,109733,159178,1
51431,37298,16517,88729,67948,53815,1
38125,84011,7632,122136,45757,91643,0
51467,51066,93956,102533,145423,145022,1
26043,88997,28218,115040,54261,117215,0
73509,58340,65987,131849,139496,124327,1
16077,47180,69187,63257,85264,116367,0
13378,88893,63429,102271,76807,152322,0
1303,53983,85371,55286,86674,139354,0
41245,40414,89209,81659,130454,129623,0
73712,37126,38573,110838,112285,75699,1
90921,77780,21989,168701,112910,99769,1
26687,72071,17053,98758,43740,89124,0
86327,17938,77615,104265,163942,95553,1
46720,97026,69722,143746,116442,166748,1
17577,51293,18765,68870,36342,70058,0
49420,71085,96004,120505,145424,167089,1
84920,78304,43502,163224,128422,121806,1
10232,91924,28032,102156,38264,119956,0
79088,26775,76659,105863,155747,103434,1
53881,92269,80256,146150,134137,172525,1
81478,85172,57407,166650,138885,142579,1
3114,47017,23441,50131,26555,70458,0
47991,67087,31926,115078,79917,99013,1
55303,18689,76957,73992,132260,95646,0
71548,68181,13308,139729,84856,81489,1
46631,77935,59499,124566,106130,137434,1
96589,49631,29811,146220,126400,79442,0
50273,16121,30671,66394,80944,46792,0
67712,72771,76816,140483,144528,149587,1
70752,32192,10556,102944,81308,42748,0
62473,50119,69273,112592,131746,119392,1
19140,44186,67050,63326,86190,111236,0
4122,6064,12072,10186,16194,18136,0
80182,30415,29985,110597,110167,60400,0
7762,24235,78963,31997,86725,103198,0
53863,2529,19175,56392,73038,21704,0
68821,76007,65030,144828,133851,141037,1
61699,47127,53581,108826,115280,100708,1
36945,44494,69805,81439,106750,114299,1
15657,43619,61840,59276,77497,105459,0
76770,11712,64920,88482,141690,76632,0
72334,67302,77498,139636,149832,144800,1
10755,51305,85523,62060,96278,136828,0
20354,58537,94439,78891,114793,152976,0
63957,36640,32377,100597,96334,69017,1
15931,90569,27544,106500,43475,118113,0
57061,63517,24061,120578,81122,87578,1
88479,46625,98394,135104,186873,145019,1
87594,64390,68405,151984,155999,132795,1
83007,89498,17295,172505,100302,106793,1
61938,73543,28727,135481,90665,102270,1
64330,48621,1474,112951,65804,50095,0
54450,39537,27204,93987,81654,66741,1
79767,70934,11398,150701,91165,82332,1
75935,65712,52874,141647,128809,118586,1
70149,17797,85635,87946,155784,103432,1
77900,72317,85274,150217,163174,157591,1
13100,98049,82554,111149,95654,180603,0
28434,11124,81686,39558,110120,92810,0
9973,85903,89203,95876,99176,175106,1
26689,29899,35794,56588,62483,65693,1
54114,88533,48881,142647,102995,137414,1
22785,22587,78264,45372,101049,100851,0
74568,32433,87519,107001,162087,119952,1
40761,73484,8309,114245,49070,81793,0
73141,96482,65041,169623,138182,161523,1
45007,16493,26308,61500,71315,42801,0
7045,2253,69534,9298,76579,71787,0
56083,5641,75522,61724,131605,81163,0
41296,26212,72345,67508,113641,98557,0
21037,65288,73879,86325,94916,139167,1
65938,29456,6032,95394,71970,35488,0
87284,65694,56993,152978,144277,122687,1
58809,42789,75288,101598,134097,118077,1
65720,35768,61846,101488,127566,97614,1
57663,41256,63415,98919,121078,104671,1
69516,41142,75311,110658,144827,116453,1
73494,58286,99402,131780,172896,157688,1
5888,77031,96006,82919,101894,173037,0
88873,6820,93809,95693,182682,100629,1
17211,90169,15544,107380,32755,105713,0
56852,19133,91023,75985,147875,110156,0
14486,99609,65556,114095,80042,165165,0
60370,74519,28202,134889,88572,102721,1
37418,8436,85282,45854,122700,93718,0
2686,26540,16480,29226,19166,43020,0
64531,38474,51540,103005,116071,90014,1
5404,24289,12963,29693,18367,37252,0
99485,89838,59141,189323,158626,148979,1
7248,91204,40641,98452,47889,131845,0
83685,90942,45539,174627,129224,136481,1
36370,79205,57315,115575,93685,136520,1
45760,43511,59100,89271,104860,102611,1
83342,18279,74579,101621,157921,92858,1
78890,95637,30168,174527,109058,125805,1
78871,82280,73198,161151,152069,155478,1
59144,20226,17269,79370,76413,37495,0
9442,13502,74193,22944,83635,87695,0
60550,48957,53031,109507,113581,101988,1
85579,47821,57011,133400,142590,104832,1
46378,53500,57769,99878,104147,111269,1
81477,88332,78743,169809,160220,167075,1
4822,66162,23118,70984,27940,89280,0
8889,44380,60069,53269,68958,104449,0
41327,15638,14231,56965,55558,29869,0
42204,46011,52301,88215,94505,98312,1
65835,55203,14529,121038,80364,69732,1
59998,56084,25498,116082,85496,81582,1
48715,78362,66697,127077,115412,145059,1
58998,97685,1037,156683,60035,98722,0
47928,90062,37016,137990,84944,127078,0
66494,62982,90111,129476,156605,153093,1
70096,67892,9990,137988,80086,77882,1
59979,43796,25651,103775,85630,69447,1
55173,37378,46363,92551,101536,83741,1
46275,21988,46230,68263,92505,68218,1
14165,53354,35310,67519,49475,88664,0
5927,21093,85452,27020,91379,106545,0
87350,72775,56373,160125,143723,129148,1
50076,71240,8384,121316,58460,79624,0
3838,1188,626,5026,4464,1814,0
36810,14078,10285,50888,47095,24363,0
86620,28403,61189,115023,147809,89592,1
74393,4629,87869,79022,162262,92498,0
46355,84808,73725,131163,120080,158533,1
42806,21660,80451,64466,123257,102111,0
48519,95650,38799,144169,87318,134449,0
25139,37670,42328,62809,67467,79998,1
4223,82660,56679,86883,60902,139339,0
42938,74504,62894,117442,105832,137398,1
50390,41239,55706,91629,106096,96945,1
2266,28864,37238,31130,39504,66102,0
56862,38084,77004,94946,133866,115088,1
54538,63047,21471,117585,76009,84518,1
78657,43822,14335,122479,92992,58157,0
73742,64760,73004,138502,146746,137764,1
79390,71359,72160,150749,151550,143519,1
89895,80454,24831,170349,114726,105285,1
39400,12851,69413,52251,108813,82264,0
46482,75919,34113,122401,80595,110032,1
93073,31924,17317,124997,110390,49241,0
80955,59388,77312,140343,158267,136700,1
58708,42309,97733,101017,156441,140042,1
95361,22520,75064,117881,170425,97584,1
34176,64608,88830,98784,123006,153438,1
92422,84395,21155,176817,113577,105550,1
38799,41364,86240,80163,125039,127604,0
80144,45594,94832,125738,174976,140426,1
23598,35657,37134,59255,60732,72791,1
93199,31723,48749,124922,141948,80472,0
16395,7445,21356,23840,37751,28801,1
13937,38076,32523,52013,46460,70599,1
7418,36557,68403,43975,75821,104960,0
44743,12402,57905,57145,102648,70307,0
1492,94910,3743,96402,5235,98653,0
66149,85994,28733,152143,94882,114727,1
20416,70012,99765,90428,120181,169777,0
92787,16956,39699,109743,132486,56655,0
99232,42108,17373,141340,116605,59481,0
75554,74400,63339,149954,138893,137739,1
99992,13923,4174,113915,104166,18097,0
17341,74536,3503,91877,20844,78039,0
65591,97909,87370,163500,152961,185279,1
81252,19992,42183,101244,123435,62175,0
42701,37672,33151,80373,75852,70823,1
45524,28516,34098,74040,79622,62614,1
39587,16812,71835,56399,111422,88647,0
11394,44686,91890,56080,103284,136576,0
60551,25127,30118,85678,90669,55245,0
75922,65070,7905,140992,83827,72975,0
73382,62157,52569,135539,125951,114726,1
13044,6709,90508,19753,103552,97217,0
85919,35180,78870,121099,164789,114050,1
2586,29481,50664,32067,53250,80145,0
36960,56795,84145,93755,121105,140940,1
68618,52875,21128,121493,89746,74003,1
55825,15556,62399,71381,118224,77955,1
94056,63124,52834,157180,146890,115958,1
43386,12922,47972,56308,91358,60894,1
96058,96279,70573,192337,166631,166852,1
97653,841,93872,98494,191525,94713,0
34855,59492,44667,94347,79522,104159,1
47671,55426,41392,103097,89063,96818,1
64839,44011,72182,108850,137021,116193,1
4654,26935,37770,31589,42424,64705,0
4721,77871,83823,82592,88544,161694,0
16225,23426,95733,39651,111958,119159,0
97324,14886,70312,112210,167636,85198,0
39919,85852,48443,125771,88362,134295,1
73927,73701,76333,147628,150260,150034,1
42088,69825,59948,111913,102036,129773,1
29062,473,6295,29535,35357,6768,0
7942,72955,17249,80897,25191,90204,0
19232,80005,31402,99237,50634,111407,0
23217,89935,65519,113152,88736,155454,0
96788,27195,27588,123983,124376,54783,0
57476,65675,684,123151,58160,66359,0
56367,66417,96654,122784,153021,163071,1
62741,97613,90129,160354,152870,187742,1
48474,60518,87987,108992,136461,148505,1
9087,72939,25374,82026,34461,98313,0
86998,20342,3770,107340,90768,24112,0
58033,76097,65049,134130,123082,141146,1
6985,10488,49507,17473,56492,59995,0
17198,8027,27661,25225,44859,35688,0
84071,68375,92063,152446,176134,160438,1
51065,25375,32045,76440,83110,57420,1
53998,34375,25868,88373,79866,60243,1
103,42441,2155,42544,2258,44596,0
72668,38577,5753,111245,78421,44330,0
74916,3094,4750,78010,79666,7844,0
52001,8963,93868,60964,145869,102831,0
57889,99173,31493,157062,89382,130666,0
84682,15250,90930,99932,175612,106180,1
45134,97803,90508,142937,135642,188311,1
67647,59641,11147,127288,78794,70788,1
38497,850,20990,39347,59487,21840,0
12645,47805,67324,60450,79969,115129,0
69868,80115,2449,149983,72317,82564,0
67152,83784,48280,150936,115432,132064,1
18133,94526,36668,112659,54801,131194,0
96692,85150,8461,181842,105153,93611,0
64712,80423,29361,145135,94073,109784,1
44812,46773,93485,91585,138297,140258,0
47744,30341,8834,78085,56578,39175,0
8787,63069,67759,71856,76546,130828,1
3238,96276,74861,99514,78099,171137,0
75681,56121,52425,131802,128106,108546,1
54544,69609,47946,124153,102490,117555,1
70268,22839,24540,93107,94808,47379,0
8596,29282,71004,37878,79600,100286,0
68930,88639,47171,157569,116101,135810,1
82450,99176,83739,181626,166189,182915,1
72143,34594,47863,106737,120006,82457,1
37987,47196,94430,85183,132417,141626,0
33948,19165,46888,53113,80836,66053,1
28104,74125,38558,102229,66662,112683,0
73778,98424,41074,172202,114852,139498,1
51045,56977,91017,108022,142062,147994,1
44526,73453,31750,117979,76276,105203,1
54546,28885,8962,83431,63508,37847,0
25574,80801,51984,106375,77558,132785,0
33941,9428,71715,43369,105656,81143,0
55129,51103,19358,106232,74487,70461,1
19246,28652,36953,47898,56199,65605,1
78915,21252,86926,100167,165841,108178,1
59671,64193,85772,123864,145443,149965,1
52203,43716,26292,95919,78495,70008,1
62996,91391,54738,154387,117734,146129,1
93676,77742,5782,171418,99458,83524,0
44793,71017,44546,115810,89339,115563,1
56689,92008,770,148697,57459,92778,0
39160,27263,63385,66423,102545,90648,1
76380,81181,16853,157561,93233,98034,1
77732,52296,28866,130028,106598,81162,1
73337,61398,7688,134735,81025,69086,0
78118,48353,21740,126471,99858,70093,0
90829,21782,95481,112611,186310,117263,1
8783,84365,28565,93148,37348,112930,0
84429,75513,29196,159942,113625,104709,1
75664,74117,58885,149781,134549,133002,1
93453,22695,12612,116148,106065,35307,0
61221,19326,87382,80547,148603,106708,0
63707,54448,52079,118155,115786,106527,1
49062,72999,79793,122061,128855,152792,1
98474,12848,44426,111322,142900,57274,0
48583,3209,84003,51792,132586,87212,0
10788,94976,37091,105764,47879,132067,0
24452,98740,32045,123192,56497,130785,0
40310,75529,37870,115839,78180,113399,1
53917,19385,3560,73302,57477,22945,0
9708,26661,39818,36369,49526,66479,0
69380,3049,97849,72429,167229,100898,0
77349,7317,42790,84666,120139,50107,0
46117,51527,59489,97644,105606,111016,1
77301,34491,33097,111792,110398,67588,0
42650,38371,30700,81021,73350,69071,1
94797,86691,12488,181488,107285,99179,1
12870,16567,53741,29437,66611,70308,0
39693,11400,35250,51093,74943,46650,1
41266,72528,98974,113794,140240,171502,1
93615,52422,39801,146037,133416,92223,0
23754,12499,49946,36253,73700,62445,0
88592,64422,47418,153014,136010,111840,1
89632,93818,93987,183450,183619,187805,1
89154,52094,89220,141248,178374,141314,1
26408,86263,19535,112671,45943,105798,0
65184,18992,89065,84176,154249,108057,0
82493,57566,25718,140059,108211,83284,1
19680,10223,63256,29903,82936,73479,0
23159,12143,15135,35302,38294,27278,1
5845,23846,26177,29691,32022,50023,1
66590,13168,97886,79758,164476,111054,0
92381,29730,10269,122111,102650,39999,0
67223,5850,74103,73073,141326,79953,0
45956,57871,95848,103827,141804,153719,1
53459,57785,17796,111244,71255,75581,1
70311,19178,67849,89489,138160,87027,1
30234,15416,23767,45650,54001,39183,1
63995,62896,53208,126891,117203,116104,1
73400,49897,70592,123297,143992,120489,1
39545,86062,75674,125607,115219,161736,1
95762,51900,3108,147662,98870,55008,0
80180,6414,40741,86594,120921,47155,0
16967,35191,74294,52158,91261,109485,0
60,24566,23533,24626,23593,48099,0
46868,25257,92437,72125,139305,117694,0
24306,90953,63376,115259,87682,154329,0
67805,40028,8646,107833,76451,48674,0
64504,51776,63241,116280,127745,115017,1
92305,54243,67326,146548,159631,121569,1
24520,95844,70517,120364,95037,166361,0
90541,89318,26476,179859,117017,115794,1
6109,83271,73793,89380,79902,157064,0
16996,95009,73902,112005,90898,168911,0
86078,67511,60317,153589,146395,127828,1
18565,32359,12499,50924,31064,44858,0
11859,14857,38788,26716,50647,53645,0
75707,99287,25259,174994,100966,124546,1
80360,93257,72647,173617,153007,165904,1
32780,96245,76583,129025,109363,172828,1
57242,31243,30121,88485,87363,61364,1
71246,94393,13334,165639,84580,107727,0
80806,18145,69597,98951,150403,87742,1
17404,98858,17302,116262,34706,116160,0
50976,55551,5735,106527,56711,61286,1
32162,57733,37168,89895,69330,94901,1
47996,66935,20943,114931,68939,87878,1
76456,63362,33864,139818,110320,97226,1
80789,75143,57713,155932,138502,132856,1
40662,17299,84299,57961,124961,101598,0
52517,45219,81261,97736,133778,126480,1
15314,30113,50462,45427,65776,80575,0
83309,73844,9514,157153,92823,83358,1
45330,28569,189,73899,45519,28758,0
7023,29881,2924,36904,9947,32805,0
69280,66076,97908,135356,167188,163984,1
33709,52509,1061,86218,34770,53570,0
52711,87470,86862,140181,139573,174332,1
33957,83407,73378,117364,107335,156785,1
74217,3894,77216,78111,151433,81110,1
74618,70636,45272,145254,119890,115908,1
67746,36710,46357,104456,114103,83067,1
71697,86199,27809,157896,99506,114008,1
70063,96502,28155,166565,98218,124657,1
78923,36198,87264,115121,166187,123462,1
62747,52387,36341,115134,99088,88728,1
34186,32731,99072,66917,133258,131803,0
97568,30572,4558,128140,102126,35130,0
41280,24305,66858,65585,108138,91163,0
37739,42001,3317,79740,41056,45318,0
74937,21742,91535,96679,166472,113277,1
63995,95410,73713,159405,137708,169123,1
39385,10671,75276,50056,114661,85947,0
83258,66652,12606,149910,95864,79258,0
51349,83092,94336,134441,145685,177428,1
84040,93452,71872,177492,155912,165324,1
97250,7982,5047,105232,102297,13029,0
4888,41004,16615,45892,21503,57619,0
53336,69102,14768,122438,68104,83870,0
9526,4359,60926,13885,70452,65285,0
199,52154,51285,52353,51484,103439,0
1935,50406,31287,52341,33222,81693,0
76592,53841,79270,130433,155862,133111,1
21250,22385,88510,43635,109760,110895,0
3869,46343,17164,50212,21033,63507,0
86811,39949,89132,126760,175943,129081,1
66215,96646,88592,162861,154807,185238,1
6150,85174,55911,91324,62061,141085,0
27925,52361,37025,80286,64950,89386,1
97302,20979,39913,118281,137215,60892,0
31239,43440,26257,74679,57496,69697,1
76664,38234,56261,114898,132925,94495,1
30368,97760,19943,128128,50311,117703,0
61963,12997,80567,74960,142530,93564,0
1435,5462,21179,6897,22614,26641,0
98192,4642,86690,102834,184882,91332,0
1825,5452,61957,7277,63782,67409,0
56577,69260,16438,125837,73015,85698,1
76626,34524,25052,111150,101678,59576,0
59805,11522,89952,71327,149757,101474,0
14260,65275,8813,79535,23073,74088,0
93564,47093,24678,140657,118242,71771,0
85605,79942,48550,165547,134155,128492,1
9960,21163,72254,31123,82214,93417,0
78221,86789,71806,165010,150027,158595,1
32026,9583,5312,41609,37338,14895,0
20287,71765,19022,92052,39309,90787,0
53154,38105,47238,91259,100392,85343,1
83406,80930,66171,164336,149577,147101,1
49674,19044,71228,68718,120902,90272,0
70851,81553,97383,152404,168234,178936,1
89918,7015,97626,96933,187544,104641,0
39712,92235,71735,131947,111447,163970,1
14198,39163,44946,53361,59144,84109,1
37687,42740,24247,80427,61934,66987,1
92537,42478,25116,135015,117653,67594,0
84096,16390,43061,100486,127157,59451,0
77619,92585,87527,170204,165146,180112,1
73146,37923,64682,111069,137828,102605,1
35998,73171,55631,109169,91629,128802,1
29472,39809,27675,69281,57147,67484,1
83018,48642,66807,131660,149825,115449,1
14361,76733,33200,91094,47561,109933,0
81154,24197,82666,105351,163820,106863,1
74151,11425,65468,85576,139619,76893,1
49415,18715,75200,68130,124615,93915,0
30561,35093,34976,65654,65537,70069,1
80983,8331,34443,89314,115426,42774,0
45347,89426,43783,134773,89130,133209,0
54667,83806,5015,138473,59682,88821,0
61353,1600,19277,62953,80630,20877,0
47472,41399,54985,88871,102457,96384,1
1899,58890,32543,60789,34442,91433,0
82775,38083,26484,120858,109259,64567,0
15974,23715,96456,39689,112430,120171,0
7699,38278,53935,45977,61634,92213,0
52245,72606,84543,124851,136788,157149,1
61562,26956,57097,88518,118659,84053,1
4914,20129,59650,25043,64564,79779,0
94445,55938,16084,150383,110529,72022,0
13556,90446,16629,104002,30185,107075,0
69237,75983,49969,145220,119206,125952,1
83219,18756,3171,101975,86390,21927,0
42034,21966,32028,64000,74062,53994,1
14816,82541,92439,97357,107255,174980,1
15785,73660,22748,89445,38533,96408,0
76156,15049,63536,91205,139692,78585,1
15915,87963,92155,103878,108070,180118,1
53537,38612,12900,92149,66437,51512,0
74000,73166,57305,147166,131305,130471,1
43377,55001,81403,98378,124780,136404,1
97116,34672,72536,131788,169652,107208,1
20525,62531,33927,83056,54452,96458,0
55684,96083,26282,151767,81966,122365,0
42248,30186,2485,72434,44733,32671,0
45466,65805,15064,111271,60530,80869,0
4900,72681,21471,77581,26371,94152,0
90813,22595,18565,113408,109378,41160,0
21403,78141,43702,99544,65105,121843,0
17572,17020,13838,34592,31410,30858,1
13506,91517,38046,105023,51552,129563,0
62005,47003,41994,109008,103999,88997,1
47305,53558,71287,100863,118592,124845,1
83014,6760,12926,89774,95940,19686,0
51200,43985,62003,95185,113203,105988,1
19061,34538,19778,53599,38839,54316,1
97325,2988,23324,100313,120649,26312,0
57185,13316,99031,70501,156216,112347,0
7890,42095,85927,49985,93817,128022,0
36594,48677,83282,85271,119876,131959,1
1627,57256,871,58883,2498,58127,0
21388,27143,71183,48531,92571,98326,0
37766,29071,41851,66837,79617,70922,1
92865,79343,89650,172208,182515,168993,1
16110,99400,64455,115510,80565,163855,0
40961,54393,41898,95354,82859,96291,1
13764,3089,61913,16853,75677,65002,0
73051,22291,29154,95342,102205,51445,0
63943,37290,79423,101233,143366,116713,1
54022,25803,2728,79825,56750,28531,0
47150,63120,60106,110270,107256,123226,1
64039,43301,61775,107340,125814,105076,1
82065,42148,26819,124213,108884,68967,0
33689,13253,55490,46942,89179,68743,0
45665,17888,4471,63553,50136,22359,0
83087,45482,23020,128569,106107,68502,0
178,84415,7685,84593,7863,92100,0
84856,54312,18769,139168,103625,73081,0
51636,90677,72673,142313,124309,163350,1
5179,46107,6685,51286,11864,52792,0
25682,66792,39856,92474,65538,106648,0
2269,39728,64023,41997,66292,103751,0
76728,66917,21288,143645,98016,88205,1
58613,70563,31394,129176,90007,101957,1
13265,69961,69253,83226,82518,139214,1
17575,6287,17576,23862,35151,23863,1
83058,76627,82497,159685,165555,159124,1
70855,73034,4438,143889,75293,77472,1
11883,62709,85615,74592,97498,148324,0
28103,28753,96899,56856,125002,125652,0
51278,61299,18916,112577,70194,80215,1
20004,75136,90482,95140,110486,165618,1
45700,59541,5664,105241,51364,65205,0
47865,15035,60617,62900,108482,75652,1
35731,6762,29488,42493,65219,36250,1
40302,7196,67365,47498,107667,74561,0
46507,21454,78700,67961,125207,100154,0
61562,73375,99754,134937,161316,173129,1
43662,55009,8148,98671,51810,63157,0
85412,40582,18435,125994,103847,59017,0
55643,25189,57726,80832,113369,82915,1
58590,1218,28170,59808,86760,29388,0
84516,7860,8088,92376,92604,15948,0
38759,60068,50218,98827,88977,110286,1
80915,50001,97196,130916,178111,147197,1
14707,19716,70633,34423,85340,90349,0
60309,27197,9696,87506,70005,36893,0
19158,11475,32611,30633,51769,44086,0
64578,50184,83120,114762,147698,133304,1
22739,81699,42526,104438,65265,124225,0
98676,4814,26767,103490,125443,31581,0
87717,77278,16576,164995,104293,93854,1
47070,7233,41126,54303,88196,48359,1
13986,39900,20622,53886,34608,60522,0
46789,14446,3986,61235,50775,18432,0
72320,15247,97437,87567,169757,112684,0
3486,78975,57184,82461,60670,136159,0
48014,66785,10144,114799,58158,76929,0
85666,7610,82832,93276,168498,90442,1
11170,65851,45918,77021,57088,111769,0
55884,34076,97725,89960,153609,131801,0
84724,17793,56628,102517,141352,74421,0
71246,49029,40513,120275,111759,89542,1
10925,97358,72865,108283,83790,170223,0
94958,35116,96458,130074,191416,131574,1
85190,55752,60807,140942,145997,116559,1
63731,43731,54347,107462,118078,98078,1
41653,52006,68822,93659,110475,120828,1
98426,89015,17210,187441,115636,106225,1
90633,99371,12737,190004,103370,112108,1
6274,39556,63010,45830,69284,102566,0
16172,2681,81246,18853,97418,83927,0
18971,23623,28973,42594,47944,52596,1
27135,10325,27066,37460,54201,37391,1
92701,89601,58321,182302,151022,147922,1
80095,51269,68047,131364,148142,119316,1
40282,40567,339,80849,40621,40906,1
53261,49750,71179,103011,124440,120929,1
76987,98697,83109,175684,160096,181806,1
57877,98047,89964,155924,147841,188011,1
7134,49839,92891,56973,100025,142730,0
44029,72536,30055,116565,74084,102591,1
44174,99003,2628,143177,46802,101631,0
72288,66337,58910,138625,131198,125247,1
2775,28724,52899,31499,55674,81623,0
12082,60618,19882,72700,31964,80500,0
69071,2916,17233,71987,86304,20149,0
37577,20581,20782,58158,58359,41363,1
82252,9881,26054,92133,108306,35935,0
28016,60853,49825,88869,77841,110678,1
49387,86261,30721,135648,80108,116982,0
37782,34364,85452,72146,123234,119816,0
52386,7171,17371,59557,69757,24542,0
46646,85917,63659,132563,110305,149576,1
92876,67999,93877,160875,186753,161876,1
83616,9757,88942,93373,172558,98699,1
33114,21678,21992,54792,55106,43670,1
24085,353,6400,24438,30485,6753,0
57361,23267,14914,80628,72275,38181,0
73531,324,44199,73855,117730,44523,0
42247,7625,74984,49872,117231,82609,0
53241,15087,65194,68328,118435,80281,1
63309,82328,40159,145637,103468,122487,1
5850,38117,46875,43967,52725,84992,0
84497,58559,23108,143056,107605,81667,0
69179,28661,87059,97840,156238,115720,1
6082,83251,58869,89333,64951,142120,0
63211,52786,72441,115997,135652,125227,1
40682,81791,69127,122473,109809,150918,1
46532,33769,89939,80301,136471,123708,0
45700,2588,46310,48288,92010,48898,1
31981,45744,32524,77725,64505,78268,1
12781,84570,77552,97351,90333,162122,1
63996,8273,37948,72269,101944,46221,0
30685,77964,73994,108649,104679,151958,1
49274,47641,21193,96915,70467,68834,1
68859,63279,13982,132138,82841,77261,1
37950,46660,3391,84610,41341,50051,0
57033,52444,47045,109477,104078,99489,1
73165,57460,80259,130625,153424,137719,1
36638,29530,16651,66168,53289,46181,1
89119,74386,17542,163505,106661,91928,1
53276,70831,38308,124107,91584,109139,1
95067,10993,49258,106060,144325,60251,0
46402,64517,87447,110919,133849,151964,1
42913,51268,65573,94181,108486,116841,1
33142,64832,128,97974,33270,64960,0
90731,52948,16019,143679,106750,68967,0
63015,1523,48129,64538,111144,49652,0
10128,20272,33141,30400,43269,53413,0
47052,71889,8835,118941,55887,80724,0
22870,64438,54678,87308,77548,119116,1
48362,23314,3620,71676,51982,26934,0
7525,78876,92561,86401,100086,171437,0
89535,82143,4816,171678,94351,86959,0
63780,66333,46345,130113,110125,112678,1
20120,66107,19924,86227,40044,86031,0
84788,52426,68397,137214,153185,120823,1
77845,53228,82435,131073,160280,135663,1
61539,47730,59357,109269,120896,107087,1
90044,3816,84235,93860,174279,88051,0
12910,96750,16191,109660,29101,112941,0
37600,38901,61287,76501,98887,100188,1
11327,69,9364,11396,20691,9433,0
70163,62552,67593,132715,137756,130145,1
59037,28773,46654,87810,105691,75427,1
94104,83198,42518,177302,136622,125716,1
14440,60563,68193,75003,82633,128756,1
58717,74970,13351,133687,72068,88321,0
57034,64329,85388,121363,142422,149717,1
13359,38175,99702,51534,113061,137877,0
26915,38586,3149,65501,30064,41735,0
6017,79773,41577,85790,47594,121350,0
11382,22228,86665,33610,98047,108893,0
93048,99318,27800,192366,120848,127118,1
12134,33888,11436,46022,23570,45324,0
9175,21977,58155,31152,67330,80132,0
96673,94555,83503,191228,180176,178058,1
66969,17629,14618,84598,81587,32247,0
13149,10400,26625,23549,39774,37025,0
72872,6910,29643,79782,102515,36553,0
46900,71450,1350,118350,48250,72800,0
97189,27979,93738,125168,190927,121717,1
63316,18397,489,81713,63805,18886,0
69255,60399,14612,129654,83867,75011,1
82674,59099,55757,141773,138431,114856,1
20114,12448,38436,32562,58550,50884,0
64614,44447,36778,109061,101392,81225,1
19061,59981,34832,79042,53893,94813,0
87773,62231,42956,150004,130729,105187,1
55224,73167,61600,128391,116824,134767,1
24883,54071,48304,78954,73187,102375,1
91836,65281,21356,157117,113192,86637,0
39783,29908,76686,69691,116469,106594,0
91954,76005,74955,167959,166909,150960,1
99321,54650,18309,153971,117630,72959,0
1437,7620,75227,9057,76664,82847,0
85241,39690,14372,124931,99613,54062,0
31724,69777,3087,101501,34811,72864,0
92394,70190,18426,162584,110820,88616,0
62946,26105,14110,89051,77056,40215,0
48544,43057,3461,91601,52005,46518,0
87443,60007,23294,147450,110737,83301,0
63963,3685,99444,67648,163407,103129,0
6283,88157,38314,94440,44597,126471,0
32311,18373,41623,50684,73934,59996,1
97353,8582,5035,105935,102388,13617,0
83512,91676,88255,175188,171767,179931,1
94059,49948,5753,144007,99812,55701,0
49302,97412,70228,146714,119530,167640,1
53696,56412,85187,110108,138883,141599,1
20234,33640,51106,53874,71340,84746,1
2277,86682,29110,88959,31387,115792,0
3579,97686,16682,101265,20261,114368,0
64277,13251,20891,77528,85168,34142,0
13840,37994,76940,51834,90780,114934,0
32849,25035,19473,57884,52322,44508,1
55471,30181,75686,85652,131157,105867,1
75259,30055,89437,105314,164696,119492,1
87578,17719,71189,105297,158767,88908,1
93614,81801,5831,175415,99445,87632,0
2112,57993,11615,60105,13727,69608,0
9595,74986,79475,84581,89070,154461,1
46304,5309,14664,51613,60968,19973,0
37387,3319,37093,40706,74480,40412,1
72296,96595,84853,168891,157149,181448,1
47763,98656,52949,146419,100712,151605,1
66641,66979,67012,133620,133653,133991,1
33344,65921,43943,99265,77287,109864,1
16502,39541,45091,56043,61593,84632,1
48263,15092,12901,63355,61164,27993,0
75309,23472,12684,98781,87993,36156,0
95355,47631,8863,142986,104218,56494,0
45360,27845,91486,73205,136846,119331,0
46338,2923,22792,49261,69130,25715,0
9783,59010,70457,68793,80240,129467,0
87198,90454,69202,177652,156400,159656,1
81457,34619,12798,116076,94255,47417,0
87478,81467,28894,168945,116372,110361,1
93714,28840,52462,122554,146176,81302,0
77135,38329,56225,115464,133360,94554,1
28305,60873,69235,89178,97540,130108,1
46950,14274,54799,61224,101749,69073,1
26392,33591,60193,59983,86585,93784,0
76615,53298,72852,129913,149467,126150,1
42685,78892,3625,121577,46310,82517,0
27740,42138,96581,69878,124321,138719,0
52742,26423,78570,79165,131312,104993,1
10015,46446,886,56461,10901,47332,0
33934,4050,73750,37984,107684,77800,0
44461,40318,34596,84779,79057,74914,1
64983,21901,80329,86884,145312,102230,1
18214,36029,81534,54243,99748,117563,0
76197,28225,59003,104422,135200,87228,1
47430,77540,41434,124970,88864,118974,1
93650,78245,93205,171895,186855,171450,1
81100,74020,53878,155120,134978,127898,1
25231,36965,45813,62196,71044,82778,1
59097,84347,98782,143444,157879,183129,1
37541,16790,38394,54331,75935,55184,1
49662,57704,21830,107366,71492,79534,1
7738,87134,83809,94872,91547,170943,1
86131,80969,96455,167100,182586,177424,1
57158,72618,55708,129776,112866,128326,1
55569,92795,12205,148364,67774,105000,0
94995,26040,65144,121035,160139,91184,0
30687,45070,26704,75757,57391,71774,1
95206,9805,59122,105011,154328,68927,0
87717,77405,1827,165122,89544,79232,0
53900,6290,85841,60190,139741,92131,0
89893,49354,214,139247,90107,49568,0
91609,13484,13052,105093,104661,26536,0
47408,9037,48141,56445,95549,57178,1
77944,80590,29425,158534,107369,110015,1
2810,31580,86756,34390,89566,118336,0
47292,81136,38593,128428,85885,119729,1
65589,8153,71952,73742,137541,80105,1
66965,37505,89523,104470,156488,127028,1
99524,59621,61831,159145,161355,121452,1
88656,67923,73596,156579,162252,141519,1
37656,57064,43842,94720,81498,100906,1
89360,43368,95176,132728,184536,138544,1
41800,72428,35948,114228,77748,108376,1
94400,22355,20468,116755,114868,42823,0
85763,47551,48374,133314,134137,95925,1
26362,47211,96369,73573,122731,143580,0
47768,7286,56454,55054,104222,63740,0
52021,3061,70398,55082,122419,73459,0
67490,72533,83000,140023,150490,155533,1
34021,50294,12121,84315,46142,62415,0
53243,52577,77825,105820,131068,130402,1
47240,54438,55709,101678,102949,110147,1
27725,19753,92563,47478,120288,112316,0
86122,65649,7504,151771,93626,73153,0
75070,54451,1561,129521,76631,56012,0
90969,39743,55584,130712,146553,95327,1
87462,50923,26581,138385,114043,77504,0
25335,78333,22862,103668,48197,101195,0
18044,85843,45972,103887,64016,131815,0
43088,99983,80783,143071,123871,180766,1
60641,73548,28314,134189,88955,101862,1
68592,33332,17137,101924,85729,50469,0
49169,17001,26739,66170,75908,43740,0
38995,54519,90287,93514,129282,144806,1
95059,42753,70459,137812,165518,113212,1
50435,93958,17376,144393,67811,111334,0
19959,67777,91201,87736,111160,158978,0
66134,50632,57972,116766,124106,108604,1
57798,94660,49099,152458,106897,143759,1
86812,53739,58780,140551,145592,112519,1
87887,93358,63665,181245,151552,157023,1
54755,16829,54547,71584,109302,71376,1
30614,28315,19972,58929,50586,48287,1
96462,11176,53878,107638,150340,65054,0
71758,79431,59427,151189,131185,138858,1
42357,22728,90706,65085,133063,113434,0
15229,55190,83561,70419,98790,138751,0
918,47444,10883,48362,11801,58327,0
89414,86001,72621,175415,162035,158622,1
94080,84118,80684,178198,174764,164802,1
12139,73546,59514,85685,71653,133060,0
62485,48939,78896,111424,141381,127835,1
46023,52733,16768,98756,62791,69501,1
34357,46282,19342,80639,53699,65624,1
48887,70538,23815,119425,72702,94353,1
71392,22051,75138,93443,146530,97189,1
1774,14672,91958,16446,93732,106630,0
28345,45737,38303,74082,66648,84040,1
12226,12184,69531,24410,81757,81715,0
21117,82008,68136,103125,89253,150144,1
21220,36538,46466,57758,67686,83004,1
97781,69823,87991,167604,185772,157814,1
80980,324,50017,81304,130997,50341,0
66097,34287,18026,100384,84123,52313,0
60237,9078,54050,69315,114287,63128,1
12889,54764,41051,67653,53940,95815,0
84072,51,45124,84123,129196,45175,0
46281,95430,64197,141711,110478,159627,1
2836,23257,9591,26093,12427,32848,0
75337,31538,13670,106875,89007,45208,0
25485,16771,54200,42256,79685,70971,0
6628,2332,15946,8960,22574,18278,0
1031,11888,95893,12919,96924,107781,0
29860,46385,72927,76245,102787,119312,1
8000,53176,59395,61176,67395,112571,1
60035,52594,74951,112629,134986,127545,1
38827,87339,99793,126166,138620,187132,1
81925,71985,36885,153910,118810,108870,1
64627,41767,12141,106394,76768,53908,0
73471,11248,3380,84719,76851,14628,0
11399,61995,94893,73394,106292,156888,0
22173,36060,27477,58233,49650,63537,1
56376,89118,84224,145494,140600,173342,1
40881,60021,93546,100902,134427,153567,1
62331,26682,1942,89013,64273,28624,0
24826,95533,35110,120359,59936,130643,0
68762,29734,26630,98496,95392,56364,0
35021,3332,56335,38353,91356,59667,0
83489,51054,25066,134543,108555,76120,0
40047,14915,97579,54962,137626,112494,0
23386,45538,2244,68924,25630,47782,0
80446,37350,25308,117796,105754,62658,0
39074,69318,15341,108392,54415,84659,0
19923,69446,22835,89369,42758,92281,0
96034,81548,79876,177582,175910,161424,1
2862,86210,60831,89072,63693,147041,0
73228,57875,77909,131103,151137,135784,1
67761,69176,20686,136937,88447,89862,1
40372,31687,7183,72059,47555,38870,0
80249,87483,65844,167732,146093,153327,1
9939,21132,43219,31071,53158,64351,0
56226,98174,22399,154400,78625,120573,0
54241,58019,52521,112260,106762,110540,1
57569,22710,46718,80279,104287,69428,1
17455,39304,33234,56759,50689,72538,1
1884,99696,9105,101580,10989,108801,0
62380,4376,24582,66756,86962,28958,0
5304,16663,30260,21967,35564,46923,0
49396,32256,86061,81652,135457,118317,0
58038,17382,98336,75420,156374,115718,0
64807,38545,83544,103352,148351,122089,1
6977,32893,79649,39870,86626,112542,0
14619,10248,96255,24867,110874,106503,0
28839,94886,36249,123725,65088,131135,0
11891,58337,73321,70228,85212,131658,0
98168,94918,55753,193086,153921,150671,1
96611,59563,5575,156174,102186,65138,0
3745,68698,32945,72443,36690,101643,0
29619,56346,57620,85965,87239,113966,1
66159,66173,40248,132332,106407,106421,1
51514,55889,74062,107403,125576,129951,1
50013,74170,5163,124183,55176,79333,0
52393,72236,79183,124629,131576,151419,1
72833,43029,68230,115862,141063,111259,1
85098,75899,82375,160997,167473,158274,1
70166,49183,40400,119349,110566,89583,1
72532,49464,72631,121996,145163,122095,1
47198,34923,89560,82121,136758,124483,0
60250,97073,88402,157323,148652,185475,1
25281,83719,74805,109000,100086,158524,1
57235,10053,7286,67288,64521,17339,0
68053,18153,49767,86206,117820,67920,0
13116,3782,39533,16898,52649,43315,0
86821,81709,28193,168530,115014,109902,1
40871,76967,9877,117838,50748,86844,0
78410,98474,69636,176884,148046,168110,1
7941,79702,30424,87643,38365,110126,0
13326,23309,26081,36635,39407,49390,1
21242,88806,84759,110048,106001,173565,1
19304,33138,20501,52442,39805,53639,1
85792,85025,42197,170817,127989,127222,1
14351,66402,23739,80753,38090,90141,0
21696,17073,81295,38769,102991,98368,0
68319,26276,57271,94595,125590,83547,1
73798,63499,39741,137297,113539,103240,1
97693,38752,9874,136445,107567,48626,0
55013,83528,17871,138541,72884,101399,0
64054,30662,14546,94716,78600,45208,0
70904,58189,35855,129093,106759,94044,1
31862,63347,18991,95209,50853,82338,0
13702,195,27979,13897,41681,28174,0
81328,46896,71547,128224,152875,118443,1
8074,99277,10062,107351,18136,109339,0
30435,6237,12353,36672,42788,18590,0
31751,2571,86946,34322,118697,89517,0
93451,98256,82433,191707,175884,180689,1
89822,16430,3352,106252,93174,19782,0
4073,30713,62963,34786,67036,93676,0
74767,73802,4974,148569,79741,78776,1
47084,81164,36829,128248,83913,117993,1
84439,42142,56842,126581,141281,98984,1
25066,40348,53579,65414,78645,93927,1
37864,21770,24001,59634,61865,45771,1
59852,33973,40297,93825,100149,74270,1
19029,70757,12230,89786,31259,82987,0
17457,77886,30171,95343,47628,108057,0
71635,12353,490,83988,72125,12843,0
41537,14386,58202,55923,99739,72588,0
15135,81716,43233,96851,58368,124949,0
73241,96046,25830,169287,99071,121876,1
58111,37363,68183,95474,126294,105546,1
20893,667,89073,21560,109966,89740,0
73120,47652,91241,120772,164361,138893,1
78055,99375,93744,177430,171799,193119,1
58767,25906,13840,84673,72607,39746,0
15634,14873,40759,30507,56393,55632,0
96657,58432,526,155089,97183,58958,0
2254,20689,65826,22943,68080,86515,0
94381,82106,60936,176487,155317,143042,1
99455,34759,77938,134214,177393,112697,1
71919,29292,40216,101211,112135,69508,0
31154,81697,55209,112851,86363,136906,1
40544,501,21154,41045,61698,21655,0
27391,39876,19306,67267,46697,59182,1
19606,448,16342,20054,35948,16790,0
78996,11863,3787,90859,82783,15650,0
82613,13190,4653,95803,87266,17843,0
24390,1974,80429,26364,104819,82403,0
7608,48808,2934,56416,10542,51742,0
91745,43359,21505,135104,113250,64864,0
6236,37178,97190,43414,103426,134368,0
56571,90037,98901,146608,155472,188938,1
51461,96759,59715,148220,111176,156474,1
55858,53739,26059,109597,81917,79798,1
96053,59229,8900,155282,104953,68129,0
98695,15057,22231,113752,120926,37288,0
43475,60530,95882,104005,139357,156412,1
74529,51526,95286,126055,169815,146812,1
90956,38264,57577,129220,148533,95841,1
36291,23247,93977,59538,130268,117224,0
43647,43909,22028,87556,65675,65937,1
98283,29010,82369,127293,180652,111379,1
89482,92253,64914,181735,154396,157167,1
3821,8180,322,12001,4143,8502,0
52340,70092,35606,122432,87946,105698,1
40236,38755,47217,78991,87453,85972,1
26885,43215,21569,70100,48454,64784,1
47257,98306,17070,145563,64327,115376,0
18120,81264,96396,99384,114516,177660,1
40703,48451,73593,89154,114296,122044,1
30871,77379,20764,108250,51635,98143,0
18407,16826,29560,35233,47967,46386,1
63084,90307,13924,153391,77008,104231,0
29292,49168,26802,78460,56094,75970,1
30748,66390,95446,97138,126194,161836,1
56965,93016,57973,149981,114938,150989,1
36470,43902,95422,80372,131892,139324,0
15545,80592,89596,96137,105141,170188,1
20296,11532,79235,31828,99531,90767,0
8533,84333,30893,92866,39426,115226,0
36182,52877,28534,89059,64716,81411,1
49388,43997,12277,93385,61665,56274,1
26211,16563,91961,42774,118172,108524,0
38866,66969,17217,105835,56083,84186,0
27548,62984,81491,90532,109039,144475,1
81115,56273,52951,137388,134066,109224,1
61918,54331,23655,116249,85573,77986,1
37759,52864,63787,90623,101546,116651,1
54299,15321,12041,69620,66340,27362,0
24643,45210,76462,69853,101105,121672,0
10855,10788,90795,21643,101650,101583,0
49063,51547,32606,100610,81669,84153,1
63040,86344,64605,149384,127645,150949,1
74711,51614,95236,126325,169947,146850,1
35151,43377,21776,78528,56927,65153,1
11600,33670,69471,45270,81071,103141,0
17915,18134,89664,36049,107579,107798,0
29973,96570,46681,126543,76654,143251,0
55765,10489,97460,66254,153225,107949,0
27647,65674,7272,93321,34919,72946,0
30080,84559,90006,114639,120086,174565,1
7593,73992,81729,81585,89322,155721,0
92795,81727,127,174522,92922,81854,0
3571,8493,39198,12064,42769,47691,0
44683,60278,69326,104961,114009,129604,1
60531,23165,11874,83696,72405,35039,0
4525,77589,18579,82114,23104,96168,0
32593,90233,77396,122826,109989,167629,1
14842,95224,76310,110066,91152,171534,0
89655,84171,28186,173826,117841,112357,1
84793,7581,801,92374,85594,8382,0
94799,67347,10504,162146,105303,77851,0
19985,55142,9865,75127,29850,65007,0
39370,92277,74860,131647,114230,167137,1
96012,90960,39151,186972,135163,130111,1
38530,25342,92772,63872,131302,118114,0
56723,16559,50415,73282,107138,66974,1
46482,36096,53972,82578,100454,90068,1
95418,13261,97085,108679,192503,110346,1
89722,38845,88471,128567,178193,127316,1
49072,5736,39256,54808,88328,44992,0
84593,4203,18907,88796,103500,23110,0
25212,78317,88574,103529,113786,166891,1
68305,64071,33471,132376,101776,97542,1
13567,8343,2520,21910,16087,10863,0
35335,40054,67986,75389,103321,108040,1
74896,12787,59924,87683,134820,72711,0
58695,43726,95360,102421,154055,139086,1
4713,31684,16767,36397,21480,48451,0
27312,31565,9086,58877,36398,40651,1
58324,63400,85524,121724,143848,148924,1
12849,56541,25483,69390,38332,82024,0
58311,5318,86211,63629,144522,91529,0
56827,62272,49253,119099,106080,111525,1
21595,91974,24001,113569,45596,115975,0
88596,54242,7442,142838,96038,61684,0
84404,51047,46760,135451,131164,97807,1
83911,4782,65183,88693,149094,69965,0
41372,74998,19696,116370,61068,94694,0
4805,10102,18354,14907,23159,28456,0
18482,7376,7701,25858,26183,15077,0
66023,4767,98393,70790,164416,103160,0
55077,87796,74137,142873,129214,161933,1
24504,30328,4068,54832,28572,34396,0
18594,42230,51386,60824,69980,93616,1
69589,63587,92268,133176,161857,155855,1
23923,9561,41527,33484,65450,51088,0
92646,34371,33459,127017,126105,67830,0
31150,3964,8001,35114,39151,11965,0
69867,38907,38220,108774,108087,77127,1
79072,94511,28185,173583,107257,122696,1
83187,75507,57650,158694,140837,133157,1
45438,30801,67422,76239,112860,98223,1
46529,64095,26592,110624,73121,90687,1
53068,62563,85837,115631,138905,148400,1
52983,54203,31833,107186,84816,86036,1
28198,13178,59880,41376,88078,73058,0
88311,74079,10242,162390,98553,84321,0
48960,42187,66242,91147,115202,108429,1
19912,48034,41426,67946,61338,89460,1
78815,26581,70236,105396,149051,96817,1
55363,61932,25439,117295,80802,87371,1
63844,45775,34218,109619,98062,79993,1
54076,31116,65873,85192,119949,96989,1
57854,89406,61322,147260,119176,150728,1
81319,51637,42231,132956,123550,93868,1
3208,15325,90587,18533,93795,105912,0
67987,23562,92578,91549,160565,116140,0
80174,22321,68398,102495,148572,90719,1
15258,72790,18363,88048,33621,91153,0
23610,83672,9830,107282,33440,93502,0
75890,94308,6408,170198,82298,100716,0
80143,28641,5414,108784,85557,34055,0
81062,75935,59309,156997,140371,135244,1
80147,13239,48064,93386,128211,61303,0
40907,11172,20492,52079,61399,31664,0
36573,73846,91356,110419,127929,165202,1
42115,27687,80381,69802,122496,108068,0
37878,15815,36912,53693,74790,52727,1
8590,87609,58296,96199,66886,145905,0
96894,47488,33242,144382,130136,80730,0
17285,83860,14271,101145,31556,98131,0
65432,93909,57211,159341,122643,151120,1
70837,49345,99286,120182,170123,148631,1
75059,94205,87469,169264,162528,181674,1
74355,45826,34683,120181,109038,80509,1
12701,92441,14267,105142,26968,106708,0
18090,68296,70200,86386,88290,138496,1
82298,90036,84926,172334,167224,174962,1
71628,24793,6333,96421,77961,31126,0
37173,78404,83835,115577,121008,162239,1
13016,40181,23092,53197,36108,63273,0
35303,86713,93455,122016,128758,180168,1
84909,50446,20083,135355,104992,70529,0
81463,97530,76268,178993,157731,173798,1
16550,84881,97814,101431,114364,182695,1
50356,75119,71814,125475,122170,146933,1
28991,12939,82770,41930,111761,95709,0
25779,4536,8198,30315,33977,12734,0
30901,44692,63710,75593,94611,108402,1
59182,92574,57004,151756,116186,149578,1
61882,67275,80202,129157,142084,147477,1
24960,72910,62494,97870,87454,135404,1
35816,48239,96395,84055,132211,144634,0
44918,21231,56583,66149,101501,77814,1
26685,97272,5490,123957,32175,102762,0
79190,32695,93192,111885,172382,125887,1
77579,66207,48216,143786,125795,114423,1
58659,58119,31287,116778,89946,89406,1
66855,51301,58714,118156,125569,110015,1
99734,41723,12867,141457,112601,54590,0
2529,98407,58343,100936,60872,156750,0
58681,31274,90470,89955,149151,121744,0
96140,36380,71874,132520,168014,108254,1
37409,20631,52018,58040,89427,72649,1
21598,25123,12064,46721,33662,37187,1
16625,6151,78947,22776,95572,85098,0
81657,56426,76740,138083,158397,133166,1
48544,85522,62870,134066,111414,148392,1
82571,64948,60119,147519,142690,125067,1
39114,11741,69746,50855,108860,81487,0
97512,27594,43732,125106,141244,71326,0
38261,98239,72474,136500,110735,170713,1
81641,18542,85759,100183,167400,104301,1
94317,53041,13666,147358,107983,66707,0
37014,7103,91835,44117,128849,98938,0
88395,37247,84527,125642,172922,121774,1
14089,69096,25919,83185,40008,95015,0
4782,5697,13934,10479,18716,19631,0
57174,52347,75961,109521,133135,128308,1
21137,42284,46657,63421,67794,88941,1
86828,35109,37448,121937,124276,72557,0
24540,48667,49682,73207,74222,98349,1
26839,90757,62530,117596,89369,153287,0
59425,80400,97778,139825,157203,178178,1
88036,88880,92275,176916,180311,181155,1
60203,28814,81358,89017,141561,110172,1
88055,37512,91025,125567,179080,128537,1
94608,90200,86510,184808,181118,176710,1
32447,36222,54184,68669,86631,90406,1
72881,22403,71616,95284,144497,94019,1
26062,26948,75966,53010,102028,102914,0
60305,95799,29360,156104,89665,125159,0
95262,23534,95793,118796,191055,119327,1
57321,55127,33861,112448,91182,88988,1
59741,23543,62571,83284,122312,86114,1
40537,45709,89053,86246,129590,134762,0
99674,19157,79051,118831,178725,98208,0
88892,63125,53214,152017,142106,116339,1
30082,59723,69554,89805,99636,129277,1
81540,49187,75737,130727,157277,124924,1
98332,83840,58160,182172,156492,142000,1
46803,61424,80168,108227,126971,141592,1
62398,98877,94373,161275,156771,193250,1
772,65339,26949,66111,27721,92288,0
34715,15773,61320,50488,96035,77093,0
35302,48052,22327,83354,57629,70379,1
30039,77404,47224,107443,77263,124628,0
86918,58945,12379,145863,99297,71324,0
39552,81384,23951,120936,63503,105335,0
98778,44554,44342,143332,143120,88896,0
75832,15378,59107,91210,134939,74485,0
54499,86321,91095,140820,145594,177416,1
83087,74320,11326,157407,94413,85646,1
39002,38980,51623,77982,90625,90603,1
44810,82847,82659,127657,127469,165506,1
97463,76302,87131,173765,184594,163433,1
74159,49496,60405,123655,134564,109901,1
43459,15671,7453,59130,50912,23124,0
30134,91430,12049,121564,42183,103479,0
81284,83820,77345,165104,158629,161165,1
46468,37690,67456,84158,113924,105146,1
81782,17004,81940,98786,163722,98944,1
35496,69437,28749,104933,64245,98186,0
78019,70790,18214,148809,96233,89004,1
93225,54879,76611,148104,169836,131490,1
89272,28273,95705,117545,184977,123978,1
59925,3385,10807,63310,70732,14192,0
61470,73714,52922,135184,114392,126636,1
37229,78309,84687,115538,121916,162996,1
20707,65535,91806,86242,112513,157341,0
31829,44547,65443,76376,97272,109990,1
92110,50213,15366,142323,107476,65579,0
25135,2653,76423,27788,101558,79076,0
30629,95700,26989,126329,57618,122689,0
634,360,31126,994,31760,31486,0
92281,17447,5952,109728,98233,23399,0
63646,15151,4194,78797,67840,19345,0
92589,89171,91327,181760,183916,180498,1
21965,91517,27617,113482,49582,119134,0
7638,61488,13308,69126,20946,74796,0
88268,5174,26524,93442,114792,31698,0
8670,3434,63964,12104,72634,67398,0
76160,14780,23243,90940,99403,38023,0
89824,98125,17282,187949,107106,115407,1
72153,32649,64872,104802,137025,97521,1
9680,24499,24597,34179,34277,49096,1
52456,82022,56404,134478,108860,138426,1
76702,79489,63942,156191,140644,143431,1
19599,17494,11150,37093,30749,28644,1
32176,83252,8810,115428,40986,92062,0
53875,46997,15376,100872,69251,62373,1
53319,49085,33221,102404,86540,82306,1
78053,40239,96380,118292,174433,136619,1
94256,28458,23289,122714,117545,51747,0
56199,36809,70574,93008,126773,107383,1
6819,65761,17299,72580,24118,83060,0
74143,94138,58997,168281,133140,153135,1
29719,9993,24079,39712,53798,34072,1
77967,3276,55839,81243,133806,59115,0
81759,68141,11779,149900,93538,79920,0
6553,95944,58993,102497,65546,154937,0
42878,20889,86886,63767,129764,107775,0
38558,22662,33972,61220,72530,56634,1
72708,27060,31552,99768,104260,58612,0
42510,42548,77133,85058,119643,119681,1
13716,68548,83898,82264,97614,152446,0
42574,31106,18764,73680,61338,49870,1
87839,23174,48750,111013,136589,71924,0
5048,48652,29055,53700,34103,77707,0
51683,20377,91687,72060,143370,112064,0
46708,10846,37134,57554,83842,47980,1
34193,45647,77941,79840,112134,123588,1
19410,62751,67812,82161,87222,130563,1
6224,12761,87637,18985,93861,100398,0
93956,5443,94868,99399,188824,100311,1
65909,90944,67703,156853,133612,158647,1
61697,40750,84129,102447,145826,124879,1
94226,2454,7316,96680,101542,9770,0
62718,94387,53172,157105,115890,147559,1
10004,10810,32145,20814,42149,42955,0
60196,20770,85558,80966,145754,106328,0
92848,14941,78315,107789,171163,93256,1
20672,38727,58874,59399,79546,97601,1
61366,2717,98450,64083,159816,101167,0
91908,1731,67501,93639,159409,69232,0
74947,14299,66522,89246,141469,80821,1
27524,44585,3593,72109,31117,48178,0
70360,86648,55007,157008,125367,141655,1
51144,44114,42814,95258,93958,86928,1
29901,94935,93269,124836,123170,188204,1
75013,47307,23961,122320,98974,71268,0
27655,33203,58563,60858,86218,91766,1
91512,68119,2739,159631,94251,70858,0
86528,15131,39324,101659,125852,54455,0
44482,85706,21580,130188,66062,107286,0
57512,12839,50506,70351,108018,63345,1
58834,59169,5157,118003,63991,64326,1
47592,75684,25552,123276,73144,101236,0
94563,9626,63377,104189,157940,73003,0
8269,70170,25649,78439,33918,95819,0
19704,29737,98595,49441,118299,128332,0
74510,20719,21585,95229,96095,42304,0
52148,66450,59518,118598,111666,125968,1
6882,16523,37829,23405,44711,54352,0
27414,37848,72442,65262,99856,110290,0
72456,62340,66360,134796,138816,128700,1
15979,97657,99450,113636,115429,197107,1
81137,85591,8933,166728,90070,94524,1
86178,8268,23247,94446,109425,31515,0
84783,65671,51401,150454,136184,117072,1
14217,19327,14867,33544,29084,34194,1
908,54692,36729,55600,37637,91421,0
41282,92838,71726,134120,113008,164564,1
10558,53065,96102,63623,106660,149167,0
94824,44170,41698,138994,136522,85868,0
81412,13147,75491,94559,156903,88638,1
15298,18194,86825,33492,102123,105019,0
71890,90822,16594,162712,88484,107416,0
2529,35967,12706,38496,15235,48673,0
80413,96683,46872,177096,127285,143555,1
68494,27377,28899,95871,97393,56276,0
64366,58658,56099,123024,120465,114757,1
60171,93158,13534,153329,73705,106692,0
96371,13711,7582,110082,103953,21293,0
30602,48092,73010,78694,103612,121102,1
53523,71704,73565,125227,127088,145269,1
8586,76328,88139,84914,96725,164467,0
87884,66595,68896,154479,156780,135491,1
1924,74891,23493,76815,25417,98384,0
61790,57874,53840,119664,115630,111714,1
23668,66644,31960,90312,55628,98604,0
20106,50953,17486,71059,37592,68439,0
14197,17823,66807,32020,81004,84630,0
2356,85306,4843,87662,7199,90149,0
49571,17898,62272,67469,111843,80170,1
43314,19144,55254,62458,98568,74398,1
78422,60815,4590,139237,83012,65405,0
20910,85726,4021,106636,24931,89747,0
31196,54274,88741,85470,119937,143015,0
81037,3468,91359,84505,172396,94827,0
6707,45733,74070,52440,80777,119803,0
58687,83054,82596,141741,141283,165650,1
28160,46621,67438,74781,95598,114059,1
19281,1164,53018,20445,72299,54182,0
34430,50865,26833,85295,61263,77698,1
44636,37527,85953,82163,130589,123480,0
89364,79924,45148,169288,134512,125072,1
71594,23712,73467,95306,145061,97179,1
183,18028,62656,18211,62839,80684,0
61341,20483,71485,81824,132826,91968,1
57061,23083,94288,80144,151349,117371,0
78037,62268,49719,140305,127756,111987,1
89907,22987,90247,112894,180154,113234,1
71716,23014,60,94730,71776,23074,0
76771,51118,20615,127889,97386,71733,0
23729,69634,85566,93363,109295,155200,1
61312,12394,20685,73706,81997,33079,0
45928,77131,22692,123059,68620,99823,0
89467,10557,72408,100024,161875,82965,0
10976,99922,74130,110898,85106,174052,0
14581,28803,7110,43384,21691,35913,0
9750,91093,86404,100843,96154,177497,1
3035,95675,48658,98710,51693,144333,0
93687,20407,49748,114094,143435,70155,0
32630,15823,52700,48453,85330,68523,0
56428,31913,56845,88341,113273,88758,1
93103,1237,65980,94340,159083,67217,0
73021,88083,25777,161104,98798,113860,1
32845,63546,79810,96391,112655,143356,1
5958,34941,97629,40899,103587,132570,0
41135,12667,72754,53802,113889,85421,0
1163,40519,78537,41682,79700,119056,0
79156,28629,21069,107785,100225,49698,0
44774,8218,6642,52992,51416,14860,0
98256,33087,59229,131343,157485,92316,0
79041,96972,86264,176013,165305,183236,1
19355,13089,81806,32444,101161,94895,0
80042,22759,13145,102801,93187,35904,0
25109,65788,11126,90897,36235,76914,0
79813,17066,99067,96879,178880,116133,0
91262,19968,26038,111230,117300,46006,0
88715,24366,49755,113081,138470,74121,0
5382,96072,18208,101454,23590,114280,0
38251,88939,29948,127190,68199,118887,0
51116,80936,93831,132052,144947,174767,1
52084,55678,95201,107762,147285,150879,1
73021,55353,99898,128374,172919,155251,1
84171,16086,38577,100257,122748,54663,0
48494,30667,45487,79161,93981,76154,1
66630,87578,72334,154208,138964,159912,1
70795,62726,13110,133521,83905,75836,1
50894,52089,73950,102983,124844,126039,1
90974,75080,95375,166054,186349,170455,1
56611,67907,9830,124518,66441,77737,0
70667,56219,93748,126886,164415,149967,1
69047,10374,12864,79421,81911,23238,0
46013,73686,70685,119699,116698,144371,1
58777,28244,14385,87021,73162,42629,0
4854,32817,76565,37671,81419,109382,0
93194,25552,35884,118746,129078,61436,0
60963,92679,28455,153642,89418,121134,0
93347,56228,56832,149575,150179,113060,1
52585,67500,60991,120085,113576,128491,1
60972,46301,54016,107273,114988,100317,1
36393,13920,50087,50313,86480,64007,1
26654,37804,17617,64458,44271,55421,1
48734,45976,94006,94710,142740,139982,1
78083,15641,87703,93724,165786,103344,1
83247,38402,74244,121649,157491,112646,1
84276,92679,34398,176955,118674,127077,1
81628,60333,23577,141961,105205,83910,1
63040,88699,87826,151739,150866,176525,1
1828,25865,64873,27693,66701,90738,0
3990,53527,10912,57517,14902,64439,0
15780,36437,37513,52217,53293,73950,1
1932,14668,85623,16600,87555,100291,0
40067,6604,64970,46671,105037,71574,0
57904,40186,25537,98090,83441,65723,1
46867,91762,59125,138629,105992,150887,1
19788,6236,68984,26024,88772,75220,0
6978,42555,44879,49533,51857,87434,1
49517,85359,57280,134876,106797,142639,1
76990,98077,8271,175067,85261,106348,0
51299,50767,17542,102066,68841,68309,1
66368,97375,68587,163743,134955,165962,1
9688,639,96965,10327,106653,97604,0
42857,95421,76430,138278,119287,171851,1
29243,63273,99804,92516,129047,163077,0
56202,97671,60848,153873,117050,158519,1
65338,79766,43699,145104,109037,123465,1
2589,53091,13837,55680,16426,66928,0
18049,96880,54826,114929,72875,151706,0
88852,63889,59535,152741,148387,123424,1
54015,68564,80502,122579,134517,149066,1
67020,86396,90118,153416,157138,176514,1
49012,43999,39272,93011,88284,83271,1
17624,73693,23482,91317,41106,97175,0
14733,81343,82580,96076,97313,163923,1
8802,89361,55445,98163,64247,144806,0
97875,16910,26418,114785,124293,43328,0
73104,72837,13402,145941,86506,86239,1
52211,61377,67747,113588,119958,129124,1
96685,77873,23489,174558,120174,101362,1
32716,39186,19565,71902,52281,58751,1
64923,37025,27847,101948,92770,64872,0
73905,31287,72340,105192,146245,103627,1
19830,11295,69305,31125,89135,80600,0
62222,30354,86514,92576,148736,116868,1
71784,64806,65455,136590,137239,130261,1
82047,4629,9497,86676,91544,14126,0
55866,14147,41911,70013,97777,56058,1
67340,27770,83273,95110,150613,111043,1
41600,7843,91922,49443,133522,99765,0
31381,33346,97108,64727,128489,130454,0
8275,30520,91391,38795,99666,121911,0
73502,80887,56364,154389,129866,137251,1
76059,99965,82079,176024,158138,182044,1
14089,20315,38600,34404,52689,58915,0
21596,46310,98234,67906,119830,144544,0
76742,69766,6334,146508,83076,76100,0
51879,50271,56196,102150,108075,106467,1
42879,45026,1633,87905,44512,46659,0
32520,2538,11314,35058,43834,13852,0
63732,89326,93484,153058,157216,182810,1
14937,82983,58204,97920,73141,141187,0
33376,92690,46221,126066,79597,138911,0
73067,875,89086,73942,162153,89961,0
49417,63822,62049,113239,111466,125871,1
31670,90410,36045,122080,67715,126455,0
36505,89173,34750,125678,71255,123923,0
3243,83287,83234,86530,86477,166521,1
71997,93282,54264,165279,126261,147546,1
4266,14001,90120,18267,94386,104121,0
36558,24434,51250,60992,87808,75684,1
79399,79217,64441,158616,143840,143658,1
30359,62358,68559,92717,98918,130917,1
40724,62347,77953,103071,118677,140300,1
78285,42469,56242,120754,134527,98711,1
21789,91896,10851,113685,32640,102747,0
90222,53413,97279,143635,187501,150692,1
15685,48669,92200,64354,107885,140869,0
91808,3239,25900,95047,117708,29139,0
90399,97495,88144,187894,178543,185639,1
72341,61599,59976,133940,132317,121575,1
55212,61949,47598,117161,102810,109547,1
57365,94141,59114,151506,116479,153255,1
96846,25277,23232,122123,120078,48509,0
28181,72470,33174,100651,61355,105644,0
98536,9469,246,108005,98782,9715,0
45901,45848,55875,91749,101776,101723,1
56464,38155,23782,94619,80246,61937,1
94418,45061,39107,139479,133525,84168,0
98948,73722,14804,172670,113752,88526,0
4105,1811,94859,5916,98964,96670,0
19259,52417,94522,71676,113781,146939,0
94082,88843,52506,182925,146588,141349,1
18697,76864,47618,95561,66315,124482,0
15200,9586,53251,24786,68451,62837,0
64203,34633,69516,98836,133719,104149,1
97025,231,23601,97256,120626,23832,0
94045,36873,40175,130918,134220,77048,0
33134,23389,43232,56523,76366,66621,1
65237,5950,84828,71187,150065,90778,0
52428,70836,22461,123264,74889,93297,1
34968,70467,64090,105435,99058,134557,1
62667,86435,81546,149102,144213,167981,1
89399,73437,42761,162836,132160,116198,1
65624,85436,93544,151060,159168,178980,1
48061,14126,71343,62187,119404,85469,0
37442,21068,11951,58510,49393,33019,0
44050,58931,60688,102981,104738,119619,1
47540,56979,81702,104519,129242,138681,1
69352,41045,44645,110397,113997,85690,1
19528,51182,79370,70710,98898,130552,0
338,41230,97651,41568,97989,138881,0
31871,76235,14769,108106,46640,91004,0
99162,23188,8119,122350,107281,31307,0
17182,87477,6659,104659,23841,94136,0
45731,49332,1055,95063,46786,50387,0
92062,36548,7807,128610,99869,44355,0
48602,26802,45424,75404,94026,72226,1
27764,94873,16947,122637,44711,111820,0
59280,42872,18022,102152,77302,60894,1
72537,75348,34154,147885,106691,109502,1
90994,89468,54368,180462,145362,143836,1
91089,43366,20998,134455,112087,64364,0
20542,93898,33761,114440,54303,127659,0
747,95100,96123,95847,96870,191223,0
29401,61386,73620,90787,103021,135006,1
88737,39076,17637,127813,106374,56713,0
42792,77163,22799,119955,65591,99962,0
42839,91552,98201,134391,141040,189753,1
99304,18114,80271,117418,179575,98385,0
19469,94486,838,113955,20307,95324,0
93669,7583,88035,101252,181704,95618,1
66329,79135,30070,145464,96399,109205,1
87009,38853,83696,125862,170705,122549,1
10028,38740,80131,48768,90159,118871,0
33099,20179,96666,53278,129765,116845,0
19298,97688,79408,116986,98706,177096,1
95948,32670,94315,128618,190263,126985,1
60616,20074,37620,80690,98236,57694,0
81137,19475,75753,100612,156890,95228,1
28711,47507,45353,76218,74064,92860,1
82335,95512,56232,177847,138567,151744,1
31567,29229,32783,60796,64350,62012,1
33998,90746,36214,124744,70212,126960,0
51949,14357,78298,66306,130247,92655,0
95746,73593,22919,169339,118665,96512,1
53321,18245,12677,71566,65998,30922,0
9149,76934,34005,86083,43154,110939,0
72143,95627,46615,167770,118758,142242,1
62879,70355,16723,133234,79602,87078,1
6385,62351,7691,68736,14076,70042,0
45242,97038,1997,142280,47239,99035,0
48132,6133,14021,54265,62153,20154,0
50414,67294,15164,117708,65578,82458,0
51778,59650,37261,111428,89039,96911,1
60243,32533,86385,92776,146628,118918,1
15248,70532,84931,85780,100179,155463,1
42958,93460,53392,136418,96350,146852,1
16037,95670,3542,111707,19579,99212,0
47731,25666,79996,73397,127727,105662,0
30745,91242,17828,121987,48573,109070,0
42780,43206,51371,85986,94151,94577,1
94487,9384,5535,103871,100022,14919,0
18504,80497,6369,99001,24873,86866,0
69474,53112,10065,122586,79539,63177,0
69882,43923,85569,113805,155451,129492,1
78335,95159,64045,173494,142380,159204,1
39790,67106,86417,106896,126207,153523,1
59968,77655,17559,137623,77527,95214,0
36975,88072,51122,125047,88097,139194,1
15334,29950,46240,45284,61574,76190,0
41744,12886,84292,54630,126036,97178,0
97470,54551,5948,152021,103418,60499,0
44053,86137,22880,130190,66933,109017,0
26825,14278,34718,41103,61543,48996,1
64374,70888,70079,135262,134453,140967,1
79136,69608,17600,148744,96736,87208,1
48090,13074,49785,61164,97875,62859,1
2398,58372,45224,60770,47622,103596,0
47675,8731,45797,56406,93472,54528,1
21311,2067,45245,23378,66556,47312,0
93798,3571,65531,97369,159329,69102,0
34853,50958,19458,85811,54311,70416,1
54040,85812,41224,139852,95264,127036,1
1999,48179,36057,50178,38056,84236,0
15724,60270,12690,75994,28414,72960,0
47741,47779,13547,95520,61288,61326,1
66196,62647,87113,128843,153309,149760,1
23026,45562,54674,68588,77700,100236,1
10860,50964,7538,61824,18398,58502,0
11907,27757,69040,39664,80947,96797,0
31018,61482,80258,92500,111276,141740,1
80457,93547,51467,174004,131924,145014,1
6666,80868,47446,87534,54112,128314,0
20363,46624,50195,66987,70558,96819,1
23228,33371,95555,56599,118783,128926,0
50647,52245,67523,102892,118170,119768,1
5924,98070,63017,103994,68941,161087,0
77402,50254,60438,127656,137840,110692,1
62793,36717,62982,99510,125775,99699,1
84349,35044,74734,119393,159083,109778,1
34361,86973,21663,121334,56024,108636,0
96219,80145,3285,176364,99504,83430,0
48674,89830,17923,138504,66597,107753,0
20920,33891,9601,54811,30521,43492,0
85196,76822,24973,162018,110169,101795,1
25962,13405,95629,39367,121591,109034,0
45379,54072,73451,99451,118830,127523,1
28887,19776,16087,48663,44974,35863,1
62730,28140,84151,90870,146881,112291,1
33328,93123,86909,126451,120237,180032,1
97532,63336,10442,160868,107974,73778,0
98939,6077,77649,105016,176588,83726,0
13443,56684,66942,70127,80385,123626,1
340,42302,93804,42642,94144,136106,0
98194,3235,62159,101429,160353,65394,0
22865,27657,66172,50522,89037,93829,0
40417,58250,7952,98667,48369,66202,0
99060,17245,54489,116305,153549,71734,0
13681,45712,81580,59393,95261,127292,0
84652,12638,45844,97290,130496,58482,0
10920,15112,47018,26032,57938,62130,0
13912,94792,37117,108704,51029,131909,0
52089,63483,79331,115572,131420,142814,1
77463,11087,77014,88550,154477,88101,1
71531,43953,56274,115484,127805,100227,1
12297,87775,85483,100072,97780,173258,1
36966,47710,98570,84676,135536,146280,0
58147,84540,50714,142687,108861,135254,1
4478,44046,59182,48524,63660,103228,0
58641,30079,9006,88720,67647,39085,0
9528,7711,33519,17239,43047,41230,0
93731,10526,32280,104257,126011,42806,0
3436,98685,11867,102121,15303,110552,0
17275,92758,96287,110033,113562,189045,1
94772,48463,50184,143235,144956,98647,1
82050,64955,52600,147005,134650,117555,1
67618,20406,76416,88024,144034,96822,1
75300,67876,6416,143176,81716,74292,0
99946,67810,58029,167756,157975,125839,1
56569,24218,84530,80787,141099,108748,0
26555,38710,77387,65265,103942,116097,0
79299,67898,7425,147197,86724,75323,0
74392,21456,11771,95848,86163,33227,0
2736,35533,92620,38269,95356,128153,0
30497,65497,10058,95994,40555,75555,0
47163,80749,42149,127912,89312,122898,1
78560,1626,25968,80186,104528,27594,0
92238,65405,99381,157643,191619,164786,1
33985,53488,81294,87473,115279,134782,1
70155,48617,3219,118772,73374,51836,0
90071,64638,93048,154709,183119,157686,1
30748,57732,24217,88480,54965,81949,0
82935,99250,33832,182185,116767,133082,1
92629,27952,9267,120581,101896,37219,0
83257,5353,9244,88610,92501,14597,0
64767,70956,76882,135723,141649,147838,1
42898,20743,14405,63641,57303,35148,0
89236,1026,42646,90262,131882,43672,0
3412,45007,68453,48419,71865,113460,0
47370,37868,23975,85238,71345,61843,1
93669,12519,43958,106188,137627,56477,0
27061,24999,40403,52060,67464,65402,1
1026,18802,86942,19828,87968,105744,0
91313,12296,15139,103609,106452,27435,0
1178,83562,8098,84740,9276,91660,0
17074,18094,67466,35168,84540,85560,0
77781,74389,9131,152170,86912,83520,1
27364,85257,88687,112621,116051,173944,1
97496,19283,18065,116779,115561,37348,0
2364,6324,15046,8688,17410,21370,0
89881,5707,31175,95588,121056,36882,0
6025,8177,97090,14202,103115,105267,0
89720,96360,90119,186080,179839,186479,1
75355,33643,14988,108998,90343,48631,0
85844,14341,85396,100185,171240,99737,1
83005,30539,40697,113544,123702,71236,0
22882,3194,70172,26076,93054,73366,0
85384,8939,12137,94323,97521,21076,0
1646,78298,36698,79944,38344,114996,0
94186,10281,63168,104467,157354,73449,0
89799,14827,57701,104626,147500,72528,0
68714,49371,90311,118085,159025,139682,1
41436,22472,83203,63908,124639,105675,0
97094,69265,45654,166359,142748,114919,1
1463,19392,57424,20855,58887,76816,0
87636,28060,13699,115696,101335,41759,0
59802,18101,64028,77903,123830,82129,1
9772,58198,58566,67970,68338,116764,1
5401,8436,82865,13837,88266,91301,0
90529,59235,2435,149764,92964,61670,0
86912,52599,82840,139511,169752,135439,1
93635,80380,13709,174015,107344,94089,1
91325,8465,17516,99790,108841,25981,0
22060,41765,66677,63825,88737,108442,0
49522,64545,94415,114067,143937,158960,1
97114,24563,33403,121677,130517,57966,0
50797,53015,49672,103812,100469,102687,1
96054,70463,69554,166517,165608,140017,1
57045,27219,7375,84264,64420,34594,0
48759,73110,29887,121869,78646,102997,1
15191,23140,22755,38331,37946,45895,1
36328,50446,4878,86774,41206,55324,0
79805,14246,43913,94051,123718,58159,0
40560,85041,38598,125601,79158,123639,0
87513,44677,64885,132190,152398,109562,1
84283,84557,42526,168840,126809,127083,1
7398,46710,55526,54108,62924,102236,0
54111,26472,59529,80583,113640,86001,1
54601,74979,44265,129580,98866,119244,1
82435,22607,90457,105042,172892,113064,1
11351,58651,84018,70002,95369,142669,0
59130,84375,46885,143505,106015,131260,1
77539,56019,16865,133558,94404,72884,0
7740,73609,67032,81349,74772,140641,1
5658,23621,23967,29279,29625,47588,1
54843,76001,13980,130844,68823,89981,0
7652,9679,73760,17331,81412,83439,0
90492,70552,19329,161044,109821,89881,0
99484,92949,4378,192433,103862,97327,0
57179,96132,14724,153311,71903,110856,0
83766,45409,28229,129175,111995,73638,0
36418,33691,58540,70109,94958,92231,1
6935,23830,85707,30765,92642,109537,0
2454,18589,39977,21043,42431,58566,0
61286,15046,72018,76332,133304,87064,1
88987,36434,75582,125421,164569,112016,1
50501,56177,54274,106678,104775,110451,1
87041,11065,24484,98106,111525,35549,0
97418,84386,36257,181804,133675,120643,1
68061,83561,88035,151622,156096,171596,1
89229,91875,45324,181104,134553,137199,1
25248,31652,89364,56900,114612,121016,0
10981,61125,8755,72106,19736,69880,0
81000,74624,93078,155624,174078,167702,1
66834,72877,24826,139711,91660,97703,1
71734,90723,25612,162457,97346,116335,1
65734,52473,1034,118207,66768,53507,0
31206,30941,78863,62147,110069,109804,0
26370,54794,93987,81164,120357,148781,0
90375,14144,60064,104519,150439,74208,0
76783,43872,39610,120655,116393,83482,1
44922,4046,86089,48968,131011,90135,0
77155,93969,5378,171124,82533,99347,0
95556,55045,66660,150601,162216,121705,1
8628,91396,4632,100024,13260,96028,0
1913,35189,86343,37102,88256,121532,0
58884,79103,43827,137987,102711,122930,1
31305,75060,62750,106365,94055,137810,1
43225,81815,29309,125040,72534,111124,0
6478,1214,39904,7692,46382,41118,0
94412,98379,80707,192791,175119,179086,1
39353,84623,99204,123976,138557,183827,1
37319,39801,11331,77120,48650,51132,1
30103,3093,5706,33196,35809,8799,0
51362,81180,39243,132542,90605,120423,1
59519,15749,13675,75268,73194,29424,0
76391,27073,20282,103464,96673,47355,0
35970,58204,95930,94174,131900,154134,0
33065,69906,79324,102971,112389,149230,1
60059,21567,11604,81626,71663,33171,0
25625,94253,1180,119878,26805,95433,0
67230,45428,96240,112658,163470,141668,1
53109,31816,81912,84925,135021,113728,1
17542,55638,41108,73180,58650,96746,1
94629,33673,93292,128302,187921,126965,1
28012,61236,13141,89248,41153,74377,0
58684,43371,57704,102055,116388,101075,1
89634,6364,20729,95998,110363,27093,0
5748,34184,92537,39932,98285,126721,0
32255,43015,66842,75270,99097,109857,1
26578,40002,72886,66580,99464,112888,0
35964,9299,15557,45263,51521,24856,0
9696,18872,30692,28568,40388,49564,0
32578,10178,85823,42756,118401,96001,0
3852,93402,54923,97254,58775,148325,0
27056,892,37257,27948,64313,38149,0
13967,90694,5969,104661,19936,96663,0
80256,28434,23733,108690,103989,52167,0
21863,3148,43107,25011,64970,46255,0
64226,93164,16236,157390,80462,109400,0
70255,91209,82633,161464,152888,173842,1
95200,42496,11298,137696,106498,53794,0
22677,1110,90877,23787,113554,91987,0
76761,58603,19025,135364,95786,77628,1
37334,96791,93839,134125,131173,190630,1
95512,96917,12251,192429,107763,109168,1
67293,44581,45998,111874,113291,90579,1
80935,39017,83602,119952,164537,122619,1
39075,3550,25418,42625,64493,28968,0
58313,73844,50844,132157,109157,124688,1
76443,94718,19323,171161,95766,114041,1
63982,78384,61675,142366,125657,140059,1
3101,53084,12753,56185,15854,65837,0
11288,14341,11564,25629,22852,25905,1
34149,38283,25905,72432,60054,64188,1
74647,679,64160,75326,138807,64839,0
58941,57676,29168,116617,88109,86844,1
66641,82552,47027,149193,113668,129579,1
12926,65835,1192,78761,14118,67027,0
59664,62329,59563,121993,119227,121892,1
37503,23048,57906,60551,95409,80954,1
32487,83627,45359,116114,77846,128986,0
64596,74117,9184,138713,73780,83301,0
29218,2440,75199,31658,104417,77639,0
44904,90000,9484,134904,54388,99484,0
44748,68366,33087,113114,77835,101453,1
94044,54829,8222,148873,102266,63051,0
3393,5919,58783,9312,62176,64702,0
58372,7566,35645,65938,94017,43211,0
95950,34291,83890,130241,179840,118181,1
20293,80461,54357,100754,74650,134818,0
34921,9795,37433,44716,72354,47228,1
93385,12004,85030,105389,178415,97034,1
74093,54227,3460,128320,77553,57687,0
5997,81905,42288,87902,48285,124193,0
94043,31552,18570,125595,112613,50122,0
58632,75267,23898,133899,82530,99165,1
22465,54461,41556,76926,64021,96017,1
21671,65686,95073,87357,116744,160759,0
6076,79859,61312,85935,67388,141171,0
69093,26703,20553,95796,89646,47256,0
65856,22789,77658,88645,143514,100447,1
58438,30538,43420,88976,101858,73958,1
10889,86654,22368,97543,33257,109022,0
54864,40104,65213,94968,120077,105317,1
72073,291,77686,72364,149759,77977,0
26453,86991,97434,113444,123887,184425,1
30897,86259,12221,117156,43118,98480,0
78183,72811,27142,150994,105325,99953,1
91792,88556,38311,180348,130103,126867,1
57044,47377,96958,104421,154002,144335,1
66491,80176,18969,146667,85460,99145,1
20908,13534,20345,34442,41253,33879,1
64540,47721,96592,112261,161132,144313,1
3424,25852,29589,29276,33013,55441,0
88528,55029,74885,143557,163413,129914,1
8876,68670,52609,77546,61485,121279,0
21097,16296,19338,37393,40435,35634,1
62534,59435,84738,121969,147272,144173,1
15461,28145,26336,43606,41797,54481,1
49455,68260,68478,117715,117933,136738,1
13875,81218,84297,95093,98172,165515,1
44977,95795,41886,140772,86863,137681,0
57256,53312,82031,110568,139287,135343,1
67672,69330,8899,137002,76571,78229,1
99215,68958,94309,168173,193524,163267,1
15711,51042,66168,66753,81879,117210,1
28809,94198,31878,123007,60687,126076,0
84289,70847,24531,155136,108820,95378,1
12467,56263,87392,68730,99859,143655,0
62083,44045,1675,106128,63758,45720,0
64719,28539,57331,93258,122050,85870,1
65178,55945,69346,121123,134524,125291,1
38993,77277,7365,116270,46358,84642,0
33724,78442,76077,112166,109801,154519,1
45610,24900,97995,70510,143605,122895,0
46747,36141,85241,82888,131988,121382,0
64426,2760,86390,67186,150816,89150,0
58048,59844,1675,117892,59723,61519,0
27706,57500,24201,85206,51907,81701,0
69212,99985,93826,169197,163038,193811,1
30784,19147,83491,49931,114275,102638,0
77107,94899,4519,172006,81626,99418,0
84416,28873,27443,113289,111859,56316,0
87664,15228,48397,102892,136061,63625,0
60986,82847,216,143833,61202,83063,0
43917,23263,74216,67180,118133,97479,0
88716,47658,1191,136374,89907,48849,0
22568,58021,27953,80589,50521,85974,0
12038,37042,30174,49080,42212,67216,1
30498,55493,79112,85991,109610,134605,1
93568,3574,43797,97142,137365,47371,0
80325,71095,21202,151420,101527,92297,1
34412,70476,99563,104888,133975,170039,1
1782,25508,64890,27290,66672,90398,0
48454,50195,95020,98649,143474,145215,1
86882,53557,87388,140439,174270,140945,1
68097,79544,95739,147641,163836,175283,1
49842,91990,65534,141832,115376,157524,1
95625,6321,45210,101946,140835,51531,0
26742,95056,7450,121798,34192,102506,0
52095,4885,58782,56980,110877,63667,0
36835,96131,8821,132966,45656,104952,0
25525,99189,25220,124714,50745,124409,0
20428,11434,93080,31862,113508,104514,0
81216,61991,99955,143207,181171,161946,1
95403,39659,92314,135062,187717,131973,1
27315,86410,69160,113725,96475,155570,1
84306,96467,83203,180773,167509,179670,1
66171,58648,85335,124819,151506,143983,1
36158,62996,92447,99154,128605,155443,1
45316,77835,11903,123151,57219,89738,0
71720,26202,51549,97922,123269,77751,1
10050,10390,52091,20440,62141,62481,0
49910,81745,54971,131655,104881,136716,1
82964,76972,773,159936,83737,77745,0
43115,93071,21034,136186,64149,114105,0
54266,22307,86398,76573,140664,108705,0
91252,66909,62230,158161,153482,129139,1
19821,39672,62159,59493,81980,101831,0
92515,61503,21929,154018,114444,83432,0
12322,43889,43132,56211,55454,87021,1
48140,59005,88949,107145,137089,147954,1
72921,66250,44854,139171,117775,111104,1
27101,15407,74895,42508,101996,90302,0
51376,54169,32412,105545,83788,86581,1
29908,92456,14974,122364,44882,107430,0
53465,69072,9737,122537,63202,78809,0
29779,6950,15894,36729,45673,22844,0
59547,7191,7056,66738,66603,14247,0
36750,56587,30366,93337,67116,86953,1
17832,88848,72038,106680,89870,160886,1
50508,95640,18617,146148,69125,114257,0
74582,10127,37279,84709,111861,47406,0
72434,62233,8576,134667,81010,70809,0
24990,26422,21244,51412,46234,47666,1
74793,64688,69718,139481,144511,134406,1
78459,5972,97600,84431,176059,103572,0
37740,69280,36090,107020,73830,105370,1
59793,42590,53141,102383,112934,95731,1
55425,65195,11287,120620,66712,76482,1
70581,47703,63548,118284,134129,111251,1
44591,76667,89984,121258,134575,166651,1
447,53962,70278,54409,70725,124240,0
60346,6066,64274,66412,124620,70340,1
24071,7888,30658,31959,54729,38546,1
77,65333,2660,65410,2737,67993,0
64958,20897,60126,85855,125084,81023,1
69952,10475,1589,80427,71541,12064,0
7100,26405,23655,33505,30755,50060,1
95726,79365,65783,175091,161509,145148,1
40442,66004,87595,106446,128037,153599,1
39510,16031,67108,55541,106618,83139,0
55806,61709,76332,117515,132138,138041,1
51050,24457,99975,75507,151025,124432,0
91147,53830,83411,144977,174558,137241,1
17295,49931,28268,67226,45563,78199,0
55807,79573,40200,135380,96007,119773,1
20738,28631,95061,49369,115799,123692,0
17632,60672,26276,78304,43908,86948,0
77582,1845,99232,79427,176814,101077,0
79491,41480,95618,120971,175109,137098,1
81914,54387,43848,136301,125762,98235,1
10760,72841,87034,83601,97794,159875,0
93058,49690,11686,142748,104744,61376,0
76848,82682,16318,159530,93166,99000,1
33085,79032,55777,112117,88862,134809,1
79621,46692,98699,126313,178320,145391,1
71791,48754,61289,120545,133080,110043,1
81054,96601,37440,177655,118494,134041,1
46980,10271,45463,57251,92443,55734,1
46502,4024,72268,50526,118770,76292,0
92639,29763,77341,122402,169980,107104,1
91772,46131,85051,137903,176823,131182,1
32880,46008,58851,78888,91731,104859,1
40718,64567,94091,105285,134809,158658,1
27345,43070,33616,70415,60961,76686,1
86189,11121,78640,97310,164829,89761,1
76830,63457,82732,140287,159562,146189,1
48938,71227,77600,120165,126538,148827,1
74307,74654,39270,148961,113577,113924,1
73046,47070,48290,120116,121336,95360,1
8078,72597,5504,80675,13582,78101,0
62776,67898,47145,130674,109921,115043,1
15028,79060,17912,94088,32940,96972,0
14100,64272,5381,78372,19481,69653,0
45256,30345,5167,75601,50423,35512,0
43047,67600,52788,110647,95835,120388,1
17902,89218,61283,107120,79185,150501,0
3468,45168,9233,48636,12701,54401,0
91456,15933,57691,107389,149147,73624,0
91450,98425,89515,189875,180965,187940,1
63817,69292,99511,133109,163328,168803,1
5558,67191,40744,72749,46302,107935,0
86156,10724,9884,96880,96040,20608,0
1952,32972,75079,34924,77031,108051,0
25569,56174,79171,81743,104740,135345,1
53507,37233,94160,90740,147667,131393,0
93375,61686,86050,155061,179425,147736,1
54879,86435,17036,141314,71915,103471,0
11082,80952,82415,92034,93497,163367,1
57383,7555,62782,64938,120165,70337,1
74397,57866,27184,132263,101581,85050,1
38721,2013,60358,40734,99079,62371,0
96078,5734,48776,101812,144854,54510,0
24252,76165,60581,100417,84833,136746,1
74370,40112,5682,114482,80052,45794,0
76090,80271,86180,156361,162270,166451,1
64375,62401,2376,126776,66751,64777,1
40986,12422,93064,53408,134050,105486,0
57520,67693,10562,125213,68082,78255,1
61347,75473,27751,136820,89098,103224,1
74897,3273,63363,78170,138260,66636,0
74305,40538,82543,114843,156848,123081,1
85488,17583,24518,103071,110006,42101,0
82968,22939,98203,105907,181171,121142,1
79645,10622,6508,90267,86153,17130,0
12259,35714,73350,47973,85609,109064,0
36907,52093,7956,89000,44863,60049,0
8378,67034,57840,75412,66218,124874,0
9802,40044,65313,49846,75115,105357,0
47783,74014,80470,121797,128253,154484,1
35257,74105,24520,109362,59777,98625,0
69178,73489,41994,142667,111172,115483,1
79829,21251,56941,101080,136770,78192,0
10755,83394,72048,94149,82803,155442,0
61317,21232,83251,82549,144568,104483,0
43006,17318,42598,60324,85604,59916,1
61008,21392,84203,82400,145211,105595,0
25771,79286,49912,105057,75683,129198,0
73533,81844,64138,155377,137671,145982,1
79457,14074,15120,93531,94577,29194,0
41057,72970,17128,114027,58185,90098,0
12119,58214,52316,70333,64435,110530,1
6300,59788,58048,66088,64348,117836,1
91345,19248,8931,110593,100276,28179,0
47706,21375,50396,69081,98102,71771,1
85793,62143,3334,147936,89127,65477,0
15322,38372,81299,53694,96621,119671,0
85481,4687,11059,90168,96540,15746,0
44222,8195,2703,52417,46925,10898,0
52680,84056,22032,136736,74712,106088,0
46347,40198,46566,86545,92913,86764,1
38733,50130,35296,88863,74029,85426,1
93983,21507,49153,115490,143136,70660,0
29796,6804,38146,36600,67942,44950,0
64831,42491,18155,107322,82986,60646,0
19265,57330,88373,76595,107638,145703,0
22908,2164,76419,25072,99327,78583,0
82335,20270,78234,102605,160569,98504,1
11386,82341,16566,93727,27952,98907,0
48021,95799,73314,143820,121335,169113,1
20320,9537,26049,29857,46369,35586,1
34602,66830,39719,101432,74321,106549,1
72472,83259,30462,155731,102934,113721,1
64370,55606,2476,119976,66846,58082,0
16909,5855,1084,22764,17993,6939,0
72208,61444,47222,133652,119430,108666,1
330,95541,46414,95871,46744,141955,0
81893,26276,81354,108169,163247,107630,1
24479,80483,26925,104962,51404,107408,0
61694,15318,64981,77012,126675,80299,1
65040,47301,16192,112341,81232,63493,0
13645,52708,66626,66353,80271,119334,0
64678,26109,29595,90787,94273,55704,0
3903,48715,19513,52618,23416,68228,0
23893,17346,10321,41239,34214,27667,1
5585,76629,46769,82214,52354,123398,0
49994,68452,63517,118446,113511,131969,1
32014,29564,28599,61578,60613,58163,1
27043,47100,80582,74143,107625,127682,0
41332,98500,57289,139832,98621,155789,1
21784,79489,4224,101273,26008,83713,0
48108,38674,69849,86782,117957,108523,1
57115,171,18448,57286,75563,18619,0
11316,30578,68923,41894,80239,99501,0
72496,93506,53371,166002,125867,146877,1
45232,16874,22499,62106,67731,39373,0
68746,18032,86466,86778,155212,104498,1
2763,75070,34607,77833,37370,109677,0
26017,78959,62888,104976,88905,141847,1
44460,29049,1296,73509,45756,30345,0
29385,22748,52779,52133,82164,75527,0
1124,18192,57210,19316,58334,75402,0
48998,43253,60088,92251,109086,103341,1
51438,1788,93825,53226,145263,95613,0
33996,95571,52164,129567,86160,147735,0
69248,21331,74076,90579,143324,95407,1
68098,39132,76733,107230,144831,115865,1
77659,66862,22193,144521,99852,89055,1
89208,15232,67301,104440,156509,82533,0
31028,45890,83185,76918,114213,129075,0
78204,3370,55471,81574,133675,58841,0
85324,17152,37592,102476,122916,54744,0
82998,72873,15974,155871,98972,88847,1
67367,43169,78765,110536,146132,121934,1
59930,77462,34105,137392,94035,111567,1
10312,65824,13739,76136,24051,79563,0
13344,76580,31213,89924,44557,107793,0
41683,70316,23210,111999,64893,93526,0
8971,99843,62742,108814,71713,162585,0
86145,11977,55338,98122,141483,67315,0
55307,96507,20235,151814,75542,116742,0
5947,92545,97914,98492,103861,190459,1
10503,51147,40941,61650,51444,92088,1
26381,45553,53083,71934,79464,98636,1
79419,62183,23044,141602,102463,85227,1
72909,75103,71306,148012,144215,146409,1
42587,61384,68382,103971,110969,129766,1
99005,80148,29051,179153,128056,109199,1
4312,98312,50833,102624,55145,149145,0
52937,84574,28680,137511,81617,113254,0
96805,25331,75087,122136,171892,100418,1
29072,57588,80380,86660,109452,137968,1
69124,30654,88167,99778,157291,118821,1
87946,88236,77120,176182,165066,165356,1
26415,85653,78251,112068,104666,163904,1
66783,40176,25206,106959,91989,65382,0
9292,28984,88204,38276,97496,117188,0
21440,70912,91055,92352,112495,161967,1
7059,95723,79634,102782,86693,175357,0
15225,80686,10542,95911,25767,91228,0
30510,55252,27619,85762,58129,82871,1
50752,50814,79436,101566,130188,130250,1
73252,64236,68280,137488,141532,132516,1
19742,5966,71562,25708,91304,77528,0
46843,55944,2375,102787,49218,58319,0
34786,31796,33282,66582,68068,65078,1
11919,55526,27024,67445,38943,82550,0
41813,5477,97776,47290,139589,103253,0
65794,14504,55404,80298,121198,69908,1
64066,68107,77263,132173,141329,145370,1
41079,54745,12622,95824,53701,67367,0
24472,3119,27731,27591,52203,30850,0
37577,17719,77752,55296,115329,95471,0
75983,44407,46802,120390,122785,91209,1
63097,52911,66399,116008,129496,119310,1
69199,58721,61208,127920,130407,119929,1
38566,28538,82712,67104,121278,111250,0
21801,44436,78185,66237,99986,122621,0
47651,16816,35914,64467,83565,52730,1
41629,84192,14315,125821,55944,98507,0
76478,67355,31754,143833,108232,99109,1
9761,19273,40969,29034,50730,60242,0
10881,61610,42571,72491,53452,104181,0
38999,63370,90802,102369,129801,154172,1
89028,91671,70002,180699,159030,161673,1
2691,65686,71839,68377,74530,137525,0
48966,7014,83622,55980,132588,90636,0
22,16572,58856,16594,58878,75428,0
61182,12815,17640,73997,78822,30455,0
45926,44697,60070,90623,105996,104767,1
79256,5369,92752,84625,172008,98121,0
88316,28230,39278,116546,127594,67508,0
59152,3637,59944,62789,119096,63581,1
29718,89422,25669,119140,55387,115091,0
93805,43508,2973,137313,96778,46481,0
56982,33156,68328,90138,125310,101484,1
98129,81287,30285,179416,128414,111572,1
78564,71174,25520,149738,104084,96694,1
79183,29840,52217,109023,131400,82057,1
32643,16792,84428,49435,117071,101220,0
33413,85216,70626,118629,104039,155842,1
2805,28009,45052,30814,47857,73061,0
71245,9769,35341,81014,106586,45110,0
78077,80254,33951,158331,112028,114205,1
7985,4796,96198,12781,104183,100994,0
93956,35005,39141,128961,133097,74146,0
77080,91656,40415,168736,117495,132071,1
54195,2881,27077,57076,81272,29958,0
58665,42686,60168,101351,118833,102854,1
13184,44678,56098,57862,69282,100776,1
94061,70775,19678,164836,113739,90453,0
40697,26975,26328,67672,67025,53303,1
22934,82322,3529,105256,26463,85851,0
92095,6967,83636,99062,175731,90603,0
6753,91407,69880,98160,76633,161287,0
58027,34233,67900,92260,125927,102133,1
12142,23692,36720,35834,48862,60412,0
18024,11700,62687,29724,80711,74387,0
98844,30330,9470,129174,108314,39800,0
89631,57139,96637,146770,186268,153776,1
35817,48488,45654,84305,81471,94142,1
60193,40297,14704,100490,74897,55001,0
25756,44976,95618,70732,121374,140594,0
72721,30445,4612,103166,77333,35057,0
61157,62116,31940,123273,93097,94056,1
19781,36904,83071,56685,102852,119975,0
1182,68697,84091,69879,85273,152788,0
10273,43473,1469,53746,11742,44942,0
38044,91785,95043,129829,133087,186828,1
30698,27996,49067,58694,79765,77063,1
4902,3432,78266,8334,83168,81698,0
50817,66550,0,117367,50817,66550,0
2211,49161,98039,51372,100250,147200,0
77335,18698,86209,96033,163544,104907,1
4567,33626,64669,38193,69236,98295,0
22088,1869,76620,23957,98708,78489,0
43393,17574,31745,60967,75138,49319,1
99549,46451,98892,146000,198441,145343,1
60623,36091,24084,96714,84707,60175,0
83227,26850,13711,110077,96938,40561,0
13714,14810,60094,28524,73808,74904,0
18869,29341,67499,48210,86368,96840,0
44526,94490,19391,139016,63917,113881,0
42376,27174,86585,69550,128961,113759,0
50005,27573,23507,77578,73512,51080,1
40525,94734,50915,135259,91440,145649,0
8332,31154,28356,39486,36688,59510,1
66680,63444,81594,130124,148274,145038,1
16849,12938,19931,29787,36780,32869,1
55761,18964,98869,74725,154630,117833,0
47914,66627,50280,114541,98194,116907,1
42350,70279,9784,112629,52134,80063,0
22408,42077,31555,64485,53963,73632,1
68534,32052,88886,100586,157420,120938,1
21575,99325,64527,120900,86102,163852,0
47692,31359,17330,79051,65022,48689,1
44752,51387,12417,96139,57169,63804,1
27002,93866,54288,120868,81290,148154,0
55362,70232,15202,125594,70564,85434,1
36310,15530,40547,51840,76857,56077,1
20250,79087,66008,99337,86258,145095,1
59424,35725,22122,95149,81546,57847,0
92150,38017,56281,130167,148431,94298,1
14928,10544,88296,25472,103224,98840,0
7296,56169,41877,63465,49173,98046,0
50440,80087,35311,130527,85751,115398,1
7570,55874,13887,63444,21457,69761,0
81839,3900,79834,85739,161673,83734,1
7816,68767,16785,76583,24601,85552,0
4580,86567,16787,91147,21367,103354,0
2002,71756,15234,73758,17236,86990,0
36929,20975,34086,57904,71015,55061,1
46102,35471,98488,81573,144590,133959,0
23937,30399,93528,54336,117465,123927,0
98061,81029,70515,179090,168576,151544,1
7,75851,49249,75858,49256,125100,0
61668,26837,16445,88505,78113,43282,0
98856,27265,74964,126121,173820,102229,1
45611,25113,79810,70724,125421,104923,0
24420,91088,8267,115508,32687,99355,0
21107,86579,16619,107686,37726,103198,0
99407,72569,57876,171976,157283,130445,1
36119,77339,83038,113458,119157,160377,1
10761,9935,33935,20696,44696,43870,0
30621,66748,76769,97369,107390,143517,1
90729,97136,97535,187865,188264,194671,1
69266,28773,71026,98039,140292,99799,1
56498,41411,75525,97909,132023,116936,1
40615,99175,45549,139790,86164,144724,0
11031,10895,84849,21926,95880,95744,0
45638,30980,56554,76618,102192,87534,1
18314,9507,75804,27821,94118,85311,0
26840,91324,20237,118164,47077,111561,0
78099,32424,84350,110523,162449,116774,1
91050,41295,26627,132345,117677,67922,0
78494,92198,43805,170692,122299,136003,1
27079,13068,88410,40147,115489,101478,0
78126,79962,39611,158088,117737,119573,1
16374,72809,22612,89183,38986,95421,0
5219,3189,75677,8408,80896,78866,0
29364,71979,257,101343,29621,72236,0
21840,38176,41303,60016,63143,79479,1
90315,17640,33078,107955,123393,50718,0
67443,96486,42435,163929,109878,138921,1
35276,3838,48857,39114,84133,52695,0
67623,27652,8630,95275,76253,36282,0
2968,68558,62845,71526,65813,131403,0
42064,89111,2577,131175,44641,91688,0
87539,93051,13341,180590,100880,106392,1
6324,23132,83115,29456,89439,106247,0
32709,33304,40941,66013,73650,74245,1
90244,35295,32138,125539,122382,67433,0
15329,34507,56751,49836,72080,91258,0
43413,42795,88203,86208,131616,130998,0
73297,55415,35441,128712,108738,90856,1
40030,35979,77578,76009,117608,113557,0
36713,33673,58641,70386,95354,92314,1
78190,97704,12384,175894,90574,110088,0
76828,37043,38377,113871,115205,75420,0
51967,92542,22607,144509,74574,115149,0
25787,99408,97100,125195,122887,196508,1
81462,69946,52104,151408,133566,122050,1
30688,40279,84038,70967,114726,124317,0
31456,25740,27006,57196,58462,52746,1
22096,63824,67373,85920,89469,131197,1
79212,84301,83675,163513,162887,167976,1
44530,118,58638,44648,103168,58756,0
9858,64340,11621,74198,21479,75961,0
53681,25336,12023,79017,65704,37359,0
88042,94912,2184,182954,90226,97096,0
1539,49459,20862,50998,22401,70321,0
30426,99712,54161,130138,84587,153873,0
62554,39036,10797,101590,73351,49833,0
78123,37132,94738,115255,172861,131870,1
23079,35915,11283,58994,34362,47198,0
22203,62806,70415,85009,92618,133221,1
14293,35630,82867,49923,97160,118497,0
85115,9846,21684,94961,106799,31530,0
86446,29662,21930,116108,108376,51592,0
24238,40462,66163,64700,90401,106625,0
20096,55827,24835,75923,44931,80662,0
11645,55440,33627,67085,45272,89067,0
37199,57171,43792,94370,80991,100963,1
87866,24144,73385,112010,161251,97529,1
59019,16477,25352,75496,84371,41829,0
12057,17071,43889,29128,55946,60960,0
47593,33127,97694,80720,145287,130821,0
89416,38489,14326,127905,103742,52815,0
85882,88542,29650,174424,115532,118192,1
29083,81940,55128,111023,84211,137068,1
46102,55184,35703,101286,81805,90887,1
2733,8082,68241,10815,70974,76323,0
57317,63023,60135,120340,117452,123158,1
77838,4809,49325,82647,127163,54134,0
39539,45068,24311,84607,63850,69379,1
26302,60731,45497,87033,71799,106228,1
78639,459,8877,79098,87516,9336,0
86823,65959,76535,152782,163358,142494,1
89330,77859,48182,167189,137512,126041,1
48221,48794,30801,97015,79022,79595,1
9700,79551,30425,89251,40125,109976,0
20433,1444,41587,21877,62020,43031,0
70737,60678,18211,131415,88948,78889,1
32487,72561,31218,105048,63705,103779,0
37348,26681,31905,64029,69253,58586,1
6366,17319,55630,23685,61996,72949,0
53465,25201,12560,78666,66025,37761,0
24451,95697,3142,120148,27593,98839,0
53122,92705,64124,145827,117246,156829,1
78070,92151,89467,170221,167537,181618,1
7547,45936,27547,53483,35094,73483,0
55697,50238,92196,105935,147893,142434,1
29760,8691,80288,38451,110048,88979,0
91806,16664,21801,108470,113607,38465,0
68615,49390,56815,118005,125430,106205,1
59527,67853,34966,127380,94493,102819,1
31496,9771,79049,41267,110545,88820,0
27698,69655,11649,97353,39347,81304,0
88379,31343,80181,119722,168560,111524,1
8469,39881,21993,48350,30462,61874,0
1110,4953,99215,6063,100325,104168,0
81938,90581,28205,172519,110143,118786,1
78548,47078,60044,125626,138592,107122,1
39331,97822,71407,137153,110738,169229,1
15978,28943,72526,44921,88504,101469,0
7148,31189,86445,38337,93593,117634,0
11218,65960,27006,77178,38224,92966,0
23634,88641,48655,112275,72289,137296,0
1682,99995,29732,101677,31414,129727,0
86236,1066,285,87302,86521,1351,0
53385,35298,317,88683,53702,35615,0
73664,91351,56749,165015,130413,148100,1
47122,86274,34278,133396,81400,120552,0
8636,33466,73255,42102,81891,106721,0
22247,72950,30704,95197,52951,103654,0
7338,27197,80269,34535,87607,107466,0
95889,66434,53231,162323,149120,119665,1
46047,31814,80031,77861,126078,111845,0
51647,43822,53632,95469,105279,97454,1
71020,40628,31490,111648,102510,72118,1
60129,26923,68069,87052,128198,94992,1
3185,23523,93411,26708,96596,116934,0
90375,83378,35053,173753,125428,118431,1
5070,38136,53670,43206,58740,91806,0
21467,21629,50712,43096,72179,72341,0
26641,76416,25298,103057,51939,101714,0
63643,31970,52787,95613,116430,84757,1
59078,81571,43831,140649,102909,125402,1
91851,26158,12101,118009,103952,38259,0
87160,25356,35738,112516,122898,61094,0
97295,26811,52880,124106,150175,79691,0
15896,13943,36753,29839,52649,50696,0
3130,37118,65787,40248,68917,102905,0
58529,10520,6058,69049,64587,16578,0
6195,82403,60461,88598,66656,142864,0
93938,13233,27318,107171,121256,40551,0
12534,55411,63350,67945,75884,118761,1
72907,60380,68997,133287,141904,129377,1
50247,41938,10899,92185,61146,52837,1
20213,99500,4999,119713,25212,104499,0
49825,75495,8413,125320,58238,83908,0
10627,22768,5511,33395,16138,28279,0
99220,12994,40074,112214,139294,53068,0
74595,35634,99825,110229,174420,135459,1
53758,4477,28081,58235,81839,32558,0
51175,2485,36244,53660,87419,38729,0
81740,67505,64586,149245,146326,132091,1
62986,72334,66449,135320,129435,138783,1
16982,36888,57010,53870,73992,93898,0
54823,77088,86795,131911,141618,163883,1
22264,92117,40408,114381,62672,132525,0
57059,80330,66780,137389,123839,147110,1
76723,49560,74484,126283,151207,124044,1
99565,8784,59076,108349,158641,67860,0
53269,99434,41192,152703,94461,140626,0
28708,12990,12855,41698,41563,25845,0
88091,59897,18859,147988,106950,78756,0
78505,82729,34775,161234,113280,117504,1
78958,77191,73357,156149,152315,150548,1
70502,42916,90986,113418,161488,133902,1
93539,99974,13222,193513,106761,113196,1
77654,1765,83342,79419,160996,85107,0
71818,79340,60077,151158,131895,139417,1
98164,85184,26053,183348,124217,111237,1
16160,86911,69768,103071,85928,156679,0
72205,13558,5957,85763,78162,19515,0
6864,14252,11603,21116,18467,25855,1
80894,77710,71874,158604,152768,149584,1
88747,81329,82983,170076,171730,164312,1
89267,42780,18024,132047,107291,60804,0
28645,89654,33104,118299,61749,122758,0
5492,58223,19666,63715,25158,77889,0
46428,74754,54019,121182,100447,128773,1
17186,85472,63180,102658,80366,148652,0
78639,19077,15023,97716,93662,34100,0
71502,10813,19056,82315,90558,29869,0
32964,87787,27899,120751,60863,115686,0
49026,84405,55029,133431,104055,139434,1
52236,97532,61418,149768,113654,158950,1
43697,59531,34797,103228,78494,94328,1
66073,28978,5527,95051,71600,34505,0
53535,37499,98170,91034,151705,135669,0
91413,40901,78627,132314,170040,119528,1
47179,88546,82673,135725,129852,171219,1
79345,63116,86732,142461,166077,149848,1
69872,53450,99261,123322,169133,152711,1
37090,17650,6609,54740,43699,24259,0
83840,37494,37907,121334,121747,75401,0
37357,14257,91180,51614,128537,105437,0
85949,95257,67024,181206,152973,162281,1
2484,50766,42713,53250,45197,93479,0
50661,69386,52739,120047,103400,122125,1
6954,76351,72762,83305,79716,149113,1
13101,23001,13894,36102,26995,36895,1
47431,75256,39782,122687,87213,115038,1
12445,73421,34154,85866,46599,107575,0
95350,27826,85798,123176,181148,113624,1
47069,96564,27977,143633,75046,124541,0
43816,64109,40777,107925,84593,104886,1
52468,86490,39007,138958,91475,125497,1
62236,11623,6402,73859,68638,18025,0
36114,18741,64771,54855,100885,83512,0
96521,1492,85747,98013,182268,87239,0
75902,86321,28956,162223,104858,115277,1
78070,97934,65977,176004,144047,163911,1
98741,2306,66957,101047,165698,69263,0
48516,84345,70599,132861,119115,154944,1
37301,91922,61521,129223,98822,153443,1
58262,58354,94787,116616,153049,153141,1
25955,27910,44419,53865,70374,72329,1
78730,58330,92291,137060,171021,150621,1
65602,97761,92563,163363,158165,190324,1
65152,31052,73282,96204,138434,104334,1
1723,97484,91402,99207,93125,188886,0
52804,93284,36030,146088,88834,129314,0
49952,64967,95312,114919,145264,160279,1
94726,56097,63385,150823,158111,119482,1
87536,82839,37791,170375,125327,120630,1
54804,16989,92690,71793,147494,109679,0
61953,6755,30618,68708,92571,37373,0
20101,72512,84377,92613,104478,156889,1
1306,10932,85045,12238,86351,95977,0
72930,75006,7800,147936,80730,82806,1
27766,79453,75621,107219,103387,155074,1
93952,2485,39797,96437,133749,42282,0
53489,27709,83587,81198,137076,111296,0
25596,73577,75037,99173,100633,148614,1
23777,91011,43545,114788,67322,134556,0
13878,43470,48321,57348,62199,91791,1
43745,19481,28121,63226,71866,47602,1
83983,45502,47750,129485,131733,93252,1
59060,11075,2620,70135,61680,13695,0
55144,49458,20727,104602,75871,70185,1
88442,80141,37100,168583,125542,117241,1
83927,35502,50880,119429,134807,86382,1
50328,62670,9632,112998,59960,72302,0
95002,6698,94151,101700,189153,100849,1
91630,7482,536,99112,92166,8018,0
25048,43775,23334,68823,48382,67109,1
11250,86967,63360,98217,74610,150327,0
67765,65320,98638,133085,166403,163958,1
6050,59517,56569,65567,62619,116086,1
1173,10668,49106,11841,50279,59774,0
63927,49733,10001,113660,73928,59734,0
98600,5174,38728,103774,137328,43902,0
51567,69950,52990,121517,104557,122940,1
99014,88597,34757,187611,133771,123354,1
29239,68868,11841,98107,41080,80709,0
81899,74311,40747,156210,122646,115058,1
90706,30693,71667,121399,162373,102360,1
8289,69175,9041,77464,17330,78216,0
97515,75094,95370,172609,192885,170464,1
5304,15202,28581,20506,33885,43783,0
44155,7091,58408,51246,102563,65499,0
21071,45831,59806,66902,80877,105637,1
49689,98086,18143,147775,67832,116229,0
5350,18604,35710,23954,41060,54314,0
48182,56418,47391,104600,95573,103809,1
53576,79818,48520,133394,102096,128338,1
1770,44363,47049,46133,48819,91412,0
82942,97057,23463,179999,106405,120520,1
84307,42439,51114,126746,135421,93553,1
32725,82673,43684,115398,76409,126357,0
27176,2760,1469,29936,28645,4229,0
75759,2011,85407,77770,161166,87418,0
38538,47130,38449,85668,76987,85579,1
83162,34530,90594,117692,173756,125124,1
71140,49109,82988,120249,154128,132097,1
14560,71274,85304,85834,99864,156578,1
22504,44203,26911,66707,49415,71114,1
47548,69329,8596,116877,56144,77925,0
5417,87160,48459,92577,53876,135619,0
5182,78002,64999,83184,70181,143001,0
17605,66475,87495,84080,105100,153970,0
30728,22384,27493,53112,58221,49877,1
42473,47315,69923,89788,112396,117238,1
77396,48067,98933,125463,176329,147000,1
87964,31161,74128,119125,162092,105289,1
61402,83090,69334,144492,130736,152424,1
89132,37083,95676,126215,184808,132759,1
84754,70002,35717,154756,120471,105719,1
8064,12713,18979,20777,27043,31692,1
81389,57665,36602,139054,117991,94267,1
6221,8654,27406,14875,33627,36060,0
15385,25923,46187,41308,61572,72110,0
6600,62989,958,69589,7558,63947,0
39830,16675,29436,56505,69266,46111,1
35080,33149,82308,68229,117388,115457,0
92765,46598,46968,139363,139733,93566,1
17789,17698,95930,35487,113719,113628,0
77547,2759,53876,80306,131423,56635,0
10491,11425,56584,21916,67075,68009,0
48511,92584,97663,141095,146174,190247,1
95146,678,24833,95824,119979,25511,0
41495,59400,59143,100895,100638,118543,1
34523,68764,85594,103287,120117,154358,1
10223,52645,59979,62868,70202,112624,1
28523,12460,74462,40983,102985,86922,0
95910,14984,40520,110894,136430,55504,0
65601,81220,18586,146821,84187,99806,1
68987,61896,41688,130883,110675,103584,1
87972,32308,57295,120280,145267,89603,1
65463,26375,10925,91838,76388,37300,0
40541,35446,17815,75987,58356,53261,1
84843,46899,79786,131742,164629,126685,1
59303,92237,45808,151540,105111,138045,1
16982,44663,17140,61645,34122,61803,0
2177,40548,11222,42725,13399,51770,0
15514,60519,61498,76033,77012,122017,1
44110,86055,12608,130165,56718,98663,0
87579,30130,13631,117709,101210,43761,0
44984,19789,71497,64773,116481,91286,0
81067,30302,4640,111369,85707,34942,0
16800,27359,93958,44159,110758,121317,0
55607,58422,5203,114029,60810,63625,1
16789,50204,78180,66993,94969,128384,0
19959,35678,46865,55637,66824,82543,1
84890,94948,22774,179838,107664,117722,1
89867,7390,77992,97257,167859,85382,0
86429,89739,9113,176168,95542,98852,1
27863,18510,34632,46373,62495,53142,1
57673,13191,8778,70864,66451,21969,0
93547,66468,14669,160015,108216,81137,0
18499,8881,85199,27380,103698,94080,0
5212,16613,25289,21825,30501,41902,0
25156,79008,5725,104164,30881,84733,0
85886,59388,61986,145274,147872,121374,1
92374,88649,51272,181023,143646,139921,1
75336,2542,20821,77878,96157,23363,0
35264,29121,35648,64385,70912,64769,1
94926,11923,88230,106849,183156,100153,1
45593,5879,61121,51472,106714,67000,0
83820,46885,67206,130705,151026,114091,1
10418,52004,73028,62422,83446,125032,0
81295,79508,40781,160803,122076,120289,1
56968,74357,41979,131325,98947,116336,1
49431,36095,44860,85526,94291,80955,1
80597,85313,89378,165910,169975,174691,1
67067,17110,49428,84177,116495,66538,0
95736,14014,28185,109750,123921,42199,0
70944,82805,10684,153749,81628,93489,0
94782,99728,85151,194510,179933,184879,1
13730,99182,19133,112912,32863,118315,0
93961,80343,47808,174304,141769,128151,1
8964,69127,5369,78091,14333,74496,0
96304,46867,5021,143171,101325,51888,0
85021,41549,21784,126570,106805,63333,0
4017,28681,25788,32698,29805,54469,1
53073,83901,83426,136974,136499,167327,1
39074,72184,60093,111258,99167,132277,1
2611,98387,12622,100998,15233,111009,0
84505,54041,61031,138546,145536,115072,1
48616,90843,20547,139459,69163,111390,0
27679,35198,18483,62877,46162,53681,1
37710,45593,18154,83303,55864,63747,1
19170,68301,21040,87471,40210,89341,0
39466,79491,48275,118957,87741,127766,1
43937,38321,68547,82258,112484,106868,1
41691,75304,29793,116995,71484,105097,0
59229,84233,3891,143462,63120,88124,0
59217,21537,28086,80754,87303,49623,0
79941,44776,29987,124717,109928,74763,0
77628,80505,64582,158133,142210,145087,1
87779,27468,38502,115247,126281,65970,0
77524,73217,3568,150741,81092,76785,0
21104,309,4912,21413,26016,5221,0
96928,51059,56555,147987,153483,107614,1
86729,85319,75243,172048,161972,160562,1
4922,45783,18522,50705,23444,64305,0
15903,42173,52269,58076,68172,94442,1
70063,55100,47453,125163,117516,102553,1
26265,76868,28198,103133,54463,105066,0
47151,75081,74373,122232,121524,149454,1
55737,55492,7098,111229,62835,62590,1
77953,99303,10365,177256,88318,109668,0
50939,3516,6288,54455,57227,9804,0
29220,61904,17863,91124,47083,79767,0
75940,83800,30065,159740,106005,113865,1
96180,83440,84074,179620,180254,167514,1
31334,59264,68823,90598,100157,128087,1
65279,15881,84816,81160,150095,100697,0
61953,39307,39968,101260,101921,79275,1
97327,96802,53773,194129,151100,150575,1
85480,33139,47722,118619,133202,80861,0
30791,68681,88793,99472,119584,157474,1
99658,12628,62362,112286,162020,74990,0
82530,27006,69236,109536,151766,96242,1
55457,56467,75925,111924,131382,132392,1
46203,50224,95070,96427,141273,145294,1
49879,42138,82511,92017,132390,124649,1
67448,68449,18554,135897,86002,87003,1
76547,36907,73347,113454,149894,110254,1
1646,78739,65777,80385,67423,144516,0
38040,48191,36619,86231,74659,84810,1
59731,95466,31693,155197,91424,127159,0
14110,43226,74642,57336,88752,117868,0
7940,1127,84049,9067,91989,85176,0
57625,66435,359,124060,57984,66794,0
6214,93120,14298,99334,20512,107418,0
39660,77112,68870,116772,108530,145982,1
97626,84752,425,182378,98051,85177,0
97729,59428,95254,157157,192983,154682,1
26289,18191,6204,44480,32493,24395,0
36154,88140,88063,124294,124217,176203,1
32881,40060,85185,72941,118066,125245,0
71861,80419,13964,152280,85825,94383,1
27932,14288,11057,42220,38989,25345,0
19548,43665,60987,63213,80535,104652,1
37663,24596,66242,62259,103905,90838,0
65899,45192,22055,111091,87954,67247,1
99245,197,93560,99442,192805,93757,0
92468,29345,62003,121813,154471,91348,0
47918,78636,60572,126554,108490,139208,1
37525,4839,74793,42364,112318,79632,0
2619,42204,60165,44823,62784,102369,0
24144,9589,25648,33733,49792,35237,1
37940,21988,3239,59928,41179,25227,0
53935,81475,9114,135410,63049,90589,0
7128,18178,46956,25306,54084,65134,0
14514,45347,93591,59861,108105,138938,0
89104,37682,99563,126786,188667,137245,1
42846,91640,92263,134486,135109,183903,1
40237,15941,46897,56178,87134,62838,1
30671,85969,23900,116640,54571,109869,0
6736,75889,42529,82625,49265,118418,0
80659,28936,86623,109595,167282,115559,1
6873,65056,82056,71929,88929,147112,0
56055,29131,53939,85186,109994,83070,1
59151,89066,49169,148217,108320,138235,1
59515,94305,66083,153820,125598,160388,1
5236,60840,64528,66076,69764,125368,1
78111,52618,13856,130729,91967,66474,0
29708,8169,63112,37877,92820,71281,0
97232,64434,21538,161666,118770,85972,0
54589,41794,58262,96383,112851,100056,1
65442,47311,51372,112753,116814,98683,1
55539,71106,17085,126645,72624,88191,1
14544,13138,4041,27682,18585,17179,1
26326,67229,40579,93555,66905,107808,0
20756,16491,42483,37247,63239,58974,0
96774,99495,12863,196269,109637,112358,1
77019,17849,41616,94868,118635,59465,0
49656,16241,37168,65897,86824,53409,1
51427,95378,21195,146805,72622,116573,0
10933,42750,432,53683,11365,43182,0
92572,18457,26585,111029,119157,45042,0
79776,26249,12549,106025,92325,38798,0
8376,42622,33749,50998,42125,76371,0
27556,65419,55012,92975,82568,120431,1
81505,2086,43550,83591,125055,45636,0
84925,22901,92070,107826,176995,114971,1
72162,9451,93386,81613,165548,102837,0
66848,93256,10821,160104,77669,104077,0
46320,15281,5570,61601,51890,20851,0
19460,38539,37006,57999,56466,75545,1
64333,457,4632,64790,68965,5089,0
25908,31310,7733,57218,33641,39043,1
67712,24536,65167,92248,132879,89703,1
60818,33356,25945,94174,86763,59301,0
42100,63106,55578,105206,97678,118684,1
9906,47041,926,56947,10832,47967,0
55392,30758,62456,86150,117848,93214,1
32136,2759,49052,34895,81188,51811,0
17117,23992,56826,41109,73943,80818,0
23089,47827,11101,70916,34190,58928,0
12569,40536,81209,53105,93778,121745,0
3319,32319,6020,35638,9339,38339,0
39843,82363,66601,122206,106444,148964,1
65304,62324,21015,127628,86319,83339,1
21426,1743,69126,23169,90552,70869,0
84040,77933,87932,161973,171972,165865,1
97610,22748,69161,120358,166771,91909,0
69711,37591,81111,107302,150822,118702,1
41021,11968,23700,52989,64721,35668,0
53479,91891,22653,145370,76132,114544,0
5611,5285,9531,10896,15142,14816,1
38365,44649,88430,83014,126795,133079,0
36988,89922,20642,126910,57630,110564,0
21279,26872,79551,48151,100830,106423,0
26027,47150,65628,73177,91655,112778,1
35879,86761,4972,122640,40851,91733,0
98142,27280,16485,125422,114627,43765,0
20665,5366,21870,26031,42535,27236,1
97821,96394,55820,194215,153641,152214,1
50686,14786,92539,65472,143225,107325,0
29888,36664,90734,66552,120622,127398,0
48248,79154,44127,127402,92375,123281,1
69307,67894,47124,137201,116431,115018,1
20107,21922,19099,42029,39206,41021,1
75177,50151,20749,125328,95926,70900,0
23036,37354,64883,60390,87919,102237,0
50629,19478,93633,70107,144262,113111,0
38437,79804,85229,118241,123666,165033,1
76360,58518,36202,134878,112562,94720,1
46515,3505,63320,50020,109835,66825,0
81488,55008,30479,136496,111967,85487,1
21601,80570,10925,102171,32526,91495,0
54671,90416,30593,145087,85264,121009,0
63578,82854,23409,146432,86987,106263,1
75370,48579,8325,123949,83695,56904,0
22912,52790,61779,75702,84691,114569,1
73255,10830,22144,84085,95399,32974,0
26078,84262,69344,110340,95422,153606,1
33684,35519,91956,69203,125640,127475,0
33775,32003,63690,65778,97465,95693,1
47040,47412,26317,94452,73357,73729,1
59764,5343,30722,65107,90486,36065,0
69410,33854,91301,103264,160711,125155,1
15383,72790,9223,88173,24606,82013,0
11445,30663,62705,42108,74150,93368,0
68947,2781,46862,71728,115809,49643,0
31299,58109,49166,89408,80465,107275,1
63136,57599,88160,120735,151296,145759,1
40635,44292,51223,84927,91858,95515,1
19898,76679,3189,96577,23087,79868,0
84540,17989,49094,102529,133634,67083,0
6427,92469,60421,98896,66848,152890,0
26370,44099,78395,70469,104765,122494,0
33102,41947,46659,75049,79761,88606,1
76750,207,23027,76957,99777,23234,0
13863,53119,99929,66982,113792,153048,0
85101,83804,85092,168905,170193,168896,1
72892,43087,75676,115979,148568,118763,1
41976,5311,91542,47287,133518,96853,0
55848,21936,43952,77784,99800,65888,1
63759,3941,56775,67700,120534,60716,0
47721,2290,61354,50011,109075,63644,0
75920,70168,35419,146088,111339,105587,1
50912,38397,28922,89309,79834,67319,1
65694,55861,16074,121555,81768,71935,1
9340,55344,83871,64684,93211,139215,0
92955,11666,25343,104621,118298,37009,0
92161,50499,43957,142660,136118,94456,1
35259,94245,39940,129504,75199,134185,0
45720,10040,35393,55760,81113,45433,0
18132,10615,37312,28747,55444,47927,0
69344,53101,44380,122445,113724,97481,1
13403,14058,20254,27461,33657,34312,1
5208,11775,4159,16983,9367,15934,0
98059,95251,21418,193310,119477,116669,1
93833,42647,67422,136480,161255,110069,1
71970,93199,77546,165169,149516,170745,1
83671,7351,22383,91022,106054,29734,0
24277,17498,25900,41775,50177,43398,1
10305,56020,55472,66325,65777,111492,1
15345,61569,10449,76914,25794,72018,0
29963,6336,81985,36299,111948,88321,0
87345,23863,43333,111208,130678,67196,0
99064,5773,57571,104837,156635,63344,0
3775,86061,51758,89836,55533,137819,0
57259,17209,46683,74468,103942,63892,1
82456,32169,64724,114625,147180,96893,1
44200,66382,54528,110582,98728,120910,1
24558,11373,9871,35931,34429,21244,0
16559,80027,90550,96586,107109,170577,1
75415,20832,76422,96247,151837,97254,1
28794,71323,51576,100117,80370,122899,1
36908,64593,40522,101501,77430,105115,1
87698,51705,70543,139403,158241,122248,1
92998,92858,48480,185856,141478,141338,1
32329,16170,21814,48499,54143,37984,1
1417,76030,6205,77447,7622,82235,0
85617,45979,35780,131596,121397,81759,0
4420,84049,11649,88469,16069,95698,0
10760,25144,68892,35904,79652,94036,0
7934,65475,15492,73409,23426,80967,0
15753,39623,78458,55376,94211,118081,0
49258,40737,22149,89995,71407,62886,1
20743,12027,47321,32770,68064,59348,0
39048,56967,9643,96015,48691,66610,0
84124,10963,16131,95087,100255,27094,0
190,43277,83124,43467,83314,126401,0
7801,17638,92129,25439,99930,109767,0
69817,29121,53182,98938,122999,82303,1
41176,24371,93297,65547,134473,117668,0
97371,62459,49262,159830,146633,111721,1
1645,76506,84641,78151,86286,161147,0
81846,78709,22182,160555,104028,100891,1
5801,34379,33241,40180,39042,67620,1
66762,93925,73368,160687,140130,167293,1
50467,33335,94896,83802,145363,128231,0
28630,91866,38093,120496,66723,129959,0
89408,93698,64006,183106,153414,157704,1
32032,60512,6200,92544,38232,66712,0
11965,60103,83202,72068,95167,143305,0
42388,2901,46826,45289,89214,49727,0
25097,33468,71385,58565,96482,104853,0
76164,86250,63197,162414,139361,149447,1
62036,29891,92809,91927,154845,122700,0
28471,24343,64501,52814,92972,88844,0
11947,30863,55085,42810,67032,85948,0
7996,61142,2673,69138,10669,63815,0
11497,26940,23297,38437,34794,50237,1
34606,89344,30489,123950,65095,119833,0
8869,36633,10164,45502,19033,46797,0
1019,31774,72824,32793,73843,104598,0
38011,88758,69224,126769,107235,157982,1
70403,14229,60884,84632,131287,75113,1
77415,96867,71888,174282,149303,168755,1
10178,31245,99829,41423,110007,131074,0
95536,20599,10106,116135,105642,30705,0
77580,1673,99277,79253,176857,100950,0
87290,13855,24964,101145,112254,38819,0
8400,79547,18207,87947,26607,97754,0
21330,68699,36813,90029,58143,105512,0
97692,23195,9594,120887,107286,32789,0
57684,84325,6837,142009,64521,91162,0
89600,28960,83803,118560,173403,112763,1
77710,55128,94558,132838,172268,149686,1
4497,89260,56653,93757,61150,145913,0
2363,76840,46404,79203,48767,123244,0
4485,22116,42542,26601,47027,64658,0
94060,17771,78957,111831,173017,96728,1
36739,14989,53222,51728,89961,68211,0
22711,10972,74172,33683,96883,85144,0
50429,11330,70317,61759,120746,81647,0
52244,22556,61422,74800,113666,83978,1
82716,81593,52468,164309,135184,134061,1
74618,20936,30544,95554,105162,51480,0
22041,74480,36968,96521,59009,111448,0
88905,89399,983,178304,89888,90382,1
70031,37262,12481,107293,82512,49743,0
61845,38479,19210,100324,81055,57689,0
6355,39195,9442,45550,15797,48637,0
20323,64443,83091,84766,103414,147534,1
36849,45711,94218,82560,131067,139929,0
81418,50732,87148,132150,168566,137880,1
33274,33336,21585,66610,54859,54921,1
7079,82989,64706,90068,71785,147695,0
28870,57877,53167,86747,82037,111044,1
98144,83984,73633,182128,171777,157617,1
89923,23315,73698,113238,163621,97013,1
39957,2348,50416,42305,90373,52764,0
90678,67826,49388,158504,140066,117214,1
57084,96492,54335,153576,111419,150827,1
96237,31285,45720,127522,141957,77005,0
21335,41170,51499,62505,72834,92669,1
92097,16275,16807,108372,108904,33082,0
99752,48916,53247,148668,152999,102163,1
91959,38987,36507,130946,128466,75494,0
21481,17812,45435,39293,66916,63247,0
89581,30699,81451,120280,171032,112150,1
38597,79372,10336,117969,48933,89708,0
23912,76089,50017,100001,73929,126106,0
53955,34284,65531,88239,119486,99815,1
47226,60362,87600,107588,134826,147962,1
4933,530,51287,5463,56220,51817,0
11303,36004,28132,47307,39435,64136,1
5154,77303,92694,82457,97848,169997,0
3484,9557,58100,13041,61584,67657,0
99150,13416,9741,112566,108891,23157,0
93389,48950,61643,142339,155032,110593,1
19839,17921,36717,37760,56556,54638,1
33304,66252,24031,99556,57335,90283,0
80456,88699,15376,169155,95832,104075,1
69785,3963,33378,73748,103163,37341,0
80331,75776,52702,156107,133033,128478,1
1553,56148,25548,57701,27101,81696,0
58656,80653,91788,139309,150444,172441,1
98353,33658,34593,132011,132946,68251,0
53634,87914,58673,141548,112307,146587,1
28208,34159,66373,62367,94581,100532,0
80531,62257,44811,142788,125342,107068,1
16192,67473,4671,83665,20863,72144,0
85868,38889,51087,124757,136955,89976,1
58060,34983,84132,93043,142192,119115,1
82579,24166,37197,106745,119776,61363,0
62627,66998,61887,129625,124514,128885,1
52611,97597,71078,150208,123689,168675,1
77910,22179,67426,100089,145336,89605,1
74930,96170,10899,171100,85829,107069,0
11706,99082,25713,110788,37419,124795,0
64561,34764,71337,99325,135898,106101,1
10128,28324,3468,38452,13596,31792,0
40549,29050,55939,69599,96488,84989,1
21058,85135,49762,106193,70820,134897,0
29486,78823,84454,108309,113940,163277,1
21005,97702,48098,118707,69103,145800,0
65688,44888,7359,110576,73047,52247,0
33206,68638,34186,101844,67392,102824,0
34213,17261,92545,51474,126758,109806,0
56133,32243,60859,88376,116992,93102,1
53463,85602,30638,139065,84101,116240,0
10900,15369,48399,26269,59299,63768,0
63741,73789,73519,137530,137260,147308,1
72948,63229,27919,136177,100867,91148,1
1399,78848,55429,80247,56828,134277,0
57469,29186,51729,86655,109198,80915,1
56727,15134,17432,71861,74159,32566,0
93746,21496,30075,115242,123821,51571,0
50436,67946,82605,118382,133041,150551,1
77016,43466,4529,120482,81545,47995,0
41076,12005,36011,53081,77087,48016,1
66324,96352,70549,162676,136873,166901,1
71102,17752,81613,88854,152715,99365,1
16374,14752,16252,31126,32626,31004,1
46327,16889,19746,63216,66073,36635,0
36023,6376,41166,42399,77189,47542,1
8647,67332,14885,75979,23532,82217,0
20304,44204,5387,64508,25691,49591,0
32260,55173,74771,87433,107031,129944,1
79272,39875,20241,119147,99513,60116,0
29550,3230,3842,32780,33392,7072,0
78206,79651,84755,157857,162961,164406,1
57108,41559,5537,98667,62645,47096,0
66949,82331,46191,149280,113140,128522,1
19282,90813,9697,110095,28979,100510,0
47152,2948,70495,50100,117647,73443,0
36152,31762,32420,67914,68572,64182,1
49339,68096,45304,117435,94643,113400,1
61676,40008,38938,101684,100614,78946,1
95710,37828,39790,133538,135500,77618,0
87051,81731,68905,168782,155956,150636,1
37506,83203,77268,120709,114774,160471,1
74143,64605,70846,138748,144989,135451,1
37728,2400,94765,40128,132493,97165,0
62920,68597,59424,131517,122344,128021,1
85748,55891,1096,141639,86844,56987,0
62080,73551,94899,135631,156979,168450,1
36349,13228,91260,49577,127609,104488,0
64606,56458,53600,121064,118206,110058,1
40906,52407,93728,93313,134634,146135,0
43620,27736,96506,71356,140126,124242,0
50988,73832,15363,124820,66351,89195,0
28653,49925,59922,78578,88575,109847,1
21389,30726,15047,52115,36436,45773,1
70914,1548,65546,72462,136460,67094,0
96034,82610,97181,178644,193215,179791,1
81928,12597,98427,94525,180355,111024,0
27439,85985,51932,113424,79371,137917,0
79142,7084,64273,86226,143415,71357,0
7571,22510,40977,30081,48548,63487,0
54265,54589,83567,108854,137832,138156,1
38592,85,45941,38677,84533,46026,0
30861,25203,55746,56064,86607,80949,1
82679,10131,91860,92810,174539,101991,1
61723,95147,12862,156870,74585,108009,0
30156,11386,27262,41542,57418,38648,1
32004,37363,55634,69367,87638,92997,1
92395,41817,77210,134212,169605,119027,1
53193,70438,94211,123631,147404,164649,1
50494,69260,55186,119754,105680,124446,1
28546,68820,12060,97366,40606,80880,0
51827,51564,64703,103391,116530,116267,1
10709,7875,73798,18584,84507,81673,0
30689,48568,47744,79257,78433,96312,1
92318,72607,24458,164925,116776,97065,1
64775,83159,96491,147934,161266,179650,1
90322,47486,39684,137808,130006,87170,0
84468,79147,95775,163615,180243,174922,1
63612,6554,41097,70166,104709,47651,0
70809,11058,38186,81867,108995,49244,0
94958,69939,36439,164897,131397,106378,1
42224,84699,50234,126923,92458,134933,1
20604,23912,73033,44516,93637,96945,0
62096,49989,12604,112085,74700,62593,1
8902,82568,1378,91470,10280,83946,0
91183,15670,42701,106853,133884,58371,0
14883,47377,3472,62260,18355,50849,0
56908,27155,7048,84063,63956,34203,0
4622,23781,76455,28403,81077,100236,0
44433,44014,72979,88447,117412,116993,1
83597,17502,72628,101099,156225,90130,1
65973,81084,75285,147057,141258,156369,1
17173,82404,91194,99577,108367,173598,1
40176,53621,81360,93797,121536,134981,1
79266,91902,32895,171168,112161,124797,1
53259,75398,83934,128657,137193,159332,1
59602,1449,92154,61051,151756,93603,0
1098,95753,31536,96851,32634,127289,0
9993,7536,49134,17529,59127,56670,0
85477,41534,55207,127011,140684,96741,1
93492,23754,9109,117246,102601,32863,0
81516,68245,52514,149761,134030,120759,1
2841,28460,77310,31301,80151,105770,0
65193,99823,9029,165016,74222,108852,0
20124,85064,56431,105188,76555,141495,0
11149,814,58880,11963,70029,59694,0
45323,51993,55235,97316,100558,107228,1
9338,97883,52489,107221,61827,150372,0
13403,89249,81465,102652,94868,170714,1
52124,7596,15427,59720,67551,23023,0
32679,23820,81184,56499,113863,105004,0
71065,5878,35098,76943,106163,40976,0
46016,99554,30331,145570,76347,129885,0
90203,58608,19589,148811,109792,78197,0
94689,70755,65619,165444,160308,136374,1
64415,67683,69214,132098,133629,136897,1
8247,46979,32697,55226,40944,79676,0
71508,23899,17304,95407,88812,41203,0
28416,85370,34449,113786,62865,119819,0
46608,93323,89729,139931,136337,183052,1
47413,8470,41748,55883,89161,50218,1
84369,32037,3397,116406,87766,35434,0
76622,60172,16412,136794,93034,76584,0
13118,99228,58062,112346,71180,157290,0
55614,57511,4761,113125,60375,62272,1
15429,212,55038,15641,70467,55250,0
11313,55919,55095,67232,66408,111014,1
99881,46759,55076,146640,154957,101835,1
60546,37433,2375,97979,62921,39808,0
56429,97250,9215,153679,65644,106465,0
44044,88426,92390,132470,136434,180816,1
15535,95799,70662,111334,86197,166461,0
7979,44908,59575,52887,67554,104483,0
71931,88241,64420,160172,136351,152661,1
80883,1038,50072,81921,130955,51110,0
61628,56273,94660,117901,156288,150933,1
91141,38138,67556,129279,158697,105694,1
71908,55055,9751,126963,81659,64806,0
24452,57910,92962,82362,117414,150872,0
13628,33705,52528,47333,66156,86233,0
89389,89998,54031,179387,143420,144029,1
58399,74487,34317,132886,92716,108804,1
64936,99709,67267,164645,132203,166976,1
87145,56505,85586,143650,172731,142091,1
13777,51097,71153,64874,84930,122250,0
9101,15758,40550,24859,49651,56308,0
27437,80183,3260,107620,30697,83443,0
35338,54935,39175,90273,74513,94110,1
61775,64900,49688,126675,111463,114588,1
93674,52216,45040,145890,138714,97256,1
55539,35086,2652,90625,58191,37738,0
11724,47640,10022,59364,21746,57662,0
25231,57283,86083,82514,111314,143366,0
83790,18143,2060,101933,85850,20203,0
16897,54734,40893,71631,57790,95627,1
87115,53633,81529,140748,168644,135162,1
63065,93844,29143,156909,92208,122987,0
22302,62493,42858,84795,65160,105351,1
83844,28037,90440,111881,174284,118477,1
31057,93055,95761,124112,126818,188816,1
84443,97396,50487,181839,134930,147883,1
19712,38860,73297,58572,93009,112157,0
80283,83614,35547,163897,115830,119161,1
2050,24528,66288,26578,68338,90816,0
81546,46040,23701,127586,105247,69741,0
56540,84095,91399,140635,147939,175494,1
54354,26352,13892,80706,68246,40244,0
37036,54971,75943,92007,112979,130914,1
51314,42340,35101,93654,86415,77441,1
52678,22226,31344,74904,84022,53570,1
81770,28631,97309,110401,179079,125940,1
77727,19783,57730,97510,135457,77513,0
54362,19794,6651,74156,61013,26445,0
6258,37617,29796,43875,36054,67413,0
70816,40349,29824,111165,100640,70173,0
53729,45127,10734,98856,64463,55861,1
59447,12637,60606,72084,120053,73243,1
98072,76868,2964,174940,101036,79832,0
89043,28965,49955,118008,138998,78920,0
76322,37285,92678,113607,169000,129963,1
34809,89528,63888,124337,98697,153416,1
56143,49620,9865,105763,66008,59485,1
57603,89202,73980,146805,131583,163182,1
68280,23838,20023,92118,88303,43861,0
64097,60086,97037,124183,161134,157123,1
82062,16869,60126,98931,142188,76995,0
19315,8639,95331,27954,114646,103970,0
55076,77971,4963,133047,60039,82934,0
16096,13096,61641,29192,77737,74737,0
26664,35775,12697,62439,39361,48472,1
16095,84182,57068,100277,73163,141250,0
39512,59238,90133,98750,129645,149371,1
9603,19520,63640,29123,73243,83160,0
42687,20517,24297,63204,66984,44814,1
50904,99961,18214,150865,69118,118175,0
2019,54965,63128,56984,65147,118093,0
76138,88346,36846,164484,112984,125192,1
8329,90493,96248,98822,104577,186741,1
38536,35669,8307,74205,46843,43976,1
26830,29332,66590,56162,93420,95922,0
95390,1557,63782,96947,159172,65339,0
46059,74812,83191,120871,129250,158003,1
11813,38153,93635,49966,105448,131788,0
76134,63090,57879,139224,134013,120969,1
79917,48533,14292,128450,94209,62825,0
38429,87188,96730,125617,135159,183918,1
36961,82553,71550,119514,108511,154103,1
86738,94002,67072,180740,153810,161074,1
26620,94020,37021,120640,63641,131041,0
97182,51698,38707,148880,135889,90405,0
85729,62953,90087,148682,175816,153040,1
73561,70849,74836,144410,148397,145685,1
43385,72344,42454,115729,85839,114798,1
94379,90890,43610,185269,137989,134500,1
78475,17503,93267,95978,171742,110770,1
43010,89691,22393,132701,65403,112084,0
78730,35932,8894,114662,87624,44826,0
1366,73617,10822,74983,12188,84439,0
3315,11155,3899,14470,7214,15054,0
19046,21477,26106,40523,45152,47583,1
22484,49486,99092,71970,121576,148578,0
72714,52092,8074,124806,80788,60166,0
41519,81246,8411,122765,49930,89657,0
83598,93519,34252,177117,117850,127771,1
52711,25986,5033,78697,57744,31019,0
52975,47356,55512,100331,108487,102868,1
62789,73981,62628,136770,125417,136609,1
72915,97054,40102,169969,113017,137156,1
56257,88145,41336,144402,97593,129481,1
19337,64456,74256,83793,93593,138712,1
68728,64416,78057,133144,146785,142473,1
15013,29680,9270,44693,24283,38950,0
49325,73165,55381,122490,104706,128546,1
17261,25356,1985,42617,19246,27341,0
56418,58417,30106,114835,86524,88523,1
61803,6935,58693,68738,120496,65628,1
9080,44586,70548,53666,79628,115134,0
54320,42608,36332,96928,90652,78940,1
72040,88624,97497,160664,169537,186121,1
84089,60171,31281,144260,115370,91452,1
21554,37018,68471,58572,90025,105489,0
86594,54504,79634,141098,166228,134138,1
84577,63568,75452,148145,160029,139020,1
9848,79967,14826,89815,24674,94793,0
38992,35402,44650,74394,83642,80052,1
67372,78027,27330,145399,94702,105357,1
24409,21070,13746,45479,38155,34816,1
92294,18927,19847,111221,112141,38774,0
57968,14515,232,72483,58200,14747,0
28159,92138,42946,120297,71105,135084,0
32464,20449,44103,52913,76567,64552,1
16902,63559,33769,80461,50671,97328,0
88249,73027,92678,161276,180927,165705,1
54402,21624,63964,76026,118366,85588,1
25259,22374,56851,47633,82110,79225,0
89176,20767,15865,109943,105041,36632,0
51365,77130,98042,128495,149407,175172,1
83709,4176,93346,87885,177055,97522,0
30230,61817,67686,92047,97916,129503,1
71050,64014,47439,135064,118489,111453,1
5047,36065,91227,41112,96274,127292,0
97551,10512,64275,108063,161826,74787,0
46299,76754,80866,123053,127165,157620,1
42402,71277,14676,113679,57078,85953,0
84,73958,81850,74042,81934,155808,0
34528,31488,97755,66016,132283,129243,0
28844,25896,72739,54740,101583,98635,0
80012,77186,26553,157198,106565,103739,1
49107,75483,28170,124590,77277,103653,1
69419,21009,60085,90428,129504,81094,1
75135,11946,19000,87081,94135,30946,0
65521,89047,75026,154568,140547,164073,1
59369,41484,33996,100853,93365,75480,1
12735,41516,99844,54251,112579,141360,0
98736,44951,25597,143687,124333,70548,0
36877,55329,66889,92206,103766,122218,1
34520,53032,21583,87552,56103,74615,1
90396,23928,76170,114324,166566,100098,1
6155,83981,28261,90136,34416,112242,0
50290,23220,77811,73510,128101,101031,0
68842,9426,31105,78268,99947,40531,0
26050,91964,66513,118014,92563,158477,1
96344,2306,28807,98650,125151,31113,0
78716,64437,20209,143153,98925,84646,1
86096,19231,69039,105327,155135,88270,1
59622,31858,31988,91480,91610,63846,1
22370,28208,87766,50578,110136,115974,0
61852,14887,77682,76739,139534,92569,0
30401,51973,35091,82374,65492,87064,1
11304,76322,54792,87626,66096,131114,0
56733,30491,46909,87224,103642,77400,1
56971,16413,36876,73384,93847,53289,0
6635,55863,15727,62498,22362,71590,0
8869,25802,49756,34671,58625,75558,0
99888,52207,86684,152095,186572,138891,1
86521,63990,67088,150511,153609,131078,1
70751,50797,71869,121548,142620,122666,1
84856,28990,28602,113846,113458,57592,0
27601,59421,96224,87022,123825,155645,0
16546,87449,1005,103995,17551,88454,0
33271,21888,41376,55159,74647,63264,1
41999,85858,30392,127857,72391,116250,0
46588,48760,42093,95348,88681,90853,1
47562,37432,35593,84994,83155,73025,1
37370,28260,93358,65630,130728,121618,0
28439,68839,49705,97278,78144,118544,1
26462,99823,77621,126285,104083,177444,1
98060,39962,92307,138022,190367,132269,1
88533,90192,6625,178725,95158,96817,1
43828,57826,3017,101654,46845,60843,0
58092,1877,77846,59969,135938,79723,0
87946,91233,37430,179179,125376,128663,1
13548,44998,64214,58546,77762,109212,0
35389,27364,53497,62753,88886,80861,1
37359,29384,85878,66743,123237,115262,0
13935,97159,6458,111094,20393,103617,0
53868,63415,32410,117283,86278,95825,1
39650,1012,10692,40662,50342,11704,0
2879,65149,7551,68028,10430,72700,0
52383,72496,23629,124879,76012,96125,1
18950,23596,62175,42546,81125,85771,0
5366,84833,5088,90199,10454,89921,0
44507,18133,92123,62640,136630,110256,0
70059,50111,9451,120170,79510,59562,0
26380,42424,54457,68804,80837,96881,1
1341,62703,36811,64044,38152,99514,0
44151,24646,45172,68797,89323,69818,1
6977,83120,48982,90097,55959,132102,0
43095,280,73331,43375,116426,73611,0
77291,14154,50632,91445,127923,64786,0
10816,67634,45209,78450,56025,112843,0
80205,63233,68776,143438,148981,132009,1
86139,87594,17226,173733,103365,104820,1
33942,33990,56850,67932,90792,90840,1
7629,30889,12449,38518,20078,43338,0
86929,78549,93244,165478,180173,171793,1
5505,64799,10626,70304,16131,75425,0
37914,89593,13507,127507,51421,103100,0
50881,69717,28501,120598,79382,98218,1
25175,9494,64241,34669,89416,73735,0
14122,3370,59293,17492,73415,62663,0
75896,83299,14081,159195,89977,97380,1
21252,4881,22196,26133,43448,27077,1
93228,12672,15733,105900,108961,28405,0
20101,9926,12733,30027,32834,22659,1
52759,58653,58389,111412,111148,117042,1
44260,35149,72252,79409,116512,107401,1
98073,2613,27571,100686,125644,30184,0
39022,50491,97500,89513,136522,147991,0
87518,78847,23748,166365,111266,102595,1
15715,78740,13004,94455,28719,91744,0
73496,73295,4881,146791,78377,78176,1
4181,48847,94902,53028,99083,143749,0
55530,60610,28485,116140,84015,89095,1
34817,49995,68349,84812,103166,118344,1
79709,87047,78860,166756,158569,165907,1
23801,34090,78521,57891,102322,112611,0
50777,67384,36021,118161,86798,103405,1
96276,55908,46433,152184,142709,102341,1
61832,24691,12230,86523,74062,36921,0
75793,91802,48272,167595,124065,140074,1
45356,68084,3660,113440,49016,71744,0
4605,25610,1607,30215,6212,27217,0
69586,14077,37081,83663,106667,51158,0
39136,48496,50544,87632,89680,99040,1
52121,46429,3523,98550,55644,49952,0
97022,86502,63829,183524,160851,150331,1
20349,78703,16680,99052,37029,95383,0
28349,27821,28948,56170,57297,56769,1
13169,15573,92213,28742,105382,107786,0
76436,88714,13405,165150,89841,102119,1
50867,86411,5879,137278,56746,92290,0
38805,33449,56370,72254,95175,89819,1
65007,25699,20940,90706,85947,46639,0
39701,41345,82521,81046,122222,123866,0
97286,14427,3087,111713,100373,17514,0
74071,48328,4786,122399,78857,53114,0
53224,46058,38610,99282,91834,84668,1
81670,53144,88763,134814,170433,141907,1
83081,84734,35124,167815,118205,119858,1
65505,46211,59064,111716,124569,105275,1
19221,27075,72430,46296,91651,99505,0
82623,62085,65763,144708,148386,127848,1
97541,85104,41311,182645,138852,126415,1
19049,73140,51557,92189,70606,124697,0
42289,98380,16365,140669,58654,114745,0
1522,35405,72375,36927,73897,107780,0
49534,59178,78114,108712,127648,137292,1
16710,65024,64178,81734,80888,129202,1
60951,29969,11563,90920,72514,41532,0
12003,80367,71872,92370,83875,152239,1
92801,96924,89539,189725,182340,186463,1
23641,47358,6602,70999,30243,53960,0
27627,82481,50121,110108,77748,132602,0
94852,1339,58008,96191,152860,59347,0
98314,1401,44367,99715,142681,45768,0
44792,86019,96535,130811,141327,182554,1
11011,2093,23333,13104,34344,25426,0
57005,70195,97443,127200,154448,167638,1
88062,80342,7036,168404,95098,87378,0
11876,16277,18084,28153,29960,34361,1
56768,17786,53489,74554,110257,71275,1
41208,94302,56254,135510,97462,150556,1
62851,93879,67850,156730,130701,161729,1
97776,15885,60958,113661,158734,76843,0
17103,15770,58505,32873,75608,74275,0
32400,92138,13340,124538,45740,105478,0
45305,85039,94450,130344,139755,179489,1
25570,80817,47397,106387,72967,128214,0
53133,17987,76819,71120,129952,94806,0
92295,16904,30480,109199,122775,47384,0
21617,20943,88209,42560,109826,109152,0
48138,30523,3311,78661,51449,33834,0
79688,61789,73923,141477,153611,135712,1
54140,70223,10788,124363,64928,81011,0
4439,24286,44779,28725,49218,69065,0
63103,99052,97040,162155,160143,196092,1
85069,44181,7038,129250,92107,51219,0
68949,55638,40308,124587,109257,95946,1
59005,39313,50587,98318,109592,89900,1
6670,54709,72880,61379,79550,127589,0
33602,93875,55933,127477,89535,149808,0
18592,65216,96203,83808,114795,161419,0
55719,4218,58431,59937,114150,62649,1
1897,19272,90023,21169,91920,109295,0
47347,94754,26701,142101,74048,121455,0
74883,40005,96756,114888,171639,136761,1
71449,13458,91478,84907,162927,104936,0
87489,18591,42311,106080,129800,60902,0
14632,91518,97365,106150,111997,188883,1
21664,82414,21629,104078,43293,104043,0
17024,502,8801,17526,25825,9303,0
57477,26491,61879,83968,119356,88370,1
34949,48774,86827,83723,121776,135601,0
58656,28135,30725,86791,89381,58860,1
46603,56408,60867,103011,107470,117275,1
10787,94261,15417,105048,26204,109678,0
12989,86485,50015,99474,63004,136500,0
87690,42003,11022,129693,98712,53025,0
66855,21769,48333,88624,115188,70102,1
17879,40782,31143,58661,49022,71925,1
49669,87331,32912,137000,82581,120243,0
17744,52446,81615,70190,99359,134061,0
97486,37642,17748,135128,115234,55390,0
36002,92680,88635,128682,124637,181315,1
73927,33252,17186,107179,91113,50438,0
37670,22895,27657,60565,65327,50552,1
25880,76981,14177,102861,40057,91158,0
10380,96602,69551,106982,79931,166153,0
20183,983,60998,21166,81181,61981,0
30632,10991,63974,41623,94606,74965,0
57572,27752,22364,85324,79936,50116,0
15728,77927,37988,93655,53716,115915,0
40313,75083,55643,115396,95956,130726,1
12396,93923,89104,106319,101500,183027,1
4626,76042,97663,80668,102289,173705,0
75342,94086,33302,169428,108644,127388,1
71592,40713,97155,112305,168747,137868,1
31075,32025,21069,63100,52144,53094,1
80109,80217,4354,160326,84463,84571,1
22089,76986,72429,99075,94518,149415,1
73682,82606,52945,156288,126627,135551,1
69774,85195,39672,154969,109446,124867,1
9970,50671,11378,60641,21348,62049,0
26509,68198,51066,94707,77575,119264,1
15784,30780,83421,46564,99205,114201,0
82601,27976,33507,110577,116108,61483,0
79842,39413,4677,119255,84519,44090,0
58421,90461,32224,148882,90645,122685,1
55347,49706,74096,105053,129443,123802,1
45609,52596,21059,98205,66668,73655,1
84150,93938,6313,178088,90463,100251,0
29132,47351,48131,76483,77263,95482,1
81826,30691,63791,112517,145617,94482,1
77877,82101,10712,159978,88589,92813,1
27305,81136,29655,108441,56960,110791,0
44629,21395,82745,66024,127374,104140,0
76057,95501,73263,171558,149320,168764,1
39524,46512,86620,86036,126144,133132,0
32911,22761,39959,55672,72870,62720,1
3741,29406,472,33147,4213,29878,0
35968,57574,87617,93542,123585,145191,1
60214,11296,2820,71510,63034,14116,0
9470,96468,23109,105938,32579,119577,0
9696,83887,13532,93583,23228,97419,0
56794,720,95717,57514,152511,96437,0
44741,48753,58404,93494,103145,107157,1
68958,34446,49418,103404,118376,83864,1
70840,34661,77638,105501,148478,112299,1
1473,97169,74542,98642,76015,171711,0
17593,38539,62394,56132,79987,100933,0
95194,53540,77735,148734,172929,131275,1
34681,55191,56857,89872,91538,112048,1
60796,67804,91041,128600,151837,158845,1
14293,58719,58409,73012,72702,117128,1
25311,4803,9985,30114,35296,14788,0
21185,78549,64248,99734,85433,142797,1
89394,59885,987,149279,90381,60872,0
89558,9026,53269,98584,142827,62295,0
63644,5449,82955,69093,146599,88404,0
85362,53147,20414,138509,105776,73561,0
61606,32441,51985,94047,113591,84426,1
72823,68877,59204,141700,132027,128081,1
57614,49434,41848,107048,99462,91282,1
19575,69627,23346,89202,42921,92973,0
87197,27018,91533,114215,178730,118551,1
36037,75922,8406,111959,44443,84328,0
78968,78207,57829,157175,136797,136036,1
45840,33779,60183,79619,106023,93962,1
4200,22755,80106,26955,84306,102861,0
5153,23085,33923,28238,39076,57008,0
16981,40157,90283,57138,107264,130440,0
82413,68206,37749,150619,120162,105955,1
16033,9133,80224,25166,96257,89357,0
28303,42592,28094,70895,56397,70686,1
95534,85670,31590,181204,127124,117260,1
41821,54095,39671,95916,81492,93766,1
13204,29321,31101,42525,44305,60422,1
85926,48551,24618,134477,110544,73169,0
58088,15558,24065,73646,82153,39623,0
24847,76197,48003,101044,72850,124200,0
38515,2425,16059,40940,54574,18484,0
76089,21004,73898,97093,149987,94902,1
72420,94347,87400,166767,159820,181747,1
12723,15833,8961,28556,21684,24794,1
16884,85475,23224,102359,40108,108699,0
49999,11494,13956,61493,63955,25450,0
13086,35079,9321,48165,22407,44400,0
9538,35791,73451,45329,82989,109242,0
30424,78271,33344,108695,63768,111615,0
49327,31368,88409,80695,137736,119777,0
28249,93743,95835,121992,124084,189578,1
28012,35679,90043,63691,118055,125722,0
19417,10811,43952,30228,63369,54763,0
46028,89905,23176,135933,69204,113081,0
83465,11487,6168,94952,89633,17655,0
37414,48374,58609,85788,96023,106983,1
55706,99619,12394,155325,68100,112013,0
81060,576,27670,81636,108730,28246,0
8790,16650,94044,25440,102834,110694,0
75678,93223,42737,168901,118415,135960,1
73870,81876,6315,155746,80185,88191,0
77384,94995,4416,172379,81800,99411,0
11344,98103,53496,109447,64840,151599,0
43777,44424,16487,88201,60264,60911,1
80418,98497,2274,178915,82692,100771,0
48284,42418,5143,90702,53427,47561,0
31778,76359,717,108137,32495,77076,0
30537,69911,93782,100448,124319,163693,1
7187,90288,8877,97475,16064,99165,0
41242,62828,64453,104070,105695,127281,1
66998,84568,47325,151566,114323,131893,1
1108,11615,94919,12723,96027,106534,0
71849,21731,61229,93580,133078,82960,1
25371,32574,43719,57945,69090,76293,1
33849,33972,77449,67821,111298,111421,0
47553,3325,19437,50878,66990,22762,0
77621,26264,21316,103885,98937,47580,0
57770,77335,43381,135105,101151,120716,1
43293,2187,99739,45480,143032,101926,0
74714,32083,76576,106797,151290,108659,1
13788,47024,8760,60812,22548,55784,0
17345,17348,96652,34693,113997,114000,0
76945,40618,44262,117563,121207,84880,1
54334,27054,71350,81388,125684,98404,1
44466,28363,38587,72829,83053,66950,1
94565,36732,96378,131297,190943,133110,1
53885,92529,95456,146414,149341,187985,1
93823,51985,45312,145808,139135,97297,1
59482,61356,70078,120838,129560,131434,1
11389,98934,41192,110323,52581,140126,0
924,82608,8921,83532,9845,91529,0
87698,62270,3744,149968,91442,66014,0
50105,15194,17449,65299,67554,32643,0
61513,7158,37724,68671,99237,44882,0
87437,1200,52923,88637,140360,54123,0
68934,85648,84367,154582,153301,170015,1
82900,47203,53219,130103,136119,100422,1
47010,95560,50021,142570,97031,145581,1
88951,46279,66671,135230,155622,112950,1
94372,56155,94483,150527,188855,150638,1
59905,2574,93185,62479,153090,95759,0
50094,99759,83984,149853,134078,183743,1
13797,59847,28507,73644,42304,88354,0
62134,80749,42662,142883,104796,123411,1
35464,96174,49887,131638,85351,146061,0
33762,79806,69570,113568,103332,149376,1
69227,89427,91693,158654,160920,181120,1
68678,66738,3087,135416,71765,69825,1
42353,13391,35894,55744,78247,49285,1
94886,90345,99722,185231,194608,190067,1
66710,31775,9908,98485,76618,41683,0
20306,60888,29820,81194,50126,90708,0
1958,92791,42209,94749,44167,135000,0
67762,40410,82419,108172,150181,122829,1
59204,95836,20817,155040,80021,116653,0
29879,90882,42506,120761,72385,133388,0
86377,27984,77111,114361,163488,105095,1
76846,93549,97345,170395,174191,190894,1
41954,68617,65013,110571,106967,133630,1
50739,64571,92513,115310,143252,157084,1
64,61830,34739,61894,34803,96569,0
21531,59972,63615,81503,85146,123587,1
11929,41489,21053,53418,32982,62542,0
53343,43096,4491,96439,57834,47587,0
83583,64006,64301,147589,147884,128307,1
82380,68180,48951,150560,131331,117131,1
92505,68232,63554,160737,156059,131786,1
90128,71070,64441,161198,154569,135511,1
20761,49688,14471,70449,35232,64159,0
18987,25516,54323,44503,73310,79839,0
11380,6859,72941,18239,84321,79800,0
3765,9029,72110,12794,75875,81139,0
61962,18781,64476,80743,126438,83257,1
74663,77570,45293,152233,119956,122863,1
92836,46520,44342,139356,137178,90862,0
1227,65434,93430,66661,94657,158864,0
97402,1401,42281,98803,139683,43682,0
88343,55058,57213,143401,145556,112271,1
62038,54620,67347,116658,129385,121967,1
3986,35867,84267,39853,88253,120134,0
62582,28547,62908,91129,125490,91455,1
83581,39450,85017,123031,168598,124467,1
99999,94388,87160,194387,187159,181548,1
7926,51160,72820,59086,80746,123980,0
71955,35489,1438,107444,73393,36927,0
78896,30517,58848,109413,137744,89365,1
80968,90214,39583,171182,120551,129797,1
20984,51630,71502,72614,92486,123132,1
76927,61854,55209,138781,132136,117063,1
82344,61425,81468,143769,163812,142893,1
29428,66257,49785,95685,79213,116042,1
43979,41564,51125,85543,95104,92689,1
56795,17777,65396,74572,122191,83173,1
38392,96352,62754,134744,101146,159106,1
25791,95864,99924,121655,125715,195788,1
88275,71598,10805,159873,99080,82403,0
92105,84976,62646,177081,154751,147622,1
18727,99935,43916,118662,62643,143851,0
10630,47000,34011,57630,44641,81011,0
4735,33769,66320,38504,71055,100089,0
24568,30806,48136,55374,72704,78942,1
43669,21937,98880,65606,142549,120817,0
68820,54057,98429,122877,167249,152486,1
12543,81431,98798,93974,111341,180229,0
23307,53878,90457,77185,113764,144335,0
51289,77608,41997,128897,93286,119605,1
35895,89917,4811,125812,40706,94728,0
9669,98319,4895,107988,14564,103214,0
11056,89475,87039,100531,98095,176514,1
7897,37700,67617,45597,75514,105317,0
23903,59831,91890,83734,115793,151721,0
2086,24649,8653,26735,10739,33302,0
38040,7189,66231,45229,104271,73420,0
80264,15944,33457,96208,113721,49401,0
67337,12230,28793,79567,96130,41023,0
87528,21471,96448,108999,183976,117919,1
30504,85137,72961,115641,103465,158098,1
20816,56799,26665,77615,47481,83464,0
64587,52051,89991,116638,154578,142042,1
9364,71994,16148,81358,25512,88142,0
50570,89618,73144,140188,123714,162762,1
6929,76328,49540,83257,56469,125868,0
15430,29102,53585,44532,69015,82687,0
90929,85602,78109,176531,169038,163711,1
13563,23103,47637,36666,61200,70740,0
35396,48910,36825,84306,72221,85735,1
34228,93394,61195,127622,95423,154589,1
34562,87000,82928,121562,117490,169928,1
45547,76058,66189,121605,111736,142247,1
92810,79051,7937,171861,100747,86988,0
99490,37065,65483,136555,164973,102548,1
52849,82178,77414,135027,130263,159592,1
99183,7175,89188,106358,188371,96363,0
96676,16410,13373,113086,110049,29783,0
36518,39630,85744,76148,122262,125374,0
22661,79035,82429,101696,105090,161464,1
12096,94259,7888,106355,19984,102147,0
58741,97665,6615,156406,65356,104280,0
75972,64122,23323,140094,99295,87445,1
69657,69737,12333,139394,81990,82070,1
22427,45410,88968,67837,111395,134378,0
24120,79243,44530,103363,68650,123773,0
51842,34877,57828,86719,109670,92705,1
52075,80781,93131,132856,145206,173912,1
70908,92985,44729,163893,115637,137714,1
82294,58109,74961,140403,157255,133070,1
22415,39872,29473,62287,51888,69345,1
23376,46363,19170,69739,42546,65533,0
81105,66297,91691,147402,172796,157988,1
74204,21356,6177,95560,80381,27533,0
78696,41644,53727,120340,132423,95371,1
3934,97576,40138,101510,44072,137714,0
98572,62419,37099,160991,135671,99518,1
23862,94829,96470,118691,120332,191299,1
93674,3478,30211,97152,123885,33689,0
74014,3526,95708,77540,169722,99234,0
84209,74336,51409,158545,135618,125745,1
68748,28369,87298,97117,156046,115667,1
49487,3866,381,53353,49868,4247,0
12428,79965,85991,92393,98419,165956,1
26307,16344,34588,42651,60895,50932,1
12887,72513,48407,85400,61294,120920,0
44867,85048,34162,129915,79029,119210,0
67925,42096,72843,110021,140768,114939,1
10390,19392,49108,29782,59498,68500,0
95678,679,11504,96357,107182,12183,0
39076,79298,70704,118374,109780,150002,1
86036,41372,97057,127408,183093,138429,1
92815,99162,4102,191977,96917,103264,0
15228,96780,78565,112008,93793,175345,0
89573,58919,63281,148492,152854,122200,1
2885,1992,50161,4877,53046,52153,0
552,57258,11157,57810,11709,68415,0
65053,14067,73012,79120,138065,87079,1
91046,58860,43959,149906,135005,102819,1
98378,92266,24519,190644,122897,116785,1
21348,93521,23757,114869,45105,117278,0
49737,80224,35005,129961,84742,115229,1
71849,72153,60639,144002,132488,132792,1
57385,85781,89892,143166,147277,175673,1
36649,60384,69511,97033,106160,129895,1
87366,28889,61389,116255,148755,90278,1
38481,2618,40404,41099,78885,43022,1
31305,87183,77056,118488,108361,164239,1
67163,2750,14932,69913,82095,17682,0
23416,5060,8260,28476,31676,13320,0
60694,44347,22962,105041,83656,67309,1
48623,41685,44793,90308,93416,86478,1
6990,13706,40972,20696,47962,54678,0
97142,88546,84329,185688,181471,172875,1
75849,2971,93924,78820,169773,96895,0
44707,94201,52850,138908,97557,147051,1
70625,63173,62066,133798,132691,125239,1
19531,62986,56501,82517,76032,119487,1
96826,36636,92796,133462,189622,129432,1
5577,1724,45918,7301,51495,47642,0
67723,92929,96402,160652,164125,189331,1
42362,30531,61512,72893,103874,92043,1
62826,75465,73477,138291,136303,148942,1
5059,60006,64077,65065,69136,124083,1
66758,18982,83483,85740,150241,102465,1
23406,37818,8901,61224,32307,46719,0
44266,1018,87481,45284,131747,88499,0
20984,75660,76333,96644,97317,151993,1
10709,31250,72279,41959,82988,103529,0
74952,25377,86666,100329,161618,112043,1
40941,32291,92341,73232,133282,124632,0
45185,47144,44726,92329,89911,91870,1
16815,55997,89,72812,16904,56086,0
9687,32110,71309,41797,80996,103419,0
60992,59818,73410,120810,134402,133228,1
74377,19118,13650,93495,88027,32768,0
86382,47718,915,134100,87297,48633,0
43336,80258,55145,123594,98481,135403,1
80809,46694,25318,127503,106127,72012,0
51670,65682,37289,117352,88959,102971,1
49961,32908,84628,82869,134589,117536,0
58485,36817,70178,95302,128663,106995,1
5358,27962,99780,33320,105138,127742,0
83678,63592,5095,147270,88773,68687,0
38173,55194,11136,93367,49309,66330,0
82454,63500,3680,145954,86134,67180,0
18456,12399,16236,30855,34692,28635,1
76426,96829,71196,173255,147622,168025,1
40684,39950,7894,80634,48578,47844,1
7017,2603,7044,9620,14061,9647,1
9689,38097,39125,47786,48814,77222,1
36367,35119,2691,71486,39058,37810,1
61234,10781,78709,72015,139943,89490,0
78303,60990,60968,139293,139271,121958,1
62721,96109,39223,158830,101944,135332,1
60761,68804,48739,129565,109500,117543,1
87859,778,87657,88637,175516,88435,1
52799,76642,26377,129441,79176,103019,1
19103,19791,78153,38894,97256,97944,0
55796,60784,94290,116580,150086,155074,1
69563,11138,8536,80701,78099,19674,0
82476,92879,40734,175355,123210,133613,1
80108,7320,30351,87428,110459,37671,0
10880,90685,57265,101565,68145,147950,0
93471,11756,61728,105227,155199,73484,0
67120,1325,24939,68445,92059,26264,0
67687,33493,70122,101180,137809,103615,1
19271,14828,35711,34099,54982,50539,0
41634,68163,54985,109797,96619,123148,1
68356,60342,68270,128698,136626,128612,1
13432,92333,90622,105765,104054,182955,1
69150,59518,27266,128668,96416,86784,1
98487,4145,73778,102632,172265,77923,0
31364,57067,40816,88431,72180,97883,1
6675,9983,40318,16658,46993,50301,0
29364,70728,84991,100092,114355,155719,1
84954,51744,6783,136698,91737,58527,0
49571,93036,99387,142607,148958,192423,1
89258,58334,69895,147592,159153,128229,1
48104,28387,38146,76491,86250,66533,1
55578,27488,24829,83066,80407,52317,0
8927,53788,67833,62715,76760,121621,0
49012,67270,60093,116282,109105,127363,1
34449,39305,1288,73754,35737,40593,0
94701,2159,98459,96860,193160,100618,0
12682,43045,7383,55727,20065,50428,0
39786,44299,26223,84085,66009,70522,1
89551,45690,43423,135241,132974,89113,0
52607,68507,9353,121114,61960,77860,0
38487,92577,57902,131064,96389,150479,1
74245,24823,72846,99068,147091,97669,1
38286,43063,28779,81349,67065,71842,1
91495,42691,28458,134186,119953,71149,0
38484,86383,41315,124867,79799,127698,0
86555,92900,83790,179455,170345,176690,1
33539,78657,67601,112196,101140,146258,1
57434,65106,89145,122540,146579,154251,1
10618,46593,19956,57211,30574,66549,0
67271,93982,39048,161253,106319,133030,1
8696,61976,13437,70672,22133,75413,0
47275,98341,59968,145616,107243,158309,1
54945,11429,44082,66374,99027,55511,1
72946,37153,31049,110099,103995,68202,0
48627,6928,84011,55555,132638,90939,0
74035,7499,84503,81534,158538,92002,0
15513,4858,36128,20371,51641,40986,0
27750,6894,57603,34644,85353,64497,0
7350,50645,26771,57995,34121,77416,0
78027,86026,84686,164053,162713,170712,1
7084,43461,57868,50545,64952,101329,0
15380,61491,70731,76871,86111,132222,1
7079,16028,75486,23107,82565,91514,0
81772,67925,8447,149697,90219,76372,0
76522,7388,38139,83910,114661,45527,0
40757,84702,18674,125459,59431,103376,0
19428,10194,94471,29622,113899,104665,0
43117,26834,48987,69951,92104,75821,1
20187,83082,43091,103269,63278,126173,0
2894,19149,73977,22043,76871,93126,0
85046,95035,49948,180081,134994,144983,1
12549,82875,78864,95424,91413,161739,1
26316,8655,83255,34971,109571,91910,0
4513,26824,85575,31337,90088,112399,0
92293,35734,89327,128027,181620,125061,1
60040,40610,49522,100650,109562,90132,1
15820,534,13452,16354,29272,13986,0
30836,62795,4448,93631,35284,67243,0
47062,45675,31575,92737,78637,77250,1
78773,24334,20408,103107,99181,44742,0
4621,11774,65297,16395,69918,77071,0
60181,43710,70342,103891,130523,114052,1
59604,86884,70962,146488,130566,157846,1
12227,28144,89318,40371,101545,117462,0
3946,92519,65864,96465,69810,158383,0
82721,63073,10951,145794,93672,74024,0
37061,32651,75726,69712,112787,108377,0
54840,60367,2203,115207,57043,62570,0
34209,52560,69083,86769,103292,121643,1
36980,84319,35939,121299,72919,120258,0
50389,38219,50950,88608,101339,89169,1
88680,56640,65416,145320,154096,122056,1
51722,93308,56611,145030,108333,149919,1
9424,71524,59571,80948,68995,131095,0
54177,9109,78191,63286,132368,87300,0
71768,6715,83475,78483,155243,90190,0
41904,1126,14983,43030,56887,16109,0
42239,88725,17299,130964,59538,106024,0
2356,41254,20252,43610,22608,61506,0
77960,51091,97804,129051,175764,148895,1
67820,10954,68336,78774,136156,79290,1
76527,34802,74514,111329,151041,109316,1
28388,67483,47134,95871,75522,114617,1
690,48753,60884,49443,61574,109637,0
92022,20593,32511,112615,124533,53104,0
95832,18126,95400,113958,191232,113526,1
43175,88812,90782,131987,133957,179594,1
69540,62221,25773,131761,95313,87994,1
20558,125,35026,20683,55584,35151,0
39183,25548,1808,64731,40991,27356,0
2484,65196,80899,67680,83383,146095,0
58658,51360,88961,110018,147619,140321,1
12082,97436,12867,109518,24949,110303,0
54953,59229,94530,114182,149483,153759,1
34988,44856,76288,79844,111276,121144,1
5373,65779,78501,71152,83874,144280,0
8178,92620,20443,100798,28621,113063,0
86717,91096,82486,177813,169203,173582,1
80186,62357,46549,142543,126735,108906,1
9787,3018,64039,12805,73826,67057,0
56367,67798,75547,124165,131914,143345,1
43920,78889,15652,122809,59572,94541,0
66075,74912,12275,140987,78350,87187,1
73849,61732,99748,135581,173597,161480,1
82555,78401,85024,160956,167579,163425,1
83451,45296,91478,128747,174929,136774,1
89053,9985,57144,99038,146197,67129,0
54243,90594,12943,144837,67186,103537,0
84446,87776,70151,172222,154597,157927,1
30612,21176,60336,51788,90948,81512,0
60301,19054,26178,79355,86479,45232,0
15809,54988,4426,70797,20235,59414,0
68480,75792,13772,144272,82252,89564,1
77675,14791,81990,92466,159665,96781,1
50654,8634,58057,59288,108711,66691,1
72625,81778,40718,154403,113343,122496,1
93462,88863,22744,182325,116206,111607,1
68068,52268,99276,120336,167344,151544,1
65582,67664,92586,133246,158168,160250,1
20845,39655,15785,60500,36630,55440,0
76069,58874,38165,134943,114234,97039,1
98119,3235,57979,101354,156098,61214,0
48136,76129,81208,124265,129344,157337,1
57533,21089,76990,78622,134523,98079,1
14100,97646,72338,111746,86438,169984,0
14256,41977,84790,56233,99046,126767,0
41646,1756,26050,43402,67696,27806,0
59245,51216,30863,110461,90108,82079,1
42137,77028,30072,119165,72209,107100,0
71404,35651,83237,107055,154641,118888,1
72217,57079,22317,129296,94534,79396,1
47696,54940,50271,102636,97967,105211,1
39020,95895,38976,134915,77996,134871,0
10779,47874,34797,58653,45576,82671,0
70551,83665,54527,154216,125078,138192,1
66118,87640,43887,153758,110005,131527,1
35512,6555,11641,42067,47153,18196,0
62134,26298,82941,88432,145075,109239,1
4467,26352,51363,30819,55830,77715,0
59023,58525,83022,117548,142045,141547,1
3487,67412,55198,70899,58685,122610,0
77811,30309,10063,108120,87874,40372,0
81207,11235,36157,92442,117364,47392,0
57949,15866,86795,73815,144744,102661,0
5558,67215,2538,72773,8096,69753,0
95266,91909,56652,187175,151918,148561,1
83505,46868,7414,130373,90919,54282,0
95172,21439,32462,116611,127634,53901,0
28092,15643,28018,43735,56110,43661,1
13029,55113,81358,68142,94387,136471,0
41382,82354,34046,123736,75428,116400,0
87724,45817,45541,133541,133265,91358,1
76626,19468,22602,96094,99228,42070,0
6944,33235,56124,40179,63068,89359,0
71046,18294,50161,89340,121207,68455,0
1655,99958,5678,101613,7333,105636,0
79007,47670,17101,126677,96108,64771,0
12371,92429,35409,104800,47780,127838,0
7227,76185,6333,83412,13560,82518,0
7125,62772,79055,69897,86180,141827,0
17383,59809,84123,77192,101506,143932,0
92111,2391,58082,94502,150193,60473,0
59489,6526,29916,66015,89405,36442,0
62172,65881,33550,128053,95722,99431,1
47349,44548,42247,91897,89596,86795,1
38155,41908,49609,80063,87764,91517,1
98330,64272,44972,162602,143302,109244,1
13618,45304,16502,58922,30120,61806,0
38326,52856,4165,91182,42491,57021,0
93380,52042,13225,145422,106605,65267,0
78942,5358,48989,84300,127931,54347,0
66868,16927,73924,83795,140792,90851,1
37390,17175,10579,54565,47969,27754,0
58465,94788,14054,153253,72519,108842,0
77485,15750,64446,93235,141931,80196,1
59440,81475,64629,140915,124069,146104,1
80654,24590,24235,105244,104889,48825,0
67092,5044,59387,72136,126479,64431,0
40870,27483,69546,68353,110416,97029,0
10032,75874,78562,85906,88594,154436,1
40915,10352,66945,51267,107860,77297,0
23472,5408,4267,28880,27739,9675,0
57780,60806,84511,118586,142291,145317,1
34465,87000,98243,121465,132708,185243,1
87252,27347,85221,114599,172473,112568,1
8419,58712,68451,67131,76870,127163,0
63745,66333,71510,130078,135255,137843,1
56229,24660,62429,80889,118658,87089,1
9383,8198,92688,17581,102071,100886,0
69413,83727,72135,153140,141548,155862,1
88745,90905,87468,179650,176213,178373,1
97329,89826,93865,187155,191194,183691,1
29931,20665,46438,50596,76369,67103,1
12919,97626,24778,110545,37697,122404,0
36021,48739,47449,84760,83470,96188,1
70057,8161,26395,78218,96452,34556,0
78897,94405,53080,173302,131977,147485,1
96722,38067,50722,134789,147444,88789,0
72693,65382,90315,138075,163008,155697,1
68366,82998,6142,151364,74508,89140,0
30368,98385,24295,128753,54663,122680,0
41909,92250,23496,134159,65405,115746,0
24025,51425,99719,75450,123744,151144,0
4385,47972,33081,52357,37466,81053,0
23438,40252,73263,63690,96701,113515,0
11218,85609,48282,96827,59500,133891,0
24345,99068,41925,123413,66270,140993,0
18010,30484,68987,48494,86997,99471,0
67744,66782,36816,134526,104560,103598,1
94477,77166,12462,171643,106939,89628,0
18998,24750,53856,43748,72854,78606,0
54708,81811,43197,136519,97905,125008,1
65188,67819,22735,133007,87923,90554,1
54879,282,73658,55161,128537,73940,0
33795,45501,37199,79296,70994,82700,1
69589,94740,24673,164329,94262,119413,0
82520,16555,52647,99075,135167,69202,0
39845,58865,24707,98710,64552,83572,1
64765,96571,42320,161336,107085,138891,1
61475,76677,75327,138152,136802,152004,1
89201,45031,81480,134232,170681,126511,1
58854,52761,33551,111615,92405,86312,1
10646,3685,59338,14331,69984,63023,0
33093,74653,92152,107746,125245,166805,1
14602,96655,92715,111257,107317,189370,1
35604,48107,84756,83711,120360,132863,0
91663,64873,44539,156536,136202,109412,1
70411,42965,77940,113376,148351,120905,1
14864,43597,20225,58461,35089,63822,0
15481,1447,42944,16928,58425,44391,0
17910,78175,35932,96085,53842,114107,0
27849,25293,3694,53142,31543,28987,1
81767,41085,99324,122852,181091,140409,1
35927,30779,10098,66706,46025,40877,1
4822,85388,12967,90210,17789,98355,0
75094,18337,31011,93431,106105,49348,0
20707,98261,90969,118968,111676,189230,1
38237,2842,56754,41079,94991,59596,0
93069,12945,21834,106014,114903,34779,0
46566,84988,27764,131554,74330,112752,0
77870,88223,14412,166093,92282,102635,1
9018,45347,60165,54365,69183,105512,0
73348,72705,49965,146053,123313,122670,1
63442,42975,10363,106417,73805,53338,0
74946,70550,85263,145496,160209,155813,1
28098,54487,86666,82585,114764,141153,0
65583,53799,41585,119382,107168,95384,1
92161,73196,406,165357,92567,73602,0
88619,91752,68316,180371,156935,160068,1
64676,91168,29085,155844,93761,120253,1
85850,29380,81210,115230,167060,110590,1
34395,3886,1752,38281,36147,5638,0
83228,25670,52436,108898,135664,78106,0
64368,59223,58989,123591,123357,118212,1
66343,93906,74504,160249,140847,168410,1
85395,16565,57046,101960,142441,73611,0
74556,77938,49750,152494,124306,127688,1
29023,42658,25879,71681,54902,68537,1
58368,73456,32126,131824,90494,105582,1
69207,14621,30727,83828,99934,45348,0
13239,52555,62760,65794,75999,115315,1
77384,15663,17085,93047,94469,32748,0
53680,58672,3597,112352,57277,62269,0
75713,82699,66604,158412,142317,149303,1
11464,99488,48334,110952,59798,147822,0
33643,64329,4979,97972,38622,69308,0
10285,98394,85921,108679,96206,184315,0
32950,58355,14751,91305,47701,73106,0
57560,11571,25171,69131,82731,36742,0
79052,50054,18905,129106,97957,68959,0
37294,15286,17346,52580,54640,32632,0
13933,86214,13245,100147,27178,99459,0
55663,88245,75621,143908,131284,163866,1
64151,41370,57778,105521,121929,99148,1
89240,99603,57125,188843,146365,156728,1
77117,73563,65250,150680,142367,138813,1
6868,85899,53222,92767,60090,139121,0
83490,6570,57006,90060,140496,63576,0
79963,90321,79994,170284,159957,170315,1
63010,95606,21839,158616,84849,117445,0
84445,79008,83974,163453,168419,162982,1
62857,62162,53244,125019,116101,115406,1
11983,57372,48650,69355,60633,106022,1
1622,1299,8329,2921,9951,9628,0
59411,56981,79577,116392,138988,136558,1
23294,54261,10813,77555,34107,65074,0
659,8895,86728,9554,87387,95623,0
30244,48358,31159,78602,61403,79517,1
96809,87971,29166,184780,125975,117137,1
52982,84503,21306,137485,74288,105809,0
61203,97314,3454,158517,64657,100768,0
16091,6221,38583,22312,54674,44804,0
5549,91105,40564,96654,46113,131669,0
85894,94029,73455,179923,159349,167484,1
2242,61830,92209,64072,94451,154039,0
16305,83738,86380,100043,102685,170118,1
75961,29693,88494,105654,164455,118187,1
34636,85538,71354,120174,105990,156892,1
35724,14570,23069,50294,58793,37639,1
13233,54437,43380,67670,56613,97817,1
55435,79181,94159,134616,149594,173340,1
50282,33166,89556,83448,139838,122722,0
3564,99173,73002,102737,76566,172175,0
28246,38858,44683,67104,72929,83541,1
67558,43366,38730,110924,106288,82096,1
53225,61595,12597,114820,65822,74192,1
77609,68527,8649,146136,86258,77176,0
5,76024,90419,76029,90424,166443,0
93387,99579,11531,192966,104918,111110,1
62820,32578,6371,95398,69191,38949,0
18384,28602,7917,46986,26301,36519,0
44822,6965,90614,51787,135436,97579,0
93178,55731,58369,148909,151547,114100,1
55043,28904,89483,83947,144526,118387,0
96713,36036,79033,132749,175746,115069,1
23511,5389,34774,28900,58285,40163,0
23209,25434,56176,48643,79385,81610,0
73963,8206,84944,82169,158907,93150,0
63348,41977,18215,105325,81563,60192,0
8583,30550,31731,39133,40314,62281,1
33458,81460,85687,114918,119145,167147,1
83195,95907,87617,179102,170812,183524,1
51732,66485,74849,118217,126581,141334,1
33422,22482,52985,55904,86407,75467,1
24178,25303,79961,49481,104139,105264,0
71557,92864,71116,164421,142673,163980,1
61662,90545,35650,152207,97312,126195,1
42791,21958,27969,64749,70760,49927,1
87652,95894,80127,183546,167779,176021,1
94897,39596,42243,134493,137140,81839,0
11558,38852,89666,50410,101224,128518,0
97955,45971,27355,143926,125310,73326,0
68208,1182,89743,69390,157951,90925,0
3244,78877,28712,82121,31956,107589,0
47110,89552,35125,136662,82235,124677,0
1805,58457,30135,60262,31940,88592,0
90903,13179,46527,104082,137430,59706,0
41205,23884,42974,65089,84179,66858,1
20494,99869,47158,120363,67652,147027,0
29191,27550,59989,56741,89180,87539,0
86634,61819,71700,148453,158334,133519,1
59612,62357,24649,121969,84261,87006,1
12150,74315,26629,86465,38779,100944,0
65079,64904,16615,129983,81694,81519,1
20720,92982,52451,113702,73171,145433,0
3989,17498,77904,21487,81893,95402,0
80476,80607,21572,161083,102048,102179,1
2592,25831,59911,28423,62503,85742,0
86930,86682,42662,173612,129592,129344,1
8394,70348,19149,78742,27543,89497,0
50468,36039,95701,86507,146169,131740,0
31145,95997,67789,127142,98934,163786,1
60168,50926,17826,111094,77994,68752,1
13936,95716,52104,109652,66040,147820,0
13351,17538,8719,30889,22070,26257,1
39493,17363,78058,56856,117551,95421,0
71171,55166,65086,126337,136257,120252,1
50758,99665,79832,150423,130590,179497,1
55606,88436,61851,144042,117457,150287,1
29374,85345,33026,114719,62400,118371,0
80288,76925,98126,157213,178414,175051,1
88650,57300,75015,145950,163665,132315,1
69444,78025,25384,147469,94828,103409,1
89349,40245,23664,129594,113013,63909,0
78675,98573,15264,177248,93939,113837,0
76119,79560,56045,155679,132164,135605,1
34957,36257,37208,71214,72165,73465,1
49174,21815,49368,70989,98542,71183,1
58261,81511,58119,139772,116380,139630,1
93362,36989,30152,130351,123514,67141,0
63718,14630,32591,78348,96309,47221,0
12375,45261,78575,57636,90950,123836,0
58869,40576,9117,99445,67986,49693,0
28890,13494,28408,42384,57298,41902,1
53627,79002,44499,132629,98126,123501,1
21416,97421,63194,118837,84610,160615,0
43795,91919,61535,135714,105330,153454,1
4607,5700,72861,10307,77468,78561,0
11987,17058,91789,29045,103776,108847,0
76800,79145,48287,155945,125087,127432,1
5579,23527,98904,29106,104483,122431,0
61746,20573,21952,82319,83698,42525,0
83450,23728,35603,107178,119053,59331,0
66228,88853,71838,155081,138066,160691,1
38170,92712,52985,130882,91155,145697,0
62138,66145,34638,128283,96776,100783,1
79015,45465,36406,124480,115421,81871,1
75240,60395,31897,135635,107137,92292,1
97534,92565,22955,190099,120489,115520,1
46111,51129,81710,97240,127821,132839,1
81155,40288,53551,121443,134706,93839,1
93472,16519,65451,109991,158923,81970,0
59979,552,70304,60531,130283,70856,0
66890,49903,43870,116793,110760,93773,1
26092,64322,87720,90414,113812,152042,1
10163,18561,56152,28724,66315,74713,0
71323,45405,86049,116728,157372,131454,1
71801,14566,92039,86367,163840,106605,0
28330,89089,40473,117419,68803,129562,0
82240,15042,65229,97282,147469,80271,0
51551,41692,14668,93243,66219,56360,1
33672,62401,29885,96073,63557,92286,1
45352,39072,35050,84424,80402,74122,1
16371,75327,88404,91698,104775,163731,1
34462,98594,24825,133056,59287,123419,0
51167,25303,35021,76470,86188,60324,1
86489,6257,4355,92746,90844,10612,0
59644,4752,47724,64396,107368,52476,0
93155,69432,16338,162587,109493,85770,0
66095,29634,62982,95729,129077,92616,1
3819,97528,79424,101347,83243,176952,0
26125,49491,40548,75616,66673,90039,1
97557,29393,34538,126950,132095,63931,0
51984,10101,88874,62085,140858,98975,0
27820,35293,10731,63113,38551,46024,1
40515,42633,95988,83148,136503,138621,0
82462,75364,41338,157826,123800,116702,1
66648,52918,30231,119566,96879,83149,1
90192,38412,65362,128604,155554,103774,1
60261,41775,7020,102036,67281,48795,0
11482,75517,63908,86999,75390,139425,0
58822,59535,98503,118357,157325,158038,1
84857,86478,28706,171335,113563,115184,1
45833,16887,65129,62720,110962,82016,0
6683,99710,34016,106393,40699,133726,0
70249,16287,96826,86536,167075,113113,0
97152,32392,69687,129544,166839,102079,1
15590,10899,75673,26489,91263,86572,0
78850,20541,12647,99391,91497,33188,0
95834,85058,48949,180892,144783,134007,1
79055,33634,45555,112689,124610,79189,1
79176,91395,2119,170571,81295,93514,0
65939,89015,46853,154954,112792,135868,1
44836,93674,90290,138510,135126,183964,1
94396,58902,8453,153298,102849,67355,0
39748,80090,45802,119838,85550,125892,1
32324,88158,97270,120482,129594,185428,1
28656,77218,45844,105874,74500,123062,0
30068,30785,78439,60853,108507,109224,0
73783,92241,60411,166024,134194,152652,1
5952,80411,91628,86363,97580,172039,0
53384,77999,9456,131383,62840,87455,0
3248,37099,27569,40347,30817,64668,0
22246,68553,75746,90799,97992,144299,1
66185,52406,82620,118591,148805,135026,1
24620,48541,40147,73161,64767,88688,1
61271,40727,57298,101998,118569,98025,1
2880,49211,35735,52091,38615,84946,0
1900,2417,97646,4317,99546,100063,0
27100,99170,83154,126270,110254,182324,1
18205,1119,59331,19324,77536,60450,0
43221,27181,67466,70402,110687,94647,1
26663,18682,1102,45345,27765,19784,0
69148,23928,29122,93076,98270,53050,0
49208,18969,23145,68177,72353,42114,0
52606,79058,44567,131664,97173,123625,1
47054,60925,84683,107979,131737,145608,1
70931,76814,5160,147745,76091,81974,0
10369,45034,28572,55403,38941,73606,0
45780,8253,32456,54033,78236,40709,0
85433,24389,27436,109822,112869,51825,0
35015,28831,76743,63846,111758,105574,0
43696,80851,88300,124547,131996,169151,1
32982,2181,29609,35163,62591,31790,0
78881,92304,63351,171185,142232,155655,1
38181,64302,47204,102483,85385,111506,1
30313,63174,49472,93487,79785,112646,1
35674,748,70471,36422,106145,71219,0
67945,86029,86449,153974,154394,172478,1
20364,24042,31053,44406,51417,55095,1
57638,18401,62025,76039,119663,80426,1
61715,24209,83859,85924,145574,108068,1
99474,44296,18924,143770,118398,63220,0
1924,97168,71074,99092,72998,168242,0
83121,58808,75876,141929,158997,134684,1
48194,24192,12783,72386,60977,36975,0
70643,53371,54360,124014,125003,107731,1
35054,41306,26667,76360,61721,67973,1
47412,675,50060,48087,97472,50735,0
40223,88170,47896,128393,88119,136066,0
72535,72711,4703,145246,77238,77414,1
81984,39442,45462,121426,127446,84904,1
24648,5955,48151,30603,72799,54106,0
193,99918,50194,100111,50387,150112,0
52854,84008,58100,136862,110954,142108,1
34429,18790,5776,53219,40205,24566,0
28147,12106,96217,40253,124364,108323,0
71389,72077,86939,143466,158328,159016,1
87140,94055,82095,181195,169235,176150,1
14556,99531,24424,114087,38980,123955,0
2956,8864,91358,11820,94314,100222,0
64928,7903,1487,72831,66415,9390,0
74172,46362,1013,120534,75185,47375,0
7863,627,26343,8490,34206,26970,0
46020,55275,81472,101295,127492,136747,1
44191,31198,71017,75389,115208,102215,1
48898,26653,79950,75551,128848,106603,0
5980,82958,92684,88938,98664,175642,0
47180,18115,90162,65295,137342,108277,0
13174,59188,63666,72362,76840,122854,1
76930,9393,53553,86323,130483,62946,0
57917,80741,94826,138658,152743,175567,1
49550,70853,37115,120403,86665,107968,1
29880,730,32852,30610,62732,33582,0
68020,73496,58426,141516,126446,131922,1
77324,58487,92150,135811,169474,150637,1
51775,72288,67100,124063,118875,139388,1
73972,27682,12562,101654,86534,40244,0
57897,45404,8122,103301,66019,53526,0
9277,65983,11800,75260,21077,77783,0
50641,32114,18286,82755,68927,50400,0
74689,70779,5842,145468,80531,76621,1
59244,76520,58708,135764,117952,135228,1
85518,12656,63323,98174,148841,75979,0
26285,68835,27235,95120,53520,96070,0
46221,67712,83717,113933,129938,151429,1
2899,92973,68521,95872,71420,161494,0
75882,49465,43871,125347,119753,93336,1
56034,92305,72702,148339,128736,165007,1
21223,61600,45309,82823,66532,106909,1
92587,13358,39818,105945,132405,53176,0
98203,74454,33497,172657,131700,107951,1
75080,57219,88174,132299,163254,145393,1
67310,70072,75571,137382,142881,145643,1
12609,30541,86172,43150,98781,116713,0
83544,58032,36291,141576,119835,94323,1
5434,25663,96357,31097,101791,122020,0
32473,65319,19179,97792,51652,84498,0
71197,53836,81319,125033,152516,135155,1
30606,25830,80463,56436,111069,106293,0
9715,68846,47107,78561,56822,115953,0
29876,77695,1460,107571,31336,79155,0
63193,10850,62153,74043,125346,73003,1
56244,44659,35658,100903,91902,80317,1
88460,97699,68622,186159,157082,166321,1
22417,10632,73913,33049,96330,84545,0
23737,44836,59253,68573,82990,104089,1
72429,65839,98095,138268,170524,163934,1
50861,86671,96006,137532,146867,182677,1
9179,7155,21840,16334,31019,28995,0
73480,5329,68775,78809,142255,74104,1
2296,6448,12311,8744,14607,18759,0
70104,66392,511,136496,70615,66903,0
19100,86470,41768,105570,60868,128238,0
36036,52081,43468,88117,79504,95549,1
28331,59094,44591,87425,72922,103685,1
62113,95195,61511,157308,123624,156706,1
27207,42216,35901,69423,63108,78117,1
57366,29036,50124,86402,107490,79160,1
19866,18716,27970,38582,47836,46686,1
43847,85893,89626,129740,133473,175519,1
697,90767,86759,91464,87456,177526,0
80391,42290,23518,122681,103909,65808,0
57241,3461,34345,60702,91586,37806,0
11517,34556,14340,46073,25857,48896,0
18045,7966,39525,26011,57570,47491,0
71208,57982,62211,129190,133419,120193,1
58948,57689,99600,116637,158548,157289,1
12689,11683,6132,24372,18821,17815,1
18799,38555,70508,57354,89307,109063,0
44293,43247,38184,87540,82477,81431,1
71749,3633,34731,75382,106480,38364,0
72311,60424,67786,132735,140097,128210,1
43337,68603,89481,111940,132818,158084,1
52338,61587,15647,113925,67985,77234,1
79617,64233,76895,143850,156512,141128,1
66728,25241,2367,91969,69095,27608,0
91547,61868,40851,153415,132398,102719,1
19537,2377,70058,21914,89595,72435,0
68181,31437,4315,99618,72496,35752,0
35995,84300,16572,120295,52567,100872,0
88448,84842,90746,173290,179194,175588,1
99902,62047,33623,161949,133525,95670,0
96358,14316,27159,110674,123517,41475,0
91850,92648,73667,184498,165517,166315,1
57392,74472,70669,131864,128061,145141,1
10669,52824,93356,63493,104025,146180,0
46593,5812,75327,52405,121920,81139,0
43807,51232,12560,95039,56367,63792,1
59795,59462,56089,119257,115884,115551,1
6338,30678,23003,37016,29341,53681,0
80653,82973,7138,163626,87791,90111,1
81753,49023,16927,130776,98680,65950,0
22610,38541,1025,61151,23635,39566,0
16866,20667,6355,37533,23221,27022,1
65000,25482,36581,90482,101581,62063,0
68920,76034,61541,144954,130461,137575,1
98760,57087,55013,155847,153773,112100,1
1383,21350,18860,22733,20243,40210,0
25721,39093,56364,64814,82085,95457,1
39289,83009,67315,122298,106604,150324,1
78389,40574,98124,118963,176513,138698,1
62554,80105,90289,142659,152843,170394,1
34131,95514,45488,129645,79619,141002,0
53048,12129,91981,65177,145029,104110,0
56092,58880,37447,114972,93539,96327,1
23988,37387,85240,61375,109228,122627,0
19640,67120,80326,86760,99966,147446,1
56055,16515,8862,72570,64917,25377,0
60680,13652,83915,74332,144595,97567,0
1545,30472,39727,32017,41272,70199,0
86872,75169,39493,162041,126365,114662,1
96880,72940,85875,169820,182755,158815,1
36003,21771,99666,57774,135669,121437,0
67720,4231,29255,71951,96975,33486,0
11913,7370,53458,19283,65371,60828,0
59403,84748,8752,144151,68155,93500,0
42814,46988,37273,89802,80087,84261,1
36271,93677,15877,129948,52148,109554,0
35867,6201,96558,42068,132425,102759,0
17521,5577,20273,23098,37794,25850,1
28282,37792,26046,66074,54328,63838,1
98446,93017,78759,191463,177205,171776,1
61296,63199,21538,124495,82834,84737,1
23373,93160,79966,116533,103339,173126,1
650,68084,77308,68734,77958,145392,0
7972,92162,533,100134,8505,92695,0
96703,8225,2,104928,96705,8227,0
51395,20138,81045,71533,132440,101183,0
24935,22552,20870,47487,45805,43422,1
94242,11413,43976,105655,138218,55389,0
80973,65865,66874,146838,147847,132739,1
5477,50676,58919,56153,64396,109595,0
25938,69665,8190,95603,34128,77855,0
76710,29767,76315,106477,153025,106082,1
20604,78662,50843,99266,71447,129505,0
14622,5543,52529,20165,67151,58072,0
65674,29625,47224,95299,112898,76849,1
74282,3487,5665,77769,79947,9152,0
21387,83835,11923,105222,33310,95758,0
85202,20488,41367,105690,126569,61855,0
50400,93203,41490,143603,91890,134693,0
29415,91509,72826,120924,102241,164335,1
33709,72786,50502,106495,84211,123288,1
63146,56674,16768,119820,79914,73442,1
90054,91431,85726,181485,175780,177157,1
82634,19793,70717,102427,153351,90510,1
32985,21434,66986,54419,99971,88420,0
93161,19521,35926,112682,129087,55447,0
88802,51070,47826,139872,136628,98896,1
73375,37079,91022,110454,164397,128101,1
81053,88830,67494,169883,148547,156324,1
82338,42494,86238,124832,168576,128732,1
32797,966,42403,33763,75200,43369,0
4715,38312,56932,43027,61647,95244,0
59429,22954,62011,82383,121440,84965,1
34072,37654,21120,71726,55192,58774,1
18123,21063,8999,39186,27122,30062,1
98652,14107,84600,112759,183252,98707,1
93955,30976,82208,124931,176163,113184,1
5477,77288,73538,82765,79015,150826,1
34928,82081,18741,117009,53669,100822,0
71358,32337,34204,103695,105562,66541,0
38947,88894,5026,127841,43973,93920,0
1457,35631,57391,37088,58848,93022,0
64725,90776,10978,155501,75703,101754,0
27104,62704,73529,89808,100633,136233,1
92928,80701,44757,173629,137685,125458,1
6078,83223,58342,89301,64420,141565,0
37550,38604,35265,76154,72815,73869,1
17945,1457,73954,19402,91899,75411,0
39231,23710,52039,62941,91270,75749,1
58317,11918,26185,70235,84502,38103,0
97920,9138,67148,107058,165068,76286,0
544,53,14576,597,15120,14629,0
25265,8617,36523,33882,61788,45140,0
71503,36324,48425,107827,119928,84749,1
60907,8325,41016,69232,101923,49341,0
93661,50891,67693,144552,161354,118584,1
77790,34788,7150,112578,84940,41938,0
84917,48524,9085,133441,94002,57609,0
7369,49543,61559,56912,68928,111102,0
63874,94902,80088,158776,143962,174990,1
56694,25586,95605,82280,152299,121191,0
25800,25882,97384,51682,123184,123266,0
19312,59160,42939,78472,62251,102099,1
73066,30568,57200,103634,130266,87768,1
58640,96867,11269,155507,69909,108136,0
74741,80559,45185,155300,119926,125744,1
92077,52588,99670,144665,191747,152258,1
99816,58774,80769,158590,180585,139543,1
98864,42262,95172,141126,194036,137434,1
22867,50582,85623,73449,108490,136205,0
8615,21822,67644,30437,76259,89466,0
93788,10234,51415,104022,145203,61649,0
85850,46080,61520,131930,147370,107600,1
91626,62498,51209,154124,142835,113707,1
90068,91086,32535,181154,122603,123621,1
94773,96721,51393,191494,146166,148114,1
43901,40606,8283,84507,52184,48889,1
47158,75283,10091,122441,57249,85374,0
81860,6966,17051,88826,98911,24017,0
72062,32628,7758,104690,79820,40386,0
97163,94183,9360,191346,106523,103543,1
15826,74573,2621,90399,18447,77194,0
61740,28893,46465,90633,108205,75358,1
59760,91486,37151,151246,96911,128637,1
62782,98532,14949,161314,77731,113481,0
62195,5108,55330,67303,117525,60438,0
84388,9054,76111,93442,160499,85165,1
28824,65569,54482,94393,83306,120051,1
13372,86357,41875,99729,55247,128232,0
21589,88862,54308,110451,75897,143170,0
96060,7815,89906,103875,185966,97721,1
53958,75724,70408,129682,124366,146132,1
13137,66199,17049,79336,30186,83248,0
50604,35018,77455,85622,128059,112473,1
31060,98630,11109,129690,42169,109739,0
27650,6121,89887,33771,117537,96008,0
25740,37815,20970,63555,46710,58785,1
62631,39151,70584,101782,133215,109735,1
65756,95377,57887,161133,123643,153264,1
14428,19072,36068,33500,50496,55140,0
72805,32421,35735,105226,108540,68156,0
61896,24385,55872,86281,117768,80257,1
14362,79406,64943,93768,79305,144349,0
55538,76481,26006,132019,81544,102487,1
10343,50250,69347,60593,79690,119597,0
46519,93863,36885,140382,83404,130748,0
80937,80058,36485,160995,117422,116543,1
17309,64315,29907,81624,47216,94222,0
89833,70527,5600,160360,95433,76127,0
2645,16973,16158,19618,18803,33131,1
94518,42572,12549,137090,107067,55121,0
63463,34730,83299,98193,146762,118029,1
1044,31799,66480,32843,67524,98279,0
89844,90535,14944,180379,104788,105479,1
38772,73401,32802,112173,71574,106203,0
60177,12940,13596,73117,73773,26536,0
1608,23697,98076,25305,99684,121773,0
24797,57422,96947,82219,121744,154369,0
99798,46400,18853,146198,118651,65253,0
30973,408,82078,31381,113051,82486,0
99103,16747,51177,115850,150280,67924,0
23858,65524,12406,89382,36264,77930,0
18483,78592,20947,97075,39430,99539,0
90098,16877,29249,106975,119347,46126,0
96333,7937,73274,104270,169607,81211,0
46540,71165,9084,117705,55624,80249,0
34048,99725,92488,133773,126536,192213,1
98877,12215,64811,111092,163688,77026,0
55967,3065,33913,59032,89880,36978,0
5979,62788,90538,68767,96517,153326,0
64040,14631,40723,78671,104763,55354,0
40923,63167,45465,104090,86388,108632,1
81022,66477,93170,147499,174192,159647,1
34188,37535,88286,71723,122474,125821,0
92396,32101,49395,124497,141791,81496,0
93031,37073,52254,130104,145285,89327,0
96908,52276,39121,149184,136029,91397,0
83581,85195,30088,168776,113669,115283,1
69626,44713,1679,114339,71305,46392,0
51951,50954,45129,102905,97080,96083,1
94167,98018,71794,192185,165961,169812,1
50921,35704,61770,86625,112691,97474,1
75297,72208,19499,147505,94796,91707,1
18616,57707,96848,76323,115464,154555,0
44472,8858,17322,53330,61794,26180,0
60361,53883,29170,114244,89531,83053,1
93893,91399,49191,185292,143084,140590,1
83332,28527,5316,111859,88648,33843,0
73874,47559,27584,121433,101458,75143,1
61197,69921,38178,131118,99375,108099,1
53554,98816,17057,152370,70611,115873,0
47660,81960,66532,129620,114192,148492,1
29365,31511,32663,60876,62028,64174,1
6033,85615,43109,91648,49142,128724,0
46324,5823,30422,52147,76746,36245,0
43093,79119,57923,122212,101016,137042,1
44907,2033,18985,46940,63892,21018,0
58789,27351,19479,86140,78268,46830,0
35548,86006,24700,121554,60248,110706,0
348,92583,59649,92931,59997,152232,0
645,34202,59713,34847,60358,93915,0
66917,91651,70035,158568,136952,161686,1
58697,55318,46187,114015,104884,101505,1
57535,23106,3893,80641,61428,26999,0
25724,20892,3729,46616,29453,24621,0
62582,82836,66390,145418,128972,149226,1
49809,84829,56649,134638,106458,141478,1
94367,56957,81632,151324,175999,138589,1
65668,40465,61710,106133,127378,102175,1
44380,1869,76600,46249,120980,78469,0
41989,43986,54232,85975,96221,98218,1
4123,67697,95687,71820,99810,163384,0
64418,93310,1271,157728,65689,94581,0
46011,19590,47472,65601,93483,67062,1
66345,18020,74941,84365,141286,92961,1
56912,81679,16926,138591,73838,98605,0
41122,82620,66182,123742,107304,148802,1
88187,86360,70331,174547,158518,156691,1
1823,60325,41485,62148,43308,101810,0
3896,88563,92696,92459,96592,181259,0
98226,97574,67712,195800,165938,165286,1
71176,90399,91101,161575,162277,181500,1
23426,99057,17405,122483,40831,116462,0
61144,77366,30201,138510,91345,107567,1
99339,8925,29565,108264,128904,38490,0
61459,7109,15901,68568,77360,23010,0
62608,87447,38895,150055,101503,126342,1
71171,33177,50076,104348,121247,83253,1
62687,21155,87735,83842,150422,108890,0
23159,47262,26115,70421,49274,73377,1
51219,22172,64460,73391,115679,86632,1
39349,16505,3646,55854,42995,20151,0
56070,94703,23898,150773,79968,118601,0
26496,64424,39433,90920,65929,103857,1
36525,77582,60554,114107,97079,138136,1
11617,77545,90441,89162,102058,167986,0
39912,61756,4881,101668,44793,66637,0
70708,42286,30075,112994,100783,72361,1
31728,13107,33483,44835,65211,46590,1
22842,5612,31713,28454,54555,37325,0
26234,2434,7996,28668,34230,10430,0
32061,85199,67565,117260,99626,152764,1
33428,78201,22252,111629,55680,100453,0
29049,47647,95560,76696,124609,143207,0
13095,54031,82959,67126,96054,136990,0
64812,46012,23911,110824,88723,69923,1
27150,51149,94809,78299,121959,145958,0
17278,72744,39279,90022,56557,112023,0
17515,59368,37251,76883,54766,96619,0
60872,60074,64571,120946,125443,124645,1
58774,15123,30698,73897,89472,45821,0
43461,84880,35800,128341,79261,120680,0
79863,36198,16501,116061,96364,52699,0
6662,88159,2469,94821,9131,90628,0
88537,95853,55793,184390,144330,151646,1
11076,58434,43279,69510,54355,101713,0
38404,47375,88738,85779,127142,136113,0
68857,17585,76357,86442,145214,93942,1
7880,904,24844,8784,32724,25748,0
34406,88565,19978,122971,54384,108543,0
89157,8504,74864,97661,164021,83368,0
70031,54701,82104,124732,152135,136805,1
55211,56830,1412,112041,56623,58242,0
87117,74134,41277,161251,128394,115411,1
14025,77420,26347,91445,40372,103767,0
50524,13860,14609,64384,65133,28469,0
87693,8548,2614,96241,90307,11162,0
38099,60884,64265,98983,102364,125149,1
56357,70097,4949,126454,61306,75046,0
14918,94370,5964,109288,20882,100334,0
55690,50637,86781,106327,142471,137418,1
80322,97199,81839,177521,162161,179038,1
37257,58901,62785,96158,100042,121686,1
8828,70534,47912,79362,56740,118446,0
14303,46257,25860,60560,40163,72117,0
33672,88628,64526,122300,98198,153154,1
83633,14159,53677,97792,137310,67836,0
39783,37089,93182,76872,132965,130271,0
97197,89425,90104,186622,187301,179529,1
9395,69817,61028,79212,70423,130845,1
74012,61307,68815,135319,142827,130122,1
28109,80487,45228,108596,73337,125715,0
84625,40835,65352,125460,149977,106187,1
24634,11332,31778,35966,56412,43110,1
18967,92799,93418,111766,112385,186217,1
88238,54295,55599,142533,143837,109894,1
2313,27342,92804,29655,95117,120146,0
75890,10516,1966,86406,77856,12482,0
54702,95675,49619,150377,104321,145294,1
49629,40596,80256,90225,129885,120852,1
3637,62607,992,66244,4629,63599,0
64084,49713,17380,113797,81464,67093,1
55345,17329,85296,72674,140641,102625,0
26913,33772,51862,60685,78775,85634,1
30006,54347,73140,84353,103146,127487,1
43892,25530,48731,69422,92623,74261,1
57982,51072,64778,109054,122760,115850,1
90581,91980,25215,182561,115796,117195,1
67537,67572,24816,135109,92353,92388,1
15288,22688,85510,37976,100798,108198,0
927,8606,17830,9533,18757,26436,0
43733,90445,13637,134178,57370,104082,0
9108,7519,98636,16627,107744,106155,0
6427,84314,11003,90741,17430,95317,0
68762,1183,23100,69945,91862,24283,0
53281,29353,2794,82634,56075,32147,0
43410,82632,61777,126042,105187,144409,1
41846,68523,38418,110369,80264,106941,1
1448,96059,67526,97507,68974,163585,0
72032,4297,21993,76329,94025,26290,0
14585,26488,6479,41073,21064,32967,0
79680,3882,29552,83562,109232,33434,0
63470,43547,54688,107017,118158,98235,1
93764,45947,61804,139711,155568,107751,1
79429,81137,65254,160566,144683,146391,1
66397,45876,68976,112273,135373,114852,1
36469,55407,79336,91876,115805,134743,1
29742,30304,57599,60046,87341,87903,1
33905,28867,61199,62772,95104,90066,1
35551,75127,39607,110678,75158,114734,1
27683,37681,25182,65364,52865,62863,1
6763,1457,57955,8220,64718,59412,0
95974,84950,30050,180924,126024,115000,1
17419,91213,18494,108632,35913,109707,0
8617,28692,67987,37309,76604,96679,0
65040,79563,1290,144603,66330,80853,0
54840,38012,10,92852,54850,38022,0
14606,20622,82380,35228,96986,103002,0
60222,64472,3831,124694,64053,68303,0
5282,11179,62364,16461,67646,73543,0
39814,46311,30588,86125,70402,76899,1
43489,71409,97022,114898,140511,168431,1
11,68212,24072,68223,24083,92284,0
6608,88188,36961,94796,43569,125149,0
51413,20413,25129,71826,76542,45542,0
287,81582,91207,81869,91494,172789,0
21361,44254,4211,65615,25572,48465,0
3878,92157,15448,96035,19326,107605,0
44439,86634,40494,131073,84933,127128,0
62753,11259,92201,74012,154954,103460,0
6478,32430,79761,38908,86239,112191,0
54109,14306,1766,68415,55875,16072,0
39877,89072,24609,128949,64486,113681,0
46750,37520,41455,84270,88205,78975,1
24893,48282,6059,73175,30952,54341,0
1827,61603,95840,63430,97667,157443,0
54423,85355,61599,139778,116022,146954,1
92161,16302,89672,108463,181833,105974,1
81417,11158,40197,92575,121614,51355,0
93601,84209,70066,177810,163667,154275,1
71811,18460,37420,90271,109231,55880,0
45278,6660,96653,51938,141931,103313,0
43729,87331,86797,131060,130526,174128,1
29628,58915,92234,88543,121862,151149,0
10610,24088,45671,34698,56281,69759,0
96447,95205,34730,191652,131177,129935,1
44125,79176,6688,123301,50813,85864,0
99688,78750,4725,178438,104413,83475,0
8495,87900,98482,96395,106977,186382,0
79197,5445,20339,84642,99536,25784,0
68450,54010,11726,122460,80176,65736,0
67206,5752,28020,72958,95226,33772,0
38755,64325,41544,103080,80299,105869,1
41130,16637,5802,57767,46932,22439,0
53115,79248,55923,132363,109038,135171,1
87926,66992,15364,154918,103290,82356,0
61650,49988,73805,111638,135455,123793,1
14517,84303,50401,98820,64918,134704,0
4582,86856,51423,91438,56005,138279,0
52094,56932,827,109026,52921,57759,0
43662,50834,93487,94496,137149,144321,1
41336,32458,43170,73794,84506,75628,1
48275,58409,5193,106684,53468,63602,0
65313,10013,87684,75326,152997,97697,0
72448,29563,58447,102011,130895,88010,1
98104,61561,79464,159665,177568,141025,1
97750,49967,30969,147717,128719,80936,0
10286,47978,12764,58264,23050,60742,0
27443,44840,37209,72283,64652,82049,1
80161,56224,79636,136385,159797,135860,1
97967,97329,31135,195296,129102,128464,1
53643,72864,20201,126507,73844,93065,1
5039,174,43552,5213,48591,43726,0
59456,66067,25435,125523,84891,91502,1
13224,97249,82278,110473,95502,179527,0
18101,34743,3644,52844,21745,38387,0
19667,14464,9383,34131,29050,23847,1
57687,7338,16586,65025,74273,23924,0
73454,37866,21299,111320,94753,59165,0
99898,78913,3581,178811,103479,82494,0
77094,58396,29334,135490,106428,87730,1
47914,98486,77635,146400,125549,176121,1
45881,39244,77609,85125,123490,116853,1
9567,39832,64751,49399,74318,104583,0
4808,85343,48589,90151,53397,133932,0
63916,27771,7030,91687,70946,34801,0
3830,74139,61944,77969,65774,136083,0
54471,33717,72330,88188,126801,106047,1
9156,79360,5692,88516,14848,85052,0
5901,74966,85561,80867,91462,160527,0
25742,94958,49216,120700,74958,144174,0
44898,49654,48609,94552,93507,98263,1
38775,27067,57498,65842,96273,84565,1
35984,94454,65494,130438,101478,159948,1
27397,51732,93560,79129,120957,145292,0
85313,55581,98179,140894,183492,153760,1
18946,68240,84247,87186,103193,152487,1
36718,24333,93385,61051,130103,117718,0
40814,56755,54035,97569,94849,110790,1
34543,50060,48866,84603,83409,98926,1
97056,16536,23995,113592,121051,40531,0
11130,35465,81328,46595,92458,116793,0
22706,84486,23462,107192,46168,107948,0
20048,95201,87262,115249,107310,182463,1
40653,7779,82657,48432,123310,90436,0
99734,81160,68524,180894,168258,149684,1
62677,75822,25468,138499,88145,101290,1
35769,44820,9998,80589,45767,54818,1
94166,68571,95081,162737,189247,163652,1
3042,91144,37999,94186,41041,129143,0
67768,69966,70171,137734,137939,140137,1
41391,87424,17412,128815,58803,104836,0
17427,60460,87161,77887,104588,147621,0
18416,55625,28406,74041,46822,84031,0
21359,53483,35694,74842,57053,89177,1
16905,51150,96135,68055,113040,147285,0
13228,1928,61883,15156,75111,63811,0
10699,77915,90931,88614,101630,168846,0
11260,49251,12518,60511,23778,61769,0
61303,13649,2248,74952,63551,15897,0
82284,53866,41098,136150,123382,94964,1
89914,13549,34690,103463,124604,48239,0
33895,20719,2910,54614,36805,23629,0
49439,58312,42444,107751,91883,100756,1
60442,63329,76153,123771,136595,139482,1
21712,89399,55187,111111,76899,144586,0
76652,17672,98800,94324,175452,116472,0
98915,67603,33540,166518,132455,101143,1
76550,54232,92887,130782,169437,147119,1
52800,1002,83589,53802,136389,84591,0
4526,25598,47609,30124,52135,73207,0
87199,7243,13848,94442,101047,21091,0
62492,76867,22540,139359,85032,99407,1
17615,59442,93832,77057,111447,153274,0
14422,99967,75145,114389,89567,175112,0
20162,42576,80443,62738,100605,123019,0
93772,90358,37071,184130,130843,127429,1
94472,32991,47557,127463,142029,80548,0
95397,86593,48035,181990,143432,134628,1
54716,50286,64606,105002,119322,114892,1
83190,81755,94132,164945,177322,175887,1
51239,70655,95119,121894,146358,165774,1
59648,37664,33957,97312,93605,71621,1
8529,42908,4791,51437,13320,47699,0
18425,78567,115,96992,18540,78682,0
10139,8361,34578,18500,44717,42939,0
95479,48673,32343,144152,127822,81016,0
24283,63699,27053,87982,51336,90752,0
89639,58354,86319,147993,175958,144673,1
90536,55081,87323,145617,177859,142404,1
5221,88666,81389,93887,86610,170055,0
72295,566,82101,72861,154396,82667,0
11777,93861,25174,105638,36951,119035,0
61469,71668,60724,133137,122193,132392,1
39390,80889,413,120279,39803,81302,0
73121,30079,38802,103200,111923,68881,0
5776,3850,67345,9626,73121,71195,0
18844,57856,59732,76700,78576,117588,1
912,82983,8550,83895,9462,91533,0
54957,16410,26349,71367,81306,42759,0
50718,22347,97399,73065,148117,119746,0
2889,4181,80981,7070,83870,85162,0
31210,35030,6802,66240,38012,41832,1
94768,58957,24894,153725,119662,83851,0
56629,13087,608,69716,57237,13695,0
35397,83309,11703,118706,47100,95012,0
55222,47488,5971,102710,61193,53459,0
27529,54652,12616,82181,40145,67268,0
10189,9615,58044,19804,68233,67659,0
84545,17171,37326,101716,121871,54497,0
93932,30916,63871,124848,157803,94787,1
6060,62670,36528,68730,42588,99198,0
70587,64347,22801,134934,93388,87148,1
16537,52550,41729,69087,58266,94279,1
50929,90522,93296,141451,144225,183818,1
43906,50211,67058,94117,110964,117269,1
9513,40382,23458,49895,32971,63840,0
32949,14465,62589,47414,95538,77054,0
1208,95076,12924,96284,14132,108000,0
89682,25920,9541,115602,99223,35461,0
3074,67672,77173,70746,80247,144845,0
24983,79000,73100,103983,98083,152100,1
29928,45211,18600,75139,48528,63811,1
17268,39831,36602,57099,53870,76433,1
4826,92071,88059,96897,92885,180130,1
96322,37604,81509,133926,177831,119113,1
17919,36862,3514,54781,21433,40376,0
24902,43328,12340,68230,37242,55668,0
60402,49629,32290,110031,92692,81919,1
27115,9914,54224,37029,81339,64138,0
31158,12747,28248,43905,59406,40995,1
55135,76922,53714,132057,108849,130636,1
60090,26090,58755,86180,118845,84845,1
96360,11110,53186,107470,149546,64296,0
91156,12686,2623,103842,93779,15309,0
65365,32818,88811,98183,154176,121629,1
6553,4214,87297,10767,93850,91511,0
22004,9748,49653,31752,71657,59401,0
78259,99748,18629,178007,96888,118377,0
43557,28503,75250,72060,118807,103753,0
32000,29562,21838,61562,53838,51400,1
51268,79106,75850,130374,127118,154956,1
60425,70835,17662,131260,78087,88497,1
23868,84086,9178,107954,33046,93264,0
21494,32002,39318,53496,60812,71320,1
26232,52497,98157,78729,124389,150654,0
49353,17824,59791,67177,109144,77615,1
51790,81205,55062,132995,106852,136267,1
1519,15939,51936,17458,53455,67875,0
91767,59382,91987,151149,183754,151369,1
24351,23614,93358,47965,117709,116972,0
81671,32630,1283,114301,82954,33913,0
41276,58574,1809,99850,43085,60383,0
42226,27141,20513,69367,62739,47654,1
29384,40695,77316,70079,106700,118011,0
64116,6126,32018,70242,96134,38144,0
98147,46197,61822,144344,159969,108019,1
19005,22113,31162,41118,50167,53275,1
59640,28108,92248,87748,151888,120356,0
92952,2819,8911,95771,101863,11730,0
81384,53058,64210,134442,145594,117268,1
50401,86826,28876,137227,79277,115702,0
79461,55416,846,134877,80307,56262,0
12864,74254,71519,87118,84383,145773,1
59331,7007,47152,66338,106483,54159,0
95116,31982,15763,127098,110879,47745,0
99217,8107,706,107324,99923,8813,0
96683,79692,20792,176375,117475,100484,1
54899,79521,57622,134420,112521,137143,1
43828,88407,63738,132235,107566,152145,1
2190,19954,99864,22144,102054,119818,0
95601,54785,22745,150386,118346,77530,0
82496,90282,25955,172778,108451,116237,1
9693,26159,14473,35852,24166,40632,0
17885,96446,58112,114331,75997,154558,0
4218,51966,14400,56184,18618,66366,0
32977,5948,64430,38925,97407,70378,0
78278,1550,95020,79828,173298,96570,0
54597,77698,18227,132295,72824,95925,0
69642,17511,77478,87153,147120,94989,1
47063,99884,47155,146947,94218,147039,0
98627,85764,41392,184391,140019,127156,1
52831,7382,69018,60213,121849,76400,0
97538,23640,80330,121178,177868,103970,1
54856,85042,424,139898,55280,85466,0
84682,92442,40507,177124,125189,132949,1
62497,7739,13517,70236,76014,21256,0
24675,30657,13706,55332,38381,44363,1
4350,86009,22048,90359,26398,108057,0
24152,63898,20408,88050,44560,84306,0
12282,35438,86137,47720,98419,121575,0
77041,2562,38775,79603,115816,41337,0
80203,31127,5485,111330,85688,36612,0
52436,39232,24058,91668,76494,63290,1
25304,35871,13837,61175,39141,49708,1
20743,47235,76190,67978,96933,123425,0
14433,16864,28435,31297,42868,45299,1
7954,40256,64403,48210,72357,104659,0
77174,53691,95578,130865,172752,149269,1
84022,93037,40952,177059,124974,133989,1
43284,74928,58192,118212,101476,133120,1
14168,70350,69522,84518,83690,139872,1
32564,30267,30034,62831,62598,60301,1
90217,40209,98986,130426,189203,139195,1
14447,10379,8815,24826,23262,19194,1
31197,17737,18315,48934,49512,36052,1
3360,58991,67358,62351,70718,126349,0
81540,81892,86626,163432,168166,168518,1
58604,88166,26507,146770,85111,114673,0
59705,57261,5220,116966,64925,62481,1
76091,92188,87538,168279,163629,179726,1
77160,35894,24458,113054,101618,60352,0
26065,60551,62099,86616,88164,122650,1
5064,55146,36164,60210,41228,91310,0
11276,2078,81066,13354,92342,83144,0
95889,35246,7585,131135,103474,42831,0
29975,56064,788,86039,30763,56852,0
31360,83486,49554,114846,80914,133040,0
31252,1245,49940,32497,81192,51185,0
10422,40892,43723,51314,54145,84615,1
80057,32522,32863,112579,112920,65385,0
48364,70409,8471,118773,56835,78880,0
95984,19464,45423,115448,141407,64887,0
94167,25695,63990,119862,158157,89685,0
73194,93438,94886,166632,168080,188324,1
45181,26371,22582,71552,67763,48953,1
16190,66925,44067,83115,60257,110992,0
17951,90802,12698,108753,30649,103500,0
9063,50152,56564,59215,65627,106716,1
23578,91548,1600,115126,25178,93148,0
2250,86557,55123,88807,57373,141680,0
48974,56251,42701,105225,91675,98952,1
21043,16604,97761,37647,118804,114365,0
73581,49649,20133,123230,93714,69782,0
82239,69277,79972,151516,162211,149249,1
5830,1385,78826,7215,84656,80211,0
61256,26462,76987,87718,138243,103449,1
15636,15054,18024,30690,33660,33078,1
18243,84443,7648,102686,25891,92091,0
15296,58496,32518,73792,47814,91014,0
19999,84735,50563,104734,70562,135298,0
59011,18099,93562,77110,152573,111661,0
12119,88172,30691,100291,42810,118863,0
35379,98470,58458,133849,93837,156928,0
13328,28688,73295,42016,86623,101983,0
84394,73297,26098,157691,110492,99395,1
44193,10660,35104,54853,79297,45764,1
92155,60642,87045,152797,179200,147687,1
42566,82173,70682,124739,113248,152855,1
32298,71841,8202,104139,40500,80043,0
98010,43434,20953,141444,118963,64387,0
21185,54713,61451,75898,82636,116164,1
81999,37453,19458,119452,101457,56911,0
3115,40571,336,43686,3451,40907,0
45452,49893,3501,95345,48953,53394,0
98576,89370,53714,187946,152290,143084,1
60944,29224,12975,90168,73919,42199,0
21655,65202,21969,86857,43624,87171,0
60127,65420,97693,125547,157820,163113,1
69628,87480,22070,157108,91698,109550,1
80798,61169,31252,141967,112050,92421,1
64890,93075,89487,157965,154377,182562,1
72460,81294,88050,153754,160510,169344,1
38729,30709,51910,69438,90639,82619,1
87629,51910,20892,139539,108521,72802,0
63754,91695,18121,155449,81875,109816,0
67899,18634,20871,86533,88770,39505,0
54100,64038,28851,118138,82951,92889,1
6952,4697,37464,11649,44416,42161,0
25786,44025,93433,69811,119219,137458,0
23713,93606,89758,117319,113471,183364,1
1206,19387,40037,20593,41243,59424,0
55756,3993,74815,59749,130571,78808,0
35482,59729,74218,95211,109700,133947,1
60588,56080,50417,116668,111005,106497,1
37886,79714,28299,117600,66185,108013,0
12617,85753,70057,98370,82674,155810,0
94226,18676,46451,112902,140677,65127,0
23578,70986,29045,94564,52623,100031,0
35802,65831,6553,101633,42355,72384,0
91922,77472,63058,169394,154980,140530,1
91236,55283,37058,146519,128294,92341,1
42457,34230,47450,76687,89907,81680,1
16929,14001,10835,30930,27764,24836,1
36176,69540,71409,105716,107585,140949,1
55035,79948,98218,134983,153253,178166,1
5552,97185,14170,102737,19722,111355,0
38293,33770,1516,72063,39809,35286,0
80257,59520,21796,139777,102053,81316,1
574,88271,84517,88845,85091,172788,0
64195,81343,26296,145538,90491,107639,1
85171,8124,80679,93295,165850,88803,1
34401,48575,71734,82976,106135,120309,1
16363,48175,11947,64538,28310,60122,0
8063,84728,17193,92791,25256,101921,0
27288,37334,85099,64622,112387,122433,0
89071,33358,54690,122429,143761,88048,0
92539,25899,64426,118438,156965,90325,0
95101,505,16416,95606,111517,16921,0
5764,74685,76678,80449,82442,151363,1
96869,37675,47856,134544,144725,85531,0
48305,23313,4823,71618,53128,28136,0
96037,55929,14112,151966,110149,70041,0
79595,49953,50361,129548,129956,100314,1
77286,95498,94130,172784,171416,189628,1
52227,29011,38884,81238,91111,67895,1
83426,53297,74034,136723,157460,127331,1
47261,95916,46562,143177,93823,142478,0
44595,81607,21908,126202,66503,103515,0
65618,74853,55487,140471,121105,130340,1
94634,89000,56378,183634,151012,145378,1
95582,21666,38954,117248,134536,60620,0
79621,1384,95533,81005,175154,96917,0
94883,86561,25300,181444,120183,111861,1
19717,52022,44435,71739,64152,96457,1
58221,89706,47100,147927,105321,136806,1
31761,69374,82289,101135,114050,151663,1
28383,40141,28267,68524,56650,68408,1
31414,22103,52687,53517,84101,74790,1
74163,60393,94669,134556,168832,155062,1
96850,76183,98080,173033,194930,174263,1
39066,79545,50797,118611,89863,130342,1
78519,33099,43648,111618,122167,76747,0
93211,62213,18951,155424,112162,81164,0
96537,2927,22087,99464,118624,25014,0
22428,70212,99268,92640,121696,169480,0
93921,78962,6899,172883,100820,85861,0
79267,72303,89827,151570,169094,162130,1
92589,36092,95909,128681,188498,132001,1
51959,75403,29661,127362,81620,105064,1
32837,63068,86560,95905,119397,149628,1
76801,2177,75358,78978,152159,77535,1
27490,8230,4915,35720,32405,13145,0
37335,72371,93749,109706,131084,166120,1
30979,42113,93809,73092,124788,135922,0
71039,96319,18988,167358,90027,115307,0
39407,15594,83391,55001,122798,98985,0
74252,94849,58050,169101,132302,152899,1
60964,61613,77830,122577,138794,139443,1
55872,44397,98630,100269,154502,143027,1
60330,62122,79807,122452,140137,141929,1
40437,77403,85409,117840,125846,162812,1
19869,35900,41283,55769,61152,77183,1
94597,80576,76781,175173,171378,157357,1
43992,60849,25147,104841,69139,85996,1
10217,7703,37381,17920,47598,45084,0
2446,24769,48665,27215,51111,73434,0
20505,73697,6256,94202,26761,79953,0
12849,27609,17784,40458,30633,45393,1
95589,53034,97756,148623,193345,150790,1
19671,32825,38987,52496,58658,71812,1
92964,90310,92240,183274,185204,182550,1
29223,93592,84603,122815,113826,178195,1
7473,82529,43680,90002,51153,126209,0
93838,16423,59935,110261,153773,76358,0
76452,17702,25052,94154,101504,42754,0
76640,43676,55264,120316,131904,98940,1
28340,12994,91769,41334,120109,104763,0
28202,21240,53619,49442,81821,74859,0
72134,89730,25562,161864,97696,115292,1
25482,89624,3221,115106,28703,92845,0
97906,56781,54251,154687,152157,111032,1
79646,18789,58432,98435,138078,77221,0
619,14156,13065,14775,13684,27221,0
74043,5587,54753,79630,128796,60340,0
80983,37003,39452,117986,120435,76455,0
78513,62520,76841,141033,155354,139361,1
24239,71098,71956,95337,96195,143054,1
54241,93685,69092,147926,123333,162777,1
72698,19694,46208,92392,118906,65902,0
32153,16484,97444,48637,129597,113928,0
43834,21648,83670,65482,127504,105318,0
44587,82847,26449,127434,71036,109296,0
70792,60150,7489,130942,78281,67639,0
17748,22224,25820,39972,43568,48044,1
54397,2159,62003,56556,116400,64162,0
84095,71034,56645,155129,140740,127679,1
67060,58260,36158,125320,103218,94418,1
31701,6678,90897,38379,122598,97575,0
9289,73091,35291,82380,44580,108382,0
30597,96774,84985,127371,115582,181759,1
1914,96095,58130,98009,60044,154225,0
91348,10731,94351,102079,185699,105082,1
82686,73707,14870,156393,97556,88577,1
69128,72188,99586,141316,168714,171774,1
30810,77493,12048,108303,42858,89541,0
40994,3607,32795,44601,73789,36402,0
56685,59228,7661,115913,64346,66889,1
80408,13031,16459,93439,96867,29490,0
23557,26296,29555,49853,53112,55851,1
54984,28068,80118,83052,135102,108186,1
16476,14505,34882,30981,51358,49387,0
57307,25136,68730,82443,126037,93866,1
93579,92664,26301,186243,119880,118965,1
78418,6865,600,85283,79018,7465,0
6558,9940,75687,16498,82245,85627,0
51986,85836,2839,137822,54825,88675,0
66022,77145,72525,143167,138547,149670,1
67088,9399,180,76487,67268,9579,0
93131,54782,89645,147913,182776,144427,1
12839,96912,84690,109751,97529,181602,1
58459,10145,53102,68604,111561,63247,1
21485,47702,81613,69187,103098,129315,0
65185,18677,4740,83862,69925,23417,0
16419,16743,12057,33162,28476,28800,1
68084,85891,38478,153975,106562,124369,1
21169,80179,23862,101348,45031,104041,0
34858,28524,79671,63382,114529,108195,0
98344,18574,50468,116918,148812,69042,0
12723,73550,61762,86273,74485,135312,1
34673,86569,3773,121242,38446,90342,0
31215,81156,3926,112371,35141,85082,0
51297,48493,15250,99790,66547,63743,1
97484,76975,56029,174459,153513,133004,1
6013,80967,20473,86980,26486,101440,0
20341,63219,75505,83560,95846,138724,1
27032,27382,32448,54414,59480,59830,1
69479,4201,16668,73680,86147,20869,0
31264,74731,71666,105995,102930,146397,1
14324,92630,71383,106954,85707,164013,0
10860,37812,21066,48672,31926,58878,0
97193,86528,12775,183721,109968,99303,1
42561,57474,10562,100035,53123,68036,0
61139,75546,19890,136685,81029,95436,1
80771,82381,54067,163152,134838,136448,1
21899,71375,20152,93274,42051,91527,0
16134,92768,816,108902,16950,93584,0
8865,23220,37973,32085,46838,61193,0
64709,71098,76666,135807,141375,147764,1
75701,66760,15622,142461,91323,82382,1
98400,90350,28912,188750,127312,119262,1
13593,29904,17518,43497,31111,47422,1
65894,34937,84426,100831,150320,119363,1
44275,22273,80707,66548,124982,102980,0
85553,49285,83898,134838,169451,133183,1
51484,13030,91422,64514,142906,104452,0
16156,99800,55530,115956,71686,155330,0
13759,10191,84595,23950,98354,94786,0
47086,32451,37505,79537,84591,69956,1
59320,41659,12776,100979,72096,54435,0
72816,12445,78059,85261,150875,90504,1
88745,90180,68590,178925,157335,158770,1
41744,34657,89670,76401,131414,124327,0
18488,43311,37595,61799,56083,80906,1
81279,85896,31594,167175,112873,117490,1
69160,31490,80772,100650,149932,112262,1
12540,26604,15407,39144,27947,42011,1
55220,96172,17401,151392,72621,113573,0
10001,28723,72123,38724,82124,100846,0
68773,34238,64482,103011,133255,98720,1
53276,17364,90753,70640,144029,108117,0
59192,68842,13289,128034,72481,82131,1
48311,98113,71052,146424,119363,169165,1
12886,56596,72423,69482,85309,129019,0
28385,63195,11589,91580,39974,74784,0
30368,70021,49090,100389,79458,119111,1
35039,8656,18437,43695,53476,27093,0
10348,81682,36223,92030,46571,117905,0
84332,62330,60563,146662,144895,122893,1
19372,3420,44184,22792,63556,47604,0
59114,76184,80876,135298,139990,157060,1
97931,64573,39593,162504,137524,104166,1
14568,1455,46724,16023,61292,48179,0
23876,72161,26184,96037,50060,98345,0
65954,78070,44626,144024,110580,122696,1
52027,17915,73197,69942,125224,91112,0
32582,29384,26997,61966,59579,56381,1
70168,68643,72331,138811,142499,140974,1
54734,90108,5609,144842,60343,95717,0
45357,48736,22006,94093,67363,70742,1
22980,44727,312,67707,23292,45039,0
22792,68651,23029,91443,45821,91680,0
33871,51123,44889,84994,78760,96012,1
4615,38919,54088,43534,58703,93007,0
79370,28542,24717,107912,104087,53259,0
65507,82269,19669,147776,85176,101938,1
39369,16471,56344,55840,95713,72815,0
70277,31946,64713,102223,134990,96659,1
76498,68867,46751,145365,123249,115618,1
57366,14942,53040,72308,110406,67982,1
6152,46624,52921,52776,59073,99545,0
83368,54839,89916,138207,173284,144755,1
53902,89589,23317,143491,77219,112906,0
79786,14623,30194,94409,109980,44817,0
51300,5900,53617,57200,104917,59517,1
74551,67086,56561,141637,131112,123647,1
10427,36097,42914,46524,53341,79011,1
50081,32912,91629,82993,141710,124541,0
98720,31669,79147,130389,177867,110816,1
39450,33557,31445,73007,70895,65002,1
35647,53296,95534,88943,131181,148830,0
49310,18566,39436,67876,88746,58002,1
41217,71259,56956,112476,98173,128215,1
78492,13288,93764,91780,172256,107052,0
4218,12557,45095,16775,49313,57652,0
68428,21269,68142,89697,136570,89411,1
79996,76208,96557,156204,176553,172765,1
33724,80903,70241,114627,103965,151144,1
86834,37889,71109,124723,157943,108998,1
44978,97455,60322,142433,105300,157777,1
2609,81001,44151,83610,46760,125152,0
34049,94079,20653,128128,54702,114732,0
12373,92357,88080,104730,100453,180437,1
1120,28980,81840,30100,82960,110820,0
18866,61412,30781,80278,49647,92193,0
21908,3521,59630,25429,81538,63151,0
57071,75214,56568,132285,113639,131782,1
28509,25103,41978,53612,70487,67081,1
88431,24622,41653,113053,130084,66275,0
70280,45657,4322,115937,74602,49979,0
24210,17324,20532,41534,44742,37856,1
59606,40596,29828,100202,89434,70424,1
90390,69387,74449,159777,164839,143836,1
79623,38335,42149,117958,121772,80484,1
25126,66980,46604,92106,71730,113584,1
60299,22188,54053,82487,114352,76241,1
39213,847,70531,40060,109744,71378,0
76596,51383,59192,127979,135788,110575,1
27022,52261,19395,79283,46417,71656,0
20324,21488,77418,41812,97742,98906,0
34121,89040,81517,123161,115638,170557,1
74800,14795,46707,89595,121507,61502,0
76030,35340,84955,111370,160985,120295,1
43931,50823,64412,94754,108343,115235,1
22749,31040,66829,53789,89578,97869,0
51620,59267,44390,110887,96010,103657,1
10159,33719,91110,43878,101269,124829,0
52203,69179,10352,121382,62555,79531,0
98744,11214,82565,109958,181309,93779,0
34318,89885,239,124203,34557,90124,0
80702,23873,61439,104575,142141,85312,1
36967,85707,5449,122674,42416,91156,0
42774,38367,95996,81141,138770,134363,0
50839,34270,60272,85109,111111,94542,1
44069,12147,245,56216,44314,12392,0
63953,28624,20996,92577,84949,49620,0
32411,69931,79364,102342,111775,149295,1
73480,30106,31529,103586,105009,61635,0
13929,69737,13378,83666,27307,83115,0
11470,89938,74909,101408,86379,164847,0
47865,640,16679,48505,64544,17319,0
32728,19748,14385,52476,47113,34133,1
66900,10532,78625,77432,145525,89157,0
81841,31651,62438,113492,144279,94089,1
54106,70411,88259,124517,142365,158670,1
22578,29684,49244,52262,71822,78928,1
3152,45215,33140,48367,36292,78355,0
97753,56591,77100,154344,174853,133691,1
94517,57423,42019,151940,136536,99442,1
89080,98043,50289,187123,139369,148332,1
68021,51586,2229,119607,70250,53815,0
25635,14669,57644,40304,83279,72313,0
77082,29561,21959,106643,99041,51520,0
23743,44836,83051,68579,106794,127887,0
98526,87131,37320,185657,135846,124451,1
61598,93867,23876,155465,85474,117743,0
92322,79886,29217,172208,121539,109103,1
82427,49855,17423,132282,99850,67278,0
8116,46955,50197,55071,58313,97152,1
60412,70230,40377,130642,100789,110607,1
82395,94102,60248,176497,142643,154350,1
8312,1606,84205,9918,92517,85811,0
10065,33506,30302,43571,40367,63808,1
99739,81801,29561,181540,129300,111362,1
38132,82079,2549,120211,40681,84628,0
59464,92867,71519,152331,130983,164386,1
95311,24992,66526,120303,161837,91518,0
89497,88702,45485,178199,134982,134187,1
59182,74461,99158,133643,158340,173619,1
49833,15420,53240,65253,103073,68660,1
99900,31486,81826,131386,181726,113312,1
96237,73487,10014,169724,106251,83501,0
37457,69177,99223,106634,136680,168400,1
10361,60891,90917,71252,101278,151808,0
72132,26359,23927,98491,96059,50286,0
37147,95919,53897,133066,91044,149816,0
56556,32304,51561,88860,108117,83865,1
29379,32225,66568,61604,95947,98793,0
54225,80561,55351,134786,109576,135912,1
33011,19897,45058,52908,78069,64955,1
98930,90857,46728,189787,145658,137585,1
35960,25009,21731,60969,57691,46740,1
91084,54562,25902,145646,116986,80464,0
34779,14955,72373,49734,107152,87328,0
43076,39748,41631,82824,84707,81379,1
43920,87059,36125,130979,80045,123184,0
94834,49991,5824,144825,100658,55815,0
52154,35355,26797,87509,78951,62152,1
89955,50099,80969,140054,170924,131068,1
94811,2481,23010,97292,117821,25491,0
58777,30032,73963,88809,132740,103995,1
47869,65449,79340,113318,127209,144789,1
91689,95819,72507,187508,164196,168326,1
43029,56912,54706,99941,97735,111618,1
62875,47879,1757,110754,64632,49636,0
28996,61923,3517,90919,32513,65440,0
11814,26382,8613,38196,20427,34995,0
14762,179,98785,14941,113547,98964,0
93895,88471,5142,182366,99037,93613,0
50577,38920,42349,89497,92926,81269,1
85545,60120,61623,145665,147168,121743,1
61462,70043,76326,131505,137788,146369,1
97337,41252,16394,138589,113731,57646,0
43541,28184,48096,71725,91637,76280,1
62032,57255,72108,119287,134140,129363,1
8978,23349,29701,32327,38679,53050,1
79317,95788,52611,175105,131928,148399,1
77781,5647,13160,83428,90941,18807,0
51979,70093,63067,122072,115046,133160,1
58945,6071,5889,65016,64834,11960,0
10906,96024,13918,106930,24824,109942,0
18691,62576,36914,81267,55605,99490,0
36292,84352,11151,120644,47443,95503,0
17322,50030,23133,67352,40455,73163,0
30494,92216,15408,122710,45902,107624,0
56177,6800,86800,62977,142977,93600,0
25802,34284,94641,60086,120443,128925,0
6217,94030,23859,100247,30076,117889,0
8908,94761,84280,103669,93188,179041,0
16267,38051,79738,54318,96005,117789,0
8951,35756,25653,44707,34604,61409,0
79217,32759,5599,111976,84816,38358,0
57833,26532,13640,84365,71473,40172,0
68899,38035,86743,106934,155642,124778,1
99358,65642,5171,165000,104529,70813,0
81572,80549,16687,162121,98259,97236,1
70966,90354,81866,161320,152832,172220,1
99347,14088,43160,113435,142507,57248,0
43179,49085,46560,92264,89739,95645,1
77219,39008,26968,116227,104187,65976,0
70355,34731,6508,105086,76863,41239,0
53937,63052,30751,116989,84688,93803,1
30305,16416,45739,46721,76044,62155,1
53589,23964,58271,77553,111860,82235,1
96160,28621,25174,124781,121334,53795,0
50531,52449,51171,102980,101702,103620,1
11360,89571,1204,100931,12564,90775,0
68213,59918,58433,128131,126646,118351,1
60230,43857,4599,104087,64829,48456,0
35938,71484,24415,107422,60353,95899,0
42392,85755,2938,128147,45330,88693,0
32716,86866,79401,119582,112117,166267,1
75119,58950,48681,134069,123800,107631,1
74056,77314,85152,151370,159208,162466,1
5770,1378,55831,7148,61601,57209,0
98422,78952,17325,177374,115747,96277,0
14708,39706,23300,54414,38008,63006,0
82223,6157,63422,88380,145645,69579,0
50918,18638,46259,69556,97177,64897,1
92868,94468,62091,187336,154959,156559,1
79013,15516,23954,94529,102967,39470,0
27897,47197,99043,75094,126940,146240,0
36333,452,51997,36785,88330,52449,0
28863,18232,80758,47095,109621,98990,0
97213,99979,25482,197192,122695,125461,1
96869,90143,20427,187012,117296,110570,1
83427,51132,33583,134559,117010,84715,1
66625,44396,313,111021,66938,44709,0
64063,80106,3925,144169,67988,84031,0
56360,33112,28605,89472,84965,61717,1
66167,58482,64931,124649,131098,123413,1
50237,3302,69039,53539,119276,72341,0
75770,12583,26871,88353,102641,39454,0
97418,26526,89300,123944,186718,115826,1
92162,1816,38217,93978,130379,40033,0
3622,55483,96951,59105,100573,152434,0
32199,89031,32018,121230,64217,121049,0
34540,67828,520,102368,35060,68348,0
24153,38059,35435,62212,59588,73494,1
80711,81586,47499,162297,128210,129085,1
91052,33035,43804,124087,134856,76839,0
41783,70613,8880,112396,50663,79493,0
32835,84989,52202,117824,85037,137191,1
89312,68084,23570,157396,112882,91654,1
59520,37483,79102,97003,138622,116585,1
3092,61847,81420,64939,84512,143267,0
20566,37570,85851,58136,106417,123421,0
95021,94656,67749,189677,162770,162405,1
25593,41279,18263,66872,43856,59542,1
54774,70895,9923,125669,64697,80818,0
16765,58953,3184,75718,19949,62137,0
16993,467,1261,17460,18254,1728,0
95950,32584,73808,128534,169758,106392,1
69595,58953,67777,128548,137372,126730,1
11309,85410,96863,96719,108172,182273,0
12197,80231,89611,92428,101808,169842,1
78744,73827,96078,152571,174822,169905,1
88167,44246,46617,132413,134784,90863,1
47787,85521,80332,133308,128119,165853,1
13061,10624,49844,23685,62905,60468,0
12776,24320,62004,37096,74780,86324,0
33363,88577,39671,121940,73034,128248,0
69889,64152,1815,134041,71704,65967,0
28034,48155,13251,76189,41285,61406,0
7183,26389,34009,33572,41192,60398,0
69065,18247,5627,87312,74692,23874,0
61325,78191,28788,139516,90113,106979,1
64314,75540,98339,139854,162653,173879,1
20736,15648,43161,36384,63897,58809,0
34841,53652,69854,88493,104695,123506,1
21997,76518,53147,98515,75144,129665,0
616,87081,83647,87697,84263,170728,0
573,52466,97125,53039,97698,149591,0
55291,33904,75762,89195,131053,109666,1
80958,462,35884,81420,116842,36346,0
75655,16266,13259,91921,88914,29525,0
41231,46900,39358,88131,80589,86258,1
28538,9300,49896,37838,78434,59196,0
22000,30465,29901,52465,51901,60366,1
17899,37816,39806,55715,57705,77622,1
82314,37748,55222,120062,137536,92970,1
95483,74308,42869,169791,138352,117177,1
254,93162,89484,93416,89738,182646,0
61628,20953,26624,82581,88252,47577,0
25478,27649,9248,53127,34726,36897,1
43444,55261,80955,98705,124399,136216,1
41287,93388,34689,134675,75976,128077,0
35469,11343,75002,46812,110471,86345,0
96608,9360,33047,105968,129655,42407,0
10375,51692,88554,62067,98929,140246,0
62467,42101,9183,104568,71650,51284,0
48272,61226,46536,109498,94808,107762,1
78115,98134,4828,176249,82943,102962,0
65425,32899,55113,98324,120538,88012,1
71957,90038,29195,161995,101152,119233,1
82589,58345,14950,140934,97539,73295,0
96983,14889,22693,111872,119676,37582,0
52652,22226,82219,74878,134871,104445,0
97042,48531,2421,145573,99463,50952,0
53859,65048,23505,118907,77364,88553,1
43792,45019,91862,88811,135654,136881,0
94625,12285,73707,106910,168332,85992,0
88093,73802,23349,161895,111442,97151,1
82777,64757,83072,147534,165849,147829,1
53633,3741,57336,57374,110969,61077,1
52641,590,83779,53231,136420,84369,0
45039,7923,93780,52962,138819,101703,0
1216,9669,6071,10885,7287,15740,0
1431,2105,93017,3536,94448,95122,0
81169,51035,80964,132204,162133,131999,1
86980,32680,74450,119660,161430,107130,1
72624,34,83451,72658,156075,83485,0
34948,57299,22110,92247,57058,79409,0
37379,44155,36260,81534,73639,80415,1
97768,54387,58654,152155,156422,113041,1
58023,32540,82154,90563,140177,114694,1
92448,97833,34660,190281,127108,132493,1
56208,63600,55868,119808,112076,119468,1
78103,51550,23631,129653,101734,75181,0
96374,13195,48808,109569,145182,62003,0
16092,93187,39443,109279,55535,132630,0
69641,48542,53228,118183,122869,101770,1
41068,59028,17787,100096,58855,76815,0
13346,82448,47344,95794,60690,129792,0
54158,35946,85910,90104,140068,121856,1
28510,79236,52073,107746,80583,131309,1
1588,4337,22907,5925,24495,27244,0
61350,24065,41913,85415,103263,65978,1
5905,31789,56861,37694,62766,88650,0
992,75064,83018,76056,84010,158082,0
72565,9095,78923,81660,151488,88018,1
88286,69883,97326,158169,185612,167209,1
88606,19079,51797,107685,140403,70876,0
93473,62913,58899,156386,152372,121812,1
69364,75306,47694,144670,117058,123000,1
42233,35299,21713,77532,63946,57012,1
12813,8129,72076,20942,84889,80205,0
54405,36902,53313,91307,107718,90215,1
63054,41523,66412,104577,129466,107935,1
59765,75737,27191,135502,86956,102928,1
20498,26978,10080,47476,30578,37058,1
22738,900,41984,23638,64722,42884,0
67405,89210,79959,156615,147364,169169,1
48067,11778,74436,59845,122503,86214,0
32923,51064,37536,83987,70459,88600,1
95430,72888,61620,168318,157050,134508,1
26955,60031,86786,86986,113741,146817,1
961,24729,46169,25690,47130,70898,0
9103,23382,94663,32485,103766,118045,0
61141,71454,22682,132595,83823,94136,1
324,36905,49607,37229,49931,86512,0
13479,45719,72857,59198,86336,118576,0
72603,18102,78474,90705,151077,96576,1
47864,57280,65129,105144,112993,122409,1
68932,15963,27047,84895,95979,43010,0
22071,93925,9144,115996,31215,103069,0
60856,25750,31001,86606,91857,56751,0
55206,57450,64251,112656,119457,121701,1
57606,51023,36285,108629,93891,87308,1
16538,62242,37975,78780,54513,100217,0
95460,89388,36427,184848,131887,125815,1
27157,61283,6350,88440,33507,67633,0
14617,42601,80511,57218,95128,123112,0
10169,20163,71210,30332,81379,91373,0
3376,83973,61456,87349,64832,145429,0
74289,75144,21634,149433,95923,96778,1
44881,68351,99130,113232,144011,167481,1
92364,58760,97798,151124,190162,156558,1
55264,90286,41354,145550,96618,131640,1
50411,43749,30490,94160,80901,74239,1
78755,68012,31477,146767,110232,99489,1
28529,9460,24377,37989,52906,33837,1
7549,48002,2201,55551,9750,50203,0
26037,22496,75182,48533,101219,97678,0
83556,16423,48708,99979,132264,65131,0
76078,23057,84758,99135,160836,107815,1
31315,55294,63414,86609,94729,118708,1
30111,54197,64959,84308,95070,119156,1
61300,32411,61264,93711,122564,93675,1
8874,19352,10632,28226,19506,29984,1
19755,88623,96633,108378,116388,185256,1
59577,84403,2619,143980,62196,87022,0
85309,1520,65052,86829,150361,66572,0
10073,94281,52080,104354,62153,146361,0
60801,95566,55893,156367,116694,151459,1
37153,44050,21271,81203,58424,65321,1
32825,45860,30332,78685,63157,76192,1
76966,39265,97778,116231,174744,137043,1
7737,71063,88215,78800,95952,159278,0
50194,21011,86914,71205,137108,107925,0
67526,39218,80102,106744,147628,119320,1
59362,33714,20048,93076,79410,53762,0
89252,4378,54789,93630,144041,59167,0
7756,45029,62855,52785,70611,107884,0
52488,7920,95292,60408,147780,103212,0
39661,53495,23569,93156,63230,77064,1
83175,65081,472,148256,83647,65553,0
94424,18148,40675,112572,135099,58823,0
52500,12960,63832,65460,116332,76792,1
99620,8787,25917,108407,125537,34704,0
37935,97782,6850,135717,44785,104632,0
33015,55891,6516,88906,39531,62407,0
97168,89225,13131,186393,110299,102356,1
59943,95007,2542,154950,62485,97549,0
6457,8169,35425,14626,41882,43594,0
82198,88094,7908,170292,90106,96002,1
16310,44775,62653,61085,78963,107428,0
4634,84441,82755,89075,87389,167196,1
18524,63926,31995,82450,50519,95921,0
74802,32684,56811,107486,131613,89495,1
62747,60359,19738,123106,82485,80097,1
95790,67781,53847,163571,149637,121628,1
86684,34681,56275,121365,142959,90956,1
19385,22742,92504,42127,111889,115246,0
44709,53263,76995,97972,121704,130258,1
24112,30684,15924,54796,40036,46608,1
45837,1292,38635,47129,84472,39927,0
5610,94877,57983,100487,63593,152860,0
96539,64360,45787,160899,142326,110147,1
9509,91584,42884,101093,52393,134468,0
58268,54549,31298,112817,89566,85847,1
89386,2133,10612,91519,99998,12745,0
10400,2556,69929,12956,80329,72485,0
86024,24965,55919,110989,141943,80884,0
715,44704,91975,45419,92690,136679,0
75543,35476,91633,111019,167176,127109,1
97327,48037,49300,145364,146627,97337,1
55693,51623,61703,107316,117396,113326,1
1514,69747,61469,71261,62983,131216,0
53473,57458,80268,110931,133741,137726,1
37021,22951,35969,59972,72990,58920,1
98283,5160,28516,103443,126799,33676,0
92434,73495,52175,165929,144609,125670,1
58516,86821,10802,145337,69318,97623,0
83339,39477,71899,122816,155238,111376,1
617,16415,79251,17032,79868,95666,0
1921,22612,74342,24533,76263,96954,0
68272,52317,71931,120589,140203,124248,1
4078,39492,60914,43570,64992,100406,0
24707,30151,26140,54858,50847,56291,1
47416,29387,54584,76803,102000,83971,1
19463,22456,22191,41919,41654,44647,1
1447,27762,3196,29209,4643,30958,0
58433,58783,82971,117216,141404,141754,1
61573,97711,19670,159284,81243,117381,0
90637,45241,58917,135878,149554,104158,1
5874,76240,25258,82114,31132,101498,0
54207,73233,72738,127440,126945,145971,1
43032,16793,65647,59825,108679,82440,0
28793,85152,40701,113945,69494,125853,0
23561,63068,72598,86629,96159,135666,1
86565,76769,30200,163334,116765,106969,1
6373,5601,51939,11974,58312,57540,0
97612,27439,35358,125051,132970,62797,0
9058,41707,6421,50765,15479,48128,0
81039,17127,55053,98166,136092,72180,0
23364,60028,91667,83392,115031,151695,0
94550,67591,34818,162141,129368,102409,1
36567,15367,24826,51934,61393,40193,1
26185,12649,94237,38834,120422,106886,0
71569,85505,54912,157074,126481,140417,1
57767,3418,79054,61185,136821,82472,0
18079,55554,15883,73633,33962,71437,0
18378,67833,41920,86211,60298,109753,0
86087,83236,15889,169323,101976,99125,1
55152,83683,20985,138835,76137,104668,0
88390,31949,97248,120339,185638,129197,1
85942,9356,38808,95298,124750,48164,0
23947,34486,74055,58433,98002,108541,0
80676,21776,49259,102452,129935,71035,0
94366,31241,18272,125607,112638,49513,0
95151,67162,38961,162313,134112,106123,1
87980,87671,79600,175651,167580,167271,1
76190,20004,51024,96194,127214,71028,0
32046,16499,80236,48545,112282,96735,0
51786,91063,83735,142849,135521,174798,1
53277,45302,89051,98579,142328,134353,1
31977,33725,11301,65702,43278,45026,1
81672,99071,54568,180743,136240,153639,1
66174,25054,48424,91228,114598,73478,1
23664,48451,86989,72115,110653,135440,0
31770,88143,62854,119913,94624,150997,1
36500,58875,20374,95375,56874,79249,0
49606,60185,10907,109791,60513,71092,1
97842,18574,73956,116416,171798,92530,0
47234,31946,89611,79180,136845,121557,0
97119,84633,38394,181752,135513,123027,1
81557,47230,77279,128787,158836,124509,1
45071,452,30192,45523,75263,30644,0
85799,48509,98536,134308,184335,147045,1
96824,80062,93731,176886,190555,173793,1
13642,92032,90787,105674,104429,182819,1
79037,64920,74877,143957,153914,139797,1
72589,84329,48869,156918,121458,133198,1
96661,48071,17563,144732,114224,65634,0
90481,9891,75672,100372,166153,85563,0
80530,60317,5457,140847,85987,65774,0
67558,76357,85855,143915,153413,162212,1
82303,61868,24645,144171,106948,86513,1
98407,439,32510,98846,130917,32949,0
16680,30149,68576,46829,85256,98725,0
56885,54172,32642,111057,89527,86814,1
87900,18266,71203,106166,159103,89469,1
93529,80478,22193,174007,115722,102671,1
6655,2181,81867,8836,88522,84048,0
58679,42377,28436,101056,87115,70813,1
67135,83002,36394,150137,103529,119396,1
35781,25173,7669,60954,43450,32842,0
75260,68570,86149,143830,161409,154719,1
90084,45177,15964,135261,106048,61141,0
59094,11285,94242,70379,153336,105527,0
97647,24802,81051,122449,178698,105853,1
58450,77478,85251,135928,143701,162729,1
87004,95358,10884,182362,97888,106242,1
4486,12853,92887,17339,97373,105740,0
21107,64895,12876,86002,33983,77771,0
36537,68464,82478,105001,119015,150942,1
6367,58330,72038,64697,78405,130368,0
67051,92201,74051,159252,141102,166252,1
48105,24677,44401,72782,92506,69078,1
92110,950,91894,93060,184004,92844,1
54546,78901,78334,133447,132880,157235,1
45955,87793,80877,133748,126832,168670,1
38041,75957,90448,113998,128489,166405,1
22643,51565,57778,74208,80421,109343,1
94375,60529,39498,154904,133873,100027,1
92222,77129,39442,169351,131664,116571,1
94561,28087,36267,122648,130828,64354,0
38981,2359,30991,41340,69972,33350,0
87697,29223,80826,116920,168523,110049,1
44316,81529,26417,125845,70733,107946,0
74914,27766,36774,102680,111688,64540,0
70298,29622,80807,99920,151105,110429,1
71520,17125,96511,88645,168031,113636,0
80579,77236,18433,157815,99012,95669,1
8021,11864,66256,19885,74277,78120,0
40136,69852,18068,109988,58204,87920,0
36046,17547,80101,53593,116147,97648,0
98947,35838,72182,134785,171129,108020,1
37706,39920,34879,77626,72585,74799,1
44652,16808,30038,61460,74690,46846,1
43231,9737,88054,52968,131285,97791,0
51721,17340,72818,69061,124539,90158,0
54698,89750,13202,144448,67900,102952,0
90154,4125,95914,94279,186068,100039,0
7679,47953,33971,55632,41650,81924,0
84143,11067,52810,95210,136953,63877,0
57912,75720,30380,133632,88292,106100,1
91437,3750,34454,95187,125891,38204,0
59025,81218,28148,140243,87173,109366,1
76781,43858,50583,120639,127364,94441,1
57734,70834,49973,128568,107707,120807,1
26055,30936,34116,56991,60171,65052,1
28630,81973,87884,110603,116514,169857,1
42990,62886,10723,105876,53713,73609,0
49390,3850,69327,53240,118717,73177,0
48665,495,74840,49160,123505,75335,0
9323,51696,97714,61019,107037,149410,0
66779,47561,4687,114340,71466,52248,0
38858,75136,6215,113994,45073,81351,0
89763,62562,28682,152325,118445,91244,1
76021,16673,77884,92694,153905,94557,1
87926,10539,5666,98465,93592,16205,0
57712,19168,35902,76880,93614,55070,0
74777,29934,92123,104711,166900,122057,1
7432,15556,28654,22988,36086,44210,0
98957,90650,56220,189607,155177,146870,1
72136,87636,53604,159772,125740,141240,1
94549,70412,39277,164961,133826,109689,1
91351,83723,27470,175074,118821,111193,1
52248,18304,43658,70552,95906,61962,1
25371,42730,8494,68101,33865,51224,0
13910,91021,11239,104931,25149,102260,0
59708,56740,34314,116448,94022,91054,1
12238,49722,41061,61960,53299,90783,1
30980,2738,44164,33718,75144,46902,0
83687,84581,98230,168268,181917,182811,1
59876,13934,71966,73810,131842,85900,1
20213,76310,15199,96523,35412,91509,0
2169,41821,4249,43990,6418,46070,0
1841,63717,59483,65558,61324,123200,0
97610,86988,49619,184598,147229,136607,1
28988,71331,87750,100319,116738,159081,1
79875,45980,10806,125855,90681,56786,0
59049,64172,54283,123221,113332,118455,1
20779,72906,75296,93685,96075,148202,1
62073,86379,57973,148452,120046,144352,1
4303,39456,74979,43759,79282,114435,0
78807,16709,73983,95516,152790,90692,1
85385,9514,89044,94899,174429,98558,1
60339,27207,74823,87546,135162,102030,1
88750,56769,18597,145519,107347,75366,0
19222,86687,90853,105909,110075,177540,1
32210,20271,20039,52481,52249,40310,1
4078,60590,92165,64668,96243,152755,0
36179,74005,87411,110184,123590,161416,1
89994,23263,37835,113257,127829,61098,0
23145,25423,84087,48568,107232,109510,0
66156,24192,41101,90348,107257,65293,0
45408,79264,88876,124672,134284,168140,1
51846,82061,23653,133907,75499,105714,0
57763,8105,164,65868,57927,8269,0
19586,98051,88835,117637,108421,186886,1
14963,81742,71360,96705,86323,153102,1
78272,7698,7413,85970,85685,15111,0
79714,69024,49352,148738,129066,118376,1
55445,27343,59023,82788,114468,86366,1
8635,44594,75589,53229,84224,120183,0
66762,33005,7816,99767,74578,40821,0
83788,1951,52298,85739,136086,54249,0
42797,78084,7540,120881,50337,85624,0
8135,24780,1974,32915,10109,26754,0
91081,35091,81176,126172,172257,116267,1
50262,55066,45140,105328,95402,100206,1
1687,70015,17666,71702,19353,87681,0
35222,84166,18291,119388,53513,102457,0
14691,41502,1784,56193,16475,43286,0
95021,19839,83230,114860,178251,103069,1
99511,75061,24186,174572,123697,99247,0
68223,69888,6385,138111,74608,76273,1
68103,741,77051,68844,145154,77792,0
19195,55526,49970,74721,69165,105496,1
75951,34256,5498,110207,81449,39754,0
2319,95098,86811,97417,89130,181909,0
16314,96302,91045,112616,107359,187347,1
61474,39657,31536,101131,93010,71193,1
17531,77135,58037,94666,75568,135172,0
81030,22435,7518,103465,88548,29953,0
94623,76937,5406,171560,100029,82343,0
84951,23877,20607,108828,105558,44484,0
66360,22786,28440,89146,94800,51226,0
17475,75969,48953,93444,66428,124922,0
8629,58758,4870,67387,13499,63628,0
39109,51488,97341,90597,136450,148829,0
11592,61617,86126,73209,97718,147743,0
76089,43840,64709,119929,140798,108549,1
30794,12913,30492,43707,61286,43405,1
53222,72229,28496,125451,81718,100725,1
14077,69500,39263,83577,53340,108763,0
84773,44688,61183,129461,145956,105871,1
82857,39077,45462,121934,128319,84539,1
69443,81753,69329,151196,138772,151082,1
17295,46742,39858,64037,57153,86600,1
95062,71639,52663,166701,147725,124302,1
36267,18784,48408,55051,84675,67192,1
86153,50445,4518,136598,90671,54963,0
81126,38579,36068,119705,117194,74647,0
86172,57157,44383,143329,130555,101540,1
94607,15127,77234,109734,171841,92361,0
50083,11068,34805,61151,84888,45873,0
6023,11213,82568,17236,88591,93781,0
42681,46722,15554,89403,58235,62276,1
19494,36180,61031,55674,80525,97211,0
69116,37366,92588,106482,161704,129954,1
59758,10479,89001,70237,148759,99480,0
18904,88425,30815,107329,49719,119240,0
86193,95851,92503,182044,178696,188354,1
50382,36031,45454,86413,95836,81485,1
62310,64767,3877,127077,66187,68644,1
99094,86785,27163,185879,126257,113948,1
16487,3030,7569,19517,24056,10599,0
26140,21680,69481,47820,95621,91161,0
68495,14020,21570,82515,90065,35590,0
98670,85923,38281,184593,136951,124204,1
30105,81808,58945,111913,89050,140753,1
92333,62441,77195,154774,169528,139636,1
15162,20821,48623,35983,63785,69444,0
35844,25710,16961,61554,52805,42671,1
30991,9971,6996,40962,37987,16967,0
88131,25038,32765,113169,120896,57803,0
6567,27306,69772,33873,76339,97078,0
67069,36304,19,103373,67088,36323,0
48578,59846,28231,108424,76809,88077,1
69836,87211,56903,157047,126739,144114,1
26390,87459,19887,113849,46277,107346,0
72919,65749,52162,138668,125081,117911,1
98795,26199,3717,124994,102512,29916,0
86333,89555,60389,175888,146722,149944,1
14891,28727,75404,43618,90295,104131,0
36548,82455,6539,119003,43087,88994,0
57140,64230,47657,121370,104797,111887,1
25536,24650,47338,50186,72874,71988,1
90098,54214,92015,144312,182113,146229,1
933,58492,28690,59425,29623,87182,0
35182,98851,1349,134033,36531,100200,0
47468,83352,91684,130820,139152,175036,1
36178,14424,43136,50602,79314,57560,1
91083,68812,20279,159895,111362,89091,0
32518,61507,45185,94025,77703,106692,1
27437,81235,78543,108672,105980,159778,1
82393,75248,85078,157641,167471,160326,1
28245,50350,97095,78595,125340,147445,0
90920,93682,43758,184602,134678,137440,1
97198,25465,98351,122663,195549,123816,1
27801,46452,6803,74253,34604,53255,0
47661,53077,75029,100738,122690,128106,1
12605,8676,4566,21281,17171,13242,1
4978,9478,20593,14456,25571,30071,0
57785,91787,3308,149572,61093,95095,0
32955,68454,49627,101409,82582,118081,1
97230,88547,93601,185777,190831,182148,1
89272,65895,88784,155167,178056,154679,1
86648,34932,4619,121580,91267,39551,0
75470,60326,80175,135796,155645,140501,1
38979,46130,38003,85109,76982,84133,1
2447,89795,39472,92242,41919,129267,0
78441,50521,52754,128962,131195,103275,1
23466,4854,37063,28320,60529,41917,0
49728,32344,35007,82072,84735,67351,1
13462,93860,55525,107322,68987,149385,0
19408,51148,59703,70556,79111,110851,1
3563,49959,24659,53522,28222,74618,0
50623,56547,26901,107170,77524,83448,1
29275,92427,51467,121702,80742,143894,0
53212,33899,7673,87111,60885,41572,0
66225,56237,54946,122462,121171,111183,1
24128,22370,79107,46498,103235,101477,0
6941,93397,71846,100338,78787,165243,0
28337,67134,66106,95471,94443,133240,1
39195,94440,92838,133635,132033,187278,1
8746,43983,47413,52729,56159,91396,1
79567,80479,78058,160046,157625,158537,1
33468,167,1959,33635,35427,2126,0
64120,23389,41566,87509,105686,64955,1
70733,46127,46081,116860,116814,92208,1
97504,21876,77861,119380,175365,99737,1
73019,79327,42669,152346,115688,121996,1
92946,9729,64518,102675,157464,74247,0
93601,22587,99062,116188,192663,121649,1
55687,16079,62268,71766,117955,78347,1
84033,85349,68897,169382,152930,154246,1
52230,48075,57544,100305,109774,105619,1
4705,44712,84457,49417,89162,129169,0
56220,52868,93151,109088,149371,146019,1
82753,95629,97097,178382,179850,192726,1
85363,39292,33723,124655,119086,73015,0
65596,64546,7124,130142,72720,71670,1
7758,7770,63882,15528,71640,71652,0
17294,40020,56205,57314,73499,96225,1
5144,96653,12418,101797,17562,109071,0
77264,46742,66770,124006,144034,113512,1
69883,48190,24957,118073,94840,73147,1
93821,93637,49264,187458,143085,142901,1
61637,30709,27047,92346,88684,57756,0
98498,61534,98333,160032,196831,159867,1
49382,69938,21105,119320,70487,91043,1
41817,45941,66740,87758,108557,112681,1
43895,18900,59611,62795,103506,78511,1
63055,93003,43041,156058,106096,136044,1
85174,43374,41772,128548,126946,85146,0
89542,46443,58186,135985,147728,104629,1
29619,58860,80161,88479,109780,139021,1
85251,67974,49375,153225,134626,117349,1
31168,63275,8972,94443,40140,72247,0
24161,16943,68198,41104,92359,85141,0
75993,64730,45275,140723,121268,110005,1
26833,77806,50531,104639,77364,128337,0
95862,30679,37479,126541,133341,68158,0
8880,98438,58415,107318,67295,156853,0
66982,16945,16645,83927,83627,33590,0
72759,4929,55022,77688,127781,59951,0
78585,89411,32938,167996,111523,122349,1
81797,16676,57592,98473,139389,74268,0
65349,71331,36708,136680,102057,108039,1
23592,83363,97752,106955,121344,181115,1
66628,41436,48756,108064,115384,90192,1
44561,42362,35946,86923,80507,78308,1
999,45142,29753,46141,30752,74895,0
9450,2246,86778,11696,96228,89024,0
45429,95360,54867,140789,100296,150227,1
31599,25120,81198,56719,112797,106318,0
56311,41506,3632,97817,59943,45138,0
90097,53417,36362,143514,126459,89779,0
22486,14366,44242,36852,66728,58608,0
74661,18783,94341,93444,169002,113124,0
15567,9896,61216,25463,76783,71112,0
59954,86180,28808,146134,88762,114988,1
16442,24520,11195,40962,27637,35715,1
65426,42495,29569,107921,94995,72064,1
9441,68212,99416,77653,108857,167628,0
71908,30482,19490,102390,91398,49972,0
84047,87766,20203,171813,104250,107969,1
51066,3617,9373,54683,60439,12990,0
95631,3258,70281,98889,165912,73539,0
29814,98031,84077,127845,113891,182108,1
65190,78786,52554,143976,117744,131340,1
70920,22082,62289,93002,133209,84371,1
30974,82853,11291,113827,42265,94144,0
24089,73812,37684,97901,61773,111496,0
45718,15459,54076,61177,99794,69535,1
12380,11826,82227,24206,94607,94053,0
72058,67330,64975,139388,137033,132305,1
51736,20107,54008,71843,105744,74115,1
13970,21977,59289,35947,73259,81266,0
72378,56866,98070,129244,170448,154936,1
91028,97398,85848,188426,176876,183246,1
93841,4832,54195,98673,148036,59027,0
10230,34735,90472,44965,100702,125207,0
47834,5863,44294,53697,92128,50157,1
96696,50807,92868,147503,189564,143675,1
60679,30470,91555,91149,152234,122025,0
81041,77495,96991,158536,178032,174486,1
16882,81698,41311,98580,58193,123009,0
92088,37186,88044,129274,180132,125230,1
85249,13376,96423,98625,181672,109799,1
9822,45014,62389,54836,72211,107403,0
27704,95285,99940,122989,127644,195225,1
39935,28204,71329,68139,111264,99533,0
44882,62242,47861,107124,92743,110103,1
29889,86701,31793,116590,61682,118494,0
18949,20099,85322,39048,104271,105421,0
47291,81775,93646,129066,140937,175421,1
94923,27977,43019,122900,137942,70996,0
95640,81386,5520,177026,101160,86906,0
61067,46439,44551,107506,105618,90990,1
71478,1690,1239,73168,72717,2929,0
54828,43254,51028,98082,105856,94282,1
13728,52603,78864,66331,92592,131467,0
77769,71676,90615,149445,168384,162291,1
39669,73501,34572,113170,74241,108073,1
97412,20864,82012,118276,179424,102876,1
92788,14949,6731,107737,99519,21680,0
58182,90199,96387,148381,154569,186586,1
520,55046,76634,55566,77154,131680,0
89403,50352,10674,139755,100077,61026,0
45413,77420,59336,122833,104749,136756,1
5493,52682,86790,58175,92283,139472,0
93469,45400,37589,138869,131058,82989,0
20001,36801,55001,56802,75002,91802,1
24670,43340,87310,68010,111980,130650,0
64811,38132,91885,102943,156696,130017,1
5218,38134,96439,43352,101657,134573,0
37479,81358,11418,118837,48897,92776,0
15006,38829,62771,53835,77777,101600,0
49833,56851,16310,106684,66143,73161,1
11212,29797,20123,41009,31335,49920,1
75197,90865,69751,166062,144948,160616,1
32791,77540,88976,110331,121767,166516,1
6666,30838,43610,37504,50276,74448,0
40285,61357,50491,101642,90776,111848,1
78574,18683,88445,97257,167019,107128,1
154,27721,25493,27875,25647,53214,0
64636,11165,66171,75801,130807,77336,1
70703,93507,59967,164210,130670,153474,1
71932,54957,24960,126889,96892,79917,1
72026,81502,88737,153528,160763,170239,1
14776,40503,59992,55279,74768,100495,0
2345,75612,95847,77957,98192,171459,0
87446,60926,46034,148372,133480,106960,1
95294,82081,18337,177375,113631,100418,1
45195,86732,62005,131927,107200,148737,1
79911,79867,84150,159778,164061,164017,1
25095,89648,50606,114743,75701,140254,0
86436,14877,61924,101313,148360,76801,0
6364,49233,4004,55597,10368,53237,0
64634,41229,42903,105863,107537,84132,1
13760,38956,77164,52716,90924,116120,0
57758,27751,19893,85509,77651,47644,0
82614,37339,21978,119953,104592,59317,0
92333,19113,36310,111446,128643,55423,0
97838,64759,30531,162597,128369,95290,0
63164,67185,81556,130349,144720,148741,1
2363,36653,46880,39016,49243,83533,0
99618,45883,40043,145501,139661,85926,0
5675,71789,98033,77464,103708,169822,0
36369,46353,75527,82722,111896,121880,1
9927,73999,94826,83926,104753,168825,0
407,8737,89849,9144,90256,98586,0
26728,94775,52295,121503,79023,147070,0
81509,97153,15520,178662,97029,112673,0
12683,6456,78352,19139,91035,84808,0
29815,37066,16320,66881,46135,53386,1
30602,22901,55535,53503,86137,78436,0
93647,85900,76057,179547,169704,161957,1
27200,7761,7870,34961,35070,15631,0
25207,69511,64301,94718,89508,133812,1
96774,32336,91315,129110,188089,123651,1
28804,74426,64477,103230,93281,138903,1
12374,95573,33950,107947,46324,129523,0
3093,51789,52813,54882,55906,104602,1
37614,59532,94667,97146,132281,154199,1
23857,6299,73973,30156,97830,80272,0
41633,39397,5257,81030,46890,44654,1
48328,27620,83199,75948,131527,110819,0
31591,68687,88092,100278,119683,156779,1
83006,16261,93693,99267,176699,109954,1
42477,41837,39245,84314,81722,81082,1
76374,54783,62333,131157,138707,117116,1
18110,18321,67598,36431,85708,85919,0
4000,30499,79217,34499,83217,109716,0
40698,10867,73445,51565,114143,84312,0
99807,93942,17466,193749,117273,111408,1
76113,50300,64339,126413,140452,114639,1
4731,91605,38317,96336,43048,129922,0
40358,5314,26693,45672,67051,32007,0
50189,77787,67081,127976,117270,144868,1
96790,64463,21763,161253,118553,86226,0
78648,92496,69125,171144,147773,161621,1
23895,12787,2103,36682,25998,14890,0
14496,99467,43478,113963,57974,142945,0
23375,27157,92911,50532,116286,120068,0
49171,57169,20664,106340,69835,77833,1
64991,38386,56571,103377,121562,94957,1
95132,87486,11501,182618,106633,98987,1
63563,51753,22219,115316,85782,73972,1
93229,69256,47444,162485,140673,116700,1
94233,58804,28642,153037,122875,87446,0
23416,80412,55884,103828,79300,136296,0
84370,29950,31396,114320,115766,61346,0
61988,65728,28351,127716,90339,94079,1
72371,11698,31115,84069,103486,42813,0
77378,80613,15747,157991,93125,96360,1
73359,37432,70873,110791,144232,108305,1
41785,94074,18962,135859,60747,113036,0
41355,25016,73497,66371,114852,98513,0
94442,47689,64241,142131,158683,111930,1
11861,91838,90736,103699,102597,182574,1
78262,75876,8847,154138,87109,84723,1
50563,91382,53032,141945,103595,144414,1
69464,9008,55219,78472,124683,64227,0
94758,1080,14265,95838,109023,15345,0
18950,36599,98174,55549,117124,134773,0
77607,70732,81830,148339,159437,152562,1
32923,4376,80175,37299,113098,84551,0
24490,25515,44532,50005,69022,70047,1
29514,1871,34993,31385,64507,36864,0
67561,22211,19961,89772,87522,42172,0
93513,6006,71734,99519,165247,77740,0
87822,92283,64387,180105,152209,156670,1
16736,68713,93918,85449,110654,162631,0
37628,52527,61760,90155,99388,114287,1
69571,80894,81113,150465,150684,162007,1
46049,43929,43376,89978,89425,87305,1
81004,77107,3328,158111,84332,80435,0
93764,24540,64591,118304,158355,89131,0
49674,35630,99624,85304,149298,135254,0
98886,5966,11239,104852,110125,17205,0
1967,45253,26763,47220,28730,72016,0
8389,35622,93957,44011,102346,129579,0
97311,77491,23778,174802,121089,101269,1
54691,86498,58396,141189,113087,144894,1
90957,2899,13932,93856,104889,16831,0
73793,52338,11087,126131,84880,63425,0
55303,43590,35203,98893,90506,78793,1
50230,2283,3394,52513,53624,5677,0
34667,42685,14979,77352,49646,57664,1
94806,20613,83165,115419,177971,103778,1
51273,99793,27171,151066,78444,126964,0
17841,88763,89285,106604,107126,178048,1
86397,17039,21277,103436,107674,38316,0
97720,3398,71006,101118,168726,74404,0
49564,28147,82672,77711,132236,110819,0
12141,12858,55776,24999,67917,68634,0
28881,93230,26170,122111,55051,119400,0
55642,45037,84921,100679,140563,129958,1
59045,59580,95192,118625,154237,154772,1
20703,14045,12967,34748,33670,27012,1
44024,85202,41518,129226,85542,126720,1
56980,41077,50529,98057,107509,91606,1
62953,66813,20101,129766,83054,86914,1
81377,26726,6825,108103,88202,33551,0
43516,75962,66263,119478,109779,142225,1
38786,90931,12517,129717,51303,103448,0
66246,55890,62447,122136,128693,118337,1
27051,69857,68516,96908,95567,138373,1
9929,31658,41546,41587,51475,73204,1
21810,52714,29886,74524,51696,82600,0
57211,43071,97319,100282,154530,140390,1
60699,36654,2731,97353,63430,39385,0
16596,79741,1780,96337,18376,81521,0
17910,3199,96226,21109,114136,99425,0
81448,17140,53649,98588,135097,70789,0
5300,87595,74126,92895,79426,161721,0
58382,44420,95067,102802,153449,139487,1
57364,19483,70713,76847,128077,90196,1
22647,84029,31200,106676,53847,115229,0
83251,23112,39822,106363,123073,62934,0
3933,85462,18784,89395,22717,104246,0
60025,77582,8768,137607,68793,86350,0
35385,14861,90744,50246,126129,105605,0
76543,90455,96162,166998,172705,186617,1
84606,55630,77726,140236,162332,133356,1
13961,81851,22888,95812,36849,104739,0
73463,4544,64489,78007,137952,69033,0
96985,87603,28185,184588,125170,115788,1
50624,15961,17426,66585,68050,33387,0
43762,42629,39553,86391,83315,82182,1
94882,21962,52944,116844,147826,74906,0
98005,69548,37913,167553,135918,107461,1
81269,85119,19307,166388,100576,104426,1
77222,66196,17560,143418,94782,83756,1
40651,8438,8188,49089,48839,16626,0
68185,69662,15633,137847,83818,85295,1
41667,89794,74758,131461,116425,164552,1
43391,56345,22788,99736,66179,79133,1
35203,27447,5559,62650,40762,33006,0
4490,68175,70944,72665,75434,139119,1
50139,68603,52725,118742,102864,121328,1
93725,98625,31112,192350,124837,129737,1
71925,15635,16273,87560,88198,31908,0
73215,24723,30852,97938,104067,55575,0
62281,88894,81467,151175,143748,170361,1
3823,73660,48832,77483,52655,122492,0
41036,74305,85781,115341,126817,160086,1
69809,26494,28560,96303,98369,55054,0
80317,45694,29959,126011,110276,75653,0
40341,2426,71488,42767,111829,73914,0
10880,40248,88356,51128,99236,128604,0
12322,38326,63517,50648,75839,101843,0
97202,91156,23164,188358,120366,114320,1
61092,18607,46795,79699,107887,65402,1
39857,62266,78588,102123,118445,140854,1
2478,76772,84417,79250,86895,161189,0
42814,48882,28308,91696,71122,77190,1
31085,69959,24928,101044,56013,94887,0
28563,41783,93576,70346,122139,135359,0
16227,80812,93849,97039,110076,174661,1
62985,94257,77354,157242,140339,171611,1
68701,57493,6053,126194,74754,63546,0
37113,98678,90191,135791,127304,188869,1
12030,68732,45139,80762,57169,113871,0
70948,50555,13858,121503,84806,64413,0
72929,95693,18310,168622,91239,114003,0
78181,15392,37440,93573,115621,52832,0
93276,81501,45787,174777,139063,127288,1
72418,85632,43897,158050,116315,129529,1
320,54281,31426,54601,31746,85707,0
98319,76799,58754,175118,157073,135553,1
43753,27317,25483,71070,69236,52800,1
39896,1808,87125,41704,127021,88933,0
51495,49852,72989,101347,124484,122841,1
40192,79461,9134,119653,49326,88595,0
92924,5844,27713,98768,120637,33557,0
17562,51192,67183,68754,84745,118375,1
90298,13430,25658,103728,115956,39088,0
59134,24477,84203,83611,143337,108680,0
95595,14094,60069,109689,155664,74163,0
74719,44890,91804,119609,166523,136694,1
5678,34424,90238,40102,95916,124662,0
42138,75546,40416,117684,82554,115962,1
69116,90615,35456,159731,104572,126071,1
99296,43194,60181,142490,159477,103375,1
15373,27242,11119,42615,26492,38361,0
94,87642,23098,87736,23192,110740,0
87087,37731,97288,124818,184375,135019,1
96214,17150,34441,113364,130655,51591,0
92055,37360,58226,129415,150281,95586,1
59795,89732,19127,149527,78922,108859,0
25550,94042,68314,119592,93864,162356,0
59360,60269,59655,119629,119015,119924,1
56305,38874,11604,95179,67909,50478,0
78350,67162,93496,145512,171846,160658,1
55161,94905,81652,150066,136813,176557,1
75250,15847,75793,91097,151043,91640,1
38358,79416,74501,117774,112859,153917,1
67262,62782,95326,130044,162588,158108,1
5407,36976,70117,42383,75524,107093,0
83261,68761,89403,152022,172664,158164,1
59169,58678,27209,117847,86378,85887,1
6790,39032,74829,45822,81619,113861,0
29616,16360,45541,45976,75157,61901,1
77073,10566,69080,87639,146153,79646,1
56713,3171,33148,59884,89861,36319,0
67751,16887,8286,84638,76037,25173,0
22693,13354,99008,36047,121701,112362,0
13947,35467,12960,49414,26907,48427,0
34910,52161,88016,87071,122926,140177,0
88977,12165,18190,101142,107167,30355,0
51881,7607,60580,59488,112461,68187,0
37737,64524,67225,102261,104962,131749,1
342,14694,27338,15036,27680,42032,0
90180,77500,87807,167680,177987,165307,1
88355,25207,85025,113562,173380,110232,1
47055,34292,83348,81347,130403,117640,0
37944,46053,23358,83997,61302,69411,1
95462,7128,39590,102590,135052,46718,0
78857,47623,88765,126480,167622,136388,1
52224,81874,58829,134098,111053,140703,1
11735,54764,97494,66499,109229,152258,0
59635,46030,35013,105665,94648,81043,1
75059,35132,61940,110191,136999,97072,1
66547,59339,20454,125886,87001,79793,1
18727,85094,28161,103821,46888,113255,0
57899,95646,35719,153545,93618,131365,0
12560,223,22539,12783,35099,22762,0
35347,79132,49355,114479,84702,128487,1
31205,95511,16191,126716,47396,111702,0
66207,97916,90783,164123,156990,188699,1
89719,14553,47852,104272,137571,62405,0
45940,92083,4704,138023,50644,96787,0
93184,2759,15274,95943,108458,18033,0
94515,72295,95409,166810,189924,167704,1
10250,79391,69159,89641,79409,148550,1
5821,54642,96008,60463,101829,150650,0
41254,87281,18420,128535,59674,105701,0
42740,20601,38439,63341,81179,59040,1
83212,8343,81136,91555,164348,89479,1
46837,30877,69294,77714,116131,100171,1
58803,27569,30045,86372,88848,57614,0
97345,52855,33448,150200,130793,86303,0
15183,27433,6374,42616,21557,33807,0
48029,15128,63202,63157,111231,78330,0
51541,9895,35271,61436,86812,45166,0
2054,49230,55400,51284,57454,104630,0
48231,41030,8553,89261,56784,49583,1
12023,61336,28996,73359,41019,90332,0
4085,83199,28178,87284,32263,111377,0
39671,57961,4014,97632,43685,61975,0
13096,20964,32934,34060,46030,53898,1
60645,93751,84155,154396,144800,177906,1
15065,3284,24415,18349,39480,27699,0
26635,67840,34703,94475,61338,102543,0
34621,78137,91025,112758,125646,169162,1
49773,50922,75047,100695,124820,125969,1
3529,60738,9634,64267,13163,70372,0
90298,66854,20343,157152,110641,87197,0
16133,13431,10369,29564,26502,23800,1
66471,64548,50911,131019,117382,115459,1
29742,71641,50953,101383,80695,122594,1
80860,91456,84113,172316,164973,175569,1
202,66193,61161,66395,61363,127354,0
74784,39061,53976,113845,128760,93037,1
57000,57184,45817,114184,102817,103001,1
74769,69366,70041,144135,144810,139407,1
76790,45021,31901,121811,108691,76922,1
77995,58954,58652,136949,136647,117606,1
84881,60622,19307,145503,104188,79929,0
89221,77054,26948,166275,116169,104002,1
51768,77970,82746,129738,134514,160716,1
54095,75433,6206,129528,60301,81639,0
62346,47823,78682,110169,141028,126505,1
30248,38309,44548,68557,74796,82857,1
5122,51031,54447,56153,59569,105478,1
36893,96655,74280,133548,111173,170935,1
70232,3674,31946,73906,102178,35620,0
90874,24876,25881,115750,116755,50757,0
86711,30472,91995,117183,178706,122467,1
34412,46087,67684,80499,102096,113771,1
49643,1223,54205,50866,103848,55428,0
78998,38471,56160,117469,135158,94631,1
61916,82600,9193,144516,71109,91793,0
33426,75374,7544,108800,40970,82918,0
51763,67186,12618,118949,64381,79804,0
40370,55956,79003,96326,119373,134959,1
29585,67402,63537,96987,93122,130939,1
87920,89443,67671,177363,155591,157114,1
10654,3874,35032,14528,45686,38906,0
45818,35526,81952,81344,127770,117478,0
50080,12549,29990,62629,80070,42539,0
37621,45426,1437,83047,39058,46863,0
3083,53321,22147,56404,25230,75468,0
25038,86182,67036,111220,92074,153218,1
80934,19546,17890,100480,98824,37436,0
46318,28082,58176,74400,104494,86258,1
49127,47711,77179,96838,126306,124890,1
1212,74029,5107,75241,6319,79136,0
84409,19963,75511,104372,159920,95474,1
56994,22529,9728,79523,66722,32257,0
11840,36468,26758,48308,38598,63226,1
34260,38715,63033,72975,97293,101748,1
78064,39801,19913,117865,97977,59714,0
5978,35010,36438,40988,42416,71448,1
51967,90274,7033,142241,59000,97307,0
35552,5244,62670,40796,98222,67914,0
13557,55754,20084,69311,33641,75838,0
53784,61428,59382,115212,113166,120810,1
81841,56463,10498,138304,92339,66961,0
6070,82859,73355,88929,79425,156214,0
58051,78255,40595,136306,98646,118850,1
77875,94046,25002,171921,102877,119048,1
31790,28040,11169,59830,42959,39209,1
84008,61424,83870,145432,167878,145294,1
28913,98090,52767,127003,81680,150857,0
1438,70601,1263,72039,2701,71864,0
63509,61135,57946,124644,121455,119081,1
82692,17340,20294,100032,102986,37634,0
9097,92253,63787,101350,72884,156040,0
40393,38562,73003,78955,113396,111565,1
9938,29928,153,39866,10091,30081,0
93958,75169,6380,169127,100338,81549,0
34028,94872,94123,128900,128151,188995,1
74199,19465,68968,93664,143167,88433,1
50731,98737,37373,149468,88104,136110,0
36595,90848,50257,127443,86852,141105,0
63145,97969,50206,161114,113351,148175,1
53618,74813,49107,128431,102725,123920,1
30942,30986,44849,61928,75791,75835,1
80455,18563,19709,99018,100164,38272,0
76008,70700,33130,146708,109138,103830,1
74669,15576,9706,90245,84375,25282,0
38869,25995,77103,64864,115972,103098,0
58247,26325,83824,84572,142071,110149,1
13059,59968,20920,73027,33979,80888,0
59397,47624,33571,107021,92968,81195,1
83239,67407,5329,150646,88568,72736,0
29326,59657,80859,88983,110185,140516,1
42642,23529,11979,66171,54621,35508,0
94771,99149,20672,193920,115443,119821,1
75825,19771,73426,95596,149251,93197,1
83168,50564,55625,133732,138793,106189,1
45885,35949,48392,81834,94277,84341,1
64609,33719,43991,98328,108600,77710,1
10962,83267,51820,94229,62782,135087,0
5858,9662,88331,15520,94189,97993,0
13295,53826,1426,67121,14721,55252,0
17345,9423,17589,26768,34934,27012,1
49671,53230,56892,102901,106563,110122,1
41243,34436,73485,75679,114728,107921,1
46285,71756,59851,118041,106136,131607,1
24909,28818,34467,53727,59376,63285,1
63077,50429,90126,113506,153203,140555,1
39551,1043,59351,40594,98902,60394,0
35178,70343,82479,105521,117657,152822,1
26770,97009,67870,123779,94640,164879,0
21983,32405,16682,54388,38665,49087,1
55754,40673,92912,96427,148666,133585,1
31976,29711,56787,61687,88763,86498,1
42514,25626,34245,68140,76759,59871,1
24261,48037,11420,72298,35681,59457,0
49171,28033,33562,77204,82733,61595,1
99623,623,38296,100246,137919,38919,0
28530,80138,15137,108668,43667,95275,0
68324,2214,75771,70538,144095,77985,0
70663,23344,22191,94007,92854,45535,0
16201,81317,96685,97518,112886,178002,1
31955,24650,76458,56605,108413,101108,0
65640,6068,53081,71708,118721,59149,0
63670,14113,7622,77783,71292,21735,0
76385,8264,4278,84649,80663,12542,0
29695,77136,36023,106831,65718,113159,0
11446,95489,66981,106935,78427,162470,0
10465,26073,38371,36538,48836,64444,0
31962,30856,88664,62818,120626,119520,0
31718,95029,7185,126747,38903,102214,0
59769,94093,80915,153862,140684,175008,1
33258,20866,98532,54124,131790,119398,0
18863,4619,83845,23482,102708,88464,0
6926,98474,14957,105400,21883,113431,0
3236,19404,99752,22640,102988,119156,0
44131,18866,50693,62997,94824,69559,1
69411,4709,2225,74120,71636,6934,0
98846,51161,15173,150007,114019,66334,0
38921,55943,48047,94864,86968,103990,1
71394,85646,14118,157040,85512,99764,0
75340,71878,90827,147218,166167,162705,1
63752,10859,76729,74611,140481,87588,0
21173,9104,50822,30277,71995,59926,0
3900,73795,27802,77695,31702,101597,0
39437,10176,40798,49613,80235,50974,1
22702,83851,56532,106553,79234,140383,0
64119,65203,54314,129322,118433,119517,1
66464,55561,20657,122025,87121,76218,1
58632,63445,40230,122077,98862,103675,1
53590,96840,9467,150430,63057,106307,0
43284,47207,531,90491,43815,47738,0
46464,9472,99796,55936,146260,109268,0
32794,33770,95028,66564,127822,128798,0
62658,27697,83841,90355,146499,111538,1
65742,40800,87216,106542,152958,128016,1
90167,4623,85176,94790,175343,89799,0
45937,35387,49276,81324,95213,84663,1
47724,74474,17907,122198,65631,92381,0
74862,13194,293,88056,75155,13487,0
97320,39636,86531,136956,183851,126167,1
117,7825,94574,7942,94691,102399,0
14257,65767,89839,80024,104096,155606,0
48494,4144,2441,52638,50935,6585,0
29848,42840,70340,72688,100188,113180,1
62515,65717,55207,128232,117722,120924,1
84599,79732,2506,164331,87105,82238,0
71960,34409,29146,106369,101106,63555,0
24541,63489,1447,88030,25988,64936,0
72037,67796,85635,139833,157672,153431,1
32234,5111,98704,37345,130938,103815,0
24839,7547,26866,32386,51705,34413,1
98348,76007,33956,174355,132304,109963,1
17543,46064,357,63607,17900,46421,0
62073,49312,62866,111385,124939,112178,1
25391,80265,8338,105656,33729,88603,0
23976,46734,8112,70710,32088,54846,0
78932,36854,64665,115786,143597,101519,1
5398,18109,40281,23507,45679,58390,0
78814,54957,33720,133771,112534,88677,1
4003,71619,13474,75622,17477,85093,0
55443,32439,66149,87882,121592,98588,1
57004,98027,36866,155031,93870,134893,0
47350,98189,31400,145539,78750,129589,0
43828,94697,1265,138525,45093,95962,0
39438,76019,44027,115457,83465,120046,1
103,74663,58078,74766,58181,132741,0
40322,70320,76686,110642,117008,147006,1
82353,42872,43862,125225,126215,86734,1
66004,29991,44591,95995,110595,74582,1
3386,65121,24497,68507,27883,89618,0
7151,63930,60945,71081,68096,124875,1
7773,3283,55610,11056,63383,58893,0
93288,47205,61778,140493,155066,108983,1
76951,39016,48776,115967,125727,87792,1
49895,71403,24552,121298,74447,95955,1
6350,49024,61117,55374,67467,110141,0
12711,83638,21760,96349,34471,105398,0
17702,62505,67718,80207,85420,130223,1
52614,83651,36153,136265,88767,119804,1
64234,84806,43347,149040,107581,128153,1
80340,90254,77585,170594,157925,167839,1
61256,47129,72047,108385,133303,119176,1
35256,96978,92298,132234,127554,189276,1
36487,73802,6858,110289,43345,80660,0
92953,9570,79314,102523,172267,88884,0
64655,43319,48587,107974,113242,91906,1
10312,34569,40358,44881,50670,74927,1
6675,23064,26670,29739,33345,49734,1
98431,36084,10768,134515,109199,46852,0
44448,68271,44166,112719,88614,112437,1
41031,47012,7420,88043,48451,54432,1
31266,3985,34641,35251,65907,38626,1
67838,43032,32266,110870,100104,75298,1
38001,5742,60350,43743,98351,66092,0
76071,8567,21261,84638,97332,29828,0
15396,71317,89366,86713,104762,160683,0
30429,9406,97656,39835,128085,107062,0
35155,89357,40842,124512,75997,130199,0
16118,23652,43407,39770,59525,67059,0
45876,35623,11850,81499,57726,47473,1
17945,94914,61586,112859,79531,156500,0
82631,83779,60548,166410,143179,144327,1
37231,5938,59963,43169,97194,65901,0
79153,17290,46055,96443,125208,63345,0
33380,81074,44177,114454,77557,125251,0
50847,90645,28329,141492,79176,118974,0
49688,44238,13705,93926,63393,57943,1
18567,94310,58461,112877,77028,152771,0
44279,20624,54038,64903,98317,74662,1
6678,91062,55245,97740,61923,146307,0
59070,43779,94145,102849,153215,137924,1
11821,54799,78089,66620,89910,132888,0
15386,74495,42301,89881,57687,116796,0
22984,78313,6793,101297,29777,85106,0
11569,46048,27304,57617,38873,73352,0
86650,52976,22750,139626,109400,75726,0
44751,34097,3697,78848,48448,37794,0
67497,52536,29587,120033,97084,82123,1
95277,18750,11928,114027,107205,30678,0
80812,26033,99106,106845,179918,125139,1
58744,91181,72049,149925,130793,163230,1
65099,1090,77398,66189,142497,78488,0
13052,72140,13257,85192,26309,85397,0
44986,47239,5005,92225,49991,52244,1
49628,9542,58907,59170,108535,68449,1
87645,98462,15171,186107,102816,113633,1
18258,52942,78022,71200,96280,130964,0
6838,62574,45967,69412,52805,108541,0
15178,81006,33697,96184,48875,114703,0
6487,79151,27587,85638,34074,106738,0
85398,65506,85207,150904,170605,150713,1
10311,6656,23567,16967,33878,30223,0
92589,22044,15919,114633,108508,37963,0
2733,43154,49243,45887,51976,92397,0
91332,66929,70635,158261,161967,137564,1
43605,78622,53214,122227,96819,131836,1
42431,21871,39318,64302,81749,61189,1
40801,68142,35689,108943,76490,103831,1
17878,26914,58327,44792,76205,85241,0
25908,77062,32019,102970,57927,109081,0
7880,19394,25890,27274,33770,45284,1
21694,57273,80885,78967,102579,138158,0
47264,10492,97706,57756,144970,108198,0
67990,16953,21276,84943,89266,38229,0
94924,48053,32295,142977,127219,80348,0
49250,51228,12617,100478,61867,63845,1
69757,55312,33668,125069,103425,88980,1
86738,76329,45800,163067,132538,122129,1
49753,36295,51754,86048,101507,88049,1
32841,52520,61229,85361,94070,113749,1
13361,34786,30589,48147,43950,65375,1
23382,81609,34046,104991,57428,115655,0
23260,77617,47555,100877,70815,125172,0
70866,70936,38192,141802,109058,109128,1
96346,55115,16580,151461,112926,71695,0
28966,72672,17243,101638,46209,89915,0
44332,83593,16501,127925,60833,100094,0
13357,216,80959,13573,94316,81175,0
54546,87952,4947,142498,59493,92899,0
3316,89516,34463,92832,37779,123979,0
74710,68898,48751,143608,123461,117649,1
40576,57109,85045,97685,125621,142154,1
89628,49160,54633,138788,144261,103793,1
38141,70787,85847,108928,123988,156634,1
63742,86764,9020,150506,72762,95784,0
50211,89631,49050,139842,99261,138681,1
47942,15832,46321,63774,94263,62153,1
41407,88512,48411,129919,89818,136923,1
68767,18093,97328,86860,166095,115421,0
27007,81686,18355,108693,45362,100041,0
98989,36285,27190,135274,126179,63475,0
88733,16914,72267,105647,161000,89181,1
35933,47627,42297,83560,78230,89924,1
99173,49774,5605,148947,104778,55379,0
82227,98740,80859,180967,163086,179599,1
22203,38795,62483,60998,84686,101278,0
78054,23038,65214,101092,143268,88252,1
37028,59824,24480,96852,61508,84304,1
95351,78344,79250,173695,174601,157594,1
22280,88367,78900,110647,101180,167267,1
93061,42514,12144,135575,105205,54658,0
96272,5743,28205,102015,124477,33948,0
15362,15930,57238,31292,72600,73168,0
9932,14937,54894,24869,64826,69831,0
1554,28692,10584,30246,12138,39276,0
47521,28341,36406,75862,83927,64747,1
32387,79679,17424,112066,49811,97103,0
23956,2295,22678,26251,46634,24973,1
2417,42170,59663,44587,62080,101833,0
67204,85696,86730,152900,153934,172426,1
3178,97495,63035,100673,66213,160530,0
49027,15437,47368,64464,96395,62805,1
81357,35473,14117,116830,95474,49590,0
88692,68604,70873,157296,159565,139477,1
68452,59519,58162,127971,126614,117681,1
79229,86369,835,165598,80064,87204,0
38411,96487,36577,134898,74988,133064,0
80782,15146,48422,95928,129204,63568,0
53634,71746,99505,125380,153139,171251,1
19029,84403,12107,103432,31136,96510,0
27733,48938,77939,76671,105672,126877,0
30731,31831,37432,62562,68163,69263,1
87300,91870,5160,179170,92460,97030,1
29328,47284,37301,76612,66629,84585,1
81737,42921,56958,124658,138695,99879,1
71619,64249,29146,135868,100765,93395,1
77545,18996,61702,96541,139247,80698,1
83716,72715,18824,156431,102540,91539,1
10391,38862,16774,49253,27165,55636,0
68037,10711,67660,78748,135697,78371,1
75205,3283,7024,78488,82229,10307,0
6664,73369,89464,80033,96128,162833,0
70191,73232,79721,143423,149912,152953,1
51969,3798,26524,55767,78493,30322,0
64174,88461,90077,152635,154251,178538,1
48356,19883,56209,68239,104565,76092,1
41053,90630,60749,131683,101802,151379,1
31205,97319,58085,128524,89290,155404,0
54121,62046,86557,116167,140678,148603,1
9221,82302,55350,91523,64571,137652,0
20212,11030,17725,31242,37937,28755,1
63056,85475,60984,148531,124040,146459,1
56813,21726,54398,78539,111211,76124,1
52079,5003,48120,57082,100199,53123,1
21223,94302,46992,115525,68215,141294,0
74975,10045,46025,85020,121000,56070,0
95634,33735,87772,129369,183406,121507,1
98269,42662,47053,140931,145322,89715,0
36269,41467,27312,77736,63581,68779,1
79554,3411,38991,82965,118545,42402,0
45290,97316,88098,142606,133388,185414,1
61170,80223,86967,141393,148137,167190,1
7682,80233,5002,87915,12684,85235,0
34527,11967,95175,46494,129702,107142,0
75176,1318,37804,76494,112980,39122,0
71572,23229,94290,94801,165862,117519,1
67922,27434,62076,95356,129998,89510,1
47129,62893,10924,110022,58053,73817,0
20501,59851,52150,80352,72651,112001,1
37195,36717,76096,73912,113291,112813,0
82695,32522,32486,115217,115181,65008,0
13830,38331,36408,52161,50238,74739,1
36372,57482,61999,93854,98371,119481,1
41870,69490,17980,111360,59850,87470,0
39639,27791,19471,67430,59110,47262,1
13252,19539,81817,32791,95069,101356,0
37847,69204,55902,107051,93749,125106,1
30666,1915,26856,32581,57522,28771,0
85769,92123,76398,177892,162167,168521,1
89531,4808,55661,94339,145192,60469,0
1630,10479,18212,12109,19842,28691,0
70547,38978,12157,109525,82704,51135,0
21012,52198,7348,73210,28360,59546,0
76046,68118,24378,144164,100424,92496,1
96586,55770,1297,152356,97883,57067,0
80330,18748,76366,99078,156696,95114,1
94711,44527,457,139238,95168,44984,0
27944,16602,47856,44546,75800,64458,0
43797,15607,38578,59404,82375,54185,1
47625,68112,58016,115737,105641,126128,1
48393,26209,71972,74602,120365,98181,1
95873,10873,73978,106746,169851,84851,0
32917,6322,57788,39239,90705,64110,0
72851,64592,8050,137443,80901,72642,0
14913,27152,70776,42065,85689,97928,0
38008,88798,23952,126806,61960,112750,0
56233,15400,65688,71633,121921,81088,1
45142,47059,69014,92201,114156,116073,1
90520,10092,86337,100612,176857,96429,1
67624,6125,18989,73749,86613,25114,0
13187,90790,67029,103977,80216,157819,0
60447,87808,21757,148255,82204,109565,0
60889,42541,87291,103430,148180,129832,1
99369,52034,82655,151403,182024,134689,1
67781,56909,32454,124690,100235,89363,1
49904,29801,37800,79705,87704,67601,1
91479,56092,17606,147571,109085,73698,0
63119,24091,93472,87210,156591,117563,0
24695,38747,36372,63442,61067,75119,1
7974,5757,5095,13731,13069,10852,1
6978,96972,66817,103950,73795,163789,0
54836,24788,42622,79624,97458,67410,1
4672,17882,3433,22554,8105,21315,0
78725,60278,28797,139003,107522,89075,1
57670,55734,23954,113404,81624,79688,1
36277,95272,77074,131549,113351,172346,1
28267,98977,51480,127244,79747,150457,0
29864,24801,21931,54665,51795,46732,1
30434,38816,15780,69250,46214,54596,1
22929,90137,34863,113066,57792,125000,0
94330,56677,87993,151007,182323,144670,1
28641,84611,95276,113252,123917,179887,1
95818,84689,87405,180507,183223,172094,1
76503,30271,18014,106774,94517,48285,0
41037,62382,64989,103419,106026,127371,1
54004,58541,99506,112545,153510,158047,1
34724,26275,74340,60999,109064,100615,0
59106,48079,6023,107185,65129,54102,0
65013,78988,5569,144001,70582,84557,0
62875,93738,20351,156613,83226,114089,0
3024,78470,13883,81494,16907,92353,0
24830,32707,33914,57537,58744,66621,1
95637,82770,69235,178407,164872,152005,1
35613,65343,24820,100956,60433,90163,0
88048,98100,22682,186148,110730,120782,1
12347,20216,27908,32563,40255,48124,1
89282,61818,35358,151100,124640,97176,1
44206,52192,58199,96398,102405,110391,1
48334,86789,99836,135123,148170,186625,1
7123,17503,62145,24626,69268,79648,0
49052,79975,18401,129027,67453,98376,0
77793,46697,45786,124490,123579,92483,1
10208,64740,87782,74948,97990,152522,0
63898,94130,56946,158028,120844,151076,1
12230,71836,61849,84066,74079,133685,1
14038,9451,36910,23489,50948,46361,0
14291,98076,3820,112367,18111,101896,0
74638,13497,56383,88135,131021,69880,0
1393,15998,17170,17391,18563,33168,1
51954,21904,91721,73858,143675,113625,0
47408,43758,74577,91166,121985,118335,1
45896,58615,93509,104511,139405,152124,1
98113,10082,5849,108195,103962,15931,0
46300,89682,16331,135982,62631,106013,0
5012,67910,49029,72922,54041,116939,0
47908,26912,87679,74820,135587,114591,0
21213,98318,21024,119531,42237,119342,0
95018,44962,30446,139980,125464,75408,0
9901,88288,6538,98189,16439,94826,0
33975,62472,39624,96447,73599,102096,1
26674,17076,27911,43750,54585,44987,1
23206,97178,26766,120384,49972,123944,0
92557,31884,51849,124441,144406,83733,0
41063,36094,74896,77157,115959,110990,1
52299,4305,51456,56604,103755,55761,1
39072,96166,57765,135238,96837,153931,1
40611,23263,99457,63874,140068,122720,0
59855,28098,2290,87953,62145,30388,0
84864,68970,33309,153834,118173,102279,1
2797,27415,22964,30212,25761,50379,0
90653,82526,31812,173179,122465,114338,1
19164,91505,5215,110669,24379,96720,0
54841,24558,17108,79399,71949,41666,0
80679,70498,21009,151177,101688,91507,1
50931,91112,59725,142043,110656,150837,1
30493,84094,40340,114587,70833,124434,0
98742,70213,503,168955,99245,70716,0
95715,98433,42772,194148,138487,141205,1
84502,12871,14113,97373,98615,26984,0
70329,66339,80392,136668,150721,146731,1
74907,79155,18537,154062,93444,97692,1
24520,88394,25348,112914,49868,113742,0
61410,21376,76192,82786,137602,97568,1
45666,32867,98090,78533,143756,130957,0
3139,3945,87838,7084,90977,91783,0
59550,78933,67434,138483,126984,146367,1
12645,94686,78362,107331,91007,173048,0
10658,42562,93935,53220,104593,136497,0
92011,46404,44018,138415,136029,90422,0
53065,75559,76047,128624,129112,151606,1
41929,69010,90322,110939,132251,159332,1
4012,82445,81986,86457,85998,164431,1
4992,57099,74073,62091,79065,131172,0
80258,61239,50440,141497,130698,111679,1
37376,38277,2408,75653,39784,40685,1
62388,73720,67418,136108,129806,141138,1
61389,29497,71700,90886,133089,101197,1
28083,82025,95106,110108,123189,177131,1
69939,16293,43703,86232,113642,59996,0
47366,79157,82196,126523,129562,161353,1
22906,86702,46260,109608,69166,132962,0
10802,3337,30321,14139,41123,33658,0
56564,43097,28443,99661,85007,71540,1
17864,14855,1007,32719,18871,15862,0
49756,29615,14924,79371,64680,44539,0
44610,45848,86442,90458,131052,132290,1
84708,81092,17450,165800,102158,98542,1
2257,28822,79505,31079,81762,108327,0
25152,66436,53984,91588,79136,120420,1
58776,181,28076,58957,86852,28257,0
58843,36329,48862,95172,107705,85191,1
611,48582,68052,49193,68663,116634,0
98803,83577,38903,182380,137706,122480,1
22174,16293,40010,38467,62184,56303,0
98496,55277,72664,153773,171160,127941,1
50460,53443,2749,103903,53209,56192,0
96783,47220,39702,144003,136485,86922,0
79406,75438,29668,154844,109074,105106,1
16667,28178,37103,44845,53770,65281,1
74788,3592,66745,78380,141533,70337,0
41953,95532,65208,137485,107161,160740,1
19738,1446,43717,21184,63455,45163,0
66853,17623,98992,84476,165845,116615,0
8815,1623,38128,10438,46943,39751,0
24117,49250,97688,73367,121805,146938,0
46935,37810,74281,84745,121216,112091,1
73619,21743,75843,95362,149462,97586,1
95457,1375,88482,96832,183939,89857,0
10144,59855,38809,69999,48953,98664,0
28026,92358,37123,120384,65149,129481,0
36602,2096,65048,38698,101650,67144,0
67762,58522,20991,126284,88753,79513,1
64397,54594,99226,118991,163623,153820,1
84562,63491,10087,148053,94649,73578,0
55173,88677,80200,143850,135373,168877,1
58283,78490,96035,136773,154318,174525,1
67398,64720,29277,132118,96675,93997,1
41662,28213,76568,69875,118230,104781,0
4714,12010,75699,16724,80413,87709,0
19814,26139,43969,45953,63783,70108,1
92905,76196,33806,169101,126711,110002,1
14432,68120,53723,82552,68155,121843,1
7498,94497,7347,101995,14845,101844,0
75513,78598,82210,154111,157723,160808,1
77500,20452,32931,97952,110431,53383,0
38035,52901,6940,90936,44975,59841,0
32607,83439,77510,116046,110117,160949,1
67635,44632,13409,112267,81044,58041,0
84782,41494,60635,126276,145417,102129,1
99648,53182,35398,152830,135046,88580,0
8289,33492,72374,41781,80663,105866,0
57452,19050,94803,76502,152255,113853,0
16115,42428,51863,58543,67978,94291,1
22841,12715,76152,35556,98993,88867,0
20545,27573,14304,48118,34849,41877,1
30733,9090,88883,39823,119616,97973,0
62027,77025,19168,139052,81195,96193,1
76582,1167,94235,77749,170817,95402,0
53933,50968,10248,104901,64181,61216,1
75979,7272,98220,83251,174199,105492,0
4923,33108,28260,38031,33183,61368,1
57114,12162,10130,69276,67244,22292,0
32267,26633,34200,58900,66467,60833,1
92987,74176,4075,167163,97062,78251,0
56293,2752,6364,59045,62657,9116,0
90736,27436,25118,118172,115854,52554,0
2225,23137,63681,25362,65906,86818,0
69293,42723,26024,112016,95317,68747,0
20498,61824,71732,82322,92230,133556,1
25019,49607,25010,74626,50029,74617,1
7191,46587,17157,53778,24348,63744,0
78992,50518,7953,129510,86945,58471,0
81773,62840,53922,144613,135695,116762,1
84322,78223,39363,162545,123685,117586,1
64771,30363,69605,95134,134376,99968,1
85349,36484,93513,121833,178862,129997,1
22880,10393,26016,33273,48896,36409,1
47352,29764,88857,77116,136209,118621,0
91610,68182,21762,159792,113372,89944,0
78920,15634,67596,94554,146516,83230,1
75368,62502,32086,137870,107454,94588,1
97326,69586,35920,166912,133246,105506,1
26036,20429,75720,46465,101756,96149,0
39192,93384,18738,132576,57930,112122,0
21399,90188,55752,111587,77151,145940,0
81590,76070,4161,157660,85751,80231,0
46958,2744,80801,49702,127759,83545,0
31066,59651,86248,90717,117314,145899,1
95129,29197,49325,124326,144454,78522,0
78238,37515,26382,115753,104620,63897,0
3697,83694,66162,87391,69859,149856,0
77237,96175,20233,173412,97470,116408,1
38724,34499,26020,73223,64744,60519,1
16787,99453,87222,116240,104009,186675,1
87439,52501,58611,139940,146050,111112,1
99511,12649,81896,112160,181407,94545,0
75269,4031,80580,79300,155849,84611,0
24248,52894,47263,77142,71511,100157,1
34832,82010,19346,116842,54178,101356,0
20699,45984,78100,66683,98799,124084,0
9646,7459,70160,17105,79806,77619,0
9818,24390,95335,34208,105153,119725,0
98364,81588,97079,179952,195443,178667,1
70587,50877,29743,121464,100330,80620,1
8710,18797,89839,27507,98549,108636,0
12160,56509,46395,68669,58555,102904,1
5616,32061,11608,37677,17224,43669,0
97719,20163,11391,117882,109110,31554,0
87990,24057,20644,112047,108634,44701,0
47162,67995,39252,115157,86414,107247,1
6940,8258,25424,15198,32364,33682,0
1021,10320,60043,11341,61064,70363,0
73215,14237,74367,87452,147582,88604,1
16255,68704,84653,84959,100908,153357,1
97949,10854,72567,108803,170516,83421,0
96854,53676,70756,150530,167610,124432,1
7917,27042,45921,34959,53838,72963,0
1692,65262,85253,66954,86945,150515,0
6032,37767,52250,43799,58282,90017,0
3530,99480,65499,103010,69029,164979,0
16384,5467,98660,21851,115044,104127,0
49066,60196,8802,109262,57868,68998,0
57088,95486,23130,152574,80218,118616,0
62766,43041,49471,105807,112237,92512,1
13061,53615,40552,66676,53613,94167,0
37375,76899,79616,114274,116991,156515,1
32205,22124,11131,54329,43336,33255,1
53458,66889,86384,120347,139842,153273,1
70688,57453,12536,128141,83224,69989,0
61766,7724,45329,69490,107095,53053,0
3784,84245,15585,88029,19369,99830,0
27405,53368,74416,80773,101821,127784,1
31362,35999,63795,67361,95157,99794,1
49262,11742,72528,61004,121790,84270,0
5487,87057,37807,92544,43294,124864,0
94204,6118,96181,100322,190385,102299,1
77033,49513,86162,126546,163195,135675,1
92743,48881,64502,141624,157245,113383,1
74343,79415,14969,153758,89312,94384,1
60318,63955,58420,124273,118738,122375,1
97190,64797,39333,161987,136523,104130,1
66239,30482,40781,96721,107020,71263,1
41086,9156,95960,50242,137046,105116,0
51277,66168,31272,117445,82549,97440,1
87718,97761,21416,185479,109134,119177,1
76639,9738,95250,86377,171889,104988,0
5395,53053,24031,58448,29426,77084,0
34546,52146,82035,86692,116581,134181,1
5703,81848,92611,87551,98314,174459,0
86829,15959,26214,102788,113043,42173,0
72092,73269,39782,145361,111874,113051,1
90057,17271,87759,107328,177816,105030,1
50135,71271,71544,121406,121679,142815,1
23256,59029,27919,82285,51175,86948,0
66817,63047,24424,129864,91241,87471,1
51216,88615,92565,139831,143781,181180,1
7465,17510,21545,24975,29010,39055,1
40936,19475,7913,60411,48849,27388,0
11231,75531,38122,86762,49353,113653,0
90654,80527,55875,171181,146529,136402,1
8599,71510,84941,80109,93540,156451,0
39140,10685,21755,49825,60895,32440,0
38060,78314,94087,116374,132147,172401,1
75624,41641,47659,117265,123283,89300,1
53794,19667,22985,73461,76779,42652,0
57267,1430,81595,58697,138862,83025,0
25898,37741,76408,63639,102306,114149,0
11068,50574,43592,61642,54660,94166,1
76229,25336,77376,101565,153605,102712,1
98358,72056,60849,170414,159207,132905,1
80160,79689,17,159849,80177,79706,0
99803,4199,64392,104002,164195,68591,0
58187,25761,18330,83948,76517,44091,0
98538,42549,56827,141087,155365,99376,1
61040,28159,69364,89199,130404,97523,1
65745,55145,43498,120890,109243,98643,1
29944,1777,56890,31721,86834,58667,0
67146,5494,95085,72640,162231,100579,0
15219,13423,27590,28642,42809,41013,1
81476,63918,59286,145394,140762,123204,1
67949,10523,3559,78472,71508,14082,0
23241,7573,24786,30814,48027,32359,1
58502,72100,36734,130602,95236,108834,1
44236,17633,50177,61869,94413,67810,1
43852,70837,15242,114689,59094,86079,0
16743,48381,33707,65124,50450,82088,1
21597,6152,54040,27749,75637,60192,0
1428,12649,95063,14077,96491,107712,0
81386,22008,20326,103394,101712,42334,0
33211,98177,47550,131388,80761,145727,0
80627,55571,21199,136198,101826,76770,0
40350,73452,3968,113802,44318,77420,0
41361,1885,59800,43246,101161,61685,0
63442,24624,19151,88066,82593,43775,0
58138,63901,79645,122039,137783,143546,1
11201,36217,3018,47418,14219,39235,0
4061,73832,9675,77893,13736,83507,0
61300,44950,45463,106250,106763,90413,1
86795,58690,32769,145485,119564,91459,1
44849,30796,3548,75645,48397,34344,0
99572,7991,69086,107563,168658,77077,0
61794,56765,47332,118559,109126,104097,1
75940,35618,92505,111558,168445,128123,1
38870,13244,36343,52114,75213,49587,1
43606,88216,67053,131822,110659,155269,1
54328,26330,38311,80658,92639,64641,1
12748,22253,8805,35001,21553,31058,0
49278,21116,81707,70394,130985,102823,0
17661,89178,45462,106839,63123,134640,0
56451,29965,72859,86416,129310,102824,1
6688,77343,85226,84031,91914,162569,0
24646,91751,36721,116397,61367,128472,0
78421,52576,87427,130997,165848,140003,1
6992,57510,67514,64502,74506,125024,0
3641,16464,26856,20105,30497,43320,0
42369,40469,39583,82838,81952,80052,1
4665,99005,40740,103670,45405,139745,0
99168,2997,962,102165,100130,3959,0
69954,48093,29814,118047,99768,77907,1
32857,32962,41630,65819,74487,74592,1
40294,22103,8478,62397,48772,30581,0
88853,50063,65241,138916,154094,115304,1
54038,36128,72850,90166,126888,108978,1
59942,98057,22441,157999,82383,120498,0
31395,51916,29801,83311,61196,81717,1
11856,94921,50920,106777,62776,145841,0
81547,20302,23181,101849,104728,43483,0
83248,13082,47110,96330,130358,60192,0
37550,91430,47706,128980,85256,139136,0
94240,69838,3235,164078,97475,73073,0
37735,10448,7730,48183,45465,18178,0
67998,66877,91396,134875,159394,158273,1
18788,77934,1151,96722,19939,79085,0
24530,75468,29699,99998,54229,105167,0
26636,46857,8887,73493,35523,55744,0
52813,96082,33849,148895,86662,129931,0
37022,8298,61279,45320,98301,69577,0
67213,85148,47741,152361,114954,132889,1
22580,90388,95055,112968,117635,185443,1
24339,71663,6014,96002,30353,77677,0
9697,70990,51603,80687,61300,122593,0
73037,96095,28921,169132,101958,125016,1
78728,49604,60757,128332,139485,110361,1
39002,20343,71815,59345,110817,92158,0
83329,55493,45904,138822,129233,101397,1
19177,42063,95231,61240,114408,137294,0
43958,18359,59259,62317,103217,77618,1
18250,4502,42429,22752,60679,46931,0
89672,96647,5282,186319,94954,101929,0
84970,7559,75908,92529,160878,83467,0
72764,64406,94521,137170,167285,158927,1
41290,73928,97898,115218,139188,171826,1
93124,25433,67847,118557,160971,93280,1
43741,13764,53366,57505,97107,67130,1
13208,79591,22967,92799,36175,102558,0
9726,63382,71228,73108,80954,134610,1
21101,95365,89272,116466,110373,184637,1
71058,41492,46234,112550,117292,87726,1
64023,81303,11005,145326,75028,92308,0
70416,51804,47165,122220,117581,98969,1
1315,74727,80576,76042,81891,155303,0
34619,11350,75510,45969,110129,86860,0
18998,38139,69560,57137,88558,107699,0
22527,24958,52660,47485,75187,77618,0
36250,47040,12735,83290,48985,59775,1
71140,73745,22378,144885,93518,96123,1
95945,31693,24113,127638,120058,55806,0
4757,57948,34740,62705,39497,92688,0
92043,52350,96612,144393,188655,148962,1
6751,44933,53863,51684,60614,98796,0
73651,93259,97422,166910,171073,190681,1
51722,12181,49464,63903,101186,61645,1
43273,73,46104,43346,89377,46177,0
99349,29967,5028,129316,104377,34995,0
35115,74499,80956,109614,116071,155455,1
70786,4155,6598,74941,77384,10753,0
56993,8802,19721,65795,76714,28523,0
63556,35621,24974,99177,88530,60595,0
25192,10962,31689,36154,56881,42651,1
80296,63908,26975,144204,107271,90883,1
26879,60886,36416,87765,63295,97302,1
22931,60394,87290,83325,110221,147684,0
67682,30791,74168,98473,141850,104959,1
85670,47471,51158,133141,136828,98629,1
55914,84292,61650,140206,117564,145942,1
37574,15022,34854,52596,72428,49876,1
18511,82926,43,101437,18554,82969,0
1801,53535,78659,55336,80460,132194,0
68615,57274,91361,125889,159976,148635,1
89772,8777,32771,98549,122543,41548,0
32646,28006,88198,60652,120844,116204,0
47206,80411,18036,127617,65242,98447,0
7632,68261,58509,75893,66141,126770,0
3476,20797,18178,24273,21654,38975,1
87797,28585,59252,116382,147049,87837,1
29509,30502,71330,60011,100839,101832,0
11741,76542,33911,88283,45652,110453,0
60348,73987,7500,134335,67848,81487,0
9482,29438,54547,38920,64029,83985,0
54704,53485,20710,108189,75414,74195,1
47970,80605,25834,128575,73804,106439,0
68854,47868,85834,116722,154688,133702,1
65116,28886,93807,94002,158923,122693,1
66150,33693,84621,99843,150771,118314,1
89418,95593,8507,185011,97925,104100,1
38533,46453,87298,84986,125831,133751,0
37628,24638,67862,62266,105490,92500,0
10265,38167,42002,48432,52267,80169,1
20268,12691,45823,32959,66091,58514,0
65654,56392,58248,122046,123902,114640,1
41314,40784,81005,82098,122319,121789,1
15497,72678,23707,88175,39204,96385,0
59217,93740,18660,152957,77877,112400,0
51351,82190,44970,133541,96321,127160,1
65692,52382,12548,118074,78240,64930,0
3633,98581,45909,102214,49542,144490,0
26688,73442,98075,100130,124763,171517,1
91435,76913,26830,168348,118265,103743,1
90179,81228,40390,171407,130569,121618,1
81190,2841,21276,84031,102466,24117,0
9223,86755,32931,95978,42154,119686,0
62618,38755,71838,101373,134456,110593,1
90192,94749,62695,184941,152887,157444,1
32219,37375,49811,69594,82030,87186,1
25838,51166,25510,77004,51348,76676,1
50051,51858,30062,101909,80113,81920,1
75227,46715,66227,121942,141454,112942,1
47319,84939,89198,132258,136517,174137,1
5683,26868,91332,32551,97015,118200,0
97312,5529,23310,102841,120622,28839,0
65217,43946,9611,109163,74828,53557,0
14570,15825,9944,30395,24514,25769,1
3193,1994,10754,5187,13947,12748,0
27132,92864,98689,119996,125821,191553,1
42479,15860,34596,58339,77075,50456,1
86654,58558,81972,145212,168626,140530,1
17832,66315,24984,84147,42816,91299,0
28110,68529,63018,96639,91128,131547,1
72805,15586,1337,88391,74142,16923,0
84342,91774,99880,176116,184222,191654,1
50100,92787,39231,142887,89331,132018,0
62082,48711,22756,110793,84838,71467,1
79158,28526,41348,107684,120506,69874,0
91472,76067,87065,167539,178537,163132,1
83130,84500,53382,167630,136512,137882,1
56298,38760,15689,95058,71987,54449,0
10182,5499,49909,15681,60091,55408,0
61871,91087,53649,152958,115520,144736,1
4595,53991,16132,58586,20727,70123,0
90652,63341,66594,153993,157246,129935,1
77308,36447,71234,113755,148542,107681,1
40491,97160,76294,137651,116785,173454,1
88996,35415,34050,124411,123046,69465,0
53773,68647,90348,122420,144121,158995,1
37405,66420,69855,103825,107260,136275,1
81846,71512,85874,153358,167720,157386,1
80485,97353,34549,177838,115034,131902,1
24955,36508,49905,61463,74860,86413,1
74255,26881,30954,101136,105209,57835,0
23381,68519,27651,91900,51032,96170,0
39696,46019,61046,85715,100742,107065,1
39190,58405,33106,97595,72296,91511,1
91300,97388,84760,188688,176060,182148,1
94790,76484,48470,171274,143260,124954,1
94299,55558,93683,149857,187982,149241,1
56952,10471,52948,67423,109900,63419,1
11349,2773,65750,14122,77099,68523,0
25628,65972,81270,91600,106898,147242,1
97838,32227,22700,130065,120538,54927,0
10034,49598,75356,59632,85390,124954,0
78963,36774,43263,115737,122226,80037,1
34958,74299,75013,109257,109971,149312,1
65948,30087,14249,96035,80197,44336,0
88765,68751,55669,157516,144434,124420,1
86366,65389,94336,151755,180702,159725,1
18162,31650,61348,49812,79510,92998,0
41249,42818,56927,84067,98176,99745,1
70117,9625,81707,79742,151824,91332,0
27505,9476,43305,36981,70810,52781,0
42871,11106,81147,53977,124018,92253,0
94462,40373,44553,134835,139015,84926,0
70015,91598,47807,161613,117822,139405,1
90388,88755,66952,179143,157340,155707,1
83615,40334,70486,123949,154101,110820,1
24652,57427,77715,82079,102367,135142,1
91104,17776,50654,108880,141758,68430,0
31343,90622,6583,121965,37926,97205,0
92584,22094,6429,114678,99013,28523,0
80279,95153,21768,175432,102047,116921,1
61603,9941,78658,71544,140261,88599,0
10626,86230,71536,96856,82162,157766,0
2728,67060,72415,69788,75143,139475,0
40885,42807,12361,83692,53246,55168,1
52662,98604,86466,151266,139128,185070,1
9397,64072,92267,73469,101664,156339,0
79677,61915,4888,141592,84565,66803,0
66814,92008,70780,158822,137594,162788,1
3131,25802,85853,28933,88984,111655,0
5952,68380,97428,74332,103380,165808,0
9938,66720,36683,76658,46621,103403,0
56929,45493,9703,102422,66632,55196,0
77580,52215,82605,129795,160185,134820,1
9542,57612,77617,67154,87159,135229,0
92509,28540,95178,121049,187687,123718,1
19150,64847,29712,83997,48862,94559,0
83149,34985,56340,118134,139489,91325,1
36161,80765,36677,116926,72838,117442,0
9570,65657,39352,75227,48922,105009,0
55267,80763,2480,136030,57747,83243,0
37039,30194,58900,67233,95939,89094,1
99897,96110,41698,196007,141595,137808,1
31383,60077,77339,91460,108722,137416,1
18241,73359,97086,91600,115327,170445,0
20538,100,43674,20638,64212,43774,0
47837,23047,41946,70884,89783,64993,1
85767,58260,27493,144027,113260,85753,0
52289,72802,5423,125091,57712,78225,0
34118,57399,88759,91517,122877,146158,1
56839,91178,12601,148017,69440,103779,0
97469,68458,73967,165927,171436,142425,1
66005,22280,59095,88285,125100,81375,1
42913,63819,10730,106732,53643,74549,0
9027,14604,50257,23631,59284,64861,0
72827,15442,17500,88269,90327,32942,0
83835,9226,67522,93061,151357,76748,0
11833,9039,33045,20872,44878,42084,0
7110,65916,71011,73026,78121,136927,1
4376,2819,39210,7195,43586,42029,0
27916,75576,78420,103492,106336,153996,1
67430,51273,95719,118703,163149,146992,1
47966,77066,4666,125032,52632,81732,0
50632,59235,40296,109867,90928,99531,1
42865,99127,39674,141992,82539,138801,0
94372,53719,68047,148091,162419,121766,1
39323,1613,55567,40936,94890,57180,0
70403,45928,7111,116331,77514,53039,0
71872,43285,11612,115157,83484,54897,0
31554,29279,47480,60833,79034,76759,1
94123,29225,83060,123348,177183,112285,1
63937,85576,29546,149513,93483,115122,1
65033,20206,63532,85239,128565,83738,1
6325,28409,75962,34734,82287,104371,0
65580,50387,20202,115967,85782,70589,1
76354,60862,665,137216,77019,61527,0
77791,54586,50269,132377,128060,104855,1
34453,38117,25249,72570,59702,63366,1
87923,12522,2994,100445,90917,15516,0
85145,14503,3611,99648,88756,18114,0
99391,89703,50912,189094,150303,140615,1
51717,6979,8629,58696,60346,15608,0
21514,82425,66416,103939,87930,148841,1
75581,3754,62752,79335,138333,66506,0
38482,48752,67398,87234,105880,116150,1
76212,38754,67577,114966,143789,106331,1
96304,26836,81123,123140,177427,107959,1
59344,4117,46603,63461,105947,50720,0
28273,65991,55568,94264,83841,121559,1
29153,42879,69906,72032,99059,112785,1
81208,46550,91083,127758,172291,137633,1
41095,80459,24135,121554,65230,104594,0
27429,69490,13192,96919,40621,82682,0
57903,20662,65043,78565,122946,85705,1
28440,6641,91358,35081,119798,97999,0
86080,12783,48021,98863,134101,60804,0
77727,59156,18823,136883,96550,77979,1
20956,64196,84013,85152,104969,148209,1
50852,54367,69424,105219,120276,123791,1
34688,61895,51324,96583,86012,113219,1
7888,12498,54165,20386,62053,66663,0
26916,61880,60974,88796,87890,122854,1
56153,82841,27406,138994,83559,110247,1
38558,48782,27779,87340,66337,76561,1
54105,78741,3922,132846,58027,82663,0
50130,6681,30732,56811,80862,37413,0
65432,81599,32478,147031,97910,114077,1
2576,29689,28155,32265,30731,57844,1
33346,859,86743,34205,120089,87602,0
6564,85389,38190,91953,44754,123579,0
35430,31782,6660,67212,42090,38442,1
44308,40553,75940,84861,120248,116493,1
60864,83508,97660,144372,158524,181168,1
80842,95242,93954,176084,174796,189196,1
83570,75778,10102,159348,93672,85880,1
21694,14672,52407,36366,74101,67079,0
39211,95760,81382,134971,120593,177142,1
81404,76982,29312,158386,110716,106294,1
81448,48002,17210,129450,98658,65212,0
46570,35988,61716,82558,108286,97704,1
47192,12339,59561,59531,106753,71900,0
39717,60705,32807,100422,72524,93512,1
80310,42424,93369,122734,173679,135793,1
62937,86159,93577,149096,156514,179736,1
24794,83344,45198,108138,69992,128542,0
16327,92261,10569,108588,26896,102830,0
80566,42110,27003,122676,107569,69113,0
81453,346,53811,81799,135264,54157,0
7316,96545,72354,103861,79670,168899,0
84225,68966,5878,153191,90103,74844,0
52237,1056,69070,53293,121307,70126,0
5533,44852,96363,50385,101896,141215,0
29885,11935,74132,41820,104017,86067,0
72623,73700,78040,146323,150663,151740,1
65597,34704,32944,100301,98541,67648,1
47575,79512,30897,127087,78472,110409,0
10962,12931,71114,23893,82076,84045,0
90402,61569,79576,151971,169978,141145,1
26270,1871,49861,28141,76131,51732,0
25214,9272,97047,34486,122261,106319,0
72270,39339,67527,111609,139797,106866,1
33331,125,40731,33456,74062,40856,0
8700,9325,70656,18025,79356,79981,0
8820,29015,66245,37835,75065,95260,0
29067,91904,57181,120971,86248,149085,0
73084,53055,5130,126139,78214,58185,0
37440,27008,96651,64448,134091,123659,0
39764,42364,35620,82128,75384,77984,1
76793,98130,53467,174923,130260,151597,1
52740,55970,39261,108710,92001,95231,1
385,71870,16880,72255,17265,88750,0
89104,59977,70983,149081,160087,130960,1
44137,84924,40152,129061,84289,125076,0
21917,28207,31141,50124,53058,59348,1
51619,16885,55350,68504,106969,72235,1
33274,42132,84003,75406,117277,126135,0
97005,5463,72667,102468,169672,78130,0
28205,64871,23488,93076,51693,88359,0
30021,74318,9406,104339,39427,83724,0
68074,37091,11391,105165,79465,48482,0
1986,67748,4131,69734,6117,71879,0
79648,59013,54460,138661,134108,113473,1
78783,77644,71120,156427,149903,148764,1
32602,44206,90664,76808,123266,134870,0
54040,24793,58995,78833,113035,83788,1
75105,69062,81109,144167,156214,150171,1
79315,11381,30164,90696,109479,41545,0
78893,19221,73675,98114,152568,92896,1
363,33094,74392,33457,74755,107486,0
61887,77558,71355,139445,133242,148913,1
48594,67938,73776,116532,122370,141714,1
9208,86163,32265,95371,41473,118428,0
77736,86396,74460,164132,152196,160856,1
960,50901,28745,51861,29705,79646,0
67470,78589,56394,146059,123864,134983,1
38206,20363,60429,58569,98635,80792,0
84232,72374,36777,156606,121009,109151,1
81539,25347,60283,106886,141822,85630,1
90964,80345,26485,171309,117449,106830,1
43244,18797,90543,62041,133787,109340,0
72965,54380,68133,127345,141098,122513,1
99430,33090,21155,132520,120585,54245,0
41211,5374,7006,46585,48217,12380,0
61693,98990,29209,160683,90902,128199,0
63859,49783,95792,113642,159651,145575,1
77038,71054,89077,148092,166115,160131,1
60313,13090,86381,73403,146694,99471,0
11954,24979,35981,36933,47935,60960,1
64334,35401,10964,99735,75298,46365,0
15388,10303,71063,25691,86451,81366,0
78227,86726,45814,164953,124041,132540,1
55958,74534,29161,130492,85119,103695,1
55989,56613,43387,112602,99376,100000,1
89701,61955,90097,151656,179798,152052,1
89012,35669,17614,124681,106626,53283,0
65542,63119,25268,128661,90810,88387,1
76191,45863,15380,122054,91571,61243,0
33371,5950,25805,39321,59176,31755,0
10951,42634,27730,53585,38681,70364,0
15833,82614,9557,98447,25390,92171,0
251,38363,76191,38614,76442,114554,0
17861,63906,87045,81767,104906,150951,0
88580,51737,46392,140317,134972,98129,1
6246,24186,11492,30432,17738,35678,0
17151,1888,58478,19039,75629,60366,0
22798,86031,43230,108829,66028,129261,0
60195,44452,12937,104647,73132,57389,0
27433,77309,56067,104742,83500,133376,1
3587,56047,81027,59634,84614,137074,0
15340,69261,42269,84601,57609,111530,0
27159,87012,84019,114171,111178,171031,1
16353,35812,9128,52165,25481,44940,0
98469,77546,81616,176015,180085,159162,1
75245,11739,23698,86984,98943,35437,0
75122,83950,30025,159072,105147,113975,1
93471,57727,39709,151198,133180,97436,1
42241,36545,56257,78786,98498,92802,1
49556,34501,78074,84057,127630,112575,1
64560,47481,9991,112041,74551,57472,0
23965,21144,16139,45109,40104,37283,1
21839,70788,11174,92627,33013,81962,0
38920,85653,34457,124573,73377,120110,0
14470,25478,86619,39948,101089,112097,0
40025,98170,83474,138195,123499,181644,1
71771,6840,88059,78611,159830,94899,0
88877,49678,52944,138555,141821,102622,1
80098,75529,54571,155627,134669,130100,1
28262,1288,91624,29550,119886,92912,0
79719,76610,79238,156329,158957,155848,1
24224,16457,82552,40681,106776,99009,0
23448,75354,80023,98802,103471,155377,1
61773,9028,46160,70801,107933,55188,0
81097,322,88512,81419,169609,88834,0
77636,20072,60515,97708,138151,80587,1
32611,1098,10089,33709,42700,11187,0
93159,44924,25736,138083,118895,70660,0
89758,90485,75966,180243,165724,166451,1
79954,1572,25697,81526,105651,27269,0
86310,31029,66399,117339,152709,97428,1
31650,15346,71552,46996,103202,86898,0
39487,56737,73669,96224,113156,130406,1
97180,72446,65474,169626,162654,137920,1
5694,14265,28706,19959,34400,42971,0
19175,57637,68265,76812,87440,125902,1
73943,21977,62756,95920,136699,84733,1
65857,76785,74501,142642,140358,151286,1
77566,15351,29295,92917,106861,44646,0
96380,17292,87794,113672,184174,105086,1
98589,70423,55981,169012,154570,126404,1
75174,53199,23340,128373,98514,76539,1
8912,39251,16892,48163,25804,56143,0
21603,89984,31643,111587,53246,121627,0
97605,47069,41792,144674,139397,88861,0
48678,98769,73015,147447,121693,171784,1
50148,25125,35475,75273,85623,60600,1
70905,51639,70972,122544,141877,122611,1
93423,30632,81133,124055,174556,111765,1
97629,54944,24116,152573,121745,79060,0
45837,23289,23625,69126,69462,46914,1
94222,47069,33502,141291,127724,80571,0
83099,15807,29124,98906,112223,44931,0
99132,74944,80848,174076,179980,155792,1
23572,19500,48664,43072,72236,68164,0
41989,3966,73838,45955,115827,77804,0
91284,26157,83601,117441,174885,109758,1
60403,53443,47592,113846,107995,101035,1
16656,29032,7937,45688,24593,36969,0
71470,44059,51002,115529,122472,95061,1
58261,71582,76998,129843,135259,148580,1
45462,26560,63031,72022,108493,89591,1
13784,76730,66743,90514,80527,143473,1
80087,89175,35298,169262,115385,124473,1
61822,99081,68993,160903,130815,168074,1
64155,75863,41837,140018,105992,117700,1
16250,9269,81395,25519,97645,90664,0
74970,27382,76430,102352,151400,103812,1
96171,38662,13245,134833,109416,51907,0
31242,53661,43621,84903,74863,97282,1
13869,38802,13904,52671,27773,52706,0
38302,80781,88516,119083,126818,169297,1
75559,36952,66770,112511,142329,103722,1
99636,49186,82242,148822,181878,131428,1
95234,78448,20605,173682,115839,99053,1
12702,16976,12115,29678,24817,29091,1
17678,83546,6131,101224,23809,89677,0
66092,70845,85881,136937,151973,156726,1
1443,37346,10438,38789,11881,47784,0
4255,81583,25034,85838,29289,106617,0
8542,67464,7122,76006,15664,74586,0
14535,58942,58530,73477,73065,117472,1
71992,95951,5404,167943,77396,101355,0
49894,49034,85919,98928,135813,134953,1
12961,71899,90055,84860,103016,161954,0
83007,73899,74923,156906,157930,148822,1
44612,12447,62859,57059,107471,75306,0
35328,61889,61178,97217,96506,123067,1
45374,51897,21406,97271,66780,73303,1
87522,16376,58324,103898,145846,74700,0
86986,19530,53690,106516,140676,73220,0
73118,74795,72319,147913,145437,147114,1
98417,68464,9774,166881,108191,78238,0
49963,60053,26467,110016,76430,86520,1
20194,28808,21351,49002,41545,50159,1
59388,83403,87982,142791,147370,171385,1
7050,45331,18012,52381,25062,63343,0
63445,25428,58480,88873,121925,83908,1
82144,45063,11588,127207,93732,56651,0
96420,54031,57422,150451,153842,111453,1
54968,94499,61932,149467,116900,156431,1
35508,8625,26183,44133,61691,34808,0
16750,90794,32460,107544,49210,123254,0
36468,74972,44177,111440,80645,119149,1
40243,2183,98708,42426,138951,100891,0
86525,15490,56281,102015,142806,71771,0
60695,28729,3283,89424,63978,32012,0
86581,16558,51000,103139,137581,67558,0
7315,95947,85012,103262,92327,180959,0
74450,72722,51378,147172,125828,124100,1
4499,24501,96388,29000,100887,120889,0
67022,7477,88932,74499,155954,96409,0
17018,5925,21165,22943,38183,27090,1
12150,9374,32606,21524,44756,41980,0
88953,1892,86591,90845,175544,88483,0
65321,60388,26743,125709,92064,87131,1
79213,89805,16930,169018,96143,106735,1
81463,17741,48457,99204,129920,66198,0
5574,10526,4887,16100,10461,15413,0
36626,62642,17036,99268,53662,79678,0
64284,97854,95645,162138,159929,193499,1
26927,58755,266,85682,27193,59021,0
9010,21379,86545,30389,95555,107924,0
70176,72492,56787,142668,126963,129279,1
45135,7416,66344,52551,111479,73760,0
52858,58841,2733,111699,55591,61574,0
56848,93668,46359,150516,103207,140027,1
96565,27957,73957,124522,170522,101914,1
42214,62396,58139,104610,100353,120535,1
43942,81384,27792,125326,71734,109176,0
99156,66825,47002,165981,146158,113827,1
51067,83910,10611,134977,61678,94521,0
71910,74507,30603,146417,102513,105110,1
62465,46955,91098,109420,153563,138053,1
40105,51415,58321,91520,98426,109736,1
27792,18096,51550,45888,79342,69646,0
76053,8848,86995,84901,163048,95843,0
13316,77961,2315,91277,15631,80276,0
48013,21629,47838,69642,95851,69467,1
18362,1922,45839,20284,64201,47761,0
42966,92844,88851,135810,131817,181695,1
3823,39711,36696,43534,40519,76407,1
42501,74168,3978,116669,46479,78146,0
19099,85002,99703,104101,118802,184705,1
40658,2406,60292,43064,100950,62698,0
64954,87355,83938,152309,148892,171293,1
27072,82363,59227,109435,86299,141590,1
30014,9417,10433,39431,40447,19850,0
33003,28233,66341,61236,99344,94574,0
23024,41586,8161,64610,31185,49747,0
74935,49686,51861,124621,126796,101547,1
17278,99001,59611,116279,76889,158612,0
86420,26168,36040,112588,122460,62208,0
91122,69606,25679,160728,116801,95285,1
99297,39461,39032,138758,138329,78493,0
68371,78095,47314,146466,115685,125409,1
5406,91720,46177,97126,51583,137897,0
97230,31786,81938,129016,179168,113724,1
36912,23260,86213,60172,123125,109473,0
67066,88006,18125,155072,85191,106131,0
76733,14232,16548,90965,93281,30780,0
17438,91841,99247,109279,116685,191088,1
11208,80108,41901,91316,53109,122009,0
83094,9006,5470,92100,88564,14476,0
36289,10934,71221,47223,107510,82155,0
61903,42002,19624,103905,81527,61626,0
83537,36866,74384,120403,157921,111250,1
76961,52915,12292,129876,89253,65207,0
20203,21553,89515,41756,109718,111068,0
78709,20786,3328,99495,82037,24114,0
78489,90318,94621,168807,173110,184939,1
59709,5207,44899,64916,104608,50106,0
94625,13463,61490,108088,156115,74953,0
65799,90146,86410,155945,152209,176556,1
56376,82591,44143,138967,100519,126734,1
92007,91402,87594,183409,179601,178996,1
68961,26309,18778,95270,87739,45087,0
16078,31937,89215,48015,105293,121152,0
50010,40674,13303,90684,63313,53977,1
6176,43281,57839,49457,64015,101120,0
70233,60593,23501,130826,93734,84094,1
45872,54670,99148,100542,145020,153818,1
96253,19344,83811,115597,180064,103155,1
63318,7714,47828,71032,111146,55542,0
66573,72551,11155,139124,77728,83706,1
63170,91935,18501,155105,81671,110436,0
42318,43384,14494,85702,56812,57878,1
91360,908,98040,92268,189400,98948,0
98615,18433,19882,117048,118497,38315,0
40636,48330,86977,88966,127613,135307,1
37698,11166,70483,48864,108181,81649,0
22845,31387,53422,54232,76267,84809,1
17846,69368,80730,87214,98576,150098,1
53619,70607,80472,124226,134091,151079,1
57538,10732,62,68270,57600,10794,0
40542,89797,43926,130339,84468,133723,0
14384,39358,56156,53742,70540,95514,0
73065,6686,51134,79751,124199,57820,0
65129,27004,44114,92133,109243,71118,1
89655,45772,34215,135427,123870,79987,0
67643,83718,14354,151361,81997,98072,0
52897,40771,34038,93668,86935,74809,1
13568,78371,36601,91939,50169,114972,0
63100,19027,17303,82127,80403,36330,0
71433,91537,14449,162970,85882,105986,0
64143,35593,40363,99736,104506,75956,1
69997,23359,58681,93356,128678,82040,1
19569,58340,65194,77909,84763,123534,1
93324,37133,71277,130457,164601,108410,1
6388,49667,75459,56055,81847,125126,0
56675,93377,67757,150052,124432,161134,1
55766,79146,60868,134912,116634,140014,1
8877,38672,43541,47549,52418,82213,1
54916,8627,22637,63543,77553,31264,0
43384,9505,16553,52889,59937,26058,0
42574,69735,39004,112309,81578,108739,1
82218,11486,48525,93704,130743,60011,0
32989,36986,13007,69975,45996,49993,1
97755,93900,30021,191655,127776,123921,1
99620,87625,73298,187245,172918,160923,1
24053,14649,814,38702,24867,15463,0
62798,66365,99919,129163,162717,166284,1
61298,29794,89603,91092,150901,119397,1
18028,36535,94722,54563,112750,131257,0
15601,94565,39118,110166,54719,133683,0
61715,94529,52974,156244,114689,147503,1
14573,51811,34334,66384,48907,86145,0
57059,9043,78370,66102,135429,87413,0
86381,76821,44099,163202,130480,120920,1
89435,99985,7704,189420,97139,107689,0
83700,24028,93093,107728,176793,117121,1
8332,92264,50308,100596,58640,142572,0
14293,86971,32471,101264,46764,119442,0
23233,22390,85768,45623,109001,108158,0
33438,90821,53070,124259,86508,143891,0
87210,2448,99865,89658,187075,102313,0
95706,49079,80268,144785,175974,129347,1
1358,85880,78555,87238,79913,164435,0
10253,50762,68456,61015,78709,119218,0
86617,5565,85979,92182,172596,91544,1
42285,29728,41293,72013,83578,71021,1
72911,8108,70462,81019,143373,78570,1
44911,33539,65984,78450,110895,99523,1
45169,2688,440,47857,45609,3128,0
13103,59470,82740,72573,95843,142210,0
86556,2225,42179,88781,128735,44404,0
31319,32034,41734,63353,73053,73768,1
13678,94869,43790,108547,57468,138659,0
67611,33284,76658,100895,144269,109942,1
78538,67769,94865,146307,173403,162634,1
42506,28919,22373,71425,64879,51292,1
40066,60667,7476,100733,47542,68143,0
12057,61401,92016,73458,104073,153417,0
18037,68383,7504,86420,25541,75887,0
83307,81196,55693,164503,139000,136889,1
51459,45190,41286,96649,92745,86476,1
60297,41945,59612,102242,119909,101557,1
39777,34046,2903,73823,42680,36949,0
2338,81363,32351,83701,34689,113714,0
88505,82311,36854,170816,125359,119165,1
77727,99969,22520,177696,100247,122489,1
86221,94648,20596,180869,106817,115244,1
37874,76434,70564,114308,108438,146998,1
73041,9351,40358,82392,113399,49709,0
45661,3373,42667,49034,88328,46040,1
7741,70140,57458,77881,65199,127598,0
53921,78620,42876,132541,96797,121496,1
53459,63000,5857,116459,59316,68857,0
7156,73199,50084,80355,57240,123283,0
73349,65908,13615,139257,86964,79523,1
12987,77270,30900,90257,43887,108170,0
2431,79707,59666,82138,62097,139373,0
23217,94047,71765,117264,94982,165812,1
27368,71555,25792,98923,53160,97347,0
27203,22191,94561,49394,121764,116752,0
39290,48118,29786,87408,69076,77904,1
80380,56414,72598,136794,152978,129012,1
98602,30661,32721,129263,131323,63382,0
6799,28501,25500,35300,32299,54001,1
94366,28562,9793,122928,104159,38355,0
69674,51798,17349,121472,87023,69147,0
94315,5652,82984,99967,177299,88636,0
71583,61868,20315,133451,91898,82183,1
19254,5505,61788,24759,81042,67293,0
14394,60659,63932,75053,78326,124591,1
16812,56561,28271,73373,45083,84832,0
96386,17700,48350,114086,144736,66050,0
30045,70268,77454,100313,107499,147722,1
15559,18380,49108,33939,64667,67488,0
84775,67784,63189,152559,147964,130973,1
39997,60229,64030,100226,104027,124259,1
56883,8716,30438,65599,87321,39154,0
29301,19759,48896,49060,78197,68655,1
19354,76351,91900,95705,111254,168251,1
78502,64856,79540,143358,158042,144396,1
20062,87469,27352,107531,47414,114821,0
70730,39261,19452,109991,90182,58713,0
23702,30657,91039,54359,114741,121696,0
32958,78000,66042,110958,99000,144042,1
61643,724,41879,62367,103522,42603,0
2371,36903,84480,39274,86851,121383,0
51582,38518,4345,90100,55927,42863,0
63654,89126,25399,152780,89053,114525,0
28623,42588,66471,71211,95094,109059,1
19264,75001,57988,94265,77252,132989,1
40226,19447,36610,59673,76836,56057,1
12429,74749,30933,87178,43362,105682,0
22696,84211,15761,106907,38457,99972,0
30506,31753,64435,62259,94941,96188,0
51200,3185,29529,54385,80729,32714,0
46997,61636,72904,108633,119901,134540,1
6275,1920,18150,8195,24425,20070,0
95257,78220,90906,173477,186163,169126,1
68942,83081,68421,152023,137363,151502,1
9439,34151,61655,43590,71094,95806,0
7870,20086,36425,27956,44295,56511,0
61315,91919,57641,153234,118956,149560,1
11521,10791,90,22312,11611,10881,0
59072,35539,50631,94611,109703,86170,1
56765,58185,54336,114950,111101,112521,1
12739,79500,86676,92239,99415,166176,1
46917,35407,9316,82324,56233,44723,0
49145,48339,5589,97484,54734,53928,1
37267,48544,77065,85811,114332,125609,1
99482,93136,69471,192618,168953,162607,1
35156,78585,36493,113741,71649,115078,0
70472,50298,49978,120770,120450,100276,1
2899,87363,48454,90262,51353,135817,0
35418,27208,44597,62626,80015,71805,1
31082,14502,39595,45584,70677,54097,1
82473,96121,8236,178594,90709,104357,0
74835,20513,57187,95348,132022,77700,1
77603,91831,41540,169434,119143,133371,1
89818,41440,28224,131258,118042,69664,0
18585,80744,59866,99329,78451,140610,0
16765,58151,79210,74916,95975,137361,0
32902,98518,76280,131420,109182,174798,1
10647,8851,6895,19498,17542,15746,1
65345,28749,50572,94094,115917,79321,1
76214,78169,82194,154383,158408,160363,1
34540,29965,23820,64505,58360,53785,1
60218,39494,90340,99712,150558,129834,1
77203,79278,54412,156481,131615,133690,1
42899,60236,40702,103135,83601,100938,1
65041,10084,2188,75125,67229,12272,0
69502,68586,59366,138088,128868,127952,1
8981,69363,88689,78344,97670,158052,0
37081,15992,59156,53073,96237,75148,0
2838,7028,59317,9866,62155,66345,0
34121,65732,68301,99853,102422,134033,1
87414,24987,36692,112401,124106,61679,0
72934,69180,37249,142114,110183,106429,1
3459,19108,30760,22567,34219,49868,0
43249,58726,17038,101975,60287,75764,1
70636,92297,71824,162933,142460,164121,1
51458,70168,97453,121626,148911,167621,1
29555,40091,99340,69646,128895,139431,0
29733,2159,92261,31892,121994,94420,0
39325,56064,9187,95389,48512,65251,0
45339,43964,20974,89303,66313,64938,1
37768,98801,18187,136569,55955,116988,0
3899,54795,3936,58694,7835,58731,0
89226,27825,37089,117051,126315,64914,0
76643,86256,24408,162899,101051,110664,1
70735,59905,55456,130640,126191,115361,1
8882,14642,23781,23524,32663,38423,0
6434,34310,15745,40744,22179,50055,0
55499,43279,66709,98778,122208,109988,1
83074,1222,75686,84296,158760,76908,0
15786,56266,51564,72052,67350,107830,1
56293,40415,81291,96708,137584,121706,1
82068,54839,96890,136907,178958,151729,1
50218,48712,26615,98930,76833,75327,1
62395,18649,39893,81044,102288,58542,0
10319,95475,97555,105794,107874,193030,1
63309,67445,5344,130754,68653,72789,1
54983,74436,44973,129419,99956,119409,1
9747,14453,25725,24200,35472,40178,0
36369,7273,26914,43642,63283,34187,0
16005,848,73484,16853,89489,74332,0
63554,61550,51813,125104,115367,113363,1
7958,62012,16672,69970,24630,78684,0
64699,3252,16201,67951,80900,19453,0
62764,63277,83424,126041,146188,146701,1
49476,82948,6530,132424,56006,89478,0
21834,93713,2588,115547,24422,96301,0
37883,69152,93904,107035,131787,163056,1
9096,31794,9616,40890,18712,41410,0
52394,84134,21378,136528,73772,105512,0
28409,59649,49339,88058,77748,108988,1
80599,88499,15557,169098,96156,104056,1
72296,52076,41240,124372,113536,93316,1
89815,85789,40798,175604,130613,126587,1
61672,65167,38101,126839,99773,103268,1
35219,91609,61272,126828,96491,152881,1
50014,80296,80588,130310,130602,160884,1
95185,85171,46804,180356,141989,131975,1
7137,81202,78790,88339,85927,159992,1
84938,79893,72233,164831,157171,152126,1
57241,66461,82695,123702,139936,149156,1
69020,60428,35058,129448,104078,95486,1
19244,32632,14206,51876,33450,46838,1
90686,89772,92482,180458,183168,182254,1
10956,96724,10424,107680,21380,107148,0
83249,94452,51329,177701,134578,145781,1
64478,40688,51933,105166,116411,92621,1
7729,54703,64791,62432,72520,119494,0
69342,24381,52766,93723,122108,77147,1
46964,68564,70232,115528,117196,138796,1
6509,7100,11100,13609,17609,18200,1
69766,39774,68464,109540,138230,108238,1
96671,66830,21420,163501,118091,88250,0
66785,83189,70746,149974,137531,153935,1
92026,901,91999,92927,184025,92900,1
6108,80985,84982,87093,91090,165967,1
62505,7522,83486,70027,145991,91008,0
50544,13988,16364,64532,66908,30352,0
92601,69274,56685,161875,149286,125959,1
90421,11183,2640,101604,93061,13823,0
92246,76185,70204,168431,162450,146389,1
20525,60114,62956,80639,83481,123070,1
43309,40329,54481,83638,97790,94810,1
67267,84539,45649,151806,112916,130188,1
73617,70093,17968,143710,91585,88061,1
71478,28784,76522,100262,148000,105306,1
78804,10770,27024,89574,105828,37794,0
58670,34173,44976,92843,103646,79149,1
94236,34728,89054,128964,183290,123782,1
46348,12824,99473,59172,145821,112297,0
46746,26218,90000,72964,136746,116218,0
92655,53566,4360,146221,97015,57926,0
63775,20904,82063,84679,145838,102967,1
13097,72262,6927,85359,20024,79189,0
16975,36838,49108,53813,66083,85946,1
90486,8990,24783,99476,115269,33773,0
51067,1810,46816,52877,97883,48626,0
16473,68685,1731,85158,18204,70416,0
82475,99159,48866,181634,131341,148025,1
17207,36130,33003,53337,50210,69133,1
14042,98526,58340,112568,72382,156866,0
34781,37604,15710,72385,50491,53314,1
65271,23594,8879,88865,74150,32473,0
61644,60136,74799,121780,136443,134935,1
99522,42571,87301,142093,186823,129872,1
77774,8569,53704,86343,131478,62273,0
73745,46205,417,119950,74162,46622,0
58138,68595,5230,126733,63368,73825,0
30123,99485,80156,129608,110279,179641,1
15534,80159,15435,95693,30969,95594,0
15510,54271,47580,69781,63090,101851,1
55343,17836,41157,73179,96500,58993,1
25793,53843,18793,79636,44586,72636,0
2991,21859,21930,24850,24921,43789,1
4966,1254,26565,6220,31531,27819,0
26841,32868,8573,59709,35414,41441,1
32884,49746,90600,82630,123484,140346,0
46428,47216,13074,93644,59502,60290,1
72019,82783,7588,154802,79607,90371,0
54502,17766,42858,72268,97360,60624,1
35879,98779,1362,134658,37241,100141,0
86527,97640,15426,184167,101953,113066,1
5754,91082,19564,96836,25318,110646,0
54889,3149,62893,58038,117782,66042,0
55948,79314,83434,135262,139382,162748,1
64818,6180,95118,70998,159936,101298,0
28169,24198,10810,52367,38979,35008,1
96823,24871,94970,121694,191793,119841,1
25848,16257,66814,42105,92662,83071,0
67071,62157,90893,129228,157964,153050,1
15312,45245,63103,60557,78415,108348,0
51556,33067,22367,84623,73923,55434,1
66222,86436,8120,152658,74342,94556,0
27462,71693,50348,99155,77810,122041,1
18544,73869,77632,92413,96176,151501,1
50216,4609,70009,54825,120225,74618,0
99747,68775,30761,168522,130508,99536,0
61061,77491,14656,138552,75717,92147,0
63426,94972,75957,158398,139383,170929,1
98926,85211,69489,184137,168415,154700,1
86634,57831,40286,144465,126920,98117,1
46683,87063,40989,133746,87672,128052,1
49904,90750,25084,140654,74988,115834,0
2773,67782,20631,70555,23404,88413,0
85818,73267,95534,159085,181352,168801,1
46239,53909,52173,100148,98412,106082,1
26705,65276,87378,91981,114083,152654,1
29996,16475,1267,46471,31263,17742,0
35258,5737,49242,40995,84500,54979,0
60878,31939,80647,92817,141525,112586,1
44797,24344,94165,69141,138962,118509,0
22605,17315,18557,39920,41162,35872,1
46542,2240,72585,48782,119127,74825,0
12999,58272,10425,71271,23424,68697,0
84822,9429,15072,94251,99894,24501,0
18195,3466,47366,21661,65561,50832,0
95461,70285,92911,165746,188372,163196,1
21871,63340,64559,85211,86430,127899,1
72105,10798,73762,82903,145867,84560,1
43871,65303,90146,109174,134017,155449,1
6460,37117,49845,43577,56305,86962,0
97583,67403,30267,164986,127850,97670,1
2408,73007,40778,75415,43186,113785,0
48321,3678,63945,51999,112266,67623,0
65986,88269,27602,154255,93588,115871,1
87546,27583,31074,115129,118620,58657,0
6227,42527,48754,48754,54981,91281,0
39355,30884,35038,70239,74393,65922,1
43565,76931,853,120496,44418,77784,0
8007,84171,11670,92178,19677,95841,0
46645,91470,18100,138115,64745,109570,0
37043,37606,19433,74649,56476,57039,1
29572,26819,11077,56391,40649,37896,1
61554,5111,22400,66665,83954,27511,0
51507,58534,88155,110041,139662,146689,1
17288,24402,41030,41690,58318,65432,1
92693,29403,15916,122096,108609,45319,0
92213,81283,93095,173496,185308,174378,1
44913,34407,88464,79320,133377,122871,0
45454,43263,23811,88717,69265,67074,1
29848,70910,72493,100758,102341,143403,1
75665,7849,63910,83514,139575,71759,0
83896,63839,40534,147735,124430,104373,1
17094,68366,88645,85460,105739,157011,0
45491,35619,50577,81110,96068,86196,1
99371,90207,51849,189578,151220,142056,1
39992,58086,54937,98078,94929,113023,1
71558,32826,33213,104384,104771,66039,0
85860,36171,12724,122031,98584,48895,0
67105,75792,17292,142897,84397,93084,1
91441,29972,1013,121413,92454,30985,0
56317,44354,517,100671,56834,44871,0
70299,66754,19203,137053,89502,85957,1
79772,79665,58010,159437,137782,137675,1
82100,24514,50524,106614,132624,75038,0
92303,62886,35297,155189,127600,98183,1
35614,78332,99536,113946,135150,177868,1
81504,54228,20883,135732,102387,75111,0
19351,94339,14856,113690,34207,109195,0
25861,6247,49644,32108,75505,55891,0
66797,56981,53028,123778,119825,110009,1
72148,29027,11971,101175,84119,40998,0
79595,90017,51141,169612,130736,141158,1
44176,28582,80882,72758,125058,109464,0
72905,74569,47879,147474,120784,122448,1
51079,88658,79980,139737,131059,168638,1
40129,36258,67476,76387,107605,103734,1
13602,38344,57811,51946,71413,96155,0
96188,24827,16095,121015,112283,40922,0
49433,21674,94348,71107,143781,116022,0
5423,52140,78440,57563,83863,130580,0
38069,59530,16558,97599,54627,76088,0
43913,3049,2458,46962,46371,5507,0
26014,25299,47703,51313,73717,73002,1
69253,19415,44925,88668,114178,64340,0
7808,90372,19578,98180,27386,109950,0
56837,38627,65576,95464,122413,104203,1
93250,30099,73354,123349,166604,103453,1
88424,22698,62068,111122,150492,84766,0
15478,41825,56003,57303,71481,97828,1
89963,17178,46462,107141,136425,63640,0
2335,37597,94596,39932,96931,132193,0
50029,87312,2407,137341,52436,89719,0
5602,22906,82448,28508,88050,105354,0
78868,1506,99928,80374,178796,101434,0
1411,74415,73941,75826,75352,148356,1
3530,7361,16485,10891,20015,23846,0
21783,20299,18550,42082,40333,38849,1
70079,56334,55074,126413,125153,111408,1
43480,88290,3643,131770,47123,91933,0
52037,98250,81281,150287,133318,179531,1
51736,40348,38041,92084,89777,78389,1
36746,11700,51923,48446,88669,63623,0
56462,96396,34659,152858,91121,131055,0
45912,48013,19121,93925,65033,67134,1
75106,3519,77120,78625,152226,80639,1
24546,54699,48586,79245,73132,103285,1
71362,11409,29062,82771,100424,40471,0
55687,74064,28542,129751,84229,102606,1
55094,97907,74889,153001,129983,172796,1
21401,27115,22493,48516,43894,49608,1
75507,14089,32935,89596,108442,47024,0
79426,60522,26772,139948,106198,87294,1
6052,75450,902,81502,6954,76352,0
55914,11452,39877,67366,95791,51329,0
61193,26716,24895,87909,86088,51611,0
34178,74762,43070,108940,77248,117832,1
90397,46103,48362,136500,138759,94465,1
46350,27613,3604,73963,49954,31217,0
10291,17333,38947,27624,49238,56280,0
52680,76687,60205,129367,112885,136892,1
33066,88912,86542,121978,119608,175454,1
15476,8482,45681,23958,61157,54163,0
74559,4101,84415,78660,158974,88516,0
49678,16237,29853,65915,79531,46090,0
37900,3134,3378,41034,41278,6512,0
17662,75200,550,92862,18212,75750,0
23981,92872,3249,116853,27230,96121,0
29736,15780,68623,45516,98359,84403,0
19929,79442,6693,99371,26622,86135,0
81811,89516,23092,171327,104903,112608,1
98132,96309,17759,194441,115891,114068,1
86591,4848,35749,91439,122340,40597,0
33205,65166,84005,98371,117210,149171,1
91055,14697,96727,105752,187782,111424,1
68634,73173,38344,141807,106978,111517,1
34484,63153,73081,97637,107565,136234,1
86362,50660,13043,137022,99405,63703,0
4039,53865,17574,57904,21613,71439,0
30257,2214,22972,32471,53229,25186,0
36086,58510,47215,94596,83301,105725,1
56139,33705,19803,89844,75942,53508,0
69837,36699,53238,106536,123075,89937,1
9253,70904,92963,80157,102216,163867,0
46605,50172,94684,96777,141289,144856,1
3872,3992,35595,7864,39467,39587,0
81266,30573,88140,111839,169406,118713,1
65037,5063,83545,70100,148582,88608,0
27444,73822,68441,101266,95885,142263,1
30333,26319,88089,56652,118422,114408,0
75902,1259,79577,77161,155479,80836,0
43366,79602,79331,122968,122697,158933,1
3939,30371,56921,34310,60860,87292,0
32136,24407,67101,56543,99237,91508,0
65165,35768,59147,100933,124312,94915,1
84070,2762,92902,86832,176972,95664,0
98347,69686,87114,168033,185461,156800,1
68606,59866,83000,128472,151606,142866,1
87743,84217,875,171960,88618,85092,0
82778,62317,51103,145095,133881,113420,1
11900,60765,32199,72665,44099,92964,0
5758,42779,82619,48537,88377,125398,0
62180,98815,42274,160995,104454,141089,1
60641,67970,71448,128611,132089,139418,1
14049,61893,89277,75942,103326,151170,0
47372,5236,57067,52608,104439,62303,0
11886,50135,7630,62021,19516,57765,0
83383,61633,57042,145016,140425,118675,1
54093,83510,95411,137603,149504,178921,1
49184,44682,89014,93866,138198,133696,1
67458,20127,20277,87585,87735,40404,0
1819,37892,9486,39711,11305,47378,0
71512,62490,7884,134002,79396,70374,0
71017,80982,4232,151999,75249,85214,0
7981,59128,54721,67109,62702,113849,1
99359,72212,19530,171571,118889,91742,0
97169,37945,91995,135114,189164,129940,1
20046,177,93942,20223,113988,94119,0
90157,22497,4506,112654,94663,27003,0
21208,16789,42682,37997,63890,59471,0
95911,68351,99151,164262,195062,167502,1
93888,30845,26265,124733,120153,57110,0
31077,97972,73143,129049,104220,171115,1
11569,92468,26833,104037,38402,119301,0
21743,78428,4957,100171,26700,83385,0
99285,47089,82277,146374,181562,129366,1
26076,45766,38941,71842,65017,84707,1
22683,61886,40221,84569,62904,102107,1
16846,98660,97616,115506,114462,196276,1
19313,35470,47398,54783,66711,82868,1
25245,24129,93555,49374,118800,117684,0
92225,93548,40386,185773,132611,133934,1
31863,38864,96591,70727,128454,135455,0
32879,65661,51881,98540,84760,117542,1
25678,99891,3609,125569,29287,103500,0
25512,59777,16899,85289,42411,76676,0
18085,68331,52533,86416,70618,120864,1
36720,38400,90859,75120,127579,129259,0
90189,63199,31663,153388,121852,94862,1
81834,59179,76511,141013,158345,135690,1
70435,34764,70085,105199,140520,104849,1
4535,2501,98324,7036,102859,100825,0
4418,84582,92018,89000,96436,176600,0
38433,5834,64237,44267,102670,70071,0
87235,82140,47317,169375,134552,129457,1
59692,85535,16480,145227,76172,102015,0
66483,51206,91558,117689,158041,142764,1
77336,54376,44969,131712,122305,99345,1
46534,29927,4865,76461,51399,34792,0
16952,6168,41125,23120,58077,47293,0
80531,36336,10857,116867,91388,47193,0
91544,11745,8912,103289,100456,20657,0
27186,30485,17068,57671,44254,47553,1
19574,27427,69840,47001,89414,97267,0
90493,55463,67545,145956,158038,123008,1
60014,61395,50774,121409,110788,112169,1
85146,4585,62270,89731,147416,66855,0
41351,5886,69212,47237,110563,75098,0
14688,76645,4855,91333,19543,81500,0
218,60705,20891,60923,21109,81596,0
84787,99479,92426,184266,177213,191905,1
10598,33704,19747,44302,30345,53451,0
44498,69685,48084,114183,92582,117769,1
34773,21052,36184,55825,70957,57236,1
50970,6231,97616,57201,148586,103847,0
82968,25671,65990,108639,148958,91661,1
41405,27579,63178,68984,104583,90757,1
53126,7656,45746,60782,98872,53402,1
10607,7941,95807,18548,106414,103748,0
85815,74188,27181,160003,112996,101369,1
43198,81679,79784,124877,122982,161463,1
53465,99345,97604,152810,151069,196949,1
89054,18846,1177,107900,90231,20023,0
67937,42016,20073,109953,88010,62089,0
88967,97490,38898,186457,127865,136388,1
76878,1856,29205,78734,106083,31061,0
15502,86128,19909,101630,35411,106037,0
4247,37482,2887,41729,7134,40369,0
38677,91274,57321,129951,95998,148595,1
445,21242,83093,21687,83538,104335,0
57249,58396,11935,115645,69184,70331,1
72247,77728,38842,149975,111089,116570,1
52736,78438,1005,131174,53741,79443,0
19754,26033,50185,45787,69939,76218,0
62325,1122,79274,63447,141599,80396,0
16791,30723,758,47514,17549,31481,0
65211,95163,12790,160374,78001,107953,0
52618,83108,57948,135726,110566,141056,1
7155,88541,67657,95696,74812,156198,0
23760,97217,77011,120977,100771,174228,1
52526,68508,62452,121034,114978,130960,1
72837,53602,87350,126439,160187,140952,1
32896,59472,88046,92368,120942,147518,1
69353,78941,42008,148294,111361,120949,1
63713,94684,44609,158397,108322,139293,1
24745,76936,39802,101681,64547,116738,0
73295,74431,61137,147726,134432,135568,1
75456,77418,22582,152874,98038,100000,1
36600,52692,94442,89292,131042,147134,0
29629,88956,65769,118585,95398,154725,1
71113,83347,21604,154460,92717,104951,1
6139,89936,19051,96075,25190,108987,0
57809,72931,54274,130740,112083,127205,1
92209,5415,75279,97624,167488,80694,0
34906,74174,4580,109080,39486,78754,0
93253,22591,89312,115844,182565,111903,1
39710,28424,63575,68134,103285,91999,1
81694,77120,90687,158814,172381,167807,1
99942,77192,90220,177134,190162,167412,1
64977,61540,62558,126517,127535,124098,1
60740,6535,99220,67275,159960,105755,0
73496,8710,68295,82206,141791,77005,1
16616,92774,25993,109390,42609,118767,0
31282,75231,63947,106513,95229,139178,1
5266,56405,42461,61671,47727,98866,0
69183,79230,59936,148413,129119,139166,1
45641,37971,96709,83612,142350,134680,0
28702,41659,54986,70361,83688,96645,1
94957,51312,90506,146269,185463,141818,1
46317,48568,3259,94885,49576,51827,1
90118,38684,11753,128802,101871,50437,0
30279,14594,73203,44873,103482,87797,0
96249,57741,34371,153990,130620,92112,0
53992,81972,42850,135964,96842,124822,1
10836,13787,70269,24623,81105,84056,0
31309,55718,66724,87027,98033,122442,1
89709,61866,66602,151575,156311,128468,1
62958,27409,26532,90367,89490,53941,0
55296,32074,66585,87370,121881,98659,1
82943,21054,66628,103997,149571,87682,1
4710,91756,38998,96466,43708,130754,0
98229,67749,2458,165978,100687,70207,0
20096,28490,91505,48586,111601,119995,0
18268,99566,33345,117834,51613,132911,0
8231,3173,29659,11404,37890,32832,0
12913,97150,27536,110063,40449,124686,0
68187,71547,8640,139734,76827,80187,1
88035,58535,65779,146570,153814,124314,1
42615,20369,60744,62984,103359,81113,1
14800,51548,91393,66348,106193,142941,0
98949,27938,25607,126887,124556,53545,0
63409,75281,29084,138690,92493,104365,1
650,99475,59273,100125,59923,158748,0
40303,66039,36367,106342,76670,102406,1
43753,3934,89893,47687,133646,93827,0
12465,62247,74701,74712,87166,136948,1
98989,57099,12704,156088,111693,69803,0
68586,80340,742,148926,69328,81082,0
84285,80175,75174,164460,159459,155349,1
50553,70525,53656,121078,104209,124181,1
62691,50440,40199,113131,102890,90639,1
40128,9272,6990,49400,47118,16262,0
84807,47752,84070,132559,168877,131822,1
72355,90216,19940,162571,92295,110156,1
84242,80446,82856,164688,167098,163302,1
35904,21493,96509,57397,132413,118002,0
199,59457,40451,59656,40650,99908,0
43885,40201,14600,84086,58485,54801,1
94147,49775,70508,143922,164655,120283,1
21738,9973,77844,31711,99582,87817,0
6749,56372,58036,63121,64785,114408,1
67607,48212,2106,115819,69713,50318,0
98432,18441,49456,116873,147888,67897,0
34394,83487,68971,117881,103365,152458,1
29322,81840,42102,111162,71424,123942,0
96882,47532,27801,144414,124683,75333,0
93802,53822,14346,147624,108148,68168,0
89256,5083,28334,94339,117590,33417,0
49278,48663,42700,97941,91978,91363,1
88019,5942,21360,93961,109379,27302,0
38655,3553,3009,42208,41664,6562,0
39220,94609,4630,133829,43850,99239,0
3419,47269,23550,50688,26969,70819,0
52877,56170,95653,109047,148530,151823,1
93195,39558,91139,132753,184334,130697,1
95676,75897,54057,171573,149733,129954,1
25087,74062,18194,99149,43281,92256,0
64989,45120,77579,110109,142568,122699,1
21422,90507,96089,111929,117511,186596,1
36394,58630,46389,95024,82783,105019,1
36761,3545,41897,40306,78658,45442,0
44203,25846,72513,70049,116716,98359,0
28956,50978,57843,79934,86799,108821,1
71592,373,1271,71965,72863,1644,0
39069,7701,6204,46770,45273,13905,0
56579,99424,32519,156003,89098,131943,0
19630,97584,89169,117214,108799,186753,1
65744,24502,79783,90246,145527,104285,1
50035,28490,64286,78525,114321,92776,1
88702,2727,47478,91429,136180,50205,0
30833,20497,54815,51330,85648,75312,0
51795,97887,39284,149682,91079,137171,0
43902,9566,15019,53468,58921,24585,0
85171,15585,56182,100756,141353,71767,0
63960,17956,86868,81916,150828,104824,0
6920,80287,64573,87207,71493,144860,0
14702,49482,95487,64184,110189,144969,0
48833,58752,48056,107585,96889,106808,1
11606,48315,57259,59921,68865,105574,1
165,16026,76843,16191,77008,92869,0
30984,47674,99037,78658,130021,146711,0
58316,77997,72459,136313,130775,150456,1
44861,66380,20159,111241,65020,86539,0
52451,30249,6486,82700,58937,36735,0
59318,42632,99939,101950,159257,142571,1
4068,87633,98573,91701,102641,186206,0
21900,27528,26726,49428,48626,54254,1
49410,77859,85067,127269,134477,162926,1
51134,44614,11429,95748,62563,56043,1
94556,58743,71009,153299,165565,129752,1
30071,45139,18075,75210,48146,63214,1
26048,23293,47821,49341,73869,71114,1
43589,33060,13874,76649,57463,46934,1
20627,20187,61108,40814,81735,81295,0
28460,72859,29344,101319,57804,102203,0
26417,11578,57486,37995,83903,69064,0
82681,89197,28709,171878,111390,117906,1
30874,41785,83671,72659,114545,125456,0
91878,22742,21017,114620,112895,43759,0
20540,93829,45782,114369,66322,139611,0
81604,9599,82747,91203,164351,92346,1
67296,88448,95583,155744,162879,184031,1
69640,6889,41901,76529,111541,48790,0
15936,66159,77589,82095,93525,143748,1
51929,69661,49894,121590,101823,119555,1
10063,79853,63841,89916,73904,143694,0
22054,39032,25770,61086,47824,64802,1
10880,66698,58796,77578,69676,125494,1
74583,58922,38180,133505,112763,97102,1
30757,65143,81064,95900,111821,146207,1
36324,37780,15244,74104,51568,53024,1
80766,25929,49558,106695,130324,75487,0
29556,19093,91089,48649,120645,110182,0
26932,51211,23477,78143,50409,74688,0
26643,45386,84075,72029,110718,129461,0
23615,83668,51164,107283,74779,134832,0
59491,69283,47570,128774,107061,116853,1
93478,90495,77770,183973,171248,168265,1
30283,93682,28294,123965,58577,121976,0
78023,32573,42642,110596,120665,75215,0
47765,99909,96594,147674,144359,196503,1
50986,82674,79228,133660,130214,161902,1
72514,40311,89207,112825,161721,129518,1
35754,21818,24725,57572,60479,46543,1
6606,98672,64419,105278,71025,163091,0
23201,39396,81904,62597,105105,121300,0
79216,46460,24587,125676,103803,71047,0
84485,42272,74167,126757,158652,116439,1
44893,22447,5659,67340,50552,28106,0
86878,64893,16309,151771,103187,81202,0
5931,13619,19783,19550,25714,33402,0
9817,18218,4298,28035,14115,22516,0
29605,30479,34986,60084,64591,65465,1
95184,83281,55234,178465,150418,138515,1
43837,38319,1604,82156,45441,39923,0
83986,4503,38937,88489,122923,43440,0
47753,57257,72460,105010,120213,129717,1
41691,40551,16439,82242,58130,56990,1
25658,68603,14804,94261,40462,83407,0
52474,3817,14406,56291,66880,18223,0
30676,22444,81474,53120,112150,103918,0
7316,7213,8200,14529,15516,15413,1
84769,9932,36647,94701,121416,46579,0
29901,83713,46372,113614,76273,130085,0
93171,59683,26597,152854,119768,86280,0
40940,6960,8828,47900,49768,15788,0
69258,10895,45523,80153,114781,56418,0
15874,59996,30744,75870,46618,90740,0
15324,75703,24221,91027,39545,99924,0
66233,25801,13957,92034,80190,39758,0
26403,38646,6839,65049,33242,45485,0
96734,74222,61641,170956,158375,135863,1
61837,51506,3606,113343,65443,55112,0
79270,73438,2218,152708,81488,75656,0
247,21795,68444,22042,68691,90239,0
86025,80745,32182,166770,118207,112927,1
27228,96638,16020,123866,43248,112658,0
2420,15271,39960,17691,42380,55231,0
92519,61969,72309,154488,164828,134278,1
45879,6774,24711,52653,70590,31485,0
71097,24797,26169,95894,97266,50966,0
44554,20834,35470,65388,80024,56304,1
13822,75249,71558,89071,85380,146807,1
78357,46960,93710,125317,172067,140670,1
8857,79008,71214,87865,80071,150222,1
82977,5694,6884,88671,89861,12578,0
23336,5119,57278,28455,80614,62397,0
68070,57350,34314,125420,102384,91664,1
91842,30636,20050,122478,111892,50686,0
33228,68428,39590,101656,72818,108018,1
49013,53135,82315,102148,131328,135450,1
87483,58623,49225,146106,136708,107848,1
41524,7935,9791,49459,51315,17726,0
61877,51285,46491,113162,108368,97776,1
20426,80884,51070,101310,71496,131954,0
23182,3448,87181,26630,110363,90629,0
99874,59085,61300,158959,161174,120385,1
11451,17518,78608,28969,90059,96126,0
14465,97028,1542,111493,16007,98570,0
96476,53435,77684,149911,174160,131119,1
34745,26985,99286,61730,134031,126271,0
29723,63055,93417,92778,123140,156472,0
78341,40983,78145,119324,156486,119128,1
91629,94895,67014,186524,158643,161909,1
60992,23364,58873,84356,119865,82237,1
93828,39460,7441,133288,101269,46901,0
33446,45390,44954,78836,78400,90344,1
87386,71339,95882,158725,183268,167221,1
53610,7373,68197,60983,121807,75570,0
70742,22866,54012,93608,124754,76878,1
40069,31462,88415,71531,128484,119877,0
7942,8004,52186,15946,60128,60190,0
94125,95272,9874,189397,103999,105146,1
66011,11573,16306,77584,82317,27879,0
14637,7603,24491,22240,39128,32094,0
71337,75840,35104,147177,106441,110944,1
89911,2474,83297,92385,173208,85771,0
67209,47259,76458,114468,143667,123717,1
48682,42023,78079,90705,126761,120102,1
75309,42629,62536,117938,137845,105165,1
13897,51131,3124,65028,17021,54255,0
16488,35150,67846,51638,84334,102996,0
54418,24124,35056,78542,89474,59180,1
66947,81218,892,148165,67839,82110,0
24401,51515,28536,75916,52937,80051,1
42239,53706,77000,95945,119239,130706,1
26983,66190,81122,93173,108105,147312,1
72697,50085,26182,122782,98879,76267,1
87746,62502,23929,150248,111675,86431,0
55863,28718,4819,84581,60682,33537,0
22393,70166,8646,92559,31039,78812,0
60842,87613,86660,148455,147502,174273,1
60273,37519,23116,97792,83389,60635,1
3209,11899,52195,15108,55404,64094,0
63341,22580,3355,85921,66696,25935,0
90969,31358,61906,122327,152875,93264,1
51059,75029,69920,126088,120979,144949,1
43954,4189,39223,48143,83177,43412,0
55113,48797,32358,103910,87471,81155,1
20852,81566,2524,102418,23376,84090,0
84743,13496,98265,98239,183008,111761,0
89180,17100,47852,106280,137032,64952,0
68295,49881,48647,118176,116942,98528,1
25375,71202,74010,96577,99385,145212,1
52603,75151,57842,127754,110445,132993,1
82247,29591,14910,111838,97157,44501,0
98068,6914,69706,104982,167774,76620,0
91554,77130,96998,168684,188552,174128,1
93531,82395,41031,175926,134562,123426,1
89108,81168,62897,170276,152005,144065,1
72801,48566,76777,121367,149578,125343,1
6239,81806,79670,88045,85909,161476,1
86992,90528,14701,177520,101693,105229,1
48364,25158,21764,73522,70128,46922,0
36789,12320,96656,49109,133445,108976,0
27702,63511,617,91213,28319,64128,0
57366,20744,82427,78110,139793,103171,0
67667,17522,6357,85189,74024,23879,0
84190,29071,97415,113261,181605,126486,1
74307,99620,61323,173927,135630,160943,1
42787,48675,68550,91462,111337,117225,1
19421,76663,27385,96084,46806,104048,0
25099,68409,68367,93508,93466,136776,1
57991,76462,11743,134453,69734,88205,0
13272,71120,80634,84392,93906,151754,1
97470,71101,91387,168571,188857,162488,1
17592,58048,29728,75640,47320,87776,0
59114,3007,36238,62121,95352,39245,0
82337,76226,39386,158563,121723,115612,1
62322,92685,97519,155007,159841,190204,1
81446,78585,72743,160031,154189,151328,1
65385,64877,41063,130262,106448,105940,1
31976,95737,24131,127713,56107,119868,0
81127,77252,49805,158379,130932,127057,1
98884,36715,29499,135599,128383,66214,0
94982,50236,10218,145218,105200,60454,0
76145,93966,12519,170111,88664,106485,0
12517,67887,5827,80404,18344,73714,0
41809,47772,70620,89581,112429,118392,1
53126,11176,56145,64302,109271,67321,1
70980,76195,25257,147175,96237,101452,1
5541,58066,37888,63607,43429,95954,0
40139,66335,7866,106474,48005,74201,0
82173,60649,89193,142822,171366,149842,1
48281,7831,45780,56112,94061,53611,1
61352,89019,65615,150371,126967,154634,1
52628,3860,43415,56488,96043,47275,0
19968,92156,45751,112124,65719,137907,0
28349,12481,16589,40830,44938,29070,1
36117,41068,78822,77185,114939,119890,0
37812,87644,8742,125456,46554,96386,0
29353,95364,59793,124717,89146,155157,0
76715,33898,86188,110613,162903,120086,1
73771,50530,87826,124301,161597,138356,1
30642,96481,85985,127123,116627,182466,1
12980,92717,37579,105697,50559,130296,0
23622,79469,66282,103091,89904,145751,1
641,25071,80133,25712,80774,105204,0
33088,60553,99067,93641,132155,159620,0
30446,84212,67069,114658,97515,151281,1
31101,86301,96221,117402,127322,182522,1
70818,33241,20414,104059,91232,53655,0
65820,44968,59418,110788,125238,104386,1
78415,65298,42377,143713,120792,107675,1
66979,79120,40237,146099,107216,119357,1
46313,88701,83537,135014,129850,172238,1
1878,22687,69971,24565,71849,92658,0
32116,83941,40621,116057,72737,124562,0
27835,50967,87996,78802,115831,138963,0
26028,29924,83748,55952,109776,113672,0
18832,39275,53013,58107,71845,92288,1
24681,87232,46412,111913,71093,133644,0
95900,69206,12723,165106,108623,81929,0
124,40544,73108,40668,73232,113652,0
93695,22848,12390,116543,106085,35238,0
58194,47786,41998,105980,100192,89784,1
85961,93979,87717,179940,173678,181696,1
51678,15595,94263,67273,145941,109858,0
36423,39500,41079,75923,77502,80579,1
57695,30149,52764,87844,110459,82913,1
81157,1085,51148,82242,132305,52233,0
65123,83213,33954,148336,99077,117167,1
76809,8404,84190,85213,160999,92594,1
62529,95182,15227,157711,77756,110409,0
78509,2482,39650,80991,118159,42132,0
92503,44370,21373,136873,113876,65743,0
69395,60480,6155,129875,75550,66635,0
226,29861,64662,30087,64888,94523,0
26637,19485,40038,46122,66675,59523,1
6283,38269,85427,44552,91710,123696,0
88990,76789,30380,165779,119370,107169,1
32224,84903,15714,117127,47938,100617,0
13646,22002,29373,35648,43019,51375,1
25709,9045,82961,34754,108670,92006,0
68034,68165,27042,136199,95076,95207,1
19057,82295,8204,101352,27261,90499,0
63222,14223,80481,77445,143703,94704,0
59654,10584,38891,70238,98545,49475,0
26566,40146,74684,66712,101250,114830,0
71256,7945,40316,79201,111572,48261,0
89460,46819,98419,136279,187879,145238,1
99383,91826,83225,191209,182608,175051,1
44405,64252,38019,108657,82424,102271,1
81472,21519,84744,102991,166216,106263,1
69353,1165,58381,70518,127734,59546,0
91717,32172,11042,123889,102759,43214,0
8194,97916,87863,106110,96057,185779,0
90923,18553,43850,109476,134773,62403,0
37138,315,21717,37453,58855,22032,0
6245,9503,97208,15748,103453,106711,0
29763,18733,54558,48496,84321,73291,0
20511,64049,85453,84560,105964,149502,0
57050,1071,34638,58121,91688,35709,0
11266,65886,75726,77152,86992,141612,1
60717,14100,13371,74817,74088,27471,0
11929,94371,19617,106300,31546,113988,0
43594,90772,55015,134366,98609,145787,1
49463,16838,48396,66301,97859,65234,1
30857,4611,27882,35468,58739,32493,1
62467,52465,40052,114932,102519,92517,1
7087,40132,58318,47219,65405,98450,0
32973,44751,52573,77724,85546,97324,1
65924,90107,54677,156031,120601,144784,1
21577,38637,68578,60214,90155,107215,0
92233,28486,73086,120719,165319,101572,1
35072,34117,39418,69189,74490,73535,1
10493,78333,7807,88826,18300,86140,0
27941,64506,10278,92447,38219,74784,0
38559,7133,7594,45692,46153,14727,0
62772,93733,54481,156505,117253,148214,1
88910,52651,46743,141561,135653,99394,1
70697,85210,34097,155907,104794,119307,1
16586,26334,91503,42920,108089,117837,0
25478,26772,559,52250,26037,27331,0
95201,60236,11059,155437,106260,71295,0
45978,74972,32084,120950,78062,107056,1
98885,50703,49817,149588,148702,100520,1
36245,38532,71753,74777,107998,110285,1
31033,76375,84968,107408,116001,161343,1
58696,95555,81466,154251,140162,177021,1
93010,50023,59122,143033,152132,109145,1
89849,62696,97716,152545,187565,160412,1
81285,96076,73669,177361,154954,169745,1
12477,68965,85769,81442,98246,154734,0
21346,58719,58575,80065,79921,117294,1
59438,34805,28996,94243,88434,63801,1
32027,53142,77602,85169,109629,130744,1
41616,31577,89978,73193,131594,121555,0
93531,84569,95829,178100,189360,180398,1
15086,2876,86747,17962,101833,89623,0
41140,99938,98667,141078,139807,198605,1
47762,40715,94700,88477,142462,135415,0
51983,38261,18125,90244,70108,56386,1
63072,61395,8408,124467,71480,69803,1
58169,2947,39509,61116,97678,42456,0
24916,24799,9341,49715,34257,34140,1
50459,1862,35955,52321,86414,37817,0
84534,28526,60809,113060,145343,89335,1
38692,61320,73061,100012,111753,134381,1
35318,79935,57403,115253,92721,137338,1
89209,13318,95027,102527,184236,108345,1
55996,99509,56299,155505,112295,155808,1
9561,88984,26077,98545,35638,115061,0
35544,79972,35191,115516,70735,115163,0
9239,76639,78972,85878,88211,155611,1
20865,80110,84739,100975,105604,164849,1
13278,84580,42696,97858,55974,127276,0
61463,87910,68322,149373,129785,156232,1
43542,82868,33878,126410,77420,116746,0
48015,59742,20984,107757,68999,80726,1
55599,68623,92238,124222,147837,160861,1
33551,84258,57657,117809,91208,141915,1
81523,31675,24579,113198,106102,56254,0
55903,92518,21196,148421,77099,113714,0
83855,30703,53913,114558,137768,84616,1
71324,12450,80296,83774,151620,92746,1
78937,96006,36362,174943,115299,132368,1
17021,18235,91415,35256,108436,109650,0
32188,44082,96350,76270,128538,140432,0
16454,75187,20325,91641,36779,95512,0
92986,34670,39435,127656,132421,74105,0
98007,25567,18244,123574,116251,43811,0
4015,94166,69144,98181,73159,163310,0
21825,13775,66930,35600,88755,80705,0
24646,75134,29999,99780,54645,105133,0
80426,98510,67777,178936,148203,166287,1
84580,42075,76564,126655,161144,118639,1
23386,31292,16298,54678,39684,47590,1
98781,48337,77530,147118,176311,125867,1
68284,22250,23966,90534,92250,46216,0
97207,60947,70824,158154,168031,131771,1
61638,93110,57821,154748,119459,150931,1
53828,13758,95072,67586,148900,108830,0
36140,31521,60708,67661,96848,92229,1
71811,72179,51693,143990,123504,123872,1
17868,18792,19533,36660,37401,38325,1
70085,33532,96600,103617,166685,130132,1
42973,59917,86187,102890,129160,146104,1
14191,41714,65398,55905,79589,107112,0
22963,90937,97143,113900,120106,188080,1
10674,4922,35809,15596,46483,40731,0
1138,72712,23356,73850,24494,96068,0
49662,62689,53308,112351,102970,115997,1
75699,19377,71299,95076,146998,90676,1
10037,90027,89532,100064,99569,179559,1
41036,27825,25443,68861,66479,53268,1
3095,38033,44563,41128,47658,82596,0
91194,55600,62606,146794,153800,118206,1
86296,91597,78673,177893,164969,170270,1
40674,83361,2161,124035,42835,85522,0
57200,75088,35210,132288,92410,110298,1
88340,5482,73802,93822,162142,79284,0
76800,21116,43385,97916,120185,64501,0
83859,99308,29735,183167,113594,129043,1
67372,15528,1854,82900,69226,17382,0
69254,15409,35752,84663,105006,51161,0
96927,36035,36135,132962,133062,72170,0
49620,11947,92558,61567,142178,104505,0
76606,64841,54041,141447,130647,118882,1
40889,84174,34714,125063,75603,118888,0
66437,9916,91628,76353,158065,101544,0
45952,66173,76946,112125,122898,143119,1
2519,40020,23898,42539,26417,63918,0
41518,51206,74186,92724,115704,125392,1
10508,72593,99352,83101,109860,171945,0
35732,1285,15699,37017,51431,16984,0
89040,50016,52515,139056,141555,102531,1
54245,62336,55634,116581,109879,117970,1
10962,63671,36741,74633,47703,100412,0
75371,84352,95297,159723,170668,179649,1
74725,19812,9715,94537,84440,29527,0
51590,29633,22611,81223,74201,52244,1
2272,39917,6076,42189,8348,45993,0
60425,82790,53851,143215,114276,136641,1
13739,60456,42969,74195,56708,103425,0
4297,59811,88979,64108,93276,148790,0
11213,50876,41635,62089,52848,92511,1
39830,94056,13461,133886,53291,107517,0
64241,61421,32980,125662,97221,94401,1
69134,2730,75838,71864,144972,78568,0
91182,45925,49351,137107,140533,95276,1
84956,5304,62152,90260,147108,67456,0
52878,49730,12595,102608,65473,62325,1
60247,59483,7190,119730,67437,66673,1
73197,68946,94865,142143,168062,163811,1
87383,93129,13050,180512,100433,106179,1
97202,52708,29100,149910,126302,81808,0
42254,31353,22004,73607,64258,53357,1
44633,45614,47935,90247,92568,93549,1
98835,20091,99112,118926,197947,119203,1
82641,51746,97722,134387,180363,149468,1
43402,45260,21502,88662,64904,66762,1
39452,54346,35626,93798,75078,89972,1
18563,62137,69183,80700,87746,131320,1
95487,83687,63439,179174,158926,147126,1
33088,48805,7705,81893,40793,56510,0
80072,30447,44948,110519,125020,75395,0
20822,97151,18971,117973,39793,116122,0
70670,29802,3624,100472,74294,33426,0
23957,51142,23739,75099,47696,74881,0
60281,23117,7789,83398,68070,30906,0
13375,39292,58346,52667,71721,97638,0
3931,18350,68396,22281,72327,86746,0
87148,62155,21646,149303,108794,83801,0
270,93558,41113,93828,41383,134671,0
19531,48522,8898,68053,28429,57420,0
95723,45475,15590,141198,111313,61065,0
70428,92268,94776,162696,165204,187044,1
11340,68856,22543,80196,33883,91399,0
28761,49286,78270,78047,107031,127556,0
35303,64234,74370,99537,109673,138604,1
45837,17594,91592,63431,137429,109186,0
14501,38445,8805,52946,23306,47250,0
81623,64253,80184,145876,161807,144437,1
91354,26712,74543,118066,165897,101255,1
21742,56404,84764,78146,106506,141168,0
10613,10981,56861,21594,67474,67842,0
75580,21033,80797,96613,156377,101830,1
85575,80390,37172,165965,122747,117562,1
50429,63690,71340,114119,121769,135030,1
79781,48266,42321,128047,122102,90587,1
21865,80272,74629,102137,96494,154901,1
49366,32837,44752,82203,94118,77589,1
97236,8217,42900,105453,140136,51117,0
95230,81222,65589,176452,160819,146811,1
96565,80314,34448,176879,131013,114762,1
53632,50880,15293,104512,68925,66173,1
47755,72683,80891,120438,128646,153574,1
71885,29511,46313,101396,118198,75824,1
89849,30455,98484,120304,188333,128939,1
33754,91765,10300,125519,44054,102065,0
39700,33288,42809,72988,82509,76097,1
71870,18165,55092,90035,126962,73257,1
82160,3250,93062,85410,175222,96312,0
69596,45137,26537,114733,96133,71674,1
41967,70659,61052,112626,103019,131711,1
76358,33196,19228,109554,95586,52424,0
17601,68389,60368,85990,77969,128757,1
37459,38354,2022,75813,39481,40376,1
22282,73176,70686,95458,92968,143862,1
24922,43149,77701,68071,102623,120850,0
33208,31781,99336,64989,132544,131117,0
61689,80839,84031,142528,145720,164870,1
25254,7687,82624,32941,107878,90311,0
61265,74137,83477,135402,144742,157614,1
34249,90438,1064,124687,35313,91502,0
63793,97154,44865,160947,108658,142019,1
69269,46194,56488,115463,125757,102682,1
56904,7508,89631,64412,146535,97139,0
74744,86979,93769,161723,168513,180748,1
35129,95272,6478,130401,41607,101750,0
90618,34498,32504,125116,123122,67002,0
53700,17154,2340,70854,56040,19494,0
56601,64643,54268,121244,110869,118911,1
81482,84294,6372,165776,87854,90666,1
26791,1276,53076,28067,79867,54352,0
61152,78115,46115,139267,107267,124230,1
43711,74657,93024,118368,136735,167681,1
36331,19862,44299,56193,80630,64161,1
29875,110,66522,29985,96397,66632,0
81927,33155,78784,115082,160711,111939,1
53149,54035,75379,107184,128528,129414,1
67394,65865,49591,133259,116985,115456,1
72506,56228,40307,128734,112813,96535,1
27331,98518,63187,125849,90518,161705,0
55585,47663,44454,103248,100039,92117,1
79698,26732,18328,106430,98026,45060,0
75100,14253,60191,89353,135291,74444,0
92545,54426,84955,146971,177500,139381,1
33386,53533,94415,86919,127801,147948,0
78345,44103,19965,122448,98310,64068,0
64160,60283,79531,124443,143691,139814,1
60889,52772,32739,113661,93628,85511,1
51846,25915,57994,77761,109840,83909,1
90,53033,94462,53123,94552,147495,0
75605,74123,88085,149728,163690,162208,1
12854,62228,73650,75082,86504,135878,1
96613,60170,99188,156783,195801,159358,1
16492,237,45215,16729,61707,45452,0
30894,41057,88142,71951,119036,129199,0
46465,85320,1676,131785,48141,86996,0
39318,48477,23801,87795,63119,72278,1
43654,50344,99351,93998,143005,149695,0
79712,70392,56566,150104,136278,126958,1
43426,90317,36644,133743,80070,126961,0
94335,86918,37529,181253,131864,124447,1
33054,87667,88222,120721,121276,175889,1
2233,71495,44271,73728,46504,115766,0
3028,87706,81002,90734,84030,168708,0
20614,42943,70163,63557,90777,113106,0
54917,96551,85985,151468,140902,182536,1
47983,81461,24885,129444,72868,106346,0
33281,34342,92982,67623,126263,127324,0
81410,17763,19142,99173,100552,36905,0
11595,48106,6680,59701,18275,54786,0
45995,68010,47808,114005,93803,115818,1
95065,66097,55661,161162,150726,121758,1
69722,85027,34265,154749,103987,119292,1
7761,27617,62928,35378,70689,90545,0
95609,64796,22080,160405,117689,86876,0
80149,8592,88566,88741,168715,97158,1
55376,29580,12247,84956,67623,41827,0
98813,71219,7746,170032,106559,78965,0
5122,15436,86654,20558,91776,102090,0
84745,43839,84752,128584,169497,128591,1
1673,79953,88429,81626,90102,168382,0
66176,18226,2252,84402,68428,20478,0
22133,83553,82046,105686,104179,165599,1
93553,69619,92999,163172,186552,162618,1
18870,79167,45805,98037,64675,124972,0
70407,84990,8603,155397,79010,93593,0
45397,2084,62516,47481,107913,64600,0
82504,82344,48437,164848,130941,130781,1
11601,25971,72041,37572,83642,98012,0
94745,9773,39915,104518,134660,49688,0
70920,89756,85895,160676,156815,175651,1
37206,5385,72658,42591,109864,78043,0
37044,17395,48061,54439,85105,65456,1
42616,14648,40544,57264,83160,55192,1
91223,52903,55429,144126,146652,108332,1
12572,15391,86805,27963,99377,102196,0
81327,74761,53325,156088,134652,128086,1
21885,50304,89481,72189,111366,139785,0
83397,41946,19692,125343,103089,61638,0
48112,41968,86732,90080,134844,128700,1
62950,79851,63441,142801,126391,143292,1
38505,30532,11882,69037,50387,42414,1
26232,17876,34207,44108,60439,52083,1
22277,38210,57819,60487,80096,96029,1
9325,26831,30567,36156,39892,57398,1
45732,11058,75799,56790,121531,86857,0
57534,29085,13033,86619,70567,42118,0
12177,80945,62847,93122,75024,143792,0
72761,34968,88792,107729,161553,123760,1
31314,11160,88729,42474,120043,99889,0
54713,58326,15458,113039,70171,73784,1
63645,43841,26743,107486,90388,70584,1
5261,28312,47977,33573,53238,76289,0
37948,80524,95985,118472,133933,176509,1
96852,52659,2347,149511,99199,55006,0
68393,95046,80607,163439,149000,175653,1
82362,33949,54873,116311,137235,88822,1
28400,74606,2696,103006,31096,77302,0
81435,46134,29054,127569,110489,75188,0
80765,51447,62163,132212,142928,113610,1
60859,17198,38515,78057,99374,55713,0
8615,91094,47528,99709,56143,138622,0
68808,85301,18819,154109,87627,104120,1
7301,74487,28744,81788,36045,103231,0
74101,68416,80932,142517,155033,149348,1
78304,14381,52218,92685,130522,66599,0
48737,73533,23017,122270,71754,96550,0
86733,3420,7316,90153,94049,10736,0
12536,36539,41430,49075,53966,77969,1
82825,76232,14291,159057,97116,90523,1
95857,53212,41202,149069,137059,94414,0
29376,30956,29563,60332,58939,60519,1
74887,41946,95619,116833,170506,137565,1
13207,41829,11510,55036,24717,53339,0
73471,85113,7578,158584,81049,92691,0
6110,74917,40601,81027,46711,115518,0
91939,80056,17561,171995,109500,97617,1
71732,73550,83056,145282,154788,156606,1
36650,94526,47447,131176,84097,141973,0
41052,90202,67716,131254,108768,157918,1
21681,61259,59810,82940,81491,121069,1
92094,62335,60605,154429,152699,122940,1
13627,55388,27421,69015,41048,82809,0
37011,97839,54217,134850,91228,152056,0
73721,64592,7688,138313,81409,72280,0
95950,76457,86834,172407,182784,163291,1
88971,70713,98083,159684,187054,168796,1
51097,29557,61550,80654,112647,91107,1
12871,36060,27904,48931,40775,63964,1
45865,72326,33882,118191,79747,106208,1
32117,96337,2405,128454,34522,98742,0
22423,16090,68940,38513,91363,85030,0
50800,12271,49409,63071,100209,61680,1
24747,92170,77726,116917,102473,169896,1
68978,64755,63149,133733,132127,127904,1
59384,68716,62885,128100,122269,131601,1
92155,72387,90148,164542,182303,162535,1
92380,86410,82662,178790,175042,169072,1
90956,23634,3522,114590,94478,27156,0
18392,64314,76749,82706,95141,141063,1
89398,60016,31492,149414,120890,91508,1
96838,42257,3620,139095,100458,45877,0
85350,67019,68854,152369,154204,135873,1
35429,76702,2077,112131,37506,78779,0
41706,58821,24002,100527,65708,82823,1
15534,79479,75189,95013,90723,154668,1
87007,51506,95266,138513,182273,146772,1
76569,100,95683,76669,172252,95783,0
39327,9229,94187,48556,133514,103416,0
14940,3180,69118,18120,84058,72298,0
6523,87556,32767,94079,39290,120323,0
14384,38517,47953,52901,62337,86470,1
83683,17056,3732,100739,87415,20788,0
72908,60191,7708,133099,80616,67899,0
28877,18229,54378,47106,83255,72607,0
2232,44256,95997,46488,98229,140253,0
85224,76765,56618,161989,141842,133383,1
11929,45763,31759,57692,43688,77522,0
14537,40665,89598,55202,104135,130263,0
12856,63758,31119,76614,43975,94877,0
31935,56348,76573,88283,108508,132921,1
83581,93196,57218,176777,140799,150414,1
34440,91580,28465,126020,62905,120045,0
12815,53143,39879,65958,52694,93022,0
15953,79129,66925,95082,82878,146054,1
70243,90661,29173,160904,99416,119834,1
32580,75409,73720,107989,106300,149129,1
13411,63222,39771,76633,53182,102993,0
94197,98441,72437,192638,166634,170878,1
32796,1058,50177,33854,82973,51235,0
46042,45739,92773,91781,138815,138512,0
37168,3447,55576,40615,92744,59023,0
99639,74822,16490,174461,116129,91312,0
43560,13724,22670,57284,66230,36394,0
62537,98623,3285,161160,65822,101908,0
54969,51393,46424,106362,101393,97817,1
58140,63315,8941,121455,67081,72256,1
60725,66590,28968,127315,89693,95558,1
91918,48883,14909,140801,106827,63792,0
61652,95784,66209,157436,127861,161993,1
35259,64827,9827,100086,45086,74654,0
74066,53189,77512,127255,151578,130701,1
41772,85031,91851,126803,133623,176882,1
87356,44193,34987,131549,122343,79180,0
7159,98875,49502,106034,56661,148377,0
8704,93778,198,102482,8902,93976,0
93646,37253,4734,130899,98380,41987,0
99905,30918,62396,130823,162301,93314,0
89592,21162,22863,110754,112455,44025,0
80259,51580,50914,131839,131173,102494,1
49676,7091,70130,56767,119806,77221,0
45709,31790,82461,77499,128170,114251,0
62754,13279,1023,76033,63777,14302,0
92291,2851,49692,95142,141983,52543,0
99689,60655,62549,160344,162238,123204,1
17827,74001,7340,91828,25167,81341,0
54197,1382,36282,55579,90479,37664,0
55941,26120,59846,82061,115787,85966,1
41688,98063,6920,139751,48608,104983,0
81383,52422,89749,133805,171132,142171,1
54278,85427,18016,139705,72294,103443,0
65840,91291,93184,157131,159024,184475,1
38975,34871,13396,73846,52371,48267,1
87545,30287,46191,117832,133736,76478,0
51983,94367,67621,146350,119604,161988,1
25969,99899,29755,125868,55724,129654,0
34317,90457,52821,124774,87138,143278,0
19003,34580,21403,53583,40406,55983,1
65482,2815,22910,68297,88392,25725,0
98974,26742,97412,125716,196386,124154,1
923,35939,96415,36862,97338,132354,0
97829,94194,60829,192023,158658,155023,1
17179,15028,12200,32207,29379,27228,1
15367,17316,48750,32683,64117,66066,0
21039,70103,53395,91142,74434,123498,1
85792,59008,80238,144800,166030,139246,1
84043,79537,70610,163580,154653,150147,1
82692,27487,86024,110179,168716,113511,1
37416,87840,61712,125256,99128,149552,1
93398,76484,51867,169882,145265,128351,1
32449,8475,55383,40924,87832,63858,0
13943,70887,5808,84830,19751,76695,0
13335,90776,51109,104111,64444,141885,0
2048,66975,13066,69023,15114,80041,0
23645,56522,49407,80167,73052,105929,1
33361,9415,99588,42776,132949,109003,0
12729,1360,59498,14089,72227,60858,0
13341,99871,23775,113212,37116,123646,0
32192,93067,46653,125259,78845,139720,0
51627,97840,90008,149467,141635,187848,1
51384,42650,51193,94034,102577,93843,1
70239,1929,26293,72168,96532,28222,0
20829,70350,44500,91179,65329,114850,0
95516,37360,23195,132876,118711,60555,0
45190,85024,46530,130214,91720,131554,1
65610,16119,91338,81729,156948,107457,0
24419,62540,38405,86959,62824,100945,1
28990,35307,74997,64297,103987,110304,0
61934,75813,90923,137747,152857,166736,1
5554,48521,82670,54075,88224,131191,0
16199,7997,49471,24196,65670,57468,0
41911,15330,45917,57241,87828,61247,1
32398,10391,68706,42789,101104,79097,0
44708,50709,52268,95417,96976,102977,1
44618,95788,42363,140406,86981,138151,0
71716,41179,64883,112895,136599,106062,1
33497,8992,85801,42489,119298,94793,0
91370,56964,15408,148334,106778,72372,0
41715,27981,62797,69696,104512,90778,1
977,28566,61381,29543,62358,89947,0
56433,29320,48211,85753,104644,77531,1
23556,89662,74534,113218,98090,164196,1
81311,62011,26311,143322,107622,88322,1
32065,92941,18898,125006,50963,111839,0
8520,61930,41496,70450,50016,103426,0
24945,66836,16736,91781,41681,83572,0
95744,23320,38632,119064,134376,61952,0
56228,16477,52276,72705,108504,68753,1
43128,20335,68633,63463,111761,88968,0
92792,32443,88691,125235,181483,121134,1
10575,26155,62554,36730,73129,88709,0
76221,64840,63619,141061,139840,128459,1
99766,34950,51137,134716,150903,86087,0
22144,89667,8026,111811,30170,97693,0
76971,53377,36212,130348,113183,89589,1
16695,50590,97554,67285,114249,148144,0
14550,67706,29818,82256,44368,97524,0
7545,22647,81883,30192,89428,104530,0
82900,61213,63190,144113,146090,124403,1
23146,82074,92840,105220,115986,174914,1
13894,81889,61009,95783,74903,142898,0
90465,81329,30635,171794,121100,111964,1
28844,15051,3523,43895,32367,18574,0
5987,69158,92724,75145,98711,161882,0
96534,64387,72013,160921,168547,136400,1
10727,7186,70457,17913,81184,77643,0
53341,46447,45009,99788,98350,91456,1
86652,7969,90957,94621,177609,98926,1
32673,33045,18275,65718,50948,51320,1
50999,28788,364,79787,51363,29152,0
68544,52033,17129,120577,85673,69162,1
86130,28419,61894,114549,148024,90313,1
25399,62015,83359,87414,108758,145374,1
21655,37093,30320,58748,51975,67413,1
73647,75066,91386,148713,165033,166452,1
22143,36161,27110,58304,49253,63271,1
38818,79057,82463,117875,121281,161520,1
91560,98045,97493,189605,189053,195538,1
56703,53034,70204,109737,126907,123238,1
19213,13062,73098,32275,92311,86160,0
10833,891,16563,11724,27396,17454,0
39580,67712,46632,107292,86212,114344,1
73603,88581,24440,162184,98043,113021,1
91051,68843,70100,159894,161151,138943,1
49128,37040,46577,86168,95705,83617,1
99707,8704,15353,108411,115060,24057,0
23779,52608,31727,76387,55506,84335,1
7832,90863,33778,98695,41610,124641,0
39124,88753,32822,127877,71946,121575,0
82871,79573,94309,162444,177180,173882,1
8564,3088,1042,11652,9606,4130,0
96993,48021,69508,145014,166501,117529,1
69445,86646,1801,156091,71246,88447,0
71948,46690,22101,118638,94049,68791,0
31065,10306,22568,41371,53633,32874,1
432,60130,67844,60562,68276,127974,0
15186,12587,69918,27773,85104,82505,0
79266,26896,60064,106162,139330,86960,1
7205,46028,8209,53233,15414,54237,0
64335,11620,86613,75955,150948,98233,0
31208,58761,14083,89969,45291,72844,0
65968,29691,29605,95659,95573,59296,0
54498,74284,76985,128782,131483,151269,1
1690,98830,92690,100520,94380,191520,0
92222,40026,34004,132248,126226,74030,0
32937,97873,30840,130810,63777,128713,0
96449,31920,78185,128369,174634,110105,1
84593,17556,41810,102149,126403,59366,0
23036,60826,94339,83862,117375,155165,0
39908,20031,2208,59939,42116,22239,0
73403,93673,22183,167076,95586,115856,1
78223,51543,91725,129766,169948,143268,1
85086,16981,43849,102067,128935,60830,0
53758,33553,17103,87311,70861,50656,0
58323,83061,74643,141384,132966,157704,1
30506,79032,16648,109538,47154,95680,0
97696,33762,75602,131458,173298,109364,1
9076,49340,81469,58416,90545,130809,0
4795,42819,41678,47614,46473,84497,1
16459,31717,30397,48176,46856,62114,1
62529,30997,99155,93526,161684,130152,0
55921,66391,40388,122312,96309,106779,1
75596,78463,40074,154059,115670,118537,1
25360,15958,73351,41318,98711,89309,0
14469,8253,64435,22722,78904,72688,0
56484,76436,35108,132920,91592,111544,1
5342,48628,17165,53970,22507,65793,0
8752,94821,41318,103573,50070,136139,0
78177,96855,82893,175032,161070,179748,1
6576,62558,52923,69134,59499,115481,0
25905,64806,85589,90711,111494,150395,1
98147,60506,60390,158653,158537,120896,1
88869,84909,38182,173778,127051,123091,1
90914,2240,37805,93154,128719,40045,0
40792,71582,38311,112374,79103,109893,1
87814,32915,88950,120729,176764,121865,1
16358,71903,11552,88261,27910,83455,0
51320,17017,55956,68337,107276,72973,1
42921,15697,99493,58618,142414,115190,0
44848,33048,69492,77896,114340,102540,1
91617,87140,97360,178757,188977,184500,1
52119,60218,85193,112337,137312,145411,1
2189,7745,13628,9934,15817,21373,0
35804,37388,86702,73192,122506,124090,0
20243,46676,30557,66919,50800,77233,1
44341,69211,65456,113552,109797,134667,1
61216,96210,66166,157426,127382,162376,1
9278,56108,7226,65386,16504,63334,0
21575,26079,54811,47654,76386,80890,0
22294,46104,61885,68398,84179,107989,1
51387,73060,96945,124447,148332,170005,1
88121,53799,8638,141920,96759,62437,0
3554,18542,46266,22096,49820,64808,0
76894,44219,41778,121113,118672,85997,1
44138,10413,42317,54551,86455,52730,1
96613,86993,48313,183606,144926,135306,1
10233,18699,43555,28932,53788,62254,0
78373,96673,30380,175046,108753,127053,1
46046,26914,36959,72960,83005,63873,1
88075,85185,12386,173260,100461,97571,1
27241,6421,34792,33662,62033,41213,0
78082,18170,11638,96252,89720,29808,0
57985,25171,81054,83156,139039,106225,1
24636,73087,17314,97723,41950,90401,0
13492,26938,57261,40430,70753,84199,0
95257,2853,48458,98110,143715,51311,0
29942,48800,96695,78742,126637,145495,0
6834,98731,24091,105565,30925,122822,0
75093,46699,340,121792,75433,47039,0
49781,18803,12656,68584,62437,31459,0
82191,17347,24496,99538,106687,41843,0
43058,67761,23301,110819,66359,91062,0
26733,9350,26242,36083,52975,35592,1
55578,88965,50190,144543,105768,139155,1
34495,52644,95063,87139,129558,147707,0
36530,39758,3405,76288,39935,43163,1
62767,50494,1275,113261,64042,51769,0
22930,94988,79219,117918,102149,174207,1
87125,26846,77051,113971,164176,103897,1
17549,90629,99863,108178,117412,190492,1
84673,85215,91719,169888,176392,176934,1
67354,96158,75860,163512,143214,172018,1
59233,38881,39668,98114,98901,78549,1
23951,4328,95902,28279,119853,100230,0
53349,23733,4252,77082,57601,27985,0
69681,82212,30526,151893,100207,112738,1
15037,73419,53391,88456,68428,126810,0
4208,49335,64799,53543,69007,114134,0
74194,60123,78445,134317,152639,138568,1
48491,35077,13111,83568,61602,48188,0
92281,12266,31905,104547,124186,44171,0
48889,50351,92841,99240,141730,143192,1
79166,23066,4854,102232,84020,27920,0
39293,69511,23989,108804,63282,93500,0
16597,23689,83474,40286,100071,107163,0
5434,4942,74558,10376,79992,79500,0
70264,18888,95743,89152,166007,114631,0
73731,84160,73188,157891,146919,157348,1
93641,97724,39219,191365,132860,136943,1
91367,59867,59110,151234,150477,118977,1
36489,12707,37127,49196,73616,49834,1
58456,59581,68533,118037,126989,128114,1
77231,72123,77573,149354,154804,149696,1
57442,92313,92463,149755,149905,184776,1
77906,57146,65318,135052,143224,122464,1
8554,28553,35628,37107,44182,64181,1
38512,90154,99141,128666,137653,189295,1
23581,92828,46602,116409,70183,139430,0
59291,21869,84301,81160,143592,106170,0
30302,93126,95448,123428,125750,188574,1
4654,12786,15235,17440,19889,28021,1
72581,25179,19291,97760,91872,44470,0
44756,14095,77687,58851,122443,91782,0
44861,68770,47527,113631,92388,116297,1
15574,97375,60017,112949,75591,157392,0
43229,18231,16789,61460,60018,35020,0
27781,79706,29038,107487,56819,108744,0
96396,80526,57964,176922,154360,138490,1
48620,91724,89072,140344,137692,180796,1
30860,18968,89380,49828,120240,108348,0
92435,39932,432,132367,92867,40364,0
11913,46920,38974,58833,50887,85894,1
22801,66396,1281,89197,24082,67677,0
372,91596,43678,91968,44050,135274,0
27076,35818,96168,62894,123244,131986,0
74560,98134,61966,172694,136526,160100,1
65805,34378,51844,100183,117649,86222,1
20321,73563,48276,93884,68597,121839,0
19606,32581,39364,52187,58970,71945,1
8485,83353,31419,91838,39904,114772,0
80617,64446,88187,145063,168804,152633,1
46113,18548,3288,64661,49401,21836,0
8660,40380,57684,49040,66344,98064,0
53531,16635,40554,70166,94085,57189,1
80024,12964,30023,92988,110047,42987,0
66133,16437,86110,82570,152243,102547,0
78233,6727,81535,84960,159768,88262,1
8951,92811,55155,101762,64106,147966,0
54664,87074,48588,141738,103252,135662,1
87165,19657,5687,106822,92852,25344,0
83230,96348,54547,179578,137777,150895,1
77239,87111,23493,164350,100732,110604,1
72443,89090,17905,161533,90348,106995,1
46929,87079,4811,134008,51740,91890,0
82182,61641,63630,143823,145812,125271,1
94601,22314,74916,116915,169517,97230,1
51350,82042,22639,133392,73989,104681,0
68046,88283,98618,156329,166664,186901,1
99837,27190,72493,127027,172330,99683,0
47573,85258,83431,132831,131004,168689,1
15761,34563,27216,50324,42977,61779,1
28379,53981,75627,82360,104006,129608,1
41590,85632,4420,127222,46010,90052,0
80242,73961,76689,154203,156931,150650,1
99373,41765,92428,141138,191801,134193,1
35213,43426,2987,78639,38200,46413,0
9818,6762,3444,16580,13262,10206,1
21515,1646,8903,23161,30418,10549,0
92669,71423,24027,164092,116696,95450,1
7593,22584,22584,30177,30177,45168,1
85469,24130,82388,109599,167857,106518,1
60338,38122,14927,98460,75265,53049,0
5249,27776,49219,33025,54468,76995,0
18989,80012,36833,99001,55822,116845,0
71848,55199,48843,127047,120691,104042,1
97134,42278,53655,139412,150789,95933,0
99455,81228,8977,180683,108432,90205,0
74180,63818,92630,137998,166810,156448,1
3432,15266,48069,18698,51501,63335,0
65584,56997,68170,122581,133754,125167,1
23685,22568,96943,46253,120628,119511,0
15423,77553,94699,92976,110122,172252,0
39974,47250,96027,87224,136001,143277,0
58797,49081,28187,107878,86984,77268,1
21949,56640,95415,78589,117364,152055,0
25083,92792,46100,117875,71183,138892,0
9678,37419,40910,47097,50588,78329,1
38243,76309,44539,114552,82782,120848,1
92387,83025,18459,175412,110846,101484,1
39912,52590,19466,92502,59378,72056,1
29117,33960,59394,63077,88511,93354,1
83695,56487,71505,140182,155200,127992,1
87056,73300,40320,160356,127376,113620,1
94438,11539,10236,105977,104674,21775,0
82713,68546,73862,151259,156575,142408,1
92412,1812,46409,94224,138821,48221,0
84685,45520,26557,130205,111242,72077,0
26059,37735,86691,63794,112750,124426,0
36544,88543,35369,125087,71913,123912,0
68061,17243,87896,85304,155957,105139,0
14253,11687,25404,25940,39657,37091,1
15790,36355,71101,52145,86891,107456,0
94377,14092,1108,108469,95485,15200,0
93810,58727,60778,152537,154588,119505,1
54159,4063,48170,58222,102329,52233,0
86462,38349,3489,124811,89951,41838,0
97366,19561,59007,116927,156373,78568,0
13720,47190,58909,60910,72629,106099,1
57053,34889,13865,91942,70918,48754,0
17517,17638,11645,35155,29162,29283,1
50502,36860,40830,87362,91332,77690,1
63280,72426,90740,135706,154020,163166,1
886,89222,18707,90108,19593,107929,0
40771,97718,22787,138489,63558,120505,0
27866,90199,13960,118065,41826,104159,0
62497,65836,86787,128333,149284,152623,1
16237,29133,63597,45370,79834,92730,0
2876,15695,3326,18571,6202,19021,0
62518,80836,32410,143354,94928,113246,1
50112,37428,46,87540,50158,37474,0
29323,24088,33025,53411,62348,57113,1
54795,41831,78207,96626,133002,120038,1
82779,11837,92579,94616,175358,104416,1
69154,21794,12724,90948,81878,34518,0
68253,44314,20872,112567,89125,65186,0
65586,35984,10543,101570,76129,46527,0
42320,91469,83926,133789,126246,175395,1
15792,65244,33657,81036,49449,98901,0
52646,13010,67583,65656,120229,80593,0
69386,59924,29032,129310,98418,88956,1
49696,35192,52030,84888,101726,87222,1
98030,40633,77284,138663,175314,117917,1
15942,36840,13489,52782,29431,50329,0
26712,76763,46453,103475,73165,123216,0
54006,97654,1475,151660,55481,99129,0
66216,86008,25367,152224,91583,111375,1
6451,42482,93645,48933,100096,136127,0
660,97546,70453,98206,71113,167999,0
22378,73996,945,96374,23323,74941,0
60611,59320,8017,119931,68628,67337,1
76731,36237,72881,112968,149612,109118,1
53203,24756,78796,77959,131999,103552,0
59151,74529,97533,133680,156684,172062,1
85034,78294,73181,163328,158215,151475,1
58139,9631,13882,67770,72021,23513,0
53476,61746,78805,115222,132281,140551,1
31783,14868,82420,46651,114203,97288,0
14523,1268,94525,15791,109048,95793,0
34762,99255,72658,134017,107420,171913,1
65456,74633,17153,140089,82609,91786,1
39970,37028,20672,76998,60642,57700,1
41452,69125,25187,110577,66639,94312,0
17053,50074,99253,67127,116306,149327,0
61263,11753,62539,73016,123802,74292,1
48297,97366,40813,145663,89110,138179,0
69468,2717,12770,72185,82238,15487,0
13442,93654,14298,107096,27740,107952,0
65231,96993,52439,162224,117670,149432,1
47464,30058,99600,77522,147064,129658,0
53740,57986,69732,111726,123472,127718,1
5667,10517,3229,16184,8896,13746,0
87067,71144,64744,158211,151811,135888,1
27234,91612,83132,118846,110366,174744,1
75627,51537,82740,127164,158367,134277,1
92085,11999,10895,104084,102980,22894,0
63779,68567,78768,132346,142547,147335,1
74681,50748,54885,125429,129566,105633,1
94589,7529,43505,102118,138094,51034,0
81691,3187,34380,84878,116071,37567,0
89249,99374,4677,188623,93926,104051,0
75022,94584,95812,169606,170834,190396,1
40210,9841,72463,50051,112673,82304,0
55972,27905,26885,83877,82857,54790,0
16323,23033,16440,39356,32763,39473,1
72000,93849,54689,165849,126689,148538,1
27419,94336,24681,121755,52100,119017,0
18922,71741,12151,90663,31073,83892,0
86583,45387,2074,131970,88657,47461,0
46206,78578,79963,124784,126169,158541,1
94177,32090,93728,126267,187905,125818,1
48342,48059,71236,96401,119578,119295,1
65564,78507,92019,144071,157583,170526,1
68114,34471,14706,102585,82820,49177,0
21326,77234,98707,98560,120033,175941,0
32780,72177,43759,104957,76539,115936,1
57416,91586,4299,149002,61715,95885,0
71857,20380,65793,92237,137650,86173,1
94422,37949,99768,132371,194190,137717,1
60065,19545,41441,79610,101506,60986,1
13259,22949,62887,36208,76146,85836,0
1586,78569,98730,80155,100316,177299,0
82234,84035,56553,166269,138787,140588,1
99999,42302,72925,142301,172924,115227,1
830,25055,89770,25885,90600,114825,0
82692,84583,15830,167275,98522,100413,1
11039,19927,89016,30966,100055,108943,0
83071,68939,19203,152010,102274,88142,1
38040,27654,74771,65694,112811,102425,0
60494,40367,65557,100861,126051,105924,1
29561,46848,26795,76409,56356,73643,1
57661,61382,94890,119043,152551,156272,1
64149,15621,11118,79770,75267,26739,0
14857,27520,83447,42377,98304,110967,0
30458,17624,55132,48082,85590,72756,0
64071,81620,15291,145691,79362,96911,0
15806,14395,99658,30201,115464,114053,0
97371,56682,69463,154053,166834,126145,1
59530,93387,8373,152917,67903,101760,0
89046,72975,51035,162021,140081,124010,1
74979,79036,14295,154015,89274,93331,1
92889,74776,98405,167665,191294,173181,1
15359,10625,73149,25984,88508,83774,0
26249,17323,1317,43572,27566,18640,0
35729,96028,73371,131757,109100,169399,1
76600,51101,4290,127701,80890,55391,0
92149,70689,31346,162838,123495,102035,1
81390,83845,75809,165235,157199,159654,1
63207,94967,77414,158174,140621,172381,1
32652,356,45526,33008,78178,45882,0
17822,82302,44289,100124,62111,126591,0
12916,80405,30857,93321,43773,111262,0
54877,78380,69048,133257,123925,147428,1
18815,25891,83249,44706,102064,109140,0
3756,75526,8196,79282,11952,83722,0
51525,60677,20146,112202,71671,80823,1
74553,95562,90409,170115,164962,185971,1
42831,26611,49601,69442,92432,76212,1
38629,5242,17821,43871,56450,23063,0
53680,38823,70115,92503,123795,108938,1
38151,45834,65939,83985,104090,111773,1
11870,86442,39571,98312,51441,126013,0
7794,68310,28878,76104,36672,97188,0
99159,14755,66147,113914,165306,80902,0
27680,24408,28251,52088,55931,52659,1
67603,89066,70107,156669,137710,159173,1
39782,11579,63939,51361,103721,75518,0
34214,55690,53123,89904,87337,108813,1
29237,53396,50047,82633,79284,103443,1
59106,16205,2142,75311,61248,18347,0
60855,19745,45458,80600,106313,65203,1
79371,89794,69914,169165,149285,159708,1
84656,39469,91945,124125,176601,131414,1
51821,33741,83865,85562,135686,117606,1
19632,8251,38769,27883,58401,47020,0
53486,39010,46638,92496,100124,85648,1
73538,12596,89220,86134,162758,101816,0
95973,20063,51025,116036,146998,71088,0
60261,89474,6195,149735,66456,95669,0
32666,2608,76873,35274,109539,79481,0
41900,97301,35902,139201,77802,133203,0
96174,16565,27184,112739,123358,43749,0
36899,89244,36906,126143,73805,126150,0
49533,89171,61813,138704,111346,150984,1
91214,85026,43816,176240,135030,128842,1
24735,44384,46255,69119,70990,90639,1
67474,8451,35430,75925,102904,43881,0
81429,97994,51840,179423,133269,149834,1
16891,2590,4263,19481,21154,6853,0
64711,77304,64344,142015,129055,141648,1
35531,85689,40688,121220,76219,126377,0
96671,48768,12533,145439,109204,61301,0
78076,34740,24051,112816,102127,58791,0
76168,53207,84895,129375,161063,138102,1
93899,21031,48791,114930,142690,69822,0
5411,52163,79189,57574,84600,131352,0
87476,1388,33467,88864,120943,34855,0
67205,95268,49598,162473,116803,144866,1
31972,85859,71722,117831,103694,157581,1
26197,86944,8969,113141,35166,95913,0
35104,65725,99599,100829,134703,165324,1
86654,66500,37132,153154,123786,103632,1
90663,96599,37779,187262,128442,134378,1
55545,24261,77911,79806,133456,102172,1
93178,54968,10521,148146,103699,65489,0
58056,31758,67408,89814,125464,99166,1
35992,81901,34922,117893,70914,116823,0
97046,65409,80955,162455,178001,146364,1
17758,21922,68830,39680,86588,90752,0
270,28543,54399,28813,54669,82942,0
66392,76788,68960,143180,135352,145748,1
72617,81917,3011,154534,75628,84928,0
48768,73825,90046,122593,138814,163871,1
22477,9048,35472,31525,57949,44520,0
54519,69710,95402,124229,149921,165112,1
75235,25894,43983,101129,119218,69877,0
43014,47629,87297,90643,130311,134926,1
15462,32391,65483,47853,80945,97874,0
20629,96544,86932,117173,107561,183476,1
54791,32694,34654,87485,89445,67348,1
97794,99025,47897,196819,145691,146922,1
41869,43793,7216,85662,49085,51009,1
89365,79166,55013,168531,144378,134179,1
85174,78907,47073,164081,132247,125980,1
92165,90630,39294,182795,131459,129924,1
63408,65749,65355,129157,128763,131104,1
82701,97701,12504,180402,95205,110205,0
16163,31388,43578,47551,59741,74966,1
82378,30692,35786,113070,118164,66478,0
31890,68959,5283,100849,37173,74242,0
42866,3880,8685,46746,51551,12565,0
91911,60133,23663,152044,115574,83796,0
82882,37181,54951,120063,137833,92132,1
73794,36554,75603,110348,149397,112157,1
51804,97922,39250,149726,91054,137172,0
41099,7255,64431,48354,105530,71686,0
47693,35888,5371,83581,53064,41259,0
99334,57567,60821,156901,160155,118388,1
97982,70742,31691,168724,129673,102433,1
29591,39490,1074,69081,30665,40564,0
42174,83116,77432,125290,119606,160548,1
60882,20297,23670,81179,84552,43967,0
51510,1982,41479,53492,92989,43461,0
19364,82038,98278,101402,117642,180316,1
16875,68640,69636,85515,86511,138276,1
88339,77925,9446,166264,97785,87371,0
24628,98193,98934,122821,123562,197127,1
82395,60493,66947,142888,149342,127440,1
95316,25588,31634,120904,126950,57222,0
12024,12783,52631,24807,64655,65414,0
22052,11925,33463,33977,55515,45388,1
99491,87440,2104,186931,101595,89544,0
7223,95328,94905,102551,102128,190233,1
37239,39807,17792,77046,55031,57599,1
5067,27961,54334,33028,59401,82295,0
69675,33497,76368,103172,146043,109865,1
24331,14771,56484,39102,80815,71255,0
33744,10870,4217,44614,37961,15087,0
95757,59266,14934,155023,110691,74200,0
43911,10587,61328,54498,105239,71915,0
97614,83072,49777,180686,147391,132849,1
15336,57240,56211,72576,71547,113451,1
88086,77700,82196,165786,170282,159896,1
89768,44750,90679,134518,180447,135429,1
31364,46752,98355,78116,129719,145107,0
32156,36361,19081,68517,51237,55442,1
83216,78108,70857,161324,154073,148965,1
57211,67190,15386,124401,72597,82576,1
67045,35498,95057,102543,162102,130555,1
89591,94192,42935,183783,132526,137127,1
95706,69549,19269,165255,114975,88818,0
58471,6097,77027,64568,135498,83124,0
2807,24176,82341,26983,85148,106517,0
4033,52614,14385,56647,18418,66999,0
60873,92649,97764,153522,158637,190413,1
1926,34484,30139,36410,32065,64623,0
20796,60071,5378,80867,26174,65449,0
47306,48714,76305,96020,123611,125019,1
75690,47304,41744,122994,117434,89048,1
1095,50639,71949,51734,73044,122588,0
74976,58384,49365,133360,124341,107749,1
19218,11978,30689,31196,49907,42667,1
78574,4959,73081,83533,151655,78040,0
23473,65826,34650,89299,58123,100476,0
1109,35654,19935,36763,21044,55589,0
15472,27224,44715,42696,60187,71939,0
73512,35345,38367,108857,111879,73712,1
37573,79801,40146,117374,77719,119947,0
4517,15344,1979,19861,6496,17323,0
84034,76611,9572,160645,93606,86183,1
46326,83632,39103,129958,85429,122735,1
90026,84042,97682,174068,187708,181724,1
82214,72322,77182,154536,159396,149504,1
74277,99771,26652,174048,100929,126423,1
16184,93487,67715,109671,83899,161202,0
63605,46811,66473,110416,130078,113284,1
9196,93938,78801,103134,87997,172739,0
71621,38304,75297,109925,146918,113601,1
15916,68490,92355,84406,108271,160845,0
8537,95600,24241,104137,32778,119841,0
8721,29992,1939,38713,10660,31931,0
14917,74322,55716,89239,70633,130038,0
56757,2593,56469,59350,113226,59062,1
6582,80571,45988,87153,52570,126559,0
24510,58819,48228,83329,72738,107047,1
92537,66167,70860,158704,163397,137027,1
40448,48860,20556,89308,61004,69416,1
83571,98719,38262,182290,121833,136981,1
96607,68391,20312,164998,116919,88703,0
53176,18044,82619,71220,135795,100663,0
64265,28065,66574,92330,130839,94639,1
91784,96119,97777,187903,189561,193896,1
38815,76047,91352,114862,130167,167399,1
7032,35973,44234,43005,51266,80207,0
6105,29209,70521,35314,76626,99730,0
70359,56291,88156,126650,158515,144447,1
29694,83052,83604,112746,113298,166656,1
41936,78312,58021,120248,99957,136333,1
65703,36185,27368,101888,93071,63553,0
71304,99729,46279,171033,117583,146008,1
21508,11868,7823,33376,29331,19691,0
72942,44803,92974,117745,165916,137777,1
18384,29326,55969,47710,74353,85295,0
3232,87249,47430,90481,50662,134679,0
55362,32457,23291,87819,78653,55748,1
46978,75380,75259,122358,122237,150639,1
11761,15798,12355,27559,24116,28153,1
57631,79119,33547,136750,91178,112666,1
69166,34846,83846,104012,153012,118692,1
59277,92411,9292,151688,68569,101703,0
34074,39070,12189,73144,46263,51259,1
5030,59130,39352,64160,44382,98482,0
89947,8123,36773,98070,126720,44896,0
42897,61346,59233,104243,102130,120579,1
76216,36070,54112,112286,130328,90182,1
88000,31688,449,119688,88449,32137,0
99044,6523,52675,105567,151719,59198,0
84171,2008,26687,86179,110858,28695,0
72642,8394,19679,81036,92321,28073,0
62065,13568,90010,75633,152075,103578,0
92815,20670,50153,113485,142968,70823,0
27856,15458,35290,43314,63146,50748,1
62564,3815,66802,66379,129366,70617,0
6243,46704,85091,52947,91334,131795,0
44550,19422,78187,63972,122737,97609,0
44141,71495,75636,115636,119777,147131,1
49118,57598,22748,106716,71866,80346,1
65170,39515,90662,104685,155832,130177,1
36105,28122,52321,64227,88426,80443,1
66179,96551,27660,162730,93839,124211,0
48216,85993,68981,134209,117197,154974,1
16822,97504,67680,114326,84502,165184,0
90521,16836,12364,107357,102885,29200,0
91686,11477,70580,103163,162266,82057,0
24385,98127,64507,122512,88892,162634,0
91031,15648,32640,106679,123671,48288,0
5190,53299,88643,58489,93833,141942,0
75739,4382,27815,80121,103554,32197,0
84525,63527,5568,148052,90093,69095,0
90967,48741,64099,139708,155066,112840,1
46295,69546,52739,115841,99034,122285,1
53861,14332,27760,68193,81621,42092,0
87289,82689,49699,169978,136988,132388,1
98522,82344,53,180866,98575,82397,0
76084,98877,33839,174961,109923,132716,1
875,67609,10534,68484,11409,78143,0
54315,33004,94238,87319,148553,127242,0
31467,70861,66849,102328,98316,137710,1
32739,17038,78801,49777,111540,95839,0
67646,5066,79387,72712,147033,84453,0
92525,15858,15316,108383,107841,31174,0
81470,67790,95201,149260,176671,162991,1
86561,38744,4541,125305,91102,43285,0
90148,31109,60618,121257,150766,91727,1
75339,52761,44897,128100,120236,97658,1
78283,84086,42113,162369,120396,126199,1
90463,74718,11227,165181,101690,85945,0
67773,20720,97611,88493,165384,118331,0
35364,21112,65561,56476,100925,86673,0
41538,84239,35096,125777,76634,119335,0
83783,77387,72576,161170,156359,149963,1
91646,89292,11505,180938,103151,100797,1
95879,56142,7937,152021,103816,64079,0
34471,79979,79428,114450,113899,159407,1
68410,48753,80398,117163,148808,129151,1
61410,83581,10307,144991,71717,93888,0
61984,83530,74653,145514,136637,158183,1
49384,40806,53094,90190,102478,93900,1
8167,90097,21275,98264,29442,111372,0
31210,41556,34927,72766,66137,76483,1
24653,40761,60618,65414,85271,101379,1
31081,57042,29634,88123,60715,86676,1
38554,56311,64355,94865,102909,120666,1
8823,98686,95952,107509,104775,194638,1
49742,2017,88856,51759,138598,90873,0
66299,84310,58464,150609,124763,142774,1
21045,74270,67510,95315,88555,141780,1
96870,27932,96650,124802,193520,124582,1
56032,56368,1873,112400,57905,58241,1
54690,3715,55805,58405,110495,59520,1
71992,45144,381,117136,72373,45525,0
7443,44109,59737,51552,67180,103846,0
35485,9444,10735,44929,46220,20179,0
75515,50457,68238,125972,143753,118695,1
37057,16268,81453,53325,118510,97721,0
96988,56277,43384,153265,140372,99661,1
42596,24571,62422,67167,105018,86993,1
60860,75279,84984,136139,145844,160263,1
4186,16324,62042,20510,66228,78366,0
29953,71253,98926,101206,128879,170179,1
13608,1226,84579,14834,98187,85805,0
58931,40750,53491,99681,112422,94241,1
50919,94135,72489,145054,123408,166624,1
62089,47083,6114,109172,68203,53197,0
35595,94129,16791,129724,52386,110920,0
58544,54089,12779,112633,71323,66868,1
88278,29484,98029,117762,186307,127513,1
87219,46551,66240,133770,153459,112791,1
57696,12937,45652,70633,103348,58589,1
79076,78900,22046,157976,101122,100946,1
27909,5708,36826,33617,64735,42534,0
16956,64042,68138,80998,85094,132180,1
23176,64428,63502,87604,86678,127930,1
85946,42745,81238,128691,167184,123983,1
88064,46546,37430,134610,125494,83976,0
17689,68401,82088,86090,99777,150489,1
26242,30628,53225,56870,79467,83853,1
88746,47953,85558,136699,174304,133511,1
59568,93533,17226,153101,76794,110759,0
75959,88550,74765,164509,150724,163315,1
88752,83713,71619,172465,160371,155332,1
63283,85153,22684,148436,85967,107837,1
55132,82992,52207,138124,107339,135199,1
26204,18328,4447,44532,30651,22775,0
92501,68898,95302,161399,187803,164200,1
40142,35740,50959,75882,91101,86699,1
50998,54760,21915,105758,72913,76675,1
90369,29073,83509,119442,173878,112582,1
63501,98658,9977,162159,73478,108635,0
53056,34608,54284,87664,107340,88892,1
87358,19092,35591,106450,122949,54683,0
96460,15452,62330,111912,158790,77782,0
42840,7581,85485,50421,128325,93066,0
9147,57454,39884,66601,49031,97338,0
17558,8102,51122,25660,68680,59224,0
78959,43318,50076,122277,129035,93394,1
73101,28789,56171,101890,129272,84960,1
8393,67286,93663,75679,102056,160949,0
30422,28623,55824,59045,86246,84447,1
77783,18953,54746,96736,132529,73699,0
71823,17184,44532,89007,116355,61716,0
46224,72795,82643,119019,128867,155438,1
88008,21711,2154,109719,90162,23865,0
40246,4111,76272,44357,116518,80383,0
78072,49646,97179,127718,175251,146825,1
16796,6582,31517,23378,48313,38099,0
89623,71906,61162,161529,150785,133068,1
16091,82066,47447,98157,63538,129513,0
40513,79390,89510,119903,130023,168900,1
84144,42305,97549,126449,181693,139854,1
12064,11974,48399,24038,60463,60373,0
69848,86056,26570,155904,96418,112626,1
14438,93297,40872,107735,55310,134169,0
33443,55777,89525,89220,122968,145302,0
94451,16331,8302,110782,102753,24633,0
83065,9266,22189,92331,105254,31455,0
65269,15926,28875,81195,94144,44801,0
50999,88218,90437,139217,141436,178655,1
15861,44752,99186,60613,115047,143938,0
20343,21057,43279,41400,63622,64336,0
98087,23678,72549,121765,170636,96227,0
25141,32139,47056,57280,72197,79195,1
7576,19730,9506,27306,17082,29236,0
21587,29384,28709,50971,50296,58093,1
99733,80370,32487,180103,132220,112857,1
32834,21484,98236,54318,131070,119720,0
57942,99127,97165,157069,155107,196292,1
91855,66322,77070,158177,168925,143392,1
38695,87632,1345,126327,40040,88977,0
165,32904,15330,33069,15495,48234,0
90965,26992,38520,117957,129485,65512,0
55300,73002,32678,128302,87978,105680,1
36040,23821,46074,59861,82114,69895,1
92387,9800,59980,102187,152367,69780,0
82901,79700,20469,162601,103370,100169,1
59129,60441,80940,119570,140069,141381,1
82087,74547,77148,156634,159235,151695,1
65985,76098,16070,142083,82055,92168,1
19601,51705,50489,71306,70090,102194,1
32187,97301,99564,129488,131751,196865,1
50849,90750,7031,141599,57880,97781,0
60594,8919,78150,69513,138744,87069,0
58072,70793,10834,128865,68906,81627,0
78858,51690,1962,130548,80820,53652,0
35370,93070,42015,128440,77385,135085,0
13382,78690,76822,92072,90204,155512,1
34233,32457,23164,66690,57397,55621,1
94394,28376,98910,122770,193304,127286,1
31741,26917,88108,58658,119849,115025,0
23317,15059,33843,38376,57160,48902,1
59936,8092,42197,68028,102133,50289,0
33589,9226,41915,42815,75504,51141,1
43876,45391,36615,89267,80491,82006,1
75664,86447,98675,162111,174339,185122,1
44907,20688,24556,65595,69463,45244,1
68814,98916,20819,167730,89633,119735,0
17739,18476,86106,36215,103845,104582,0
81854,76172,87794,158026,169648,163966,1
31270,26847,26622,58117,57892,53469,1
83606,66819,98309,150425,181915,165128,1
37640,81181,69407,118821,107047,150588,1
80891,78667,22050,159558,102941,100717,1
23088,97543,90261,120631,113349,187804,1
44493,34692,71008,79185,115501,105700,1
93299,94351,45683,187650,138982,140034,1
32747,82914,42721,115661,75468,125635,0
614,86557,18530,87171,19144,105087,0
35417,45683,19034,81100,54451,64717,1
66118,38432,25021,104550,91139,63453,0
71528,77306,10031,148834,81559,87337,1
48750,23727,28715,72477,77465,52442,1
60601,42227,9502,102828,70103,51729,0
6700,93875,17240,100575,23940,111115,0
47920,46098,49876,94018,97796,95974,1
88063,49891,28133,137954,116196,78024,0
3574,24886,43956,28460,47530,68842,0
87739,73242,80109,160981,167848,153351,1
61424,65988,72416,127412,133840,138404,1
48538,41389,77514,89927,126052,118903,1
19541,62747,15481,82288,35022,78228,0
76613,87738,67019,164351,143632,154757,1
80166,34544,32234,114710,112400,66778,0
85737,88192,94486,173929,180223,182678,1
82904,68948,25795,151852,108699,94743,1
24056,54413,83853,78469,107909,138266,0
29321,62722,47689,92043,77010,110411,1
43548,78089,96934,121637,140482,175023,1
92524,13523,39847,106047,132371,53370,0
79995,10829,84519,90824,164514,95348,1
70031,24425,54542,94456,124573,78967,1
31440,68871,65263,100311,96703,134134,1
20389,53667,19638,74056,40027,73305,0
7910,36032,96180,43942,104090,132212,0
70601,20337,98997,90938,169598,119334,0
50035,47448,83381,97483,133416,130829,1
66740,4828,21193,71568,87933,26021,0
81539,52150,39779,133689,121318,91929,1
67493,50616,32924,118109,100417,83540,1
60536,88540,25792,149076,86328,114332,0
11037,27851,52645,38888,63682,80496,0
35799,89530,7101,125329,42900,96631,0
9904,17171,46744,27075,56648,63915,0
52349,66465,34293,118814,86642,100758,1
55824,80995,56189,136819,112013,137184,1
22057,17036,61877,39093,83934,78913,0
1923,28942,58058,30865,59981,87000,0
4193,24768,60797,28961,64990,85565,0
84162,1004,15570,85166,99732,16574,0
61027,29824,82973,90851,144000,112797,1
49414,74525,17912,123939,67326,92437,0
30139,92896,78885,123035,109024,171781,1
95806,69175,90659,164981,186465,159834,1
63008,71904,66459,134912,129467,138363,1
26977,82395,74575,109372,101552,156970,1
49592,68833,28400,118425,77992,97233,1
47239,75118,86388,122357,133627,161506,1
54752,17101,80657,71853,135409,97758,0
81405,25644,49782,107049,131187,75426,0
62480,32316,68182,94796,130662,100498,1
46090,81481,21111,127571,67201,102592,0
45072,81796,81190,126868,126262,162986,1
98876,56947,60420,155823,159296,117367,1
42524,22500,59997,65024,102521,82497,1
67340,51566,39308,118906,106648,90874,1
60504,36336,66950,96840,127454,103286,1
97265,18871,70793,116136,168058,89664,0
98271,25795,1273,124066,99544,27068,0
84666,46503,61555,131169,146221,108058,1
18009,93869,8478,111878,26487,102347,0
35315,13514,59125,48829,94440,72639,0
83496,21364,32702,104860,116198,54066,0
26916,73857,87901,100773,114817,161758,1
35924,86103,76331,122027,112255,162434,1
88475,77523,29849,165998,118324,107372,1
35678,18271,33358,53949,69036,51629,1
74850,83004,66818,157854,141668,149822,1
932,21271,77241,22203,78173,98512,0
2970,78929,55240,81899,58210,134169,0
57158,63443,18541,120601,75699,81984,1
67942,75176,41897,143118,109839,117073,1
13475,40072,18397,53547,31872,58469,0
59450,32830,13147,92280,72597,45977,0
22545,91297,61115,113842,83660,152412,0
76781,70624,57427,147405,134208,128051,1
47888,52686,19560,100574,67448,72246,1
6687,30250,32527,36937,39214,62777,1
33823,78531,90156,112354,123979,168687,1
29935,9022,89961,38957,119896,98983,0
71931,75142,22232,147073,94163,97374,1
64707,81514,82734,146221,147441,164248,1
44008,21418,87967,65426,131975,109385,0
62397,39948,46658,102345,109055,86606,1
17337,91805,20761,109142,38098,112566,0
12006,79697,36157,91703,48163,115854,0
89849,57682,35476,147531,125325,93158,1
58873,16345,84977,75218,143850,101322,0
98533,94694,66297,193227,164830,160991,1
50729,42912,29370,93641,80099,72282,1
98225,45257,9854,143482,108079,55111,0
53487,56849,20026,110336,73513,76875,1
96691,78245,99627,174936,196318,177872,1
84758,44814,55847,129572,140605,100661,1
71596,44858,62177,116454,133773,107035,1
88665,67943,18665,156608,107330,86608,0
11259,99220,48363,110479,59622,147583,0
76093,89651,21827,165744,97920,111478,1
37411,54249,20436,91660,57847,74685,1
59824,12872,80500,72696,140324,93372,0
29256,81126,94858,110382,124114,175984,1
69985,54741,5099,124726,75084,59840,0
35582,5275,76700,40857,112282,81975,0
93506,69127,38817,162633,132323,107944,1
12377,35917,16821,48294,29198,52738,0
89639,32461,76294,122100,165933,108755,1
28398,54226,94072,82624,122470,148298,0
21601,12860,30815,34461,52416,43675,1
7349,69077,46034,76426,53383,115111,0
96215,920,29994,97135,126209,30914,0
61602,27310,64535,88912,126137,91845,1
89011,20149,31726,109160,120737,51875,0
70296,55184,28762,125480,99058,83946,1
1116,39317,53619,40433,54735,92936,0
12389,22814,12149,35203,24538,34963,1
73554,10359,40212,83913,113766,50571,0
84918,14462,3118,99380,88036,17580,0
98050,45660,2939,143710,100989,48599,0
70593,43399,24270,113992,94863,67669,0
39038,67953,42688,106991,81726,110641,1
40118,78630,61842,118748,101960,140472,1
63623,84768,83644,148391,147267,168412,1
4963,78931,19142,83894,24105,98073,0
59688,96715,94332,156403,154020,191047,1
41127,46439,6240,87566,47367,52679,1
14903,80140,62819,95043,77722,142959,0
58492,5094,90861,63586,149353,95955,0
97582,64782,19407,162364,116989,84189,0
78267,68313,55530,146580,133797,123843,1
68792,1483,65770,70275,134562,67253,0
70347,38390,33076,108737,103423,71466,1
54393,59460,61515,113853,115908,120975,1
92857,4107,77352,96964,170209,81459,0
48174,27096,25621,75270,73795,52717,1
21438,18343,45239,39781,66677,63582,0
36610,44471,59612,81081,96222,104083,1
25766,8118,50682,33884,76448,58800,0
12334,13942,7124,26276,19458,21066,1
61625,28465,86163,90090,147788,114628,1
50546,79273,27375,129819,77921,106648,0
82893,29797,94445,112690,177338,124242,1
89050,13581,9092,102631,98142,22673,0
73193,62894,27493,136087,100686,90387,1
9062,73280,41738,82342,50800,115018,0
53254,98094,23575,151348,76829,121669,0
27375,79582,67394,106957,94769,146976,1
18156,7941,40039,26097,58195,47980,0
44052,96752,85224,140804,129276,181976,1
39177,36458,96778,75635,135955,133236,0
75221,95540,55784,170761,131005,151324,1
1475,83137,26425,84612,27900,109562,0
22118,38246,34279,60364,56397,72525,1
75739,61969,89905,137708,165644,151874,1
41888,83673,82494,125561,124382,166167,1
4040,72243,35203,76283,39243,107446,0
44474,23128,69980,67602,114454,93108,0
33435,17521,49794,50956,83229,67315,1
99374,44542,63515,143916,162889,108057,1
60729,81983,25181,142712,85910,107164,1
63407,98274,84082,161681,147489,182356,1
16328,58740,17505,75068,33833,76245,0
69027,63391,92369,132418,161396,155760,1
28530,711,42484,29241,71014,43195,0
63472,88743,51935,152215,115407,140678,1
91808,33539,92811,125347,184619,126350,1
91425,39042,2586,130467,94011,41628,0
55482,11344,30707,66826,86189,42051,0
62209,14291,41853,76500,104062,56144,0
49996,28249,24407,78245,74403,52656,1
57261,91439,8186,148700,65447,99625,0
86054,11648,31763,97702,117817,43411,0
2710,85436,81933,88146,84643,167369,0
29329,25176,30685,54505,60014,55861,1
728,12177,49115,12905,49843,61292,0
93796,81237,32550,175033,126346,113787,1
24035,46548,76102,70583,100137,122650,0
10070,20405,32354,30475,42424,52759,0
52776,60534,80098,113310,132874,140632,1
65391,46902,89281,112293,154672,136183,1
72172,37131,43710,109303,115882,80841,1
84594,40512,35576,125106,120170,76088,0
9001,10237,98985,19238,107986,109222,0
58038,64917,99275,122955,157313,164192,1
46304,8241,39319,54545,85623,47560,1
14193,55859,63222,70052,77415,119081,1
764,81959,49958,82723,50722,131917,0
88213,46030,67147,134243,155360,113177,1
2903,78111,16023,81014,18926,94134,0
69293,92842,25392,162135,94685,118234,1
50451,1471,60197,51922,110648,61668,0
70373,46396,15370,116769,85743,61766,0
31581,73237,70750,104818,102331,143987,1
88361,94402,11200,182763,99561,105602,1
62886,9020,98581,71906,161467,107601,0
82243,30660,78826,112903,161069,109486,1
50321,53509,88613,103830,138934,142122,1
5377,50807,97704,56184,103081,148511,0
61809,9055,97965,70864,159774,107020,0
58354,46128,80075,104482,138429,126203,1
18452,23394,98581,41846,117033,121975,0
99428,99091,78095,198519,177523,177186,1
286,52226,99541,52512,99827,151767,0
71281,75977,31979,147258,103260,107956,1
47480,93888,44673,141368,92153,138561,0
67636,1318,25006,68954,92642,26324,0
7080,24411,36547,31491,43627,60958,0
86824,91314,27789,178138,114613,119103,1
38398,36295,50406,74693,88804,86701,1
69215,7707,59127,76922,128342,66834,0
71146,82236,54637,153382,125783,136873,1
62850,25846,8382,88696,71232,34228,0
35607,59338,72713,94945,108320,132051,1
60144,67073,16751,127217,76895,83824,1
51904,56109,22283,108013,74187,78392,1
49699,88340,31627,138039,81326,119967,0
22556,61657,15268,84213,37824,76925,0
30045,19826,6422,49871,36467,26248,0
87170,57244,55225,144414,142395,112469,1
72080,18797,48904,90877,120984,67701,0
27159,66004,31084,93163,58243,97088,0
66588,28540,34749,95128,101337,63289,0
69910,2016,99248,71926,169158,101264,0
50152,20342,46312,70494,96464,66654,1
84974,59581,37563,144555,122537,97144,1
90993,66442,81527,157435,172520,147969,1
98181,97231,38629,195412,136810,135860,1
42477,86328,13517,128805,55994,99845,0
84977,37336,71459,122313,156436,108795,1
96082,2359,76266,98441,172348,78625,0
47634,12216,98312,59850,145946,110528,0
44985,40796,15957,85781,60942,56753,1
90957,62083,77865,153040,168822,139948,1
49864,47185,69983,97049,119847,117168,1
8161,65340,87012,73501,95173,152352,0
45255,21592,27895,66847,73150,49487,1
44969,64099,33730,109068,78699,97829,1
3289,23953,46011,27242,49300,69964,0
43843,25604,84281,69447,128124,109885,0
21574,40771,84809,62345,106383,125580,0
41514,64402,48113,105916,89627,112515,1
10167,18942,97903,29109,108070,116845,0
2525,49067,92092,51592,94617,141159,0
82119,76118,60925,158237,143044,137043,1
6621,47001,68386,53622,75007,115387,0
66508,32139,8706,98647,75214,40845,0
14031,25190,95151,39221,109182,120341,0
83697,62415,95431,146112,179128,157846,1
20835,34780,81063,55615,101898,115843,0
13273,12676,18453,25949,31726,31129,1
50901,65116,97315,116017,148216,162431,1
94699,87953,19857,182652,114556,107810,1
28357,27037,36418,55394,64775,63455,1
1290,12819,30384,14109,31674,43203,0
80992,56280,57289,137272,138281,113569,1
10224,38320,10753,48544,20977,49073,0
94098,35409,11340,129507,105438,46749,0
98513,73284,98865,171797,197378,172149,1
31718,73260,28085,104978,59803,101345,0
53396,63046,27407,116442,80803,90453,1
94714,76911,82682,171625,177396,159593,1
51396,14834,23480,66230,74876,38314,0
72370,55200,21499,127570,93869,76699,1
8070,49039,38989,57109,47059,88028,0
20538,59049,92718,79587,113256,151767,0
84276,48467,91726,132743,176002,140193,1
2753,8381,96668,11134,99421,105049,0
75301,50671,62979,125972,138280,113650,1
14655,82380,94231,97035,108886,176611,1
14117,9205,67537,23322,81654,76742,0
20692,33379,79257,54071,99949,112636,0
31032,42143,61899,73175,92931,104042,1
17580,43652,65212,61232,82792,108864,0
86431,59186,32898,145617,119329,92084,1
22472,84157,34053,106629,56525,118210,0
61474,93426,49796,154900,111270,143222,1
63772,32873,99045,96645,162817,131918,0
62033,39875,63766,101908,125799,103641,1
90991,11767,87910,102758,178901,99677,1
5829,59025,41747,64854,47576,100772,0
65134,71460,84699,136594,149833,156159,1
48820,23887,20505,72707,69325,44392,0
71393,75385,84815,146778,156208,160200,1
92249,2744,45998,94993,138247,48742,0
44043,5382,87586,49425,131629,92968,0
27104,88089,99047,115193,126151,187136,1
87843,89724,7191,177567,95034,96915,1
20673,45860,31290,66533,51963,77150,1
11469,18240,68662,29709,80131,86902,0
83785,83926,73886,167711,157671,157812,1
53930,12051,94343,65981,148273,106394,0
13106,86425,4195,99531,17301,90620,0
75278,44875,92918,120153,168196,137793,1
60575,82993,604,143568,61179,83597,0
24513,48465,20370,72978,44883,68835,0
70158,35597,20792,105755,90950,56389,0
23796,25440,80270,49236,104066,105710,0
19920,85987,7184,105907,27104,93171,0
90923,42382,67290,133305,158213,109672,1
95923,19521,45044,115444,140967,64565,0
9112,81869,97099,90981,106211,178968,0
85436,5725,43497,91161,128933,49222,0
3448,93335,70817,96783,74265,164152,0
99808,76178,98025,175986,197833,174203,1
65221,20664,44065,85885,109286,64729,0
683,86837,64793,87520,65476,151630,0
34548,75228,20349,109776,54897,95577,0
5197,91858,77429,97055,82626,169287,0
14919,85878,13507,100797,28426,99385,0
28108,90423,4788,118531,32896,95211,0
33870,40276,45666,74146,79536,85942,1
92605,4343,87247,96948,179852,91590,0
83000,34476,97035,117476,180035,131511,1
17530,65797,28660,83327,46190,94457,0
28483,338,45835,28821,74318,46173,0
75926,98358,76627,174284,152553,174985,1
90202,18692,48661,108894,138863,67353,0
77284,29357,43454,106641,120738,72811,0
46860,53031,73037,99891,119897,126068,1
29344,28339,54564,57683,83908,82903,1
84693,76894,50138,161587,134831,127032,1
34590,72850,68769,107440,103359,141619,1
15129,30016,59819,45145,74948,89835,0
33403,84659,73995,118062,107398,158654,1
64232,20210,14693,84442,78925,34903,0
49268,49692,80920,98960,130188,130612,1
74113,63730,61191,137843,135304,124921,1
23737,36586,64930,60323,88667,101516,0
73687,39328,48756,113015,122443,88084,1
84041,44762,90898,128803,174939,135660,1
77408,51729,30373,129137,107781,82102,1
4925,8675,61566,13600,66491,70241,0
87539,14642,20654,102181,108193,35296,0
98370,24335,62128,122705,160498,86463,0
6343,80064,34428,86407,40771,114492,0
75386,76270,57350,151656,132736,133620,1
95133,27276,67288,122409,162421,94564,0
51059,63639,9062,114698,60121,72701,0
41967,96231,50948,138198,92915,147179,0
77647,93296,67327,170943,144974,160623,1
48963,69244,5132,118207,54095,74376,0
40838,32183,12030,73021,52868,44213,1
25623,6956,66870,32579,92493,73826,0
77845,23348,19044,101193,96889,42392,0
42677,90656,69569,133333,112246,160225,1
27745,31182,25521,58927,53266,56703,1
4524,11332,47420,15856,51944,58752,0
86667,2887,2720,89554,89387,5607,0
49348,60379,14918,109727,64266,75297,1
52521,75043,2820,127564,55341,77863,0
5310,86431,23813,91741,29123,110244,0
9866,28523,51380,38389,61246,79903,0
92746,44480,37715,137226,130461,82195,0
29086,17642,51766,46728,80852,69408,0
13999,29056,50464,43055,64463,79520,0
85841,45841,20459,131682,106300,66300,0
72568,20929,44355,93497,116923,65284,0
78810,55083,30403,133893,109213,85486,1
10637,65648,29967,76285,40604,95615,0
20192,42942,84679,63134,104871,127621,0
88769,66162,60927,154931,149696,127089,1
69767,21758,38529,91525,108296,60287,0
60734,52163,17575,112897,78309,69738,1
58407,74221,34742,132628,93149,108963,1
32175,95919,85698,128094,117873,181617,1
53075,71755,76434,124830,129509,148189,1
44543,28060,98746,72603,143289,126806,0
74015,94036,90762,168051,164777,184798,1
26934,16325,74181,43259,101115,90506,0
91049,72989,49608,164038,140657,122597,1
14534,54272,10393,68806,24927,64665,0
38327,73786,52656,112113,90983,126442,1
5728,95657,53968,101385,59696,149625,0
80620,74766,15937,155386,96557,90703,1
5166,24174,87223,29340,92389,111397,0
22072,7630,4089,29702,26161,11719,0
96178,6179,81163,102357,177341,87342,0
42198,48402,90126,90600,132324,138528,1
78706,99472,92247,178178,170953,191719,1
76390,42580,3262,118970,79652,45842,0
24056,25553,75818,49609,99874,101371,0
22370,49416,43919,71786,66289,93335,1
25200,26605,31,51805,25231,26636,0
42072,72484,39995,114556,82067,112479,1
25685,81632,57342,107317,83027,138974,1
47606,89930,50337,137536,97943,140267,1
4177,67665,49339,71842,53516,117004,0
31149,50935,91267,82084,122416,142202,0
16276,8945,71315,25221,87591,80260,0
52431,94631,52708,147062,105139,147339,1
72432,59926,14761,132358,87193,74687,1
62666,81601,87026,144267,149692,168627,1
32894,34058,33351,66952,66245,67409,1
7637,18847,38500,26484,46137,57347,0
32537,26396,55813,58933,88350,82209,1
73440,74173,67986,147613,141426,142159,1
66929,87352,35552,154281,102481,122904,1
39454,63,2146,39517,41600,2209,0
25662,51875,3656,77537,29318,55531,0
14243,37972,58315,52215,72558,96287,0
18018,26409,5983,44427,24001,32392,0
45833,9690,90219,55523,136052,99909,0
66744,49605,760,116349,67504,50365,0
84532,87514,23634,172046,108166,111148,1
94361,26788,75801,121149,170162,102589,1
44198,49662,37431,93860,81629,87093,1
47970,48807,94584,96777,142554,143391,1
56015,47903,36881,103918,92896,84784,1
960,1934,85254,2894,86214,87188,0
41935,4588,54508,46523,96443,59096,0
11218,99023,43316,110241,54534,142339,0
67330,24888,61614,92218,128944,86502,1
64148,69593,7443,133741,71591,77036,1
20263,14887,56151,35150,76414,71038,0
8560,43360,47901,51920,56461,91261,1
59744,15339,36163,75083,95907,51502,0
46201,31377,78137,77578,124338,109514,0
92109,5211,26282,97320,118391,31493,0
47626,19161,47955,66787,95581,67116,1
7262,5186,14167,12448,21429,19353,0
3725,23098,95118,26823,98843,118216,0
57076,39995,95473,97071,152549,135468,1
36394,23138,58202,59532,94596,81340,1
16340,90846,96066,107186,112406,186912,1
94753,82324,75990,177077,170743,158314,1
2983,10791,41519,13774,44502,52310,0
21996,1357,68952,23353,90948,70309,0
78266,24414,52498,102680,130764,76912,0
69846,19395,12918,89241,82764,32313,0
60209,72118,39302,132327,99511,111420,1
18111,12512,88864,30623,106975,101376,0
33237,62546,55753,95783,88990,118299,1
53590,5363,51024,58953,104614,56387,1
22758,16462,49938,39220,72696,66400,0
63048,79069,11127,142117,74175,90196,0
44360,86017,7415,130377,51775,93432,0
64451,94155,24014,158606,88465,118169,0
76055,19522,5299,95577,81354,24821,0
52508,63688,54572,116196,107080,118260,1
60627,32098,36585,92725,97212,68683,1
95101,15460,54168,110561,149269,69628,0
87875,64565,84922,152440,172797,149487,1
82005,46484,80493,128489,162498,126977,1
46896,86184,21454,133080,68350,107638,0
87179,79166,29993,166345,117172,109159,1
11408,22600,74219,34008,85627,96819,0
25582,88472,8846,114054,34428,97318,0
32653,79512,99451,112165,132104,178963,1
10617,11312,54948,21929,65565,66260,0
56762,86632,82155,143394,138917,168787,1
92906,99129,90731,192035,183637,189860,1
30740,93322,45348,124062,76088,138670,0
17814,74100,87848,91914,105662,161948,1
32483,87425,1041,119908,33524,88466,0
81834,99280,64049,181114,145883,163329,1
67346,171,9505,67517,76851,9676,0
77144,29732,72142,106876,149286,101874,1
95104,42098,23978,137202,119082,66076,0
52128,24650,9362,76778,61490,34012,0
82126,29342,31408,111468,113534,60750,0
9015,82938,93932,91953,102947,176870,0
21321,34077,55254,55398,76575,89331,1
54774,91556,17079,146330,71853,108635,0
48513,76885,80766,125398,129279,157651,1
74562,73103,44982,147665,119544,118085,1
91066,40889,86043,131955,177109,126932,1
80859,28696,11098,109555,91957,39794,0
96194,77884,6760,174078,102954,84644,0
81519,25512,34183,107031,115702,59695,0
94430,43059,81542,137489,175972,124601,1
58049,9915,70943,67964,128992,80858,0
24965,5412,2117,30377,27082,7529,0
32332,4107,98737,36439,131069,102844,0
47128,68189,56060,115317,103188,124249,1
3476,16472,83836,19948,87312,100308,0
36167,54823,12850,90990,49017,67673,0
94163,46159,46120,140322,140283,92279,0
82156,12061,750,94217,82906,12811,0
19766,63939,56641,83705,76407,120580,1
80885,13354,89353,94239,170238,102707,1
75242,98127,67881,173369,143123,166008,1
73933,41537,83524,115470,157457,125061,1
24256,5888,47411,30144,71667,53299,0
79159,73560,89534,152719,168693,163094,1
88574,37834,27401,126408,115975,65235,0
60365,19422,66677,79787,127042,86099,1
50384,64270,40644,114654,91028,104914,1
24250,88640,55230,112890,79480,143870,0
27542,25841,66458,53383,94000,92299,0
86807,2065,22213,88872,109020,24278,0
97668,6440,2191,104108,99859,8631,0
62316,61986,67953,124302,130269,129939,1
24825,27826,12704,52651,37529,40530,1
84080,18709,97624,102789,181704,116333,1
73041,27636,27080,100677,100121,54716,0
7068,59402,98006,66470,105074,157408,0
77013,68260,95506,145273,172519,163766,1
251,3131,2545,3382,2796,5676,0
42584,97956,17836,140540,60420,115792,0
25485,55323,6112,80808,31597,61435,0
50056,46953,24338,97009,74394,71291,1
47630,37841,38923,85471,86553,76764,1
44840,81270,12090,126110,56930,93360,0
46774,92718,93959,139492,140733,186677,1
56136,19213,46050,75349,102186,65263,1
4838,77059,16287,81897,21125,93346,0
43181,15315,98988,58496,142169,114303,0
3540,35385,39881,38925,43421,75266,0
64347,97852,74437,162199,138784,172289,1
4884,99647,24742,104531,29626,124389,0
85989,22143,12669,108132,98658,34812,0
72125,67238,11727,139363,83852,78965,1
77984,85459,491,163443,78475,85950,0
66040,17666,62875,83706,128915,80541,1
5054,18561,34159,23615,39213,52720,0
22101,65010,66574,87111,88675,131584,1
20228,446,70436,20674,90664,70882,0
81214,41231,28908,122445,110122,70139,0
72753,66877,50520,139630,123273,117397,1
45311,21175,58610,66486,103921,79785,1
90232,52290,84862,142522,175094,137152,1
69540,11470,77709,81010,147249,89179,1
91078,77738,6203,168816,97281,83941,0
16297,78705,8706,95002,25003,87411,0
43992,71558,89311,115550,133303,160869,1
42687,14765,64417,57452,107104,79182,0
5216,91632,29566,96848,34782,121198,0
33362,56122,63230,89484,96592,119352,1
63369,76746,25641,140115,89010,102387,1
98416,4149,58007,102565,156423,62156,0
78292,40885,95849,119177,174141,136734,1
46993,65656,39111,112649,86104,104767,1
43667,3662,94400,47329,138067,98062,0
55175,99890,61142,155065,116317,161032,1
78876,93324,14792,172200,93668,108116,1
19049,5664,72679,24713,91728,78343,0
28803,29341,99494,58144,128297,128835,0
9498,94017,70669,103515,80167,164686,0
83228,94100,77350,177328,160578,171450,1
19705,93734,46425,113439,66130,140159,0
75037,51081,82220,126118,157257,133301,1
93004,42503,71521,135507,164525,114024,1
10950,90898,10094,101848,21044,100992,0
81940,3774,19696,85714,101636,23470,0
28882,44615,94687,73497,123569,139302,0
61921,87081,54853,149002,116774,141934,1
37968,18132,45973,56100,83941,64105,1
64073,51961,24212,116034,88285,76173,1
32649,73054,27899,105703,60548,100953,0
18842,45123,56774,63965,75616,101897,1
95324,10215,39965,105539,135289,50180,0
76076,43527,95355,119603,171431,138882,1
19830,52919,95816,72749,115646,148735,0
15430,29695,1950,45125,17380,31645,0
44854,83489,3283,128343,48137,86772,0
18755,50126,56569,68881,75324,106695,1
60679,12008,55737,72687,116416,67745,1
5973,6154,73167,12127,79140,79321,0
25211,79821,53376,105032,78587,133197,0
46622,17465,82390,64087,129012,99855,0
42573,2359,2724,44932,45297,5083,0
65631,39070,55356,104701,120987,94426,1
46969,28311,41301,75280,88270,69612,1
55615,36469,62163,92084,117778,98632,1
13302,51842,23531,65144,36833,75373,0
11427,6526,34297,17953,45724,40823,0
1999,90916,44611,92915,46610,135527,0
58529,38816,39915,97345,98444,78731,1
5105,81640,57363,86745,62468,139003,0
16968,83474,1146,100442,18114,84620,0
43300,80424,78133,123724,121433,158557,1
45720,99235,64813,144955,110533,164048,1
18682,84645,87578,103327,106260,172223,1
4028,37254,28197,41282,32225,65451,0
87116,95456,87174,182572,174290,182630,1
27448,54520,92532,81968,119980,147052,0
95371,4435,58843,99806,154214,63278,0
9323,67939,24546,77262,33869,92485,0
38253,74503,63952,112756,102205,138455,1
65372,50405,35841,115777,101213,86246,1
5123,60335,11126,65458,16249,71461,0
22562,26283,95303,48845,117865,121586,0
6980,32376,62392,39356,69372,94768,0
99687,42668,79280,142355,178967,121948,1
51252,13636,62716,64888,113968,76352,1
23397,67471,55896,90868,79293,123367,1
32307,1777,83811,34084,116118,85588,0
14170,20918,60912,35088,75082,81830,0
75780,91483,80202,167263,155982,171685,1
53970,91732,74565,145702,128535,166297,1
9235,91192,2461,100427,11696,93653,0
5598,57471,18899,63069,24497,76370,0
6190,89266,51975,95456,58165,141241,0
62723,27992,2916,90715,65639,30908,0
15996,46306,98871,62302,114867,145177,0
95044,54849,45072,149893,140116,99921,1
84588,5796,77259,90384,161847,83055,0
51813,37007,8140,88820,59953,45147,0
12806,79601,59300,92407,72106,138901,0
48500,72922,59252,121422,107752,132174,1
66923,69672,27200,136595,94123,96872,1
94918,39211,81978,134129,176896,121189,1
43908,5810,5394,49718,49302,11204,0
22691,44699,17860,67390,40551,62559,0
37446,46433,17593,83879,55039,64026,1
78850,2741,62639,81591,141489,65380,0
88053,4707,13920,92760,101973,18627,0
30849,30513,39305,61362,70154,69818,1
69396,6331,71123,75727,140519,77454,1
57355,9827,97279,67182,154634,107106,0
66856,82783,14462,149639,81318,97245,0
93907,63595,55528,157502,149435,119123,1
37008,24552,46409,61560,83417,70961,1
56897,55931,11978,112828,68875,67909,1
63817,13674,54955,77491,118772,68629,1
66083,1326,84193,67409,150276,85519,0
86060,25759,33535,111819,119595,59294,0
70088,83118,19098,153206,89186,102216,1
89822,62222,47221,152044,137043,109443,1
17974,41568,76797,59542,94771,118365,0
3555,25152,9356,28707,12911,34508,0
27806,18894,68062,46700,95868,86956,0
74236,41634,7423,115870,81659,49057,0
66101,67538,33196,133639,99297,100734,1
44721,14865,72435,59586,117156,87300,0
42812,62200,85580,105012,128392,147780,1
34017,50327,51523,84344,85540,101850,1
25170,18899,50547,44069,75717,69446,0
16225,10898,54474,27123,70699,65372,0
87979,37470,96821,125449,184800,134291,1
92160,21229,91289,113389,183449,112518,1
59910,829,60245,60739,120155,61074,1
42030,84024,17715,126054,59745,101739,0
3386,24314,11300,27700,14686,35614,0
67975,43024,82255,110999,150230,125279,1
36721,67222,80818,103943,117539,148040,1
47697,2958,13166,50655,60863,16124,0
17366,23468,90543,40834,107909,114011,0
95255,43942,38775,139197,134030,82717,0
31016,75552,73041,106568,104057,148593,1
5109,95169,78768,100278,83877,173937,0
78682,60772,11861,139454,90543,72633,0
27762,31704,63435,59466,91197,95139,0
26762,34707,4339,61469,31101,39046,0
16144,58778,96681,74922,112825,155459,0
45521,58208,90236,103729,135757,148444,1
75682,79457,76450,155139,152132,155907,1
60461,13438,78944,73899,139405,92382,0
2029,95554,31069,97583,33098,126623,0
94608,4208,72800,98816,167408,77008,0
58306,97928,90311,156234,148617,188239,1
86748,26241,98070,112989,184818,124311,1
14477,87967,77817,102444,92294,165784,1
80322,42493,26908,122815,107230,69401,0
86553,86575,67425,173128,153978,154000,1
42486,92477,31706,134963,74192,124183,0
42828,4378,64733,47206,107561,69111,0
60216,39170,33352,99386,93568,72522,1
31586,9317,30930,40903,62516,40247,1
67429,64245,57235,131674,124664,121480,1
59318,30552,6471,89870,65789,37023,0
2227,24769,69454,26996,71681,94223,0
68603,77502,81898,146105,150501,159400,1
41847,66458,86593,108305,128440,153051,1
16179,37706,33879,53885,50058,71585,1
70985,6046,42874,77031,113859,48920,0
99120,77892,89360,177012,188480,167252,1
63603,16082,92350,79685,155953,108432,0
84106,93486,51732,177592,135838,145218,1
13055,18002,37254,31057,50309,55256,0
68620,79303,27428,147923,96048,106731,1
48542,76002,27923,124544,76465,103925,1
94579,86111,37119,180690,131698,123230,1
66593,7527,8457,74120,75050,15984,0
77317,10654,95418,87971,172735,106072,0
90153,74975,71966,165128,162119,146941,1
25325,23838,79442,49163,104767,103280,0
14680,30520,48610,45200,63290,79130,0
25333,33036,47723,58369,73056,80759,1
27451,23846,84508,51297,111959,108354,0
56343,24799,84025,81142,140368,108824,0
50024,90424,8119,140448,58143,98543,0
66945,24432,81839,91377,148784,106271,1
88152,36677,38337,124829,126489,75014,0
18088,16303,72357,34391,90445,88660,0
41326,88010,82243,129336,123569,170253,1
61599,1140,82101,62739,143700,83241,0
50135,94399,22533,144534,72668,116932,0
69999,62334,30926,132333,100925,93260,1
697,78948,40036,79645,40733,118984,0
53093,26874,64941,79967,118034,91815,1
42167,42311,39477,84478,81644,81788,1
43976,47968,89974,91944,133950,137942,1
86746,6611,30626,93357,117372,37237,0
72766,127,48106,72893,120872,48233,0
92261,77035,66956,169296,159217,143991,1
46317,55990,91852,102307,138169,147842,1
79257,8224,49054,87481,128311,57278,0
8778,49017,51370,57795,60148,100387,1
38473,2055,77503,40528,115976,79558,0
77213,48977,60877,126190,138090,109854,1
73279,25823,57420,99102,130699,83243,1
55460,53445,96792,108905,152252,150237,1
69627,32996,13722,102623,83349,46718,0
11367,65571,30046,76938,41413,95617,0
45109,68801,36651,113910,81760,105452,1
11414,37132,81036,48546,92450,118168,0
45666,64450,65563,110116,111229,130013,1
62120,10503,27134,72623,89254,37637,0
1124,71515,4863,72639,5987,76378,0
47004,25625,6139,72629,53143,31764,0
68431,74022,70386,142453,138817,144408,1
5075,37480,49757,42555,54832,87237,0
84145,94527,99238,178672,183383,193765,1
57802,90929,87473,148731,145275,178402,1
96257,5648,51228,101905,147485,56876,0
51187,15259,95868,66446,147055,111127,0
6933,92347,48400,99280,55333,140747,0
62633,47109,44228,109742,106861,91337,1
61658,91177,7205,152835,68863,98382,0
67063,67166,97415,134229,164478,164581,1
93830,533,87080,94363,180910,87613,0
29610,26853,17920,56463,47530,44773,1
31695,53962,89857,85657,121552,143819,0
59432,94603,79225,154035,138657,173828,1
97020,79518,19995,176538,117015,99513,1
78344,3533,37360,81877,115704,40893,0
28411,33984,76601,62395,105012,110585,0
40398,25723,23622,66121,64020,49345,1
68739,5384,53034,74123,121773,58418,0
83019,72620,37243,155639,120262,109863,1
37329,50219,82624,87548,119953,132843,1
98097,19444,86141,117541,184238,105585,1
17884,84382,35379,102266,53263,119761,0
11311,57489,49971,68800,61282,107460,1
25740,68332,12463,94072,38203,80795,0
70163,49432,22903,119595,93066,72335,1
41286,20163,84402,61449,125688,104565,0
73373,38246,6450,111619,79823,44696,0
14976,93425,21394,108401,36370,114819,0
76018,71341,44572,147359,120590,115913,1
6499,38226,98838,44725,105337,137064,0
770,73951,36501,74721,37271,110452,0
69780,2426,67999,72206,137779,70425,1
52940,65061,36919,118001,89859,101980,1
37912,31771,93592,69683,131504,125363,0
94493,67321,55532,161814,150025,122853,1
70876,67222,42718,138098,113594,109940,1
48609,89900,20708,138509,69317,110608,0
10362,90285,40850,100647,51212,131135,0
19741,21329,15479,41070,35220,36808,1
7287,69051,87508,76338,94795,156559,0
32284,15301,12888,47585,45172,28189,0
89238,11772,94587,101010,183825,106359,1
68598,68095,86782,136693,155380,154877,1
20991,22637,66403,43628,87394,89040,0
54443,88613,90429,143056,144872,179042,1
13054,90972,65397,104026,78451,156369,0
35644,22520,43216,58164,78860,65736,1
99007,33988,48595,132995,147602,82583,0
71649,75667,47006,147316,118655,122673,1
91836,4990,56497,96826,148333,61487,0
44723,31055,48008,75778,92731,79063,1
90435,76623,78208,167058,168643,154831,1
36459,53114,724,89573,37183,53838,0
10599,93172,8748,103771,19347,101920,0
3317,52361,40996,55678,44313,93357,0
216,27320,9052,27536,9268,36372,0
45999,4637,60535,50636,106534,65172,0
38679,61377,81532,100056,120211,142909,1
41257,37571,6837,78828,48094,44408,1
52640,87611,6666,140251,59306,94277,0
93943,66818,82242,160761,176185,149060,1
2189,35040,3540,37229,5729,38580,0
73263,75405,52028,148668,125291,127433,1
10973,4099,26293,15072,37266,30392,0
12703,72657,60219,85360,72922,132876,1
13218,96839,12576,110057,25794,109415,0
86028,727,23797,86755,109825,24524,0
69803,98322,13940,168125,83743,112262,0
39473,62751,15135,102224,54608,77886,0
13505,20850,87667,34355,101172,108517,0
4434,50345,35165,54779,39599,85510,0
55072,20834,89427,75906,144499,110261,0
22793,74352,80451,97145,103244,154803,1
72032,26752,45735,98784,117767,72487,1
42517,1484,36801,44001,79318,38285,0
32733,51263,71558,83996,104291,122821,1
2406,77212,73058,79618,75464,150270,0
22645,37092,72741,59737,95386,109833,0
31366,58550,35125,89916,66491,93675,1
48059,70029,9956,118088,58015,79985,0
56956,37331,79828,94287,136784,117159,1
3310,66398,19587,69708,22897,85985,0
88261,37101,82563,125362,170824,119664,1
14965,47541,14267,62506,29232,61808,0
69542,67366,52818,136908,122360,120184,1
26313,67336,59036,93649,85349,126372,1
35856,34528,56997,70384,92853,91525,1
10266,77503,51960,87769,62226,129463,0
67630,11399,47215,79029,114845,58614,0
85620,78069,49229,163689,134849,127298,1
96750,60646,33106,157396,129856,93752,0
4549,43102,16970,47651,21519,60072,0
69536,11439,19231,80975,88767,30670,0
56205,41264,76948,97469,133153,118212,1
59470,1266,35419,60736,94889,36685,0
22865,52523,23950,75388,46815,76473,0
52615,96627,16752,149242,69367,113379,0
21501,83790,56648,105291,78149,140438,0
30644,383,33830,31027,64474,34213,0
92104,37843,46107,129947,138211,83950,0
62881,43659,3002,106540,65883,46661,0
13817,77164,24654,90981,38471,101818,0
93662,85966,94383,179628,188045,180349,1
78041,45744,91591,123785,169632,137335,1
93230,71975,66343,165205,159573,138318,1
72577,68411,87141,140988,159718,155552,1
79648,4039,66530,83687,146178,70569,0
31985,11291,40235,43276,72220,51526,1
18749,83915,95359,102664,114108,179274,1
28739,58041,27565,86780,56304,85606,0
12692,96712,76632,109404,89324,173344,0
49215,2405,18548,51620,67763,20953,0
99450,30861,63362,130311,162812,94223,0
87966,49854,13537,137820,101503,63391,0
70810,49915,34636,120725,105446,84551,1
79502,10188,57039,89690,136541,67227,0
51206,36469,53840,87675,105046,90309,1
33158,98232,19977,131390,53135,118209,0
46397,88270,84351,134667,130748,172621,1
46592,48167,57675,94759,104267,105842,1
86544,36734,56110,123278,142654,92844,1
33437,60593,5396,94030,38833,65989,0
81629,15710,71743,97339,153372,87453,1
11345,19108,87099,30453,98444,106207,0
23777,27118,53784,50895,77561,80902,0
83872,45985,84900,129857,168772,130885,1
97740,8737,63774,106477,161514,72511,0
27773,66491,63229,94264,91002,129720,1
95916,82751,24937,178667,120853,107688,1
89807,43716,27017,133523,116824,70733,0
42291,21716,49173,64007,91464,70889,1
62969,99943,63617,162912,126586,163560,1
46298,54680,9799,100978,56097,64479,1
46814,35029,85491,81843,132305,120520,0
49307,8997,25965,58304,75272,34962,0
15932,58844,74777,74776,90709,133621,0
39621,69104,11631,108725,51252,80735,0
43901,72614,9734,116515,53635,82348,0
78902,30827,1848,109729,80750,32675,0
91783,36303,28108,128086,119891,64411,0
22312,63213,42173,85525,64485,105386,1
656,9164,90787,9820,91443,99951,0
30355,25453,43412,55808,73767,68865,1
27785,95509,69455,123294,97240,164964,1
65875,81486,14474,147361,80349,95960,0
54604,23562,85600,78166,140204,109162,0
68060,22552,57924,90612,125984,80476,1
30123,92371,41330,122494,71453,133701,0
35826,30796,67467,66622,103293,98263,0
30544,27557,44059,58101,74603,71616,1
67562,65731,97787,133293,165349,163518,1
56608,70954,28288,127562,84896,99242,1
7056,741,38819,7797,45875,39560,0
37261,64893,10088,102154,47349,74981,0
68138,77559,86172,145697,154310,163731,1
14734,9201,16726,23935,31460,25927,1
12167,18455,87568,30622,99735,106023,0
79102,85223,62639,164325,141741,147862,1
2679,77987,97059,80666,99738,175046,0
88372,88081,12549,176453,100921,100630,1
46872,30282,97800,77154,144672,128082,0
54703,52252,10439,106955,65142,62691,1
90757,96831,32953,187588,123710,129784,1
24648,70088,39035,94736,63683,109123,0
60035,10375,13905,70410,73940,24280,0
90597,54912,52908,145509,143505,107820,1
46183,36505,55683,82688,101866,92188,1
57236,88356,34836,145592,92072,123192,1
74708,62137,25436,136845,100144,87573,1
94165,79456,71482,173621,165647,150938,1
45347,14807,76959,60154,122306,91766,0
85110,76848,66758,161958,151868,143606,1
84786,7015,9580,91801,94366,16595,0
83105,65174,64061,148279,147166,129235,1
19745,5938,94702,25683,114447,100640,0
18454,71053,91675,89507,110129,162728,0
61482,16137,99650,77619,161132,115787,0
74684,30548,21664,105232,96348,52212,0
24605,39726,19355,64331,43960,59081,1
53510,61889,43576,115399,97086,105465,1
17744,53362,34147,71106,51891,87509,0
9261,86430,63513,95691,72774,149943,0
70928,1403,53286,72331,124214,54689,0
69991,99166,64836,169157,134827,164002,1
95687,46697,60930,142384,156617,107627,1
3680,42323,10743,46003,14423,53066,0
8262,70928,88870,79190,97132,159798,0
99590,67709,18988,167299,118578,86697,0
19777,15320,45660,35097,65437,60980,0
16220,39711,4196,55931,20416,43907,0
62840,36042,62295,98882,125135,98337,1
66937,11032,37547,77969,104484,48579,0
30031,53744,80805,83775,110836,134549,1
37455,68908,69625,106363,107080,138533,1
51894,34095,68850,85989,120744,102945,1
41318,49685,726,91003,42044,50411,0
8098,71388,1078,79486,9176,72466,0
68047,53073,86964,121120,155011,140037,1
14827,72698,676,87525,15503,73374,0
57156,49298,24995,106454,82151,74293,1
91492,95461,53565,186953,145057,149026,1
94360,9142,67239,103502,161599,76381,0
74183,3310,31090,77493,105273,34400,0
1126,10966,15513,12092,16639,26479,0
39164,48233,26722,87397,65886,74955,1
17381,58369,94032,75750,111413,152401,0
4439,98330,28453,102769,32892,126783,0
89831,46160,5134,135991,94965,51294,0
95599,39445,22605,135044,118204,62050,0
26829,1789,93562,28618,120391,95351,0
2840,87905,98735,90745,101575,186640,0
66516,22401,29535,88917,96051,51936,0
57096,39899,32448,96995,89544,72347,1
72751,93736,21220,166487,93971,114956,1
33111,53549,8239,86660,41350,61788,0
61700,12787,49302,74487,111002,62089,1
67284,68185,60608,135469,127892,128793,1
51391,1669,66540,53060,117931,68209,0
99304,13321,47430,112625,146734,60751,0
16698,43422,64713,60120,81411,108135,0
38093,3541,59675,41634,97768,63216,0
96996,88309,74037,185305,171033,162346,1
23182,53810,54274,76992,77456,108084,1
96853,15157,81349,112010,178202,96506,0
16427,3449,54586,19876,71013,58035,0
48329,29489,26611,77818,74940,56100,1
41971,19103,86073,61074,128044,105176,0
37110,29113,21210,66223,58320,50323,1
11797,41781,23613,53578,35410,65394,0
98796,2576,82963,101372,181759,85539,0
26794,294,54261,27088,81055,54555,0
65572,60350,21719,125922,87291,82069,1
91507,91242,38800,182749,130307,130042,1
92603,11970,94205,104573,186808,106175,1
6159,48330,78112,54489,84271,126442,0
93011,47860,50995,140871,144006,98855,1
52558,6899,97074,59457,149632,103973,0
3038,85276,78594,88314,81632,163870,0
5470,47464,14616,52934,20086,62080,0
70916,38319,71467,109235,142383,109786,1
56506,11447,25740,67953,82246,37187,0
41358,6104,2195,47462,43553,8299,0
85179,46535,77139,131714,162318,123674,1
31233,79614,81271,110847,112504,160885,1
42293,2540,10224,44833,52517,12764,0
38169,91086,93648,129255,131817,184734,1
6868,85605,50871,92473,57739,136476,0
4516,95700,52005,100216,56521,147705,0
17498,35811,14784,53309,32282,50595,0
35439,66530,45291,101969,80730,111821,1
55427,1448,86821,56875,142248,88269,0
59512,88653,34888,148165,94400,123541,1
49357,59779,72136,109136,121493,131915,1
4278,24199,18958,28477,23236,43157,0
59763,33843,77076,93606,136839,110919,1
41433,76738,61599,118171,103032,138337,1
46003,76696,46430,122699,92433,123126,1
78148,61641,93498,139789,171646,155139,1
25889,71674,80417,97563,106306,152091,1
39547,30693,85167,70240,124714,115860,0
83655,69094,9113,152749,92768,78207,0
68337,13801,6392,82138,74729,20193,0
59686,28831,96308,88517,155994,125139,0
4339,87741,65584,92080,69923,153325,0
53626,48232,45248,101858,98874,93480,1
81022,91498,16186,172520,97208,107684,1
48855,1554,85649,50409,134504,87203,0
1602,27672,27037,29274,28639,54709,1
38842,15696,65915,54538,104757,81611,0
3631,86108,95854,89739,99485,181962,0
55586,13772,94194,69358,149780,107966,0
55390,77233,54499,132623,109889,131732,1
64630,20721,98223,85351,162853,118944,0
5946,44611,25186,50557,31132,69797,0
82636,44469,53337,127105,135973,97806,1
59428,50487,58641,109915,118069,109128,1
14914,37286,27974,52200,42888,65260,1
29168,29923,53516,59091,82684,83439,1
5496,99995,439,105491,5935,100434,0
95349,24161,79788,119510,175137,103949,1
29633,12825,92735,42458,122368,105560,0
85046,83752,80637,168798,165683,164389,1
73836,49678,31895,123514,105731,81573,1
97666,36784,92682,134450,190348,129466,1
93729,24430,90422,118159,184151,114852,1
7380,47285,49832,54665,57212,97117,1
17294,18144,40656,35438,57950,58800,0
61358,25885,12737,87243,74095,38622,0
98057,75529,21510,173586,119567,97039,0
31687,69742,80268,101429,111955,150010,1
21455,64172,82707,85627,104162,146879,1
86076,46599,52645,132675,138721,99244,1
91322,32639,60316,123961,151638,92955,1
83008,20312,45649,103320,128657,65961,0
68413,86443,93258,154856,161671,179701,1
46343,90319,44786,136662,91129,135105,1
35406,3131,19049,38537,54455,22180,0
97615,50161,89454,147776,187069,139615,1
32349,30537,70449,62886,102798,100986,0
83324,36630,95547,119954,178871,132177,1
28012,15450,50605,43462,78617,66055,0
79330,43048,94723,122378,174053,137771,1
23773,52646,14362,76419,38135,67008,0
43436,39220,87564,82656,131000,126784,0
44729,99520,67190,144249,111919,166710,1
32376,30105,29017,62481,61393,59122,1
23186,57007,74440,80193,97626,131447,1
68196,51047,58093,119243,126289,109140,1
21588,8237,71876,29825,93464,80113,0
39209,52683,20683,91892,59892,73366,1
84329,14139,59709,98468,144038,73848,0
46711,16359,69889,63070,116600,86248,0
5821,89399,97699,95220,103520,187098,0
77327,67888,28162,145215,105489,96050,1
87275,71401,24608,158676,111883,96009,1
86985,46121,45069,133106,132054,91190,1
19463,47172,66908,66635,86371,114080,0
51105,17377,86692,68482,137797,104069,0
14804,13830,70037,28634,84841,83867,0
17947,25414,51783,43361,69730,77197,0
59444,40176,57239,99620,116683,97415,1
86311,94003,40914,180314,127225,134917,1
93942,10165,60370,104107,154312,70535,0
49839,97564,40255,147403,90094,137819,0
46125,18213,17965,64338,64090,36178,0
77563,89574,31083,167137,108646,120657,1
59051,84213,89383,143264,148434,173596,1
7281,84624,23494,91905,30775,108118,0
19356,26648,74170,46004,93526,100818,0
7988,36540,38174,44528,46162,74714,1
38653,6001,71372,44654,110025,77373,0
17416,89427,24013,106843,41429,113440,0
67003,20733,64842,87736,131845,85575,1
44003,56313,57810,100316,101813,114123,1
2940,33568,13213,36508,16153,46781,0
91783,63820,77191,155603,168974,141011,1
67367,88977,14980,156344,82347,103957,0
28024,34960,44850,62984,72874,79810,1
11068,16672,41692,27740,52760,58364,0
25711,29173,44820,54884,70531,73993,1
3374,67667,80946,71041,84320,148613,0
12047,23476,37686,35523,49733,61162,0
88108,61183,22307,149291,110415,83490,0
67587,27596,6351,95183,73938,33947,0
38415,30246,57889,68661,96304,88135,1
90337,68010,57528,158347,147865,125538,1
2172,56733,68741,58905,70913,125474,0
98137,14079,77578,112216,175715,91657,0
80713,61116,87628,141829,168341,148744,1
40713,83611,99575,124324,140288,183186,1
93322,33873,84067,127195,177389,117940,1
6047,76910,17513,82957,23560,94423,0
15404,11501,77791,26905,93195,89292,0
99126,24801,39907,123927,139033,64708,0
63907,28934,80528,92841,144435,109462,1
46445,38979,49817,85424,96262,88796,1
70648,85860,49416,156508,120064,135276,1
20687,47464,82178,68151,102865,129642,0
36998,24970,68719,61968,105717,93689,0
70019,46456,44560,116475,114579,91016,1
9208,65621,21465,74829,30673,87086,0
77945,51922,50386,129867,128331,102308,1
98164,15201,24929,113365,123093,40130,0
38518,5634,38681,44152,77199,44315,1
35634,6666,97729,42300,133363,104395,0
45469,54730,23128,100199,68597,77858,1
13198,18522,70005,31720,83203,88527,0
9826,65682,29840,75508,39666,95522,0
38634,69396,41968,108030,80602,111364,1
2191,52872,24778,55063,26969,77650,0
90992,25605,45676,116597,136668,71281,0
54992,95050,59566,150042,114558,154616,1
77598,86718,31628,164316,109226,118346,1
71336,16359,44904,87695,116240,61263,0
62767,56724,119,119491,62886,56843,0
76816,86496,72539,163312,149355,159035,1
59929,87113,79705,147042,139634,166818,1
28384,87,75922,28471,104306,76009,0
67685,56620,24063,124305,91748,80683,1
50200,22490,6534,72690,56734,29024,0
51231,14405,28483,65636,79714,42888,0
10801,10797,36758,21598,47559,47555,0
2517,26162,50832,28679,53349,76994,0
75863,46897,7354,122760,83217,54251,0
7592,81994,78570,89586,86162,160564,1
41752,61051,68918,102803,110670,129969,1
80969,908,85884,81877,166853,86792,0
30201,81383,94120,111584,124321,175503,1
64926,56914,36433,121840,101359,93347,1
48098,19099,59719,67197,107817,78818,1
81334,65090,82481,146424,163815,147571,1
20613,22198,42908,42811,63521,65106,0
58211,5116,75069,63327,133280,80185,0
44056,42340,91153,86396,135209,133493,0
52751,13753,28633,66504,81384,42386,0
32153,78023,91682,110176,123835,169705,1
69875,61320,94696,131195,164571,156016,1
19696,63918,99366,83614,119062,163284,0
32762,16894,93456,49656,126218,110350,0
58765,97202,17258,155967,76023,114460,0
55086,33686,92226,88772,147312,125912,0
87462,31303,77420,118765,164882,108723,1
49717,71069,71288,120786,121005,142357,1
27065,53121,54281,80186,81346,107402,1
24950,27438,98636,52388,123586,126074,0
79063,58110,74061,137173,153124,132171,1
88879,29657,89942,118536,178821,119599,1
26449,61896,32868,88345,59317,94764,0
76527,60395,74244,136922,150771,134639,1
72291,35573,50853,107864,123144,86426,1
7962,92381,32578,100343,40540,124959,0
26063,19190,6992,45253,33055,26182,1
84410,50758,43742,135168,128152,94500,1
49439,4445,8166,53884,57605,12611,0
96940,21825,85295,118765,182235,107120,1
94945,19073,65801,114018,160746,84874,0
29859,38464,65187,68323,95046,103651,1
86381,76559,60982,162940,147363,137541,1
98587,53254,39513,151841,138100,92767,0
28136,74211,69696,102347,97832,143907,1
52728,65943,31090,118671,83818,97033,1
17562,78273,3709,95835,21271,81982,0
26556,3717,18186,30273,44742,21903,0
57496,45609,21941,103105,79437,67550,1
62310,77049,1650,139359,63960,78699,0
5026,58089,50504,63115,55530,108593,0
1118,30998,33608,32116,34726,64606,0
40193,70112,16075,110305,56268,86187,0
11016,83728,37065,94744,48081,120793,0
64238,37977,83732,102215,147970,121709,1
37235,80652,98086,117887,135321,178738,1
8839,75946,6579,84785,15418,82525,0
17532,67764,38718,85296,56250,106482,0
94849,5645,54375,100494,149224,60020,0
37528,77307,94145,114835,131673,171452,1
34800,97881,75734,132681,110534,173615,1
45272,20667,85675,65939,130947,106342,0
461,81213,76129,81674,76590,157342,0
50789,85144,21559,135933,72348,106703,0
81683,94980,67531,176663,149214,162511,1
10499,96992,66501,107491,77000,163493,0
88173,14050,54941,102223,143114,68991,0
93018,99655,87436,192673,180454,187091,1
91893,48957,55272,140850,147165,104229,1
27998,35267,31237,63265,59235,66504,1
89249,64248,96149,153497,185398,160397,1
49199,29534,42479,78733,91678,72013,1
27655,68753,9689,96408,37344,78442,0
43786,58240,93672,102026,137458,151912,1
83192,18367,85969,101559,169161,104336,1
17641,93922,65229,111563,82870,159151,0
64173,22874,75563,87047,139736,98437,1
84090,8464,1755,92554,85845,10219,0
40084,40728,72458,80812,112542,113186,1
86130,21537,47852,107667,133982,69389,0
53350,74049,52773,127399,106123,126822,1
65174,51277,43490,116451,108664,94767,1
26035,17759,80715,43794,106750,98474,0
23139,2719,6463,25858,29602,9182,0
46905,25716,50298,72621,97203,76014,1
98862,33152,93771,132014,192633,126923,1
82168,71438,35785,153606,117953,107223,1
82554,84275,1223,166829,83777,85498,0
52916,92855,30395,145771,83311,123250,0
51248,67281,18315,118529,69563,85596,1
94407,85067,81746,179474,176153,166813,1
24463,56463,81555,80926,106018,138018,0
73670,66454,27198,140124,100868,93652,1
92371,42346,54281,134717,146652,96627,1
75834,98026,52625,173860,128459,150651,1
19391,12778,29432,32169,48823,42210,1
63208,88321,68457,151529,131665,156778,1
39953,94822,57918,134775,97871,152740,1
52807,13615,87124,66422,139931,100739,0
58935,68987,24727,127922,83662,93714,1
49444,69565,34389,119009,83833,103954,1
73615,10738,52463,84353,126078,63201,0
20488,95335,38116,115823,58604,133451,0
5459,92821,59500,98280,64959,152321,0
47341,45450,4402,92791,51743,49852,1
46518,67721,49097,114239,95615,116818,1
8773,83495,25368,92268,34141,108863,0
25670,13524,61472,39194,87142,74996,0
32098,79610,62075,111708,94173,141685,1
94090,90306,27440,184396,121530,117746,1
54318,85503,75350,139821,129668,160853,1
25237,1301,59472,26538,84709,60773,0
71857,37915,8464,109772,80321,46379,0
24099,54721,18230,78820,42329,72951,0
48366,40712,8832,89078,57198,49544,1
66524,35580,52888,102104,119412,88468,1
6086,86675,70741,92761,76827,157416,0
95035,17115,39594,112150,134629,56709,0
10875,90711,44228,101586,55103,134939,0
56421,60580,69796,117001,126217,130376,1
52508,21424,38615,73932,91123,60039,1
13079,8865,70927,21944,84006,79792,0
30542,51547,94659,82089,125201,146206,0
24816,15371,50665,40187,75481,66036,0
94529,32796,14696,127325,109225,47492,0
72343,57409,21361,129752,93704,78770,1
72414,98124,89763,170538,162177,187887,1
60086,60751,4439,120837,64525,65190,1
28246,60443,16447,88689,44693,76890,0
62549,48106,12138,110655,74687,60244,0
2111,25807,31781,27918,33892,57588,0
53742,16032,12518,69774,66260,28550,0
19623,97601,9750,117224,29373,107351,0
58347,253,27949,58600,86296,28202,0
28023,45756,76287,73779,104310,122043,0
65725,7890,46654,73615,112379,54544,0
57166,26594,26549,83760,83715,53143,0
42852,59139,94550,101991,137402,153689,1
92556,11195,32288,103751,124844,43483,0
28563,61844,35152,90407,63715,96996,1
67042,37898,75610,104940,142652,113508,1
45969,27557,15152,73526,61121,42709,0
91336,64720,16863,156056,108199,81583,0
21874,74282,26239,96156,48113,100521,0
34109,93764,36966,127873,71075,130730,0
88477,19789,91743,108266,180220,111532,1
20357,97985,11301,118342,31658,109286,0
14627,42367,67221,56994,81848,109588,0
54440,88920,11202,143360,65642,100122,0
28242,31272,67796,59514,96038,99068,0
58625,76859,25251,135484,83876,102110,1
94535,31318,61073,125853,155608,92391,0
88953,76998,39753,165951,128706,116751,1
27935,36368,4687,64303,32622,41055,0
84848,94253,42008,179101,126856,136261,1
92899,9586,63825,102485,156724,73411,0
44065,19403,1469,63468,45534,20872,0
27435,7943,6704,35378,34139,14647,0
53220,42458,22207,95678,75427,64665,1
64464,57503,95054,121967,159518,152557,1
60108,76532,31555,136640,91663,108087,1
20036,64747,80698,84783,100734,145445,1
55240,31496,62725,86736,117965,94221,1
12109,71274,99524,83383,111633,170798,0
75552,96880,22759,172432,98311,119639,1
10205,2338,2987,12543,13192,5325,0
80726,40911,60031,121637,140757,100942,1
49551,34350,93729,83901,143280,128079,0
27037,33317,17274,60354,44311,50591,1
27628,73616,52885,101244,80513,126501,1
88947,33682,44124,122629,133071,77806,0
22507,86625,82882,109132,105389,169507,1
79732,12198,35040,91930,114772,47238,0
52191,21291,94724,73482,146915,116015,0
99001,57021,54422,156022,153423,111443,1
50345,15269,19275,65614,69620,34544,0
69929,48878,96341,118807,166270,145219,1
95342,16493,22767,111835,118109,39260,0
72438,34569,32762,107007,105200,67331,0
96098,41411,59784,137509,155882,101195,1
7860,52248,43237,60108,51097,95485,0
9913,39818,5438,49731,15351,45256,0
85696,52931,40946,138627,126642,93877,1
84444,93168,74226,177612,158670,167394,1
92866,6544,45189,99410,138055,51733,0
16897,71516,33972,88413,50869,105488,0
26868,78415,9853,105283,36721,88268,0
21746,97458,28652,119204,50398,126110,0
99989,62721,68200,162710,168189,130921,1
6985,38517,98924,45502,105909,137441,0
78440,99525,10833,177965,89273,110358,0
48389,94528,22463,142917,70852,116991,0
62116,14718,59152,76834,121268,73870,1
22745,50756,57130,73501,79875,107886,1
56659,43021,59524,99680,116183,102545,1
81349,51435,3563,132784,84912,54998,0
61680,55807,31563,117487,93243,87370,1
84994,50877,34842,135871,119836,85719,1
23728,3624,99303,27352,123031,102927,0
24839,95130,95708,119969,120547,190838,1
9279,94049,18726,103328,28005,112775,0
25924,76191,52446,102115,78370,128637,1
30025,31161,96676,61186,126701,127837,0
26438,93574,5282,120012,31720,98856,0
57695,61965,25719,119660,83414,87684,1
33369,37037,28569,70406,61938,65606,1
55017,79240,80513,134257,135530,159753,1
45699,5875,54788,51574,100487,60663,0
19371,53038,36965,72409,56336,90003,1
10529,83449,75823,93978,86352,159272,1
92044,55984,33040,148028,125084,89024,0
96971,80546,88358,177517,185329,168904,1
89669,3918,36268,93587,125937,40186,0
23395,88003,72279,111398,95674,160282,1
46401,65281,15395,111682,61796,80676,0
36961,50040,9409,87001,46370,59449,0
95453,26065,87192,121518,182645,113257,1
52422,53039,44482,105461,96904,97521,1
62173,56123,82546,118296,144719,138669,1
58392,82427,54858,140819,113250,137285,1
63827,6052,23185,69879,87012,29237,0
32575,87104,19388,119679,51963,106492,0
42220,24832,58375,67052,100595,83207,1
17514,98439,52646,115953,70160,151085,0
92401,69254,6633,161655,99034,75887,0
80985,62098,94326,143083,175311,156424,1
48077,51992,7604,100069,55681,59596,1
48042,22562,70292,70604,118334,92854,1
67433,816,96408,68249,163841,97224,0
64570,84180,72022,148750,136592,156202,1
60151,76116,34425,136267,94576,110541,1
26679,83510,51903,110189,78582,135413,0
54822,74005,31100,128827,85922,105105,1
40251,76741,22604,116992,62855,99345,0
13694,56633,58184,70327,71878,114817,1
72468,48916,89807,121384,162275,138723,1
5527,11387,3520,16914,9047,14907,0
40890,68228,90969,109118,131859,159197,1
78382,99371,27132,177753,105514,126503,1
71130,65320,88848,136450,159978,154168,1
17175,59400,13113,76575,30288,72513,0
61362,69471,70694,130833,132056,140165,1
53176,51835,41972,105011,95148,93807,1
2159,58559,68177,60718,70336,126736,0
62354,86846,99549,149200,161903,186395,1
10762,84964,12317,95726,23079,97281,0
25986,82932,83671,108918,109657,166603,1
18300,86167,49143,104467,67443,135310,0
41909,55820,54749,97729,96658,110569,1
21638,53907,96570,75545,118208,150477,0
81504,37464,69620,118968,151124,107084,1
34153,73066,13306,107219,47459,86372,0
13840,18569,64572,32409,78412,83141,0
74586,43083,61907,117669,136493,104990,1
53135,65077,70623,118212,123758,135700,1
84389,29061,65665,113450,150054,94726,1
82203,17339,1509,99542,83712,18848,0
80751,9030,62659,89781,143410,71689,0
80696,51199,92623,131895,173319,143822,1
93786,15458,87579,109244,181365,103037,1
1456,5934,80172,7390,81628,86106,0
5511,44730,52549,50241,58060,97279,0
41357,70202,6111,111559,47468,76313,0
16749,38256,25861,55005,42610,64117,1
45735,84862,79044,130597,124779,163906,1
76620,43407,75982,120027,152602,119389,1
65187,38854,16111,104041,81298,54965,0
10409,65165,76765,75574,87174,141930,0
39148,39412,32686,78560,71834,72098,1
93136,75526,8155,168662,101291,83681,0
75480,13452,50836,88932,126316,64288,0
88820,83112,93416,171932,182236,176528,1
6424,60727,18288,67151,24712,79015,0
44692,90221,89700,134913,134392,179921,1
95334,30959,56392,126293,151726,87351,0
44228,50166,22408,94394,66636,72574,1
65881,88086,89704,153967,155585,177790,1
94318,2709,58673,97027,152991,61382,0
67650,16894,44600,84544,112250,61494,0
32766,39655,50802,72421,83568,90457,1
8419,73791,26602,82210,35021,100393,0
67622,73331,83423,140953,151045,156754,1
72992,93986,61454,166978,134446,155440,1
72481,3330,5636,75811,78117,8966,0
22366,45480,56210,67846,78576,101690,1
24149,85934,54211,110083,78360,140145,0
28131,38957,28259,67088,56390,67216,1
63222,10400,30198,73622,93420,40598,0
3740,6662,97434,10402,101174,104096,0
56084,93788,14567,149872,70651,108355,0
37212,30040,33285,67252,70497,63325,1
3991,56687,99271,60678,103262,155958,0
79356,88553,25542,167909,104898,114095,1
29445,80251,55679,109696,85124,135930,1
7712,77777,66834,85489,74546,144611,0
88437,41310,15304,129747,103741,56614,0
55614,12409,22272,68023,77886,34681,0
94332,68908,9859,163240,104191,78767,0
60564,74529,66074,135093,126638,140603,1
38396,44340,27991,82736,66387,72331,1
61309,27396,22444,88705,83753,49840,0
86779,22585,1836,109364,88615,24421,0
83253,46364,55593,129617,138846,101957,1
93963,9794,35670,103757,129633,45464,0
84899,73560,36627,158459,121526,110187,1
86643,87070,65473,173713,152116,152543,1
78773,26743,903,105516,79676,27646,0
89887,45220,25998,135107,115885,71218,0
23163,1451,64594,24614,87757,66045,0
3427,69893,34844,73320,38271,104737,0
59232,46680,42448,105912,101680,89128,1
2505,1003,99312,3508,101817,100315,0
17284,55130,6194,72414,23478,61324,0
7606,37456,8165,45062,15771,45621,0
24853,65107,26031,89960,50884,91138,0
58119,48208,6963,106327,65082,55171,0
29730,81919,68415,111649,98145,150334,1
33750,68165,41328,101915,75078,109493,1
83135,99936,25621,183071,108756,125557,1
86639,78986,6928,165625,93567,85914,0
30007,66497,24503,96504,54510,91000,0
57835,18182,52468,76017,110303,70650,1
38988,77015,48976,116003,87964,125991,1
71145,15244,35678,86389,106823,50922,0
11932,5299,86840,17231,98772,92139,0
22612,2985,1504,25597,24116,4489,0
99968,79520,28773,179488,128741,108293,1
94271,77858,81264,172129,175535,159122,1
59168,43418,59504,102586,118672,102922,1
33883,29631,76315,63514,110198,105946,0
68709,2743,42371,71452,111080,45114,0
38174,32481,90710,70655,128884,123191,0
55774,6891,35803,62665,91577,42694,0
20265,66459,97530,86724,117795,163989,0
21969,5885,74391,27854,96360,80276,0
39761,43503,11851,83264,51612,55354,1
8296,48318,29893,56614,38189,78211,0
94089,44295,93069,138384,187158,137364,1
75324,45292,11161,120616,86485,56453,0
65339,72550,61860,137889,127199,134410,1
92660,85150,94130,177810,186790,179280,1
74266,10865,32185,85131,106451,43050,0
32948,98770,67548,131718,100496,166318,1
7305,73592,28305,80897,35610,101897,0
30783,14892,66532,45675,97315,81424,0
75690,24638,87087,100328,162777,111725,1
47851,58719,68700,106570,116551,127419,1
29254,5449,24833,34703,54087,30282,1
4636,29967,97871,34603,102507,127838,0
21685,91551,75057,113236,96742,166608,1
15550,49021,23420,64571,38970,72441,0
15198,86397,44285,101595,59483,130682,0
21210,28882,58890,50092,80100,87772,0
39562,60846,90512,100408,130074,151358,1
15078,47118,77767,62196,92845,124885,0
57669,24985,5803,82654,63472,30788,0
56174,83418,32619,139592,88793,116037,1
69512,34626,212,104138,69724,34838,0
92180,45881,54593,138061,146773,100474,1
58902,5635,99910,64537,158812,105545,0
53089,77512,72218,130601,125307,149730,1
75132,77517,85573,152649,160705,163090,1
47820,51291,41693,99111,89513,92984,1
53002,30041,93979,83043,146981,124020,0
67182,72280,96965,139462,164147,169245,1
51443,24226,61632,75669,113075,85858,1
74017,32945,5973,106962,79990,38918,0
64617,44471,79955,109088,144572,124426,1
75689,52409,19250,128098,94939,71659,0
37818,88500,70497,126318,108315,158997,1
10823,76150,92705,86973,103528,168855,0
14828,63859,98047,78687,112875,161906,0
61177,62324,52350,123501,113527,114674,1
48690,34880,87885,83570,136575,122765,0
28404,3022,44876,31426,73280,47898,0
78111,23773,3222,101884,81333,26995,0
97548,19651,95244,117199,192792,114895,1
97259,83192,17404,180451,114663,100596,1
1602,13899,98335,15501,99937,112234,0
8061,88477,63397,96538,71458,151874,0
9947,39590,25276,49537,35223,64866,0
45291,87249,13736,132540,59027,100985,0
69692,66554,27418,136246,97110,93972,1
33590,42869,1868,76459,35458,44737,0
56969,47769,54172,104738,111141,101941,1
14727,58766,60071,73493,74798,118837,1
78503,43460,39282,121963,117785,82742,1
31391,32974,56650,64365,88041,89624,1
99445,44778,67060,144223,166505,111838,1
26710,71960,60130,98670,86840,132090,1
48473,52595,61006,101068,109479,113601,1
25279,2890,64195,28169,89474,67085,0
12976,15954,91988,28930,104964,107942,0
46697,33702,66302,80399,112999,100004,1
11905,36750,48368,48655,60273,85118,1
96992,11624,75325,108616,172317,86949,0
94751,40022,55454,134773,150205,95476,1
33874,661,86618,34535,120492,87279,0
4781,61674,18485,66455,23266,80159,0
17899,48064,2103,65963,20002,50167,0
19123,56276,7815,75399,26938,64091,0
94068,8952,8125,103020,102193,17077,0
39977,24023,26530,64000,66507,50553,1
88651,43048,63575,131699,152226,106623,1
32192,39146,9309,71338,41501,48455,1
69992,33331,16181,103323,86173,49512,0
95055,5957,91919,101012,186974,97876,1
53665,45275,23506,98940,77171,68781,1
79054,15448,71709,94502,150763,87157,1
69314,23687,19957,93001,89271,43644,0
76368,28318,68635,104686,145003,96953,1
32701,30826,88255,63527,120956,119081,0
86116,14518,93580,100634,179696,108098,1
42856,8028,46690,50884,89546,54718,1
34186,97487,15187,131673,49373,112674,0
92982,54717,78209,147699,171191,132926,1
91612,50896,73269,142508,164881,124165,1
91742,37802,89901,129544,181643,127703,1
22466,56236,88128,78702,110594,144364,0
53208,19049,14494,72257,67702,33543,0
65512,17472,8651,82984,74163,26123,0
48733,56070,25238,104803,73971,81308,1
57188,22553,35614,79741,92802,58167,1
54672,26101,21668,80773,76340,47769,0
83514,78662,41549,162176,125063,120211,1
2943,58120,73839,61063,76782,131959,0
79995,47014,29772,127009,109767,76786,0
55301,31335,63487,86636,118788,94822,1
57862,81332,12801,139194,70663,94133,0
90464,56323,79915,146787,170379,136238,1
60561,78760,95740,139321,156301,174500,1
6522,49354,74234,55876,80756,123588,0
82116,1900,28304,84016,110420,30204,0
30584,93694,25079,124278,55663,118773,0
9899,81580,66469,91479,76368,148049,0
81116,54040,66311,135156,147427,120351,1
25992,58577,8428,84569,34420,67005,0
70398,68502,13306,138900,83704,81808,1
82543,95696,91212,178239,173755,186908,1
51376,2588,46317,53964,97693,48905,0
67198,29987,5519,97185,72717,35506,0
38741,10340,601,49081,39342,10941,0
30340,34056,16548,64396,46888,50604,1
52383,41669,59552,94052,111935,101221,1
88439,21298,95050,109737,183489,116348,1
1959,98618,40246,100577,42205,138864,0
82453,89538,53073,171991,135526,142611,1
7096,48300,67088,55396,74184,115388,0
63677,25440,74418,89117,138095,99858,1
56589,7471,79875,64060,136464,87346,0
50175,34097,56667,84272,106842,90764,1
61319,57787,3521,119106,64840,61308,0
39429,38600,74461,78029,113890,113061,1
37784,85944,65876,123728,103660,151820,1
1664,92319,68853,93983,70517,161172,0
14145,2138,74216,16283,88361,76354,0
49543,72980,47400,122523,96943,120380,1
48694,39610,35058,88304,83752,74668,1
19889,37124,68667,57013,88556,105791,0
6192,6523,37796,12715,43988,44319,0
14881,42864,30807,57745,45688,73671,1
37788,82618,9358,120406,47146,91976,0
24048,35877,57656,59925,81704,93533,1
49065,85717,85312,134782,134377,171029,1
63226,3150,84757,66376,147983,87907,0
3011,56277,6986,59288,9997,63263,0
9285,23015,59911,32300,69196,82926,0
86230,94248,36220,180478,122450,130468,1
95379,30529,50661,125908,146040,81190,0
91830,17591,13765,109421,105595,31356,0
99177,24177,62033,123354,161210,86210,0
35644,15000,26793,50644,62437,41793,1
96491,63981,89778,160472,186269,153759,1
5931,4705,83302,10636,89233,88007,0
81002,21021,28885,102023,109887,49906,0
66796,16447,3881,83243,70677,20328,0
82583,30734,98104,113317,180687,128838,1
59382,31400,8314,90782,67696,39714,0
55999,82249,53534,138248,109533,135783,1
9276,57687,87465,66963,96741,145152,0
16380,97406,84565,113786,100945,181971,1
86651,33428,82529,120079,169180,115957,1
3984,66722,69270,70706,73254,135992,1
61334,57274,46589,118608,107923,103863,1
60986,65137,30064,126123,91050,95201,1
42308,76932,67757,119240,110065,144689,1
63203,34878,36178,98081,99381,71056,1
56724,98806,79352,155530,136076,178158,1
59028,38239,91864,97267,150892,130103,1
60943,34225,43684,95168,104627,77909,1
23707,26649,30769,50356,54476,57418,1
4654,15463,37607,20117,42261,53070,0
96869,72402,81952,169271,178821,154354,1
21222,67989,34706,89211,55928,102695,0
65779,56398,83986,122177,149765,140384,1
23717,54354,55937,78071,79654,110291,1
22618,89967,50858,112585,73476,140825,0
81552,44379,83085,125931,164637,127464,1
97665,7514,36613,105179,134278,44127,0
95783,28237,40279,124020,136062,68516,0
58574,7385,21222,65959,79796,28607,0
83854,83970,74906,167824,158760,158876,1
43868,88111,48350,131979,92218,136461,1
91830,7863,74078,99693,165908,81941,0
73532,78757,77217,152289,150749,155974,1
16160,51041,4919,67201,21079,55960,0
63334,85521,11231,148855,74565,96752,0
79432,32934,98973,112366,178405,131907,1
23692,36733,33312,60425,57004,70045,1
28737,53913,56967,82650,85704,110880,1
23190,79912,26350,103102,49540,106262,0
93416,46919,76514,140335,169930,123433,1
81526,51111,37928,132637,119454,89039,1
1880,5490,24345,7370,26225,29835,0
14391,20427,2171,34818,16562,22598,0
35767,18566,22027,54333,57794,40593,1
90303,71562,63730,161865,154033,135292,1
52984,5740,87496,58724,140480,93236,0
99425,90372,36322,189797,135747,126694,1
69836,91445,16420,161281,86256,107865,0
54345,67714,9368,122059,63713,77082,0
90881,27507,78926,118388,169807,106433,1
7658,56419,37932,64077,45590,94351,0
57193,52497,44895,109690,102088,97392,1
58262,61529,70908,119791,129170,132437,1
58190,69888,33261,128078,91451,103149,1
1106,32655,35805,33761,36911,68460,0
83660,7406,699,91066,84359,8105,0
55181,13903,24835,69084,80016,38738,0
2284,92107,74612,94391,76896,166719,0
12340,26958,9122,39298,21462,36080,0
43132,46815,22719,89947,65851,69534,1
9438,35090,94544,44528,103982,129634,0
42767,64790,22165,107557,64932,86955,1
79682,58582,69613,138264,149295,128195,1
68381,44326,82541,112707,150922,126867,1
21812,83582,96855,105394,118667,180437,1
94342,65953,81472,160295,175814,147425,1
48064,83987,41086,132051,89150,125073,1
91290,88606,68068,179896,159358,156674,1
81631,56744,18281,138375,99912,75025,0
18814,42317,11510,61131,30324,53827,0
5783,10705,65299,16488,71082,76004,0
74596,94970,24755,169566,99351,119725,1
67456,56024,24657,123480,92113,80681,1
44000,74937,3329,118937,47329,78266,0
6010,39215,26891,45225,32901,66106,0
6795,96949,64641,103744,71436,161590,0
43387,6606,51472,49993,94859,58078,0
30108,8519,37223,38627,67331,45742,1
38272,45614,88368,83886,126640,133982,0
4405,16669,43878,21074,48283,60547,0
4908,74765,19924,79673,24832,94689,0
64621,33669,13008,98290,77629,46677,0
93332,41309,15570,134641,108902,56879,0
71939,87821,15822,159760,87761,103643,0
22244,46742,34598,68986,56842,81340,1
46274,62876,40728,109150,87002,103604,1
56609,25908,60844,82517,117453,86752,1
94994,2005,64543,96999,159537,66548,0
70010,71660,7744,141670,77754,79404,1
5076,20325,54921,25401,59997,75246,0
20056,93814,53057,113870,73113,146871,0
6901,34043,40140,40944,47041,74183,1
65513,74486,13260,139999,78773,87746,1
53584,88195,82985,141779,136569,171180,1
92698,66811,34064,159509,126762,100875,1
41470,40110,48084,81580,89554,88194,1
65180,56484,74603,121664,139783,131087,1
80251,60203,99728,140454,179979,159931,1
77733,9564,61469,87297,139202,71033,0
95297,73772,95565,169069,190862,169337,1
69067,12317,79716,81384,148783,92033,1
23146,61569,77808,84715,100954,139377,1
40956,25761,31468,66717,72424,57229,1
22713,60012,24535,82725,47248,84547,0
26383,63452,90641,89835,117024,154093,0
104,26515,94385,26619,94489,120900,0
23954,10257,95189,34211,119143,105446,0
73419,88814,86608,162233,160027,175422,1
54598,35559,93587,90157,148185,129146,0
83374,10244,71082,93618,154456,81326,0
72222,61618,88381,133840,160603,149999,1
30974,50938,10861,81912,41835,61799,0
66258,49610,6332,115868,72590,55942,0
16267,16421,88996,32688,105263,105417,0
56194,31394,15737,87588,71931,47131,0
75234,12465,94741,87699,169975,107206,0
2962,35949,18954,38911,21916,54903,0
69725,80849,64031,150574,133756,144880,1
40706,20674,38197,61380,78903,58871,1
15617,30281,14510,45898,30127,44791,0
70241,97621,77712,167862,147953,175333,1
28781,74419,79496,103200,108277,153915,1
42829,39671,36140,82500,78969,75811,1
77273,80443,21736,157716,99009,102179,1
73641,55486,36143,129127,109784,91629,1
10192,92676,44267,102868,54459,136943,0
26323,46177,48983,72500,75306,95160,1
35916,64183,96346,100099,132262,160529,1
72886,70443,41157,143329,114043,111600,1
30333,33165,43459,63498,73792,76624,1
61520,39553,89647,101073,151167,129200,1
37035,17032,20681,54067,57716,37713,1
31064,94423,56106,125487,87170,150529,0
88886,52860,82554,141746,171440,135414,1
21179,31577,88523,52756,109702,120100,0
74053,75036,10269,149089,84322,85305,1
35827,4338,11675,40165,47502,16013,0
10198,25087,62829,35285,73027,87916,0
97618,14292,22048,111910,119666,36340,0
59666,98033,37375,157699,97041,135408,0
84128,76019,54219,160147,138347,130238,1
69912,11831,24812,81743,94724,36643,0
89219,90783,91837,180002,181056,182620,1
5326,43492,19024,48818,24350,62516,0
50349,61470,29020,111819,79369,90490,1
5196,40437,55646,45633,60842,96083,0
75572,42068,73112,117640,148684,115180,1
7571,9431,64697,17002,72268,74128,0
73056,32949,37415,106005,110471,70364,0
68905,38750,53508,107655,122413,92258,1
63563,37562,55644,101125,119207,93206,1
43716,40616,8247,84332,51963,48863,1
1660,4843,49773,6503,51433,54616,0
64624,30904,74758,95528,139382,105662,1
25089,45245,50548,70334,75637,95793,1
15077,19291,87597,34368,102674,106888,0
82931,77719,62888,160650,145819,140607,1
97420,90641,48504,188061,145924,139145,1
68458,12243,41716,80701,110174,53959,0
78532,43949,99439,122481,177971,143388,1
54762,52269,8756,107031,63518,61025,1
28969,34148,10249,63117,39218,44397,1
51856,72142,75987,123998,127843,148129,1
73559,60846,67211,134405,140770,128057,1
22607,48110,66287,70717,88894,114397,1
41895,20168,5560,62063,47455,25728,0
54818,70441,67689,125259,122507,138130,1
67645,13114,67648,80759,135293,80762,1
16792,14941,45761,31733,62553,60702,0
40757,41039,98609,81796,139366,139648,0
97863,60260,56691,158123,154554,116951,1
21699,5878,76362,27577,98061,82240,0
10129,33740,17522,43869,27651,51262,0
2901,51200,19964,54101,22865,71164,0
35476,87807,26026,123283,61502,113833,0
81994,44580,81887,126574,163881,126467,1
58608,67814,43785,126422,102393,111599,1
82765,21770,7079,104535,89844,28849,0
15568,8303,80237,23871,95805,88540,0
90165,74389,23324,164554,113489,97713,1
73996,55640,24101,129636,98097,79741,1
93668,76398,39652,170066,133320,116050,1
1264,3378,72830,4642,74094,76208,0
82159,7133,15963,89292,98122,23096,0
4547,29144,40620,33691,45167,69764,0
21420,47259,82904,68679,104324,130163,0
46252,24962,17071,71214,63323,42033,0
76499,5139,85599,81638,162098,90738,0
97839,47701,37169,145540,135008,84870,0
61635,36223,88548,97858,150183,124771,1
83486,60749,72823,144235,156309,133572,1
83652,70107,65910,153759,149562,136017,1
41521,83663,335,125184,41856,83998,0
33049,98153,13876,131202,46925,112029,0
3533,81252,42431,84785,45964,123683,0
37386,43251,21358,80637,58744,64609,1
75798,19199,15672,94997,91470,34871,0
6083,98566,37636,104649,43719,136202,0
28091,26763,41869,54854,69960,68632,1
56796,32983,77904,89779,134700,110887,1
44478,18379,39454,62857,83932,57833,1
28218,35032,94642,63250,122860,129674,0
72755,49962,54272,122717,127027,104234,1
67203,63350,27893,130553,95096,91243,1
42411,2008,35242,44419,77653,37250,0
75115,77354,33352,152469,108467,110706,1
89512,96041,62725,185553,152237,158766,1
54912,49913,16044,104825,70956,65957,1
28000,69022,36444,97022,64444,105466,0
8815,26703,8608,35518,17423,35311,0
46407,1796,34132,48203,80539,35928,0
42906,45711,17562,88617,60468,63273,1
79025,71479,19226,150504,98251,90705,1
56489,29959,37417,86448,93906,67376,1
29846,4936,80470,34782,110316,85406,0
60696,49308,99702,110004,160398,149010,1
11944,79683,30143,91627,42087,109826,0
10667,37659,91440,48326,102107,129099,0
18256,50924,38240,69180,56496,89164,1
18607,94185,93909,112792,112516,188094,1
63477,57039,52188,120516,115665,109227,1
12509,27908,70824,40417,83333,98732,0
86618,86991,30448,173609,117066,117439,1
27607,84746,10842,112353,38449,95588,0
59484,53018,62422,112502,121906,115440,1
95965,16082,25413,112047,121378,41495,0
83699,63299,24092,146998,107791,87391,1
38628,88133,73486,126761,112114,161619,1
78130,88937,64949,167067,143079,153886,1
76841,24967,53544,101808,130385,78511,1
65313,90160,28157,155473,93470,118317,1
1560,28007,83953,29567,85513,111960,0
14852,17928,38737,32780,53589,56665,0
72871,57617,92336,130488,165207,149953,1
93712,45483,55134,139195,148846,100617,1
41026,3120,72283,44146,113309,75403,0
57093,9630,93145,66723,150238,102775,0
94984,47837,43528,142821,138512,91365,0
21509,10601,81885,32110,103394,92486,0
22959,80653,81585,103612,104544,162238,1
12947,72873,1231,85820,14178,74104,0
56534,57203,47606,113737,104140,104809,1
13095,58095,94105,71190,107200,152200,0
60257,16413,34641,76670,94898,51054,0
40063,80196,78939,120259,119002,159135,1
25035,88615,31304,113650,56339,119919,0
39131,11466,83800,50597,122931,95266,0
1625,62263,20959,63888,22584,83222,0
42503,90357,66545,132860,109048,156902,1
61198,17707,19600,78905,80798,37307,0
79528,24433,15842,103961,95370,40275,0
15665,62223,810,77888,16475,63033,0
54204,81752,51682,135956,105886,133434,1
51166,30593,40115,81759,91281,70708,1
53151,12304,20987,65455,74138,33291,0
96460,35570,77415,132030,173875,112985,1
94929,54301,96321,149230,191250,150622,1
4717,36390,96423,41107,101140,132813,0
7835,61701,64452,69536,72287,126153,1
3626,82703,76246,86329,79872,158949,0
62820,81432,52646,144252,115466,134078,1
58357,91890,19608,150247,77965,111498,0
4460,69720,64532,74180,68992,134252,0
49919,25948,95597,75867,145516,121545,0
98653,39973,80733,138626,179386,120706,1
85913,66909,50816,152822,136729,117725,1
9382,12019,54760,21401,64142,66779,0
1109,67103,85049,68212,86158,152152,0
839,3776,44342,4615,45181,48118,0
83560,15116,85070,98676,168630,100186,1
82381,65533,50987,147914,133368,116520,1
80036,23963,60417,103999,140453,84380,1
41552,36665,92363,78217,133915,129028,0
91337,78873,83787,170210,175124,162660,1
50494,77773,56731,128267,107225,134504,1
26553,97248,38212,123801,64765,135460,0
71171,13089,19238,84260,90409,32327,0
10161,37373,95797,47534,105958,133170,0
8400,7558,73232,15958,81632,80790,0
6116,32773,46457,38889,52573,79230,0
46840,94280,30792,141120,77632,125072,0
13599,61235,88192,74834,101791,149427,0
67615,37028,60212,104643,127827,97240,1
87946,64032,17477,151978,105423,81509,0
42559,62257,27779,104816,70338,90036,1
80450,26895,42588,107345,123038,69483,0
5969,66960,53624,72929,59593,120584,0
86134,78008,77311,164142,163445,155319,1
67441,93145,11886,160586,79327,105031,0
91413,42545,78959,133958,170372,121504,1
55949,55837,72116,111786,128065,127953,1
55503,46942,47364,102445,102867,94306,1
99391,77608,82179,176999,181570,159787,1
53514,31305,91904,84819,145418,123209,0
34067,8259,86723,42326,120790,94982,0
76061,14529,56765,90590,132826,71294,0
9330,94931,98001,104261,107331,192932,1
20549,40319,55486,60868,76035,95805,1
7024,95341,9076,102365,16100,104417,0
65020,15880,92429,80900,157449,108309,0
33306,67562,67170,100868,100476,134732,1
25663,10279,48183,35942,73846,58462,0
61577,1012,10281,62589,71858,11293,0
32158,14000,93481,46158,125639,107481,0
99556,34355,38567,133911,138123,72922,0
2684,48154,38184,50838,40868,86338,0
54942,58274,81767,113216,136709,140041,1
82288,40157,8942,122445,91230,49099,0
93336,60593,13903,153929,107239,74496,0
51004,29479,37823,80483,88827,67302,1
38776,39284,68858,78060,107634,108142,1
8249,85088,87688,93337,95937,172776,1
87159,13464,129,100623,87288,13593,0
4220,58599,96411,62819,100631,155010,0
44625,23749,29773,68374,74398,53522,1
85139,67655,46132,152794,131271,113787,1
12085,62067,92098,74152,104183,154165,0
46353,38381,62380,84734,108733,100761,1
49318,89622,21460,138940,70778,111082,0
33841,36245,51688,70086,85529,87933,1
34985,72243,579,107228,35564,72822,0
25353,65216,17411,90569,42764,82627,0
42113,93344,77544,135457,119657,170888,1
974,42780,60656,43754,61630,103436,0
54672,85054,2817,139726,57489,87871,0
71881,60810,99406,132691,171287,160216,1
8999,63229,56802,72228,65801,120031,1
87333,73435,50913,160768,138246,124348,1
430,92599,69405,93029,69835,162004,0
87956,57466,72982,145422,160938,130448,1
91129,15930,26638,107059,117767,42568,0
4785,451,15340,5236,20125,15791,0
40302,9016,24715,49318,65017,33731,0
72278,76400,64194,148678,136472,140594,1
39004,84905,52079,123909,91083,136984,1
95139,63655,64773,158794,159912,128428,1
64389,60758,15397,125147,79786,76155,1
8551,62976,85012,71527,93563,147988,0
18387,95863,41537,114250,59924,137400,0
70144,47503,27544,117647,97688,75047,1
64396,68468,60437,132864,124833,128905,1
63469,29590,15944,93059,79413,45534,0
28588,43845,1227,72433,29815,45072,0
16771,7791,67844,24562,84615,75635,0
14576,41322,67460,55898,82036,108782,0
49981,71557,50953,121538,100934,122510,1
6399,46255,18914,52654,25313,65169,0
30582,35248,66877,65830,97459,102125,0
47838,98515,20798,146353,68636,119313,0
23312,19145,35888,42457,59200,55033,1
84781,24251,64031,109032,148812,88282,1
79579,62795,22492,142374,102071,85287,1
60525,22031,40815,82556,101340,62846,1
38551,43466,46822,82017,85373,90288,1
93677,1994,74423,95671,168100,76417,0
93343,30382,87615,123725,180958,117997,1
50252,85521,43669,135773,93921,129190,1
8949,16356,95876,25305,104825,112232,0
33630,74011,93111,107641,126741,167122,1
95901,93770,92037,189671,187938,185807,1
14890,90289,86439,105179,101329,176728,1
13073,7838,43800,20911,56873,51638,0
17406,72095,20348,89501,37754,92443,0
98956,88004,56103,186960,155059,144107,1
84962,22039,56910,107001,141872,78949,0
21388,96626,75114,118014,96502,171740,0
92248,2975,66305,95223,158553,69280,0
1727,13278,23957,15005,25684,37235,0
71803,76020,63268,147823,135071,139288,1
9871,16360,37306,26231,47177,53666,0
47150,46923,62785,94073,109935,109708,1
49971,12802,7449,62773,57420,20251,0
24736,90623,66704,115359,91440,157327,1
20289,90563,82744,110852,103033,173307,1
68487,31375,64396,99862,132883,95771,1
55293,12805,2937,68098,58230,15742,0
77959,89528,98312,167487,176271,187840,1
96780,52947,17159,149727,113939,70106,0
75430,5328,79819,80758,155249,85147,1
45607,70691,70689,116298,116296,141380,1
15330,87289,12636,102619,27966,99925,0
28175,25538,11345,53713,39520,36883,1
88948,64821,31222,153769,120170,96043,1
87028,4046,495,91074,87523,4541,0
67170,45777,75178,112947,142348,120955,1
81831,54747,9697,136578,91528,64444,0
25386,72064,64459,97450,89845,136523,1
30591,72824,28094,103415,58685,100918,0
55071,63740,12790,118811,67861,76530,1
15562,55132,53577,70694,69139,108709,1
84573,94079,21500,178652,106073,115579,1
48732,6285,65165,55017,113897,71450,0
55802,55881,49799,111683,105601,105680,1
19965,59846,87916,79811,107881,147762,0
89869,1969,80368,91838,170237,82337,0
12781,70799,66287,83580,79068,137086,1
21639,45252,33267,66891,54906,78519,1
16584,46107,69611,62691,86195,115718,0
833,71507,43809,72340,44642,115316,0
83668,64090,78190,147758,161858,142280,1
83423,16585,32278,100008,115701,48863,0
45519,40088,91241,85607,136760,131329,0
6772,47768,91038,54540,97810,138806,0
9124,52431,9365,61555,18489,61796,0
88394,7268,11818,95662,100212,19086,0
9830,55036,48503,64866,58333,103539,1
35453,8786,87839,44239,123292,96625,0
34855,90117,6667,124972,41522,96784,0
34442,43937,20835,78379,55277,64772,1
34524,70431,18609,104955,53133,89040,0
79868,68151,93772,148019,173640,161923,1
4222,78443,58848,82665,63070,137291,0
45515,31789,53921,77304,99436,85710,1
17628,96839,50452,114467,68080,147291,0
16953,5145,43626,22098,60579,48771,0
94066,34689,25658,128755,119724,60347,0
22509,89003,48942,111512,71451,137945,0
63142,85812,52031,148954,115173,137843,1
57073,80896,93728,137969,150801,174624,1
81231,24116,31854,105347,113085,55970,0
69924,45167,45897,115091,115821,91064,1
37207,88110,40183,125317,77390,128293,0
51734,90203,32419,141937,84153,122622,0
16907,43397,2975,60304,19882,46372,0
80424,23763,92775,104187,173199,116538,1
96969,65286,49995,162255,146964,115281,1
96777,8713,84208,105490,180985,92921,0
87858,80284,87163,168142,175021,167447,1
52670,22460,83530,75130,136200,105990,0
82667,69806,99528,152473,182195,169334,1
67785,9762,18568,77547,86353,28330,0
61223,96232,43767,157455,104990,139999,1
81226,24810,28153,106036,109379,52963,0
19302,90335,13952,109637,33254,104287,0
48881,30078,89407,78959,138288,119485,0
18255,90472,38173,108727,56428,128645,0
18071,87315,14684,105386,32755,101999,0
89336,4798,53125,94134,142461,57923,0
54855,38757,61640,93612,116495,100397,1
99643,81020,17863,180663,117506,98883,0
48416,85458,99181,133874,147597,184639,1
21436,68080,10805,89516,32241,78885,0
33875,94408,61078,128283,94953,155486,1
28497,96960,32232,125457,60729,129192,0
55599,46209,88953,101808,144552,135162,1
11895,26656,73661,38551,85556,100317,0
73940,70067,24042,144007,97982,94109,1
72463,47801,7905,120264,80368,55706,0
3485,58570,52351,62055,55836,110921,0
3177,74101,18736,77278,21913,92837,0
80967,17420,79082,98387,160049,96502,1
37779,60273,87627,98052,125406,147900,1
44057,34785,17364,78842,61421,52149,1
11819,73703,70069,85522,81888,143772,1
64809,91749,70618,156558,135427,162367,1
17806,44908,11674,62714,29480,56582,0
54721,66565,28942,121286,83663,95507,1
72053,28381,65336,100434,137389,93717,1
41151,34429,67173,75580,108324,101602,1
59436,82681,92651,142117,152087,175332,1
9884,31914,85132,41798,95016,117046,0
19104,55495,24240,74599,43344,79735,0
77709,42917,42733,120626,120442,85650,1
52835,88548,49795,141383,102630,138343,1
49754,92157,70649,141911,120403,162806,1
29103,54636,54210,83739,83313,108846,1
8026,9791,55913,17817,63939,65704,0
18521,35129,79718,53650,98239,114847,0
54625,97633,17559,152258,72184,115192,0
91179,30773,66538,121952,157717,97311,1
51208,58447,46396,109655,97604,104843,1
7791,8681,39261,16472,47052,47942,0
53652,41419,94266,95071,147918,135685,1
68905,48421,44492,117326,113397,92913,1
24286,69327,39028,93613,63314,108355,0
41312,70476,34506,111788,75818,104982,1
37031,84264,77554,121295,114585,161818,1
88324,21004,39910,109328,128234,60914,0
44227,315,40577,44542,84804,40892,0
92724,26464,63073,119188,155797,89537,0
9253,91147,54409,100400,63662,145556,0
86209,12265,86592,98474,172801,98857,1
62077,74946,62641,137023,124718,137587,1
98782,70014,9248,168796,108030,79262,0
6245,76584,67818,82829,74063,144402,0
78524,90181,34686,168705,113210,124867,1
82048,76585,22060,158633,104108,98645,1
56384,63538,87357,119922,143741,150895,1
93570,93792,52514,187362,146084,146306,1
76053,89015,46255,165068,122308,135270,1
36589,57927,48921,94516,85510,106848,1
80632,59742,6580,140374,87212,66322,0
86908,34599,72652,121507,159560,107251,1
57760,25182,35583,82942,93343,60765,1
88095,22943,75339,111038,163434,98282,1
26075,63871,960,89946,27035,64831,0
57439,67754,10768,125193,68207,78522,1
12702,10375,85425,23077,98127,95800,0
4571,8567,79753,13138,84324,88320,0
1220,87056,24968,88276,26188,112024,0
5007,58278,97442,63285,102449,155720,0
99896,66351,30732,166247,130628,97083,0
60315,75639,25849,135954,86164,101488,1
99735,88720,96880,188455,196615,185600,1
83237,76352,99547,159589,182784,175899,1
18438,75944,40338,94382,58776,116282,0
33982,888,54490,34870,88472,55378,0
9426,82719,56931,92145,66357,139650,0
73716,87788,53905,161504,127621,141693,1
78792,9500,52977,88292,131769,62477,0
85315,50357,34304,135672,119619,84661,0
7563,92407,50590,99970,58153,142997,0
94330,49345,77791,143675,172121,127136,1
90993,53177,91931,144170,182924,145108,1
76751,61999,63290,138750,140041,125289,1
5044,82711,27359,87755,32403,110070,0
49320,5500,85351,54820,134671,90851,0
94443,62920,62313,157363,156756,125233,1
57491,3569,86102,61060,143593,89671,0
38052,25367,22485,63419,60537,47852,1
90659,57936,98797,148595,189456,156733,1
1396,24808,6736,26204,8132,31544,0
85493,19246,20344,104739,105837,39590,0
78301,36778,28740,115079,107041,65518,0
48359,43924,60695,92283,109054,104619,1
78002,36533,90998,114535,169000,127531,1
82802,94338,48783,177140,131585,143121,1
30439,35734,93817,66173,124256,129551,0
62560,57883,75587,120443,138147,133470,1
98767,52115,77653,150882,176420,129768,1
43241,27461,30291,70702,73532,57752,1
69975,45142,54735,115117,124710,99877,1
87401,70319,39667,157720,127068,109986,1
46733,54319,50616,101052,97349,104935,1
58015,63971,92474,121986,150489,156445,1
92166,47514,74707,139680,166873,122221,1
35703,2350,24214,38053,59917,26564,0
97684,46150,89706,143834,187390,135856,1
16348,31444,61960,47792,78308,93404,0
51103,92720,97100,143823,148203,189820,1
36858,51118,14924,87976,51782,66042,1
87401,37361,21486,124762,108887,58847,0
93534,47642,68360,141176,161894,116002,1
71114,27181,85167,98295,156281,112348,1
18853,35847,71049,54700,89902,106896,0
4198,41123,34472,45321,38670,75595,0
37244,2077,32587,39321,69831,34664,0
38927,60149,1069,99076,39996,61218,0
3813,95077,66495,98890,70308,161572,0
80589,28281,54059,108870,134648,82340,1
89728,32725,51851,122453,141579,84576,0
13653,93019,79884,106672,93537,172903,1
78112,98162,95971,176274,174083,194133,1
96306,10193,33855,106499,130161,44048,0
46115,25626,45408,71741,91523,71034,1
77770,90066,76297,167836,154067,166363,1
95402,87975,79218,183377,174620,167193,1
44225,1863,66999,46088,111224,68862,0
84400,33515,19173,117915,103573,52688,0
71521,70850,17541,142371,89062,88391,1
43144,28404,38970,71548,82114,67374,1
12691,16468,95187,29159,107878,111655,0
49108,29457,26222,78565,75330,55679,1
40549,12021,6090,52570,46639,18111,0
2796,90358,39063,93154,41859,129421,0
79384,69289,74489,148673,153873,143778,1
9854,51543,23367,61397,33221,74910,0
7990,98061,62584,106051,70574,160645,0
42935,84522,83831,127457,126766,168353,1
94,22901,74263,22995,74357,97164,0
86170,77481,24839,163651,111009,102320,1
44473,45897,94357,90370,138830,140254,0
74962,51061,48089,126023,123051,99150,1
24509,24243,98035,48752,122544,122278,0
97625,6908,74721,104533,172346,81629,0
4378,35537,4139,39915,8517,39676,0
93998,17194,71863,111192,165861,89057,0
64934,72595,5804,137529,70738,78399,0
27635,83935,41512,111570,69147,125447,0
62712,59281,58931,121993,121643,118212,1
99508,40720,58923,140228,158431,99643,1
67410,59885,3604,127295,71014,63489,0
43273,6571,74679,49844,117952,81250,0
20636,64933,99853,85569,120489,164786,0
99745,71250,12345,170995,112090,83595,0
4318,90177,51735,94495,56053,141912,0
81788,36110,66997,117898,148785,103107,1
20721,9345,58165,30066,78886,67510,0
67712,19968,1728,87680,69440,21696,0
72699,94913,41698,167612,114397,136611,1
26214,20066,33148,46280,59362,53214,1
10335,25362,96973,35697,107308,122335,0
92682,17453,87399,110135,180081,104852,1
15785,13175,11813,28960,27598,24988,1
80672,84475,11592,165147,92264,96067,1
95506,94746,34002,190252,129508,128748,1
14466,78794,500,93260,14966,79294,0
85313,58362,49860,143675,135173,108222,1
54849,91527,58474,146376,113323,150001,1
4127,57294,86158,61421,90285,143452,0
88747,79939,33444,168686,122191,113383,1
93595,74,20886,93669,114481,20960,0
24824,32486,48027,57310,72851,80513,1
99828,18415,95042,118243,194870,113457,1
84625,76104,58130,160729,142755,134234,1
34459,11070,49601,45529,84060,60671,0
70122,9860,51995,79982,122117,61855,0
46124,30679,20297,76803,66421,50976,1
95736,13298,66563,109034,162299,79861,0
64353,49765,34606,114118,98959,84371,1
44372,49130,16387,93502,60759,65517,1
89122,40904,88504,130026,177626,129408,1
65244,29748,22390,94992,87634,52138,0
82847,25076,31351,107923,114198,56427,0
37562,79841,42528,117403,80090,122369,1
70212,47835,40303,118047,110515,88138,1
77397,33173,54213,110570,131610,87386,1
59403,20244,87261,79647,146664,107505,0
83244,30697,34573,113941,117817,65270,0
65989,27990,39886,93979,105875,67876,1
66713,32407,22707,99120,89420,55114,0
58542,56874,24061,115416,82603,80935,1
55246,65107,35248,120353,90494,100355,1
18893,32645,53769,51538,72662,86414,0
22351,77744,38773,100095,61124,116517,0
94390,59563,29793,153953,124183,89356,0
78421,83665,35142,162086,113563,118807,1
97406,60459,78266,157865,175672,138725,1
77541,90751,10686,168292,88227,101437,0
95981,19047,16948,115028,112929,35995,0
88991,5572,99472,94563,188463,105044,0
97302,10825,28495,108127,125797,39320,0
19641,3897,92653,23538,112294,96550,0
19471,19520,17209,38991,36680,36729,1
19693,12961,78174,32654,97867,91135,0
43701,44259,81897,87960,125598,126156,1
71625,74993,23158,146618,94783,98151,1
6173,99415,61823,105588,67996,161238,0
63088,29672,42809,92760,105897,72481,1
4748,44341,25475,49089,30223,69816,0
98630,49983,40531,148613,139161,90514,0
78025,62261,9294,140286,87319,71555,0
80917,80807,20245,161724,101162,101052,1
71119,4732,89774,75851,160893,94506,0
31043,51573,50308,82616,81351,101881,1
83988,78636,58817,162624,142805,137453,1
10891,61105,79930,71996,90821,141035,0
27245,73562,31898,100807,59143,105460,0
40605,74896,31106,115501,71711,106002,0
14341,50182,54081,64523,68422,104263,1
60276,70178,48453,130454,108729,118631,1
14254,78882,41674,93136,55928,120556,0
42244,45409,85590,87653,127834,130999,1
66138,8520,36964,74658,103102,45484,0
34924,58942,9361,93866,44285,68303,0
77755,46867,87057,124622,164812,133924,1
48652,34490,44696,83142,93348,79186,1
82132,18024,68610,100156,150742,86634,1
7167,52752,41864,59919,49031,94616,0
28316,39186,95723,67502,124039,134909,0
81603,50560,50331,132163,131934,100891,1
17993,76406,1793,94399,19786,78199,0
74900,33878,75944,108778,150844,109822,1
55678,13747,59424,69425,115102,73171,1
91022,98320,85459,189342,176481,183779,1
31238,16777,74946,48015,106184,91723,0
24949,63067,91208,88016,116157,154275,0
96064,91603,15257,187667,111321,106860,1
79814,5476,24124,85290,103938,29600,0
75020,62339,70900,137359,145920,133239,1
39267,73432,9496,112699,48763,82928,0
40206,82335,1646,122541,41852,83981,0
35018,49677,58572,84695,93590,108249,1
44814,65712,60572,110526,105386,126284,1
78360,33963,11288,112323,89648,45251,0
25957,46346,67923,72303,93880,114269,1
57431,44186,83414,101617,140845,127600,1
7967,5310,51121,13277,59088,56431,0
43190,81960,95549,125150,138739,177509,1
29136,73327,85994,102463,115130,159321,1
66944,2947,48426,69891,115370,51373,0
98373,48371,35144,146744,133517,83515,0
97875,5772,40992,103647,138867,46764,0
64656,86479,66395,151135,131051,152874,1
9761,59612,94337,69373,104098,153949,0
54622,92410,94300,147032,148922,186710,1
83396,80541,47995,163937,131391,128536,1
39406,76401,69971,115807,109377,146372,1
43722,11254,89819,54976,133541,101073,0
25746,94111,5330,119857,31076,99441,0
56825,37767,20242,94592,77067,58009,1
16508,50672,45538,67180,62046,96210,1
61291,33969,41249,95260,102540,75218,1
27993,79159,66550,107152,94543,145709,1
35102,92793,26885,127895,61987,119678,0
63861,84766,11258,148627,75119,96024,0
79758,65813,8801,145571,88559,74614,0
90674,69127,5663,159801,96337,74790,0
20046,4511,94300,24557,114346,98811,0
47477,32681,47214,80158,94691,79895,1
44412,57825,82507,102237,126919,140332,1
10087,32577,40375,42664,50462,72952,1
91768,92416,94690,184184,186458,187106,1
12745,94340,79295,107085,92040,173635,0
75027,13448,72697,88475,147724,86145,1
5699,90956,53115,96655,58814,144071,0
50051,96704,59402,146755,109453,156106,1
91641,41315,1848,132956,93489,43163,0
70827,66379,3399,137206,74226,69778,0
28741,53710,41205,82451,69946,94915,1
78373,3108,8418,81481,86791,11526,0
86673,27247,35480,113920,122153,62727,0
70571,37679,38867,108250,109438,76546,1
63590,77750,7931,141340,71521,85681,0
66169,85536,72651,151705,138820,158187,1
37411,60295,39804,97706,77215,100099,1
62086,52055,58245,114141,120331,110300,1
75139,48452,31317,123591,106456,79769,1
45498,71084,60188,116582,105686,131272,1
76299,10587,66584,86886,142883,77171,1
39580,88216,91283,127796,130863,179499,1
18685,74144,56044,92829,74729,130188,1
42994,26031,22741,69025,65735,48772,1
17532,35099,97878,52631,115410,132977,0
88057,91751,69602,179808,157659,161353,1
57946,22215,36424,80161,94370,58639,1
79645,75412,8461,155057,88106,83873,1
17257,35592,3601,52849,20858,39193,0
99123,46845,64072,145968,163195,110917,1
51046,40138,1134,91184,52180,41272,0
52040,94985,60764,147025,112804,155749,1
7314,15340,59717,22654,67031,75057,0
96861,70175,76852,167036,173713,147027,1
60790,84086,15998,144876,76788,100084,0
64398,42863,32638,107261,97036,75501,1
67591,43684,56506,111275,124097,100190,1
8267,40243,21811,48510,30078,62054,0
49593,37964,82218,87557,131811,120182,1
48379,15395,23619,63774,71998,39014,0
39827,44525,57188,84352,97015,101713,1
41497,9488,89957,50985,131454,99445,0
70716,83619,54442,154335,125158,138061,1
24552,51557,79894,76109,104446,131451,0
47623,45677,31965,93300,79588,77642,1
89693,61588,55799,151281,145492,117387,1
36079,14292,56095,50371,92174,70387,0
99480,33671,73330,133151,172810,107001,1
6677,22431,59021,29108,65698,81452,0
23684,34486,7269,58170,30953,41755,0
37675,82114,52904,119789,90579,135018,1
6219,28893,40741,35112,46960,69634,0
2338,11384,30744,13722,33082,42128,0
21971,22667,91003,44638,112974,113670,0
60492,28013,21912,88505,82404,49925,0
1509,28450,98544,29959,100053,126994,0
83681,83388,72521,167069,156202,155909,1
60191,7090,69311,67281,129502,76401,0
52442,61875,63020,114317,115462,124895,1
28661,87192,62170,115853,90831,149362,1
8170,8555,61306,16725,69476,69861,0
94761,37106,78678,131867,173439,115784,1
55927,54325,75226,110252,131153,129551,1
98527,76845,70472,175372,168999,147317,1
73800,56985,71919,130785,145719,128904,1
37582,45045,20541,82627,58123,65586,1
13479,7669,3835,21148,17314,11504,0
8801,34084,16187,42885,24988,50271,0
19366,41976,2082,61342,21448,44058,0
59289,60581,56772,119870,116061,117353,1
89319,75649,40800,164968,130119,116449,1
26763,1718,58996,28481,85759,60714,0
75619,36246,72269,111865,147888,108515,1
65072,17600,8906,82672,73978,26506,0
63025,73163,59863,136188,122888,133026,1
92902,84991,1954,177893,94856,86945,0
98337,12140,25622,110477,123959,37762,0
70721,76349,59048,147070,129769,135397,1
98767,98408,87479,197175,186246,185887,1
1038,5123,20272,6161,21310,25395,0
82394,83740,26808,166134,109202,110548,1
84770,7863,23142,92633,107912,31005,0
22024,15136,8057,37160,30081,23193,1
8668,86144,38350,94812,47018,124494,0
84201,86733,65895,170934,150096,152628,1
92813,58064,60339,150877,153152,118403,1
53809,56447,53285,110256,107094,109732,1
47206,89176,17301,136382,64507,106477,0
57912,16026,85452,73938,143364,101478,0
59239,17895,53823,77134,113062,71718,1
5672,62361,89009,68033,94681,151370,0
32554,5725,32312,38279,64866,38037,1
75832,36816,93728,112648,169560,130544,1
9974,93241,75732,103215,85706,168973,0
57329,65392,46827,122721,104156,112219,1
48799,94108,53547,142907,102346,147655,1
77567,78174,48950,155741,126517,127124,1
38246,53754,88801,92000,127047,142555,1
40966,40896,35098,81862,76064,75994,1
2363,47673,60395,50036,62758,108068,0
68627,62453,87565,131080,156192,150018,1
71460,71283,98927,142743,170387,170210,1
48515,10902,92565,59417,141080,103467,0
33259,7401,58087,40660,91346,65488,0
17814,83521,69253,101335,87067,152774,1
18830,98181,23583,117011,42413,121764,0
10861,7201,71288,18062,82149,78489,0
72726,42152,97098,114878,169824,139250,1
46272,634,52480,46906,98752,53114,0
10179,17151,13956,27330,24135,31107,1
94002,43290,31884,137292,125886,75174,0
26152,97957,49943,124109,76095,147900,0
29597,46884,88389,76481,117986,135273,0
95263,67171,3032,162434,98295,70203,0
62787,49847,85182,112634,147969,135029,1
56342,67589,49,123931,56391,67638,0
29010,64,9072,29074,38082,9136,0
34066,93315,69118,127381,103184,162433,1
53004,88728,11685,141732,64689,100413,0
96109,81484,76571,177593,172680,158055,1
42926,33404,3820,76330,46746,37224,0
49399,25979,17493,75378,66892,43472,0
67689,81004,67105,148693,134794,148109,1
55130,21348,80112,76478,135242,101460,0
83518,26891,749,110409,84267,27640,0
40450,78229,32305,118679,72755,110534,0
808,67802,32618,68610,33426,100420,0
86491,91953,59502,178444,145993,151455,1
29296,74787,4323,104083,33619,79110,0
20751,94964,66488,115715,87239,161452,0
68817,50396,58657,119213,127474,109053,1
62486,64625,88663,127111,151149,153288,1
25117,29308,31334,54425,56451,60642,1
17175,62271,88737,79446,105912,151008,0
5820,10792,19811,16612,25631,30603,0
60280,78090,48943,138370,109223,127033,1
68171,46402,81627,114573,149798,128029,1
53662,84162,88533,137824,142195,172695,1
3755,24207,72146,27962,75901,96353,0
7361,15712,44830,23073,52191,60542,0
368,818,48366,1186,48734,49184,0
12787,67402,70587,80189,83374,137989,1
89414,45951,44791,135365,134205,90742,1
94629,44854,87796,139483,182425,132650,1
17756,74148,43900,91904,61656,118048,0
51279,29472,31087,80751,82366,60559,1
24737,71693,51569,96430,76306,123262,1
20716,97304,65501,118020,86217,162805,0
23396,22745,48691,46141,72087,71436,0
52187,27977,38818,80164,91005,66795,1
79580,25104,57340,104684,136920,82444,1
85472,30665,91268,116137,176740,121933,1
4603,56868,32627,61471,37230,89495,0
59535,60575,88925,120110,148460,149500,1
92182,4671,80439,96853,172621,85110,0
83124,50567,26218,133691,109342,76785,0
83429,84621,78351,168050,161780,162972,1
60453,64036,66611,124489,127064,130647,1
20833,2753,37018,23586,57851,39771,0
98799,58465,82653,157264,181452,141118,1
83398,23099,56502,106497,139900,79601,0
22576,9478,59063,32054,81639,68541,0
75883,63173,24754,139056,100637,87927,1
38391,40356,60809,78747,99200,101165,1
4859,70039,54710,74898,59569,124749,0
24068,27997,2432,52065,26500,30429,0
88757,38004,37737,126761,126494,75741,0
34478,86126,38115,120604,72593,124241,0
27296,39000,98247,66296,125543,137247,0
44211,5764,40094,49975,84305,45858,1
14624,87673,98042,102297,112666,185715,1
85074,19876,62327,104950,147401,82203,0
1562,84008,41583,85570,43145,125591,0
16535,48406,81114,64941,97649,129520,0
93800,78946,34371,172746,128171,113317,1
59244,78246,95772,137490,155016,174018,1
29346,96394,73551,125740,102897,169945,1
71354,32635,63486,103989,134840,96121,1
59102,39834,15297,98936,74399,55131,0
85473,30345,57344,115818,142817,87689,1
38334,82121,74734,120455,113068,156855,1
58057,62598,52637,120655,110694,115235,1
71698,27697,58787,99395,130485,86484,1
45475,75436,95984,120911,141459,171420,1
76507,4949,33591,81456,110098,38540,0
52038,725,32417,52763,84455,33142,0
38619,79892,9550,118511,48169,89442,0
76906,31462,46618,108368,123524,78080,1
61001,22672,76659,83673,137660,99331,1
38520,41232,16750,79752,55270,57982,1
57163,49851,66808,107014,123971,116659,1
99555,34870,91403,134425,190958,126273,1
68335,36698,24779,105033,93114,61477,0
18842,74806,91070,93648,109912,165876,1
47916,92124,37412,140040,85328,129536,0
69161,83924,98466,153085,167627,182390,1
81917,74735,78273,156652,160190,153008,1
30255,72800,535,103055,30790,73335,0
64278,32754,79259,97032,143537,112013,1
55240,81784,7183,137024,62423,88967,0
90872,13690,77474,104562,168346,91164,1
46837,45357,55623,92194,102460,100980,1
16647,15801,49179,32448,65826,64980,0
77936,85550,74603,163486,152539,160153,1
53524,34948,30257,88472,83781,65205,1
20358,64372,57096,84730,77454,121468,1
2635,8735,70716,11370,73351,79451,0
81748,74646,6838,156394,88586,81484,0
39297,41373,80250,80670,119547,121623,1
77587,90862,93889,168449,171476,184751,1
35619,86233,5034,121852,40653,91267,0
489,81182,98197,81671,98686,179379,0
79825,67964,42073,147789,121898,110037,1
4496,81455,59781,85951,64277,141236,0
66450,12730,95911,79180,162361,108641,0
50486,79563,8059,130049,58545,87622,0
96537,27747,86741,124284,183278,114488,1
21375,54613,83935,75988,105310,138548,0
85950,49607,67606,135557,153556,117213,1
62583,95774,25750,158357,88333,121524,0
96377,46701,52768,143078,149145,99469,1
18435,68328,21490,86763,39925,89818,0
5236,12571,78981,17807,84217,91552,0
78609,46186,43815,124795,122424,90001,1
57620,95705,22685,153325,80305,118390,0
64239,49663,30128,113902,94367,79791,1
42019,2645,23825,44664,65844,26470,0
98382,84868,95451,183250,193833,180319,1
84832,20467,75323,105299,160155,95790,1
99657,4769,91266,104426,190923,96035,0
41604,90898,63600,132502,105204,154498,1
92021,43956,89835,135977,181856,133791,1
73781,73452,6646,147233,80427,80098,1
31723,62333,82832,94056,114555,145165,1
32631,28189,44028,60820,76659,72217,1
39279,85474,72985,124753,112264,158459,1
6248,63406,79776,69654,86024,143182,0
13005,51590,63420,64595,76425,115010,1
91732,24092,5970,115824,97702,30062,0
21974,18601,67790,40575,89764,86391,0
85206,80888,76287,166094,161493,157175,1
34676,71384,63549,106060,98225,134933,1
78524,6821,78195,85345,156719,85016,1
64343,32202,23237,96545,87580,55439,0
24441,93886,23591,118327,48032,117477,0
58641,3078,59672,61719,118313,62750,1
40376,25839,91000,66215,131376,116839,0
4870,88300,57808,93170,62678,146108,0
37392,14936,47136,52328,84528,62072,1
70849,27495,80352,98344,151201,107847,1
64208,8071,23899,72279,88107,31970,0
41468,53672,59586,95140,101054,113258,1
37804,82389,35838,120193,73642,118227,0
39443,4451,66053,43894,105496,70504,0
76010,18462,26138,94472,102148,44600,0
61499,15727,5282,77226,66781,21009,0
29938,68787,56253,98725,86191,125040,1
61968,59586,20930,121554,82898,80516,1
57097,55495,57641,112592,114738,113136,1
25433,58191,27096,83624,52529,85287,0
44181,61694,27199,105875,71380,88893,1
90666,82263,97385,172929,188051,179648,1
65470,1433,1538,66903,67008,2971,0
29477,96319,57175,125796,86652,153494,0
7137,79935,54630,87072,61767,134565,0
88385,61592,7613,149977,95998,69205,0
23018,30236,19069,53254,42087,49305,1
37823,10143,68870,47966,106693,79013,0
59242,22703,34405,81945,93647,57108,0
92320,81118,2110,173438,94430,83228,0
44802,42154,77354,86956,122156,119508,1
29224,92039,35238,121263,64462,127277,0
89832,1056,44795,90888,134627,45851,0
19723,20157,90791,39880,110514,110948,0
52266,85376,76539,137642,128805,161915,1
65213,26847,66991,92060,132204,93838,1
16606,98314,51486,114920,68092,149800,0
19521,68406,66518,87927,86039,134924,1
76773,32551,48367,109324,125140,80918,1
10777,56449,53158,67226,63935,109607,1
70043,4860,50414,74903,120457,55274,0
16628,90017,87635,106645,104263,177652,1
43458,82636,81491,126094,124949,164127,1
73600,65583,5663,139183,79263,71246,0
77277,57508,94867,134785,172144,152375,1
6499,84879,16111,91378,22610,100990,0
10154,36158,4290,46312,14444,40448,0
96099,18548,29119,114647,125218,47667,0
16947,84356,80345,101303,97292,164701,1
80805,1228,82133,82033,162938,83361,0
63297,7820,42966,71117,106263,50786,0
47140,51958,9435,99098,56575,61393,1
96397,46094,3199,142491,99596,49293,0
37632,67737,60895,105369,98527,128632,1
18493,83184,56529,101677,75022,139713,0
31812,61049,29921,92861,61733,90970,1
74403,56978,98917,131381,173320,155895,1
99491,40298,64296,139789,163787,104594,1
52139,86408,60809,138547,112948,147217,1
38497,62736,12578,101233,51075,75314,0
3139,35422,1482,38561,4621,36904,0
25471,59086,5197,84557,30668,64283,0
11931,95352,8848,107283,20779,104200,0
40668,85592,40198,126260,80866,125790,0
28734,56269,89811,85003,118545,146080,0
39538,19163,47376,58701,86914,66539,1
88474,45464,18874,133938,107348,64338,0
20794,63499,39577,84293,60371,103076,0
48526,47455,18915,95981,67441,66370,1
73996,63404,98469,137400,172465,161873,1
4501,69263,30401,73764,34902,99664,0
3327,70454,89528,73781,92855,159982,0
55413,16609,18562,72022,73975,35171,0
51163,32759,63294,83922,114457,96053,1
70791,25785,73031,96576,143822,98816,1
60481,26119,62141,86600,122622,88260,1
96546,32312,21652,128858,118198,53964,0
36812,84316,31144,121128,67956,115460,0
67197,21677,88352,88874,155549,110029,1
41661,71120,96064,112781,137725,167184,1
33666,88167,66897,121833,100563,155064,1
94755,9394,82227,104149,176982,91621,0
38576,86664,821,125240,39397,87485,0
52821,84439,17330,137260,70151,101769,0
25707,56764,93622,82471,119329,150386,0
96091,11409,13149,107500,109240,24558,0
93910,79630,97797,173540,191707,177427,1
7424,18887,46298,26311,53722,65185,0
78358,81143,88039,159501,166397,169182,1
59875,87437,98755,147312,158630,186192,1
34227,20312,72325,54539,106552,92637,0
20619,64482,58272,85101,78891,122754,1
18298,6995,30929,25293,49227,37924,0
12808,77590,16535,90398,29343,94125,0
30078,40855,50689,70933,80767,91544,1
18226,65534,68854,83760,87080,134388,1
64503,59359,6528,123862,71031,65887,1
26640,62128,19968,88768,46608,82096,0
52572,80122,37256,132694,89828,117378,1
29498,44274,91911,73772,121409,136185,0
80378,66976,37790,147354,118168,104766,1
69092,40786,73705,109878,142797,114491,1
41853,65339,49756,107192,91609,115095,1
88107,38625,16017,126732,104124,54642,0
29578,67963,96655,97541,126233,164618,1
46440,19026,28722,65466,75162,47748,1
64477,84401,80623,148878,145100,165024,1
54013,30393,72336,84406,126349,102729,1
82776,48946,2738,131722,85514,51684,0
50203,96809,1046,147012,51249,97855,0
8379,9754,94688,18133,103067,104442,0
37354,61568,78632,98922,115986,140200,1
75985,90834,18196,166819,94181,109030,1
68499,49157,4238,117656,72737,53395,0
11309,56611,7155,67920,18464,63766,0
77972,44983,15464,122955,93436,60447,0
63826,70914,48228,134740,112054,119142,1
88491,48513,66855,137004,155346,115368,1
83592,62909,67973,146501,151565,130882,1
96448,9740,29202,106188,125650,38942,0
55898,89199,41079,145097,96977,130278,1
24272,82692,285,106964,24557,82977,0
18554,92142,51671,110696,70225,143813,0
41958,41162,60300,83120,102258,101462,1
21470,28576,50793,50046,72263,79369,0
80237,85350,30738,165587,110975,116088,1
99577,85435,78042,185012,177619,163477,1
92727,79402,90439,172129,183166,169841,1
73517,96045,45830,169562,119347,141875,1
31212,81879,47520,113091,78732,129399,0
92845,72176,13457,165021,106302,85633,0
63792,64801,43700,128593,107492,108501,1
29341,86219,88925,115560,118266,175144,1
97480,23356,29905,120836,127385,53261,0
22019,80797,75055,102816,97074,155852,1
90587,89409,22093,179996,112680,111502,1
69177,30500,69653,99677,138830,100153,1
60450,60355,1740,120805,62190,62095,1
37672,45335,42156,83007,79828,87491,1
34516,92947,31010,127463,65526,123957,0
10788,28194,57084,38982,67872,85278,0
83989,5835,95081,89824,179070,100916,0
32005,82897,44352,114902,76357,127249,0
74761,29109,70489,103870,145250,99598,1
31871,44776,42575,76647,74446,87351,1
56724,74994,43486,131718,100210,118480,1
54943,68791,94547,123734,149490,163338,1
91252,75948,1097,167200,92349,77045,0
26701,71270,33437,97971,60138,104707,0
18713,65553,72155,84266,90868,137708,1
49887,46347,46991,96234,96878,93338,1
46961,15923,72337,62884,119298,88260,0
28074,63613,8796,91687,36870,72409,0
41610,37037,94336,78647,135946,131373,0
58260,25309,47877,83569,106137,73186,1
81895,89751,18534,171646,100429,108285,1
45080,3355,37880,48435,82960,41235,0
29570,40215,89162,69785,118732,129377,0
92287,53786,15623,146073,107910,69409,0
88778,69624,70892,158402,159670,140516,1
18173,98105,81488,116278,99661,179593,1
68608,13918,23252,82526,91860,37170,0
27223,49180,6838,76403,34061,56018,0
79550,56,29087,79606,108637,29143,0
66631,46361,38663,112992,105294,85024,1
48563,84419,10816,132982,59379,95235,0
84096,42976,75731,127072,159827,118707,1
87240,56523,56526,143763,143766,113049,1
22183,78007,46336,100190,68519,124343,0
16639,4914,50136,21553,66775,55050,0
72670,67462,94015,140132,166685,161477,1
75301,60470,7792,135771,83093,68262,0
94205,13298,60813,107503,155018,74111,0
77055,26915,88498,103970,165553,115413,1
82477,89790,92484,172267,174961,182274,1
50090,64825,46348,114915,96438,111173,1
16807,97538,51072,114345,67879,148610,0
14362,53847,41073,68209,55435,94920,1
69305,41998,99863,111303,169168,141861,1
84139,4141,18572,88280,102711,22713,0
50400,31387,86088,81787,136488,117475,0
64947,16054,4222,81001,69169,20276,0
10788,579,81119,11367,91907,81698,0
9406,88762,68731,98168,78137,157493,0
35300,40989,29223,76289,64523,70212,1
49568,54957,745,104525,50313,55702,0
77342,71509,21735,148851,99077,93244,1
68032,77590,34870,145622,102902,112460,1
64243,99787,16501,164030,80744,116288,0
52550,12417,51967,64967,104517,64384,1
81186,72465,30929,153651,112115,103394,1
84961,57477,52891,142438,137852,110368,1
14553,65548,69898,80101,84451,135446,1
17248,241,85838,17489,103086,86079,0
65265,22176,83839,87441,149104,106015,1
51030,82941,59693,133971,110723,142634,1
9240,61262,15364,70502,24604,76626,0
67772,12451,64145,80223,131917,76596,1
3723,83490,17359,87213,21082,100849,0
14619,70990,59595,85609,74214,130585,1
55878,37463,28462,93341,84340,65925,1
88175,84839,13840,173014,102015,98679,1
19005,50469,11682,69474,30687,62151,0
34813,93594,1689,128407,36502,95283,0
74356,86916,56785,161272,131141,143701,1
82825,59047,79374,141872,162199,138421,1
4233,64130,99359,68363,103592,163489,0
11326,87819,89706,99145,101032,177525,1
24245,88178,43231,112423,67476,131409,0
45655,65276,92125,110931,137780,157401,1
45506,3126,1968,48632,47474,5094,0
74667,90283,24852,164950,99519,115135,1
42195,63030,14690,105225,56885,77720,0
14798,12923,40314,27721,55112,53237,0
26189,34851,23946,61040,50135,58797,1
73697,39707,91708,113404,165405,131415,1
12077,31545,53729,43622,65806,85274,0
5396,21998,31767,27394,37163,53765,0
78476,12297,47397,90773,125873,59694,0
26733,91654,48348,118387,75081,140002,0
55486,60048,90321,115534,145807,150369,1
65465,37868,42318,103333,107783,80186,1
72066,88835,5606,160901,77672,94441,0
89622,51503,13408,141125,103030,64911,0
71450,76745,66445,148195,137895,143190,1
99433,52040,62689,151473,162122,114729,1
57224,92753,3192,149977,60416,95945,0
50654,59315,53536,109969,104190,112851,1
33310,34843,73435,68153,106745,108278,0
74073,48060,56605,122133,130678,104665,1
88402,22372,41472,110774,129874,63844,0
89058,36704,24317,125762,113375,61021,0
92117,31334,91919,123451,184036,123253,1
42147,11333,60707,53480,102854,72040,0
87719,68672,85046,156391,172765,153718,1
52709,18166,29081,70875,81790,47247,0
69039,3114,84438,72153,153477,87552,0
49910,47145,4418,97055,54328,51563,1
55028,29189,11551,84217,66579,40740,0
23466,62185,15331,85651,38797,77516,0
3392,19523,87929,22915,91321,107452,0
39819,8547,91693,48366,131512,100240,0
1650,44605,96441,46255,98091,141046,0
4945,6404,1171,11349,6116,7575,0
94045,57525,19959,151570,114004,77484,0
23199,53922,99046,77121,122245,152968,0
4745,18979,52516,23724,57261,71495,0
37525,65472,68277,102997,105802,133749,1
93269,23246,99955,116515,193224,123201,1
83748,57341,33604,141089,117352,90945,1
14224,78962,94365,93186,108589,173327,0
61027,46502,18645,107529,79672,65147,1
96351,35716,74373,132067,170724,110089,1
39304,7574,21580,46878,60884,29154,0
98654,12861,88919,111515,187573,101780,1
62442,82595,28881,145037,91323,111476,1
33681,46046,62368,79727,96049,108414,1
49773,34769,77136,84542,126909,111905,1
30836,51771,45622,82607,76458,97393,1
15596,65984,65635,81580,81231,131619,1
1090,95845,57339,96935,58429,153184,0
41042,25061,80384,66103,121426,105445,0
74058,30145,92789,104203,166847,122934,1
65707,40784,53648,106491,119355,94432,1
77245,92723,37737,169968,114982,130460,1
35970,5230,35406,41200,71376,40636,1
11900,25536,62552,37436,74452,88088,0
96931,7059,37274,103990,134205,44333,0
92915,75103,11178,168018,104093,86281,0
56780,55543,21395,112323,78175,76938,1
39206,1268,91737,40474,130943,93005,0
55729,13601,21090,69330,76819,34691,0
75759,32129,5286,107888,81045,37415,0
87163,97253,2868,184416,90031,100121,0
48115,82066,36596,130181,84711,118662,1
64377,37983,11514,102360,75891,49497,0
82048,7834,77705,89882,159753,85539,1
88072,44253,90801,132325,178873,135054,1
73133,6918,64196,80051,137329,71114,0
95882,44244,659,140126,96541,44903,0
84939,72170,85509,157109,170448,157679,1
81267,58857,18969,140124,100236,77826,0
12595,97390,66169,109985,78764,163559,0
60696,32613,91180,93309,151876,123793,1
99446,80479,48233,179925,147679,128712,1
9628,53284,68371,62912,77999,121655,0
52120,55981,59860,108101,111980,115841,1
11017,40897,15357,51914,26374,56254,0
92326,78364,71092,170690,163418,149456,1
91681,6281,16887,97962,108568,23168,0
144,98429,54691,98573,54835,153120,0
55613,63498,3521,119111,59134,67019,0
57096,21797,77025,78893,134121,98822,1
22330,17548,96169,39878,118499,113717,0
46217,12878,37676,59095,83893,50554,1
42143,78410,95918,120553,138061,174328,1
33937,66489,6301,100426,40238,72790,0
66779,30801,90794,97580,157573,121595,1
32050,97674,41032,129724,73082,138706,0
57278,39780,46330,97058,103608,86110,1
44513,26756,75024,71269,119537,101780,0
73067,53208,47754,126275,120821,100962,1
66012,98028,91549,164040,157561,189577,1
89689,13137,53463,102826,143152,66600,0
82685,60738,85439,143423,168124,146177,1
11109,82427,90857,93536,101966,173284,1
51309,95638,5130,146947,56439,100768,0
84325,45416,98770,129741,183095,144186,1
20973,19637,74487,40610,95460,94124,0
67940,76879,88775,144819,156715,165654,1
53718,37546,39408,91264,93126,76954,1
77812,1509,24004,79321,101816,25513,0
21353,95804,51977,117157,73330,147781,0
54061,57288,59826,111349,113887,117114,1
264,49280,91534,49544,91798,140814,0
82150,13605,55948,95755,138098,69553,0
21988,18918,19070,40906,41058,37988,1
44585,60228,91379,104813,135964,151607,1
43265,21198,76204,64463,119469,97402,0
58556,79962,83500,138518,142056,163462,1
72716,20456,82022,93172,154738,102478,1
30217,85458,51709,115675,81926,137167,0
18250,64328,94858,82578,113108,159186,0
96067,74437,28879,170504,124946,103316,1
64164,48556,81916,112720,146080,130472,1
85287,91609,27053,176896,112340,118662,1
56479,51152,25315,107631,81794,76467,1
65665,24878,76107,90543,141772,100985,1
63236,99258,47875,162494,111111,147133,1
58785,39207,7006,97992,65791,46213,0
8513,86464,65022,94977,73535,151486,0
49661,30866,2182,80527,51843,33048,0
60811,32314,62114,93125,122925,94428,1
26036,57264,87367,83300,113403,144631,0
5070,8313,28143,13383,33213,36456,0
63290,64347,40423,127637,103713,104770,1
67709,96923,16019,164632,83728,112942,0
67903,76423,49535,144326,117438,125958,1
8698,36580,1899,45278,10597,38479,0
25179,35035,30167,60214,55346,65202,1
77638,38519,54075,116157,131713,92594,1
23899,6604,49567,30503,73466,56171,0
74623,35071,51259,109694,125882,86330,1
94999,18098,26117,113097,121116,44215,0
81314,52100,41452,133414,122766,93552,1
19535,14975,20048,34510,39583,35023,1
31745,51982,8814,83727,40559,60796,0
333,14463,93681,14796,94014,108144,0
79804,95297,10516,175101,90320,105813,0
74484,48634,71893,123118,146377,120527,1
63983,95673,98914,159656,162897,194587,1
58250,85988,14741,144238,72991,100729,0
32078,18749,40140,50827,72218,58889,1
68980,62044,7231,131024,76211,69275,1
99650,4546,20691,104196,120341,25237,0
92793,60651,77853,153444,170646,138504,1
31282,17884,93677,49166,124959,111561,0
45418,75162,42693,120580,88111,117855,1
82866,80878,11065,163744,93931,91943,1
49558,46085,67044,95643,116602,113129,1
45303,64215,63107,109518,108410,127322,1
5724,95085,29376,100809,35100,124461,0
96105,43598,26030,139703,122135,69628,0
41378,17944,285,59322,41663,18229,0
43125,3729,98748,46854,141873,102477,0
13757,3989,24627,17746,38384,28616,0
32804,87377,95179,120181,127983,182556,1
23827,50141,99813,73968,123640,149954,0
23531,79985,46859,103516,70390,126844,0
32290,12347,30602,44637,62892,42949,1
35810,84082,80901,119892,116711,164983,1
54755,21858,46142,76613,100897,68000,1
99178,97121,53232,196299,152410,150353,1
27332,80591,3564,107923,30896,84155,0
42438,93091,41893,135529,84331,134984,0
85685,67711,6408,153396,92093,74119,0
30379,33983,49663,64362,80042,83646,1
43747,85275,23818,129022,67565,109093,0
29693,22446,47879,52139,77572,70325,1
94598,48931,33655,143529,128253,82586,0
5623,99413,77770,105036,83393,177183,0
55593,48355,68871,103948,124464,117226,1
93329,50381,34641,143710,127970,85022,0
91988,6830,67083,98818,159071,73913,0
64708,18184,46241,82892,110949,64425,0
28204,80220,88647,108424,116851,168867,1
62136,2457,55070,64593,117206,57527,0
92361,15929,54998,108290,147359,70927,0
6073,77288,76357,83361,82430,153645,1
8558,94193,48014,102751,56572,142207,0
25778,85551,38347,111329,64125,123898,0
12208,93768,56340,105976,68548,150108,0
4006,94913,71047,98919,75053,165960,0
88640,20445,68458,109085,157098,88903,1
16123,33424,91340,49547,107463,124764,0
50977,68486,74749,119463,125726,143235,1
29708,22386,69100,52094,98808,91486,0
21609,1251,49168,22860,70777,50419,0
93807,65697,50473,159504,144280,116170,1
92635,53584,58428,146219,151063,112012,1
91280,59208,74793,150488,166073,134001,1
64533,64169,67705,128702,132238,131874,1
34386,26712,41739,61098,76125,68451,1
98005,45658,25485,143663,123490,71143,0
24767,35498,78040,60265,102807,113538,0
57935,56062,85051,113997,142986,141113,1
2095,32164,27192,34259,29287,59356,0
40715,88129,64890,128844,105605,153019,1
59193,73857,36198,133050,95391,110055,1
26609,33207,48257,59816,74866,81464,1
37028,18506,11024,55534,48052,29530,0
26573,12387,21540,38960,48113,33927,1
55953,95586,12781,151539,68734,108367,0
41900,5841,44386,47741,86286,50227,1
19736,41479,70874,61215,90610,112353,0
83152,80775,38434,163927,121586,119209,1
57341,4435,7742,61776,65083,12177,0
29758,52031,85790,81789,115548,137821,0
72831,69702,49392,142533,122223,119094,1
12874,50908,69232,63782,82106,120140,0
57159,10479,56356,67638,113515,66835,1
34960,41861,57586,76821,92546,99447,1
32487,3560,69941,36047,102428,73501,0
56994,66896,96671,123890,153665,163567,1
91028,51302,93103,142330,184131,144405,1
84416,89240,38979,173656,123395,128219,1
47668,63221,36392,110889,84060,99613,1
73994,32039,94980,106033,168974,127019,1
17114,81217,21199,98331,38313,102416,0
56241,5528,28541,61769,84782,34069,0
1647,57780,4396,59427,6043,62176,0
67392,19479,70721,86871,138113,90200,1
61643,18389,23287,80032,84930,41676,0
37928,30454,96896,68382,134824,127350,0
34910,97403,96054,132313,130964,193457,1
66680,41670,98796,108350,165476,140466,1
87392,60012,89921,147404,177313,149933,1
53281,91614,72035,144895,125316,163649,1
47191,30442,65926,77633,113117,96368,1
9840,54935,74584,64775,84424,129519,0
92918,79055,19801,171973,112719,98856,1
9432,74233,49473,83665,58905,123706,0
21534,78031,73928,99565,95462,151959,1
46609,89058,23966,135667,70575,113024,0
3494,76880,14225,80374,17719,91105,0
47317,53485,38486,100802,85803,91971,1
51055,64312,14115,115367,65170,78427,1
37841,32738,72165,70579,110006,104903,0
77910,42917,52148,120827,130058,95065,1
98423,965,70225,99388,168648,71190,0
49558,85355,64871,134913,114429,150226,1
73003,92398,78245,165401,151248,170643,1
2389,81549,29978,83938,32367,111527,0
65568,53479,15260,119047,80828,68739,1
16581,17692,22160,34273,38741,39852,1
98816,43353,36304,142169,135120,79657,0
14251,94899,63355,109150,77606,158254,0
91352,75350,54475,166702,145827,129825,1
16834,38180,7212,55014,24046,45392,0
16338,16147,78362,32485,94700,94509,0
1662,74781,8884,76443,10546,83665,0
55839,99318,66278,155157,122117,165596,1
20755,99416,52256,120171,73011,151672,0
6923,29828,2638,36751,9561,32466,0
24498,17927,14239,42425,38737,32166,1
8469,72556,90478,81025,98947,163034,0
87167,22835,48352,110002,135519,71187,0
4113,91587,83260,95700,87373,174847,0
72016,15272,29367,87288,101383,44639,0
99051,40710,81260,139761,180311,121970,1
98730,61243,44799,159973,143529,106042,1
46215,62783,24961,108998,71176,87744,1
91504,11749,26159,103253,117663,37908,0
30108,70207,15214,100315,45322,85421,0
88684,91475,62920,180159,151604,154395,1
6091,30018,20519,36109,26610,50537,0
26950,31020,43746,57970,70696,74766,1
78629,10092,55010,88721,133639,65102,0
68062,79545,22874,147607,90936,102419,1
26556,38314,48339,64870,74895,86653,1
83132,99765,74865,182897,157997,174630,1
92848,4620,1979,97468,94827,6599,0
49273,49878,11279,99151,60552,61157,1
58474,81563,21268,140037,79742,102831,0
77314,25910,65617,103224,142931,91527,1
64230,79986,54579,144216,118809,134565,1
30198,62419,71695,92617,101893,134114,1
69636,56473,79918,126109,149554,136391,1
7601,19011,50636,26612,58237,69647,0
22460,11620,41699,34080,64159,53319,0
64795,47002,66200,111797,130995,113202,1
78289,59034,88875,137323,167164,147909,1
77058,94459,66609,171517,143667,161068,1
77010,20001,32498,97011,109508,52499,0
98077,24659,63389,122736,161466,88048,0
47337,35637,57638,82974,104975,93275,1
59172,19754,52012,78926,111184,71766,1
90082,79970,81706,170052,171788,161676,1
32193,79116,24173,111309,56366,103289,0
14532,39459,18241,53991,32773,57700,0
15316,92616,40912,107932,56228,133528,0
42328,28870,47906,71198,90234,76776,1
92270,91231,54087,183501,146357,145318,1
49219,58822,46566,108041,95785,105388,1
36015,71768,71337,107783,107352,143105,1
67945,62185,14561,130130,82506,76746,1
29873,54513,36127,84386,66000,90640,1
82805,62124,97976,144929,180781,160100,1
76610,12616,70895,89226,147505,83511,1
64320,99968,92797,164288,157117,192765,1
66683,2097,20514,68780,87197,22611,0
61293,11944,91315,73237,152608,103259,0
29779,14613,91036,44392,120815,105649,0
33431,67712,96823,101143,130254,164535,1
28013,92557,63404,120570,91417,155961,0
86741,34592,79375,121333,166116,113967,1
23933,71112,38033,95045,61966,109145,0
32271,50720,83789,82991,116060,134509,0
20286,43061,62070,63347,82356,105131,1
16993,27502,17308,44495,34301,44810,1
78474,9362,20637,87836,99111,29999,0
35672,50205,31343,85877,67015,81548,1
74178,231,57271,74409,131449,57502,0
96276,32721,42071,128997,138347,74792,0
1675,61691,30105,63366,31780,91796,0
97731,34278,27112,132009,124843,61390,0
69097,48941,34522,118038,103619,83463,1
28047,18463,51249,46510,79296,69712,0
65348,38843,76492,104191,141840,115335,1
87284,86370,71946,173654,159230,158316,1
51438,87646,97702,139084,149140,185348,1
91066,24208,1707,115274,92773,25915,0
1536,67332,33722,68868,35258,101054,0
801,67427,20311,68228,21112,87738,0
14083,1275,57363,15358,71446,58638,0
32382,14034,14427,46416,46809,28461,0
61702,6975,67842,68677,129544,74817,1
57300,18833,51094,76133,108394,69927,1
86322,25619,66177,111941,152499,91796,1
53349,79463,83216,132812,136565,162679,1
63991,32220,50867,96211,114858,83087,1
46430,29410,6333,75840,52763,35743,0
32078,66686,84691,98764,116769,151377,1
42891,37465,12611,80356,55502,50076,1
23977,70872,63094,94849,87071,133966,1
55248,40927,95003,96175,150251,135930,1
39901,85722,42630,125623,82531,128352,0
46419,67734,59199,114153,105618,126933,1
14531,96477,68846,111008,83377,165323,0
36091,83127,46451,119218,82542,129578,0
45081,19971,48675,65052,93756,68646,1
93169,77021,14028,170190,107197,91049,0
79071,2750,33334,81821,112405,36084,0
89102,38932,73195,128034,162297,112127,1
11289,99322,50534,110611,61823,149856,0
74761,87474,50494,162235,125255,137968,1
73348,89807,75062,163155,148410,164869,1
80436,92115,708,172551,81144,92823,0
12400,61902,73297,74302,85697,135199,1
91076,17584,87072,108660,178148,104656,1
98831,24893,25641,123724,124472,50534,0
2068,65732,92510,67800,94578,158242,0
47546,18708,81753,66254,129299,100461,0
56057,32688,99412,88745,155469,132100,0
22140,86372,3383,108512,25523,89755,0
98788,75117,8910,173905,107698,84027,0
2545,93995,85514,96540,88059,179509,0
64485,19821,52060,84306,116545,71881,1
8434,11319,90045,19753,98479,101364,0
58731,23234,84086,81965,142817,107320,0
99679,22733,74671,122412,174350,97404,0
3559,55864,84563,59423,88122,140427,0
85080,21847,59708,106927,144788,81555,0
8531,62926,30968,71457,39499,93894,0
74448,30661,791,105109,75239,31452,0
16987,12309,89093,29296,106080,101402,0
81220,67939,40535,149159,121755,108474,1
33170,21890,17029,55060,50199,38919,1
76069,87913,88437,163982,164506,176350,1
60592,53814,67693,114406,128285,121507,1
81023,56561,55849,137584,136872,112410,1
61115,98220,85421,159335,146536,183641,1
99239,93705,75915,192944,175154,169620,1
24055,20612,14117,44667,38172,34729,1
17326,7122,75838,24448,93164,82960,0
46734,13375,89803,60109,136537,103178,0
22882,31563,54752,54445,77634,86315,0
2864,99458,51992,102322,54856,151450,0
67757,60558,97929,128315,165686,158487,1
87371,61744,54779,149115,142150,116523,1
99025,87439,21448,186464,120473,108887,1
87077,70463,74640,157540,161717,145103,1
91345,91861,36969,183206,128314,128830,1
42,61724,74518,61766,74560,136242,0
79438,20873,69742,100311,149180,90615,1
74860,18201,63921,93061,138781,82122,1
56618,36837,70636,93455,127254,107473,1
14003,10642,61526,24645,75529,72168,0
34017,89280,44469,123297,78486,133749,0
51555,45666,69112,97221,120667,114778,1
21121,69812,85931,90933,107052,155743,1
85004,82537,12689,167541,97693,95226,1
65481,53210,5949,118691,71430,59159,0
81827,9710,49273,91537,131100,58983,0
70901,88568,82850,159469,153751,171418,1
29422,92567,48783,121989,78205,141350,0
79840,34739,16082,114579,95922,50821,0
12170,69736,87995,81906,100165,157731,0
27380,20271,61311,47651,88691,81582,0
26892,29185,10734,56077,37626,39919,1
17595,47287,95405,64882,113000,142692,0
22779,97471,48789,120250,71568,146260,0
39198,34643,76300,73841,115498,110943,0
38987,69329,56667,108316,95654,125996,1
61479,40765,80558,102244,142037,121323,1
52362,38278,8084,90640,60446,46362,0
3084,71747,57140,74831,60224,128887,0
19928,55590,88566,75518,108494,144156,0
87992,57118,38286,145110,126278,95404,1
81599,61603,15238,143202,96837,76841,0
17568,46930,895,64498,18463,47825,0
30049,18709,30944,48758,60993,49653,1
36944,43252,58176,80196,95120,101428,1
50253,71195,23498,121448,73751,94693,1
90762,66060,76607,156822,167369,142667,1
57154,10889,31463,68043,88617,42352,0
31741,15788,47620,47529,79361,63408,0
79394,24538,37626,103932,117020,62164,0
97979,43734,36940,141713,134919,80674,0
60219,9725,15792,69944,76011,25517,0
56929,2123,99652,59052,156581,101775,0
37854,75888,50081,113742,87935,125969,1
15371,9758,70546,25129,85917,80304,0
67347,26145,85031,93492,152378,111176,1
61469,42761,66816,104230,128285,109577,1
74615,83099,37686,157714,112301,120785,1
53339,45787,93141,99126,146480,138928,1
54774,1296,4112,56070,58886,5408,0
58119,80965,47739,139084,105858,128704,1
45803,45918,29688,91721,75491,75606,1
6068,36479,99840,42547,105908,136319,0
51876,56415,84128,108291,136004,140543,1
15268,33317,58715,48585,73983,92032,0
70659,55184,5616,125843,76275,60800,0
79299,24111,33236,103410,112535,57347,0
54766,25370,29475,80136,84241,54845,1
65938,20914,29893,86852,95831,50807,0
59658,18836,73049,78494,132707,91885,1
63462,24638,42746,88100,106208,67384,1
17954,32483,8346,50437,26300,40829,0
11746,74199,90756,85945,102502,164955,0
13204,40984,20729,54188,33933,61713,0
8257,3532,7095,11789,15352,10627,1
68861,90396,31818,159257,100679,122214,1
45640,37824,82175,83464,127815,119999,1
4669,16796,60664,21465,65333,77460,0
74905,10303,64127,85208,139032,74430,0
7351,36646,4609,43997,11960,41255,0
2603,29379,47596,31982,50199,76975,0
92142,20289,85538,112431,177680,105827,1
54762,81718,59922,136480,114684,141640,1
78052,86317,56337,164369,134389,142654,1
48604,50924,43903,99528,92507,94827,1
44362,26454,34246,70816,78608,60700,1
17781,17087,63435,34868,81216,80522,0
90428,98507,33196,188935,123624,131703,1
89046,92065,58732,181111,147778,150797,1
80788,28648,10849,109436,91637,39497,0
87514,49178,78907,136692,166421,128085,1
19136,91272,37964,110408,57100,129236,0
92914,75421,63441,168335,156355,138862,1
18652,920,35640,19572,54292,36560,0
107,47391,57172,47498,57279,104563,0
95849,98571,58883,194420,154732,157454,1
70548,43644,61522,114192,132070,105166,1
79563,77390,62231,156953,141794,139621,1
31894,95619,21767,127513,53661,117386,0
26386,34304,12241,60690,38627,46545,1
72223,8838,23324,81061,95547,32162,0
1821,73097,60686,74918,62507,133783,0
45945,86475,6861,132420,52806,93336,0
57351,52142,90793,109493,148144,142935,1
91636,94789,64940,186425,156576,159729,1
69732,8750,24582,78482,94314,33332,0
49349,25940,82704,75289,132053,108644,0
41443,22476,30093,63919,71536,52569,1
60216,57878,52551,118094,112767,110429,1
63831,25714,18107,89545,81938,43821,0
22061,22606,22394,44667,44455,45000,1
62127,58737,29776,120864,91903,88513,1
62524,2723,32631,65247,95155,35354,0
93568,49639,46892,143207,140460,96531,1
7438,5056,70951,12494,78389,76007,0
81669,65941,92099,147610,173768,158040,1
28209,79729,91233,107938,119442,170962,1
72965,38817,17862,111782,90827,56679,0
11834,42225,24368,54059,36202,66593,0
3166,90455,96984,93621,100150,187439,0
92730,79991,8666,172721,101396,88657,0
67673,82278,8437,149951,76110,90715,0
9572,29695,37351,39267,46923,67046,1
56471,65256,45245,121727,101716,110501,1
83061,67344,28601,150405,111662,95945,1
52369,23598,44389,75967,96758,67987,1
26300,90504,26036,116804,52336,116540,0
77779,55357,97761,133136,175540,153118,1
12630,37359,84720,49989,97350,122079,0
74729,36034,89566,110763,164295,125600,1
85972,40192,82113,126164,168085,122305,1
40332,24782,95959,65114,136291,120741,0
30453,55697,95055,86150,125508,150752,0
33994,30503,76092,64497,110086,106595,0
78149,62620,42534,140769,120683,105154,1
12021,3594,81493,15615,93514,85087,0
57779,54156,48716,111935,106495,102872,1
58631,40908,92968,99539,151599,133876,1
38405,84209,82131,122614,120536,166340,1
90266,24014,2262,114280,92528,26276,0
16614,17063,82246,33677,98860,99309,0
40913,77563,29347,118476,70260,106910,0
36630,62696,23951,99326,60581,86647,0
46697,32086,37699,78783,84396,69785,1
90192,19219,89495,109411,179687,108714,1
11624,46685,86085,58309,97709,132770,0
2522,23191,12371,25713,14893,35562,0
34061,93115,74002,127176,108063,167117,1
92908,18979,14282,111887,107190,33261,0
53202,14053,26612,67255,79814,40665,0
29553,61106,53685,90659,83238,114791,1
64359,15083,47239,79442,111598,62322,0
3133,32288,54295,35421,57428,86583,0
32631,81505,65727,114136,98358,147232,1
53680,87902,23751,141582,77431,111653,0
90988,25770,2943,116758,93931,28713,0
47147,76096,73092,123243,120239,149188,1
58723,45568,90260,104291,148983,135828,1
27272,31695,91852,58967,119124,123547,0
60074,92865,20432,152939,80506,113297,0
97290,21995,32789,119285,130079,54784,0
95904,29439,82816,125343,178720,112255,1
18928,5599,46176,24527,65104,51775,0
51801,44541,83262,96342,135063,127803,1
33078,80194,2977,113272,36055,83171,0
83670,89179,91093,172849,174763,180272,1
93783,78787,22492,172570,116275,101279,1
96130,13234,48667,109364,144797,61901,0
54044,92295,51527,146339,105571,143822,1
61868,51894,75314,113762,137182,127208,1
18394,55966,88529,74360,106923,144495,0
97604,781,54012,98385,151616,54793,0
4115,4992,32506,9107,36621,37498,0
66282,35647,7797,101929,74079,43444,0
59190,83992,64655,143182,123845,148647,1
14199,55084,29385,69283,43584,84469,0
13937,60772,61675,74709,75612,122447,1
65544,22833,10148,88377,75692,32981,0
70326,97992,70370,168318,140696,168362,1
23120,66116,4839,89236,27959,70955,0
97407,91253,86444,188660,183851,177697,1
89779,67278,59492,157057,149271,126770,1
47223,34300,21278,81523,68501,55578,1
9592,63731,77322,73323,86914,141053,0
60712,77372,25133,138084,85845,102505,1
62658,80903,53582,143561,116240,134485,1
91711,38566,14866,130277,106577,53432,0
63296,57895,86975,121191,150271,144870,1
32068,27289,99641,59357,131709,126930,0
36954,52175,7964,89129,44918,60139,0
34083,64199,55637,98282,89720,119836,1
69011,12395,50583,81406,119594,62978,0
26778,38547,73482,65325,100260,112029,0
60274,32820,58798,93094,119072,91618,1
80005,17606,18971,97611,98976,36577,0
3375,43964,17612,47339,20987,61576,0
642,29209,13654,29851,14296,42863,0
19012,44679,58418,63691,77430,103097,1
90120,13899,3886,104019,94006,17785,0
62111,55084,81873,117195,143984,136957,1
18993,26364,33338,45357,52331,59702,1
34127,80698,36408,114825,70535,117106,0
11913,13437,88981,25350,100894,102418,0
67528,62779,68009,130307,135537,130788,1
40616,75745,76975,116361,117591,152720,1
83418,71313,90852,154731,174270,162165,1
70340,14383,48377,84723,118717,62760,0
43342,91160,72929,134502,116271,164089,1
10225,59251,5908,69476,16133,65159,0
10859,58022,44719,68881,55578,102741,0
48154,43720,59197,91874,107351,102917,1
39123,83974,23241,123097,62364,107215,0
37925,33552,22147,71477,60072,55699,1
16706,63860,22323,80566,39029,86183,0
19381,62490,80134,81871,99515,142624,1
23053,11201,71599,34254,94652,82800,0
21666,31388,87819,53054,109485,119207,0
81706,88468,7801,170174,89507,96269,1
62949,87650,61171,150599,124120,148821,1
11969,53698,48809,65667,60778,102507,1
25040,95362,9160,120402,34200,104522,0
21934,92521,47645,114455,69579,140166,0
84886,50460,46847,135346,131733,97307,1
69380,14484,37115,83864,106495,51599,0
26936,86407,48570,113343,75506,134977,0
3290,19588,77856,22878,81146,97444,0
11918,22990,47597,34908,59515,70587,0
54945,88679,21707,143624,76652,110386,0
82168,39656,46784,121824,128952,86440,1
90938,65727,14984,156665,105922,80711,0
28601,82799,7874,111400,36475,90673,0
9248,76315,47238,85563,56486,123553,0
75530,24254,65494,99784,141024,89748,1
15974,59972,89479,75946,105453,149451,0
23695,69586,63273,93281,86968,132859,1
11661,35493,7609,47154,19270,43102,0
73223,96203,37005,169426,110228,133208,1
7553,7142,71787,14695,79340,78929,0
8739,65887,87768,74626,96507,153655,0
54496,80467,87320,134963,141816,167787,1
35090,19034,30461,54124,65551,49495,1
68231,90262,89211,158493,157442,179473,1
50591,76629,70762,127220,121353,147391,1
88533,3695,37501,92228,126034,41196,0
34420,89718,9455,124138,43875,99173,0
61728,54825,30715,116553,92443,85540,1
49058,98992,14117,148050,63175,113109,0
64313,47193,31684,111506,95997,78877,1
63408,16485,39345,79893,102753,55830,0
13715,19063,21718,32778,35433,40781,1
11394,37358,31829,48752,43223,69187,1
47244,32699,56506,79943,103750,89205,1
6480,14096,73870,20576,80350,87966,0
47179,34930,56442,82109,103621,91372,1
50501,58402,95235,108903,145736,153637,1
4210,35743,48963,39953,53173,84706,0
15541,57924,68641,73465,84182,126565,1
85240,17522,85399,102762,170639,102921,1
36056,17749,59066,53805,95122,76815,0
93749,13510,10142,107259,103891,23652,0
79602,14064,50852,93666,130454,64916,0
36801,49593,3046,86394,39847,52639,0
64708,86030,94674,150738,159382,180704,1
1234,61838,23707,63072,24941,85545,0
20871,30604,69548,51475,90419,100152,0
95558,73599,35193,169157,130751,108792,1
54468,24975,88861,79443,143329,113836,0
75892,64148,98469,140040,174361,162617,1
91324,55327,36317,146651,127641,91644,1
45737,6511,68501,52248,114238,75012,0
86806,70207,74947,157013,161753,145154,1
85740,77696,59579,163436,145319,137275,1
23113,24014,17291,47127,40404,41305,1
74651,83643,19235,158294,93886,102878,1
19978,46117,53799,66095,73777,99916,1
79271,63503,75287,142774,154558,138790,1
27717,62850,47373,90567,75090,110223,1
47678,33195,38548,80873,86226,71743,1
92841,97124,60976,189965,153817,158100,1
57764,54172,59722,111936,117486,113894,1
66977,99512,72012,166489,138989,171524,1
44364,58903,76129,103267,120493,135032,1
16830,40083,65630,56913,82460,105713,0
60741,67116,94778,127857,155519,161894,1
49434,5631,93640,55065,143074,99271,0
5516,89465,39371,94981,44887,128836,0
76742,27422,52831,104164,129573,80253,1
38259,28875,51302,67134,89561,80177,1
38941,61137,19426,100078,58367,80563,0
75637,60406,97816,136043,173453,158222,1
23572,75073,24718,98645,48290,99791,0
96696,40069,54890,136765,151586,94959,0
44544,93800,14756,138344,59300,108556,0
91871,75613,90899,167484,182770,166512,1
64034,52237,86579,116271,150613,138816,1
52235,27290,9885,79525,62120,37175,0
37980,47908,77713,85888,115693,125621,1
73903,20461,5733,94364,79636,26194,0
9441,54915,82776,64356,92217,137691,0
38665,88220,16938,126885,55603,105158,0
77547,88037,15198,165584,92745,103235,1
86670,71707,21641,158377,108311,93348,1
89677,94779,97104,184456,186781,191883,1
46130,75528,38837,121658,84967,114365,1
85668,87167,83840,172835,169508,171007,1
89759,56753,65269,146512,155028,122022,1
73657,54437,67477,128094,141134,121914,1
66485,97252,88960,163737,155445,186212,1
31338,71184,42670,102522,74008,113854,1
39249,56215,489,95464,39738,56704,0
17571,1661,49528,19232,67099,51189,0
52,99392,93209,99444,93261,192601,0
95216,86947,32815,182163,128031,119762,1
26069,40890,94240,66959,120309,135130,0
31726,48508,82148,80234,113874,130656,0
51710,41467,89767,93177,141477,131234,1
16528,74980,59629,91508,76157,134609,1
60905,38266,35326,99171,96231,73592,1
83159,91068,38802,174227,121961,129870,1
93710,36069,52659,129779,146369,88728,0
17319,71627,30041,88946,47360,101668,0
77346,59038,53759,136384,131105,112797,1
50235,96995,10361,147230,60596,107356,0
19622,61905,3958,81527,23580,65863,0
65864,45926,757,111790,66621,46683,0
6978,80142,263,87120,7241,80405,0
2703,53156,44142,55859,46845,97298,0
47168,71730,25696,118898,72864,97426,1
76606,65740,93209,142346,169815,158949,1
39087,65040,52669,104127,91756,117709,1
87663,90681,18405,178344,106068,109086,1
92364,58332,16203,150696,108567,74535,0
82300,96793,70743,179093,153043,167536,1
47565,48878,4311,96443,51876,53189,1
38287,44128,96670,82415,134957,140798,0
3103,48377,98560,51480,101663,146937,0
15523,63581,10440,79104,25963,74021,0
72511,63068,92747,135579,165258,155815,1
49867,22280,11545,72147,61412,33825,0
69915,67649,23574,137564,93489,91223,1
97540,94576,72927,192116,170467,167503,1
41299,16690,11869,57989,53168,28559,0
59986,63572,39087,123558,99073,102659,1
30872,87344,14399,118216,45271,101743,0
74907,67575,25479,142482,100386,93054,1
63472,736,56062,64208,119534,56798,0
80481,38670,20927,119151,101408,59597,0
50432,79139,30155,129571,80587,109294,1
1279,69874,66232,71153,67511,136106,0
20262,37237,96227,57499,116489,133464,0
15169,98864,94943,114033,110112,193807,1
73523,20255,58256,93778,131779,78511,1
96681,59250,21223,155931,117904,80473,0
73550,8795,32308,82345,105858,41103,0
25087,2012,75015,27099,100102,77027,0
34639,11438,28488,46077,63127,39926,1
94754,11494,24962,106248,119716,36456,0
14101,4033,80186,18134,94287,84219,0
53410,54506,68368,107916,121778,122874,1
127,30052,62077,30179,62204,92129,0
35563,80528,35222,116091,70785,115750,0
24498,58025,5393,82523,29891,63418,0
52302,13754,85074,66056,137376,98828,0
16798,35445,90048,52243,106846,125493,0
56385,78744,38190,135129,94575,116934,1
88647,15526,98111,104173,186758,113637,1
51530,28955,76995,80485,128525,105950,1
37060,82757,73087,119817,110147,155844,1
92305,63592,21821,155897,114126,85413,0
94,43755,47449,43849,47543,91204,0
80558,6670,49764,87228,130322,56434,0
5602,24437,65959,30039,71561,90396,0
96569,4160,10368,100729,106937,14528,0
73520,41723,47513,115243,121033,89236,1
77958,36661,1014,114619,78972,37675,0
27666,49554,34487,77220,62153,84041,1
39917,16011,88361,55928,128278,104372,0
99536,41002,80650,140538,180186,121652,1
84909,85343,22492,170252,107401,107835,1
26518,20790,65743,47308,92261,86533,0
42549,76509,61387,119058,103936,137896,1
41257,23014,9165,64271,50422,32179,0
83132,93259,16148,176391,99280,109407,1
20342,62135,32237,82477,52579,94372,0
35681,2289,37040,37970,72721,39329,1
55533,47024,19082,102557,74615,66106,1
46198,45406,62511,91604,108709,107917,1
51228,1037,35076,52265,86304,36113,0
46195,32301,72582,78496,118777,104883,1
28620,81762,26775,110382,55395,108537,0
32192,17877,39127,50069,71319,57004,1
4706,25349,4146,30055,8852,29495,0
10059,97214,1489,107273,11548,98703,0
64097,16215,27260,80312,91357,43475,0
9247,62723,60414,71970,69661,123137,1
32329,94255,18629,126584,50958,112884,0
73294,78552,2354,151846,75648,80906,0
30925,13983,56689,44908,87614,70672,0
76154,88574,80982,164728,157136,169556,1
53425,50426,29819,103851,83244,80245,1
37552,51884,37365,89436,74917,89249,1
85445,27993,38599,113438,124044,66592,0
13685,46667,20504,60352,34189,67171,0
59284,90901,28743,150185,88027,119644,0
94559,21988,89039,116547,183598,111027,1
43753,20059,44810,63812,88563,64869,1
86800,11808,68178,98608,154978,79986,0
8858,48730,67797,57588,76655,116527,0
38174,29651,91027,67825,129201,120678,0
86915,43258,74163,130173,161078,117421,1
82337,57725,87913,140062,170250,145638,1
69783,87911,80396,157694,150179,168307,1
13860,53102,22500,66962,36360,75602,0
75607,9932,33920,85539,109527,43852,0
37621,58905,95751,96526,133372,154656,1
26015,34477,37512,60492,63527,71989,1
18520,24576,38370,43096,56890,62946,1
48619,74000,20644,122619,69263,94644,0
92602,47472,70935,140074,163537,118407,1
710,27433,74893,28143,75603,102326,0
500,50485,76517,50985,77017,127002,0
98505,29025,82523,127530,181028,111548,1
61333,55522,19635,116855,80968,75157,1
28302,98830,71776,127132,100078,170606,1
41232,30211,66333,71443,107565,96544,1
14900,78806,64287,93706,79187,143093,1
62961,58284,75906,121245,138867,134190,1
6120,61245,36625,67365,42745,97870,0
96497,33170,3998,129667,100495,37168,0
53692,43746,53164,97438,106856,96910,1
13533,34483,99123,48016,112656,133606,0
49195,71066,65187,120261,114382,136253,1
79441,4016,98285,83457,177726,102301,0
59381,84104,49999,143485,109380,134103,1
59615,16220,3912,75835,63527,20132,0
11512,68857,32213,80369,43725,101070,0
8687,17864,91628,26551,100315,109492,0
83614,61862,34829,145476,118443,96691,1
67324,3227,64627,70551,131951,67854,1
33170,75278,157,108448,33327,75435,0
45716,90064,26921,135780,72637,116985,0
83116,89562,30984,172678,114100,120546,1
68687,79983,82844,148670,151531,162827,1
91284,47641,14659,138925,105943,62300,0
44526,36474,58108,81000,102634,94582,1
39968,74,44523,40042,84491,44597,0
61292,7222,18846,68514,80138,26068,0
56405,70507,5763,126912,62168,76270,0
81740,70948,31668,152688,113408,102616,1
49262,8571,4699,57833,53961,13270,0
54121,5888,22013,60009,76134,27901,0
93022,4656,27262,97678,120284,31918,0
45061,48846,96048,93907,141109,144894,0
28551,68807,43247,97358,71798,112054,1
97910,27132,31162,125042,129072,58294,0
16184,68141,22791,84325,38975,90932,0
76560,72464,92321,149024,168881,164785,1
15650,38779,62669,54429,78319,101448,0
38332,45980,5414,84312,43746,51394,0
67644,54373,71386,122017,139030,125759,1
78653,12149,73698,90802,152351,85847,1
6934,61974,44342,68908,51276,106316,0
65907,53932,40612,119839,106519,94544,1
69536,55462,22989,124998,92525,78451,1
55260,27379,11445,82639,66705,38824,0
96849,57451,74850,154300,171699,132301,1
46699,49592,65251,96291,111950,114843,1
5586,62766,52594,68352,58180,115360,0
3516,98524,32628,102040,36144,131152,0
61557,51695,31726,113252,93283,83421,1
64051,9253,35887,73304,99938,45140,0
38052,7950,48883,46002,86935,56833,0
9778,25404,70498,35182,80276,95902,0
91524,36434,88736,127958,180260,125170,1
43286,11781,94897,55067,138183,106678,0
42338,65267,41476,107605,83814,106743,1
44124,93083,27919,137207,72043,121002,0
76888,85070,36270,161958,113158,121340,1
74317,81413,52912,155730,127229,134325,1
6880,73212,6518,80092,13398,79730,0
41024,35241,38667,76265,79691,73908,1
19622,98124,50399,117746,70021,148523,0
86124,85448,82794,171572,168918,168242,1
13687,43529,10695,57216,24382,54224,0
75771,31228,14904,106999,90675,46132,0
26545,91619,7549,118164,34094,99168,0
81117,28009,95414,109126,176531,123423,1
25,46685,45104,46710,45129,91789,0
22906,53296,20899,76202,43805,74195,0
93966,84915,95650,178881,189616,180565,1
9572,97098,90252,106670,99824,187350,1
14365,94679,94174,109044,108539,188853,1
67320,87797,21946,155117,89266,109743,1
33506,91060,56354,124566,89860,147414,0
1521,23508,59284,25029,60805,82792,0
78673,45523,35523,124196,114196,81046,1
97525,82643,96011,180168,193536,178654,1
64777,15217,97449,79994,162226,112666,0
55517,53240,40319,108757,95836,93559,1
6914,92654,74136,99568,81050,166790,0
41741,941,5396,42682,47137,6337,0
64221,10519,98499,74740,162720,109018,0
87790,27055,15060,114845,102850,42115,0
76991,63811,68961,140802,145952,132772,1
59633,54938,59468,114571,119101,114406,1
74116,79381,36186,153497,110302,115567,1
50621,19413,45399,70034,96020,64812,1
58865,40934,57736,99799,116601,98670,1
51487,95233,18967,146720,70454,114200,0
38282,20087,30516,58369,68798,50603,1
59671,2759,47260,62430,106931,50019,0
48074,17731,24785,65805,72859,42516,0
56023,21049,84377,77072,140400,105426,0
60900,50544,87635,111444,148535,138179,1
96168,46686,37759,142854,133927,84445,0
85631,49904,58885,135535,144516,108789,1
66216,44950,81717,111166,147933,126667,1
73377,65362,50259,138739,123636,115621,1
83384,75971,88734,159355,172118,164705,1
5609,44472,89897,50081,95506,134369,0
26641,89022,80204,115663,106845,169226,1
63416,71722,19536,135138,82952,91258,1
34418,63946,31844,98364,66262,95790,1
88910,60006,12764,148916,101674,72770,0
40275,55131,20261,95406,60536,75392,1
98426,65999,8812,164425,107238,74811,0
81371,2676,28775,84047,110146,31451,0
73473,48733,64688,122206,138161,113421,1
83774,99558,79109,183332,162883,178667,1
8289,68987,98468,77276,106757,167455,0
63129,69993,89238,133122,152367,159231,1
16041,77504,31226,93545,47267,108730,0
34601,80357,73923,114958,108524,154280,1
83593,52582,14916,136175,98509,67498,0
26952,99541,69479,126493,96431,169020,0
14347,13638,48768,27985,63115,62406,0
66602,63249,27628,129851,94230,90877,1
52691,20629,9273,73320,61964,29902,0
80364,73055,75025,153419,155389,148080,1
27287,85591,12692,112878,39979,98283,0
47945,77313,76930,125258,124875,154243,1
8216,8017,97585,16233,105801,105602,0
75704,9791,86508,85495,162212,96299,0
33493,29680,13893,63173,47386,43573,1
59355,85446,44871,144801,104226,130317,1
29877,27422,10050,57299,39927,37472,1
1147,14393,98903,15540,100050,113296,0
37894,75128,12775,113022,50669,87903,0
35211,88878,44196,124089,79407,133074,0
73057,39932,17765,112989,90822,57697,0
5010,1198,85,6208,5095,1283,0
95896,93139,64471,189035,160367,157610,1
56516,38084,97291,94600,153807,135375,0
93160,44898,287,138058,93447,45185,0
28167,13775,86540,41942,114707,100315,0
94006,16000,85138,110006,179144,101138,1
21231,26042,22418,47273,43649,48460,1
87113,96492,91994,183605,179107,188486,1
77300,81904,9580,159204,86880,91484,1
96551,84223,79856,180774,176407,164079,1
8640,39955,25643,48595,34283,65598,0
95970,58925,30663,154895,126633,89588,0
69994,34633,53925,104627,123919,88558,1
44174,10022,85577,54196,129751,95599,0
69175,76055,23642,145230,92817,99697,1
96850,52075,34119,148925,130969,86194,0
63351,22364,71730,85715,135081,94094,1
10038,14839,58292,24877,68330,73131,0
66191,69024,51577,135215,117768,120601,1
32011,19891,48669,51902,80680,68560,1
58054,54558,81416,112612,139470,135974,1
91563,95116,58676,186679,150239,153792,1
4217,11026,3119,15243,7336,14145,0
36221,6691,54224,42912,90445,60915,0
84869,62389,44128,147258,128997,106517,1
37841,70954,44793,108795,82634,115747,1
168,12365,80052,12533,80220,92417,0
84261,65748,55182,150009,139443,120930,1
11527,48863,60790,60390,72317,109653,0
19987,57807,8588,77794,28575,66395,0
98094,74236,70019,172330,168113,144255,1
79829,37023,21996,116852,101825,59019,0
71733,92882,1590,164615,73323,94472,0
67370,32415,28309,99785,95679,60724,0
9214,19786,83529,29000,92743,103315,0
48448,8895,36551,57343,84999,45446,0
67077,72318,97485,139395,164562,169803,1
79162,10982,57221,90144,136383,68203,0
54551,84583,92345,139134,146896,176928,1
33714,466,17108,34180,50822,17574,0
76564,69705,13274,146269,89838,82979,1
83945,34983,88739,118928,172684,123722,1
51939,69949,94758,121888,146697,164707,1
63856,95577,45272,159433,109128,140849,1
47363,46213,52290,93576,99653,98503,1
52210,34995,87582,87205,139792,122577,0
5403,83984,38046,89387,43449,122030,0
58094,58706,54277,116800,112371,112983,1
20851,94377,904,115228,21755,95281,0
42774,5055,59531,47829,102305,64586,0
44164,79096,16126,123260,60290,95222,0
82827,30466,66469,113293,149296,96935,1
88026,87071,75773,175097,163799,162844,1
95062,45381,96840,140443,191902,142221,1
31577,28640,16397,60217,47974,45037,1
18634,97953,27031,116587,45665,124984,0
97451,13854,96367,111305,193818,110221,1
51326,2748,91388,54074,142714,94136,0
87831,83885,25165,171716,112996,109050,1
15726,51451,37389,67177,53115,88840,1
84890,37059,12538,121949,97428,49597,0
96678,11570,2925,108248,99603,14495,0
32666,39449,6968,72115,39634,46417,1
30199,49849,49165,80048,79364,99014,1
82410,82977,93745,165387,176155,176722,1
47160,30801,83809,77961,130969,114610,0
27996,23881,37752,51877,65748,61633,1
69406,19438,2927,88844,72333,22365,0
79217,45919,63877,125136,143094,109796,1
77701,20182,82049,97883,159750,102231,1
84235,93099,15765,177334,100000,108864,1
28769,78950,52376,107719,81145,131326,1
20192,80288,40925,100480,61117,121213,0
95219,1173,81327,96392,176546,82500,0
74555,21502,80942,96057,155497,102444,1
41517,59038,20626,100555,62143,79664,1
37471,69757,12262,107228,49733,82019,0
84372,47948,72887,132320,157259,120835,1
26798,31339,20182,58137,46980,51521,1
42880,9284,1756,52164,44636,11040,0
33285,77680,74514,110965,107799,152194,1
51379,77932,61158,129311,112537,139090,1
48689,69654,64334,118343,113023,133988,1
45788,35169,66159,80957,111947,101328,1
20546,92987,16398,113533,36944,109385,0
51871,43629,69383,95500,121254,113012,1
93431,5810,66464,99241,159895,72274,0
3877,69525,69189,73402,73066,138714,1
56176,53518,73741,109694,129917,127259,1
50965,74552,77228,125517,128193,151780,1
27644,61031,32691,88675,60335,93722,0
73940,47334,52062,121274,126002,99396,1
14415,55754,71248,70169,85663,127002,0
88605,78378,39397,166983,128002,117775,1
46534,49313,4206,95847,50740,53519,1
77910,93727,7829,171637,85739,101556,0
72318,42802,96606,115120,168924,139408,1
83920,65425,49637,149345,133557,115062,1
16242,29187,80580,45429,96822,109767,0
83402,18915,6324,102317,89726,25239,0
50199,54481,86690,104680,136889,141171,1
33325,68237,97389,101562,130714,165626,1
7220,71757,21148,78977,28368,92905,0
69866,91944,97260,161810,167126,189204,1
76294,53212,62232,129506,138526,115444,1
67088,96384,32485,163472,99573,128869,1
10274,40846,6189,51120,16463,47035,0
21064,87025,51218,108089,72282,138243,0
38313,46907,22391,85220,60704,69298,1
90193,29692,1019,119885,91212,30711,0
59083,58851,19852,117934,78935,78703,1
90166,91165,42435,181331,132601,133600,1
16262,42554,29505,58816,45767,72059,1
18743,57909,22491,76652,41234,80400,0
57581,61119,97791,118700,155372,158910,1
80043,90006,34141,170049,114184,124147,1
22859,59531,66669,82390,89528,126200,1
531,43237,80012,43768,80543,123249,0
27196,38504,94533,65700,121729,133037,0
71756,27624,66490,99380,138246,94114,1
88669,51493,34125,140162,122794,85618,0
46513,2011,6710,48524,53223,8721,0
55366,28552,21150,83918,76516,49702,0
70801,49586,57941,120387,128742,107527,1
2971,14387,43892,17358,46863,58279,0
74573,52902,19292,127475,93865,72194,0
67152,61210,34923,128362,102075,96133,1
44745,68375,23564,113120,68309,91939,0
42971,21208,59798,64179,102769,81006,1
67066,4076,92179,71142,159245,96255,0
71528,9150,17721,80678,89249,26871,0
76474,18703,39548,95177,116022,58251,0
1707,99437,69519,101144,71226,168956,0
69875,67805,97797,137680,167672,165602,1
71972,84328,34680,156300,106652,119008,1
22705,51890,81473,74595,104178,133363,0
33950,28891,42400,62841,76350,71291,1
44290,19859,23459,64149,67749,43318,0
31700,51,7063,31751,38763,7114,0
20915,78102,33237,99017,54152,111339,0
92827,11299,32208,104126,125035,43507,0
13369,10366,38526,23735,51895,48892,0
32886,54979,56102,87865,88988,111081,1
11299,33791,51423,45090,62722,85214,0
95452,49152,34731,144604,130183,83883,0
78585,51310,26925,129895,105510,78235,0
27252,10837,96693,38089,123945,107530,0
53885,7012,30199,60897,84084,37211,0
7400,27803,43359,35203,50759,71162,0
87574,88827,33811,176401,121385,122638,1
84631,34197,67545,118828,152176,101742,1
75641,59783,36160,135424,111801,95943,1
31636,54902,10904,86538,42540,65806,0
34247,44608,13098,78855,47345,57706,1
69805,97743,67447,167548,137252,165190,1
50474,84811,25678,135285,76152,110489,0
35471,84444,25186,119915,60657,109630,0
32080,27866,36055,59946,68135,63921,1
27288,2075,27471,29363,54759,29546,1
73002,41471,8949,114473,81951,50420,0
8470,86077,28335,94547,36805,114412,0
28534,65651,55493,94185,84027,121144,1
75588,25123,94595,100711,170183,119718,1
84608,21629,12870,106237,97478,34499,0
47282,98201,8996,145483,56278,107197,0
12677,11480,89251,24157,101928,100731,0
64283,29871,71881,94154,136164,101752,1
84928,58636,34712,143564,119640,93348,1
42776,3950,51495,46726,94271,55445,0
15460,93212,78472,108672,93932,171684,1
5700,65034,12018,70734,17718,77052,0
29379,51551,27394,80930,56773,78945,1
34164,26915,53501,61079,87665,80416,1
86497,11956,20042,98453,106539,31998,0
99285,15311,52954,114596,152239,68265,0
91726,72324,95624,164050,187350,167948,1
1761,17336,63219,19097,64980,80555,0
83413,27154,16432,110567,99845,43586,0
61925,95064,51808,156989,113733,146872,1
88399,39664,59813,128063,148212,99477,1
27359,83449,74733,110808,102092,158182,1
12200,76268,21689,88468,33889,97957,0
12281,65755,70165,78036,82446,135920,1
71424,94938,66958,166362,138382,161896,1
22832,90323,85260,113155,108092,175583,1
49823,83411,25253,133234,75076,108664,0
30689,36744,20164,67433,50853,56908,1
25734,22935,24950,48669,50684,47885,1
80060,36352,97375,116412,177435,133727,1
81162,33678,25186,114840,106348,58864,0
56306,32713,9989,89019,66295,42702,0
97907,5612,73873,103519,171780,79485,0
38883,76704,99646,115587,138529,176350,1
55543,32178,93677,87721,149220,125855,0
71085,49415,40587,120500,111672,90002,1
95637,46504,30599,142141,126236,77103,0
2983,85593,66859,88576,69842,152452,0
61165,58914,83907,120079,145072,142821,1
9414,14279,94388,23693,103802,108667,0
61304,38212,45687,99516,106991,83899,1
96099,48679,49493,144778,145592,98172,1
59673,18891,72380,78564,132053,91271,1
35409,23541,55736,58950,91145,79277,1
50786,71099,14228,121885,65014,85327,0
40895,86577,91237,127472,132132,177814,1
70621,31613,47318,102234,117939,78931,1
71296,20030,52079,91326,123375,72109,1
65084,29979,70535,95063,135619,100514,1
9381,16020,16814,25401,26195,32834,1
28391,68741,67565,97132,95956,136306,1
82641,49174,87755,131815,170396,136929,1
31194,92148,12080,123342,43274,104228,0
27052,15138,7854,42190,34906,22992,0
70494,60705,35765,131199,106259,96470,1
13484,8252,63161,21736,76645,71413,0
74283,11860,21862,86143,96145,33722,0
4481,59443,18198,63924,22679,77641,0
41973,28256,18449,70229,60422,46705,1
40411,17522,62901,57933,103312,80423,0
89534,16105,9064,105639,98598,25169,0
2683,81287,70417,83970,73100,151704,0
71246,94296,3379,165542,74625,97675,0
42005,83855,23765,125860,65770,107620,0
72808,70696,24729,143504,97537,95425,1
48205,57821,53769,106026,101974,111590,1
79687,72780,37549,152467,117236,110329,1
47010,74607,94489,121617,141499,169096,1
63944,69401,53821,133345,117765,123222,1
10821,79247,161,90068,10982,79408,0
33362,97758,22146,131120,55508,119904,0
77381,69617,8304,146998,85685,77921,1
96516,73362,85579,169878,182095,158941,1
20399,97049,19413,117448,39812,116462,0
57557,81832,16836,139389,74393,98668,0
14242,6124,76186,20366,90428,82310,0
87346,67758,31431,155104,118777,99189,1
18881,23969,93415,42850,112296,117384,0
52080,23216,48423,75296,100503,71639,1
88833,26553,90785,115386,179618,117338,1
39232,79931,29570,119163,68802,109501,0
7214,98698,4084,105912,11298,102782,0
97257,98565,27256,195822,124513,125821,1
51746,82642,83318,134388,135064,165960,1
10007,38068,61882,48075,71889,99950,0
29140,51791,55852,80931,84992,107643,1
93103,6265,71440,99368,164543,77705,0
81094,69019,27892,150113,108986,96911,1
86557,24852,64134,111409,150691,88986,1
76707,26173,40203,102880,116910,66376,0
38817,74145,13739,112962,52556,87884,0
78968,16774,99644,95742,178612,116418,0
71280,78037,84369,149317,155649,162406,1
16908,36979,54769,53887,71677,91748,0
19321,98038,33849,117359,53170,131887,0
44216,86169,76855,130385,121071,163024,1
42706,24402,21050,67108,63756,45452,1
55497,10385,86969,65882,142466,97354,0
7385,59465,53649,66850,61034,113114,1
72081,87846,17860,159927,89941,105706,1
64926,90733,63125,155659,128051,153858,1
58070,26425,91806,84495,149876,118231,0
37226,80285,12832,117511,50058,93117,0
89026,67752,20563,156778,109589,88315,0
11496,24760,93168,36256,104664,117928,0
2442,3016,47657,5458,50099,50673,0
88955,20547,38863,109502,127818,59410,0
97724,1954,38061,99678,135785,40015,0
23094,25630,26629,48724,49723,52259,1
23022,92229,53805,115251,76827,146034,0
21941,11087,85353,33028,107294,96440,0
77256,53778,64559,131034,141815,118337,1
56799,60871,37568,117670,94367,98439,1
33636,41558,18909,75194,52545,60467,1
97015,6691,18032,103706,115047,24723,0
65674,78928,97416,144602,163090,176344,1
75340,78721,84460,154061,159800,163181,1
28694,22643,44551,51337,73245,67194,1
91305,7445,75079,98750,166384,82524,0
39188,12343,17829,51531,57017,30172,0
20332,2330,66198,22662,86530,68528,0
43045,31860,34702,74905,77747,66562,1
32109,44717,1413,76826,33522,46130,0
61038,79244,10149,140282,71187,89393,0
24146,65753,908,89899,25054,66661,0
59253,3222,45426,62475,104679,48648,0
87327,72903,56540,160230,143867,129443,1
16791,55367,99012,72158,115803,154379,0
63442,1372,94052,64814,157494,95424,0
10985,91704,58588,102689,69573,150292,0
41130,56097,13470,97227,54600,69567,0
22902,42846,35010,65748,57912,77856,1
33406,6274,92152,39680,125558,98426,0
9176,7071,22366,16247,31542,29437,0
99782,75742,41939,175524,141721,117681,1
19879,62459,72988,82338,92867,135447,1
94720,42706,57604,137426,152324,100310,1
50030,9327,46451,59357,96481,55778,1
66648,83939,76659,150587,143307,160598,1
36522,2703,50815,39225,87337,53518,0
40998,4982,63375,45980,104373,68357,0
12518,81949,97404,94467,109922,179353,0
50875,41907,25111,92782,75986,67018,1
13457,45881,88394,59338,101851,134275,0
12074,17611,64562,29685,76636,82173,0
86950,72028,90107,158978,177057,162135,1
8238,61086,20239,69324,28477,81325,0
44584,3303,10954,47887,55538,14257,0
5628,89262,32968,94890,38596,122230,0
16748,47258,36336,64006,53084,83594,1
57235,34491,54427,91726,111662,88918,1
75774,89238,27173,165012,102947,116411,1
9804,53904,50002,63708,59806,103906,1
63783,83868,22244,147651,86027,106112,1
27519,83875,65724,111394,93243,149599,1
86338,64728,14121,151066,100459,78849,0
54490,53481,75369,107971,129859,128850,1
10141,56521,6370,66662,16511,62891,0
43624,1900,79374,45524,122998,81274,0
14614,60630,79302,75244,93916,139932,0
52262,6782,58089,59044,110351,64871,1
9316,84471,80417,93787,89733,164888,1
98428,64269,77177,162697,175605,141446,1
45187,64997,45719,110184,90906,110716,1
76504,32745,66521,109249,143025,99266,1
85238,25463,94997,110701,180235,120460,1
37559,93932,53516,131491,91075,147448,0
14276,57240,22578,71516,36854,79818,0
42363,49013,45878,91376,88241,94891,1
89863,14724,34805,104587,124668,49529,0
69329,76841,67079,146170,136408,143920,1
40340,38494,42299,78834,82639,80793,1
73261,97335,56885,170596,130146,154220,1
79446,63880,43329,143326,122775,107209,1
62650,78960,32919,141610,95569,111879,1
21313,84076,1816,105389,23129,85892,0
84281,45210,53447,129491,137728,98657,1
79125,58703,80152,137828,159277,138855,1
19545,21855,88700,41400,108245,110555,0
90661,4382,60874,95043,151535,65256,0
25075,25840,48446,50915,73521,74286,1
31296,20453,70134,51749,101430,90587,0
82455,3102,24473,85557,106928,27575,0
76656,12181,3240,88837,79896,15421,0
89116,65881,31589,154997,120705,97470,1
68794,12280,90838,81074,159632,103118,0
93545,25937,76438,119482,169983,102375,1
61318,38631,55837,99949,117155,94468,1
9221,97716,69166,106937,78387,166882,0
60256,26457,68525,86713,128781,94982,1
87644,27221,11044,114865,98688,38265,0
16279,9796,58715,26075,74994,68511,0
48016,30287,51121,78303,99137,81408,1
19106,33314,65163,52420,84269,98477,0
65524,10914,9881,76438,75405,20795,0
3027,82193,67353,85220,70380,149546,0
23378,38364,41334,61742,64712,79698,1
53529,79441,87310,132970,140839,166751,1
38610,18361,80443,56971,119053,98804,0
97879,3113,75815,100992,173694,78928,0
29502,14677,86600,44179,116102,101277,0
57095,64218,86742,121313,143837,150960,1
84461,40259,72280,124720,156741,112539,1
11483,49424,87575,60907,99058,136999,0
61916,78572,93901,140488,155817,172473,1
52104,5503,88444,57607,140548,93947,0
87624,55772,38721,143396,126345,94493,1
75446,50289,75417,125735,150863,125706,1
85858,26335,95796,112193,181654,122131,1
80554,51794,91626,132348,172180,143420,1
16449,21619,81822,38068,98271,103441,0
39042,80557,7104,119599,46146,87661,0
15944,53105,84511,69049,100455,137616,0
86786,55818,82482,142604,169268,138300,1
11691,26563,4126,38254,15817,30689,0
33123,14241,53430,47364,86553,67671,0
46076,77397,23103,123473,69179,100500,0
96326,90187,90724,186513,187050,180911,1
92567,75516,85002,168083,177569,160518,1
10513,39773,22809,50286,33322,62582,0
41175,38942,52276,80117,93451,91218,1
76865,31604,34415,108469,111280,66019,0
53737,92191,58921,145928,112658,151112,1
7626,36612,25187,44238,32813,61799,0
20232,14214,99848,34446,120080,114062,0
46630,90490,84990,137120,131620,175480,1
99610,14853,1094,114463,100704,15947,0
75724,13752,60806,89476,136530,74558,0
16090,88205,68195,104295,84285,156400,0
86493,76523,64934,163016,151427,141457,1
14696,79073,64099,93769,78795,143172,0
7087,44855,98736,51942,105823,143591,0
31137,63351,8879,94488,40016,72230,0
16952,29625,25177,46577,42129,54802,1
28825,10953,46761,39778,75586,57714,0
30867,61133,58115,92000,88982,119248,1
67340,68121,66198,135461,133538,134319,1
320,92901,61405,93221,61725,154306,0
2263,5657,81242,7920,83505,86899,0
6825,86921,59615,93746,66440,146536,0
85353,45337,75544,130690,160897,120881,1
18980,12313,10751,31293,29731,23064,1
8780,81398,63539,90178,72319,144937,0
39669,39376,64904,79045,104573,104280,1
42170,55706,19266,97876,61436,74972,1
34619,54164,29852,88783,64471,84016,1
50925,31935,93850,82860,144775,125785,0
66705,84430,47727,151135,114432,132157,1
34706,68678,97603,103384,132309,166281,1
89483,27598,83883,117081,173366,111481,1
26462,95478,51285,121940,77747,146763,0
75467,97671,15228,173138,90695,112899,0
16113,49210,88218,65323,104331,137428,0
34381,75046,56483,109427,90864,131529,1
69456,7062,58367,76518,127823,65429,0
1222,50372,11328,51594,12550,61700,0
60124,58626,40665,118750,100789,99291,1
97035,96867,46097,193902,143132,142964,1
12107,67032,98749,79139,110856,165781,0
15726,11832,80853,27558,96579,92685,0
97511,12448,94983,109959,192494,107431,1
58391,63283,85099,121674,143490,148382,1
82462,73865,54819,156327,137281,128684,1
60193,6300,61572,66493,121765,67872,1
79084,82477,35319,161561,114403,117796,1
37659,49068,7625,86727,45284,56693,0
96567,27783,84781,124350,181348,112564,1
61940,10137,97999,72077,159939,108136,0
47665,46528,25905,94193,73570,72433,1
54742,78516,14617,133258,69359,93133,0
4953,56953,9826,61906,14779,66779,0
9945,86083,70321,96028,80266,156404,0
34458,4030,97496,38488,131954,101526,0
92126,44011,59518,136137,151644,103529,1
34377,57248,46674,91625,81051,103922,1
86048,47390,49984,133438,136032,97374,1
92091,23631,37440,115722,129531,61071,0
56435,23239,29055,79674,85490,52294,0
10868,71123,7045,81991,17913,78168,0
23011,12823,24828,35834,47839,37651,1
73210,51418,25534,124628,98744,76952,1
88495,50352,93285,138847,181780,143637,1
42533,27117,11771,69650,54304,38888,0
65873,96550,63716,162423,129589,160266,1
57380,94956,57936,152336,115316,152892,1
1129,59422,14985,60551,16114,74407,0
27309,57250,73861,84559,101170,131111,1
63760,47203,15820,110963,79580,63023,0
66060,59516,35843,125576,101903,95359,1
1983,68075,55302,70058,57285,123377,0
78404,56503,28944,134907,107348,85447,1
12458,94971,47096,107429,59554,142067,0
34701,79777,92137,114478,126838,171914,1
25029,3305,65851,28334,90880,69156,0
21813,1806,61408,23619,83221,63214,0
30479,94390,31518,124869,61997,125908,0
56055,96295,37073,152350,93128,133368,0
737,47139,4069,47876,4806,51208,0
7142,90882,18835,98024,25977,109717,0
77402,34622,31650,112024,109052,66272,0
16240,53580,14453,69820,30693,68033,0
45277,78565,99528,123842,144805,178093,1
10464,56772,25477,67236,35941,82249,0
63486,55392,4612,118878,68098,60004,0
58901,94453,24505,153354,83406,118958,0
70070,71772,3659,141842,73729,75431,1
64144,64013,88036,128157,152180,152049,1
22960,66328,71515,89288,94475,137843,1
70672,9713,50471,80385,121143,60184,0
96383,25222,95329,121605,191712,120551,1
38634,30582,71527,69216,110161,102109,0
17304,94164,84840,111468,102144,179004,1
82672,71680,4341,154352,87013,76021,0
89505,43309,30876,132814,120381,74185,0
19435,37012,14967,56447,34402,51979,0
95015,99531,88836,194546,183851,188367,1
42341,96132,36699,138473,79040,132831,0
91780,82593,8930,174373,100710,91523,0
9215,96939,80962,106154,90177,177901,0
50200,91799,51603,141999,101803,143402,1
74315,98618,40953,172933,115268,139571,1
32934,71403,54158,104337,87092,125561,1
17945,37030,7620,54975,25565,44650,0
22537,48577,62081,71114,84618,110658,1
38016,98074,12532,136090,50548,110606,0
2992,88625,9758,91617,12750,98383,0
284,82875,48167,83159,48451,131042,0
9138,49506,71466,58644,80604,120972,0
39802,48041,68217,87843,108019,116258,1
79987,5412,30281,85399,110268,35693,0
69167,59717,73985,128884,143152,133702,1
10274,78058,66777,88332,77051,144835,0
99109,60667,89777,159776,188886,150444,1
6905,72087,80735,78992,87640,152822,0
89106,35200,83472,124306,172578,118672,1
91571,50239,55270,141810,146841,105509,1
14302,32963,17451,47265,31753,50414,0
64557,58314,83872,122871,148429,142186,1
75600,17093,52867,92693,128467,69960,0
43701,35862,6718,79563,50419,42580,0
42800,74687,24717,117487,67517,99404,0
8453,88803,43551,97256,52004,132354,0
24246,68923,26743,93169,50989,95666,0
88885,76442,44158,165327,133043,120600,1
63945,8630,79622,72575,143567,88252,0
40302,57101,29318,97403,69620,86419,1
51704,93356,29605,145060,81309,122961,0
90901,61803,29112,152704,120013,90915,1
4264,81251,85242,85515,89506,166493,1
51110,28404,88444,79514,139554,116848,0
49151,79654,5721,128805,54872,85375,0
98348,82573,14916,180921,113264,97489,0
67716,4580,5127,72296,72843,9707,0
11595,23700,31298,35295,42893,54998,1
33785,17877,78767,51662,112552,96644,0
84796,9609,72771,94405,157567,82380,0
48037,76500,2120,124537,50157,78620,0
58950,51104,29052,110054,88002,80156,1
31365,6938,33055,38303,64420,39993,1
91116,23320,73271,114436,164387,96591,1
40474,64310,73005,104784,113479,137315,1
48870,60713,73152,109583,122022,133865,1
75447,69664,64142,145111,139589,133806,1
2546,14905,69014,17451,71560,83919,0
87611,64950,15958,152561,103569,80908,0
39928,88932,41505,128860,81433,130437,0
10609,45313,91397,55922,102006,136710,0
39911,50011,36259,89922,76170,86270,1
637,51979,65730,52616,66367,117709,0
27857,80073,67734,107930,95591,147807,1
3340,84039,11357,87379,14697,95396,0
17659,52935,99802,70594,117461,152737,0
34107,6696,70743,40803,104850,77439,0
70556,49458,87082,120014,157638,136540,1
16038,811,36768,16849,52806,37579,0
68050,84111,25919,152161,93969,110030,1
25434,64112,60686,89546,86120,124798,1
54864,95452,92761,150316,147625,188213,1
22063,91673,9835,113736,31898,101508,0
51667,74899,66401,126566,118068,141300,1
98279,32234,12150,130513,110429,44384,0
72335,29539,27373,101874,99708,56912,0
53668,79867,90572,133535,144240,170439,1
67911,30252,97660,98163,165571,127912,1
69556,66667,62135,136223,131691,128802,1
40107,48522,11547,88629,51654,60069,1
72962,21124,97405,94086,170367,118529,0
33320,51515,76945,84835,110265,128460,1
45648,36504,26796,82152,72444,63300,1
18214,31441,66929,49655,85143,98370,0
71776,57657,2736,129433,74512,60393,0
49873,42114,89105,91987,138978,131219,1
72365,5416,5591,77781,77956,11007,0
36809,34324,71717,71133,108526,106041,0
54009,17003,92988,71012,146997,109991,0
76537,38475,26508,115012,103045,64983,0
71884,43183,5005,115067,76889,48188,0
8716,80902,79987,89618,88703,160889,1
32818,43029,61210,75847,94028,104239,1
61538,7781,42654,69319,104192,50435,0
26271,55015,48139,81286,74410,103154,1
98105,14225,25195,112330,123300,39420,0
63848,20202,66881,84050,130729,87083,1
72255,1913,68045,74168,140300,69958,0
81335,80476,139,161811,81474,80615,0
83481,51695,22016,135176,105497,73711,0
18041,48825,86938,66866,104979,135763,0
44323,33075,55475,77398,99798,88550,1
10917,21239,37465,32156,48382,58704,0
16178,46769,63720,62947,79898,110489,0
53659,80708,22490,134367,76149,103198,0
92222,24340,39806,116562,132028,64146,0
10189,19136,17489,29325,27678,36625,1
82541,68986,41236,151527,123777,110222,1
77323,58460,31685,135783,109008,90145,1
90470,1608,31564,92078,122034,33172,0
81916,88454,90544,170370,172460,178998,1
49183,69522,38774,118705,87957,108296,1
15942,17037,59140,32979,75082,76177,0
20110,82724,53241,102834,73351,135965,0
44604,61561,2426,106165,47030,63987,0
78044,23806,32549,101850,110593,56355,0
70836,35109,54320,105945,125156,89429,1
95012,71516,32012,166528,127024,103528,1
49337,8402,85617,57739,134954,94019,0
78526,44556,19270,123082,97796,63826,0
5447,70527,2341,75974,7788,72868,0
7897,82295,75277,90192,83174,157572,1
34238,717,42149,34955,76387,42866,0
91074,37760,17900,128834,108974,55660,0
30488,21899,11446,52387,41934,33345,1
42314,82589,3708,124903,46022,86297,0
89384,61746,77817,151130,167201,139563,1
42382,94288,61531,136670,103913,155819,1
91947,45125,18777,137072,110724,63902,0
92795,13244,19108,106039,111903,32352,0
36633,1519,18107,38152,54740,19626,0
34647,66497,20478,101144,55125,86975,0
20012,85720,63705,105732,83717,149425,0
94580,48440,3758,143020,98338,52198,0
96398,93128,85171,189526,181569,178299,1
19252,47716,15480,66968,34732,63196,0
67703,6708,31804,74411,99507,38512,0
24039,84479,99961,108518,124000,184440,1
86253,38180,47788,124433,134041,85968,0
61565,49077,77295,110642,138860,126372,1
22190,72097,75903,94287,98093,148000,1
67026,4639,57996,71665,125022,62635,0
1244,41897,991,43141,2235,42888,0
34930,21971,2175,56901,37105,24146,0
29170,59460,64552,88630,93722,124012,1
35174,64980,47126,100154,82300,112106,1
36032,85463,5723,121495,41755,91186,0
7365,91063,44764,98428,52129,135827,0
52709,63558,48422,116267,101131,111980,1
67458,96161,14343,163619,81801,110504,0
59230,77635,62535,136865,121765,140170,1
38736,40664,18314,79400,57050,58978,1
54024,88374,22522,142398,76546,110896,0
20942,76939,98794,97881,119736,175733,0
88675,82066,40703,170741,129378,122769,1
10850,87000,51839,97850,62689,138839,0
85670,90435,99773,176105,185443,190208,1
51372,92153,17065,143525,68437,109218,0
48717,79421,16282,128138,64999,95703,0
79393,63553,25785,142946,105178,89338,1
48619,17582,84213,66201,132832,101795,0
81315,91474,3505,172789,84820,94979,0
91205,9197,55383,100402,146588,64580,0
94610,31497,98824,126107,193434,130321,1
62060,749,43727,62809,105787,44476,0
94636,18539,96294,113175,190930,114833,1
51155,49448,74965,100603,126120,124413,1
21363,23371,99707,44734,121070,123078,0
14667,81251,69758,95918,84425,151009,1
31157,2102,16112,33259,47269,18214,0
23262,31467,21534,54729,44796,53001,1
18214,45944,11831,64158,30045,57775,0
20606,27454,33387,48060,53993,60841,1
73734,14870,17413,88604,91147,32283,0
14747,357,42294,15104,57041,42651,0
25726,3964,13486,29690,39212,17450,0
28278,99611,71693,127889,99971,171304,1
46846,25772,59278,72618,106124,85050,1
17704,12939,9710,30643,27414,22649,1
25280,33500,95447,58780,120727,128947,0
58939,81680,69234,140619,128173,150914,1
93585,34292,4321,127877,97906,38613,0
62229,56504,45693,118733,107922,102197,1
59838,50229,91828,110067,151666,142057,1
66411,11049,77941,77460,144352,88990,0
68903,50159,50829,119062,119732,100988,1
78155,30489,25305,108644,103460,55794,0
83836,40151,38567,123987,122403,78718,0
40128,58469,13125,98597,53253,71594,0
82143,98216,44263,180359,126406,142479,1
7208,76657,51723,83865,58931,128380,0
7888,74206,8997,82094,16885,83203,0
89217,14571,73769,103788,162986,88340,0
90458,64266,11814,154724,102272,76080,0
49622,16574,58729,66196,108351,75303,1
20909,71487,76070,92396,96979,147557,1
91613,40663,77646,132276,169259,118309,1
8634,932,73709,9566,82343,74641,0
26537,30474,88089,57011,114626,118563,0
32442,87143,27919,119585,60361,115062,0
85001,2941,45911,87942,130912,48852,0
45982,34658,58971,80640,104953,93629,1
86833,65617,37516,152450,124349,103133,1
21431,12433,62319,33864,83750,74752,0
43490,35941,27215,79431,70705,63156,1
16313,85823,68474,102136,84787,154297,0
34001,99618,97708,133619,131709,197326,1
32925,61632,83355,94557,116280,144987,1
56201,99077,42884,155278,99085,141961,1
28703,92505,95685,121208,124388,188190,1
54830,74518,45828,129348,100658,120346,1
67934,40439,52192,108373,120126,92631,1
64499,38659,47597,103158,112096,86256,1
80723,23562,82954,104285,163677,106516,1
70233,19580,11224,89813,81457,30804,0
92237,4543,76355,96780,168592,80898,0
20722,25054,14055,45776,34777,39109,1
57518,19015,85710,76533,143228,104725,0
45387,1596,92590,46983,137977,94186,0
50797,33332,69874,84129,120671,103206,1
35757,81235,35244,116992,71001,116479,0
15527,81813,84891,97340,100418,166704,1
60223,77197,88592,137420,148815,165789,1
65091,89555,85063,154646,150154,174618,1
75466,47851,33303,123317,108769,81154,1
44241,92424,20418,136665,64659,112842,0
90811,19329,12370,110140,103181,31699,0
27118,84430,41968,111548,69086,126398,0
77228,12580,76737,89808,153965,89317,1
66331,53594,44155,119925,110486,97749,1
70363,71025,30643,141388,101006,101668,1
54749,76997,22534,131746,77283,99531,1
96405,73937,11705,170342,108110,85642,0
91781,11572,26180,103353,117961,37752,0
84873,21999,17651,106872,102524,39650,0
74945,41982,21237,116927,96182,63219,0
97002,23495,15383,120497,112385,38878,0
59630,35209,71039,94839,130669,106248,1
25116,47376,15497,72492,40613,62873,0
66309,51685,55072,117994,121381,106757,1
46047,80459,96996,126506,143043,177455,1
79340,24954,90812,104294,170152,115766,1
70656,40212,88820,110868,159476,129032,1
14354,21427,31529,35781,45883,52956,1
24124,70865,812,94989,24936,71677,0
30719,17328,69388,48047,100107,86716,0
91370,71490,45520,162860,136890,117010,1
66303,13030,14664,79333,80967,27694,0
32218,75439,78496,107657,110714,153935,1
68073,97738,26175,165811,94248,123913,0
34740,85864,65319,120604,100059,151183,1
50864,83130,81622,133994,132486,164752,1
2768,14230,58743,16998,61511,72973,0
6647,36237,71607,42884,78254,107844,0
29577,22574,71756,52151,101333,94330,0
97116,44845,46959,141961,144075,91804,0
64551,45039,57128,109590,121679,102167,1
13245,27896,10839,41141,24084,38735,0
70328,19369,87353,89697,157681,106722,1
85106,30933,24944,116039,110050,55877,0
69299,23511,62817,92810,132116,86328,1
56557,60195,16192,116752,72749,76387,1
36554,39403,67486,75957,104040,106889,1
81647,12331,37121,93978,118768,49452,0
87537,22859,5206,110396,92743,28065,0
20483,31783,77754,52266,98237,109537,0
83113,16362,18539,99475,101652,34901,0
21214,87581,46871,108795,68085,134452,0
50201,52648,45654,102849,95855,98302,1
37272,2893,73807,40165,111079,76700,0
96348,25313,44104,121661,140452,69417,0
55825,32418,8245,88243,64070,40663,0
65286,12045,17307,77331,82593,29352,0
15493,37063,57118,52556,72611,94181,0
21790,62037,76669,83827,98459,138706,1
32919,68625,9001,101544,41920,77626,0
76788,81097,32373,157885,109161,113470,1
10537,16107,56779,26644,67316,72886,0
29305,83128,4915,112433,34220,88043,0
74490,82528,66084,157018,140574,148612,1
18288,24793,94200,43081,112488,118993,0
59207,37151,20501,96358,79708,57652,0
61611,98146,78166,159757,139777,176312,1
41591,81782,4125,123373,45716,85907,0
64237,27650,86157,91887,150394,113807,1
21663,82288,50010,103951,71673,132298,0
90704,97767,43163,188471,133867,140930,1
10357,58534,97614,68891,107971,156148,0
41701,59359,79708,101060,121409,139067,1
66461,63320,46714,129781,113175,110034,1
20220,96820,98730,117040,118950,195550,1
32969,76618,60545,109587,93514,137163,1
40072,68563,77380,108635,117452,145943,1
15573,8729,41340,24302,56913,50069,0
51384,24521,69363,75905,120747,93884,1
78036,39922,72905,117958,150941,112827,1
27995,42481,40281,70476,68276,82762,1
50726,13656,87966,64382,138692,101622,0
89473,57065,94307,146538,183780,151372,1
90669,86752,4626,177421,95295,91378,1
85419,3989,77062,89408,162481,81051,0
34625,67802,20588,102427,55213,88390,0
40622,56120,31176,96742,71798,87296,1
64711,36596,58639,101307,123350,95235,1
48766,69965,50550,118731,99316,120515,1
54369,76501,55791,130870,110160,132292,1
57799,49885,51449,107684,109248,101334,1
9019,92390,84349,101409,93368,176739,1
3850,69607,43590,73457,47440,113197,0
92914,79403,45867,172317,138781,125270,1
57688,91755,53751,149443,111439,145506,1
68300,94379,83878,162679,152178,178257,1
40617,78784,79836,119401,120453,158620,1
50559,48104,92804,98663,143363,140908,1
37912,24835,32994,62747,70906,57829,1
79987,17375,21782,97362,101769,39157,0
89507,2988,67363,92495,156870,70351,0
3649,14585,82103,18234,85752,96688,0
68101,63844,99172,131945,167273,163016,1
6359,22713,35812,29072,42171,58525,0
89101,45882,1468,134983,90569,47350,0
77767,22888,14668,100655,92435,37556,0
40545,18415,97229,58960,137774,115644,0
64613,21231,43126,85844,107739,64357,0
38772,91908,83836,130680,122608,175744,1
65556,91444,41778,157000,107334,133222,1
47105,84720,16439,131825,63544,101159,0
49381,39259,34728,88640,84109,73987,1
62116,21463,47604,83579,109720,69067,1
57488,26664,72009,84152,129497,98673,1
49241,89530,54079,138771,103320,143609,1
57704,75828,25096,133532,82800,100924,1
41564,16548,73615,58112,115179,90163,0
88838,44373,17235,133211,106073,61608,0
71191,47947,93275,119138,164466,141222,1
61727,85279,11830,147006,73557,97109,0
73814,47504,41981,121318,115795,89485,1
2877,96385,90609,99262,93486,186994,0
26276,18724,60366,45000,86642,79090,0
29526,44701,32916,74227,62442,77617,1
10853,78082,88955,88935,99808,167037,0
37622,69916,83371,107538,120993,153287,1
48438,52057,63000,100495,111438,115057,1
25799,55270,46421,81069,72220,101691,1
71791,69666,52001,141457,123792,121667,1
48320,64758,49076,113078,97396,113834,1
44631,10940,89437,55571,134068,100377,0
57996,93209,29236,151205,87232,122445,0
59329,81865,83045,141194,142374,164910,1
95022,83268,54284,178290,149306,137552,1
70904,81329,66592,152233,137496,147921,1
4604,72622,46511,77226,51115,119133,0
57118,14702,34029,71820,91147,48731,0
21821,50625,7654,72446,29475,58279,0
24332,23408,69211,47740,93543,92619,0
20825,5910,34689,26735,55514,40599,0
26863,95368,36547,122231,63410,131915,0
91334,48651,86980,139985,178314,135631,1
80479,23500,9434,103979,89913,32934,0
80896,83712,29089,164608,109985,112801,1
2182,4233,38512,6415,40694,42745,0
17997,24601,93073,42598,111070,117674,0
63640,17694,2849,81334,66489,20543,0
75895,80249,94859,156144,170754,175108,1
10637,19760,95025,30397,105662,114785,0
13803,2411,69116,16214,82919,71527,0
87228,76332,71709,163560,158937,148041,1
34423,4916,39642,39339,74065,44558,0
8627,52631,37976,61258,46603,90607,0
71656,49142,76305,120798,147961,125447,1
31288,69957,57156,101245,88444,127113,1
87703,79531,6046,167234,93749,85577,0
86791,22351,44055,109142,130846,66406,0
91441,70935,74651,162376,166092,145586,1
94023,50388,33887,144411,127910,84275,0
73617,49489,92236,123106,165853,141725,1
85954,38314,44520,124268,130474,82834,0
99519,54683,79547,154202,179066,134230,1
3559,69011,71895,72570,75454,140906,1
73619,47033,15940,120652,89559,62973,0
83854,11733,8585,95587,92439,20318,0
59119,9530,56830,68649,115949,66360,1
98654,64238,9023,162892,107677,73261,0
25987,44971,29730,70958,55717,74701,1
81335,25841,89548,107176,170883,115389,1
82371,4788,85559,87159,167930,90347,1
32487,48521,1321,81008,33808,49842,0
63438,94550,90346,157988,153784,184896,1
11205,1423,84477,12628,95682,85900,0
80299,33415,1432,113714,81731,34847,0
76883,45918,7658,122801,84541,53576,0
51022,33790,99571,84812,150593,133361,0
47003,45902,71888,92905,118891,117790,1
60221,767,71637,60988,131858,72404,0
82063,35694,97460,117757,179523,133154,1
1405,81883,65512,83288,66917,147395,0
61176,18636,14664,79812,75840,33300,0
87631,75221,97553,162852,185184,172774,1
80173,66135,49847,146308,130020,115982,1
62755,47816,48684,110571,111439,96500,1
14448,40573,35207,55021,49655,75780,1
96544,42591,19136,139135,115680,61727,0
61682,32100,68473,93782,130155,100573,1
71344,70519,63949,141863,135293,134468,1
1149,82938,29174,84087,30323,112112,0
78150,42092,70225,120242,148375,112317,1
77274,38490,6376,115764,83650,44866,0
49903,50823,17806,100726,67709,68629,1
38306,48545,99453,86851,137759,147998,0
4614,36844,20394,41458,25008,57238,0
79385,77527,92766,156912,172151,170293,1
25146,55009,51550,80155,76696,106559,1
31343,1979,60144,33322,91487,62123,0
7208,25767,30923,32975,38131,56690,1
1983,73335,4801,75318,6784,78136,0
99377,36192,13057,135569,112434,49249,0
98994,98387,74373,197381,173367,172760,1
1050,68759,99915,69809,100965,168674,0
56717,952,27738,57669,84455,28690,0
31816,96815,83972,128631,115788,180787,1
60655,98827,30151,159482,90806,128978,0
31919,69115,96012,101034,127931,165127,1
27641,63161,51104,90802,78745,114265,1
42624,35802,53183,78426,95807,88985,1
93646,2206,71845,95852,165491,74051,0
99512,84153,24224,183665,123736,108377,1
90904,45969,32544,136873,123448,78513,0
84557,54407,20976,138964,105533,75383,0
3537,20600,67266,24137,70803,87866,0
38428,29586,33316,68014,71744,62902,1
71371,4109,73952,75480,145323,78061,1
88487,63008,26537,151495,115024,89545,1
20817,37336,19306,58153,40123,56642,1
17482,26905,71134,44387,88616,98039,0
94070,5582,77629,99652,171699,83211,0
84600,85527,73425,170127,158025,158952,1
46319,63375,64339,109694,110658,127714,1
70177,85558,27271,155735,97448,112829,1
1862,50339,83435,52201,85297,133774,0
63765,95534,62289,159299,126054,157823,1
23741,66539,57785,90280,81526,124324,1
37273,39887,6987,77160,44260,46874,1
28852,68845,62849,97697,91701,131694,1
29826,30799,96909,60625,126735,127708,0
35840,10475,53764,46315,89604,64239,0
6000,21321,94393,27321,100393,115714,0
87587,19965,69088,107552,156675,89053,1
62607,48499,10609,111106,73216,59108,0
86180,42778,92372,128958,178552,135150,1
6108,43506,43885,49614,49993,87391,1
46921,71858,74433,118779,121354,146291,1
74307,10982,13208,85289,87515,24190,0
84561,44220,57085,128781,141646,101305,1
55331,47719,30131,103050,85462,77850,1
1632,17399,87447,19031,89079,104846,0
71879,8097,3431,79976,75310,11528,0
32795,26122,9808,58917,42603,35930,1
18161,25186,38007,43347,56168,63193,1
80376,16533,72763,96909,153139,89296,1
74954,83121,28577,158075,103531,111698,1
57473,24999,58080,82472,115553,83079,1
46283,8074,6351,54357,52634,14425,0
60180,14061,89763,74241,149943,103824,0
78907,20554,25163,99461,104070,45717,0
63926,62654,35676,126580,99602,98330,1
97155,50920,26931,148075,124086,77851,0
88281,74660,6223,162941,94504,80883,0
51389,79552,68781,130941,120170,148333,1
69170,83218,97659,152388,166829,180877,1
91135,83437,47022,174572,138157,130459,1
69248,95952,20467,165200,89715,116419,0
68495,4488,20636,72983,89131,25124,0
19179,95072,47426,114251,66605,142498,0
56804,64633,47961,121437,104765,112594,1
68062,42177,91205,110239,159267,133382,1
22639,66914,97282,89553,119921,164196,0
52232,26323,450,78555,52682,26773,0
45157,7917,9612,53074,54769,17529,0
30233,3658,94850,33891,125083,98508,0
63065,77051,65802,140116,128867,142853,1
32342,85676,72441,118018,104783,158117,1
41654,31437,76723,73091,118377,108160,0
86342,48676,56448,135018,142790,105124,1
4662,69658,77810,74320,82472,147468,0
95262,61712,9588,156974,104850,71300,0
81253,53717,71163,134970,152416,124880,1
97370,20425,10175,117795,107545,30600,0
47341,60169,35589,107510,82930,95758,1
88588,16592,94714,105180,183302,111306,1
77285,60930,8158,138215,85443,69088,0
12899,7324,44602,20223,57501,51926,0
91474,28131,83680,119605,175154,111811,1
28444,56292,1060,84736,29504,57352,0
21896,31142,19847,53038,41743,50989,1
14515,72612,76314,87127,90829,148926,1
36100,40294,51569,76394,87669,91863,1
1218,53740,9979,54958,11197,63719,0
1252,56489,15256,57741,16508,71745,0
29761,57825,32843,87586,62604,90668,1
24697,50825,88011,75522,112708,138836,0
36746,51138,92541,87884,129287,143679,0
39377,26988,418,66365,39795,27406,0
62236,47135,58115,109371,120351,105250,1
58419,92118,12722,150537,71141,104840,0
1271,93744,32289,95015,33560,126033,0
31327,83825,70083,115152,101410,153908,1
50497,29758,84681,80255,135178,114439,0
67343,14119,99227,81462,166570,113346,0
98803,9921,52365,108724,151168,62286,0
53432,29916,23172,83348,76604,53088,0
48620,28462,81739,77082,130359,110201,0
25086,37987,54596,63073,79682,92583,1
17866,3632,77214,21498,95080,80846,0
13767,79224,78317,92991,92084,157541,1
77573,88842,88077,166415,165650,176919,1
16218,55809,92202,72027,108420,148011,0
52919,68249,12922,121168,65841,81171,0
42154,19851,54040,62005,96194,73891,1
15044,99426,27111,114470,42155,126537,0
68652,65465,3819,134117,72471,69284,1
23312,66326,17440,89638,40752,83766,0
64741,84746,60166,149487,124907,144912,1
37941,58227,52375,96168,90316,110602,1
49086,59673,28887,108759,77973,88560,1
51238,55866,97935,107104,149173,153801,1
91720,3022,55932,94742,147652,58954,0
20454,33087,73258,53541,93712,106345,0
3230,63532,32917,66762,36147,96449,0
10849,41184,59360,52033,70209,100544,0
1223,56052,8655,57275,9878,64707,0
63196,68129,55680,131325,118876,123809,1
51967,1698,2933,53665,54900,4631,0
54183,60429,28906,114612,83089,89335,1
42368,90711,62935,133079,105303,153646,1
56443,37313,57315,93756,113758,94628,1
41725,53145,65337,94870,107062,118482,1
75531,63209,82252,138740,157783,145461,1
61612,62074,40687,123686,102299,102761,1
96873,83186,9172,180059,106045,92358,0
5637,82997,70419,88634,76056,153416,0
50932,62804,83795,113736,134727,146599,1
51207,30078,18042,81285,69249,48120,0
14953,44201,55982,59154,70935,100183,1
1152,40101,26803,41253,27955,66904,0
1729,33785,52886,35514,54615,86671,0
79402,82835,52340,162237,131742,135175,1
70561,91741,50468,162302,121029,142209,1
78909,84922,28873,163831,107782,113795,1
12105,48754,76219,60859,88324,124973,0
35573,17975,56743,53548,92316,74718,0
77105,89364,42024,166469,119129,131388,1
95681,96219,13198,191900,108879,109417,1
72316,53896,94086,126212,166402,147982,1
18898,35644,14320,54542,33218,49964,0
78273,11402,10215,89675,88488,21617,0
40220,27422,85582,67642,125802,113004,0
37441,93658,68483,131099,105924,162141,1
10707,39877,27346,50584,38053,67223,0
21001,43227,79794,64228,100795,123021,0
93081,62319,46225,155400,139306,108544,1
30498,17112,98943,47610,129441,116055,0
43596,9929,63471,53525,107067,73400,0
9207,71134,92771,80341,101978,163905,0
94561,31255,6310,125816,100871,37565,0
43658,89395,31184,133053,74842,120579,0
30884,54877,14434,85761,45318,69311,0
79821,21748,91236,101569,171057,112984,1
79769,17689,13387,97458,93156,31076,0
5223,18441,59608,23664,64831,78049,0
31275,54786,38962,86061,70237,93748,1
76000,95772,11572,171772,87572,107344,0
757,6489,60981,7246,61738,67470,0
37017,60164,9662,97181,46679,69826,0
32564,97019,52241,129583,84805,149260,0
56649,25759,29297,82408,85946,55056,0
84768,51733,50628,136501,135396,102361,1
50597,94317,14333,144914,64930,108650,0
61578,68970,99364,130548,160942,168334,1
45164,60928,35086,106092,80250,96014,1
34606,92716,15808,127322,50414,108524,0
14834,25313,73442,40147,88276,98755,0
45205,18976,71730,64181,116935,90706,0
56071,258,95000,56329,151071,95258,0
27909,58540,53663,86449,81572,112203,1
10501,4559,41790,15060,52291,46349,0
12142,7107,47020,19249,59162,54127,0
95374,49184,75624,144558,170998,124808,1
6164,33858,56676,40022,62840,90534,0
11458,59868,85931,71326,97389,145799,0
18999,62885,13139,81884,32138,76024,0
53019,66679,70754,119698,123773,137433,1
27486,28390,77732,55876,105218,106122,0
16472,12423,51643,28895,68115,64066,0
21691,79429,64389,101120,86080,143818,1
57266,37606,69765,94872,127031,107371,1
71694,49261,8418,120955,80112,57679,0
96790,65912,92605,162702,189395,158517,1
42589,64654,7794,107243,50383,72448,0
3687,97893,22465,101580,26152,120358,0
11583,57362,67451,68945,79034,124813,1
93419,28669,58281,122088,151700,86950,0
50377,96791,40555,147168,90932,137346,0
54821,38803,16664,93624,71485,55467,1
19571,90734,59153,110305,78724,149887,0
6095,15509,97231,21604,103326,112740,0
79985,93781,54278,173766,134263,148059,1
37047,44576,27132,81623,64179,71708,1
22163,15573,98348,37736,120511,113921,0
62928,83104,65803,146032,128731,148907,1
56665,31573,88661,88238,145326,120234,0
5795,10958,34682,16753,40477,45640,0
29707,50064,72608,79771,102315,122672,1
8123,41791,89556,49914,97679,131347,0
39449,27819,79916,67268,119365,107735,0
53372,42875,84337,96247,137709,127212,1
31481,24567,28920,56048,60401,53487,1
33384,95129,78740,128513,112124,173869,1
66939,61702,51668,128641,118607,113370,1
49264,83606,56917,132870,106181,140523,1
68504,93179,52592,161683,121096,145771,1
59311,76669,31373,135980,90684,108042,1
85767,97787,13159,183554,98926,110946,1
62488,62693,40099,125181,102587,102792,1
45662,81533,98318,127195,143980,179851,1
10421,62214,71087,72635,81508,133301,1
55171,72852,63675,128023,118846,136527,1
70471,3732,96774,74203,167245,100506,0
15081,91791,23343,106872,38424,115134,0
31482,9904,54821,41386,86303,64725,0
37059,25256,46154,62315,83213,71410,1
17482,4239,65765,21721,83247,70004,0
78739,87407,76417,166146,155156,163824,1
3323,73172,98087,76495,101410,171259,0
19996,23015,5352,43011,25348,28367,1
79534,21730,61070,101264,140604,82800,1
35365,84885,44542,120250,79907,129427,0
62382,79341,66033,141723,128415,145374,1
45562,66421,6476,111983,52038,72897,0
14253,6447,54109,20700,68362,60556,0
52150,99701,66848,151851,118998,166549,1
75224,75984,98743,151208,173967,174727,1
83389,69143,62879,152532,146268,132022,1
18618,41834,41513,60452,60131,83347,1
27910,3339,72895,31249,100805,76234,0
12140,55923,12891,68063,25031,68814,0
18629,70999,9518,89628,28147,80517,0
90051,95970,46336,186021,136387,142306,1
80128,90517,47859,170645,127987,138376,1
7737,58474,23921,66211,31658,82395,0
53474,34260,57790,87734,111264,92050,1
74587,90249,1679,164836,76266,91928,0
50017,58638,4907,108655,54924,63545,0
34152,36175,32501,70327,66653,68676,1
38162,35543,44242,73705,82404,79785,1
52343,23485,2869,75828,55212,26354,0
52171,47331,40126,99502,92297,87457,1
59911,41721,3534,101632,63445,45255,0
19811,83033,48169,102844,67980,131202,0
50643,46706,95417,97349,146060,142123,1
59219,18042,47852,77261,107071,65894,1
54294,57452,45362,111746,99656,102814,1
31806,56415,47833,88221,79639,104248,1
78880,2424,67537,81304,146417,69961,0
10489,48578,7368,59067,17857,55946,0
82491,30616,66197,113107,148688,96813,1
11245,13575,56846,24820,68091,70421,0
81203,54577,58681,135780,139884,113258,1
58529,36842,15941,95371,74470,52783,0
11884,55356,64855,67240,76739,120211,1
10950,16917,67248,27867,78198,84165,0
76408,13862,12114,90270,88522,25976,0
50507,58767,10149,109274,60656,68916,1
34368,75554,72985,109922,107353,148539,1
42551,20650,76473,63201,119024,97123,0
67205,40392,7193,107597,74398,47585,0
8701,63867,65982,72568,74683,129849,1
48984,55238,14999,104222,63983,70237,1
65745,97259,33031,163004,98776,130290,1
18450,55196,58996,73646,77446,114192,1
93974,58757,77727,152731,171701,136484,1
13303,44310,48780,57613,62083,93090,1
46709,36540,60553,83249,107262,97093,1
86621,14724,90411,101345,177032,105135,1
66995,68191,90543,135186,157538,158734,1
5290,36899,10008,42189,15298,46907,0
23645,64491,38401,88136,62046,102892,0
91197,51809,22513,143006,113710,74322,0
74593,54788,52305,129381,126898,107093,1
3129,33147,3319,36276,6448,36466,0
24157,69238,93364,93395,117521,162602,1
62968,54517,95476,117485,158444,149993,1
60955,33975,82368,94930,143323,116343,1
45150,2486,82171,47636,127321,84657,0
89079,59580,50368,148659,139447,109948,1
91423,88757,50749,180180,142172,139506,1
55759,9819,32961,65578,88720,42780,0
88013,23439,92914,111452,180927,116353,1
13189,51054,26873,64243,40062,77927,0
94674,48025,34163,142699,128837,82188,0
46569,51673,30568,98242,77137,82241,1
12368,70766,15162,83134,27530,85928,0
51291,54967,96287,106258,147578,151254,1
76677,43729,70481,120406,147158,114210,1
33789,86946,13391,120735,47180,100337,0
56713,90512,60915,147225,117628,151427,1
54294,8055,39551,62349,93845,47606,0
4656,90111,57662,94767,62318,147773,0
65944,75016,41022,140960,106966,116038,1
54806,46878,99778,101684,154584,146656,1
19448,77815,80912,97263,100360,158727,1
44990,67185,173,112175,45163,67358,0
32180,81443,87173,113623,119353,168616,1
37488,29179,43444,66667,80932,72623,1
79323,77738,828,157061,80151,78566,0
33989,76736,28514,110725,62503,105250,0
53584,84992,1165,138576,54749,86157,0
50936,31228,62611,82164,113547,93839,1
76582,6417,49606,82999,126188,56023,0
90685,50922,88606,141607,179291,139528,1
93207,77102,84980,170309,178187,162082,1
72816,1511,23658,74327,96474,25169,0
55216,92043,28332,147259,83548,120375,0
94535,71173,29337,165708,123872,100510,1
8611,31093,5206,39704,13817,36299,0
82334,44686,45261,127020,127595,89947,1
64495,25742,96480,90237,160975,122222,0
55757,66420,71098,122177,126855,137518,1
72222,84229,12198,156451,84420,96427,1
33141,83349,567,116490,33708,83916,0
63486,57253,63806,120739,127292,121059,1
90679,99975,24527,190654,115206,124502,1
28430,11726,40993,40156,69423,52719,0
90288,26820,14684,117108,104972,41504,0
46030,92491,24271,138521,70301,116762,0
92144,77936,44106,170080,136250,122042,1
72690,57289,79131,129979,151821,136420,1
28267,99033,74182,127300,102449,173215,1
32635,85468,40265,118103,72900,125733,0
27422,53912,5141,81334,32563,59053,0
19300,5618,93959,24918,113259,99577,0
30345,52615,88915,82960,119260,141530,0
75733,1550,30083,77283,105816,31633,0
41572,47757,848,89329,42420,48605,0
46145,91226,61383,137371,107528,152609,1
8859,64540,71505,73399,80364,136045,1
39809,4585,25638,44394,65447,30223,0
30280,86551,29812,116831,60092,116363,0
92514,31152,46537,123666,139051,77689,0
47580,2423,34488,50003,82068,36911,0
64923,79220,51492,144143,116415,130712,1
90726,77426,93946,168152,184672,171372,1
1920,43081,44173,45001,46093,87254,1
42261,75886,44594,118147,86855,120480,1
48943,85153,83929,134096,132872,169082,1
71602,95001,67435,166603,139037,162436,1
8758,60941,6809,69699,15567,67750,0
4570,31597,64133,36167,68703,95730,0
65521,41441,89415,106962,154936,130856,1
70727,99792,39686,170519,110413,139478,1
95919,85168,55457,181087,151376,140625,1
13353,64488,29212,77841,42565,93700,0
1741,28065,60651,29806,62392,88716,0
7870,50625,64733,58495,72603,115358,0
30841,34428,37687,65269,68528,72115,1
42024,4923,33178,46947,75202,38101,0
82066,74337,85541,156403,167607,159878,1
40951,61724,11416,102675,52367,73140,0
63400,22614,55206,86014,118606,77820,1
40943,66175,37933,107118,78876,104108,1
89632,27303,54733,116935,144365,82036,0
26800,8333,29266,35133,56066,37599,1
67944,39382,26212,107326,94156,65594,0
51261,28722,32685,79983,83946,61407,1
87752,81379,3988,169131,91740,85367,0
95413,54746,45211,150159,140624,99957,1
30683,6451,7600,37134,38283,14051,0
5828,18726,86218,24554,92046,104944,0
31795,13546,56416,45341,88211,69962,0
48748,44636,76300,93384,125048,120936,1
30521,19366,98867,49887,129388,118233,0
1259,74058,70022,75317,71281,144080,0
69957,31645,71364,101602,141321,103009,1
96748,80807,52108,177555,148856,132915,1
57872,33946,98896,91818,156768,132842,0
15894,55577,19870,71471,35764,75447,0
31770,18904,50421,50674,82191,69325,1
79129,54909,82463,134038,161592,137372,1
12287,88282,4590,100569,16877,92872,0
57423,51193,79864,108616,137287,131057,1
24655,110,9951,24765,34606,10061,0
2639,23755,78097,26394,80736,101852,0
74624,74284,1869,148908,76493,76153,1
85990,48654,91664,134644,177654,140318,1
40124,60577,34700,100701,74824,95277,1
65420,98585,89920,164005,155340,188505,1
13723,63597,16463,77320,30186,80060,0
19899,18150,39146,38049,59045,57296,0
25751,58983,40861,84734,66612,99844,1
66684,51373,55291,118057,121975,106664,1
2544,56159,36857,58703,39401,93016,0
8114,77588,69969,85702,78083,147557,1
16792,16722,86737,33514,103529,103459,0
91875,70891,759,162766,92634,71650,0
71535,82432,85826,153967,157361,168258,1
56980,64470,61139,121450,118119,125609,1
96357,90508,54545,186865,150902,145053,1
37648,12182,8685,49830,46333,20867,0
99780,7566,85743,107346,185523,93309,0
35131,99487,16794,134618,51925,116281,0
18423,26799,23107,45222,41530,49906,1
78026,21066,9,99092,78035,21075,0
72633,68490,79457,141123,152090,147947,1
41233,26278,72577,67511,113810,98855,0
2121,42106,76946,44227,79067,119052,0
98809,8363,73488,107172,172297,81851,0
83643,33361,88931,117004,172574,122292,1
1956,95975,74893,97931,76849,170868,0
44533,84237,71913,128770,116446,156150,1
4451,96914,15562,101365,20013,112476,0
59334,22588,33347,81922,92681,55935,0
56517,76993,41479,133510,97996,118472,1
13995,77687,3013,91682,17008,80700,0
60675,66817,33745,127492,94420,100562,1
97391,11778,39236,109169,136627,51014,0
11144,24780,78847,35924,89991,103627,0
30177,3045,65592,33222,95769,68637,0
27543,26578,97570,54121,125113,124148,0
67876,18922,67391,86798,135267,86313,1
63433,78036,72889,141469,136322,150925,1
22336,3823,5466,26159,27802,9289,0
81097,34501,54635,115598,135732,89136,1
62474,23310,93432,85784,155906,116742,0
11050,10671,24820,21721,35870,35491,0
73686,82853,96482,156539,170168,179335,1
50245,49047,14537,99292,64782,63584,1
96432,14019,95857,110451,192289,109876,1
63391,13321,22559,76712,85950,35880,0
15312,13464,34513,28776,49825,47977,0
90751,83537,75362,174288,166113,158899,1
58363,87145,54890,145508,113253,142035,1
58244,82123,79222,140367,137466,161345,1
19280,65583,64309,84863,83589,129892,1
26953,90686,50202,117639,77155,140888,0
4084,96867,77071,100951,81155,173938,0
88683,49872,3814,138555,92497,53686,0
90381,58247,20632,148628,111013,78879,0
27824,93895,96260,121719,124084,190155,1
63072,69596,46200,132668,109272,115796,1
93113,75263,32908,168376,126021,108171,1
11022,65964,81590,76986,92612,147554,0
11599,26596,3705,38195,15304,30301,0
697,28,32605,725,33302,32633,0
15360,64176,45880,79536,61240,110056,0
89337,83442,56012,172779,145349,139454,1
68471,71970,97414,140441,165885,169384,1
12132,90948,70501,103080,82633,161449,0
25135,21563,55086,46698,80221,76649,0
29262,48971,72877,78233,102139,121848,1
97368,51382,98801,148750,196169,150183,1
30241,26786,19690,57027,49931,46476,1
85123,96172,80727,181295,165850,176899,1
29887,71062,14656,100949,44543,85718,0
46035,76031,80231,122066,126266,156262,1
43668,92317,59264,135985,102932,151581,1
55362,53666,32796,109028,88158,86462,1
45108,17694,90252,62802,135360,107946,0
29938,3822,78501,33760,108439,82323,0
32817,3234,17181,36051,49998,20415,0
64700,83865,65580,148565,130280,149445,1
41441,80780,65245,122221,106686,146025,1
63031,46260,27633,109291,90664,73893,1
66816,80097,91615,146913,158431,171712,1
91394,74229,95612,165623,187006,169841,1
60847,63773,44369,124620,105216,108142,1
83369,95542,69538,178911,152907,165080,1
68977,87146,21007,156123,89984,108153,1
77510,97143,15899,174653,93409,113042,0
10284,15996,71957,26280,82241,87953,0
72994,11392,18713,84386,91707,30105,0
613,26557,53727,27170,54340,80284,0
23372,22139,19814,45511,43186,41953,1
9668,51601,38245,61269,47913,89846,0
39599,5991,41739,45590,81338,47730,1
80381,82126,88027,162507,168408,170153,1
49181,84073,3213,133254,52394,87286,0
46243,3097,32783,49340,79026,35880,0
22775,47270,82881,70045,105656,130151,0
57760,4537,50489,62297,108249,55026,0
7155,46421,1733,53576,8888,48154,0
13466,89859,71351,103325,84817,161210,0
6571,78476,34590,85047,41161,113066,0
67706,26352,82972,94058,150678,109324,1
11169,21451,92497,32620,103666,113948,0
9814,73141,50941,82955,60755,124082,0
19499,64294,78962,83793,98461,143256,1
72487,2689,24108,75176,96595,26797,0
53417,86526,8332,139943,61749,94858,0
93548,82754,52028,176302,145576,134782,1
21927,89821,79475,111748,101402,169296,1
32798,98199,21328,130997,54126,119527,0
89583,12377,89073,101960,178656,101450,1
98709,93146,55778,191855,154487,148924,1
49587,66853,77515,116440,127102,144368,1
75026,94721,61950,169747,136976,156671,1
82759,25729,9940,108488,92699,35669,0
69738,63018,99687,132756,169425,162705,1
93440,26176,30517,119616,123957,56693,0
41064,67121,60288,108185,101352,127409,1
69437,12757,80655,82194,150092,93412,1
92222,22285,36714,114507,128936,58999,0
84228,92273,26262,176501,110490,118535,1
70133,89415,87109,159548,157242,176524,1
41966,50806,71514,92772,113480,122320,1
97112,19180,79746,116292,176858,98926,1
8201,73635,89925,81836,98126,163560,0
74232,4949,65528,79181,139760,70477,0
37827,49434,78424,87261,116251,127858,1
76701,6082,82554,82783,159255,88636,1
50668,26777,18497,77445,69165,45274,0
4630,58287,93134,62917,97764,151421,0
61008,30963,30865,91971,91873,61828,1
37760,3711,79437,41471,117197,83148,0
82291,28580,93652,110871,175943,122232,1
38251,60053,57036,98304,95287,117089,1
31640,19283,10889,50923,42529,30172,0
38816,98176,80859,136992,119675,179035,1
53591,13295,40596,66886,94187,53891,1
42283,83491,87411,125774,129694,170902,1
75573,89356,56150,164929,131723,145506,1
4397,4489,51824,8886,56221,56313,0
35451,52715,40342,88166,75793,93057,1
24640,4687,78473,29327,103113,83160,0
18195,99052,66598,117247,84793,165650,0
57355,24471,9175,81826,66530,33646,0
64481,21443,10943,85924,75424,32386,0
69665,79063,34339,148728,104004,113402,1
86560,20807,79196,107367,165756,100003,1
10174,26750,91684,36924,101858,118434,0
2890,67451,92658,70341,95548,160109,0
28604,47551,29449,76155,58053,77000,1
39838,51135,5350,90973,45188,56485,0
97199,56138,9612,153337,106811,65750,0
20359,25010,1941,45369,22300,26951,0
53785,80074,6338,133859,60123,86412,0
79085,27688,21241,106773,100326,48929,0
47099,20956,40671,68055,87770,61627,1
54010,28277,19049,82287,73059,47326,0
89057,81458,70364,170515,159421,151822,1
96008,60754,21336,156762,117344,82090,0
42286,7077,88601,49363,130887,95678,0
53710,34857,60321,88567,114031,95178,1
34092,79004,63900,113096,97992,142904,1
83603,82901,5406,166504,89009,88307,1
16062,81516,33116,97578,49178,114632,0
92252,54006,36053,146258,128305,90059,0
67893,22815,55974,90708,123867,78789,1
21988,8372,67849,30360,89837,76221,0
6378,2324,1753,8702,8131,4077,0
50709,34150,17647,84859,68356,51797,1
31459,82495,53712,113954,85171,136207,1
97375,12617,4228,109992,101603,16845,0
28379,94371,64444,122750,92823,158815,0
32134,43323,26759,75457,58893,70082,1
71363,17479,83570,88842,154933,101049,1
91200,18232,66454,109432,157654,84686,0
63406,30941,11511,94347,74917,42452,0
3633,88801,99782,92434,103415,188583,0
2338,55062,44062,57400,46400,99124,0
53167,68637,58797,121804,111964,127434,1
20002,8081,20185,28083,40187,28266,1
16812,1343,18015,18155,34827,19358,1
89492,61395,56282,150887,145774,117677,1
54028,71343,18160,125371,72188,89503,1
77205,61673,48772,138878,125977,110445,1
16650,63380,94759,80030,111409,158139,0
94877,53224,15227,148101,110104,68451,0
16897,57945,36102,74842,52999,94047,0
11982,67835,47589,79817,59571,115424,0
43641,5242,11965,48883,55606,17207,0
90507,33988,8603,124495,99110,42591,0
61972,77434,45386,139406,107358,122820,1
20252,61077,16054,81329,36306,77131,0
17688,2237,34440,19925,52128,36677,0
241,35400,96717,35641,96958,132117,0
24793,70279,21474,95072,46267,91753,0
38928,77074,79631,116002,118559,156705,1
32632,48357,95180,80989,127812,143537,0
78341,51269,52762,129610,131103,104031,1
8374,54831,64890,63205,73264,119721,0
29059,88071,63826,117130,92885,151897,1
84016,87992,6853,172008,90869,94845,1
97717,31053,87091,128770,184808,118144,1
58094,62573,24758,120667,82852,87331,1
83555,89404,91310,172959,174865,180714,1
62305,7195,73541,69500,135846,80736,0
48597,9597,6032,58194,54629,15629,0
16471,63403,50673,79874,67144,114076,1
66840,1730,23741,68570,90581,25471,0
39384,31383,74412,70767,113796,105795,0
69085,99217,63946,168302,133031,163163,1
42121,55616,61814,97737,103935,117430,1
2328,25252,46215,27580,48543,71467,0
53214,77035,75755,130249,128969,152790,1
92882,18351,18951,111233,111833,37302,0
47357,43835,41253,91192,88610,85088,1
4918,40562,59134,45480,64052,99696,0
45977,96662,16483,142639,62460,113145,0
75818,68088,12741,143906,88559,80829,1
95572,11992,62286,107564,157858,74278,0
82803,47526,55555,130329,138358,103081,1
43092,6535,41412,49627,84504,47947,1
65438,88855,42082,154293,107520,130937,1
27871,82317,97013,110188,124884,179330,1
22570,20276,75421,42846,97991,95697,0
25697,69410,47632,95107,73329,117042,1
46717,93891,8759,140608,55476,102650,0
89476,14471,42901,103947,132377,57372,0
34755,59712,78606,94467,113361,138318,1
48535,67820,27411,116355,75946,95231,1
95561,17988,55984,113549,151545,73972,0
4418,95739,70340,100157,74758,166079,0
53761,17673,2113,71434,55874,19786,0
37176,65851,68606,103027,105782,134457,1
13093,68493,98076,81586,111169,166569,0
12036,69124,62402,81160,74438,131526,1
80598,10690,41867,91288,122465,52557,0
89752,34910,91639,124662,181391,126549,1
22660,66900,3219,89560,25879,70119,0
72691,45217,35257,117908,107948,80474,1
93529,65325,95482,158854,189011,160807,1
76415,11824,58765,88239,135180,70589,0
12965,11422,6683,24387,19648,18105,1
87886,67739,33138,155625,121024,100877,1
27604,38767,51146,66371,78750,89913,1
42556,23685,31702,66241,74258,55387,1
74622,88811,32395,163433,107017,121206,1
91397,35240,48549,126637,139946,83789,0
72390,36886,94970,109276,167360,131856,1
24456,41698,83865,66154,108321,125563,0
71530,17479,14978,89009,86508,32457,0
55263,46833,29540,102096,84803,76373,1
59683,11053,28372,70736,88055,39425,0
31112,53032,59318,84144,90430,112350,1
9659,82484,60759,92143,70418,143243,0
14791,41657,95736,56448,110527,137393,0
29646,25431,48721,55077,78367,74152,1
12826,1744,7957,14570,20783,9701,0
16048,95242,50681,111290,66729,145923,0
25449,44698,39530,70147,64979,84228,1
1615,55349,57169,56964,58784,112518,0
27385,27190,29843,54575,57228,57033,1
15950,69888,59102,85838,75052,128990,1
31420,72486,44183,103906,75603,116669,1
95105,93104,54433,188209,149538,147537,1
86908,68929,75351,155837,162259,144280,1
36050,72895,91321,108945,127371,164216,1
73509,61529,5213,135038,78722,66742,0
40896,59592,37024,100488,77920,96616,1
6117,69947,30540,76064,36657,100487,0
48787,53260,19967,102047,68754,73227,1
26196,80437,30831,106633,57027,111268,0
85947,66128,6122,152075,92069,72250,0
81689,82634,45014,164323,126703,127648,1
21833,82921,76319,104754,98152,159240,1
39772,83354,83790,123126,123562,167144,1
25641,20953,42290,46594,67931,63243,1
1408,19875,3446,21283,4854,23321,0
38470,42861,1661,81331,40131,44522,0
24570,11600,85432,36170,110002,97032,0
4410,67802,28634,72212,33044,96436,0
98236,14038,74311,112274,172547,88349,0
96423,88624,4938,185047,101361,93562,0
10621,75380,32465,86001,43086,107845,0
22560,61020,41236,83580,63796,102256,1
30612,94792,20803,125404,51415,115595,0
42369,90995,46097,133364,88466,137092,0
21354,73234,26633,94588,47987,99867,0
26954,44728,60547,71682,87501,105275,1
45734,86561,20309,132295,66043,106870,0
34162,81050,30518,115212,64680,111568,0
99091,11215,49041,110306,148132,60256,0
658,18065,9415,18723,10073,27480,0
32870,55746,9519,88616,42389,65265,0
49265,7805,3681,57070,52946,11486,0
31366,84879,58623,116245,89989,143502,1
7924,33635,91970,41559,99894,125605,0
81200,72527,31551,153727,112751,104078,1
70548,31911,85877,102459,156425,117788,1
30722,80721,4365,111443,35087,85086,0
23000,27230,72086,50230,95086,99316,0
4661,95692,48244,100353,52905,143936,0
13860,29004,94639,42864,108499,123643,0
76858,13306,17794,90164,94652,31100,0
18274,48980,51913,67254,70187,100893,1
39875,92505,11331,132380,51206,103836,0
91981,56053,78607,148034,170588,134660,1
2072,45020,48999,47092,51071,94019,0
37960,3081,39470,41041,77430,42551,1
90241,20916,27745,111157,117986,48661,0
62821,89013,16708,151834,79529,105721,0
6156,38210,43708,44366,49864,81918,1
37645,55937,46725,93582,84370,102662,1
30735,94027,61455,124762,92190,155482,0
96406,83992,71945,180398,168351,155937,1
27327,3107,76779,30434,104106,79886,0
67270,68949,34646,136219,101916,103595,1
38969,7828,12777,46797,51746,20605,0
38403,37657,61125,76060,99528,98782,1
57646,42163,36704,99809,94350,78867,1
34142,49431,2427,83573,36569,51858,0
26713,59905,9680,86618,36393,69585,0
6119,96771,19519,102890,25638,116290,0
18742,47559,39203,66301,57945,86762,1
31466,30772,69479,62238,100945,100251,0
45083,49784,44792,94867,89875,94576,1
72628,20417,64899,93045,137527,85316,1
852,13172,84840,14024,85692,98012,0
59495,73662,22146,133157,81641,95808,1
81912,88638,1579,170550,83491,90217,0
76448,91938,59649,168386,136097,151587,1
68902,1070,24984,69972,93886,26054,0
33482,14306,24149,47788,57631,38455,1
74717,47245,50629,121962,125346,97874,1
90288,30953,95471,121241,185759,126424,1
71742,74754,76207,146496,147949,150961,1
11266,1308,27190,12574,38456,28498,0
2803,84724,79419,87527,82222,164143,0
61595,74627,82137,136222,143732,156764,1
5818,14405,25,20223,5843,14430,0
73442,62588,96636,136030,170078,159224,1
30715,62412,20716,93127,51431,83128,0
69122,40509,58945,109631,128067,99454,1
13068,85677,86272,98745,99340,171949,1
75438,65845,20004,141283,95442,85849,1
92829,60468,73143,153297,165972,133611,1
75363,94963,17510,170326,92873,112473,0
26198,32040,44134,58238,70332,76174,1
21111,89501,67414,110612,88525,156915,0
43347,25728,1230,69075,44577,26958,0
42376,125,12761,42501,55137,12886,0
88555,87058,19094,175613,107649,106152,1
91713,36143,82041,127856,173754,118184,1
12131,43884,23163,56015,35294,67047,0
42070,66083,66489,108153,108559,132572,1
80579,350,87469,80929,168048,87819,0
80704,47640,28713,128344,109417,76353,0
47184,56413,84090,103597,131274,140503,1
19327,12815,27894,32142,47221,40709,1
13884,94141,37080,108025,50964,131221,0
16917,30354,36988,47271,53905,67342,1
59461,97483,61181,156944,120642,158664,1
77911,84005,27839,161916,105750,111844,1
58818,16909,6693,75727,65511,23602,0
51213,19376,75078,70589,126291,94454,0
88013,71491,15761,159504,103774,87252,0
49962,88469,51933,138431,101895,140402,1
36235,67390,59936,103625,96171,127326,1
92964,20249,14618,113213,107582,34867,0
25463,4507,42161,29970,67624,46668,0
80232,30700,35008,110932,115240,65708,0
36405,92065,38512,128470,74917,130577,0
91144,19444,85783,110588,176927,105227,1
2296,78095,41714,80391,44010,119809,0
45866,47944,88210,93810,134076,136154,1
98191,64533,16196,162724,114387,80729,0
538,82338,7549,82876,8087,89887,0
57186,17819,53197,75005,110383,71016,1
14052,98948,38280,113000,52332,137228,0
47943,48294,3118,96237,51061,51412,1
98804,8013,19004,106817,117808,27017,0
71261,50907,51051,122168,122312,101958,1
16584,83240,54723,99824,71307,137963,0
80761,39669,67206,120430,147967,106875,1
36565,1519,26136,38084,62701,27655,0
93871,58128,64577,151999,158448,122705,1
4126,60884,30938,65010,35064,91822,0
24770,27262,56781,52032,81551,84043,0
64258,10020,77473,74278,141731,87493,0
3708,99202,96316,102910,100024,195518,1
70946,28483,46963,99429,117909,75446,1
39175,13037,13401,52212,52576,26438,0
21969,29204,14997,51173,36966,44201,1
74412,2943,58337,77355,132749,61280,0
99213,81629,18190,180842,117403,99819,1
3578,57659,81601,61237,85179,139260,0
33637,37203,49471,70840,83108,86674,1
37564,96410,64253,133974,101817,160663,1
86181,85713,23129,171894,109310,108842,1
8638,5794,16744,14432,25382,22538,0
61841,31971,94809,93812,156650,126780,0
21220,92349,9868,113569,31088,102217,0
74686,60052,12190,134738,86876,72242,0
95822,26268,74904,122090,170726,101172,1
47936,92738,59262,140674,107198,152000,1
7793,55774,86557,63567,94350,142331,0
46542,56027,74150,102569,120692,130177,1
44312,40201,52626,84513,96938,92827,1
79729,81724,56058,161453,135787,137782,1
88406,17193,49528,105599,137934,66721,0
50420,67209,55170,117629,105590,122379,1
41916,63680,8528,105596,50444,72208,0
99287,84972,36965,184259,136252,121937,1
19686,7242,20032,26928,39718,27274,1
94752,7132,49693,101884,144445,56825,0
74765,56400,44544,131165,119309,100944,1
92008,90351,88317,182359,180325,178668,1
71767,43404,91679,115171,163446,135083,1
97351,51175,85628,148526,182979,136803,1
59251,86011,23767,145262,83018,109778,0
58073,87300,58074,145373,116147,145374,1
13595,78839,60906,92434,74501,139745,0
7271,96531,81081,103802,88352,177612,0
35403,75493,308,110896,35711,75801,0
56642,45619,4433,102261,61075,50052,0
17649,71903,77912,89552,95561,149815,1
64294,58107,26434,122401,90728,84541,1
96415,22509,52086,118924,148501,74595,0
13397,55926,23074,69323,36471,79000,0
24845,94998,72865,119843,97710,167863,1
83045,75503,71839,158548,154884,147342,1
58431,65313,27223,123744,85654,92536,1
84910,74385,88908,159295,173818,163293,1
16367,47115,94943,63482,111310,142058,0
20378,45921,6049,66299,26427,51970,0
10090,15201,40650,25291,50740,55851,0
57998,51987,76324,109985,134322,128311,1
9162,42786,83191,51948,92353,125977,0
31885,27582,30000,59467,61885,57582,1
35818,21740,62366,57558,98184,84106,0
87777,31558,58434,119335,146211,89992,1
75665,77100,35480,152765,111145,112580,1
23076,40032,71993,63108,95069,112025,0
98324,30464,42085,128788,140409,72549,0
83249,2945,24528,86194,107777,27473,0
95103,33778,24241,128881,119344,58019,0
99002,29231,63672,128233,162674,92903,0
44268,43495,30247,87763,74515,73742,1
57954,73635,78658,131589,136612,152293,1
85369,40394,6842,125763,92211,47236,0
99079,5371,7333,104450,106412,12704,0
59127,67910,16806,127037,75933,84716,1
44429,11243,60311,55672,104740,71554,0
54161,39309,25479,93470,79640,64788,1
45106,74213,33149,119319,78255,107362,1
46205,45837,39418,92042,85623,85255,1
5387,13394,88012,18781,93399,101406,0
93559,48244,30016,141803,123575,78260,0
17725,57074,25494,74799,43219,82568,0
92731,88732,51437,181463,144168,140169,1
32425,85730,96215,118155,128640,181945,1
8494,27534,17139,36028,25633,44673,0
88380,89279,66436,177659,154816,155715,1
98692,23650,17402,122342,116094,41052,0
14822,69800,92034,84622,106856,161834,0
5976,85190,29377,91166,35353,114567,0
18143,52197,23676,70340,41819,75873,0
79575,32363,32173,111938,111748,64536,0
52531,28139,37745,80670,90276,65884,1
16872,80817,69406,97689,86278,150223,1
97796,32163,39968,129959,137764,72131,0
39899,53850,46651,93749,86550,100501,1
87623,8899,10123,96522,97746,19022,0
70972,8488,60197,79460,131169,68685,0
11788,22222,43014,34010,54802,65236,0
60541,24729,29684,85270,90225,54413,0
55055,69503,73823,124558,128878,143326,1
72189,50406,64568,122595,136757,114974,1
83884,77165,32436,161049,116320,109601,1
12406,55568,39613,67974,52019,95181,0
14183,77636,47203,91819,61386,124839,0
74475,34132,15430,108607,89905,49562,0
87398,12416,70637,99814,158035,83053,0
35043,95335,38978,130378,74021,134313,0
69313,49490,47842,118803,117155,97332,1
88930,2066,81167,90996,170097,83233,0
52735,87374,27669,140109,80404,115043,0
84956,27873,60879,112829,145835,88752,1
68575,71494,46652,140069,115227,118146,1
76031,27019,98205,103050,174236,125224,1
65535,29038,12166,94573,77701,41204,0
63186,19419,73583,82605,136769,93002,1
90785,5146,70242,95931,161027,75388,0
2663,22318,42805,24981,45468,65123,0
45975,36403,48396,82378,94371,84799,1
6222,57214,37619,63436,43841,94833,0
22186,28215,49588,50401,71774,77803,1
26139,6080,25014,32219,51153,31094,1
38027,78997,63418,117024,101445,142415,1
99774,88499,27426,188273,127200,115925,1
71850,82436,61034,154286,132884,143470,1
13165,80550,56122,93715,69287,136672,0
28274,55021,44416,83295,72690,99437,1
6234,71799,35283,78033,41517,107082,0
43599,83308,95899,126907,139498,179207,1
67302,92651,86032,159953,153334,178683,1
17985,63508,68892,81493,86877,132400,1
56195,86880,61585,143075,117780,148465,1
73288,44463,68901,117751,142189,113364,1
66183,25165,97044,91348,163227,122209,0
60701,53946,20929,114647,81630,74875,1
76890,21077,77824,97967,154714,98901,1
19196,53846,70014,73042,89210,123860,1
69092,56698,64947,125790,134039,121645,1
73000,52181,85662,125181,158662,137843,1
93897,9059,42362,102956,136259,51421,0
67070,5330,42805,72400,109875,48135,0
83317,41092,74235,124409,157552,115327,1
28546,1265,14036,29811,42582,15301,0
70051,61408,23096,131459,93147,84504,1
22236,20751,64396,42987,86632,85147,0
5045,68619,52608,73664,57653,121227,0
59869,86105,86139,145974,146008,172244,1
78084,2882,61900,80966,139984,64782,0
26260,18409,35368,44669,61628,53777,1
30387,7788,4745,38175,35132,12533,0
69502,52163,93953,121665,163455,146116,1
31644,18157,1882,49801,33526,20039,0
26667,18576,91313,45243,117980,109889,0
26253,75758,42950,102011,69203,118708,0
29876,17575,73313,47451,103189,90888,0
91921,61656,29159,153577,121080,90815,0
45773,34604,30901,80377,76674,65505,1
51149,40747,87235,91896,138384,127982,1
51762,49549,71845,101311,123607,121394,1
94836,34358,71386,129194,166222,105744,1
34039,62818,49525,96857,83564,112343,1
62925,39320,99995,102245,162920,139315,1
19409,72732,62622,92141,82031,135354,1
5790,53142,42965,58932,48755,96107,0
30527,8545,90247,39072,120774,98792,0
83191,4313,50902,87504,134093,55215,0
62890,78960,47142,141850,110032,126102,1
53973,51200,4125,105173,58098,55325,1
15434,80446,38677,95880,54111,119123,0
12335,19403,6668,31738,19003,26071,0
61802,91593,74612,153395,136414,166205,1
58769,97061,74364,155830,133133,171425,1
96030,78691,26664,174721,122694,105355,1
45679,49389,68913,95068,114592,118302,1
80545,76034,80471,156579,161016,156505,1
99404,98669,37145,198073,136549,135814,1
20802,26412,11835,47214,32637,38247,1
67932,2389,87123,70321,155055,89512,0
81525,10518,50002,92043,131527,60520,0
52648,1407,11587,54055,64235,12994,0
94455,207,75319,94662,169774,75526,0
14788,80918,97815,95706,112603,178733,0
39504,84785,72442,124289,111946,157227,1
74593,46170,9448,120763,84041,55618,0
83790,50856,74351,134646,158141,125207,1
98136,71691,30877,169827,129013,102568,1
13995,70914,60198,84909,74193,131112,1
41110,56262,36093,97372,77203,92355,1
73315,44215,49439,117530,122754,93654,1
66455,46692,3359,113147,69814,50051,0
9747,25273,45638,35020,55385,70911,0
42722,82272,64700,124994,107422,146972,1
31452,1798,49830,33250,81282,51628,0
40256,81705,6656,121961,46912,88361,0
16754,43991,60435,60745,77189,104426,1
66588,4883,29572,71471,96160,34455,0
31727,96573,97659,128300,129386,194232,1
18196,10212,48013,28408,66209,58225,0
30639,3783,87824,34422,118463,91607,0
43780,29674,57348,73454,101128,87022,1
96619,96345,50249,192964,146868,146594,1
88710,57698,55968,146408,144678,113666,1
60889,75335,66019,136224,126908,141354,1
26168,40863,49951,67031,76119,90814,1
88389,478,7155,88867,95544,7633,0
92691,5592,96408,98283,189099,102000,1
59207,35778,35043,94985,94250,70821,1
61025,93721,91714,154746,152739,185435,1
39295,75307,61706,114602,101001,137013,1
95491,12151,17594,107642,113085,29745,0
92058,77987,22334,170045,114392,100321,1
77184,69322,2065,146506,79249,71387,0
79302,16942,57435,96244,136737,74377,0
84957,75894,78837,160851,163794,154731,1
61717,6546,41045,68263,102762,47591,0
90126,69650,24089,159776,114215,93739,1
46806,116,65451,46922,112257,65567,0
50586,16208,30309,66794,80895,46517,0
12228,89780,21040,102008,33268,110820,0
74110,62681,63304,136791,137414,125985,1
28852,96015,50721,124867,79573,146736,0
64031,40016,95105,104047,159136,135121,1
34814,56844,68572,91658,103386,125416,1
25122,41208,47854,66330,72976,89062,1
14619,25967,26011,40586,40630,51978,1
78140,29518,41229,107658,119369,70747,0
56969,14522,60788,71491,117757,75310,1
20104,66274,65854,86378,85958,132128,1
74352,48681,43636,123033,117988,92317,1
4344,33916,80188,38260,84532,114104,0
90554,75138,93840,165692,184394,168978,1
20869,46990,16454,67859,37323,63444,0
40446,17575,89342,58021,129788,106917,0
34183,9425,9230,43608,43413,18655,0
29655,81052,75195,110707,104850,156247,1
260,2433,72097,2693,72357,74530,0
28860,47160,58600,76020,87460,105760,1
73933,74688,83507,148621,157440,158195,1
33414,16882,70761,50296,104175,87643,0
16338,19570,99744,35908,116082,119314,0
15507,15670,6870,31177,22377,22540,1
24395,19637,88668,44032,113063,108305,0
73545,67111,76169,140656,149714,143280,1
74183,69611,78483,143794,152666,148094,1
76030,95172,28101,171202,104131,123273,1
68063,57003,65753,125066,133816,122756,1
44329,81959,66135,126288,110464,148094,1
69993,12238,56812,82231,126805,69050,0
64450,14937,48583,79387,113033,63520,0
61845,9000,64220,70845,126065,73220,1
41296,57304,69610,98600,110906,126914,1
43779,82430,56565,126209,100344,138995,1
5317,48418,42134,53735,47451,90552,0
22151,86569,31250,108720,53401,117819,0
58980,53098,79702,112078,138682,132800,1
6474,82941,22751,89415,29225,105692,0
97958,11801,7608,109759,105566,19409,0
40967,51584,95140,92551,136107,146724,0
52320,31363,69615,83683,121935,100978,1
69175,93961,85492,163136,154667,179453,1
13969,68516,30371,82485,44340,98887,0
10277,2813,24273,13090,34550,27086,0
55046,16936,11273,71982,66319,28209,0
62325,46859,61849,109184,124174,108708,1
52353,33403,93747,85756,146100,127150,0
64314,23980,68635,88294,132949,92615,1
21252,40175,13263,61427,34515,53438,0
64956,60015,24984,124971,89940,84999,1
64584,53561,44902,118145,109486,98463,1
5922,2537,43073,8459,48995,45610,0
59909,98679,60106,158588,120015,158785,1
87859,27127,41532,114986,129391,68659,0
30132,8886,28439,39018,58571,37325,1
39032,65820,64020,104852,103052,129840,1
22757,60103,11563,82860,34320,71666,0
40736,40312,68193,81048,108929,108505,1
70623,92430,42649,163053,113272,135079,1
32074,25522,95990,57596,128064,121512,0
82826,23872,6805,106698,89631,30677,0
22680,47244,18202,69924,40882,65446,0
25973,92249,4267,118222,30240,96516,0
63257,60145,23721,123402,86978,83866,1
63414,28340,74267,91754,137681,102607,1
73500,4158,50278,77658,123778,54436,0
24000,40173,7777,64173,31777,47950,0
41556,39117,16726,80673,58282,55843,1
14699,89841,83185,104540,97884,173026,1
12067,48072,50635,60139,62702,98707,1
61397,15679,70470,77076,131867,86149,1
29076,81537,12328,110613,41404,93865,0
2548,59456,54177,62004,56725,113633,0
33821,96972,20666,130793,54487,117638,0
61836,53137,44605,114973,106441,97742,1
44504,27343,52011,71847,96515,79354,1
60898,20059,30344,80957,91242,50403,0
88305,66093,76407,154398,164712,142500,1
48805,1472,80433,50277,129238,81905,0
10510,36968,71859,47478,82369,108827,0
78872,92429,44543,171301,123415,136972,1
77957,46339,48994,124296,126951,95333,1
10437,89508,92798,99945,103235,182306,1
27274,68727,47116,96001,74390,115843,1
20213,13936,50421,34149,70634,64357,0
21144,19140,18220,40284,39364,37360,1
85812,34871,80847,120683,166659,115718,1
92859,92867,1920,185726,94779,94787,1
17903,5947,50117,23850,68020,56064,0
57137,66161,46106,123298,103243,112267,1
3000,63865,39063,66865,42063,102928,0
20849,76735,82657,97584,103506,159392,1
55601,2552,60178,58153,115779,62730,0
90720,94716,46430,185436,137150,141146,1
60099,66497,18353,126596,78452,84850,1
58281,8399,87066,66680,145347,95465,0
83620,86466,25287,170086,108907,111753,1
68356,13963,88198,82319,156554,102161,0
36061,21873,38187,57934,74248,60060,1
93928,29857,32449,123785,126377,62306,0
27668,36578,47272,64246,74940,83850,1
95197,81873,29693,177070,124890,111566,1
43742,59724,8816,103466,52558,68540,0
87629,38645,15799,126274,103428,54444,0
21081,63149,85365,84230,106446,148514,0
36694,44390,75253,81084,111947,119643,1
19252,88382,99527,107634,118779,187909,1
9797,41899,69426,51696,79223,111325,0
87915,78100,31716,166015,119631,109816,1
47705,2943,27076,50648,74781,30019,0
51269,77287,98431,128556,149700,175718,1
5265,33618,1714,38883,6979,35332,0
12119,89729,12058,101848,24177,101787,0
22617,82529,56996,105146,79613,139525,0
62997,21137,49634,84134,112631,70771,1
84952,57829,45979,142781,130931,103808,1
20835,43584,69164,64419,89999,112748,0
91131,19196,36351,110327,127482,55547,0
44027,92792,75536,136819,119563,168328,1
87510,72877,48645,160387,136155,121522,1
85278,7276,25012,92554,110290,32288,0
39197,37351,22368,76548,61565,59719,1
50170,12425,55799,62595,105969,68224,1
86349,41213,21964,127562,108313,63177,0
62818,78977,45887,141795,108705,124864,1
81332,8607,1963,89939,83295,10570,0
66053,95478,92432,161531,158485,187910,1
65742,12682,3653,78424,69395,16335,0
76809,868,17590,77677,94399,18458,0
25589,69907,73064,95496,98653,142971,1
37048,36351,38008,73399,75056,74359,1
21809,48834,18022,70643,39831,66856,0
42784,38341,16591,81125,59375,54932,1
52582,16267,47161,68849,99743,63428,1
31493,72316,79005,103809,110498,151321,1
43244,20811,69081,64055,112325,89892,0
23716,23598,12370,47314,36086,35968,1
24870,81155,83011,106025,107881,164166,1
70266,77663,38867,147929,109133,116530,1
69772,81784,81726,151556,151498,163510,1
53652,68448,40676,122100,94328,109124,1
51310,47462,80452,98772,131762,127914,1
55325,96089,20126,151414,75451,116215,0
88525,16735,6168,105260,94693,22903,0
77002,28255,45781,105257,122783,74036,0
22679,51835,45746,74514,68425,97581,1
88956,54102,66631,143058,155587,120733,1
95931,27586,90669,123517,186600,118255,1
16797,44123,97374,60920,114171,141497,0
78680,65628,77880,144308,156560,143508,1
1072,87493,14094,88565,15166,101587,0
23532,62485,44497,86017,68029,106982,1
24516,91813,75253,116329,99769,167066,1
48310,65998,71854,114308,120164,137852,1
85362,39075,1058,124437,86420,40133,0
93995,33838,36840,127833,130835,70678,0
48060,56787,6875,104847,54935,63662,0
95525,85311,93623,180836,189148,178934,1
72377,34834,84685,107211,157062,119519,1
54415,70146,86407,124561,140822,156553,1
35980,51208,26318,87188,62298,77526,1
8358,82114,97598,90472,105956,179712,0
12624,5103,91335,17727,103959,96438,0
24059,71196,2663,95255,26722,73859,0
12797,48215,94700,61012,107497,142915,0
8199,40076,46947,48275,55146,87023,1
13521,92506,54670,106027,68191,147176,0
1466,49841,31744,51307,33210,81585,0
56557,66526,20022,123083,76579,86548,1
68543,93705,37355,162248,105898,131060,1
49320,7722,53759,57042,103079,61481,1
31287,46097,90753,77384,122040,136850,0
71467,27136,41263,98603,112730,68399,0
91953,91939,12215,183892,104168,104154,1
85012,6911,84599,91923,169611,91510,1
59589,18773,42047,78362,101636,60820,1
19658,11038,19173,30696,38831,30211,1
21035,37737,21156,58772,42191,58893,1
31663,64580,29008,96243,60671,93588,0
1305,84814,42204,86119,43509,127018,0
4018,94044,28430,98062,32448,122474,0
95497,94817,33782,190314,129279,128599,1
59649,44687,80352,104336,140001,125039,1
2645,54676,29448,57321,32093,84124,0
12960,25771,75991,38731,88951,101762,0
3335,50492,92558,53827,95893,143050,0
82569,21120,14581,103689,97150,35701,0
4178,40272,83648,44450,87826,123920,0
97519,28961,37918,126480,135437,66879,0
5254,28588,23680,33842,28934,52268,1
48264,56337,97971,104601,146235,154308,1
9715,51365,79949,61080,89664,131314,0
1904,86102,84828,88006,86732,170930,1
48822,18036,41754,66858,90576,59790,1
50903,32854,32282,83757,83185,65136,1
43730,85799,14019,129529,57749,99818,0
32420,56095,78499,88515,110919,134594,1
64976,61377,47925,126353,112901,109302,1
9159,95138,33821,104297,42980,128959,0
97515,45218,19518,142733,117033,64736,0
44342,55842,20246,100184,64588,76088,1
58593,98217,55106,156810,113699,153323,1
12418,56441,97785,68859,110203,154226,0
46084,67944,55125,114028,101209,123069,1
60411,55923,16109,116334,76520,72032,1
41855,14183,58056,56038,99911,72239,0
51898,9167,33721,61065,85619,42888,0
61440,52295,78517,113735,139957,130812,1
38813,64439,55946,103252,94759,120385,1
25456,55272,25872,80728,51328,81144,0
65340,48680,62438,114020,127778,111118,1
23681,52583,78292,76264,101973,130875,0
64609,32630,87816,97239,152425,120446,1
14972,48494,93240,63466,108212,141734,0
63981,83687,33524,147668,97505,117211,1
14651,52582,25927,67233,40578,78509,0
39823,4270,72468,44093,112291,76738,0
80425,70562,18123,150987,98548,88685,1
14548,90341,31947,104889,46495,122288,0
70607,80589,40603,151196,111210,121192,1
96772,83171,54933,179943,151705,138104,1
94452,19259,2620,113711,97072,21879,0
52229,88423,73083,140652,125312,161506,1
10202,82608,88864,92810,99066,171472,1
90675,79683,99724,170358,190399,179407,1
74346,44600,33492,118946,107838,78092,1
28709,78252,25670,106961,54379,103922,0
9290,25344,76998,34634,86288,102342,0
57161,73342,73519,130503,130680,146861,1
44297,35455,99378,79752,143675,134833,0
69696,22358,92370,92054,162066,114728,0
44853,10591,69646,55444,114499,80237,0
31195,13234,56207,44429,87402,69441,0
71830,5850,94119,77680,165949,99969,0
12512,67497,61501,80009,74013,128998,1
16858,9268,15712,26126,32570,24980,1
72099,57564,20798,129663,92897,78362,1
52815,36924,57768,89739,110583,94692,1
84312,55546,38883,139858,123195,94429,1
67577,55171,28188,122748,95765,83359,1
91205,532,5891,91737,97096,6423,0
72352,33372,29976,105724,102328,63348,0
52148,64232,54035,116380,106183,118267,1
19069,95872,46802,114941,65871,142674,0
59508,68212,48779,127720,108287,116991,1
83468,10215,1523,93683,84991,11738,0
71572,83926,20468,155498,92040,104394,1
99021,52666,27359,151687,126380,80025,0
49883,17470,49759,67353,99642,67229,1
45223,71456,36755,116679,81978,108211,1
53371,73054,34836,126425,88207,107890,1
29225,81819,92432,111044,121657,174251,1
64427,25071,51354,89498,115781,76425,1
90105,72343,13130,162448,103235,85473,0
65372,85166,62473,150538,127845,147639,1
14968,7077,17038,22045,32006,24115,1
73291,82221,17235,155512,90526,99456,1
55361,25628,4865,80989,60226,30493,0
41344,44465,77096,85809,118440,121561,1
19732,20802,66260,40534,85992,87062,0
94552,55377,40995,149929,135547,96372,1
54093,50097,12772,104190,66865,62869,1
43299,62821,21331,106120,64630,84152,1
72249,86834,70199,159083,142448,157033,1
50761,51291,79577,102052,130338,130868,1
10801,94499,89726,105300,100527,184225,1
41346,80264,19721,121610,61067,99985,0
57831,2952,41961,60783,99792,44913,0
79825,93218,70739,173043,150564,163957,1
21381,22088,27584,43469,48965,49672,1
65694,20111,14780,85805,80474,34891,0
10844,13321,89560,24165,100404,102881,0
1249,54121,58088,55370,59337,112209,0
89719,28925,48584,118644,138303,77509,0
69112,6181,28562,75293,97674,34743,0
21742,2781,46518,24523,68260,49299,0
86160,49771,43350,135931,129510,93121,1
21540,74763,59185,96303,80725,133948,1
15314,53149,41245,68463,56559,94394,1
23560,45713,36433,69273,59993,82146,1
1955,39129,37828,41084,39783,76957,1
58798,93973,93134,152771,151932,187107,1
30825,45702,74186,76527,105011,119888,1
11130,65687,56617,76817,67747,122304,1
98561,62367,39079,160928,137640,101446,1
4179,60370,17268,64549,21447,77638,0
11735,26275,10725,38010,22460,37000,0
94392,25853,16683,120245,111075,42536,0
68527,70021,87098,138548,155625,157119,1
38944,15147,94908,54091,133852,110055,0
82764,79648,69348,162412,152112,148996,1
96346,57951,29448,154297,125794,87399,0
19077,6705,71977,25782,91054,78682,0
26129,69875,73569,96004,99698,143444,1
72337,56312,21846,128649,94183,78158,1
49796,30002,3448,79798,53244,33450,0
14362,67343,87504,81705,101866,154847,0
41977,64045,10053,106022,52030,74098,0
53580,32901,55581,86481,109161,88482,1
1919,78188,4119,80107,6038,82307,0
58637,1767,77322,60404,135959,79089,0
83557,83606,4894,167163,88451,88500,1
7579,29840,35374,37419,42953,65214,1
43774,55653,62212,99427,105986,117865,1
54065,37808,64706,91873,118771,102514,1
31118,86126,33573,117244,64691,119699,0
95359,99818,68431,195177,163790,168249,1
73543,10318,19397,83861,92940,29715,0
99056,16017,27004,115073,126060,43021,0
79184,21813,94738,100997,173922,116551,1
69132,75915,38671,145047,107803,114586,1
49087,83692,8650,132779,57737,92342,0
16327,14199,90213,30526,106540,104412,0
37381,42430,1322,79811,38703,43752,0
40594,77173,68142,117767,108736,145315,1
16074,69395,68560,85469,84634,137955,1
1705,32517,35335,34222,37040,67852,0
32517,85152,57602,117669,90119,142754,1
39894,94642,44367,134536,84261,139009,0
97695,89060,64660,186755,162355,153720,1
74882,41748,66896,116630,141778,108644,1
75894,47723,74165,123617,150059,121888,1
8213,70598,82514,78811,90727,153112,0
67924,62801,93526,130725,161450,156327,1
18335,94338,54529,112673,72864,148867,0
44742,90261,50354,135003,95096,140615,1
13919,26837,96214,40756,110133,123051,0
36055,87175,42690,123230,78745,129865,0
33926,95195,47609,129121,81535,142804,0
50838,47000,95795,97838,146633,142795,1
32489,45239,39649,77728,72138,84888,1
45897,85366,10024,131263,55921,95390,0
45919,12613,36011,58532,81930,48624,1
99237,2249,93452,101486,192689,95701,0
90244,39480,88341,129724,178585,127821,1
78170,91555,53794,169725,131964,145349,1
83679,77384,95628,161063,179307,173012,1
13049,46910,46269,59959,59318,93179,1
19652,61996,67203,81648,86855,129199,1
35946,92877,52092,128823,88038,144969,0
24601,45716,32234,70317,56835,77950,1
89565,77282,38683,166847,128248,115965,1
46059,82394,93421,128453,139480,175815,1
54800,74768,90321,129568,145121,165089,1
52337,43155,74061,95492,126398,117216,1
54339,53705,74895,108044,129234,128600,1
16291,72927,26630,89218,42921,99557,0
3014,3760,72305,6774,75319,76065,0
46567,17504,74388,64071,120955,91892,0
30523,86194,55992,116717,86515,142186,1
40087,56092,23247,96179,63334,79339,1
10359,96774,24414,107133,34773,121188,0
42744,78577,75161,121321,117905,153738,1
92713,95181,86403,187894,179116,181584,1
56020,8842,52743,64862,108763,61585,1
50335,15573,1730,65908,52065,17303,0
52494,37355,99372,89849,151866,136727,0
3191,74354,41315,77545,44506,115669,0
6374,5965,67284,12339,73658,73249,0
77614,79921,50762,157535,128376,130683,1
77255,87110,56989,164365,134244,144099,1
77787,37800,15404,115587,93191,53204,0
45258,72780,1258,118038,46516,74038,0
83364,87822,30557,171186,113921,118379,1
92601,49974,23436,142575,116037,73410,0
91627,32501,17176,124128,108803,49677,0
33484,90730,95388,124214,128872,186118,1
19211,25363,77697,44574,96908,103060,0
54415,81788,96178,136203,150593,177966,1
67350,58610,16651,125960,84001,75261,1
70987,24966,91991,95953,162978,116957,1
60047,93151,32353,153198,92400,125504,0
54704,72943,80473,127647,135177,153416,1
78111,38084,1227,116195,79338,39311,0
21337,67687,52260,89024,73597,119947,1
60197,70687,85717,130884,145914,156404,1
63996,72271,19118,136267,83114,91389,1
8133,27669,20597,35802,28730,48266,1
87685,1820,82402,89505,170087,84222,0
22137,79448,79508,101585,101645,158956,1
18372,40527,18128,58899,36500,58655,0
22019,97212,15561,119231,37580,112773,0
14525,49558,25562,64083,40087,75120,0
84764,25525,16496,110289,101260,42021,0
42477,29153,42871,71630,85348,72024,1
4633,20981,56836,25614,61469,77817,0
98074,1276,69286,99350,167360,70562,0
75774,48913,80460,124687,156234,129373,1
83440,60322,73398,143762,156838,133720,1
96439,89533,52595,185972,149034,142128,1
21952,3934,15118,25886,37070,19052,0
29037,39017,99338,68054,128375,138355,0
46696,55681,53413,102377,100109,109094,1
73633,83920,86004,157553,159637,169924,1
28085,88759,9342,116844,37427,98101,0
6229,15476,25425,21705,31654,40901,0
87873,97757,21330,185630,109203,119087,1
99590,47668,17111,147258,116701,64779,0
87699,54842,903,142541,88602,55745,0
42289,33875,6962,76164,49251,40837,0
61435,38120,95890,99555,157325,134010,1
4556,8374,92068,12930,96624,100442,0
64129,16358,97785,80487,161914,114143,0
13631,57658,16164,71289,29795,73822,0
5606,52155,45645,57761,51251,97800,0
16791,50961,91741,67752,108532,142702,0
79500,70462,95018,149962,174518,165480,1
30927,21315,16095,52242,47022,37410,1
23071,43816,62763,66887,85834,106579,1
52941,35072,67896,88013,120837,102968,1
89816,99440,63983,189256,153799,163423,1
44552,86917,84396,131469,128948,171313,1
15779,4826,695,20605,16474,5521,0
36445,12850,17650,49295,54095,30500,0
70924,42805,96959,113729,167883,139764,1
76280,58777,63192,135057,139472,121969,1
7910,88796,66378,96706,74288,155174,0
13382,83141,15373,96523,28755,98514,0
61163,76072,14634,137235,75797,90706,0
83705,67832,88809,151537,172514,156641,1
98797,6153,23007,104950,121804,29160,0
11726,41609,48492,53335,60218,90101,1
67790,11452,77042,79242,144832,88494,1
36466,22776,11731,59242,48197,34507,0
36461,45704,99662,82165,136123,145366,0
62568,86877,63651,149445,126219,150528,1
52053,81814,60741,133867,112794,142555,1
30909,34707,4176,65616,35085,38883,1
65266,25470,13502,90736,78768,38972,0
61509,58776,36435,120285,97944,95211,1
858,44429,11002,45287,11860,55431,0
35052,60545,15423,95597,50475,75968,0
86053,46371,6593,132424,92646,52964,0
96912,5063,41736,101975,138648,46799,0
63677,59880,33393,123557,97070,93273,1
21644,27472,19862,49116,41506,47334,1
73785,60873,89838,134658,163623,150711,1
19721,85371,62703,105092,82424,148074,0
40103,4,53883,40107,93986,53887,0
75429,17908,69286,93337,144715,87194,1
17634,79017,48494,96651,66128,127511,0
39804,96097,84112,135901,123916,180209,1
56719,71725,3201,128444,59920,74926,0
54752,60245,4951,114997,59703,65196,0
36894,20030,84296,56924,121190,104326,0
22572,96002,23429,118574,46001,119431,0
70635,21713,32397,92348,103032,54110,0
90895,42840,38453,133735,129348,81293,0
50400,41676,60626,92076,111026,102302,1
62835,15439,96039,78274,158874,111478,0
24874,97708,82136,122582,107010,179844,1
51500,49386,70313,100886,121813,119699,1
60230,19695,31796,79925,92026,51491,0
29652,42185,58759,71837,88411,100944,1
36760,30921,13841,67681,50601,44762,1
5592,11113,81348,16705,86940,92461,0
37364,33772,81532,71136,118896,115304,0
59422,46680,5859,106102,65281,52539,0
27055,13382,35344,40437,62399,48726,1
5016,19870,89724,24886,94740,109594,0
67106,69964,43770,137070,110876,113734,1
61913,69362,82784,131275,144697,152146,1
2850,81945,77314,84795,80164,159259,0
10800,12326,1341,23126,12141,13667,0
74919,76798,50034,151717,124953,126832,1
39098,28450,83445,67548,122543,111895,0
77473,34777,14957,112250,92430,49734,0
73198,1131,54791,74329,127989,55922,0
53517,24966,91318,78483,144835,116284,0
39117,95656,75926,134773,115043,171582,1
46891,29718,95641,76609,142532,125359,0
39877,49669,29512,89546,69389,79181,1
82487,47758,65040,130245,147527,112798,1
51572,2904,64027,54476,115599,66931,0
22916,20828,41495,43744,64411,62323,1
65658,82730,20189,148388,85847,102919,1
71172,68487,98903,139659,170075,167390,1
48147,67619,4646,115766,52793,72265,0
3712,6239,20634,9951,24346,26873,0
28078,72573,56511,100651,84589,129084,1
54631,94978,8543,149609,63174,103521,0
91738,37568,43220,129306,134958,80788,0
21027,26394,2550,47421,23577,28944,0
88076,94416,84567,182492,172643,178983,1
67674,61369,89278,129043,156952,150647,1
77724,10580,16254,88304,93978,26834,0
33234,38511,196,71745,33430,38707,0
53629,21545,60750,75174,114379,82295,1
19941,17269,1318,37210,21259,18587,0
20319,68541,24967,88860,45286,93508,0
33045,11228,28653,44273,61698,39881,1
49752,86403,69642,136155,119394,156045,1
4859,3145,90866,8004,95725,94011,0
35858,89954,42237,125812,78095,132191,0
97597,68105,36889,165702,134486,104994,1
70907,98956,7817,169863,78724,106773,0
91535,10327,68830,101862,160365,79157,0
22943,78706,2551,101649,25494,81257,0
33821,93469,41054,127290,74875,134523,0
23893,87685,17182,111578,41075,104867,0
11178,91808,15596,102986,26774,107404,0
45739,28787,62746,74526,108485,91533,1
58757,76143,49214,134900,107971,125357,1
25461,50023,18252,75484,43713,68275,0
36556,79896,4100,116452,40656,83996,0
26402,93944,97865,120346,124267,191809,1
72846,18426,50727,91272,123573,69153,0
43136,88294,38354,131430,81490,126648,0
34408,69571,15484,103979,49892,85055,0
51368,82362,20534,133730,71902,102896,0
56258,52637,61183,108895,117441,113820,1
13426,48307,64004,61733,77430,112311,0
55153,15295,53671,70448,108824,68966,1
44215,95017,71974,139232,116189,166991,1
51919,74782,28804,126701,80723,103586,1
79019,16906,76912,95925,155931,93818,1
78227,97262,53818,175489,132045,151080,1
83359,44186,52131,127545,135490,96317,1
37915,59441,17007,97356,54922,76448,0
22234,42760,59563,64994,81797,102323,1
16197,92956,12625,109153,28822,105581,0
9259,82946,89109,92205,98368,172055,1
94979,19769,31979,114748,126958,51748,0
80765,31725,43345,112490,124110,75070,0
92960,10198,94257,103158,187217,104455,1
2212,88328,69642,90540,71854,157970,0
69315,61300,89346,130615,158661,150646,1
10719,27000,24363,37719,35082,51363,1
63081,84142,25310,147223,88391,109452,1
44241,98490,44207,142731,88448,142697,0
90188,22877,29331,113065,119519,52208,0
31083,20561,38973,51644,70056,59534,1
65826,73790,11961,139616,77787,85751,1
52179,98863,11421,151042,63600,110284,0
99915,75233,84729,175148,184644,159962,1
2109,83120,71315,85229,73424,154435,0
62362,20010,68408,82372,130770,88418,1
10025,50403,89488,60428,99513,139891,0
17914,47432,28473,65346,46387,75905,0
73278,62309,40389,135587,113667,102698,1
73312,83955,57558,157267,130870,141513,1
42398,95127,14619,137525,57017,109746,0
28669,17317,52186,45986,80855,69503,0
58667,35052,93160,93719,151827,128212,1
2202,62750,36021,64952,38223,98771,0
49996,87680,2629,137676,52625,90309,0
96188,99411,23432,195599,119620,122843,1
3724,77128,39806,80852,43530,116934,0
92968,22536,38749,115504,131717,61285,0
23569,9446,14221,33015,37790,23667,1
16265,34598,37783,50863,54048,72381,1
4053,61937,46944,65990,50997,108881,0
2296,97681,83941,99977,86237,181622,0
90267,42401,81924,132668,172191,124325,1
13861,349,26259,14210,40120,26608,0
13307,16401,27898,29708,41205,44299,1
18222,35519,26216,53741,44438,61735,1
67187,52209,50534,119396,117721,102743,1
40233,23363,52372,63596,92605,75735,1
94571,36438,74504,131009,169075,110942,1
71780,99999,42614,171779,114394,142613,1
70831,44481,62543,115312,133374,107024,1
98267,53191,7238,151458,105505,60429,0
32654,66538,72114,99192,104768,138652,1
78161,98312,97981,176473,176142,196293,1
6544,69754,71179,76298,77723,140933,1
19513,42672,72607,62185,92120,115279,0
95049,28343,87764,123392,182813,116107,1
66025,76493,54311,142518,120336,130804,1
13201,1385,10101,14586,23302,11486,0
27209,45044,35637,72253,62846,80681,1
81130,46420,54719,127550,135849,101139,1
93192,12262,80775,105454,173967,93037,0
69160,84432,99548,153592,168708,183980,1
32523,80107,19996,112630,52519,100103,0
86321,71900,40489,158221,126810,112389,1
21035,50817,77872,71852,98907,128689,0
67537,3855,56357,71392,123894,60212,0
71366,33416,80391,104782,151757,113807,1
4185,9138,64246,13323,68431,73384,0
16671,77158,16602,93829,33273,93760,0
71204,81761,52457,152965,123661,134218,1
71251,48849,49018,120100,120269,97867,1
3252,86874,60926,90126,64178,147800,0
16048,84788,80484,100836,96532,165272,1
40229,50956,2080,91185,42309,53036,0
60259,3675,52901,63934,113160,56576,0
2640,15398,58678,18038,61318,74076,0
78269,71471,9426,149740,87695,80897,1
96153,68268,90222,164421,186375,158490,1
38986,80145,59083,119131,98069,139228,1
8375,71309,88177,79684,96552,159486,0
25747,29043,56530,54790,82277,85573,0
84593,14636,57070,99229,141663,71706,0
44250,5713,3523,49963,47773,9236,0
40237,16290,14652,56527,54889,30942,0
79707,48111,12516,127818,92223,60627,0
99011,5921,4295,104932,103306,10216,0
15099,80696,7672,95795,22771,88368,0
33367,78956,81452,112323,114819,160408,1
54693,94447,75629,149140,130322,170076,1
34878,25197,97905,60075,132783,123102,0
65168,20637,15500,85805,80668,36137,0
97008,24150,34802,121158,131810,58952,0
97217,83235,44792,180452,142009,128027,1
75714,24266,14899,99980,90613,39165,0
90095,61117,6629,151212,96724,67746,0
22505,84312,82157,106817,104662,166469,1
53058,95811,35896,148869,88954,131707,0
30822,82129,18171,112951,48993,100300,0
17548,75225,18553,92773,36101,93778,0
83490,89193,36168,172683,119658,125361,1
89479,11380,28513,100859,117992,39893,0
84568,68707,91446,153275,176014,160153,1
70334,49124,12887,119458,83221,62011,0
61051,97948,60307,158999,121358,158255,1
65043,27391,59175,92434,124218,86566,1
82992,83222,3089,166214,86081,86311,1
56318,84021,80955,140339,137273,164976,1
93750,29907,75772,123657,169522,105679,1
84566,23365,68564,107931,153130,91929,1
82589,42221,1524,124810,84113,43745,0
49227,9691,94826,58918,144053,104517,0
74089,43281,70706,117370,144795,113987,1
10368,88058,64003,98426,74371,152061,0
93988,84454,98969,178442,192957,183423,1
88903,20926,97995,109829,186898,118921,1
47527,2789,42576,50316,90103,45365,0
16564,55820,49652,72384,66216,105472,1
9428,99969,42651,109397,52079,142620,0
68609,87447,75293,156056,143902,162740,1
67499,88086,22435,155585,89934,110521,1
87676,86675,29047,174351,116723,115722,1
63034,89408,58488,152442,121522,147896,1
24483,23349,75419,47832,99902,98768,0
83620,37505,14253,121125,97873,51758,0
16789,25864,29297,42653,46086,55161,1
79243,68218,85900,147461,165143,154118,1
14699,9486,20305,24185,35004,29791,1
92897,40506,42531,133403,135428,83037,0
67893,43828,68580,111721,136473,112408,1
50797,74108,78856,124905,129653,152964,1
94811,35469,61247,130280,156058,96716,1
10254,50514,42753,60768,53007,93267,1
66358,70843,49018,137201,115376,119861,1
48236,71934,47479,120170,95715,119413,1
4744,60885,27077,65629,31821,87962,0
29627,17991,87563,47618,117190,105554,0
60769,47317,7889,108086,68658,55206,0
97442,61032,69373,158474,166815,130405,1
1814,80712,46041,82526,47855,126753,0
78055,48635,80015,126690,158070,128650,1
7582,41905,41949,49487,49531,83854,1
2856,88834,5382,91690,8238,94216,0
47285,45597,22152,92882,69437,67749,1
72399,7465,44222,79864,116621,51687,0
97968,67349,9745,165317,107713,77094,0
45407,26116,53861,71523,99268,79977,1
8274,88048,13334,96322,21608,101382,0
10224,43407,52419,53631,62643,95826,1
34601,54583,35314,89184,69915,89897,1
37779,80597,11261,118376,49040,91858,0
69448,8114,90062,77562,159510,98176,0
64204,46297,33228,110501,97432,79525,1
22274,82395,99648,104669,121922,182043,1
11181,79806,724,90987,11905,80530,0
65573,15509,96356,81082,161929,111865,0
78049,76150,4121,154199,82170,80271,1
84796,12498,80943,97294,165739,93441,1
3183,20102,18397,23285,21580,38499,1
59548,67976,91476,127524,151024,159452,1
69758,14570,36198,84328,105956,50768,0
69029,87317,12357,156346,81386,99674,0
15198,47127,22679,62325,37877,69806,0
53594,76222,17726,129816,71320,93948,0
7488,74585,26738,82073,34226,101323,0
62795,51865,59212,114660,122007,111077,1
82711,84007,6223,166718,88934,90230,1
99420,41242,10615,140662,110035,51857,0
52240,48168,78821,100408,131061,126989,1
45920,64840,39361,110760,85281,104201,1
74586,81294,59264,155880,133850,140558,1
79289,57543,20028,136832,99317,77571,0
95911,21180,4221,117091,100132,25401,0
94203,77674,15263,171877,109466,92937,0
14191,82985,85672,97176,99863,168657,1
17945,34271,98375,52216,116320,132646,0
84273,37494,44584,121767,128857,82078,0
66494,18267,70549,84761,137043,88816,1
28307,59371,31141,87678,59448,90512,1
55629,62352,21258,117981,76887,83610,1
34492,78290,74005,112782,108497,152295,1
50263,69451,49435,119714,99698,118886,1
73440,90914,52006,164354,125446,142920,1
3602,33648,3525,37250,7127,37173,0
96077,85210,98222,181287,194299,183432,1
86667,62582,84469,149249,171136,147051,1
56883,69753,86988,126636,143871,156741,1
14925,44357,48785,59282,63710,93142,1
98982,18534,57754,117516,156736,76288,0
84118,80224,91892,164342,176010,172116,1
5969,62762,24099,68731,30068,86861,0
55051,99615,14557,154666,69608,114172,0
9084,48680,87079,57764,96163,135759,0
60568,91315,16006,151883,76574,107321,0
78729,22570,45431,101299,124160,68001,0
2835,81750,32053,84585,34888,113803,0
55161,23323,51378,78484,106539,74701,1
15043,20720,47551,35763,62594,68271,0
33070,99060,58828,132130,91898,157888,0
57947,42868,25913,100815,83860,68781,1
83775,11243,14145,95018,97920,25388,0
90986,28119,69424,119105,160410,97543,1
97819,36131,34063,133950,131882,70194,0
94582,8778,77636,103360,172218,86414,0
45486,51251,98420,96737,143906,149671,0
23751,4725,34825,28476,58576,39550,0
26224,9335,51899,35559,78123,61234,0
87489,7210,12063,94699,99552,19273,0
80749,26960,62711,107709,143460,89671,1
73839,37086,62323,110925,136162,99409,1
84449,31898,85797,116347,170246,117695,1
17816,77129,307,94945,18123,77436,0
62452,59075,51203,121527,113655,110278,1
63682,29350,37490,93032,101172,66840,1
98946,84690,24738,183636,123684,109428,1
11548,86499,13489,98047,25037,99988,0
62573,5203,62257,67776,124830,67460,1
72217,54853,87827,127070,160044,142680,1
20563,98608,69671,119171,90234,168279,0
7703,57784,72231,65487,79934,130015,0
63379,41933,8573,105312,71952,50506,0
55951,54401,58662,110352,114613,113063,1
40285,39074,91208,79359,131493,130282,0
94480,65536,91900,160016,186380,157436,1
99043,66750,86322,165793,185365,153072,1
15051,31591,35226,46642,50277,66817,1
81948,78130,46352,160078,128300,124482,1
81296,3742,57191,85038,138487,60933,0
45779,31233,51956,77012,97735,83189,1
15898,57860,87164,73758,103062,145024,0
97686,14857,90697,112543,188383,105554,1
28384,90959,80824,119343,109208,171783,1
38577,77029,91867,115606,130444,168896,1
96925,31162,17162,128087,114087,48324,0
16944,46581,1843,63525,18787,48424,0
79760,31332,54653,111092,134413,85985,1
8202,26022,89985,34224,98187,116007,0
33285,94448,51788,127733,85073,146236,0
9476,71701,43732,81177,53208,115433,0
15257,96080,89089,111337,104346,185169,1
35122,33759,63373,68881,98495,97132,1
81335,14448,2266,95783,83601,16714,0
24846,41346,65718,66192,90564,107064,1
78640,26737,29386,105377,108026,56123,0
29031,38747,40225,67778,69256,78972,1
40573,78080,59397,118653,99970,137477,1
67760,72027,84486,139787,152246,156513,1
10831,12953,4296,23784,15127,17249,1
81330,53142,19457,134472,100787,72599,0
76215,72919,47699,149134,123914,120618,1
12110,21368,58051,33478,70161,79419,0
2027,87895,43159,89922,45186,131054,0
29949,80566,78821,110515,108770,159387,1
68932,29729,14715,98661,83647,44444,0
99051,3755,13610,102806,112661,17365,0
75428,52994,18411,128422,93839,71405,0
5047,86893,16218,91940,21265,103111,0
86415,65057,87603,151472,174018,152660,1
72750,35330,29314,108080,102064,64644,0
23980,11712,62461,35692,86441,74173,0
56208,51897,33833,108105,90041,85730,1
79573,48919,81698,128492,161271,130617,1
86406,12205,88140,98611,174546,100345,1
91379,48613,69793,139992,161172,118406,1
69667,39248,48033,108915,117700,87281,1
22100,7001,86853,29101,108953,93854,0
1979,17973,41903,19952,43882,59876,0
76878,36982,62124,113860,139002,99106,1
9167,71992,23399,81159,32566,95391,0
97418,13399,43197,110817,140615,56596,0
52778,55039,47506,107817,100284,102545,1
83933,95004,58261,178937,142194,153265,1
97525,79093,60126,176618,157651,139219,1
37117,12406,3713,49523,40830,16119,0
52012,93708,50284,145720,102296,143992,1
57806,89792,12893,147598,70699,102685,0
72957,29433,12234,102390,85191,41667,0
5977,39601,607,45578,6584,40208,0
15305,95437,53133,110742,68438,148570,0
40028,33854,25399,73882,65427,59253,1
13046,88451,85807,101497,98853,174258,1
10510,34215,61405,44725,71915,95620,0
8824,49878,73735,58702,82559,123613,0
18223,92761,53864,110984,72087,146625,0
52034,72738,96502,124772,148536,169240,1
82917,39637,5266,122554,88183,44903,0
98911,67602,17647,166513,116558,85249,0
76056,19102,28874,95158,104930,47976,0
44250,58274,37092,102524,81342,95366,1
52643,21491,3921,74134,56564,25412,0
5505,97262,83200,102767,88705,180462,0
80250,71053,57102,151303,137352,128155,1
91263,73096,58826,164359,150089,131922,1
98307,31427,44077,129734,142384,75504,0
77524,81050,51939,158574,129463,132989,1
13349,37265,1335,50614,14684,38600,0
79825,10352,23310,90177,103135,33662,0
71560,11651,96037,83211,167597,107688,0
98487,65445,56927,163932,155414,122372,1
86450,67015,10032,153465,96482,77047,0
81884,24785,39912,106669,121796,64697,0
76932,47135,6835,124067,83767,53970,0
7874,63057,36884,70931,44758,99941,0
11275,72860,77411,84135,88686,150271,1
73895,47689,22405,121584,96300,70094,0
77359,55475,4839,132834,82198,60314,0
10220,40630,39654,50850,49874,80284,1
97004,532,41486,97536,138490,42018,0
22714,45708,77401,68422,100115,123109,0
4762,6629,47147,11391,51909,53776,0
95534,65213,95684,160747,191218,160897,1
75566,74820,1975,150386,77541,76795,1
99506,35534,58751,135040,158257,94285,0
61734,91377,67052,153111,128786,158429,1
17185,22848,10948,40033,28133,33796,1
22345,72527,51889,94872,74234,124416,1
70756,61878,966,132634,71722,62844,0
37501,6401,41296,43902,78797,47697,1
90368,60173,58164,150541,148532,118337,1
33891,71678,65595,105569,99486,137273,1
3584,54178,31408,57762,34992,85586,0
28155,63614,9796,91769,37951,73410,0
86256,95207,84875,181463,171131,180082,1
87775,10835,4290,98610,92065,15125,0
16623,56855,424,73478,17047,57279,0
12111,77102,42187,89213,54298,119289,0
8491,51842,11430,60333,19921,63272,0
93726,26349,16130,120075,109856,42479,0
28500,33209,26255,61709,54755,59464,1
90431,22365,17664,112796,108095,40029,0
18234,27344,92302,45578,110536,119646,0
70796,10613,58351,81409,129147,68964,0
83563,61276,67493,144839,151056,128769,1
71097,22020,6662,93117,77759,28682,0
10432,26664,65777,37096,76209,92441,0
82659,1232,74745,83891,157404,75977,0
99511,14611,71594,114122,171105,86205,0
30803,38894,83156,69697,113959,122050,0
64907,83970,93413,148877,158320,177383,1
51329,74009,21056,125338,72385,95065,0
19814,58720,8445,78534,28259,67165,0
92857,62756,12412,155613,105269,75168,0
49913,33031,18887,82944,68800,51918,1
31969,42102,2744,74071,34713,44846,0
6109,41789,85633,47898,91742,127422,0
86522,44294,91450,130816,177972,135744,1
22280,34640,3377,56920,25657,38017,0
51737,66792,85614,118529,137351,152406,1
63831,99502,5622,163333,69453,105124,0
22383,18178,30346,40561,52729,48524,1
5390,65357,86562,70747,91952,151919,0
17987,51641,38595,69628,56582,90236,1
26590,77824,81826,104414,108416,159650,1
65530,2425,97036,67955,162566,99461,0
16454,17835,65709,34289,82163,83544,0
24768,20626,2103,45394,26871,22729,0
69828,99497,50117,169325,119945,149614,1
77608,56127,20418,133735,98026,76545,0
3161,43513,61595,46674,64756,105108,0
78433,46780,60570,125213,139003,107350,1
16297,86993,6098,103290,22395,93091,0
90,46738,35355,46828,35445,82093,0
74616,43380,34465,117996,109081,77845,1
27559,98192,93674,125751,121233,191866,1
69544,5051,77288,74595,146832,82339,0
99112,24448,87113,123560,186225,111561,1
45851,62793,25106,108644,70957,87899,1
66832,39359,45048,106191,111880,84407,1
41642,79643,43420,121285,85062,123063,1
13898,88940,4120,102838,18018,93060,0
26398,21083,89157,47481,115555,110240,0
32460,6695,9228,39155,41688,15923,0
21380,27433,54011,48813,75391,81444,0
85949,70711,27005,156660,112954,97716,1
86072,64087,40960,150159,127032,105047,1
64660,55570,17322,120230,81982,72892,1
80312,59628,12744,139940,93056,72372,0
80003,96077,34351,176080,114354,130428,1
92290,1282,19595,93572,111885,20877,0
41766,64283,96120,106049,137886,160403,1
60258,44212,21231,104470,81489,65443,1
86756,18356,95649,105112,182405,114005,1
79885,18152,5448,98037,85333,23600,0
6473,82871,73594,89344,80067,156465,0
24269,39170,90806,63439,115075,129976,0
41334,58803,69770,100137,111104,128573,1
10142,5560,73480,15702,83622,79040,0
43706,63831,96151,107537,139857,159982,1
60563,17191,30778,77754,91341,47969,0
45032,53232,94225,98264,139257,147457,1
57262,98675,56747,155937,114009,155422,1
60594,30887,21041,91481,81635,51928,0
68771,29205,72246,97976,141017,101451,1
88317,48938,49463,137255,137780,98401,1
65952,78835,99660,144787,165612,178495,1
5701,70701,79890,76402,85591,150591,0
55208,81357,39683,136565,94891,121040,1
53884,86023,46772,139907,100656,132795,1
25411,3710,32237,29121,57648,35947,0
69413,27448,14325,96861,83738,41773,0
30800,20377,59386,51177,90186,79763,0
89369,59579,23948,148948,113317,83527,0
50039,67428,4403,117467,54442,71831,0
97680,90959,86325,188639,184005,177284,1
72220,2574,26792,74794,99012,29366,0
21926,38168,65937,60094,87863,104105,0
18486,86497,84449,104983,102935,170946,1
95952,13904,53558,109856,149510,67462,0
84144,32319,90502,116463,174646,122821,1
49217,61164,30038,110381,79255,91202,1
24228,34258,3116,58486,27344,37374,0
49031,10417,75989,59448,125020,86406,0
73513,36103,32243,109616,105756,68346,0
95998,7453,48696,103451,144694,56149,0
91101,62459,16484,153560,107585,78943,0
74929,38493,46835,113422,121764,85328,1
57287,16806,52734,74093,110021,69540,1
63470,19956,64738,83426,128208,84694,1
62688,47475,53257,110163,115945,100732,1
99022,54258,84624,153280,183646,138882,1
30392,74656,51218,105048,81610,125874,1
16414,7130,34236,23544,50650,41366,0
30755,42963,94715,73718,125470,137678,0
74259,95116,26846,169375,101105,121962,1
31174,77610,87267,108784,118441,164877,1
613,59511,29784,60124,30397,89295,0
10975,40686,22187,51661,33162,62873,0
87727,19825,52941,107552,140668,72766,0
40040,84045,53787,124085,93827,137832,1
28799,27360,49274,56159,78073,76634,1
66349,40614,13522,106963,79871,54136,0
76202,76763,66736,152965,142938,143499,1
69139,72197,6657,141336,75796,78854,1
29820,87835,6980,117655,36800,94815,0
8161,79342,2928,87503,11089,82270,0
23724,30312,68149,54036,91873,98461,0
52906,57590,51684,110496,104590,109274,1
92094,76574,11047,168668,103141,87621,0
35490,33020,55182,68510,90672,88202,1
31925,55176,24831,87101,56756,80007,1
5010,84702,79609,89712,84619,164311,0
70534,80893,5060,151427,75594,85953,0
20964,55923,17829,76887,38793,73752,0
61062,64158,56374,125220,117436,120532,1
60672,27141,89071,87813,149743,116212,0
85888,76267,1982,162155,87870,78249,0
15884,44989,38587,60873,54471,83576,1
91866,28551,2987,120417,94853,31538,0
31887,90625,82905,122512,114792,173530,1
18656,36075,64234,54731,82890,100309,0
59471,75523,54381,134994,113852,129904,1
99368,73620,1227,172988,100595,74847,0
10858,44251,6687,55109,17545,50938,0
27864,63594,73074,91458,100938,136668,1
4625,47585,12903,52210,17528,60488,0
75001,23197,51336,98198,126337,74533,0
38785,39216,16231,78001,55016,55447,1
75576,83558,16824,159134,92400,100382,1
16109,26410,15261,42519,31370,41671,1
40414,46965,54310,87379,94724,101275,1
67826,64544,12556,132370,80382,77100,1
27375,60763,15041,88138,42416,75804,0
42864,90215,61659,133079,104523,151874,1
38720,66995,63945,105715,102665,130940,1
69644,52462,9135,122106,78779,61597,0
48671,84006,70029,132677,118700,154035,1
62577,79340,38277,141917,100854,117617,1
12405,19223,3692,31628,16097,22915,0
64002,955,39952,64957,103954,40907,0
77665,91556,96852,169221,174517,188408,1
80070,84171,33972,164241,114042,118143,1
76262,70994,54680,147256,130942,125674,1
38207,59956,69458,98163,107665,129414,1
77515,95810,539,173325,78054,96349,0
12089,49933,47361,62022,59450,97294,1
31211,8462,85612,39673,116823,94074,0
24188,33916,94942,58104,119130,128858,0
23192,14536,80879,37728,104071,95415,0
24713,4648,84529,29361,109242,89177,0
74855,84914,55424,159769,130279,140338,1
48354,11714,36031,60068,84385,47745,0
3601,49353,95460,52954,99061,144813,0
72438,35094,9538,107532,81976,44632,0
94724,59423,39585,154147,134309,99008,1
41886,92802,55500,134688,97386,148302,1
64011,31723,41687,95734,105698,73410,1
42092,52274,55152,94366,97244,107426,1
77970,26187,37188,104157,115158,63375,0
76182,5262,85029,81444,161211,90291,0
7536,74638,3053,82174,10589,77691,0
6938,88370,679,95308,7617,89049,0
68418,20798,51601,89216,120019,72399,1
60150,18432,93588,78582,153738,112020,0
8095,33976,44230,42071,52325,78206,0
73140,14378,31876,87518,105016,46254,0
66363,99825,54884,166188,121247,154709,1
14267,41980,42791,56247,57058,84771,1
11723,52980,43218,64703,54941,96198,1
66092,16132,88852,82224,154944,104984,0
72332,75599,68716,147931,141048,144315,1
97168,59827,97098,156995,194266,156925,1
45904,75903,35313,121807,81217,111216,1
73634,14066,28595,87700,102229,42661,0
91252,52618,91381,143870,182633,143999,1
5085,37626,17337,42711,22422,54963,0
82458,260,78065,82718,160523,78325,0
72273,78884,89927,151157,162200,168811,1
32205,48884,56262,81089,88467,105146,1
41582,94213,26973,135795,68555,121186,0
89839,33020,98929,122859,188768,131949,1
52590,67427,78088,120017,130678,145515,1
77710,86632,61594,164342,139304,148226,1
39204,34135,9479,73339,48683,43614,1
14519,49777,22804,64296,37323,72581,0
86872,15628,10899,102500,97771,26527,0
71198,62044,63262,133242,134460,125306,1
19515,34813,22188,54328,41703,57001,1
64869,44629,20665,109498,85534,65294,1
82335,3375,37096,85710,119431,40471,0
84157,19209,59236,103366,143393,78445,0
48736,48004,85800,96740,134536,133804,1
54403,3661,51759,58064,106162,55420,1
51400,24564,93615,75964,145015,118179,0
54549,64472,65555,119021,120104,130027,1
27599,58333,35636,85932,63235,93969,1
12388,50569,22609,62957,34997,73178,0
3031,88338,79876,91369,82907,168214,0
20239,59864,88469,80103,108708,148333,0
15508,41194,83570,56702,99078,124764,0
70703,34403,89174,105106,159877,123577,1
18750,81370,12956,100120,31706,94326,0
79459,18559,21536,98018,100995,40095,0
25109,27061,47662,52170,72771,74723,1
20608,57140,60735,77748,81343,117875,1
27859,45421,92938,73280,120797,138359,0
3666,61928,72324,65594,75990,134252,0
35497,96695,85775,132192,121272,182470,1
92124,79149,66679,171273,158803,145828,1
16798,38905,89975,55703,106773,128880,0
83239,15188,52927,98427,136166,68115,0
65348,28412,46235,93760,111583,74647,1
96289,70666,26938,166955,123227,97604,1
30341,35318,94841,65659,125182,130159,0
43190,97524,52917,140714,96107,150441,0
18069,2954,28766,21023,46835,31720,0
57436,76763,1784,134199,59220,78547,0
9416,5252,21904,14668,31320,27156,0
18990,52696,75999,71686,94989,128695,0
40638,45296,9204,85934,49842,54500,1
99898,66288,14367,166186,114265,80655,0
32137,63348,5650,95485,37787,68998,0
93264,6563,49057,99827,142321,55620,0
30966,94257,1850,125223,32816,96107,0
30852,84481,51112,115333,81964,135593,0
91780,56474,42566,148254,134346,99040,1
70330,98157,68054,168487,138384,166211,1
31728,62373,2504,94101,34232,64877,0
60084,24847,52701,84931,112785,77548,1
31054,65534,46530,96588,77584,112064,1
41694,16745,94683,58439,136377,111428,0
55590,136,66469,55726,122059,66605,0
15688,85465,43865,101153,59553,129330,0
35306,14400,5724,49706,41030,20124,0
30819,50927,40934,81746,71753,91861,1
87473,46878,69391,134351,156864,116269,1
15046,16207,18695,31253,33741,34902,1
97176,86435,7011,183611,104187,93446,0
37800,22799,12682,60599,50482,35481,0
94209,47118,59531,141327,153740,106649,1
47671,65030,57774,112701,105445,122804,1
36685,98865,5303,135550,41988,104168,0
12130,44275,7449,56405,19579,51724,0
96316,36562,38920,132878,135236,75482,0
44446,39190,21386,83636,65832,60576,1
59731,76906,99459,136637,159190,176365,1
20378,15007,13523,35385,33901,28530,1
15143,85973,29311,101116,44454,115284,0
58256,80153,46189,138409,104445,126342,1
67836,64039,55531,131875,123367,119570,1
16904,55273,6743,72177,23647,62016,0
51825,80953,71632,132778,123457,152585,1
12051,60825,47445,72876,59496,108270,0
94687,38743,5696,133430,100383,44439,0
58468,69054,10582,127522,69050,79636,0
19240,22535,56403,41775,75643,78938,0
90837,74517,95024,165354,185861,169541,1
61197,4634,43411,65831,104608,48045,0
7148,29858,64200,37006,71348,94058,0
17281,76475,23719,93756,41000,100194,0
74833,14802,75689,89635,150522,90491,1
69957,54591,13353,124548,83310,67944,0
26870,3871,11088,30741,37958,14959,0
23000,81990,3698,104990,26698,85688,0
35433,54191,97010,89624,132443,151201,0
948,49853,5347,50801,6295,55200,0
28261,29043,40736,57304,68997,69779,1
90815,50523,99732,141338,190547,150255,1
71475,55930,6458,127405,77933,62388,0
31371,3234,67275,34605,98646,70509,0
46899,2986,30431,49885,77330,33417,0
82098,26954,78608,109052,160706,105562,1
99090,17348,32808,116438,131898,50156,0
80443,86126,22605,166569,103048,108731,1
94580,43758,87281,138338,181861,131039,1
61977,87954,33952,149931,95929,121906,1
8985,54929,35432,63914,44417,90361,0
39025,67703,41887,106728,80912,109590,1
14064,69083,62586,83147,76650,131669,1
61131,43229,92354,104360,153485,135583,1
93122,12185,91615,105307,184737,103800,1
34124,51045,41982,85169,76106,93027,1
37244,87602,86877,124846,124121,174479,1
44410,28258,88770,72668,133180,117028,0
74778,71468,96420,146246,171198,167888,1
31970,17598,41093,49568,73063,58691,1
94034,23755,38080,117789,132114,61835,0
63434,65408,16552,128842,79986,81960,1
84070,1284,75297,85354,159367,76581,0
45003,51215,96878,96218,141881,148093,0
95769,48520,4380,144289,100149,52900,0
72016,15124,52850,87140,124866,67974,0
53589,5545,85342,59134,138931,90887,0
80304,70508,69808,150812,150112,140316,1
61357,9333,96047,70690,157404,105380,0
10544,17756,83832,28300,94376,101588,0
3636,80753,174,84389,3810,80927,0
14297,42429,10707,56726,25004,53136,0
91295,4538,55628,95833,146923,60166,0
40304,56560,62005,96864,102309,118565,1
54314,45327,82135,99641,136449,127462,1
48276,13028,38504,61304,86780,51532,1
64942,69396,7218,134338,72160,76614,1
49577,17103,64347,66680,113924,81450,1
85110,54581,9336,139691,94446,63917,0
84431,95716,11672,180147,96103,107388,1
71920,11045,70973,82965,142893,82018,1
64987,23319,61685,88306,126672,85004,1
25961,4462,54032,30423,79993,58494,0
37216,26735,15162,63951,52378,41897,1
5781,74708,34871,80489,40652,109579,0
53044,47968,87464,101012,140508,135432,1
25002,80761,75960,105763,100962,156721,1
69747,19433,79563,89180,149310,98996,1
77224,57951,58210,135175,135434,116161,1
26466,20143,17526,46609,43992,37669,1
54116,58835,49999,112951,104115,108834,1
29794,28033,37561,57827,67355,65594,1
79302,83647,13728,162949,93030,97375,1
66574,24471,76277,91045,142851,100748,1
53940,57691,89919,111631,143859,147610,1
16504,69564,42327,86068,58831,111891,0
19925,30221,56091,50146,76016,86312,0
42250,98068,30742,140318,72992,128810,0
88659,43540,5234,132199,93893,48774,0
48953,9637,30755,58590,79708,40392,0
80280,62165,32551,142445,112831,94716,1
28659,16845,90518,45504,119177,107363,0
78137,99121,41009,177258,119146,140130,1
53358,46405,94247,99763,147605,140652,1
10854,44117,16780,54971,27634,60897,0
98847,64395,94892,163242,193739,159287,1
61535,20962,92478,82497,154013,113440,0
32069,76201,32729,108270,64798,108930,0
57222,99178,63910,156400,121132,163088,1
70212,72726,32610,142938,102822,105336,1
71064,77568,14194,148632,85258,91762,1
49228,89495,39567,138723,88795,129062,0
17183,92669,67597,109852,84780,160266,0
6778,758,21323,7536,28101,22081,0
85468,78,15787,85546,101255,15865,0
16923,79088,65083,96011,82006,144171,1
77192,31460,64179,108652,141371,95639,1
18148,49658,8395,67806,26543,58053,0
33423,22203,50695,55626,84118,72898,1
8492,19939,93848,28431,102340,113787,0
83413,99471,16657,182884,100070,116128,1
69142,86933,76346,156075,145488,163279,1
42749,36343,20364,79092,63113,56707,1
36588,66279,35508,102867,72096,101787,1
6492,57152,39337,63644,45829,96489,0
93485,78428,45495,171913,138980,123923,1
24859,1690,1278,26549,26137,2968,0
90423,7719,36337,98142,126760,44056,0
70480,8008,72462,78488,142942,80470,1
66457,43546,4574,110003,71031,48120,0
89804,81268,51555,171072,141359,132823,1
23856,84971,76761,108827,100617,161732,1
97116,99076,29654,196192,126770,128730,1
12890,68562,89265,81452,102155,157827,0
9823,10675,45638,20498,55461,56313,0
67255,38407,19110,105662,86365,57517,0
81155,89384,29470,170539,110625,118854,1
59905,12217,20098,72122,80003,32315,0
34232,53000,45617,87232,79849,98617,1
79193,88753,93255,167946,172448,182008,1
50858,9985,98620,60843,149478,108605,0
88528,26910,86032,115438,174560,112942,1
52432,69467,35426,121899,87858,104893,1
34244,33021,20108,67265,54352,53129,1
41335,7100,9133,48435,50468,16233,0
81111,65942,95212,147053,176323,161154,1
32864,30813,98863,63677,131727,129676,0
67461,72418,94082,139879,161543,166500,1
14362,1662,65754,16024,80116,67416,0
71128,18044,81450,89172,152578,99494,1
9367,24592,21186,33959,30553,45778,1
23423,70797,25899,94220,49322,96696,0
89843,35413,56028,125256,145871,91441,1
74545,25628,97621,100173,172166,123249,1
51778,63828,79389,115606,131167,143217,1
57783,70351,3291,128134,61074,73642,0
26882,6558,54439,33440,81321,60997,0
69611,95027,90862,164638,160473,185889,1
59368,75099,98367,134467,157735,173466,1
59866,9939,4802,69805,64668,14741,0
33618,13146,55174,46764,88792,68320,0
43715,6452,60314,50167,104029,66766,0
55826,93412,43224,149238,99050,136636,1
85773,42666,90711,128439,176484,133377,1
40385,45833,53556,86218,93941,99389,1
23951,96231,20029,120182,43980,116260,0
13621,4928,47522,18549,61143,52450,0
575,40607,63959,41182,64534,104566,0
95199,76932,16928,172131,112127,93860,0
59142,58543,14602,117685,73744,73145,1
62787,89205,80184,151992,142971,169389,1
99506,66465,89200,165971,188706,155665,1
16629,19904,45293,36533,61922,65197,0
79613,52599,95913,132212,175526,148512,1
3628,29147,16145,32775,19773,45292,0
13579,88413,18288,101992,31867,106701,0
59572,42824,64521,102396,124093,107345,1
10172,42765,18458,52937,28630,61223,0
22257,55841,54598,78098,76855,110439,1
48535,52862,58644,101397,107179,111506,1
60915,52621,98656,113536,159571,151277,1
51411,65023,37154,116434,88565,102177,1
98438,32287,76392,130725,174830,108679,1
83734,7800,88215,91534,171949,96015,1
72314,9619,42567,81933,114881,52186,0
97863,2830,47890,100693,145753,50720,0
75404,42388,32008,117792,107412,74396,0
55139,55389,71415,110528,126554,126804,1
56175,90422,15798,146597,71973,106220,0
99817,86151,63764,185968,163581,149915,1
10286,37326,10269,47612,20555,47595,0
84460,8975,87545,93435,172005,96520,1
6732,42361,31714,49093,38446,74075,0
25530,28894,44108,54424,69638,73002,1
75210,50496,27053,125706,102263,77549,1
68301,78141,44523,146442,112824,122664,1
55864,69542,21619,125406,77483,91161,1
13724,31388,79328,45112,93052,110716,0
48668,82132,89597,130800,138265,171729,1
24186,55946,86438,80132,110624,142384,0
84023,27994,18331,112017,102354,46325,0
15345,47907,28419,63252,43764,76326,0
87944,73198,24202,161142,112146,97400,1
3271,71520,73402,74791,76673,144922,1
4625,2489,62532,7114,67157,65021,0
11111,65875,16236,76986,27347,82111,0
68830,64213,96458,133043,165288,160671,1
13822,96557,5811,110379,19633,102368,0
37066,82469,61095,119535,98161,143564,1
62635,87801,35458,150436,98093,123259,1
6860,33441,79586,40301,86446,113027,0
77809,46445,85585,124254,163394,132030,1
3831,8691,6069,12522,9900,14760,1
53664,97433,82447,151097,136111,179880,1
41083,90499,47321,131582,88404,137820,0
80194,91809,10135,172003,90329,101944,0
64249,52591,62390,116840,126639,114981,1
55810,60404,54439,116214,110249,114843,1
34742,7792,94426,42534,129168,102218,0
43715,53592,62733,97307,106448,116325,1
22552,98729,67736,121281,90288,166465,0
14142,62317,99539,76459,113681,161856,0
5086,75726,87616,80812,92702,163342,0
10236,66377,19066,76613,29302,85443,0
50554,24860,64708,75414,115262,89568,1
7775,8214,55845,15989,63620,64059,0
425,52018,29161,52443,29586,81179,0
96350,51867,31022,148217,127372,82889,0
78804,71852,91344,150656,170148,163196,1
28214,69779,7750,97993,35964,77529,0
40547,55346,96071,95893,136618,151417,0
4872,17129,26988,22001,31860,44117,0
72453,33955,22714,106408,95167,56669,0
17370,38380,46985,55750,64355,85365,1
14033,2640,87836,16673,101869,90476,0
83069,99917,5218,182986,88287,105135,0
9215,96729,51724,105944,60939,148453,0
32774,4747,2927,37521,35701,7674,0
94890,95461,74668,190351,169558,170129,1
40099,84081,80792,124180,120891,164873,1
87221,81195,61714,168416,148935,142909,1
42528,2020,47810,44548,90338,49830,0
14073,39893,77443,53966,91516,117336,0
17892,78600,94296,96492,112188,172896,1
35549,3463,27874,39012,63423,31337,0
16216,14571,72526,30787,88742,87097,0
4547,60530,89280,65077,93827,149810,0
22950,1885,36328,24835,59278,38213,0
1392,91128,65275,92520,66667,156403,0
11222,27603,26684,38825,37906,54287,1
45885,68667,77504,114552,123389,146171,1
60311,84122,65266,144433,125577,149388,1
49570,44253,49334,93823,98904,93587,1
260,10146,78611,10406,78871,88757,0
47840,87131,50558,134971,98398,137689,1
86071,24208,22988,110279,109059,47196,0
24810,98280,76504,123090,101314,174784,1
69552,64215,44227,133767,113779,108442,1
7979,3068,40120,11047,48099,43188,0
30279,89390,61902,119669,92181,151292,1
82091,51587,40938,133678,123029,92525,1
42067,62938,2567,105005,44634,65505,0
36258,80471,95547,116729,131805,176018,1
34125,86304,3040,120429,37165,89344,0
42885,46251,93,89136,42978,46344,0
25761,2599,85957,28360,111718,88556,0
41434,52742,97787,94176,139221,150529,0
52766,25553,13921,78319,66687,39474,0
58980,88033,14687,147013,73667,102720,0
99892,6384,60755,106276,160647,67139,0
8266,91268,16260,99534,24526,107528,0
82221,9899,80648,92120,162869,90547,1
83035,68496,31243,151531,114278,99739,1
29597,31543,34971,61140,64568,66514,1
55117,40670,40003,95787,95120,80673,1
42225,49553,89586,91778,131811,139139,1
7612,71597,39362,79209,46974,110959,0
20060,61811,62684,81871,82744,124495,1
33748,65293,19850,99041,53598,85143,0
37115,12301,28798,49416,65913,41099,1
32279,75522,43650,107801,75929,119172,1
77131,3998,23771,81129,100902,27769,0
85662,45643,27021,131305,112683,72664,0
25681,15858,45259,41539,70940,61117,0
95359,56327,77971,151686,173330,134298,1
82710,93502,36445,176212,119155,129947,1
58275,62253,92488,120528,150763,154741,1
70482,64611,26743,135093,97225,91354,1
54215,82854,87134,137069,141349,169988,1
17559,79931,36213,97490,53772,116144,0
43385,3134,9821,46519,53206,12955,0
98959,14944,37961,113903,136920,52905,0
78977,38433,23689,117410,102666,62122,0
97231,63761,92924,160992,190155,156685,1
31306,99211,55909,130517,87215,155120,0
57573,83103,8826,140676,66399,91929,0
646,77898,56390,78544,57036,134288,0
76088,90125,72889,166213,148977,163014,1
40476,9529,37731,50005,78207,47260,1
32188,76588,74964,108776,107152,151552,1
47441,31941,32468,79382,79909,64409,1
61400,1528,41293,62928,102693,42821,0
86336,38902,73163,125238,159499,112065,1
22714,69219,7927,91933,30641,77146,0
94407,85319,70998,179726,165405,156317,1
34876,9189,74839,44065,109715,84028,0
35267,26207,89062,61474,124329,115269,0
22312,5030,60558,27342,82870,65588,0
19500,19489,81310,38989,100810,100799,0
4497,31283,16290,35780,20787,47573,0
17910,8460,99517,26370,117427,107977,0
28141,25170,76917,53311,105058,102087,0
42676,62333,59352,105009,102028,121685,1
5431,30802,59486,36233,64917,90288,0
17091,93171,98320,110262,115411,191491,1
22576,43284,53283,65860,75859,96567,1
89358,81145,18899,170503,108257,100044,1
36556,22492,4285,59048,40841,26777,0
11107,42620,74474,53727,85581,117094,0
13873,3371,85749,17244,99622,89120,0
92665,85997,65807,178662,158472,151804,1
68509,7448,74764,75957,143273,82212,1
1477,97167,45710,98644,47187,142877,0
99963,97036,40528,196999,140491,137564,1
77786,3045,65487,80831,143273,68532,0
33923,53552,71162,87475,105085,124714,1
72640,62513,81267,135153,153907,143780,1
81604,25397,30710,107001,112314,56107,0
58435,23789,21321,82224,79756,45110,0
73694,65564,5442,139258,79136,71006,0
91636,799,60414,92435,152050,61213,0
28624,6113,30754,34737,59378,36867,1
41004,51672,1215,92676,42219,52887,0
88074,44277,1086,132351,89160,45363,0
83370,62939,14261,146309,97631,77200,0
56537,62889,11773,119426,68310,74662,1
3792,68936,46472,72728,50264,115408,0
1212,28592,64132,29804,65344,92724,0
68177,20850,20574,89027,88751,41424,0
29671,85136,87384,114807,117055,172520,1
98413,59851,6666,158264,105079,66517,0
14075,92650,8489,106725,22564,101139,0
46107,66925,92083,113032,138190,159008,1
36024,50071,18711,86095,54735,68782,1
92065,78552,1870,170617,93935,80422,0
9631,25122,62099,34753,71730,87221,0
9651,29055,44527,38706,54178,73582,0
72212,69123,98266,141335,170478,167389,1
44718,36394,92550,81112,137268,128944,0
67995,19032,68351,87027,136346,87383,1
19001,78323,97183,97324,116184,175506,1
49232,85526,91527,134758,140759,177053,1
67802,35814,88758,103616,156560,124572,1
42544,42636,96314,85180,138858,138950,0
16817,78864,80071,95681,96888,158935,1
86024,65572,66589,151596,152613,132161,1
72832,48993,6944,121825,79776,55937,0
69984,96135,14068,166119,84052,110203,0
76509,48264,12393,124773,88902,60657,0
65848,53850,66230,119698,132078,120080,1
12756,8577,80885,21333,93641,89462,0
34817,59424,86354,94241,121171,145778,1
1741,64660,82790,66401,84531,147450,0
12680,25237,2349,37917,15029,27586,0
24229,73749,90010,97978,114239,163759,1
60169,85202,8322,145371,68491,93524,0
8475,82860,20024,91335,28499,102884,0
44306,92827,12585,137133,56891,105412,0
439,20040,62075,20479,62514,82115,0
11107,16426,23279,27533,34386,39705,1
23307,54146,53201,77453,76508,107347,1
91261,90831,9021,182092,100282,99852,1
79664,62978,41118,142642,120782,104096,1
52367,61226,67010,113593,119377,128236,1
90431,62445,55442,152876,145873,117887,1
5194,23466,50185,28660,55379,73651,0
59454,80527,72416,139981,131870,152943,1
94445,40310,72148,134755,166593,112458,1
66722,44659,97753,111381,164475,142412,1
23424,30756,30480,54180,53904,61236,1
59056,89346,16715,148402,75771,106061,0
56895,24735,28388,81630,85283,53123,0
25079,26949,94829,52028,119908,121778,0
43868,84250,92246,128118,136114,176496,1
42928,94391,91865,137319,134793,186256,1
22678,48872,77722,71550,100400,126594,0
29091,12034,71061,41125,100152,83095,0
62658,94710,99370,157368,162028,194080,1
45808,29188,67278,74996,113086,96466,1
71657,24051,33015,95708,104672,57066,0
91389,79202,65733,170591,157122,144935,1
93443,60040,1837,153483,95280,61877,0
74007,78842,10,152849,74017,78852,0
12440,74570,16829,87010,29269,91399,0
22374,13741,44013,36115,66387,57754,0
4948,58765,82016,63713,86964,140781,0
53456,12943,64705,66399,118161,77648,1
78165,4618,38211,82783,116376,42829,0
82950,71383,31246,154333,114196,102629,1
58977,34405,5717,93382,64694,40122,0
74611,89637,86534,164248,161145,176171,1
49594,17175,69029,66769,118623,86204,0
42091,57247,19149,99338,61240,76396,1
78013,415,47966,78428,125979,48381,0
30566,55269,82476,85835,113042,137745,1
76345,10533,29058,86878,105403,39591,0
81358,11056,60312,92414,141670,71368,0
52885,3177,31625,56062,84510,34802,0
55331,16525,52776,71856,108107,69301,1
69415,70041,79959,139456,149374,150000,1
80188,23055,74420,103243,154608,97475,1
80802,31802,48152,112604,128954,79954,0
99385,48220,69030,147605,168415,117250,1
60794,76264,68656,137058,129450,144920,1
49922,93063,31270,142985,81192,124333,0
68907,58104,65190,127011,134097,123294,1
89928,99925,29862,189853,119790,129787,1
37244,91023,80955,128267,118199,171978,1
10947,57399,27587,68346,38534,84986,0
71684,72175,53386,143859,125070,125561,1
83231,43267,13559,126498,96790,56826,0
53545,14842,76075,68387,129620,90917,0
43930,84524,39737,128454,83667,124261,0
20766,43701,60452,64467,81218,104153,1
56908,36241,5826,93149,62734,42067,0
21580,6344,35730,27924,57310,42074,0
54122,61581,40701,115703,94823,102282,1
66180,93271,83602,159451,149782,176873,1
33781,55567,71684,89348,105465,127251,1
5323,88169,20571,93492,25894,108740,0
93800,57469,89033,151269,182833,146502,1
19686,37973,29559,57659,49245,67532,1
1725,6893,90460,8618,92185,97353,0
39280,98122,68567,137402,107847,166689,1
7640,79025,44963,86665,52603,123988,0
50419,35490,47053,85909,97472,82543,1
56899,55460,98322,112359,155221,153782,1
92920,25721,18485,118641,111405,44206,0
97011,50681,59818,147692,156829,110499,1
72069,17832,38064,89901,110133,55896,0
59817,47679,96174,107496,155991,143853,1
11430,21046,44056,32476,55486,65102,0
69806,16963,75831,86769,145637,92794,1
41493,83468,52562,124961,94055,136030,1
11606,22763,73259,34369,84865,96022,0
99521,84291,49730,183812,149251,134021,1
55477,99347,20233,154824,75710,119580,0
10945,86470,3254,97415,14199,89724,0
397,11998,22257,12395,22654,34255,0
96738,32688,35127,129426,131865,67815,0
32890,12876,37397,45766,70287,50273,1
54707,46304,77168,101011,131875,123472,1
74426,90199,52997,164625,127423,143196,1
95955,67288,35783,163243,131738,103071,1
97679,38293,69658,135972,167337,107951,1
90290,84142,47265,174432,137555,131407,1
34737,55226,83724,89963,118461,138950,1
7103,84821,92047,91924,99150,176868,0
89743,35281,82009,125024,171752,117290,1
56049,46394,57904,102443,113953,104298,1
14468,43787,40810,58255,55278,84597,1
56970,76239,4353,133209,61323,80592,0
34820,82849,99104,117669,133924,181953,1
4321,82263,22601,86584,26922,104864,0
30372,93584,52031,123956,82403,145615,0
27820,94169,17114,121989,44934,111283,0
54851,61117,87823,115968,142674,148940,1
45830,3092,41998,48922,87828,45090,0
64000,49809,70128,113809,134128,119937,1
45281,2831,6007,48112,51288,8838,0
23544,22627,12501,46171,36045,35128,1
85901,23826,86901,109727,172802,110727,1
28091,79294,16278,107385,44369,95572,0
89441,42325,77559,131766,167000,119884,1
98549,95047,75279,193596,173828,170326,1
64427,67471,40598,131898,105025,108069,1
55233,80023,25754,135256,80987,105777,1
30508,53232,43179,83740,73687,96411,1
90285,88534,86076,178819,176361,174610,1
14365,35299,92802,49664,107167,128101,0
4053,20961,9131,25014,13184,30092,0
74129,90275,41742,164404,115871,132017,1
97898,31934,33985,129832,131883,65919,0
94492,21960,97140,116452,191632,119100,1
3556,37912,98897,41468,102453,136809,0
9512,47332,17743,56844,27255,65075,0
17953,86712,69677,104665,87630,156389,1
37653,21334,91962,58987,129615,113296,0
30476,45697,5971,76173,36447,51668,0
83961,43058,4546,127019,88507,47604,0
72670,69647,30185,142317,102855,99832,1
72511,30931,59467,103442,131978,90398,1
14923,1754,40861,16677,55784,42615,0
93745,95,41929,93840,135674,42024,0
6284,48575,13531,54859,19815,62106,0
80962,16820,87238,97782,168200,104058,1
34466,14502,41017,48968,75483,55519,1
41817,36262,28676,78079,70493,64938,1
91949,68236,7609,160185,99558,75845,0
18838,13236,38488,32074,57326,51724,0
16954,76869,30740,93823,47694,107609,0
83217,57051,25452,140268,108669,82503,0
56447,29373,7026,85820,63473,36399,0
63969,93060,28900,157029,92869,121960,0
45172,15116,53041,60288,98213,68157,1
42019,41152,47935,83171,89954,89087,1
23095,97772,8828,120867,31923,106600,0
42757,78153,5285,120910,48042,83438,0
54944,62929,45974,117873,100918,108903,1
97351,21014,28542,118365,125893,49556,0
73676,90611,59579,164287,133255,150190,1
10288,46416,47404,56704,57692,93820,1
33138,22630,29250,55768,62388,51880,1
53346,89604,93243,142950,146589,182847,1
85162,3108,33976,88270,119138,37084,0
25370,89334,84107,114704,109477,173441,1
55782,44046,72970,99828,128752,117016,1
27517,25620,47042,53137,74559,72662,1
77585,58112,34602,135697,112187,92714,1
89907,90477,88218,180384,178125,178695,1
97272,63234,59972,160506,157244,123206,1
24460,9021,37174,33481,61634,46195,0
22101,25140,57725,47241,79826,82865,0
65310,87752,55028,153062,120338,142780,1
30662,26956,34629,57618,65291,61585,1
80333,45087,7356,125420,87689,52443,0
92652,37270,95769,129922,188421,133039,1
88252,73237,91252,161489,179504,164489,1
11065,93415,80781,104480,91846,174196,0
30129,60951,6215,91080,36344,67166,0
23048,49473,31645,72521,54693,81118,1
29871,33193,94182,63064,124053,127375,0
13167,64723,66576,77890,79743,131299,1
45406,82733,91063,128139,136469,173796,1
72575,31070,78907,103645,151482,109977,1
81414,97168,87576,178582,168990,184744,1
48698,96712,30350,145410,79048,127062,0
81390,70576,12902,151966,94292,83478,1
23636,66033,75272,89669,98908,141305,1
46489,40010,40796,86499,87285,80806,1
72041,5041,74547,77082,146588,79588,1
93351,75588,20054,168939,113405,95642,1
55822,20101,3336,75923,59158,23437,0
6124,51546,90917,57670,97041,142463,0
38247,3914,23444,42161,61691,27358,0
75057,20398,59380,95455,134437,79778,1
38060,42343,26639,80403,64699,68982,1
57391,81952,98540,139343,155931,180492,1
63268,33648,5256,96916,68524,38904,0
542,57901,16881,58443,17423,74782,0
99001,55999,39926,155000,138927,95925,0
3011,6561,73153,9572,76164,79714,0
24035,77303,43061,101338,67096,120364,0
95383,50834,57856,146217,153239,108690,1
70254,51469,22940,121723,93194,74409,1
28115,55984,17858,84099,45973,73842,0
81298,96292,35903,177590,117201,132195,1
53116,44735,20333,97851,73449,65068,1
739,13459,22741,14198,23480,36200,0
54365,94375,91873,148740,146238,186248,1
68608,21539,76534,90147,145142,98073,1
82868,2401,92577,85269,175445,94978,0
82823,3747,63225,86570,146048,66972,0
35281,11833,87060,47114,122341,98893,0
53656,20397,95091,74053,148747,115488,0
55617,72327,13263,127944,68880,85590,0
82234,41962,29316,124196,111550,71278,0
68107,73677,1896,141784,70003,75573,0
90497,52392,64774,142889,155271,117166,1
73842,29177,87912,103019,161754,117089,1
50960,19179,54838,70139,105798,74017,1
83546,52558,58378,136104,141924,110936,1
96585,21338,7808,117923,104393,29146,0
73773,92763,95919,166536,169692,188682,1
53602,26922,8158,80524,61760,35080,0
96632,89952,51988,186584,148620,141940,1
88835,72474,11704,161309,100539,84178,0
6218,66154,92114,72372,98332,158268,0
62894,42068,60033,104962,122927,102101,1
12952,84205,88415,97157,101367,172620,1
20328,61268,59263,81596,79591,120531,1
57205,90605,93317,147810,150522,183922,1
70137,16531,43718,86668,113855,60249,0
86908,26517,91482,113425,178390,117999,1
96460,78098,49614,174558,146074,127712,1
1449,50684,71996,52133,73445,122680,0
17911,72102,6058,90013,23969,78160,0
16415,34669,986,51084,17401,35655,0
32614,65320,81306,97934,113920,146626,1
84166,90023,43718,174189,127884,133741,1
86689,7841,18223,94530,104912,26064,0
63709,48302,70562,112011,134271,118864,1
79411,13200,12297,92611,91708,25497,0
81409,41906,16749,123315,98158,58655,0
25265,21489,1901,46754,27166,23390,0
25349,94652,77974,120001,103323,172626,1
5759,885,27750,6644,33509,28635,0
73729,23130,55798,96859,129527,78928,1
83923,50684,99657,134607,183580,150341,1
90561,71071,79757,161632,170318,150828,1
28928,21698,96287,50626,125215,117985,0
19502,75906,62832,95408,82334,138738,1
67541,92002,7216,159543,74757,99218,0
27908,1530,11864,29438,39772,13394,0
92851,4139,75450,96990,168301,79589,0
96490,25930,57885,122420,154375,83815,0
87650,94166,84571,181816,172221,178737,1
7900,52825,62766,60725,70666,115591,0
30630,81900,57248,112530,87878,139148,1
43196,40056,62536,83252,105732,102592,1
15145,88859,93786,104004,108931,182645,1
28786,69109,97505,97895,126291,166614,1
37359,19388,372,56747,37731,19760,0
69006,63427,23901,132433,92907,87328,1
28552,5053,82751,33605,111303,87804,0
8806,77760,65281,86566,74087,143041,0
52103,77351,12051,129454,64154,89402,0
81473,66133,7325,147606,88798,73458,0
38422,17159,87928,55581,126350,105087,0
86835,31525,15734,118360,102569,47259,0
73092,28349,65128,101441,138220,93477,1
25523,18617,44035,44140,69558,62652,1
30286,87936,63531,118222,93817,151467,1
7658,62077,41215,69735,48873,103292,0
13797,54933,25389,68730,39186,80322,0
77523,85851,7916,163374,85439,93767,0
13859,59625,75894,73484,89753,135519,0
30825,36853,28068,67678,58893,64921,1
867,97434,35275,98301,36142,132709,0
531,96943,74075,97474,74606,171018,0
80047,83789,58632,163836,138679,142421,1
77707,28530,32583,106237,110290,61113,0
16402,47605,76001,64007,92403,123606,0
15109,52430,83784,67539,98893,136214,0
22466,11203,58236,33669,80702,69439,0
96979,51374,66264,148353,163243,117638,1
79410,18770,75804,98180,155214,94574,1
10107,22835,56042,32942,66149,78877,0
17278,32242,99022,49520,116300,131264,0
82132,76619,55564,158751,137696,132183,1
40195,70117,53938,110312,94133,124055,1
78875,9033,30562,87908,109437,39595,0
59999,76278,74997,136277,134996,151275,1
48817,9436,52172,58253,100989,61608,1
21331,21955,60086,43286,81417,82041,0
6393,35819,57200,42212,63593,93019,0
48659,92715,94393,141374,143052,187108,1
96059,46656,23445,142715,119504,70101,0
57558,61426,89443,118984,147001,150869,1
91302,8398,75134,99700,166436,83532,0
91635,47804,83772,139439,175407,131576,1
26925,6302,42943,33227,69868,49245,0
18416,29448,3858,47864,22274,33306,0
6294,38315,37563,44609,43857,75878,1
46032,3470,69361,49502,115393,72831,0
86632,81574,97092,168206,183724,178666,1
77538,3653,71523,81191,149061,75176,0
21242,40307,28333,61549,49575,68640,1
7204,22509,88931,29713,96135,111440,0
3774,51214,98723,54988,102497,149937,0
7256,6723,82978,13979,90234,89701,0
17607,1207,21717,18814,39324,22924,0
24384,55910,55049,80294,79433,110959,1
39348,92450,4778,131798,44126,97228,0
21944,52352,85279,74296,107223,137631,0
88435,8073,60254,96508,148689,68327,0
30022,95042,46614,125064,76636,141656,0
80256,98869,23067,179125,103323,121936,1
93607,34170,7436,127777,101043,41606,0
44986,79503,98022,124489,143008,177525,1
13702,9253,92561,22955,106263,101814,0
38897,56805,1467,95702,40364,58272,0
91930,2729,98311,94659,190241,101040,0
50429,97200,8929,147629,59358,106129,0
67760,84124,61917,151884,129677,146041,1
27512,38716,11065,66228,38577,49781,0
77607,56740,53259,134347,130866,109999,1
37184,12516,76301,49700,113485,88817,0
96204,40398,72183,136602,168387,112581,1
28151,66654,14822,94805,42973,81476,0
67372,61860,51787,129232,119159,113647,1
88499,4975,48321,93474,136820,53296,0
65819,32250,74515,98069,140334,106765,1
87933,47943,80957,135876,168890,128900,1
11955,70185,41241,82140,53196,111426,0
9402,11911,23216,21313,32618,35127,0
4081,48754,68416,52835,72497,117170,0
14217,84860,77178,99077,91395,162038,1
51499,47652,98990,99151,150489,146642,1
84269,71973,97064,156242,181333,169037,1
59432,34927,75495,94359,134927,110422,1
69062,21826,87231,90888,156293,109057,1
61990,75113,67834,137103,129824,142947,1
69964,64403,17542,134367,87506,81945,1
28159,11,39398,28170,67557,39409,0
50287,93243,7104,143530,57391,100347,0
13592,21042,8617,34634,22209,29659,1
45488,39499,74027,84987,119515,113526,1
48238,23989,57806,72227,106044,81795,1
67149,36417,96726,103566,163875,133143,1
7452,35141,9928,42593,17380,45069,0
13513,95654,90872,109167,104385,186526,1
95198,7189,82610,102387,177808,89799,0
85679,86226,53497,171905,139176,139723,1
35558,13728,94314,49286,129872,108042,0
16312,15101,35196,31413,51508,50297,0
47394,87538,84444,134932,131838,171982,1
58902,66350,54181,125252,113083,120531,1
68866,97757,45826,166623,114692,143583,1
85561,60915,35487,146476,121048,96402,1
86738,73409,24366,160147,111104,97775,1
42455,16672,49489,59127,91944,66161,1
98157,72921,18534,171078,116691,91455,0
71947,70322,20270,142269,92217,90592,1
2897,67009,65278,69906,68175,132287,1
26912,27506,59741,54418,86653,87247,0
38588,51741,67992,90329,106580,119733,1
39858,24538,17335,64396,57193,41873,1
19242,89179,92316,108421,111558,181495,1
63341,52948,80363,116289,143704,133311,1
83088,24927,6617,108015,89705,31544,0
35693,48703,62966,84396,98659,111669,1
27013,45598,39418,72611,66431,85016,1
36453,46820,28327,83273,64780,75147,1
1280,80486,45570,81766,46850,126056,0
42551,84950,36593,127501,79144,121543,0
80881,1584,19540,82465,100421,21124,0
15751,36218,38199,51969,53950,74417,1
91060,24117,67995,115177,159055,92112,1
7786,47305,83300,55091,91086,130605,0
95715,86687,84698,182402,180413,171385,1
77510,37082,39074,114592,116584,76156,0
58915,91501,36472,150416,95387,127973,1
43454,55097,95173,98551,138627,150270,1
62166,80268,15567,142434,77733,95835,0
73151,90512,55647,163663,128798,146159,1
19800,71741,89724,91541,109524,161465,1
57594,42658,64766,100252,122360,107424,1
71985,81591,85261,153576,157246,166852,1
40603,22449,63476,63052,104079,85925,0
89908,51429,87173,141337,177081,138602,1
10026,5665,60102,15691,70128,65767,0
79996,46583,2559,126579,82555,49142,0
81759,50263,89984,132022,171743,140247,1
72363,92302,5191,164665,77554,97493,0
5876,77427,36644,83303,42520,114071,0
43508,60338,82139,103846,125647,142477,1
90078,88766,42975,178844,133053,131741,1
85559,15528,62570,101087,148129,78098,0
53488,11509,60887,64997,114375,72396,1
30270,79886,4180,110156,34450,84066,0
68204,74810,70051,143014,138255,144861,1
47953,57692,41975,105645,89928,99667,1
6936,79091,88359,86027,95295,167450,0
83082,28057,70291,111139,153373,98348,1
26661,96555,19630,123216,46291,116185,0
71184,10502,36703,81686,107887,47205,0
84547,22352,32249,106899,116796,54601,0
6730,338,96154,7068,102884,96492,0
602,16686,91281,17288,91883,107967,0
59564,87508,60226,147072,119790,147734,1
4223,75989,75893,80212,80116,151882,1
55302,52254,14738,107556,70040,66992,1
64480,90078,32896,154558,97376,122974,1
54064,22156,28086,76220,82150,50242,0
90878,66587,77708,157465,168586,144295,1
89416,73724,32819,163140,122235,106543,1
83621,39397,52446,123018,136067,91843,1
44986,86198,46292,131184,91278,132490,1
10198,68071,70746,78269,80944,138817,1
80810,11383,49865,92193,130675,61248,0
26286,85171,48279,111457,74565,133450,0
19304,58430,6580,77734,25884,65010,0
42352,77426,81382,119778,123734,158808,1
41065,53495,59084,94560,100149,112579,1
23786,221,18933,24007,42719,19154,0
86279,18818,81290,105097,167569,100108,1
90353,16167,86741,106520,177094,102908,1
11064,54091,52512,65155,63576,106603,1
27431,92230,72966,119661,100397,165196,1
73901,37263,4652,111164,78553,41915,0
71363,61625,98749,132988,170112,160374,1
98843,95301,79284,194144,178127,174585,1
71687,12017,12927,83704,84614,24944,0
21340,31726,63903,53066,85243,95629,0
21503,85609,39519,107112,61022,125128,0
39454,70633,86551,110087,126005,157184,1
68238,12627,51794,80865,120032,64421,0
75171,25365,82626,100536,157797,107991,1
27234,42150,69241,69384,96475,111391,1
8422,66033,92027,74455,100449,158060,0
21883,35222,13238,57105,35121,48460,0
68448,96980,65124,165428,133572,162104,1
10077,3619,48078,13696,58155,51697,0
28409,78417,10876,106826,39285,89293,0
60108,12439,80895,72547,141003,93334,0
3733,71511,48553,75244,52286,120064,0
60146,58716,72595,118862,132741,131311,1
27634,66702,19813,94336,47447,86515,0
46445,12950,25686,59395,72131,38636,0
13525,9414,98496,22939,112021,107910,0
84890,36954,49510,121844,134400,86464,1
5619,73492,69621,79111,75240,143113,1
93419,89613,3118,183032,96537,92731,0
17610,81861,43713,99471,61323,125574,0
81318,88939,2735,170257,84053,91674,0
11217,76442,26019,87659,37236,102461,0
36806,5966,65186,42772,101992,71152,0
9682,31617,67214,41299,76896,98831,0
30716,78976,17734,109692,48450,96710,0
74269,68352,70902,142621,145171,139254,1
44058,37489,32590,81547,76648,70079,1
256,92172,90121,92428,90377,182293,0
5136,32780,41602,37916,46738,74382,0
37648,63810,75654,101458,113302,139464,1
56177,22486,45901,78663,102078,68387,1
94404,99749,97520,194153,191924,197269,1
95778,85549,27375,181327,123153,112924,1
67950,84000,12260,151950,80210,96260,0
56611,17393,21530,74004,78141,38923,0
87168,14890,66163,102058,153331,81053,0
45633,74563,32231,120196,77864,106794,1
99463,10148,89741,109611,189204,99889,1
46013,17939,42437,63952,88450,60376,1
72800,55635,50299,128435,123099,105934,1
47943,3850,10653,51793,58596,14503,0
76486,73859,69841,150345,146327,143700,1
19099,3482,27389,22581,46488,30871,0
98577,66554,59676,165131,158253,126230,1
28404,36463,16739,64867,45143,53202,1
62548,7621,12097,70169,74645,19718,0
68527,93953,73616,162480,142143,167569,1
40520,20040,45405,60560,85925,65445,1
91038,41254,64683,132292,155721,105937,1
49672,25472,71148,75144,120820,96620,1
30193,19515,98363,49708,128556,117878,0
71289,43158,11923,114447,83212,55081,0
81079,82544,9251,163623,90330,91795,1
56919,31170,64088,88089,121007,95258,1
79838,15965,95506,95803,175344,111471,1
94551,15798,76610,110349,171161,92408,0
88890,7494,54035,96384,142925,61529,0
69785,36705,95193,106490,164978,131898,1
54033,98511,77213,152544,131246,175724,1
96149,11746,82598,107895,178747,94344,0
8113,23871,19429,31984,27542,43300,1
78890,89613,15482,168503,94372,105095,1
67173,22131,5344,89304,72517,27475,0
50860,14579,4115,65439,54975,18694,0
94809,44588,92919,139397,187728,137507,1
68665,95455,56752,164120,125417,152207,1
38383,62169,39863,100552,78246,102032,1
76274,73909,1797,150183,78071,75706,0
29856,31254,91516,61110,121372,122770,0
19730,84112,92397,103842,112127,176509,1
93435,77754,50837,171189,144272,128591,1
22471,29713,89397,52184,111868,119110,0
43357,88727,41732,132084,85089,130459,0
40,78441,6958,78481,6998,85399,0
71219,83616,62645,154835,133864,146261,1
25954,68867,14153,94821,40107,83020,0
40497,90650,52617,131147,93114,143267,1
98471,71905,17035,170376,115506,88940,0
5579,45090,87734,50669,93313,132824,0
62809,86349,18528,149158,81337,104877,0
16683,18133,69248,34816,85931,87381,0
73841,49180,19688,123021,93529,68868,0
74045,74732,30019,148777,104064,104751,1
5644,30657,45018,36301,50662,75675,0
63386,43696,49283,107082,112669,92979,1
55356,11364,12130,66720,67486,23494,0
93776,23453,10859,117229,104635,34312,0
62469,43337,46797,105806,109266,90134,1
90812,80949,65701,171761,156513,146650,1
50298,25515,54530,75813,104828,80045,1
53774,77248,35324,131022,89098,112572,1
59072,77847,34869,136919,93941,112716,1
40817,45491,96404,86308,137221,141895,0
69889,72434,62339,142323,132228,134773,1
63295,98477,6054,161772,69349,104531,0
52342,92316,33663,144658,86005,125979,0
27446,58956,42616,86402,70062,101572,1
84053,26500,98691,110553,182744,125191,1
70594,96297,88524,166891,159118,184821,1
90546,21598,59125,112144,149671,80723,0
79873,81490,35256,161363,115129,116746,1
40313,2659,76454,42972,116767,79113,0
96072,46128,78762,142200,174834,124890,1
34072,29336,78939,63408,113011,108275,0
88836,5840,98110,94676,186946,103950,0
95605,2390,51845,97995,147450,54235,0
85884,13130,6382,99014,92266,19512,0
35513,96666,55922,132179,91435,152588,0
59324,1050,32422,60374,91746,33472,0
7323,63491,75084,70814,82407,138575,0
34505,81926,67069,116431,101574,148995,1
76289,62909,2579,139198,78868,65488,0
47929,98135,99467,146064,147396,197602,1
92225,75326,38518,167551,130743,113844,1
89457,25180,30752,114637,120209,55932,0
78843,69013,35221,147856,114064,104234,1
31855,60936,44175,92791,76030,105111,1
61204,23249,6065,84453,67269,29314,0
39416,34587,88261,74003,127677,122848,0
69047,89529,40312,158576,109359,129841,1
32353,87274,90012,119627,122365,177286,1
26110,99111,51885,125221,77995,150996,0
13268,9070,28708,22338,41976,37778,0
11588,29745,94149,41333,105737,123894,0
48443,69724,69238,118167,117681,138962,1
34599,4873,55935,39472,90534,60808,0
11716,6344,33595,18060,45311,39939,0
64343,33322,59596,97665,123939,92918,1
46458,90857,68711,137315,115169,159568,1
17752,18707,66017,36459,83769,84724,0
52758,45545,38164,98303,90922,83709,1
48589,57576,52062,106165,100651,109638,1
48670,17130,53496,65800,102166,70626,1
10389,90661,94125,101050,104514,184786,1
91853,93535,93376,185388,185229,186911,1
6115,25160,98251,31275,104366,123411,0
80988,5432,97670,86420,178658,103102,0
30689,38612,76491,69301,107180,115103,0
46893,79031,13550,125924,60443,92581,0
91192,19494,13514,110686,104706,33008,0
66835,73062,67548,139897,134383,140610,1
87579,15041,40507,102620,128086,55548,0
15699,73993,20630,89692,36329,94623,0
36185,57100,57640,93285,93825,114740,1
62413,34409,42030,96822,104443,76439,1
729,57366,85829,58095,86558,143195,0
1373,42572,29463,43945,30836,72035,0
30100,52371,78472,82471,108572,130843,1
71200,1494,49801,72694,121001,51295,0
31505,23292,42343,54797,73848,65635,1
53926,47418,31072,101344,84998,78490,1
28152,26107,15434,54259,43586,41541,1
7861,80526,61036,88387,68897,141562,0
79767,77390,92920,157157,172687,170310,1
19892,6059,40768,25951,60660,46827,0
51592,70169,65415,121761,117007,135584,1
3140,3702,24566,6842,27706,28268,0
57515,36214,56123,93729,113638,92337,1
58759,24008,64617,82767,123376,88625,1
34680,34756,32466,69436,67146,67222,1
41876,60951,51536,102827,93412,112487,1
23911,34951,93728,58862,117639,128679,0
11667,17961,70346,29628,82013,88307,0
16829,54611,22575,71440,39404,77186,0
41559,35694,9830,77253,51389,45524,1
19085,95909,23040,114994,42125,118949,0
5168,763,50272,5931,55440,51035,0
54939,3405,93519,58344,148458,96924,0
60474,71992,80662,132466,141136,152654,1
17640,87940,85741,105580,103381,173681,1
81144,90883,39428,172027,120572,130311,1
22306,36987,96051,59293,118357,133038,0
65990,42261,43945,108251,109935,86206,1
78618,52333,93791,130951,172409,146124,1
9216,71466,42127,80682,51343,113593,0
81391,24417,52427,105808,133818,76844,0
72473,88506,40500,160979,112973,129006,1
1297,35828,60247,37125,61544,96075,0
75980,21213,98955,97193,174935,120168,0
68325,3774,71970,72099,140295,75744,1
9844,46991,4787,56835,14631,51778,0
55915,87582,99895,143497,155810,187477,1
68717,84278,37705,152995,106422,121983,1
96950,30489,59782,127439,156732,90271,0
41012,92523,38410,133535,79422,130933,0
33209,36772,57470,69981,90679,94242,1
19272,42863,39963,62135,59235,82826,1
38885,16801,7926,55686,46811,24727,0
83485,58878,46384,142363,129869,105262,1
43053,42527,14303,85580,57356,56830,1
48035,95525,74968,143560,123003,170493,1
49709,52289,71894,101998,121603,124183,1
68434,16275,85404,84709,153838,101679,0
11551,12411,98369,23962,109920,110780,0
84814,37252,32294,122066,117108,69546,0
37124,32683,38518,69807,75642,71201,1
97855,90343,43790,188198,141645,134133,1
21057,38771,55464,59828,76521,94235,1
47482,65756,99351,113238,146833,165107,1
55027,14038,68230,69065,123257,82268,1
35474,5772,18960,41246,54434,24732,0
80237,81933,52589,162170,132826,134522,1
5472,2680,88290,8152,93762,90970,0
62906,25578,14291,88484,77197,39869,0
37683,68401,56857,106084,94540,125258,1
85324,2741,56161,88065,141485,58902,0
64537,91931,51908,156468,116445,143839,1
85727,35833,89511,121560,175238,125344,1
74287,89782,9434,164069,83721,99216,0
87256,85465,19133,172721,106389,104598,1
63995,27797,81953,91792,145948,109750,1
3065,89962,76024,93027,79089,165986,0
72673,62929,60700,135602,133373,123629,1
58510,85604,41248,144114,99758,126852,1
14041,69501,14101,83542,28142,83602,0
98429,63979,50163,162408,148592,114142,1
87963,37501,70681,125464,158644,108182,1
52274,56290,99169,108564,151443,155459,1
59010,36758,41740,95768,100750,78498,1
45982,11074,7598,57056,53580,18672,0
52306,69317,91825,121623,144131,161142,1
35340,68307,48539,103647,83879,116846,1
90761,1175,76745,91936,167506,77920,0
4845,46627,95123,51472,99968,141750,0
42378,46520,54337,88898,96715,100857,1
29868,65968,54215,95836,84083,120183,1
90550,28716,4936,119266,95486,33652,0
30226,81668,864,111894,31090,82532,0
52194,99127,58870,151321,111064,157997,1
37907,70280,81185,108187,119092,151465,1
99808,64098,42146,163906,141954,106244,1
82394,73265,50557,155659,132951,123822,1
51730,93879,46161,145609,97891,140040,1
27277,60762,74813,88039,102090,135575,1
91939,67306,75577,159245,167516,142883,1
88619,10051,94011,98670,182630,104062,1
23880,33629,28966,57509,52846,62595,1
72342,89002,94040,161344,166382,183042,1
71263,51327,80567,122590,151830,131894,1
98515,40282,32291,138797,130806,72573,0
48796,17464,24322,66260,73118,41786,0
69077,91974,96077,161051,165154,188051,1
55792,18738,73369,74530,129161,92107,1
58707,17003,98292,75710,156999,115295,0
76957,4437,3015,81394,79972,7452,0
55068,82905,55151,137973,110219,138056,1
62443,87944,44013,150387,106456,131957,1
95992,81761,84716,177753,180708,166477,1
33498,10763,24934,44261,58432,35697,1
56904,58049,22098,114953,79002,80147,1
63556,99178,82453,162734,146009,181631,1
3061,57966,62323,61027,65384,120289,0
96858,68272,77712,165130,174570,145984,1
36522,14931,44884,51453,81406,59815,1
3151,606,69549,3757,72700,70155,0
77475,49495,77409,126970,154884,126904,1
12508,97696,58578,110204,71086,156274,0
50918,59249,37698,110167,88616,96947,1
41106,34839,57169,75945,98275,92008,1
17820,6119,80604,23939,98424,86723,0
12517,11559,81352,24076,93869,92911,0
73490,28983,22861,102473,96351,51844,0
52873,30542,56224,83415,109097,86766,1
4335,22336,17536,26671,21871,39872,0
25562,27219,17612,52781,43174,44831,1
5484,41821,95243,47305,100727,137064,0
33499,975,40643,34474,74142,41618,0
34496,74969,85921,109465,120417,160890,1
9692,37232,12988,46924,22680,50220,0
73711,27543,2344,101254,76055,29887,0
5459,99689,70091,105148,75550,169780,0
29244,90982,89949,120226,119193,180931,1
87694,66566,36785,154260,124479,103351,1
70493,25361,81,95854,70574,25442,0
98802,80371,28694,179173,127496,109065,1
30541,42858,18193,73399,48734,61051,1
47246,23260,97423,70506,144669,120683,0
47571,19495,23745,67066,71316,43240,0
13653,85821,39591,99474,53244,125412,0
69870,36487,12066,106357,81936,48553,0
68079,31995,87787,100074,155866,119782,1
29714,73339,95053,103053,124767,168392,1
99139,74568,31353,173707,130492,105921,1
56003,31153,7633,87156,63636,38786,0
41867,26122,67563,67989,109430,93685,1
85628,57014,76766,142642,162394,133780,1
35460,48387,44135,83847,79595,92522,1
92870,83349,46070,176219,138940,129419,1
57002,13140,35840,70142,92842,48980,0
46941,81395,64483,128336,111424,145878,1
85813,48055,36536,133868,122349,84591,0
96763,92703,32344,189466,129107,125047,1
38389,1052,21395,39441,59784,22447,0
52831,16564,59963,69395,112794,76527,1
87822,30504,66141,118326,153963,96645,1
5013,54052,46507,59065,51520,100559,0
25716,44491,13896,70207,39612,58387,0
83557,54726,90538,138283,174095,145264,1
90540,9589,21066,100129,111606,30655,0
44041,90790,73810,134831,117851,164600,1
23447,43563,36292,67010,59739,79855,1
5300,92896,28694,98196,33994,121590,0
17371,17568,96071,34939,113442,113639,0
4819,88594,45709,93413,50528,134303,0
66826,12565,10636,79391,77462,23201,0
6316,49437,39978,55753,46294,89415,0
39988,75851,34203,115839,74191,110054,0
70684,90438,43970,161122,114654,134408,1
21334,86639,32356,107973,53690,118995,0
53926,14810,15824,68736,69750,30634,0
44244,88537,64637,132781,108881,153174,1
14866,55601,15177,70467,30043,70778,0
46851,49008,67191,95859,114042,116199,1
47486,50534,7730,98020,55216,58264,1
84277,43455,56663,127732,140940,100118,1
7479,60983,52605,68462,60084,113588,0
14729,45988,44131,60717,58860,90119,1
50721,74470,11825,125191,62546,86295,0
1498,57062,26544,58560,28042,83606,0
6731,63782,1574,70513,8305,65356,0
53928,33060,53311,86988,107239,86371,1
64558,19006,34371,83564,98929,53377,0
35100,10417,23680,45517,58780,34097,0
11424,77063,47585,88487,59009,124648,0
88067,39892,41690,127959,129757,81582,0
7485,75368,59834,82853,67319,135202,0
99194,6284,2551,105478,101745,8835,0
10583,80436,68448,91019,79031,148884,0
76100,37312,93903,113412,170003,131215,1
91045,38994,70141,130039,161186,109135,1
36159,64485,35891,100644,72050,100376,1
10257,72030,52784,82287,63041,124814,0
80824,64496,52573,145320,133397,117069,1
42665,23040,23454,65705,66119,46494,1
91445,33675,69236,125120,160681,102911,1
27417,11580,74745,38997,102162,86325,0
59279,14767,93507,74046,152786,108274,0
4357,95852,75933,100209,80290,171785,0
17907,32680,65178,50587,83085,97858,0
18297,27751,2286,46048,20583,30037,0
23809,9987,52842,33796,76651,62829,0
39603,467,10999,40070,50602,11466,0
56436,52855,19564,109291,76000,72419,1
26598,16682,13229,43280,39827,29911,1
60247,64772,7656,125019,67903,72428,1
34498,51476,92019,85974,126517,143495,0
70584,43314,38162,113898,108746,81476,1
36858,38765,91093,75623,127951,129858,0
30943,98105,43137,129048,74080,141242,0
46337,67040,75325,113377,121662,142365,1
59737,58872,27305,118609,87042,86177,1
30336,59698,49751,90034,80087,109449,1
99721,66097,3966,165818,103687,70063,0
64969,716,10807,65685,75776,11523,0
72435,24968,68968,97403,141403,93936,1
38325,90517,27042,128842,65367,117559,0
84668,9277,67666,93945,152334,76943,0
56447,48917,96413,105364,152860,145330,1
37541,77521,79127,115062,116668,156648,1
1502,54171,74202,55673,75704,128373,0
43472,23896,25715,67368,69187,49611,1
92477,51684,37207,144161,129684,88891,0
26462,58039,39134,84501,65596,97173,1
23934,60828,3722,84762,27656,64550,0
50952,38511,53153,89463,104105,91664,1
54130,82150,51946,136280,106076,134096,1
13213,24346,99473,37559,112686,123819,0
6751,56074,97192,62825,103943,153266,0
78954,1912,54371,80866,133325,56283,0
46374,33114,47008,79488,93382,80122,1
31024,9888,86353,40912,117377,96241,0
74880,18337,29399,93217,104279,47736,0
95176,40339,90776,135515,185952,131115,1
57706,9812,95650,67518,153356,105462,0
54398,98164,1993,152562,56391,100157,0
63295,59223,96763,122518,160058,155986,1
72733,58863,39510,131596,112243,98373,1
4657,50814,73062,55471,77719,123876,0
97187,92195,64136,189382,161323,156331,1
33713,70143,63922,103856,97635,134065,1
48894,78056,20339,126950,69233,98395,0
52353,52630,8790,104983,61143,61420,1
48854,43059,84599,91913,133453,127658,1
38767,38295,45848,77062,84615,84143,1
68751,40168,63750,108919,132501,103918,1
80970,2790,92255,83760,173225,95045,0
39280,11144,41507,50424,80787,52651,1
26977,24083,1847,51060,28824,25930,0
8756,44315,10054,53071,18810,54369,0
61409,19232,53171,80641,114580,72403,1
90095,34714,21376,124809,111471,56090,0
91503,80069,89902,171572,181405,169971,1
37482,26727,6375,64209,43857,33102,0
80497,72049,93754,152546,174251,165803,1
54544,45213,12230,99757,66774,57443,1
61414,52868,6359,114282,67773,59227,0
41643,84558,74264,126201,115907,158822,1
65849,64228,74478,130077,140327,138706,1
38456,65442,8320,103898,46776,73762,0
10199,62597,99105,72796,109304,161702,0
71915,7787,75671,79702,147586,83458,1
10337,24228,83661,34565,93998,107889,0
93461,85814,79140,179275,172601,164954,1
59623,67394,5301,127017,64924,72695,0
72367,3848,27007,76215,99374,30855,0
32839,33395,52565,66234,85404,85960,1
33042,73645,50486,106687,83528,124131,1
66460,89478,77557,155938,144017,167035,1
92279,21693,13560,113972,105839,35253,0
67337,40835,59886,108172,127223,100721,1
99521,13127,40746,112648,140267,53873,0
49576,81237,54443,130813,104019,135680,1
70105,66271,62581,136376,132686,128852,1
84599,34648,97265,119247,181864,131913,1
44608,35030,87717,79638,132325,122747,0
67388,25363,35274,92751,102662,60637,0
36443,90821,91329,127264,127772,182150,1
78459,54662,9161,133121,87620,63823,0
56549,12095,26142,68644,82691,38237,0
51820,69907,54263,121727,106083,124170,1
47554,5374,39218,52928,86772,44592,0
44406,89758,89093,134164,133499,178851,1
81065,86761,58860,167826,139925,145621,1
44650,5032,89764,49682,134414,94796,0
91196,90201,39308,181397,130504,129509,1
64198,80034,65475,144232,129673,145509,1
5870,58494,95906,64364,101776,154400,0
9182,24889,80874,34071,90056,105763,0
55094,45335,7656,100429,62750,52991,0
2089,61581,28108,63670,30197,89689,0
33540,42419,85678,75959,119218,128097,0
91226,79954,54361,171180,145587,134315,1
36152,31064,26954,67216,63106,58018,1
92961,7311,16776,100272,109737,24087,0
52147,46579,24309,98726,76456,70888,1
20948,29659,19268,50607,40216,48927,1
43432,87150,16622,130582,60054,103772,0
90052,37344,60876,127396,150928,98220,1
1240,78874,72944,80114,74184,151818,0
54317,29726,99646,84043,153963,129372,0
890,78255,82450,79145,83340,160705,0
10327,21620,16188,31947,26515,37808,1
33922,3014,69195,36936,103117,72209,0
38958,40445,97687,79403,136645,138132,0
19221,39078,96559,58299,115780,135637,0
89126,61028,98872,150154,187998,159900,1
32052,78269,56696,110321,88748,134965,1
1195,33388,16640,34583,17835,50028,0
22902,50332,95458,73234,118360,145790,0
50965,37465,45293,88430,96258,82758,1
32456,18271,41224,50727,73680,59495,1
97336,92714,49176,190050,146512,141890,1
33804,1876,6299,35680,40103,8175,0
92354,52466,8432,144820,100786,60898,0
39651,71438,95469,111089,135120,166907,1
89032,63659,5648,152691,94680,69307,0
92109,36851,14651,128960,106760,51502,0
18152,91500,28619,109652,46771,120119,0
1696,19900,13332,21596,15028,33232,0
10070,52010,35332,62080,45402,87342,0
24921,15095,86624,40016,111545,101719,0
50270,69668,78508,119938,128778,148176,1
3535,15501,59164,19036,62699,74665,0
58107,69847,11044,127954,69151,80891,0
27057,11456,95733,38513,122790,107189,0
42275,9999,33484,52274,75759,43483,1
52683,41263,21343,93946,74026,62606,1
21985,94479,19632,116464,41617,114111,0
23019,43534,680,66553,23699,44214,0
91261,63338,75387,154599,166648,138725,1
86755,19067,93543,105822,180298,112610,1
25950,88907,6392,114857,32342,95299,0
1294,59769,72082,61063,73376,131851,0
47857,40768,37202,88625,85059,77970,1
98885,59504,54414,158389,153299,113918,1
6706,43172,98157,49878,104863,141329,0
6045,86862,2554,92907,8599,89416,0
5510,69611,58879,75121,64389,128490,0
62139,50933,11211,113072,73350,62144,1
18515,51531,38387,70046,56902,89918,1
13767,47822,37891,61589,51658,85713,1
98592,65349,40892,163941,139484,106241,1
72383,45312,94469,117695,166852,139781,1
62640,72353,45231,134993,107871,117584,1
56180,5304,32776,61484,88956,38080,0
90742,58628,94565,149370,185307,153193,1
10361,89517,70011,99878,80372,159528,0
10267,89805,74735,100072,85002,164540,0
71627,28800,46969,100427,118596,75769,1
362,71344,19217,71706,19579,90561,0
17729,73037,47534,90766,65263,120571,0
42899,66851,94111,109750,137010,160962,1
56141,30307,62309,86448,118450,92616,1
2700,2491,45901,5191,48601,48392,0
51875,88603,63086,140478,114961,151689,1
2083,26847,17620,28930,19703,44467,0
79921,5669,9372,85590,89293,15041,0
2162,31138,85354,33300,87516,116492,0
96712,30187,93898,126899,190610,124085,1
82904,4696,33904,87600,116808,38600,0
17710,81350,17714,99060,35424,99064,0
23653,6831,19508,30484,43161,26339,1
6125,56061,78314,62186,84439,134375,0
12857,70115,91043,82972,103900,161158,0
15331,63720,85853,79051,101184,149573,0
41520,66459,64798,107979,106318,131257,1
52044,75855,76655,127899,128699,152510,1
93053,44150,70663,137203,163716,114813,1
82105,12737,90892,94842,172997,103629,1
50358,72788,38156,123146,88514,110944,1
82963,18243,55667,101206,138630,73910,0
7023,50583,82616,57606,89639,133199,0
10468,42941,81584,53409,92052,124525,0
79880,9909,52316,89789,132196,62225,0
32495,16571,92585,49066,125080,109156,0
53663,62741,74574,116404,128237,137315,1
24801,41504,72277,66305,97078,113781,0
86518,9862,37285,96380,123803,47147,0
29516,61016,7245,90532,36761,68261,0
32478,59297,23783,91775,56261,83080,0
94967,27587,45712,122554,140679,73299,0
57282,18053,23971,75335,81253,42024,0
81098,46507,15961,127605,97059,62468,0
14896,28908,76476,43804,91372,105384,0
57749,74645,33111,132394,90860,107756,1
32004,47534,36306,79538,68310,83840,1
95379,44580,70257,139959,165636,114837,1
60057,98946,88985,159003,149042,187931,1
42510,32828,88645,75338,131155,121473,0
98200,45590,13085,143790,111285,58675,0
86573,70183,58586,156756,145159,128769,1
83762,4438,95944,88200,179706,100382,0
11354,40283,6580,51637,17934,46863,0
81948,67760,38617,149708,120565,106377,1
67317,40282,24414,107599,91731,64696,0
59553,40454,41962,100007,101515,82416,1
13332,89076,81459,102408,94791,170535,1
67797,67750,60730,135547,128527,128480,1
81080,52744,19174,133824,100254,71918,0
37006,46780,40872,83786,77878,87652,1
18743,32383,2477,51126,21220,34860,0
53476,60703,99443,114179,152919,160146,1
66572,84794,10093,151366,76665,94887,0
19052,94798,89180,113850,108232,183978,1
16927,20047,38045,36974,54972,58092,0
65643,46807,21186,112450,86829,67993,1
16690,30813,61290,47503,77980,92103,0
60501,4291,11959,64792,72460,16250,0
4379,87511,84964,91890,89343,172475,1
13154,7640,31685,20794,44839,39325,0
78426,94791,42695,173217,121121,137486,1
80632,72944,43299,153576,123931,116243,1
15828,9945,84911,25773,100739,94856,0
62473,52579,64200,115052,126673,116779,1
140,6673,11989,6813,12129,18662,0
1335,49418,75275,50753,76610,124693,0
86850,12818,85728,99668,172578,98546,1
30293,11079,2344,41372,32637,13423,0
86851,91043,58105,177894,144956,149148,1
26848,3090,46092,29938,72940,49182,0
68785,39071,15080,107856,83865,54151,0
55145,65799,51989,120944,107134,117788,1
23073,67189,70858,90262,93931,138047,1
63871,88497,57566,152368,121437,146063,1
13535,87528,65631,101063,79166,153159,0
98617,60681,75943,159298,174560,136624,1
93426,88166,24859,181592,118285,113025,1
75568,23309,37915,98877,113483,61224,0
7773,60322,11787,68095,19560,72109,0
54112,86888,79136,141000,133248,166024,1
98805,99827,6534,198632,105339,106361,1
42379,53435,1267,95814,43646,54702,0
76477,615,74316,77092,150793,74931,0
9224,38160,30794,47384,40018,68954,1
50722,74387,46140,125109,96862,120527,1
7035,67397,23546,74432,30581,90943,0
50565,45279,57432,95844,107997,102711,1
97851,22892,73310,120743,171161,96202,0
76281,32078,93426,108359,169707,125504,1
20302,10966,71734,31268,92036,82700,0
1006,48173,40428,49179,41434,88601,0
96666,41305,12223,137971,108889,53528,0
47088,35555,29219,82643,76307,64774,1
99472,49530,58241,149002,157713,107771,1
98147,46399,65027,144546,163174,111426,1
65034,63925,20114,128959,85148,84039,1
34832,73370,8358,108202,43190,81728,0
2818,94326,89302,97144,92120,183628,0
11896,89776,98169,101672,110065,187945,1
91268,89661,15315,180929,106583,104976,1
92644,94540,56797,187184,149441,151337,1
47097,20677,77441,67774,124538,98118,0
59473,81611,33208,141084,92681,114819,1
23249,24891,28081,48140,51330,52972,1
29371,48731,56065,78102,85436,104796,1
55159,92860,29471,148019,84630,122331,0
14426,36295,71251,50721,85677,107546,0
36480,40280,61036,76760,97516,101316,1
52200,25064,70780,77264,122980,95844,1
99328,74359,35630,173687,134958,109989,1
89957,72879,9965,162836,99922,82844,0
3435,94351,85454,97786,88889,179805,0
15754,71913,85271,87667,101025,157184,1
2372,43006,88142,45378,90514,131148,0
20941,64451,39157,85392,60098,103608,0
6449,76528,60695,82977,67144,137223,0
76152,18183,16057,94335,92209,34240,0
71212,30278,66747,101490,137959,97025,1
37780,5760,97818,43540,135598,103578,0
22786,77065,16560,99851,39346,93625,0
83997,23547,28176,107544,112173,51723,0
65626,45454,38085,111080,103711,83539,1
79528,18772,45579,98300,125107,64351,0
41690,70472,82129,112162,123819,152601,1
70067,37254,75367,107321,145434,112621,1
55599,45663,93806,101262,149405,139469,1
30460,75848,81467,106308,111927,157315,1
93666,79854,74562,173520,168228,154416,1
26259,79307,72024,105566,98283,151331,1
65888,25573,48147,91461,114035,73720,1
2549,7604,22552,10153,25101,30156,0
16985,60038,70291,77023,87276,130329,1
2785,18508,57571,21293,60356,76079,0
4529,35127,24655,39656,29184,59782,0
14895,68682,40542,83577,55437,109224,0
49947,66360,99405,116307,149352,165765,1
1594,79828,62265,81422,63859,142093,0
41518,95410,2771,136928,44289,98181,0
87351,76235,79120,163586,166471,155355,1
39979,51939,72396,91918,112375,124335,1
31049,64298,11330,95347,42379,75628,0
88503,61524,37465,150027,125968,98989,1
86639,54463,57077,141102,143716,111540,1
34369,8362,63792,42731,98161,72154,0
37521,70746,84312,108267,121833,155058,1
87530,16737,48660,104267,136190,65397,0
48380,69451,95243,117831,143623,164694,1
81263,38435,1296,119698,82559,39731,0
85614,86945,79083,172559,164697,166028,1
55801,30981,78767,86782,134568,109748,1
50658,83112,52201,133770,102859,135313,1
44610,82389,77432,126999,122042,159821,1
25882,20478,73638,46360,99520,94116,0
4593,23892,42353,28485,46946,66245,0
41884,13530,22381,55414,64265,35911,0
79731,58519,60290,138250,140021,118809,1
99646,98500,85768,198146,185414,184268,1
58095,99760,24238,157855,82333,123998,0
67068,11468,96729,78536,163797,108197,0
35232,99995,74510,135227,109742,174505,1
10227,23235,37356,33462,47583,60591,0
13167,37682,58589,50849,71756,96271,0
27568,13462,63715,41030,91283,77177,0
36646,59392,3268,96038,39914,62660,0
59469,88442,4520,147911,63989,92962,0
76255,92572,94013,168827,170268,186585,1
65138,15868,46522,81006,111660,62390,0
64080,65884,42005,129964,106085,107889,1
32455,39898,8242,72353,40697,48140,1
31771,57386,18785,89157,50556,76171,0
86359,14050,15812,100409,102171,29862,0
92721,78402,86533,171123,179254,164935,1
15791,36048,75614,51839,91405,111662,0
73323,74684,48040,148007,121363,122724,1
18519,44139,52482,62658,71001,96621,1
66665,2420,84884,69085,151549,87304,0
74429,45604,12087,120033,86516,57691,0
75192,62973,18556,138165,93748,81529,1
51342,29814,17779,81156,69121,47593,0
11078,17617,28959,28695,40037,46576,0
68628,41516,16790,110144,85418,58306,0
69805,4070,32860,73875,102665,36930,0
85684,18590,78584,104274,164268,97174,1
45708,18002,71072,63710,116780,89074,0
31164,8966,36745,40130,67909,45711,1
74184,96498,90946,170682,165130,187444,1
21840,63283,19223,85123,41063,82506,0
62010,76452,17531,138462,79541,93983,1
867,56946,13440,57813,14307,70386,0
56203,29288,29585,85491,85788,58873,1
63632,85791,84132,149423,147764,169923,1
40101,17264,45668,57365,85769,62932,1
93423,66560,90735,159983,184158,157295,1
5147,24436,71366,29583,76513,95802,0
60607,25922,63785,86529,124392,89707,1
54046,35037,77694,89083,131740,112731,1
64085,47132,80854,111217,144939,127986,1
43807,26911,46613,70718,90420,73524,1
18069,89234,18057,107303,36126,107291,0
1550,73502,80015,75052,81565,153517,0
54516,42564,54280,97080,108796,96844,1
53663,74708,27891,128371,81554,102599,1
79950,559,14591,80509,94541,15150,0
66968,55103,82215,122071,149183,137318,1
88761,46792,50022,135553,138783,96814,1
8841,15092,15961,23933,24802,31053,1
21218,42758,96594,63976,117812,139352,0
67547,56784,16722,124331,84269,73506,1
42417,72637,53437,115054,95854,126074,1
44848,34042,70412,78890,115260,104454,1
99547,31550,38297,131097,137844,69847,0
55730,59610,98688,115340,154418,158298,1
99176,85517,10635,184693,109811,96152,0
55766,89613,82867,145379,138633,172480,1
70370,55994,56128,126364,126498,112122,1
95633,46319,82328,141952,177961,128647,1
28861,90716,36967,119577,65828,127683,0
15005,63730,88603,78735,103608,152333,0
74349,8734,26083,83083,100432,34817,0
20268,58915,90051,79183,110319,148966,0
18691,19908,61534,38599,80225,81442,0
27777,79773,95342,107550,123119,175115,1
35086,76421,59728,111507,94814,136149,1
38266,3670,55208,41936,93474,58878,0
5426,33116,25965,38542,31391,59081,0
1055,52248,85388,53303,86443,137636,0
73925,9410,74835,83335,148760,84245,1
98777,31216,53086,129993,151863,84302,0
41433,15793,60247,57226,101680,76040,0
25256,2865,17674,28121,42930,20539,0
5719,80663,88481,86382,94200,169144,0
31843,10224,84369,42067,116212,94593,0
9112,29235,49303,38347,58415,78538,0
67873,88473,10359,156346,78232,98832,0
75816,4003,91884,79819,167700,95887,0
2566,87591,26542,90157,29108,114133,0
44804,56457,63508,101261,108312,119965,1
30710,98622,92840,129332,123550,191462,1
4462,29996,64385,34458,68847,94381,0
52564,68269,87472,120833,140036,155741,1
74479,15262,2556,89741,77035,17818,0
4817,83727,80023,88544,84840,163750,1
38548,44922,25897,83470,64445,70819,1
58791,53119,77039,111910,135830,130158,1
26302,36313,2487,62615,28789,38800,0
46471,63805,22097,110276,68568,85902,1
29268,18604,10794,47872,40062,29398,1
53305,97213,55165,150518,108470,152378,1
10649,15432,38136,26081,48785,53568,0
45138,40201,8581,85339,53719,48782,1
93316,69449,32826,162765,126142,102275,1
17560,21351,99271,38911,116831,120622,0
18691,91375,18014,110066,36705,109389,0
68893,57204,94607,126097,163500,151811,1
81990,4541,78361,86531,160351,82902,1
3646,1243,56112,4889,59758,57355,0
89690,58038,68000,147728,157690,126038,1
47750,52218,21446,99968,69196,73664,1
19758,12288,94393,32046,114151,106681,0
49892,41596,22980,91488,72872,64576,1
73649,67595,80420,141244,154069,148015,1
31930,47661,41884,79591,73814,89545,1
10730,36080,98873,46810,109603,134953,0
39800,49025,65171,88825,104971,114196,1
17140,52426,90324,69566,107464,142750,0
91453,29577,75483,121030,166936,105060,1
74568,94398,15478,168966,90046,109876,0
71991,85848,14744,157839,86735,100592,1
90035,57941,5700,147976,95735,63641,0
15178,23527,8897,38705,24075,32424,1
45309,16334,24728,61643,70037,41062,0
42074,10188,26896,52262,68970,37084,0
38091,4424,85454,42515,123545,89878,0
96867,38243,52132,135110,148999,90375,0
81738,41405,28058,123143,109796,69463,0
66044,45356,97429,111400,163473,142785,1
40736,24395,52669,65131,93405,77064,1
64593,48176,66672,112769,131265,114848,1
59479,36109,6802,95588,66281,42911,0
25830,89086,84660,114916,110490,173746,1
13756,63013,12913,76769,26669,75926,0
61033,87426,28787,148459,89820,116213,1
19662,95743,57956,115405,77618,153699,0
13222,75688,59221,88910,72443,134909,0
63817,64552,23082,128369,86899,87634,1
56586,83369,53342,139955,109928,136711,1
11084,33741,86549,44825,97633,120290,0
64258,94371,83444,158629,147702,177815,1
48338,77339,23119,125677,71457,100458,0
51555,60023,41907,111578,93462,101930,1
97961,39250,24233,137211,122194,63483,0
88872,68767,36715,157639,125587,105482,1
23967,23829,96814,47796,120781,120643,0
3914,49546,91988,53460,95902,141534,0
16984,26905,94222,43889,111206,121127,0
45644,45023,68755,90667,114399,113778,1
82836,98093,49756,180929,132592,147849,1
71536,58364,66494,129900,138030,124858,1
75074,49045,42108,124119,117182,91153,1
97961,26293,75218,124254,173179,101511,1
64100,24438,31772,88538,95872,56210,0
98572,76611,70454,175183,169026,147065,1
69940,83727,37761,153667,107701,121488,1
74688,98959,43023,173647,117711,141982,1
65515,55318,94178,120833,159693,149496,1
92368,99555,77870,191923,170238,177425,1
73508,80064,54524,153572,128032,134588,1
9591,60709,28875,70300,38466,89584,0
1739,97640,85625,99379,87364,183265,0
10679,84623,66985,95302,77664,151608,0
8223,4348,65812,12571,74035,70160,0
38392,42074,34740,80466,73132,76814,1
3681,29803,18093,33484,21774,47896,0
89549,80492,59691,170041,149240,140183,1
16684,34809,70216,51493,86900,105025,0
84208,902,29944,85110,114152,30846,0
83529,73324,51482,156853,135011,124806,1
60927,16707,55696,77634,116623,72403,1
12137,38590,71190,50727,83327,109780,0
77086,6988,72636,84074,149722,79624,1
52539,2217,47618,54756,100157,49835,0
4055,89022,23020,93077,27075,112042,0
29938,24098,66094,54036,96032,90192,0
44208,88454,1320,132662,45528,89774,0
56363,89991,51429,146354,107792,141420,1
20032,65924,456,85956,20488,66380,0
71599,65811,6605,137410,78204,72416,1
29480,55123,75418,84603,104898,130541,1
13725,77556,47082,91281,60807,124638,0
3999,30878,79620,34877,83619,110498,0
23877,70238,11538,94115,35415,81776,0
38564,34686,31556,73250,70120,66242,1
57249,74774,48936,132023,106185,123710,1
58269,46487,23348,104756,81617,69835,1
65552,17980,36343,83532,101895,54323,0
32566,96866,28451,129432,61017,125317,0
34791,17263,51114,52054,85905,68377,1
5897,74211,56706,80108,62603,130917,0
38771,37192,93811,75963,132582,131003,0
74004,74376,13626,148380,87630,88002,1
40187,75302,78852,115489,119039,154154,1
25352,75410,29739,100762,55091,105149,0
90125,97163,56457,187288,146582,153620,1
18227,10231,46464,28458,64691,56695,0
6898,48151,63487,55049,70385,111638,0
19893,19517,62473,39410,82366,81990,0
47250,26925,90095,74175,137345,117020,0
30076,16376,97428,46452,127504,113804,0
6476,73116,3925,79592,10401,77041,0
47269,14587,27788,61856,75057,42375,0
8687,17964,13570,26651,22257,31534,1
43993,41790,4739,85783,48732,46529,1
16753,90137,76484,106890,93237,166621,1
16427,73861,1117,90288,17544,74978,0
8907,10340,79143,19247,88050,89483,0
87042,55845,1059,142887,88101,56904,0
88981,10376,62369,99357,151350,72745,0
90226,59353,93132,149579,183358,152485,1
61857,2393,22615,64250,84472,25008,0
12714,89477,28913,102191,41627,118390,0
19571,9934,27912,29505,47483,37846,1
15827,83757,61720,99584,77547,145477,0
40922,89402,49465,130324,90387,138867,1
4420,61962,44344,66382,48764,106306,0
87538,92032,6244,179570,93782,98276,1
40931,32743,43889,73674,84820,76632,1
84503,50412,60830,134915,145333,111242,1
22846,94730,17796,117576,40642,112526,0
86222,88774,87676,174996,173898,176450,1
72277,1321,36803,73598,109080,38124,0
35364,963,67169,36327,102533,68132,0
31668,87615,24278,119283,55946,111893,0
63306,35316,95887,98622,159193,131203,1
78270,85427,12564,163697,90834,97991,1
11199,86720,34789,97919,45988,121509,0
44494,94453,84487,138947,128981,178940,1
22988,4934,96721,27922,119709,101655,0
3178,40697,21293,43875,24471,61990,0
10163,68872,24662,79035,34825,93534,0
89998,61489,94733,151487,184731,156222,1
72925,38223,61598,111148,134523,99821,1
86176,44746,54721,130922,140897,99467,1
72855,3341,67383,76196,140238,70724,0
1925,35461,71619,37386,73544,107080,0
45055,35265,84943,80320,129998,120208,0
90235,58690,24905,148925,115140,83595,0
69394,99242,42398,168636,111792,141640,1
8328,70324,79520,78652,87848,149844,0
725,17273,61500,17998,62225,78773,0
46639,89849,47728,136488,94367,137577,1
92116,67603,80900,159719,173016,148503,1
79377,39463,43954,118840,123331,83417,1
36164,19855,66147,56019,102311,86002,0
66260,19397,37160,85657,103420,56557,0
4904,23046,34534,27950,39438,57580,0
64747,74598,46939,139345,111686,121537,1
67355,66140,95647,133495,163002,161787,1
23530,32098,58657,55628,82187,90755,0
36387,11133,29013,47520,65400,40146,1
96345,89895,62382,186240,158727,152277,1
25036,91614,51617,116650,76653,143231,0
89968,24490,33578,114458,123546,58068,0
29338,16848,73368,46186,102706,90216,0
77771,37273,8737,115044,86508,46010,0
78469,49597,9162,128066,87631,58759,0
56871,62680,1060,119551,57931,63740,0
85092,92699,9093,177791,94185,101792,1
96124,64741,28807,160865,124931,93548,0
50969,47218,10890,98187,61859,58108,1
60296,6568,98038,66864,158334,104606,0
1286,91563,84017,92849,85303,175580,0
85399,90059,54604,175458,140003,144663,1
17000,17704,70433,34704,87433,88137,0
774,89020,93535,89794,94309,182555,0
42622,1379,96029,44001,138651,97408,0
21713,40670,69782,62383,91495,110452,0
69130,34716,38838,103846,107968,73554,1
38179,29676,72593,67855,110772,102269,0
237,83775,3650,84012,3887,87425,0
77684,60886,95912,138570,173596,156798,1
33635,18463,74709,52098,108344,93172,0
36974,48442,59998,85416,96972,108440,1
20359,78201,58733,98560,79092,136934,1
76189,65571,45370,141760,121559,110941,1
78298,51752,48353,130050,126651,100105,1
19488,59188,47019,78676,66507,106207,1
38319,27305,15116,65624,53435,42421,1
15454,61027,99262,76481,114716,160289,0
67341,67873,78963,135214,146304,146836,1
91611,54026,17558,145637,109169,71584,0
97589,90577,29696,188166,127285,120273,1
75990,60413,79434,136403,155424,139847,1
28520,78089,43870,106609,72390,121959,0
17200,79505,8983,96705,26183,88488,0
97984,62710,8686,160694,106670,71396,0
33414,20166,91005,53580,124419,111171,0
14867,55363,34377,70230,49244,89740,0
35976,55152,74147,91128,110123,129299,1
47907,21927,69338,69834,117245,91265,1
12847,15308,15517,28155,28364,30825,1
3209,82682,2882,85891,6091,85564,0
63399,79543,41323,142942,104722,120866,1
8076,16426,89701,24502,97777,106127,0
74696,86944,60890,161640,135586,147834,1
1865,87237,89611,89102,91476,176848,0
22819,71848,30546,94667,53365,102394,0
72536,86870,4570,159406,77106,91440,0
40481,98948,11997,139429,52478,110945,0
98472,27467,71008,125939,169480,98475,1
17364,96062,37967,113426,55331,134029,0
19774,91033,88233,110807,108007,179266,1
84083,17599,23102,101682,107185,40701,0
76948,1173,22618,78121,99566,23791,0
75172,19733,40502,94905,115674,60235,0
91422,86966,31366,178388,122788,118332,1
36787,81489,43914,118276,80701,125403,0
58929,16499,52907,75428,111836,69406,1
19048,16068,37951,35116,56999,54019,0
24563,35201,53511,59764,78074,88712,1
6727,33166,58212,39893,64939,91378,0
70924,75572,52998,146496,123922,128570,1
46157,99923,96135,146080,142292,196058,1
9969,41540,88939,51509,98908,130479,0
33755,25740,99141,59495,132896,124881,0
91880,63750,28495,155630,120375,92245,1
31340,8388,77865,39728,109205,86253,0
70781,43109,86463,113890,157244,129572,1
66914,95609,52170,162523,119084,147779,1
73829,87992,10017,161821,83846,98009,0
33903,73711,20663,107614,54566,94374,0
87892,41888,79029,129780,166921,120917,1
66356,16470,88334,82826,154690,104804,0
65743,84524,41103,150267,106846,125627,1
20367,44298,29173,64665,49540,73471,1
64692,61113,11151,125805,75843,72264,1
61204,46982,5816,108186,67020,52798,0
79796,10830,56484,90626,136280,67314,0
62547,67551,71434,130098,133981,138985,1
95178,44053,10465,139231,105643,54518,0
73666,7183,10795,80849,84461,17978,0
62923,58734,6150,121657,69073,64884,1
59988,18580,9514,78568,69502,28094,0
3028,40205,85276,43233,88304,125481,0
20098,52621,94951,72719,115049,147572,0
14556,39362,69215,53918,83771,108577,0
87707,44897,3505,132604,91212,48402,0
25122,24131,80120,49253,105242,104251,0
55522,95800,10582,151322,66104,106382,0
30394,2181,93324,32575,123718,95505,0
8223,27126,21365,35349,29588,48491,1
88574,55442,8471,144016,97045,63913,0
25416,41089,90782,66505,116198,131871,0
33998,99722,85987,133720,119985,185709,1
73872,83196,3679,157068,77551,86875,0
35257,86218,25773,121475,61030,111991,0
44046,6176,4896,50222,48942,11072,0
42923,56291,99756,99214,142679,156047,0
33505,83253,92051,116758,125556,175304,1
32032,23373,36376,55405,68408,59749,1
94601,472,92521,95073,187122,92993,0
4901,41848,32838,46749,37739,74686,0
19276,10259,72010,29535,91286,82269,0
18257,87868,96268,106125,114525,184136,1
56635,68181,41248,124816,97883,109429,1
36313,705,52512,37018,88825,53217,0
82657,28955,16171,111612,98828,45126,0
92510,8856,42035,101366,134545,50891,0
12836,30204,24003,43040,36839,54207,1
26779,31828,52712,58607,79491,84540,1
92519,7329,98875,99848,191394,106204,1
55972,52650,8830,108622,64802,61480,1
1057,92201,45400,93258,46457,137601,0
41825,13795,32721,55620,74546,46516,1
45450,46947,84098,92397,129548,131045,1
18480,12707,25280,31187,43760,37987,1
73879,61573,85338,135452,159217,146911,1
68898,23711,87787,92609,156685,111498,1
41954,69514,91351,111468,133305,160865,1
27826,63618,78717,91444,106543,142335,1
95545,7154,82007,102699,177552,89161,0
67522,6639,7385,74161,74907,14024,0
89866,99022,22413,188888,112279,121435,1
4944,87466,37882,92410,42826,125348,0
89483,34315,34778,123798,124261,69093,0
55998,99189,1347,155187,57345,100536,0
91358,31201,46070,122559,137428,77271,0
7817,64112,39315,71929,47132,103427,0
93683,13841,2369,107524,96052,16210,0
33646,51917,67052,85563,100698,118969,1
73018,63424,19793,136442,92811,83217,1
14377,27756,43258,42133,57635,71014,0
13318,2589,61616,15907,74934,64205,0
51719,74760,30673,126479,82392,105433,1
55396,34259,33674,89655,89070,67933,1
88876,13193,37522,102069,126398,50715,0
96958,22185,35911,119143,132869,58096,0
86860,52647,58647,139507,145507,111294,1
33336,46525,33943,79861,67279,80468,1
55534,11170,87295,66704,142829,98465,0
9996,8777,23859,18773,33855,32636,0
43026,16303,94145,59329,137171,110448,0
23421,5815,57605,29236,81026,63420,0
68358,48918,66927,117276,135285,115845,1
75278,18086,72897,93364,148175,90983,1
43399,51405,53545,94804,96944,104950,1
57124,66830,72547,123954,129671,139377,1
45404,23230,60193,68634,105597,83423,1
46892,13421,48575,60313,95467,61996,1
14550,96881,66936,111431,81486,163817,0
53717,51553,64348,105270,118065,115901,1
58491,39092,2550,97583,61041,41642,0
69776,98854,39075,168630,108851,137929,1
60152,90638,85203,150790,145355,175841,1
4481,54582,64339,59063,68820,118921,0
35942,83069,96515,119011,132457,179584,1
70911,7698,4527,78609,75438,12225,0
16098,37447,76746,53545,92844,114193,0
93380,89791,39308,183171,132688,129099,1
4588,83121,6717,87709,11305,89838,0
22335,66380,11875,88715,34210,78255,0
37657,51583,54541,89240,92198,106124,1
48091,4772,51807,52863,99898,56579,1
49455,23281,98925,72736,148380,122206,0
30188,36253,98433,66441,128621,134686,0
35753,33985,26176,69738,61929,60161,1
92728,93342,16347,186070,109075,109689,1
61312,36156,31306,97468,92618,67462,1
51282,46317,76435,97599,127717,122752,1
64539,11003,94881,75542,159420,105884,0
28503,17063,99002,45566,127505,116065,0
14261,10501,53426,24762,67687,63927,0
22652,4816,37074,27468,59726,41890,0
81086,63963,10037,145049,91123,74000,0
15705,52379,87921,68084,103626,140300,0
32092,59589,21060,91681,53152,80649,0
60249,17160,89140,77409,149389,106300,0
35882,3959,6067,39841,41949,10026,0
71875,98001,46915,169876,118790,144916,1
27028,8428,531,35456,27559,8959,0
9123,35444,78189,44567,87312,113633,0
46619,41710,45707,88329,92326,87417,1
46898,46606,25905,93504,72803,72511,1
83858,48904,5720,132762,89578,54624,0
81186,75887,83706,157073,164892,159593,1
40754,73003,90382,113757,131136,163385,1
80714,29510,42159,110224,122873,71669,0
88402,20876,84146,109278,172548,105022,1
87863,55985,59071,143848,146934,115056,1
40136,68609,20274,108745,60410,88883,0
59251,79512,55072,138763,114323,134584,1
39485,33018,89531,72503,129016,122549,0
75093,1085,5615,76178,80708,6700,0
57486,12349,99631,69835,157117,111980,0
88753,79371,23137,168124,111890,102508,1
37126,44286,69362,81412,106488,113648,1
14195,99347,74114,113542,88309,173461,0
34781,16808,66688,51589,101469,83496,0
59965,56061,17390,116026,77355,73451,1
79509,50637,10957,130146,90466,61594,0
37831,86116,54580,123947,92411,140696,1
94493,58495,51996,152988,146489,110491,1
82335,64449,54907,146784,137242,119356,1
9766,41696,56452,51462,66218,98148,0
51029,87689,28000,138718,79029,115689,0
22232,98387,75348,120619,97580,173735,0
339,9983,89675,10322,90014,99658,0
43418,91283,91168,134701,134586,182451,1
45145,37555,61832,82700,106977,99387,1
28703,48975,58370,77678,87073,107345,1
21601,6899,70242,28500,91843,77141,0
81151,60008,68750,141159,149901,128758,1
3870,33912,93523,37782,97393,127435,0
83632,59140,73147,142772,156779,132287,1
1282,6126,91660,7408,92942,97786,0
38006,99755,92990,137761,130996,192745,1
61531,69050,9497,130581,71028,78547,1
84283,23909,35269,108192,119552,59178,0
26412,3905,96634,30317,123046,100539,0
18097,3838,83560,21935,101657,87398,0
15106,79480,84158,94586,99264,163638,1
63551,26579,94466,90130,158017,121045,0
83738,1120,73033,84858,156771,74153,0
73914,29529,9265,103443,83179,38794,0
20354,14123,94785,34477,115139,108908,0
56566,19033,72583,75599,129149,91616,1
2688,26793,61338,29481,64026,88131,0
36577,53830,20401,90407,56978,74231,1
78223,75255,87717,153478,165940,162972,1
90652,63629,68563,154281,159215,132192,1
18801,28180,11434,46981,30235,39614,1
47074,7989,41942,55063,89016,49931,1
48829,57989,5106,106818,53935,63095,0
81709,57872,50005,139581,131714,107877,1
4490,34646,59109,39136,63599,93755,0
86212,93827,34661,180039,120873,128488,1
42019,63300,99443,105319,141462,162743,1
16997,98350,36576,115347,53573,134926,0
6424,34845,19078,41269,25502,53923,0
16677,55088,67299,71765,83976,122387,1
36892,84505,42508,121397,79400,127013,0
21608,10446,47582,32054,69190,58028,0
66790,50018,63783,116808,130573,113801,1
32729,64186,96818,96915,129547,161004,1
76807,98538,9145,175345,85952,107683,0
59695,5967,29515,65662,89210,35482,0
69060,4356,68533,73416,137593,72889,1
50546,73119,25899,123665,76445,99018,1
55491,21402,72872,76893,128363,94274,1
8412,24730,68405,33142,76817,93135,0
82051,67731,62339,149782,144390,130070,1
70874,88471,37467,159345,108341,125938,1
39757,19713,98283,59470,138040,117996,0
58083,78915,88175,136998,146258,167090,1
87495,94883,2384,182378,89879,97267,0
75246,24215,28409,99461,103655,52624,0
84977,37861,27120,122838,112097,64981,0
79870,27661,39318,107531,119188,66979,0
14048,75624,65865,89672,79913,141489,1
67980,90702,56428,158682,124408,147130,1
34486,13164,22042,47650,56528,35206,1
54372,42194,94334,96566,148706,136528,1
78648,29268,28567,107916,107215,57835,0
66873,24989,74840,91862,141713,99829,1
5422,9675,10227,15097,15649,19902,1
14311,51232,76763,65543,91074,127995,0
18772,55954,31268,74726,50040,87222,0
94627,92623,53798,187250,148425,146421,1
13553,32984,24532,46537,38085,57516,1
66006,97390,72607,163396,138613,169997,1
15025,46577,85050,61602,100075,131627,0
55611,90934,65123,146545,120734,156057,1
49677,77739,47656,127416,97333,125395,1
94748,81247,73195,175995,167943,154442,1
98054,45782,82366,143836,180420,128148,1
87925,35845,49720,123770,137645,85565,0
21063,17675,56899,38738,77962,74574,0
18204,2834,77030,21038,95234,79864,0
83768,75370,49436,159138,133204,124806,1
16433,72675,40718,89108,57151,113393,0
28146,95429,64943,123575,93089,160372,0
45684,41615,56216,87299,101900,97831,1
40706,5804,87085,46510,127791,92889,0
66557,84366,41220,150923,107777,125586,1
54140,76956,94066,131096,148206,171022,1
58025,99997,599,158022,58624,100596,0
16439,82160,14211,98599,30650,96371,0
3550,60297,61859,63847,65409,122156,1
24874,23776,3181,48650,28055,26957,1
8320,84599,13522,92919,21842,98121,0
68591,25615,16546,94206,85137,42161,0
16318,62153,56963,78471,73281,119116,1
11164,1737,47500,12901,58664,49237,0
52256,40144,12573,92400,64829,52717,1
59919,31738,73559,91657,133478,105297,1
14352,12051,29151,26403,43503,41202,0
73459,84465,9410,157924,82869,93875,0
62784,24089,18927,86873,81711,43016,0
20199,61049,93351,81248,113550,154400,0
79899,23101,9466,103000,89365,32567,0
59780,68610,88773,128390,148553,157383,1
99386,54761,16563,154147,115949,71324,0
34792,44228,77648,79020,112440,121876,1
76406,44157,46935,120563,123341,91092,1
16145,18158,86108,34303,102253,104266,0
18339,58068,20402,76407,38741,78470,0
49659,45752,95309,95411,144968,141061,1
84308,72252,25876,156560,110184,98128,1
20491,46856,95709,67347,116200,142565,0
3890,97519,52104,101409,55994,149623,0
56366,52717,65381,109083,121747,118098,1
61985,81472,35324,143457,97309,116796,1
26590,46222,41792,72812,68382,88014,1
10969,1503,47041,12472,58010,48544,0
86530,10640,40671,97170,127201,51311,0
32441,76723,9856,109164,42297,86579,0
15470,1111,15875,16581,31345,16986,1
17589,56868,64729,74457,82318,121597,1
762,25012,39704,25774,40466,64716,0
27402,4825,49348,32227,76750,54173,0
94685,79434,61485,174119,156170,140919,1
20966,3958,19343,24924,40309,23301,1
30723,88731,73044,119454,103767,161775,1
63611,57819,42486,121430,106097,100305,1
50652,22978,58012,73630,108664,80990,1
74774,11430,31031,86204,105805,42461,0
36322,20786,67028,57108,103350,87814,0
55786,2320,77072,58106,132858,79392,0
82771,30924,21102,113695,103873,52026,0
20662,79833,90345,100495,111007,170178,1
60244,61494,92857,121738,153101,154351,1
18257,45270,66018,63527,84275,111288,0
20567,72390,88470,92957,109037,160860,1
5696,28476,51056,34172,56752,79532,0
22955,46776,6474,69731,29429,53250,0
38349,54317,52206,92666,90555,106523,1
22122,33045,78550,55167,100672,111595,0
48854,279,22469,49133,71323,22748,0
19353,78350,56051,97703,75404,134401,0
83359,84513,12769,167872,96128,97282,1
5392,96364,82020,101756,87412,178384,0
97738,40550,78050,138288,175788,118600,1
7139,66622,3167,73761,10306,69789,0
95055,18239,64377,113294,159432,82616,0
25278,82394,75334,107672,100612,157728,1
17045,82784,93273,99829,110318,176057,1
25231,38385,7359,63616,32590,45744,0
16933,56762,46127,73695,63060,102889,1
39427,70465,82636,109892,122063,153101,1
92472,14536,842,107008,93314,15378,0
74515,71547,82485,146062,157000,154032,1
75624,89514,97972,165138,173596,187486,1
15053,60901,56104,75954,71157,117005,1
60124,11040,11661,71164,71785,22701,0
84411,60724,17937,145135,102348,78661,0
64934,77379,295,142313,65229,77674,0
80491,30208,23211,110699,103702,53419,0
95335,35831,30289,131166,125624,66120,0
32318,22652,7720,54970,40038,30372,0
84743,50705,39613,135448,124356,90318,1
83098,94111,51546,177209,134644,145657,1
54899,13637,24909,68536,79808,38546,0
85131,55906,61752,141037,146883,117658,1
24755,67960,98976,92715,123731,166936,0
99041,15282,56512,114323,155553,71794,0
87848,70435,97233,158283,185081,167668,1
81996,14561,31794,96557,113790,46355,0
4447,27335,80546,31782,84993,107881,0
39135,24993,99887,64128,139022,124880,0
65572,98393,53961,163965,119533,152354,1
24056,75357,10644,99413,34700,86001,0
36341,65954,55719,102295,92060,121673,1
7288,75587,25000,82875,32288,100587,0
81596,86841,85652,168437,167248,172493,1
36488,32451,39570,68939,76058,72021,1
19811,47420,67018,67231,86829,114438,1
23894,81188,86973,105082,110867,168161,1
75006,10690,14351,85696,89357,25041,0
7098,87385,77617,94483,84715,165002,0
64858,12090,55409,76948,120267,67499,1
54546,31397,59133,85943,113679,90530,1
6414,57105,75240,63519,81654,132345,0
43500,4174,91879,47674,135379,96053,0
5442,39324,42009,44766,47451,81333,1
112,87698,8782,87810,8894,96480,0
35289,5884,27794,41173,63083,33678,0
22668,4256,63867,26924,86535,68123,0
22073,2680,3034,24753,25107,5714,0
10578,79143,10051,89721,20629,89194,0
77110,93059,94846,170169,171956,187905,1
52016,18333,36562,70349,88578,54895,1
65897,94610,25370,160507,91267,119980,0
69062,27366,94453,96428,163515,121819,1
25670,93592,6761,119262,32431,100353,0
84469,53198,47790,137667,132259,100988,1
88211,93334,74246,181545,162457,167580,1
52398,78143,91528,130541,143926,169671,1
23521,98965,23105,122486,46626,122070,0
7415,6416,68707,13831,76122,75123,0
74061,26589,39781,100650,113842,66370,0
25793,15825,53062,41618,78855,68887,0
80130,29561,4659,109691,84789,34220,0
94653,53699,99540,148352,194193,153239,1
93709,7146,12798,100855,106507,19944,0
57210,66475,87403,123685,144613,153878,1
90759,10450,45895,101209,136654,56345,0
23389,13638,27641,37027,51030,41279,1
16300,15695,13810,31995,30110,29505,1
98697,75361,70688,174058,169385,146049,1
69462,69761,2164,139223,71626,71925,1
83178,20785,37837,103963,121015,58622,0
20147,4984,70595,25131,90742,75579,0
17987,43967,65317,61954,83304,109284,0
41560,52422,53812,93982,95372,106234,1
61775,56949,40775,118724,102550,97724,1
13535,95440,5367,108975,18902,100807,0
84157,20804,16184,104961,100341,36988,0
25261,90625,69945,115886,95206,160570,1
5724,78016,86337,83740,92061,164353,0
52091,82100,81772,134191,133863,163872,1
24315,71921,25156,96236,49471,97077,0
8881,85266,91498,94147,100379,176764,1
37487,99675,17039,137162,54526,116714,0
64697,23919,4090,88616,68787,28009,0
43438,43958,81397,87396,124835,125355,1
12595,47283,15332,59878,27927,62615,0
60305,21318,22807,81623,83112,44125,0
52323,47878,96654,100201,148977,144532,1
55797,27101,85806,82898,141603,112907,0
17187,80750,54721,97937,71908,135471,0
64235,95019,1908,159254,66143,96927,0
54854,29730,17350,84584,72204,47080,0
14001,13676,51158,27677,65159,64834,0
74975,19672,33572,94647,108547,53244,0
10666,76764,7031,87430,17697,83795,0
56214,84544,41271,140758,97485,125815,1
41019,71044,38361,112063,79380,109405,1
24638,11692,80755,36330,105393,92447,0
34198,63430,59188,97628,93386,122618,1
600,75241,53300,75841,53900,128541,0
63239,51565,27727,114804,90966,79292,1
32128,85565,19343,117693,51471,104908,0
55116,29577,79281,84693,134397,108858,1
94377,93686,46881,188063,141258,140567,1
86507,7511,66702,94018,153209,74213,0
80864,49144,33823,130008,114687,82967,1
2536,65683,60044,68219,62580,125727,0
91524,52691,2112,144215,93636,54803,0
90358,91915,95712,182273,186070,187627,1
68032,57994,8818,126026,76850,66812,0
26075,54411,8720,80486,34795,63131,0
98040,5217,59541,103257,157581,64758,0
38309,7930,963,46239,39272,8893,0
73359,16145,7211,89504,80570,23356,0
79564,18052,16086,97616,95650,34138,0
58718,64959,10625,123677,69343,75584,1
44021,36475,94893,80496,138914,131368,0
9347,55636,16270,64983,25617,71906,0
39848,31138,21169,70986,61017,52307,1
56122,31458,61937,87580,118059,93395,1
29504,11003,27759,40507,57263,38762,1
6093,62879,67551,68972,73644,130430,1
20504,45427,42752,65931,63256,88179,1
87042,93691,66970,180733,154012,160661,1
10561,92934,63406,103495,73967,156340,0
69071,31082,81184,100153,150255,112266,1
97195,55492,49851,152687,147046,105343,1
68265,10948,63359,79213,131624,74307,1
35552,63629,59846,99181,95398,123475,1
27365,65000,87296,92365,114661,152296,1
88352,56726,89925,145078,178277,146651,1
336,57256,80977,57592,81313,138233,0
9115,95474,31874,104589,40989,127348,0
16429,32148,52572,48577,69001,84720,0
84223,42504,58079,126727,142302,100583,1
41907,83393,25104,125300,67011,108497,0
53152,82556,11073,135708,64225,93629,0
49098,12348,99691,61446,148789,112039,0
86432,58189,97538,144621,183970,155727,1
65500,78872,74745,144372,140245,153617,1
21603,50067,86282,71670,107885,136349,0
8384,8205,34002,16589,42386,42207,0
20097,24455,88389,44552,108486,112844,0
5161,47612,67796,52773,72957,115408,0
13202,40369,37953,53571,51155,78322,1
46895,48806,95459,95701,142354,144265,1
98876,57522,93043,156398,191919,150565,1
49833,38402,13399,88235,63232,51801,1
77676,77234,19695,154910,97371,96929,1
81194,12812,61088,94006,142282,73900,0
22384,72970,95436,95354,117820,168406,0
27357,16466,47747,43823,75104,64213,0
19956,32187,87379,52143,107335,119566,0
79023,95724,77196,174747,156219,172920,1
21631,33289,9803,54920,31434,43092,0
84155,33235,139,117390,84294,33374,0
4252,63236,18104,67488,22356,81340,0
86561,8058,39700,94619,126261,47758,0
58210,22545,7624,80755,65834,30169,0
4078,87541,98282,91619,102360,185823,0
40480,47419,39214,87899,79694,86633,1
87768,27780,86644,115548,174412,114424,1
51733,85214,27468,136947,79201,112682,0
59913,12109,50663,72022,110576,62772,1
76409,47083,65367,123492,141776,112450,1
47836,38025,40045,85861,87881,78070,1
96413,47836,86673,144249,183086,134509,1
69518,56096,56101,125614,125619,112197,1
43323,17095,54737,60418,98060,71832,1
58057,32589,95240,90646,153297,127829,0
20232,66647,64959,86879,85191,131606,1
92330,80525,18427,172855,110757,98952,1
62542,15601,14734,78143,77276,30335,0
66159,50674,49281,116833,115440,99955,1
67179,86692,40276,153871,107455,126968,1
10141,94890,16441,105031,26582,111331,0
75585,33066,56859,108651,132444,89925,1
74568,56952,42881,131520,117449,99833,1
56505,5640,42516,62145,99021,48156,0
92658,77588,67604,170246,160262,145192,1
72841,57548,93388,130389,166229,150936,1
21698,14888,96670,36586,118368,111558,0
82220,5436,13394,87656,95614,18830,0
39594,10223,33340,49817,72934,43563,1
73030,53094,68279,126124,141309,121373,1
11176,2435,39855,13611,51031,42290,0
55156,93072,19465,148228,74621,112537,0
38842,77647,39189,116489,78031,116836,1
56817,90910,72232,147727,129049,163142,1
92224,19472,48172,111696,140396,67644,0
9346,9355,37467,18701,46813,46822,0
59734,72184,76267,131918,136001,148451,1
37678,63690,5115,101368,42793,68805,0
46528,13273,36134,59801,82662,49407,1
62863,54567,75961,117430,138824,130528,1
14728,37480,95643,52208,110371,133123,0
70886,16761,16460,87647,87346,33221,0
72235,93772,54610,166007,126845,148382,1
47660,96771,12173,144431,59833,108944,0
5586,51053,34866,56639,40452,85919,0
10131,37416,60372,47547,70503,97788,0
76249,16275,6994,92524,83243,23269,0
73720,45360,40919,119080,114639,86279,1
38745,16302,26480,55047,65225,42782,1
42386,45316,77242,87702,119628,122558,1
84630,70344,66808,154974,151438,137152,1
36692,66056,18413,102748,55105,84469,0
73983,23301,37387,97284,111370,60688,0
65164,61704,50757,126868,115921,112461,1
40903,91608,49788,132511,90691,141396,0
71489,58884,11910,130373,83399,70794,0
42410,59161,34794,101571,77204,93955,1
72224,58149,27664,130373,99888,85813,1
73638,50982,90013,124620,163651,140995,1
80304,56805,87705,137109,168009,144510,1
79868,5077,3412,84945,83280,8489,0
78459,50552,61928,129011,140387,112480,1
86486,42129,39242,128615,125728,81371,0
21365,7299,53507,28664,74872,60806,0
46514,85039,99235,131553,145749,184274,1
30461,71599,89600,102060,120061,161199,1
80174,16281,39778,96455,119952,56059,0
28702,26455,64470,55157,93172,90925,0
11036,91565,72301,102601,83337,163866,0
87689,35294,68976,122983,156665,104270,1
90217,68742,52455,158959,142672,121197,1
69166,9010,50134,78176,119300,59144,0
20172,88989,77455,109161,97627,166444,1
44585,12750,7821,57335,52406,20571,0
62495,34158,6640,96653,69135,40798,0
78853,72660,4296,151513,83149,76956,0
65025,85257,21573,150282,86598,106830,1
91477,90326,23141,181803,114618,113467,1
85097,91297,99471,176394,184568,190768,1
78655,83491,81413,162146,160068,164904,1
63759,10386,94372,74145,158131,104758,0
22488,45429,21436,67917,43924,66865,0
6216,73067,62175,79283,68391,135242,0
42681,55505,37627,98186,80308,93132,1
7661,80562,45604,88223,53265,126166,0
52603,27718,84848,80321,137451,112566,0
65350,45933,34094,111283,99444,80027,1
69843,54161,28994,124004,98837,83155,1
66962,85200,11981,152162,78943,97181,0
25247,77188,19025,102435,44272,96213,0
32780,84533,35779,117313,68559,120312,0
99667,3833,62108,103500,161775,65941,0
39072,5685,7981,44757,47053,13666,0
88074,47229,51188,135303,139262,98417,1
530,814,39097,1344,39627,39911,0
84992,74747,35575,159739,120567,110322,1
1746,52873,33498,54619,35244,86371,0
11791,27404,60354,39195,72145,87758,0
95839,73616,93297,169455,189136,166913,1
83658,45415,86016,129073,169674,131431,1
50434,47305,75638,97739,126072,122943,1
93571,27811,26407,121382,119978,54218,0
96922,60049,50772,156971,147694,110821,1
85697,78023,58396,163720,144093,136419,1
73677,92505,51906,166182,125583,144411,1
74174,87978,15630,162152,89804,103608,1
14176,14716,90102,28892,104278,104818,0
74790,80110,80763,154900,155553,160873,1
24554,81253,19725,105807,44279,100978,0
78835,81081,26039,159916,104874,107120,1
97620,97394,55131,195014,152751,152525,1
97168,31775,30488,128943,127656,62263,0
32355,88059,59334,120414,91689,147393,1
94847,43297,87652,138144,182499,130949,1
29200,26442,18638,55642,47838,45080,1
50727,11026,94242,61753,144969,105268,0
56773,86226,21916,142999,78689,108142,0
96143,67898,58334,164041,154477,126232,1
56256,62543,4697,118799,60953,67240,0
7167,3024,21515,10191,28682,24539,0
79068,75172,26857,154240,105925,102029,1
70570,53724,36728,124294,107298,90452,1
51613,41074,80030,92687,131643,121104,1
96063,27496,89287,123559,185350,116783,1
64942,91837,90385,156779,155327,182222,1
94897,84965,61524,179862,156421,146489,1
37114,12954,25873,50068,62987,38827,1
43345,24329,31025,67674,74370,55354,1
7878,38766,81490,46644,89368,120256,0
54979,34483,89589,89462,144568,124072,0
78565,73721,6925,152286,85490,80646,1
269,79606,17130,79875,17399,96736,0
87346,51936,87494,139282,174840,139430,1
73336,95791,33575,169127,106911,129366,1
5346,78892,99696,84238,105042,178588,0
74640,80273,65277,154913,139917,145550,1
4162,69836,59121,73998,63283,128957,0
52744,35684,19484,88428,72228,55168,1
77479,44078,66653,121557,144132,110731,1
50619,35260,42512,85879,93131,77772,1
72778,50591,71087,123369,143865,121678,1
49576,65703,88868,115279,138444,154571,1
52077,91822,78608,143899,130685,170430,1
88795,64399,50109,153194,138904,114508,1
31990,65640,50872,97630,82862,116512,1
49290,65163,87066,114453,136356,152229,1
53508,80160,89759,133668,143267,169919,1
54373,67678,13555,122051,67928,81233,1
19838,59970,65180,79808,85018,125150,1
25164,77529,937,102693,26101,78466,0
77678,1085,55459,78763,133137,56544,0
69330,29208,61845,98538,131175,91053,1
9104,99981,81600,109085,90704,181581,0
41839,43219,83854,85058,125693,127073,1
57723,74713,29636,132436,87359,104349,1
50360,59891,46923,110251,97283,106814,1
62047,52269,39524,114316,101571,91793,1
94334,18551,59748,112885,154082,78299,0
61511,77285,37459,138796,98970,114744,1
50420,5298,35501,55718,85921,40799,0
91280,90174,11693,181454,102973,101867,1
98248,57049,81584,155297,179832,138633,1
16364,64669,94506,81033,110870,159175,0
75899,40568,31020,116467,106919,71588,0
72649,1774,1878,74423,74527,3652,0
27024,66873,29591,93897,56615,96464,0
1293,32235,25871,33528,27164,58106,0
62209,22117,65535,84326,127744,87652,1
57778,44144,57404,101922,115182,101548,1
92558,91844,90829,184402,183387,182673,1
52957,36189,98456,89146,151413,134645,0
35681,76072,94945,111753,130626,171017,1
51858,30625,49339,82483,101197,79964,1
6978,65124,35488,72102,42466,100612,0
78175,75214,88065,153389,166240,163279,1
501,14587,91015,15088,91516,105602,0
98220,4156,36754,102376,134974,40910,0
93934,65332,56474,159266,150408,121806,1
27246,82186,41113,109432,68359,123299,0
24018,30976,4507,54994,28525,35483,0
95142,61842,13818,156984,108960,75660,0
51652,1022,48914,52674,100566,49936,0
30614,53399,16363,84013,46977,69762,0
36453,18997,98809,55450,135262,117806,0
32431,29034,8925,61465,41356,37959,1
60685,27383,53347,88068,114032,80730,1
74136,30245,82069,104381,156205,112314,1
57342,44431,42441,101773,99783,86872,1
11575,26737,82078,38312,93653,108815,0
63640,89424,33074,153064,96714,122498,1
70659,17869,15500,88528,86159,33369,0
49439,65558,57991,114997,107430,123549,1
87244,94569,221,181813,87465,94790,0
31541,77887,24873,109428,56414,102760,0
36104,90314,22161,126418,58265,112475,0
96911,47851,49630,144762,146541,97481,1
51705,35553,3143,87258,54848,38696,0
47319,51748,34872,99067,82191,86620,1
30963,65935,52222,96898,83185,118157,1
65932,884,88639,66816,154571,89523,0
34053,92977,3845,127030,37898,96822,0
55006,33675,17914,88681,72920,51589,0
40810,76349,55963,117159,96773,132312,1
84136,275,45803,84411,129939,46078,0
51228,36683,27639,87911,78867,64322,1
79494,70946,59089,150440,138583,130035,1
7540,53346,43706,60886,51246,97052,0
76535,69435,53224,145970,129759,122659,1
94006,92332,11630,186338,105636,103962,1
26479,6787,58406,33266,84885,65193,0
54796,37302,4697,92098,59493,41999,0
49158,1966,9164,51124,58322,11130,0
10151,42041,95760,52192,105911,137801,0
97682,68812,38986,166494,136668,107798,1
95947,87524,37331,183471,133278,124855,1
91389,68757,85994,160146,177383,154751,1
40122,59513,38501,99635,78623,98014,1
63161,12678,82837,75839,145998,95515,0
95439,30152,29186,125591,124625,59338,0
31020,93583,71498,124603,102518,165081,1
49659,6317,30275,55976,79934,36592,0
19520,86998,57024,106518,76544,144022,0
14134,2075,38200,16209,52334,40275,0
25885,1434,86341,27319,112226,87775,0
79652,24145,98228,103797,177880,122373,1
5298,93975,11625,99273,16923,105600,0
75766,35982,19120,111748,94886,55102,0
95846,45860,96804,141706,192650,142664,1
47617,58478,59983,106095,107600,118461,1
20053,47423,11203,67476,31256,58626,0
6268,50167,98123,56435,104391,148290,0
71709,78901,89787,150610,161496,168688,1
76439,65278,5770,141717,82209,71048,0
58568,18057,77014,76625,135582,95071,0
28148,23831,43893,51979,72041,67724,1
13196,28564,40899,41760,54095,69463,1
25007,49316,76598,74323,101605,125914,0
92777,80448,51233,173225,144010,131681,1
99876,16668,66854,116544,166730,83522,0
3063,26633,92552,29696,95615,119185,0
80776,16831,43260,97607,124036,60091,0
97072,90879,61800,187951,158872,152679,1
55626,85847,42924,141473,98550,128771,1
23501,56083,55193,79584,78694,111276,1
6620,6189,78338,12809,84958,84527,0
36901,52245,88343,89146,125244,140588,1
50666,49548,86856,100214,137522,136404,1
47103,4534,89999,51637,137102,94533,0
19770,39359,14887,59129,34657,54246,0
70926,16140,84340,87066,155266,100480,1
28876,42225,2213,71101,31089,44438,0
78021,39702,93812,117723,171833,133514,1
41670,15132,43214,56802,84884,58346,1
3645,89912,52250,93557,55895,142162,0
59112,89997,70762,149109,129874,160759,1
73845,85981,89668,159826,163513,175649,1
48551,8465,80291,57016,128842,88756,0
73346,52538,65384,125884,138730,117922,1
52664,25330,12223,77994,64887,37553,0
41504,98543,75214,140047,116718,173757,1
13286,57188,10887,70474,24173,68075,0
32533,37594,43206,70127,75739,80800,1
69223,88314,77100,157537,146323,165414,1
1386,3689,15138,5075,16524,18827,0
56236,99008,48013,155244,104249,147021,1
13174,61052,41668,74226,54842,102720,0
6558,54816,7331,61374,13889,62147,0
4426,3126,9480,7552,13906,12606,0
42992,46176,38258,89168,81250,84434,1
51299,79763,86247,131062,137546,166010,1
98405,7892,42892,106297,141297,50784,0
41170,83610,49628,124780,90798,133238,1
36269,38550,24476,74819,60745,63026,1
38649,12491,39304,51140,77953,51795,1
38337,5511,39753,43848,78090,45264,1
26128,74600,70940,100728,97068,145540,1
24443,6485,6399,30928,30842,12884,0
69564,43552,23499,113116,93063,67051,0
47979,76841,61073,124820,109052,137914,1
94457,10238,15463,104695,109920,25701,0
34782,82819,12337,117601,47119,95156,0
50785,24017,92230,74802,143015,116247,0
86686,71651,46089,158337,132775,117740,1
24057,6269,46813,30326,70870,53082,0
78350,74906,19740,153256,98090,94646,1
55347,69010,95296,124357,150643,164306,1
66020,7449,71979,73469,137999,79428,1
62701,75503,25938,138204,88639,101441,1
83574,62198,9768,145772,93342,71966,0
80588,66550,88734,147138,169322,155284,1
9809,64068,82525,73877,92334,146593,0
49846,91472,22130,141318,71976,113602,0
19680,93097,41371,112777,61051,134468,0
42132,40034,44556,82166,86688,84590,1
37910,86689,74465,124599,112375,161154,1
67957,33239,41765,101196,109722,75004,1
10408,4908,42429,15316,52837,47337,0
9605,79526,54080,89131,63685,133606,0
80554,80735,83482,161289,164036,164217,1
80586,4813,59257,85399,139843,64070,0
27234,98311,87751,125545,114985,186062,1
77213,46192,37843,123405,115056,84035,1
99671,54961,2078,154632,101749,57039,0
42596,7873,33352,50469,75948,41225,0
55469,36211,95488,91680,150957,131699,0
96502,35662,60079,132164,156581,95741,0
95872,86245,33736,182117,129608,119981,1
41314,94860,92239,136174,133553,187099,1
35023,28379,45034,63402,80057,73413,1
15662,48009,14939,63671,30601,62948,0
89526,61898,83562,151424,173088,145460,1
58388,35042,65323,93430,123711,100365,1
6764,33038,84681,39802,91445,117719,0
37272,35876,33792,73148,71064,69668,1
46206,74198,54448,120404,100654,128646,1
13376,56348,87775,69724,101151,144123,0
78330,69375,47353,147705,125683,116728,1
94225,6443,81230,100668,175455,87673,0
38197,91764,8994,129961,47191,100758,0
42821,62827,159,105648,42980,62986,0
84671,7901,2460,92572,87131,10361,0
4338,47192,6,51530,4344,47198,0
39574,64831,33949,104405,73523,98780,1
66712,274,53738,66986,120450,54012,0
56717,71081,57426,127798,114143,128507,1
92487,16647,63601,109134,156088,80248,0
95328,12152,57070,107480,152398,69222,0
35667,45766,38577,81433,74244,84343,1
39182,97307,81646,136489,120828,178953,1
58942,33511,46304,92453,105246,79815,1
38734,85954,75161,124688,113895,161115,1
78660,4123,29731,82783,108391,33854,0
51123,69786,11549,120909,62672,81335,0
75228,83802,36903,159030,112131,120705,1
73396,70630,25186,144026,98582,95816,1
98118,99853,7826,197971,105944,107679,1
27237,75347,2141,102584,29378,77488,0
51359,71995,66963,123354,118322,138958,1
96761,74075,26202,170836,122963,100277,1
28238,8825,55041,37063,83279,63866,0
44120,52211,73766,96331,117886,125977,1
63205,75567,23739,138772,86944,99306,1
29422,40185,51653,69607,81075,91838,1
6903,64934,94781,71837,101684,159715,0
41385,29431,77645,70816,119030,107076,0
62706,1366,55929,64072,118635,57295,0
58047,30069,44252,88116,102299,74321,1
97257,20415,53590,117672,150847,74005,0
59421,15240,88687,74661,148108,103927,0
70058,25068,47096,95126,117154,72164,1
46995,41838,59977,88833,106972,101815,1
84697,13868,7747,98565,92444,21615,0
40400,54675,22451,95075,62851,77126,1
18839,89164,21750,108003,40589,110914,0
24581,60329,44565,84910,69146,104894,1
99475,26932,43148,126407,142623,70080,0
77053,53458,30950,130511,108003,84408,1
34252,26303,25417,60555,59669,51720,1
45041,70302,78429,115343,123470,148731,1
84630,9899,72461,94529,157091,82360,0
47978,72305,95694,120283,143672,167999,1
98376,66824,79799,165200,178175,146623,1
56155,21748,49290,77903,105445,71038,1
5936,88005,34844,93941,40780,122849,0
38490,95365,62997,133855,101487,158362,1
92879,79710,43797,172589,136676,123507,1
2488,32,21918,2520,24406,21950,0
61523,94417,79422,155940,140945,173839,1
23327,48978,9173,72305,32500,58151,0
52835,41609,38154,94444,90989,79763,1
49833,52340,99580,102173,149413,151920,1
535,80469,47535,81004,48070,128004,0
82869,262,46146,83131,129015,46408,0
43185,18751,72583,61936,115768,91334,0
89528,21521,77702,111049,167230,99223,1
84727,11078,32759,95805,117486,43837,0
87399,87581,28266,174980,115665,115847,1
90522,77528,59469,168050,149991,136997,1
29685,70725,83116,100410,112801,153841,1
35138,98306,48067,133444,83205,146373,0
38384,38200,93870,76584,132254,132070,0
99838,79514,36889,179352,136727,116403,1
22077,64899,24463,86976,46540,89362,0
84283,36029,8655,120312,92938,44684,0
79309,73803,5403,153112,84712,79206,0
8337,10947,45086,19284,53423,56033,0
33627,7444,24292,41071,57919,31736,0
7454,77461,1425,84915,8879,78886,0
46963,7070,19799,54033,66762,26869,0
1898,97411,98428,99309,100326,195839,1
7307,81416,61278,88723,68585,142694,0
40344,9721,30745,50065,71089,40466,1
95069,15387,79686,110456,174755,95073,1
94721,47336,82889,142057,177610,130225,1
96713,56004,72454,152717,169167,128458,1
68531,44439,2635,112970,71166,47074,0
54588,89261,8359,143849,62947,97620,0
88479,10866,28236,99345,116715,39102,0
34069,32344,69889,66413,103958,102233,0
3859,12198,99961,16057,103820,112159,0
185,81914,38117,82099,38302,120031,0
66778,39977,47025,106755,113803,87002,1
92923,8634,25501,101557,118424,34135,0
14200,90168,97949,104368,112149,188117,1
82819,73478,56471,156297,139290,129949,1
23990,265,53593,24255,77583,53858,0
52846,1898,22293,54744,75139,24191,0
78161,68728,14822,146889,92983,83550,1
14643,2299,42111,16942,56754,44410,0
76553,49068,43181,125621,119734,92249,1
18547,77379,65459,95926,84006,142838,1
90064,5005,59078,95069,149142,64083,0
98254,33725,73648,131979,171902,107373,1
90838,97125,28001,187963,118839,125126,1
3815,47181,15733,50996,19548,62914,0
85306,69802,18917,155108,104223,88719,1
33970,28709,38922,62679,72892,67631,1
70045,55630,38753,125675,108798,94383,1
67016,80750,83479,147766,150495,164229,1
23011,81661,45909,104672,68920,127570,0
29570,75773,3060,105343,32630,78833,0
59178,63147,85426,122325,144604,148573,1
30648,40003,17938,70651,48586,57941,1
41343,49775,35087,91118,76430,84862,1
50831,42730,58215,93561,109046,100945,1
76486,6064,60390,82550,136876,66454,0
7108,5382,90871,12490,97979,96253,0
62615,23815,52214,86430,114829,76029,1
19125,82116,61609,101241,80734,143725,0
50766,78357,44120,129123,94886,122477,1
46511,14064,25020,60575,71531,39084,0
65702,25224,8414,90926,74116,33638,0
30744,36195,55997,66939,86741,92192,1
19309,79096,35445,98405,54754,114541,0
88595,11053,58051,99648,146646,69104,0
47999,39231,99026,87230,147025,138257,0
88606,2399,72018,91005,160624,74417,0
72632,79612,71185,152244,143817,150797,1
81173,8539,30095,89712,111268,38634,0
63510,5926,62587,69436,126097,68513,1
8754,89811,2167,98565,10921,91978,0
37586,8156,29305,45742,66891,37461,0
57348,60262,61380,117610,118728,121642,1
57274,56326,90872,113600,148146,147198,1
19855,7090,97041,26945,116896,104131,0
60063,32197,16610,92260,76673,48807,0
8226,55295,76331,63521,84557,131626,0
3906,23761,81280,27667,85186,105041,0
20385,7873,12669,28258,33054,20542,1
90395,65846,20993,156241,111388,86839,0
50148,50342,16487,100490,66635,66829,1
52181,9248,49412,61429,101593,58660,1
92823,83480,86539,176303,179362,170019,1
50343,17766,60939,68109,111282,78705,1
40893,13743,34567,54636,75460,48310,1
79592,24664,91054,104256,170646,115718,1
49010,23980,18967,72990,67977,42947,0
63420,10970,16608,74390,80028,27578,0
26765,88033,58222,114798,84987,146255,0
695,41690,20479,42385,21174,62169,0
53842,94857,78085,148699,131927,172942,1
54746,62319,41372,117065,96118,103691,1
46400,46365,60439,92765,106839,106804,1
294,3317,29764,3611,30058,33081,0
4892,89284,4584,94176,9476,93868,0
39340,9816,84168,49156,123508,93984,0
88081,12665,56628,100746,144709,69293,0
72783,43280,72014,116063,144797,115294,1
87535,78483,74504,166018,162039,152987,1
53327,16640,90077,69967,143404,106717,0
77496,15760,96544,93256,174040,112304,0
20477,92391,36696,112868,57173,129087,0
45587,63395,20114,108982,65701,83509,1
41831,26828,93733,68659,135564,120561,0
24849,92550,31810,117399,56659,124360,0
47,52751,98098,52798,98145,150849,0
76763,62774,6289,139537,83052,69063,0
33534,80719,61168,114253,94702,141887,1
2656,54371,6162,57027,8818,60533,0
93873,73358,91556,167231,185429,164914,1
55272,60625,49734,115897,105006,110359,1
51708,89695,8729,141403,60437,98424,0
34901,33123,39243,68024,74144,72366,1
73896,46206,63506,120102,137402,109712,1
88899,61921,83655,150820,172554,145576,1
429,25297,49282,25726,49711,74579,0
53299,8321,51145,61620,104444,59466,1
81199,15778,50583,96977,131782,66361,0
45048,44146,14675,89194,59723,58821,1
97778,93915,67579,191693,165357,161494,1
75282,66906,16652,142188,91934,83558,1
89326,9801,61169,99127,150495,70970,0
82860,52284,71545,135144,154405,123829,1
19819,68059,27961,87878,47780,96020,0
48923,27485,74731,76408,123654,102216,1
24147,69245,25668,93392,49815,94913,0
68920,25908,79923,94828,148843,105831,1
20645,55521,86793,76166,107438,142314,0
1860,89571,40744,91431,42604,130315,0
2038,46364,66920,48402,68958,113284,0
99126,74941,29590,174067,128716,104531,1
24227,54457,50866,78684,75093,105323,1
53603,37371,38672,90974,92275,76043,1
83534,26145,55532,109679,139066,81677,0
74693,99572,30049,174265,104742,129621,1
44926,60861,41178,105787,86104,102039,1
14448,55385,43277,69833,57725,98662,1
50964,2540,50919,53504,101883,53459,1
72572,83721,27740,156293,100312,111461,1
77949,79787,42420,157736,120369,122207,1
65364,9938,24476,75302,89840,34414,0
60436,54868,80787,115304,141223,135655,1
57454,82394,36828,139848,94282,119222,1
29952,74392,89524,104344,119476,163916,1
55710,45102,79123,100812,134833,124225,1
57847,14006,50032,71853,107879,64038,1
20039,2857,86899,22896,106938,89756,0
41002,55430,11125,96432,52127,66555,0
68831,81989,55055,150820,123886,137044,1
34155,41472,4655,75627,38810,46127,0
78270,50529,89697,128799,167967,140226,1
30024,75111,53487,105135,83511,128598,1
82931,42883,88396,125814,171327,131279,1
72804,11586,66958,84390,139762,78544,1
74756,28059,17727,102815,92483,45786,0
90378,58694,26361,149072,116739,85055,0
64030,89774,18467,153804,82497,108241,0
69593,6814,72345,76407,141938,79159,1
37817,88545,58742,126362,96559,147287,1
90906,20924,87580,111830,178486,108504,1
85556,49751,50695,135307,136251,100446,1
74086,39001,9464,113087,83550,48465,0
73367,59023,16736,132390,90103,75759,1
87969,11999,22335,99968,110304,34334,0
25598,32272,107,57870,25705,32379,0
52512,98187,90425,150699,142937,188612,1
10515,7382,497,17897,11012,7879,0
1627,90672,73758,92299,75385,164430,0
98690,57662,65364,156352,164054,123026,1
13622,67237,51640,80859,65262,118877,0
32207,42113,52803,74320,85010,94916,1
57990,65360,57350,123350,115340,122710,1
37071,77958,80581,115029,117652,158539,1
48752,34351,53862,83103,102614,88213,1
49657,18418,98518,68075,148175,116936,0
70590,97678,84879,168268,155469,182557,1
49722,32176,20256,81898,69978,52432,1
30343,56558,64014,86901,94357,120572,1
24838,84251,73366,109089,98204,157617,1
8382,51326,49793,59708,58175,101119,1
41486,64320,6399,105806,47885,70719,0
38716,28725,81318,67441,120034,110043,0
1222,81036,21504,82258,22726,102540,0
78460,87084,12747,165544,91207,99831,1
18433,62988,45372,81421,63805,108360,1
34407,25303,37928,59710,72335,63231,1
81088,26600,67377,107688,148465,93977,1
67941,51116,93836,119057,161777,144952,1
26805,20778,51418,47583,78223,72196,0
40718,85542,24980,126260,65698,110522,0
47458,16482,40863,63940,88321,57345,1
98394,72358,87168,170752,185562,159526,1
80463,33023,7832,113486,88295,40855,0
61262,83356,35801,144618,97063,119157,1
89084,55374,16006,144458,105090,71380,0
2629,53111,54884,55740,57513,107995,1
52394,55462,25120,107856,77514,80582,1
11494,26237,38586,37731,50080,64823,0
21567,73203,32984,94770,54551,106187,0
60,59270,52151,59330,52211,111421,0
45859,92922,64507,138781,110366,157429,1
87820,9318,38787,97138,126607,48105,0
12100,14702,81188,26802,93288,95890,0
21727,62274,65520,84001,87247,127794,1
60076,63616,61710,123692,121786,125326,1
72654,84869,35259,157523,107913,120128,1
5663,80401,43714,86064,49377,124115,0
5333,81459,8143,86792,13476,89602,0
22803,21890,15795,44693,38598,37685,1
4576,55344,28282,59920,32858,83626,0
40912,44957,26923,85869,67835,71880,1
66228,66540,65385,132768,131613,131925,1
64819,65458,58539,130277,123358,123997,1
65409,943,80721,66352,146130,81664,0
82374,35411,65788,117785,148162,101199,1
24732,82234,11688,106966,36420,93922,0
63710,39274,45364,102984,109074,84638,1
18303,92562,96663,110865,114966,189225,1
16435,43818,23592,60253,40027,67410,0
27702,60916,2197,88618,29899,63113,0
31440,61338,98370,92778,129810,159708,0
41774,90344,33217,132118,74991,123561,0
14366,1946,6654,16312,21020,8600,0
12182,7801,94077,19983,106259,101878,0
42614,13939,13827,56553,56441,27766,0
78384,39541,97113,117925,175497,136654,1
32247,24811,59939,57058,92186,84750,0
87913,88378,58934,176291,146847,147312,1
21060,40286,6570,61346,27630,46856,0
11706,27762,20801,39468,32507,48563,1
39014,25481,7082,64495,46096,32563,0
94009,22642,76265,116651,170274,98907,1
91725,1428,35592,93153,127317,37020,0
61513,15991,46672,77504,108185,62663,1
78172,5633,17583,83805,95755,23216,0
68544,38604,92548,107148,161092,131152,1
88579,91102,75458,179681,164037,166560,1
13193,81713,79809,94906,93002,161522,1
61761,78817,68219,140578,129980,147036,1
65820,80417,93503,146237,159323,173920,1
28353,58262,22124,86615,50477,80386,0
43031,66009,37042,109040,80073,103051,1
58062,54595,14002,112657,72064,68597,1
48228,74811,14053,123039,62281,88864,0
11205,36046,32770,47251,43975,68816,1
46486,12257,35895,58743,82381,48152,1
62030,88578,20496,150608,82526,109074,0
84048,63244,48150,147292,132198,111394,1
18539,4759,66810,23298,85349,71569,0
69277,34476,58484,103753,127761,92960,1
96197,33097,38772,129294,134969,71869,0
76702,39902,49767,116604,126469,89669,1
64255,83158,44372,147413,108627,127530,1
32101,59781,24519,91882,56620,84300,0
297,86697,68788,86994,69085,155485,0
34744,3182,56025,37926,90769,59207,0
78502,47619,90341,126121,168843,137960,1
38853,19239,29823,58092,68676,49062,1
74959,15031,22961,89990,97920,37992,0
78179,82559,73569,160738,151748,156128,1
90991,18987,46344,109978,137335,65331,0
44013,23449,81100,67462,125113,104549,0
4041,59879,25306,63920,29347,85185,0
75065,16252,25109,91317,100174,41361,0
1542,63800,18346,65342,19888,82146,0
47312,24403,66909,71715,114221,91312,1
59613,24375,56685,83988,116298,81060,1
15471,82573,92526,98044,107997,175099,1
44177,66471,17175,110648,61352,83646,0
90815,3125,16742,93940,107557,19867,0
14167,80886,66968,95053,81135,147854,1
3291,47801,45413,51092,48704,93214,1
30048,74213,55625,104261,85673,129838,1
81226,1569,30018,82795,111244,31587,0
74636,83177,58372,157813,133008,141549,1
89868,98732,71162,188600,161030,169894,1
16134,23994,54150,40128,70284,78144,0
79374,37441,18990,116815,98364,56431,0
55549,26643,41740,82192,97289,68383,1
39140,84517,49091,123657,88231,133608,1
73570,18213,38254,91783,111824,56467,0
8106,96886,94021,104992,102127,190907,1
20365,3596,68984,23961,89349,72580,0
79026,40486,65016,119512,144042,105502,1
37012,83430,10612,120442,47624,94042,0
1114,52345,43317,53459,44431,95662,0
27567,10493,40298,38060,67865,50791,0
54632,22573,97635,77205,152267,120208,0
94682,8587,92851,103269,187533,101438,1
45926,10863,8531,56789,54457,19394,0
31195,76728,21820,107923,53015,98548,0
97723,75043,32473,172766,130196,107516,1
34298,39282,22167,73580,56465,61449,1
31662,11229,44952,42891,76614,56181,0
44801,33724,5765,78525,50566,39489,0
39162,96067,73392,135229,112554,169459,1
10770,89452,67836,100222,78606,157288,0
52318,64381,66573,116699,118891,130954,1
49236,25723,41562,74959,90798,67285,1
86405,55969,57712,142374,144117,113681,1
97858,32064,73303,129922,171161,105367,1
33508,65735,92489,99243,125997,158224,1
66582,2910,49547,69492,116129,52457,0
70761,11150,57108,81911,127869,68258,0
96399,24962,66437,121361,162836,91399,0
87381,78039,55378,165420,142759,133417,1
9053,11830,92057,20883,101110,103887,0
9031,37926,39591,46957,48622,77517,1
95920,55088,83906,151008,179826,138994,1
29429,5709,72997,35138,102426,78706,0
26689,54367,85048,81056,111737,139415,0
25745,41032,71592,66777,97337,112624,0
30271,14253,54017,44524,84288,68270,0
43299,84737,48081,128036,91380,132818,1
7912,88013,27521,95925,35433,115534,0
72779,19968,92380,92747,165159,112348,1
97327,42330,62701,139657,160028,105031,1
86198,59149,64148,145347,150346,123297,1
13710,75434,88923,89144,102633,164357,1
27336,17032,83695,44368,111031,100727,0
61324,8484,72969,69808,134293,81453,0
73112,25065,39760,98177,112872,64825,0
70850,651,59303,71501,130153,59954,0
49551,68500,85144,118051,134695,153644,1
98359,52712,34511,151071,132870,87223,0
13924,92239,30743,106163,44667,122982,0
10542,85315,45831,95857,56373,131146,0
45595,17851,63810,63446,109405,81661,0
39836,94121,85051,133957,124887,179172,1
30328,25603,69937,55931,100265,95540,0
25032,4046,20904,29078,45936,24950,0
60644,48034,9718,108678,70362,57752,0
69306,41907,85691,111213,154997,127598,1
62894,73984,72379,136878,135273,146363,1
30332,58894,69256,89226,99588,128150,1
72520,70526,70001,143046,142521,140527,1
20620,42162,4517,62782,25137,46679,0
83794,2955,33655,86749,117449,36610,0
26674,33213,19454,59887,46128,52667,1
64060,59929,84149,123989,148209,144078,1
81016,64744,24158,145760,105174,88902,1
45990,7930,72239,53920,118229,80169,0
41852,936,17764,42788,59616,18700,0
67675,96754,51811,164429,119486,148565,1
9149,84480,46381,93629,55530,130861,0
25780,57657,65571,83437,91351,123228,1
32195,57717,32723,89912,64918,90440,1
52959,85884,21772,138843,74731,107656,0
52024,12303,63811,64327,115835,76114,1
81322,93349,68908,174671,150230,162257,1
75531,71082,27653,146613,103184,98735,1
51783,31950,23114,83733,74897,55064,1
72346,86110,25696,158456,98042,111806,1
5205,44998,3568,50203,8773,48566,0
57672,34207,57865,91879,115537,92072,1
1236,36979,15631,38215,16867,52610,0
11383,25233,48241,36616,59624,73474,0
96469,92308,93661,188777,190130,185969,1
47049,976,94601,48025,141650,95577,0
27763,32950,39836,60713,67599,72786,1
81013,49631,23560,130644,104573,73191,0
73158,93879,83791,167037,156949,177670,1
27674,29855,61233,57529,88907,91088,0
31341,36536,74685,67877,106026,111221,0
83196,17848,85086,101044,168282,102934,1
38351,44514,90035,82865,128386,134549,0
52688,84446,29132,137134,81820,113578,0
4254,42143,71028,46397,75282,113171,0
37494,8614,24419,46108,61913,33033,0
75903,4192,20830,80095,96733,25022,0
54823,16834,82061,71657,136884,98895,0
57437,48249,52918,105686,110355,101167,1
49131,74266,14773,123397,63904,89039,0
42690,74229,78244,116919,120934,152473,1
91596,35592,54507,127188,146103,90099,0
1977,6443,48148,8420,50125,54591,0
45565,97869,17571,143434,63136,115440,0
91552,46025,75134,137577,166686,121159,1
33982,89643,57266,123625,91248,146909,1
24074,13704,21607,37778,45681,35311,1
73803,66714,20992,140517,94795,87706,1
19303,19998,29700,39301,49003,49698,1
53739,15150,49825,68889,103564,64975,1
86477,19352,562,105829,87039,19914,0
74430,23708,99330,98138,173760,123038,0
85456,54726,44061,140182,129517,98787,1
79946,90378,42642,170324,122588,133020,1
44189,8931,90367,53120,134556,99298,0
33363,94579,1413,127942,34776,95992,0
80243,32336,65812,112579,146055,98148,1
74007,1598,18375,75605,92382,19973,0
77385,75433,55539,152818,132924,130972,1
87397,74728,34721,162125,122118,109449,1
2261,28651,23505,30912,25766,52156,0
75076,96145,92074,171221,167150,188219,1
93084,42745,42583,135829,135667,85328,0
90455,81579,61933,172034,152388,143512,1
70295,78251,47006,148546,117301,125257,1
14503,14631,14310,29134,28813,28941,1
6479,25757,12924,32236,19403,38681,0
51830,30726,75847,82556,127677,106573,1
20497,37836,44940,58333,65437,82776,1
11914,74671,22452,86585,34366,97123,0
71207,30653,77025,101860,148232,107678,1
42958,17107,56083,60065,99041,73190,1
5257,86627,73917,91884,79174,160544,0
75828,45292,81559,121120,157387,126851,1
3852,27607,50284,31459,54136,77891,0
46264,1852,13737,48116,60001,15589,0
73642,58437,84995,132079,158637,143432,1
29889,83200,93504,113089,123393,176704,1
36249,20556,84356,56805,120605,104912,0
3370,58722,76436,62092,79806,135158,0
68193,32255,12134,100448,80327,44389,0
64691,18296,12223,82987,76914,30519,0
83853,66850,31664,150703,115517,98514,1
90779,92212,31239,182991,122018,123451,1
26451,90722,27415,117173,53866,118137,0
8075,85380,65965,93455,74040,151345,0
75494,88031,16540,163525,92034,104571,1
34341,46604,65176,80945,99517,111780,1
88373,23141,95186,111514,183559,118327,1
42704,5683,28615,48387,71319,34298,0
10148,63347,79292,73495,89440,142639,0
89236,80162,51900,169398,141136,132062,1
58099,12943,83124,71042,141223,96067,0
84095,58425,39451,142520,123546,97876,1
17774,18941,16618,36715,34392,35559,1
94819,88209,64012,183028,158831,152221,1
70376,53785,30701,124161,101077,84486,1
23083,5788,91469,28871,114552,97257,0
63319,36867,72283,100186,135602,109150,1
62409,95965,69921,158374,132330,165886,1
16761,44948,89062,61709,105823,134010,0
69738,22383,57484,92121,127222,79867,1
92330,89087,46060,181417,138390,135147,1
60422,70255,498,130677,60920,70753,0
38013,72000,14324,110013,52337,86324,0
40276,81329,66047,121605,106323,147376,1
67282,44174,30195,111456,97477,74369,1
96468,33951,33028,130419,129496,66979,0
37669,51269,40243,88938,77912,91512,1
72525,44828,28505,117353,101030,73333,1
75273,47822,54094,123095,129367,101916,1
20710,26974,9706,47684,30416,36680,1
2897,38597,81506,41494,84403,120103,0
80116,64438,56286,144554,136402,120724,1
43260,23913,35460,67173,78720,59373,1
37321,76937,78674,114258,115995,155611,1
40672,91850,20594,132522,61266,112444,0
33041,25144,84199,58185,117240,109343,0
34535,63970,22413,98505,56948,86383,0
69589,94820,66760,164409,136349,161580,1
24273,81956,28883,106229,53156,110839,0
97999,81687,4679,179686,102678,86366,0
45193,6413,84567,51606,129760,90980,0
95771,72409,59564,168180,155335,131973,1
67906,82674,54230,150580,122136,136904,1
50488,95530,82947,146018,133435,178477,1
56261,28098,32398,84359,88659,60496,1
27350,71428,40230,98778,67580,111658,0
72206,8904,88567,81110,160773,97471,0
17432,13692,52267,31124,69699,65959,0
78866,24371,45449,103237,124315,69820,0
73678,97819,77722,171497,151400,175541,1
62161,71135,99287,133296,161448,170422,1
82749,18939,87741,101688,170490,106680,1
39746,65030,66784,104776,106530,131814,1
90866,76334,16451,167200,107317,92785,1
1485,47441,56740,48926,58225,104181,0
49693,87797,70959,137490,120652,158756,1
181,62548,74789,62729,74970,137337,0
81116,96931,77338,178047,158454,174269,1
59606,49229,46405,108835,106011,95634,1
95864,39317,6272,135181,102136,45589,0
81412,48538,71881,129950,153293,120419,1
16105,51262,94868,67367,110973,146130,0
37318,48376,58261,85694,95579,106637,1
13723,25667,71553,39390,85276,97220,0
51742,92299,44685,144041,96427,136984,1
33077,13030,28503,46107,61580,41533,1
41974,19249,95290,61223,137264,114539,0
50560,46696,33361,97256,83921,80057,1
56900,37830,11332,94730,68232,49162,0
43818,48266,43382,92084,87200,91648,1
2615,83536,51678,86151,54293,135214,0
70326,34013,85830,104339,156156,119843,1
35677,84777,12993,120454,48670,97770,0
16204,15807,381,32011,16585,16188,0
29814,53646,52159,83460,81973,105805,1
90390,5918,43290,96308,133680,49208,0
31050,471,9805,31521,40855,10276,0
75471,68523,32400,143994,107871,100923,1
74438,97595,39098,172033,113536,136693,1
11203,42969,24656,54172,35859,67625,0
51947,99300,84592,151247,136539,183892,1
50949,37215,7328,88164,58277,44543,0
54994,80398,344,135392,55338,80742,0
40752,45891,88844,86643,129596,134735,0
84982,27658,24317,112640,109299,51975,0
17903,73175,73159,91078,91062,146334,1
95137,94814,83435,189951,178572,178249,1
34380,92342,69362,126722,103742,161704,1
93185,49819,35311,143004,128496,85130,0
93407,65804,34302,159211,127709,100106,1
98517,95206,77479,193723,175996,172685,1
89247,95779,13184,185026,102431,108963,1
69773,65711,39927,135484,109700,105638,1
49783,93912,98940,143695,148723,192852,1
14878,79415,60395,94293,75273,139810,0
53350,36980,29234,90330,82584,66214,1
92342,88800,88066,181142,180408,176866,1
28709,90238,60233,118947,88942,150471,0
12186,95769,57656,107955,69842,153425,0
54312,974,93807,55286,148119,94781,0
41016,9530,81857,50546,122873,91387,0
8458,27479,71603,35937,80061,99082,0
48136,22524,63459,70660,111595,85983,1
82730,15800,22955,98530,105685,38755,0
20368,47675,36459,68043,56827,84134,1
63626,82236,73964,145862,137590,156200,1
91445,38320,12784,129765,104229,51104,0
73158,94480,19399,167638,92557,113879,0
62234,87123,52148,149357,114382,139271,1
56724,3640,5727,60364,62451,9367,0
11587,98886,61195,110473,72782,160081,0
11130,65960,65121,77090,76251,131081,1
82504,88739,90378,171243,172882,179117,1
57187,99725,63576,156912,120763,163301,1
47582,55324,33452,102906,81034,88776,1
77229,10969,93924,88198,171153,104893,0
19700,64239,1048,83939,20748,65287,0
22714,23809,84132,46523,106846,107941,0
77263,42412,73476,119675,150739,115888,1
99538,23428,80341,122966,179879,103769,1
90763,75763,68605,166526,159368,144368,1
18064,91251,95770,109315,113834,187021,1
66794,44036,67397,110830,134191,111433,1
4473,70245,21503,74718,25976,91748,0
50948,66651,57332,117599,108280,123983,1
29595,85313,81480,114908,111075,166793,1
85869,19437,30425,105306,116294,49862,0
77559,77603,30900,155162,108459,108503,1
94088,18492,43774,112580,137862,62266,0
1248,84764,96282,86012,97530,181046,0
42713,51101,64537,93814,107250,115638,1
79206,27262,27773,106468,106979,55035,0
92154,72042,66498,164196,158652,138540,1
84931,34254,39874,119185,124805,74128,0
44707,94354,66205,139061,110912,160559,1
16270,50631,47391,66901,63661,98022,1
20783,70606,38569,91389,59352,109175,0
14367,73472,43013,87839,57380,116485,0
84250,91052,72448,175302,156698,163500,1
87809,45926,86515,133735,174324,132441,1
54260,74795,90777,129055,145037,165572,1
74945,21532,96115,96477,171060,117647,1
65221,18114,73686,83335,138907,91800,1
39174,5630,24478,44804,63652,30108,0
35190,5065,68954,40255,104144,74019,0
6302,43569,59390,49871,65692,102959,0
1601,79351,92188,80952,93789,171539,0
60184,59522,4549,119706,64733,64071,1
8521,98944,41643,107465,50164,140587,0
29395,60848,68780,90243,98175,129628,1
54128,70767,55445,124895,109573,126212,1
98546,77878,95372,176424,193918,173250,1
77446,26601,99713,104047,177159,126314,1
21208,68007,55962,89215,77170,123969,1
92122,5127,39200,97249,131322,44327,0
19964,46757,28989,66721,48953,75746,1
72589,97425,98514,170014,171103,195939,1
72791,60619,51344,133410,124135,111963,1
52410,64073,9058,116483,61468,73131,0
88078,94443,99713,182521,187791,194156,1
29118,8002,81234,37120,110352,89236,0
53715,99562,24209,153277,77924,123771,0
93717,69518,45496,163235,139213,115014,1
35308,75166,27071,110474,62379,102237,0
51286,88813,54796,140099,106082,143609,1
93262,69034,79169,162296,172431,148203,1
9583,48096,32003,57679,41586,80099,0
91692,66215,64676,157907,156368,130891,1
89556,96828,79605,186384,169161,176433,1
27178,94429,43790,121607,70968,138219,0
37317,40800,59375,78117,96692,100175,1
86797,56213,69220,143010,156017,125433,1
46738,26970,8312,73708,55050,35282,0
46664,32562,90769,79226,137433,123331,0
16194,86060,60907,102254,77101,146967,0
55361,36522,51199,91883,106560,87721,1
11003,60991,86209,71994,97212,147200,0
32458,10206,82988,42664,115446,93194,0
22716,68744,40319,91460,63035,109063,0
82319,59833,63378,142152,145697,123211,1
59974,91702,99405,151676,159379,191107,1
84463,36780,96284,121243,180747,133064,1
19876,57676,2512,77552,22388,60188,0
27323,71855,74874,99178,102197,146729,1
71281,69241,46847,140522,118128,116088,1
64637,92594,91968,157231,156605,184562,1
18461,23153,83065,41614,101526,106218,0
99845,4196,72680,104041,172525,76876,0
84068,69454,50006,153522,134074,119460,1
74886,45041,58836,119927,133722,103877,1
13584,39432,14262,53016,27846,53694,0
21017,17736,33796,38753,54813,51532,1
16033,10740,21655,26773,37688,32395,1
37364,66041,84943,103405,122307,150984,1
70632,37144,95300,107776,165932,132444,1
69102,24252,81916,93354,151018,106168,1
23436,77461,36237,100897,59673,113698,0
56726,39994,18228,96720,74954,58222,1
87432,34905,70365,122337,157797,105270,1
86678,63335,43233,150013,129911,106568,1
46858,32688,41074,79546,87932,73762,1
10115,55914,78780,66029,88895,134694,0
85550,82506,91749,168056,177299,174255,1
53059,90618,9179,143677,62238,99797,0
65146,70229,71482,135375,136628,141711,1
11193,17578,4390,28771,15583,21968,0
71447,70177,89932,141624,161379,160109,1
37497,394,67619,37891,105116,68013,0
15419,68924,28805,84343,44224,97729,0
16977,41025,97816,58002,114793,138841,0
54920,48964,96163,103884,151083,145127,1
78663,8278,99443,86941,178106,107721,0
26771,74250,23362,101021,50133,97612,0
62610,49183,16456,111793,79066,65639,1
29967,23053,34378,53020,64345,57431,1
10598,7346,98285,17944,108883,105631,0
464,37721,48725,38185,49189,86446,0
76832,94712,26399,171544,103231,121111,1
57699,43781,36608,101480,94307,80389,1
75494,15031,78218,90525,153712,93249,1
82607,17809,98071,100416,180678,115880,1
1170,24640,35422,25810,36592,60062,0
83613,17372,40760,100985,124373,58132,0
74644,97683,55530,172327,130174,153213,1
52357,29986,54117,82343,106474,84103,1
10189,93345,91538,103534,101727,184883,1
8125,19033,11278,27158,19403,30311,1
30822,43047,12534,73869,43356,55581,1
44541,4104,10799,48645,55340,14903,0
21751,45887,19640,67638,41391,65527,0
3490,72100,71318,75590,74808,143418,1
96058,74869,15691,170927,111749,90560,0
96238,88207,61768,184445,158006,149975,1
17429,71399,24167,88828,41596,95566,0
46865,40122,2434,86987,49299,42556,0
86149,76010,26512,162159,112661,102522,1
90819,17475,44330,108294,135149,61805,0
81502,73009,54056,154511,135558,127065,1
79911,93122,6295,173033,86206,99417,0
22523,32331,59795,54854,82318,92126,0
81359,63576,1142,144935,82501,64718,0
59556,68775,83435,128331,142991,152210,1
88719,51540,70245,140259,158964,121785,1
17688,82241,74499,99929,92187,156740,1
99139,22287,3212,121426,102351,25499,0
426,29944,49819,30370,50245,79763,0
6127,45877,4113,52004,10240,49990,0
93945,41347,6634,135292,100579,47981,0
55281,20994,61375,76275,116656,82369,1
17379,67770,95830,85149,113209,163600,0
93408,29334,74999,122742,168407,104333,1
24646,34939,59728,59585,84374,94667,0
67641,85796,81325,153437,148966,167121,1
62317,17207,63713,79524,126030,80920,1
41067,95868,24448,136935,65515,120316,0
84056,2729,5121,86785,89177,7850,0
78664,46730,27221,125394,105885,73951,0
48607,99251,88002,147858,136609,187253,1
48639,24053,51269,72692,99908,75322,1
11278,70837,92722,82115,104000,163559,0
77928,5841,15574,83769,93502,21415,0
83768,12189,87331,95957,171099,99520,1
81029,18106,42220,99135,123249,60326,0
98524,24057,39905,122581,138429,63962,0
15258,3682,73956,18940,89214,77638,0
85086,57126,28069,142212,113155,85195,1
93456,21,8165,93477,101621,8186,0
10789,50078,88027,60867,98816,138105,0
16490,84890,55802,101380,72292,140692,0
99937,93305,4684,193242,104621,97989,0
85624,3807,2656,89431,88280,6463,0
39213,1006,62046,40219,101259,63052,0
70092,51496,79198,121588,149290,130694,1
96325,46287,32244,142612,128569,78531,0
11173,19325,81447,30498,92620,100772,0
64967,24807,79973,89774,144940,104780,1
65313,4147,42957,69460,108270,47104,0
85853,61443,75697,147296,161550,137140,1
36166,23196,97911,59362,134077,121107,0
23751,31573,14714,55324,38465,46287,1
34423,95186,4346,129609,38769,99532,0
79233,26776,75826,106009,155059,102602,1
19742,95207,29660,114949,49402,124867,0
52465,20183,14665,72648,67130,34848,0
57710,24614,54125,82324,111835,78739,1
95571,59308,23051,154879,118622,82359,0
20706,40815,60864,61521,81570,101679,1
15107,6790,2268,21897,17375,9058,0
6893,39275,22568,46168,29461,61843,0
6261,36892,99527,43153,105788,136419,0
71158,17272,83326,88430,154484,100598,1
71274,22489,33242,93763,104516,55731,0
85901,26765,82365,112666,168266,109130,1
96488,51417,12776,147905,109264,64193,0
63857,20311,94968,84168,158825,115279,0
8503,41637,85977,50140,94480,127614,0
1320,12899,2628,14219,3948,15527,0
26010,77589,28334,103599,54344,105923,0
76451,6870,9722,83321,86173,16592,0
84213,22950,65062,107163,149275,88012,1
83360,99816,57843,183176,141203,157659,1
90870,47391,63730,138261,154600,111121,1
89048,78286,64760,167334,153808,143046,1
43481,48264,35640,91745,79121,83904,1
30249,25389,82005,55638,112254,107394,0
29828,92785,85039,122613,114867,177824,1
95511,11818,72417,107329,167928,84235,0
89612,61674,36112,151286,125724,97786,1
6281,88201,7642,94482,13923,95843,0
25737,93047,64337,118784,90074,157384,0
11505,79777,72830,91282,84335,152607,1
8614,5338,50506,13952,59120,55844,0
51922,22342,70556,74264,122478,92898,1
72607,41890,9975,114497,82582,51865,0
2531,74967,38124,77498,40655,113091,0
56965,59620,93743,116585,150708,153363,1
85615,95071,9216,180686,94831,104287,0
48384,33558,92725,81942,141109,126283,0
32274,43714,81929,75988,114203,125643,0
99059,4301,62716,103360,161775,67017,0
21129,17575,30420,38704,51549,47995,1
63096,58951,95490,122047,158586,154441,1
68377,45611,32332,113988,100709,77943,1
5966,9003,86252,14969,92218,95255,0
76665,68825,65163,145490,141828,133988,1
79019,43412,91673,122431,170692,135085,1
58338,72916,55131,131254,113469,128047,1
3309,75951,59883,79260,63192,135834,0
19889,74366,80243,94255,100132,154609,1
40360,46262,83360,86622,123720,129622,1
12396,33464,37847,45860,50243,71311,1
89809,89387,142,179196,89951,89529,0
41218,49237,76287,90455,117505,125524,1
7064,61278,4412,68342,11476,65690,0
28046,39605,94677,67651,122723,134282,0
6018,75664,6970,81682,12988,82634,0
53311,53434,58844,106745,112155,112278,1
56979,50564,98976,107543,155955,149540,1
70703,3807,98864,74510,169567,102671,0
88020,47800,33628,135820,121648,81428,0
71607,79074,89134,150681,160741,168208,1
27364,25293,35689,52657,63053,60982,1
99504,29229,80369,128733,179873,109598,1
62525,51192,66142,113717,128667,117334,1
15084,25527,98123,40611,113207,123650,0
22095,55235,98232,77330,120327,153467,0
83322,64424,90352,147746,173674,154776,1
39476,48456,83984,87932,123460,132440,1
16986,3986,2831,20972,19817,6817,0
37385,8542,81167,45927,118552,89709,0
82378,43435,7811,125813,90189,51246,0
14766,48634,45573,63400,60339,94207,1
54617,42149,5299,96766,59916,47448,0
35260,93506,54555,128766,89815,148061,0
5478,27550,3800,33028,9278,31350,0
86254,64591,86067,150845,172321,150658,1
19144,13608,2437,32752,21581,16045,0
23907,19310,38319,43217,62226,57629,1
22767,2342,89929,25109,112696,92271,0
47178,93332,9193,140510,56371,102525,0
15911,28077,66092,43988,82003,94169,0
55842,36005,43423,91847,99265,79428,1
5746,48454,59063,54200,64809,107517,0
80431,64009,44571,144440,125002,108580,1
25276,50940,97168,76216,122444,148108,0
13408,63827,76311,77235,89719,140138,1
31024,72986,73983,104010,105007,146969,1
2555,5042,61014,7597,63569,66056,0
10899,26461,65247,37360,76146,91708,0
62498,19748,33976,82246,96474,53724,0
84640,16441,86615,101081,171255,103056,1
50564,30866,91227,81430,141791,122093,0
67873,12999,92631,80872,160504,105630,0
53658,52198,2534,105856,56192,54732,1
24976,46458,86720,71434,111696,133178,0
6947,89643,38332,96590,45279,127975,0
58563,5037,97660,63600,156223,102697,0
94734,90449,73739,185183,168473,164188,1
61435,75313,5206,136748,66641,80519,0
23780,10269,77035,34049,100815,87304,0
18685,6416,61640,25101,80325,68056,0
99277,27756,51144,127033,150421,78900,0
71086,38558,58810,109644,129896,97368,1
77577,17204,39620,94781,117197,56824,0
65649,92174,42193,157823,107842,134367,1
48201,46062,67000,94263,115201,113062,1
17779,14506,56463,32285,74242,70969,0
94043,62960,23374,157003,117417,86334,0
48093,60578,77814,108671,125907,138392,1
93120,25009,64212,118129,157332,89221,0
74594,25708,79090,100302,153684,104798,1
65355,28029,59357,93384,124712,87386,1
28991,35142,73221,64133,102212,108363,0
16815,95977,88872,112792,105687,184849,1
41375,37343,93820,78718,135195,131163,0
13862,82838,79092,96700,92954,161930,1
94554,52209,21898,146763,116452,74107,0
93443,71928,69297,165371,162740,141225,1
75748,55180,86406,130928,162154,141586,1
3528,16685,15955,20213,19483,32640,1
28134,72714,5013,100848,33147,77727,0
32679,12147,9060,44826,41739,21207,0
52316,29030,51292,81346,103608,80322,1
23817,10822,37249,34639,61066,48071,0
11270,81286,63961,92556,75231,145247,0
1985,50496,79923,52481,81908,130419,0
35049,23876,33126,58925,68175,57002,1
84935,68295,94400,153230,179335,162695,1
92851,5054,89617,97905,182468,94671,1
45961,95580,58060,141541,104021,153640,1
68398,11276,17941,79674,86339,29217,0
76078,16374,25008,92452,101086,41382,0
76173,20238,82472,96411,158645,102710,1
46019,98696,59092,144715,105111,157788,1
55461,83210,57332,138671,112793,140542,1
31075,20247,19849,51322,50924,40096,1
65517,26209,77800,91726,143317,104009,1
80308,29814,40589,110122,120897,70403,0
4388,34629,7739,39017,12127,42368,0
83320,93070,72968,176390,156288,166038,1
17790,48860,83039,66650,100829,131899,0
6179,6712,63713,12891,69892,70425,0
96003,25403,37487,121406,133490,62890,0
62311,21195,62467,83506,124778,83662,1
64027,10425,76553,74452,140580,86978,0
50303,5904,90215,56207,140518,96119,0
24579,81298,60356,105877,84935,141654,1
93067,76874,61652,169941,154719,138526,1
60715,80278,60929,140993,121644,141207,1
6051,59724,33281,65775,39332,93005,0
11036,80471,19891,91507,30927,100362,0
51466,48830,50709,100296,102175,99539,1
61054,95551,64457,156605,125511,160008,1
71027,27110,55554,98137,126581,82664,1
50679,52532,30301,103211,80980,82833,1
23158,84470,5024,107628,28182,89494,0
95310,88924,70877,184234,166187,159801,1
6730,54273,19159,61003,25889,73432,0
24723,42811,15194,67534,39917,58005,0
17888,18971,99079,36859,116967,118050,0
62731,24898,3187,87629,65918,28085,0
93433,48935,4470,142368,97903,53405,0
43220,58134,99605,101354,142825,157739,1
34193,48666,8751,82859,42944,57417,0
65085,77241,31702,142326,96787,108943,1
47997,19066,22100,67063,70097,41166,0
63334,98983,25347,162317,88681,124330,0
70490,95094,34422,165584,104912,129516,1
416,33074,11407,33490,11823,44481,0
955,1228,24821,2183,25776,26049,0
97957,42109,81897,140066,179854,124006,1
4695,88918,41206,93613,45901,130124,0
33391,63521,93375,96912,126766,156896,1
23867,54417,48898,78284,72765,103315,1
52346,12861,74509,65207,126855,87370,0
5145,17207,19556,22352,24701,36763,1
58382,62781,18176,121163,76558,80957,1
82113,89080,81897,171193,164010,170977,1
62213,69179,16640,131392,78853,85819,1
55127,51515,46313,106642,101440,97828,1
38917,44349,30682,83266,69599,75031,1
67842,21430,89462,89272,157304,110892,0
9118,49750,64913,58868,74031,114663,0
52629,87148,37068,139777,89697,124216,1
66387,1275,14804,67662,81191,16079,0
54851,25097,99960,79948,154811,125057,0
68387,61119,30613,129506,99000,91732,1
93789,1497,53212,95286,147001,54709,0
18377,39476,1677,57853,20054,41153,0
19807,33763,81952,53570,101759,115715,0
14642,32209,96778,46851,111420,128987,0
20652,8777,2518,29429,23170,11295,0
50892,15876,27082,66768,77974,42958,0
35052,39873,55023,74925,90075,94896,1
86766,97201,41996,183967,128762,139197,1
89778,55306,23216,145084,112994,78522,0
17808,45180,46236,62988,64044,91416,1
19120,17749,66560,36869,85680,84309,0
14383,85390,82620,99773,97003,168010,1
54000,14121,6351,68121,60351,20472,0
31443,42226,32201,73669,63644,74427,1
92401,26977,11587,119378,103988,38564,0
91307,84404,88393,175711,179700,172797,1
45433,51784,93884,97217,139317,145668,1
62341,75844,45527,138185,107868,121371,1
91819,1046,84394,92865,176213,85440,0
11043,16228,53301,27271,64344,69529,0
90491,51112,89462,141603,179953,140574,1
6846,31834,11664,38680,18510,43498,0
63954,95694,15891,159648,79845,111585,0
85205,95371,47921,180576,133126,143292,1
41651,44178,83634,85829,125285,127812,1
20438,64432,22060,84870,42498,86492,0
61808,5600,18582,67408,80390,24182,0
71958,72747,64237,144705,136195,136984,1
40720,11784,7766,52504,48486,19550,0
19406,37238,35496,56644,54902,72734,1
88401,68837,56722,157238,145123,125559,1
22966,31880,25753,54846,48719,57633,1
39590,16261,9058,55851,48648,25319,0
76787,97069,93690,173856,170477,190759,1
52067,11668,72417,63735,124484,84085,0
52995,33568,30356,86563,83351,63924,1
20490,47765,87126,68255,107616,134891,0
4366,60014,46096,64380,50462,106110,0
72527,43669,38839,116196,111366,82508,1
69055,8873,31575,77928,100630,40448,0
3634,89564,21849,93198,25483,111413,0
34247,59890,83710,94137,117957,143600,1
73588,63947,30908,137535,104496,94855,1
27579,7534,54612,35113,82191,62146,0
92229,45225,48198,137454,140427,93423,1
99967,63649,53188,163616,153155,116837,1
90779,74291,83853,165070,174632,158144,1
71996,75023,73198,147019,145194,148221,1
30714,78347,15397,109061,46111,93744,0
50308,36279,62391,86587,112699,98670,1
5778,61206,1279,66984,7057,62485,0
23965,70595,96628,94560,120593,167223,0
84787,30611,74927,115398,159714,105538,1
42844,63762,92693,106606,135537,156455,1
45562,48077,82750,93639,128312,130827,1
94441,88899,67906,183340,162347,156805,1
31356,76516,72907,107872,104263,149423,1
90168,87877,10962,178045,101130,98839,1
25653,41913,99340,67566,124993,141253,0
56834,71056,75905,127890,132739,146961,1
12801,87551,56425,100352,69226,143976,0
89534,57996,3565,147530,93099,61561,0
64976,24043,23451,89019,88427,47494,0
70398,85833,2095,156231,72493,87928,0
96580,19203,40726,115783,137306,59929,0
41445,33516,47357,74961,88802,80873,1
73238,64235,20862,137473,94100,85097,1
80331,94671,25479,175002,105810,120150,1
90000,37967,59749,127967,149749,97716,1
90666,82095,90483,172761,181149,172578,1
23743,71717,17495,95460,41238,89212,0
68147,63421,58455,131568,126602,121876,1
37931,48819,86155,86750,124086,134974,1
40613,68093,81081,108706,121694,149174,1
76592,21965,3081,98557,79673,25046,0
38769,33435,59374,72204,98143,92809,1
34479,85725,7681,120204,42160,93406,0
78373,45600,93148,123973,171521,138748,1
16566,71547,88705,88113,105271,160252,0
72899,23771,46113,96670,119012,69884,0
42921,80547,45886,123468,88807,126433,1
25286,55324,98723,80610,124009,154047,0
49358,37243,18600,86601,67958,55843,1
1845,1357,43112,3202,44957,44469,0
95142,14148,14671,109290,109813,28819,0
92138,30780,74092,122918,166230,104872,1
59818,61817,72647,121635,132465,134464,1
51914,37757,15015,89671,66929,52772,1
27812,38793,98312,66605,126124,137105,0
57599,20112,46203,77711,103802,66315,1
50824,63091,21408,113915,72232,84499,1
59601,96608,24966,156209,84567,121574,0
22956,64189,53302,87145,76258,117491,1
2146,21105,20979,23251,23125,42084,1
61812,52740,10732,114552,72544,63472,1
39101,34567,54958,73668,94059,89525,1
55863,86452,58078,142315,113941,144530,1
5873,6429,77902,12302,83775,84331,0
80981,18058,37155,99039,118136,55213,0
63813,39741,84385,103554,148198,124126,1
49046,62344,200,111390,49246,62544,0
83526,70666,97312,154192,180838,167978,1
99259,97707,64630,196966,163889,162337,1
18121,62555,53607,80676,71728,116162,1
93676,93090,17567,186766,111243,110657,1
36691,87914,82196,124605,118887,170110,1
57222,47587,89656,104809,146878,137243,1
3899,32732,84966,36631,88865,117698,0
62002,47707,26641,109709,88643,74348,1
72418,42042,91623,114460,164041,133665,1
7504,24172,24621,31676,32125,48793,1
77920,96122,11185,174042,89105,107307,0
19581,62220,3266,81801,22847,65486,0
8588,67438,79681,76026,88269,147119,0
8718,59006,94566,67724,103284,153572,0
80825,1023,88839,81848,169664,89862,0
16794,33052,86940,49846,103734,119992,0
47071,26812,75184,73883,122255,101996,0
32652,94496,56111,127148,88763,150607,0
59052,1134,49452,60186,108504,50586,0
73876,36842,65836,110718,139712,102678,1
21940,15471,62707,37411,84647,78178,0
61147,25382,26076,86529,87223,51458,0
26359,10745,91232,37104,117591,101977,0
50151,7552,34939,57703,85090,42491,0
88917,42711,50296,131628,139213,93007,1
27685,30896,20065,58581,47750,50961,1
32008,48996,93983,81004,125991,142979,0
37419,95197,8762,132616,46181,103959,0
41905,98826,51482,140731,93387,150308,0
78773,76396,21837,155169,100610,98233,1
84006,38927,73530,122933,157536,112457,1
40678,97057,79708,137735,120386,176765,1
66712,90526,9504,157238,76216,100030,0
4810,54118,63579,58928,68389,117697,0
5004,34106,65234,39110,70238,99340,0
96542,83038,76015,179580,172557,159053,1
30043,91198,89530,121241,119573,180728,1
84398,40040,1780,124438,86178,41820,0
16942,50329,40565,67271,57507,90894,1
72893,19287,42666,92180,115559,61953,0
95044,93621,65415,188665,160459,159036,1
30209,46882,20722,77091,50931,67604,1
26324,52962,39708,79286,66032,92670,1
88398,28012,36942,116410,125340,64954,0
12928,58248,80080,71176,93008,138328,0
1773,79957,8262,81730,10035,88219,0
72550,1982,85332,74532,157882,87314,0
99571,90818,37784,190389,137355,128602,1
60400,5472,67599,65872,127999,73071,0
12359,38809,21043,51168,33402,59852,0
96016,10281,89043,106297,185059,99324,1
87560,71313,54401,158873,141961,125714,1
29192,2329,80986,31521,110178,83315,0
40620,11329,96800,51949,137420,108129,0
15552,86990,57621,102542,73173,144611,0
67132,65220,86524,132352,153656,151744,1
48556,1628,47047,50184,95603,48675,1
27161,75205,36305,102366,63466,111510,0
74190,11896,33626,86086,107816,45522,0
8257,66356,36410,74613,44667,102766,0
39097,51577,7278,90674,46375,58855,0
56765,35353,53969,92118,110734,89322,1
22720,6827,306,29547,23026,7133,0
59415,15542,52571,74957,111986,68113,1
62283,39309,66239,101592,128522,105548,1
34955,62991,23247,97946,58202,86238,0
44819,43193,52805,88012,97624,95998,1
48286,81796,96299,130082,144585,178095,1
40124,45617,62666,85741,102790,108283,1
55790,19568,14780,75358,70570,34348,0
31712,47595,94050,79307,125762,141645,0
2050,90025,64561,92075,66611,154586,0
8739,73105,96048,81844,104787,169153,0
77651,59190,75732,136841,153383,134922,1
29445,14649,19501,44094,48946,34150,1
29721,78047,61732,107768,91453,139779,1
43439,3188,46192,46627,89631,49380,1
6492,82300,64295,88792,70787,146595,0
73323,69383,4027,142706,77350,73410,1
88845,87642,93204,176487,182049,180846,1
4519,26109,16134,30628,20653,42243,0
24434,45063,29428,69497,53862,74491,1
95604,30984,57069,126588,152673,88053,0
93633,61536,42312,155169,135945,103848,1
51592,52145,63457,103737,115049,115602,1
6418,32316,57469,38734,63887,89785,0
8527,5455,1725,13982,10252,7180,0
11648,51158,27059,62806,38707,78217,0
6081,91167,83731,97248,89812,174898,0
94776,22837,52456,117613,147232,75293,0
42680,54495,88221,97175,130901,142716,1
46202,60631,25547,106833,71749,86178,1
95742,52577,77313,148319,173055,129890,1
22740,34622,77007,57362,99747,111629,0
95020,92659,23867,187679,118887,116526,1
6610,75544,40627,82154,47237,116171,0
59263,96382,10585,155645,69848,106967,0
58513,75650,35562,134163,94075,111212,1
97417,12195,91246,109612,188663,103441,1
94846,76485,49839,171331,144685,126324,1
6076,40414,32108,46490,38184,72522,0
25202,47770,42090,72972,67292,89860,1
71201,76940,67290,148141,138491,144230,1
95127,20701,94369,115828,189496,115070,1
48560,57837,28274,106397,76834,86111,1
19074,14505,32436,33579,51510,46941,1
29722,85458,49101,115180,78823,134559,0
91507,55117,63580,146624,155087,118697,1
52447,75155,38060,127602,90507,113215,1
77772,31218,31817,108990,109589,63035,0
37677,45413,69372,83090,107049,114785,1
1764,71660,78098,73424,79862,149758,0
20566,90973,92543,111539,113109,183516,1
660,86341,61542,87001,62202,147883,0
88665,90361,83686,179026,172351,174047,1
10453,50373,49836,60826,60289,100209,1
8210,10736,5034,18946,13244,15770,1
98396,82245,1554,180641,99950,83799,0
21487,79610,73061,101097,94548,152671,1
92216,14600,47584,106816,139800,62184,0
68361,97982,34174,166343,102535,132156,1
52862,12709,62714,65571,115576,75423,1
64043,62735,94299,126778,158342,157034,1
71027,45438,46495,116465,117522,91933,1
25886,36839,13872,62725,39758,50711,1
96953,6544,3975,103497,100928,10519,0
86246,67103,23393,153349,109639,90496,1
959,69981,61911,70940,62870,131892,0
3437,22567,71687,26004,75124,94254,0
88198,55176,83776,143374,171974,138952,1
71814,8707,88146,80521,159960,96853,0
79789,16195,43250,95984,123039,59445,0
78944,43088,35707,122032,114651,78795,0
5713,40462,97145,46175,102858,137607,0
66193,65900,3687,132093,69880,69587,1
11069,34177,17016,45246,28085,51193,0
618,93265,95762,93883,96380,189027,0
94229,20933,66688,115162,160917,87621,0
48194,36479,27021,84673,75215,63500,1
34360,32251,8448,66611,42808,40699,1
54312,47157,76637,101469,130949,123794,1
86092,42211,96845,128303,182937,139056,1
93178,14969,64028,108147,157206,78997,0
36469,63124,85157,99593,121626,148281,1
31900,75088,49322,106988,81222,124410,1
90679,47613,25637,138292,116316,73250,0
36489,18056,61831,54545,98320,79887,0
34801,91151,28001,125952,62802,119152,0
34998,96896,79140,131894,114138,176036,1
87328,64494,37135,151822,124463,101629,1
49375,92189,42615,141564,91990,134804,0
65586,89714,11816,155300,77402,101530,0
7345,84143,34431,91488,41776,118574,0
43167,69286,8179,112453,51346,77465,0
20566,38540,69817,59106,90383,108357,0
39642,94662,11013,134304,50655,105675,0
55700,56883,55991,112583,111691,112874,1
51738,41819,67978,93557,119716,109797,1
68860,51656,77488,120516,146348,129144,1
57319,3463,58217,60782,115536,61680,1
99349,55399,15109,154748,114458,70508,0
48392,50282,70689,98674,119081,120971,1
15062,32158,4613,47220,19675,36771,0
82914,94667,91388,177581,174302,186055,1
86989,61863,69855,148852,156844,131718,1
25200,61007,98811,86207,124011,159818,0
1400,84113,3615,85513,5015,87728,0
64238,28985,12110,93223,76348,41095,0
16804,48852,48099,65656,64903,96951,1
81277,81433,44430,162710,125707,125863,1
25535,80434,55490,105969,81025,135924,1
40538,21470,98886,62008,139424,120356,0
34770,76037,75386,110807,110156,151423,1
82596,16071,13774,98667,96370,29845,0
76136,95280,24841,171416,100977,120121,1
70449,6325,5732,76774,76181,12057,0
91823,88946,53593,180769,145416,142539,1
58926,27605,73856,86531,132782,101461,1
38630,21585,4487,60215,43117,26072,0
31226,53485,59156,84711,90382,112641,1
96315,45935,51377,142250,147692,97312,1
98427,1203,23236,99630,121663,24439,0
97369,78032,72012,175401,169381,150044,1
31014,31945,90630,62959,121644,122575,0
31807,83332,21508,115139,53315,104840,0
29277,17851,26094,47128,55371,43945,1
25261,34320,69969,59581,95230,104289,0
49737,10482,63260,60219,112997,73742,0
73785,94296,99294,168081,173079,193590,1
92669,58449,93361,151118,186030,151810,1
68111,15563,77985,83674,146096,93548,1
26431,8645,52042,35076,78473,60687,0
78929,43197,16259,122126,95188,59456,0
59226,90402,64798,149628,124024,155200,1
87399,28327,76228,115726,163627,104555,1
49020,14322,57935,63342,106955,72257,1
93855,85595,20425,179450,114280,106020,1
60964,29057,92385,90021,153349,121442,0
15918,50094,17718,66012,33636,67812,0
74433,61685,22622,136118,97055,84307,1
53002,90971,95148,143973,148150,186119,1
63930,1798,16917,65728,80847,18715,0
1513,61947,53693,63460,55206,115640,0
98223,99502,44951,197725,143174,144453,1
52263,61104,97364,113367,149627,158468,1
63512,56686,34274,120198,97786,90960,1
61039,66535,52338,127574,113377,118873,1
28175,24102,48946,52277,77121,73048,1
51919,54000,27672,105919,79591,81672,1
26111,8407,79706,34518,105817,88113,0
69306,342,77231,69648,146537,77573,0
41511,55236,89162,96747,130673,144398,1
43641,28792,49767,72433,93408,78559,1
32706,13269,59852,45975,92558,73121,0
74443,55474,57174,129917,131617,112648,1
96912,45730,30511,142642,127423,76241,0
15582,55110,87134,70692,102716,142244,0
13670,73261,15458,86931,29128,88719,0
90973,69818,89569,160791,180542,159387,1
67235,5194,40096,72429,107331,45290,0
98678,70836,82134,169514,180812,152970,1
76983,50053,51544,127036,128527,101597,1
59449,3492,33133,62941,92582,36625,0
28083,53224,16440,81307,44523,69664,0
53917,31877,98722,85794,152639,130599,0
18504,88529,67105,107033,85609,155634,0
9269,89081,20721,98350,29990,109802,0
36731,77755,17269,114486,54000,95024,0
1026,40429,92989,41455,94015,133418,0
72960,88188,63360,161148,136320,151548,1
82119,51638,72502,133757,154621,124140,1
69458,9340,64278,78798,133736,73618,1
93224,30008,66710,123232,159934,96718,1
72986,24744,75406,97730,148392,100150,1
74134,87488,45487,161622,119621,132975,1
28741,18415,17097,47156,45838,35512,1
51917,82298,83655,134215,135572,165953,1
64002,67477,40415,131479,104417,107892,1
85045,5019,75937,90064,160982,80956,0
76817,57769,66841,134586,143658,124610,1
86034,15993,29245,102027,115279,45238,0
63404,46934,87225,110338,150629,134159,1
28951,48971,52860,77922,81811,101831,1
39757,38971,98667,78728,138424,137638,0
3390,91992,55316,95382,58706,147308,0
61620,93297,63104,154917,124724,156401,1
22040,25374,22377,47414,44417,47751,1
86577,37882,90599,124459,177176,128481,1
71161,794,5950,71955,77111,6744,0
42464,1704,99461,44168,141925,101165,0
2994,89119,16328,92113,19322,105447,0
78400,86219,31966,164619,110366,118185,1
60139,19465,9539,79604,69678,29004,0
48510,39242,63134,87752,111644,102376,1
28850,68167,61536,97017,90386,129703,1
50344,714,88901,51058,139245,89615,0
96378,41186,66116,137564,162494,107302,1
89974,56323,99629,146297,189603,155952,1
60879,24781,98041,85660,158920,122822,0
87024,14990,97343,102014,184367,112333,1
55439,74109,37556,129548,92995,111665,1
69465,5661,59687,75126,129152,65348,0
72217,2489,19539,74706,91756,22028,0
71503,18563,26816,90066,98319,45379,0
47004,38009,50558,85013,97562,88567,1
16219,35728,88692,51947,104911,124420,0
6975,37992,28317,44967,35292,66309,0
80713,98213,52359,178926,133072,150572,1
5470,51643,21275,57113,26745,72918,0
33097,60256,2983,93353,36080,63239,0
47281,91261,18742,138542,66023,110003,0
15177,40852,47942,56029,63119,88794,1
73048,80058,94560,153106,167608,174618,1
10280,33094,92477,43374,102757,125571,0
38521,53244,28240,91765,66761,81484,1
82463,50311,27035,132774,109498,77346,0
12800,8334,31007,21134,43807,39341,0
23340,70182,64696,93522,88036,134878,1
785,98435,76457,99220,77242,174892,0
17307,69512,79274,86819,96581,148786,1
78415,50247,57961,128662,136376,108208,1
61477,48270,32480,109747,93957,80750,1
75031,59753,88373,134784,163404,148126,1
13540,13144,6671,26684,20211,19815,1
76254,72369,24797,148623,101051,97166,1
17205,31053,518,48258,17723,31571,0
33079,85965,37506,119044,70585,123471,0
6937,26962,2808,33899,9745,29770,0
23125,21621,13522,44746,36647,35143,1
66278,30073,8077,96351,74355,38150,0
75376,90969,52923,166345,128299,143892,1
46544,91670,32313,138214,78857,123983,0
2138,72647,49460,74785,51598,122107,0
98600,8571,31070,107171,129670,39641,0
69560,31683,95126,101243,164686,126809,1
28195,62544,88998,90739,117193,151542,1
63809,6601,41926,70410,105735,48527,0
78121,92101,11119,170222,89240,103220,0
27118,46300,80497,73418,107615,126797,0
66661,72660,84896,139321,151557,157556,1
32810,38068,67125,70878,99935,105193,1
51530,99490,84349,151020,135879,183839,1
17880,52571,32143,70451,50023,84714,0
27691,93033,43736,120724,71427,136769,0
90381,72056,37047,162437,127428,109103,1
3862,25951,6603,29813,10465,32554,0
96543,99453,68357,195996,164900,167810,1
20660,530,54975,21190,75635,55505,0
7473,68157,92323,75630,99796,160480,0
72805,75746,40472,148551,113277,116218,1
18658,52443,40479,71101,59137,92922,1
16200,53253,44776,69453,60976,98029,1
83175,68967,60345,152142,143520,129312,1
75310,58724,32437,134034,107747,91161,1
38373,30100,41694,68473,80067,71794,1
71169,83237,47327,154406,118496,130564,1
30393,82289,64900,112682,95293,147189,1
61250,55472,61952,116722,123202,117424,1
57952,1153,23829,59105,81781,24982,0
94896,15709,23694,110605,118590,39403,0
63280,64930,82144,128210,145424,147074,1
99302,99775,44980,199077,144282,144755,1
78101,28116,58134,106217,136235,86250,1
76549,6064,80710,82613,157259,86774,1
49966,86227,95450,136193,145416,181677,1
3163,67791,67996,70954,71159,135787,1
89605,8668,43648,98273,133253,52316,0
41685,88014,96520,129699,138205,184534,1
43992,45642,97753,89634,141745,143395,0
52875,98644,67844,151519,120719,166488,1
86696,3274,11626,89970,98322,14900,0
58477,58617,96915,117094,155392,155532,1
70384,85392,62108,155776,132492,147500,1
6649,1020,76380,7669,83029,77400,0
21392,40116,96858,61508,118250,136974,0
64669,85315,33412,149984,98081,118727,1
46991,51373,7970,98364,54961,59343,1
7149,17788,64762,24937,71911,82550,0
35727,45541,43535,81268,79262,89076,1
82057,57447,69413,139504,151470,126860,1
27917,2063,21607,29980,49524,23670,0
33682,75685,69621,109367,103303,145306,1
60156,26240,22487,86396,82643,48727,0
6505,87404,5908,93909,12413,93312,0
25530,83005,65080,108535,90610,148085,1
37421,41836,45874,79257,83295,87710,1
15628,1591,55979,17219,71607,57570,0
85377,70955,42455,156332,127832,113410,1
57573,24958,45503,82531,103076,70461,1
68934,42718,89116,111652,158050,131834,1
7007,25620,55833,32627,62840,81453,0
15809,97491,62550,113300,78359,160041,0
57323,36055,68034,93378,125357,104089,1
93801,86410,8847,180211,102648,95257,1
58269,44384,19765,102653,78034,64149,1
56599,52121,4677,108720,61276,56798,1
69202,58989,80051,128191,149253,139040,1
87898,69992,3724,157890,91622,73716,0
92721,99338,77945,192059,170666,177283,1
72276,83744,38031,156020,110307,121775,1
28367,33765,5688,62132,34055,39453,1
81817,59139,47454,140956,129271,106593,1
4452,48671,42761,53123,47213,91432,0
70099,27136,96490,97235,166589,123626,1
82068,45797,58138,127865,140206,103935,1
75958,20086,49686,96044,125644,69772,0
53771,26483,43539,80254,97310,70022,1
46721,52017,31569,98738,78290,83586,1
67619,21315,16309,88934,83928,37624,0
49776,2354,79630,52130,129406,81984,0
66506,47835,47858,114341,114364,95693,1
35107,77576,53353,112683,88460,130929,1
36258,43273,5739,79531,41997,49012,0
26647,41743,77012,68390,103659,118755,0
20202,43926,52026,64128,72228,95952,1
32595,14489,84968,47084,117563,99457,0
94887,4179,92743,99066,187630,96922,1
32949,42608,47613,75557,80562,90221,1
8995,42135,18369,51130,27364,60504,0
19087,40975,44940,60062,64027,85915,1
2564,11771,15220,14335,17784,26991,0
13710,14694,2781,28404,16491,17475,1
6369,89216,14052,95585,20421,103268,0
89585,33826,67101,123411,156686,100927,1
47063,83995,43191,131058,90254,127186,1
89634,24595,44808,114229,134442,69403,0
27669,92890,33720,120559,61389,126610,0
28994,28761,56359,57755,85353,85120,1
99733,89565,17384,189298,117117,106949,1
16217,84900,18914,101117,35131,103814,0
68751,72390,42514,141141,111265,114904,1
72894,36428,32121,109322,105015,68549,0
29658,80327,64145,109985,93803,144472,1
57506,84840,59871,142346,117377,144711,1
72330,58801,76917,131131,149247,135718,1
34146,44336,79083,78482,113229,123419,0
82872,93211,38678,176083,121550,131889,1
44140,1626,62500,45766,106640,64126,0
74685,95786,41439,170471,116124,137225,1
43744,76821,10227,120565,53971,87048,0
76605,33804,48174,110409,124779,81978,1
18022,58770,84591,76792,102613,143361,0
90886,72613,60968,163499,151854,133581,1
30883,76193,7407,107076,38290,83600,0
3724,11960,87901,15684,91625,99861,0
86443,47702,78380,134145,164823,126082,1
76872,62099,9167,138971,86039,71266,0
37134,97516,24731,134650,61865,122247,0
69931,60693,32931,130624,102862,93624,1
61268,11912,70681,73180,131949,82593,1
37559,78625,87888,116184,125447,166513,1
27,65538,32057,65565,32084,97595,0
45955,48819,2101,94774,48056,50920,0
89718,21687,2778,111405,92496,24465,0
20636,14495,20272,35131,40908,34767,1
4468,50538,33791,55006,38259,84329,0
20174,68695,81725,88869,101899,150420,1
75156,35938,30698,111094,105854,66636,0
36153,98880,98744,135033,134897,197624,1
84207,69192,27020,153399,111227,96212,1
62083,55057,75680,117140,137763,130737,1
52213,4543,13859,56756,66072,18402,0
68570,41527,1779,110097,70349,43306,0
29990,10146,22339,40136,52329,32485,1
92021,43339,320,135360,92341,43659,0
27280,89877,37605,117157,64885,127482,0
33882,20789,92964,54671,126846,113753,0
24288,9615,51820,33903,76108,61435,0
99049,1164,30059,100213,129108,31223,0
18402,13926,36335,32328,54737,50261,0
46151,4517,85114,50668,131265,89631,0
73273,45265,1933,118538,75206,47198,0
96672,59930,4206,156602,100878,64136,0
12849,66170,36048,79019,48897,102218,0
7485,25405,74987,32890,82472,100392,0
24536,58374,23314,82910,47850,81688,0
52139,69879,67702,122018,119841,137581,1
94795,39263,72564,134058,167359,111827,1
41890,13060,63372,54950,105262,76432,0
8173,31141,15395,39314,23568,46536,0
66985,13673,65631,80658,132616,79304,1
18680,44629,49501,63309,68181,94130,1
87226,73962,70860,161188,158086,144822,1
73659,20042,44877,93701,118536,64919,0
65634,39974,22290,105608,87924,62264,0
6465,48151,51288,54616,57753,99439,1
11121,87159,26933,98280,38054,114092,0
38732,48036,46942,86768,85674,94978,1
65168,63006,2217,128174,67385,65223,1
5266,44548,74920,49814,80186,119468,0
45731,58124,97633,103855,143364,155757,1
6152,89054,51178,95206,57330,140232,0
78167,67629,54592,145796,132759,122221,1
67613,11373,6869,78986,74482,18242,0
4082,64488,14544,68570,18626,79032,0
16059,67793,54550,83852,70609,122343,1
76715,17650,97464,94365,174179,115114,0
47266,53776,51061,101042,98327,104837,1
30878,56712,76589,87590,107467,133301,1
10624,42310,92286,52934,102910,134596,0
18774,30607,72199,49381,90973,102806,0
80501,66061,62911,146562,143412,128972,1
50266,19837,90827,70103,141093,110664,0
65515,24497,92358,90012,157873,116855,0
22064,69839,41997,91903,64061,111836,0
28929,71479,37796,100408,66725,109275,0
78804,29629,40949,108433,119753,70578,0
44948,84007,61374,128955,106322,145381,1
61023,9159,90708,70182,151731,99867,0
50163,11786,94839,61949,145002,106625,0
81327,70323,26287,151650,107614,96610,1
60457,15887,17566,76344,78023,33453,0
83724,39612,76899,123336,160623,116511,1
2345,39539,3588,41884,5933,43127,0
75065,45762,51134,120827,126199,96896,1
95891,12411,90251,108302,186142,102662,1
2841,11720,87551,14561,90392,99271,0
74275,88918,65981,163193,140256,154899,1
58701,50407,26761,109108,85462,77168,1
89718,78303,2017,168021,91735,80320,0
90109,15718,34986,105827,125095,50704,0
70982,75170,1552,146152,72534,76722,0
29123,60151,81927,89274,111050,142078,1
68982,89979,47366,158961,116348,137345,1
4295,67465,8866,71760,13161,76331,0
15459,15094,30891,30553,46350,45985,0
501,61134,90921,61635,91422,152055,0
63284,50004,89211,113288,152495,139215,1
90535,11675,13057,102210,103592,24732,0
38244,35999,98874,74243,137118,134873,0
19526,84379,65274,103905,84800,149653,1
2922,82053,20868,84975,23790,102921,0
87937,50791,64030,138728,151967,114821,1
9124,42526,82923,51650,92047,125449,0
81104,99812,78279,180916,159383,178091,1
85679,22468,9650,108147,95329,32118,0
82415,34607,64245,117022,146660,98852,1
43590,76020,81355,119610,124945,157375,1
35342,95789,20724,131131,56066,116513,0
48471,77900,44647,126371,93118,122547,1
7660,82823,45807,90483,53467,128630,0
38772,84708,16798,123480,55570,101506,0
99752,82909,12536,182661,112288,95445,0
51236,14858,40490,66094,91726,55348,1
68692,9818,6727,78510,75419,16545,0
22335,83443,69492,105778,91827,152935,1
59631,84965,42698,144596,102329,127663,1
83712,88328,37217,172040,120929,125545,1
68469,91573,72566,160042,141035,164139,1
85247,49977,8042,135224,93289,58019,0
54831,71511,21887,126342,76718,93398,1
73724,30848,28189,104572,101913,59037,0
87848,30400,89388,118248,177236,119788,1
45577,49428,11644,95005,57221,61072,1
64253,44384,47734,108637,111987,92118,1
37558,98764,58974,136322,96532,157738,0
86418,24470,16124,110888,102542,40594,0
41257,87563,17982,128820,59239,105545,0
77997,92295,11143,170292,89140,103438,0
92558,14775,56755,107333,149313,71530,0
33884,89337,76086,123221,109970,165423,1
34871,84041,83124,118912,117995,167165,1
53848,60663,61049,114511,114897,121712,1
38543,56839,75755,95382,114298,132594,1
25012,90006,50121,115018,75133,140127,0
1785,47375,9235,49160,11020,56610,0
8579,5179,49656,13758,58235,54835,0
38355,73404,51578,111759,89933,124982,1
16403,96980,87300,113383,103703,184280,1
44002,40888,47508,84890,91510,88396,1
23303,55740,82006,79043,105309,137746,0
91023,26629,9210,117652,100233,35839,0
51411,73600,17622,125011,69033,91222,0
57113,71893,38751,129006,95864,110644,1
58730,18826,91797,77556,150527,110623,0
60901,15919,99319,76820,160220,115238,0
43768,48227,52461,91995,96229,100688,1
99896,96433,39292,196329,139188,135725,1
7177,73036,91673,80213,98850,164709,0
79080,30415,93112,109495,172192,123527,1
7265,10102,88756,17367,96021,98858,0
12891,42946,72222,55837,85113,115168,0
71451,70695,57988,142146,129439,128683,1
68044,72000,89039,140044,157083,161039,1
92110,56272,42775,148382,134885,99047,1
70512,61244,62545,131756,133057,123789,1
95900,66954,67134,162854,163034,134088,1
14287,16072,18651,30359,32938,34723,1
46681,78719,34530,125400,81211,113249,1
65795,37527,53892,103322,119687,91419,1
11805,82078,75839,93883,87644,157917,1
31782,24122,27494,55904,59276,51616,1
95702,32201,41817,127903,137519,74018,0
3671,71020,6039,74691,9710,77059,0
77963,58948,82100,136911,160063,141048,1
5635,13816,58837,19451,64472,72653,0
2797,74731,65957,77528,68754,140688,0
67221,32062,91962,99283,159183,124024,1
37151,8380,68758,45531,105909,77138,0
20071,72618,74534,92689,94605,147152,1
61151,99126,87562,160277,148713,186688,1
73484,82146,23423,155630,96907,105569,1
23394,29585,90019,52979,113413,119604,0
63414,92968,58252,156382,121666,151220,1
93787,5116,2002,98903,95789,7118,0
15570,35228,22828,50798,38398,58056,1
14507,85399,5189,99906,19696,90588,0
55774,66543,66697,122317,122471,133240,1
60067,53929,69690,113996,129757,123619,1
85095,29312,98597,114407,183692,127909,1
11896,78038,52650,89934,64546,130688,0
18463,29863,15630,48326,34093,45493,1
37883,72198,96335,110081,134218,168533,1
62722,81535,34718,144257,97440,116253,1
99672,94485,74924,194157,174596,169409,1
80425,92125,39735,172550,120160,131860,1
89389,31124,71844,120513,161233,102968,1
69563,14153,31398,83716,100961,45551,0
76256,69403,5442,145659,81698,74845,0
78075,84825,81896,162900,159971,166721,1
30832,11616,47317,42448,78149,58933,0
13507,80305,85250,93812,98757,165555,1
74038,47305,72303,121343,146341,119608,1
59933,35150,71385,95083,131318,106535,1
18822,92463,19645,111285,38467,112108,0
30837,96389,9034,127226,39871,105423,0
57386,12618,65304,70004,122690,77922,1
81285,18144,43010,99429,124295,61154,0
76820,34582,91972,111402,168792,126554,1
65343,44327,50060,109670,115403,94387,1
63963,89292,51326,153255,115289,140618,1
50897,65689,51103,116586,102000,116792,1
89179,96154,58812,185333,147991,154966,1
35618,72412,38527,108030,74145,110939,1
2663,62294,95787,64957,98450,158081,0
41647,36110,56726,77757,98373,92836,1
94261,29936,99726,124197,193987,129662,1
21595,34868,98896,56463,120491,133764,0
45579,79015,14126,124594,59705,93141,0
96880,29364,39449,126244,136329,68813,0
24569,25606,47537,50175,72106,73143,1
87916,81293,98481,169209,186397,179774,1
38105,5183,58660,43288,96765,63843,0
23313,3090,55443,26403,78756,58533,0
54324,10069,98800,64393,153124,108869,0
58767,89807,1948,148574,60715,91755,0
78658,92171,91613,170829,170271,183784,1
23974,47074,13363,71048,37337,60437,0
69207,96544,41895,165751,111102,138439,1
18421,13747,29751,32168,48172,43498,1
37269,24162,96407,61431,133676,120569,0
50791,36122,12959,86913,63750,49081,0
53278,29582,5485,82860,58763,35067,0
55542,1330,29536,56872,85078,30866,0
87583,87708,10698,175291,98281,98406,1
25122,11772,19735,36894,44857,31507,1
45246,13818,47491,59064,92737,61309,1
67712,27649,44350,95361,112062,71999,1
3394,7500,1214,10894,4608,8714,0
18290,6135,67124,24425,85414,73259,0
36365,21104,54854,57469,91219,75958,1
53552,9423,80828,62975,134380,90251,0
92787,74623,29264,167410,122051,103887,1
26943,24800,15085,51743,42028,39885,1
82351,84069,70314,166420,152665,154383,1
19763,44578,32681,64341,52444,77259,1
53565,50168,34973,103733,88538,85141,1
89771,26334,35790,116105,125561,62124,0
17916,63563,98670,81479,116586,162233,0
80393,66830,41970,147223,122363,108800,1
31226,34902,94195,66128,125421,129097,0
24412,61707,8841,86119,33253,70548,0
17915,20639,73075,38554,90990,93714,0
45617,8627,87746,54244,133363,96373,0
93460,67885,1502,161345,94962,69387,0
63958,96008,89296,159966,153254,185304,1
56262,29566,93973,85828,150235,123539,0
49980,51436,23239,101416,73219,74675,1
73264,43051,89453,116315,162717,132504,1
32269,98682,42583,130951,74852,141265,0
42325,46502,5715,88827,48040,52217,1
62749,86470,9398,149219,72147,95868,0
76630,65910,86630,142540,163260,152540,1
68647,87003,27991,155650,96638,114994,1
26625,21273,84787,47898,111412,106060,0
93092,64031,61283,157123,154375,125314,1
1296,83785,16585,85081,17881,100370,0
37644,21931,89047,59575,126691,110978,0
2813,13755,18845,16568,21658,32600,0
83029,91725,55135,174754,138164,146860,1
5053,88468,81117,93521,86170,169585,0
25129,53521,56662,78650,81791,110183,1
46855,29664,70731,76519,117586,100395,1
85183,14234,80691,99417,165874,94925,1
10170,76374,97973,86544,108143,174347,0
54203,40004,87939,94207,142142,127943,1
84581,13872,28204,98453,112785,42076,0
70062,93452,93300,163514,163362,186752,1
27798,58190,90912,85988,118710,149102,0
26302,41120,78674,67422,104976,119794,0
74397,63981,18302,138378,92699,82283,1
16023,81519,65210,97542,81233,146729,0
54281,79301,67712,133582,121993,147013,1
31800,69663,8144,101463,39944,77807,0
50427,77375,49570,127802,99997,126945,1
64751,52189,77128,116940,141879,129317,1
69509,55452,32628,124961,102137,88080,1
29775,59731,38038,89506,67813,97769,1
48565,37116,659,85681,49224,37775,0
52249,32733,22985,84982,75234,55718,1
54152,72936,81922,127088,136074,154858,1
14260,65836,16007,80096,30267,81843,0
56541,87770,56942,144311,113483,144712,1
34680,5826,97073,40506,131753,102899,0
55560,87606,30457,143166,86017,118063,0
67760,84580,73566,152340,141326,158146,1
51745,8367,68345,60112,120090,76712,0
45962,56977,36271,102939,82233,93248,1
47813,93089,85982,140902,133795,179071,1
94527,53706,61394,148233,155921,115100,1
85005,32585,82388,117590,167393,114973,1
40471,23026,40889,63497,81360,63915,1
59595,64639,60351,124234,119946,124990,1
56708,45516,67323,102224,124031,112839,1
79958,52598,32119,132556,112077,84717,1
35941,91664,33741,127605,69682,125405,0
5883,10931,41378,16814,47261,52309,0
96999,87575,66172,184574,163171,153747,1
31356,85747,64903,117103,96259,150650,1
69200,83393,2985,152593,72185,86378,0
68249,87319,17235,155568,85484,104554,0
19942,67019,28861,86961,48803,95880,0
31582,25193,99957,56775,131539,125150,0
49314,57197,68515,106511,117829,125712,1
55976,99741,75976,155717,131952,175717,1
23776,84006,77362,107782,101138,161368,1
27183,5249,7041,32432,34224,12290,0
77897,4591,75610,82488,153507,80201,1
35297,41096,78647,76393,113944,119743,0
49667,73261,67970,122928,117637,141231,1
67133,61210,15203,128343,82336,76413,1
79680,46674,36280,126354,115960,82954,1
97065,20008,32685,117073,129750,52693,0
20050,59473,32469,79523,52519,91942,0
78523,88799,68980,167322,147503,157779,1
71316,64768,56171,136084,127487,120939,1
15075,72283,25923,87358,40998,98206,0
70117,75778,92704,145895,162821,168482,1
67947,47391,5420,115338,73367,52811,0
40690,19148,85771,59838,126461,104919,0
68976,16464,59860,85440,128836,76324,1
8885,36925,93513,45810,102398,130438,0
55728,62057,86608,117785,142336,148665,1
45084,67857,21828,112941,66912,89685,0
15855,2530,23624,18385,39479,26154,0
17292,75187,68016,92479,85308,143203,1
5590,44879,42455,50469,48045,87334,1
26895,38657,36036,65552,62931,74693,1
50063,14492,97573,64555,147636,112065,0
43733,5373,48884,49106,92617,54257,1
64966,81402,36260,146368,101226,117662,1
58684,62969,68523,121653,127207,131492,1
6956,27763,45766,34719,52722,73529,0
47505,22731,22081,70236,69586,44812,0
31403,2766,86400,34169,117803,89166,0
51304,9750,13897,61054,65201,23647,0
78413,8365,244,86778,78657,8609,0
55365,84756,4871,140121,60236,89627,0
47316,47457,71174,94773,118490,118631,1
80062,99148,30188,179210,110250,129336,1
16106,10213,52461,26319,68567,62674,0
58429,4840,55765,63269,114194,60605,1
17059,25318,72690,42377,89749,98008,0
61105,40293,73094,101398,134199,113387,1
66518,57767,44506,124285,111024,102273,1
8211,76832,4691,85043,12902,81523,0
94858,82007,1604,176865,96462,83611,0
13635,20400,50185,34035,63820,70585,0
3933,18822,23434,22755,27367,42256,0
90540,11596,32864,102136,123404,44460,0
13205,79540,48126,92745,61331,127666,0
51725,26709,49657,78434,101382,76366,1
76667,57833,53681,134500,130348,111514,1
69572,63767,10255,133339,79827,74022,1
30353,54592,34751,84945,65104,89343,1
30054,1004,94895,31058,124949,95899,0
62065,56654,91351,118719,153416,148005,1
9988,1178,75930,11166,85918,77108,0
28225,62628,68432,90853,96657,131060,1
35409,12781,99784,48190,135193,112565,0
4270,5294,15517,9564,19787,20811,0
23350,47816,42863,71166,66213,90679,1
51089,85145,48756,136234,99845,133901,1
3140,33959,12900,37099,16040,46859,0
68922,55206,24393,124128,93315,79599,1
10060,60972,75148,71032,85208,136120,0
15217,53009,13120,68226,28337,66129,0
50732,13039,35112,63771,85844,48151,0
78455,19282,92478,97737,170933,111760,1
41445,24620,72362,66065,113807,96982,0
45089,87435,75186,132524,120275,162621,1
69833,74478,53147,144311,122980,127625,1
45737,3985,60046,49722,105783,64031,0
64782,44094,85691,108876,150473,129785,1
51639,18724,3617,70363,55256,22341,0
17687,61607,36267,79294,53954,97874,0
72655,33857,8834,106512,81489,42691,0
66497,81881,33371,148378,99868,115252,1
58954,65445,14150,124399,73104,79595,1
80787,31836,18416,112623,99203,50252,0
96057,55380,65629,151437,161686,121009,1
63818,7506,40305,71324,104123,47811,0
65656,85436,79631,151092,145287,165067,1
23576,36008,51240,59584,74816,87248,1
26178,44283,47255,70461,73433,91538,1
55807,14682,4545,70489,60352,19227,0
42105,76567,40132,118672,82237,116699,1
14247,10218,49887,24465,64134,60105,0
62404,72523,95760,134927,158164,168283,1
42318,72303,36050,114621,78368,108353,1
40555,61694,22265,102249,62820,83959,1
53476,36064,90517,89540,143993,126581,0
71102,73698,47146,144800,118248,120844,1
33027,27603,9735,60630,42762,37338,1
52289,53590,55637,105879,107926,109227,1
92631,36697,25957,129328,118588,62654,0
24672,39296,93681,63968,118353,132977,0
40096,93483,91794,133579,131890,185277,1
72791,2009,23546,74800,96337,25555,0
2212,80638,3983,82850,6195,84621,0
24,50131,34300,50155,34324,84431,0
74829,89655,5827,164484,80656,95482,0
75870,98109,68396,173979,144266,166505,1
292,32240,21918,32532,22210,54158,0
4520,25694,27983,30214,32503,53677,1
37799,77036,45438,114835,83237,122474,1
16759,19339,9564,36098,26323,28903,1
94279,39022,21601,133301,115880,60623,0
55496,22986,24483,78482,79979,47469,0
77021,54924,2724,131945,79745,57648,0
17152,34848,27352,52000,44504,62200,1
76446,80001,96903,156447,173349,176904,1
26174,79679,72229,105853,98403,151908,1
25980,90683,5779,116663,31759,96462,0
51765,85921,99263,137686,151028,185184,1
40794,41610,36253,82404,77047,77863,1
49114,57737,8840,106851,57954,66577,1
59087,86772,65064,145859,124151,151836,1
88493,84482,93742,172975,182235,178224,1
76069,73781,66955,149850,143024,140736,1
79210,68137,89206,147347,168416,157343,1
26437,30237,68919,56674,95356,99156,0
27968,22300,10079,50268,38047,32379,1
90927,97761,35430,188688,126357,133191,1
65088,53479,25424,118567,90512,78903,1
36648,81353,34728,118001,71376,116081,0
16039,55228,38747,71267,54786,93975,0
83845,17447,22718,101292,106563,40165,0
87284,93350,41121,180634,128405,134471,1
71631,15297,40450,86928,112081,55747,0
29844,5617,22960,35461,52804,28577,0
52368,96132,69996,148500,122364,166128,1
55465,34690,35970,90155,91435,70660,1
89012,79629,47475,168641,136487,127104,1
12326,59449,96831,71775,109157,156280,0
64182,61429,21589,125611,85771,83018,1
68531,76069,63277,144600,131808,139346,1
82020,25907,71205,107927,153225,97112,1
85219,1855,66856,87074,152075,68711,0
12366,95485,56005,107851,68371,151490,0
58054,1133,75763,59187,133817,76896,0
77146,41108,98028,118254,175174,139136,1
58406,83071,295,141477,58701,83366,0
47042,27144,86702,74186,133744,113846,0
29334,73738,53601,103072,82935,127339,1
67166,11005,28329,78171,95495,39334,0
5833,15301,47321,21134,53154,62622,0
16645,44753,6665,61398,23310,51418,0
19581,46567,76556,66148,96137,123123,0
51379,85039,73310,136418,124689,158349,1
19229,37515,37135,56744,56364,74650,1
81505,76652,18395,158157,99900,95047,1
22254,49439,40938,71693,63192,90377,1
36672,94271,29117,130943,65789,123388,0
81174,31954,54274,113128,135448,86228,1
27897,86460,62732,114357,90629,149192,1
46279,61942,55022,108221,101301,116964,1
6722,14648,51633,21370,58355,66281,0
60735,98783,78570,159518,139305,177353,1
92699,21042,44986,113741,137685,66028,0
18172,58922,99451,77094,117623,158373,0
58857,62308,28962,121165,87819,91270,1
70009,28928,59526,98937,129535,88454,1
29370,1199,30162,30569,59532,31361,1
75797,81111,34500,156908,110297,115611,1
47532,8375,690,55907,48222,9065,0
79190,58592,78906,137782,158096,137498,1
94513,60988,50810,155501,145323,111798,1
32576,66707,81191,99283,113767,147898,1
67426,23844,36737,91270,104163,60581,0
15017,2858,53423,17875,68440,56281,0
19646,90188,24038,109834,43684,114226,0
25215,83598,77986,108813,103201,161584,1
14429,71658,56771,86087,71200,128429,0
27787,9225,2299,37012,30086,11524,0
42442,59333,7771,101775,50213,67104,0
49677,84944,93010,134621,142687,177954,1
49060,90032,42271,139092,91331,132303,1
47035,99729,52128,146764,99163,151857,0
77967,87858,18600,165825,96567,106458,1
88301,7171,94113,95472,182414,101284,1
74089,17222,63016,91311,137105,80238,1
70042,2359,26858,72401,96900,29217,0
65523,45278,68651,110801,134174,113929,1
21030,31332,34085,52362,55115,65417,1
21881,81816,65553,103697,87434,147369,1
26194,5436,35291,31630,61485,40727,0
26623,21402,68269,48025,94892,89671,0
39265,69216,70182,108481,109447,139398,1
71237,80092,79720,151329,150957,159812,1
1506,58347,6191,59853,7697,64538,0
15444,74163,48380,89607,63824,122543,0
30298,77533,88602,107831,118900,166135,1
79799,9827,80405,89626,160204,90232,1
12339,6122,24888,18461,37227,31010,0
38142,35297,13843,73439,51985,49140,1
66539,86063,65578,152602,132117,151641,1
82576,39124,24546,121700,107122,63670,0
40130,48021,56325,88151,96455,104346,1
70655,63808,5469,134463,76124,69277,0
34581,50002,79348,84583,113929,129350,1
21588,78174,46156,99762,67744,124330,0
72293,11532,59431,83825,131724,70963,0
29132,83502,81945,112634,111077,165447,1
13208,7031,93347,20239,106555,100378,0
57763,67436,60063,125199,117826,127499,1
10110,90287,15305,100397,25415,105592,0
43250,73220,35895,116470,79145,109115,1
6525,43988,87039,50513,93564,131027,0
66381,22449,16372,88830,82753,38821,0
18894,98110,77809,117004,96703,175919,0
20145,54861,5396,75006,25541,60257,0
84039,87012,52027,171051,136066,139039,1
16004,97226,92275,113230,108279,189501,1
18173,2417,55537,20590,73710,57954,0
42545,9913,65455,52458,108000,75368,0
7317,15989,63155,23306,70472,79144,0
28313,44038,61052,72351,89365,105090,1
26468,87479,63181,113947,89649,150660,1
61093,50367,91757,111460,152850,142124,1
38736,7170,28211,45906,66947,35381,0
9653,14780,18627,24433,28280,33407,1
47985,96312,96167,144297,144152,192479,1
95694,44835,98840,140529,194534,143675,1
70253,74429,35785,144682,106038,110214,1
72199,57882,19236,130081,91435,77118,1
28867,88735,35242,117602,64109,123977,0
86611,3106,65512,89717,152123,68618,0
15157,51874,41877,67031,57034,93751,1
21637,28475,22896,50112,44533,51371,1
20,22813,20836,22833,20856,43649,0
63972,36844,86427,100816,150399,123271,1
70995,16496,74926,87491,145921,91422,1
30205,13116,28323,43321,58528,41439,1
89649,60187,73208,149836,162857,133395,1
87792,5541,55484,93333,143276,61025,0
4812,57093,82832,61905,87644,139925,0
71186,58024,2587,129210,73773,60611,0
83194,74832,37794,158026,120988,112626,1
37856,80932,15731,118788,53587,96663,0
79086,67994,46061,147080,125147,114055,1
28467,52011,19448,80478,47915,71459,0
84887,45013,19618,129900,104505,64631,0
8869,1893,95864,10762,104733,97757,0
18705,45183,40187,63888,58892,85370,1
83035,73589,29439,156624,112474,103028,1
45809,83121,55120,128930,100929,138241,1
79735,45614,66952,125349,146687,112566,1
95825,8038,17,103863,95842,8055,0
41433,65106,94007,106539,135440,159113,1
25104,84624,57764,109728,82868,142388,0
2356,17699,26271,20055,28627,43970,0
98664,45366,86551,144030,185215,131917,1
75379,79930,48629,155309,124008,128559,1
90639,3038,18985,93677,109624,22023,0
74571,81865,73129,156436,147700,154994,1
78614,97802,29330,176416,107944,127132,1
37582,25902,38961,63484,76543,64863,1
83892,7849,35454,91741,119346,43303,0
79059,36496,47430,115555,126489,83926,1
6514,36056,97141,42570,103655,133197,0
27762,3751,45024,31513,72786,48775,0
49383,88225,85915,137608,135298,174140,1
28208,16991,24268,45199,52476,41259,1
10104,45352,313,55456,10417,45665,0
51430,24083,5189,75513,56619,29272,0
7515,91337,92294,98852,99809,183631,1
89747,15618,26778,105365,116525,42396,0
82809,54913,40265,137722,123074,95178,1
54402,19039,67503,73441,121905,86542,1
78829,7421,77561,86250,156390,84982,1
99962,15912,78877,115874,178839,94789,0
66118,23260,43934,89378,110052,67194,1
44795,86180,31604,130975,76399,117784,0
81362,94251,97917,175613,179279,192168,1
44237,63016,99652,107253,143889,162668,1
24775,73726,28301,98501,53076,102027,0
56715,28193,14713,84908,71428,42906,0
91343,26069,5187,117412,96530,31256,0
54687,33880,20273,88567,74960,54153,0
2610,13777,71795,16387,74405,85572,0
83032,15431,24661,98463,107693,40092,0
96044,417,42762,96461,138806,43179,0
2946,7504,76639,10450,79585,84143,0
64028,29783,69793,93811,133821,99576,1
10257,48107,64370,58364,74627,112477,0
48347,38006,25771,86353,74118,63777,1
16133,13726,56324,29859,72457,70050,0
86921,6405,63569,93326,150490,69974,0
54510,76119,8819,130629,63329,84938,0
686,35341,19280,36027,19966,54621,0
35818,19503,75647,55321,111465,95150,0
43428,64899,45563,108327,88991,110462,1
16321,36380,48608,52701,64929,84988,1
94983,68437,47214,163420,142197,115651,1
76671,32799,92926,109470,169597,125725,1
11773,3830,2145,15603,13918,5975,0
18178,52722,93092,70900,111270,145814,0
12543,80643,84346,93186,96889,164989,1
35801,18903,30193,54704,65994,49096,1
86440,66168,37863,152608,124303,104031,1
71468,46958,20982,118426,92450,67940,0
18092,30931,72148,49023,90240,103079,0
62631,14989,91464,77620,154095,106453,0
49743,28075,27148,77818,76891,55223,1
92969,83032,95121,176001,188090,178153,1
22768,63752,31361,86520,54129,95113,0
74301,13652,13254,87953,87555,26906,0
3087,97193,60230,100280,63317,157423,0
14698,37924,21860,52622,36558,59784,0
62172,79691,74176,141863,136348,153867,1
42642,49400,11226,92042,53868,60626,1
90428,37732,30978,128160,121406,68710,0
16887,31892,20947,48779,37834,52839,1
1115,10233,19483,11348,20598,29716,0
34384,83648,93399,118032,127783,177047,1
38191,6942,77743,45133,115934,84685,0
68424,15183,92202,83607,160626,107385,0
13786,2996,91518,16782,105304,94514,0
35203,75658,54212,110861,89415,129870,1
19840,78589,8070,98429,27910,86659,0
26488,76760,23705,103248,50193,100465,0
95051,14034,76091,109085,171142,90125,0
60885,8527,17980,69412,78865,26507,0
90622,70145,41085,160767,131707,111230,1
76933,52398,76280,129331,153213,128678,1
40268,39538,95319,79806,135587,134857,0
84971,80416,69918,165387,154889,150334,1
95725,32207,34330,127932,130055,66537,0
69817,81883,79191,151700,149008,161074,1
74753,21311,13943,96064,88696,35254,0
61306,56652,72244,117958,133550,128896,1
67616,4977,38453,72593,106069,43430,0
40295,65068,75954,105363,116249,141022,1
88963,37068,70927,126031,159890,107995,1
60696,93800,88247,154496,148943,182047,1
91124,95430,47715,186554,138839,143145,1
14148,82576,77921,96724,92069,160497,1
35695,78549,43772,114244,79467,122321,1
81905,67909,45467,149814,127372,113376,1
61937,39965,52031,101902,113968,91996,1
90150,85554,97715,175704,187865,183269,1
24542,62371,72656,86913,97198,135027,1
66846,14976,91098,81822,157944,106074,0
41485,4885,71193,46370,112678,76078,0
41762,87273,97626,129035,139388,184899,1
61329,95847,67103,157176,128432,162950,1
15714,18118,20710,33832,36424,38828,1
39224,19810,46731,59034,85955,66541,1
16631,67211,64925,83842,81556,132136,1
97206,42899,12814,140105,110020,55713,0
40156,54587,31841,94743,71997,86428,1
76070,67494,57390,143564,133460,124884,1
54235,63817,36846,118052,91081,100663,1
93380,89962,72180,183342,165560,162142,1
83478,35349,53960,118827,137438,89309,1
32745,96287,94267,129032,127012,190554,1
30933,41882,87383,72815,118316,129265,0
65510,7583,53688,73093,119198,61271,0
16694,95141,63491,111835,80185,158632,0
58683,9234,39712,67917,98395,48946,0
88546,64114,50860,152660,139406,114974,1
21444,77894,34326,99338,55770,112220,0
17842,5338,63015,23180,80857,68353,0
75771,54787,85725,130558,161496,140512,1
6281,64283,10947,70564,17228,75230,0
70007,25084,13813,95091,83820,38897,0
18803,76673,79626,95476,98429,156299,1
54489,33460,92633,87949,147122,126093,0
99656,87202,72369,186858,172025,159571,1
7745,65241,81939,72986,89684,147180,0
36893,32486,96136,69379,133029,128622,0
63608,95257,1154,158865,64762,96411,0
8901,9120,4822,18021,13723,13942,1
22710,54797,45723,77507,68433,100520,1
87206,20206,32881,107412,120087,53087,0
92714,26257,51549,118971,144263,77806,0
2288,85232,56593,87520,58881,141825,0
31720,82443,76624,114163,108344,159067,1
32132,84544,41724,116676,73856,126268,0
77239,33524,67070,110763,144309,100594,1
55758,39078,50024,94836,105782,89102,1
28872,28615,73624,57487,102496,102239,0
60178,71951,54524,132129,114702,126475,1
36655,28867,1845,65522,38500,30712,0
89924,29748,99298,119672,189222,129046,1
34172,59355,23021,93527,57193,82376,0
92225,51129,41773,143354,133998,92902,1
85096,59391,56000,144487,141096,115391,1
70135,47034,14592,117169,84727,61626,0
93127,74573,61244,167700,154371,135817,1
16119,50434,30728,66553,46847,81162,0
88610,32450,52771,121060,141381,85221,0
11532,87857,69834,99389,81366,157691,0
36058,92108,95281,128166,131339,187389,1
68867,23770,30045,92637,98912,53815,0
86760,78311,3697,165071,90457,82008,0
24776,58236,83284,83012,108060,141520,0
85019,45997,92830,131016,177849,138827,1
66933,94461,54895,161394,121828,149356,1
6899,64849,296,71748,7195,65145,0
6481,96850,22609,103331,29090,119459,0
80634,43180,36845,123814,117479,80025,0
53446,93672,15401,147118,68847,109073,0
7637,71094,61875,78731,69512,132969,0
40240,33374,33020,73614,73260,66394,1
44245,22044,60289,66289,104534,82333,1
36155,60211,73599,96366,109754,133810,1
46984,58494,14102,105478,61086,72596,1
70305,99429,74120,169734,144425,173549,1
31591,52818,38862,84409,70453,91680,1
55412,32941,20151,88353,75563,53092,0
18424,63034,8261,81458,26685,71295,0
27663,95537,30621,123200,58284,126158,0
23417,14683,83380,38100,106797,98063,0
77036,39872,98583,116908,175619,138455,1
69438,65657,87942,135095,157380,153599,1
59462,79633,56417,139095,115879,136050,1
23022,85763,11842,108785,34864,97605,0
10640,54370,50539,65010,61179,104909,1
63570,50485,68321,114055,131891,118806,1
5171,82332,82224,87503,87395,164556,1
13806,30856,49998,44662,63804,80854,0
96014,52641,4065,148655,100079,56706,0
67448,11709,83098,79157,150546,94807,0
58225,87798,94693,146023,152918,182491,1
48878,72847,48048,121725,96926,120895,1
67798,77881,96021,145679,163819,173902,1
587,61691,72788,62278,73375,134479,0
92491,49018,45735,141509,138226,94753,1
43377,20477,18323,63854,61700,38800,0
87088,26186,21558,113274,108646,47744,0
21547,29634,28003,51181,49550,57637,1
81914,27352,51897,109266,133811,79249,0
23602,604,90508,24206,114110,91112,0
45803,76029,57648,121832,103451,133677,1
85009,70603,82309,155612,167318,152912,1
19098,44443,29599,63541,48697,74042,1
13757,18522,62695,32279,76452,81217,0
9359,29184,1356,38543,10715,30540,0
23258,1155,23065,24413,46323,24220,1
76380,64899,57493,141279,133873,122392,1
21690,40066,60536,61756,82226,100602,1
12716,69419,4824,82135,17540,74243,0
45577,97811,90617,143388,136194,188428,1
98041,3369,46080,101410,144121,49449,0
28118,74272,33504,102390,61622,107776,0
59365,50882,95613,110247,154978,146495,1
54342,93883,82060,148225,136402,175943,1
74107,25435,81798,99542,155905,107233,1
35212,69671,59732,104883,94944,129403,1
59107,25014,65147,84121,124254,90161,1
20655,39212,31612,59867,52267,70824,1
12904,66586,12543,79490,25447,79129,0
32837,5040,88563,37877,121400,93603,0
74983,50270,16363,125253,91346,66633,0
71073,13479,79672,84552,150745,93151,1
53869,22323,58887,76192,112756,81210,1
59481,18440,91214,77921,150695,109654,0
20132,62914,43602,83046,63734,106516,1
91265,57120,75729,148385,166994,132849,1
76976,23437,88212,100413,165188,111649,1
83723,93374,12624,177097,96347,105998,1
17947,29151,68075,47098,86022,97226,0
5213,9199,30061,14412,35274,39260,0
41278,74639,54745,115917,96023,129384,1
77465,22860,82155,100325,159620,105015,1
82146,96432,67472,178578,149618,163904,1
27815,69781,26670,97596,54485,96451,0
20617,16476,84567,37093,105184,101043,0
11160,43136,84599,54296,95759,127735,0
86948,80889,12216,167837,99164,93105,1
82656,78456,30281,161112,112937,108737,1
76474,7262,93417,83736,169891,100679,0
28215,68521,76859,96736,105074,145380,1
49159,69770,55687,118929,104846,125457,1
77267,78468,51185,155735,128452,129653,1
90782,20504,81709,111286,172491,102213,1
76544,30897,96473,107441,173017,127370,1
80358,11197,95923,91555,176281,107120,0
27197,6445,94934,33642,122131,101379,0
58166,55445,96958,113611,155124,152403,1
69830,70385,80414,140215,150244,150799,1
60432,30676,71708,91108,132140,102384,1
71283,98175,37830,169458,109113,136005,1
95057,11529,41370,106586,136427,52899,0
41745,83715,69072,125460,110817,152787,1
33977,73086,73968,107063,107945,147054,1
30731,77160,47977,107891,78708,125137,1
73662,75733,52541,149395,126203,128274,1
80274,26721,41580,106995,121854,68301,0
26589,10927,2374,37516,28963,13301,0
20585,18394,97111,38979,117696,115505,0
91664,83575,5670,175239,97334,89245,0
39548,47795,82699,87343,122247,130494,1
3085,39487,13337,42572,16422,52824,0
83116,12656,82857,95772,165973,95513,1
17655,10015,85413,27670,103068,95428,0
26587,25928,23164,52515,49751,49092,1
51914,70853,14482,122767,66396,85335,0
93751,72900,98456,166651,192207,171356,1
86599,69897,20170,156496,106769,90067,1
76820,4349,87171,81169,163991,91520,0
93174,71382,61464,164556,154638,132846,1
37632,61845,20667,99477,58299,82512,0
46278,3796,51199,50074,97477,54995,0
25021,50632,47499,75653,72520,98131,1
46287,9405,58754,55692,105041,68159,0
76969,45946,35313,122915,112282,81259,1
35147,36015,90378,71162,125525,126393,0
44988,99411,52062,144399,97050,151473,0
49085,60759,48997,109844,98082,109756,1
92711,69930,77517,162641,170228,147447,1
40569,68977,34002,109546,74571,102979,1
81527,7458,37203,88985,118730,44661,0
6306,23443,54232,29749,60538,77675,0
35447,70500,42787,105947,78234,113287,1
64073,21246,91067,85319,155140,112313,0
37651,6876,7817,44527,45468,14693,0
9121,80413,12339,89534,21460,92752,0
61219,1606,12605,62825,73824,14211,0
69975,79708,58879,149683,128854,138587,1
15367,8793,83572,24160,98939,92365,0
24934,30467,1622,55401,26556,32089,0
17378,46845,93421,64223,110799,140266,0
57180,6496,81791,63676,138971,88287,0
51101,32425,1886,83526,52987,34311,0
40572,47765,56536,88337,97108,104301,1
27448,54255,46842,81703,74290,101097,1
6938,42085,43054,49023,49992,85139,1
91715,97160,46174,188875,137889,143334,1
47192,6814,75362,54006,122554,82176,0
15689,88029,44618,103718,60307,132647,0
66651,73545,123,140196,66774,73668,0
77612,63531,17181,141143,94793,80712,1
91317,78675,73271,169992,164588,151946,1
7598,59492,23759,67090,31357,83251,0
14285,84136,94403,98421,108688,178539,1
56354,29966,41052,86320,97406,71018,1
95342,17672,39929,113014,135271,57601,0
26967,15771,68461,42738,95428,84232,0
8059,30358,19346,38417,27405,49704,0
28531,14294,65389,42825,93920,79683,0
16960,53990,19266,70950,36226,73256,0
18439,11690,86152,30129,104591,97842,0
8353,89849,50553,98202,58906,140402,0
6848,74163,90515,81011,97363,164678,0
55734,92704,6070,148438,61804,98774,0
84075,13961,96678,98036,180753,110639,1
59406,1744,63224,61150,122630,64968,0
55245,35178,62957,90423,118202,98135,1
25075,39176,5083,64251,30158,44259,0
94173,45326,68384,139499,162557,113710,1
84947,62053,8370,147000,93317,70423,0
35269,24382,51719,59651,86988,76101,1
95269,63390,52828,158659,148097,116218,1
29869,84893,95587,114762,125456,180480,1
80186,43397,95670,123583,175856,139067,1
88826,15358,85911,104184,174737,101269,1
87350,68413,80361,155763,167711,148774,1
64273,14304,63660,78577,127933,77964,1
11987,8628,66606,20615,78593,75234,0
96727,1450,72426,98177,169153,73876,0
74506,34992,63659,109498,138165,98651,1
89107,16695,9418,105802,98525,26113,0
16868,23819,19966,40687,36834,43785,1
68900,22027,85819,90927,154719,107846,1
19857,84134,34664,103991,54521,118798,0
70806,41650,94067,112456,164873,135717,1
28724,27196,55685,55920,84409,82881,1
98566,22590,97211,121156,195777,119801,1
69834,40069,81785,109903,151619,121854,1
16467,16046,82386,32513,98853,98432,0
20992,10542,93697,31534,114689,104239,0
45403,77815,66916,123218,112319,144731,1
46522,71063,82954,117585,129476,154017,1
54255,23704,31945,77959,86200,55649,1
2326,90470,15616,92796,17942,106086,0
14382,19216,81792,33598,96174,101008,0
96934,83744,28882,180678,125816,112626,1
53565,58585,94248,112150,147813,152833,1
88835,46594,53247,135429,142082,99841,1
55327,50984,22869,106311,78196,73853,1
20792,4265,96838,25057,117630,101103,0
1667,55855,82500,57522,84167,138355,0
18140,26682,86345,44822,104485,113027,0
61081,60064,88297,121145,149378,148361,1
63596,95051,93184,158647,156780,188235,1
95346,47211,13850,142557,109196,61061,0
98499,60060,27829,158559,126328,87889,0
65765,90350,94500,156115,160265,184850,1
44081,99299,72479,143380,116560,171778,1
80383,73307,5871,153690,86254,79178,0
37189,48305,72749,85494,109938,121054,1
28770,68732,69938,97502,98708,138670,1
5576,81122,42617,86698,48193,123739,0
53359,57340,21730,110699,75089,79070,1
24854,22406,14161,47260,39015,36567,1
75656,58059,89051,133715,164707,147110,1
47953,20302,95144,68255,143097,115446,0
78908,7206,27658,86114,106566,34864,0
97986,35750,43850,133736,141836,79600,0
41215,15703,90268,56918,131483,105971,0
59117,9141,65163,68258,124280,74304,1
98537,23057,93781,121594,192318,116838,1
15622,65185,85848,80807,101470,151033,0
87086,62640,90988,149726,178074,153628,1
13936,59635,97414,73571,111350,157049,0
49795,78071,12705,127866,62500,90776,0
34672,66282,56469,100954,91141,122751,1
5570,46483,11428,52053,16998,57911,0
4653,78955,44989,83608,49642,123944,0
10159,54848,88495,65007,98654,143343,0
76757,69863,47506,146620,124263,117369,1
4306,82864,25428,87170,29734,108292,0
58067,29007,33823,87074,91890,62830,1
44820,1144,95736,45964,140556,96880,0
88176,35595,9189,123771,97365,44784,0
37901,90172,17064,128073,54965,107236,0
93965,34806,84037,128771,178002,118843,1
40350,15619,50885,55969,91235,66504,1
88719,92453,65073,181172,153792,157526,1
74700,68392,91635,143092,166335,160027,1
68949,75477,51677,144426,120626,127154,1
63062,40917,18166,103979,81228,59083,0
5610,51614,6773,57224,12383,58387,0
42204,77925,85233,120129,127437,163158,1
6183,94417,67664,100600,73847,162081,0
48327,23180,13463,71507,61790,36643,0
57592,56404,65423,113996,123015,121827,1
48925,20550,80391,69475,129316,100941,0
92288,1962,24382,94250,116670,26344,0
41509,52135,90633,93644,132142,142768,1
9019,61683,17899,70702,26918,79582,0
90723,14280,80537,105003,171260,94817,1
59154,74873,33093,134027,92247,107966,1
87903,96765,59355,184668,147258,156120,1
53238,22393,64785,75631,118023,87178,1
35100,22624,37564,57724,72664,60188,1
8500,69153,47605,77653,56105,116758,0
64554,15303,26251,79857,90805,41554,0
22080,74618,50783,96698,72863,125401,0
7579,66490,76420,74069,83999,142910,0
38758,18920,58614,57678,97372,77534,0
75159,65982,9344,141141,84503,75326,1
68239,17817,27183,86056,95422,45000,0
60314,89602,23633,149916,83947,113235,0
12332,58627,4714,70959,17046,63341,0
98592,54266,40098,152858,138690,94364,0
22617,56931,70722,79548,93339,127653,1
46231,89150,25207,135381,71438,114357,0
12927,78112,9333,91039,22260,87445,0
48945,13755,46496,62700,95441,60251,1
13034,16842,21176,29876,34210,38018,1
12657,86863,25308,99520,37965,112171,0
75231,16145,23786,91376,99017,39931,0
48000,83557,27546,131557,75546,111103,0
59699,84503,37302,144202,97001,121805,1
35577,88794,2429,124371,38006,91223,0
21727,18417,71846,40144,93573,90263,0
88671,52202,95915,140873,184586,148117,1
94838,64688,2244,159526,97082,66932,0
81912,13662,97058,95574,178970,110720,0
94333,85883,49656,180216,143989,135539,1
70154,43073,79846,113227,150000,122919,1
66741,22821,2215,89562,68956,25036,0
79261,50210,43634,129471,122895,93844,1
43517,37984,37062,81501,80579,75046,1
69295,24933,60449,94228,129744,85382,1
60685,88134,27979,148819,88664,116113,1
81440,94019,74844,175459,156284,168863,1
97915,11714,17751,109629,115666,29465,0
79409,41412,12468,120821,91877,53880,0
45577,34130,59348,79707,104925,93478,1
92305,17175,25072,109480,117377,42247,0
61683,22607,17836,84290,79519,40443,0
39329,52261,30448,91590,69777,82709,1
47639,16197,52864,63836,100503,69061,1
11190,80202,25813,91392,37003,106015,0
36870,23205,94510,60075,131380,117715,0
6199,88137,25887,94336,32086,114024,0
70323,88815,61515,159138,131838,150330,1
34639,54209,83694,88848,118333,137903,1
33317,45946,8203,79263,41520,54149,0
18142,88644,98359,106786,116501,187003,1
63356,60322,70664,123678,134020,130986,1
3110,73411,70692,76521,73802,144103,1
30592,19501,80012,50093,110604,99513,0
15714,28080,63214,43794,78928,91294,0
28364,86867,19842,115231,48206,106709,0
52634,16163,2777,68797,55411,18940,0
16821,60948,20796,77769,37617,81744,0
5203,26516,2694,31719,7897,29210,0
6206,92022,70958,98228,77164,162980,0
36626,37181,98697,73807,135323,135878,0
54957,77463,6743,132420,61700,84206,0
46994,11293,19583,58287,66577,30876,0
880,80078,67064,80958,67944,147142,0
6906,64570,57572,71476,64478,122142,0
87217,66113,13482,153330,100699,79595,0
25775,82791,29292,108566,55067,112083,0
55611,37249,12162,92860,67773,49411,0
27812,49239,28465,77051,56277,77704,1
24613,87939,90678,112552,115291,178617,1
15517,73719,5184,89236,20701,78903,0
58234,75268,61484,133502,119718,136752,1
77580,10057,71937,87637,149517,81994,1
51124,99190,73726,150314,124850,172916,1
14186,88500,76778,102686,90964,165278,1
21946,19644,4964,41590,26910,24608,1
69777,31404,60651,101181,130428,92055,1
69984,27522,60805,97506,130789,88327,1
21049,5057,15589,26106,36638,20646,0
31966,27125,59985,59091,91951,87110,0
20171,81402,88441,101573,108612,169843,1
64958,1062,54238,66020,119196,55300,0
7212,15522,2091,22734,9303,17613,0
16518,48764,33595,65282,50113,82359,1
73961,34769,93110,108730,167071,127879,1
77800,99658,45459,177458,123259,145117,1
56115,63008,82713,119123,138828,145721,1
82874,51599,55794,134473,138668,107393,1
17577,8576,316,26153,17893,8892,0
118,29741,56353,29859,56471,86094,0
81687,35978,25470,117665,107157,61448,0
67885,69165,12730,137050,80615,81895,1
15451,98765,7731,114216,23182,106496,0
36137,55641,17927,91778,54064,73568,0
93595,18571,25546,112166,119141,44117,0
17814,33770,62725,51584,80539,96495,0
61804,90942,76090,152746,137894,167032,1
729,40084,6514,40813,7243,46598,0
9612,829,93820,10441,103432,94649,0
35796,53182,31222,88978,67018,84404,1
53494,64950,41064,118444,94558,106014,1
2447,20679,54488,23126,56935,75167,0
84631,8493,24318,93124,108949,32811,0
52323,46291,39544,98614,91867,85835,1
39838,10373,65112,50211,104950,75485,0
46815,26369,95844,73184,142659,122213,0
96803,90079,6582,186882,103385,96661,0
46389,32984,46126,79373,92515,79110,1
59071,56614,77685,115685,136756,134299,1
39832,5022,96200,44854,136032,101222,0
20554,88616,24624,109170,45178,113240,0
73416,40774,36866,114190,110282,77640,1
4920,98694,7014,103614,11934,105708,0
70836,2898,87389,73734,158225,90287,0
95506,84632,72867,180138,168373,157499,1
83972,16122,38184,100094,122156,54306,0
64738,33546,45703,98284,110441,79249,1
44260,931,82470,45191,126730,83401,0
73945,8392,34338,82337,108283,42730,0
55141,42556,9855,97697,64996,52411,0
14286,93296,53409,107582,67695,146705,0
35151,4647,5240,39798,40391,9887,0
87755,66376,8558,154131,96313,74934,0
62820,48432,69361,111252,132181,117793,1
96401,7002,90542,103403,186943,97544,1
76218,65553,86089,141771,162307,151642,1
47183,69072,17717,116255,64900,86789,0
29139,81220,81406,110359,110545,162626,1
52499,24395,87277,76894,139776,111672,0
19901,56676,40801,76577,60702,97477,1
38197,23716,55653,61913,93850,79369,1
54391,32887,79667,87278,134058,112554,1
81134,29845,46144,110979,127278,75989,0
6122,98175,44952,104297,51074,143127,0
7806,17422,33290,25228,41096,50712,0
44635,16236,6321,60871,50956,22557,0
79631,38989,65975,118620,145606,104964,1
77527,61312,94730,138839,172257,156042,1
400,30463,58734,30863,59134,89197,0
12892,86403,89239,99295,102131,175642,1
55197,7537,6086,62734,61283,13623,0
82714,19903,42626,102617,125340,62529,0
65102,3178,11478,68280,76580,14656,0
53387,21186,29653,74573,83040,50839,0
78021,17935,23064,95956,101085,40999,0
21242,12274,91395,33516,112637,103669,0
88548,85867,49851,174415,138399,135718,1
31771,661,61239,32432,93010,61900,0
26828,58790,48575,85618,75403,107365,1
84166,45305,29587,129471,113753,74892,0
32610,68454,41459,101064,74069,109913,1
71855,80315,45700,152170,117555,126015,1
9060,14998,36924,24058,45984,51922,0
75230,24793,36349,100023,111579,61142,0
47611,98658,85303,146269,132914,183961,1
95479,12243,34768,107722,130247,47011,0
96817,54992,55758,151809,152575,110750,1
15263,99640,4159,114903,19422,103799,0
79746,35181,48819,114927,128565,84000,1
43757,89357,80783,133114,124540,170140,1
39868,46562,310,86430,40178,46872,0
29715,81568,47218,111283,76933,128786,0
89264,27023,62747,116287,152011,89770,1
60897,33099,51730,93996,112627,84829,1
74719,97889,93444,172608,168163,191333,1
35431,21376,4762,56807,40193,26138,0
35495,11666,37189,47161,72684,48855,1
18313,29793,41080,48106,59393,70873,1
52036,52179,74562,104215,126598,126741,1
29306,43318,6189,72624,35495,49507,0
1227,32875,33160,34102,34387,66035,1
34460,75223,10146,109683,44606,85369,0
92290,53384,25374,145674,117664,78758,0
30585,1871,11226,32456,41811,13097,0
36718,29388,4374,66106,41092,33762,0
72640,78702,90973,151342,163613,169675,1
82830,93871,9758,176701,92588,103629,0
53576,85975,68059,139551,121635,154034,1
69016,4026,48988,73042,118004,53014,0
71168,14353,83419,85521,154587,97772,1
9123,34590,17528,43713,26651,52118,0
55905,77267,65701,133172,121606,142968,1
5705,42167,66227,47872,71932,108394,0
41767,39050,1888,80817,43655,40938,0
95152,23696,33143,118848,128295,56839,0
49814,74870,33254,124684,83068,108124,1
24493,51683,10892,76176,35385,62575,0
7312,27593,73121,34905,80433,100714,0
55525,67565,3019,123090,58544,70584,0
10565,23635,76748,34200,87313,100383,0
27902,33338,74522,61240,102424,107860,0
44758,86877,3662,131635,48420,90539,0
41271,38655,55524,79926,96795,94179,1
64222,26969,51088,91191,115310,78057,1
9601,81772,43803,91373,53404,125575,0
39908,21858,21170,61766,61078,43028,1
7006,41721,52062,48727,59068,93783,0
35838,66724,71982,102562,107820,138706,1
95407,2011,57353,97418,152760,59364,0
46481,13286,25026,59767,71507,38312,0
12322,33348,27539,45670,39861,60887,1
73156,47705,98766,120861,171922,146471,1
39810,60100,14962,99910,54772,75062,0
4404,83181,50227,87585,54631,133408,0
11352,90156,36717,101508,48069,126873,0
39918,10985,11851,50903,51769,22836,0
98490,46689,96560,145179,195050,143249,1
7755,57815,35631,65570,43386,93446,0
7930,21135,15303,29065,23233,36438,1
27126,69536,4412,96662,31538,73948,0
23445,80074,2254,103519,25699,82328,0
20953,66904,15487,87857,36440,82391,0
72059,65774,44114,137833,116173,109888,1
90966,25143,83132,116109,174098,108275,1
83609,60447,76292,144056,159901,136739,1
73871,15461,9812,89332,83683,25273,0
39393,65334,16937,104727,56330,82271,0
28440,84615,58618,113055,87058,143233,1
97344,88238,97037,185582,194381,185275,1
48426,1115,26059,49541,74485,27174,0
50437,42625,58794,93062,109231,101419,1
39495,57519,42341,97014,81836,99860,1
3780,99981,33630,103761,37410,133611,0
48065,20881,30019,68946,78084,50900,1
53648,2577,16647,56225,70295,19224,0
12254,36600,72815,48854,85069,109415,0
35442,68184,66301,103626,101743,134485,1
111,32642,23251,32753,23362,55893,0
12680,47956,63733,60636,76413,111689,0
39665,48797,40568,88462,80233,89365,1
63173,59266,48073,122439,111246,107339,1
65255,19277,91781,84532,157036,111058,0
99777,32079,81053,131856,180830,113132,1
96881,6112,58595,102993,155476,64707,0
32048,93767,40708,125815,72756,134475,0
35582,29645,77495,65227,113077,107140,0
9085,50149,1617,59234,10702,51766,0
41491,93295,58206,134786,99697,151501,1
99260,91967,84206,191227,183466,176173,1
61949,83347,49528,145296,111477,132875,1
3994,33858,16349,37852,20343,50207,0
82063,574,24778,82637,106841,25352,0
12624,35309,31973,47933,44597,67282,1
97050,21777,9531,118827,106581,31308,0
74732,64734,1633,139466,76365,66367,0
93763,34150,86813,127913,180576,120963,1
31326,24096,46738,55422,78064,70834,1
43817,68433,9408,112250,53225,77841,0
7633,57839,15942,65472,23575,73781,0
83711,69140,35788,152851,119499,104928,1
69378,20113,50590,89491,119968,70703,1
72685,71052,82186,143737,154871,153238,1
41264,3645,69869,44909,111133,73514,0
99385,43530,54584,142915,153969,98114,0
23457,97058,73927,120515,97384,170985,1
95491,13194,40990,108685,136481,54184,0
76200,12615,99115,88815,175315,111730,0
69889,82664,54287,152553,124176,136951,1
72927,3118,26771,76045,99698,29889,0
10322,20805,18592,31127,28914,39397,1
65876,35539,22524,101415,88400,58063,0
18608,16666,16545,35274,35153,33211,1
35188,95123,90755,130311,125943,185878,1
98637,46196,60350,144833,158987,106546,1
97497,76458,13277,173955,110774,89735,0
7428,91453,12926,98881,20354,104379,0
70687,9144,61617,79831,132304,70761,1
32295,11517,54830,43812,87125,66347,0
71553,85816,97761,157369,169314,183577,1
48758,58884,55720,107642,104478,114604,1
82290,28694,60242,110984,142532,88936,1
52295,99928,19530,152223,71825,119458,0
46006,83207,96189,129213,142195,179396,1
12809,98754,17614,111563,30423,116368,0
47256,29066,21983,76322,69239,51049,1
59951,70564,13502,130515,73453,84066,1
92334,16076,42217,108410,134551,58293,0
86905,48284,2547,135189,89452,50831,0
61953,71962,61387,133915,123340,133349,1
72708,86370,79822,159078,152530,166192,1
9546,97425,60249,106971,69795,157674,0
81744,73676,86006,155420,167750,159682,1
37467,8611,49980,46078,87447,58591,0
47623,1987,96240,49610,143863,98227,0
17898,22578,67768,40476,85666,90346,0
65975,84518,24342,150493,90317,108860,1
95935,96591,68578,192526,164513,165169,1
65460,76944,99653,142404,165113,176597,1
7047,1568,17065,8615,24112,18633,0
10071,50478,17883,60549,27954,68361,0
55501,86642,74084,142143,129585,160726,1
87521,15714,79440,103235,166961,95154,1
9064,36166,8986,45230,18050,45152,0
87142,94569,19122,181711,106264,113691,1
9845,59540,25788,69385,35633,85328,0
11009,61735,43681,72744,54690,105416,0
3374,48845,73452,52219,76826,122297,0
66679,62111,97636,128790,164315,159747,1
67537,78661,7017,146198,74554,85678,0
89919,42271,58988,132190,148907,101259,1
18705,88570,35131,107275,53836,123701,0
68575,60325,18751,128900,87326,79076,1
38246,68004,24673,106250,62919,92677,0
49908,86564,98360,136472,148268,184924,1
32161,45160,63299,77321,95460,108459,1
97694,62770,3711,160464,101405,66481,0
26005,28248,59052,54253,85057,87300,0
87829,28423,80877,116252,168706,109300,1
29943,16352,5540,46295,35483,21892,0
85811,77099,61823,162910,147634,138922,1
6854,64284,14531,71138,21385,78815,0
91380,71426,66136,162806,157516,137562,1
56323,58317,37296,114640,93619,95613,1
43288,57696,69756,100984,113044,127452,1
10902,17954,85147,28856,96049,103101,0
80293,44155,92283,124448,172576,136438,1
45471,34689,72449,80160,117920,107138,1
57452,96748,99835,154200,157287,196583,1
91200,37846,27575,129046,118775,65421,0
84444,59718,3803,144162,88247,63521,0
6549,42809,12839,49358,19388,55648,0
81685,1796,52577,83481,134262,54373,0
10991,36251,95101,47242,106092,131352,0
23681,64960,37411,88641,61092,102371,0
287,66925,50253,67212,50540,117178,0
2320,53295,54097,55615,56417,107392,1
52335,85958,2543,138293,54878,88501,0
85556,76716,84667,162272,170223,161383,1
96573,4344,64322,100917,160895,68666,0
11142,1889,43292,13031,54434,45181,0
47389,99707,10787,147096,58176,110494,0
46716,23724,51845,70440,98561,75569,1
13816,16659,17059,30475,30875,33718,1
75558,7292,98551,82850,174109,105843,0
48882,41171,14557,90053,63439,55728,1
84274,57311,14255,141585,98529,71566,0
22048,6573,70861,28621,92909,77434,0
17659,15917,65906,33576,83565,81823,0
54073,29055,3395,83128,57468,32450,0
93014,21818,98329,114832,191343,120147,1
43474,28801,14545,72275,58019,43346,0
71246,49561,66680,120807,137926,116241,1
13831,40746,9836,54577,23667,50582,0
84901,92645,73819,177546,158720,166464,1
96358,46705,98088,143063,194446,144793,1
31168,28510,18814,59678,49982,47324,1
25247,15554,93891,40801,119138,109445,0
54687,40891,48495,95578,103182,89386,1
25075,20860,16241,45935,41316,37101,1
6244,26404,80363,32648,86607,106767,0
21280,80136,94381,101416,115661,174517,1
51881,17369,10413,69250,62294,27782,0
61328,71188,17394,132516,78722,88582,1
41413,46612,53815,88025,95228,100427,1
60743,11462,80873,72205,141616,92335,0
843,20191,71887,21034,72730,92078,0
70216,71891,79849,142107,150065,151740,1
20114,25467,55254,45581,75368,80721,0
2408,58093,37651,60501,40059,95744,0
37920,38742,43,76662,37963,38785,0
53427,68330,20862,121757,74289,89192,1
63007,65797,24403,128804,87410,90200,1
18833,1748,26011,20581,44844,27759,0
83141,75299,9511,158440,92652,84810,1
41986,23684,81396,65670,123382,105080,0
78595,49474,33094,128069,111689,82568,1
30649,95922,39488,126571,70137,135410,0
1325,96995,13883,98320,15208,110878,0
57761,16065,31326,73826,89087,47391,0
82952,66368,18342,149320,101294,84710,1
64281,56595,4360,120876,68641,60955,0
15710,87236,77051,102946,92761,164287,1
6145,73816,84115,79961,90260,157931,0
38240,12165,75179,50405,113419,87344,0
82894,8457,53898,91351,136792,62355,0
98499,12778,57790,111277,156289,70568,0
51432,68765,68971,120197,120403,137736,1
34513,8215,44713,42728,79226,52928,0
40889,17641,31155,58530,72044,48796,1
94948,73609,45685,168557,140633,119294,1
27507,81391,76185,108898,103692,157576,1
57392,28440,160,85832,57552,28600,0
67320,58305,56701,125625,124021,115006,1
12630,39000,96057,51630,108687,135057,0
83459,69368,95365,152827,178824,164733,1
68185,10038,89218,78223,157403,99256,0
35707,9687,12433,45394,48140,22120,0
30524,32177,79174,62701,109698,111351,0
48440,8444,48405,56884,96845,56849,1
47991,27218,5464,75209,53455,32682,0
28142,73081,15135,101223,43277,88216,0
92199,70183,22592,162382,114791,92775,1
25735,23325,29776,49060,55511,53101,1
79264,40738,93322,120002,172586,134060,1
4034,94974,49475,99008,53509,144449,0
18978,10515,46579,29493,65557,57094,0
35779,10860,39546,46639,75325,50406,1
82390,28179,54607,110569,136997,82786,1
7309,36991,62944,44300,70253,99935,0
8654,93748,50739,102402,59393,144487,0
71703,54343,51412,126046,123115,105755,1
45063,83237,69308,128300,114371,152545,1
37704,4237,46413,41941,84117,50650,0
54753,39060,26103,93813,80856,65163,1
770,6273,26901,7043,27671,33174,0
28552,31774,8692,60326,37244,40466,1
39653,85079,54976,124732,94629,140055,1
40753,39983,88212,80736,128965,128195,0
55250,87197,85808,142447,141058,173005,1
33553,34442,74780,67995,108333,109222,0
35277,53934,4481,89211,39758,58415,0
48263,83780,13053,132043,61316,96833,0
6035,17474,22368,23509,28403,39842,1
93049,44705,61893,137754,154942,106598,1
5049,2329,57180,7378,62229,59509,0
90049,30085,49957,120134,140006,80042,0
69688,81382,81890,151070,151578,163272,1
84288,19176,75264,103464,159552,94440,1
36931,53583,82722,90514,119653,136305,1
9597,31653,71285,41250,80882,102938,0
18278,25158,63023,43436,81301,88181,0
49231,2983,68140,52214,117371,71123,0
57788,47235,77185,105023,134973,124420,1
61,894,25718,955,25779,26612,0
64523,56907,12889,121430,77412,69796,1
41439,64863,33564,106302,75003,98427,1
4177,70900,19271,75077,23448,90171,0
21151,96600,11343,117751,32494,107943,0
95840,96098,63138,191938,158978,159236,1
97282,63410,53971,160692,151253,117381,1
96127,35929,66336,132056,162463,102265,1
88850,53464,56868,142314,145718,110332,1
65439,88591,29553,154030,94992,118144,1
49176,21377,27620,70553,76796,48997,0
78282,46510,58384,124792,136666,104894,1
99181,81620,60422,180801,159603,142042,1
53335,64344,20511,117679,73846,84855,1
28531,55203,35086,83734,63617,90289,1
46606,68897,4646,115503,51252,73543,0
38767,40993,27562,79760,66329,68555,1
26227,86963,56439,113190,82666,143402,0
28758,96839,87038,125597,115796,183877,1
31967,70108,51425,102075,83392,121533,1
38524,51580,22619,90104,61143,74199,1
61008,30746,95794,91754,156802,126540,0
70567,99621,22861,170188,93428,122482,0
51661,22311,54791,73972,106452,77102,1
16533,79588,1069,96121,17602,80657,0
72249,82889,64368,155138,136617,147257,1
8316,9718,41665,18034,49981,51383,0
69657,53577,20149,123234,89806,73726,1
69686,47128,55084,116814,124770,102212,1
2628,98741,9482,101369,12110,108223,0
90872,84177,13564,175049,104436,97741,1
64155,30968,76720,95123,140875,107688,1
16591,38468,7363,55059,23954,45831,0
77318,98052,72209,175370,149527,170261,1
61928,13090,44541,75018,106469,57631,0
22003,14442,42425,36445,64428,56867,0
76002,49444,6708,125446,82710,56152,0
48074,60201,87012,108275,135086,147213,1
25239,66106,73243,91345,98482,139349,1
40104,73143,21469,113247,61573,94612,0
51047,44400,66602,95447,117649,111002,1
69769,69281,10372,139050,80141,79653,1
78512,29528,61294,108040,139806,90822,1
53111,69477,79168,122588,132279,148645,1
90272,43380,41214,133652,131486,84594,0
53294,10595,3674,63889,56968,14269,0
35037,76635,2230,111672,37267,78865,0
55132,51695,23700,106827,78832,75395,1
62649,66573,95810,129222,158459,162383,1
73591,38372,87834,111963,161425,126206,1
68825,67249,29974,136074,98799,97223,1
8053,91374,1715,99427,9768,93089,0
88391,81060,49242,169451,137633,130302,1
33619,24705,16280,58324,49899,40985,1
80723,80867,20817,161590,101540,101684,1
94758,14158,64773,108916,159531,78931,0
57515,42844,24346,100359,81861,67190,1
93126,11927,74718,105053,167844,86645,0
8144,3421,62308,11565,70452,65729,0
52157,85250,57446,137407,109603,142696,1
70290,90723,59684,161013,129974,150407,1
57652,91438,83107,149090,140759,174545,1
73064,97781,9691,170845,82755,107472,0
42713,62561,25098,105274,67811,87659,1
55494,61247,34774,116741,90268,96021,1
62329,1306,50551,63635,112880,51857,0
73853,63018,95214,136871,169067,158232,1
59398,53621,63519,113019,122917,117140,1
33780,55638,50198,89418,83978,105836,1
61506,73680,22258,135186,83764,95938,1
51376,67414,13171,118790,64547,80585,0
43493,53801,59373,97294,102866,113174,1
87972,98813,68086,186785,156058,166899,1
65530,704,10640,66234,76170,11344,0
87439,61502,15000,148941,102439,76502,0
87728,18830,76195,106558,163923,95025,1
78835,78362,38395,157197,117230,116757,1
46055,69633,59872,115688,105927,129505,1
16459,83354,60795,99813,77254,144149,0
52895,55514,89759,108409,142654,145273,1
97268,38338,44546,135606,141814,82884,0
76746,86253,93938,162999,170684,180191,1
19634,2998,85903,22632,105537,88901,0
3136,59259,12394,62395,15530,71653,0
61046,90507,84817,151553,145863,175324,1
14615,63984,95890,78599,110505,159874,0
71378,93335,12404,164713,83782,105739,0
79341,5831,87092,85172,166433,92923,0
3235,17152,20058,20387,23293,37210,1
60223,39711,34959,99934,95182,74670,1
52984,6495,47904,59479,100888,54399,1
67615,91937,45138,159552,112753,137075,1
57926,97673,73633,155599,131559,171306,1
60976,19483,28144,80459,89120,47627,0
45468,46694,60768,92162,106236,107462,1
31427,87015,56423,118442,87850,143438,1
85070,21549,18181,106619,103251,39730,0
98315,91924,75807,190239,174122,167731,1
72100,93357,77786,165457,149886,171143,1
23637,71060,88755,94697,112392,159815,1
69762,44290,83517,114052,153279,127807,1
48954,54012,87366,102966,136320,141378,1
71156,48801,2002,119957,73158,50803,0
13943,15390,79665,29333,93608,95055,0
42094,9209,55303,51303,97397,64512,0
84171,85950,38307,170121,122478,124257,1
83694,89427,41377,173121,125071,130804,1
43448,98489,73941,141937,117389,172430,1
69197,26129,26043,95326,95240,52172,0
41943,1112,96061,43055,138004,97173,0
39156,22424,34297,61580,73453,56721,1
78742,40167,85546,118909,164288,125713,1
74346,81660,58014,156006,132360,139674,1
53367,83976,1693,137343,55060,85669,0
49841,85622,87357,135463,137198,172979,1
51815,89025,12552,140840,64367,101577,0
84389,59979,1519,144368,85908,61498,0
41475,64242,28441,105717,69916,92683,1
56258,93313,87561,149571,143819,180874,1
37957,59568,18755,97525,56712,78323,0
49740,52087,43155,101827,92895,95242,1
41692,44025,29295,85717,70987,73320,1
5125,30291,77006,35416,82131,107297,0
61614,30972,18313,92586,79927,49285,0
25458,98420,38749,123878,64207,137169,0
49742,58268,10969,108010,60711,69237,1
22146,84846,2936,106992,25082,87782,0
79018,93159,34996,172177,114014,128155,1
16897,59070,16777,75967,33674,75847,0
38214,54236,74098,92450,112312,128334,1
40009,14010,90628,54019,130637,104638,0
8919,10748,26019,19667,34938,36767,0
96109,35489,42194,131598,138303,77683,0
72472,96763,24333,169235,96805,121096,1
45499,86441,38167,131940,83666,124608,0
33224,2742,43077,35966,76301,45819,0
94698,40402,64912,135100,159610,105314,1
77939,5866,35019,83805,112958,40885,0
24046,73428,58623,97474,82669,132051,1
11379,24007,91722,35386,103101,115729,0
66187,4553,58631,70740,124818,63184,0
65529,79423,34245,144952,99774,113668,1
93977,40880,3580,134857,97557,44460,0
91057,97922,39840,188979,130897,137762,1
84688,98670,81523,183358,166211,180193,1
88779,71668,5979,160447,94758,77647,0
22563,88235,89332,110798,111895,177567,1
55324,28453,34178,83777,89502,62631,1
34096,99188,40441,133284,74537,139629,0
11041,16505,56445,27546,67486,72950,0
81740,90007,23125,171747,104865,113132,1
42515,77921,39587,120436,82102,117508,1
51440,46702,67933,98142,119373,114635,1
67031,6273,4937,73304,71968,11210,0
46124,20186,82812,66310,128936,102998,0
71948,97383,78259,169331,150207,175642,1
24155,60828,2454,84983,26609,63282,0
13415,21838,94732,35253,108147,116570,0
81070,93605,92034,174675,173104,185639,1
73485,6040,99386,79525,172871,105426,0
33000,74510,80143,107510,113143,154653,1
98411,35218,63726,133629,162137,98944,1
19621,56753,27598,76374,47219,84351,0
93176,21415,19282,114591,112458,40697,0
18262,91116,60908,109378,79170,152024,0
34841,24404,57043,59245,91884,81447,1
26738,36262,92682,63000,119420,128944,0
23971,64551,93,88522,24064,64644,0
62873,78996,28914,141869,91787,107910,1
54642,85183,33142,139825,87784,118325,1
32086,97829,27725,129915,59811,125554,0
30346,36492,35733,66838,66079,72225,1
25727,21558,24355,47285,50082,45913,1
99206,14522,14758,113728,113964,29280,0
10807,31597,15597,42404,26404,47194,0
60742,69176,63082,129918,123824,132258,1
51337,16104,15436,67441,66773,31540,0
1477,19894,41479,21371,42956,61373,0
33301,191,48214,33492,81515,48405,0
97235,74203,67726,171438,164961,141929,1
17854,41901,89451,59755,107305,131352,0
14788,36256,75910,51044,90698,112166,0
49696,18565,11284,68261,60980,29849,0
79202,11997,51734,91199,130936,63731,0
32622,31916,45894,64538,78516,77810,1
53432,3979,96859,57411,150291,100838,0
5713,25954,78145,31667,83858,104099,0
86273,34215,25121,120488,111394,59336,0
70967,13411,90581,84378,161548,103992,0
79415,65690,67583,145105,146998,133273,1
65423,52795,21465,118218,86888,74260,1
37894,87037,95920,124931,133814,182957,1
66783,21021,15377,87804,82160,36398,0
45956,21597,29065,67553,75021,50662,1
72740,57052,4065,129792,76805,61117,0
61665,40843,75349,102508,137014,116192,1
9749,96630,37198,106379,46947,133828,0
71451,73901,15750,145352,87201,89651,1
62561,99282,1433,161843,63994,100715,0
46182,39690,33466,85872,79648,73156,1
1939,74352,44336,76291,46275,118688,0
31942,54174,43221,86116,75163,97395,1
7659,9740,15659,17399,23318,25399,1
40730,25392,94010,66122,134740,119402,0
83297,95579,31217,178876,114514,126796,1
49150,90724,35260,139874,84410,125984,0
69915,77905,19045,147820,88960,96950,1
71818,46203,89858,118021,161676,136061,1
47063,70414,35987,117477,83050,106401,1
46135,90989,68295,137124,114430,159284,1
41503,16207,17893,57710,59396,34100,0
62308,76381,20291,138689,82599,96672,1
55763,67868,18917,123631,74680,86785,1
38459,25623,97219,64082,135678,122842,0
73875,1285,70679,75160,144554,71964,0
74362,36331,87858,110693,162220,124189,1
78394,72272,91377,150666,169771,163649,1
60736,67625,68211,128361,128947,135836,1
9928,26889,52286,36817,62214,79175,0
37740,20439,48411,58179,86151,68850,1
7487,33406,11512,40893,18999,44918,0
67242,53316,94358,120558,161600,147674,1
73190,41318,27754,114508,100944,69072,0
93239,40071,97593,133310,190832,137664,1
54279,15340,32890,69619,87169,48230,0
16539,98392,48459,114931,64998,146851,0
96285,71765,4104,168050,100389,75869,0
79228,89074,17859,168302,97087,106933,1
69643,49637,71777,119280,141420,121414,1
90613,84452,67005,175065,157618,151457,1
95296,42845,11897,138141,107193,54742,0
15830,16059,98933,31889,114763,114992,0
23215,69682,77643,92897,100858,147325,1
77699,5805,76554,83504,154253,82359,1
8098,92,53841,8190,61939,53933,0
45265,26238,45728,71503,90993,71966,1
97957,74443,2667,172400,100624,77110,0
65908,71059,63157,136967,129065,134216,1
25953,55226,80621,81179,106574,135847,1
43274,97827,7641,141101,50915,105468,0
41059,52193,1649,93252,42708,53842,0
68845,69455,73419,138300,142264,142874,1
61792,5695,22735,67487,84527,28430,0
74124,16584,13127,90708,87251,29711,0
70723,30376,20048,101099,90771,50424,0
73620,47340,23258,120960,96878,70598,0
73784,11930,43628,85714,117412,55558,0
35544,26076,12673,61620,48217,38749,1
39278,10430,69588,49708,108866,80018,0
96468,38417,76550,134885,173018,114967,1
11449,79604,48870,91053,60319,128474,0
11327,1622,50216,12949,61543,51838,0
34101,62701,24491,96802,58592,87192,0
30557,50757,75414,81314,105971,126171,1
43128,80260,5342,123388,48470,85602,0
11875,16066,54355,27941,66230,70421,0
97800,22548,57035,120348,154835,79583,0
53403,99352,95589,152755,148992,194941,1
1479,76756,62549,78235,64028,139305,0
12757,15631,73653,28388,86410,89284,0
62296,86617,24500,148913,86796,111117,1
19591,56926,88823,76517,108414,145749,0
94697,67859,87178,162556,181875,155037,1
66988,26885,17859,93873,84847,44744,0
67275,76159,66894,143434,134169,143053,1
96013,16938,62738,112951,158751,79676,0
71397,80747,50518,152144,121915,131265,1
57464,63544,7520,121008,64984,71064,1
51650,86747,87857,138397,139507,174604,1
95214,37327,92309,132541,187523,129636,1
95638,71268,95054,166906,190692,166322,1
2787,27799,65010,30586,67797,92809,0
46125,37520,48264,83645,94389,85784,1
81858,42233,35064,124091,116922,77297,0
99341,87097,98456,186438,197797,185553,1
57626,86391,87676,144017,145302,174067,1
72270,82917,32658,155187,104928,115575,1
90965,94201,8992,185166,99957,103193,1
84379,9190,50103,93569,134482,59293,0
15321,49405,19690,64726,35011,69095,0
58526,83008,74222,141534,132748,157230,1
27766,2771,46628,30537,74394,49399,0
33565,17031,41160,50596,74725,58191,1
79123,7283,47319,86406,126442,54602,0
58237,88955,29076,147192,87313,118031,0
7707,28544,95037,36251,102744,123581,0
44962,89014,50779,133976,95741,139793,1
73687,45284,65224,118971,138911,110508,1
31873,4615,15495,36488,47368,20110,0
56149,44813,44839,100962,100988,89652,1
73596,384,57575,73980,131171,57959,0
66322,85355,59065,151677,125387,144420,1
19969,35415,6908,55384,26877,42323,0
93702,27729,25057,121431,118759,52786,0
18457,32199,7743,50656,26200,39942,0
99319,92985,55198,192304,154517,148183,1
55521,4505,23422,60026,78943,27927,0
40028,38322,13324,78350,53352,51646,1
38024,6022,59862,44046,97886,65884,0
19440,33316,26585,52756,46025,59901,1
6231,30712,48792,36943,55023,79504,0
62411,99572,36600,161983,99011,136172,0
19854,39923,87044,59777,106898,126967,0
9249,69289,70150,78538,79399,139439,1
52496,17919,68814,70415,121310,86733,1
68558,14208,68194,82766,136752,82402,1
92019,62571,1611,154590,93630,64182,0
42509,41393,83650,83902,126159,125043,1
79656,52173,1013,131829,80669,53186,0
84145,61973,73992,146118,158137,135965,1
36080,58926,73334,95006,109414,132260,1
49888,80522,81487,130410,131375,162009,1
74755,75839,59086,150594,133841,134925,1
30863,55995,93153,86858,124016,149148,0
47278,76841,78099,124119,125377,154940,1
32001,43527,75996,75528,107997,119523,0
21866,37165,70660,59031,92526,107825,0
46624,45215,58356,91839,104980,103571,1
12080,1441,34595,13521,46675,36036,0
92664,18000,74243,110664,166907,92243,0
76308,75831,77692,152139,154000,153523,1
87141,29115,92364,116256,179505,121479,1
38192,21611,74773,59803,112965,96384,0
80617,24342,57534,104959,138151,81876,1
41757,22938,69853,64695,111610,92791,0
41869,57038,64029,98907,105898,121067,1
7662,34064,12015,41726,19677,46079,0
39001,23193,97392,62194,136393,120585,0
70213,61009,86322,131222,156535,147331,1
22721,28492,81073,51213,103794,109565,0
69319,19074,283,88393,69602,19357,0
60525,36016,25625,96541,86150,61641,1
6167,75439,25313,81606,31480,100752,0
30424,77224,32194,107648,62618,109418,0
73203,36083,45759,109286,118962,81842,1
52435,48515,68027,100950,120462,116542,1
79589,82877,13436,162466,93025,96313,1
98494,87007,62978,185501,161472,149985,1
16345,38738,60837,55083,77182,99575,0
66538,51118,71447,117656,137985,122565,1
37224,36038,22434,73262,59658,58472,1
58076,66847,17657,124923,75733,84504,1
25295,9963,37578,35258,62873,47541,0
56599,54771,26677,111370,83276,81448,1
6863,52999,80928,59862,87791,133927,0
47138,1423,71975,48561,119113,73398,0
84148,57720,67235,141868,151383,124955,1
34421,21545,46965,55966,81386,68510,1
61410,21604,19509,83014,80919,41113,0
78584,7446,79011,86030,157595,86457,1
57845,86270,62738,144115,120583,149008,1
50857,9156,79782,60013,130639,88938,0
47512,3845,58602,51357,106114,62447,0
79322,72743,68745,152065,148067,141488,1
1182,84983,80358,86165,81540,165341,0
38213,64248,33662,102461,71875,97910,1
67985,17071,73056,85056,141041,90127,1
34435,83502,4508,117937,38943,88010,0
23740,9135,87398,32875,111138,96533,0
36380,8775,78224,45155,114604,86999,0
5193,36196,58467,41389,63660,94663,0
84401,22626,37327,107027,121728,59953,0
97562,26345,85090,123907,182652,111435,1
50605,76721,48991,127326,99596,125712,1
62636,75218,87781,137854,150417,162999,1
56255,9631,72953,65886,129208,82584,0
91409,53471,27438,144880,118847,80909,0
83317,89892,99057,173209,182374,188949,1
19455,49212,61228,68667,80683,110440,1
90488,26712,3303,117200,93791,30015,0
71374,30430,32917,101804,104291,63347,0
46865,34663,18563,81528,65428,53226,1
432,12101,1959,12533,2391,14060,0
66899,69558,44508,136457,111407,114066,1
52083,41587,59556,93670,111639,101143,1
39689,54816,65106,94505,104795,119922,1
59330,10784,39535,70114,98865,50319,0
91835,9733,81344,101568,173179,91077,0
51788,65107,76820,116895,128608,141927,1
39489,93615,58302,133104,97791,151917,1
63604,75626,8084,139230,71688,83710,0
89216,6155,92879,95371,182095,99034,1
51803,21071,5109,72874,56912,26180,0
47366,38083,97808,85449,145174,135891,0
47065,33932,40341,80997,87406,74273,1
26087,39743,69949,65830,96036,109692,0
57164,64783,4543,121947,61707,69326,0
10846,21310,56500,32156,67346,77810,0
62779,20159,22799,82938,85578,42958,0
55340,10633,25913,65973,81253,36546,0
24272,6616,54438,30888,78710,61054,0
51758,87615,73021,139373,124779,160636,1
98927,29230,58452,128157,157379,87682,0
67931,44180,39219,112111,107150,83399,1
52149,43178,35059,95327,87208,78237,1
6117,58431,9836,64548,15953,68267,0
74776,88831,18183,163607,92959,107014,1
33578,90662,37761,124240,71339,128423,0
38050,35798,84961,73848,123011,120759,0
56179,34793,80107,90972,136286,114900,1
66294,580,17182,66874,83476,17762,0
92798,884,9298,93682,102096,10182,0
74096,93940,60608,168036,134704,154548,1
7691,55909,87145,63600,94836,143054,0
24503,67790,69443,92293,93946,137233,1
65404,12435,80978,77839,146382,93413,0
5474,68918,85132,74392,90606,154050,0
66039,30051,55861,96090,121900,85912,1
13868,10311,67000,24179,80868,77311,0
57975,58131,76473,116106,134448,134604,1
92300,59588,41732,151888,134032,101320,1
89251,12740,63400,101991,152651,76140,0
63178,95633,89555,158811,152733,185188,1
40170,7729,70934,47899,111104,78663,0
19891,45728,30908,65619,50799,76636,1
88873,96599,59130,185472,148003,155729,1
53822,70224,67646,124046,121468,137870,1
19546,57542,35650,77088,55196,93192,0
99198,55746,51350,154944,150548,107096,1
61921,24356,15519,86277,77440,39875,0
74410,96259,97836,170669,172246,194095,1
82738,12930,37934,95668,120672,50864,0
29760,20800,56375,50560,86135,77175,0
94567,19050,28608,113617,123175,47658,0
49531,66438,16652,115969,66183,83090,0
1023,99492,85364,100515,86387,184856,0
37213,74247,23805,111460,61018,98052,0
5433,62241,68003,67674,73436,130244,0
96701,9003,82029,105704,178730,91032,0
37599,5700,49599,43299,87198,55299,0
7745,23543,40074,31288,47819,63617,0
32671,25492,93295,58163,125966,118787,0
94561,88448,57790,183009,152351,146238,1
16746,78684,81306,95430,98052,159990,1
91433,30701,76058,122134,167491,106759,1
47379,76737,59245,124116,106624,135982,1
87512,48753,2272,136265,89784,51025,0
76598,12218,59293,88816,135891,71511,0
84877,70387,56773,155264,141650,127160,1
9045,17449,20961,26494,30006,38410,1
87536,70493,59402,158029,146938,129895,1
37474,70645,25007,108119,62481,95652,0
60090,19936,79599,80026,139689,99535,1
47883,40629,36293,88512,84176,76922,1
47495,57929,19522,105424,67017,77451,1
29934,67885,19815,97819,49749,87700,0
52883,49022,42492,101905,95375,91514,1
45827,35187,84834,81014,130661,120021,0
95205,13328,25769,108533,120974,39097,0
96492,39217,42462,135709,138954,81679,0
22865,46716,20472,69581,43337,67188,0
26152,65834,1282,91986,27434,67116,0
81403,80253,46494,161656,127897,126747,1
79557,43194,12888,122751,92445,56082,0
32256,39159,41376,71415,73632,80535,1
33379,92227,60093,125606,93472,152320,1
80139,44602,32910,124741,113049,77512,0
21613,13955,1881,35568,23494,15836,0
16058,5942,68464,22000,84522,74406,0
64995,26062,62696,91057,127691,88758,1
87991,11365,49287,99356,137278,60652,0
58141,88431,85983,146572,144124,174414,1
68433,22597,77798,91030,146231,100395,1
29274,59812,78191,89086,107465,138003,1
43678,48151,64759,91829,108437,112910,1
34966,31363,94342,66329,129308,125705,0
557,31887,84418,32444,84975,116305,0
21226,22347,83490,43573,104716,105837,0
26142,63387,22912,89529,49054,86299,0
39999,44868,997,84867,40996,45865,0
64131,585,24007,64716,88138,24592,0
28812,78384,57506,107196,86318,135890,1
95652,93867,34867,189519,130519,128734,1
73769,26539,3075,100308,76844,29614,0
82913,694,40704,83607,123617,41398,0
83034,8088,80072,91122,163106,88160,1
76260,56925,48963,133185,125223,105888,1
81348,26638,80390,107986,161738,107028,1
69211,78179,42451,147390,111662,120630,1
15820,13381,16822,29201,32642,30203,1
30081,94347,51053,124428,81134,145400,0
72224,69761,35564,141985,107788,105325,1
57284,94365,33838,151649,91122,128203,0
67703,61262,77924,128965,145627,139186,1
49750,12012,79819,61762,129569,91831,0
80941,68056,13547,148997,94488,81603,1
14929,66273,34805,81202,49734,101078,0
43350,41784,68331,85134,111681,110115,1
25361,56121,63511,81482,88872,119632,1
23396,75418,16461,98814,39857,91879,0
64966,18784,23508,83750,88474,42292,0
13980,52256,22680,66236,36660,74936,0
91984,30105,60191,122089,152175,90296,0
92985,64422,38106,157407,131091,102528,1
1656,57163,29108,58819,30764,86271,0
81476,57748,93246,139224,174722,150994,1
20468,53678,92129,74146,112597,145807,0
37188,72412,37787,109600,74975,110199,1
9677,27810,81227,37487,90904,109037,0
84183,25419,81853,109602,166036,107272,1
2547,44797,97376,47344,99923,142173,0
63475,2074,76580,65549,140055,78654,0
78562,104,51362,78666,129924,51466,0
30369,32664,38618,63033,68987,71282,1
78590,1249,88822,79839,167412,90071,0
24002,94801,25597,118803,49599,120398,0
93206,39176,11809,132382,105015,50985,0
65833,33956,92425,99789,158258,126381,1
59921,24051,41152,83972,101073,65203,1
94048,71923,82911,165971,176959,154834,1
53321,71340,30331,124661,83652,101671,1
6790,35367,9729,42157,16519,45096,0
94812,12693,84423,107505,179235,97116,1
60399,59480,93647,119879,154046,153127,1
23284,47276,75163,70560,98447,122439,0
25496,18918,87715,44414,113211,106633,0
39835,35609,83314,75444,123149,118923,0
96148,22049,30696,118197,126844,52745,0
15757,40071,56488,55828,72245,96559,0
49181,82697,18455,131878,67636,101152,0
43896,29266,14520,73162,58416,43786,0
45032,99342,7549,144374,52581,106891,0
41405,37901,76892,79306,118297,114793,1
21446,41252,22953,62698,44399,64205,1
47757,40182,7447,87939,55204,47629,0
76515,33369,10944,109884,87459,44313,0
54348,47045,56453,101393,110801,103498,1
68134,20350,45413,88484,113547,65763,0
69573,31626,75836,101199,145409,107462,1
56112,19322,55366,75434,111478,74688,1
45050,54957,67675,100007,112725,122632,1
99471,4873,43177,104344,142648,48050,0
2852,82508,71238,85360,74090,153746,0
19439,14046,97607,33485,117046,111653,0
98891,99658,81693,198549,180584,181351,1
6019,79887,5768,85906,11787,85655,0
98319,97844,40104,196163,138423,137948,1
25865,71397,83580,97262,109445,154977,1
19504,19136,59937,38640,79441,79073,0
26509,17385,18374,43894,44883,35759,1
72344,64676,77275,137020,149619,141951,1
31875,96070,11009,127945,42884,107079,0
69752,82322,11663,152074,81415,93985,0
83871,72929,45171,156800,129042,118100,1
96065,85281,39331,181346,135396,124612,1
31136,82652,11508,113788,42644,94160,0
49919,88860,82624,138779,132543,171484,1
38689,26378,81779,65067,120468,108157,0
69807,27357,46601,97164,116408,73958,1
12857,36152,67583,49009,80440,103735,0
13134,8034,13585,21168,26719,21619,1
49521,44381,83513,93902,133034,127894,1
91448,85188,18846,176636,110294,104034,1
85489,91746,91876,177235,177365,183622,1
33318,38912,75901,72230,109219,114813,0
11043,49624,22057,60667,33100,71681,0
76747,72956,58360,149703,135107,131316,1
32790,76675,78586,109465,111376,155261,1
30360,94420,29621,124780,59981,124041,0
66468,29370,78732,95838,145200,108102,1
85758,22257,10280,108015,96038,32537,0
11768,89131,16289,100899,28057,105420,0
46761,68454,81110,115215,127871,149564,1
60395,9326,20215,69721,80610,29541,0
7698,67554,84454,75252,92152,152008,0
86363,92792,53729,179155,140092,146521,1
6149,75844,93977,81993,100126,169821,0
96089,24541,52911,120630,149000,77452,0
48024,74961,96883,122985,144907,171844,1
86367,9198,23355,95565,109722,32553,0
80046,12640,44135,92686,124181,56775,0
40935,16166,13732,57101,54667,29898,0
81175,19387,40065,100562,121240,59452,0
58274,91720,5509,149994,63783,97229,0
8472,65052,67261,73524,75733,132313,1
54553,67462,30673,122015,85226,98135,1
62521,15730,33170,78251,95691,48900,0
84517,91250,11961,175767,96478,103211,1
41246,10905,86775,52151,128021,97680,0
28894,57793,66373,86687,95267,124166,1
20355,66361,24300,86716,44655,90661,0
28373,87042,83502,115415,111875,170544,1
34055,8508,66163,42563,100218,74671,0
55011,91323,72638,146334,127649,163961,1
32343,91140,86415,123483,118758,177555,1
34620,13206,2283,47826,36903,15489,0
74198,8965,78255,83163,152453,87220,1
92819,28774,42306,121593,135125,71080,0
15606,6923,40229,22529,55835,47152,0
1682,76360,36453,78042,38135,112813,0
22490,42253,75679,64743,98169,117932,0
66365,20817,99458,87182,165823,120275,0
16051,73207,41293,89258,57344,114500,0
81756,20205,9235,101961,90991,29440,0
80129,49075,52307,129204,132436,101382,1
77144,18291,91339,95435,168483,109630,1
78926,36377,27419,115303,106345,63796,0
10733,57877,2556,68610,13289,60433,0
30286,44978,43135,75264,73421,88113,1
70381,31921,8885,102302,79266,40806,0
675,59848,55484,60523,56159,115332,0
82395,16057,10564,98452,92959,26621,0
45813,26149,55858,71962,101671,82007,1
11818,48972,98035,60790,109853,147007,0
54411,48904,52483,103315,106894,101387,1
71651,1309,28572,72960,100223,29881,0
92902,71255,61401,164157,154303,132656,1
40866,38217,20357,79083,61223,58574,1
26317,72865,31365,99182,57682,104230,0
99316,68466,12855,167782,112171,81321,0
55694,13669,52551,69363,108245,66220,1
55974,18794,72523,74768,128497,91317,1
51006,32241,43501,83247,94507,75742,1
98026,32714,8857,130740,106883,41571,0
55652,87301,10096,142953,65748,97397,0
72849,29467,26223,102316,99072,55690,0
3189,38121,93829,41310,97018,131950,0
92309,54197,34425,146506,126734,88622,0
16729,14982,92392,31711,109121,107374,0
78490,34003,66505,112493,144995,100508,1
80725,75632,93353,156357,174078,168985,1
22061,67875,18095,89936,40156,85970,0
3233,22569,64728,25802,67961,87297,0
25785,49582,25863,75367,51648,75445,1
376,54189,47,54565,423,54236,0
91151,55550,34432,146701,125583,89982,0
35493,13017,41842,48510,77335,54859,1
15502,80723,88675,96225,104177,169398,1
57839,2904,47150,60743,104989,50054,0
91890,38118,75821,130008,167711,113939,1
46948,10615,79996,57563,126944,90611,0
49088,49453,7157,98541,56245,56610,1
9078,45091,96007,54169,105085,141098,0
62269,70778,12193,133047,74462,82971,1
17108,75626,49229,92734,66337,124855,0
3848,91477,74137,95325,77985,165614,0
26354,22525,20000,48879,46354,42525,1
15646,96190,56149,111836,71795,152339,0
98442,84513,74693,182955,173135,159206,1
41705,36608,37450,78313,79155,74058,1
49822,20073,91300,69895,141122,111373,0
37199,40719,81280,77918,118479,121999,0
56600,87666,70747,144266,127347,158413,1
95728,75638,27557,171366,123285,103195,1
66894,28791,37002,95685,103896,65793,0
43779,38907,38965,82686,82744,77872,1
72204,69796,55618,142000,127822,125414,1
69564,51231,94432,120795,163996,145663,1
53801,99697,53827,153498,107628,153524,1
81788,10710,21259,92498,103047,31969,0
75206,21585,51699,96791,126905,73284,0
91279,82468,86433,173747,177712,168901,1
99915,58143,15695,158058,115610,73838,0
15496,32956,11562,48452,27058,44518,0
29491,17657,40459,47148,69950,58116,1
48243,87549,43859,135792,92102,131408,1
4258,83095,87015,87353,91273,170110,1
50774,12287,24630,63061,75404,36917,0
86937,70015,88252,156952,175189,158267,1
93487,14995,18312,108482,111799,33307,0
85645,96737,68773,182382,154418,165510,1
42019,33333,62180,75352,104199,95513,1
14184,46413,576,60597,14760,46989,0
69825,90238,88888,160063,158713,179126,1
22331,92378,10827,114709,33158,103205,0
48112,16786,71183,64898,119295,87969,0
25033,19468,84205,44501,109238,103673,0
11768,26698,15998,38466,27766,42696,1
84897,33063,48416,117960,133313,81479,0
46659,74668,27208,121327,73867,101876,0
15104,12451,28522,27555,43626,40973,0
33809,37380,28730,71189,62539,66110,1
54712,83992,40753,138704,95465,124745,1
83436,47838,41334,131274,124770,89172,1
95189,87066,38848,182255,134037,125914,1
11432,71008,79808,82440,91240,150816,1
27173,22904,31079,50077,58252,53983,1
47592,52772,15385,100364,62977,68157,1
73005,70983,53745,143988,126750,124728,1
37777,18742,96065,56519,133842,114807,0
43197,99237,10527,142434,53724,109764,0
29350,89492,97734,118842,127084,187226,1
97673,72876,83902,170549,181575,156778,1
56563,6212,52706,62775,109269,58918,1
62716,86789,93120,149505,155836,179909,1
77078,33769,57479,110847,134557,91248,1
10867,72163,97135,83030,108002,169298,0
66536,96464,86910,163000,153446,183374,1
30409,92036,18908,122445,49317,110944,0
94553,14220,71965,108773,166518,86185,0
355,59767,91933,60122,92288,151700,0
82259,63272,24840,145531,107099,88112,1
23851,38324,73833,62175,97684,112157,0
67885,27366,3621,95251,71506,30987,0
24201,81214,40384,105415,64585,121598,0
99264,74611,63848,173875,163112,138459,1
94398,73070,38234,167468,132632,111304,1
1452,94337,835,95789,2287,95172,0
85018,94565,30156,179583,115174,124721,1
99191,1429,46384,100620,145575,47813,0
7899,78003,28399,85902,36298,106402,0
96089,84241,1809,180330,97898,86050,0
18358,22387,38951,40745,57309,61338,1
71521,9942,39369,81463,110890,49311,0
5463,93111,65338,98574,70801,158449,0
64285,40593,73776,104878,138061,114369,1
84376,15204,48473,99580,132849,63677,0
55841,43591,79946,99432,135787,123537,1
52984,56792,26964,109776,79948,83756,1
84948,83350,64784,168298,149732,148134,1
2307,96011,55971,98318,58278,151982,0
53245,81484,40322,134729,93567,121806,1
34644,92165,51089,126809,85733,143254,0
88467,97171,92733,185638,181200,189904,1
95630,57258,17926,152888,113556,75184,0
29656,46095,55262,75751,84918,101357,1
7094,7392,50631,14486,57725,58023,0
8472,11324,50249,19796,58721,61573,0
23624,39275,26082,62899,49706,65357,1
72858,33745,66186,106603,139044,99931,1
90113,83353,6644,173466,96757,89997,0
77444,81968,88851,159412,166295,170819,1
71228,19113,97898,90341,169126,117011,0
66751,58419,62429,125170,129180,120848,1
80303,55779,71894,136082,152197,127673,1
15602,64389,85838,79991,101440,150227,0
5506,98533,17453,104039,22959,115986,0
71564,79625,93641,151189,165205,173266,1
65680,95582,18903,161262,84583,114485,0
45708,15623,25048,61331,70756,40671,0
1739,42041,24426,43780,26165,66467,0
27091,96011,64282,123102,91373,160293,0
76931,40925,38936,117856,115867,79861,1
89354,73970,8538,163324,97892,82508,0
47263,84581,91848,131844,139111,176429,1
20648,55469,85860,76117,106508,141329,0
73789,72520,73580,146309,147369,146100,1
62654,61623,17602,124277,80256,79225,1
52884,18866,69142,71750,122026,88008,1
64769,19128,88622,83897,153391,107750,0
19814,23768,8835,43582,28649,32603,1
71305,65603,69768,136908,141073,135371,1
94844,7009,55318,101853,150162,62327,0
207,41721,74746,41928,74953,116467,0
96434,13013,45835,109447,142269,58848,0
804,16760,18107,17564,18911,34867,0
6928,8338,11527,15266,18455,19865,1
97355,57180,64070,154535,161425,121250,1
59224,36329,62838,95553,122062,99167,1
62060,55822,80622,117882,142682,136444,1
84423,89407,65610,173830,150033,155017,1
59353,6554,55467,65907,114820,62021,1
25612,36984,96467,62596,122079,133451,0
82200,32079,86256,114279,168456,118335,1
38254,26538,22747,64792,61001,49285,1
37396,67583,24976,104979,62372,92559,0
26159,99966,44702,126125,70861,144668,0
13446,69242,63720,82688,77166,132962,1
6676,7402,81061,14078,87737,88463,0
13693,28770,64796,42463,78489,93566,0
82377,77471,34026,159848,116403,111497,1
66985,135,96616,67120,163601,96751,0
35083,97449,4965,132532,40048,102414,0
76581,48749,43493,125330,120074,92242,1
24583,59472,70562,84055,95145,130034,1
18750,18127,54022,36877,72772,72149,0
79849,21613,22254,101462,102103,43867,0
67947,36208,27780,104155,95727,63988,0
22717,10893,67328,33610,90045,78221,0
55109,50507,60585,105616,115694,111092,1
58149,62792,52426,120941,110575,115218,1
7275,78526,47580,85801,54855,126106,0
9540,54239,5462,63779,15002,59701,0
65474,30984,24162,96458,89636,55146,0
60799,91134,76424,151933,137223,167558,1
61758,71917,65766,133675,127524,137683,1
50449,9489,39519,59938,89968,49008,0
72525,5747,41222,78272,113747,46969,0
73334,37889,27559,111223,100893,65448,0
44384,6302,86571,50686,130955,92873,0
14294,26853,96881,41147,111175,123734,0
6636,33685,99960,40321,106596,133645,0
77949,56246,30853,134195,108802,87099,1
89346,67652,81225,156998,170571,148877,1
7832,5261,75894,13093,83726,81155,0
70019,14241,93322,84260,163341,107563,0
48032,72613,79842,120645,127874,152455,1
413,48771,94625,49184,95038,143396,0
75114,25499,42813,100613,117927,68312,0
19321,49221,67596,68542,86917,116817,1
71374,26875,56187,98249,127561,83062,1
88639,69797,57967,158436,146606,127764,1
67290,51986,52431,119276,119721,104417,1
93227,31660,1771,124887,94998,33431,0
23033,36242,55844,59275,78877,92086,1
37057,16457,90368,53514,127425,106825,0
15059,61538,69050,76597,84109,130588,1
34626,83358,41008,117984,75634,124366,0
75549,66901,220,142450,75769,67121,0
66156,91409,66846,157565,133002,158255,1
13331,83753,79524,97084,92855,163277,1
91754,70654,85673,162408,177427,156327,1
94006,70994,21001,165000,115007,91995,0
39196,93282,65210,132478,104406,158492,1
85266,91738,74907,177004,160173,166645,1
94085,49150,4991,143235,99076,54141,0
27160,90706,16166,117866,43326,106872,0
28505,34335,24769,62840,53274,59104,1
8381,39741,28771,48122,37152,68512,0
87019,34655,4560,121674,91579,39215,0
96005,56678,36479,152683,132484,93157,0
20854,16169,87255,37023,108109,103424,0
1475,19331,13726,20806,15201,33057,0
29643,93371,12596,123014,42239,105967,0
72149,92173,78163,164322,150312,170336,1
17571,46389,68723,63960,86294,115112,0
22778,27277,85289,50055,108067,112566,0
17359,13006,99097,30365,116456,112103,0
52647,88319,95073,140966,147720,183392,1
50238,86594,63030,136832,113268,149624,1
42556,88031,22135,130587,64691,110166,0
88219,18876,61730,107095,149949,80606,0
94754,80624,44038,175378,138792,124662,1
71643,73319,94325,144962,165968,167644,1
86112,28071,48670,114183,134782,76741,0
14296,74853,68244,89149,82540,143097,1
63811,82656,90014,146467,153825,172670,1
99969,45079,57631,145048,157600,102710,1
4779,63068,52502,67847,57281,115570,0
75169,39945,16956,115114,92125,56901,0
77368,33250,36527,110618,113895,69777,0
47245,97618,96128,144863,143373,193746,1
65282,86312,81751,151594,147033,168063,1
33788,76939,57413,110727,91201,134352,1
35167,89595,95946,124762,131113,185541,1
37071,52635,69669,89706,106740,122304,1
50033,67073,25938,117106,75971,93011,1
21812,88044,46873,109856,68685,134917,0
74775,58621,59262,133396,134037,117883,1
72446,27960,40735,100406,113181,68695,0
48323,75084,29541,123407,77864,104625,1
50501,8819,98502,59320,149003,107321,0
68797,28092,64387,96889,133184,92479,1
29277,87342,65406,116619,94683,152748,1
36329,45263,15080,81592,51409,60343,1
12188,29782,45673,41970,57861,75455,0
96586,77713,97980,174299,194566,175693,1
18408,91382,46706,109790,65114,138088,0
40785,50351,1120,91136,41905,51471,0
89525,37364,84245,126889,173770,121609,1
52103,67450,2180,119553,54283,69630,0
40009,99498,53514,139507,93523,153012,0
79781,98727,44262,178508,124043,142989,1
92664,81856,94211,174520,186875,176067,1
74819,11614,17078,86433,91897,28692,0
62000,21823,44647,83823,106647,66470,1
99456,62888,85019,162344,184475,147907,1
61160,72306,28628,133466,89788,100934,1
90993,63023,67648,154016,158641,130671,1
57899,7144,36106,65043,94005,43250,0
49160,89332,14375,138492,63535,103707,0
24582,84100,61772,108682,86354,145872,1
87596,55323,51924,142919,139520,107247,1
95293,88333,29872,183626,125165,118205,1
63413,69353,30992,132766,94405,100345,1
63536,18044,98184,81580,161720,116228,0
43470,86437,42862,129907,86332,129299,0
36162,73188,35980,109350,72142,109168,0
43133,95495,13388,138628,56521,108883,0
81166,33282,51346,114448,132512,84628,1
54680,79513,9160,134193,63840,88673,0
15176,32338,24079,47514,39255,56417,1
72670,88442,38703,161112,111373,127145,1
14210,67571,74573,81781,88783,142144,1
10688,80890,33659,91578,44347,114549,0
88997,66396,54887,155393,143884,121283,1
93249,375,5391,93624,98640,5766,0
49023,49582,10446,98605,59469,60028,1
8211,29518,48893,37729,57104,78411,0
72424,68327,11721,140751,84145,80048,1
13510,47140,43776,60650,57286,90916,1
5082,95204,89031,100286,94113,184235,0
36173,62549,32725,98722,68898,95274,1
96221,82681,1398,178902,97619,84079,0
95011,22366,33671,117377,128682,56037,0
23574,30432,77963,54006,101537,108395,0
7799,69424,72900,77223,80699,142324,1
62019,27318,48960,89337,110979,76278,1
70852,72000,97820,142852,168672,169820,1
98477,25434,7114,123911,105591,32548,0
87852,64772,1110,152624,88962,65882,0
30000,57945,49805,87945,79805,107750,1
7168,18094,31560,25262,38728,49654,0
7511,93856,65558,101367,73069,159414,0
70690,44630,74010,115320,144700,118640,1
79037,27639,43319,106676,122356,70958,0
84878,53958,6990,138836,91868,60948,0
13883,85135,56748,99018,70631,141883,0
18533,88253,1634,106786,20167,89887,0
85839,30762,25906,116601,111745,56668,0
57541,96127,10758,153668,68299,106885,0
42338,46205,30,88543,42368,46235,0
62949,89288,57825,152237,120774,147113,1
75880,79751,14174,155631,90054,93925,1
98162,48046,13267,146208,111429,61313,0
45292,93741,20139,139033,65431,113880,0
68072,21179,9157,89251,77229,30336,0
25173,56752,9546,81925,34719,66298,0
26094,98618,14143,124712,40237,112761,0
90728,6753,10270,97481,100998,17023,0
17785,93075,87241,110860,105026,180316,1
70392,39760,15038,110152,85430,54798,0
62425,18495,31960,80920,94385,50455,0
88555,15665,3095,104220,91650,18760,0
66260,43393,31311,109653,97571,74704,1
42242,98592,11541,140834,53783,110133,0
33043,15062,55474,48105,88517,70536,0
89898,78725,32547,168623,122445,111272,1
96231,10085,14653,106316,110884,24738,0
54228,81077,36414,135305,90642,117491,1
8960,32475,40083,41435,49043,72558,1
93080,15564,4631,108644,97711,20195,0
89285,83016,42534,172301,131819,125550,1
69816,66765,12165,136581,81981,78930,1
40834,19963,2535,60797,43369,22498,0
56932,2300,22155,59232,79087,24455,0
5740,40977,1408,46717,7148,42385,0
45205,77236,872,122441,46077,78108,0
77326,91561,2756,168887,80082,94317,0
69210,29031,37409,98241,106619,66440,0
86636,6596,60564,93232,147200,67160,0
30931,67919,65942,98850,96873,133861,1
58921,45529,23205,104450,82126,68734,1
52982,84588,37556,137570,90538,122144,1
35489,26276,49284,61765,84773,75560,1
11884,63225,31085,75109,42969,94310,0
14436,86133,16570,100569,31006,102703,0
28794,31018,91101,59812,119895,122119,0
51971,19088,20875,71059,72846,39963,0
68928,65727,71169,134655,140097,136896,1
80402,80389,34295,160791,114697,114684,1
31710,86835,12379,118545,44089,99214,0
43870,13042,31277,56912,75147,44319,1
79013,60144,18830,139157,97843,78974,0
74100,95406,66525,169506,140625,161931,1
6630,78075,46005,84705,52635,124080,0
44419,86735,39123,131154,83542,125858,0
93487,72797,6410,166284,99897,79207,0
40043,39330,80462,79373,120505,119792,0
65087,71327,97751,136414,162838,169078,1
72160,1667,40925,73827,113085,42592,0
78258,48090,6839,126348,85097,54929,0
32033,82348,86066,114381,118099,168414,1
97411,82210,12892,179621,110303,95102,0
39897,24894,88848,64791,128745,113742,0
94058,99849,57126,193907,151184,156975,1
93983,23133,25600,117116,119583,48733,0
50137,975,43036,51112,93173,44011,0
73722,73886,82460,147608,156182,156346,1
62748,82523,15853,145271,78601,98376,0
63267,45196,76546,108463,139813,121742,1
14681,71445,97117,86126,111798,168562,0
37387,22929,44911,60316,82298,67840,1
95970,2540,42391,98510,138361,44931,0
27259,14025,75403,41284,102662,89428,0
29717,70814,22065,100531,51782,92879,0
53624,42529,6792,96153,60416,49321,0
87146,51644,43598,138790,130744,95242,1
59929,30453,19092,90382,79021,49545,0
73067,58828,62343,131895,135410,121171,1
24999,29358,64413,54357,89412,93771,0
31764,33213,44727,64977,76491,77940,1
39833,14446,12115,54279,51948,26561,0
1461,99769,221,101230,1682,99990,0
64516,79120,3478,143636,67994,82598,0
65680,60283,67928,125963,133608,128211,1
64377,82988,99440,147365,163817,182428,1
35025,63353,69098,98378,104123,132451,1
96637,51368,65025,148005,161662,116393,1
9101,55387,96944,64488,106045,152331,0
24306,92129,34771,116435,59077,126900,0
86486,34733,98448,121219,184934,133181,1
74441,62089,6332,136530,80773,68421,0
88514,96923,10929,185437,99443,107852,1
21049,89301,57778,110350,78827,147079,0
70806,77499,69312,148305,140118,146811,1
82541,12521,9265,95062,91806,21786,0
34270,49436,55127,83706,89397,104563,1
68997,23332,86239,92329,155236,109571,1
45547,46736,82327,92283,127874,129063,1
1281,85616,75344,86897,76625,160960,0
70418,30996,28254,101414,98672,59250,0
42188,68208,31166,110396,73354,99374,1
21469,33463,44979,54932,66448,78442,1
31243,85697,76662,116940,107905,162359,1
40322,23294,91885,63616,132207,115179,0
70867,11578,85749,82445,156616,97327,0
33037,73876,29659,106913,62696,103535,0
26211,99924,52725,126135,78936,152649,0
22226,61878,10306,84104,32532,72184,0
2092,78019,2654,80111,4746,80673,0
95126,89013,99853,184139,194979,188866,1
83451,66226,36275,149677,119726,102501,1
41134,28558,8269,69692,49403,36827,0
3779,60046,71027,63825,74806,131073,0
98462,84099,11512,182561,109974,95611,0
43875,15020,8617,58895,52492,23637,0
93759,35718,68656,129477,162415,104374,1
55023,53452,86067,108475,141090,139519,1
62745,80844,15477,143589,78222,96321,0
9645,32431,34700,42076,44345,67131,1
94896,19786,92327,114682,187223,112113,1
35755,21265,57037,57020,92792,78302,0
59948,30001,32656,89949,92604,62657,1
74975,91718,44997,166693,119972,136715,1
89618,15817,55955,105435,145573,71772,0
93116,68713,79148,161829,172264,147861,1
73239,73156,58370,146395,131609,131526,1
30479,39402,38765,69881,69244,78167,1
41711,28235,19835,69946,61546,48070,1
26997,71817,50555,98814,77552,122372,1
21420,89498,91025,110918,112445,180523,1
69594,5939,37753,75533,107347,43692,0
19366,55207,50880,74573,70246,106087,1
5536,14721,9633,20257,15169,24354,1
78087,54779,46525,132866,124612,101304,1
13519,42748,33612,56267,47131,76360,1
78989,27939,8779,106928,87768,36718,0
94435,76363,77676,170798,172111,154039,1
57412,8940,16143,66352,73555,25083,0
92664,18017,71133,110681,163797,89150,0
43868,61096,66610,104964,110478,127706,1
69663,75726,45299,145389,114962,121025,1
56016,23992,63506,80008,119522,87498,1
75586,54110,95266,129696,170852,149376,1
19076,86707,98670,105783,117746,185377,1
71439,651,68418,72090,139857,69069,0
8741,48189,37975,56930,46716,86164,0
57166,70260,77010,127426,134176,147270,1
27459,56725,35500,84184,62959,92225,1
67273,50991,17165,118264,84438,68156,1
63818,81062,23803,144880,87621,104865,1
62613,5645,28466,68258,91079,34111,0
33105,18056,20146,51161,53251,38202,1
5481,11466,66358,16947,71839,77824,0
28793,28912,50184,57705,78977,79096,1
20471,94693,37631,115164,58102,132324,0
52520,35317,29976,87837,82496,65293,1
20430,92392,33579,112822,54009,125971,0
60139,611,49381,60750,109520,49992,0
45504,16496,3540,62000,49044,20036,0
13824,42603,4663,56427,18487,47266,0
2335,44457,47874,46792,50209,92331,0
54838,56362,29927,111200,84765,86289,1
10885,6949,37752,17834,48637,44701,0
63528,5590,72220,69118,135748,77810,0
57114,26256,71849,83370,128963,98105,1
44033,3051,85387,47084,129420,88438,0
71699,94360,836,166059,72535,95196,0
47008,26835,13082,73843,60090,39917,0
79563,23552,62010,103115,141573,85562,1
47616,21482,48257,69098,95873,69739,1
21589,3342,13698,24931,35287,17040,0
6107,44650,48794,50757,54901,93444,1
6361,91367,10750,97728,17111,102117,0
99424,28822,92123,128246,191547,120945,1
72909,23814,93783,96723,166692,117597,1
97217,114,560,97331,97777,674,0
92395,471,1353,92866,93748,1824,0
58853,98073,2985,156926,61838,101058,0
93700,41752,24749,135452,118449,66501,0
83806,66798,49587,150604,133393,116385,1
45564,78358,22048,123922,67612,100406,0
96859,36923,66474,133782,163333,103397,1
40904,83155,35995,124059,76899,119150,0
93911,59535,70609,153446,164520,130144,1
48470,2094,12668,50564,61138,14762,0
32008,47868,69897,79876,101905,117765,1
73927,37317,6076,111244,80003,43393,0
42702,8551,53354,51253,96056,61905,0
56061,40587,67856,96648,123917,108443,1
33393,42729,36649,76122,70042,79378,1
5747,29754,64344,35501,70091,94098,0
24940,87215,39766,112155,64706,126981,0
28561,33444,60856,62005,89417,94300,1
21761,95616,54842,117377,76603,150458,0
22698,8544,9946,31242,32644,18490,0
75508,68288,72027,143796,147535,140315,1
96378,70130,20582,166508,116960,90712,0
96040,89916,40157,185956,136197,130073,1
77469,16798,54705,94267,132174,71503,0
65891,84128,73692,150019,139583,157820,1
71945,99333,43156,171278,115101,142489,1
60079,55079,76285,115158,136364,131364,1
65705,3838,71179,69543,136884,75017,0
39399,13364,73194,52763,112593,86558,0
9379,33956,90612,43335,99991,124568,0
69204,93179,13946,162383,83150,107125,0
30440,20245,68834,50685,99274,89079,0
18300,80329,41277,98629,59577,121606,0
4520,57232,75899,61752,80419,133131,0
35775,87690,14619,123465,50394,102309,0
11597,22379,11277,33976,22874,33656,1
71128,40763,20659,111891,91787,61422,0
85146,73071,94234,158217,179380,167305,1
71038,63824,93955,134862,164993,157779,1
55712,35418,94486,91130,150198,129904,0
63641,76304,58700,139945,122341,135004,1
87927,7421,4870,95348,92797,12291,0
95835,18168,486,114003,96321,18654,0
22035,92187,37581,114222,59616,129768,0
30134,43195,54905,73329,85039,98100,1
77903,97620,87396,175523,165299,185016,1
2087,66940,94782,69027,96869,161722,0
71054,40274,3424,111328,74478,43698,0
95771,7030,50045,102801,145816,57075,0
67814,88212,92080,156026,159894,180292,1
23460,21631,93293,45091,116753,114924,0
236,663,25200,899,25436,25863,0
72440,47970,90665,120410,163105,138635,1
81315,23755,59042,105070,140357,82797,1
65100,31875,94060,96975,159160,125935,1
28101,99768,37663,127869,65764,137431,0
42236,46747,87203,88983,129439,133950,1
9255,75146,5421,84401,14676,80567,0
35543,50546,8417,86089,43960,58963,0
91947,68990,43920,160937,135867,112910,1
89470,23451,68349,112921,157819,91800,1
51729,82685,87372,134414,139101,170057,1
58120,55057,99013,113177,157133,154070,1
83533,82562,59395,166095,142928,141957,1
26118,40717,162,66835,26280,40879,0
70900,29560,85553,100460,156453,115113,1
82981,78900,18487,161881,101468,97387,1
67324,50135,2996,117459,70320,53131,0
49743,75599,12994,125342,62737,88593,0
6373,88280,47281,94653,53654,135561,0
19958,31313,30864,51271,50822,62177,1
61308,85923,3412,147231,64720,89335,0
58576,73009,65351,131585,123927,138360,1
56143,71611,68806,127754,124949,140417,1
52866,70052,49149,122918,102015,119201,1
50505,8519,39402,59024,89907,47921,0
41231,37819,17690,79050,58921,55509,1
2984,21867,56141,24851,59125,78008,0
1830,84301,26092,86131,27922,110393,0
63185,93653,99749,156838,162934,193402,1
82238,58930,35284,141168,117522,94214,1
26315,63410,83674,89725,109989,147084,1
72891,69578,61973,142469,134864,131551,1
54263,45731,42869,99994,97132,88600,1
86278,61078,87553,147356,173831,148631,1
34189,26990,52772,61179,86961,79762,1
87098,60462,98179,147560,185277,158641,1
70451,64420,9857,134871,80308,74277,1
53457,74179,27337,127636,80794,101516,1
29136,25369,7049,54505,36185,32418,1
47366,55322,16192,102688,63558,71514,1
55751,41289,4220,97040,59971,45509,0
22949,5029,66664,27978,89613,71693,0
7348,7353,3790,14701,11138,11143,1
58636,4575,52116,63211,110752,56691,0
91735,32625,83641,124360,175376,116266,1
73059,78139,55333,151198,128392,133472,1
73472,23854,90347,97326,163819,114201,1
39278,97096,66717,136374,105995,163813,1
58356,81087,23974,139443,82330,105061,1
60607,84896,15570,145503,76177,100466,0
89291,71156,67478,160447,156769,138634,1
13185,85379,24428,98564,37613,109807,0
83542,72620,14063,156162,97605,86683,1
67864,6190,6439,74054,74303,12629,0
96198,89771,18373,185969,114571,108144,1
76496,19711,73500,96207,149996,93211,1
46518,96949,38021,143467,84539,134970,0
94606,11481,22674,106087,117280,34155,0
12539,36172,10541,48711,23080,46713,0
97369,81136,39650,178505,137019,120786,1
44627,47447,64874,92074,109501,112321,1
7365,72573,63546,79938,70911,136119,0
36247,69201,66911,105448,103158,136112,1
24990,91902,95112,116892,120102,187014,1
66543,47539,97510,114082,164053,145049,1
35840,75403,36598,111243,72438,112001,0
54833,1812,83940,56645,138773,85752,0
33480,46802,98723,80282,132203,145525,0
6185,45615,15375,51800,21560,60990,0
26017,13342,81425,39359,107442,94767,0
77995,62166,60732,140161,138727,122898,1
39205,5535,36871,44740,76076,42406,1
24712,69791,98507,94503,123219,168298,0
67315,34529,1011,101844,68326,35540,0
41153,35374,18039,76527,59192,53413,1
30209,40962,8995,71171,39204,49957,0
85576,6672,47832,92248,133408,54504,0
1223,57131,8237,58354,9460,65368,0
51245,49127,55445,100372,106690,104572,1
52838,2156,50911,54994,103749,53067,1
19561,68924,2718,88485,22279,71642,0
39032,96058,70016,135090,109048,166074,1
91815,93774,79765,185589,171580,173539,1
7900,21652,28247,29552,36147,49899,1
99107,41618,14664,140725,113771,56282,0
99483,67366,40389,166849,139872,107755,1
31192,19137,60962,50329,92154,80099,0
27767,35181,18929,62948,46696,54110,1
96146,58646,40652,154792,136798,99298,1
6289,60468,22602,66757,28891,83070,0
64909,29047,16151,93956,81060,45198,0
43181,75919,77387,119100,120568,153306,1
4717,5630,17933,10347,22650,23563,0
62581,74716,86557,137297,149138,161273,1
75595,42380,83035,117975,158630,125415,1
21634,90699,99897,112333,121531,190596,1
79429,30233,93254,109662,172683,123487,1
36321,55661,87197,91982,123518,142858,1
55474,47819,97478,103293,152952,145297,1
47770,32659,79631,80429,127401,112290,1
4447,36003,27789,40450,32236,63792,0
96713,26770,7958,123483,104671,34728,0
75043,12714,75413,87757,150456,88127,1
60995,94977,62372,155972,123367,157349,1
42952,28046,12134,70998,55086,40180,0
95187,96917,46722,192104,141909,143639,1
19166,22134,69404,41300,88570,91538,0
25637,87147,31470,112784,57107,118617,0
23335,74090,98427,97425,121762,172517,0
71031,19910,52636,90941,123667,72546,1
11233,7658,36767,18891,48000,44425,0
23174,62632,62075,85806,85249,124707,1
56741,80040,68662,136781,125403,148702,1
29787,13931,39830,43718,69617,53761,1
88840,67228,48378,156068,137218,115606,1
62436,75576,2366,138012,64802,77942,0
40793,93186,4068,133979,44861,97254,0
16949,76250,91551,93199,108500,167801,1
77351,37812,5061,115163,82412,42873,0
14694,11929,55363,26623,70057,67292,0
25595,26319,80935,51914,106530,107254,0
8664,73125,74098,81789,82762,147223,1
9410,63014,21297,72424,30707,84311,0
28429,9979,62443,38408,90872,72422,0
41094,17596,1238,58690,42332,18834,0
53411,17626,53673,71037,107084,71299,1
57201,96926,8130,154127,65331,105056,0
74122,44571,6191,118693,80313,50762,0
73820,69657,38089,143477,111909,107746,1
47919,8183,68368,56102,116287,76551,0
28227,70406,70832,98633,99059,141238,1
21695,991,41098,22686,62793,42089,0
66411,80899,77059,147310,143470,157958,1
44504,37311,30929,81815,75433,68240,1
87531,57134,58600,144665,146131,115734,1
83205,27675,47143,110880,130348,74818,0
40986,8827,51265,49813,92251,60092,0
45911,16052,90284,61963,136195,106336,0
72248,73893,75584,146141,147832,149477,1
56249,25228,81935,81477,138184,107163,0
59539,93420,79883,152959,139422,173303,1
65977,71553,16548,137530,82525,88101,1
4905,19811,65563,24716,70468,85374,0
75281,70263,26583,145544,101864,96846,1
48262,76908,1134,125170,49396,78042,0
69340,90071,21780,159411,91120,111851,1
11825,70030,42695,81855,54520,112725,0
99140,70571,81858,169711,180998,152429,1
67022,66150,62392,133172,129414,128542,1
4405,80502,68027,84907,72432,148529,0
94029,42606,10278,136635,104307,52884,0
61245,43629,80853,104874,142098,124482,1
1955,29342,38170,31297,40125,67512,0
1948,50967,69575,52915,71523,120542,0
13207,47332,86859,60539,100066,134191,0
7197,85892,83852,93089,91049,169744,1
15950,16228,22950,32178,38900,39178,1
94273,21204,70650,115477,164923,91854,0
70795,98194,40884,168989,111679,139078,1
91399,31364,26769,122763,118168,58133,0
66915,67207,34548,134122,101463,101755,1
17190,16543,50244,33733,67434,66787,0
18017,57265,85354,75282,103371,142619,0
89975,43372,58227,133347,148202,101599,1
97595,28736,75399,126331,172994,104135,1
58625,49617,73458,108242,132083,123075,1
98282,73915,17695,172197,115977,91610,0
95441,80897,7487,176338,102928,88384,0
86569,80034,5565,166603,92134,85599,0
96422,22819,6511,119241,102933,29330,0
147,37579,29710,37726,29857,67289,0
23204,57433,31887,80637,55091,89320,0
91940,91236,58830,183176,150770,150066,1
23163,64041,90075,87204,113238,154116,0
93058,90042,11856,183100,104914,101898,1
98635,95141,94248,193776,192883,189389,1
76368,97785,70770,174153,147138,168555,1
45550,73825,169,119375,45719,73994,0
89846,1971,83950,91817,173796,85921,0
16315,36818,8291,53133,24606,45109,0
10331,22282,33582,32613,43913,55864,0
6150,21089,29793,27239,35943,50882,0
2912,75082,91477,77994,94389,166559,0
29131,32403,28478,61534,57609,60881,1
16442,45840,53301,62282,69743,99141,1
90391,40244,40932,130635,131323,81176,0
16074,159,57336,16233,73410,57495,0
43926,76065,24207,119991,68133,100272,0
68903,30706,67529,99609,136432,98235,1
94330,43550,31065,137880,125395,74615,0
38429,61415,10919,99844,49348,72334,0
79765,29134,30118,108899,109883,59252,0
35967,63545,3803,99512,39770,67348,0
99155,50751,8592,149906,107747,59343,0
64472,26063,28573,90535,93045,54636,0
52932,64898,42371,117830,95303,107269,1
21455,80369,94769,101824,116224,175138,1
6155,80420,44700,86575,50855,125120,0
93189,98873,99336,192062,192525,198209,1
76159,31296,59461,107455,135620,90757,1
88776,15774,21829,104550,110605,37603,0
28122,9210,21428,37332,49550,30638,1
33033,67639,6241,100672,39274,73880,0
63374,66559,31287,129933,94661,97846,1
4801,40513,46754,45314,51555,87267,0
44220,97948,57796,142168,102016,155744,1
61214,36408,84481,97622,145695,120889,1
47093,77963,29798,125056,76891,107761,0
99918,88018,58920,187936,158838,146938,1
99220,16696,39878,115916,139098,56574,0
30714,81906,66609,112620,97323,148515,1
72000,73384,60040,145384,132040,133424,1
41586,56272,8335,97858,49921,64607,0
44917,80625,99225,125542,144142,179850,1
47474,67465,10900,114939,58374,78365,0
25972,23677,44307,49649,70279,67984,1
85056,72846,89800,157902,174856,162646,1
97062,51436,64950,148498,162012,116386,1
39873,65053,99782,104926,139655,164835,1
24432,67452,54605,91884,79037,122057,1
76840,47942,15142,124782,91982,63084,0
9446,87602,40857,97048,50303,128459,0
75328,38684,77218,114012,152546,115902,1
14897,80769,80398,95666,95295,161167,1
7647,63142,81567,70789,89214,144709,0
20870,57159,82177,78029,103047,139336,0
85546,7094,87685,92640,173231,94779,1
74846,53736,26546,128582,101392,80282,1
27476,88504,80691,115980,108167,169195,1
1064,18092,59057,19156,60121,77149,0
54009,58975,46386,112984,100395,105361,1
44239,48420,44036,92659,88275,92456,1
83766,6711,31990,90477,115756,38701,0
77546,54266,43640,131812,121186,97906,1
23876,28605,61350,52481,85226,89955,0
27042,14109,86629,41151,113671,100738,0
42615,47974,91234,90589,133849,139208,0
29216,21370,99008,50586,128224,120378,0
13898,35845,49387,49743,63285,85232,1
76308,64373,17968,140681,94276,82341,1
93262,14514,33824,107776,127086,48338,0
78572,41401,66901,119973,145473,108302,1
30708,71599,55437,102307,86145,127036,1
69598,90931,11049,160529,80647,101980,0
27621,47386,24633,75007,52254,72019,1
38680,88932,68589,127612,107269,157521,1
70976,33580,71150,104556,142126,104730,1
34526,65840,71743,100366,106269,137583,1
59244,58125,36568,117369,95812,94693,1
18804,44824,80030,63628,98834,124854,0
6335,18871,21201,25206,27536,40072,1
65150,41800,53147,106950,118297,94947,1
49349,32053,99459,81402,148808,131512,0
83529,78119,15832,161648,99361,93951,1
31065,9841,16786,40906,47851,26627,0
43846,61172,95595,105018,139441,156767,1
37669,34636,86321,72305,123990,120957,0
61926,59427,55171,121353,117097,114598,1
53702,42243,93307,95945,147009,135550,1
19369,81963,55482,101332,74851,137445,0
41491,19297,40248,60788,81739,59545,1
42440,87308,92706,129748,135146,180014,1
72636,90481,7675,163117,80311,98156,0
87841,88998,55239,176839,143080,144237,1
21292,84380,88886,105672,110178,173266,1
73925,3579,16728,77504,90653,20307,0
77550,72408,16540,149958,94090,88948,1
81577,56083,93167,137660,174744,149250,1
17297,41829,76859,59126,94156,118688,0
14852,55397,28714,70249,43566,84111,0
61877,80139,56212,142016,118089,136351,1
77550,95094,18508,172644,96058,113602,1
1756,81102,90851,82858,92607,171953,0
47470,86717,7567,134187,55037,94284,0
52141,10313,3383,62454,55524,13696,0
83923,54814,80879,138737,164802,135693,1
63614,34485,47214,98099,110828,81699,1
72428,23310,59124,95738,131552,82434,1
14994,71664,85288,86658,100282,156952,1
47521,46787,45782,94308,93303,92569,1
73974,64124,31437,138098,105411,95561,1
88509,39998,21385,128507,109894,61383,0
45389,56263,59811,101652,105200,116074,1
52022,47713,91660,99735,143682,139373,1
74554,83055,68891,157609,143445,151946,1
42178,84082,71593,126260,113771,155675,1
25305,34932,28130,60237,53435,63062,1
71545,3115,70938,74660,142483,74053,1
48977,98188,25395,147165,74372,123583,0
65475,18569,90020,84044,155495,108589,0
85572,11736,61340,97308,146912,73076,0
67094,60245,99056,127339,166150,159301,1
5149,92883,78095,98032,83244,170978,0
6765,37059,69456,43824,76221,106515,0
5036,86603,51582,91639,56618,138185,0
48428,17929,86959,66357,135387,104888,0
64704,46354,58470,111058,123174,104824,1
15486,52660,71838,68146,87324,124498,0
20648,65394,18799,86042,39447,84193,0
21722,1682,3655,23404,25377,5337,0
74404,35038,33366,109442,107770,68404,0
3723,10705,17240,14428,20963,27945,0
96002,87551,72224,183553,168226,159775,1
26011,72176,47238,98187,73249,119414,1
74866,74599,50391,149465,125257,124990,1
69438,70818,14439,140256,83877,85257,1
67392,20821,97885,88213,165277,118706,0
31258,19435,40272,50693,71530,59707,1
16411,60054,77853,76465,94264,137907,0
39459,1956,28830,41415,68289,30786,0
78360,65617,50858,143977,129218,116475,1
15198,74479,98813,89677,114011,173292,0
88902,24496,84613,113398,173515,109109,1
42357,47791,76204,90148,118561,123995,1
22165,29213,87862,51378,110027,117075,0
33882,74098,67122,107980,101004,141220,1
21828,82555,23964,104383,45792,106519,0
42258,20184,19428,62442,61686,39612,0
22154,29098,61187,51252,83341,90285,0
8805,39342,58839,48147,67644,98181,0
83073,9579,51743,92652,134816,61322,0
75331,288,45898,75619,121229,46186,0
96520,17682,62931,114202,159451,80613,0
23523,3765,31912,27288,55435,35677,0
366,34412,82772,34778,83138,117184,0
38460,52684,61393,91144,99853,114077,1
70777,17215,65189,87992,135966,82404,1
5663,34353,75481,40016,81144,109834,0
24590,62984,5342,87574,29932,68326,0
96006,3161,67396,99167,163402,70557,0
97286,23286,44219,120572,141505,67505,0
59363,54455,48228,113818,107591,102683,1
14743,30619,10265,45362,25008,40884,0
24270,18434,67014,42704,91284,85448,0
81650,91306,89269,172956,170919,180575,1
58414,56623,83849,115037,142263,140472,1
95220,95371,87494,190591,182714,182865,1
80712,86579,30255,167291,110967,116834,1
27657,94430,81830,122087,109487,176260,1
6533,29212,98645,35745,105178,127857,0
83466,5508,42865,88974,126331,48373,0
85719,44182,39259,129901,124978,83441,0
26058,94560,12895,120618,38953,107455,0
83521,68822,16098,152343,99619,84920,1
53823,21690,37572,75513,91395,59262,1
17486,95326,73367,112812,90853,168693,0
60417,66093,16899,126510,77316,82992,1
85093,17607,94620,102700,179713,112227,1
82057,22058,8267,104115,90324,30325,0
80569,75289,25197,155858,105766,100486,1
56087,27150,74872,83237,130959,102022,1
1780,82359,1381,84139,3161,83740,0
74600,62527,27994,137127,102594,90521,1
5284,3123,22935,8407,28219,26058,0
90361,23722,29394,114083,119755,53116,0
93232,24777,53077,118009,146309,77854,0
84149,96607,76925,180756,161074,173532,1
81271,12248,42702,93519,123973,54950,0
95497,44538,84461,140035,179958,128999,1
68373,4359,84903,72732,153276,89262,0
57471,6171,42492,63642,99963,48663,0
74747,28029,27421,102776,102168,55450,0
10498,94065,45570,104563,56068,139635,0
73293,6998,34694,80291,107987,41692,0
42032,60778,21121,102810,63153,81899,1
53052,4158,46882,57210,99934,51040,0
6010,40678,32337,46688,38347,73015,0
15935,53981,93074,69916,109009,147055,0
31523,11516,27780,43039,59303,39296,1
70403,70793,46505,141196,116908,117298,1
99869,76632,80758,176501,180627,157390,1
85233,83472,54144,168705,139377,137616,1
8948,82116,83035,91064,91983,165151,1
71933,45368,72798,117301,144731,118166,1
77151,30981,56998,108132,134149,87979,1
32758,2719,77997,35477,110755,80716,0
10245,27414,16927,37659,27172,44341,0
11063,9072,48239,20135,59302,57311,0
35706,91828,5844,127534,41550,97672,0
27414,14734,15547,42148,42961,30281,1
93340,84649,46444,177989,139784,131093,1
55626,26927,79479,82553,135105,106406,1
10029,31608,44685,41637,54714,76293,0
72378,39404,67169,111782,139547,106573,1
12707,2064,83043,14771,95750,85107,0
81335,26054,24393,107389,105728,50447,0
8585,85038,64990,93623,73575,150028,0
77294,69767,25942,147061,103236,95709,1
44269,58926,88563,103195,132832,147489,1
87576,88782,38211,176358,125787,126993,1
42200,88287,54848,130487,97048,143135,1
976,12343,49431,13319,50407,61774,0
42054,51875,62193,93929,104247,114068,1
12943,55649,810,68592,13753,56459,0
56463,61383,77194,117846,133657,138577,1
18755,11302,38495,30057,57250,49797,0
45841,81549,16528,127390,62369,98077,0
72777,11507,89750,84284,162527,101257,0
80274,80947,94570,161221,174844,175517,1
19665,22051,51760,41716,71425,73811,0
37677,75288,58581,112965,96258,133869,1
3044,32003,53260,35047,56304,85263,0
94206,25978,88035,120184,182241,114013,1
31571,99718,33739,131289,65310,133457,0
11800,50763,70669,62563,82469,121432,0
80723,3258,19333,83981,100056,22591,0
16956,69507,30390,86463,47346,99897,0
29129,41965,83049,71094,112178,125014,0
11294,60949,60732,72243,72026,121681,1
76096,58995,66523,135091,142619,125518,1
78297,8999,5641,87296,83938,14640,0
12044,21163,36768,33207,48812,57931,0
21349,32864,35936,54213,57285,68800,1
22909,54242,23443,77151,46352,77685,0
99036,88824,43267,187860,142303,132091,1
13042,87060,31447,100102,44489,118507,0
15403,3334,22607,18737,38010,25941,0
27075,5384,37728,32459,64803,43112,0
9579,5952,9380,15531,18959,15332,1
41467,11825,27733,53292,69200,39558,0
57760,26311,79203,84071,136963,105514,1
79867,97588,46866,177455,126733,144454,1
19354,6962,562,26316,19916,7524,0
69590,62439,25023,132029,94613,87462,1
17118,26612,13677,43730,30795,40289,1
2620,31080,47946,33700,50566,79026,0
91503,34200,28808,125703,120311,63008,0
95089,24511,52856,119600,147945,77367,0
32445,75881,46846,108326,79291,122727,1
68828,73283,54067,142111,122895,127350,1
25419,689,64590,26108,90009,65279,0
49925,97258,44294,147183,94219,141552,0
85675,74745,64015,160420,149690,138760,1
18573,72875,6618,91448,25191,79493,0
20078,50088,40240,70166,60318,90328,1
70587,3825,18988,74412,89575,22813,0
83872,96477,35038,180349,118910,131515,1
87486,81944,91180,169430,178666,173124,1
53461,31256,2974,84717,56435,34230,0
71164,57387,1857,128551,73021,59244,0
26818,89080,15320,115898,42138,104400,0
78315,39384,37385,117699,115700,76769,0
20574,91788,14149,112362,34723,105937,0
28091,51666,49693,79757,77784,101359,1
62087,63430,61712,125517,123799,125142,1
97621,94127,83702,191748,181323,177829,1
66725,56937,15517,123662,82242,72454,1
17893,73920,67103,91813,84996,141023,1
57955,79710,37531,137665,95486,117241,1
36475,89307,16378,125782,52853,105685,0
99754,40687,72185,140441,171939,112872,1
30254,73584,15691,103838,45945,89275,0
11359,44478,76473,55837,87832,120951,0
30124,87260,87779,117384,117903,175039,1
13271,23771,37763,37042,51034,61534,0
75232,8750,91383,83982,166615,100133,0
30506,92384,70366,122890,100872,162750,1
4021,27696,61056,31717,65077,88752,0
7509,15021,70842,22530,78351,85863,0
9807,41757,94086,51564,103893,135843,0
62643,16844,69431,79487,132074,86275,1
92375,19308,47168,111683,139543,66476,0
85870,88430,74373,174300,160243,162803,1
46100,14751,33065,60851,79165,47816,1
31044,94268,31005,125312,62049,125273,0
4206,65588,41901,69794,46107,107489,0
88919,33828,95953,122747,184872,129781,1
2523,65300,81091,67823,83614,146391,0
71472,71515,81162,142987,152634,152677,1
84975,36999,18584,121974,103559,55583,0
20250,80107,41613,100357,61863,121720,0
13801,50186,73596,63987,87397,123782,0
47126,2044,59339,49170,106465,61383,0
66776,79537,26778,146313,93554,106315,1
17180,69147,4152,86327,21332,73299,0
8063,49737,33900,57800,41963,83637,0
80674,66789,16861,147463,97535,83650,1
27974,27905,96331,55879,124305,124236,0
83986,16923,64225,100909,148211,81148,0
7529,40974,49922,48503,57451,90896,0
31678,97041,41042,128719,72720,138083,0
28159,39211,48579,67370,76738,87790,1
10702,46852,73964,57554,84666,120816,0
96239,68915,13590,165154,109829,82505,0
15249,83183,65344,98432,80593,148527,0
6757,65023,35607,71780,42364,100630,0
89614,28987,89068,118601,178682,118055,1
32378,86604,53138,118982,85516,139742,0
97551,76729,3315,174280,100866,80044,0
76628,56780,94916,133408,171544,151696,1
14181,48115,22912,62296,37093,71027,0
22926,46792,84969,69718,107895,131761,0
44470,79449,43536,123919,88006,122985,1
425,15328,33754,15753,34179,49082,0
28083,12423,57699,40506,85782,70122,0
31991,13266,9216,45257,41207,22482,0
34381,67842,39090,102223,73471,106932,1
33372,26261,4528,59633,37900,30789,0
20804,43020,3055,63824,23859,46075,0
27288,71520,82002,98808,109290,153522,1
94548,75123,32926,169671,127474,108049,1
34710,41291,95073,76001,129783,136364,0
12228,85819,58778,98047,71006,144597,0
10959,70433,62602,81392,73561,133035,1
79458,52222,22232,131680,101690,74454,0
45618,6575,10165,52193,55783,16740,0
49912,72700,78136,122612,128048,150836,1
4161,46492,57135,50653,61296,103627,0
51675,67783,61799,119458,113474,129582,1
17650,97845,28173,115495,45823,126018,0
81627,18420,92175,100047,173802,110595,1
28462,29688,61247,58150,89709,90935,0
9219,677,94112,9896,103331,94789,0
74045,62222,27014,136267,101059,89236,1
68790,5640,70984,74430,139774,76624,1
53105,59396,24292,112501,77397,83688,1
82037,74015,66345,156052,148382,140360,1
37965,84446,33664,122411,71629,118110,0
8437,6671,93578,15108,102015,100249,0
8457,93489,7630,101946,16087,101119,0
22189,54810,63766,76999,85955,118576,1
55926,51434,47922,107360,103848,99356,1
44619,21060,18353,65679,62972,39413,0
93289,12500,90906,105789,184195,103406,1
98794,57478,63290,156272,162084,120768,1
80855,21691,774,102546,81629,22465,0
19220,10492,39609,29712,58829,50101,0
79919,60953,2010,140872,81929,62963,0
64668,67456,71039,132124,135707,138495,1
22005,39822,64687,61827,86692,104509,0
76993,41164,80313,118157,157306,121477,1
32280,72223,56611,104503,88891,128834,1
44336,6780,53105,51116,97441,59885,0
44491,47006,65065,91497,109556,112071,1
54495,60132,69072,114627,123567,129204,1
74703,57214,57215,131917,131918,114429,1
74629,27297,75514,101926,150143,102811,1
31681,57513,30713,89194,62394,88226,1
5591,53380,58865,58971,64456,112245,1
24185,7320,93399,31505,117584,100719,0
29976,6635,44303,36611,74279,50938,0
27842,25714,59095,53556,86937,84809,0
74807,31573,30435,106380,105242,62008,0
22115,65100,21581,87215,43696,86681,0
88797,8614,51722,97411,140519,60336,0
34818,45742,16345,80560,51163,62087,1
66892,17271,27634,84163,94526,44905,0
40924,6055,2020,46979,42944,8075,0
65042,92379,77629,157421,142671,170008,1
73553,12562,15371,86115,88924,27933,0
77911,10615,33186,88526,111097,43801,0
18162,41366,68816,59528,86978,110182,0
31587,73452,32161,105039,63748,105613,0
54339,5672,92833,60011,147172,98505,0
98961,87394,98257,186355,197218,185651,1
15555,57955,52907,73510,68462,110862,1
58909,24458,97615,83367,156524,122073,0
33303,76134,90835,109437,124138,166969,1
54107,50493,77337,104600,131444,127830,1
78531,26118,58593,104649,137124,84711,1
76287,29805,58897,106092,135184,88702,1
28311,53416,92385,81727,120696,145801,0
34773,51851,236,86624,35009,52087,0
54196,63601,35523,117797,89719,99124,1
5862,68611,4769,74473,10631,73380,0
79505,94399,15512,173904,95017,109911,1
29547,44365,88815,73912,118362,133180,0
28563,23984,14532,52547,43095,38516,1
19918,74801,79077,94719,98995,153878,1
68270,680,93370,68950,161640,94050,0
1821,77869,78794,79690,80615,156663,1
14317,52227,6636,66544,20953,58863,0
87182,67434,86251,154616,173433,153685,1
1921,44542,62244,46463,64165,106786,0
76425,18625,46442,95050,122867,65067,0
43409,72398,51042,115807,94451,123440,1
35812,87753,45370,123565,81182,133123,0
24193,10173,57000,34366,81193,67173,0
88775,59816,14697,148591,103472,74513,0
19878,83331,28752,103209,48630,112083,0
70753,88966,21419,159719,92172,110385,1
71531,48533,13133,120064,84664,61666,0
67104,8204,49010,75308,116114,57214,0
38474,53978,94381,92452,132855,148359,0
95327,99714,2341,195041,97668,102055,0
4451,61473,88315,65924,92766,149788,0
56301,6627,66506,62928,122807,73133,0
55207,68650,80338,123857,135545,148988,1
64178,3886,7682,68064,71860,11568,0
64408,92836,8993,157244,73401,101829,0
89031,84705,95577,173736,184608,180282,1
4518,46261,63859,50779,68377,110120,0
6499,81675,58886,88174,65385,140561,0
59599,22780,85447,82379,145046,108227,0
66712,50081,52245,116793,118957,102326,1
13428,58314,75931,71742,89359,134245,0
53831,12750,46163,66581,99994,58913,1
32573,42542,60521,75115,93094,103063,1
36003,94290,36848,130293,72851,131138,0
55930,65536,84307,121466,140237,149843,1
10480,40680,93759,51160,104239,134439,0
91210,70668,6139,161878,97349,76807,0
8522,45339,57598,53861,66120,102937,0
32873,10794,39438,43667,72311,50232,1
25428,2668,66427,28096,91855,69095,0
29939,44640,42215,74579,72154,86855,1
61772,47631,22902,109403,84674,70533,1
10407,42616,62747,53023,73154,105363,0
32214,63851,51372,96065,83586,115223,1
81688,8266,40629,89954,122317,48895,0
23580,91952,17595,115532,41175,109547,0
93594,25996,62507,119590,156101,88503,0
91538,34654,52715,126192,144253,87369,0
49222,33032,8146,82254,57368,41178,0
68783,24656,10852,93439,79635,35508,0
50159,71014,85937,121173,136096,156951,1
7982,82354,48808,90336,56790,131162,0
79093,45165,67111,124258,146204,112276,1
6841,67548,39900,74389,46741,107448,0
83250,19914,90216,103164,173466,110130,1
61452,73703,23053,135155,84505,96756,1
32042,3260,36950,35302,68992,40210,0
20708,67796,35353,88504,56061,103149,0
83741,40527,44353,124268,128094,84880,1
39040,51614,76692,90654,115732,128306,1
83429,63329,5043,146758,88472,68372,0
18234,14488,57207,32722,75441,71695,0
56746,30366,88032,87112,144778,118398,0
99275,76214,13977,175489,113252,90191,0
95218,15841,33101,111059,128319,48942,0
584,3658,62043,4242,62627,65701,0
29207,84562,19343,113769,48550,103905,0
90868,98801,51240,189669,142108,150041,1
40259,14315,67450,54574,107709,81765,0
29826,84114,3683,113940,33509,87797,0
60961,83786,7912,144747,68873,91698,0
72913,75439,33697,148352,106610,109136,1
60975,62419,77272,123394,138247,139691,1
54239,25951,55186,80190,109425,81137,1
61710,88464,25367,150174,87077,113831,0
69809,73070,10886,142879,80695,83956,1
32387,24242,31859,56629,64246,56101,1
18775,10319,69866,29094,88641,80185,0
62978,48085,16552,111063,79530,64637,1
82627,80085,15448,162712,98075,95533,1
92260,47833,16148,140093,108408,63981,0
96119,27834,83195,123953,179314,111029,1
52361,90137,14495,142498,66856,104632,0
60926,39214,32195,100140,93121,71409,1
81998,27485,68535,109483,150533,96020,1
63416,4336,42756,67752,106172,47092,0
94206,26710,31181,120916,125387,57891,0
19524,95376,10791,114900,30315,106167,0
11924,74798,6636,86722,18560,81434,0
34603,71697,88290,106300,122893,159987,1
4962,21651,21232,26613,26194,42883,1
92573,7523,24076,100096,116649,31599,0
95200,2317,13374,97517,108574,15691,0
49464,48507,34351,97971,83815,82858,1
8458,73897,94443,82355,102901,168340,0
75227,96011,67082,171238,142309,163093,1
6031,60117,24942,66148,30973,85059,0
96838,70893,44272,167731,141110,115165,1
83791,92390,99399,176181,183190,191789,1
18490,30176,56001,48666,74491,86177,0
35656,34241,30309,69897,65965,64550,1
63468,58338,65104,121806,128572,123442,1
37848,29510,44660,67358,82508,74170,1
42393,64343,57723,106736,100116,122066,1
56787,22281,54312,79068,111099,76593,1
63345,46445,81800,109790,145145,128245,1
13078,59133,43680,72211,56758,102813,0
49029,52068,34551,101097,83580,86619,1
52360,69607,30263,121967,82623,99870,1
83192,42774,60400,125966,143592,103174,1
22750,17114,72763,39864,95513,89877,0
45585,70417,10765,116002,56350,81182,0
31828,45070,18408,76898,50236,63478,1
91323,94568,69907,185891,161230,164475,1
87802,32708,27889,120510,115691,60597,0
37637,12377,16658,50014,54295,29035,0
15300,45347,97510,60647,112810,142857,0
33250,67175,83823,100425,117073,150998,1
93439,17295,57761,110734,151200,75056,0
89565,49315,15028,138880,104593,64343,0
31964,76178,70965,108142,102929,147143,1
61406,75345,91143,136751,152549,166488,1
77502,90655,15636,168157,93138,106291,1
38118,54508,78173,92626,116291,132681,1
89861,49848,15218,139709,105079,65066,0
82127,56347,47023,138474,129150,103370,1
5181,78665,4870,83846,10051,83535,0
93915,32957,60833,126872,154748,93790,0
72354,78483,73870,150837,146224,152353,1
62148,9530,99302,71678,161450,108832,0
28311,32435,43453,60746,71764,75888,1
29323,97610,96379,126933,125702,193989,1
36692,131,97246,36823,133938,97377,0
553,88119,28285,88672,28838,116404,0
42618,66733,61897,109351,104515,128630,1
98485,6120,4838,104605,103323,10958,0
5541,93183,80692,98724,86233,173875,0
31715,32903,76546,64618,108261,109449,0
98770,81619,48495,180389,147265,130114,1
94197,76183,60250,170380,154447,136433,1
51695,33879,55667,85574,107362,89546,1
26420,55762,46261,82182,72681,102023,1
71547,70079,6068,141626,77615,76147,1
53088,13451,46282,66539,99370,59733,1
67502,88056,4004,155558,71506,92060,0
37304,33609,66327,70913,103631,99936,1
28152,86122,91421,114274,119573,177543,1
53396,48044,46297,101440,99693,94341,1
14990,19512,21410,34502,36400,40922,1
68286,23160,51005,91446,119291,74165,1
99162,39202,74864,138364,174026,114066,1
38694,48435,89752,87129,128446,138187,0
61116,71137,39198,132253,100314,110335,1
35688,62933,81905,98621,117593,144838,1
97689,77493,180,175182,97869,77673,0
43824,28674,20012,72498,63836,48686,1
85754,17259,951,103013,86705,18210,0
77372,41566,55121,118938,132493,96687,1
6018,44139,57541,50157,63559,101680,0
16562,47123,77233,63685,93795,124356,0
94334,39583,31735,133917,126069,71318,0
88086,7336,36767,95422,124853,44103,0
82981,52657,13019,135638,96000,65676,0
8121,63133,71440,71254,79561,134573,0
22986,84503,47931,107489,70917,132434,0
29426,50614,39827,80040,69253,90441,1
95324,63536,87977,158860,183301,151513,1
98566,91701,25619,190267,124185,117320,1
57315,29176,30556,86491,87871,59732,1
30860,67050,42973,97910,73833,110023,1
66425,15900,23419,82325,89844,39319,0
89740,71395,47053,161135,136793,118448,1
48418,92654,23663,141072,72081,116317,0
95961,98191,70433,194152,166394,168624,1
81052,17444,12332,98496,93384,29776,0
5883,66446,25897,72329,31780,92343,0
39138,37294,37385,76432,76523,74679,1
62945,94543,80723,157488,143668,175266,1
28356,22623,56152,50979,84508,78775,0
59901,40797,31343,100698,91244,72140,1
18647,4548,5746,23195,24393,10294,0
13439,62403,95325,75842,108764,157728,0
99925,66775,54437,166700,154362,121212,1
89526,86328,86320,175854,175846,172648,1
22944,60061,66097,83005,89041,126158,1
28179,70233,20455,98412,48634,90688,0
44249,647,17478,44896,61727,18125,0
61980,53318,1062,115298,63042,54380,0
88597,6314,54458,94911,143055,60772,0
69362,28506,36229,97868,105591,64735,0
9162,76226,28634,85388,37796,104860,0
3806,75516,26371,79322,30177,101887,0
59416,92545,20553,151961,79969,113098,0
33568,8809,9796,42377,43364,18605,0
25070,71726,39437,96796,64507,111163,0
39148,6390,56724,45538,95872,63114,0
36277,75626,25118,111903,61395,100744,0
63184,30982,91234,94166,154418,122216,1
12356,12519,91464,24875,103820,103983,0
90420,82519,98807,172939,189227,181326,1
69253,99051,62968,168304,132221,162019,1
5040,35987,81361,41027,86401,117348,0
97942,52758,91199,150700,189141,143957,1
95764,32957,14522,128721,110286,47479,0
11500,30751,75517,42251,87017,106268,0
60122,20721,23026,80843,83148,43747,0
24306,71613,3093,95919,27399,74706,0
58954,14671,37489,73625,96443,52160,0
22703,91636,39888,114339,62591,131524,0
99682,12863,39190,112545,138872,52053,0
28743,85687,679,114430,29422,86366,0
28355,99762,32239,128117,60594,132001,0
57493,72453,65167,129946,122660,137620,1
37837,42016,34900,79853,72737,76916,1
14823,94647,64738,109470,79561,159385,0
38805,68400,51884,107205,90689,120284,1
26757,5287,37625,32044,64382,42912,0
77848,11033,555,88881,78403,11588,0
95105,83570,32923,178675,128028,116493,1
82553,23122,40609,105675,123162,63731,0
7498,40470,39746,47968,47244,80216,1
97254,13606,3336,110860,100590,16942,0
25232,47377,84725,72609,109957,132102,0
83214,80256,83224,163470,166438,163480,1
74021,22006,57150,96027,131171,79156,1
17186,89701,29067,106887,46253,118768,0
6467,57930,71057,64397,77524,128987,0
85752,62664,59593,148416,145345,122257,1
52878,47669,15979,100547,68857,63648,1
74834,778,69938,75612,144772,70716,0
48651,18033,34643,66684,83294,52676,1
89744,11606,58213,101350,147957,69819,0
51201,44362,98719,95563,149920,143081,0
75921,28575,27704,104496,103625,56279,0
59934,36257,10584,96191,70518,46841,0
24957,33795,72203,58752,97160,105998,0
45488,90018,18746,135506,64234,108764,0
93998,1779,9628,95777,103626,11407,0
44417,55702,22493,100119,66910,78195,1
34161,51665,96261,85826,130422,147926,0
92831,92649,68513,185480,161344,161162,1
60000,53107,43674,113107,103674,96781,1
88983,90285,82085,179268,171068,172370,1
74065,10823,65489,84888,139554,76312,1
31247,13512,42019,44759,73266,55531,1
25777,88221,83705,113998,109482,171926,1
76746,85645,98252,162391,174998,183897,1
336,60773,78996,61109,79332,139769,0
52851,43154,35351,96005,88202,78505,1
97935,28083,49518,126018,147453,77601,0
38454,48727,14871,87181,53325,63598,1
33322,28652,9866,61974,43188,38518,1
26635,88025,22742,114660,49377,110767,0
87058,61385,7053,148443,94111,68438,0
36537,84460,44964,120997,81501,129424,0
81703,30740,85171,112443,166874,115911,1
54151,19567,23088,73718,77239,42655,0
32468,82183,57599,114651,90067,139782,1
40894,95618,27805,136512,68699,123423,0
66232,39173,68556,105405,134788,107729,1
92039,84329,67274,176368,159313,151603,1
57550,63599,62884,121149,120434,126483,1
54763,93934,31763,148697,86526,125697,0
82945,33121,51404,116066,134349,84525,1
5482,83490,72530,88972,78012,156020,0
54470,3955,90708,58425,145178,94663,0
74833,85180,72618,160013,147451,157798,1
95619,97511,29880,193130,125499,127391,1
61427,92957,37921,154384,99348,130878,1
69072,5175,4114,74247,73186,9289,0
63208,38572,6991,101780,70199,45563,0
58527,21684,31285,80211,89812,52969,0
64988,94134,9213,159122,74201,103347,0
92249,27961,43054,120210,135303,71015,0
13266,22684,5877,35950,19143,28561,0
80060,80861,67888,160921,147948,148749,1
53295,86991,26248,140286,79543,113239,0
33459,99344,78734,132803,112193,178078,1
30702,14339,93645,45041,124347,107984,0
9966,82934,36862,92900,46828,119796,0
41683,69835,38781,111518,80464,108616,1
6575,71091,93206,77666,99781,164297,0
38943,67745,17007,106688,55950,84752,0
32404,14061,57878,46465,90282,71939,0
40761,15363,34588,56124,75349,49951,1
47918,41604,40998,89522,88916,82602,1
74178,15100,96084,89278,170262,111184,0
82100,81423,6350,163523,88450,87773,1
75070,59527,52668,134597,127738,112195,1
15021,75427,19164,90448,34185,94591,0
60443,17497,25850,77940,86293,43347,0
21745,61854,60760,83599,82505,122614,1
13970,55976,34880,69946,48850,90856,0
64775,96288,1309,161063,66084,97597,0
67012,64299,68006,131311,135018,132305,1
21405,27231,66853,48636,88258,94084,0
85007,90529,15520,175536,100527,106049,1
66378,94030,94938,160408,161316,188968,1
56349,86956,56731,143305,113080,143687,1
62620,49450,59595,112070,122215,109045,1
51200,67824,66070,119024,117270,133894,1
71951,36689,78681,108640,150632,115370,1
22170,37104,2730,59274,24900,39834,0
81887,27158,19049,109045,100936,46207,0
41085,89011,64292,130096,105377,153303,1
12879,35707,19566,48586,32445,55273,0
78771,24022,33421,102793,112192,57443,0
41166,70178,936,111344,42102,71114,0
15695,86636,49727,102331,65422,136363,0
90455,3341,86135,93796,176590,89476,0
55342,19925,8499,75267,63841,28424,0
27405,93912,69425,121317,96830,163337,1
16533,34800,39156,51333,55689,73956,1
50603,69624,28594,120227,79197,98218,1
41799,30197,39325,71996,81124,69522,1
21847,4119,93310,25966,115157,97429,0
37279,43351,70274,80630,107553,113625,1
8126,14517,46143,22643,54269,60660,0
73448,49634,42991,123082,116439,92625,1
2256,35079,67588,37335,69844,102667,0
75966,64401,37736,140367,113702,102137,1
98973,25601,8429,124574,107402,34030,0
18197,95563,31300,113760,49497,126863,0
32094,648,91558,32742,123652,92206,0
16655,15967,8848,32622,25503,24815,1
1313,43955,96170,45268,97483,140125,0
10031,11912,69809,21943,79840,81721,0
56010,64204,9763,120214,65773,73967,1
59358,23928,19040,83286,78398,42968,0
8006,33360,7353,41366,15359,40713,0
293,51454,94224,51747,94517,145678,0
12440,69929,66449,82369,78889,136378,1
62465,73388,23875,135853,86340,97263,1
69249,91817,16845,161066,86094,108662,0
76516,19568,3334,96084,79850,22902,0
70295,18788,33274,89083,103569,52062,0
81056,28539,69794,109595,150850,98333,1
95828,21854,73880,117682,169708,95734,0
35062,20773,59612,55835,94674,80385,0
23669,44056,57619,67725,81288,101675,1
35436,68092,61004,103528,96440,129096,1
12896,15228,61800,28124,74696,77028,0
42329,13107,22743,55436,65072,35850,0
10815,60177,75254,70992,86069,135431,0
96287,65647,16677,161934,112964,82324,0
84469,20749,62780,105218,147249,83529,0
71713,94516,44257,166229,115970,138773,1
35223,98660,77026,133883,112249,175686,1
48484,41546,48577,90030,97061,90123,1
19055,20113,32075,39168,51130,52188,1
87498,40706,48891,128204,136389,89597,1
65207,53653,11879,118860,77086,65532,1
60010,24442,76771,84452,136781,101213,1
46192,34219,39499,80411,85691,73718,1
98035,45812,19802,143847,117837,65614,0
33249,11676,27387,44925,60636,39063,1
9388,94993,34372,104381,43760,129365,0
19432,35504,10703,54936,30135,46207,0
64829,4606,25917,69435,90746,30523,0
45127,38530,33595,83657,78722,72125,1
58710,40036,22413,98746,81123,62449,1
37134,52958,26095,90092,63229,79053,1
94098,61432,1300,155530,95398,62732,0
90829,31495,90229,122324,181058,121724,1
54117,55026,73688,109143,127805,128714,1
37248,35022,83648,72270,120896,118670,0
80094,16777,40621,96871,120715,57398,0
95873,34314,55951,130187,151824,90265,0
58250,60551,95742,118801,153992,156293,1
35446,55606,87689,91052,123135,143295,1
1900,96118,88644,98018,90544,184762,0
80249,22259,43528,102508,123777,65787,0
80436,92272,4921,172708,85357,97193,0
93376,54122,53353,147498,146729,107475,1
72512,71515,65321,144027,137833,136836,1
8450,54941,99961,63391,108411,154902,0
4618,82589,66415,87207,71033,149004,0
46578,96855,49060,143433,95638,145915,0
8087,87790,83783,95877,91870,171573,1
24740,51406,93700,76146,118440,145106,0
70074,58440,85512,128514,155586,143952,1
2533,68541,56382,71074,58915,124923,0
6400,38494,22860,44894,29260,61354,0
63513,58518,56057,122031,119570,114575,1
24984,89837,49005,114821,73989,138842,0
58837,66405,93102,125242,151939,159507,1
25016,89564,14863,114580,39879,104427,0
44346,91539,69553,135885,113899,161092,1
34139,18683,44636,52822,78775,63319,1
66128,77722,19712,143850,85840,97434,1
26496,45308,7562,71804,34058,52870,0
40910,63440,21641,104350,62551,85081,0
14327,6318,49620,20645,63947,55938,0
69828,76538,3544,146366,73372,80082,0
9000,18810,85998,27810,94998,104808,0
80943,47344,29922,128287,110865,77266,0
56437,81923,75280,138360,131717,157203,1
50845,39823,35743,90668,86588,75566,1
7654,55295,62110,62949,69764,117405,1
76110,82574,87252,158684,163362,169826,1
20675,20206,63557,40881,84232,83763,0
81384,37477,59676,118861,141060,97153,1
55499,5004,6726,60503,62225,11730,0
81475,55752,33906,137227,115381,89658,1
81270,34494,89066,115764,170336,123560,1
51180,14250,46822,65430,98002,61072,1
62836,42358,54249,105194,117085,96607,1
31286,12951,97392,44237,128678,110343,0
21618,67474,23760,89092,45378,91234,0
49398,70867,75915,120265,125313,146782,1
42997,85349,47907,128346,90904,133256,1
51210,14785,6456,65995,57666,21241,0
34267,4614,73754,38881,108021,78368,0
59520,86568,60726,146088,120246,147294,1
8923,72305,27618,81228,36541,99923,0
20479,1300,4261,21779,24740,5561,0
28444,49078,17834,77522,46278,66912,0
97568,26643,21993,124211,119561,48636,0
56978,57054,90837,114032,147815,147891,1
70790,16102,29212,86892,100002,45314,0
62123,94957,34403,157080,96526,129360,1
62302,56895,37875,119197,100177,94770,1
58714,39891,41261,98605,99975,81152,1
99919,16035,90771,115954,190690,106806,1
81679,46744,30003,128423,111682,76747,0
75710,91833,67673,167543,143383,159506,1
4548,6904,57433,11452,61981,64337,0
91271,65712,88951,156983,180222,154663,1
13961,99185,59167,113146,73128,158352,0
74409,34751,92561,109160,166970,127312,1
91835,49814,8109,141649,99944,57923,0
17845,32123,6990,49968,24835,39113,0
16288,3601,51338,19889,67626,54939,0
96510,11130,13032,107640,109542,24162,0
29603,22191,13828,51794,43431,36019,1
51236,61533,42168,112769,93404,103701,1
42019,15970,38706,57989,80725,54676,1
31714,17914,81142,49628,112856,99056,0
79681,35022,50748,114703,130429,85770,1
7494,85178,19868,92672,27362,105046,0
86325,63530,46883,149855,133208,110413,1
38015,5518,43170,43533,81185,48688,1
20904,93724,29728,114628,50632,123452,0
13604,91904,94352,105508,107956,186256,1
32850,94492,617,127342,33467,95109,0
34424,57816,85738,92240,120162,143554,1
70295,32325,62254,102620,132549,94579,1
19682,11874,74880,31556,94562,86754,0
70421,32193,87402,102614,157823,119595,1
98082,57290,66969,155372,165051,124259,1
10923,26042,81022,36965,91945,107064,0
54134,1112,29442,55246,83576,30554,0
92095,91930,25165,184025,117260,117095,1
41463,95197,82931,136660,124394,178128,1
5141,74179,28001,79320,33142,102180,0
94864,75971,75061,170835,169925,151032,1
88009,47038,81726,135047,169735,128764,1
24916,97947,8101,122863,33017,106048,0
12436,69669,12760,82105,25196,82429,0
96730,10780,83973,107510,180703,94753,0
18189,59154,15277,77343,33466,74431,0
43115,97356,14575,140471,57690,111931,0
86096,48990,68724,135086,154820,117714,1
50952,27802,44675,78754,95627,72477,1
15802,80658,11877,96460,27679,92535,0
94838,61699,14301,156537,109139,76000,0
86631,68386,14449,155017,101080,82835,0
98691,28394,81249,127085,179940,109643,1
73134,27509,7565,100643,80699,35074,0
80281,8466,60226,88747,140507,68692,0
96189,94990,76798,191179,172987,171788,1
17380,2523,56368,19903,73748,58891,0
47945,28861,27961,76806,75906,56822,1
16415,73448,47667,89863,64082,121115,0
93728,90418,87198,184146,180926,177616,1
28546,27686,3970,56232,32516,31656,1
78335,63651,20777,141986,99112,84428,1
50942,10189,38137,61131,89079,48326,0
96876,45543,46246,142419,143122,91789,0
59624,90544,12178,150168,71802,102722,0
6002,51077,66170,57079,72172,117247,0
77715,13199,27499,90914,105214,40698,0
35973,62350,97883,98323,133856,160233,1
35612,47092,73521,82704,109133,120613,1
36520,84220,13336,120740,49856,97556,0
54320,20445,71810,74765,126130,92255,1
26280,98334,61850,124614,88130,160184,0
51482,97797,36616,149279,88098,134413,0
54276,44450,29182,98726,83458,73632,1
25565,60010,28563,85575,54128,88573,0
65650,79708,38138,145358,103788,117846,1
40473,46634,28834,87107,69307,75468,1
6325,74511,10594,80836,16919,85105,0
51553,13017,73427,64570,124980,86444,0
89297,28412,89678,117709,178975,118090,1
88566,25925,81434,114491,170000,107359,1
65140,52473,39402,117613,104542,91875,1
4185,74054,60385,78239,64570,134439,0
95579,28816,53033,124395,148612,81849,0
10304,44018,36556,54322,46860,80574,1
17101,40833,47102,57934,64203,87935,1
55010,37528,32432,92538,87442,69960,1
86458,79166,45669,165624,132127,124835,1
45524,79733,47716,125257,93240,127449,1
89693,54337,88415,144030,178108,142752,1
44549,80396,98584,124945,143133,178980,1
97116,95658,14737,192774,111853,110395,1
9005,88702,20252,97707,29257,108954,0
94526,10050,40311,104576,134837,50361,0
17410,99671,49396,117081,66806,149067,0
11226,85186,5035,96412,16261,90221,0
65290,54565,75860,119855,141150,130425,1
43472,59597,84267,103069,127739,143864,1
21587,97521,34868,119108,56455,132389,0
5624,50182,17974,55806,23598,68156,0
58818,47152,67666,105970,126484,114818,1
63051,37108,22748,100159,85799,59856,0
88799,23901,23008,112700,111807,46909,0
57478,57387,96542,114865,154020,153929,1
87823,95095,20208,182918,108031,115303,1
87771,24372,1172,112143,88943,25544,0
94273,40969,50106,135242,144379,91075,0
24990,39597,87940,64587,112930,127537,0
33212,55377,38433,88589,71645,93810,1
22336,58288,71809,80624,94145,130097,1
38620,64795,3432,103415,42052,68227,0
59403,20568,66442,79971,125845,87010,1
8365,48833,72455,57198,80820,121288,0
68030,64009,31020,132039,99050,95029,1
49734,57907,43306,107641,93040,101213,1
89401,85717,96804,175118,186205,182521,1
39578,68759,9897,108337,49475,78656,0
78766,4872,10634,83638,89400,15506,0
8840,49505,34618,58345,43458,84123,0
94044,30475,76755,124519,170799,107230,1
36668,48218,66832,84886,103500,115050,1
16979,8158,90608,25137,107587,98766,0
16091,91888,15306,107979,31397,107194,0
68050,10462,14455,78512,82505,24917,0
85657,55237,13058,140894,98715,68295,0
62522,84032,13435,146554,75957,97467,0
43250,32550,63754,75800,107004,96304,1
23753,3775,59459,27528,83212,63234,0
64609,36949,58415,101558,123024,95364,1
15310,11989,15562,27299,30872,27551,1
61955,89669,65632,151624,127587,155301,1
11550,78409,38627,89959,50177,117036,0
83239,90434,85164,173673,168403,175598,1
72525,1264,82824,73789,155349,84088,0
87979,32042,5025,120021,93004,37067,0
46960,38950,40995,85910,87955,79945,1
65141,80101,22406,145242,87547,102507,1
96537,67942,80558,164479,177095,148500,1
83227,52369,76152,135596,159379,128521,1
66637,55716,35074,122353,101711,90790,1
63836,89410,22508,153246,86344,111918,0
61323,58904,83803,120227,145126,142707,1
54214,20673,4778,74887,58992,25451,0
83505,37627,36842,121132,120347,74469,0
56658,69309,75723,125967,132381,145032,1
81907,66337,57509,148244,139416,123846,1
3164,42261,16282,45425,19446,58543,0
38591,97957,92498,136548,131089,190455,1
8226,81653,14869,89879,23095,96522,0
18292,92140,91181,110432,109473,183321,1
2020,32212,19410,34232,21430,51622,0
82479,40313,74890,122792,157369,115203,1
23392,45064,91138,68456,114530,136202,0
47952,61749,7165,109701,55117,68914,0
65993,81355,9907,147348,75900,91262,0
55879,12968,64532,68847,120411,77500,1
34608,97793,72632,132401,107240,170425,1
78376,34622,41699,112998,120075,76321,0
1101,30947,50461,32048,51562,81408,0
84718,23967,89977,108685,174695,113944,1
42142,33440,63140,75582,105282,96580,1
7004,73188,32310,80192,39314,105498,0
48700,16768,21517,65468,70217,38285,0
41893,73848,77371,115741,119264,151219,1
78862,88136,30594,166998,109456,118730,1
73274,43177,8645,116451,81919,51822,0
67788,42787,45651,110575,113439,88438,1
69936,1055,10455,70991,80391,11510,0
55368,37170,26719,92538,82087,63889,1
82805,60970,59045,143775,141850,120015,1
33265,2782,51040,36047,84305,53822,0
91188,62019,34368,153207,125556,96387,1
88764,21714,76545,110478,165309,98259,1
62657,62369,1562,125026,64219,63931,1
78029,13899,23227,91928,101256,37126,0
18356,10722,75535,29078,93891,86257,0
25738,65298,12410,91036,38148,77708,0
50698,42983,99675,93681,150373,142658,0
73506,44360,2187,117866,75693,46547,0
72155,12320,79668,84475,151823,91988,1
53986,82545,82963,136531,136949,165508,1
57859,49591,74640,107450,132499,124231,1
46129,92620,24361,138749,70490,116981,0
69788,24984,52285,94772,122073,77269,1
34411,21231,73955,55642,108366,95186,0
95359,31655,64247,127014,159606,95902,1
40494,81751,58996,122245,99490,140747,1
31130,85199,46474,116329,77604,131673,0
84581,8764,23893,93345,108474,32657,0
29916,737,40239,30653,70155,40976,0
45210,97924,32056,143134,77266,129980,0
35848,62416,59683,98264,95531,122099,1
76039,81599,48848,157638,124887,130447,1
88312,18036,14795,106348,103107,32831,0
50942,42181,67848,93123,118790,110029,1
45743,943,18422,46686,64165,19365,0
21835,51380,91009,73215,112844,142389,0
53803,40044,28030,93847,81833,68074,1
62436,55699,17118,118135,79554,72817,1
14054,87446,68608,101500,82662,156054,0
30934,64450,28404,95384,59338,92854,0
89203,9010,36752,98213,125955,45762,0
83108,69993,6336,153101,89444,76329,0
8635,255,75911,8890,84546,76166,0
84485,46948,97082,131433,181567,144030,1
63178,22741,73544,85919,136722,96285,1
33129,42466,6073,75595,39202,48539,0
88126,7405,51875,95531,140001,59280,0
75456,91493,81273,166949,156729,172766,1
58776,8970,86260,67746,145036,95230,0
69082,63449,2513,132531,71595,65962,0
35523,42073,76675,77596,112198,118748,1
88453,60603,8429,149056,96882,69032,0
73811,7438,17228,81249,91039,24666,0
12377,62977,55986,75354,68363,118963,1
85330,15124,39065,100454,124395,54189,0
95355,53701,78113,149056,173468,131814,1
96610,45043,46771,141653,143381,91814,0
75862,86580,95876,162442,171738,182456,1
53330,95787,79893,149117,133223,175680,1
73630,52876,44516,126506,118146,97392,1
67548,24512,37787,92060,105335,62299,0
22167,99874,11325,122041,33492,111199,0
87903,70316,25468,158219,113371,95784,1
23718,71181,31033,94899,54751,102214,0
81496,76426,90399,157922,171895,166825,1
47449,18119,58752,65568,106201,76871,1
4119,9009,24247,13128,28366,33256,0
27968,3441,29012,31409,56980,32453,1
45167,8189,5546,53356,50713,13735,0
49171,98213,67501,147384,116672,165714,1
20707,6397,1538,27104,22245,7935,0
11365,23138,43366,34503,54731,66504,0
31210,20823,72608,52033,103818,93431,0
87412,15499,13820,102911,101232,29319,0
32808,74210,45627,107018,78435,119837,1
94103,59705,28846,153808,122949,88551,0
5491,72649,18676,78140,24167,91325,0
25876,45162,52114,71038,77990,97276,1
16254,63630,60337,79884,76591,123967,1
40523,27460,74606,67983,115129,102066,0
50971,60490,90994,111461,141965,151484,1
57890,84853,31709,142743,89599,116562,1
50424,8085,6845,58509,57269,14930,0
25650,41036,714,66686,26364,41750,0
27302,62363,81387,89665,108689,143750,1
24705,72599,77034,97304,101739,149633,1
85345,6619,45552,91964,130897,52171,0
10118,83714,82463,93832,92581,166177,1
94535,20627,696,115162,95231,21323,0
31574,96772,96180,128346,127754,192952,1
13145,53414,60888,66559,74033,114302,1
87971,79337,48016,167308,135987,127353,1
47296,449,38719,47745,86015,39168,0
59257,43624,22853,102881,82110,66477,1
42604,84191,57740,126795,100344,141931,1
79899,61224,45773,141123,125672,106997,1
54885,75804,16128,130689,71013,91932,0
91276,50206,88454,141482,179730,138660,1
33839,1246,93,35085,33932,1339,0
43746,38668,72711,82414,116457,111379,1
35374,7059,91829,42433,127203,98888,0
16463,35994,37400,52457,53863,73394,1
66299,48952,66088,115251,132387,115040,1
80475,13649,11486,94124,91961,25135,0
96773,18097,71168,114870,167941,89265,0
27100,86434,94662,113534,121762,181096,1
23384,98252,19748,121636,43132,118000,0
10406,7830,15409,18236,25815,23239,1
77124,49948,744,127072,77868,50692,0
44649,82960,949,127609,45598,83909,0
57412,21189,9596,78601,67008,30785,0
93288,37273,33264,130561,126552,70537,0
6616,4590,80785,11206,87401,85375,0
81969,60881,26227,142850,108196,87108,1
51587,86221,65154,137808,116741,151375,1
98124,11761,96419,109885,194543,108180,1
27735,89757,33060,117492,60795,122817,0
17939,17617,86100,35556,104039,103717,0
27350,85287,51621,112637,78971,136908,0
14315,1676,9517,15991,23832,11193,0
71404,76758,72163,148162,143567,148921,1
26583,32235,52180,58818,78763,84415,1
58309,90989,33104,149298,91413,124093,1
38064,77238,89299,115302,127363,166537,1
31163,3005,89520,34168,120683,92525,0
81963,46000,39613,127963,121576,85613,1
34134,17641,6934,51775,41068,24575,0
38079,93280,9872,131359,47951,103152,0
68551,27064,89559,95615,158110,116623,1
60182,94565,79943,154747,140125,174508,1
81069,39249,77939,120318,159008,117188,1
86048,80799,6345,166847,92393,87144,1
85773,56402,30709,142175,116482,87111,1
93567,16687,55996,110254,149563,72683,0
86226,84239,17560,170465,103786,101799,1
29053,78708,42541,107761,71594,121249,0
57415,14059,96114,71474,153529,110173,0
20747,30335,20685,51082,41432,51020,1
21443,42595,61862,64038,83305,104457,1
52472,21591,10772,74063,63244,32363,0
37011,87139,70071,124150,107082,157210,1
93279,29514,99442,122793,192721,128956,1
84449,62461,76337,146910,160786,138798,1
93700,51022,69428,144722,163128,120450,1
8911,38888,47922,47799,56833,86810,0
137,1632,83314,1769,83451,84946,0
15911,82358,36736,98269,52647,119094,0
92421,33961,28638,126382,121059,62599,0
8925,42070,11387,50995,20312,53457,0
22347,7269,59172,29616,81519,66441,0
88386,37076,63684,125462,152070,100760,1
29662,53443,51026,83105,80688,104469,1
41975,24707,69540,66682,111515,94247,0
73977,91135,47377,165112,121354,138512,1
51160,75871,3416,127031,54576,79287,0
55542,39246,43550,94788,99092,82796,1
55336,99418,58154,154754,113490,157572,1
79666,45144,61834,124810,141500,106978,1
97577,32010,84939,129587,182516,116949,1
67701,67478,41829,135179,109530,109307,1
97309,37021,67896,134330,165205,104917,1
95835,5869,59287,101704,155122,65156,0
77333,74466,63249,151799,140582,137715,1
74737,87130,67942,161867,142679,155072,1
63163,41829,85392,104992,148555,127221,1
65349,4297,87250,69646,152599,91547,0
67985,10448,27609,78433,95594,38057,0
73720,29844,48318,103564,122038,78162,1
70919,25169,69833,96088,140752,95002,1
37008,61980,15129,98988,52137,77109,0
82943,25677,22371,108620,105314,48048,0
54665,41294,23217,95959,77882,64511,1
15041,81796,70720,96837,85761,152516,1
29423,68806,47861,98229,77284,116667,1
72911,97745,76848,170656,149759,174593,1
94262,76564,56913,170826,151175,133477,1
83454,69240,17587,152694,101041,86827,1
33785,76082,16891,109867,50676,92973,0
82676,26755,21981,109431,104657,48736,0
17426,91325,51181,108751,68607,142506,0
72492,58098,27665,130590,100157,85763,1
91189,5616,67318,96805,158507,72934,0
85245,26764,51750,112009,136995,78514,0
34695,48283,22081,82978,56776,70364,1
71758,65865,59819,137623,131577,125684,1
28737,35819,36529,64556,65266,72348,1
9705,41046,47571,50751,57276,88617,1
49425,60264,89484,109689,138909,149748,1
83405,96709,98935,180114,182340,195644,1
54951,66501,40132,121452,95083,106633,1
51272,81136,38044,132408,89316,119180,1
69775,769,97398,70544,167173,98167,0
4553,81955,35081,86508,39634,117036,0
30254,26927,21257,57181,51511,48184,1
58363,44166,98041,102529,156404,142207,1
36394,71610,78562,108004,114956,150172,1
50067,54139,34149,104206,84216,88288,1
41780,43630,76531,85410,118311,120161,1
42051,63872,81002,105923,123053,144874,1
75553,79615,62289,155168,137842,141904,1
55450,10253,47388,65703,102838,57641,1
30714,35475,97346,66189,128060,132821,0
76863,54155,39094,131018,115957,93249,1
78372,66123,14236,144495,92608,80359,1
23848,87826,98358,111674,122206,186184,1
41627,18235,23592,59862,65219,41827,1
27818,61305,32281,89123,60099,93586,0
64600,43465,96840,108065,161440,140305,1
62175,35501,30648,97676,92823,66149,1
73152,51733,40540,124885,113692,92273,1
97794,99368,65763,197162,163557,165131,1
43404,78080,56528,121484,99932,134608,1
39720,28269,23957,67989,63677,52226,1
49537,84115,78986,133652,128523,163101,1
81075,42573,83473,123648,164548,126046,1
34728,10726,71590,45454,106318,82316,0
54495,93541,97737,148036,152232,191278,1
66151,76036,46017,142187,112168,122053,1
61290,32427,85829,93717,147119,118256,1
24684,91489,76119,116173,100803,167608,1
79258,27484,3212,106742,82470,30696,0
83149,15518,35303,98667,118452,50821,0
20187,9415,87718,29602,107905,97133,0
27490,25675,37667,53165,65157,63342,1
80147,28191,57121,108338,137268,85312,1
25917,71776,82007,97693,107924,153783,1
68580,57913,38867,126493,107447,96780,1
6748,8374,80537,15122,87285,88911,0
50261,67246,60053,117507,110314,127299,1
17696,91315,32159,109011,49855,123474,0
38331,218,50762,38549,89093,50980,0
8586,69118,48650,77704,57236,117768,0
26164,15345,42532,41509,68696,57877,0
72052,76282,62094,148334,134146,138376,1
13531,7602,59911,21133,73442,67513,0
53972,65544,92067,119516,146039,157611,1
41228,16362,26262,57590,67490,42624,1
4924,1747,42571,6671,47495,44318,0
23043,53637,66168,76680,89211,119805,1
12673,56035,42599,68708,55272,98634,0
59739,77453,1503,137192,61242,78956,0
68965,95284,20280,164249,89245,115564,0
10949,39044,27216,49993,38165,66260,0
659,52509,42920,53168,43579,95429,0
67053,24152,71863,91205,138916,96015,1
96141,48987,63342,145128,159483,112329,1
83391,30815,27092,114206,110483,57907,0
24993,12930,91778,37923,116771,104708,0
35360,70264,37080,105624,72440,107344,1
30470,54035,46475,84505,76945,100510,1
60618,41845,75898,102463,136516,117743,1
15429,66804,70979,82233,86408,137783,1
11286,80634,60377,91920,71663,141011,0
60157,81420,6587,141577,66744,88007,0
48904,69991,49062,118895,97966,119053,1
10044,89128,83099,99172,93143,172227,1
14886,14455,767,29341,15653,15222,1
67789,10582,76428,78371,144217,87010,1
52921,52276,71336,105197,124257,123612,1
76631,53325,79555,129956,156186,132880,1
37267,80450,20543,117717,57810,100993,0
32514,45626,37218,78140,69732,82844,1
39023,67382,85620,106405,124643,153002,1
98537,8515,39524,107052,138061,48039,0
15113,313,69728,15426,84841,70041,0
80373,6913,82769,87286,163142,89682,1
2130,80179,36304,82309,38434,116483,0
66148,76630,68146,142778,134294,144776,1
40963,95544,10914,136507,51877,106458,0
62395,65128,56588,127523,118983,121716,1
85713,46985,4191,132698,89904,51176,0
59477,8133,59753,67610,119230,67886,1
49358,36742,90015,86100,139373,126757,0
81277,69168,97294,150445,178571,166462,1
45623,65102,84194,110725,129817,149296,1
53430,6203,39060,59633,92490,45263,0
3801,4583,2174,8384,5975,6757,1
57456,1999,44491,59455,101947,46490,0
65289,24738,55360,90027,120649,80098,1
36293,739,50890,37032,87183,51629,0
3047,48619,90512,51666,93559,139131,0
28242,1425,69678,29667,97920,71103,0
88500,73238,70897,161738,159397,144135,1
80499,17448,97513,97947,178012,114961,1
78962,5530,70359,84492,149321,75889,0
67697,92053,5814,159750,73511,97867,0
81880,79643,26254,161523,108134,105897,1
64807,40626,67142,105433,131949,107768,1
95547,25965,99132,121512,194679,125097,1
66888,27428,93127,94316,160015,120555,1
5220,8037,82172,13257,87392,90209,0
58255,13577,86797,71832,145052,100374,0
73367,90157,10743,163524,84110,100900,0
62256,60108,8218,122364,70474,68326,1
51830,70290,5224,122120,57054,75514,0
82975,84623,16227,167598,99202,100850,1
40780,24147,25630,64927,66410,49777,1
63686,56406,41840,120092,105526,98246,1
73852,49364,72524,123216,146376,121888,1
98410,82635,72020,181045,170430,154655,1
40426,77624,36922,118050,77348,114546,0
5857,95594,60680,101451,66537,156274,0
90018,12304,57205,102322,147223,69509,0
69923,88697,17475,158620,87398,106172,0
6203,28981,23227,35184,29430,52208,1
30123,75218,34151,105341,64274,109369,0
25633,469,15393,26102,41026,15862,0
14303,26629,28592,40932,42895,55221,1
35882,88382,86311,124264,122193,174693,1
3209,44383,31464,47592,34673,75847,0
94294,37355,747,131649,95041,38102,0
64197,57335,14121,121532,78318,71456,1
84852,54372,12701,139224,97553,67073,0
89081,94412,13783,183493,102864,108195,1
27930,11245,13073,39175,41003,24318,0
91214,42072,80911,133286,172125,122983,1
59773,38776,28871,98549,88644,67647,1
44575,87266,88883,131841,133458,176149,1
87865,4635,33695,92500,121560,38330,0
24459,93452,1081,117911,25540,94533,0
42229,23528,67414,65757,109643,90942,0
79439,92325,40358,171764,119797,132683,1
10795,57103,74066,67898,84861,131169,0
9717,97960,65656,107677,75373,163616,0
14974,21504,48862,36478,63836,70366,0
19294,70325,11373,89619,30667,81698,0
62109,16008,18683,78117,80792,34691,0
67925,89639,90044,157564,157969,179683,1
33206,18706,89013,51912,122219,107719,0
30918,13951,43789,44869,74707,57740,1
81480,73201,74793,154681,156273,147994,1
44230,32921,98767,77151,142997,131688,0
98049,57118,18170,155167,116219,75288,0
94321,17160,445,111481,94766,17605,0
44191,1396,14071,45587,58262,15467,0
65123,8060,71771,73183,136894,79831,1
34386,15854,76452,50240,110838,92306,0
64581,57034,32395,121615,96976,89429,1
4851,19192,15067,24043,19918,34259,1
65424,40459,53,105883,65477,40512,0
83727,80521,44379,164248,128106,124900,1
31169,61370,82738,92539,113907,144108,1
93410,60056,98252,153466,191662,158308,1
59396,5287,9757,64683,69153,15044,0
76877,39753,34686,116630,111563,74439,0
3574,34349,77691,37923,81265,112040,0
20872,96043,65282,116915,86154,161325,0
75823,23811,94614,99634,170437,118425,1
32225,54748,23782,86973,56007,78530,1
71602,94014,88492,165616,160094,182506,1
13673,25201,25889,38874,39562,51090,1
14750,17512,96280,32262,111030,113792,0
98722,12437,86286,111159,185008,98723,1
52648,86381,22532,139029,75180,108913,0
53742,29907,33901,83649,87643,63808,1
68763,75403,33094,144166,101857,108497,1
62819,6014,62838,68833,125657,68852,1
8741,67032,77631,75773,86372,144663,0
1514,73903,77441,75417,78955,151344,0
39424,40291,16128,79715,55552,56419,1
87922,50022,86624,137944,174546,136646,1
79697,71444,92087,151141,171784,163531,1
7112,12695,9916,19807,17028,22611,1
83126,62216,56327,145342,139453,118543,1
6414,81952,97144,88366,103558,179096,0
84977,31899,83426,116876,168403,115325,1
29770,15284,29223,45054,58993,44507,1
92119,84956,19855,177075,111974,104811,1
56384,48074,2944,104458,59328,51018,0
33552,53808,35268,87360,68820,89076,1
10533,16278,25305,26811,35838,41583,1
10069,27955,40587,38024,50656,68542,0
86379,1946,72303,88325,158682,74249,0
29672,36254,44265,65926,73937,80519,1
59006,57775,36265,116781,95271,94040,1
25573,92564,56523,118137,82096,149087,0
34876,90536,77942,125412,112818,168478,1
12310,49164,60226,61474,72536,109390,1
8467,7344,90191,15811,98658,97535,0
36680,42777,99595,79457,136275,142372,0
12751,80720,19900,93471,32651,100620,0
53025,35998,57248,89023,110273,93246,1
86026,55989,8511,142015,94537,64500,0
53123,6141,39087,59264,92210,45228,0
34225,93943,46727,128168,80952,140670,0
69503,335,295,69838,69798,630,0
43421,4851,75343,48272,118764,80194,0
33479,4514,28478,37993,61957,32992,0
51523,12684,72457,64207,123980,85141,0
79631,25257,65984,104888,145615,91241,1
88280,3014,83194,91294,171474,86208,0
91530,21270,90185,112800,181715,111455,1
35130,99358,29546,134488,64676,128904,0
47567,93402,62486,140969,110053,155888,1
56936,40215,37156,97151,94092,77371,1
80222,94696,53209,174918,133431,147905,1
56507,6094,28154,62601,84661,34248,0
90949,61742,67045,152691,157994,128787,1
87271,59266,8099,146537,95370,67365,0
52343,18668,7007,71011,59350,25675,0
25990,86194,66178,112184,92168,152372,1
80258,71223,81824,151481,162082,153047,1
31005,24461,42107,55466,73112,66568,1
79579,47665,77147,127244,156726,124812,1
60628,1555,56310,62183,116938,57865,0
50053,90619,28587,140672,78640,119206,0
99388,87795,16408,187183,115796,104203,1
68322,66774,72940,135096,141262,139714,1
10723,99625,94243,110348,104966,193868,1
12760,41918,24613,54678,37373,66531,0
8111,41533,77525,49644,85636,119058,0
21046,46119,36617,67165,57663,82736,1
71972,81278,49958,153250,121930,131236,1
38097,55070,52362,93167,90459,107432,1
74990,84216,2325,159206,77315,86541,0
37903,61041,66971,98944,104874,128012,1
61873,5861,15077,67734,76950,20938,0
5693,70832,79450,76525,85143,150282,0
1739,40347,71074,42086,72813,111421,0
34347,31305,75901,65652,110248,107206,0
41759,50982,25009,92741,66768,75991,1
98819,42421,96148,141240,194967,138569,1
11274,57118,28465,68392,39739,85583,0
13168,10885,90392,24053,103560,101277,0
24347,8349,36191,32696,60538,44540,0
66084,53230,19368,119314,85452,72598,1
943,22110,86561,23053,87504,108671,0
32329,63925,70086,96254,102415,134011,1
87240,31577,83329,118817,170569,114906,1
79342,77738,24986,157080,104328,102724,1
52202,27362,50362,79564,102564,77724,1
27749,16414,87777,44163,115526,104191,0
82342,71895,58117,154237,140459,130012,1
26509,62266,13007,88775,39516,75273,0
94697,8025,83822,102722,178519,91847,0
18922,94754,4856,113676,23778,99610,0
17869,34069,15219,51938,33088,49288,0
3001,98033,9331,101034,12332,107364,0
42798,20747,83894,63545,126692,104641,0
7797,61679,14048,69476,21845,75727,0
95625,71635,30848,167260,126473,102483,1
56223,33641,97571,89864,153794,131212,0
12876,13954,22740,26830,35616,36694,1
79914,74397,80010,154311,159924,154407,1
24487,40213,77927,64700,102414,118140,0
62231,736,6452,62967,68683,7188,0
30761,41540,82319,72301,113080,123859,0
82890,57742,93728,140632,176618,151470,1
47363,7310,64043,54673,111406,71353,0
337,92039,12847,92376,13184,104886,0
95203,61699,30451,156902,125654,92150,0
14084,14545,20088,28629,34172,34633,1
73164,32413,4359,105577,77523,36772,0
41732,66551,82077,108283,123809,148628,1
67647,68540,79104,136187,146751,147644,1
19813,69596,14567,89409,34380,84163,0
91413,2673,92711,94086,184124,95384,1
93952,83567,10811,177519,104763,94378,1
24078,38966,91865,63044,115943,130831,0
72504,8811,53008,81315,125512,61819,0
21507,38641,2034,60148,23541,40675,0
87629,9682,8825,97311,96454,18507,0
90233,97703,78595,187936,168828,176298,1
19693,90160,77986,109853,97679,168146,1
3930,34537,89688,38467,93618,124225,0
12909,96170,76020,109079,88929,172190,0
23106,87215,30335,110321,53441,117550,0
13665,12386,33968,26051,47633,46354,0
5296,75315,39022,80611,44318,114337,0
7686,74988,35151,82674,42837,110139,0
54003,19213,76362,73216,130365,95575,0
70094,44976,33589,115070,103683,78565,1
60947,5139,4893,66086,65840,10032,0
82012,10013,2327,92025,84339,12340,0
52129,51455,86647,103584,138776,138102,1
64590,74513,40610,139103,105200,115123,1
74588,85784,78612,160372,153200,164396,1
76857,23802,54307,100659,131164,78109,1
97144,21778,28681,118922,125825,50459,0
57101,22855,437,79956,57538,23292,0
66629,39692,78730,106321,145359,118422,1
69871,86320,21419,156191,91290,107739,1
47577,57287,53172,104864,100749,110459,1
75192,4406,82479,79598,157671,86885,0
24329,25478,62705,49807,87034,88183,0
61574,80091,82126,141665,143700,162217,1
32731,29175,41831,61906,74562,71006,1
4119,11167,91379,15286,95498,102546,0
37789,66505,75424,104294,113213,141929,1
82727,86516,48102,169243,130829,134618,1
63613,40885,84363,104498,147976,125248,1
39528,78510,67584,118038,107112,146094,1
90457,50653,28654,141110,119111,79307,0
69172,19316,80878,88488,150050,100194,1
63594,65097,29953,128691,93547,95050,1
19369,24173,65859,43542,85228,90032,0
26774,33953,31298,60727,58072,65251,1
37169,8086,99214,45255,136383,107300,0
20141,45429,44104,65570,64245,89533,1
63517,74744,60104,138261,123621,134848,1
17928,15334,11580,33262,29508,26914,1
59644,21359,62697,81003,122341,84056,1
59415,59745,5293,119160,64708,65038,1
18860,74280,56372,93140,75232,130652,1
88090,87463,58432,175553,146522,145895,1
56160,7280,53164,63440,109324,60444,1
94827,51543,57197,146370,152024,108740,1
26885,99063,90945,125948,117830,190008,1
84462,91140,55041,175602,139503,146181,1
27410,81854,35840,109264,63250,117694,0
23094,1158,94107,24252,117201,95265,0
79071,67153,77887,146224,156958,145040,1
3143,37751,58259,40894,61402,96010,0
4970,34577,52821,39547,57791,87398,0
8660,61104,74004,69764,82664,135108,0
74750,73557,41650,148307,116400,115207,1
6765,39226,69561,45991,76326,108787,0
91040,89328,86808,180368,177848,176136,1
90639,4725,84758,95364,175397,89483,0
11645,46652,50730,58297,62375,97382,1
75464,28139,83399,103603,158863,111538,1
75796,28428,27192,104224,102988,55620,0
59037,64820,42469,123857,101506,107289,1
99114,98393,37849,197507,136963,136242,1
95525,82140,37472,177665,132997,119612,1
78425,89665,71687,168090,150112,161352,1
35684,11479,50759,47163,86443,62238,0
80009,89236,7090,169245,87099,96326,0
39472,3325,49679,42797,89151,53004,0
80148,15793,28295,95941,108443,44088,0
93069,53278,71549,146347,164618,124827,1
33919,76459,55283,110378,89202,131742,1
99451,64542,13847,163993,113298,78389,0
94041,52794,38759,146835,132800,91553,0
80962,52947,23726,133909,104688,76673,0
15454,22978,45288,38432,60742,68266,0
8655,57749,6313,66404,14968,64062,0
34186,82135,26514,116321,60700,108649,0
24661,75574,42883,100235,67544,118457,0
32932,69480,40211,102412,73143,109691,1
88860,68702,40651,157562,129511,109353,1
20834,55608,51608,76442,72442,107216,1
19790,55403,57411,75193,77201,112814,1
49874,58043,8024,107917,57898,66067,0
20357,61427,19806,81784,40163,81233,0
11908,19400,21227,31308,33135,40627,1
99075,46268,94832,145343,193907,141100,1
38914,64637,37924,103551,76838,102561,1
8179,26453,73023,34632,81202,99476,0
57951,83417,67176,141368,125127,150593,1
12930,7155,16459,20085,29389,23614,1
29752,97839,64779,127591,94531,162618,0
97430,8512,17487,105942,114917,25999,0
86463,82467,79296,168930,165759,161763,1
6000,10126,16711,16126,22711,26837,0
24685,12852,23788,37537,48473,36640,1
85344,55557,41195,140901,126539,96752,1
85330,12493,48631,97823,133961,61124,0
36321,15700,21401,52021,57722,37101,1
42367,66324,21596,108691,63963,87920,0
82938,4001,53041,86939,135979,57042,0
2706,33207,96271,35913,98977,129478,0
97136,54926,73497,152062,170633,128423,1
84424,81106,145,165530,84569,81251,0
58559,26038,1440,84597,59999,27478,0
50874,10765,5616,61639,56490,16381,0
13516,80309,26762,93825,40278,107071,0
48748,86389,76166,135137,124914,162555,1
58194,40684,86257,98878,144451,126941,1
8524,84413,52771,92937,61295,137184,0
66770,48711,62347,115481,129117,111058,1
65086,50561,84714,115647,149800,135275,1
97326,48157,74016,145483,171342,122173,1
3891,56198,53077,60089,56968,109275,1
89496,15348,45116,104844,134612,60464,0
80442,15506,67584,95948,148026,83090,1
75034,2102,46378,77136,121412,48480,0
13672,2030,89880,15702,103552,91910,0
1096,27927,31912,29023,33008,59839,0
20515,79330,67598,99845,88113,146928,1
11938,69053,35525,80991,47463,104578,0
22524,96637,85547,119161,108071,182184,1
83483,76676,97247,160159,180730,173923,1
21037,35709,70058,56746,91095,105767,0
45425,44721,73915,90146,119340,118636,1
65970,50457,53887,116427,119857,104344,1
51083,3505,40874,54588,91957,44379,0
82277,84844,18730,167121,101007,103574,1
93793,13154,53725,106947,147518,66879,0
85431,97439,23777,182870,109208,121216,1
77767,10924,9037,88691,86804,19961,0
7556,56285,4355,63841,11911,60640,0
67118,88169,70571,155287,137689,158740,1
47552,59916,59467,107468,107019,119383,1
58871,23213,88083,82084,146954,111296,0
55960,25188,72987,81148,128947,98175,1
4127,35957,15850,40084,19977,51807,0
70193,56378,50689,126571,120882,107067,1
40912,50146,44327,91058,85239,94473,1
25314,20088,79844,45402,105158,99932,0
11789,73719,27488,85508,39277,101207,0
8470,97388,889,105858,9359,98277,0
60545,20090,60782,80635,121327,80872,1
28152,26124,56413,54276,84565,82537,0
41241,55934,46464,97175,87705,102398,1
17892,36331,80498,54223,98390,116829,0
25708,5174,34823,30882,60531,39997,0
30874,36575,71107,67449,101981,107682,0
41469,36538,74397,78007,115866,110935,1
27463,52449,21752,79912,49215,74201,0
34160,25951,32832,60111,66992,58783,1
52125,27871,68922,79996,121047,96793,1
63683,53130,71214,116813,134897,124344,1
54013,24447,58133,78460,112146,82580,1
23008,39336,97597,62344,120605,136933,0
11020,37567,44502,48587,55522,82069,1
86162,28821,41178,114983,127340,69999,0
9395,24604,17023,33999,26418,41627,1
89882,79843,31667,169725,121549,111510,1
65579,50022,93816,115601,159395,143838,1
34045,35862,82586,69907,116631,118448,0
52862,29544,95373,82406,148235,124917,0
77955,39461,62144,117416,140099,101605,1
78057,95063,46512,173120,124569,141575,1
57953,150,97357,58103,155310,97507,0
28074,69783,71616,97857,99690,141399,1
35178,18949,66679,54127,101857,85628,0
35610,25,22898,35635,58508,22923,0
43562,1269,42159,44831,85721,43428,0
68932,36388,90296,105320,159228,126684,1
42254,21772,50989,64026,93243,72761,1
56632,21090,81265,77722,137897,102355,0
7436,48518,81935,55954,89371,130453,0
3388,3642,25227,7030,28615,28869,0
29484,97837,22466,127321,51950,120303,0
74898,57120,76683,132018,151581,133803,1
92677,4571,39430,97248,132107,44001,0
61011,78254,62092,139265,123103,140346,1
20765,4176,67859,24941,88624,72035,0
88626,91508,72000,180134,160626,163508,1
75649,90411,6117,166060,81766,96528,0
53891,88624,89651,142515,143542,178275,1
35403,90952,21134,126355,56537,112086,0
46529,16012,92690,62541,139219,108702,0
14716,60934,64557,75650,79273,125491,1
95314,58181,94794,153495,190108,152975,1
65739,30269,70416,96008,136155,100685,1
15674,92862,98085,108536,113759,190947,1
42244,49364,41981,91608,84225,91345,1
39184,77666,2449,116850,41633,80115,0
67963,59754,85485,127717,153448,145239,1
161,99305,74233,99466,74394,173538,0
52363,17282,33369,69645,85732,50651,0
33335,76455,93513,109790,126848,169968,1
73945,50608,86254,124553,160199,136862,1
78440,24276,74196,102716,152636,98472,1
53436,91428,39686,144864,93122,131114,1
62263,54191,7119,116454,69382,61310,0
50172,21729,5939,71901,56111,27668,0
68526,55242,38153,123768,106679,93395,1
7260,4377,47667,11637,54927,52044,0
38509,20425,96009,58934,134518,116434,0
18552,38273,15261,56825,33813,53534,0
69865,80717,91664,150582,161529,172381,1
2083,20968,35167,23051,37250,56135,0
68624,25131,50841,93755,119465,75972,1
55329,91154,7655,146483,62984,98809,0
97051,72558,1775,169609,98826,74333,0
22622,79544,90290,102166,112912,169834,1
62511,42291,95423,104802,157934,137714,1
30397,13846,4569,44243,34966,18415,0
42832,67095,84538,109927,127370,151633,1
44786,34763,65712,79549,110498,100475,1
91425,96301,8571,187726,99996,104872,1
98237,79356,47287,177593,145524,126643,1
27545,69020,12479,96565,40024,81499,0
15770,41962,99799,57732,115569,141761,0
69884,73685,10270,143569,80154,83955,1
87794,68290,80720,156084,168514,149010,1
4720,39205,83848,43925,88568,123053,0
89123,34142,7609,123265,96732,41751,0
87936,84988,7741,172924,95677,92729,1
906,63191,98353,64097,99259,161544,0
37724,14563,84471,52287,122195,99034,0
62644,58770,70797,121414,133441,129567,1
55488,3159,2350,58647,57838,5509,0
58341,11216,90985,69557,149326,102201,0
66986,18187,81358,85173,148344,99545,1
35746,93621,74916,129367,110662,168537,1
14208,80458,53905,94666,68113,134363,0
67469,82755,48591,150224,116060,131346,1
18542,68951,9840,87493,28382,78791,0
49696,50402,19826,100098,69522,70228,1
90673,23580,99055,114253,189728,122635,1
52507,45327,91662,97834,144169,136989,1
90928,72683,87010,163611,177938,159693,1
46430,17342,73612,63772,120042,90954,0
62992,3758,20612,66750,83604,24370,0
84301,45352,71723,129653,156024,117075,1
60740,79817,3698,140557,64438,83515,0
52970,56391,85336,109361,138306,141727,1
63775,34540,33172,98315,96947,67712,1
73495,85957,25741,159452,99236,111698,1
79919,82692,16282,162611,96201,98974,1
36025,18680,36145,54705,72170,54825,1
2632,55995,99967,58627,102599,155962,0
23547,54638,37389,78185,60936,92027,1
36935,20795,2388,57730,39323,23183,0
21820,24903,3565,46723,25385,28468,1
44027,73223,30333,117250,74360,103556,1
24934,65011,42678,89945,67612,107689,1
14363,15306,4460,29669,18823,19766,1
75380,77157,99315,152537,174695,176472,1
11103,37652,7599,48755,18702,45251,0
44623,57317,97374,101940,141997,154691,1
57217,21284,8350,78501,65567,29634,0
36244,79451,50811,115695,87055,130262,1
68038,90626,69463,158664,137501,160089,1
78719,48500,63630,127219,142349,112130,1
80737,36873,7527,117610,88264,44400,0
38663,98498,92436,137161,131099,190934,1
96011,97806,25548,193817,121559,123354,1
6756,79299,77354,86055,84110,156653,1
27837,50901,93414,78738,121251,144315,0
98354,89857,99421,188211,197775,189278,1
95290,40192,54502,135482,149792,94694,0
26296,61424,31303,87720,57599,92727,0
51251,39917,66057,91168,117308,105974,1
46741,76876,42563,123617,89304,119439,1
42795,38874,84490,81669,127285,123364,0
16696,87049,94675,103745,111371,181724,1
30453,9786,8313,40239,38766,18099,0
79679,7256,76945,86935,156624,84201,1
26618,58815,53923,85433,80541,112738,1
58617,88448,24549,147065,83166,112997,0
33930,59750,4628,93680,38558,64378,0
20448,74606,91492,95054,111940,166098,1
51257,72537,94975,123794,146232,167512,1
25009,19630,30135,44639,55144,49765,1
6598,37739,75060,44337,81658,112799,0
91281,93711,57908,184992,149189,151619,1
6475,44073,86637,50548,93112,130710,0
1542,51326,71612,52868,73154,122938,0
58295,80278,17235,138573,75530,97513,0
32737,1990,37100,34727,69837,39090,0
45519,45357,60456,90876,105975,105813,1
4924,62593,40053,67517,44977,102646,0
37043,57849,13402,94892,50445,71251,0
36228,69901,34156,106129,70384,104057,1
30439,10440,89138,40879,119577,99578,0
87864,20888,9626,108752,97490,30514,0
84648,48746,85373,133394,170021,134119,1
60114,85035,84289,145149,144403,169324,1
75915,28323,79587,104238,155502,107910,1
48484,17648,9199,66132,57683,26847,0
34757,40568,95278,75325,130035,135846,0
39096,40746,67218,79842,106314,107964,1
65729,77599,2004,143328,67733,79603,0
76145,72624,69755,148769,145900,142379,1
95142,80497,79566,175639,174708,160063,1
37508,94452,6313,131960,43821,100765,0
61299,2592,74946,63891,136245,77538,0
2915,32377,90743,35292,93658,123120,0
22055,85754,91670,107809,113725,177424,1
16634,47291,9376,63925,26010,56667,0
43461,36175,51890,79636,95351,88065,1
20448,23622,36774,44070,57222,60396,1
85625,84931,97526,170556,183151,182457,1
52983,55152,33092,108135,86075,88244,1
90185,23766,7993,113951,98178,31759,0
45514,53491,65887,99005,111401,119378,1
8875,1044,95105,9919,103980,96149,0
11136,17974,79498,29110,90634,97472,0
62798,72453,57237,135251,120035,129690,1
19472,77212,99436,96684,118908,176648,0
61443,692,86806,62135,148249,87498,0
99078,65928,81747,165006,180825,147675,1
25946,65395,3880,91341,29826,69275,0
90174,60615,66405,150789,156579,127020,1
61478,9256,42049,70734,103527,51305,0
2571,53540,14544,56111,17115,68084,0
23780,53267,98523,77047,122303,151790,0
85556,73854,43677,159410,129233,117531,1
31613,87551,53791,119164,85404,141342,0
20208,2832,44420,23040,64628,47252,0
6186,80742,67699,86928,73885,148441,0
71615,93861,82184,165476,153799,176045,1
27148,74074,77491,101222,104639,151565,1
48271,45378,49429,93649,97700,94807,1
13294,54043,15504,67337,28798,69547,0
87658,55172,26971,142830,114629,82143,0
29945,90694,69211,120639,99156,159905,1
2702,61942,24825,64644,27527,86767,0
45883,11737,4137,57620,50020,15874,0
71256,27840,59705,99096,130961,87545,1
74297,51832,58038,126129,132335,109870,1
57590,28218,34296,85808,91886,62514,1
62968,5864,15696,68832,78664,21560,0
28333,18836,92367,47169,120700,111203,0
30628,25047,29894,55675,60522,54941,1
27439,32986,23096,60425,50535,56082,1
7630,69747,51704,77377,59334,121451,0
85362,580,56594,85942,141956,57174,0
33652,43392,71998,77044,105650,115390,1
69957,92919,35742,162876,105699,128661,1
88772,44815,67517,133587,156289,112332,1
69567,34480,29377,104047,98944,63857,0
1913,83562,25084,85475,26997,108646,0
86360,39018,18270,125378,104630,57288,0
81596,67015,73032,148611,154628,140047,1
65527,78553,58323,144080,123850,136876,1
40771,68509,71488,109280,112259,139997,1
61366,27095,19005,88461,80371,46100,0
78484,55121,5999,133605,84483,61120,0
72116,4148,85624,76264,157740,89772,0
37444,86140,78920,123584,116364,165060,1
95109,43324,17973,138433,113082,61297,0
81191,98264,75326,179455,156517,173590,1
89105,68425,40516,157530,129621,108941,1
12725,17802,4723,30527,17448,22525,0
39756,30311,81734,70067,121490,112045,0
29620,21227,61636,50847,91256,82863,0
60040,59078,66997,119118,127037,126075,1
30559,10051,64844,40610,95403,74895,0
32624,63097,55136,95721,87760,118233,1
78243,16630,8016,94873,86259,24646,0
5679,71193,77265,76872,82944,148458,0
26130,92568,83059,118698,109189,175627,1
8525,81969,97256,90494,105781,179225,0
89343,34918,68465,124261,157808,103383,1
10759,64426,76168,75185,86927,140594,0
91129,36993,51932,128122,143061,88925,0
45359,72363,59994,117722,105353,132357,1
43840,21691,48901,65531,92741,70592,1
88864,3866,25894,92730,114758,29760,0
16329,9939,49947,26268,66276,59886,0
74839,3415,92696,78254,167535,96111,0
56548,33184,56999,89732,113547,90183,1
99583,25934,48050,125517,147633,73984,0
22955,31761,83254,54716,106209,115015,0
37561,81549,34280,119110,71841,115829,0
14780,92934,13552,107714,28332,106486,0
93149,54620,48825,147769,141974,103445,1
14368,65870,88417,80238,102785,154287,0
54610,35919,80712,90529,135322,116631,1
5919,71813,35370,77732,41289,107183,0
42009,68864,85537,110873,127546,154401,1
29404,6721,62161,36125,91565,68882,0
78954,10025,81033,88979,159987,91058,1
32603,99635,46916,132238,79519,146551,0
18033,8612,25443,26645,43476,34055,1
13087,56534,31426,69621,44513,87960,0
80422,43109,5371,123531,85793,48480,0
89689,30048,83313,119737,173002,113361,1
71942,89291,97878,161233,169820,187169,1
51830,11702,88505,63532,140335,100207,0
1515,23477,15065,24992,16580,38542,0
60394,17345,80543,77739,140937,97888,0
62770,57826,83837,120596,146607,141663,1
55389,2561,41717,57950,97106,44278,0
34527,11558,16150,46085,50677,27708,0
82172,59720,80350,141892,162522,140070,1
49280,42281,22273,91561,71553,64554,1
42453,47808,9146,90261,51599,56954,1
94903,99323,39237,194226,134140,138560,1
5827,84504,44525,90331,50352,129029,0
66953,43575,58601,110528,125554,102176,1
87884,90085,53764,177969,141648,143849,1
21862,6142,31046,28004,52908,37188,0
50129,24616,99699,74745,149828,124315,0
19940,18935,6452,38875,26392,25387,1
90486,26794,75581,117280,166067,102375,1
7045,71454,16675,78499,23720,88129,0
14118,50835,84566,64953,98684,135401,0
18802,88539,91176,107341,109978,179715,1
73201,86619,11689,159820,84890,98308,0
14372,80221,3934,94593,18306,84155,0
79450,51817,98531,131267,177981,150348,1
54280,47774,2108,102054,56388,49882,0
27068,23170,33394,50238,60462,56564,1
81019,29810,21472,110829,102491,51282,0
3619,85997,27419,89616,31038,113416,0
23680,45359,2173,69039,25853,47532,0
86608,21669,71210,108277,157818,92879,1
45811,7252,58479,53063,104290,65731,0
42042,81071,63682,123113,105724,144753,1
85869,37943,18681,123812,104550,56624,0
8935,3532,80211,12467,89146,83743,0
40173,11910,26400,52083,66573,38310,0
98063,15383,71984,113446,170047,87367,0
69066,97092,10845,166158,79911,107937,0
67807,38616,53309,106423,121116,91925,1
16758,15115,96284,31873,113042,111399,0
5316,67242,27186,72558,32502,94428,0
10837,98281,2179,109118,13016,100460,0
15543,56266,98693,71809,114236,154959,0
70852,86639,78371,157491,149223,165010,1
82953,99215,4233,182168,87186,103448,0
83443,39114,70379,122557,153822,109493,1
76164,20071,1372,96235,77536,21443,0
73775,9261,50910,83036,124685,60171,0
91148,77130,97118,168278,188266,174248,1
28587,26257,34939,54844,63526,61196,1
13673,59965,54309,73638,67982,114274,1
51018,29383,94628,80401,145646,124011,0
76035,79145,60627,155180,136662,139772,1
1979,19687,8410,21666,10389,28097,0
89614,31554,4458,121168,94072,36012,0
50151,41651,6327,91802,56478,47978,0
56941,1265,99485,58206,156426,100750,0
53822,63708,56191,117530,110013,119899,1
11152,31674,24368,42826,35520,56042,1
40984,48572,23197,89556,64181,71769,1
28773,65220,26971,93993,55744,92191,0
78947,67907,92546,146854,171493,160453,1
18118,64528,57704,82646,75822,122232,1
78382,17637,93956,96019,172338,111593,1
94043,28767,29587,122810,123630,58354,0
99317,60275,43134,159592,142451,103409,1
77278,26131,33385,103409,110663,59516,0
38374,70688,65673,109062,104047,136361,1
89517,27425,50364,116942,139881,77789,0
76761,14753,81417,91514,158178,96170,1
71232,1527,43388,72759,114620,44915,0
88562,54188,72943,142750,161505,127131,1
94003,88646,62014,182649,156017,150660,1
51918,26952,73276,78870,125194,100228,1
42641,39411,49652,82052,92293,89063,1
51146,93656,26308,144802,77454,119964,0
95830,27831,32784,123661,128614,60615,0
5798,58974,84940,64772,90738,143914,0
83677,69241,17226,152918,100903,86467,1
78259,3368,47850,81627,126109,51218,0
82562,6107,42707,88669,125269,48814,0
26087,47630,91300,73717,117387,138930,0
38101,15997,71646,54098,109747,87643,0
22770,28590,62244,51360,85014,90834,0
58074,19807,68872,77881,126946,88679,1
84409,61551,52391,145960,136800,113942,1
72057,71861,98073,143918,170130,169934,1
155,79526,68528,79681,68683,148054,0
19907,81170,43230,101077,63137,124400,0
37595,573,49325,38168,86920,49898,0
50159,99519,21988,149678,72147,121507,0
42900,57468,18645,100368,61545,76113,1
89388,38659,42836,128047,132224,81495,0
76310,86137,92657,162447,168967,178794,1
96998,9307,34113,106305,131111,43420,0
46359,55388,36552,101747,82911,91940,1
47404,19070,28451,66474,75855,47521,1
52050,34927,64601,86977,116651,99528,1
69874,27405,4951,97279,74825,32356,0
54552,8634,51425,63186,105977,60059,1
97140,87121,93161,184261,190301,180282,1
57317,50611,43421,107928,100738,94032,1
27034,67003,61340,94037,88374,128343,1
1404,87072,83653,88476,85057,170725,0
67630,19897,99314,87527,166944,119211,0
4190,5413,96441,9603,100631,101854,0
45805,28615,10337,74420,56142,38952,0
63075,12696,70499,75771,133574,83195,1
76652,60401,62470,137053,139122,122871,1
635,54424,2034,55059,2669,56458,0
56735,91647,19691,148382,76426,111338,0
16890,83676,74310,100566,91200,157986,1
8008,22417,33908,30425,41916,56325,0
59477,73924,16227,133401,75704,90151,1
28988,24402,64478,53390,93466,88880,0
66833,76253,88594,143086,155427,164847,1
62710,98396,88332,161106,151042,186728,1
36163,44457,73457,80620,109620,117914,1
33158,63801,38571,96959,71729,102372,1
76864,45721,18798,122585,95662,64519,0
97420,98878,92721,196298,190141,191599,1
25501,87152,84772,112653,110273,171924,1
64766,5265,57478,70031,122244,62743,0
28822,51804,48801,80626,77623,100605,1
58986,24395,91047,83381,150033,115442,0
33964,27940,71529,61904,105493,99469,0
77610,1005,60164,78615,137774,61169,0
5448,68930,93369,74378,98817,162299,0
69856,6285,33309,76141,103165,39594,0
64846,3589,13089,68435,77935,16678,0
48277,27339,40086,75616,88363,67425,1
97173,8169,34592,105342,131765,42761,0
98196,40130,77193,138326,175389,117323,1
27262,97592,20438,124854,47700,118030,0
30226,6749,30207,36975,60433,36956,1
69851,13927,75787,83778,145638,89714,1
29228,89831,55240,119059,84468,145071,0
55221,79697,29667,134918,84888,109364,1
95595,87174,55829,182769,151424,143003,1
93499,43995,28086,137494,121585,72081,0
11875,10686,21635,22561,33510,32321,1
89,15697,63113,15786,63202,78810,0
82865,81027,45952,163892,128817,126979,1
17670,21814,55253,39484,72923,77067,0
43577,91690,64913,135267,108490,156603,1
99449,83554,76678,183003,176127,160232,1
8404,72154,11024,80558,19428,83178,0
33884,25665,43229,59549,77113,68894,1
38618,78908,75755,117526,114373,154663,1
22955,51684,16035,74639,38990,67719,0
11758,32120,61665,43878,73423,93785,0
80153,55375,45929,135528,126082,101304,1
8063,30640,57970,38703,66033,88610,0
67008,20801,57084,87809,124092,77885,1
56129,78058,6368,134187,62497,84426,0
31911,74816,2298,106727,34209,77114,0
616,18133,39564,18749,40180,57697,0
8941,67239,18646,76180,27587,85885,0
25228,77831,15220,103059,40448,93051,0
38597,38785,88100,77382,126697,126885,0
12561,95379,51197,107940,63758,146576,0
54303,66781,20044,121084,74347,86825,1
43369,32553,59469,75922,102838,92022,1
19646,85427,81030,105073,100676,166457,1
44850,99508,29562,144358,74412,129070,0
74692,20011,61924,94703,136616,81935,1
55098,63429,68851,118527,123949,132280,1
49659,46408,82922,96067,132581,129330,1
42559,64287,15381,106846,57940,79668,0
76322,73067,54248,149389,130570,127315,1
51533,6729,23652,58262,75185,30381,0
66196,1199,62817,67395,129013,64016,0
2158,62710,61183,64868,63341,123893,1
18639,51993,43258,70632,61897,95251,1
13307,41845,49845,55152,63152,91690,1
83726,58959,51817,142685,135543,110776,1
76076,96264,98650,172340,174726,194914,1
85377,34213,83505,119590,168882,117718,1
10633,87465,25765,98098,36398,113230,0
54206,15560,74276,69766,128482,89836,0
60836,34424,60432,95260,121268,94856,1
58383,74891,17674,133274,76057,92565,1
65901,18637,5331,84538,71232,23968,0
997,1992,80014,2989,81011,82006,0
52193,70391,964,122584,53157,71355,0
68341,48165,23341,116506,91682,71506,1
5905,76768,62707,82673,68612,139475,0
63091,90151,22423,153242,85514,112574,0
45753,75529,65091,121282,110844,140620,1
10459,85239,7635,95698,18094,92874,0
68572,79252,90589,147824,159161,169841,1
84680,48313,18793,132993,103473,67106,0
47204,79198,79930,126402,127134,159128,1
95310,12630,50938,107940,146248,63568,0
84399,5894,35418,90293,119817,41312,0
84401,80173,55826,164574,140227,135999,1
7496,89956,7037,97452,14533,96993,0
63467,99729,14701,163196,78168,114430,0
99509,91556,9004,191065,108513,100560,1
58295,84189,93974,142484,152269,178163,1
69726,3641,80269,73367,149995,83910,0
85787,40855,3039,126642,88826,43894,0
9891,50168,45947,60059,55838,96115,1
34961,65247,96940,100208,131901,162187,1
29800,3902,15269,33702,45069,19171,0
15066,26084,79377,41150,94443,105461,0
96605,41838,92445,138443,189050,134283,1
98762,4711,7386,103473,106148,12097,0
37690,14007,38952,51697,76642,52959,1
97980,78533,60041,176513,158021,138574,1
17730,64008,3662,81738,21392,67670,0
50962,98605,94467,149567,145429,193072,1
69188,97552,72150,166740,141338,169702,1
58812,3607,38995,62419,97807,42602,0
98352,72054,70561,170406,168913,142615,1
34519,26720,98780,61239,133299,125500,0
69489,95234,58180,164723,127669,153414,1
18260,25530,35096,43790,53356,60626,1
33625,9338,92821,42963,126446,102159,0
41633,41878,76478,83511,118111,118356,1
62040,42261,3765,104301,65805,46026,0
86070,5692,55201,91762,141271,60893,0
61912,44031,46920,105943,108832,90951,1
4400,79527,91942,83927,96342,171469,0
91231,19220,56787,110451,148018,76007,0
45255,24966,41416,70221,86671,66382,1
34194,38442,37615,72636,71809,76057,1
52596,10874,88528,63470,141124,99402,0
14333,67365,70803,81698,85136,138168,1
39081,88281,10232,127362,49313,98513,0
82530,29618,93499,112148,176029,123117,1
38643,9165,17017,47808,55660,26182,0
84814,78048,84043,162862,168857,162091,1
43680,66047,40258,109727,83938,106305,1
87689,91525,17993,179214,105682,109518,1
20109,20453,19522,40562,39631,39975,1
33791,99271,17079,133062,50870,116350,0
10659,59273,9581,69932,20240,68854,0
83083,71900,52961,154983,136044,124861,1
49557,81482,64813,131039,114370,146295,1
13803,13561,62438,27364,76241,75999,0
14762,47787,66858,62549,81620,114645,0
23092,65747,20767,88839,43859,86514,0
80676,70971,76787,151647,157463,147758,1
69478,10567,42139,80045,111617,52706,0
95791,40429,63026,136220,158817,103455,1
72367,95982,40138,168349,112505,136120,1
53167,90977,77077,144144,130244,168054,1
86596,85543,2292,172139,88888,87835,1
22984,43050,82954,66034,105938,126004,0
48708,84681,77601,133389,126309,162282,1
29457,23732,56983,53189,86440,80715,0
17196,21260,73606,38456,90802,94866,0
51133,6982,33456,58115,84589,40438,0
22323,89553,44264,111876,66587,133817,0
73382,94362,9115,167744,82497,103477,0
14159,45151,4055,59310,18214,49206,0
53070,47234,35354,100304,88424,82588,1
96772,13832,90444,110604,187216,104276,1
86069,58606,16668,144675,102737,75274,0
95796,14888,89999,110684,185795,104887,1
15154,98406,95197,113560,110351,193603,1
38880,84085,65257,122965,104137,149342,1
75118,94244,89527,169362,164645,183771,1
77014,91604,44155,168618,121169,135759,1
69791,80091,65525,149882,135316,145616,1
96907,26481,67546,123388,164453,94027,0
52827,78877,63727,131704,116554,142604,1
14539,92998,30096,107537,44635,123094,0
22760,89247,81454,112007,104214,170701,1
47542,20512,27177,68054,74719,47689,1
35477,64507,54391,99984,89868,118898,1
54539,18314,86447,72853,140986,104761,0
59867,50457,95867,110324,155734,146324,1
1355,70495,50395,71850,51750,120890,0
13228,39065,30248,52293,43476,69313,1
77201,88200,23078,165401,100279,111278,1
48910,25022,78751,73932,127661,103773,0
62231,40703,96366,102934,158597,137069,1
14556,29012,46726,43568,61282,75738,0
71481,14037,66209,85518,137690,80246,1
10873,58689,44459,69562,55332,103148,0
26510,76974,20210,103484,46720,97184,0
20572,8856,40948,29428,61520,49804,0
64786,23113,96451,87899,161237,119564,0
45014,56774,86466,101788,131480,143240,1
31210,21925,26707,53135,57917,48632,1
96334,14851,9569,111185,105903,24420,0
1628,89880,72912,91508,74540,162792,0
19085,72343,85163,91428,104248,157506,1
44375,57917,42732,102292,87107,100649,1
60108,75268,85717,135376,145825,160985,1
82579,42134,79200,124713,161779,121334,1
85044,45432,14400,130476,99444,59832,0
8524,78902,31066,87426,39590,109968,0
12874,37958,44395,50832,57269,82353,1
30884,3884,96066,34768,126950,99950,0
15527,35043,72590,50570,88117,107633,0
59046,1919,57077,60965,116123,58996,0
51636,38801,73416,90437,125052,112217,1
48972,46611,37035,95583,86007,83646,1
691,9314,87159,10005,87850,96473,0
73608,56089,76757,129697,150365,132846,1
32444,93739,10366,126183,42810,104105,0
28014,41084,54338,69098,82352,95422,1
21018,24793,75750,45811,96768,100543,0
27431,72087,65839,99518,93270,137926,1
33675,51319,65474,84994,99149,116793,1
28156,76224,1229,104380,29385,77453,0
72553,10131,13955,82684,86508,24086,0
36454,756,95136,37210,131590,95892,0
20422,58247,55406,78669,75828,113653,1
37486,39068,81295,76554,118781,120363,0
12168,42077,98885,54245,111053,140962,0
25323,21663,59820,46986,85143,81483,0
35452,36167,1628,71619,37080,37795,1
5019,84832,4476,89851,9495,89308,0
9075,83413,32551,92488,41626,115964,0
97826,35596,79320,133422,177146,114916,1
79441,70415,92543,149856,171984,162958,1
18002,79414,12704,97416,30706,92118,0
17429,28677,73402,46106,90831,102079,0
86408,22642,50688,109050,137096,73330,0
51865,25922,62697,77787,114562,88619,1
62362,59149,1897,121511,64259,61046,0
92838,21412,52352,114250,145190,73764,0
64779,75329,39920,140108,104699,115249,1
35302,6078,41307,41380,76609,47385,1
37867,26381,39935,64248,77802,66316,1
48225,55043,23593,103268,71818,78636,1
70592,65256,69888,135848,140480,135144,1
64176,36303,35188,100479,99364,71491,1
9507,98774,53262,108281,62769,152036,0
78980,78075,57920,157055,136900,135995,1
95010,87977,17693,182987,112703,105670,1
41099,76795,78232,117894,119331,155027,1
27025,4818,88894,31843,115919,93712,0
26539,92703,80667,119242,107206,173370,1
1163,86414,66204,87577,67367,152618,0
97747,67687,66557,165434,164304,134244,1
93319,86656,11131,179975,104450,97787,1
35957,90571,21211,126528,57168,111782,0
67393,82059,42046,149452,109439,124105,1
97113,15380,70997,112493,168110,86377,0
90267,9365,98318,99632,188585,107683,1
25646,95214,91236,120860,116882,186450,1
71934,22622,80371,94556,152305,102993,1
83535,35777,57683,119312,141218,93460,1
57522,39217,10816,96739,68338,50033,0
45279,77701,41724,122980,87003,119425,1
416,985,81583,1401,81999,82568,0
9901,84478,33915,94379,43816,118393,0
52840,78632,79255,131472,132095,157887,1
40821,61364,28212,102185,69033,89576,1
97907,12809,60059,110716,157966,72868,0
34265,50708,78727,84973,112992,129435,1
65438,20259,90099,85697,155537,110358,0
48932,98027,61656,146959,110588,159683,1
74701,29654,71825,104355,146526,101479,1
56813,68905,38109,125718,94922,107014,1
80350,19763,86537,100113,166887,106300,1
86014,13482,6089,99496,92103,19571,0
91564,79566,59892,171130,151456,139458,1
91866,5489,99738,97355,191604,105227,0
97334,17580,50315,114914,147649,67895,0
81886,3802,59469,85688,141355,63271,0
23063,44793,15681,67856,38744,60474,0
17432,66738,75891,84170,93323,142629,1
87409,18184,23465,105593,110874,41649,0
95009,9598,84503,104607,179512,94101,0
66003,85287,98029,151290,164032,183316,1
94937,45290,87809,140227,182746,133099,1
86002,46745,65066,132747,151068,111811,1
21322,51538,75098,72860,96420,126636,0
46194,10911,19405,57105,65599,30316,0
48448,94647,44186,143095,92634,138833,0
64345,32563,87980,96908,152325,120543,1
92382,92218,32619,184600,125001,124837,1
28901,85883,14179,114784,43080,100062,0
34223,14904,78540,49127,112763,93444,0
51912,17383,45411,69295,97323,62794,1
14133,45410,26210,59543,40343,71620,0
85484,67760,27409,153244,112893,95169,1
90632,2223,68506,92855,159138,70729,0
8149,97553,89584,105702,97733,187137,1
11385,74815,10822,86200,22207,85637,0
63775,83014,37859,146789,101634,120873,1
15112,10193,40568,25305,55680,50761,0
58928,34717,72309,93645,131237,107026,1
79231,60607,26055,139838,105286,86662,1
17122,72228,7751,89350,24873,79979,0
83747,54101,41687,137848,125434,95788,1
84029,81757,25691,165786,109720,107448,1
84306,25370,80859,109676,165165,106229,1
5511,55221,21224,60732,26735,76445,0
34357,43964,20758,78321,55115,64722,1
2358,97421,99448,99779,101806,196869,1
12417,6215,18648,18632,31065,24863,0
66700,62294,64604,128994,131304,126898,1
47487,44427,36114,91914,83601,80541,1
69859,60377,75725,130236,145584,136102,1
69111,48839,58396,117950,127507,107235,1
99768,64025,96847,163793,196615,160872,1
64151,38771,62222,102922,126373,100993,1
78690,56305,9718,134995,88408,66023,0
48619,56410,87286,105029,135905,143696,1
19829,70138,46801,89967,66630,116939,0
99962,73785,81769,173747,181731,155554,1
4959,88248,62728,93207,67687,150976,0
9616,32883,32772,42499,42388,65655,1
31080,73037,92221,104117,123301,165258,1
38284,93416,20157,131700,58441,113573,0
37024,10252,1609,47276,38633,11861,0
33164,76816,31375,109980,64539,108191,0
67404,84898,90703,152302,158107,175601,1
5642,79252,41779,84894,47421,121031,0
45869,78860,61055,124729,106924,139915,1
11436,68718,32171,80154,43607,100889,0
3852,61515,40279,65367,44131,101794,0
34898,11217,82872,46115,117770,94089,0
18294,96452,46057,114746,64351,142509,0
9180,3188,55347,12368,64527,58535,0
73006,42961,91114,115967,164120,134075,1
33573,93901,12704,127474,46277,106605,0
32381,59173,24613,91554,56994,83786,0
45932,88507,61462,134439,107394,149969,1
45490,94128,64215,139618,109705,158343,1
26107,56632,36564,82739,62671,93196,1
28615,38707,13883,67322,42498,52590,1
545,6956,67126,7501,67671,74082,0
19732,13766,60006,33498,79738,73772,0
77752,10968,91544,88720,169296,102512,0
22320,78772,4916,101092,27236,83688,0
48819,79190,69876,128009,118695,149066,1
30196,73756,72214,103952,102410,145970,1
500,67959,14273,68459,14773,82232,0
78096,63185,86932,141281,165028,150117,1
49692,3935,84941,53627,134633,88876,0
33749,96932,10692,130681,44441,107624,0
87063,15922,13950,102985,101013,29872,0
65615,52212,4472,117827,70087,56684,0
98222,43567,58068,141789,156290,101635,1
19990,98230,25926,118220,45916,124156,0
99890,39027,83870,138917,183760,122897,1
14723,82844,61254,97567,75977,144098,0
24122,10465,37584,34587,61706,48049,0
61825,81178,30565,143003,92390,111743,1
48850,55073,97100,103923,145950,152173,1
75217,56755,62467,131972,137684,119222,1
52947,27279,25376,80226,78323,52655,0
25701,29253,28682,54954,54383,57935,1
6041,57101,9164,63142,15205,66265,0
30410,21513,66672,51923,97082,88185,0
16851,39144,98268,55995,115119,137412,0
18933,25359,66800,44292,85733,92159,0
488,59484,90945,59972,91433,150429,0
59958,16042,46618,76000,106576,62660,1
76394,81859,40719,158253,117113,122578,1
719,88222,67145,88941,67864,155367,0
99841,42646,68373,142487,168214,111019,1
2267,35365,99318,37632,101585,134683,0
48605,97971,98769,146576,147374,196740,1
42579,30165,87648,72744,130227,117813,0
80064,74651,3557,154715,83621,78208,0
87513,2624,58022,90137,145535,60646,0
79709,67481,57574,147190,137283,125055,1
44403,5074,53884,49477,98287,58958,0
45753,63504,58909,109257,104662,122413,1
5213,60704,17923,65917,23136,78627,0
73133,92301,52468,165434,125601,144769,1
45895,65272,37337,111167,83232,102609,1
20319,15191,72724,35510,93043,87915,0
84373,62343,33775,146716,118148,96118,1
83321,16846,67859,100167,151180,84705,1
18753,51133,56185,69886,74938,107318,1
2569,34426,84132,36995,86701,118558,0
92520,8712,30061,101232,122581,38773,0
42274,67025,33783,109299,76057,100808,1
14468,13627,49592,28095,64060,63219,0
75723,72572,47236,148295,122959,119808,1
86738,25417,69663,112155,156401,95080,1
70945,22096,21958,93041,92903,44054,0
10585,62149,99601,72734,110186,161750,0
65300,28659,90143,93959,155443,118802,1
2537,72502,32998,75039,35535,105500,0
94211,53889,78715,148100,172926,132604,1
97177,32803,45446,129980,142623,78249,0
7212,74781,64575,81993,71787,139356,0
69247,33191,11811,102438,81058,45002,0
63168,19007,21345,82175,84513,40352,0
31344,80191,4338,111535,35682,84529,0
71953,84953,87919,156906,159872,172872,1
15309,59358,55814,74667,71123,115172,1
40072,40403,89240,80475,129312,129643,0
13288,5862,24692,19150,37980,30554,0
13334,21095,9486,34429,22820,30581,1
16924,62487,37412,79411,54336,99899,0
64519,31205,22666,95724,87185,53871,0
41437,35314,3463,76751,44900,38777,0
30665,17889,25958,48554,56623,43847,1
18683,50601,1562,69284,20245,52163,0
41959,30904,31527,72863,73486,62431,1
46357,90985,24378,137342,70735,115363,0
84491,9263,40385,93754,124876,49648,0
24943,44479,8734,69422,33677,53213,0
82156,3145,11619,85301,93775,14764,0
37087,73503,28751,110590,65838,102254,0
5916,88365,44618,94281,50534,132983,0
84048,3813,65289,87861,149337,69102,0
24773,49081,60784,73854,85557,109865,1
26404,8983,55493,35387,81897,64476,0
21583,30654,90473,52237,112056,121127,0
36846,45938,9342,82784,46188,55280,1
75519,87141,52876,162660,128395,140017,1
30374,87390,59653,117764,90027,147043,1
9567,51831,15781,61398,25348,67612,0
25308,44719,41052,70027,66360,85771,1
82814,60909,89433,143723,172247,150342,1
39185,83935,77298,123120,116483,161233,1
2921,69704,1801,72625,4722,71505,0
5007,58960,27016,63967,32023,85976,0
43511,70638,78715,114149,122226,149353,1
5090,96173,40070,101263,45160,136243,0
16910,94411,36086,111321,52996,130497,0
5401,76976,6805,82377,12206,83781,0
42735,52654,80556,95389,123291,133210,1
53795,92775,8012,146570,61807,100787,0
93490,61686,20013,155176,113503,81699,0
52297,56230,92003,108527,144300,148233,1
70014,90983,47325,160997,117339,138308,1
40306,11201,79167,51507,119473,90368,0
33964,6146,11075,40110,45039,17221,0
72296,14615,74597,86911,146893,89212,1
33210,62288,87000,95498,120210,149288,1
75392,19193,72981,94585,148373,92174,1
82791,15526,80315,98317,163106,95841,1
18517,76879,26791,95396,45308,103670,0
54424,12504,23503,66928,77927,36007,0
68441,24174,42723,92615,111164,66897,0
45311,82800,63903,128111,109214,146703,1
9927,46138,80691,56065,90618,126829,0
79900,89776,57202,169676,137102,146978,1
72447,74955,2528,147402,74975,77483,1
73045,71798,32179,144843,105224,103977,1
6198,79534,81140,85732,87338,160674,1
2556,29422,18202,31978,20758,47624,0
94841,61940,73175,156781,168016,135115,1
12184,46338,74959,58522,87143,121297,0
45150,72577,7954,117727,53104,80531,0
77069,32057,26635,109126,103704,58692,0
15579,39670,17486,55249,33065,57156,0
80167,28408,72808,108575,152975,101216,1
52159,69045,94177,121204,146336,163222,1
89186,29491,95629,118677,184815,125120,1
29645,49558,63191,79203,92836,112749,1
84242,40865,39589,125107,123831,80454,0
11137,2750,86323,13887,97460,89073,0
48210,91268,31008,139478,79218,122276,0
17662,32980,38991,50642,56653,71971,1
94847,80599,63092,175446,157939,143691,1
10392,62867,35018,73259,45410,97885,0
20069,80484,96912,100553,116981,177396,1
59019,31775,46873,90794,105892,78648,1
11672,83165,69790,94837,81462,152955,0
58942,94121,79849,153063,138791,173970,1
50260,28120,47431,78380,97691,75551,1
64367,21665,87760,86032,152127,109425,0
50575,24613,49814,75188,100389,74427,1
18887,82367,13003,101254,31890,95370,0
54825,88181,78396,143006,133221,166577,1
25215,1734,7281,26949,32496,9015,0
71479,5390,12989,76869,84468,18379,0
99607,16402,83452,116009,183059,99854,1
80226,40613,59377,120839,139603,99990,1
6930,11549,14054,18479,20984,25603,1
969,70681,32589,71650,33558,103270,0
57293,67664,11233,124957,68526,78897,1
88758,27640,6536,116398,95294,34176,0
83229,78147,22857,161376,106086,101004,1
13750,98825,16304,112575,30054,115129,0
28096,9939,36569,38035,64665,46508,1
19871,18539,40196,38410,60067,58735,0
60545,71926,44291,132471,104836,116217,1
57490,35423,21405,92913,78895,56828,0
35174,45602,95235,80776,130409,140837,0
76184,57712,51211,133896,127395,108923,1
20252,67372,10766,87624,31018,78138,0
30761,73554,41161,104315,71922,114715,0
37030,39,88903,37069,125933,88942,0
69682,97152,35618,166834,105300,132770,1
50638,41814,29443,92452,80081,71257,1
83887,39983,69832,123870,153719,109815,1
32456,85655,26823,118111,59279,112478,0
63422,17259,98331,80681,161753,115590,0
38261,73767,54695,112028,92956,128462,1
44251,81016,68889,125267,113140,149905,1
57675,1507,75181,59182,132856,76688,0
15254,23439,2794,38693,18048,26233,0
66537,39880,74962,106417,141499,114842,1
68173,19596,60457,87769,128630,80053,1
74867,25780,86450,100647,161317,112230,1
22577,13298,6455,35875,29032,19753,0
36711,63306,9106,100017,45817,72412,0
57156,96527,34165,153683,91321,130692,0
21522,78232,96151,99754,117673,174383,1
62042,64747,90409,126789,152451,155156,1
10516,72957,90285,83473,100801,163242,0
11913,22264,56836,34177,68749,79100,0
21785,55721,30436,77506,52221,86157,0
99817,10185,90117,110002,189934,100302,1
34896,32916,28175,67812,63071,61091,1
76856,47822,4208,124678,81064,52030,0
57697,7354,87431,65051,145128,94785,0
89288,63415,17233,152703,106521,80648,0
37980,45702,90178,83682,128158,135880,0
33722,61547,26243,95269,59965,87790,0
39671,81266,49114,120937,88785,130380,1
31647,57427,72343,89074,103990,129770,1
83386,36506,38844,119892,122230,75350,0
47022,73671,72523,120693,119545,146194,1
15283,29789,30340,45072,45623,60129,1
16502,59902,83351,76404,99853,143253,0
92367,21800,40769,114167,133136,62569,0
77054,18169,19815,95223,96869,37984,0
91333,15508,88817,106841,180150,104325,1
90189,560,29376,90749,119565,29936,0
72946,47232,61088,120178,134034,108320,1
24070,85562,41177,109632,65247,126739,0
16266,83516,22687,99782,38953,106203,0
31104,13354,10510,44458,41614,23864,0
31666,80348,97309,112014,128975,177657,1
86809,27015,2369,113824,89178,29384,0
47404,46141,41059,93545,88463,87200,1
78742,13765,16475,92507,95217,30240,0
91270,42532,64246,133802,155516,106778,1
57414,83854,47511,141268,104925,131365,1
76005,3214,80090,79219,156095,83304,0
91185,70077,99209,161262,190394,169286,1
15153,43344,78552,58497,93705,121896,0
64279,73007,1654,137286,65933,74661,0
19546,20959,67299,40505,86845,88258,0
39520,21479,78916,60999,118436,100395,0
7227,95354,5094,102581,12321,100448,0
21903,86199,77006,108102,98909,163205,1
20909,39212,14134,60121,35043,53346,0
71267,59141,90786,130408,162053,149927,1
17050,102,74101,17152,91151,74203,0
63767,84028,81861,147795,145628,165889,1
70999,9377,72578,80376,143577,81955,1
37596,23777,60984,61373,98580,84761,1
95968,75480,50330,171448,146298,125810,1
54546,4801,93297,59347,147843,98098,0
18643,82526,97101,101169,115744,179627,1
48027,31270,61307,79297,109334,92577,1
81515,4916,19762,86431,101277,24678,0
4183,82774,52414,86957,56597,135188,0
74893,95518,55778,170411,130671,151296,1
90811,77043,33284,167854,124095,110327,1
82922,89043,5449,171965,88371,94492,0
47533,59596,94493,107129,142026,154089,1
9625,36046,96830,45671,106455,132876,0
27011,6708,97899,33719,124910,104607,0
12402,46061,72251,58463,84653,118312,0
31478,55886,18158,87364,49636,74044,0
52089,91173,94847,143262,146936,186020,1
42027,94713,52239,136740,94266,146952,0
87915,26963,65585,114878,153500,92548,1
78325,50727,59450,129052,137775,110177,1
84769,37460,34162,122229,118931,71622,0
48100,27338,8577,75438,56677,35915,0
37920,25026,28378,62946,66298,53404,1
32480,82285,7012,114765,39492,89297,0
62243,73832,70252,136075,132495,144084,1
94551,66981,49995,161532,144546,116976,1
55444,8482,20307,63926,75751,28789,0
39958,42998,75090,82956,115048,118088,1
16335,66928,76788,83263,93123,143716,1
9946,63039,12205,72985,22151,75244,0
77970,81461,40042,159431,118012,121503,1
65813,78661,49898,144474,115711,128559,1
26503,13842,35094,40345,61597,48936,1
20297,76852,17309,97149,37606,94161,0
19732,74897,87081,94629,106813,161978,1
60702,4405,1223,65107,61925,5628,0
82121,11350,3521,93471,85642,14871,0
86104,41059,86501,127163,172605,127560,1
59129,64068,96763,123197,155892,160831,1
53702,29120,99197,82822,152899,128317,0
63989,99258,18022,163247,82011,117280,0
32300,9624,17931,41924,50231,27555,0
23695,77124,9869,100819,33564,86993,0
83647,45578,77918,129225,161565,123496,1
54390,72536,73948,126926,128338,146484,1
36317,6218,7901,42535,44218,14119,0
53398,86324,23751,139722,77149,110075,0
80267,38651,75053,118918,155320,113704,1
20241,8557,41637,28798,61878,50194,0
53557,4389,58970,57946,112527,63359,0
29469,50590,64024,80059,93493,114614,1
79792,19253,40721,99045,120513,59974,0
72276,88878,51176,161154,123452,140054,1
4002,14561,28395,18563,32397,42956,0
17841,33237,33388,51078,51229,66625,1
52849,84465,66952,137314,119801,151417,1
73168,62160,68644,135328,141812,130804,1
33192,5140,38766,38332,71958,43906,0
59361,11800,5372,71161,64733,17172,0
47301,10821,83897,58122,131198,94718,0
46827,24902,10979,71729,57806,35881,0
5099,74509,51510,79608,56609,126019,0
16668,95602,11536,112270,28204,107138,0
1600,6320,58118,7920,59718,64438,0
12056,67047,24445,79103,36501,91492,0
77412,82101,54990,159513,132402,137091,1
67000,30277,61125,97277,128125,91402,1
40800,2980,79188,43780,119988,82168,0
61164,19627,55653,80791,116817,75280,1
3959,23548,90635,27507,94594,114183,0
60944,91385,44921,152329,105865,136306,1
95645,30179,89599,125824,185244,119778,1
19125,96686,75697,115811,94822,172383,0
21249,57243,6188,78492,27437,63431,0
7093,7586,16727,14679,23820,24313,0
89474,19858,75696,109332,165170,95554,1
82698,84294,24888,166992,107586,109182,1
73487,47841,17719,121328,91206,65560,0
39727,30056,33881,69783,73608,63937,1
87422,96485,53647,183907,141069,150132,1
15785,17728,60554,33513,76339,78282,0
63829,26457,66846,90286,130675,93303,1
75050,22933,98320,97983,173370,121253,0
31607,64534,65212,96141,96819,129746,1
37642,89226,32058,126868,69700,121284,0
59970,69741,39037,129711,99007,108778,1
64719,85308,55954,150027,120673,141262,1
75597,73437,89307,149034,164904,162744,1
58203,39417,58496,97620,116699,97913,1
6897,94443,7988,101340,14885,102431,0
76365,10942,78816,87307,155181,89758,1
25543,1218,73648,26761,99191,74866,0
91035,90407,639,181442,91674,91046,1
21305,45859,31895,67164,53200,77754,1
52090,35507,7847,87597,59937,43354,0
6451,44546,29330,50997,35781,73876,0
4109,39719,62074,43828,66183,101793,0
55528,69059,44640,124587,100168,113699,1
44523,98681,47053,143204,91576,145734,0
86949,56522,19644,143471,106593,76166,0
71588,36246,70207,107834,141795,106453,1
60351,90345,83393,150696,143744,173738,1
95307,66599,6408,161906,101715,73007,0
82761,26312,18627,109073,101388,44939,0
91475,37449,29475,128924,120950,66924,0
35215,81982,71271,117197,106486,153253,1
35541,81045,16100,116586,51641,97145,0
94858,85632,99838,180490,194696,185470,1
30716,28814,87854,59530,118570,116668,0
32551,69129,25234,101680,57785,94363,0
62853,60579,11502,123432,74355,72081,1
4073,6179,76090,10252,80163,82269,0
88653,75783,34650,164436,123303,110433,1
82030,99706,50455,181736,132485,150161,1
26931,33426,67241,60357,94172,100667,0
81495,22413,77819,103908,159314,100232,1
54425,59491,58109,113916,112534,117600,1
3434,64156,44272,67590,47706,108428,0
66311,18431,91406,84742,157717,109837,0
67465,64424,66056,131889,133521,130480,1
23733,82386,69347,106119,93080,151733,1
45531,74797,55435,120328,100966,130232,1
94391,56753,14728,151144,109119,71481,0
61851,87898,21240,149749,83091,109138,0
2546,45919,99220,48465,101766,145139,0
44628,6160,89721,50788,134349,95881,0
34400,43211,34654,77611,69054,77865,1
67728,1539,71932,69267,139660,73471,0
96060,82303,56853,178363,152913,139156,1
30645,3803,40867,34448,71512,44670,0
8750,79559,90711,88309,99461,170270,0
85522,16553,73224,102075,158746,89777,1
16101,55012,98486,71113,114587,153498,0
50943,83644,43916,134587,94859,127560,1
45567,35954,76907,81521,122474,112861,1
47923,5374,5614,53297,53537,10988,0
21592,13536,23181,35128,44773,36717,1
41060,73058,2893,114118,43953,75951,0
47645,33122,86486,80767,134131,119608,0
41465,53986,76665,95451,118130,130651,1
6386,43357,14675,49743,21061,58032,0
88421,78131,12061,166552,100482,90192,1
77903,8186,71032,86089,148935,79218,1
32927,40336,89199,73263,122126,129535,0
13274,22359,84643,35633,97917,107002,0
30771,99333,70693,130104,101464,170026,1
41596,58366,13044,99962,54640,71410,0
24706,82246,94069,106952,118775,176315,1
26784,66160,19763,92944,46547,85923,0
27764,21936,98143,49700,125907,120079,0
76190,47164,72665,123354,148855,119829,1
92783,14164,48813,106947,141596,62977,0
91844,90384,19148,182228,110992,109532,1
29676,83737,10266,113413,39942,94003,0
12246,59191,31251,71437,43497,90442,0
39387,60768,2266,100155,41653,63034,0
95984,59877,741,155861,96725,60618,0
86390,5820,1730,92210,88120,7550,0
89918,6834,80759,96752,170677,87593,0
34308,82838,22135,117146,56443,104973,0
95408,47301,46997,142709,142405,94298,0
68698,69637,40699,138335,109397,110336,1
63539,7161,97084,70700,160623,104245,0
25930,30420,57508,56350,83438,87928,0
52500,14602,96158,67102,148658,110760,0
71151,59636,97463,130787,168614,157099,1
10575,62414,65922,72989,76497,128336,1
30541,26252,64913,56793,95454,91165,0
9635,76081,18688,85716,28323,94769,0
14168,32394,78561,46562,92729,110955,0
57647,4718,18710,62365,76357,23428,0
16396,19462,3881,35858,20277,23343,1
42242,38830,26856,81072,69098,65686,1
6459,68455,24890,74914,31349,93345,0
52358,37819,19449,90177,71807,57268,1
77609,85578,16046,163187,93655,101624,1
15611,33636,67049,49247,82660,100685,0
68124,16139,78062,84263,146186,94201,1
57740,82639,55286,140379,113026,137925,1
95253,68250,2136,163503,97389,70386,0
20578,64373,65589,84951,86167,129962,1
51203,10756,43240,61959,94443,53996,1
8564,57059,94437,65623,103001,151496,0
81830,79001,14098,160831,95928,93099,1
70343,11616,71265,81959,141608,82881,1
78991,38526,83010,117517,162001,121536,1
59507,57123,9132,116630,68639,66255,1
66859,68055,68061,134914,134920,136116,1
1498,7891,91986,9389,93484,99877,0
53907,71142,74167,125049,128074,145309,1
11649,61952,32156,73601,43805,94108,0
7031,54089,87354,61120,94385,141443,0
42880,85751,49175,128631,92055,134926,1
26163,50557,4743,76720,30906,55300,0
21452,88651,38188,110103,59640,126839,0
21998,55519,82651,77517,104649,138170,0
98966,33322,75914,132288,174880,109236,1
9282,19224,23929,28506,33211,43153,1
83184,28957,13295,112141,96479,42252,0
59627,98402,68289,158029,127916,166691,1
53944,15090,10799,69034,64743,25889,0
91179,79053,25750,170232,116929,104803,1
41066,5994,87037,47060,128103,93031,0
83475,20420,27282,103895,110757,47702,0
84275,75418,71414,159693,155689,146832,1
1964,15702,45039,17666,47003,60741,0
12928,96555,2578,109483,15506,99133,0
68241,5608,79333,73849,147574,84941,0
60350,44492,24616,104842,84966,69108,1
34769,29583,14613,64352,49382,44196,1
66435,29082,11122,95517,77557,40204,0
675,84339,99078,85014,99753,183417,0
47889,79987,61543,127876,109432,141530,1
91055,34845,78729,125900,169784,113574,1
33658,33388,81032,67046,114690,114420,0
22327,2745,78878,25072,101205,81623,0
69425,42376,30459,111801,99884,72835,1
42873,55130,26065,98003,68938,81195,1
85336,38544,34975,123880,120311,73519,0
28512,225,98888,28737,127400,99113,0
41938,13182,97731,55120,139669,110913,0
64101,61650,94585,125751,158686,156235,1
95775,87374,33571,183149,129346,120945,1
54403,39091,9804,93494,64207,48895,0
97969,82319,32205,180288,130174,114524,1
9203,89354,28781,98557,37984,118135,0
39506,84175,84428,123681,123934,168603,1
71776,95545,3253,167321,75029,98798,0
26690,96237,99307,122927,125997,195544,1
6035,5511,23436,11546,29471,28947,0
40135,91769,29725,131904,69860,121494,0
1053,99498,15837,100551,16890,115335,0
32815,72802,33220,105617,66035,106022,0
16810,67137,8144,83947,24954,75281,0
54839,51556,62729,106395,117568,114285,1
65858,63884,75785,129742,141643,139669,1
72896,70540,44869,143436,117765,115409,1
75710,21520,55946,97230,131656,77466,1
49228,92994,90618,142222,139846,183612,1
15575,12140,41310,27715,56885,53450,0
78987,17755,16931,96742,95918,34686,0
58819,43049,65112,101868,123931,108161,1
93461,48566,45225,142027,138686,93791,1
97410,78014,89146,175424,186556,167160,1
70149,20714,15498,90863,85647,36212,0
32989,85230,4546,118219,37535,89776,0
94858,24671,11543,119529,106401,36214,0
37514,83764,88155,121278,125669,171919,1
80115,58977,44280,139092,124395,103257,1
54496,12228,31538,66724,86034,43766,0
58029,88768,64974,146797,123003,153742,1
22263,21172,49150,43435,71413,70322,0
58694,99161,15986,157855,74680,115147,0
79513,81146,545,160659,80058,81691,0
6340,97339,46607,103679,52947,143946,0
38384,15876,42115,54260,80499,57991,1
50414,82265,64820,132679,115234,147085,1
70611,5910,64489,76521,135100,70399,0
41626,38335,59480,79961,101106,97815,1
3769,90273,7845,94042,11614,98118,0
39126,12277,49410,51403,88536,61687,1
19081,50801,27884,69882,46965,78685,0
19366,60966,95672,80332,115038,156638,0
81666,64981,67641,146647,149307,132622,1
32842,62663,18137,95505,50979,80800,0
911,82955,62732,83866,63643,145687,0
91631,61758,38908,153389,130539,100666,1
35795,62735,34527,98530,70322,97262,1
38292,85209,103,123501,38395,85312,0
83262,85955,64235,169217,147497,150190,1
42990,57295,81503,100285,124493,138798,1
72174,31276,21401,103450,93575,52677,0
40244,62796,20065,103040,60309,82861,0
8642,54218,34316,62860,42958,88534,0
5984,50224,60613,56208,66597,110837,0
79162,48525,46273,127687,125435,94798,1
46910,55376,60443,102286,107353,115819,1
36966,89289,61666,126255,98632,150955,1
66924,83499,79934,150423,146858,163433,1
16483,38863,30324,55346,46807,69187,1
75977,40348,18880,116325,94857,59228,0
93792,26606,96037,120398,189829,122643,1
14464,6034,86719,20498,101183,92753,0
80981,2501,9247,83482,90228,11748,0
12076,72176,50779,84252,62855,122955,0
99718,19866,78385,119584,178103,98251,0
5925,74383,57985,80308,63910,132368,0
82362,29234,14380,111596,96742,43614,0
68167,95601,49227,163768,117394,144828,1
16672,20014,43700,36686,60372,63714,0
95792,62654,72593,158446,168385,135247,1
93534,96347,56992,189881,150526,153339,1
72650,90492,51273,163142,123923,141765,1
85081,18046,97564,103127,182645,115610,1
16524,44650,87730,61174,104254,132380,0
8660,78877,88491,87537,97151,167368,0
83586,93196,65939,176782,149525,159135,1
29265,10193,30165,39458,59430,40358,1
24420,87302,91116,111722,115536,178418,1
8962,33845,66228,42807,75190,100073,0
31673,20312,85422,51985,117095,105734,0
58433,5363,90401,63796,148834,95764,0
73014,38328,46770,111342,119784,85098,1
21106,76265,9464,97371,30570,85729,0
65176,66875,72795,132051,137971,139670,1
80801,9304,97732,90105,178533,107036,0
33750,5862,10533,39612,44283,16395,0
17511,25969,63481,43480,80992,89450,0
37561,27973,76449,65534,114010,104422,0
19608,75771,7562,95379,27170,83333,0
30346,97818,46378,128164,76724,144196,0
66703,30430,25729,97133,92432,56159,0
93011,97133,75974,190144,168985,173107,1
58847,2205,15556,61052,74403,17761,0
89428,48066,10620,137494,100048,58686,0
14556,20162,56416,34718,70972,76578,0
15195,72011,27411,87206,42606,99422,0
60246,53600,82091,113846,142337,135691,1
10688,99591,91657,110279,102345,191248,1
43882,53021,91303,96903,135185,144324,1
75914,92584,44382,168498,120296,136966,1
87751,68483,66553,156234,154304,135036,1
61841,99154,77190,160995,139031,176344,1
68854,70669,48086,139523,116940,118755,1
26083,16131,71821,42214,97904,87952,0
99381,77431,48817,176812,148198,126248,1
64247,80161,10003,144408,74250,90164,0
5194,51627,47053,56821,52247,98680,1
24140,59082,93331,83222,117471,152413,0
9539,19518,38187,29057,47726,57705,0
61727,69673,15623,131400,77350,85296,1
50195,62777,29256,112972,79451,92033,1
58494,15079,89238,73573,147732,104317,0
67288,40363,77020,107651,144308,117383,1
56068,36672,32863,92740,88931,69535,1
36363,57301,33072,93664,69435,90373,1
14331,40295,8493,54626,22824,48788,0
11720,29091,1788,40811,13508,30879,0
41411,57059,46208,98470,87619,103267,1
56606,77009,82038,133615,138644,159047,1
57958,16850,88992,74808,146950,105842,0
73835,7892,65145,81727,138980,73037,0
21118,209,74655,21327,95773,74864,0
21098,74380,82007,95478,103105,156387,1
48991,48007,9735,96998,58726,57742,1
58087,3369,34842,61456,92929,38211,0
53521,63658,67547,117179,121068,131205,1
61491,47618,84251,109109,145742,131869,1
35472,59375,57443,94847,92915,116818,1
1812,9239,31475,11051,33287,40714,0
55077,37335,26153,92412,81230,63488,1
29630,71572,26330,101202,55960,97902,0
79203,34800,47574,114003,126777,82374,1
16444,4833,88373,21277,104817,93206,0
88661,31427,40053,120088,128714,71480,0
92120,46518,69451,138638,161571,115969,1
85733,81227,39191,166960,124924,120418,1
20870,70937,63042,91807,83912,133979,1
5533,30742,99847,36275,105380,130589,0
75407,3377,54360,78784,129767,57737,0
70085,33649,2528,103734,72613,36177,0
4626,77456,81884,82082,86510,159340,1
52207,14408,6544,66615,58751,20952,0
61109,72570,61185,133679,122294,133755,1
50771,13682,35457,64453,86228,49139,0
36684,72665,75363,109349,112047,148028,1
50286,20725,14250,71011,64536,34975,0
7137,13986,43775,21123,50912,57761,0
85257,61305,86371,146562,171628,147676,1
99941,21278,49506,121219,149447,70784,0
1320,3438,65207,4758,66527,68645,0
21345,54247,55992,75592,77337,110239,1
86968,76708,71599,163676,158567,148307,1
44619,79617,93896,124236,138515,173513,1
23226,18385,60306,41611,83532,78691,0
81965,47965,44589,129930,126554,92554,1
90048,18552,55451,108600,145499,74003,0
97003,12145,89491,109148,186494,101636,1
27475,45936,92860,73411,120335,138796,0
14425,80221,10524,94646,24949,90745,0
83661,58082,70504,141743,154165,128586,1
92543,39851,31161,132394,123704,71012,0
329,34069,78037,34398,78366,112106,0
1047,95521,78441,96568,79488,173962,0
15374,38931,65908,54305,81282,104839,0
24181,86293,90495,110474,114676,176788,1
500,29684,52346,30184,52846,82030,0
29116,56392,85777,85508,114893,142169,0
23072,10715,2079,33787,25151,12794,0
28503,64340,17534,92843,46037,81874,0
9400,59898,72581,69298,81981,132479,0
51196,63818,54877,115014,106073,118695,1
14342,53250,95772,67592,110114,149022,0
9785,57407,33506,67192,43291,90913,0
16990,51975,75738,68965,92728,127713,0
32063,1880,75999,33943,108062,77879,0
42819,2713,24379,45532,67198,27092,0
47160,25361,45456,72521,92616,70817,1
20136,27125,76366,47261,96502,103491,0
31360,89416,91932,120776,123292,181348,1
45021,1075,21281,46096,66302,22356,0
78343,71565,75645,149908,153988,147210,1
96784,70248,42855,167032,139639,113103,1
85777,96779,62058,182556,147835,158837,1
23881,26308,51602,50189,75483,77910,0
16832,42391,67917,59223,84749,110308,0
44316,88718,75898,133034,120214,164616,1
87492,8329,52340,95821,139832,60669,0
1675,10888,8840,12563,10515,19728,0
58185,82479,7201,140664,65386,89680,0
77436,19881,67198,97317,144634,87079,1
59164,59081,99200,118245,158364,158281,1
45609,62439,99737,108048,145346,162176,1
72527,97429,89902,169956,162429,187331,1
19064,51882,45460,70946,64524,97342,1
86893,69831,52040,156724,138933,121871,1
50964,41157,5237,92121,56201,46394,0
59958,15460,16293,75418,76251,31753,0
37874,25103,47860,62977,85734,72963,1
68039,65018,32816,133057,100855,97834,1
51480,43831,81934,95311,133414,125765,1
52265,60976,99252,113241,151517,160228,1
14774,31686,61190,46460,75964,92876,0
93456,61728,81446,155184,174902,143174,1
44053,27928,64458,71981,108511,92386,1
47544,35669,21942,83213,69486,57611,1
17502,99992,27147,117494,44649,127139,0
71841,7774,43602,79615,115443,51376,0
61810,61678,25350,123488,87160,87028,1
94888,56803,25059,151691,119947,81862,0
97313,39049,8068,136362,105381,47117,0
97366,82753,24830,180119,122196,107583,1
91170,75483,14992,166653,106162,90475,0
45159,67293,77538,112452,122697,144831,1
81415,765,82021,82180,163436,82786,1
28898,33775,62468,62673,91366,96243,1
78881,69867,61777,148748,140658,131644,1
19715,23636,33508,43351,53223,57144,1
34430,62221,79132,96651,113562,141353,1
73293,90569,83920,163862,157213,174489,1
54744,46013,26786,100757,81530,72799,1
74486,4518,472,79004,74958,4990,0
2308,93037,96833,95345,99141,189870,0
88923,18215,55966,107138,144889,74181,0
74432,37256,53619,111688,128051,90875,1
52872,98336,55951,151208,108823,154287,1
4277,45453,76635,49730,80912,122088,0
85524,97370,32286,182894,117810,129656,1
97370,72746,14349,170116,111719,87095,0
10540,28775,32351,39315,42891,61126,1
24933,28229,80010,53162,104943,108239,0
7500,9721,2865,17221,10365,12586,1
26700,43227,47044,69927,73744,90271,1
35319,53468,52791,88787,88110,106259,1
40439,86620,24794,127059,65233,111414,0
36937,14492,52703,51429,89640,67195,0
84564,13224,64791,97788,149355,78015,0
66254,14260,76330,80514,142584,90590,1
40278,17429,12417,57707,52695,29846,0
83042,44695,26469,127737,109511,71164,0
58525,91121,90992,149646,149517,182113,1
96879,96311,85030,193190,181909,181341,1
30574,41254,91532,71828,122106,132786,0
44323,19175,34624,63498,78947,53799,1
52725,5719,64352,58444,117077,70071,0
23875,99295,52058,123170,75933,151353,0
40318,11170,30788,51488,71106,41958,1
49888,99089,24962,148977,74850,124051,0
30446,70004,20000,100450,50446,90004,0
23973,58834,24890,82807,48863,83724,0
51089,6208,71350,57297,122439,77558,0
59858,28906,29298,88764,89156,58204,0
36055,29080,28554,65135,64609,57634,1
40171,38147,36729,78318,76900,74876,1
42336,79306,18941,121642,61277,98247,0
28656,76282,46034,104938,74690,122316,0
73237,12199,56220,85436,129457,68419,0
32178,40307,8439,72485,40617,48746,1
73145,55182,28261,128327,101406,83443,1
38466,54912,70564,93378,109030,125476,1
62502,85784,28536,148286,91038,114320,1
4306,68792,60074,73098,64380,128866,0
35958,42945,54743,78903,90701,97688,1
80150,33213,8554,113363,88704,41767,0
89661,54485,62226,144146,151887,116711,1
11086,98885,57214,109971,68300,156099,0
18653,97811,2181,116464,20834,99992,0
64377,90766,35290,155143,99667,126056,1
46180,34186,49233,80366,95413,83419,1
26323,12925,59636,39248,85959,72561,0
95562,94559,35154,190121,130716,129713,1
50640,833,49803,51473,100443,50636,0
59184,84359,23164,143543,82348,107523,0
85932,15364,68625,101296,154557,83989,0
40365,99360,92531,139725,132896,191891,1
8741,54425,9731,63166,18472,64156,0
71711,6082,62986,77793,134697,69068,0
96756,78366,93483,175122,190239,171849,1
57262,82438,83829,139700,141091,166267,1
42229,17187,29088,59416,71317,46275,1
98370,82895,76779,181265,175149,159674,1
27264,38506,23561,65770,50825,62067,1
44922,86959,15684,131881,60606,102643,0
96181,8944,34965,105125,131146,43909,0
5445,66054,16788,71499,22233,82842,0
1344,40375,55097,41719,56441,95472,0
75090,38503,91678,113593,166768,130181,1
77335,58466,36016,135801,113351,94482,1
87239,87918,56105,175157,143344,144023,1
67659,37324,93665,104983,161324,130989,1
8971,16837,54472,25808,63443,71309,0
47458,61337,74012,108795,121470,135349,1
72556,34110,86703,106666,159259,120813,1
39289,88959,31390,128248,70679,120349,0
95845,39509,40405,135354,136250,79914,0
58953,43393,53638,102346,112591,97031,1
89612,19023,21410,108635,111022,40433,0
49795,27852,40830,77647,90625,68682,1
61770,8948,14665,70718,76435,23613,0
71328,47065,9083,118393,80411,56148,0
14797,13329,16143,28126,30940,29472,1
61490,21067,80980,82557,142470,102047,1
53664,42818,16949,96482,70613,59767,1
68707,75795,34091,144502,102798,109886,1
7063,59898,43466,66961,50529,103364,0
3597,62596,64381,66193,67978,126977,1
28600,18596,62657,47196,91257,81253,0
74400,76415,72577,150815,146977,148992,1
2740,11300,20057,14040,22797,31357,0
63501,31495,67723,94996,131224,99218,1
85030,99116,60828,184146,145858,159944,1
15468,15487,72746,30955,88214,88233,0
90919,78516,51777,169435,142696,130293,1
31081,23116,46641,54197,77722,69757,1
997,74472,44135,75469,45132,118607,0
61603,79964,33550,141567,95153,113514,1
52764,78080,1590,130844,54354,79670,0
84211,19213,57562,103424,141773,76775,0
12361,12633,17471,24994,29832,30104,1
1440,11685,42270,13125,43710,53955,0
770,24569,60317,25339,61087,84886,0
83148,4437,72523,87585,155671,76960,0
83774,21292,94214,105066,177988,115506,1
28233,82788,6916,111021,35149,89704,0
24497,74377,30503,98874,55000,104880,0
18498,41043,46978,59541,65476,88021,1
48982,32638,87511,81620,136493,120149,0
15243,52662,8976,67905,24219,61638,0
65954,6915,35341,72869,101295,42256,0
952,68295,53457,69247,54409,121752,0
65000,98716,88953,163716,153953,187669,1
10474,81607,42285,92081,52759,123892,0
76902,77505,97427,154407,174329,174932,1
33116,3304,38107,36420,71223,41411,0
56177,67200,78659,123377,134836,145859,1
63528,46837,17766,110365,81294,64603,1
57598,3212,17194,60810,74792,20406,0
58129,97946,7471,156075,65600,105417,0
12699,74028,66342,86727,79041,140370,1
62372,70971,42209,133343,104581,113180,1
68982,76709,78168,145691,147150,154877,1
2092,58985,22871,61077,24963,81856,0
56711,13872,52744,70583,109455,66616,1
61759,92986,52086,154745,113845,145072,1
73934,82534,12738,156468,86672,95272,1
60747,19019,71925,79766,132672,90944,1
70310,43541,57732,113851,128042,101273,1
44345,26823,73629,71168,117974,100452,0
31385,1962,49517,33347,80902,51479,0
66029,79457,44722,145486,110751,124179,1
74616,57314,11569,131930,86185,68883,0
65106,22793,65997,87899,131103,88790,1
31028,67867,95217,98895,126245,163084,1
36052,99586,81016,135638,117068,180602,1
68595,9556,27325,78151,95920,36881,0
4695,5647,48050,10342,52745,53697,0
53129,22071,56362,75200,109491,78433,1
76368,5181,86546,81549,162914,91727,0
17040,62585,8056,79625,25096,70641,0
5530,83522,67047,89052,72577,150569,0
71430,59671,6692,131101,78122,66363,0
69395,99069,85878,168464,155273,184947,1
48506,40955,77947,89461,126453,118902,1
3697,46508,61169,50205,64866,107677,0
80639,58455,74197,139094,154836,132652,1
56045,51040,61971,107085,118016,113011,1
87260,64243,74274,151503,161534,138517,1
82867,22088,49479,104955,132346,71567,0
82039,7716,76278,89755,158317,83994,1
76931,6977,12237,83908,89168,19214,0
60461,88522,79071,148983,139532,167593,1
56671,28724,18105,85395,74776,46829,0
31623,6412,31566,38035,63189,37978,1
83737,6809,22894,90546,106631,29703,0
99569,15995,91761,115564,191330,107756,1
76857,29853,46404,106710,123261,76257,0
27652,19856,85978,47508,113630,105834,0
89520,72826,33220,162346,122740,106046,1
42133,44309,36181,86442,78314,80490,1
20477,73374,77845,93851,98322,151219,1
99618,12217,68104,111835,167722,80321,0
7824,12183,5309,20007,13133,17492,1
2636,19396,79084,22032,81720,98480,0
17964,59946,92283,77910,110247,152229,0
53808,87058,9851,140866,63659,96909,0
54739,12809,64255,67548,118994,77064,1
49470,42691,12948,92161,62418,55639,1
89868,23328,75273,113196,165141,98601,1
41951,95159,71481,137110,113432,166640,1
84569,9853,63660,94422,148229,73513,0
8406,56286,49185,64692,57591,105471,1
95536,69802,91432,165338,186968,161234,1
6942,65420,89859,72362,96801,155279,0
71959,8487,14428,80446,86387,22915,0
91636,98230,41625,189866,133261,139855,1
65413,26605,92460,92018,157873,119065,0
63337,25075,52325,88412,115662,77400,1
32000,77427,5636,109427,37636,83063,0
11053,79330,34704,90383,45757,114034,0
83181,26728,17509,109909,100690,44237,0
93145,45604,46241,138749,139386,91845,0
75119,72667,56971,147786,132090,129638,1
22250,47610,28692,69860,50942,76302,1
24606,34309,99678,58915,124284,133987,0
60322,20083,38135,80405,98457,58218,0
25529,33968,31879,59497,57408,65847,1
62015,15283,95583,77298,157598,110866,0
70321,4973,56656,75294,126977,61629,0
26365,13916,63094,40281,89459,77010,0
59050,20782,70264,79832,129314,91046,1
18485,90176,97495,108661,115980,187671,1
59338,83272,68263,142610,127601,151535,1
11650,28980,44910,40630,56560,73890,0
99352,6823,20135,106175,119487,26958,0
6350,95170,53832,101520,60182,149002,0
57416,64748,3696,122164,61112,68444,0
43317,90423,74849,133740,118166,165272,1
87438,50057,24828,137495,112266,74885,0
35564,93386,68275,128950,103839,161661,1
2647,86920,90691,89567,93338,177611,0
87431,3190,73173,90621,160604,76363,0
84301,3958,92354,88259,176655,96312,0
61652,26751,47905,88403,109557,74656,1
61168,42954,72594,104122,133762,115548,1
46429,37019,20986,83448,67415,58005,1
48749,22575,27822,71324,76571,50397,1
60713,96980,73127,157693,133840,170107,1
1424,61354,59914,62778,61338,121268,0
82411,61590,1415,144001,83826,63005,0
88813,4494,50101,93307,138914,54595,0
20625,7468,54812,28093,75437,62280,0
99154,94423,11745,193577,110899,106168,1
37322,53175,85872,90497,123194,139047,1
44514,169,49504,44683,94018,49673,0
11612,3461,5917,15073,17529,9378,0
32575,89650,53149,122225,85724,142799,0
25968,66146,52864,92114,78832,119010,1
26471,31640,46053,58111,72524,77693,1
66820,33920,81309,100740,148129,115229,1
35504,96963,75708,132467,111212,172671,1
67023,31498,12586,98521,79609,44084,0
66238,65595,26053,131833,92291,91648,1
97999,83679,98011,181678,196010,181690,1
85545,47055,84738,132600,170283,131793,1
55807,78808,71874,134615,127681,150682,1
43468,50198,56458,93666,99926,106656,1
71154,50305,8731,121459,79885,59036,0
67423,96395,65600,163818,133023,161995,1
49290,38508,65512,87798,114802,104020,1
82821,75324,30902,158145,113723,106226,1
41775,80718,58457,122493,100232,139175,1
26580,55899,36960,82479,63540,92859,1
82527,65909,34738,148436,117265,100647,1
12271,16883,76427,29154,88698,93310,0
71003,10451,13349,81454,84352,23800,0
69172,99539,85150,168711,154322,184689,1
58265,3024,14150,61289,72415,17174,0
54840,88427,90985,143267,145825,179412,1
93029,9139,5170,102168,98199,14309,0
59944,23707,76724,83651,136668,100431,1
34630,17730,51713,52360,86343,69443,1
61081,90783,8202,151864,69283,98985,0
85730,46747,77108,132477,162838,123855,1
17247,36299,90155,53546,107402,126454,0
71556,68710,84207,140266,155763,152917,1
7519,7590,11375,15109,18894,18965,1
32238,34000,87381,66238,119619,121381,0
62647,66091,10352,128738,72999,76443,1
7342,27890,91909,35232,99251,119799,0
13914,42799,85653,56713,99567,128452,0
75269,57465,85628,132734,160897,143093,1
42858,9358,91930,52216,134788,101288,0
6206,262,70922,6468,77128,71184,0
6026,20118,50322,26144,56348,70440,0
95138,95396,70446,190534,165584,165842,1
31636,347,40792,31983,72428,41139,0
82852,89001,53030,171853,135882,142031,1
28383,30112,53705,58495,82088,83817,1
23288,52857,88643,76145,111931,141500,0
61775,2872,88201,64647,149976,91073,0
68639,54475,67451,123114,136090,121926,1
39053,82915,39572,121968,78625,122487,0
49752,78372,12465,128124,62217,90837,0
90843,85137,30514,175980,121357,115651,1
36812,79162,17186,115974,53998,96348,0
46075,29335,52379,75410,98454,81714,1
51981,3088,88757,55069,140738,91845,0
25492,94824,96842,120316,122334,191666,1
43357,54690,22911,98047,66268,77601,1
27063,40724,26997,67787,54060,67721,1
3486,9402,37921,12888,41407,47323,0
66351,72968,73179,139319,139530,146147,1
64978,74487,56131,139465,121109,130618,1
21746,13784,8325,35530,30071,22109,1
91215,57915,2303,149130,93518,60218,0
26410,93062,72905,119472,99315,165967,1
92226,83036,99305,175262,191531,182341,1
39982,30882,657,70864,40639,31539,0
15142,55752,69128,70894,84270,124880,1
4099,56559,89771,60658,93870,146330,0
43411,22447,68274,65858,111685,90721,0
36577,14958,46113,51535,82690,61071,1
6339,25259,91442,31598,97781,116701,0
59226,56332,1962,115558,61188,58294,0
77531,98912,17773,176443,95304,116685,0
99822,14072,56147,113894,155969,70219,0
98214,14724,49184,112938,147398,63908,0
47139,87772,19306,134911,66445,107078,0
42839,79639,75871,122478,118710,155510,1
47830,18566,20133,66396,67963,38699,0
49973,23593,48194,73566,98167,71787,1
85818,59764,14590,145582,100408,74354,0
18373,52273,31284,70646,49657,83557,0
49085,16277,36900,65362,85985,53177,1
58799,41164,56388,99963,115187,97552,1
18718,77181,20158,95899,38876,97339,0
5278,12557,50542,17835,55820,63099,0
91855,86604,56736,178459,148591,143340,1
3061,35812,90374,38873,93435,126186,0
21921,93319,47070,115240,68991,140389,0
95880,38921,50877,134801,146757,89798,0
40076,88921,76011,128997,116087,164932,1
74551,98907,56659,173458,131210,155566,1
26832,71984,74866,98816,101698,146850,1
33244,57581,8722,90825,41966,66303,0
19637,86162,43193,105799,62830,129355,0
94218,3482,2641,97700,96859,6123,0
34444,24051,24351,58495,58795,48402,1
1671,78645,31571,80316,33242,110216,0
17195,50656,29336,67851,46531,79992,0
11204,38672,89027,49876,100231,127699,0
51808,6296,6461,58104,58269,12757,0
26996,27759,79181,54755,106177,106940,0
39663,31786,18254,71449,57917,50040,1
21798,22385,8410,44183,30208,30795,1
49477,46924,81787,96401,131264,128711,1
94447,84033,47056,178480,141503,131089,1
90698,116,4291,90814,94989,4407,0
32594,37037,97665,69631,130259,134702,0
93676,52688,75028,146364,168704,127716,1
16436,13859,75336,30295,91772,89195,0
38046,68149,4420,106195,42466,72569,0
68856,66193,95922,135049,164778,162115,1
11882,93562,84343,105444,96225,177905,1
38472,19125,1991,57597,40463,21116,0
48700,79834,2048,128534,50748,81882,0
79363,11304,80040,90667,159403,91344,1
17047,19726,74516,36773,91563,94242,0
99072,77012,66893,176084,165965,143905,1
67012,58665,62896,125677,129908,121561,1
49852,78173,85303,128025,135155,163476,1
85133,70749,75473,155882,160606,146222,1
5718,41278,4628,46996,10346,45906,0
54826,74895,54580,129721,109406,129475,1
67128,30616,85091,97744,152219,115707,1
12898,24513,55442,37411,68340,79955,0
75066,68055,33721,143121,108787,101776,1
24574,52883,62275,77457,86849,115158,1
1417,17916,57825,19333,59242,75741,0
776,72562,89459,73338,90235,162021,0
67884,25951,800,93835,68684,26751,0
32080,26918,58347,58998,90427,85265,1
13169,82033,77077,95202,90246,159110,1
922,30834,68224,31756,69146,99058,0
49920,56935,58243,106855,108163,115178,1
31726,18189,95206,49915,126932,113395,0
44275,88420,76338,132695,120613,164758,1
97386,71025,8894,168411,106280,79919,0
5969,86786,45538,92755,51507,132324,0
18733,66271,12501,85004,31234,78772,0
10944,49165,39415,60109,50359,88580,1
49623,99167,69197,148790,118820,168364,1
60111,96319,51232,156430,111343,147551,1
42609,67714,25385,110323,67994,93099,1
89797,10175,1632,99972,91429,11807,0
69221,23830,34085,93051,103306,57915,0
3273,87710,11400,90983,14673,99110,0
84544,32953,2313,117497,86857,35266,0
23690,11055,66008,34745,89698,77063,0
23109,45860,76092,68969,99201,121952,0
42709,27717,79672,70426,122381,107389,0
26466,11088,40204,37554,66670,51292,0
78602,21934,43061,100536,121663,64995,0
24298,59092,80615,83390,104913,139707,1
76981,55889,35189,132870,112170,91078,1
12091,46929,94000,59020,106091,140929,0
83499,14248,15056,97747,98555,29304,0
77203,34865,40336,112068,117539,75201,0
78909,36684,2703,115593,81612,39387,0
56116,17694,39488,73810,95604,57182,1
61717,28224,24259,89941,85976,52483,0
86918,12703,6466,99621,93384,19169,0
15676,31152,49712,46828,65388,80864,0
95762,60899,8985,156661,104747,69884,0
69601,48534,41676,118135,111277,90210,1
94132,37571,32649,131703,126781,70220,0
13870,63566,99353,77436,113223,162919,0
66569,92482,75159,159051,141728,167641,1
55520,36118,99659,91638,155179,135777,0
82223,66784,93018,149007,175241,159802,1
33858,48474,37481,82332,71339,85955,1
82272,34212,12109,116484,94381,46321,0
75678,95269,25798,170947,101476,121067,1
87538,84330,6712,171868,94250,91042,1
99142,92820,27709,191962,126851,120529,1
81962,51917,21722,133879,103684,73639,0
29011,54622,28840,83633,57851,83462,1
63236,39556,59014,102792,122250,98570,1
67513,28969,29231,96482,96744,58200,0
62562,98404,69909,160966,132471,168313,1
8163,81977,14037,90140,22200,96014,0
13102,87770,25700,100872,38802,113470,0
82832,70648,70995,153480,153827,141643,1
24478,97498,98706,121976,123184,196204,1
83268,80538,78233,163806,161501,158771,1
12846,71997,33569,84843,46415,105566,0
91862,93384,25776,185246,117638,119160,1
62364,82906,7730,145270,70094,90636,0
51011,77180,72755,128191,123766,149935,1
25443,77394,29746,102837,55189,107140,0
55394,9977,32445,65371,87839,42422,0
15345,16791,14696,32136,30041,31487,1
45008,68107,89269,113115,134277,157376,1
51535,19314,26303,70849,77838,45617,0
46019,58550,39308,104569,85327,97858,1
71478,54203,50319,125681,121797,104522,1
29313,57232,2953,86545,32266,60185,0
46553,18385,28102,64938,74655,46487,0
61146,79381,61716,140527,122862,141097,1
74886,23201,14415,98087,89301,37616,0
3948,36985,64045,40933,67993,101030,0
64678,8077,14941,72755,79619,23018,0
77438,74121,41087,151559,118525,115208,1
38203,60056,91857,98259,130060,151913,1
45710,31731,71778,77441,117488,103509,1
38067,7771,59756,45838,97823,67527,0
67242,14093,98216,81335,165458,112309,0
25999,94700,6957,120699,32956,101657,0
34680,526,19591,35206,54271,20117,0
13301,87765,35934,101066,49235,123699,0
88709,85427,48120,174136,136829,133547,1
7943,29653,45775,37596,53718,75428,0
31509,8051,26591,39560,58100,34642,1
89307,33427,84952,122734,174259,118379,1
64267,67268,77476,131535,141743,144744,1
61129,79900,74603,141029,135732,154503,1
8484,84268,61922,92752,70406,146190,0
30362,34996,61033,65358,91395,96029,1
51958,84697,13842,136655,65800,98539,0
65131,85960,20162,151091,85293,106122,0
59277,95102,21086,154379,80363,116188,0
54088,41766,10795,95854,64883,52561,0
79946,22659,62301,102605,142247,84960,1
39373,96457,92627,135830,132000,189084,1
7636,15371,62450,23007,70086,77821,0
13825,15717,21507,29542,35332,37224,1
26167,82714,87263,108881,113430,169977,1
68630,92895,42050,161525,110680,134945,1
18505,76220,80093,94725,98598,156313,1
20051,34577,83968,54628,104019,118545,0
42001,39845,56612,81846,98613,96457,1
9538,40836,43805,50374,53343,84641,1
31364,14508,46724,45872,78088,61232,0
3128,884,97816,4012,100944,98700,0
57006,41328,7498,98334,64504,48826,0
64996,44323,451,109319,65447,44774,0
43632,66281,81298,109913,124930,147579,1
61894,67805,71572,129699,133466,139377,1
44079,69788,31313,113867,75392,101101,1
99665,30973,8797,130638,108462,39770,0
10048,83365,33285,93413,43333,116650,0
86963,19013,46294,105976,133257,65307,0
63466,80568,32942,144034,96408,113510,1
63916,36949,68169,100865,132085,105118,1
50308,22808,98761,73116,149069,121569,0
26711,55973,5456,82684,32167,61429,0
84318,21166,12499,105484,96817,33665,0
4623,98778,98499,103401,103122,197277,1
75713,18595,71991,94308,147704,90586,1
51953,80233,76875,132186,128828,157108,1
31043,77518,51045,108561,82088,128563,1
87716,1639,87307,89355,175023,88946,1
92656,32779,29564,125435,122220,62343,0
71741,29218,73915,100959,145656,103133,1
67898,88134,41185,156032,109083,129319,1
86473,66651,49659,153124,136132,116310,1
44945,83346,68988,128291,113933,152334,1
82268,85305,28910,167573,111178,114215,1
1574,5710,3798,7284,5372,9508,0
47547,77849,53006,125396,100553,130855,1
96136,95087,79990,191223,176126,175077,1
31545,92619,62564,124164,94109,155183,1
88376,54483,68340,142859,156716,122823,1
52692,5437,29718,58129,82410,35155,0
65630,88209,24548,153839,90178,112757,1
77914,81701,74148,159615,152062,155849,1
46463,4140,86849,50603,133312,90989,0
8408,27490,8318,35898,16726,35808,0
36963,27669,46633,64632,83596,74302,1
68314,74924,13289,143238,81603,88213,1
24556,38933,90648,63489,115204,129581,0
5146,49264,48833,54410,53979,98097,1
71552,16549,27705,88101,99257,44254,0
88331,93678,33837,182009,122168,127515,1
24792,98543,67140,123335,91932,165683,0
57801,57028,85321,114829,143122,142349,1
59652,25536,90433,85188,150085,115969,0
86682,95859,91914,182541,178596,187773,1
51168,90033,93255,141201,144423,183288,1
58457,57445,49250,115902,107707,106695,1
20594,60141,4687,80735,25281,64828,0
53179,38520,42666,91699,95845,81186,1
31898,68966,85836,100864,117734,154802,1
62704,2267,42934,64971,105638,45201,0
75155,48853,49094,124008,124249,97947,1
38520,73964,90487,112484,129007,164451,1
4693,63427,13427,68120,18120,76854,0
49750,88610,68934,138360,118684,157544,1
46405,22550,45865,68955,92270,68415,1
23877,47207,16232,71084,40109,63439,0
35514,51142,87724,86656,123238,138866,0
85554,75209,23471,160763,109025,98680,1
49850,78100,31337,127950,81187,109437,1
56667,16988,90179,73655,146846,107167,0
24238,81102,65750,105340,89988,146852,1
61454,94116,22320,155570,83774,116436,0
46927,81939,76499,128866,123426,158438,1
61940,59552,65238,121492,127178,124790,1
83702,41795,28140,125497,111842,69935,0
4439,40921,21005,45360,25444,61926,0
28901,98070,41025,126971,69926,139095,0
17727,72240,72459,89967,90186,144699,1
35532,75616,1061,111148,36593,76677,0
21733,42894,25326,64627,47059,68220,1
89775,40803,79454,130578,169229,120257,1
94079,54545,94438,148624,188517,148983,1
1058,50210,25685,51268,26743,75895,0
52900,30631,2456,83531,55356,33087,0
30151,66770,92166,96921,122317,158936,1
35791,7167,77716,42958,113507,84883,0
43167,70209,77060,113376,120227,147269,1
8908,91190,19169,100098,28077,110359,0
58980,8438,74211,67418,133191,82649,0
38944,93778,73136,132722,112080,166914,1
74722,16324,45547,91046,120269,61871,0
22452,53214,25461,75666,47913,78675,0
35480,72982,31856,108462,67336,104838,0
34167,24368,50851,58535,85018,75219,1
56639,62356,51996,118995,108635,114352,1
85612,71499,94814,157111,180426,166313,1
29150,28187,80731,57337,109881,108918,0
22908,32793,20555,55701,43463,53348,1
83851,78102,97770,161953,181621,175872,1
4704,281,37067,4985,41771,37348,0
58370,24512,38255,82882,96625,62767,1
7981,80816,4236,88797,12217,85052,0
64082,62569,90745,126651,154827,153314,1
24038,15165,62119,39203,86157,77284,0
34362,1767,67661,36129,102023,69428,0
50744,52596,34697,103340,85441,87293,1
92053,18484,17331,110537,109384,35815,0
56321,54681,24763,111002,81084,79444,1
67298,91191,73441,158489,140739,164632,1
76082,34865,24611,110947,100693,59476,0
93204,39026,39880,132230,133084,78906,0
35611,78634,72875,114245,108486,151509,1
44101,96424,28691,140525,72792,125115,0
72240,5857,37367,78097,109607,43224,0
89683,65387,68105,155070,157788,133492,1
19111,23904,21278,43015,40389,45182,1
4243,45064,406,49307,4649,45470,0
3266,55811,66269,59077,69535,122080,0
90419,66542,14463,156961,104882,81005,0
30397,27736,92759,58133,123156,120495,0
38974,49582,35391,88556,74365,84973,1
4241,42057,84978,46298,89219,127035,0
14896,78790,77331,93686,92227,156121,1
59758,83010,11321,142768,71079,94331,0
12498,93033,4029,105531,16527,97062,0
13990,18092,95150,32082,109140,113242,0
95984,54078,96867,150062,192851,150945,1
3203,26217,75092,29420,78295,101309,0
1684,69047,36372,70731,38056,105419,0
92660,3777,35330,96437,127990,39107,0
14956,31746,5945,46702,20901,37691,0
28968,99111,11919,128079,40887,111030,0
41170,26207,7661,67377,48831,33868,0
65639,17397,58419,83036,124058,75816,1
58994,56889,34894,115883,93888,91783,1
54777,27997,90632,82774,145409,118629,0
61955,65530,37473,127485,99428,103003,1
38671,22960,10332,61631,49003,33292,0
81168,31295,41023,112463,122191,72318,0
47474,26606,5721,74080,53195,32327,0
26752,76937,79773,103689,106525,156710,1
48157,92626,23187,140783,71344,115813,0
56324,18119,11431,74443,67755,29550,0
51429,27276,80481,78705,131910,107757,0
88065,21517,2453,109582,90518,23970,0
65327,4902,56650,70229,121977,61552,0
9429,82585,58957,92014,68386,141542,0
76644,17400,36895,94044,113539,54295,0
59296,87087,78467,146383,137763,165554,1
1362,84014,23541,85376,24903,107555,0
2694,72406,29900,75100,32594,102306,0
2971,3084,44786,6055,47757,47870,0
12218,78029,94423,90247,106641,172452,0
39115,71006,68441,110121,107556,139447,1
4642,1282,24686,5924,29328,25968,0
41339,69933,55524,111272,96863,125457,1
44693,28077,64379,72770,109072,92456,1
36783,44001,28720,80784,65503,72721,1
43785,36395,27778,80180,71563,64173,1
9637,6016,32640,15653,42277,38656,0
76226,42922,86818,119148,163044,129740,1
33326,64522,77282,97848,110608,141804,1
52520,30435,92016,82955,144536,122451,0
27007,55248,74577,82255,101584,129825,1
80000,47970,19225,127970,99225,67195,0
36182,583,9608,36765,45790,10191,0
62349,33399,91737,95748,154086,125136,1
63586,20503,60446,84089,124032,80949,1
12061,14226,30675,26287,42736,44901,0
17825,84154,1706,101979,19531,85860,0
89795,63309,83815,153104,173610,147124,1
91309,38458,15437,129767,106746,53895,0
87358,76904,67219,164262,154577,144123,1
27929,49714,6238,77643,34167,55952,0
38354,72298,77990,110652,116344,150288,1
91333,66570,95969,157903,187302,162539,1
2254,60917,70219,63171,72473,131136,0
74271,49741,28752,124012,103023,78493,1
9727,94156,16490,103883,26217,110646,0
2844,1576,75492,4420,78336,77068,0
96156,75699,81484,171855,177640,157183,1
50259,25559,71271,75818,121530,96830,1
2227,97436,57266,99663,59493,154702,0
11985,45006,66198,56991,78183,111204,0
4405,45999,94643,50404,99048,140642,0
70841,38099,39697,108940,110538,77796,1
39792,31618,40384,71410,80176,72002,1
36955,952,8664,37907,45619,9616,0
58459,80356,97761,138815,156220,178117,1
76620,75900,33088,152520,109708,108988,1
39080,44733,71186,83813,110266,115919,1
41939,50888,65302,92827,107241,116190,1
42162,91723,37943,133885,80105,129666,0
27038,57494,3580,84532,30618,61074,0
45258,94342,17812,139600,63070,112154,0
72604,84940,36166,157544,108770,121106,1
78410,55376,1664,133786,80074,57040,0
89590,46331,44519,135921,134109,90850,1
96035,71827,18195,167862,114230,90022,0
85957,84563,50581,170520,136538,135144,1
30114,68943,55742,99057,85856,124685,1
13573,90447,72360,104020,85933,162807,0
9032,67033,68466,76065,77498,135499,1
20525,75919,7575,96444,28100,83494,0
1980,25145,28117,27125,30097,53262,0
66325,61169,19284,127494,85609,80453,1
4846,34804,27124,39650,31970,61928,0
78502,45568,48313,124070,126815,93881,1
11604,70954,43810,82558,55414,114764,0
75180,27102,4194,102282,79374,31296,0
6118,84073,2030,90191,8148,86103,0
6799,78411,25822,85210,32621,104233,0
17040,9659,43874,26699,60914,53533,0
65911,69095,11817,135006,77728,80912,1
31225,33251,32970,64476,64195,66221,1
15547,98472,64894,114019,80441,163366,0
47507,54996,2950,102503,50457,57946,0
52194,6729,43546,58923,95740,50275,0
67006,99704,64199,166710,131205,163903,1
50694,71862,35344,122556,86038,107206,1
21400,2129,54043,23529,75443,56172,0
94909,41781,96747,136690,191656,138528,1
9881,40248,56968,50129,66849,97216,0
42146,45118,66299,87264,108445,111417,1
95162,18285,42986,113447,138148,61271,0
28486,33098,59429,61584,87915,92527,1
20359,69447,78183,89806,98542,147630,1
71338,22212,57918,93550,129256,80130,1
95590,48000,37220,143590,132810,85220,0
61027,87798,56138,148825,117165,143936,1
52677,92207,47502,144884,100179,139709,1
31427,24189,94915,55616,126342,119104,0
48220,1087,15573,49307,63793,16660,0
77276,65934,16247,143210,93523,82181,1
19090,66234,64161,85324,83251,130395,1
40007,64144,6248,104151,46255,70392,0
30660,12762,86804,43422,117464,99566,0
49010,97564,81953,146574,130963,179517,1
88584,16276,61086,104860,149670,77362,0
93813,78288,23597,172101,117410,101885,1
2700,73074,11219,75774,13919,84293,0
82654,57683,84770,140337,167424,142453,1
1587,84005,96687,85592,98274,180692,0
18989,16533,82636,35522,101625,99169,0
31719,37727,66503,69446,98222,104230,1
56976,83485,40850,140461,97826,124335,1
31206,74823,28921,106029,60127,103744,0
82574,72377,66415,154951,148989,138792,1
14389,63982,14601,78371,28990,78583,0
85203,19861,68204,105064,153407,88065,1
62863,5766,38076,68629,100939,43842,0
74657,31260,3535,105917,78192,34795,0
81119,11031,78699,92150,159818,89730,1
31118,74067,2169,105185,33287,76236,0
12261,7575,98633,19836,110894,106208,0
1092,7651,23625,8743,24717,31276,0
77093,37594,49253,114687,126346,86847,1
92922,57051,85248,149973,178170,142299,1
75428,48737,79232,124165,154660,127969,1
20364,717,9711,21081,30075,10428,0
98214,92210,33104,190424,131318,125314,1
44590,56736,18660,101326,63250,75396,1
93204,16605,89900,109809,183104,106505,1
17447,39402,87309,56849,104756,126711,0
26242,54759,37367,81001,63609,92126,1
19691,83360,5495,103051,25186,88855,0
46459,37983,96873,84442,143332,134856,0
37347,87258,53096,124605,90443,140354,1
58033,84454,43925,142487,101958,128379,1
5258,38349,82479,43607,87737,120828,0
47241,12581,23522,59822,70763,36103,0
64108,1224,11531,65332,75639,12755,0
9747,9241,89733,18988,99480,98974,0
45766,26229,79981,71995,125747,106210,0
80118,61639,18536,141757,98654,80175,1
86385,62384,90263,148769,176648,152647,1
52083,60791,84829,112874,136912,145620,1
95721,47598,76438,143319,172159,124036,1
47626,88343,50467,135969,98093,138810,1
66764,90511,90252,157275,157016,180763,1
23037,98902,820,121939,23857,99722,0
20328,55047,99118,75375,119446,154165,0
32460,29586,79704,62046,112164,109290,0
52711,76820,29951,129531,82662,106771,1
52114,96827,46423,148941,98537,143250,1
52955,15037,16351,67992,69306,31388,0
17010,87788,41491,104798,58501,129279,0
68233,91132,56544,159365,124777,147676,1
58193,7936,1101,66129,59294,9037,0
90281,88538,68636,178819,158917,157174,1
26425,3909,33648,30334,60073,37557,0
98500,48162,23551,146662,122051,71713,0
92715,7336,2827,100051,95542,10163,0
44886,23924,31575,68810,76461,55499,1
89584,49179,13615,138763,103199,62794,0
11336,59794,9673,71130,21009,69467,0
18292,41490,37461,59782,55753,78951,1
77425,99466,64030,176891,141455,163496,1
35506,73640,74244,109146,109750,147884,1
95646,93083,37489,188729,133135,130572,1
41445,28061,13228,69506,54673,41289,0
94922,31538,25608,126460,120530,57146,0
63767,34883,44866,98650,108633,79749,1
37219,22259,11242,59478,48461,33501,0
60224,74435,21668,134659,81892,96103,1
29132,80264,7906,109396,37038,88170,0
38405,4319,43486,42724,81891,47805,0
59783,99438,92207,159221,151990,191645,1
81555,74273,6626,155828,88181,80899,0
81692,83499,13553,165191,95245,97052,1
44937,9974,82371,54911,127308,92345,0
56475,92124,90013,148599,146488,182137,1
28213,71818,28103,100031,56316,99921,0
60849,33046,39488,93895,100337,72534,1
94877,87253,65977,182130,160854,153230,1
1750,87603,13339,89353,15089,100942,0
86453,17280,18370,103733,104823,35650,0
62145,25625,90244,87770,152389,115869,0
24967,13797,2290,38764,27257,16087,0
31469,66426,97435,97895,128904,163861,1
41295,36696,96093,77991,137388,132789,0
31109,85184,39998,116293,71107,125182,0
67842,94138,1809,161980,69651,95947,0
41111,49169,68905,90280,110016,118074,1
81343,29922,86708,111265,168051,116630,1
31750,28095,9459,59845,41209,37554,1
63732,78290,12665,142022,76397,90955,0
17805,92406,70663,110211,88468,163069,0
23509,59960,58460,83469,81969,118420,1
15217,91082,17975,106299,33192,109057,0
87079,75980,12578,163059,99657,88558,1
13738,97061,58745,110799,72483,155806,0
44840,15924,34822,60764,79662,50746,1
98451,94252,91184,192703,189635,185436,1
42070,52368,17944,94438,60014,70312,1
13435,21890,16330,35325,29765,38220,1
17004,96568,10853,113572,27857,107421,0
4888,68465,4595,73353,9483,73060,0
7168,34220,73312,41388,80480,107532,0
35506,8482,17765,43988,53271,26247,0
5162,14376,44901,19538,50063,59277,0
43208,24246,28424,67454,71632,52670,1
80042,68874,22672,148916,102714,91546,1
87689,43677,82068,131366,169757,125745,1
3283,68555,58052,71838,61335,126607,0
91539,75440,31152,166979,122691,106592,1
57957,99339,67280,157296,125237,166619,1
33707,49475,21977,83182,55684,71452,1
24483,89369,30838,113852,55321,120207,0
33300,24120,64811,57420,98111,88931,0
63730,83310,44409,147040,108139,127719,1
87799,6350,37268,94149,125067,43618,0
60280,17846,91295,78126,151575,109141,0
23270,53643,59805,76913,83075,113448,1
54250,69070,12486,123320,66736,81556,0
80222,15982,2638,96204,82860,18620,0
19923,7399,31243,27322,51166,38642,0
83179,79464,85524,162643,168703,164988,1
44313,74221,2727,118534,47040,76948,0
22421,6537,625,28958,23046,7162,0
1527,53241,64044,54768,65571,117285,0
94429,95763,95381,190192,189810,191144,1
5850,79499,95703,85349,101553,175202,0
91939,88259,48773,180198,140712,137032,1
6422,51715,52760,58137,59182,104475,1
82590,16264,48124,98854,130714,64388,0
33028,22534,6279,55562,39307,28813,0
75268,289,2245,75557,77513,2534,0
35065,62081,17256,97146,52321,79337,0
33733,33205,90761,66938,124494,123966,0
16885,53648,60484,70533,77369,114132,1
24095,12231,61158,36326,85253,73389,0
96151,68749,84821,164900,180972,153570,1
16300,82548,66293,98848,82593,148841,1
8429,78507,86898,86936,95327,165405,1
8209,68907,31474,77116,39683,100381,0
64110,60245,12861,124355,76971,73106,1
29499,49624,85013,79123,114512,134637,0
47500,67539,49041,115039,96541,116580,1
17613,18252,37671,35865,55284,55923,0
49121,82067,69921,131188,119042,151988,1
64010,47137,80935,111147,144945,128072,1
71361,96531,57565,167892,128926,154096,1
2828,67145,85137,69973,87965,152282,0
68277,22271,10472,90548,78749,32743,0
19014,34729,27169,53743,46183,61898,1
55680,380,63767,56060,119447,64147,0
84860,15063,96515,99923,181375,111578,1
22755,30632,80924,53387,103679,111556,0
18384,58068,22055,76452,40439,80123,0
41914,88324,28271,130238,70185,116595,0
7172,92180,73230,99352,80402,165410,0
25747,943,19442,26690,45189,20385,0
22522,10292,88598,32814,111120,98890,0
95619,84236,68314,179855,163933,152550,1
77108,53212,34960,130320,112068,88172,1
32286,76020,85493,108306,117779,161513,1
77093,18809,89121,95902,166214,107930,1
95694,69784,10888,165478,106582,80672,0
23400,92942,66697,116342,90097,159639,0
63273,81895,29343,145168,92616,111238,1
27482,23948,30093,51430,57575,54041,1
15115,44301,61341,59416,76456,105642,0
61826,118,1176,61944,63002,1294,0
92603,24817,94984,117420,187587,119801,1
54968,42657,56939,97625,111907,99596,1
11121,10727,88823,21848,99944,99550,0
29883,951,98423,30834,128306,99374,0
92660,22845,60558,115505,153218,83403,0
24962,25861,73760,50823,98722,99621,0
79251,80199,15400,159450,94651,95599,1
88718,96854,85521,185572,174239,182375,1
21926,55403,69329,77329,91255,124732,1
49992,13940,9501,63932,59493,23441,0
1574,19424,8954,20998,10528,28378,0
89535,77660,73183,167195,162718,150843,1
19028,6459,66051,25487,85079,72510,0
25436,8384,97505,33820,122941,105889,0
15612,91384,73273,106996,88885,164657,0
41038,3995,42946,45033,83984,46941,1
3344,73100,87152,76444,90496,160252,0
52275,54191,42151,106466,94426,96342,1
10208,52234,8277,62442,18485,60511,0
32168,61246,43594,93414,75762,104840,1
93636,38022,80119,131658,173755,118141,1
12718,9738,93049,22456,105767,102787,0
55075,74232,50558,129307,105633,124790,1
8914,9705,119,18619,9033,9824,0
22835,52814,19667,75649,42502,72481,0
63024,38885,16501,101909,79525,55386,0
72478,44253,14307,116731,86785,58560,0
9502,80788,42134,90290,51636,122922,0
20775,27935,23833,48710,44608,51768,1
70880,99113,84006,169993,154886,183119,1
74099,96074,83044,170173,157143,179118,1
67118,2876,6592,69994,73710,9468,0
49517,78129,9061,127646,58578,87190,0
14061,3035,77957,17096,92018,80992,0
86104,39142,41402,125246,127506,80544,0
27106,22055,51110,49161,78216,73165,0
94395,52603,47840,146998,142235,100443,1
43088,99212,19554,142300,62642,118766,0
61999,71234,90103,133233,152102,161337,1
34491,31892,92013,66383,126504,123905,0
3478,59134,60512,62612,63990,119646,1
33825,34172,62271,67997,96096,96443,1
14003,30863,36480,44866,50483,67343,1
5679,23820,83226,29499,88905,107046,0
33363,63157,68875,96520,102238,132032,1
25550,72248,63517,97798,89067,135765,1
92552,81128,63090,173680,155642,144218,1
88309,62458,17274,150767,105583,79732,0
51484,61771,57668,113255,109152,119439,1
664,41600,72114,42264,72778,113714,0
99615,88820,40215,188435,139830,129035,1
73740,84915,10931,158655,84671,95846,0
17557,9993,13374,27550,30931,23367,1
68274,66818,71811,135092,140085,138629,1
92766,46514,19626,139280,112392,66140,0
47683,69787,86041,117470,133724,155828,1
65793,69528,48412,135321,114205,117940,1
96015,86307,75136,182322,171151,161443,1
54096,51172,82806,105268,136902,133978,1
44689,42065,11964,86754,56653,54029,1
72184,57767,11887,129951,84071,69654,0
27741,84696,6548,112437,34289,91244,0
12371,21881,97914,34252,110285,119795,0
6464,21819,30578,28283,37042,52397,0
31686,17083,4214,48769,35900,21297,0
65508,64999,21524,130507,87032,86523,1
53061,56284,81386,109345,134447,137670,1
49166,5723,50428,54889,99594,56151,1
58555,88160,59023,146715,117578,147183,1
52783,23375,73998,76158,126781,97373,1
28512,72843,74159,101355,102671,147002,1
47454,51894,68440,99348,115894,120334,1
7228,33162,22585,40390,29813,55747,0
68184,46905,46826,115089,115010,93731,1
8545,53576,69375,62121,77920,122951,0
57215,33434,77815,90649,135030,111249,1
1293,29340,23076,30633,24369,52416,0
87699,16045,56481,103744,144180,72526,0
62442,32858,57122,95300,119564,89980,1
2620,79018,30499,81638,33119,109517,0
23397,22990,17059,46387,40456,40049,1
8807,59302,44562,68109,53369,103864,0
74914,28066,75063,102980,149977,103129,1
73190,69705,85064,142895,158254,154769,1
77931,66905,44390,144836,122321,111295,1
13452,39506,35771,52958,49223,75277,1
98587,82386,72641,180973,171228,155027,1
81271,25992,78298,107263,159569,104290,1
50200,94313,19039,144513,69239,113352,0
30781,71349,5413,102130,36194,76762,0
21764,92145,40906,113909,62670,133051,0
92855,4439,10409,97294,103264,14848,0
90886,80163,14633,171049,105519,94796,1
25071,33044,98989,58115,124060,132033,0
5389,19808,33688,25197,39077,53496,0
58589,29494,94280,88083,152869,123774,0
87835,7301,96604,95136,184439,103905,0
55008,60265,12987,115273,67995,73252,1
93250,79304,38962,172554,132212,118266,1
21090,40094,66918,61184,88008,107012,0
91397,49044,89072,140441,180469,138116,1
66079,19698,86059,85777,152138,105757,0
50849,77678,38704,128527,89553,116382,1
22258,36966,43468,59224,65726,80434,1
87584,74700,12489,162284,100073,87189,0
54107,46000,58780,100107,112887,104780,1
28421,49227,77545,77648,105966,126772,1
23631,33566,92418,57197,116049,125984,0
34479,6316,2936,40795,37415,9252,0
34106,38623,74272,72729,108378,112895,0
11445,53860,97671,65305,109116,151531,0
15612,77124,5711,92736,21323,82835,0
81501,59084,76441,140585,157942,135525,1
68219,47726,81364,115945,149583,129090,1
51522,94378,33967,145900,85489,128345,0
66121,60493,10386,126614,76507,70879,1
42141,17736,53771,59877,95912,71507,1
43872,56147,44435,100019,88307,100582,1
70901,11782,70158,82683,141059,81940,1
6698,3344,24103,10042,30801,27447,0
16821,25435,36107,42256,52928,61542,1
58336,74542,91784,132878,150120,166326,1
84754,75953,4138,160707,88892,80091,0
9797,54495,72950,64292,82747,127445,0
31201,87725,69861,118926,101062,157586,1
27326,68429,29788,95755,57114,98217,0
30983,9164,73014,40147,103997,82178,0
34689,16463,95349,51152,130038,111812,0
95678,69655,79185,165333,174863,148840,1
66179,12174,68433,78353,134612,80607,1
52090,56255,67419,108345,119509,123674,1
76907,29843,30316,106750,107223,60159,0
26812,32229,25294,59041,52106,57523,1
60822,93583,57791,154405,118613,151374,1
10600,23035,84788,33635,95388,107823,0
49692,66034,17600,115726,67292,83634,1
63926,19890,35257,83816,99183,55147,0
21248,20392,57095,41640,78343,77487,0
77659,76821,45351,154480,123010,122172,1
8504,31828,20492,40332,28996,52320,0
71748,47010,74142,118758,145890,121152,1
9167,91524,27694,100691,36861,119218,0
71073,79717,40648,150790,111721,120365,1
5671,45533,67765,51204,73436,113298,0
51579,39194,23293,90773,74872,62487,1
80402,73736,45146,154138,125548,118882,1
51353,71940,11152,123293,62505,83092,0
7419,16478,47201,23897,54620,63679,0
74948,71151,24414,146099,99362,95565,1
77193,5278,73314,82471,150507,78592,1
41262,72892,53871,114154,95133,126763,1
21654,11594,87986,33248,109640,99580,0
69904,45500,20683,115404,90587,66183,0
73071,52307,65483,125378,138554,117790,1
20783,52706,81593,73489,102376,134299,0
37662,10641,95170,48303,132832,105811,0
68676,94102,60029,162778,128705,154131,1
87558,98179,13772,185737,101330,111951,1
22201,56942,53129,79143,75330,110071,1
51062,46690,29305,97752,80367,75995,1
71969,32329,40623,104298,112592,72952,1
5413,95305,55398,100718,60811,150703,0
23579,7619,22410,31198,45989,30029,1
80960,33210,44206,114170,125166,77416,0
14395,83152,44514,97547,58909,127666,0
85565,80198,80233,165763,165798,160431,1
16836,84024,7200,100860,24036,91224,0
93913,96432,59902,190345,153815,156334,1
72470,61921,40950,134391,113420,102871,1
66673,49091,69140,115764,135813,118231,1
75552,13584,65843,89136,141395,79427,1
26793,74117,34967,100910,61760,109084,0
992,97984,83325,98976,84317,181309,0
65138,32731,5108,97869,70246,37839,0
73148,84456,67620,157604,140768,152076,1
64705,16249,77040,80954,141745,93289,1
1720,40284,77744,42004,79464,118028,0
30315,91995,89816,122310,120131,181811,1
35934,98645,89600,134579,125534,188245,1
391,33396,32902,33787,33293,66298,0
62643,79963,68098,142606,130741,148061,1
8447,70504,34223,78951,42670,104727,0
61867,84099,95989,145966,157856,180088,1
7224,61852,41030,69076,48254,102882,0
29718,4344,35118,34062,64836,39462,0
66370,86450,9243,152820,75613,95693,0
7338,15637,37502,22975,44840,53139,0
72226,67144,4359,139370,76585,71503,0
2009,24415,1685,26424,3694,26100,0
56744,79399,57321,136143,114065,136720,1
20230,84636,1891,104866,22121,86527,0
62989,13554,35808,76543,98797,49362,0
68841,13004,87791,81845,156632,100795,0
31837,47218,3427,79055,35264,50645,0
44385,96442,49502,140827,93887,145944,0
46968,79847,72719,126815,119687,152566,1
92938,60633,62109,153571,155047,122742,1
67645,74352,57838,141997,125483,132190,1
98476,11795,77640,110271,176116,89435,0
76023,68964,23697,144987,99720,92661,1
44614,54930,58453,99544,103067,113383,1
97803,28977,84482,126780,182285,113459,1
47911,94808,6162,142719,54073,100970,0
57899,13884,50366,71783,108265,64250,1
11413,95738,34336,107151,45749,130074,0
57660,21683,51316,79343,108976,72999,1
45975,29348,34670,75323,80645,64018,1
95778,20229,23344,116007,119122,43573,0
85065,9011,29755,94076,114820,38766,0
558,75166,50241,75724,50799,125407,0
16210,37847,50828,54057,67038,88675,1
51167,83063,6210,134230,57377,89273,0
42087,21111,91085,63198,133172,112196,0
68818,98655,67964,167473,136782,166619,1
9709,64196,17219,73905,26928,81415,0
45351,53787,82340,99138,127691,136127,1
37248,44166,65893,81414,103141,110059,1
32423,40011,98724,72434,131147,138735,0
88137,65012,92087,153149,180224,157099,1
53956,51707,11619,105663,65575,63326,1
18151,62012,61248,80163,79399,123260,1
80059,39431,90029,119490,170088,129460,1
27233,49173,71228,76406,98461,120401,1
91161,89007,54134,180168,145295,143141,1
88436,80092,40129,168528,128565,120221,1
92208,56190,24154,148398,116362,80344,0
70101,13122,78031,83223,148132,91153,1
19384,74059,7649,93443,27033,81708,0
65009,11029,48147,76038,113156,59176,0
90592,22535,40360,113127,130952,62895,0
66513,27835,64015,94348,130528,91850,1
36794,20452,18111,57246,54905,38563,1
31762,21,95283,31783,127045,95304,0
27634,75254,89200,102888,116834,164454,1
85045,56259,80918,141304,165963,137177,1
97340,85250,85774,182590,183114,171024,1
18065,96790,34959,114855,53024,131749,0
61167,22601,6259,83768,67426,28860,0
66971,72723,499,139694,67470,73222,0
73841,74878,60610,148719,134451,135488,1
12413,79815,43177,92228,55590,122992,0
37206,3570,84262,40776,121468,87832,0
68940,982,17064,69922,86004,18046,0
4012,23632,53637,27644,57649,77269,0
98173,64287,30169,162460,128342,94456,0
23512,70830,52568,94342,76080,123398,1
43865,56059,90166,99924,134031,146225,1
7713,62931,42526,70644,50239,105457,0
25363,90324,35066,115687,60429,125390,0
67629,55581,17372,123210,85001,72953,1
11579,23617,56705,35196,68284,80322,0
80357,76099,72612,156456,152969,148711,1
82754,47227,77704,129981,160458,124931,1
63307,11131,87676,74438,150983,98807,0
33606,95825,54350,129431,87956,150175,0
35248,9980,23520,45228,58768,33500,0
69277,52090,59257,121367,128534,111347,1
15748,36087,91220,51835,106968,127307,0
88127,45840,23253,133967,111380,69093,0
14708,75890,74885,90598,89593,150775,1
10434,97256,88035,107690,98469,185291,1
20126,31320,1305,51446,21431,32625,0
27749,6407,64744,34156,92493,71151,0
49821,35215,64970,85036,114791,100185,1
98465,22896,99607,121361,198072,122503,1
69065,31110,61464,100175,130529,92574,1
67774,28414,97257,96188,165031,125671,0
6667,99822,36945,106489,43612,136767,0
30355,5948,52720,36303,83075,58668,0
54557,95429,31176,149986,85733,126605,0
5041,14434,7713,19475,12754,22147,0
91594,10915,9352,102509,100946,20267,0
53253,69485,70251,122738,123504,139736,1
1808,66680,84295,68488,86103,150975,0
53890,68604,70512,122494,124402,139116,1
67251,81847,67150,149098,134401,148997,1
93756,49726,45243,143482,138999,94969,1
92834,57513,41322,150347,134156,98835,1
39545,41841,18923,81386,58468,60764,1
38082,43297,43106,81379,81188,86403,1
40581,7980,95703,48561,136284,103683,0
2556,20520,83154,23076,85710,103674,0
52772,3184,88598,55956,141370,91782,0
37781,75064,89415,112845,127196,164479,1
73544,46684,10527,120228,84071,57211,0
71062,41039,63020,112101,134082,104059,1
61447,89713,23732,151160,85179,113445,0
6722,85066,59988,91788,66710,145054,0
52471,67694,26796,120165,79267,94490,1
18725,35544,35401,54269,54126,70945,1
52542,39776,71997,92318,124539,111773,1
36010,34598,98831,70608,134841,133429,0
18189,62787,10848,80976,29037,73635,0
16106,92599,8482,108705,24588,101081,0
43055,35443,62737,78498,105792,98180,1
37273,10576,42210,47849,79483,52786,1
993,95586,45381,96579,46374,140967,0
92372,75527,9645,167899,102017,85172,0
4609,33086,95222,37695,99831,128308,0
74562,12479,85353,87041,159915,97832,1
98767,89737,55822,188504,154589,145559,1
34829,95519,69955,130348,104784,165474,1
26547,32395,37068,58942,63615,69463,1
64757,2499,89587,67256,154344,92086,0
33771,12128,20763,45899,54534,32891,0
74757,64774,32298,139531,107055,97072,1
45302,56218,79979,101520,125281,136197,1
55429,35959,25005,91388,80434,60964,1
46095,11633,35428,57728,81523,47061,1
50075,5927,76204,56002,126279,82131,0
12701,42516,41120,55217,53821,83636,1
69711,1466,61336,71177,131047,62802,0
92938,27575,39731,120513,132669,67306,0
34299,29723,66098,64022,100397,95821,0
75549,21851,33212,97400,108761,55063,0
47205,62042,92670,109247,139875,154712,1
29566,72444,68358,102010,97924,140802,1
68739,72644,28876,141383,97615,101520,1
71662,64478,46330,136140,117992,110808,1
45901,70331,50519,116232,96420,120850,1
27591,31034,80860,58625,108451,111894,0
91599,30289,59533,121888,151132,89822,0
57800,39074,44990,96874,102790,84064,1
57389,76458,65704,133847,123093,142162,1
68460,4688,38738,73148,107198,43426,0
5747,8319,59910,14066,65657,68229,0
37302,52900,34459,90202,71761,87359,1
96043,31649,74431,127692,170474,106080,1
84176,26659,30190,110835,114366,56849,0
39158,54859,39867,94017,79025,94726,1
64736,89501,90910,154237,155646,180411,1
5878,13087,66657,18965,72535,79744,0
27157,62205,19489,89362,46646,81694,0
14634,98924,60179,113558,74813,159103,0
92587,99361,24594,191948,117181,123955,1
67240,70503,8984,137743,76224,79487,1
86318,35095,89929,121413,176247,125024,1
85467,98943,33153,184410,118620,132096,1
76463,2431,52701,78894,129164,55132,0
2327,39953,1093,42280,3420,41046,0
93659,59729,60251,153388,153910,119980,1
38704,95187,49588,133891,88292,144775,0
44640,11469,56675,56109,101315,68144,0
29369,21677,25212,51046,54581,46889,1
21834,9489,79617,31323,101451,89106,0
98678,50587,50193,149265,148871,100780,1
24289,77248,20607,101537,44896,97855,0
63212,98984,68355,162196,131567,167339,1
58186,51378,21137,109564,79323,72515,1
53960,67718,42281,121678,96241,109999,1
87160,4869,51015,92029,138175,55884,0
54032,22376,11276,76408,65308,33652,0
97630,87358,76963,184988,174593,164321,1
38640,86562,48571,125202,87211,135133,1
81885,45384,1885,127269,83770,47269,0
20906,46488,9888,67394,30794,56376,0
90161,89985,31962,180146,122123,121947,1
15741,28914,35282,44655,51023,64196,1
47859,73717,21471,121576,69330,95188,0
39543,9940,84644,49483,124187,94584,0
29311,11993,45208,41304,74519,57201,0
32380,30898,80061,63278,112441,110959,0
84106,21167,88265,105273,172371,109432,1
47827,98031,41445,145858,89272,139476,0
81169,36266,56899,117435,138068,93165,1
48398,71583,70582,119981,118980,142165,1
79848,81366,91281,161214,171129,172647,1
80056,26253,74809,106309,154865,101062,1
27768,44595,77692,72363,105460,122287,0
74079,10190,58668,84269,132747,68858,0
5084,50807,84412,55891,89496,135219,0
77669,71062,33874,148731,111543,104936,1
43484,95429,84464,138913,127948,179893,1
49555,30618,8673,80173,58228,39291,0
23458,17932,93349,41390,116807,111281,0
19956,12762,53191,32718,73147,65953,0
48190,75960,54603,124150,102793,130563,1
35471,55129,27984,90600,63455,83113,1
98580,28455,76743,127035,175323,105198,1
24037,30211,91171,54248,115208,121382,0
9400,58483,30796,67883,40196,89279,0
69656,17463,12479,87119,82135,29942,0
61978,99382,50675,161360,112653,150057,1
93338,20356,31959,113694,125297,52315,0
1056,60492,72345,61548,73401,132837,0
81906,57963,1307,139869,83213,59270,0
81896,97200,83167,179096,165063,180367,1
36952,68054,28716,105006,65668,96770,0
53412,84895,23879,138307,77291,108774,0
79991,74422,38191,154413,118182,112613,1
8605,22136,86478,30741,95083,108614,0
47238,89095,76897,136333,124135,165992,1
74509,88429,40435,162938,114944,128864,1
46965,96562,63454,143527,110419,160016,1
62850,75363,59306,138213,122156,134669,1
39253,66700,21783,105953,61036,88483,0
62294,86627,38405,148921,100699,125032,1
57076,46128,91255,103204,148331,137383,1
1775,86569,41719,88344,43494,128288,0
79909,27801,33955,107710,113864,61756,0
34534,28370,87108,62904,121642,115478,0
67841,23522,54962,91363,122803,78484,1
75684,48968,41423,124652,117107,90391,1
3527,14062,18518,17589,22045,32580,0
57341,55523,19194,112864,76535,74717,1
26456,75472,41858,101928,68314,117330,0
30945,61560,22255,92505,53200,83815,0
31495,85610,51278,117105,82773,136888,0
65409,80633,50020,146042,115429,130653,1
49623,72310,23088,121933,72711,95398,1
17825,58207,55878,76032,73703,114085,1
46768,30807,20945,77575,67713,51752,1
18506,62575,527,81081,19033,63102,0
9967,6219,2990,16186,12957,9209,0
79371,24003,31318,103374,110689,55321,0
20584,17849,74994,38433,95578,92843,0
66263,88745,9793,155008,76056,98538,0
9373,18480,89415,27853,98788,107895,0
83117,81405,4941,164522,88058,86346,1
76520,89607,92040,166127,168560,181647,1
61744,59602,50977,121346,112721,110579,1
74908,10913,67527,85821,142435,78440,1
57319,7860,90473,65179,147792,98333,0
40483,90878,6007,131361,46490,96885,0
96862,36579,35858,133441,132720,72437,0
1683,7507,87956,9190,89639,95463,0
32166,39916,94930,72082,127096,134846,0
17401,67173,16087,84574,33488,83260,0
24940,93608,10397,118548,35337,104005,0
98742,14326,56665,113068,155407,70991,0
10793,7112,52575,17905,63368,59687,0
4609,6384,91843,10993,96452,98227,0
5021,80115,48498,85136,53519,128613,0
80104,45661,27910,125765,108014,73571,0
32845,13038,74142,45883,106987,87180,0
49684,33194,26708,82878,76392,59902,1
82898,82784,88710,165682,171608,171494,1
57612,80108,74936,137720,132548,155044,1
77135,22556,41910,99691,119045,64466,0
62615,93433,80124,156048,142739,173557,1
76269,87583,65277,163852,141546,152860,1
19859,93314,95257,113173,115116,188571,1
35554,86819,84628,122373,120182,171447,1
44169,53806,56270,97975,100439,110076,1
78015,66768,46379,144783,124394,113147,1
21160,27862,86462,49022,107622,114324,0
54701,28148,62047,82849,116748,90195,1
71471,48584,63270,120055,134741,111854,1
77622,1131,57907,78753,135529,59038,0
2722,85597,13603,88319,16325,99200,0
92455,54618,2722,147073,95177,57340,0
74122,34864,29658,108986,103780,64522,0
42579,87025,88737,129604,131316,175762,1
45763,96852,30656,142615,76419,127508,0
10346,58628,12347,68974,22693,70975,0
81977,91247,88506,173224,170483,179753,1
51527,31241,60448,82768,111975,91689,1
49701,54891,9093,104592,58794,63984,1
32238,50097,4891,82335,37129,54988,0
6809,37007,2379,43816,9188,39386,0
96370,34665,8812,131035,105182,43477,0
52743,57534,84514,110277,137257,142048,1
13911,61056,87473,74967,101384,148529,0
19834,17333,7023,37167,26857,24356,1
22916,38252,63123,61168,86039,101375,0
59360,19941,93990,79301,153350,113931,0
12042,94412,90284,106454,102326,184696,1
59831,6019,45441,65850,105272,51460,0
88253,46975,53322,135228,141575,100297,1
85722,52272,41797,137994,127519,94069,1
5115,25364,24992,30479,30107,50356,1
66932,99046,43440,165978,110372,142486,1
59061,62171,74827,121232,133888,136998,1
35106,649,84432,35755,119538,85081,0
38989,12633,38671,51622,77660,51304,1
15895,37579,22478,53474,38373,60057,1
49764,90410,13859,140174,63623,104269,0
18763,25656,56926,44419,75689,82582,0
56171,78087,64503,134258,120674,142590,1
98305,23505,81252,121810,179557,104757,1
32834,9058,40834,41892,73668,49892,1
14720,49425,52878,64145,67598,102303,1
81690,25934,77085,107624,158775,103019,1
4601,349,56463,4950,61064,56812,0
4093,8370,3807,12463,7900,12177,0
53122,62918,39565,116040,92687,102483,1
55026,49228,93346,104254,148372,142574,1
62116,28710,94607,90826,156723,123317,0
10592,39001,49892,49593,60484,88893,0
19728,28169,36323,47897,56051,64492,1
72220,41967,24444,114187,96664,66411,0
53152,83311,57892,136463,111044,141203,1
56553,36386,94826,92939,151379,131212,0
76287,55860,54370,132147,130657,110230,1
51016,18781,62701,69797,113717,81482,1
83317,24408,69389,107725,152706,93797,1
36287,54946,24645,91233,60932,79591,1
95498,89235,7793,184733,103291,97028,1
67093,20247,69205,87340,136298,89452,1
72403,68389,68109,140792,140512,136498,1
47191,56291,54595,103482,101786,110886,1
86310,10596,55343,96906,141653,65939,0
66621,39872,99702,106493,166323,139574,1
5083,58422,45700,63505,50783,104122,0
36326,77823,18907,114149,55233,96730,0
83005,21668,72253,104673,155258,93921,1
27552,28274,42252,55826,69804,70526,1
92542,99023,35069,191565,127611,134092,1
14831,97139,80522,111970,95353,177661,0
17998,46337,81079,64335,99077,127416,0
30897,72447,45424,103344,76321,117871,1
54058,46097,71695,100155,125753,117792,1
50151,33380,82505,83531,132656,115885,1
99490,23860,47755,123350,147245,71615,0
32142,47071,99342,79213,131484,146413,0
46584,98241,5481,144825,52065,103722,0
4973,1156,3330,6129,8303,4486,0
97803,492,40349,98295,138152,40841,0
98808,46980,81891,145788,180699,128871,1
62334,48759,59583,111093,121917,108342,1
61314,60402,94549,121716,155863,154951,1
94567,14002,25867,108569,120434,39869,0
6699,61943,20423,68642,27122,82366,0
91298,46091,34788,137389,126086,80879,0
60508,16036,57374,76544,117882,73410,1
61578,20801,73999,82379,135577,94800,1
83953,17404,7900,101357,91853,25304,0
53338,54517,90689,107855,144027,145206,1
25326,474,31321,25800,56647,31795,0
59661,71760,47671,131421,107332,119431,1
37601,57110,31086,94711,68687,88196,1
56589,18399,87709,74988,144298,106108,0
37008,92415,7549,129423,44557,99964,0
8210,55173,48187,63383,56397,103360,1
34172,16857,78415,51029,112587,95272,0
28330,52397,77411,80727,105741,129808,1
92343,27493,64202,119836,156545,91695,0
65634,61989,39401,127623,105035,101390,1
40126,80198,9676,120324,49802,89874,0
96038,44389,54882,140427,150920,99271,1
66407,36685,70891,103092,137298,107576,1
60240,11290,31403,71530,91643,42693,0
53485,92037,22798,145522,76283,114835,0
87026,96217,12129,183243,99155,108346,1
61079,6304,34354,67383,95433,40658,0
87619,96334,20931,183953,108550,117265,1
7028,20165,88749,27193,95777,108914,0
69112,13801,18825,82913,87937,32626,0
68316,85433,33971,153749,102287,119404,1
9196,86427,84467,95623,93663,170894,1
30473,75050,29617,105523,60090,104667,0
55045,76442,95033,131487,150078,171475,1
72724,89167,25842,161891,98566,115009,1
88286,66255,10818,154541,99104,77073,0
15780,14196,80371,29976,96151,94567,0
95528,71554,1645,167082,97173,73199,0
38247,33077,32822,71324,71069,65899,1
95015,5209,33625,100224,128640,38834,0
18287,81737,85447,100024,103734,167184,1
49482,23293,42069,72775,91551,65362,1
83629,13642,30471,97271,114100,44113,0
97819,11247,21504,109066,119323,32751,0
87636,85321,69622,172957,157258,154943,1
81783,60318,13896,142101,95679,74214,0
85520,25083,97554,110603,183074,122637,1
25497,49748,65814,75245,91311,115562,1
6296,68141,20853,74437,27149,88994,0
83513,7734,32611,91247,116124,40345,0
42846,34903,51534,77749,94380,86437,1
37049,37963,83836,75012,120885,121799,0
10041,63981,51768,74022,61809,115749,0
81562,66960,10892,148522,92454,77852,0
68380,14002,7628,82382,76008,21630,0
26404,85183,19433,111587,45837,104616,0
85182,76043,55787,161225,140969,131830,1
29631,22944,96676,52575,126307,119620,0
5082,73125,35246,78207,40328,108371,0
56607,53278,33588,109885,90195,86866,1
35170,79294,84850,114464,120020,164144,1
70744,84934,2117,155678,72861,87051,0
72079,9197,90106,81276,162185,99303,0
85023,95541,77529,180564,162552,173070,1
10889,29160,37751,40049,48640,66911,1
65437,561,92876,65998,158313,93437,0
69470,96083,91892,165553,161362,187975,1
42759,56126,59549,98885,102308,115675,1
10922,62005,51314,72927,62236,113319,1
83371,77018,50167,160389,133538,127185,1
32473,614,12408,33087,44881,13022,0
34844,92133,45199,126977,80043,137332,0
46680,5048,42125,51728,88805,47173,1
81351,33581,93843,114932,175194,127424,1
13125,4231,20630,17356,33755,24861,0
27700,35211,52693,62911,80393,87904,1
74384,68207,89039,142591,163423,157246,1
50931,43783,46047,94714,96978,89830,1
37325,77424,91273,114749,128598,168697,1
32098,52898,29426,84996,61524,82324,1
92519,76959,26222,169478,118741,103181,1
22740,82041,61489,104781,84229,143530,1
64193,81731,37926,145924,102119,119657,1
12028,65066,46720,77094,58748,111786,0
13537,64761,40511,78298,54048,105272,0
68125,63783,71730,131908,139855,135513,1
2340,61066,38715,63406,41055,99781,0
97846,70173,30782,168019,128628,100955,1
13426,50064,90131,63490,103557,140195,0
82346,60670,67015,143016,149361,127685,1
98375,97085,47539,195460,145914,144624,1
30559,13896,71426,44455,101985,85322,0
8715,86315,44897,95030,53612,131212,0
99784,33927,54,133711,99838,33981,0
2365,71733,45310,74098,47675,117043,0
66317,97821,97909,164138,164226,195730,1
36911,53128,26942,90039,63853,80070,1
33987,82545,28838,116532,62825,111383,0
11329,66600,68813,77929,80142,135413,1
11958,51123,81868,63081,93826,132991,0
51597,2285,60188,53882,111785,62473,0
29443,97153,37832,126596,67275,134985,0
14566,28057,84213,42623,98779,112270,0
78557,92860,39948,171417,118505,132808,1
10943,14449,26517,25392,37460,40966,0
16866,8168,89985,25034,106851,98153,0
67888,83159,73180,151047,141068,156339,1
30774,98042,41197,128816,71971,139239,0
21701,12584,81918,34285,103619,94502,0
12090,40445,80870,52535,92960,121315,0
74979,68743,48579,143722,123558,117322,1
19691,44229,52365,63920,72056,96594,1
45688,9415,29146,55103,74834,38561,0
24919,71093,45201,96012,70120,116294,0
10486,41312,29052,51798,39538,70364,0
36859,78285,28057,115144,64916,106342,0
39492,88610,59678,128102,99170,148288,1
91578,4058,87328,95636,178906,91386,0
71063,32725,54994,103788,126057,87719,1
35084,31587,40286,66671,75370,71873,1
68396,70693,51874,139089,120270,122567,1
79494,60246,1294,139740,80788,61540,0
36566,36109,9944,72675,46510,46053,1
11005,63132,79653,74137,90658,142785,0
83589,94372,16085,177961,99674,110457,1
40303,450,41822,40753,82125,42272,0
13648,42651,46197,56299,59845,88848,1
67687,89702,8,157389,67695,89710,0
56596,27408,37207,84004,93803,64615,1
72946,57135,50537,130081,123483,107672,1
49219,34927,46086,84146,95305,81013,1
53115,30340,83885,83455,137000,114225,0
50872,52056,15811,102928,66683,67867,1
46257,27829,49514,74086,95771,77343,1
43602,17168,20142,60770,63744,37310,0
5559,50480,93205,56039,98764,143685,0
92625,49997,43189,142622,135814,93186,1
7137,22915,83500,30052,90637,106415,0
82966,28638,19960,111604,102926,48598,0
64788,29323,23469,94111,88257,52792,0
50989,88112,56600,139101,107589,144712,1
71537,68721,57545,140258,129082,126266,1
60036,28319,64476,88355,124512,92795,1
60025,21037,74626,81062,134651,95663,1
84969,62,25651,85031,110620,25713,0
87520,64252,86665,151772,174185,150917,1
23435,11646,65241,35081,88676,76887,0
7825,82617,3616,90442,11441,86233,0
87714,82460,74794,170174,162508,157254,1
12561,17713,97838,30274,110399,115551,0
96179,60581,85380,156760,181559,145961,1
86584,59387,9571,145971,96155,68958,0
46578,1466,22740,48044,69318,24206,0
59891,79382,67957,139273,127848,147339,1
7974,292,6915,8266,14889,7207,0
29034,89692,97357,118726,126391,187049,1
30419,22425,46938,52844,77357,69363,1
52499,37802,26568,90301,79067,64370,1
76924,71053,10516,147977,87440,81569,1
27368,98246,60089,125614,87457,158335,0
89416,28878,40367,118294,129783,69245,0
3314,6370,56001,9684,59315,62371,0
3411,61114,26449,64525,29860,87563,0
75987,47805,36893,123792,112880,84698,1
93972,12273,73616,106245,167588,85889,0
33693,81382,89193,115075,122886,170575,1
16208,25693,23635,41901,39843,49328,1
26353,70433,61459,96786,87812,131892,1
81296,31424,41774,112720,123070,73198,0
51712,52140,48062,103852,99774,100202,1
2065,33903,31615,35968,33680,65518,0
92768,32425,39929,125193,132697,72354,0
57671,3340,53042,61011,110713,56382,0
92079,33207,90393,125286,182472,123600,1
30622,81558,30550,112180,61172,112108,0
54212,55598,6042,109810,60254,61640,1
32000,27021,54384,59021,86384,81405,1
83911,86555,59576,170466,143487,146131,1
5008,42054,13823,47062,18831,55877,0
8225,19189,17465,27414,25690,36654,1
22674,45771,13285,68445,35959,59056,0
72078,5673,8910,77751,80988,14583,0
82276,51742,36758,134018,119034,88500,1
2245,53942,30483,56187,32728,84425,0
28397,1579,15956,29976,44353,17535,0
57807,79195,47269,137002,105076,126464,1
45301,31145,71510,76446,116811,102655,1
50890,34144,96718,85034,147608,130862,0
77181,75704,81597,152885,158778,157301,1
91718,81988,13609,173706,105327,95597,1
4715,46802,18794,51517,23509,65596,0
76610,42291,61282,118901,137892,103573,1
24791,60932,18916,85723,43707,79848,0
9739,24762,19483,34501,29222,44245,1
88132,96188,47907,184320,136039,144095,1
97958,5777,40959,103735,138917,46736,0
62490,80740,38015,143230,100505,118755,1
22599,96635,63024,119234,85623,159659,0
17168,51445,61784,68613,78952,113229,1
10631,67104,48200,77735,58831,115304,0
75954,40862,29302,116816,105256,70164,0
20516,77446,84202,97962,104718,161648,1
92516,78901,965,171417,93481,79866,0
43190,58962,53063,102152,96253,112025,1
86652,42459,81118,129111,167770,123577,1
34955,21437,52351,56392,87306,73788,1
67545,80384,18888,147929,86433,99272,1
66947,33906,90381,100853,157328,124287,1
68242,18027,76747,86269,144989,94774,1
52692,39363,14572,92055,67264,53935,1
68301,41540,94441,109841,162742,135981,1
77163,13237,63232,90400,140395,76469,0
83160,28689,13925,111849,97085,42614,0
23058,15706,40202,38764,63260,55908,0
12931,31482,24113,44413,37044,55595,1
26167,15140,87569,41307,113736,102709,0
60614,92228,65618,152842,126232,157846,1
92035,68632,95593,160667,187628,164225,1
62699,37034,69622,99733,132321,106656,1
77564,43881,28690,121445,106254,72571,0
13533,35366,58865,48899,72398,94231,0
33470,61162,15769,94632,49239,76931,0
61926,48519,39162,110445,101088,87681,1
21368,17009,45581,38377,66949,62590,0
99236,18471,27015,117707,126251,45486,0
25495,37700,41750,63195,67245,79450,1
81663,67556,17174,149219,98837,84730,1
5844,13851,7395,19695,13239,21246,0
97764,29304,76484,127068,174248,105788,1
26532,38986,9612,65518,36144,48598,0
53877,28642,83126,82519,137003,111768,0
50817,38892,51271,89709,102088,90163,1
36850,36303,9579,73153,46429,45882,1
41117,2998,50693,44115,91810,53691,0
76924,30377,12672,107301,89596,43049,0
76878,83607,69554,160485,146432,153161,1
94930,18750,89116,113680,184046,107866,1
37344,65342,95436,102686,132780,160778,1
61982,46974,74288,108956,136270,121262,1
55060,55800,92792,110860,147852,148592,1
72074,37121,59679,109195,131753,96800,1
22243,46362,85549,68605,107792,131911,0
21317,41414,57140,62731,78457,98554,1
52940,16882,57937,69822,110877,74819,1
41420,69791,54634,111211,96054,124425,1
10623,30668,7220,41291,17843,37888,0
11666,42857,94201,54523,105867,137058,0
12310,98029,923,110339,13233,98952,0
92350,98963,69497,191313,161847,168460,1
29959,73429,89346,103388,119305,162775,1
60479,90049,64045,150528,124524,154094,1
85343,28666,83181,114009,168524,111847,1
73762,64006,19435,137768,93197,83441,1
90826,42358,54808,133184,145634,97166,1
46818,31304,264,78122,47082,31568,0
30047,23706,97188,53753,127235,120894,0
4302,4344,88358,8646,92660,92702,0
58057,61680,1295,119737,59352,62975,0
49877,98912,30343,148789,80220,129255,0
5957,80659,9819,86616,15776,90478,0
77654,86582,90277,164236,167931,176859,1
44861,55847,44197,100708,89058,100044,1
96230,42254,9519,138484,105749,51773,0
50509,10023,19734,60532,70243,29757,0
50200,10871,48217,61071,98417,59088,1
42787,46586,19038,89373,61825,65624,1
80744,31141,38479,111885,119223,69620,0
89252,96568,99218,185820,188470,195786,1
53401,37452,47338,90853,100739,84790,1
73865,2113,84175,75978,158040,86288,0
99013,42706,1631,141719,100644,44337,0
20123,98678,62605,118801,82728,161283,0
7479,33666,9829,41145,17308,43495,0
87194,32335,105,119529,87299,32440,0
12418,82637,35761,95055,48179,118398,0
8379,671,41342,9050,49721,42013,0
86571,23695,57603,110266,144174,81298,0
34281,76320,41839,110601,76120,118159,0
96569,94605,70751,191174,167320,165356,1
62631,64631,65349,127262,127980,129980,1
74647,56213,56358,130860,131005,112571,1
2414,10592,17436,13006,19850,28028,0
60545,14153,64026,74698,124571,78179,1
96484,74335,6771,170819,103255,81106,0
72145,98583,75368,170728,147513,173951,1
47660,5267,30729,52927,78389,35996,0
10576,80561,60746,91137,71322,141307,0
17997,30012,11629,48009,29626,41641,0
73175,25449,91893,98624,165068,117342,1
73430,96335,10293,169765,83723,106628,0
3650,64595,88844,68245,92494,153439,0
10647,81996,34339,92643,44986,116335,0
13527,72557,64313,86084,77840,136870,1
58656,21361,4671,80017,63327,26032,0
13917,63358,52363,77275,66280,115721,1
66611,79789,94803,146400,161414,174592,1
13796,22059,28901,35855,42697,50960,1
95873,68759,60747,164632,156620,129506,1
66306,28614,78377,94920,144683,106991,1
55498,62044,51472,117542,106970,113516,1
21295,80133,31266,101428,52561,111399,0
61492,70722,70645,132214,132137,141367,1
61174,60353,88824,121527,149998,149177,1
77417,19943,89151,97360,166568,109094,1
1724,68865,39716,70589,41440,108581,0
87937,30172,54120,118109,142057,84292,0
81681,15263,68628,96944,150309,83891,1
33390,63909,28423,97299,61813,92332,0
75063,84678,58932,159741,133995,143610,1
48811,70044,12026,118855,60837,82070,0
58238,18065,4513,76303,62751,22578,0
36847,81557,67397,118404,104244,148954,1
99309,49552,3716,148861,103025,53268,0
54680,69029,79469,123709,134149,148498,1
28606,67220,32720,95826,61326,99940,0
34395,49919,21379,84314,55774,71298,1
5415,29326,85413,34741,90828,114739,0
64305,43526,59428,107831,123733,102954,1
80603,52431,51930,133034,132533,104361,1
69222,47223,73978,116445,143200,121201,1
16173,99612,30529,115785,46702,130141,0
1775,93383,68271,95158,70046,161654,0
58717,31685,84649,90402,143366,116334,1
38634,60982,54517,99616,93151,115499,1
25250,80904,69842,106154,95092,150746,1
76955,35939,83875,112894,160830,119814,1
752,848,76348,1600,77100,77196,0
17523,35895,35317,53418,52840,71212,1
3555,42366,76945,45921,80500,119311,0
63600,9163,35182,72763,98782,44345,0
64349,41520,18700,105869,83049,60220,0
91002,51408,34918,142410,125920,86326,0
87557,10996,52574,98553,140131,63570,0
75577,26827,51576,102404,127153,78403,1
93983,11663,19357,105646,113340,31020,0
9562,30977,66433,40539,75995,97410,0
34917,33205,11597,68122,46514,44802,1
59096,16270,9810,75366,68906,26080,0
92720,22221,50709,114941,143429,72930,0
91262,13687,11966,104949,103228,25653,0
45162,39111,36367,84273,81529,75478,1
13129,47391,44101,60520,57230,91492,1
96261,60834,67405,157095,163666,128239,1
78155,91461,89599,169616,167754,181060,1
37237,67520,30052,104757,67289,97572,0
79015,50486,5704,129501,84719,56190,0
49394,58341,6930,107735,56324,65271,0
4813,13786,17337,18599,22150,31123,1
93783,13152,96830,106935,190613,109982,1
4200,49943,3565,54143,7765,53508,0
25070,21787,50441,46857,75511,72228,0
67284,23712,27961,90996,95245,51673,0
21381,1608,42718,22989,64099,44326,0
51158,7033,51903,58191,103061,58936,1
2001,87403,33012,89404,35013,120415,0
30328,98334,78512,128662,108840,176846,1
82238,30354,99997,112592,182235,130351,1
89461,24625,47259,114086,136720,71884,0
38979,15865,79165,54844,118144,95030,0
48511,61645,44813,110156,93324,106458,1
59692,5278,47092,64970,106784,52370,0
25565,68543,22623,94108,48188,91166,0
25323,59624,90399,84947,115722,150023,0
79224,63679,84987,142903,164211,148666,1
60941,78112,16484,139053,77425,94596,0
36905,26837,23201,63742,60106,50038,1
37628,3372,86203,41000,123831,89575,0
14190,61128,14900,75318,29090,76028,0
51942,59385,70219,111327,122161,129604,1
91027,94825,8334,185852,99361,103159,1
6193,55969,99983,62162,106176,155952,0
3030,7716,51192,10746,54222,58908,0
24301,32565,41024,56866,65325,73589,1
55502,19729,98845,75231,154347,118574,0
80815,34700,11190,115515,92005,45890,0
95107,94792,98520,189899,193627,193312,1
56952,22611,36459,79563,93411,59070,1
66800,21028,46612,87828,113412,67640,1
90396,16742,58019,107138,148415,74761,0
36042,10621,51617,46663,87659,62238,0
33354,47812,86838,81166,120192,134650,0
804,86158,3569,86962,4373,89727,0
3919,98847,14161,102766,18080,113008,0
21622,82836,20128,104458,41750,102964,0
93733,99591,26744,193324,120477,126335,1
20420,17372,92607,37792,113027,109979,0
4321,61802,52910,66123,57231,114712,0
19669,44094,29314,63763,48983,73408,1
73641,64462,37279,138103,110920,101741,1
37074,67839,97254,104913,134328,165093,1
96614,32950,39510,129564,136124,72460,0
16827,12960,45452,29787,62279,58412,0
46355,57474,34922,103829,81277,92396,1
56547,77359,70302,133906,126849,147661,1
11934,65989,3060,77923,14994,69049,0
82158,27308,87345,109466,169503,114653,1
65175,89386,66536,154561,131711,155922,1
11367,27281,50186,38648,61553,77467,0
19458,9723,89405,29181,108863,99128,0
54104,46403,73836,100507,127940,120239,1
30615,34870,97599,65485,128214,132469,0
58829,95406,47148,154235,105977,142554,1
82727,3435,49137,86162,131864,52572,0
10877,69041,71024,79918,81901,140065,1
12611,42815,16880,55426,29491,59695,0
18613,3952,73671,22565,92284,77623,0
2059,59542,73969,61601,76028,133511,0
17094,52229,90616,69323,107710,142845,0
11028,59049,25614,70077,36642,84663,0
82158,79727,8679,161885,90837,88406,1
28100,12480,56903,40580,85003,69383,0
93291,13224,88884,106515,182175,102108,1
49652,27951,52263,77603,101915,80214,1
54055,49289,66602,103344,120657,115891,1
41585,65323,64363,106908,105948,129686,1
71937,28130,78231,100067,150168,106361,1
91840,92398,78916,184238,170756,171314,1
76664,33409,69030,110073,145694,102439,1
46965,27374,49429,74339,96394,76803,1
44911,52348,92448,97259,137359,144796,1
36702,82766,37128,119468,73830,119894,0
45314,91407,69144,136721,114458,160551,1
80446,40231,19733,120677,100179,59964,0
45023,11182,29978,56205,75001,41160,0
17972,58369,4536,76341,22508,62905,0
79951,30221,69337,110172,149288,99558,1
3514,35409,53615,38923,57129,89024,0
4325,56011,20397,60336,24722,76408,0
20981,93306,83506,114287,104487,176812,1
32941,69234,22237,102175,55178,91471,0
27572,74072,18066,101644,45638,92138,0
50779,91810,36478,142589,87257,128288,0
44943,42599,75649,87542,120592,118248,1
32877,48289,7014,81166,39891,55303,0
18010,67526,99769,85536,117779,167295,0
93308,6778,21279,100086,114587,28057,0
94693,50365,83317,145058,178010,133682,1
53826,64015,70706,117841,124532,134721,1
10229,1753,59597,11982,69826,61350,0
8644,32989,90621,41633,99265,123610,0
43560,18322,78326,61882,121886,96648,0
91371,22335,17275,113706,108646,39610,0
1961,73887,53078,75848,55039,126965,0
92675,50872,43762,143547,136437,94634,1
57455,8339,14357,65794,71812,22696,0
94561,2927,45409,97488,139970,48336,0
98420,45807,63936,144227,162356,109743,1
64390,27074,30006,91464,94396,57080,0
22429,96199,4138,118628,26567,100337,0
13903,9264,9760,23167,23663,19024,1
44838,6927,84729,51765,129567,91656,0
51520,46138,39018,97658,90538,85156,1
68002,73694,71507,141696,139509,145201,1
10130,16563,68116,26693,78246,84679,0
63803,44468,60288,108271,124091,104756,1
2636,42690,58907,45326,61543,101597,0
65890,26790,78839,92680,144729,105629,1
73141,48608,76396,121749,149537,125004,1
61824,58107,40820,119931,102644,98927,1
39374,76512,933,115886,40307,77445,0
70372,70785,5439,141157,75811,76224,1
61472,32484,65089,93956,126561,97573,1
3372,3746,70913,7118,74285,74659,0
2800,63222,55102,66022,57902,118324,0
71150,63863,84890,135013,156040,148753,1
25841,26896,82863,52737,108704,109759,0
90551,74419,70770,164970,161321,145189,1
94732,37574,33068,132306,127800,70642,0
44678,80805,74723,125483,119401,155528,1
69709,97772,8870,167481,78579,106642,0
68159,77027,92927,145186,161086,169954,1
92206,94228,75318,186434,167524,169546,1
902,53156,73117,54058,74019,126273,0
35842,4473,57919,40315,93761,62392,0
99212,18132,89329,117344,188541,107461,1
49344,37554,40348,86898,89692,77902,1
49185,52612,65330,101797,114515,117942,1
99753,24908,57790,124661,157543,82698,0
86931,76215,79639,163146,166570,155854,1
27314,96063,66687,123377,94001,162750,0
84785,60386,84578,145171,169363,144964,1
94981,46088,50340,141069,145321,96428,1
7085,92716,49209,99801,56294,141925,0
82797,75348,71874,158145,154671,147222,1
31774,28308,17298,60082,49072,45606,1
65557,78032,82376,143589,147933,160408,1
66757,87623,3342,154380,70099,90965,0
70557,34549,644,105106,71201,35193,0
33976,81609,3459,115585,37435,85068,0
98985,4265,1877,103250,100862,6142,0
53725,35947,66274,89672,119999,102221,1
1984,33047,8870,35031,10854,41917,0
67244,98296,4898,165540,72142,103194,0
74075,33687,35322,107762,109397,69009,0
45090,80864,5176,125954,50266,86040,0
47151,15710,38904,62861,86055,54614,1
17358,89024,30109,106382,47467,119133,0
56385,60786,72667,117171,129052,133453,1
28248,52721,65930,80969,94178,118651,1
50287,43657,65598,93944,115885,109255,1
21806,52775,57080,74581,78886,109855,1
2180,20034,13334,22214,15514,33368,0
90986,31628,52054,122614,143040,83682,0
35185,55375,81808,90560,116993,137183,1
88946,60757,21385,149703,110331,82142,0
79178,53297,91938,132475,171116,145235,1
35003,3657,33106,38660,68109,36763,1
81516,86255,785,167771,82301,87040,0
5233,35776,19412,41009,24645,55188,0
35777,94908,33292,130685,69069,128200,0
94698,22967,31889,117665,126587,54856,0
56432,90312,55761,146744,112193,146073,1
19971,29421,86155,49392,106126,115576,0
41958,63803,74557,105761,116515,138360,1
86069,78451,87105,164520,173174,165556,1
5760,6542,10708,12302,16468,17250,1
40385,96649,97826,137034,138211,194475,1
80655,41711,59325,122366,139980,101036,1
36944,2245,18101,39189,55045,20346,0
94406,85818,91762,180224,186168,177580,1
54138,81549,7128,135687,61266,88677,0
81071,56353,89745,137424,170816,146098,1
11492,24007,95425,35499,106917,119432,0
7065,83421,59811,90486,66876,143232,0
21113,19084,2397,40197,23510,21481,1
73762,78530,38276,152292,112038,116806,1
57693,22975,59968,80668,117661,82943,1
17094,85501,13419,102595,30513,98920,0
58667,79818,36520,138485,95187,116338,1
5230,72110,47143,77340,52373,119253,0
21843,38906,33238,60749,55081,72144,1
94699,32047,47980,126746,142679,80027,0
91206,7143,86457,98349,177663,93600,1
57376,91457,86836,148833,144212,178293,1
46338,16901,60931,63239,107269,77832,1
97118,21196,94809,118314,191927,116005,1
71098,31701,95657,102799,166755,127358,1
42010,78803,72566,120813,114576,151369,1
70243,16659,58168,86902,128411,74827,1
45437,86699,50647,132136,96084,137346,1
74610,166,9912,74776,84522,10078,0
95012,14989,66992,110001,162004,81981,0
71364,28399,63507,99763,134871,91906,1
98945,20613,78210,119558,177155,98823,0
63418,27145,40222,90563,103640,67367,1
89168,40098,64518,129266,153686,104616,1
30731,68217,65133,98948,95864,133350,1
85082,80274,96302,165356,181384,176576,1
2829,4325,71758,7154,74587,76083,0
64339,63027,49836,127366,114175,112863,1
2766,65710,50190,68476,52956,115900,0
90399,77309,13,167708,90412,77322,0
6329,79462,81611,85791,87940,161073,1
61938,21242,48745,83180,110683,69987,1
11214,18002,16212,29216,27426,34214,1
91220,93413,1253,184633,92473,94666,0
93659,40067,213,133726,93872,40280,0
40313,85221,63447,125534,103760,148668,1
78628,31825,44563,110453,123191,76388,0
24813,95283,83248,120096,108061,178531,1
70772,71846,56958,142618,127730,128804,1
64908,75698,99741,140606,164649,175439,1
80330,79340,2673,159670,83003,82013,1
61789,78920,68792,140709,130581,147712,1
83015,72090,36677,155105,119692,108767,1
71934,14037,5354,85971,77288,19391,0
55373,43779,81939,99152,137312,125718,1
50850,12950,54246,63800,105096,67196,1
20018,30264,47329,50282,67347,77593,1
71580,27702,44273,99282,115853,71975,1
21141,19837,66662,40978,87803,86499,0
93191,3796,47192,96987,140383,50988,0
6507,34533,65951,41040,72458,100484,0
26454,52880,41528,79334,67982,94408,1
87187,91897,18586,179084,105773,110483,1
36607,36209,48265,72816,84872,84474,1
24832,94215,63518,119047,88350,157733,0
3118,78462,4035,81580,7153,82497,0
44693,42643,45225,87336,89918,87868,1
96928,77914,68850,174842,165778,146764,1
10884,40286,21969,51170,32853,62255,0
14508,60043,31650,74551,46158,91693,0
67738,50963,10261,118701,77999,61224,0
37512,95523,55212,133035,92724,150735,0
61724,13549,87800,75273,149524,101349,0
39946,41395,23080,81341,63026,64475,1
54447,93081,522,147528,54969,93603,0
89890,55573,92294,145463,182184,147867,1
71493,49024,11460,120517,82953,60484,0
78603,70786,86136,149389,164739,156922,1
15990,92478,47034,108468,63024,139512,0
59185,78837,22233,138022,81418,101070,1
38614,97172,9827,135786,48441,106999,0
30515,50242,98989,80757,129504,149231,0
84561,85485,45850,170046,130411,131335,1
72114,32396,60248,104510,132362,92644,1
21492,88134,692,109626,22184,88826,0
42289,69970,385,112259,42674,70355,0
51809,71141,12872,122950,64681,84013,0
17078,8220,25687,25298,42765,33907,0
54646,93420,67217,148066,121863,160637,1
74603,48475,27943,123078,102546,76418,1
73283,66423,70592,139706,143875,137015,1
92365,89583,4028,181948,96393,93611,1
47636,819,68437,48455,116073,69256,0
59843,64678,78967,124521,138810,143645,1
20722,22768,38789,43490,59511,61557,1
77633,70915,44835,148548,122468,115750,1
40112,89121,85672,129233,125784,174793,1
55231,83690,60143,138921,115374,143833,1
70000,40539,34977,110539,104977,75516,1
63616,83578,46664,147194,110280,130242,1
27404,13361,54398,40765,81802,67759,0
90298,1633,14090,91931,104388,15723,0
90648,53336,2483,143984,93131,55819,0
54954,63865,76837,118819,131791,140702,1
98005,87954,10373,185959,108378,98327,1
53903,12860,83162,66763,137065,96022,0
22812,39510,95043,62322,117855,134553,0
31615,21569,93488,53184,125103,115057,0
44734,56884,36445,101618,81179,93329,1
61069,95450,36724,156519,97793,132174,1
97633,44413,14865,142046,112498,59278,0
6397,91043,68874,97440,75271,159917,0
62964,17651,91176,80615,154140,108827,0
59608,64934,57143,124542,116751,122077,1
70985,60918,6026,131903,77011,66944,0
4672,8127,34371,12799,39043,42498,0
77742,32728,90279,110470,168021,123007,1
81880,17364,75019,99244,156899,92383,1
3329,67624,97592,70953,100921,165216,0
19141,17178,76846,36319,95987,94024,0
61840,76789,5820,138629,67660,82609,0
31256,36821,81645,68077,112901,118466,0
75822,29400,92521,105222,168343,121921,1
89774,67685,25365,157459,115139,93050,1
61775,8342,26846,70117,88621,35188,0
84319,48133,83328,132452,167647,131461,1
72716,8470,8419,81186,81135,16889,0
21193,4746,68993,25939,90186,73739,0
8973,81164,70335,90137,79308,151499,0
29691,29099,82122,58790,111813,111221,0
70840,51693,31466,122533,102306,83159,1
70280,80535,26611,150815,96891,107146,1
67611,45761,54153,113372,121764,99914,1
89488,7368,80842,96856,170330,88210,0
73605,21900,9591,95505,83196,31491,0
86213,51160,79532,137373,165745,130692,1
11591,13671,46457,25262,58048,60128,0
74727,66083,25529,140810,100256,91612,1
22848,54530,64792,77378,87640,119322,1
84668,23910,45242,108578,129910,69152,0
87590,96009,9672,183599,97262,105681,1
69207,1860,30891,71067,100098,32751,0
16961,42668,50477,59629,67438,93145,1
289,59896,23983,60185,24272,83879,0
89460,34961,79777,124421,169237,114738,1
13434,94655,28054,108089,41488,122709,0
77419,38097,4017,115516,81436,42114,0
40398,86882,88521,127280,128919,175403,1
95102,73690,49886,168792,144988,123576,1
83849,4434,55493,88283,139342,59927,0
68739,77058,33525,145797,102264,110583,1
90587,89319,57118,179906,147705,146437,1
18805,23892,69027,42697,87832,92919,0
54767,49008,76913,103775,131680,125921,1
47993,72499,64190,120492,112183,136689,1
64075,65545,66658,129620,130733,132203,1
72938,40921,94750,113859,167688,135671,1
95455,13722,86815,109177,182270,100537,1
3108,80857,4027,83965,7135,84884,0
23574,35956,58458,59530,82032,94414,1
11524,53628,68757,65152,80281,122385,0
87093,43508,81281,130601,168374,124789,1
10943,2493,73613,13436,84556,76106,0
20541,82100,33871,102641,54412,115971,0
99643,77831,68848,177474,168491,146679,1
10027,97920,1553,107947,11580,99473,0
91115,15280,49511,106395,140626,64791,0
46130,35937,13859,82067,59989,49796,1
66808,7280,1,74088,66809,7281,0
73509,14478,42119,87987,115628,56597,0
35211,21127,986,56338,36197,22113,0
91591,29213,66096,120804,157687,95309,1
96263,99132,54745,195395,151008,153877,1
47631,17481,77130,65112,124761,94611,0
93193,33965,98491,127158,191684,132456,1
54854,20259,53391,75113,108245,73650,1
54866,91035,24819,145901,79685,115854,0
20586,36214,14826,56800,35412,51040,0
11156,91856,69256,103012,80412,161112,0
38288,8685,66527,46973,104815,75212,0
34655,9843,9830,44498,44485,19673,0
6134,91220,58761,97354,64895,149981,0
38702,62083,65643,100785,104345,127726,1
33028,79673,46520,112701,79548,126193,0
86106,72508,93026,158614,179132,165534,1
28631,99487,10280,128118,38911,109767,0
5753,37194,89221,42947,94974,126415,0
33902,46432,67838,80334,101740,114270,1
50971,93690,43396,144661,94367,137086,1
86176,60918,81339,147094,167515,142257,1
17539,45931,50090,63470,67629,96021,1
80521,52764,91370,133285,171891,144134,1
90438,42496,81698,132934,172136,124194,1
66198,36957,94761,103155,160959,131718,1
87324,98753,77362,186077,164686,176115,1
57909,25707,86819,83616,144728,112526,0
89916,77603,94477,167519,184393,172080,1
79106,54550,41953,133656,121059,96503,1
27544,22732,55218,50276,82762,77950,0
41979,42329,3858,84308,45837,46187,1
46281,4385,68100,50666,114381,72485,0
12250,98750,68894,111000,81144,167644,0
21520,22512,60110,44032,81630,82622,0
73071,40001,6809,113072,79880,46810,0
16581,44422,40725,61003,57306,85147,1
55512,77190,73244,132702,128756,150434,1
68975,37267,72145,106242,141120,109412,1
4157,14261,41951,18418,46108,56212,0
10251,64416,63619,74667,73870,128035,1
47616,20046,50292,67662,97908,70338,1
32414,64077,36863,96491,69277,100940,1
91431,4590,88256,96021,179687,92846,1
61549,81335,86559,142884,148108,167894,1
88756,2340,70342,91096,159098,72682,0
79676,85507,74424,165183,154100,159931,1
34396,42001,67370,76397,101766,109371,1
68181,25406,39129,93587,107310,64535,0
98645,35631,12343,134276,110988,47974,0
38632,10679,76751,49311,115383,87430,0
95484,92939,64171,188423,159655,157110,1
24831,59364,91671,84195,116502,151035,0
22189,50325,71707,72514,93896,122032,1
83096,25331,34344,108427,117440,59675,0
77459,33144,70999,110603,148458,104143,1
30950,44781,49889,75731,80839,94670,1
76755,39086,18403,115841,95158,57489,0
31809,79880,96051,111689,127860,175931,1
83824,90979,81853,174803,165677,172832,1
13271,20921,31678,34192,44949,52599,1
72975,46006,61876,118981,134851,107882,1
66782,46818,6546,113600,73328,53364,0
49859,63499,10887,113358,60746,74386,0
87114,69411,48045,156525,135159,117456,1
5673,6109,93132,11782,98805,99241,0
59650,36736,21334,96386,80984,58070,0
31762,68640,58475,100402,90237,127115,1
18234,98412,87646,116646,105880,186058,1
1626,51985,17329,53611,18955,69314,0
45945,19485,24709,65430,70654,44194,0
85348,90559,77272,175907,162620,167831,1
26298,36465,13637,62763,39935,50102,1
20447,13155,665,33602,21112,13820,0
2526,89896,93362,92422,95888,183258,0
17781,21066,32332,38847,50113,53398,1
35615,96779,70846,132394,106461,167625,1
64844,11979,55683,76823,120527,67662,1
87913,77165,5281,165078,93194,82446,0
99802,63696,75707,163498,175509,139403,1
76483,19503,8077,95986,84560,27580,0
4653,71345,49719,75998,54372,121064,0
3812,69043,89404,72855,93216,158447,0
64172,2047,39793,66219,103965,41840,0
53925,76762,75050,130687,128975,151812,1
15800,32926,97161,48726,112961,130087,0
29927,48391,48358,78318,78285,96749,1
53185,64012,90353,117197,143538,154365,1
26205,53659,62648,79864,88853,116307,1
85527,53690,11803,139217,97330,65493,0
48911,31009,47170,79920,96081,78179,1
86548,91361,94414,177909,180962,185775,1
35771,66026,57494,101797,93265,123520,1
30218,32945,70609,63163,100827,103554,0
11612,79876,29182,91488,40794,109058,0
54810,75137,83694,129947,138504,158831,1
96452,20528,54885,116980,151337,75413,0
85894,60560,84426,146454,170320,144986,1
23588,41661,53525,65249,77113,95186,1
579,90902,58199,91481,58778,149101,0
23974,42835,2745,66809,26719,45580,0
69082,21630,16244,90712,85326,37874,0
31861,75253,20193,107114,52054,95446,0
87180,65792,14882,152972,102062,80674,0
63506,12530,74988,76036,138494,87518,1
37587,66914,86904,104501,124491,153818,1
13815,42840,66859,56655,80674,109699,0
18027,57684,70595,75711,88622,128279,1
57094,95954,25206,153048,82300,121160,0
62829,96090,59983,158919,122812,156073,1
7266,45864,79341,53130,86607,125205,0
89236,5489,21206,94725,110442,26695,0
59124,5372,18155,64496,77279,23527,0
39796,20522,38828,60318,78624,59350,1
74968,30819,3904,105787,78872,34723,0
93694,57028,83115,150722,176809,140143,1
33965,7919,57271,41884,91236,65190,0
60399,80093,83967,140492,144366,164060,1
86850,15140,92201,101990,179051,107341,1
57438,98044,816,155482,58254,98860,0
11558,27584,81537,39142,93095,109121,0
20947,86084,73217,107031,94164,159301,1
12456,67365,99547,79821,112003,166912,0
35001,38784,14351,73785,49352,53135,1
22327,55473,45678,77800,68005,101151,1
42144,80809,33052,122953,75196,113861,0
33963,37234,63838,71197,97801,101072,1
53643,9975,64554,63618,118197,74529,0
74666,99690,10977,174356,85643,110667,0
21759,12259,44880,34018,66639,57139,0
94164,37459,56513,131623,150677,93972,0
69516,95366,41192,164882,110708,136558,1
69268,14823,4881,84091,74149,19704,0
25956,58428,62746,84384,88702,121174,1
88662,15119,1634,103781,90296,16753,0
13565,38442,77925,52007,91490,116367,0
80558,15568,23801,96126,104359,39369,0
99433,64004,48414,163437,147847,112418,1
6054,93424,10402,99478,16456,103826,0
65631,26543,98242,92174,163873,124785,0
86044,21788,9304,107832,95348,31092,0
62058,4518,49297,66576,111355,53815,0
81895,62582,91523,144477,173418,154105,1
62881,38885,17834,101766,80715,56719,0
86496,1277,8673,87773,95169,9950,0
20710,85196,69263,105906,89973,154459,1
79997,17246,35948,97243,115945,53194,0
60156,2022,94270,62178,154426,96292,0
30832,90462,85873,121294,116705,176335,1
26295,4889,71073,31184,97368,75962,0
94032,38398,42237,132430,136269,80635,0
66393,49736,87774,116129,154167,137510,1
25647,50612,38607,76259,64254,89219,1
39341,95044,69815,134385,109156,164859,1
11258,79691,93922,90949,105180,173613,0
15023,39896,2751,54919,17774,42647,0
5362,43609,86429,48971,91791,130038,0
88506,46336,99052,134842,187558,145388,1
35869,47913,25974,83782,61843,73887,1
94174,6467,65886,100641,160060,72353,0
7392,31598,38037,38990,45429,69635,1
57511,49239,47300,106750,104811,96539,1
65678,90740,90862,156418,156540,181602,1
60510,6794,38852,67304,99362,45646,0
78979,874,8269,79853,87248,9143,0
56572,55385,22436,111957,79008,77821,1
86728,95805,13377,182533,100105,109182,1
10593,30527,33679,41120,44272,64206,1
1903,12446,19872,14349,21775,32318,0
46364,19766,65196,66130,111560,84962,1
24854,83566,32622,108420,57476,116188,0
34461,17285,5702,51746,40163,22987,0
31798,97530,92458,129328,124256,189988,1
50675,42961,92581,93636,143256,135542,1
6630,79404,71534,86034,78164,150938,0
57219,40736,79575,97955,136794,120311,1
16736,38186,19829,54922,36565,58015,0
78157,85514,84935,163671,163092,170449,1
84225,95369,70250,179594,154475,165619,1
60070,12263,8048,72333,68118,20311,0
92111,49339,96607,141450,188718,145946,1
80463,86053,27089,166516,107552,113142,1
86184,50177,21083,136361,107267,71260,0
42532,65733,39329,108265,81861,105062,1
7724,3476,17934,11200,25658,21410,0
71950,79000,94857,150950,166807,173857,1
19508,6754,25441,26262,44949,32195,1
60989,44166,17252,105155,78241,61418,1
61940,77797,80280,139737,142220,158077,1
62597,80007,52273,142604,114870,132280,1
90529,10419,35190,100948,125719,45609,0
99135,96131,92113,195266,191248,188244,1
9324,33818,51274,43142,60598,85092,0
26179,52446,79657,78625,105836,132103,0
66304,8540,36377,74844,102681,44917,0
96156,2352,70593,98508,166749,72945,0
48215,53148,85295,101363,133510,138443,1
51623,54134,6199,105757,57822,60333,1
49383,52431,46507,101814,95890,98938,1
36974,92870,91257,129844,128231,184127,1
63783,18748,65973,82531,129756,84721,1
55299,70401,33430,125700,88729,103831,1
80507,31466,47454,111973,127961,78920,0
60673,10773,71930,71446,132603,82703,0
94974,73617,59744,168591,154718,133361,1
6511,93964,89341,100475,95852,183305,1
52650,15243,82395,67893,135045,97638,0
43401,40613,99235,84014,142636,139848,0
63551,31255,19863,94806,83414,51118,0
79287,91151,67085,170438,146372,158236,1
32254,70345,69209,102599,101463,139554,1
75435,28771,23469,104206,98904,52240,0
60047,60965,68433,121012,128480,129398,1
64574,15201,46517,79775,111091,61718,0
60893,33128,70653,94021,131546,103781,1
15632,57975,47424,73607,63056,105399,1
84174,27830,18479,112004,102653,46309,0
62517,72033,90385,134550,152902,162418,1
4068,55694,69621,59762,73689,125315,0
14353,39699,2424,54052,16777,42123,0
67741,23821,78668,91562,146409,102489,1
55095,76312,45986,131407,101081,122298,1
77011,10861,76421,87872,153432,87282,1
41822,17190,91799,59012,133621,108989,0
88156,27344,48048,115500,136204,75392,0
17008,27017,63520,44025,80528,90537,0
67580,33580,3899,101160,71479,37479,0
313,33924,77387,34237,77700,111311,0
20867,13805,64251,34672,85118,78056,0
65169,8499,42325,73668,107494,50824,0
36066,20739,70728,56805,106794,91467,0
4784,84380,24163,89164,28947,108543,0
37003,56985,54548,93988,91551,111533,1
73243,86993,77972,160236,151215,164965,1
29811,26948,1088,56759,30899,28036,0
73979,72760,41577,146739,115556,114337,1
36735,40082,41030,76817,77765,81112,1
21323,7680,68557,29003,89880,76237,0
72653,71977,4017,144630,76670,75994,1
96620,39993,59470,136613,156090,99463,1
20480,48266,9102,68746,29582,57368,0
25996,47454,99620,73450,125616,147074,0
57565,97838,20991,155403,78556,118829,0
83184,14988,95386,98172,178570,110374,1
58700,23756,94257,82456,152957,118013,0
8781,53494,21340,62275,30121,74834,0
61869,13332,74779,75201,136648,88111,1
96284,21369,75715,117653,171999,97084,1
63842,73515,45032,137357,108874,118547,1
21645,57585,44774,79230,66419,102359,1
69094,76317,33643,145411,102737,109960,1
25090,81073,88385,106163,113475,169458,1
15406,81823,21977,97229,37383,103800,0
33113,92335,74521,125448,107634,166856,1
83821,91708,91442,175529,175263,183150,1
40868,96729,58354,137597,99222,155083,1
23238,1158,87941,24396,111179,89099,0
91793,22839,52741,114632,144534,75580,0
13422,38823,71827,52245,85249,110650,0
39821,7669,40272,47490,80093,47941,1
5758,83180,25612,88938,31370,108792,0
26771,50487,35974,77258,62745,86461,1
79372,50970,39301,130342,118673,90271,1
53383,50266,85944,103649,139327,136210,1
58643,85041,26023,143684,84666,111064,0
47586,54778,40467,102364,88053,95245,1
77780,67526,90846,145306,168626,158372,1
14577,72235,81778,86812,96355,154013,1
26223,62856,31312,89079,57535,94168,0
50019,17406,12973,67425,62992,30379,0
34525,2407,11420,36932,45945,13827,0
82580,18397,99138,100977,181718,117535,1
2533,7764,6832,10297,9365,14596,1
45175,92643,91526,137818,136701,184169,1
70770,39780,16944,110550,87714,56724,0
54536,7196,3373,61732,57909,10569,0
58562,2357,96682,60919,155244,99039,0
70577,26597,81658,97174,152235,108255,1
52038,46252,47843,98290,99881,94095,1
30179,41555,69967,71734,100146,111522,1
57420,60921,10584,118341,68004,71505,1
59218,73336,40811,132554,100029,114147,1
49734,50225,33189,99959,82923,83414,1
66328,31549,25178,97877,91506,56727,0
93752,83051,96999,176803,190751,180050,1
18540,94230,21652,112770,40192,115882,0
69574,40564,88331,110138,157905,128895,1
72983,75080,98230,148063,171213,173310,1
7845,89272,71316,97117,79161,160588,0
96989,27083,56931,124072,153920,84014,0
64179,35646,11514,99825,75693,47160,0
31938,52288,94880,84226,126818,147168,0
53275,31813,55589,85088,108864,87402,1
93190,27286,39049,120476,132239,66335,0
23049,86508,62609,109557,85658,149117,0
51935,29325,98764,81260,150699,128089,0
15096,90533,82901,105629,97997,173434,1
19791,69885,90775,89676,110566,160660,0
44626,68295,15071,112921,59697,83366,0
36911,61782,9889,98693,46800,71671,0
41106,18991,96233,60097,137339,115224,0
23292,17216,35692,40508,58984,52908,1
956,97662,20844,98618,21800,118506,0
57895,17428,35084,75323,92979,52512,0
15630,98992,13599,114622,29229,112591,0
58047,20183,31832,78230,89879,52015,0
21721,86236,20951,107957,42672,107187,0
49240,29655,49622,78895,98862,79277,1
56498,42749,85997,99247,142495,128746,1
96259,38461,65777,134720,162036,104238,1
84075,80265,90007,164340,174082,170272,1
62137,12745,78109,74882,140246,90854,0
41960,30359,74930,72319,116890,105289,0
57090,29129,68627,86219,125717,97756,1
11343,87398,78504,98741,89847,165902,1
56995,97608,77537,154603,134532,175145,1
77815,55201,62379,133016,140194,117580,1
85218,27849,27330,113067,112548,55179,0
25856,39716,93655,65572,119511,133371,0
88185,19293,91122,107478,179307,110415,1
81041,97016,50427,178057,131468,147443,1
51798,78341,72409,130139,124207,150750,1
39983,70227,18029,110210,58012,88256,0
25800,14171,10057,39971,35857,24228,0
53372,88581,65290,141953,118662,153871,1
88962,21375,33939,110337,122901,55314,0
37919,65629,84803,103548,122722,150432,1
46280,49062,37472,95342,83752,86534,1
36351,77270,8599,113621,44950,85869,0
96537,95648,59375,192185,155912,155023,1
42203,3180,39159,45383,81362,42339,1
27653,46757,17328,74410,44981,64085,0
23637,91231,9020,114868,32657,100251,0
93312,43365,30404,136677,123716,73769,0
35598,66087,57406,101685,93004,123493,1
30271,71347,65972,101618,96243,137319,1
26125,46389,89972,72514,116097,136361,0
12821,4294,31903,17115,44724,36197,0
98637,92258,52348,190895,150985,144606,1
12206,5718,28981,17924,41187,34699,0
36220,8526,38372,44746,74592,46898,1
86900,97060,90615,183960,177515,187675,1
65001,43138,91850,108139,156851,134988,1
31458,11442,60581,42900,92039,72023,0
28891,68067,12592,96958,41483,80659,0
22527,29481,65529,52008,88056,95010,0
14450,24648,90926,39098,105376,115574,0
34212,27286,7965,61498,42177,35251,1
37935,40233,82207,78168,120142,122440,0
98808,4929,86910,103737,185718,91839,0
78493,38331,16018,116824,94511,54349,0
22833,18662,4752,41495,27585,23414,1
16557,28774,19804,45331,36361,48578,1
24140,89932,9408,114072,33548,99340,0
31402,77603,23481,109005,54883,101084,0
38058,87021,82109,125079,120167,169130,1
7470,15949,57207,23419,64677,73156,0
44684,50355,10629,95039,55313,60984,1
8223,46682,72715,54905,80938,119397,0
90087,79690,21363,169777,111450,101053,1
58712,85378,75455,144090,134167,160833,1
98879,48812,40507,147691,139386,89319,0
93093,97740,24655,190833,117748,122395,1
92717,5906,11859,98623,104576,17765,0
21965,28331,9732,50296,31697,38063,1
58854,1117,52770,59971,111624,53887,0
99943,92544,23786,192487,123729,116330,1
64604,49931,48133,114535,112737,98064,1
4092,82916,71752,87008,75844,154668,0
73204,3185,90074,76389,163278,93259,0
37606,13890,33839,51496,71445,47729,1
7015,6410,1133,13425,8148,7543,1
64217,62880,66991,127097,131208,129871,1
78007,36726,59784,114733,137791,96510,1
65314,63815,4893,129129,70207,68708,1
46041,42170,39599,88211,85640,81769,1
3243,85071,83875,88314,87118,168946,1
88007,27490,53410,115497,141417,80900,0
33469,28443,50388,61912,83857,78831,1
79310,46008,33548,125318,112858,79556,1
79630,81577,24270,161207,103900,105847,1
90299,38861,80880,129160,171179,119741,1
10618,51032,71714,61650,82332,122746,0
64206,70782,69971,134988,134177,140753,1
30955,5865,32917,36820,63872,38782,1
93688,57148,76677,150836,170365,133825,1
5006,85950,93454,90956,98460,179404,0
32614,24145,87312,56759,119926,111457,0
70990,78859,50416,149849,121406,129275,1
78939,64265,31822,143204,110761,96087,1
63998,20701,80935,84699,144933,101636,1
52853,69373,28143,122226,80996,97516,1
54963,567,16201,55530,71164,16768,0
68564,84140,52030,152704,120594,136170,1
69476,44167,33455,113643,102931,77622,1
39942,10275,46375,50217,86317,56650,1
99456,1745,13979,101201,113435,15724,0
29644,42897,25060,72541,54704,67957,1
44956,17633,15918,62589,60874,33551,0
14190,18682,76414,32872,90604,95096,0
34385,18691,87346,53076,121731,106037,0
73996,65120,72718,139116,146714,137838,1
76701,23248,59579,99949,136280,82827,1
88710,79473,33343,168183,122053,112816,1
10498,71088,62402,81586,72900,133490,1
25066,19808,95792,44874,120858,115600,0
25845,49112,45834,74957,71679,94946,1
77979,21569,3354,99548,81333,24923,0
23638,11520,35028,35158,58666,46548,1
98904,32185,26279,131089,125183,58464,0
57738,5650,36057,63388,93795,41707,0
45161,32180,38916,77341,84077,71096,1
9057,23200,63173,32257,72230,86373,0
98433,46918,27092,145351,125525,74010,0
22433,24039,64149,46472,86582,88188,0
41690,76872,56675,118562,98365,133547,1
17504,40005,96136,57509,113640,136141,0
213,66572,54891,66785,55104,121463,0
27397,84933,92387,112330,119784,177320,1
11976,86473,75524,98449,87500,161997,1
45172,79910,68332,125082,113504,148242,1
36906,66066,33389,102972,70295,99455,1
70823,64737,85373,135560,156196,150110,1
34658,21948,26324,56606,60982,48272,1
70043,53130,95168,123173,165211,148298,1
86398,10928,44337,97326,130735,55265,0
21301,79871,32728,101172,54029,112599,0
63211,96058,51483,159269,114694,147541,1
45849,19975,70031,65824,115880,90006,0
635,31797,52574,32432,53209,84371,0
23989,99876,42994,123865,66983,142870,0
62084,29043,53779,91127,115863,82822,1
51919,22933,32433,74852,84352,55366,1
32192,44043,23923,76235,56115,67966,1
60601,60830,16854,121431,77455,77684,1
28814,46701,34416,75515,63230,81117,1
15595,84641,56810,100236,72405,141451,0
5154,63428,65846,68582,71000,129274,1
63679,88014,66789,151693,130468,154803,1
7791,88043,61110,95834,68901,149153,0
42782,44592,78185,87374,120967,122777,1
7145,45401,11651,52546,18796,57052,0
38954,14781,78176,53735,117130,92957,0
75793,22115,11828,97908,87621,33943,0
45730,20640,3568,66370,49298,24208,0
28875,74336,29118,103211,57993,103454,0
28171,24238,69856,52409,98027,94094,0
69328,25374,93010,94702,162338,118384,1
16630,6312,51319,22942,67949,57631,0
38749,64708,3295,103457,42044,68003,0
45371,85255,26485,130626,71856,111740,0
29664,49733,36422,79397,66086,86155,1
10214,35100,69635,45314,79849,104735,0
67780,91792,21828,159572,89608,113620,0
8129,93990,6065,102119,14194,100055,0
23360,41768,94132,65128,117492,135900,0
23096,97173,73083,120269,96179,170256,0
90911,58182,96942,149093,187853,155124,1
34867,46957,62712,81824,97579,109669,1
57653,71391,18950,129044,76603,90341,1
12021,34712,52918,46733,64939,87630,0
65848,51713,19005,117561,84853,70718,1
66260,39717,36328,105977,102588,76045,1
87953,51734,72646,139687,160599,124380,1
40342,91949,13796,132291,54138,105745,0
98585,30348,16199,128933,114784,46547,0
80782,81988,28697,162770,109479,110685,1
77191,73048,37488,150239,114679,110536,1
21448,49193,92735,70641,114183,141928,0
31546,81988,58234,113534,89780,140222,1
82767,89017,48598,171784,131365,137615,1
82082,65406,69341,147488,151423,134747,1
79631,63545,38065,143176,117696,101610,1
13279,56036,92515,69315,105794,148551,0
69557,57798,7596,127355,77153,65394,0
29045,52100,59986,81145,89031,112086,1
78831,80326,95530,159157,174361,175856,1
89966,16948,59223,106914,149189,76171,0
75722,7845,22549,83567,98271,30394,0
58850,51580,40068,110430,98918,91648,1
74287,36018,80691,110305,154978,116709,1
94205,2976,36470,97181,130675,39446,0
29105,20572,5454,49677,34559,26026,0
48097,8275,26043,56372,74140,34318,0
12078,21326,7877,33404,19955,29203,0
48113,31354,35626,79467,83739,66980,1
38762,60744,80390,99506,119152,141134,1
56304,76522,42092,132826,98396,118614,1
41464,44959,96852,86423,138316,141811,0
19692,77009,31954,96701,51646,108963,0
69958,50889,44184,120847,114142,95073,1
3905,59194,76195,63099,80100,135389,0
37926,11249,41445,49175,79371,52694,1
73113,82896,29817,156009,102930,112713,1
62523,48876,88700,111399,151223,137576,1
15788,18975,13564,34763,29352,32539,1
6410,34460,2834,40870,9244,37294,0
17441,18407,67346,35848,84787,85753,0
23808,1407,76995,25215,100803,78402,0
82956,70890,36416,153846,119372,107306,1
23141,95466,25365,118607,48506,120831,0
21699,8732,30216,30431,51915,38948,1
98918,27084,67461,126002,166379,94545,0
17446,43453,85190,60899,102636,128643,0
89542,10488,80663,100030,170205,91151,1
76024,98505,96113,174529,172137,194618,1
49739,25808,54363,75547,104102,80171,1
16676,14139,53547,30815,70223,67686,0
27402,73238,68506,100640,95908,141744,1
46117,76851,40709,122968,86826,117560,1
85296,43271,17331,128567,102627,60602,0
32772,70888,34452,103660,67224,105340,0
44603,84399,34672,129002,79275,119071,0
39087,5779,90889,44866,129976,96668,0
11241,54591,54167,65832,65408,108758,1
71465,91192,64811,162657,136276,156003,1
64584,34175,51214,98759,115798,85389,1
84164,72444,90680,156608,174844,163124,1
88291,25757,35635,114048,123926,61392,0
94268,88026,2351,182294,96619,90377,0
61954,93575,30776,155529,92730,124351,0
44553,84090,87118,128643,131671,171208,1
15714,13378,83439,29092,99153,96817,0
30254,86367,73533,116621,103787,159900,1
89056,51782,59313,140838,148369,111095,1
49578,33083,88563,82661,138141,121646,0
29906,88198,78298,118104,108204,166496,1
15290,51428,25950,66718,41240,77378,0
404,77996,6041,78400,6445,84037,0
73726,48349,59851,122075,133577,108200,1
14504,12430,46029,26934,60533,58459,0
25883,60317,5981,86200,31864,66298,0
96980,85752,54452,182732,151432,140204,1
43312,64306,97390,107618,140702,161696,1
93723,5058,2476,98781,96199,7534,0
72400,74181,57912,146581,130312,132093,1
55041,60469,61986,115510,117027,122455,1
69313,66522,46869,135835,116182,113391,1
90329,98440,97724,188769,188053,196164,1
38542,40920,96139,79462,134681,137059,0
72261,25993,75404,98254,147665,101397,1
17142,56961,85135,74103,102277,142096,0
87438,80364,24760,167802,112198,105124,1
45171,74355,65937,119526,111108,140292,1
67107,25245,12118,92352,79225,37363,0
11646,8326,96716,19972,108362,105042,0
34776,58279,78413,93055,113189,136692,1
3017,45996,52735,49013,55752,98731,0
60358,89025,29008,149383,89366,118033,1
73075,16935,12733,90010,85808,29668,0
37504,26529,27917,64033,65421,54446,1
91804,32780,99085,124584,190889,131865,1
53310,87381,61033,140691,114343,148414,1
73286,93169,12813,166455,86099,105982,0
96582,29669,38139,126251,134721,67808,0
93491,34841,72050,128332,165541,106891,1
87734,64794,2362,152528,90096,67156,0
76003,6074,32150,82077,108153,38224,0
12044,49529,90198,61573,102242,139727,0
11207,90838,31549,102045,42756,122387,0
95824,20709,76158,116533,171982,96867,1
78714,82873,24055,161587,102769,106928,1
55695,63997,59894,119692,115589,123891,1
15057,16722,16403,31779,31460,33125,1
5127,78219,53459,83346,58586,131678,0
84483,34886,67607,119369,152090,102493,1
66220,90992,21814,157212,88034,112806,0
30727,39817,10537,70544,41264,50354,1
51518,13735,7466,65253,58984,21201,0
45385,42388,84509,87773,129894,126897,1
97646,52934,36575,150580,134221,89509,0
66539,77100,99257,143639,165796,176357,1
46699,64227,69977,110926,116676,134204,1
60595,82521,79410,143116,140005,161931,1
72469,94651,7972,167120,80441,102623,0
59960,14569,86883,74529,146843,101452,0
79658,78282,41980,157940,121638,120262,1
66263,93513,93243,159776,159506,186756,1
66860,90326,65585,157186,132445,155911,1
50993,37141,70064,88134,121057,107205,1
91784,78459,96699,170243,188483,175158,1
42248,53285,31146,95533,73394,84431,1
99549,49997,20101,149546,119650,70098,0
93402,68698,10045,162100,103447,78743,0
86484,88242,93984,174726,180468,182226,1
97923,91194,72683,189117,170606,163877,1
99168,14241,30933,113409,130101,45174,0
88451,51405,70544,139856,158995,121949,1
21174,70751,90579,91925,111753,161330,1
83147,19713,39802,102860,122949,59515,0
11563,40558,16479,52121,28042,57037,0
40904,98098,70968,139002,111872,169066,1
64267,14677,9873,78944,74140,24550,0
12385,69927,25608,82312,37993,95535,0
34626,57103,39395,91729,74021,96498,1
47378,1749,28868,49127,76246,30617,0
62699,38183,1419,100882,64118,39602,0
96231,26486,89051,122717,185282,115537,1
14395,34729,78147,49124,92542,112876,0
80822,96981,91734,177803,172556,188715,1
74272,67382,78613,141654,152885,145995,1
62853,28288,5708,91141,68561,33996,0
85623,42337,75555,127960,161178,117892,1
62648,8932,72157,71580,134805,81089,0
1024,8758,23505,9782,24529,32263,0
97212,76269,16137,173481,113349,92406,0
60642,64928,30156,125570,90798,95084,1
94095,79244,79979,173339,174074,159223,1
1451,32239,67598,33690,69049,99837,0
83274,28564,19725,111838,102999,48289,0
16059,11779,60380,27838,76439,72159,0
77243,24409,44601,101652,121844,69010,0
73270,44023,36614,117293,109884,80637,1
67678,19144,38983,86822,106661,58127,0
15258,44385,41808,59643,57066,86193,1
59922,36467,37762,96389,97684,74229,1
38462,44578,61788,83040,100250,106366,1
97032,38702,16872,135734,113904,55574,0
11663,82897,23475,94560,35138,106372,0
40025,87903,53456,127928,93481,141359,1
46136,38328,59124,84464,105260,97452,1
1627,11974,639,13601,2266,12613,0
7063,24802,11362,31865,18425,36164,0
55719,10148,98394,65867,154113,108542,0
94870,99341,86322,194211,181192,185663,1
42766,51770,59011,94536,101777,110781,1
16704,46446,35850,63150,52554,82296,1
83737,45259,48312,128996,132049,93571,1
19352,34006,71799,53358,91151,105805,0
23983,52845,37924,76828,61907,90769,1
64299,45649,39037,109948,103336,84686,1
6637,54907,46834,61544,53471,101741,0
85456,92549,5864,178005,91320,98413,0
52336,57383,63225,109719,115561,120608,1
55391,21303,64495,76694,119886,85798,1
77541,78888,60535,156429,138076,139423,1
47824,292,28972,48116,76796,29264,0
44408,82810,99397,127218,143805,182207,1
57215,22171,56866,79386,114081,79037,1
34835,42358,15181,77193,50016,57539,1
6006,14521,69527,20527,75533,84048,0
96148,66907,97622,163055,193770,164529,1
73926,31827,8411,105753,82337,40238,0
14368,77303,30985,91671,45353,108288,0
45823,9343,51200,55166,97023,60543,1
88438,76905,10742,165343,99180,87647,0
26560,50294,97847,76854,124407,148141,0
93640,72526,78633,166166,172273,151159,1
72640,61019,99476,133659,172116,160495,1
3908,2924,34457,6832,38365,37381,0
51355,90627,92630,141982,143985,183257,1
31166,79952,66186,111118,97352,146138,1
3142,76624,84125,79766,87267,160749,0
11026,66702,50121,77728,61147,116823,0
87294,27204,24588,114498,111882,51792,0
98175,9680,3457,107855,101632,13137,0
15170,95808,90343,110978,105513,186151,1
34315,24520,62959,58835,97274,87479,0
67802,93797,82073,161599,149875,175870,1
1244,9023,86401,10267,87645,95424,0
92936,60701,86405,153637,179341,147106,1
68758,64314,78748,133072,147506,143062,1
40818,64522,45468,105340,86286,109990,1
35974,61401,68663,97375,104637,130064,1
31331,70246,46299,101577,77630,116545,1
7306,9,90172,7315,97478,90181,0
11325,49357,65361,60682,76686,114718,0
16232,48675,22921,64907,39153,71596,0
36839,44232,82717,81071,119556,126949,0
97095,93644,46180,190739,143275,139824,1
25428,52847,74364,78275,99792,127211,1
26731,55162,52382,81893,79113,107544,1
18747,16450,31772,35197,50519,48222,1
31576,61874,52543,93450,84119,114417,1
79723,33030,29520,112753,109243,62550,0
23984,8939,62627,32923,86611,71566,0
16568,69644,79072,86212,95640,148716,1
64993,4051,27272,69044,92265,31323,0
94102,23289,24655,117391,118757,47944,0
35091,18877,79541,53968,114632,98418,0
31607,76145,80312,107752,111919,156457,1
8673,98996,67468,107669,76141,166464,0
91126,84637,44347,175763,135473,128984,1
46724,61461,52446,108185,99170,113907,1
45195,47049,8267,92244,53462,55316,1
88801,83394,10849,172195,99650,94243,1
51753,16161,21437,67914,73190,37598,0
31740,75507,50334,107247,82074,125841,1
44754,95468,14499,140222,59253,109967,0
31996,23263,80743,55259,112739,104006,0
64534,7125,89752,71659,154286,96877,0
43893,13418,77478,57311,121371,90896,0
8474,74775,43533,83249,52007,118308,0
2512,26416,85138,28928,87650,111554,0
55041,73088,83827,128129,138868,156915,1
63361,27151,36267,90512,99628,63418,1
67395,9098,82479,76493,149874,91577,0
54081,37310,52393,91391,106474,89703,1
70588,58585,21872,129173,92460,80457,1
7507,78194,23607,85701,31114,101801,0
38718,39265,33715,77983,72433,72980,1
55750,18133,51769,73883,107519,69902,1
89520,5086,1372,94606,90892,6458,0
67392,18475,66655,85867,134047,85130,1
19249,52062,40001,71311,59250,92063,1
70342,48632,70798,118974,141140,119430,1
75127,53072,36437,128199,111564,89509,1
52322,35654,67335,87976,119657,102989,1
92377,65531,34448,157908,126825,99979,1
50301,56800,12967,107101,63268,69767,1
18671,55769,72619,74440,91290,128388,1
47751,11258,96652,59009,144403,107910,0
11545,57498,78162,69043,89707,135660,0
58934,19585,40802,78519,99736,60387,1
68902,95386,92464,164288,161366,187850,1
2970,96940,92989,99910,95959,189929,0
19559,88725,86517,108284,106076,175242,1
25942,43555,85278,69497,111220,128833,0
56856,28535,62658,85391,119514,91193,1
38786,36652,22771,75438,61557,59423,1
7666,27371,35507,35037,43173,62878,0
67251,93206,3924,160457,71175,97130,0
24606,91905,67062,116511,91668,158967,0
86465,31396,23656,117861,110121,55052,0
45815,27058,68539,72873,114354,95597,1
83077,30552,70633,113629,153710,101185,1
29710,35840,38675,65550,68385,74515,1
37088,38959,14161,76047,51249,53120,1
37149,25782,84380,62931,121529,110162,0
12566,43250,85787,55816,98353,129037,0
77148,45361,80051,122509,157199,125412,1
96326,70892,75137,167218,171463,146029,1
83563,12311,78707,95874,162270,91018,1
95792,70805,18345,166597,114137,89150,0
51596,66170,71563,117766,123159,137733,1
63945,54030,94586,117975,158531,148616,1
72690,52220,23625,124910,96315,75845,1
65798,19309,47316,85107,113114,66625,1
38342,26392,6324,64734,44666,32716,0
29003,98765,50076,127768,79079,148841,0
97426,97178,5024,194604,102450,102202,1
11160,48392,44905,59552,56065,93297,1
82825,81208,12807,164033,95632,94015,1
31538,46794,87426,78332,118964,134220,0
87095,9070,78670,96165,165765,87740,1
74021,74,6630,74095,80651,6704,0
19140,39585,49066,58725,68206,88651,1
26201,77122,93456,103323,119657,170578,1
80948,13712,14014,94660,94962,27726,0
8073,35653,1178,43726,9251,36831,0
93097,76969,87225,170066,180322,164194,1
92114,47310,12484,139424,104598,59794,0
34667,91677,26727,126344,61394,118404,0
45290,38404,48766,83694,94056,87170,1
26402,52745,33543,79147,59945,86288,1
31686,57102,65377,88788,97063,122479,1
2169,5363,13176,7532,15345,18539,0
94297,60329,21140,154626,115437,81469,0
34844,63010,90143,97854,124987,153153,1
62361,68944,39576,131305,101937,108520,1
81464,67541,1709,149005,83173,69250,0
35108,17564,43052,52672,78160,60616,1
41180,8836,8232,50016,49412,17068,0
34659,19650,38603,54309,73262,58253,1
53889,61118,65423,115007,119312,126541,1
95731,99499,72291,195230,168022,171790,1
10547,98049,7615,108596,18162,105664,0
58433,3399,79204,61832,137637,82603,0
12211,51036,25326,63247,37537,76362,0
40822,1911,1331,42733,42153,3242,0
57892,75276,53677,133168,111569,128953,1
56336,85440,91003,141776,147339,176443,1
22761,23602,36257,46363,59018,59859,1
73135,29264,72807,102399,145942,102071,1
47242,69504,48510,116746,95752,118014,1
77181,52700,477,129881,77658,53177,0
49459,50471,586,99930,50045,51057,0
94942,65962,66494,160904,161436,132456,1
90029,43517,40360,133546,130389,83877,0
27381,34482,8030,61863,35411,42512,1
49652,76535,40913,126187,90565,117448,1
33762,9040,35599,42802,69361,44639,1
80543,35824,93634,116367,174177,129458,1
25856,18412,21663,44268,47519,40075,1
20425,81433,66490,101858,86915,147923,1
69199,3854,5837,73053,75036,9691,0
90575,29190,77402,119765,167977,106592,1
69423,15826,72453,85249,141876,88279,1
32695,17201,16866,49896,49561,34067,1
77448,96367,48538,173815,125986,144905,1
87332,92875,82460,180207,169792,175335,1
93076,52624,36686,145700,129762,89310,0
10968,78449,87820,89417,98788,166269,1
98839,99822,69325,198661,168164,169147,1
96558,48963,39509,145521,136067,88472,0
43748,92080,12418,135828,56166,104498,0
10797,9358,67583,20155,78380,76941,0
74285,50193,91487,124478,165772,141680,1
6971,48916,41995,55887,48966,90911,1
91921,21594,64016,113515,155937,85610,0
5934,73882,40460,79816,46394,114342,0
58175,16276,68721,74451,126896,84997,1
85030,26201,3016,111231,88046,29217,0
95042,42402,12469,137444,107511,54871,0
97691,16352,56900,114043,154591,73252,0
1902,22570,37152,24472,39054,59722,0
53761,34521,30782,88282,84543,65303,1
3124,69303,97848,72427,100972,167151,0
59705,23998,14596,83703,74301,38594,0
98172,84871,28645,183043,126817,113516,1
98688,32734,55132,131422,153820,87866,0
78495,32457,3603,110952,82098,36060,0
60599,54188,63032,114787,123631,117220,1
59214,61246,76611,120460,135825,137857,1
87760,57097,97394,144857,185154,154491,1
29041,27423,40370,56464,69411,67793,1
64595,22380,4317,86975,68912,26697,0
42916,89765,16399,132681,59315,106164,0
85762,5173,51086,90935,136848,56259,0
64066,7472,59303,71538,123369,66775,1
85862,52718,53363,138580,139225,106081,1
59369,43953,79444,103322,138813,123397,1
11442,34118,11449,45560,22891,45567,0
17749,12635,11306,30384,29055,23941,1
10830,73600,36152,84430,46982,109752,0
13961,22969,29908,36930,43869,52877,1
72811,63197,73773,136008,146584,136970,1
95474,74496,15484,169970,110958,89980,0
94276,99820,7702,194096,101978,107522,1
53805,55677,49481,109482,103286,105158,1
75252,98354,94330,173606,169582,192684,1
58975,16041,57703,75016,116678,73744,1
14809,68157,81191,82966,96000,149348,1
92798,71514,55595,164312,148393,127109,1
78157,40851,47921,119008,126078,88772,1
10463,8197,30669,18660,41132,38866,0
13268,47540,10564,60808,23832,58104,0
57652,24248,4332,81900,61984,28580,0
43085,3615,98691,46700,141776,102306,0
12734,58,17879,12792,30613,17937,0
18969,51592,35459,70561,54428,87051,1
73915,72408,93136,146323,167051,165544,1
54634,27533,89365,82167,143999,116898,0
89184,1644,92043,90828,181227,93687,0
39838,12117,52280,51955,92118,64397,0
65829,85584,91005,151413,156834,176589,1
54124,81568,70994,135692,125118,152562,1
44524,4410,31131,48934,75655,35541,0
75943,97388,99642,173331,175585,197030,1
58812,21875,56958,80687,115770,78833,1
82263,818,2390,83081,84653,3208,0
42154,2173,84024,44327,126178,86197,0
31100,4223,21254,35323,52354,25477,0
6765,17421,92437,24186,99202,109858,0
51665,42413,86692,94078,138357,129105,1
29605,8844,4211,38449,33816,13055,0
25222,5824,35726,31046,60948,41550,0
57095,78070,14938,135165,72033,93008,0
49577,7078,37953,56655,87530,45031,0
86714,81857,45994,168571,132708,127851,1
73341,98319,43965,171660,117306,142284,1
8076,84906,43666,92982,51742,128572,0
95521,33343,38742,128864,134263,72085,0
15898,31981,55263,47879,71161,87244,0
6446,15797,37308,22243,43754,53105,0
44896,43626,89646,88522,134542,133272,0
64445,20801,32911,85246,97356,53712,0
48223,23706,10757,71929,58980,34463,0
3471,386,61691,3857,65162,62077,0
82776,58283,47148,141059,129924,105431,1
65795,11011,62073,76806,127868,73084,1
73997,7125,19740,81122,93737,26865,0
65932,73577,97037,139509,162969,170614,1
18949,60552,60247,79501,79196,120799,1
7058,36370,75821,43428,82879,112191,0
16067,22592,90125,38659,106192,112717,0
53072,85413,88094,138485,141166,173507,1
46378,48791,30388,95169,76766,79179,1
71391,66276,81553,137667,152944,147829,1
47869,9096,8750,56965,56619,17846,0
95016,54077,67808,149093,162824,121885,1
53665,86620,93100,140285,146765,179720,1
70813,35588,88864,106401,159677,124452,1
10631,68382,15488,79013,26119,83870,0
30918,91752,9216,122670,40134,100968,0
5489,47027,5419,52516,10908,52446,0
41651,14689,58776,56340,100427,73465,0
57526,95885,77958,153411,135484,173843,1
35855,84868,71516,120723,107371,156384,1
11118,81620,74002,92738,85120,155622,1
55494,17100,93043,72594,148537,110143,0
7135,39255,22908,46390,30043,62163,0
79980,85744,58070,165724,138050,143814,1
18274,15538,24260,33812,42534,39798,1
4593,80386,97667,84979,102260,178053,0
27065,37811,20031,64876,47096,57842,1
45046,49121,71320,94167,116366,120441,1
78282,18270,35744,96552,114026,54014,0
44677,59915,44947,104592,89624,104862,1
95019,79289,63553,174308,158572,142842,1
92099,21771,38272,113870,130371,60043,0
69630,78167,82536,147797,152166,160703,1
64023,74345,7640,138368,71663,81985,0
87614,94312,71537,181926,159151,165849,1
74410,68932,62984,143342,137394,131916,1
6819,93348,1615,100167,8434,94963,0
15405,13314,55445,28719,70850,68759,0
38059,83164,34360,121223,72419,117524,0
40024,79444,60810,119468,100834,140254,1
8215,46391,23756,54606,31971,70147,0
36881,69566,54235,106447,91116,123801,1
20474,57715,86265,78189,106739,143980,0
44568,79977,68728,124545,113296,148705,1
20887,68578,22422,89465,43309,91000,0
8821,83354,10488,92175,19309,93842,0
9991,20740,33319,30731,43310,54059,0
94288,8004,67715,102292,162003,75719,0
20874,56522,19764,77396,40638,76286,0
87643,58278,28423,145921,116066,86701,0
34565,3747,20772,38312,55337,24519,0
72840,91713,78950,164553,151790,170663,1
10281,20941,47818,31222,58099,68759,0
70525,77309,71213,147834,141738,148522,1
46782,49034,14676,95816,61458,63710,1
27030,98972,67889,126002,94919,166861,0
56425,79815,12251,136240,68676,92066,0
40417,78212,4891,118629,45308,83103,0
19937,97933,42061,117870,61998,139994,0
50244,37210,66943,87454,117187,104153,1
70019,93937,81657,163956,151676,175594,1
79578,90901,1253,170479,80831,92154,0
11679,27124,16277,38803,27956,43401,1
36454,54366,13126,90820,49580,67492,0
24039,85943,62376,109982,86415,148319,1
45823,70444,76960,116267,122783,147404,1
62023,77593,73960,139616,135983,151553,1
28351,61125,27874,89476,56225,88999,0
30079,59089,17488,89168,47567,76577,0
38170,99540,45011,137710,83181,144551,0
50625,45444,46405,96069,97030,91849,1
85109,24015,89342,109124,174451,113357,1
43496,66031,84729,109527,128225,150760,1
71356,96874,3931,168230,75287,100805,0
4943,37329,81963,42272,86906,119292,0
10417,58844,88083,69261,98500,146927,0
87516,39862,4060,127378,91576,43922,0
90635,17614,89787,108249,180422,107401,1
21033,19929,13821,40962,34854,33750,1
95295,83932,67940,179227,163235,151872,1
83269,76178,88796,159447,172065,164974,1
8428,12608,69592,21036,78020,82200,0
88909,65936,96055,154845,184964,161991,1
31233,37856,26576,69089,57809,64432,1
31161,764,17009,31925,48170,17773,0
28531,67471,91276,96002,119807,158747,1
43903,1582,19142,45485,63045,20724,0
44192,54513,45086,98705,89278,99599,1
7675,22250,87842,29925,95517,110092,0
3551,49095,51636,52646,55187,100731,1
83778,43498,91533,127276,175311,135031,1
79160,93594,585,172754,79745,94179,0
63348,47144,6526,110492,69874,53670,0
51650,55283,88928,106933,140578,144211,1
82639,19275,52115,101914,134754,71390,0
68062,45604,53641,113666,121703,99245,1
48058,92032,60460,140090,108518,152492,1
29622,34829,49755,64451,79377,84584,1
35029,16404,19657,51433,54686,36061,1
31117,38542,44020,69659,75137,82562,1
63811,74722,13224,138533,77035,87946,1
10966,33493,95981,44459,106947,129474,0
29668,77339,42111,107007,71779,119450,0
3267,54999,17397,58266,20664,72396,0
54312,20545,68290,74857,122602,88835,1
19246,50562,49914,69808,69160,100476,1
24264,22011,21257,46275,45521,43268,1
62007,64241,23152,126248,85159,87393,1
56537,28389,18844,84926,75381,47233,0
69865,73155,9386,143020,79251,82541,1
30171,49262,46287,79433,76458,95549,1
30757,68928,59892,99685,90649,128820,1
30387,91970,91068,122357,121455,183038,1
11354,96618,49591,107972,60945,146209,0
1012,8318,92563,9330,93575,100881,0
96689,3642,41317,100331,138006,44959,0
13449,59318,29513,72767,42962,88831,0
69128,50996,31213,120124,100341,82209,1
32594,48186,48472,80780,81066,96658,1
42885,24365,42175,67250,85060,66540,1
29167,38004,68463,67171,97630,106467,0
21224,61634,8030,82858,29254,69664,0
92992,11129,13440,104121,106432,24569,0
63794,90532,25314,154326,89108,115846,0
40862,86998,4824,127860,45686,91822,0
56271,60152,11792,116423,68063,71944,1
62451,55528,73690,117979,136141,129218,1
36292,18435,62972,54727,99264,81407,0
99959,45379,68442,145338,168401,113821,1
17751,30827,13851,48578,31602,44678,1
75474,97873,12964,173347,88438,110837,0
48954,32610,99879,81564,148833,132489,0
33578,94982,28853,128560,62431,123835,0
18796,93602,98030,112398,116826,191632,1
78032,87466,1841,165498,79873,89307,0
30446,15105,96026,45551,126472,111131,0
93346,82002,81584,175348,174930,163586,1
50221,61120,32221,111341,82442,93341,1
51904,20995,67022,72899,118926,88017,1
27224,27289,88435,54513,115659,115724,0
35093,93038,30518,128131,65611,123556,0
78435,12016,82276,90451,160711,94292,1
34759,4338,75586,39097,110345,79924,0
66752,64193,17117,130945,83869,81310,1
19676,22693,84761,42369,104437,107454,0
99076,31710,17844,130786,116920,49554,0
63023,39701,60139,102724,123162,99840,1
74400,84202,56282,158602,130682,140484,1
11523,46702,59071,58225,70594,105773,0
45044,9246,9073,54290,54117,18319,0
41929,63066,17604,104995,59533,80670,0
78611,79613,21402,158224,100013,101015,1
12680,5844,46024,18524,58704,51868,0
97270,29904,79882,127174,177152,109786,1
77762,1031,19089,78793,96851,20120,0
90299,99519,60943,189818,151242,160462,1
83496,54700,33005,138196,116501,87705,1
22150,6461,47269,28611,69419,53730,0
75475,26805,43840,102280,119315,70645,0
5718,86236,10444,91954,16162,96680,0
30386,97987,40895,128373,71281,138882,0
396,72918,79178,73314,79574,152096,0
76321,31144,67828,107465,144149,98972,1
91607,21190,56662,112797,148269,77852,0
80313,79134,41181,159447,121494,120315,1
19411,42713,8741,62124,28152,51454,0
89657,16641,85320,106298,174977,101961,1
76338,30854,28618,107192,104956,59472,0
75247,60090,56427,135337,131674,116517,1
37224,36700,69627,73924,106851,106327,1
74195,22438,11433,96633,85628,33871,0
90809,34806,12355,125615,103164,47161,0
38404,79702,17696,118106,56100,97398,0
2060,646,74175,2706,76235,74821,0
56126,78963,46898,135089,103024,125861,1
99798,41247,5903,141045,105701,47150,0
86769,43454,8757,130223,95526,52211,0
46458,67619,92002,114077,138460,159621,1
93289,95963,9633,189252,102922,105596,1
41562,18407,79962,59969,121524,98369,0
94827,83606,81526,178433,176353,165132,1
86631,40348,97724,126979,184355,138072,1
98987,37851,96272,136838,195259,134123,1
31434,50096,27158,81530,58592,77254,1
42436,30823,32236,73259,74672,63059,1
41184,94918,25282,136102,66466,120200,0
19997,13988,78788,33985,98785,92776,0
60024,96238,43569,156262,103593,139807,1
10339,58741,11903,69080,22242,70644,0
79000,52920,8338,131920,87338,61258,0
30601,23450,26229,54051,56830,49679,1
72116,53793,20598,125909,92714,74391,1
69188,95893,82889,165081,152077,178782,1
62909,15122,39814,78031,102723,54936,0
68669,74862,6701,143531,75370,81563,1
50019,62590,88753,112609,138772,151343,1
15717,2993,14190,18710,29907,17183,1
10921,34109,44150,45030,55071,78259,1
3540,86040,41038,89580,44578,127078,0
40359,84207,95878,124566,136237,180085,1
11174,86310,93760,97484,104934,180070,1
24212,63783,44612,87995,68824,108395,1
34897,46455,37933,81352,72830,84388,1
13062,75175,20387,88237,33449,95562,0
96819,64364,5566,161183,102385,69930,0
89032,68218,48850,157250,137882,117068,1
12531,40892,97968,53423,110499,138860,0
83618,98796,96060,182414,179678,194856,1
41676,97108,84903,138784,126579,182011,1
53678,78357,24104,132035,77782,102461,0
51948,17314,71125,69262,123073,88439,0
20474,65531,8642,86005,29116,74173,0
13028,73220,53359,86248,66387,126579,0
1559,83096,73248,84655,74807,156344,0
61976,34651,85851,96627,147827,120502,1
2599,80417,46788,83016,49387,127205,0
87450,18151,87620,105601,175070,105771,1
71523,5578,98249,77101,169772,103827,0
39969,29923,67799,69892,107768,97722,1
12698,19113,71275,31811,83973,90388,0
55944,22014,11259,77958,67203,33273,0
24873,58229,89846,83102,114719,148075,0
57408,66279,76812,123687,134220,143091,1
20079,7501,4428,27580,24507,11929,0
35432,90328,65566,125760,100998,155894,1
5502,12206,54121,17708,59623,66327,0
67029,81299,39305,148328,106334,120604,1
8192,43751,37854,51943,46046,81605,1
19012,81765,92869,100777,111881,174634,1
92783,58199,85653,150982,178436,143852,1
78693,98713,48459,177406,127152,147172,1
78322,25536,71076,103858,149398,96612,1
30812,85885,99485,116697,130297,185370,1
3810,29503,6134,33313,9944,35637,0
67766,30641,42341,98407,110107,72982,1
21217,34052,37339,55269,58556,71391,1
75895,7621,26806,83516,102701,34427,0
32817,25639,37081,58456,69898,62720,1
88278,81083,65275,169361,153553,146358,1
72417,12903,54368,85320,126785,67271,0
29897,73745,4988,103642,34885,78733,0
92726,47077,45625,139803,138351,92702,0
51551,98085,66915,149636,118466,165000,1
14172,11218,28041,25390,42213,39259,0
18884,22061,74660,40945,93544,96721,0
22499,46810,18249,69309,40748,65059,0
47320,23386,63372,70706,110692,86758,1
77394,33915,10766,111309,88160,44681,0
68176,13249,16785,81425,84961,30034,0
20368,16375,46614,36743,66982,62989,0
49029,11802,47801,60831,96830,59603,1
63146,9894,49004,73040,112150,58898,0
52155,54804,93884,106959,146039,148688,1
36477,8196,91593,44673,128070,99789,0
11396,45580,81020,56976,92416,126600,0
16465,13376,77667,29841,94132,91043,0
58419,56966,4950,115385,63369,61916,1
42300,26753,83379,69053,125679,110132,0
73354,62351,32301,135705,105655,94652,1
80089,87029,43864,167118,123953,130893,1
93582,390,2240,93972,95822,2630,0
61268,59425,29554,120693,90822,88979,1
73578,10698,31921,84276,105499,42619,0
93768,51087,55586,144855,149354,106673,1
51400,57754,48843,109154,100243,106597,1
82732,91190,65678,173922,148410,156868,1
12548,98397,1643,110945,14191,100040,0
92882,66754,72951,159636,165833,139705,1
15083,27770,17355,42853,32438,45125,1
10953,62080,47810,73033,58763,109890,0
7268,15096,99702,22364,106970,114798,0
99525,18593,70470,118118,169995,89063,0
32676,88990,55797,121666,88473,144787,0
50699,29302,77729,80001,128428,107031,1
98060,62157,8198,160217,106258,70355,0
40484,48246,93101,88730,133585,141347,0
89326,7991,38867,97317,128193,46858,0
82979,9816,45830,92795,128809,55646,0
81411,63774,20059,145185,101470,83833,1
25106,17947,61361,43053,86467,79308,0
39907,20915,94376,60822,134283,115291,0
79992,15777,81100,95769,161092,96877,1
16199,86187,47890,102386,64089,134077,0
70407,89137,78321,159544,148728,167458,1
74294,35868,41484,110162,115778,77352,1
24691,24270,84202,48961,108893,108472,0
51278,44718,60853,95996,112131,105571,1
5300,81675,36280,86975,41580,117955,0
24885,7454,4991,32339,29876,12445,0
16626,97901,49063,114527,65689,146964,0
71337,71470,68106,142807,139443,139576,1
28504,58580,61073,87084,89577,119653,1
64468,11448,8673,75916,73141,20121,0
26843,21058,18509,47901,45352,39567,1
56293,57933,73186,114226,129479,131119,1
44558,10831,15833,55389,60391,26664,0
45038,87169,19927,132207,64965,107096,0
92534,42427,50231,134961,142765,92658,1
65266,92949,3252,158215,68518,96201,0
67509,89980,68704,157489,136213,158684,1
99304,41406,26095,140710,125399,67501,0
93651,15164,67277,108815,160928,82441,0
72927,75330,58490,148257,131417,133820,1
19244,49205,36581,68449,55825,85786,1
41062,61179,10659,102241,51721,71838,0
96372,83378,7824,179750,104196,91202,0
72151,36889,19668,109040,91819,56557,0
96873,27650,74406,124523,171279,102056,1
91322,56160,8426,147482,99748,64586,0
20160,59178,45574,79338,65734,104752,1
207,414,24008,621,24215,24422,0
57274,47617,83312,104891,140586,130929,1
35235,78621,72751,113856,107986,151372,1
55490,38351,55741,93841,111231,94092,1
9925,74620,27716,84545,37641,102336,0
40324,90403,34345,130727,74669,124748,0
93093,81359,17386,174452,110479,98745,1
53781,5685,83954,59466,137735,89639,0
68021,16676,72460,84697,140481,89136,1
29589,73884,38624,103473,68213,112508,0
60017,96683,78651,156700,138668,175334,1
36333,44898,31009,81231,67342,75907,1
55376,36593,70297,91969,125673,106890,1
54204,23296,34017,77500,88221,57313,1
11526,46394,88156,57920,99682,134550,0
33335,51580,92193,84915,125528,143773,0
37270,84829,33209,122099,70479,118038,0
24299,96585,77674,120884,101973,174259,1
43345,3452,65207,46797,108552,68659,0
84556,47773,23852,132329,108408,71625,0
72367,41264,57343,113631,129710,98607,1
85584,43225,19242,128809,104826,62467,0
58633,11846,42705,70479,101338,54551,0
52209,52575,1360,104784,53569,53935,1
74016,18730,44553,92746,118569,63283,0
93912,97482,93422,191394,187334,190904,1
20064,79649,8358,99713,28422,88007,0
54502,40326,57394,94828,111896,97720,1
80713,27649,11494,108362,92207,39143,0
70678,96376,1000,167054,71678,97376,0
76254,79930,34490,156184,110744,114420,1
60271,87732,30817,148003,91088,118549,1
51263,69552,62640,120815,113903,132192,1
24249,53233,82076,77482,106325,135309,0
51053,12308,97122,63361,148175,109430,0
18337,14445,17633,32782,35970,32078,1
61678,77007,16019,138685,77697,93026,1
70575,466,17817,71041,88392,18283,0
57683,23291,554,80974,58237,23845,0
49316,88310,9656,137626,58972,97966,0
62293,45339,61066,107632,123359,106405,1
82133,53406,79792,135539,161925,133198,1
4711,29007,33941,33718,38652,62948,0
9133,51911,62885,61044,72018,114796,0
33785,94377,50642,128162,84427,145019,0
47720,6557,72862,54277,120582,79419,0
79697,28575,64872,108272,144569,93447,1
6673,54689,24693,61362,31366,79382,0
56764,6534,62654,63298,119418,69188,1
12049,6741,48290,18790,60339,55031,0
51701,3498,60405,55199,112106,63903,0
85173,46568,10292,131741,95465,56860,0
88451,915,44312,89366,132763,45227,0
13903,35342,25381,49245,39284,60723,1
41817,52388,79878,94205,121695,132266,1
20065,24336,72734,44401,92799,97070,0
53578,9382,21986,62960,75564,31368,0
84192,22170,92997,106362,177189,115167,1
80389,15063,18126,95452,98515,33189,0
16436,44925,46280,61361,62716,91205,1
49119,4749,98946,53868,148065,103695,0
52239,40517,30634,92756,82873,71151,1
73268,13770,90942,87038,164210,104712,0
87052,70330,45025,157382,132077,115355,1
65647,97824,10054,163471,75701,107878,0
35876,3815,41320,39691,77196,45135,0
66025,76406,17981,142431,84006,94387,1
15779,63364,96977,79143,112756,160341,0
25416,13045,79947,38461,105363,92992,0
39611,28359,72046,67970,111657,100405,0
39994,11478,20814,51472,60808,32292,0
60874,57015,29478,117889,90352,86493,1
96579,69415,17632,165994,114211,87047,0
16548,95198,5607,111746,22155,100805,0
62360,49478,70794,111838,133154,120272,1
51549,72992,4649,124541,56198,77641,0
89172,4271,25126,93443,114298,29397,0
89718,64183,66584,153901,156302,130767,1
38184,81661,39888,119845,78072,121549,0
2179,33664,12207,35843,14386,45871,0
41550,25179,73680,66729,115230,98859,0
12195,48537,77085,60732,89280,125622,0
28607,84270,22757,112877,51364,107027,0
44351,97688,2294,142039,46645,99982,0
66836,43754,70191,110590,137027,113945,1
3282,45183,93054,48465,96336,138237,0
41564,43162,36451,84726,78015,79613,1
87325,92609,51770,179934,139095,144379,1
95045,73852,52044,168897,147089,125896,1
91853,45559,48401,137412,140254,93960,1
25788,70881,40246,96669,66034,111127,0
40502,10102,3638,50604,44140,13740,0
56608,34293,83664,90901,140272,117957,1
75172,40595,35453,115767,110625,76048,1
3063,88021,86877,91084,89940,174898,1
52397,84247,90901,136644,143298,175148,1
54928,72018,76660,126946,131588,148678,1
33935,86776,91835,120711,125770,178611,1
35600,72321,81047,107921,116647,153368,1
97388,49379,4199,146767,101587,53578,0
96752,9109,48407,105861,145159,57516,0
95604,80345,5794,175949,101398,86139,0
68713,76774,76394,145487,145107,153168,1
61863,62744,41532,124607,103395,104276,1
49071,78172,7969,127243,57040,86141,0
30708,65877,75353,96585,106061,141230,1
94699,19167,31686,113866,126385,50853,0
68521,53372,26252,121893,94773,79624,1
4067,54068,7469,58135,11536,61537,0
37250,6558,91564,43808,128814,98122,0
70685,8871,49180,79556,119865,58051,0
901,90524,46697,91425,47598,137221,0
1173,74559,65540,75732,66713,140099,0
41336,43680,30679,85016,72015,74359,1
37001,2047,6192,39048,43193,8239,0
66469,87633,63721,154102,130190,151354,1
41656,80879,6800,122535,48456,87679,0
80406,65913,81666,146319,162072,147579,1
28766,47477,9720,76243,38486,57197,0
20920,5107,29639,26027,50559,34746,0
11761,10749,79302,22510,91063,90051,0
73056,85208,94571,158264,167627,179779,1
27015,70866,86161,97881,113176,157027,1
91218,28408,42338,119626,133556,70746,0
5286,88854,83755,94140,89041,172609,1
48291,95274,96535,143565,144826,191809,1
46253,50065,62858,96318,109111,112923,1
18483,96386,52552,114869,71035,148938,0
26735,85754,34210,112489,60945,119964,0
44164,74584,29703,118748,73867,104287,0
38692,28589,77507,67281,116199,106096,0
54708,86563,2963,141271,57671,89526,0
3808,9228,1383,13036,5191,10611,0
47992,7015,79083,55007,127075,86098,0
22338,6116,43243,28454,65581,49359,0
5571,14469,68794,20040,74365,83263,0
11512,37075,36709,48587,48221,73784,1
12731,80075,28404,92806,41135,108479,0
77108,21858,84945,98966,162053,106803,1
70136,68907,93461,139043,163597,162368,1
51316,37900,76376,89216,127692,114276,1
55833,1858,91080,57691,146913,92938,0
63149,819,72142,63968,135291,72961,0
88634,95741,91736,184375,180370,187477,1
6660,95169,62337,101829,68997,157506,0
86260,60205,65614,146465,151874,125819,1
61917,76862,14404,138779,76321,91266,0
97957,35954,29489,133911,127446,65443,0
2316,30912,16233,33228,18549,47145,0
36071,66108,82206,102179,118277,148314,1
35764,67524,41136,103288,76900,108660,1
32360,78016,68795,110376,101155,146811,1
38162,26811,36571,64973,74733,63382,1
54888,90516,29305,145404,84193,119821,0
20691,56592,50402,77283,71093,106994,1
93428,86222,26292,179650,119720,112514,1
71116,41944,32057,113060,103173,74001,1
82578,62784,17765,145362,100343,80549,0
51174,32975,26100,84149,77274,59075,1
16780,23957,68137,40737,84917,92094,0
65829,75775,2351,141604,68180,78126,0
34590,54940,24084,89530,58674,79024,1
18836,43168,59670,62004,78506,102838,1
78166,22456,27675,100622,105841,50131,0
33837,71312,61328,105149,95165,132640,1
6577,33038,91880,39615,98457,124918,0
62885,81809,79152,144694,142037,160961,1
5692,32025,99694,37717,105386,131719,0
89809,22602,43091,112411,132900,65693,0
45516,39795,86031,85311,131547,125826,0
45911,92048,6025,137959,51936,98073,0
47186,10841,18886,58027,66072,29727,0
2216,48885,37354,51101,39570,86239,0
5695,61845,55038,67540,60733,116883,0
58642,52632,65610,111274,124252,118242,1
89017,84766,47400,173783,136417,132166,1
53816,11977,69056,65793,122872,81033,0
45404,83543,55372,128947,100776,138915,1
22785,80275,81217,103060,104002,161492,1
20375,77232,13238,97607,33613,90470,0
4921,13435,90534,18356,95455,103969,0
89080,84390,9097,173470,98177,93487,1
57816,49806,42531,107622,100347,92337,1
8307,67698,95170,76005,103477,162868,0
58328,79932,68790,138260,127118,148722,1
87588,96557,92534,184145,180122,189091,1
38748,72247,54792,110995,93540,127039,1
98818,26945,45680,125763,144498,72625,0
4097,73089,60187,77186,64284,133276,0
7199,6135,77248,13334,84447,83383,0
21656,76124,31341,97780,52997,107465,0
58011,23694,33727,81705,91738,57421,0
42697,27775,45104,70472,87801,72879,1
51617,48270,99557,99887,151174,147827,1
88153,26681,71631,114834,159784,98312,1
19811,20781,2380,40592,22191,23161,1
80346,7948,69764,88294,150110,77712,0
57556,7713,15093,65269,72649,22806,0
14879,12912,78327,27791,93206,91239,0
33788,82781,38098,116569,71886,120879,0
38037,10122,63893,48159,101930,74015,0
67931,39313,61989,107244,129920,101302,1
80329,86489,77863,166818,158192,164352,1
84035,31844,78627,115879,162662,110471,1
572,48919,91147,49491,91719,140066,0
61851,38597,21998,100448,83849,60595,0
21302,24980,68844,46282,90146,93824,0
79804,36165,89574,115969,169378,125739,1
39429,24689,822,64118,40251,25511,0
81770,24343,37327,106113,119097,61670,0
77095,99418,42876,176513,119971,142294,1
29268,30593,24982,59861,54250,55575,1
53602,50892,97939,104494,151541,148831,1
3214,92477,46163,95691,49377,138640,0
88141,1782,19869,89923,108010,21651,0
41566,12096,44910,53662,86476,57006,1
67375,30801,25774,98176,93149,56575,0
34903,4434,65988,39337,100891,70422,0
91971,19734,86375,111705,178346,106109,1
84185,60286,95182,144471,179367,155468,1
56824,61284,3279,118108,60103,64563,0
27458,76537,83608,103995,111066,160145,1
45766,7624,51772,53390,97538,59396,1
28437,66087,58458,94524,86895,124545,1
69072,95856,61508,164928,130580,157364,1
13456,1824,18220,15280,31676,20044,0
89885,59348,71991,149233,161876,131339,1
71970,49311,53537,121281,125507,102848,1
29133,74823,38955,103956,68088,113778,0
51011,65770,42044,116781,93055,107814,1
1345,18010,12692,19355,14037,30702,0
75258,2812,93230,78070,168488,96042,0
77899,23481,6324,101380,84223,29805,0
26487,7420,78849,33907,105336,86269,0
61777,29662,56944,91439,118721,86606,1
11733,48093,75343,59826,87076,123436,0
45394,74693,21688,120087,67082,96381,0
2819,85885,5005,88704,7824,90890,0
38384,35183,82633,73567,121017,117816,0
97346,41450,92126,138796,189472,133576,1
72683,36897,57599,109580,130282,94496,1
93508,91539,21802,185047,115310,113341,1
23142,66593,85021,89735,108163,151614,1
53800,33148,10236,86948,64036,43384,0
58251,53399,7612,111650,65863,61011,1
82592,89912,4443,172504,87035,94355,0
22086,67320,50224,89406,72310,117544,1
69872,52161,36303,122033,106175,88464,1
33626,59712,47456,93338,81082,107168,1
85713,76703,5021,162416,90734,81724,0
5548,79635,34301,85183,39849,113936,0
4764,6991,20934,11755,25698,27925,0
41299,46742,87880,88041,129179,134622,1
46886,4255,83890,51141,130776,88145,0
82851,65614,94132,148465,176983,159746,1
99105,40225,80723,139330,179828,120948,1
61528,8594,24097,70122,85625,32691,0
75784,10247,96279,86031,172063,106526,0
69330,86833,6986,156163,76316,93819,0
40769,48657,45059,89426,85828,93716,1
70979,94701,90390,165680,161369,185091,1
91453,12071,96014,103524,187467,108085,1
58826,12040,54824,70866,113650,66864,1
14095,42262,29075,56357,43170,71337,1
43989,45637,24724,89626,68713,70361,1
18482,98355,57448,116837,75930,155803,0
62364,56181,22462,118545,84826,78643,1
39993,75158,7327,115151,47320,82485,0
73713,33281,19180,106994,92893,52461,0
11793,7783,74116,19576,85909,81899,0
178,75813,2855,75991,3033,78668,0
22584,46049,92366,68633,114950,138415,0
66060,63730,74977,129790,141037,138707,1
41528,95537,33674,137065,75202,129211,0
29560,81766,88605,111326,118165,170371,1
5068,10191,39350,15259,44418,49541,0
60836,50560,2375,111396,63211,52935,0
85927,12865,72368,98792,158295,85233,0
39451,75911,70890,115362,110341,146801,1
17980,57178,62687,75158,80667,119865,1
40604,54476,34051,95080,74655,88527,1
95546,21278,94164,116824,189710,115442,1
91283,2580,62468,93863,153751,65048,0
70087,31761,72424,101848,142511,104185,1
73172,66492,88589,139664,161761,155081,1
44103,84447,2331,128550,46434,86778,0
20084,90940,76686,111024,96770,167626,1
9692,91267,38943,100959,48635,130210,0
99192,13359,35559,112551,134751,48918,0
8452,65531,50266,73983,58718,115797,0
58596,62701,37912,121297,96508,100613,1
40190,4215,93796,44405,133986,98011,0
29389,48554,55118,77943,84507,103672,1
7549,22842,59240,30391,66789,82082,0
58965,19977,54587,78942,113552,74564,1
35375,7218,92856,42593,128231,100074,0
48199,93052,39406,141251,87605,132458,0
71000,82027,86025,153027,157025,168052,1
41826,17852,45341,59678,87167,63193,1
19630,86422,14319,106052,33949,100741,0
60672,31940,60453,92612,121125,92393,1
80857,94611,50608,175468,131465,145219,1
97698,76501,92992,174199,190690,169493,1
14441,42524,57953,56965,72394,100477,0
12169,16343,14882,28512,27051,31225,1
40519,49665,61274,90184,101793,110939,1
64863,28886,36511,93749,101374,65397,1
69892,98773,54,168665,69946,98827,0
84486,96238,74925,180724,159411,171163,1
19512,52991,98505,72503,118017,151496,0
20883,53770,76421,74653,97304,130191,0
44163,97769,56286,141932,100449,154055,1
75158,95762,39609,170920,114767,135371,1
51039,62237,43843,113276,94882,106080,1
62734,48735,6926,111469,69660,55661,0
975,65368,98228,66343,99203,163596,0
51640,22398,69853,74038,121493,92251,1
30392,13831,27415,44223,57807,41246,1
929,82036,29183,82965,30112,111219,0
56512,62163,51143,118675,107655,113306,1
9428,63741,78557,73169,87985,142298,0
81698,11188,79142,92886,160840,90330,1
40345,36174,1183,76519,41528,37357,0
86847,80790,93997,167637,180844,174787,1
39577,16368,67111,55945,106688,83479,0
24843,91500,67004,116343,91847,158504,1
78583,95585,42465,174168,121048,138050,1
41336,54899,76003,96235,117339,130902,1
83956,21617,3169,105573,87125,24786,0
4270,55246,34907,59516,39177,90153,0
27265,65971,19686,93236,46951,85657,0
65092,63136,6096,128228,71188,69232,1
17082,6574,88132,23656,105214,94706,0
73622,4734,4653,78356,78275,9387,0
3167,83630,83278,86797,86445,166908,1
94542,76922,23139,171464,117681,100061,1
15347,34223,57085,49570,72432,91308,0
34576,5559,22307,40135,56883,27866,0
43056,18861,56914,61917,99970,75775,1
78478,56293,83635,134771,162113,139928,1
60645,3307,46767,63952,107412,50074,0
39020,27834,82048,66854,121068,109882,0
17074,92747,65747,109821,82821,158494,0
78122,15508,94861,93630,172983,110369,0
46994,91856,65105,138850,112099,156961,1
66477,92023,57661,158500,124138,149684,1
80334,31180,37471,111514,117805,68651,0
98947,72459,3022,171406,101969,75481,0
74815,95084,92920,169899,167735,188004,1
94936,42772,33613,137708,128549,76385,0
486,6476,31653,6962,32139,38129,0
5192,85484,38405,90676,43597,123889,0
82836,34030,12404,116866,95240,46434,0
26363,92711,53258,119074,79621,145969,0
2927,86783,48476,89710,51403,135259,0
82559,81925,78329,164484,160888,160254,1
88198,53860,64352,142058,152550,118212,1
26274,23042,33237,49316,59511,56279,1
2085,39981,59377,42066,61462,99358,0
8258,88711,48617,96969,56875,137328,0
50505,45668,87398,96173,137903,133066,1
9512,81270,52712,90782,62224,133982,0
39775,31619,80367,71394,120142,111986,0
72184,26777,45664,98961,117848,72441,1
60982,9783,24539,70765,85521,34322,0
20060,47701,22224,67761,42284,69925,0
97648,75597,21705,173245,119353,97302,0
24973,28010,93697,52983,118670,121707,0
60408,56738,20057,117146,80465,76795,1
7130,96296,57542,103426,64672,153838,0
14587,92670,83699,107257,98286,176369,1
65666,89793,50970,155459,116636,140763,1
97895,78732,87017,176627,184912,165749,1
29172,29571,45188,58743,74360,74759,1
96157,27753,14549,123910,110706,42302,0
38559,50746,40350,89305,78909,91096,1
37723,16830,71082,54553,108805,87912,0
22155,72570,45532,94725,67687,118102,0
57543,63793,74800,121336,132343,138593,1
57408,6981,92648,64389,150056,99629,0
29416,95084,96379,124500,125795,191463,1
72780,60582,14756,133362,87536,75338,1
20536,96272,6372,116808,26908,102644,0
55938,82207,9835,138145,65773,92042,0
84117,99474,37996,183591,122113,137470,1
80780,57265,67063,138045,147843,124328,1
17139,23882,41507,41021,58646,65389,0
72046,24050,50308,96096,122354,74358,1
71247,69673,93194,140920,164441,162867,1
66444,78953,42600,145397,109044,121553,1
75990,627,32246,76617,108236,32873,0
88327,560,50032,88887,138359,50592,0
4974,84913,8407,89887,13381,93320,0
88616,53644,86924,142260,175540,140568,1
25752,32246,11884,57998,37636,44130,1
42711,64691,6143,107402,48854,70834,0
5451,76634,69514,82085,74965,146148,0
44246,71371,37386,115617,81632,108757,1
39139,79699,40113,118838,79252,119812,0
17731,10004,6168,27735,23899,16172,0
88960,95274,54042,184234,143002,149316,1
97110,87324,83045,184434,180155,170369,1
34332,64659,74624,98991,108956,139283,1
37440,88897,16570,126337,54010,105467,0
6358,86371,81854,92729,88212,168225,1
202,43527,94090,43729,94292,137617,0
77411,88178,51672,165589,129083,139850,1
79740,63361,1105,143101,80845,64466,0
68307,35238,73331,103545,141638,108569,1
92617,41465,1807,134082,94424,43272,0
64282,53494,8173,117776,72455,61667,0
1286,6340,73300,7626,74586,79640,0
56563,83185,87432,139748,143995,170617,1
31257,23319,71734,54576,102991,95053,0
64176,13754,93173,77930,157349,106927,0
44968,85562,72837,130530,117805,158399,1
93570,30073,84522,123643,178092,114595,1
4825,26789,75068,31614,79893,101857,0
74850,3218,3854,78068,78704,7072,0
76187,60662,47338,136849,123525,108000,1
67900,90171,38989,158071,106889,129160,1
81557,15633,36130,97190,117687,51763,0
66162,78721,37993,144883,104155,116714,1
77656,91,35156,77747,112812,35247,0
40790,2621,18433,43411,59223,21054,0
96948,9016,26754,105964,123702,35770,0
77339,53954,75178,131293,152517,129132,1
95689,75723,33297,171412,128986,109020,1
26504,7337,36716,33841,63220,44053,0
8576,47657,68602,56233,77178,116259,0
58350,91982,20754,150332,79104,112736,0
64978,42085,32383,107063,97361,74468,1
76538,48274,96021,124812,172559,144295,1
69037,81176,27889,150213,96926,109065,1
51878,47517,50571,99395,102449,98088,1
6299,96308,9798,102607,16097,106106,0
91702,10804,50446,102506,142148,61250,0
13309,22076,95468,35385,108777,117544,0
96,34364,18993,34460,19089,53357,0
45698,28410,69354,74108,115052,97764,1
47624,36291,94049,83915,141673,130340,0
96802,51351,91138,148153,187940,142489,1
84126,11403,80491,95529,164617,91894,1
1786,29110,41525,30896,43311,70635,0
97649,24936,34760,122585,132409,59696,0
64141,73429,38696,137570,102837,112125,1
31070,95390,74665,126460,105735,170055,1
6794,31176,66284,37970,73078,97460,0
24839,85324,91356,110163,116195,176680,1
79971,34722,65570,114693,145541,100292,1
56538,6729,88760,63267,145298,95489,0
23532,76002,84029,99534,107561,160031,1
8280,83865,8210,92145,16490,92075,0
49761,11759,7856,61520,57617,19615,0
21470,90734,85790,112204,107260,176524,1
37399,66045,81636,103444,119035,147681,1
43151,73842,58925,116993,102076,132767,1
23712,13277,93616,36989,117328,106893,0
81586,1930,17428,83516,99014,19358,0
17793,22018,21514,39811,39307,43532,1
43093,76062,75691,119155,118784,151753,1
35103,14569,36094,49672,71197,50663,1
17836,39131,15533,56967,33369,54664,0
59935,84800,35207,144735,95142,120007,1
24301,22949,33180,47250,57481,56129,1
80472,23582,25558,104054,106030,49140,0
70813,85329,55240,156142,126053,140569,1
3268,20524,7699,23792,10967,28223,0
64668,63843,64502,128511,129170,128345,1
53370,1797,76592,55167,129962,78389,0
29671,25386,94256,55057,123927,119642,0
19725,27321,88126,47046,107851,115447,0
82434,35301,83442,117735,165876,118743,1
94040,74105,99713,168145,193753,173818,1
56573,10720,73128,67293,129701,83848,0
94634,5572,81147,100206,175781,86719,0
39190,83116,91858,122306,131048,174974,1
53689,55791,14207,109480,67896,69998,1
67737,40181,89191,107918,156928,129372,1
51814,88418,96248,140232,148062,184666,1
9305,80884,59147,90189,68452,140031,0
63214,33134,43975,96348,107189,77109,1
27086,3486,59410,30572,86496,62896,0
19228,97049,7517,116277,26745,104566,0
17052,53019,9493,70071,26545,62512,0
37063,59398,3986,96461,41049,63384,0
12966,14175,72644,27141,85610,86819,0
46112,58646,66379,104758,112491,125025,1
18610,26899,1948,45509,20558,28847,0
89120,94529,15146,183649,104266,109675,1
12728,50226,96411,62954,109139,146637,0
58969,30163,76078,89132,135047,106241,1
62678,90943,7603,153621,70281,98546,0
67423,73670,26694,141093,94117,100364,1
37705,27952,73615,65657,111320,101567,0
40052,37043,18894,77095,58946,55937,1
61137,26240,7368,87377,68505,33608,0
88333,1922,61301,90255,149634,63223,0
44108,19966,24384,64074,68492,44350,1
82882,10132,66111,93014,148993,76243,0
47904,39806,94163,87710,142067,133969,0
70734,89597,55643,160331,126377,145240,1
65618,2112,14890,67730,80508,17002,0
92004,39015,6924,131019,98928,45939,0
79806,18346,59472,98152,139278,77818,0
24855,99432,12635,124287,37490,112067,0
32108,46601,95022,78709,127130,141623,0
70791,19464,96012,90255,166803,115476,0
48341,3827,2452,52168,50793,6279,0
78135,55079,3070,133214,81205,58149,0
89045,62404,46773,151449,135818,109177,1
18599,61759,10185,80358,28784,71944,0
61684,57363,2019,119047,63703,59382,0
82547,97104,32419,179651,114966,129523,1
88892,87396,12130,176288,101022,99526,1
42370,36189,95743,78559,138113,131932,0
27260,1150,17866,28410,45126,19016,0
4605,99378,73342,103983,77947,172720,0
74332,36994,80174,111326,154506,117168,1
45044,37169,48187,82213,93231,85356,1
32816,29568,97605,62384,130421,127173,0
22,59697,26457,59719,26479,86154,0
56472,78087,17295,134559,73767,95382,0
69069,75566,50087,144635,119156,125653,1
48773,31282,56730,80055,105503,88012,1
46632,6002,63766,52634,110398,69768,0
41286,69324,10187,110610,51473,79511,0
76804,4679,96168,81483,172972,100847,0
42116,55197,21090,97313,63206,76287,1
80594,87632,9046,168226,89640,96678,1
74824,64171,46607,138995,121431,110778,1
62376,39547,91423,101923,153799,130970,1
43443,98473,17576,141916,61019,116049,0
68450,61341,3777,129791,72227,65118,0
15575,80167,40841,95742,56416,121008,0
60935,78701,42240,139636,103175,120941,1
20517,33131,49457,53648,69974,82588,1
24138,46397,16064,70535,40202,62461,0
97355,80387,98579,177742,195934,178966,1
72983,77011,80953,149994,153936,157964,1
21398,21454,2299,42852,23697,23753,1
85748,57874,333,143622,86081,58207,0
79349,90529,105,169878,79454,90634,0
64613,40598,31295,105211,95908,71893,1
22919,89686,65918,112605,88837,155604,0
83481,20157,36062,103638,119543,56219,0
42730,64228,91499,106958,134229,155727,1
42005,7062,124,49067,42129,7186,0
44346,99880,29732,144226,74078,129612,0
7935,4253,56709,12188,64644,60962,0
18131,88120,51313,106251,69444,139433,0
77311,90677,91811,167988,169122,182488,1
5998,75780,434,81778,6432,76214,0
65118,66087,55243,131205,120361,121330,1
1974,64747,86608,66721,88582,151355,0
90680,10994,50190,101674,140870,61184,0
39996,72527,47762,112523,87758,120289,1
92910,61293,89168,154203,182078,150461,1
46684,72057,30433,118741,77117,102490,1
2438,30927,81315,33365,83753,112242,0
25610,5887,95955,31497,121565,101842,0
65424,75962,23676,141386,89100,99638,1
63491,6363,54842,69854,118333,61205,0
68154,28247,5344,96401,73498,33591,0
27813,54575,66371,82388,94184,120946,1
29919,95737,52112,125656,82031,147849,0
99503,68359,52520,167862,152023,120879,1
91526,95378,96491,186904,188017,191869,1
57528,84301,93277,141829,150805,177578,1
29168,99872,24067,129040,53235,123939,0
90444,33288,85855,123732,176299,119143,1
60785,74278,56470,135063,117255,130748,1
19245,58310,75182,77555,94427,133492,1
15618,23852,44443,39470,60061,68295,0
11675,73120,9399,84795,21074,82519,0
2500,42579,76565,45079,79065,119144,0
84822,11419,61426,96241,146248,72845,0
3355,5590,8664,8945,12019,14254,1
15487,34284,83457,49771,98944,117741,0
61602,90022,46528,151624,108130,136550,1
46193,41192,46907,87385,93100,88099,1
58925,89144,98460,148069,157385,187604,1
61655,94561,92624,156216,154279,187185,1
58219,76530,38033,134749,96252,114563,1
57235,46385,85434,103620,142669,131819,1
46094,63168,55864,109262,101958,119032,1
74510,6326,90674,80836,165184,97000,0
72715,64789,20308,137504,93023,85097,1
61448,87583,233,149031,61681,87816,0
3091,20232,85377,23323,88468,105609,0
11094,5336,85480,16430,96574,90816,0
54407,1553,42688,55960,97095,44241,0
87626,16913,13666,104539,101292,30579,0
72524,95164,69887,167688,142411,165051,1
88579,38174,72348,126753,160927,110522,1
26961,65691,59261,92652,86222,124952,1
13194,48152,16102,61346,29296,64254,0
16507,35564,37500,52071,54007,73064,1
64671,65858,64061,130529,128732,129919,1
83905,92928,86057,176833,169962,178985,1
29106,63995,9758,93101,38864,73753,0
92323,67107,96202,159430,188525,163309,1
47198,58473,46232,105671,93430,104705,1
1259,21156,76895,22415,78154,98051,0
8433,3631,61031,12064,69464,64662,0
82852,89688,41997,172540,124849,131685,1
99086,86732,32030,185818,131116,118762,1
59432,24109,36496,83541,95928,60605,1
69889,75372,8117,145261,78006,83489,1
48033,24907,86067,72940,134100,110974,0
77099,98347,93941,175446,171040,192288,1
70795,5328,22328,76123,93123,27656,0
21591,89795,99774,111386,121365,189569,1
80050,32528,91016,112578,171066,123544,1
15269,14192,83434,29461,98703,97626,0
10364,48536,43687,58900,54051,92223,1
68909,7549,87928,76458,156837,95477,0
21035,67122,72136,88157,93171,139258,1
58233,46264,56840,104497,115073,103104,1
75193,41313,49073,116506,124266,90386,1
60098,82665,26369,142763,86467,109034,1
14646,88158,33664,102804,48310,121822,0
84657,89147,8896,173804,93553,98043,1
56440,62957,38645,119397,95085,101602,1
3800,60453,30048,64253,33848,90501,0
50015,59748,10606,109763,60621,70354,1
54238,27164,84255,81402,138493,111419,0
10880,99324,62017,110204,72897,161341,0
86761,18012,96,104773,86857,18108,0
70238,18609,28329,88847,98567,46938,0
20461,66987,37212,87448,57673,104199,0
80897,18110,68156,99007,149053,86266,1
48141,15114,32019,63255,80160,47133,0
46394,42531,26578,88925,72972,69109,1
43856,3211,97196,47067,141052,100407,0
15714,63888,48103,79602,63817,111991,0
45306,61188,15347,106494,60653,76535,0
34463,90379,47797,124842,82260,138176,0
93593,34438,91878,128031,185471,126316,1
32706,53086,44679,85792,77385,97765,1
37038,11282,47666,48320,84704,58948,1
90580,98172,57932,188752,148512,156104,1
98186,92606,88097,190792,186283,180703,1
56343,70106,96038,126449,152381,166144,1
70917,32100,54877,103017,125794,86977,1
95782,16622,52201,112404,147983,68823,0
67077,93389,94802,160466,161879,188191,1
12389,34587,76495,46976,88884,111082,0
59740,29299,12142,89039,71882,41441,0
10740,28330,94190,39070,104930,122520,0
56530,65328,23338,121858,79868,88666,1
83877,2336,38238,86213,122115,40574,0
36136,6859,28579,42995,64715,35438,0
33611,29464,28226,63075,61837,57690,1
57471,87455,93221,144926,150692,180676,1
34799,1249,18758,36048,53557,20007,0
83412,46164,23144,129576,106556,69308,0
2627,14608,85410,17235,88037,100018,0
7131,72188,71760,79319,78891,143948,1
67383,24705,85880,92088,153263,110585,1
93387,62317,84568,155704,177955,146885,1
38406,55210,25231,93616,63637,80441,1
87275,47530,94103,134805,181378,141633,1
59602,7962,53003,67564,112605,60965,1
50552,41510,37542,92062,88094,79052,1
13910,83400,72730,97310,86640,156130,1
15154,67061,15228,82215,30382,82289,0
18742,88492,36468,107234,55210,124960,0
5479,57504,17890,62983,23369,75394,0
80250,16958,26337,97208,106587,43295,0
39292,48208,89012,87500,128304,137220,0
56183,61679,20604,117862,76787,82283,1
27261,3458,37243,30719,64504,40701,0
29359,1074,84063,30433,113422,85137,0
61305,39749,29529,101054,90834,69278,1
72042,78029,35384,150071,107426,113413,1
77852,27807,67477,105659,145329,95284,1
47392,99887,32868,147279,80260,132755,0
1133,41987,88539,43120,89672,130526,0
88400,24682,11279,113082,99679,35961,0
39657,80666,61231,120323,100888,141897,1
97969,61720,73059,159689,171028,134779,1
70282,45751,43728,116033,114010,89479,1
93416,76220,26670,169636,120086,102890,1
16562,63782,28298,80344,44860,92080,0
23950,86588,56381,110538,80331,142969,0
50352,17057,4134,67409,54486,21191,0
31276,84642,36725,115918,68001,121367,0
68948,40022,83844,108970,152792,123866,1
10034,82782,86707,92816,96741,169489,1
99170,46578,78628,145748,177798,125206,1
48975,86741,44812,135716,93787,131553,1
6790,85142,8677,91932,15467,93819,0
18538,96186,46735,114724,65273,142921,0
87500,54822,34222,142322,121722,89044,1
46351,62830,30126,109181,76477,92956,1
3142,48750,84919,51892,88061,133669,0
74418,12248,84408,86666,158826,96656,1
30788,22048,71374,52836,102162,93422,0
21005,96777,62084,117782,83089,158861,0
32265,83499,28606,115764,60871,112105,0
3168,19844,11071,23012,14239,30915,0
99482,93966,947,193448,100429,94913,0
1458,11222,22764,12680,24222,33986,0
74876,35860,75635,110736,150511,111495,1
48328,99303,6977,147631,55305,106280,0
65759,35938,88423,101697,154182,124361,1
41317,94536,53203,135853,94520,147739,0
13576,34115,98374,47691,111950,132489,0
60582,38961,12713,99543,73295,51674,0
72898,89488,82535,162386,155433,172023,1
605,65285,63278,65890,63883,128563,0
19556,17701,25919,37257,45475,43620,1
65893,76442,93671,142335,159564,170113,1
3605,68101,70492,71706,74097,138593,1
33771,80283,27245,114054,61016,107528,0
25917,81409,85073,107326,110990,166482,1
41532,63859,9712,105391,51244,73571,0
16399,30521,75400,46920,91799,105921,0
68998,37383,9079,106381,78077,46462,0
55903,55103,62055,111006,117958,117158,1
75467,66120,82266,141587,157733,148386,1
78874,64384,22132,143258,101006,86516,1
88836,70570,15131,159406,103967,85701,0
79173,99203,86917,178376,166090,186120,1
71950,62333,39016,134283,110966,101349,1
46619,48262,39692,94881,86311,87954,1
79979,68762,15689,148741,95668,84451,1
78877,65954,85555,144831,164432,151509,1
66307,76262,2696,142569,69003,78958,0
86120,69680,22387,155800,108507,92067,1
92529,9352,31471,101881,124000,40823,0
61793,51843,7685,113636,69478,59528,0
60993,32075,8047,93068,69040,40122,0
81880,77403,91383,159283,173263,168786,1
76658,39871,15955,116529,92613,55826,0
71561,59342,90821,130903,162382,150163,1
90268,55913,48888,146181,139156,104801,1
80585,37679,79275,118264,159860,116954,1
64503,48839,36469,113342,100972,85308,1
45700,66149,96990,111849,142690,163139,1
65131,57712,63837,122843,128968,121549,1
50610,47286,29869,97896,80479,77155,1
94872,97008,41437,191880,136309,138445,1
13745,69416,24036,83161,37781,93452,0
43407,76593,44029,120000,87436,120622,1
47098,72921,63670,120019,110768,136591,1
4973,62816,46591,67789,51564,109407,0
86795,13646,87299,100441,174094,100945,1
92980,78100,59097,171080,152077,137197,1
65385,80890,49856,146275,115241,130746,1
2298,94462,3813,96760,6111,98275,0
10439,60331,18120,70770,28559,78451,0
51930,71274,74415,123204,126345,145689,1
74699,12434,51114,87133,125813,63548,0
96274,44517,37339,140791,133613,81856,0
42705,10674,66889,53379,109594,77563,0
54189,84566,55592,138755,109781,140158,1
7371,95277,44019,102648,51390,139296,0
82286,16102,90666,98388,172952,106768,1
3337,52100,20892,55437,24229,72992,0
27703,52834,58917,80537,86620,111751,1
51309,57688,99766,108997,151075,157454,1
40311,12780,92415,53091,132726,105195,0
62493,80010,64097,142503,126590,144107,1
98062,32351,94268,130413,192330,126619,1
45575,66734,77555,112309,123130,144289,1
96223,53135,92716,149358,188939,145851,1
49504,6802,6542,56306,56046,13344,0
84138,37866,82388,122004,166526,120254,1
32097,5942,84831,38039,116928,90773,0
14951,50635,44073,65586,59024,94708,1
14496,818,30972,15314,45468,31790,0
98227,33181,30676,131408,128903,63857,0
48142,90050,8011,138192,56153,98061,0
48967,3324,3459,52291,52426,6783,0
97894,62815,86665,160709,184559,149480,1
43866,51730,26461,95596,70327,78191,1
17497,39896,97965,57393,115462,137861,0
26548,54464,35612,81012,62160,90076,1
72436,11158,44529,83594,116965,55687,0
80246,29476,31499,109722,111745,60975,0
21501,20593,5330,42094,26831,25923,1
83530,9133,16059,92663,99589,25192,0
80670,26684,20806,107354,101476,47490,0
4948,47332,96365,52280,101313,143697,0
60985,1309,21,62294,61006,1330,0
5645,53420,50668,59065,56313,104088,1
50831,43844,94329,94675,145160,138173,1
52414,37883,78220,90297,130634,116103,1
47895,21813,37188,69708,85083,59001,1
29537,38725,74580,68262,104117,113305,0
79439,18242,36526,97681,115965,54768,0
50085,56459,21292,106544,71377,77751,1
71760,92054,16447,163814,88207,108501,0
75699,66773,89599,142472,165298,156372,1
54551,16583,1670,71134,56221,18253,0
78665,47826,76208,126491,154873,124034,1
96180,45784,44956,141964,141136,90740,0
68076,88665,75960,156741,144036,164625,1
97951,26592,43384,124543,141335,69976,0
3204,12560,82342,15764,85546,94902,0
48382,38062,81677,86444,130059,119739,1
67238,81598,78412,148836,145650,160010,1
58974,66172,86756,125146,145730,152928,1
66094,53954,37520,120048,103614,91474,1
91281,78564,88573,169845,179854,167137,1
86063,10158,32470,96221,118533,42628,0
37347,41750,4593,79097,41940,46343,1
89895,14546,74272,104441,164167,88818,0
12306,13946,69746,26252,82052,83692,0
90997,31941,21826,122938,112823,53767,0
76553,72436,13181,148989,89734,85617,1
19003,23957,89977,42960,108980,113934,0
90407,19961,30007,110368,120414,49968,0
64735,13662,62743,78397,127478,76405,1
48960,62723,5886,111683,54846,68609,0
23813,99865,52678,123678,76491,152543,0
56357,83434,25637,139791,81994,109071,0
2768,85743,86002,88511,88770,171745,1
36123,25677,87935,61800,124058,113612,0
10096,17580,91518,27676,101614,109098,0
94947,66617,1279,161564,96226,67896,0
64914,80314,91202,145228,156116,171516,1
66835,6502,79982,73337,146817,86484,0
76945,46906,85726,123851,162671,132632,1
30154,92884,61314,123038,91468,154198,0
4438,7160,15747,11598,20185,22907,0
58583,50778,38506,109361,97089,89284,1
33322,58044,35998,91366,69320,94042,1
56473,62615,14255,119088,70728,76870,1
16233,8302,41455,24535,57688,49757,0
37141,17886,34986,55027,72127,52872,1
93674,45530,88950,139204,182624,134480,1
3507,63614,70916,67121,74423,134530,0
33842,99047,78102,132889,111944,177149,1
88356,90329,81402,178685,169758,171731,1
90341,29398,18278,119739,108619,47676,0
81311,99852,91759,181163,173070,191611,1
49846,48776,53396,98622,103242,102172,1
79153,9179,20840,88332,99993,30019,0
45640,86704,22353,132344,67993,109057,0
38346,65397,26459,103743,64805,91856,0
21103,82707,11473,103810,32576,94180,0
10008,72257,90657,82265,100665,162914,0
44956,75486,5272,120442,50228,80758,0
43969,77436,51842,121405,95811,129278,1
32386,74698,92607,107084,124993,167305,1
40795,39775,71146,80570,111941,110921,1
19038,40804,97367,59842,116405,138171,0
73439,93236,3670,166675,77109,96906,0
62539,98692,12,161231,62551,98704,0
26184,77074,84410,103258,110594,161484,1
36092,5744,96155,41836,132247,101899,0
67166,23987,32013,91153,99179,56000,0
83685,18343,90225,102028,173910,108568,1
54161,87394,67598,141555,121759,154992,1
73676,43388,35240,117064,108916,78628,1
55239,6173,51561,61412,106800,57734,1
25490,34409,32344,59899,57834,66753,1
76577,33919,69990,110496,146567,103909,1
80220,73382,81582,153602,161802,154964,1
16837,32561,57623,49398,74460,90184,0
59499,48809,21673,108308,81172,70482,1
41090,23636,81820,64726,122910,105456,0
69516,91600,5924,161116,75440,97524,0
55926,18549,17170,74475,73096,35719,0
92364,82157,41881,174521,134245,124038,1
93609,50132,52124,143741,145733,102256,1
88123,17477,39026,105600,127149,56503,0
94074,57252,88653,151326,182727,145905,1
21545,9800,23420,31345,44965,33220,1
52884,35602,96357,88486,149241,131959,0
68988,67538,74861,136526,143849,142399,1
9668,5609,22728,15277,32396,28337,0
90181,74397,75752,164578,165933,150149,1
98498,38838,1505,137336,100003,40343,0
40256,33481,52708,73737,92964,86189,1
41568,59813,12664,101381,54232,72477,0
41643,95155,7510,136798,49153,102665,0
79317,25060,33564,104377,112881,58624,0
34022,35893,37329,69915,71351,73222,1
23918,65441,43098,89359,67016,108539,1
69382,65088,87557,134470,156939,152645,1
13335,74591,72377,87926,85712,146968,1
59605,87466,96338,147071,155943,183804,1
11280,74908,56470,86188,67750,131378,0
47659,4663,80259,52322,127918,84922,0
9388,39101,22247,48489,31635,61348,0
93576,20860,51573,114436,145149,72433,0
17291,6256,22250,23547,39541,28506,1
85261,27003,96932,112264,182193,123935,1
67352,48,9044,67400,76396,9092,0
39321,15978,47165,55299,86486,63143,1
44015,8558,10054,52573,54069,18612,0
1799,44372,55447,46171,57246,99819,0
86360,81925,35949,168285,122309,117874,1
52092,22997,42678,75089,94770,65675,1
99871,91400,64540,191271,164411,155940,1
68226,10171,31969,78397,100195,42140,0
47121,85587,23856,132708,70977,109443,0
88532,67609,19824,156141,108356,87433,0
82604,37782,63418,120386,146022,101200,1
57054,57164,37226,114218,94280,94390,1
78415,50340,13429,128755,91844,63769,0
78273,32190,55008,110463,133281,87198,1
55770,12215,53562,67985,109332,65777,1
97250,98104,57889,195354,155139,155993,1
60440,82071,42455,142511,102895,124526,1
5807,98574,77195,104381,83002,175769,0
18245,87450,56345,105695,74590,143795,0
4084,15649,18639,19733,22723,34288,1
30611,62452,85814,93063,116425,148266,1
62675,80393,58399,143068,121074,138792,1
78879,27709,68046,106588,146925,95755,1
27119,6771,11745,33890,38864,18516,0
47275,39123,51866,86398,99141,90989,1
50858,10830,88705,61688,139563,99535,0
87930,38798,92543,126728,180473,131341,1
62572,67714,59371,130286,121943,127085,1
57627,21318,61826,78945,119453,83144,1
87663,35818,10317,123481,97980,46135,0
27440,72119,98990,99559,126430,171109,1
24798,14290,52522,39088,77320,66812,0
9583,15014,175,24597,9758,15189,0
78476,39835,91648,118311,170124,131483,1
34645,53473,54160,88118,88805,107633,1
61133,41663,34758,102796,95891,76421,1
89890,10136,43628,100026,133518,53764,0
74728,3964,46367,78692,121095,50331,0
53074,63279,59589,116353,112663,122868,1
64908,258,19132,65166,84040,19390,0
48861,90251,19444,139112,68305,109695,0
75123,63386,93201,138509,168324,156587,1
61808,69719,44639,131527,106447,114358,1
31150,11032,63430,42182,94580,74462,0
1332,903,20243,2235,21575,21146,0
27330,24924,13738,52254,41068,38662,1
75472,22958,70637,98430,146109,93595,1
94204,71611,22924,165815,117128,94535,1
60488,71402,11992,131890,72480,83394,1
28394,93570,1103,121964,29497,94673,0
9602,42189,17051,51791,26653,59240,0
48494,72366,5097,120860,53591,77463,0
72380,88931,94519,161311,166899,183450,1
1720,238,82542,1958,84262,82780,0
12820,36944,48622,49764,61442,85566,1
46223,57480,2920,103703,49143,60400,0
74406,12382,80245,86788,154651,92627,1
1407,39165,3115,40572,4522,42280,0
40436,21172,42585,61608,83021,63757,1
43252,2925,90746,46177,133998,93671,0
18499,10033,98596,28532,117095,108629,0
93158,15473,45729,108631,138887,61202,0
9839,80305,4741,90144,14580,85046,0
39314,84297,59752,123611,99066,144049,1
96787,94554,10352,191341,107139,104906,1
6170,45843,89126,52013,95296,134969,0
99570,74267,71272,173837,170842,145539,1
57656,65026,27207,122682,84863,92233,1
69411,77890,20071,147301,89482,97961,1
21759,46438,2129,68197,23888,48567,0
40735,12666,75789,53401,116524,88455,0
54103,30134,82823,84237,136926,112957,1
18953,90045,24360,108998,43313,114405,0
11939,28379,92791,40318,104730,121170,0
10313,67893,62847,78206,73160,130740,1
61957,54376,7019,116333,68976,61395,0
79921,65832,95536,145753,175457,161368,1
21181,57165,93472,78346,114653,150637,0
82201,91060,13368,173261,95569,104428,1
28990,80752,87648,109742,116638,168400,1
71099,49232,53626,120331,124725,102858,1
13105,78829,81040,91934,94145,159869,1
20262,41702,17899,61964,38161,59601,0
54538,20028,34856,74566,89394,54884,1
39464,62366,83490,101830,122954,145856,1
24599,54695,77535,79294,102134,132230,1
92354,97360,47193,189714,139547,144553,1
6994,8704,36266,15698,43260,44970,0
67197,58655,25242,125852,92439,83897,1
59128,4192,71764,63320,130892,75956,0
43029,91655,77831,134684,120860,169486,1
55389,61267,70296,116656,125685,131563,1
53107,1624,52784,54731,105891,54408,1
71885,52016,31032,123901,102917,83048,1
9436,69159,2232,78595,11668,71391,0
72544,44007,43467,116551,116011,87474,1
64286,50653,43699,114939,107985,94352,1
29725,47317,33327,77042,63052,80644,1
76755,48365,25006,125120,101761,73371,0
10885,5473,69108,16358,79993,74581,0
50455,68529,22795,118984,73250,91324,1
83950,93727,83973,177677,167923,177700,1
39728,30510,57877,70238,97605,88387,1
71709,4943,16817,76652,88526,21760,0
65004,50346,51193,115350,116197,101539,1
93275,99096,9797,192371,103072,108893,1
39098,12361,91553,51459,130651,103914,0
28655,26746,65035,55401,93690,91781,0
93644,53129,10594,146773,104238,63723,0
33165,79584,61088,112749,94253,140672,1
81052,90148,74816,171200,155868,164964,1
46597,99378,53366,145975,99963,152744,1
58908,51369,15141,110277,74049,66510,1
66363,52755,16991,119118,83354,69746,1
43909,26766,43700,70675,87609,70466,1
89080,68525,71125,157605,160205,139650,1
41440,46796,18127,88236,59567,64923,1
24136,21813,87067,45949,111203,108880,0
77027,81121,37736,158148,114763,118857,1
244,49781,50033,50025,50277,99814,0
62108,37470,18831,99578,80939,56301,0
72249,49015,97051,121264,169300,146066,1
23275,92386,71063,115661,94338,163449,1
50236,57476,87342,107712,137578,144818,1
36842,81602,2864,118444,39706,84466,0
90036,14322,46167,104358,136203,60489,0
24810,57598,65444,82408,90254,123042,1
6955,66706,41005,73661,47960,107711,0
31773,79916,15293,111689,47066,95209,0
41595,94380,38962,135975,80557,133342,0
15890,46691,54919,62581,70809,101610,1
71317,71105,79667,142422,150984,150772,1
34098,76882,27574,110980,61672,104456,0
29269,42690,48757,71959,78026,91447,1
81978,85486,1582,167464,83560,87068,0
3892,71565,5587,75457,9479,77152,0
9018,67184,96287,76202,105305,163471,0
63328,16872,59357,80200,122685,76229,1
45275,81470,95225,126745,140500,176695,1
26251,22305,94448,48556,120699,116753,0
82157,46340,87021,128497,169178,133361,1
40617,84360,27593,124977,68210,111953,0
39415,39339,55732,78754,95147,95071,1
19353,7229,18970,26582,38323,26199,1
40227,90156,81444,130383,121671,171600,1
16697,65480,13764,82177,30461,79244,0
27574,76381,26080,103955,53654,102461,0
29254,14164,80918,43418,110172,95082,0
12784,77782,70669,90566,83453,148451,1
66701,34528,83367,101229,150068,117895,1
56158,37167,7649,93325,63807,44816,0
60602,58949,8100,119551,68702,67049,1
28183,10693,28166,38876,56349,38859,1
15461,82790,48122,98251,63583,130912,0
90761,40903,43219,131664,133980,84122,0
35756,81296,99940,117052,135696,181236,1
883,8703,33957,9586,34840,42660,0
67497,2035,9974,69532,77471,12009,0
13803,3736,57459,17539,71262,61195,0
96588,83743,34491,180331,131079,118234,1
825,76045,15376,76870,16201,91421,0
94111,493,61161,94604,155272,61654,0
42804,55243,45853,98047,88657,101096,1
30706,6568,62892,37274,93598,69460,0
17191,95002,61414,112193,78605,156416,0
33402,96100,63221,129502,96623,159321,1
55002,16281,44959,71283,99961,61240,1
13698,27967,12375,41665,26073,40342,0
31914,94363,93859,126277,125773,188222,1
89427,37357,34316,126784,123743,71673,0
65310,72017,25791,137327,91101,97808,1
5641,65162,90107,70803,95748,155269,0
62318,5681,74205,67999,136523,79886,0
25524,88867,59891,114391,85415,148758,0
25169,55907,79153,81076,104322,135060,1
81152,36797,24184,117949,105336,60981,0
72270,1167,96709,73437,168979,97876,0
69125,10763,50611,79888,119736,61374,0
38830,67637,285,106467,39115,67922,0
29129,60956,66134,90085,95263,127090,1
40575,19656,40322,60231,80897,59978,1
36430,67998,85657,104428,122087,153655,1
72244,59524,74654,131768,146898,134178,1
34329,62505,24115,96834,58444,86620,0
25526,23810,64768,49336,90294,88578,0
35289,65759,62867,101048,98156,128626,1
65019,79405,91766,144424,156785,171171,1
15183,36183,70529,51366,85712,106712,0
412,91502,31941,91914,32353,123443,0
35098,56739,34007,91837,69105,90746,1
37635,1086,12504,38721,50139,13590,0
59995,58138,77716,118133,137711,135854,1
86620,6831,44655,93451,131275,51486,0
76248,61734,93096,137982,169344,154830,1
82425,81875,71012,164300,153437,152887,1
66287,23812,33169,90099,99456,56981,0
59509,70777,86373,130286,145882,157150,1
9987,44805,32334,54792,42321,77139,0
96115,68242,65490,164357,161605,133732,1
57579,17337,75235,74916,132814,92572,0
86906,65132,1931,152038,88837,67063,0
76006,5355,95974,81361,171980,101329,0
30828,76717,6189,107545,37017,82906,0
14213,67380,52434,81593,66647,119814,0
2847,94223,67756,97070,70603,161979,0
22290,82375,90064,104665,112354,172439,1
30578,29503,82460,60081,113038,111963,0
7745,9906,78624,17651,86369,88530,0
81295,30622,52739,111917,134034,83361,1
15079,6167,89356,21246,104435,95523,0
72825,58490,42844,131315,115669,101334,1
22853,30889,18126,53742,40979,49015,1
32739,45768,36031,78507,68770,81799,1
38777,31350,49707,70127,88484,81057,1
33968,58135,10196,92103,44164,68331,0
40286,2316,89401,42602,129687,91717,0
20154,91102,62207,111256,82361,153309,0
23666,50766,12366,74432,36032,63132,0
91084,60911,5513,151995,96597,66424,0
11077,91598,60409,102675,71486,152007,0
66241,26703,26005,92944,92246,52708,0
50338,62496,4593,112834,54931,67089,0
5301,90092,30653,95393,35954,120745,0
39835,50484,65012,90319,104847,115496,1
28619,67292,94309,95911,122928,161601,1
25727,52469,3476,78196,29203,55945,0
71312,89248,72716,160560,144028,161964,1
8389,67350,58998,75739,67387,126348,1
37165,54916,60496,92081,97661,115412,1
57356,83299,21386,140655,78742,104685,0
20624,29057,28528,49681,49152,57585,1
34430,44588,78198,79018,112628,122786,1
2070,33264,74037,35334,76107,107301,0
14304,33213,90086,47517,104390,123299,0
57336,89605,39685,146941,97021,129290,1
85193,18345,18292,103538,103485,36637,0
61497,88113,69726,149610,131223,157839,1
2604,34108,67617,36712,70221,101725,0
44609,30760,41314,75369,85923,72074,1
77462,40450,10078,117912,87540,50528,0
55092,22900,26074,77992,81166,48974,0
82916,36982,38806,119898,121722,75788,0
53553,47773,45561,101326,99114,93334,1
980,62425,89108,63405,90088,151533,0
13299,61330,66534,74629,79833,127864,1
93064,53851,5337,146915,98401,59188,0
66440,93147,81236,159587,147676,174383,1
41952,68824,93662,110776,135614,162486,1
2867,19228,71360,22095,74227,90588,0
85674,82100,38641,167774,124315,120741,1
6946,5500,89640,12446,96586,95140,0
40645,61372,26883,102017,67528,88255,1
59329,37141,45319,96470,104648,82460,1
40503,4670,37710,45173,78213,42380,1
96099,25273,22134,121372,118233,47407,0
71165,858,17606,72023,88771,18464,0
75632,77099,59223,152731,134855,136322,1
46830,83257,94154,130087,140984,177411,1
83426,50928,276,134354,83702,51204,0
10582,95167,32366,105749,42948,127533,0
86032,78001,32252,164033,118284,110253,1
13020,16153,52195,29173,65215,68348,0
59696,93470,65999,153166,125695,159469,1
14874,37758,46931,52632,61805,84689,1
27604,46092,430,73696,28034,46522,0
14085,59928,37093,74013,51178,97021,0
4638,21189,30889,25827,35527,52078,0
58635,59630,76947,118265,135582,136577,1
32200,55263,9037,87463,41237,64300,0
97207,63202,31209,160409,128416,94411,0
12505,81646,41454,94151,53959,123100,0
68967,95739,9282,164706,78249,105021,0
71908,38818,86585,110726,158493,125403,1
95674,43423,22523,139097,118197,65946,0
95037,4350,65536,99387,160573,69886,0
90034,2272,49661,92306,139695,51933,0
2828,80724,67475,83552,70303,148199,0
50366,93999,27998,144365,78364,121997,0
10983,70799,38382,81782,49365,109181,0
45511,94432,49859,139943,95370,144291,1
41610,26680,13034,68290,54644,39714,0
18195,689,35325,18884,53520,36014,0
70899,15374,98536,86273,169435,113910,0
71174,70468,79097,141642,150271,149565,1
47844,12403,48998,60247,96842,61401,1
86898,84630,43909,171528,130807,128539,1
68479,41623,18823,110102,87302,60446,0
25583,78628,33089,104211,58672,111717,0
82297,97726,88670,180023,170967,186396,1
49661,46661,22172,96322,71833,68833,1
18800,76607,47998,95407,66798,124605,0
51718,88845,31640,140563,83358,120485,0
63296,50639,56414,113935,119710,107053,1
27012,97064,25624,124076,52636,122688,0
84941,31938,63076,116879,148017,95014,1
57201,85471,67669,142672,124870,153140,1
91661,90163,33114,181824,124775,123277,1
57838,59760,76103,117598,133941,135863,1
58763,50012,75197,108775,133960,125209,1
78883,96389,21904,175272,100787,118293,1
6785,31918,55388,38703,62173,87306,0
33897,79313,96297,113210,130194,175610,1
73605,69894,22928,143499,96533,92822,1
44805,76633,9009,121438,53814,85642,0
13045,8277,12315,21322,25360,20592,1
90353,36343,91142,126696,181495,127485,1
37816,73229,32326,111045,70142,105555,0
23818,45521,84470,69339,108288,129991,0
88382,90137,89245,178519,177627,179382,1
51245,77925,53025,129170,104270,130950,1
65486,5777,66414,71263,131900,72191,1
61731,10301,48239,72032,109970,58540,0
85988,93936,38875,179924,124863,132811,1
23333,16745,5512,40078,28845,22257,0
7745,13409,92908,21154,100653,106317,0
87274,89686,45233,176960,132507,134919,1
31623,38977,57522,70600,89145,96499,1
18248,95394,71527,113642,89775,166921,0
52446,67021,89192,119467,141638,156213,1
15954,39181,69049,55135,85003,108230,0
27963,7893,56980,35856,84943,64873,0
11775,69485,74811,81260,86586,144296,1
36112,88627,76817,124739,112929,165444,1
85350,45417,92113,130767,177463,137530,1
94721,46060,27247,140781,121968,73307,0
40428,83445,30477,123873,70905,113922,0
77265,51635,75012,128900,152277,126647,1
67002,22786,51715,89788,118717,74501,1
91383,9195,40573,100578,131956,49768,0
6789,26482,64232,33271,71021,90714,0
15094,92466,6825,107560,21919,99291,0
32360,66513,2516,98873,34876,69029,0
99771,5077,89649,104848,189420,94726,0
98800,91873,34252,190673,133052,126125,1
75768,66551,57542,142319,133310,124093,1
46049,42338,14361,88387,60410,56699,1
81371,61488,9638,142859,91009,71126,0
15746,67998,4630,83744,20376,72628,0
23391,87162,32895,110553,56286,120057,0
66930,1622,54960,68552,121890,56582,0
39461,48553,38603,88014,78064,87156,1
33285,52025,86495,85310,119780,138520,0
32418,82283,47045,114701,79463,129328,0
36183,96701,18926,132884,55109,115627,0
87485,28584,25503,116069,112988,54087,0
19122,95183,77869,114305,96991,173052,1
66639,17007,54479,83646,121118,71486,1
71470,22665,71675,94135,143145,94340,1
66797,58484,43962,125281,110759,102446,1
28110,72907,6672,101017,34782,79579,0
29033,43066,35122,72099,64155,78188,1
24486,1163,12009,25649,36495,13172,0
82186,26251,62522,108437,144708,88773,1
36949,83878,93781,120827,130730,177659,1
28394,88066,15598,116460,43992,103664,0
39615,76072,42165,115687,81780,118237,1
46065,76678,39123,122743,85188,115801,1
13896,21312,97695,35208,111591,119007,0
40111,74627,50246,114738,90357,124873,1
45936,24665,38403,70601,84339,63068,1
36591,49956,14943,86547,51534,64899,1
43806,86395,29574,130201,73380,115969,0
74577,13197,99274,87774,173851,112471,0
89894,23873,47501,113767,137395,71374,0
45995,41744,199,87739,46194,41943,0
73937,53287,57958,127224,131895,111245,1
94439,85189,25446,179628,119885,110635,1
19941,18657,55432,38598,75373,74089,0
2025,77790,33952,79815,35977,111742,0
88873,13823,93224,102696,182097,107047,1
85708,36524,78327,122232,164035,114851,1
95533,72172,93528,167705,189061,165700,1
46270,29077,58863,75347,105133,87940,1
98371,18963,52996,117334,151367,71959,0
8639,7757,94037,16396,102676,101794,0
9484,81888,9126,91372,18610,91014,0
92748,61740,76575,154488,169323,138315,1
8142,38020,54904,46162,63046,92924,0
68714,41327,64365,110041,133079,105692,1
54107,34275,52001,88382,106108,86276,1
78648,77736,70220,156384,148868,147956,1
63470,94245,96981,157715,160451,191226,1
50571,64908,22298,115479,72869,87206,1
51007,52063,1344,103070,52351,53407,1
26689,99788,18762,126477,45451,118550,0
24095,94436,68427,118531,92522,162863,0
95208,66469,91339,161677,186547,157808,1
5407,25284,81672,30691,87079,106956,0
52958,61226,3709,114184,56667,64935,0
62264,4563,44878,66827,107142,49441,0
68657,29390,94971,98047,163628,124361,1
18710,52871,10750,71581,29460,63621,0
83208,36612,23178,119820,106386,59790,0
56455,65666,91931,122121,148386,157597,1
8036,76148,5515,84184,13551,81663,0
21936,17830,93718,39766,115654,111548,0
27320,88145,49798,115465,77118,137943,0
61273,71159,40086,132432,101359,111245,1
67164,28440,98245,95604,165409,126685,0
39712,67760,5222,107472,44934,72982,0
22108,11347,31599,33455,53707,42946,1
81756,86602,42075,168358,123831,128677,1
7331,25253,66832,32584,74163,92085,0
22558,64182,72355,86740,94913,136537,1
68147,47383,97198,115530,165345,144581,1
82276,91777,93026,174053,175302,184803,1
1229,59696,12748,60925,13977,72444,0
32518,69213,25715,101731,58233,94928,0
70593,53248,67860,123841,138453,121108,1
10429,97012,41090,107441,51519,138102,0
50349,85980,93699,136329,144048,179679,1
60915,51637,72006,112552,132921,123643,1
63512,72398,66568,135910,130080,138966,1
39542,52426,23448,91968,62990,75874,1
4492,87510,58663,92002,63155,146173,0
70810,58122,13307,128932,84117,71429,1
22054,50925,53862,72979,75916,104787,1
88663,50148,68545,138811,157208,118693,1
27721,3094,94676,30815,122397,97770,0
52313,92093,35634,144406,87947,127727,0
28875,85241,87335,114116,116210,172576,1
23291,48379,91460,71670,114751,139839,0
88056,28995,59016,117051,147072,88011,0
51758,94758,89191,146516,140949,183949,1
96088,83362,34950,179450,131038,118312,1
15460,15688,92921,31148,108381,108609,0
85477,34644,18415,120121,103892,53059,0
35733,9171,29336,44904,65069,38507,1
13492,62713,71059,76205,84551,133772,1
86027,70325,87966,156352,173993,158291,1
21640,95696,34236,117336,55876,129932,0
24137,68893,98066,93030,122203,166959,0
8348,48045,99884,56393,108232,147929,0
94793,54912,9277,149705,104070,64189,0
3145,1527,65805,4672,68950,67332,0
21081,3075,47838,24156,68919,50913,0
60930,84185,19480,145115,80410,103665,0
64230,64261,69826,128491,134056,134087,1
1060,8584,37772,9644,38832,46356,0
3789,29592,68143,33381,71932,97735,0
25278,22470,77952,47748,103230,100422,0
62045,27367,4847,89412,66892,32214,0
94263,25580,80852,119843,175115,106432,1
20843,49645,45330,70488,66173,94975,1
65779,79348,99910,145127,165689,179258,1
53061,19306,20613,72367,73674,39919,0
51789,16636,23532,68425,75321,40168,0
72191,83772,95646,155963,167837,179418,1
78913,80802,69677,159715,148590,150479,1
63017,30503,25950,93520,88967,56453,0
91086,83947,43136,175033,134222,127083,1
82811,15181,72813,97992,155624,87994,1
14074,90391,36088,104465,50162,126479,0
99698,26155,51594,125853,151292,77749,0
35708,29937,49280,65645,84988,79217,1
45299,31007,12016,76306,57315,43023,0
74590,34917,39021,109507,113611,73938,0
22671,5915,73642,28586,96313,79557,0
10352,43725,23903,54077,34255,67628,0
52666,86422,5833,139088,58499,92255,0
12126,61609,91646,73735,103772,153255,0
23142,13712,13977,36854,37119,27689,1
40589,36867,44830,77456,85419,81697,1
49067,72008,18390,121075,67457,90398,0
30523,72824,7679,103347,38202,80503,0
69501,31872,49054,101373,118555,80926,1
92354,75615,27858,167969,120212,103473,1
16089,48385,51610,64474,67699,99995,1
91723,38521,83189,130244,174912,121710,1
19031,60391,63030,79422,82061,123421,1
27804,211,64466,28015,92270,64677,0
28501,54774,67103,83275,95604,121877,1
51372,7926,36926,59298,88298,44852,0
9164,752,86913,9916,96077,87665,0
3422,28853,28938,32275,32360,57791,1
92027,17779,78616,109806,170643,96395,1
63118,14021,3507,77139,66625,17528,0
20104,94844,48464,114948,68568,143308,0
56585,90582,33430,147167,90015,124012,0
11912,53938,27364,65850,39276,81302,0
26205,40631,88777,66836,114982,129408,0
92297,85936,52243,178233,144540,138179,1
55748,50753,74913,106501,130661,125666,1
88028,43032,2119,131060,90147,45151,0
62117,45273,55678,107390,117795,100951,1
58957,5166,83678,64123,142635,88844,0
98948,97697,71491,196645,170439,169188,1
24152,47308,64272,71460,88424,111580,1
45146,84526,72297,129672,117443,156823,1
76326,14167,12771,90493,89097,26938,0
55643,56274,91168,111917,146811,147442,1
35060,56089,27231,91149,62291,83320,1
46898,43459,13003,90357,59901,56462,1
8616,15861,21611,24477,30227,37472,1
70465,61646,77468,132111,147933,139114,1
75334,88527,21414,163861,96748,109941,1
28127,43828,82296,71955,110423,126124,0
28397,81160,98245,109557,126642,179405,1
73888,36476,44337,110364,118225,80813,1
52507,63283,50622,115790,103129,113905,1
53658,45897,48017,99555,101675,93914,1
78826,54520,24843,133346,103669,79363,1
46678,39196,8523,85874,55201,47719,1
24829,87897,7540,112726,32369,95437,0
79249,10322,60803,89571,140052,71125,0
59777,97617,82257,157394,142034,179874,1
89908,29191,74745,119099,164653,103936,1
52005,57507,62623,109512,114628,120130,1
31386,35537,27828,66923,59214,63365,1
21482,21035,492,42517,21974,21527,1
7665,60440,18046,68105,25711,78486,0
75949,76778,51199,152727,127148,127977,1
85582,64142,63468,149724,149050,127610,1
86598,86451,3433,173049,90031,89884,1
33477,57025,26594,90502,60071,83619,1
83121,87286,48947,170407,132068,136233,1
23591,39448,4728,63039,28319,44176,0
33934,69805,56928,103739,90862,126733,1
38642,78341,93170,116983,131812,171511,1
12426,12880,81584,25306,94010,94464,0
4185,29972,66178,34157,70363,96150,0
45188,9789,4584,54977,49772,14373,0
32884,85679,17919,118563,50803,103598,0
98531,29813,21672,128344,120203,51485,0
53982,71849,95708,125831,149690,167557,1
84590,48243,49016,132833,133606,97259,1
86990,82013,76958,169003,163948,158971,1
99371,92815,51797,192186,151168,144612,1
88712,74681,29831,163393,118543,104512,1
84166,70950,28743,155116,112909,99693,1
58866,30304,32514,89170,91380,62818,1
97501,32717,52909,130218,150410,85626,0
31110,92252,88694,123362,119804,180946,1
88356,72610,60835,160966,149191,133445,1
56636,15512,72571,72148,129207,88083,0
25009,1950,9167,26959,34176,11117,0
32596,50530,97518,83126,130114,148048,0
72684,88240,62802,160924,135486,151042,1
30248,92912,80999,123160,111247,173911,1
53775,57993,25656,111768,79431,83649,1
6026,94478,86888,100504,92914,181366,0
82086,18174,74829,100260,156915,93003,1
9202,42228,95282,51430,104484,137510,0
11450,14127,61850,25577,73300,75977,0
79036,42712,82698,121748,161734,125410,1
19795,67083,4158,86878,23953,71241,0
84752,18123,21544,102875,106296,39667,0
66365,5871,2454,72236,68819,8325,0
26991,98380,35215,125371,62206,133595,0
95778,76716,74868,172494,170646,151584,1
74627,64106,17643,138733,92270,81749,1
63863,7353,30119,71216,93982,37472,0
16921,26676,89164,43597,106085,115840,0
32400,12999,48352,45399,80752,61351,0
37679,30367,78646,68046,116325,109013,0
9939,19971,4789,29910,14728,24760,0
69290,63804,97373,133094,166663,161177,1
49003,65374,53592,114377,102595,118966,1
90711,95309,34421,186020,125132,129730,1
67200,55740,88018,122940,155218,143758,1
92565,18799,79900,111364,172465,98699,1
43904,78698,48358,122602,92262,127056,1
282,70631,70308,70913,70590,140939,0
79068,90925,41969,169993,121037,132894,1
84579,61356,92875,145935,177454,154231,1
88312,86229,16245,174541,104557,102474,1
9401,59184,11370,68585,20771,70554,0
73182,25809,99789,98991,172971,125598,0
23928,50420,58363,74348,82291,108783,1
86039,87214,95181,173253,181220,182395,1
67124,20528,44795,87652,111919,65323,0
78884,69062,90240,147946,169124,159302,1
9955,84936,94990,94891,104945,179926,0
26436,10866,40354,37302,66790,51220,0
73891,94550,51508,168441,125399,146058,1
72605,23302,9762,95907,82367,33064,0
44720,14091,11989,58811,56709,26080,0
82528,56774,62047,139302,144575,118821,1
33806,15630,68275,49436,102081,83905,0
90144,23193,72485,113337,162629,95678,1
41472,56447,37272,97919,78744,93719,1
52422,43428,70241,95850,122663,113669,1
55972,73651,80710,129623,136682,154361,1
97966,63159,44119,161125,142085,107278,1
72496,28715,84416,101211,156912,113131,1
39816,42465,71859,82281,111675,114324,1
60591,95665,10314,156256,70905,105979,0
62905,48624,79804,111529,142709,128428,1
40257,61764,36749,102021,77006,98513,1
46452,5242,5868,51694,52320,11110,0
59176,94331,28962,153507,88138,123293,0
59733,78412,51536,138145,111269,129948,1
6407,9649,18097,16056,24504,27746,0
16811,6136,32825,22947,49636,38961,0
49856,57547,56742,107403,106598,114289,1
36643,12444,7339,49087,43982,19783,0
8618,58338,60676,66956,69294,119014,1
98299,71779,25486,170078,123785,97265,0
45469,78446,53948,123915,99417,132394,1
72961,55130,86121,128091,159082,141251,1
33513,436,59756,33949,93269,60192,0
87700,507,62508,88207,150208,63015,0
11632,42228,29660,53860,41292,71888,0
39675,30382,62624,70057,102299,93006,1
76437,15093,43660,91530,120097,58753,0
84020,52904,69835,136924,153855,122739,1
85866,53671,29019,139537,114885,82690,0
23677,96339,24714,120016,48391,121053,0
71023,3199,96988,74222,168011,100187,0
45125,96116,22977,141241,68102,119093,0
68198,76054,43470,144252,111668,119524,1
65153,26687,39248,91840,104401,65935,1
45424,35544,62525,80968,107949,98069,1
18155,64300,75139,82455,93294,139439,1
82915,26716,16294,109631,99209,43010,0
35305,13806,27771,49111,63076,41577,1
19378,89902,4266,109280,23644,94168,0
8947,30479,53652,39426,62599,84131,0
98529,98155,1672,196684,100201,99827,1
16235,88070,45289,104305,61524,133359,0
3714,94024,50560,97738,54274,144584,0
65811,99074,96386,164885,162197,195460,1
64577,65714,93414,130291,157991,159128,1
48412,60438,51454,108850,99866,111892,1
62113,34764,93911,96877,156024,128675,1
19621,9064,46864,28685,66485,55928,0
71330,16889,59215,88219,130545,76104,1
51708,26136,76938,77844,128646,103074,1
94185,41870,71962,136055,166147,113832,1
19741,85817,15298,105558,35039,101115,0
66108,86822,6417,152930,72525,93239,0
7116,35003,63400,42119,70516,98403,0
33056,59382,84184,92438,117240,143566,1
63754,45359,92298,109113,156052,137657,1
65142,13892,40750,79034,105892,54642,0
19052,93925,25500,112977,44552,119425,0
94240,33683,72981,127923,167221,106664,1
99975,44508,72855,144483,172830,117363,1
82160,56864,61781,139024,143941,118645,1
12082,61683,15131,73765,27213,76814,0
42849,70803,36419,113652,79268,107222,1
85156,4727,79775,89883,164931,84502,0
90452,88379,56610,178831,147062,144989,1
9866,70058,40877,79924,50743,110935,0
43144,12163,10140,55307,53284,22303,0
33815,56769,2759,90584,36574,59528,0
45079,49581,19958,94660,65037,69539,1
48908,92413,94748,141321,143656,187161,1
88542,96908,87447,185450,175989,184355,1
37759,73974,27841,111733,65600,101815,0
15906,78379,70453,94285,86359,148832,1
98768,65378,91811,164146,190579,157189,1
3811,65300,33455,69111,37266,98755,0
73950,83932,92142,157882,166092,176074,1
80526,23514,13321,104040,93847,36835,0
23140,80957,45715,104097,68855,126672,0
31354,64248,45181,95602,76535,109429,1
99280,26616,63276,125896,162556,89892,0
23249,16610,4150,39859,27399,20760,0
77891,7621,84416,85512,162307,92037,1
69490,78007,3800,147497,73290,81807,0
64540,97671,3541,162211,68081,101212,0
8587,81219,42564,89806,51151,123783,0
79640,52450,90084,132090,169724,142534,1
42832,70023,14411,112855,57243,84434,0
70690,57217,56965,127907,127655,114182,1
10261,77671,11253,87932,21514,88924,0
2506,10654,80232,13160,82738,90886,0
64088,97065,84191,161153,148279,181256,1
62945,9164,15836,72109,78781,25000,0
70714,70526,77802,141240,148516,148328,1
74022,67117,29429,141139,103451,96546,1
61224,59500,29157,120724,90381,88657,1
99185,257,18583,99442,117768,18840,0
28343,10403,53659,38746,82002,64062,0
32666,25860,94238,58526,126904,120098,0
54236,90886,10502,145122,64738,101388,0
18636,54143,17041,72779,35677,71184,0
38873,79932,33073,118805,71946,113005,0
75023,60117,93452,135140,168475,153569,1
47348,63992,10663,111340,58011,74655,0
85577,17014,27613,102591,113190,44627,0
36516,51587,22090,88103,58606,73677,1
84452,80717,80668,165169,165120,161385,1
12865,7292,37147,20157,50012,44439,0
5746,43163,3013,48909,8759,46176,0
58337,54089,86681,112426,145018,140770,1
7940,42192,88799,50132,96739,130991,0
14621,70135,31430,84756,46051,101565,0
42602,35557,74272,78159,116874,109829,1
58535,73285,30020,131820,88555,103305,1
80071,86625,15392,166696,95463,102017,1
21555,68895,67961,90450,89516,136856,1
79855,69505,70161,149360,150016,139666,1
50537,32369,7977,82906,58514,40346,0
98334,61939,83168,160273,181502,145107,1
2550,47105,34929,49655,37479,82034,0
49792,29653,92631,79445,142423,122284,0
59206,57276,73391,116482,132597,130667,1
50436,25889,55494,76325,105930,81383,1
20003,84925,19535,104928,39538,104460,0
59643,79315,65933,138958,125576,145248,1
26770,58386,22350,85156,49120,80736,0
41207,81966,60903,123173,102110,142869,1
25724,61600,31583,87324,57307,93183,0
83572,93750,89827,177322,173399,183577,1
86463,37113,65561,123576,152024,102674,1
30106,47657,8137,77763,38243,55794,0
42295,15115,92352,57410,134647,107467,0
48310,81185,12681,129495,60991,93866,0
90270,52996,69415,143266,159685,122411,1
89235,3697,79721,92932,168956,83418,0
99446,26208,64430,125654,163876,90638,0
46689,65200,73758,111889,120447,138958,1
44966,67795,5664,112761,50630,73459,0
64076,18400,17336,82476,81412,35736,0
26939,33579,92602,60518,119541,126181,0
20334,21607,40805,41941,61139,62412,1
22635,93041,99125,115676,121760,192166,1
85064,50478,42530,135542,127594,93008,1
27282,59828,29891,87110,57173,89719,0
34178,21004,397,55182,34575,21401,0
74773,46527,19184,121300,93957,65711,0
69472,12970,75466,82442,144938,88436,1
48023,79383,56008,127406,104031,135391,1
58725,93475,25225,152200,83950,118700,0
91322,54338,58847,145660,150169,113185,1
4713,42413,23298,47126,28011,65711,0
39408,69069,76434,108477,115842,145503,1
36595,40804,99618,77399,136213,140422,0
92765,5572,2731,98337,95496,8303,0
15400,66093,80077,81493,95477,146170,1
38144,25063,58487,63207,96631,83550,1
9497,80738,24765,90235,34262,105503,0
27109,62272,72332,89381,99441,134604,1
44242,69624,93955,113866,138197,163579,1
88782,36414,77917,125196,166699,114331,1
69616,19932,21839,89548,91455,41771,0
99781,52809,61634,152590,161415,114443,1
59325,79759,85846,139084,145171,165605,1
53811,13129,7894,66940,61705,21023,0
14276,99048,90497,113324,104773,189545,1
31221,72034,55781,103255,87002,127815,1
77747,32701,62322,110448,140069,95023,1
13087,35019,52396,48106,65483,87415,0
38976,76292,77744,115268,116720,154036,1
50537,52338,71821,102875,122358,124159,1
9370,49851,88691,59221,98061,138542,0
47974,80236,67211,128210,115185,147447,1
35822,94602,87379,130424,123201,181981,1
30077,19855,52467,49932,82544,72322,0
3297,84589,93272,87886,96569,177861,0
82547,1228,47353,83775,129900,48581,0
74584,73137,61795,147721,136379,134932,1
66306,51715,76346,118021,142652,128061,1
54430,28205,10052,82635,64482,38257,0
95759,17651,15686,113410,111445,33337,0
88527,55035,47235,143562,135762,102270,1
59075,93077,2806,152152,61881,95883,0
74086,21266,91364,95352,165450,112630,1
26155,35233,78330,61388,104485,113563,0
90397,92281,71457,182678,161854,163738,1
44927,67759,20555,112686,65482,88314,0
29771,39650,43837,69421,73608,83487,1
99533,13279,81599,112812,181132,94878,0
93820,79848,75307,173668,169127,155155,1
47831,49922,36252,97753,84083,86174,1
41330,7731,60229,49061,101559,67960,0
25277,75523,77417,100800,102694,152940,1
21148,77166,18700,98314,39848,95866,0
19772,47638,61934,67410,81706,109572,1
34235,59330,61000,93565,95235,120330,1
75187,466,30702,75653,105889,31168,0
31611,17767,86782,49378,118393,104549,0
86909,65027,31967,151936,118876,96994,1
71309,72718,97064,144027,168373,169782,1
12024,47146,79215,59170,91239,126361,0
69455,40948,51074,110403,120529,92022,1
22047,48583,52462,70630,74509,101045,1
48053,17100,55615,65153,103668,72715,1
94764,57889,1762,152653,96526,59651,0
84943,5946,2292,90889,87235,8238,0
18190,3015,74934,21205,93124,77949,0
98881,11957,96563,110838,195444,108520,1
59170,60670,90885,119840,150055,151555,1
35413,32493,78216,67906,113629,110709,0
84932,12438,32775,97370,117707,45213,0
55479,88482,66263,143961,121742,154745,1
92895,15437,79933,108332,172828,95370,1
85020,66566,81806,151586,166826,148372,1
89969,51077,93309,141046,183278,144386,1
55357,26707,64820,82064,120177,91527,1
75740,56286,40130,132026,115870,96416,1
52730,57128,71866,109858,124596,128994,1
14335,58017,41956,72352,56291,99973,0
96497,80409,75364,176906,171861,155773,1
23137,25316,14375,48453,37512,39691,1
51971,13316,13414,65287,65385,26730,0
64128,33724,561,97852,64689,34285,0
63224,21575,89238,84799,152462,110813,0
40016,87175,85885,127191,125901,173060,1
16345,64387,14363,80732,30708,78750,0
95314,43732,68046,139046,163360,111778,1
98098,55406,77641,153504,175739,133047,1
38695,37244,39648,75939,78343,76892,1
3922,50713,72159,54635,76081,122872,0
24938,36055,61494,60993,86432,97549,0
74597,48660,80644,123257,155241,129304,1
53527,67150,62534,120677,116061,129684,1
55039,66830,82312,121869,137351,149142,1
13565,31183,45104,44748,58669,76287,0
43181,18112,25510,61293,68691,43622,1
8657,418,42837,9075,51494,43255,0
81010,95587,18630,176597,99640,114217,1
14821,22203,89564,37024,104385,111767,0
65549,84007,3778,149556,69327,87785,0
17172,51042,9605,68214,26777,60647,0
87583,38689,94477,126272,182060,133166,1
87371,67976,18469,155347,105840,86445,0
56688,96847,643,153535,57331,97490,0
91473,83983,85385,175456,176858,169368,1
27102,58846,3891,85948,30993,62737,0
68741,63434,86986,132175,155727,150420,1
76773,60077,35119,136850,111892,95196,1
88064,69767,38679,157831,126743,108446,1
75455,40552,35586,116007,111041,76138,1
63322,89462,34736,152784,98058,124198,1
94029,7753,77061,101782,171090,84814,0
55757,39370,67735,95127,123492,107105,1
79673,7014,89203,86687,168876,96217,0
18101,24840,96002,42941,114103,120842,0
24029,41998,73019,66027,97048,115017,0
48628,62717,97580,111345,146208,160297,1
76007,31599,5153,107606,81160,36752,0
68127,35841,16222,103968,84349,52063,0
32847,29668,9807,62515,42654,39475,1
25083,38741,21998,63824,47081,60739,1
63757,60408,52751,124165,116508,113159,1
3984,40233,21721,44217,25705,61954,0
71818,78367,88173,150185,159991,166540,1
50661,22441,26006,73102,76667,48447,0
42005,63026,10985,105031,52990,74011,0
60208,69169,88001,129377,148209,157170,1
10121,10744,62468,20865,72589,73212,0
1699,12652,24285,14351,25984,36937,0
58763,29320,6302,88083,65065,35622,0
11188,61805,56157,72993,67345,117962,1
54666,65391,89592,120057,144258,154983,1
35531,90367,1181,125898,36712,91548,0
85759,26645,20325,112404,106084,46970,0
51721,95003,46195,146724,97916,141198,1
45077,15847,33272,60924,78349,49119,1
52172,33397,66127,85569,118299,99524,1
23846,87957,47410,111803,71256,135367,0
21261,76820,94720,98081,115981,171540,1
76273,80269,9181,156542,85454,89450,1
7179,68861,96128,76040,103307,164989,0
2606,49380,35151,51986,37757,84531,0
96812,39202,93789,136014,190601,132991,1
36306,33399,53567,69705,89873,86966,1
72374,966,75946,73340,148320,76912,0
36769,94615,15436,131384,52205,110051,0
9534,25224,90989,34758,100523,116213,0
11532,90446,75923,101978,87455,166369,0
74518,17875,5305,92393,79823,23180,0
57067,70076,90950,127143,148017,161026,1
83519,63668,30367,147187,113886,94035,1
49397,19631,17997,69028,67394,37628,0
88460,73435,11958,161895,100418,85393,0
6778,784,67960,7562,74738,68744,0
75554,73484,12153,149038,87707,85637,1
25342,16782,57806,42124,83148,74588,0
78810,32198,95529,111008,174339,127727,1
62398,52160,35764,114558,98162,87924,1
61305,5896,72906,67201,134211,78802,0
99344,13670,10400,113014,109744,24070,0
85895,72400,29759,158295,115654,102159,1
10384,33523,52409,43907,62793,85932,0
71233,10625,26478,81858,97711,37103,0
2626,39351,94845,41977,97471,134196,0
30475,8149,19284,38624,49759,27433,0
53170,36743,40014,89913,93184,76757,1
22137,71227,25404,93364,47541,96631,0
40557,97591,26930,138148,67487,124521,0
81935,77005,34664,158940,116599,111669,1
64133,32192,96612,96325,160745,128804,0
89723,93521,2253,183244,91976,95774,0
83459,93387,96606,176846,180065,189993,1
59320,58791,64719,118111,124039,123510,1
64382,23098,99414,87480,163796,122512,0
940,20833,25643,21773,26583,46476,0
81748,94288,65091,176036,146839,159379,1
19956,83165,83691,103121,103647,166856,1
65803,26580,17141,92383,82944,43721,0
35770,21574,77603,57344,113373,99177,0
74989,62656,69287,137645,144276,131943,1
90716,56445,27256,147161,117972,83701,0
57947,6546,21546,64493,79493,28092,0
80512,38385,39401,118897,119913,77786,0
40846,67575,51652,108421,92498,119227,1
70190,93351,85847,163541,156037,179198,1
2364,14934,7041,17298,9405,21975,0
84,20057,67248,20141,67332,87305,0
95794,12825,12038,108619,107832,24863,0
77478,75005,61824,152483,139302,136829,1
58954,92570,72358,151524,131312,164928,1
89193,97335,36732,186528,125925,134067,1
39993,22823,70853,62816,110846,93676,0
87133,28660,43038,115793,130171,71698,0
16193,4906,70397,21099,86590,75303,0
39602,99548,9456,139150,49058,109004,0
95421,34154,33696,129575,129117,67850,0
35412,46767,77982,82179,113394,124749,1
22407,49130,3970,71537,26377,53100,0
93163,15017,38199,108180,131362,53216,0
67027,35148,62654,102175,129681,97802,1
88332,93704,85047,182036,173379,178751,1
67948,48674,4901,116622,72849,53575,0
31075,93167,99409,124242,130484,192576,1
83806,15083,60369,98889,144175,75452,0
56216,30217,65465,86433,121681,95682,1
96909,41827,14465,138736,111374,56292,0
89551,52619,96895,142170,186446,149514,1
30360,50671,37752,81031,68112,88423,1
63068,25227,51264,88295,114332,76491,1
96229,66530,80948,162759,177177,147478,1
61069,26012,21375,87081,82444,47387,0
7788,11483,94175,19271,101963,105658,0
64595,74486,48111,139081,112706,122597,1
9912,10462,39189,20374,49101,49651,0
20101,44665,40446,64766,60547,85111,1
12231,51056,46787,63287,59018,97843,1
6827,20014,61922,26841,68749,81936,0
64307,65546,87312,129853,151619,152858,1
94251,48771,41640,143022,135891,90411,0
69576,87021,37138,156597,106714,124159,1
24346,77923,13847,102269,38193,91770,0
99154,13990,19860,113144,119014,33850,0
23680,75252,75741,98932,99421,150993,1
35321,32069,6134,67390,41455,38203,1
49380,46552,91202,95932,140582,137754,1
90798,9097,61759,99895,152557,70856,0
78934,80762,64929,159696,143863,145691,1
3858,83815,67113,87673,70971,150928,0
73529,9822,45730,83351,119259,55552,0
82089,91133,75020,173222,157109,166153,1
39699,75913,82344,115612,122043,158257,1
88004,12832,93938,100836,181942,106770,1
291,81525,98619,81816,98910,180144,0
30847,95202,32148,126049,62995,127350,0
72662,13117,66906,85779,139568,80023,1
69645,29916,55105,99561,124750,85021,1
51553,64591,71766,116144,123319,136357,1
57100,84198,6350,141298,63450,90548,0
43890,49968,3499,93858,47389,53467,0
82285,69776,86593,152061,168878,156369,1
67813,12174,57256,79987,125069,69430,1
28687,89693,52187,118380,80874,141880,0
63849,16894,70220,80743,134069,87114,1
47696,55799,59600,103495,107296,115399,1
77019,73717,37414,150736,114433,111131,1
45719,69579,51752,115298,97471,121331,1
89050,46785,2947,135835,91997,49732,0
41139,423,7227,41562,48366,7650,0
48140,24781,26396,72921,74536,51177,1
74731,58924,14358,133655,89089,73282,0
37555,9318,16774,46873,54329,26092,0
55871,81217,69761,137088,125632,150978,1
52255,55561,1925,107816,54180,57486,0
29642,76817,50784,106459,80426,127601,1
90303,38614,3260,128917,93563,41874,0
10901,12014,84225,22915,95126,96239,0
57913,70937,96175,128850,154088,167112,1
33938,73773,48466,107711,82404,122239,1
86635,62661,58763,149296,145398,121424,1
40883,67431,10472,108314,51355,77903,0
3624,91364,4042,94988,7666,95406,0
36058,44847,31805,80905,67863,76652,1
58463,22863,72194,81326,130657,95057,1
46811,29235,76068,76046,122879,105303,0
61218,92974,44233,154192,105451,137207,1
65021,61687,98666,126708,163687,160353,1
65503,30806,18222,96309,83725,49028,0
42331,93687,44202,136018,86533,137889,0
78532,92082,17290,170614,95822,109372,1
41801,33258,43565,75059,85366,76823,1
2109,71267,84710,73376,86819,155977,0
79302,65214,45279,144516,124581,110493,1
14710,97984,76446,112694,91156,174430,0
93721,11760,65599,105481,159320,77359,0
85762,45642,10300,131404,96062,55942,0
17656,31385,1227,49041,18883,32612,0
83795,16630,80550,100425,164345,97180,1
43041,50072,12083,93113,55124,62155,1
44005,46384,20745,90389,64750,67129,1
84371,50535,39029,134906,123400,89564,1
48540,87325,80775,135865,129315,168100,1
75349,51059,91290,126408,166639,142349,1
63671,65298,57192,128969,120863,122490,1
9382,62780,50093,72162,59475,112873,0
72460,92014,57355,164474,129815,149369,1
98027,59348,7814,157375,105841,67162,0
72300,29280,79848,101580,152148,109128,1
95227,16123,25013,111350,120240,41136,0
52566,18260,79475,70826,132041,97735,0
70626,32426,38274,103052,108900,70700,1
6107,80048,39495,86155,45602,119543,0
22237,57088,71698,79325,93935,128786,1
95912,25494,27776,121406,123688,53270,0
56499,71592,37912,128091,94411,109504,1
49248,7677,7875,56925,57123,15552,0
39355,48325,82679,87680,122034,131004,1
14239,48910,46105,63149,60344,95015,1
97549,27785,63890,125334,161439,91675,0
17729,8752,14550,26481,32279,23302,1
91334,12090,37170,103424,128504,49260,0
86348,28431,75659,114779,162007,104090,1
33029,52471,41400,85500,74429,93871,1
30179,47048,92082,77227,122261,139130,0
16140,81968,42890,98108,59030,124858,0
10773,79576,11253,90349,22026,90829,0
60915,36758,9514,97673,70429,46272,0
92845,58732,46385,151577,139230,105117,1
47437,15973,57825,63410,105262,73798,1
75569,66586,1805,142155,77374,68391,0
81189,97251,60750,178440,141939,158001,1
54079,45873,10371,99952,64450,56244,1
7599,27622,45944,35221,53543,73566,0
7474,35664,58332,43138,65806,93996,0
48894,12610,63645,61504,112539,76255,0
73999,76586,23052,150585,97051,99638,1
45577,29679,35811,75256,81388,65490,1
57588,93780,33245,151368,90833,127025,0
74918,54355,88421,129273,163339,142776,1
58072,94932,32061,153004,90133,126993,0
77618,11274,80565,88892,158183,91839,1
36446,36634,29262,73080,65708,65896,1
86718,32996,13460,119714,100178,46456,0
58896,44069,84993,102965,143889,129062,1
3946,30211,73286,34157,77232,103497,0
74712,57312,17376,132024,92088,74688,0
95007,10159,32266,105166,127273,42425,0
13010,9656,17272,22666,30282,26928,1
93144,60147,93231,153291,186375,153378,1
45675,97522,61625,143197,107300,159147,1
66281,45508,63683,111789,129964,109191,1
75803,65122,27659,140925,103462,92781,1
45745,53193,74616,98938,120361,127809,1
50196,91644,82855,141840,133051,174499,1
50143,13233,63366,63376,113509,76599,1
40027,96484,19630,136511,59657,116114,0
66350,38311,83132,104661,149482,121443,1
75778,99002,36058,174780,111836,135060,1
72002,1704,67230,73706,139232,68934,0
79911,49070,59147,128981,139058,108217,1
62015,78336,35574,140351,97589,113910,1
8573,3918,13649,12491,22222,17567,0
99583,86868,35478,186451,135061,122346,1
53080,34905,6974,87985,60054,41879,0
33657,32319,56157,65976,89814,88476,1
78212,84044,64359,162256,142571,148403,1
7446,70525,45853,77971,53299,116378,0
25038,17826,46047,42864,71085,63873,0
71471,67739,70067,139210,141538,137806,1
93584,95493,76181,189077,169765,171674,1
30228,60470,78409,90698,108637,138879,1
99112,93181,33706,192293,132818,126887,1
60429,96460,1747,156889,62176,98207,0
4195,98865,53371,103060,57566,152236,0
82172,7156,72852,89328,155024,80008,0
31795,23242,26375,55037,58170,49617,1
88992,14938,76344,103930,165336,91282,1
12771,11031,79057,23802,91828,90088,0
20615,1201,87774,21816,108389,88975,0
34899,44382,9952,79281,44851,54334,1
51721,78282,72113,130003,123834,150395,1
46764,31411,21065,78175,67829,52476,1
66647,54553,13926,121200,80573,68479,1
11501,57719,35009,69220,46510,92728,0
73126,66839,22108,139965,95234,88947,1
33569,17695,61326,51264,94895,79021,0
60554,33804,48471,94358,109025,82275,1
67581,98403,59121,165984,126702,157524,1
52452,99702,52164,152154,104616,151866,1
24700,21901,91994,46601,116694,113895,0
9232,30523,51982,39755,61214,82505,0
51729,38312,64797,90041,116526,103109,1
13908,88375,3089,102283,16997,91464,0
17014,60325,72688,77339,89702,133013,1
30309,89609,90760,119918,121069,180369,1
29510,84671,38875,114181,68385,123546,0
52873,20465,96433,73338,149306,116898,0
62343,99654,45650,161997,107993,145304,1
28224,87035,97024,115259,125248,184059,1
93948,60863,21374,154811,115322,82237,0
48323,14500,27303,62823,75626,41803,0
23852,87869,7161,111721,31013,95030,0
90450,80196,94092,170646,184542,174288,1
21144,90021,62180,111165,83324,152201,0
76189,94969,16976,171158,93165,111945,0
20344,90508,28514,110852,48858,119022,0
56438,8920,83680,65358,140118,92600,0
99809,40054,18984,139863,118793,59038,0
65087,98377,85817,163464,150904,184194,1
91818,44891,99295,136709,191113,144186,1
6754,62872,60296,69626,67050,123168,1
14038,51838,68182,65876,82220,120020,0
9304,67393,17337,76697,26641,84730,0
40181,62205,57164,102386,97345,119369,1
93136,88385,39392,181521,132528,127777,1
44365,40659,14910,85024,59275,55569,1
75239,54675,13165,129914,88404,67840,0
22383,28863,80755,51246,103138,109618,0
83057,25978,15156,109035,98213,41134,0
75056,83447,29268,158503,104324,112715,1
64085,35313,82674,99398,146759,117987,1
17060,65645,43808,82705,60868,109453,0
80477,4276,22058,84753,102535,26334,0
78614,23524,79264,102138,157878,102788,1
61729,11205,44299,72934,106028,55504,0
15075,94816,19626,109891,34701,114442,0
45669,46172,59376,91841,105045,105548,1
9542,19801,96580,29343,106122,116381,0
41767,97989,69089,139756,110856,167078,1
7410,38195,45048,45605,52458,83243,1
94373,6336,12340,100709,106713,18676,0
12885,89277,81280,102162,94165,170557,1
51349,13844,49389,65193,100738,63233,1
20831,19579,31598,40410,52429,51177,1
26676,63552,91178,90228,117854,154730,0
96246,76648,23466,172894,119712,100114,1
21986,13490,19447,35476,41433,32937,1
63106,90863,57413,153969,120519,148276,1
49461,17777,23585,67238,73046,41362,0
57909,53498,41541,111407,99450,95039,1
74780,13168,96363,87948,171143,109531,0
29552,50601,15690,80153,45242,66291,0
38513,85356,7892,123869,46405,93248,0
91180,27022,92762,118202,183942,119784,1
81678,60239,32192,141917,113870,92431,1
44180,17704,25208,61884,69388,42912,0
41676,86860,50975,128536,92651,137835,1
64450,76353,29145,140803,93595,105498,1
31489,7262,15449,38751,46938,22711,0
54439,48720,74155,103159,128594,122875,1
6785,69372,38864,76157,45649,108236,0
53726,39909,22504,93635,76230,62413,1
50791,9232,16063,60023,66854,25295,0
30579,97857,60524,128436,91103,158381,0
8797,50472,26444,59269,35241,76916,0
87950,47206,85845,135156,173795,133051,1
29482,64593,95014,94075,124496,159607,0
97998,56877,66228,154875,164226,123105,1
48755,23518,46028,72273,94783,69546,1
26984,36361,73888,63345,100872,110249,0
43961,71787,27508,115748,71469,99295,0
20454,85508,21956,105962,42410,107464,0
25893,62128,57325,88021,83218,119453,1
91262,41518,30022,132780,121284,71540,0
13472,2787,82418,16259,95890,85205,0
68005,46044,70900,114049,138905,116944,1
20494,15099,58505,35593,78999,73604,0
27451,8077,95945,35528,123396,104022,0
97381,33214,18208,130595,115589,51422,0
58234,33189,15364,91423,73598,48553,0
23208,46504,42810,69712,66018,89314,1
73281,99336,90981,172617,164262,190317,1
9999,44150,3084,54149,13083,47234,0
32516,77380,47828,109896,80344,125208,1
54202,91239,5626,145441,59828,96865,0
92409,69916,19675,162325,112084,89591,0
78832,30535,85492,109367,164324,116027,1
41862,68544,3405,110406,45267,71949,0
83665,58286,25639,141951,109304,83925,1
78084,7630,24111,85714,102195,31741,0
7515,18381,36891,25896,44406,55272,0
48677,51753,8713,100430,57390,60466,1
19414,34575,42792,53989,62206,77367,1
2168,88658,80319,90826,82487,168977,0
5548,51069,10760,56617,16308,61829,0
96033,67117,73655,163150,169688,140772,1
74896,52793,37331,127689,112227,90124,1
50162,22618,10235,72780,60397,32853,0
92307,30166,3179,122473,95486,33345,0
72163,53847,57686,126010,129849,111533,1
42700,62085,83173,104785,125873,145258,1
77382,52879,85263,130261,162645,138142,1
21461,33482,34194,54943,55655,67676,1
34650,21172,1381,55822,36031,22553,0
51408,20081,43763,71489,95171,63844,1
90023,43193,74655,133216,164678,117848,1
65528,68005,75807,133533,141335,143812,1
29344,3279,56431,32623,85775,59710,0
30185,72554,95233,102739,125418,167787,1
26869,68088,70894,94957,97763,138982,1
35855,39689,54645,75544,90500,94334,1
63838,86673,5849,150511,69687,92522,0
16634,99343,84401,115977,101035,183744,1
31747,67048,36479,98795,68226,103527,1
32429,27810,40718,60239,73147,68528,1
12968,9739,57735,22707,70703,67474,0
86219,88046,81545,174265,167764,169591,1
17100,40500,5050,57600,22150,45550,0
60315,94104,41630,154419,101945,135734,1
61912,99875,83257,161787,145169,183132,1
31433,76702,63505,108135,94938,140207,1
5942,47310,97101,53252,103043,144411,0
62430,44671,66431,107101,128861,111102,1
93090,56804,73440,149894,166530,130244,1
22210,69841,20731,92051,42941,90572,0
6154,66043,61491,72197,67645,127534,1
34804,48660,1455,83464,36259,50115,0
44518,33780,54239,78298,98757,88019,1
71487,58534,97873,130021,169360,156407,1
62370,65626,92505,127996,154875,158131,1
28326,67020,48925,95346,77251,115945,1
46939,30974,45451,77913,92390,76425,1
75653,81770,1076,157423,76729,82846,0
29417,68095,99094,97512,128511,167189,0
29826,10126,84712,39952,114538,94838,0
11255,76915,50784,88170,62039,127699,0
39182,53128,25471,92310,64653,78599,1
3137,25720,93589,28857,96726,119309,0
84660,91420,91703,176080,176363,183123,1
7637,51433,65091,59070,72728,116524,0
18652,71587,28102,90239,46754,99689,0
34028,51403,58076,85431,92104,109479,1
56086,85529,62856,141615,118942,148385,1
78894,37418,87034,116312,165928,124452,1
33154,1013,57850,34167,91004,58863,0
49183,88907,90589,138090,139772,179496,1
16723,71917,1207,88640,17930,73124,0
27804,20788,91983,48592,119787,112771,0
12050,38121,80107,50171,92157,118228,0
2430,86327,70774,88757,73204,157101,0
84785,83280,46609,168065,131394,129889,1
91078,99009,55073,190087,146151,154082,1
14231,53655,986,67886,15217,54641,0
3234,96280,33211,99514,36445,129491,0
90518,73149,22806,163667,113324,95955,1
84841,83460,31792,168301,116633,115252,1
97620,23874,97475,121494,195095,121349,1
73543,52579,84110,126122,157653,136689,1
52037,78431,24023,130468,76060,102454,0
12063,62353,29110,74416,41173,91463,0
52927,7588,93374,60515,146301,100962,0
86105,64269,83293,150374,169398,147562,1
80571,42410,46316,122981,126887,88726,1
8529,79153,40770,87682,49299,119923,0
16305,31347,57854,47652,74159,89201,0
80073,20507,49868,100580,129941,70375,0
18123,80339,73520,98462,91643,153859,1
46986,56285,95429,103271,142415,151714,1
50366,85349,20359,135715,70725,105708,0
15920,15558,45115,31478,61035,60673,0
88482,5475,70418,93957,158900,75893,0
66363,26228,47535,92591,113898,73763,1
35951,16855,78136,52806,114087,94991,0
79763,97743,22529,177506,102292,120272,1
14312,99419,41487,113731,55799,140906,0
56327,26968,51546,83295,107873,78514,1
44702,84944,4656,129646,49358,89600,0
26321,97357,39171,123678,65492,136528,0
69522,13803,116,83325,69638,13919,0
9982,53372,13161,63354,23143,66533,0
49239,31348,5004,80587,54243,36352,0
92062,74412,21071,166474,113133,95483,1
61350,43975,37273,105325,98623,81248,1
9805,89753,25448,99558,35253,115201,0
98595,64351,56056,162946,154651,120407,1
46022,3759,42897,49781,88919,46656,1
29351,9549,46490,38900,75841,56039,0
81906,88503,32211,170409,114117,120714,1
18251,42409,46790,60660,65041,89199,1
6650,3044,89751,9694,96401,92795,0
94428,48306,26348,142734,120776,74654,0
54477,78810,75959,133287,130436,154769,1
45746,86815,21043,132561,66789,107858,0
9742,84669,49255,94411,58997,133924,0
37997,39688,7165,77685,45162,46853,1
1788,2434,74542,4222,76330,76976,0
15317,15431,5439,30748,20756,20870,1
41662,31121,94435,72783,136097,125556,0
74883,7081,91518,81964,166401,98599,0
85780,84169,55885,169949,141665,140054,1
12983,89020,27201,102003,40184,116221,0
37937,90380,48157,128317,86094,138537,0
5717,83478,42065,89195,47782,125543,0
90260,92363,81967,182623,172227,174330,1
39521,9092,33808,48613,73329,42900,1
71252,26240,17007,97492,88259,43247,0
85678,20273,64057,105951,149735,84330,0
89870,34384,4454,124254,94324,38838,0
37919,23628,25436,61547,63355,49064,1
4304,78154,40950,82458,45254,119104,0
73792,25328,19726,99120,93518,45054,0
17925,96340,73,114265,17998,96413,0
71189,62431,54551,133620,125740,116982,1
85793,97561,22875,183354,108668,120436,1
99386,43768,20284,143154,119670,64052,0
49016,33215,89671,82231,138687,122886,0
56791,32554,34741,89345,91532,67295,1
93980,39767,61143,133747,155123,100910,1
6570,2757,32367,9327,38937,35124,0
38505,9787,18107,48292,56612,27894,0
85913,4504,99377,90417,185290,103881,0
15618,54507,90581,70125,106199,145088,0
45551,28967,72032,74518,117583,100999,1
19947,23956,33830,43903,53777,57786,1
11061,45280,30562,56341,41623,75842,0
43925,54035,78615,97960,122540,132650,1
9951,33591,51090,43542,61041,84681,0
32082,46389,84583,78471,116665,130972,0
88342,1004,28165,89346,116507,29169,0
43522,43299,57385,86821,100907,100684,1
6994,42109,75610,49103,82604,117719,0
16342,46700,75102,63042,91444,121802,0
491,91380,55427,91871,55918,146807,0
51889,29205,55949,81094,107838,85154,1
67908,47696,59914,115604,127822,107610,1
27492,73152,26955,100644,54447,100107,0
32762,63631,79318,96393,112080,142949,1
84698,52585,83206,137283,167904,135791,1
88914,71789,29009,160703,117923,100798,1
47260,81266,4955,128526,52215,86221,0
21872,92823,86225,114695,108097,179048,1
96081,69100,40366,165181,136447,109466,1
95911,86713,21838,182624,117749,108551,1
70314,97794,68158,168108,138472,165952,1
43684,54607,8615,98291,52299,63222,0
45391,86137,20278,131528,65669,106415,0
87410,31706,20019,119116,107429,51725,0
66676,96700,440,163376,67116,97140,0
90033,34074,8826,124107,98859,42900,0
90888,55632,92383,146520,183271,148015,1
28265,56571,8873,84836,37138,65444,0
38686,14457,5008,53143,43694,19465,0
47451,6932,32326,54383,79777,39258,0
48984,3154,66117,52138,115101,69271,0
58344,94740,4801,153084,63145,99541,0
97662,59297,91829,156959,189491,151126,1
82865,46418,22138,129283,105003,68556,0
60235,70080,53847,130315,114082,123927,1
11431,50650,25753,62081,37184,76403,0
72734,16883,18469,89617,91203,35352,0
74581,34159,46255,108740,120836,80414,1
94055,32221,77706,126276,171761,109927,1
92033,90287,70979,182320,163012,161266,1
97649,43711,71378,141360,169027,115089,1
27839,50951,53381,78790,81220,104332,1
10870,69084,35558,79954,46428,104642,0
41009,38388,46885,79397,87894,85273,1
59634,34488,73428,94122,133062,107916,1
17638,25848,68463,43486,86101,94311,0
19126,9358,98977,28484,118103,108335,0
2822,33660,83066,36482,85888,116726,0
11898,7250,25377,19148,37275,32627,0
62035,43388,80054,105423,142089,123442,1
88847,93147,38697,181994,127544,131844,1
77577,6060,47037,83637,124614,53097,0
14797,92265,49237,107062,64034,141502,0
26610,35606,86681,62216,113291,122287,0
42681,33684,21098,76365,63779,54782,1
33978,53526,33714,87504,67692,87240,1
72423,9843,40415,82266,112838,50258,0
47288,14676,8494,61964,55782,23170,0
93539,22056,91831,115595,185370,113887,1
471,86100,49574,86571,50045,135674,0
75862,36120,79672,111982,155534,115792,1
96694,73834,59213,170528,155907,133047,1
62597,76357,77428,138954,140025,153785,1
6415,25733,51398,32148,57813,77131,0
75233,32598,76602,107831,151835,109200,1
96868,78700,5011,175568,101879,83711,0
74577,68154,35319,142731,109896,103473,1
47023,75596,64227,122619,111250,139823,1
75427,81154,54092,156581,129519,135246,1
90588,54116,81883,144704,172471,135999,1
13228,39000,63865,52228,77093,102865,0
14044,87009,92419,101053,106463,179428,1
75998,74663,79247,150661,155245,153910,1
3867,40713,33533,44580,37400,74246,0
83256,84920,60896,168176,144152,145816,1
83783,53147,85371,136930,169154,138518,1
70580,64021,54339,134601,124919,118360,1
93845,92517,79858,186362,173703,172375,1
67774,32270,3827,100044,71601,36097,0
53035,46373,98628,99408,151663,145001,1
83498,88843,72558,172341,156056,161401,1
99,50118,26625,50217,26724,76743,0
12563,88071,99037,100634,111600,187108,1
49333,26493,66925,75826,116258,93418,1
6837,32934,94688,39771,101525,127622,0
86056,62929,22190,148985,108246,85119,0
10920,11594,4616,22514,15536,16210,1
86727,21023,50156,107750,136883,71179,0
68815,92997,80786,161812,149601,173783,1
16166,11802,66497,27968,82663,78299,0
11796,51265,3852,63061,15648,55117,0
57735,14530,34562,72265,92297,49092,0
77062,31151,96954,108213,174016,128105,1
49100,6210,25329,55310,74429,31539,0
84398,30466,44799,114864,129197,75265,0
84510,91899,62826,176409,147336,154725,1
46187,62750,78300,108937,124487,141050,1
52224,476,1617,52700,53841,2093,0
28076,47178,9674,75254,37750,56852,0
49319,31931,83697,81250,133016,115628,0
68626,72293,83908,140919,152534,156201,1
16824,11998,40730,28822,57554,52728,0
91225,98487,62377,189712,153602,160864,1
35390,99272,99558,134662,134948,198830,1
58681,74538,32887,133219,91568,107425,1
54673,50732,33044,105405,87717,83776,1
79394,83922,53728,163316,133122,137650,1
39618,49124,79762,88742,119380,128886,1
90955,28537,91873,119492,182828,120410,1
9868,71367,31555,81235,41423,102922,0
81269,9610,81644,90879,162913,91254,1
19304,85187,53366,104491,72670,138553,0
83889,1467,51463,85356,135352,52930,0
87388,58815,25950,146203,113338,84765,0
41849,48445,37540,90294,79389,85985,1
35324,29459,5686,64783,41010,35145,0
42092,85220,87140,127312,129232,172360,1
18156,6492,47953,24648,66109,54445,0
422,40073,70803,40495,71225,110876,0
29939,20907,40781,50846,70720,61688,1
97205,14545,45887,111750,143092,60432,0
12507,20422,79607,32929,92114,100029,0
15867,12979,22089,28846,37956,35068,1
69268,79258,9974,148526,79242,89232,0
68770,63653,29648,132423,98418,93301,1
3874,30421,13720,34295,17594,44141,0
96271,40145,3783,136416,100054,43928,0
29316,52380,30325,81696,59641,82705,1
10993,68509,10310,79502,21303,78819,0
75735,76409,5968,152144,81703,82377,1
70933,63174,65831,134107,136764,129005,1
25714,95791,27558,121505,53272,123349,0
52397,65900,368,118297,52765,66268,0
19058,56792,33503,75850,52561,90295,0
84159,75520,6651,159679,90810,82171,0
71520,31048,14596,102568,86116,45644,0
58824,37605,16028,96429,74852,53633,0
82716,53593,68327,136309,151043,121920,1
71734,39723,24631,111457,96365,64354,0
22031,82352,21667,104383,43698,104019,0
94495,9240,55911,103735,150406,65151,0
32611,14300,50575,46911,83186,64875,0
4650,4499,4757,9149,9407,9256,1
43153,59032,66896,102185,110049,125928,1
90970,94973,30385,185943,121355,125358,1
28059,35449,30582,63508,58641,66031,1
93882,65899,82571,159781,176453,148470,1
23611,92384,25063,115995,48674,117447,0
72968,87800,18699,160768,91667,106499,1
83407,90708,37368,174115,120775,128076,1
49717,13894,52311,63611,102028,66205,1
35500,22512,651,58012,36151,23163,0
52463,46481,96223,98944,148686,142704,1
83954,4408,49477,88362,133431,53885,0
85506,38440,63462,123946,148968,101902,1
58942,68133,19226,127075,78168,87359,1
35864,72121,65981,107985,101845,138102,1
62721,64565,5881,127286,68602,70446,1
23422,88844,98469,112266,121891,187313,1
92309,52825,49094,145134,141403,101919,1
42225,17243,13021,59468,55246,30264,0
86888,17980,38824,104868,125712,56804,0
18696,55563,92153,74259,110849,147716,0
19492,34402,2021,53894,21513,36423,0
69068,34598,13809,103666,82877,48407,0
41102,74645,55731,115747,96833,130376,1
76840,36805,7520,113645,84360,44325,0
15412,55859,51174,71271,66586,107033,1
79132,56505,19237,135637,98369,75742,0
8646,84963,84963,93609,93609,169926,1
94930,75829,87528,170759,182458,163357,1
27347,30643,31403,57990,58750,62046,1
58724,10224,95802,68948,154526,106026,0
17489,71571,91929,89060,109418,163500,0
39936,60379,67133,100315,107069,127512,1
92755,58685,18906,151440,111661,77591,0
24624,97073,31901,121697,56525,128974,0
26685,87797,29742,114482,56427,117539,0
93087,27578,24499,120665,117586,52077,0
46169,7467,68406,53636,114575,75873,0
46434,19741,91434,66175,137868,111175,0
62799,71226,70554,134025,133353,141780,1
7148,21789,3003,28937,10151,24792,0
46714,50803,36373,97517,83087,87176,1
3572,54474,55977,58046,59549,110451,1
34481,84214,66177,118695,100658,150391,1
48121,28478,72158,76599,120279,100636,1
61250,70026,98595,131276,159845,168621,1
38773,24944,33930,63717,72703,58874,1
60150,70083,10088,130233,70238,80171,1
85083,71246,46529,156329,131612,117775,1
27497,82030,38518,109527,66015,120548,0
83596,99126,67679,182722,151275,166805,1
52463,17214,9370,69677,61833,26584,0
55449,68648,56529,124097,111978,125177,1
58173,53686,85490,111859,143663,139176,1
47396,67767,71019,115163,118415,138786,1
50058,39378,29829,89436,79887,69207,1
48629,19530,28313,68159,76942,47843,0
59615,59147,84870,118762,144485,144017,1
73438,26989,54181,100427,127619,81170,1
76079,5413,62436,81492,138515,67849,0
10889,679,69295,11568,80184,69974,0
83441,53,42314,83494,125755,42367,0
98243,22733,64400,120976,162643,87133,0
6944,4280,59966,11224,66910,64246,0
4224,28811,45194,33035,49418,74005,0
52265,88109,78296,140374,130561,166405,1
77368,17458,86632,94826,164000,104090,1
77270,9886,30918,87156,108188,40804,0
55531,62812,24128,118343,79659,86940,1
31209,41862,36558,73071,67767,78420,1
61262,40825,73948,102087,135210,114773,1
3183,44766,81240,47949,84423,126006,0
64833,39810,25711,104643,90544,65521,1
89321,2509,53679,91830,143000,56188,0
38963,27602,35224,66565,74187,62826,1
7677,2707,94199,10384,101876,96906,0
17175,91888,63413,109063,80588,155301,0
59714,53290,76346,113004,136060,129636,1
94508,55385,79230,149893,173738,134615,1
99631,58762,10566,158393,110197,69328,0
99314,73866,44269,173180,143583,118135,1
52084,20061,24679,72145,76763,44740,0
14151,31352,60223,45503,74374,91575,0
90078,65403,42455,155481,132533,107858,1
76579,48056,96190,124635,172769,144246,1
55613,74833,235,130446,55848,75068,0
50143,70512,6963,120655,57106,77475,0
15992,44891,47585,60883,63577,92476,1
4180,564,14072,4744,18252,14636,0
55227,60167,44476,115394,99703,104643,1
89910,55349,63620,145259,153530,118969,1
34375,34587,10639,68962,45014,45226,1
59379,64793,54420,124172,113799,119213,1
99135,75556,20634,174691,119769,96190,0
16372,52617,1097,68989,17469,53714,0
93637,63837,43058,157474,136695,106895,1
40646,69718,16473,110364,57119,86191,0
27221,49839,87244,77060,114465,137083,0
57871,8330,98097,66201,155968,106427,0
35669,70566,51273,106235,86942,121839,1
27937,95935,85926,123872,113863,181861,1
3126,59212,42685,62338,45811,101897,0
9449,53361,13920,62810,23369,67281,0
10452,97198,59550,107650,70002,156748,0
97105,64248,84414,161353,181519,148662,1
98694,31108,46109,129802,144803,77217,0
51471,61361,23065,112832,74536,84426,1
7780,87334,31598,95114,39378,118932,0
26346,1696,249,28042,26595,1945,0
51816,95376,50220,147192,102036,145596,1
26930,5774,49638,32704,76568,55412,0
29814,56086,1978,85900,31792,58064,0
2439,62343,73248,64782,75687,135591,0
5097,89579,75398,94676,80495,164977,0
28775,52765,90643,81540,119418,143408,0
13049,99207,33460,112256,46509,132667,0
56213,97918,5783,154131,61996,103701,0
36063,4286,92510,40349,128573,96796,0
76322,67051,83038,143373,159360,150089,1
68344,88637,46882,156981,115226,135519,1
40004,22518,86201,62522,126205,108719,0
97553,96797,91245,194350,188798,188042,1
49048,3965,17778,53013,66826,21743,0
76514,77274,79821,153788,156335,157095,1
73616,65570,86914,139186,160530,152484,1
70239,47954,57306,118193,127545,105260,1
78303,37672,97375,115975,175678,135047,1
11659,50051,81839,61710,93498,131890,0
64940,91272,68474,156212,133414,159746,1
46451,35207,53778,81658,100229,88985,1
45752,63155,19370,108907,65122,82525,1
57175,50851,76849,108026,134024,127700,1
49177,89207,14996,138384,64173,104203,0
30416,75230,94730,105646,125146,169960,1
20126,87830,85034,107956,105160,172864,1
30960,71175,44736,102135,75696,115911,1
15951,29155,68981,45106,84932,98136,0
60594,1570,3035,62164,63629,4605,0
62541,56217,88111,118758,150652,144328,1
12594,74827,15672,87421,28266,90499,0
60755,5305,79448,66060,140203,84753,0
66506,40156,27822,106662,94328,67978,1
43079,11633,60835,54712,103914,72468,0
273,44048,84308,44321,84581,128356,0
47328,97048,99872,144376,147200,196920,1
77883,32586,34778,110469,112661,67364,0
37053,61900,52058,98953,89111,113958,1
77718,95324,71593,173042,149311,166917,1
90337,17392,21913,107729,112250,39305,0
98979,33236,13757,132215,112736,46993,0
118,88350,8564,88468,8682,96914,0
35881,40122,46341,76003,82222,86463,1
42566,69391,57456,111957,100022,126847,1
74385,21642,52562,96027,126947,74204,0
7930,53798,1400,61728,9330,55198,0
58778,52377,64201,111155,122979,116578,1
20587,30476,28937,51063,49524,59413,1
73570,35352,50471,108922,124041,85823,1
20256,75568,94342,95824,114598,169910,1
61917,83279,17732,145196,79649,101011,0
26918,66658,27955,93576,54873,94613,0
83955,62153,91237,146108,175192,153390,1
96864,26351,88639,123215,185503,114990,1
92881,36618,8084,129499,100965,44702,0
26964,96102,24447,123066,51411,120549,0
55770,38606,44862,94376,100632,83468,1
36968,38589,18879,75557,55847,57468,1
50601,50385,12867,100986,63468,63252,1
28395,93291,51774,121686,80169,145065,0
46661,73627,31922,120288,78583,105549,1
91754,56782,58825,148536,150579,115607,1
16639,76855,7390,93494,24029,84245,0
45484,51291,10986,96775,56470,62277,1
460,41916,79243,42376,79703,121159,0
33571,39598,46943,73169,80514,86541,1
18017,931,35094,18948,53111,36025,0
10675,63323,66354,73998,77029,129677,1
58757,96567,33816,155324,92573,130383,0
73397,49650,46036,123047,119433,95686,1
24574,65341,42172,89915,66746,107513,1
77287,55384,85095,132671,162382,140479,1
90904,48810,72946,139714,163850,121756,1
59828,40029,5659,99857,65487,45688,0
28338,95463,68046,123801,96384,163509,1
36386,43485,59426,79871,95812,102911,1
27505,61547,21697,89052,49202,83244,0
11574,47008,33955,58582,45529,80963,0
25077,58056,14289,83133,39366,72345,0
32818,19575,14644,52393,47462,34219,1
6865,51995,7134,58860,13999,59129,0
16337,25808,76788,42145,93125,102596,0
64985,65772,82636,130757,147621,148408,1
90444,51091,43987,141535,134431,95078,1
68817,36705,96930,105522,165747,133635,1
45211,7247,81826,52458,127037,89073,0
28654,36884,25573,65538,54227,62457,1
52991,77007,86348,129998,139339,163355,1
29038,79423,53906,108461,82944,133329,1
51696,31142,61200,82838,112896,92342,1
37349,4020,84497,41369,121846,88517,0
16874,65380,68644,82254,85518,134024,1
2860,44148,28837,47008,31697,72985,0
92172,18603,32643,110775,124815,51246,0
26405,60528,56037,86933,82442,116565,1
90088,30415,84940,120503,175028,115355,1
85011,84630,45894,169641,130905,130524,1
59267,41555,39045,100822,98312,80600,1
9941,51608,49163,61549,59104,100771,1
31342,3587,92037,34929,123379,95624,0
96973,9095,6264,106068,103237,15359,0
30298,68968,38124,99266,68422,107092,0
96062,54210,56819,150272,152881,111029,1
77787,18687,45732,96474,123519,64419,0
29220,39903,34505,69123,63725,74408,1
51674,72810,62524,124484,114198,135334,1
45493,93297,856,138790,46349,94153,0
98608,93344,10445,191952,109053,103789,1
47918,63048,25150,110966,73068,88198,1
40097,84408,34158,124505,74255,118566,0
47236,79139,35116,126375,82352,114255,1
99965,53387,8918,153352,108883,62305,0
39825,35667,14212,75492,54037,49879,1
39058,97306,63644,136364,102702,160950,1
72400,10552,42242,82952,114642,52794,0
2584,48649,93546,51233,96130,142195,0
1757,44907,99716,46664,101473,144623,0
14305,5585,33180,19890,47485,38765,0
71167,6925,63600,78092,134767,70525,0
87075,71980,36485,159055,123560,108465,1
5139,41347,57413,46486,62552,98760,0
65083,29326,78200,94409,143283,107526,1
63255,49348,86146,112603,149401,135494,1
3545,44273,43106,47818,46651,87379,1
46945,42213,91937,89158,138882,134150,0
39462,63019,18411,102481,57873,81430,0
16151,55220,31096,71371,47247,86316,0
76011,16905,89059,92916,165070,105964,1
77100,31265,82353,108365,159453,113618,1
20563,42209,47335,62772,67898,89544,1
37963,66946,19496,104909,57459,86442,0
64583,21598,42631,86181,107214,64229,0
99187,26328,78507,125515,177694,104835,1
17588,50854,51100,68442,68688,101954,1
74676,91962,53714,166638,128390,145676,1
50862,90699,69358,141561,120220,160057,1
1442,50233,85595,51675,87037,135828,0
56439,97987,39399,154426,95838,137386,0
56436,27205,54946,83641,111382,82151,1
78383,3170,90960,81553,169343,94130,0
94954,8133,59149,103087,154103,67282,0
57945,10425,86733,68370,144678,97158,0
93876,45030,79914,138906,173790,124944,1
26286,8217,719,34503,27005,8936,0
23114,97224,50403,120338,73517,147627,0
5579,57549,71886,63128,77465,129435,0
12704,43174,24532,55878,37236,67706,0
91593,41693,54945,133286,146538,96638,1
44068,99254,60567,143322,104635,159821,1
36671,67811,60267,104482,96938,128078,1
83188,49879,40646,133067,123834,90525,1
90713,31777,9687,122490,100400,41464,0
34765,83129,73754,117894,108519,156883,1
31744,95026,38848,126770,70592,133874,0
94912,26894,715,121806,95627,27609,0
26233,60573,86249,86806,112482,146822,1
21980,6448,67649,28428,89629,74097,0
88905,31139,40405,120044,129310,71544,0
57839,63106,22261,120945,80100,85367,1
95480,14865,81273,110345,176753,96138,1
21669,70886,49795,92555,71464,120681,1
46090,11382,38918,57472,85008,50300,1
86879,99832,31854,186711,118733,131686,1
93668,87814,65931,181482,159599,153745,1
69829,88603,4461,158432,74290,93064,0
77560,16275,1834,93835,79394,18109,0
7492,75570,99645,83062,107137,175215,0
74295,95136,50031,169431,124326,145167,1
76986,97099,26153,174085,103139,123252,1
3656,36521,16974,40177,20630,53495,0
75083,28374,35229,103457,110312,63603,0
2696,14407,87277,17103,89973,101684,0
28676,84809,5376,113485,34052,90185,0
82141,27572,90410,109713,172551,117982,1
70374,27267,35275,97641,105649,62542,0
94376,14497,14881,108873,109257,29378,0
12946,73141,58954,86087,71900,132095,0
49752,35832,1313,85584,51065,37145,0
95689,64593,72758,160282,168447,137351,1
32533,38377,62158,70910,94691,100535,1
65409,49373,85407,114782,150816,134780,1
74592,5503,63275,80095,137867,68778,0
75943,26028,98040,101971,173983,124068,1
1040,46493,97642,47533,98682,144135,0
35607,68848,1588,104455,37195,70436,0
99007,18645,37851,117652,136858,56496,0
42082,6086,24748,48168,66830,30834,0
60294,83681,42288,143975,102582,125969,1
92896,4879,65172,97775,158068,70051,0
27419,41483,97349,68902,124768,138832,0
92716,97815,87468,190531,180184,185283,1
85686,92292,36209,177978,121895,128501,1
86955,97524,90349,184479,177304,187873,1
15476,56213,77711,71689,93187,133924,0
27225,57046,13276,84271,40501,70322,0
30253,8382,65758,38635,96011,74140,0
78325,14732,51686,93057,130011,66418,0
47939,97820,18097,145759,66036,115917,0
91643,380,22249,92023,113892,22629,0
13651,73991,9683,87642,23334,83674,0
4492,47067,36246,51559,40738,83313,0
62527,56615,84622,119142,147149,141237,1
27059,25664,62371,52723,89430,88035,0
84707,79972,86312,164679,171019,166284,1
9366,82088,9936,91454,19302,92024,0
91463,70185,60284,161648,151747,130469,1
54468,79091,77161,133559,131629,156252,1
83207,43328,26302,126535,109509,69630,0
84314,94492,9902,178806,94216,104394,0
77645,79129,2510,156774,80155,81639,1
94946,54246,1194,149192,96140,55440,0
29220,40638,39611,69858,68831,80249,1
28590,76390,97856,104980,126446,174246,1
71500,36928,87593,108428,159093,124521,1
30465,89608,8663,120073,39128,98271,0
60209,9494,41350,69703,101559,50844,0
43507,21196,16188,64703,59695,37384,0
39439,43736,87621,83175,127060,131357,0
67198,59258,49185,126456,116383,108443,1
51191,95087,20586,146278,71777,115673,0
68340,72057,28567,140397,96907,100624,1
85499,64460,62891,149959,148390,127351,1
91136,26625,24463,117761,115599,51088,0
16965,98948,88805,115913,105770,187753,1
47676,69523,90879,117199,138555,160402,1
27420,51377,45457,78797,72877,96834,1
13938,46696,89190,60634,103128,135886,0
30377,41738,99919,72115,130296,141657,0
29323,46124,47132,75447,76455,93256,1
89547,71212,54648,160759,144195,125860,1
33078,62594,51839,95672,84917,114433,1
70215,11971,88131,82186,158346,100102,0
27889,75545,19193,103434,47082,94738,0
63942,87057,56635,150999,120577,143692,1
61559,41168,61488,102727,123047,102656,1
26206,381,61365,26587,87571,61746,0
10136,27314,14577,37450,24713,41891,0
11135,50113,8022,61248,19157,58135,0
83905,59831,17394,143736,101299,77225,0
2704,99097,22263,101801,24967,121360,0
45656,28917,76273,74573,121929,105190,0
48580,42277,39685,90857,88265,81962,1
24283,36531,31891,60814,56174,68422,1
13518,36669,44874,50187,58392,81543,1
83877,30115,25662,113992,109539,55777,0
79284,12946,41893,92230,121177,54839,0
57402,81212,75526,138614,132928,156738,1
1055,68597,66871,69652,67926,135468,0
60595,84569,18532,145164,79127,103101,0
80891,94366,72733,175257,153624,167099,1
25011,60869,57303,85880,82314,118172,1
79598,28573,51818,108171,131416,80391,1
72637,23824,38099,96461,110736,61923,0
65827,59996,50028,125823,115855,110024,1
88252,59486,25040,147738,113292,84526,0
77487,98633,53454,176120,130941,152087,1
66888,62730,13928,129618,80816,76658,1
96216,58604,13985,154820,110201,72589,0
23079,24852,22887,47931,45966,47739,1
85932,13712,96836,99644,182768,110548,1
21363,62607,80244,83970,101607,142851,1
94398,42521,79582,136919,173980,122103,1
85251,27862,4337,113113,89588,32199,0
54700,23655,75257,78355,129957,98912,1
49757,31266,44319,81023,94076,75585,1
21290,25662,72572,46952,93862,98234,0
23735,13719,77686,37454,101421,91405,0
90942,56935,74711,147877,165653,131646,1
13376,92519,56076,105895,69452,148595,0
98070,92956,84880,191026,182950,177836,1
10469,86954,62814,97423,73283,149768,0
51665,61788,41462,113453,93127,103250,1
82229,68621,65947,150850,148176,134568,1
57790,24154,87709,81944,145499,111863,0
25744,99351,99398,125095,125142,198749,1
9130,35584,25860,44714,34990,61444,0
42395,17674,37582,60069,79977,55256,1
33356,54027,97700,87383,131056,151727,0
59457,78265,43053,137722,102510,121318,1
51303,25083,46925,76386,98228,72008,1
51869,56269,75172,108138,127041,131441,1
6958,24933,61354,31891,68312,86287,0
67531,10712,73952,78243,141483,84664,1
74878,51234,76948,126112,151826,128182,1
83867,23958,35433,107825,119300,59391,0
74489,32704,66851,107193,141340,99555,1
53262,90862,83357,144124,136619,174219,1
33268,74864,4162,108132,37430,79026,0
24960,79801,92701,104761,117661,172502,1
79623,44618,88219,124241,167842,132837,1
69824,85730,10712,155554,80536,96442,0
74830,84724,78304,159554,153134,163028,1
61112,59787,52023,120899,113135,111810,1
2586,63711,10580,66297,13166,74291,0
95772,68678,40360,164450,136132,109038,1
70128,33517,7592,103645,77720,41109,0
75628,41962,57863,117590,133491,99825,1
72478,81152,29258,153630,101736,110410,1
22746,26382,53767,49128,76513,80149,0
65633,24727,32464,90360,98097,57191,0
89750,81058,72123,170808,161873,153181,1
89857,60451,66018,150308,155875,126469,1
88810,75597,55807,164407,144617,131404,1
50275,21368,60250,71643,110525,81618,1
66415,61435,32775,127850,99190,94210,1
34015,22311,68700,56326,102715,91011,0
64522,83785,83425,148307,147947,167210,1
60829,40527,11711,101356,72540,52238,0
98759,10786,36926,109545,135685,47712,0
99130,19893,41884,119023,141014,61777,0
9181,99162,88518,108343,97699,187680,0
76916,62464,61484,139380,138400,123948,1
15286,50951,88963,66237,104249,139914,0
41047,9187,92942,50234,133989,102129,0
23263,30341,24004,53604,47267,54345,1
84776,55021,54676,139797,139452,109697,1
1575,42317,79257,43892,80832,121574,0
22184,85053,47995,107237,70179,133048,0
53028,93058,3072,146086,56100,96130,0
9972,14579,53041,24551,63013,67620,0
99402,13047,50088,112449,149490,63135,0
9262,54852,56697,64114,65959,111549,1
84969,21118,30457,106087,115426,51575,0
84733,54764,9406,139497,94139,64170,0
17237,23135,166,40372,17403,23301,0
64798,19730,5918,84528,70716,25648,0
54104,94532,65514,148636,119618,160046,1
96836,93259,72457,190095,169293,165716,1
63809,85374,10948,149183,74757,96322,0
19677,29819,89840,49496,109517,119659,0
24550,38492,56794,63042,81344,95286,1
81803,63104,60586,144907,142389,123690,1
18280,7411,64031,25691,82311,71442,0
99769,10836,20591,110605,120360,31427,0
98360,14047,63977,112407,162337,78024,0
40094,19676,57793,59770,97887,77469,1
67379,31055,10099,98434,77478,41154,0
84825,20061,65780,104886,150605,85841,1
80209,57254,58710,137463,138919,115964,1
5582,46782,11579,52364,17161,58361,0
44522,72939,9894,117461,54416,82833,0
17946,27674,4633,45620,22579,32307,0
2722,95300,38920,98022,41642,134220,0
61569,71263,15305,132832,76874,86568,1
58780,7563,97259,66343,156039,104822,0
44845,70500,16997,115345,61842,87497,0
54890,44873,72022,99763,126912,116895,1
52701,84993,840,137694,53541,85833,0
61379,61290,92707,122669,154086,153997,1
41308,81849,7528,123157,48836,89377,0
67712,28853,98460,96565,166172,127313,0
36409,59839,28895,96248,65304,88734,1
51323,77765,33366,129088,84689,111131,1
31240,47121,52930,78361,84170,100051,1
77539,74917,280,152456,77819,75197,0
93910,13408,31128,107318,125038,44536,0
78120,65424,32706,143544,110826,98130,1
5652,47842,5789,53494,11441,53631,0
73792,75190,71319,148982,145111,146509,1
64946,39131,17464,104077,82410,56595,0
69579,27657,9786,97236,79365,37443,0
5006,67581,95678,72587,100684,163259,0
11098,25749,30168,36847,41266,55917,1
10364,35225,38345,45589,48709,73570,1
49682,54976,26220,104658,75902,81196,1
76396,97196,44234,173592,120630,141430,1
39889,55228,71750,95117,111639,126978,1
36928,7077,34317,44005,71245,41394,1
56947,53981,67961,110928,124908,121942,1
17811,50471,72440,68282,90251,122911,0
53025,68245,95191,121270,148216,163436,1
47766,73248,45962,121014,93728,119210,1
42893,63089,27583,105982,70476,90672,1
4908,46964,35226,51872,40134,82190,0
38829,49261,38765,88090,77594,88026,1
77322,23364,47231,100686,124553,70595,0
37776,32893,36052,70669,73828,68945,1
53360,66717,96884,120077,150244,163601,1
30546,83536,42922,114082,73468,126458,0
88897,19389,32640,108286,121537,52029,0
61055,38791,25850,99846,86905,64641,1
71486,61388,90290,132874,161776,151678,1
86418,90918,6277,177336,92695,97195,1
30033,41491,74312,71524,104345,115803,0
10548,23626,50857,34174,61405,74483,0
11918,87257,30657,99175,42575,117914,0
26802,93497,8849,120299,35651,102346,0
86046,49776,54715,135822,140761,104491,1
15219,26393,39888,41612,55107,66281,1
76325,75390,70981,151715,147306,146371,1
55987,79014,93069,135001,149056,172083,1
10551,16157,61177,26708,71728,77334,0
19061,20588,24756,39649,43817,45344,1
99011,91340,57007,190351,156018,148347,1
14987,43394,53699,58381,68686,97093,1
61102,4634,87013,65736,148115,91647,0
69759,20340,14336,90099,84095,34676,0
40330,2024,17380,42354,57710,19404,0
31000,27798,68523,58798,99523,96321,0
95924,4741,48216,100665,144140,52957,0
62688,83188,13527,145876,76215,96715,0
49790,59313,55362,109103,105152,114675,1
90821,35865,66665,126686,157486,102530,1
77277,24042,76432,101319,153709,100474,1
42804,53910,62984,96714,105788,116894,1
37775,81932,90579,119707,128354,172511,1
9577,97434,65163,107011,74740,162597,0
28445,13898,1757,42343,30202,15655,0
6953,41707,71377,48660,78330,113084,0
68603,44396,61364,112999,129967,105760,1
83541,83193,83259,166734,166800,166452,1
28703,50286,33145,78989,61848,83431,1
87811,78211,71003,166022,158814,149214,1
85830,70803,68517,156633,154347,139320,1
44333,50350,27119,94683,71452,77469,1
88619,64440,91215,153059,179834,155655,1
68161,87820,44981,155981,113142,132801,1
60748,94036,18501,154784,79249,112537,0
41507,61284,29586,102791,71093,90870,1
40507,3984,15643,44491,56150,19627,0
79706,34009,45009,113715,124715,79018,0
36148,73693,11405,109841,47553,85098,0
46529,90516,74430,137045,120959,164946,1
46079,48271,63395,94350,109474,111666,1
62188,84418,46318,146606,108506,130736,1
81990,84377,81772,166367,163762,166149,1
58672,83769,992,142441,59664,84761,0
68494,55763,68646,124257,137140,124409,1
90638,20368,83283,111006,173921,103651,1
13529,74302,58710,87831,72239,133012,0
37120,69437,3110,106557,40230,72547,0
53039,10432,40204,63471,93243,50636,0
15565,4765,4699,20330,20264,9464,0
7741,22264,77536,30005,85277,99800,0
20351,38832,31154,59183,51505,69986,1
97889,83439,34830,181328,132719,118269,1
60038,33654,90675,93692,150713,124329,1
58700,32990,84070,91690,142770,117060,1
242,37563,45214,37805,45456,82777,0
33550,46691,68935,80241,102485,115626,1
2182,7825,71478,10007,73660,79303,0
79585,18445,7243,98030,86828,25688,0
90672,28100,16173,118772,106845,44273,0
2717,63746,20235,66463,22952,83981,0
72059,58306,87384,130365,159443,145690,1
86853,50343,88766,137196,175619,139109,1
93365,51661,88597,145026,181962,140258,1
78434,6960,3395,85394,81829,10355,0
79651,26623,92477,106274,172128,119100,1
10827,86177,30846,97004,41673,117023,0
40882,42501,68516,83383,109398,111017,1
27708,78534,18273,106242,45981,96807,0
71216,56042,12909,127258,84125,68951,0
80293,32276,98859,112569,179152,131135,1
62131,68738,18659,130869,80790,87397,1
8759,91287,59425,100046,68184,150712,0
46588,54573,90040,101161,136628,144613,1
49587,97949,94352,147536,143939,192301,1
15245,83076,7936,98321,23181,91012,0
89147,15523,51357,104670,140504,66880,0
42366,85875,94682,128241,137048,180557,1
89153,46986,22915,136139,112068,69901,0
77079,57018,93419,134097,170498,150437,1
87565,17293,10966,104858,98531,28259,0
47422,60048,8224,107470,55646,68272,0
81791,19741,45124,101532,126915,64865,0
44169,74291,96441,118460,140610,170732,1
55122,8693,17019,63815,72141,25712,0
51152,45059,99031,96211,150183,144090,0
61754,7152,69759,68906,131513,76911,0
30390,61311,76035,91701,106425,137346,1
32416,62498,71200,94914,103616,133698,1
31494,9567,61615,41061,93109,71182,0
13261,62871,38309,76132,51570,101180,0
71412,59262,36325,130674,107737,95587,1
15052,70750,39641,85802,54693,110391,0
31842,22362,24831,54204,56673,47193,1
8230,11561,49249,19791,57479,60810,0
97534,20006,7820,117540,105354,27826,0
24008,95731,66738,119739,90746,162469,0
51662,97526,93474,149188,145136,191000,1
39280,31699,54640,70979,93920,86339,1
49732,9415,33965,59147,83697,43380,0
62253,62887,64300,125140,126553,127187,1
68700,24949,29363,93649,98063,54312,0
72069,21377,46676,93446,118745,68053,0
19306,86558,31537,105864,50843,118095,0
23244,70807,96030,94051,119274,166837,0
5752,43205,34315,48957,40067,77520,0
85671,45258,76041,130929,161712,121299,1
98927,75650,79278,174577,178205,154928,1
52967,6474,12893,59441,65860,19367,0
80776,62233,91653,143009,172429,153886,1
17090,48323,40636,65413,57726,88959,1
29294,39081,47195,68375,76489,86276,1
43706,24444,78730,68150,122436,103174,0
70748,29945,83070,100693,153818,113015,1
17417,28995,73354,46412,90771,102349,0
39838,14905,80853,54743,120691,95758,0
36001,53637,72542,89638,108543,126179,1
39840,15371,38343,55211,78183,53714,1
75278,90780,20187,166058,95465,110967,1
24381,84824,55057,109205,79438,139881,0
69608,55356,67528,124964,137136,122884,1
49967,40811,86385,90778,136352,127196,1
97845,50568,46612,148413,144457,97180,0
58488,76179,5279,134667,63767,81458,0
78890,51714,97262,130604,176152,148976,1
83542,55656,45077,139198,128619,100733,1
44237,53180,6772,97417,51009,59952,0
58949,86743,39258,145692,98207,126001,1
45795,61845,38405,107640,84200,100250,1
42914,88084,56059,130998,98973,144143,1
66540,62618,81942,129158,148482,144560,1
88680,52056,86464,140736,175144,138520,1
35848,27669,42165,63517,78013,69834,1
16778,38695,80365,55473,97143,119060,0
95830,25185,24275,121015,120105,49460,0
51860,91650,16174,143510,68034,107824,0
59797,573,61085,60370,120882,61658,0
74432,58637,85707,133069,160139,144344,1
49174,62337,73159,111511,122333,135496,1
52551,40349,51763,92900,104314,92112,1
96757,62491,74607,159248,171364,137098,1
76163,6504,25226,82667,101389,31730,0
19806,95,61135,19901,80941,61230,0
27962,16134,63503,44096,91465,79637,0
83571,16593,11742,100164,95313,28335,0
68868,75260,1568,144128,70436,76828,0
35481,77158,51559,112639,87040,128717,1
87126,62181,60265,149307,147391,122446,1
61060,98219,44419,159279,105479,142638,1
20636,99937,60155,120573,80791,160092,0
22989,99791,88133,122780,111122,187924,1
92488,50888,21125,143376,113613,72013,0
3761,9304,35247,13065,39008,44551,0
89218,35949,60345,125167,149563,96294,1
31597,95632,53318,127229,84915,148950,0
9660,24411,19446,34071,29106,43857,1
23026,97072,61835,120098,84861,158907,0
45721,78522,2422,124243,48143,80944,0
4253,61055,54551,65308,58804,115606,0
17899,13067,63103,30966,81002,76170,0
47777,11708,28799,59485,76576,40507,0
20048,13848,79347,33896,99395,93195,0
97946,32072,82384,130018,180330,114456,1
86586,86491,42272,173077,128858,128763,1
57572,96347,39725,153919,97297,136072,1
26164,99031,15359,125195,41523,114390,0
383,3502,51921,3885,52304,55423,0
96849,63108,80467,159957,177316,143575,1
5881,44242,79769,50123,85650,124011,0
82968,42533,40672,125501,123640,83205,1
84916,6275,93159,91191,178075,99434,0
91991,93295,73042,185286,165033,166337,1
16932,1164,11300,18096,28232,12464,0
48388,33754,2481,82142,50869,36235,0
64279,10382,32476,74661,96755,42858,0
77820,38988,58943,116808,136763,97931,1
83467,73148,66618,156615,150085,139766,1
43500,16976,4279,60476,47779,21255,0
92382,32776,24920,125158,117302,57696,0
6061,48858,41590,54919,47651,90448,0
69922,74889,750,144811,70672,75639,0
17028,88305,12236,105333,29264,100541,0
78225,13757,99240,91982,177465,112997,0
30748,99984,76824,130732,107572,176808,1
72759,11411,86745,84170,159504,98156,0
97247,95305,69826,192552,167073,165131,1
16087,37095,39398,53182,55485,76493,1
25767,35684,89181,61451,114948,124865,0
62192,93117,7663,155309,69855,100780,0
90781,60275,29374,151056,120155,89649,0
48792,80886,10275,129678,59067,91161,0
95188,84932,50945,180120,146133,135877,1
93496,46252,84543,139748,178039,130795,1
21951,65107,31285,87058,53236,96392,0
67128,86416,90040,153544,157168,176456,1
92771,99044,14385,191815,107156,113429,1
91796,91077,95573,182873,187369,186650,1
2080,32768,74503,34848,76583,107271,0
73525,50029,81749,123554,155274,131778,1
68092,91286,86185,159378,154277,177471,1
53086,23736,82532,76822,135618,106268,0
75078,71946,43204,147024,118282,115150,1
58587,50399,9738,108986,68325,60137,1
63584,43126,69828,106710,133412,112954,1
43096,30035,37734,73131,80830,67769,1
18450,30132,58355,48582,76805,88487,0
92182,14074,51498,106256,143680,65572,0
19895,65416,93887,85311,113782,159303,0
38188,99539,35172,137727,73360,134711,0
72323,91921,19741,164244,92064,111662,1
21998,52645,85000,74643,106998,137645,0
52896,25823,68253,78719,121149,94076,1
63966,41279,32384,105245,96350,73663,1
66384,9061,10106,75445,76490,19167,0
85771,38812,25488,124583,111259,64300,0
45841,4229,55947,50070,101788,60176,0
79935,92336,99000,172271,178935,191336,1
37424,20067,13567,57491,50991,33634,0
12051,42768,81340,54819,93391,124108,0
1170,84458,82086,85628,83256,166544,0
36685,666,89181,37351,125866,89847,0
34389,46126,27102,80515,61491,73228,1
47413,50188,79267,97601,126680,129455,1
92846,68694,24836,161540,117682,93530,1
2004,9586,38166,11590,40170,47752,0
92101,96400,35869,188501,127970,132269,1
70608,76669,40288,147277,110896,116957,1
66172,3317,58257,69489,124429,61574,0
30989,8572,65690,39561,96679,74262,0
6761,9019,52533,15780,59294,61552,0
77164,62296,68093,139460,145257,130389,1
46596,24482,39364,71078,85960,63846,1
93804,74261,81346,168065,175150,155607,1
97794,71077,89467,168871,187261,160544,1
48290,27206,91413,75496,139703,118619,0
92250,51206,79920,143456,172170,131126,1
77439,59554,74812,136993,152251,134366,1
58535,64639,66553,123174,125088,131192,1
37899,89046,76264,126945,114163,165310,1
52576,66014,67458,118590,120034,133472,1
48574,91735,3060,140309,51634,94795,0
54853,65614,76170,120467,131023,141784,1
69334,29564,91330,98898,160664,120894,1
35575,30739,11056,66314,46631,41795,1
6814,77743,42936,84557,49750,120679,0
78775,46377,91674,125152,170449,138051,1
77765,36273,81613,114038,159378,117886,1
60663,99021,82286,159684,142949,181307,1
48778,78720,95573,127498,144351,174293,1
30432,26824,65305,57256,95737,92129,0
13782,36478,85296,50260,99078,121774,0
85978,78949,41137,164927,127115,120086,1
27615,66757,44083,94372,71698,110840,1
82417,410,25422,82827,107839,25832,0
24691,41309,5026,66000,29717,46335,0
97967,92844,84714,190811,182681,177558,1
27226,36178,90819,63404,118045,126997,0
59435,74018,87569,133453,147004,161587,1
7495,54249,83014,61744,90509,137263,0
36599,45510,54049,82109,90648,99559,1
42200,67190,83279,109390,125479,150469,1
4406,2744,49826,7150,54232,52570,0
85710,43035,90333,128745,176043,133368,1
64979,58600,84459,123579,149438,143059,1
18921,91792,27897,110713,46818,119689,0
92276,57816,15452,150092,107728,73268,0
38477,80688,4986,119165,43463,85674,0
45028,78491,64645,123519,109673,143136,1
3914,21417,20990,25331,24904,42407,1
24343,57484,12674,81827,37017,70158,0
41196,75798,39034,116994,80230,114832,1
19679,55315,69653,74994,89332,124968,1
88766,56353,57243,145119,146009,113596,1
13068,14350,36360,27418,49428,50710,0
15489,99367,91919,114856,107408,191286,1
3162,74860,83518,78022,86680,158378,0
10498,35189,42702,45687,53200,77891,1
15819,52287,55832,68106,71651,108119,1
98312,42189,7819,140501,106131,50008,0
95168,35285,78477,130453,173645,113762,1
13735,89974,58586,103709,72321,148560,0
30178,89953,72794,120131,102972,162747,1
12529,42341,25276,54870,37805,67617,0
74265,76293,68001,150558,142266,144294,1
89547,51238,4106,140785,93653,55344,0
74570,75936,72261,150506,146831,148197,1
39734,5293,8279,45027,48013,13572,0
45205,11459,306,56664,45511,11765,0
5596,54712,19280,60308,24876,73992,0
62743,81568,64567,144311,127310,146135,1
6444,76242,17189,82686,23633,93431,0
3696,95400,66560,99096,70256,161960,0
10210,73454,52529,83664,62739,125983,0
14363,18686,70288,33049,84651,88974,0
75123,30623,74818,105746,149941,105441,1
25547,60562,19773,86109,45320,80335,0
50289,7961,67481,58250,117770,75442,0
88336,80913,49437,169249,137773,130350,1
85628,54367,67852,139995,153480,122219,1
32927,94671,39155,127598,72082,133826,0
79257,63239,24762,142496,104019,88001,1
34209,32799,7739,67008,41948,40538,1
98876,78086,4324,176962,103200,82410,0
62555,84609,92716,147164,155271,177325,1
37151,19214,26733,56365,63884,45947,1
47922,17237,22459,65159,70381,39696,0
67991,77143,40517,145134,108508,117660,1
45839,55704,52622,101543,98461,108326,1
55286,2546,15829,57832,71115,18375,0
85157,28015,99601,113172,184758,127616,1
42525,19261,6213,61786,48738,25474,0
83878,79792,8464,163670,92342,88256,1
8115,70730,9541,78845,17656,80271,0
4151,44273,26689,48424,30840,70962,0
46962,65361,52472,112323,99434,117833,1
68977,50562,73848,119539,142825,124410,1
61929,48753,77919,110682,139848,126672,1
16644,62988,5179,79632,21823,68167,0
84381,24695,97644,109076,182025,122339,1
53405,71174,7361,124579,60766,78535,0
15683,59638,44534,75321,60217,104172,1
52955,44872,31956,97827,84911,76828,1
73095,83799,62064,156894,135159,145863,1
3205,61073,44291,64278,47496,105364,0
44854,25429,40946,70283,85800,66375,1
60746,9254,72143,70000,132889,81397,0
29913,12396,20116,42309,50029,32512,1
48371,49702,57925,98073,106296,107627,1
12273,50288,34251,62561,46524,84539,0
20293,33215,84637,53508,104930,117852,0
97526,34353,89019,131879,186545,123372,1
76649,54657,813,131306,77462,55470,0
30327,91986,60109,122313,90436,152095,0
85865,53529,24023,139394,109888,77552,0
28724,26617,58413,55341,87137,85030,0
43791,5651,62237,49442,106028,67888,0
74507,30462,95688,104969,170195,126150,1
79755,88053,63079,167808,142834,151132,1
82068,60592,3828,142660,85896,64420,0
14703,60035,81530,74738,96233,141565,0
17548,27384,81998,44932,99546,109382,0
81041,48156,32840,129197,113881,80996,0
65341,12640,97232,77981,162573,109872,0
26473,7216,18742,33689,45215,25958,0
67525,42911,45559,110436,113084,88470,1
7112,70855,29301,77967,36413,100156,0
77301,15472,31769,92773,109070,47241,0
36446,51316,60258,87762,96704,111574,1
89122,70280,49848,159402,138970,120128,1
72579,66304,61703,138883,134282,128007,1
12991,33241,60654,46232,73645,93895,0
66700,89410,40956,156110,107656,130366,1
68153,6928,68006,75081,136159,74934,1
70095,12425,84563,82520,154658,96988,0
33944,3051,10986,36995,44930,14037,0
27504,24976,43896,52480,71400,68872,1
53429,78183,14111,131612,67540,92294,0
47747,5698,12678,53445,60425,18376,0
36187,32057,13573,68244,49760,45630,1
57431,56132,41105,113563,98536,97237,1
82733,78908,29924,161641,112657,108832,1
44159,78379,94086,122538,138245,172465,1
7190,76192,843,83382,8033,77035,0
75437,77543,75970,152980,151407,153513,1
77738,35820,54917,113558,132655,90737,1
97082,73790,67547,170872,164629,141337,1
18510,39964,35945,58474,54455,75909,1
49091,17727,36931,66818,86022,54658,1
30575,65922,87968,96497,118543,153890,1
48511,59183,53777,107694,102288,112960,1
97195,4142,87671,101337,184866,91813,0
11682,52952,90046,64634,101728,142998,0
15003,9906,12452,24909,27455,22358,1
80272,66956,20828,147228,101100,87784,1
60750,6526,51374,67276,112124,57900,0
13440,39715,1514,53155,14954,41229,0
21379,6938,53690,28317,75069,60628,0
42167,44701,36157,86868,78324,80858,1
38237,86050,65799,124287,104036,151849,1
95460,32774,85051,128234,180511,117825,1
92977,30504,80787,123481,173764,111291,1
92781,5079,63374,97860,156155,68453,0
45400,8302,62430,53702,107830,70732,0
32619,42884,97566,75503,130185,140450,0
40977,52011,30126,92988,71103,82137,1
5133,46632,19950,51765,25083,66582,0
86994,62543,38970,149537,125964,101513,1
51622,63908,33857,115530,85479,97765,1
87133,44944,12871,132077,100004,57815,0
65170,53439,5053,118609,70223,58492,0
37563,45537,87584,83100,125147,133121,0
10292,64068,34913,74360,45205,98981,0
60565,3403,96841,63968,157406,100244,0
61299,48534,81240,109833,142539,129774,1
76031,25208,38200,101239,114231,63408,0
18605,55626,38462,74231,57067,94088,1
96656,49884,13272,146540,109928,63156,0
58427,6395,6511,64822,64938,12906,0
25765,43969,77646,69734,103411,121615,0
21081,33844,43511,54925,64592,77355,1
41996,85071,24207,127067,66203,109278,0
74462,48461,36810,122923,111272,85271,1
23170,26519,52625,49689,75795,79144,0
30721,52008,53514,82729,84235,105522,1
38489,89115,4702,127604,43191,93817,0
91962,96350,23700,188312,115662,120050,1
98395,23007,92169,121402,190564,115176,1
75672,98917,19090,174589,94762,118007,0
33118,35471,84194,68589,117312,119665,0
62594,29296,95762,91890,158356,125058,0
92149,41232,57450,133381,149599,98682,1
13845,26825,23990,40670,37835,50815,1
17628,49091,44320,66719,61948,93411,1
63069,96904,24675,159973,87744,121579,0
38414,58243,89549,96657,127963,147792,1
17196,13549,61709,30745,78905,75258,0
81837,45546,47674,127383,129511,93220,1
54071,33720,53320,87791,107391,87040,1
93390,5257,82036,98647,175426,87293,0
60571,30840,3217,91411,63788,34057,0
23848,64559,15315,88407,39163,79874,0
66802,38422,64824,105224,131626,103246,1
27418,41209,54046,68627,81464,95255,1
34913,70908,13038,105821,47951,83946,0
24515,62767,94261,87282,118776,157028,0
86067,28551,65287,114618,151354,93838,1
10398,73330,15253,83728,25651,88583,0
43247,77592,86771,120839,130018,164363,1
21849,53610,42413,75459,64262,96023,1
17971,75261,3732,93232,21703,78993,0
47858,26314,24090,74172,71948,50404,1
54629,39479,15470,94108,70099,54949,1
71984,90067,48368,162051,120352,138435,1
65432,40000,73994,105432,139426,113994,1
51317,16607,28576,67924,79893,45183,0
31175,41051,62546,72226,93721,103597,1
76807,51677,50929,128484,127736,102606,1
56536,8066,8020,64602,64556,16086,0
53409,83181,89956,136590,143365,173137,1
97610,36806,1888,134416,99498,38694,0
32250,79679,62214,111929,94464,141893,1
20371,34128,12858,54499,33229,46986,0
23007,8735,45716,31742,68723,54451,0
91705,2830,52103,94535,143808,54933,0
83254,2592,28447,85846,111701,31039,0
75993,12780,8659,88773,84652,21439,0
52775,51101,27476,103876,80251,78577,1
8841,77823,28920,86664,37761,106743,0
78853,17559,11635,96412,90488,29194,0
31840,91205,87317,123045,119157,178522,1
81968,51275,98671,133243,180639,149946,1
68595,84185,46306,152780,114901,130491,1
67446,71717,46899,139163,114345,118616,1
85667,37045,10613,122712,96280,47658,0
48666,97572,14450,146238,63116,112022,0
90744,72655,78690,163399,169434,151345,1
81403,96374,32572,177777,113975,128946,1
77141,62019,84978,139160,162119,146997,1
54417,67018,7029,121435,61446,74047,0
32609,89669,83315,122278,115924,172984,1
35649,13493,64906,49142,100555,78399,0
33993,44474,10459,78467,44452,54933,0
45282,50009,27119,95291,72401,77128,1
95246,13709,18314,108955,113560,32023,0
39301,86502,65098,125803,104399,151600,1
93231,50266,63838,143497,157069,114104,1
67068,94807,87581,161875,154649,182388,1
16575,89668,70708,106243,87283,160376,0
15988,5139,29551,21127,45539,34690,0
55783,45087,83407,100870,139190,128494,1
38821,81444,99126,120265,137947,180570,1
8970,76940,61759,85910,70729,138699,0
69273,79203,89472,148476,158745,168675,1
45033,20710,61257,65743,106290,81967,1
58302,19498,67201,77800,125503,86699,1
55396,48548,70006,103944,125402,118554,1
69023,49691,41400,118714,110423,91091,1
90828,15987,40184,106815,131012,56171,0
54567,42714,66921,97281,121488,109635,1
64829,5105,93298,69934,158127,98403,0
5526,74966,32856,80492,38382,107822,0
74790,72694,66993,147484,141783,139687,1
9817,92704,83797,102521,93614,176501,1
12356,510,86294,12866,98650,86804,0
21967,58862,28888,80829,50855,87750,0
75384,11466,22869,86850,98253,34335,0
53896,48072,18088,101968,71984,66160,1
81959,68045,56324,150004,138283,124369,1
80500,73142,69393,153642,149893,142535,1
47164,61029,90323,108193,137487,151352,1
20801,39589,7014,60390,27815,46603,0
82914,37723,63431,120637,146345,101154,1
69849,19305,69264,89154,139113,88569,1
38226,87799,93503,126025,131729,181302,1
28964,94858,51558,123822,80522,146416,0
20163,61465,53593,81628,73756,115058,1
7993,53385,11723,61378,19716,65108,0
91229,36242,16246,127471,107475,52488,0
23253,97177,81525,120430,104778,178702,1
9684,41247,69483,50931,79167,110730,0
15041,63205,57470,78246,72511,120675,1
14141,94398,99476,108539,113617,193874,1
71378,51944,79070,123322,150448,131014,1
24688,52997,99084,77685,123772,152081,0
80059,13859,26541,93918,106600,40400,0
68110,41078,37065,109188,105175,78143,1
82930,81723,91122,164653,174052,172845,1
86009,66962,53263,152971,139272,120225,1
62955,26582,69595,89537,132550,96177,1
34143,15822,42163,49965,76306,57985,1
5712,47218,85757,52930,91469,132975,0
10407,39587,82153,49994,92560,121740,0
72887,79158,43962,152045,116849,123120,1
41884,13859,12980,55743,54864,26839,0
23564,49238,64948,72802,88512,114186,1
28809,25205,25152,54014,53961,50357,1
54831,29328,46645,84159,101476,75973,1
95392,39045,17984,134437,113376,57029,0
15566,53288,76497,68854,92063,129785,0
69652,84543,11071,154195,80723,95614,0
90773,18386,55918,109159,146691,74304,0
16304,33638,3772,49942,20076,37410,0
65143,98823,53619,163966,118762,152442,1
41903,91015,19132,132918,61035,110147,0
74574,16752,70728,91326,145302,87480,1
36605,19308,26675,55913,63280,45983,1
38444,93693,91711,132137,130155,185404,1
90429,79291,89353,169720,179782,168644,1
70006,32325,58799,102331,128805,91124,1
82573,88868,41254,171441,123827,130122,1
87016,44162,16061,131178,103077,60223,0
66702,68746,49825,135448,116527,118571,1
66253,84287,66866,150540,133119,151153,1
49194,63268,28363,112462,77557,91631,1
61153,60719,56710,121872,117863,117429,1
35273,96699,20424,131972,55697,117123,0
31366,1471,51629,32837,82995,53100,0
77649,53513,18968,131162,96617,72481,0
42024,30397,65632,72421,107656,96029,1
19615,8205,96898,27820,116513,105103,0
41981,11678,67833,53659,109814,79511,0
62119,99488,93381,161607,155500,192869,1
95599,81360,64872,176959,160471,146232,1
39174,61147,50827,100321,90001,111974,1
15604,50253,14206,65857,29810,64459,0
7207,58679,43543,65886,50750,102222,0
52053,71144,41394,123197,93447,112538,1
64407,79279,59563,143686,123970,138842,1
9708,296,1423,10004,11131,1719,0
49527,9346,63074,58873,112601,72420,0
39223,31841,37648,71064,76871,69489,1
83506,33357,51501,116863,135007,84858,1
98162,73235,21916,171397,120078,95151,0
75090,10651,9814,85741,84904,20465,0
1575,36297,31390,37872,32965,67687,0
98513,26984,48054,125497,146567,75038,0
34570,58723,97654,93293,132224,156377,0
65439,9236,34426,74675,99865,43662,0
1505,21778,1575,23283,3080,23353,0
75960,40361,77613,116321,153573,117974,1
63500,94708,88607,158208,152107,183315,1
23965,25319,93147,49284,117112,118466,0
96384,1396,51307,97780,147691,52703,0
62872,97506,2298,160378,65170,99804,0
58647,15868,54289,74515,112936,70157,1
27199,30062,14292,57261,41491,44354,1
72183,79583,52266,151766,124449,131849,1
88063,20200,91658,108263,179721,111858,1
85382,61822,52674,147204,138056,114496,1
19241,68918,33715,88159,52956,102633,0
44881,10042,12367,54923,57248,22409,0
16012,50454,18105,66466,34117,68559,0
41182,56901,42944,98083,84126,99845,1
35186,21711,44562,56897,79748,66273,1
84519,91018,22186,175537,106705,113204,1
90444,5363,95381,95807,185825,100744,1
22897,84189,99744,107086,122641,183933,1
94744,77182,28244,171926,122988,105426,1
8584,27502,5269,36086,13853,32771,0
5010,97985,35377,102995,40387,133362,0
14356,19649,48036,34005,62392,67685,0
42105,13105,93864,55210,135969,106969,0
36460,50881,8831,87341,45291,59712,0
76908,80702,42169,157610,119077,122871,1
64861,13182,12047,78043,76908,25229,0
88110,75430,67853,163540,155963,143283,1
72993,19868,45630,92861,118623,65498,0
25162,3717,9435,28879,34597,13152,0
97750,95624,45230,193374,142980,140854,1
43813,17965,81588,61778,125401,99553,0
21987,647,32412,22634,54399,33059,0
65327,81800,85471,147127,150798,167271,1
19222,56271,88237,75493,107459,144508,0
90881,95482,74860,186363,165741,170342,1
48724,22990,83005,71714,131729,105995,0
36443,79192,77367,115635,113810,156559,1
60350,52119,71001,112469,131351,123120,1
95572,30636,65468,126208,161040,96104,1
97825,43447,27496,141272,125321,70943,0
79282,27067,377,106349,79659,27444,0
14875,9013,76753,23888,91628,85766,0
16263,37198,50647,53461,66910,87845,1
5840,35558,54748,41398,60588,90306,0
79917,23733,50241,103650,130158,73974,0
99713,85545,95267,185258,194980,180812,1
43872,73525,50712,117397,94584,124237,1
43070,5437,24457,48507,67527,29894,0
87100,9174,72446,96274,159546,81620,0
6668,51485,28448,58153,35116,79933,0
65678,36948,76182,102626,141860,113130,1
25817,4404,86669,30221,112486,91073,0
49871,30848,78319,80719,128190,109167,1
29886,21717,10131,51603,40017,31848,1
95790,28031,39816,123821,135606,67847,0
1783,12007,76537,13790,78320,88544,0
24049,43244,82704,67293,106753,125948,0
93238,69913,10591,163151,103829,80504,0
11431,32059,34370,43490,45801,66429,1
68399,89213,12942,157612,81341,102155,0
21844,23340,4882,45184,26726,28222,1
87700,61723,39865,149423,127565,101588,1
26762,53475,83980,80237,110742,137455,0
56551,37616,33824,94167,90375,71440,1
43795,17262,74574,61057,118369,91836,0
6487,65954,96061,72441,102548,162015,0
87310,97430,17539,184740,104849,114969,1
50861,97880,65572,148741,116433,163452,1
59026,678,92933,59704,151959,93611,0
32016,15797,85966,47813,117982,101763,0
81417,27160,46768,108577,128185,73928,0
10429,57153,99316,67582,109745,156469,0
8303,3895,19982,12198,28285,23877,0
26627,23086,14141,49713,40768,37227,1
46963,71341,85852,118304,132815,157193,1
47897,66775,90494,114672,138391,157269,1
17348,10575,37878,27923,55226,48453,0
19512,54625,51072,74137,70584,105697,1
8840,70932,96110,79772,104950,167042,0
56462,55301,17417,111763,73879,72718,1
95937,65182,34695,161119,130632,99877,1
82172,9758,55401,91930,137573,65159,0
72575,93210,51628,165785,124203,144838,1
63915,44672,71111,108587,135026,115783,1
63492,57399,70104,120891,133596,127503,1
72964,95701,65733,168665,138697,161434,1
93765,11575,10230,105340,103995,21805,0
77077,74665,5721,151742,82798,80386,1
19251,12189,51915,31440,71166,64104,0
87630,7443,2363,95073,89993,9806,0
73162,97097,74851,170259,148013,171948,1
60986,96858,28432,157844,89418,125290,0
59439,58406,37132,117845,96571,95538,1
7370,61809,80322,69179,87692,142131,0
62379,8652,88224,71031,150603,96876,0
9822,82065,62237,91887,72059,144302,0
27971,54606,72104,82577,100075,126710,1
88082,35892,93916,123974,181998,129808,1
11038,35778,5759,46816,16797,41537,0
78071,19041,23607,97112,101678,42648,0
83250,99466,30366,182716,113616,129832,1
2667,52862,38192,55529,40859,91054,0
77895,82894,34665,160789,112560,117559,1
10621,12634,59857,23255,70478,72491,0
58835,31609,85806,90444,144641,117415,1
91687,6523,7535,98210,99222,14058,0
44501,18082,51284,62583,95785,69366,1
55472,50638,56791,106110,112263,107429,1
10981,33745,30983,44726,41964,64728,1
80305,51250,92301,131555,172606,143551,1
54401,78398,33415,132799,87816,111813,1
15460,99151,31696,114611,47156,130847,0
18554,420,13056,18974,31610,13476,0
91335,10164,30045,101499,121380,40209,0
62693,48561,53232,111254,115925,101793,1
19175,40222,7645,59397,26820,47867,0
19707,43210,87486,62917,107193,130696,0
75519,28059,21917,103578,97436,49976,0
88777,16123,65918,104900,154695,82041,0
72439,25342,94484,97781,166923,119826,1
70912,40718,52277,111630,123189,92995,1
77938,34542,97758,112480,175696,132300,1
89969,69000,42143,158969,132112,111143,1
20227,42844,9509,63071,29736,52353,0
43959,78789,20284,122748,64243,99073,0
82300,94800,11214,177100,93514,106014,0
52216,71587,89334,123803,141550,160921,1
50183,18756,6022,68939,56205,24778,0
23642,61038,17259,84680,40901,78297,0
71438,99871,48796,171309,120234,148667,1
81587,91855,87553,173442,169140,179408,1
48306,62549,56748,110855,105054,119297,1
29876,24378,8758,54254,38634,33136,1
11639,15767,40180,27406,51819,55947,0
77812,14740,42622,92552,120434,57362,0
66297,37722,56139,104019,122436,93861,1
16999,18772,44709,35771,61708,63481,0
52295,21040,64033,73335,116328,85073,1
1036,15010,96063,16046,97099,111073,0
36854,40637,69398,77491,106252,110035,1
46909,49281,83991,96190,130900,133272,1
66815,69035,99698,135850,166513,168733,1
55931,38495,96023,94426,151954,134518,0
14128,96005,20653,110133,34781,116658,0
19608,73440,42250,93048,61858,115690,0
16778,32667,42585,49445,59363,75252,1
78312,9296,64123,87608,142435,73419,0
28968,53613,25649,82581,54617,79262,1
81294,90544,37418,171838,118712,127962,1
79641,95117,22167,174758,101808,117284,1
30247,25519,94055,55766,124302,119574,0
24458,39549,72440,64007,96898,111989,0
28140,63790,75741,91930,103881,139531,1
23007,42777,39456,65784,62463,82233,1
78556,87432,37643,165988,116199,125075,1
40934,75458,18058,116392,58992,93516,0
95227,61210,65796,156437,161023,127006,1
15523,38160,57395,53683,72918,95555,0
23694,22900,99945,46594,123639,122845,0
48739,9306,99802,58045,148541,109108,0
9201,30272,59293,39473,68494,89565,0
91051,68827,55010,159878,146061,123837,1
45260,42094,90393,87354,135653,132487,0
17903,3975,79674,21878,97577,83649,0
86183,14378,42380,100561,128563,56758,0
46407,46872,19568,93279,65975,66440,1
8834,72062,70454,80896,79288,142516,1
73490,60131,3447,133621,76937,63578,0
78464,52985,13216,131449,91680,66201,0
40639,12559,29706,53198,70345,42265,1
83815,20346,37761,104161,121576,58107,0
74624,49080,27615,123704,102239,76695,1
28031,39624,98035,67655,126066,137659,0
17966,49865,86,67831,18052,49951,0
9427,18633,36018,28060,45445,54651,0
93203,46230,37128,139433,130331,83358,0
86100,74514,92031,160614,178131,166545,1
67108,52939,62935,120047,130043,115874,1
87338,971,38383,88309,125721,39354,0
44488,84692,63905,129180,108393,148597,1
28821,58538,32011,87359,60832,90549,1
88288,21491,15786,109779,104074,37277,0
60968,20524,90814,81492,151782,111338,0
28808,74626,61093,103434,89901,135719,1
84329,37073,35419,121402,119748,72492,0
49982,37533,80345,87515,130327,117878,1
10248,21575,54672,31823,64920,76247,0
78134,33232,98659,111366,176793,131891,1
59851,86197,71224,146048,131075,157421,1
40273,15681,95541,55954,135814,111222,0
14987,20009,69755,34996,84742,89764,0
9944,85553,75743,95497,85687,161296,1
48374,85491,35472,133865,83846,120963,0
52580,62608,15314,115188,67894,77922,1
20646,72465,27159,93111,47805,99624,0
34613,48825,20607,83438,55220,69432,1
65457,93998,25848,159455,91305,119846,0
6900,71406,32403,78306,39303,103809,0
76661,22049,30808,98710,107469,52857,0
50083,5698,64660,55781,114743,70358,0
39517,62161,17093,101678,56610,79254,0
41893,89985,25801,131878,67694,115786,0
46892,33199,87584,80091,134476,120783,0
78508,70272,58857,148780,137365,129129,1
9779,81532,8903,91311,18682,90435,0
86907,32625,61168,119532,148075,93793,1
39993,77482,78975,117475,118968,156457,1
351,9094,2569,9445,2920,11663,0
8834,82415,92308,91249,101142,174723,0
69999,59624,9653,129623,79652,69277,0
30363,27966,10554,58329,40917,38520,1
66919,14536,30350,81455,97269,44886,0
98191,50327,33746,148518,131937,84073,0
1885,26935,34539,28820,36424,61474,0
55043,24773,2388,79816,57431,27161,0
42528,58519,22432,101047,64960,80951,1
38828,20309,28171,59137,66999,48480,1
58822,37294,48086,96116,106908,85380,1
76023,70321,27640,146344,103663,97961,1
74246,77031,68264,151277,142510,145295,1
12860,81806,14002,94666,26862,95808,0
19897,2571,27272,22468,47169,29843,0
50474,84532,58829,135006,109303,143361,1
2065,10033,67323,12098,69388,77356,0
51005,24988,32848,75993,83853,57836,1
59603,35186,51313,94789,110916,86499,1
3784,46071,29164,49855,32948,75235,0
46233,73795,64723,120028,110956,138518,1
43120,67806,13305,110926,56425,81111,0
11906,28344,84552,40250,96458,112896,0
72787,58122,59534,130909,132321,117656,1
62413,82556,15124,144969,77537,97680,0
95093,80866,65707,175959,160800,146573,1
73975,63718,75913,137693,149888,139631,1
16383,93952,58794,110335,75177,152746,0
20799,56505,91917,77304,112716,148422,0
23068,9904,576,32972,23644,10480,0
62899,8364,84640,71263,147539,93004,0
81787,76888,54759,158675,136546,131647,1
47026,41157,24275,88183,71301,65432,1
86426,82024,96206,168450,182632,178230,1
63132,52446,80418,115578,143550,132864,1
32814,98048,92657,130862,125471,190705,1
76218,7808,31075,84026,107293,38883,0
25813,526,95065,26339,120878,95591,0
27537,28401,52173,55938,79710,80574,1
61225,12973,92298,74198,153523,105271,0
73421,68602,38933,142023,112354,107535,1
35007,44230,70588,79237,105595,114818,1
58496,16608,19814,75104,78310,36422,0
9419,12978,2848,22397,12267,15826,0
14897,96007,66150,110904,81047,162157,0
21263,55532,24646,76795,45909,80178,0
53603,40742,80190,94345,133793,120932,1
48957,38940,33806,87897,82763,72746,1
10947,93504,48023,104451,58970,141527,0
12872,60789,99815,73661,112687,160604,0
2600,21857,32805,24457,35405,54662,0
296,20866,32996,21162,33292,53862,0
57571,21208,66575,78779,124146,87783,1
86775,14258,50637,101033,137412,64895,0
18206,92578,93172,110784,111378,185750,1
63475,18567,19548,82042,83023,38115,0
94558,40454,6056,135012,100614,46510,0
32946,28652,64986,61598,97932,93638,0
50635,56053,9359,106688,59994,65412,1
8134,40624,44276,48758,52410,84900,1
96976,28545,38215,125521,135191,66760,0
69645,73882,96861,143527,166506,170743,1
12304,98415,36920,110719,49224,135335,0
95272,83236,42222,178508,137494,125458,1
89093,37469,59940,126562,149033,97409,1
53613,43904,78540,97517,132153,122444,1
5409,44774,73167,50183,78576,117941,0
94863,33338,14302,128201,109165,47640,0
18823,23540,52503,42363,71326,76043,0
2526,19779,23084,22305,25610,42863,0
11646,67799,84642,79445,96288,152441,0
27216,91942,41787,119158,69003,133729,0
12667,99735,3965,112402,16632,103700,0
51724,28059,42455,79783,94179,70514,1
9007,14629,57868,23636,66875,72497,0
10224,78965,4521,89189,14745,83486,0
83317,15361,52404,98678,135721,67765,0
59916,25253,36163,85169,96079,61416,1
95493,43422,86811,138915,182304,130233,1
71621,61791,5064,133412,76685,66855,0
84288,45684,23838,129972,108126,69522,0
32944,48276,27744,81220,60688,76020,1
26195,79196,53015,105391,79210,132211,1
93842,16580,43029,110422,136871,59609,0
568,24071,29744,24639,30312,53815,0
51737,42258,520,93995,52257,42778,0
74039,24522,6059,98561,80098,30581,0
52749,75320,96108,128069,148857,171428,1
15519,19138,86822,34657,102341,105960,0
63089,71348,54768,134437,117857,126116,1
62377,66574,90760,128951,153137,157334,1
92047,19057,29864,111104,121911,48921,0
15988,77293,37077,93281,53065,114370,0
65801,27490,92388,93291,158189,119878,1
60581,5806,71293,66387,131874,77099,0
79702,62413,45454,142115,125156,107867,1
44827,92508,60648,137335,105475,153156,1
34143,86966,38908,121109,73051,125874,0
88400,58147,2473,146547,90873,60620,0
5915,61876,39336,67791,45251,101212,0
11151,18073,76318,29224,87469,94391,0
83742,76993,48804,160735,132546,125797,1
92251,30796,73439,123047,165690,104235,1
19028,26782,26022,45810,45050,52804,1
90959,27104,81136,118063,172095,108240,1
39330,51035,45221,90365,84551,96256,1
29060,31734,73715,60794,102775,105449,0
79421,58379,89240,137800,168661,147619,1
56757,58793,24202,115550,80959,82995,1
33808,44712,96779,78520,130587,141491,0
33775,98515,34157,132290,67932,132672,0
90741,53768,27932,144509,118673,81700,0
58231,53137,51643,111368,109874,104780,1
86612,19442,41375,106054,127987,60817,0
3059,9977,42615,13036,45674,52592,0
98698,36659,27917,135357,126615,64576,0
70124,48390,51115,118514,121239,99505,1
40487,94783,10314,135270,50801,105097,0
61337,53546,22677,114883,84014,76223,1
7234,4038,60391,11272,67625,64429,0
40353,1255,79030,41608,119383,80285,0
79171,39629,98146,118800,177317,137775,1
31885,6781,71725,38666,103610,78506,0
77007,18583,91306,95590,168313,109889,1
47191,62621,49582,109812,96773,112203,1
51855,58762,88384,110617,140239,147146,1
25998,40922,71048,66920,97046,111970,0
65665,59999,8889,125664,74554,68888,1
61458,1206,88336,62664,149794,89542,0
15136,86293,19380,101429,34516,105673,0
15952,24421,34329,40373,50281,58750,1
41756,37438,9216,79194,50972,46654,1
69904,83049,51030,152953,120934,134079,1
39417,89968,85018,129385,124435,174986,1
22631,33766,46971,56397,69602,80737,1
74275,59548,99128,133823,173403,158676,1
19554,10344,62666,29898,82220,73010,0
42671,29310,65231,71981,107902,94541,1
13552,14988,62044,28540,75596,77032,0
61430,75507,42888,136937,104318,118395,1
39516,21888,3758,61404,43274,25646,0
4023,77874,18235,81897,22258,96109,0
61431,60939,32125,122370,93556,93064,1
56428,69673,12644,126101,69072,82317,0
49942,48390,26690,98332,76632,75080,1
72469,28980,98278,101449,170747,127258,1
13526,42882,37546,56408,51072,80428,1
85100,96675,68682,181775,153782,165357,1
36382,86785,64559,123167,100941,151344,1
74610,55390,58532,130000,133142,113922,1
19969,9265,54557,29234,74526,63822,0
42670,17714,34788,60384,77458,52502,1
77070,90158,75123,167228,152193,165281,1
13529,45591,34354,59120,47883,79945,1
93633,56823,81629,150456,175262,138452,1
71623,81795,72681,153418,144304,154476,1
53940,55735,8048,109675,61988,63783,1
47181,39164,76412,86345,123593,115576,1
39360,26258,8576,65618,47936,34834,0
48916,73776,49412,122692,98328,123188,1
5522,49424,45855,54946,51377,95279,1
23817,56783,18272,80600,42089,75055,0
62663,25921,97041,88584,159704,122962,0
76131,9669,46671,85800,122802,56340,0
72387,41261,80276,113648,152663,121537,1
42379,69830,26328,112209,68707,96158,0
50224,3876,91062,54100,141286,94938,0
15445,13832,50380,29277,65825,64212,0
62740,16951,81557,79691,144297,98508,0
83025,95828,85120,178853,168145,180948,1
44347,58909,21472,103256,65819,80381,1
75413,59410,87475,134823,162888,146885,1
71692,22198,45957,93890,117649,68155,0
70931,58399,82069,129330,153000,140468,1
6845,16174,24900,23019,31745,41074,0
28657,74755,19229,103412,47886,93984,0
86932,25154,23529,112086,110461,48683,0
93120,39540,31808,132660,124928,71348,0
66107,43366,59126,109473,125233,102492,1
64071,7279,78338,71350,142409,85617,0
20571,6313,43531,26884,64102,49844,0
50209,59067,83831,109276,134040,142898,1
42399,56098,83866,98497,126265,139964,1
88655,66689,24953,155344,113608,91642,1
4061,52160,19523,56221,23584,71683,0
96672,85635,30244,182307,126916,115879,1
95396,45155,74015,140551,169411,119170,1
2426,6273,93251,8699,95677,99524,0
24311,93282,63251,117593,87562,156533,0
27784,468,57257,28252,85041,57725,0
67043,2172,30094,69215,97137,32266,0
41071,63199,92119,104270,133190,155318,1
7530,98608,69637,106138,77167,168245,0
10117,51916,57685,62033,67802,109601,1
18404,13406,81598,31810,100002,95004,0
70699,28400,72347,99099,143046,100747,1
7285,79896,78651,87181,85936,158547,1
89732,83696,87752,173428,177484,171448,1
22286,15835,84894,38121,107180,100729,0
17209,18344,43328,35553,60537,61672,0
39876,25655,73461,65531,113337,99116,0
62619,8857,69377,71476,131996,78234,1
55228,22022,39361,77250,94589,61383,1
93856,79450,4072,173306,97928,83522,0
31133,70136,60345,101269,91478,130481,1
44290,45434,52788,89724,97078,98222,1
98014,12521,41859,110535,139873,54380,0
14282,70525,1245,84807,15527,71770,0
89068,32040,87041,121108,176109,119081,1
89304,85367,78818,174671,168122,164185,1
20159,76794,75991,96953,96150,152785,1
46849,9924,62341,56773,109190,72265,0
95614,23359,1226,118973,96840,24585,0
75252,30267,87253,105519,162505,117520,1
29336,28754,33781,58090,63117,62535,1
3802,30977,50986,34779,54788,81963,0
55235,67647,96117,122882,151352,163764,1
69879,95062,12300,164941,82179,107362,0
75524,6735,16272,82259,91796,23007,0
43189,86266,13930,129455,57119,100196,0
98846,86812,32377,185658,131223,119189,1
73659,49006,76421,122665,150080,125427,1
96278,82274,40942,178552,137220,123216,1
74020,13244,37042,87264,111062,50286,0
84247,24778,99742,109025,183989,124520,1
68531,85034,248,153565,68779,85282,0
2426,69020,28424,71446,30850,97444,0
18918,38066,28578,56984,47496,66644,1
64368,65068,67902,129436,132270,132970,1
50867,52718,43392,103585,94259,96110,1
45890,63096,28438,108986,74328,91534,1
12080,15246,50533,27326,62613,65779,0
34364,57733,30852,92097,65216,88585,1
80848,48343,3658,129191,84506,52001,0
20166,46497,15428,66663,35594,61925,0
47172,781,7142,47953,54314,7923,0
66627,77692,53752,144319,120379,131444,1
37659,77021,3408,114680,41067,80429,0
18322,69728,44350,88050,62672,114078,0
33437,91613,86628,125050,120065,178241,1
58262,47875,14091,106137,72353,61966,1
18512,33156,30258,51668,48770,63414,1
38398,17342,68793,55740,107191,86135,0
33146,28058,40318,61204,73464,68376,1
4680,38555,80768,43235,85448,119323,0
24756,35574,53210,60330,77966,88784,1
33936,6980,73035,40916,106971,80015,0
6848,27960,73218,34808,80066,101178,0
48335,44667,96801,93002,145136,141468,0
25644,83317,26174,108961,51818,109491,0
29776,34480,21863,64256,51639,56343,1
13397,91116,34564,104513,47961,125680,0
76676,58943,80818,135619,157494,139761,1
40510,23529,62587,64039,103097,86116,1
78430,690,45148,79120,123578,45838,0
36155,42174,80645,78329,116800,122819,0
85779,92342,87075,178121,172854,179417,1
16124,6144,44723,22268,60847,50867,0
63498,98162,41398,161660,104896,139560,1
22217,26932,13240,49149,35457,40172,1
46555,42556,32309,89111,78864,74865,1
38845,34401,74634,73246,113479,109035,0
54486,41174,7562,95660,62048,48736,0
15941,71254,34131,87195,50072,105385,0
10303,80332,36897,90635,47200,117229,0
62724,41714,93158,104438,155882,134872,1
40941,74522,79307,115463,120248,153829,1
28427,27643,46972,56070,75399,74615,1
28995,37852,87356,66847,116351,125208,0
62901,94861,32306,157762,95207,127167,1
91091,24569,90330,115660,181421,114899,1
89346,70163,87945,159509,177291,158108,1
24275,61430,36690,85705,60965,98120,0
75255,82428,94204,157683,169459,176632,1
65935,73262,60582,139197,126517,133844,1
95402,405,22184,95807,117586,22589,0
16283,52773,46694,69056,62977,99467,1
60233,15779,58519,76012,118752,74298,1
46770,28535,19029,75305,65799,47564,1
81620,35536,59554,117156,141174,95090,1
26854,47284,57070,74138,83924,104354,1
99223,18924,91401,118147,190624,110325,1
93757,38674,65381,132431,159138,104055,1
11506,71606,86217,83112,97723,157823,0
65601,87124,94991,152725,160592,182115,1
65402,33319,90705,98721,156107,124024,1
58947,80609,99250,139556,158197,179859,1
14959,39226,6011,54185,20970,45237,0
32181,29351,69585,61532,101766,98936,0
74053,81940,11171,155993,85224,93111,1
37292,81542,53398,118834,90690,134940,1
99941,39645,18331,139586,118272,57976,0
34263,49943,79324,84206,113587,129267,1
50644,92613,95454,143257,146098,188067,1
47507,23214,51337,70721,98844,74551,1
44397,94904,89516,139301,133913,184420,1
1238,60748,56950,61986,58188,117698,0
45437,37520,61211,82957,106648,98731,1
19093,33227,95592,52320,114685,128819,0
64271,65521,80,129792,64351,65601,0
72290,1399,2396,73689,74686,3795,0
73185,7034,44369,80219,117554,51403,0
71568,39396,14914,110964,86482,54310,0
13320,15590,6098,28910,19418,21688,1
34572,97210,52548,131782,87120,149758,0
99298,41579,30303,140877,129601,71882,0
38873,50432,65530,89305,104403,115962,1
97232,40717,32503,137949,129735,73220,0
31044,28674,63052,59718,94096,91726,0
12266,62506,48324,74772,60590,110830,0
81900,45325,81918,127225,163818,127243,1
36835,96439,67215,133274,104050,163654,1
11987,68232,94481,80219,106468,162713,0
62392,20451,73352,82843,135744,93803,1
87722,67241,33602,154963,121324,100843,1
10321,20909,62469,31230,72790,83378,0
37850,47340,24160,85190,62010,71500,1
68583,71114,62524,139697,131107,133638,1
63728,76343,49717,140071,113445,126060,1
1605,20299,50202,21904,51807,70501,0
66105,14249,77634,80354,143739,91883,1
11459,1355,3550,12814,15009,4905,0
71944,66326,20359,138270,92303,86685,1
70035,53152,96402,123187,166437,149554,1
53305,34002,89845,87307,143150,123847,0
33642,51198,85224,84840,118866,136422,0
68377,72247,42503,140624,110880,114750,1
52956,50617,42477,103573,95433,93094,1
55399,38792,3355,94191,58754,42147,0
73890,16813,12059,90703,85949,28872,0
64199,81919,92073,146118,156272,173992,1
96320,10734,96011,107054,192331,106745,1
70059,86987,88505,157046,158564,175492,1
84860,26331,6860,111191,91720,33191,0
16466,73991,39024,90457,55490,113015,0
66762,83452,46373,150214,113135,129825,1
27801,81477,71359,109278,99160,152836,1
49442,2745,86151,52187,135593,88896,0
51293,22126,91483,73419,142776,113609,0
88772,86648,57823,175420,146595,144471,1
39965,33709,42300,73674,82265,76009,1
90654,878,87429,91532,178083,88307,0
67157,40356,67500,107513,134657,107856,1
80477,37371,83522,117848,163999,120893,1
97427,5787,51706,103214,149133,57493,0
65473,32572,93422,98045,158895,125994,1
79479,34522,65263,114001,144742,99785,1
77218,78027,93538,155245,170756,171565,1
36501,31961,22745,68462,59246,54706,1
98963,57505,76801,156468,175764,134306,1
88803,86002,77022,174805,165825,163024,1
34985,7501,49308,42486,84293,56809,0
63293,96017,31652,159310,94945,127669,0
40965,2611,23242,43576,64207,25853,0
74547,78261,67943,152808,142490,146204,1
62056,48429,99365,110485,161421,147794,1
40215,40578,28447,80793,68662,69025,1
70453,46713,97038,117166,167491,143751,1
91354,56502,9325,147856,100679,65827,0
41282,28350,9772,69632,51054,38122,0
19250,81765,74393,101015,93643,156158,1
67393,47033,84194,114426,151587,131227,1
23075,28744,6452,51819,29527,35196,1
77695,70860,20525,148555,98220,91385,1
33084,11996,79471,45080,112555,91467,0
23524,85052,17841,108576,41365,102893,0
97945,70043,58124,167988,156069,128167,1
25556,91462,50250,117018,75806,141712,0
92125,62919,14290,155044,106415,77209,0
75107,82036,27466,157143,102573,109502,1
69571,63081,22510,132652,92081,85591,1
85234,76141,20555,161375,105789,96696,1
21059,68595,51391,89654,72450,119986,1
13556,78959,85838,92515,99394,164797,1
80712,91256,37353,171968,118065,128609,1
73295,10690,11304,83985,84599,21994,0
9816,27287,6798,37103,16614,34085,0
13134,99344,97745,112478,110879,197089,1
82005,71180,85846,153185,167851,157026,1
73960,12535,1483,86495,75443,14018,0
61073,20218,17416,81291,78489,37634,0
16558,34105,36114,50663,52672,70219,1
20894,52574,11541,73468,32435,64115,0
44589,74774,60030,119363,104619,134804,1
79065,89862,29733,168927,108798,119595,1
13011,46577,12509,59588,25520,59086,0
62684,23114,23453,85798,86137,46567,0
70647,40951,55033,111598,125680,95984,1
37930,15907,19288,53837,57218,35195,0
79769,5600,23283,85369,103052,28883,0
97635,82058,68580,179693,166215,150638,1
8447,12737,54125,21184,62572,66862,0
97439,6741,32832,104180,130271,39573,0
8580,46465,74443,55045,83023,120908,0
1635,44331,33,45966,1668,44364,0
17701,8872,1316,26573,19017,10188,0
35480,35188,2277,70668,37757,37465,1
70572,91776,52558,162348,123130,144334,1
22629,47344,29725,69973,52354,77069,1
82984,43908,52723,126892,135707,96631,1
22379,81757,17318,104136,39697,99075,0
94488,95127,76069,189615,170557,171196,1
77715,91368,64723,169083,142438,156091,1
41174,53039,92613,94213,133787,145652,1
14719,78427,79304,93146,94023,157731,1
51779,81430,93517,133209,145296,174947,1
11094,88408,4870,99502,15964,93278,0
2321,95798,65307,98119,67628,161105,0
2126,36580,24737,38706,26863,61317,0
243,26429,69763,26672,70006,96192,0
86981,60624,85161,147605,172142,145785,1
29284,88939,2241,118223,31525,91180,0
31460,69523,5285,100983,36745,74808,0
54648,72433,3009,127081,57657,75442,0
56346,72253,19805,128599,76151,92058,1
50419,45560,67815,95979,118234,113375,1
85160,23727,84731,108887,169891,108458,1
69628,31189,46445,100817,116073,77634,1
5210,72907,66998,78117,72208,139905,0
38154,33340,6666,71494,44820,40006,1
26855,17350,32334,44205,59189,49684,1
89892,25932,55019,115824,144911,80951,0
18753,14498,15931,33251,34684,30429,1
99005,51527,39805,150532,138810,91332,0
66475,37262,16484,103737,82959,53746,0
38272,53397,2032,91669,40304,55429,0
34682,58830,29364,93512,64046,88194,1
15941,91851,26943,107792,42884,118794,0
78995,34491,28410,113486,107405,62901,0
14031,51741,46075,65772,60106,97816,1
31216,47760,83384,78976,114600,131144,0
45128,70110,15586,115238,60714,85696,0
51997,1285,14176,53282,66173,15461,0
3134,74556,35877,77690,39011,110433,0
40370,56982,22217,97352,62587,79199,1
45688,48785,15067,94473,60755,63852,1
22215,41178,30998,63393,53213,72176,1
4541,41596,42929,46137,47470,84525,1
47810,35121,62282,82931,110092,97403,1
84748,83105,53347,167853,138095,136452,1
48024,36112,96209,84136,144233,132321,0
22712,46996,56732,69708,79444,103728,1
20117,10969,17750,31086,37867,28719,1
5362,13635,77654,18997,83016,91289,0
59566,1321,89721,60887,149287,91042,0
39247,91143,16818,130390,56065,107961,0
83163,94350,0,177513,83163,94350,0
67408,10730,99880,78138,167288,110610,0
54593,49856,32968,104449,87561,82824,1
45808,91796,40792,137604,86600,132588,0
25027,60302,54098,85329,79125,114400,1
24642,57143,94912,81785,119554,152055,0
36826,39661,68597,76487,105423,108258,1
15076,21986,66489,37062,81565,88475,0
33524,60911,84800,94435,118324,145711,1
6214,20458,14354,26672,20568,34812,1
16349,69166,15929,85515,32278,85095,0
76718,57872,9235,134590,85953,67107,0
50077,92088,45959,142165,96036,138047,1
32537,51161,25851,83698,58388,77012,1
11941,95386,76938,107327,88879,172324,0
70686,26338,51279,97024,121965,77617,1
6762,37705,8312,44467,15074,46017,0
91673,79650,30378,171323,122051,110028,1
57509,71983,73738,129492,131247,145721,1
16781,17904,33442,34685,50223,51346,1
23494,29601,63478,53095,86972,93079,0
91871,71859,25091,163730,116962,96950,1
96346,95309,20094,191655,116440,115403,1
99984,74534,93895,174518,193879,168429,1
77598,89348,19031,166946,96629,108379,1
99008,88514,66923,187522,165931,155437,1
57191,16762,36315,73953,93506,53077,0
86358,34394,10133,120752,96491,44527,0
42164,73216,25819,115380,67983,99035,0
80144,24608,13634,104752,93778,38242,0
67840,97675,43527,165515,111367,141202,1
82014,13928,32079,95942,114093,46007,0
9261,34601,28609,43862,37870,63210,1
32335,79653,75528,111988,107863,155181,1
21565,48715,15316,70280,36881,64031,0
55726,44887,8047,100613,63773,52934,0
77090,40045,94111,117135,171201,134156,1
24322,58563,38845,82885,63167,97408,1
69523,52010,18879,121533,88402,70889,1
83694,34529,92800,118223,176494,127329,1
75763,9844,63368,85607,139131,73212,0
4623,96612,13940,101235,18563,110552,0
83916,10338,93297,94254,177213,103635,1
43899,21790,81931,65689,125830,103721,0
46029,95174,20529,141203,66558,115703,0
51565,8494,83437,60059,135002,91931,0
14303,85221,49031,99524,63334,134252,0
19758,46667,38600,66425,58358,85267,1
84636,78316,64769,162952,149405,143085,1
18211,64579,54898,82790,73109,119477,1
18036,72938,95662,90974,113698,168600,0
87057,52497,94637,139554,181694,147134,1
24187,72374,30210,96561,54397,102584,0
61330,89912,91307,151242,152637,181219,1
86269,93203,97388,179472,183657,190591,1
6717,27197,67913,33914,74630,95110,0
859,44453,3827,45312,4686,48280,0
28031,70818,52532,98849,80563,123350,1
22744,65332,78759,88076,101503,144091,1
94376,18241,40891,112617,135267,59132,0
87276,46886,883,134162,88159,47769,0
7118,63856,98516,70974,105634,162372,0
1740,92502,75134,94242,76874,167636,0
84017,82563,75061,166580,159078,157624,1
43608,6711,29505,50319,73113,36216,0
7260,33809,53087,41069,60347,86896,0
64885,35939,93317,100824,158202,129256,1
75498,17846,52968,93344,128466,70814,0
37206,65353,35932,102559,73138,101285,1
48587,61920,92802,110507,141389,154722,1
67277,21527,88899,88804,156176,110426,0
27406,12497,89816,39903,117222,102313,0
26796,47650,8112,74446,34908,55762,0
25305,85082,91017,110387,116322,176099,1
12395,14532,59319,26927,71714,73851,0
40953,76984,91174,117937,132127,168158,1
14154,43419,62425,57573,76579,105844,0
50683,72954,25714,123637,76397,98668,1
20128,89401,4436,109529,24564,93837,0
28518,59432,85858,87950,114376,145290,1
30167,87104,7560,117271,37727,94664,0
1950,95172,7139,97122,9089,102311,0
85797,98350,39782,184147,125579,138132,1
90740,23747,27651,114487,118391,51398,0
69137,28515,43473,97652,112610,71988,1
6588,96121,62605,102709,69193,158726,0
10671,9327,87546,19998,98217,96873,0
97772,90974,71575,188746,169347,162549,1
58800,11633,84449,70433,143249,96082,0
75326,97941,49258,173267,124584,147199,1
95248,46310,71459,141558,166707,117769,1
72655,75607,81094,148262,153749,156701,1
88019,60292,88514,148311,176533,148806,1
28276,91188,39513,119464,67789,130701,0
73200,43027,83371,116227,156571,126398,1
46090,87539,80882,133629,126972,168421,1
86627,11926,85162,98553,171789,97088,1
13718,17847,8355,31565,22073,26202,1
19346,76181,63628,95527,82974,139809,1
67618,78839,98316,146457,165934,177155,1
98819,91048,43903,189867,142722,134951,1
82653,70610,95102,153263,177755,165712,1
9912,79922,72781,89834,82693,152703,1
54252,19508,50113,73760,104365,69621,1
790,32373,69235,33163,70025,101608,0
3665,22541,9323,26206,12988,31864,0
64164,20738,51528,84902,115692,72266,1
5454,72759,57274,78213,62728,130033,0
27823,4370,90494,32193,118317,94864,0
27492,47387,12847,74879,40339,60234,0
65164,6801,68270,71965,133434,75071,1
76008,88313,51228,164321,127236,139541,1
75724,18702,62738,94426,138462,81440,1
41284,31543,52300,72827,93584,83843,1
62848,61493,41167,124341,104015,102660,1
7156,28568,57599,35724,64755,86167,0
29791,33962,52475,63753,82266,86437,1
26922,69094,65554,96016,92476,134648,1
67407,3025,16496,70432,83903,19521,0
93913,12433,36134,106346,130047,48567,0
9416,18994,57264,28410,66680,76258,0
47092,63692,88163,110784,135255,151855,1
33379,95834,18889,129213,52268,114723,0
37701,87892,80181,125593,117882,168073,1
95807,70910,64485,166717,160292,135395,1
77527,98037,78085,175564,155612,176122,1
43843,35180,70206,79023,114049,105386,1
2875,78623,74928,81498,77803,153551,0
34209,20261,16628,54470,50837,36889,1
83692,72790,28136,156482,111828,100926,1
13621,74497,95487,88118,109108,169984,0
42329,54846,12455,97175,54784,67301,0
4768,42556,52478,47324,57246,95034,0
22954,3239,54985,26193,77939,58224,0
8965,74632,36605,83597,45570,111237,0
91491,63565,19647,155056,111138,83212,0
42702,41659,96046,84361,138748,137705,0
99643,76162,98793,175805,198436,174955,1
30246,38743,36872,68989,67118,75615,1
28665,29787,41451,58452,70116,71238,1
53629,20734,93740,74363,147369,114474,0
36631,88722,46931,125353,83562,135653,0
55418,37887,22979,93305,78397,60866,1
41196,72888,89983,114084,131179,162871,1
47633,53391,45101,101024,92734,98492,1
72543,55681,39444,128224,111987,95125,1
87449,9147,37976,96596,125425,47123,0
21353,9554,31421,30907,52774,40975,0
90757,71186,80787,161943,171544,151973,1
39428,32011,25953,71439,65381,57964,1
78480,45210,61965,123690,140445,107175,1
5592,25393,4446,30985,10038,29839,0
93407,28941,16888,122348,110295,45829,0
55586,6006,61175,61592,116761,67181,1
4976,14111,47847,19087,52823,61958,0
71312,41617,55607,112929,126919,97224,1
31204,27258,39567,58462,70771,66825,1
63660,30575,46163,94235,109823,76738,1
4773,63023,67674,67796,72447,130697,1
30673,34198,66242,64871,96915,100440,0
25001,23698,81917,48699,106918,105615,0
62935,76250,44668,139185,107603,120918,1
89076,50036,79109,139112,168185,129145,1
69384,41599,25240,110983,94624,66839,0
74739,98965,69861,173704,144600,168826,1
78805,62850,85017,141655,163822,147867,1
17654,92013,33122,109667,50776,125135,0
65693,95080,53778,160773,119471,148858,1
74471,14943,41481,89414,115952,56424,0
22849,97838,75349,120687,98198,173187,1
51449,67717,54707,119166,106156,122424,1
40399,21999,97398,62398,137797,119397,0
87520,14203,70197,101723,157717,84400,0
89592,19069,12819,108661,102411,31888,0
27893,59740,72813,87633,100706,132553,1
22933,58888,41350,81821,64283,100238,1
13986,44024,18840,58010,32826,62864,0
45825,15644,61478,61469,107303,77122,0
38790,9470,68216,48260,107006,77686,0
16362,84534,15306,100896,31668,99840,0
72112,20795,34355,92907,106467,55150,0
26894,91103,13043,117997,39937,104146,0
38330,74469,53784,112799,92114,128253,1
14934,50352,89566,65286,104500,139918,0
44725,10651,75203,55376,119928,85854,0
80606,34473,6069,115079,86675,40542,0
77392,30370,34844,107762,112236,65214,0
98705,39689,11747,138394,110452,51436,0
78641,87150,8338,165791,86979,95488,0
61213,1477,37331,62690,98544,38808,0
52222,30505,38145,82727,90367,68650,1
64407,46379,75428,110786,139835,121807,1
87296,27304,95755,114600,183051,123059,1
67956,71872,94943,139828,162899,166815,1
73751,7591,64375,81342,138126,71966,0
89482,96333,66595,185815,156077,162928,1
83552,71610,77349,155162,160901,148959,1
79146,54479,44668,133625,123814,99147,1
67071,76853,77240,143924,144311,154093,1
6655,53672,2890,60327,9545,56562,0
73,74325,64773,74398,64846,139098,0
518,30356,56528,30874,57046,86884,0
37618,84913,41543,122531,79161,126456,0
63046,81188,60820,144234,123866,142008,1
20938,26981,3031,47919,23969,30012,0
79500,36099,43484,115599,122984,79583,1
51796,76308,33090,128104,84886,109398,1
12820,21561,65665,34381,78485,87226,0
87869,22237,52911,110106,140780,75148,0
67897,35102,59803,102999,127700,94905,1
88624,77426,68659,166050,157283,146085,1
11035,22420,755,33455,11790,23175,0
19758,81179,36728,100937,56486,117907,0
63584,73788,13335,137372,76919,87123,1
65106,6397,9237,71503,74343,15634,0
68047,34376,44816,102423,112863,79192,1
3447,23585,17337,27032,20784,40922,0
41177,80635,21197,121812,62374,101832,0
81439,59523,95268,140962,176707,154791,1
86434,92994,67,179428,86501,93061,0
67245,52277,35682,119522,102927,87959,1
71686,92385,91488,164071,163174,183873,1
17628,69247,13810,86875,31438,83057,0
35763,10402,69641,46165,105404,80043,0
60259,91918,42428,152177,102687,134346,1
71621,59451,81478,131072,153099,140929,1
25429,48041,98018,73470,123447,146059,0
31504,60770,22428,92274,53932,83198,0
74278,10226,59943,84504,134221,70169,0
94501,357,50208,94858,144709,50565,0
80061,26721,18262,106782,98323,44983,0
70144,53039,82443,123183,152587,135482,1
16454,25826,97361,42280,113815,123187,0
77855,58151,78748,136006,156603,136899,1
65863,40752,89255,106615,155118,130007,1
39591,89841,23389,129432,62980,113230,0
49389,7181,10842,56570,60231,18023,0
38924,55048,54102,93972,93026,109150,1
17605,44980,54720,62585,72325,99700,1
1612,83132,91279,84744,92891,174411,0
31310,31655,11800,62965,43110,43455,1
89174,81492,16565,170666,105739,98057,1
20357,53196,36290,73553,56647,89486,1
85181,58466,40405,143647,125586,98871,1
64395,28054,40011,92449,104406,68065,1
91298,4447,42211,95745,133509,46658,0
59913,33961,23904,93874,83817,57865,0
26061,37473,65133,63534,91194,102606,0
225,62740,86314,62965,86539,149054,0
80490,35085,50818,115575,131308,85903,1
87724,62194,68779,149918,156503,130973,1
81933,32179,71721,114112,153654,103900,1
71640,93185,73424,164825,145064,166609,1
31354,64094,84736,95448,116090,148830,1
14950,76915,4693,91865,19643,81608,0
14987,78704,59142,93691,74129,137846,0
51848,81205,91424,133053,143272,172629,1
51862,51823,26022,103685,77884,77845,1
23613,8343,4912,31956,28525,13255,0
2432,19619,69319,22051,71751,88938,0
65173,17582,8925,82755,74098,26507,0
93309,40102,65854,133411,159163,105956,1
12132,54322,91375,66454,103507,145697,0
53936,31278,12861,85214,66797,44139,0
48607,43787,4268,92394,52875,48055,0
34010,38552,98326,72562,132336,136878,0
66675,93820,8299,160495,74974,102119,0
22551,4797,7333,27348,29884,12130,0
91303,78191,53883,169494,145186,132074,1
9040,18181,65304,27221,74344,83485,0
91054,35805,94561,126859,185615,130366,1
72547,53060,64693,125607,137240,117753,1
24958,592,27726,25550,52684,28318,0
42366,49526,89443,91892,131809,138969,1
17141,18462,68333,35603,85474,86795,0
87087,51233,60493,138320,147580,111726,1
25935,56653,85779,82588,111714,142432,0
35936,79892,55745,115828,91681,135637,1
43504,45531,70022,89035,113526,115553,1
11634,76284,73023,87918,84657,149307,1
90501,33901,67584,124402,158085,101485,1
49639,76016,33329,125655,82968,109345,1
57662,19590,84750,77252,142412,104340,0
72949,98749,12500,171698,85449,111249,0
24352,69265,83434,93617,107786,152699,1
77382,810,5633,78192,83015,6443,0
40922,99497,10820,140419,51742,110317,0
29277,46775,39555,76052,68832,86330,1
73873,21809,85554,95682,159427,107363,1
91266,91641,87608,182907,178874,179249,1
61352,73258,19062,134610,80414,92320,1
7592,19346,54533,26938,62125,73879,0
85254,98088,66977,183342,152231,165065,1
34727,7068,29205,41795,63932,36273,1
94613,35468,87042,130081,181655,122510,1
70045,58543,16909,128588,86954,75452,1
18322,63427,40810,81749,59132,104237,0
68073,75783,40999,143856,109072,116782,1
16415,67237,83162,83652,99577,150399,1
11114,1901,91711,13015,102825,93612,0
44004,3142,86017,47146,130021,89159,0
16465,21483,13923,37948,30388,35406,1
53503,55027,43431,108530,96934,98458,1
5295,28206,29511,33501,34806,57717,1
21139,74191,90228,95330,111367,164419,1
71957,91848,6716,163805,78673,98564,0
37624,78301,93744,115925,131368,172045,1
56053,50580,46459,106633,102512,97039,1
1242,31838,32287,33080,33529,64125,1
45534,50728,10860,96262,56394,61588,1
46641,67503,52769,114144,99410,120272,1
62154,38665,12555,100819,74709,51220,0
86711,99523,61817,186234,148528,161340,1
16252,99801,73815,116053,90067,173616,0
56323,71722,35283,128045,91606,107005,1
7501,48552,29689,56053,37190,78241,0
5565,88416,69019,93981,74584,157435,0
54190,369,55155,54559,109345,55524,0
25095,60300,47647,85395,72742,107947,1
97657,81270,12625,178927,110282,93895,0
82677,187,57076,82864,139753,57263,0
33693,60151,26497,93844,60190,86648,1
3256,55824,37711,59080,40967,93535,0
10497,12620,46447,23117,56944,59067,0
64593,67722,22943,132315,87536,90665,1
67187,67925,42055,135112,109242,109980,1
13941,35105,4937,49046,18878,40042,0
42397,40214,64506,82611,106903,104720,1
38249,32033,55707,70282,93956,87740,1
57710,77668,21695,135378,79405,99363,1
13911,79073,79520,92984,93431,158593,1
83974,36427,90833,120401,174807,127260,1
49129,28537,74851,77666,123980,103388,1
49115,93027,75093,142142,124208,168120,1
19578,52621,87710,72199,107288,140331,0
79164,56051,60698,135215,139862,116749,1
7931,6977,98252,14908,106183,105229,0
92927,9041,51771,101968,144698,60812,0
84822,38229,2091,123051,86913,40320,0
14986,23927,16261,38913,31247,40188,1
16914,72085,20906,88999,37820,92991,0
73361,46662,63630,120023,136991,110292,1
52230,20206,35646,72436,87876,55852,1
96088,99642,88632,195730,184720,188274,1
87783,77586,34155,165369,121938,111741,1
28871,79581,93429,108452,122300,173010,1
49048,25217,57252,74265,106300,82469,1
30828,10108,53269,40936,84097,63377,0
79048,80090,72997,159138,152045,153087,1
73582,91144,69852,164726,143434,160996,1
44048,51193,72653,95241,116701,123846,1
2594,14919,77293,17513,79887,92212,0
8041,87588,88513,95629,96554,176101,1
65488,2339,11415,67827,76903,13754,0
83447,35791,27165,119238,110612,62956,0
5481,38281,64540,43762,70021,102821,0
7062,24039,69426,31101,76488,93465,0
8666,83451,29212,92117,37878,112663,0
65190,2304,53573,67494,118763,55877,0
15840,74907,49400,90747,65240,124307,0
70538,25418,71804,95956,142342,97222,1
94363,62030,5961,156393,100324,67991,0
41703,50299,33915,92002,75618,84214,1
37979,66960,46572,104939,84551,113532,1
43016,56316,8796,99332,51812,65112,0
16746,55144,75,71890,16821,55219,0
84695,89653,75352,174348,160047,165005,1
4705,90657,6150,95362,10855,96807,0
6725,10264,31116,16989,37841,41380,0
74176,67894,85826,142070,160002,153720,1
83083,26225,98930,109308,182013,125155,1
41972,58246,24290,100218,66262,82536,1
74937,92267,41323,167204,116260,133590,1
72471,54759,36432,127230,108903,91191,1
39245,55868,69399,95113,108644,125267,1
19152,65074,37307,84226,56459,102381,0
83153,96964,19779,180117,102932,116743,1
18582,33018,54067,51600,72649,87085,0
43238,41453,51480,84691,94718,92933,1
93750,63507,57903,157257,151653,121410,1
55996,16017,43176,72013,99172,59193,1
53031,16103,91769,69134,144800,107872,0
71781,62085,26344,133866,98125,88429,1
9205,49657,15793,58862,24998,65450,0
58637,45559,99716,104196,158353,145275,1
68038,29481,29033,97519,97071,58514,0
36563,38350,86628,74913,123191,124978,0
22149,30966,39673,53115,61822,70639,1
22359,30563,74205,52922,96564,104768,0
62159,37791,11709,99950,73868,49500,0
14804,83500,67555,98304,82359,151055,0
58707,33997,3119,92704,61826,37116,0
21278,61575,68840,82853,90118,130415,1
81270,17980,87487,99250,168757,105467,1
7777,39153,13787,46930,21564,52940,0
44157,26351,92584,70508,136741,118935,0
17599,86087,18268,103686,35867,104355,0
30741,75865,84701,106606,115442,160566,1
37702,37435,9690,75137,47392,47125,1
39671,78275,91856,117946,131527,170131,1
80621,58961,41958,139582,122579,100919,1
19143,81347,14757,100490,33900,96104,0
24173,91188,54506,115361,78679,145694,0
18420,53924,74199,72344,92619,128123,0
74822,63232,95849,138054,170671,159081,1
70384,49504,76828,119888,147212,126332,1
47422,49264,37827,96686,85249,87091,1
64303,9844,35781,74147,100084,45625,0
57456,48685,94329,106141,151785,143014,1
43057,99105,8530,142162,51587,107635,0
59216,64726,8190,123942,67406,72916,1
78377,3835,84334,82212,162711,88169,0
28266,98664,20422,126930,48688,119086,0
3503,27304,84815,30807,88318,112119,0
40854,71051,38443,111905,79297,109494,1
3484,69975,5454,73459,8938,75429,0
70243,89591,29956,159834,100199,119547,1
14670,72197,66079,86867,80749,138276,1
91504,86271,25879,177775,117383,112150,1
29372,73393,63504,102765,92876,136897,1
39877,66287,68477,106164,108354,134764,1
92359,79194,37406,171553,129765,116600,1
38106,26582,12058,64688,50164,38640,1
44941,94742,41642,139683,86583,136384,0
47005,62336,94829,109341,141834,157165,1
97713,10147,66655,107860,164368,76802,0
85266,19568,83950,104834,169216,103518,1
1206,99152,63801,100358,65007,162953,0
98338,44817,97983,143155,196321,142800,1
38975,88792,66662,127767,105637,155454,1
89371,33362,96377,122733,185748,129739,1
15777,68789,71366,84566,87143,140155,1
90176,34998,4525,125174,94701,39523,0
95274,31638,38528,126912,133802,70166,0
42272,3627,44625,45899,86897,48252,1
6709,34181,32162,40890,38871,66343,1
42,54688,4591,54730,4633,59279,0
2644,72417,70431,75061,73075,142848,1
11607,68903,99222,80510,110829,168125,0
18335,6378,98486,24713,116821,104864,0
20498,64787,54433,85285,74931,119220,1
43818,35339,87143,79157,130961,122482,0
29244,34499,22198,63743,51442,56697,1
84884,39027,20497,123911,105381,59524,0
76910,58554,13111,135464,90021,71665,0
57267,29126,83955,86393,141222,113081,1
15806,96408,62755,112214,78561,159163,0
57779,33567,84125,91346,141904,117692,1
22648,98341,9917,120989,32565,108258,0
3053,90020,6231,93073,9284,96251,0
55720,23529,71199,79249,126919,94728,1
4859,85016,98150,89875,103009,183166,0
14320,17790,45668,32110,59988,63458,0
80457,51885,71215,132342,151672,123100,1
47688,30873,23612,78561,71300,54485,1
51977,83377,47166,135354,99143,130543,1
75918,92842,39848,168760,115766,132690,1
86053,37459,67072,123512,153125,104531,1
20677,69296,17104,89973,37781,86400,0
38205,96485,47181,134690,85386,143666,0
42635,73612,94655,116247,137290,168267,1
14278,17277,80144,31555,94422,97421,0
20830,57121,9476,77951,30306,66597,0
58514,95588,6250,154102,64764,101838,0
29218,40812,11336,70030,40554,52148,0
37663,36792,42639,74455,80302,79431,1
9731,14407,57284,24138,67015,71691,0
82906,89747,94288,172653,177194,184035,1
96265,47426,34465,143691,130730,81891,0
75680,55611,47069,131291,122749,102680,1
59554,77279,8462,136833,68016,85741,0
35484,70091,82866,105575,118350,152957,1
31087,56398,50718,87485,81805,107116,1
35080,29381,6008,64461,41088,35389,1
16398,48803,31991,65201,48389,80794,0
82902,56279,8920,139181,91822,65199,0
9655,90717,63973,100372,73628,154690,0
59037,62102,49938,121139,108975,112040,1
26750,69776,77826,96526,104576,147602,1
4647,76830,78503,81477,83150,155333,1
51062,47288,23717,98350,74779,71005,1
91905,15552,18230,107457,110135,33782,0
53003,9253,88139,62256,141142,97392,0
76557,29173,16123,105730,92680,45296,0
39441,19637,13593,59078,53034,33230,0
48401,36122,91411,84523,139812,127533,0
46137,89774,34160,135911,80297,123934,0
5534,77930,24779,83464,30313,102709,0
73567,42063,16215,115630,89782,58278,0
10751,44995,6381,55746,17132,51376,0
70637,56866,59599,127503,130236,116465,1
66109,29090,69116,95199,135225,98206,1
75999,63839,60655,139838,136654,124494,1
95523,17878,73507,113401,169030,91385,0
56600,26780,64640,83380,121240,91420,1
42426,33205,90626,75631,133052,123831,0
32642,73002,38288,105644,70930,111290,0
81149,54731,44622,135880,125771,99353,1
68008,32904,73056,100912,141064,105960,1
67535,79153,22907,146688,90442,102060,1
16023,17598,94382,33621,110405,111980,0
28333,64228,94422,92561,122755,158650,0
41717,12143,48108,53860,89825,60251,1
27940,34508,96811,62448,124751,131319,0
81546,73671,58160,155217,139706,131831,1
37964,91392,72733,129356,110697,164125,1
25035,2210,64427,27245,89462,66637,0
83790,64632,18447,148422,102237,83079,0
42970,31511,68162,74481,111132,99673,1
64608,53637,75325,118245,139933,128962,1
28232,44547,26956,72779,55188,71503,1
66991,25465,80216,92456,147207,105681,1
96174,50924,25763,147098,121937,76687,0
79765,31314,80826,111079,160591,112140,1
2775,81046,91094,83821,93869,172140,0
10947,86134,55310,97081,66257,141444,0
29141,17489,52898,46630,82039,70387,0
20508,75484,33826,95992,54334,109310,0
77426,28642,73979,106068,151405,102621,1
83884,7110,66641,90994,150525,73751,0
21795,52572,83077,74367,104872,135649,0
89792,17682,96550,107474,186342,114232,1
38918,14347,52230,53265,91148,66577,1
70021,92356,6580,162377,76601,98936,0
14111,30335,62588,44446,76699,92923,0
26903,9073,19834,35976,46737,28907,1
68904,16491,16933,85395,85837,33424,0
41636,14122,92512,55758,134148,106634,0
55127,59461,66269,114588,121396,125730,1
13469,7679,40059,21148,53528,47738,0
63875,20548,12261,84423,76136,32809,0
98090,64084,28836,162174,126926,92920,0
49573,66362,65174,115935,114747,131536,1
23665,95166,48350,118831,72015,143516,0
28279,14924,40747,43203,69026,55671,1
3911,30608,69240,34519,73151,99848,0
10469,66498,7694,76967,18163,74192,0
49356,69928,59033,119284,108389,128961,1
93716,42848,25990,136564,119706,68838,0
18398,25448,48332,43846,66730,73780,0
73600,27356,51244,100956,124844,78600,1
2711,35713,60219,38424,62930,95932,0
9391,29694,22472,39085,31863,52166,1
11344,21653,17586,32997,28930,39239,1
57752,35386,17501,93138,75253,52887,0
729,76173,61246,76902,61975,137419,0
57860,98202,18994,156062,76854,117196,0
35091,27791,5274,62882,40365,33065,0
98754,17108,8216,115862,106970,25324,0
83102,62058,41161,145160,124263,103219,1
13531,75180,51771,88711,65302,126951,0
31911,11865,11390,43776,43301,23255,0
25389,87559,91667,112948,117056,179226,1
84928,35103,77698,120031,162626,112801,1
11807,58623,39865,70430,51672,98488,0
82514,33167,91189,115681,173703,124356,1
89361,90782,80325,180143,169686,171107,1
57900,26207,87268,84107,145168,113475,0
14084,4296,54593,18380,68677,58889,0
65905,31627,68348,97532,134253,99975,1
88441,12533,48133,100974,136574,60666,0
13136,87152,60845,100288,73981,147997,0
59934,38614,22922,98548,82856,61536,1
79678,78267,60033,157945,139711,138300,1
82101,29259,62114,111360,144215,91373,1
4201,90894,88698,95095,92899,179592,1
88634,50461,96149,139095,184783,146610,1
16607,50592,73669,67199,90276,124261,0
5210,93505,26363,98715,31573,119868,0
49917,52701,14428,102618,64345,67129,1
45613,74125,16794,119738,62407,90919,0
59805,92310,42230,152115,102035,134540,1
49610,74145,39636,123755,89246,113781,1
21664,36015,98084,57679,119748,134099,0
84926,27943,79308,112869,164234,107251,1
38702,34816,84353,73518,123055,119169,0
98165,37141,86685,135306,184850,123826,1
2179,2174,47242,4353,49421,49416,0
75888,51000,74539,126888,150427,125539,1
71035,43954,69529,114989,140564,113483,1
54885,576,86362,55461,141247,86938,0
22196,46476,72104,68672,94300,118580,0
46197,29459,48173,75656,94370,77632,1
13823,55092,87366,68915,101189,142458,0
96611,49903,81478,146514,178089,131381,1
63405,10707,38928,74112,102333,49635,0
24075,25951,77838,50026,101913,103789,0
12551,85316,51478,97867,64029,136794,0
62553,61107,74718,123660,137271,135825,1
24300,52620,6728,76920,31028,59348,0
53859,81645,93397,135504,147256,175042,1
77879,38757,79378,116636,157257,118135,1
76000,45326,19303,121326,95303,64629,0
82979,66409,11922,149388,94901,78331,0
51096,39464,48424,90560,99520,87888,1
62044,38113,52400,100157,114444,90513,1
77037,39324,83185,116361,160222,122509,1
20708,72724,17906,93432,38614,90630,0
84506,99826,66538,184332,151044,166364,1
4767,5387,86834,10154,91601,92221,0
63322,24968,40030,88290,103352,64998,1
93887,30319,98779,124206,192666,129098,1
68613,35097,80080,103710,148693,115177,1
19626,13366,73956,32992,93582,87322,0
85338,53765,41447,139103,126785,95212,1
26428,71624,46345,98052,72773,117969,1
4501,64582,15194,69083,19695,79776,0
2758,17389,88909,20147,91667,106298,0
19377,41724,18175,61101,37552,59899,0
32324,34470,89994,66794,122318,124464,0
2137,76097,58245,78234,60382,134342,0
96951,36157,45698,133108,142649,81855,0
90336,80301,23716,170637,114052,104017,1
57768,3548,93944,61316,151712,97492,0
99634,56188,38129,155822,137763,94317,0
9811,90449,89350,100260,99161,179799,1
63538,24705,95763,88243,159301,120468,0
57480,32006,8713,89486,66193,40719,0
63264,17761,78459,81025,141723,96220,1
27397,97644,81288,125041,108685,178932,1
81957,56936,28811,138893,110768,85747,1
76629,62833,86033,139462,162662,148866,1
181,56388,31088,56569,31269,87476,0
36478,67641,9090,104119,45568,76731,0
38481,32126,47001,70607,85482,79127,1
11483,18209,22530,29692,34013,40739,1
89117,11766,12113,100883,101230,23879,0
97256,81609,47287,178865,144543,128896,1
37552,99705,70768,137257,108320,170473,1
39261,73182,53792,112443,93053,126974,1
45466,20339,91434,65805,136900,111773,0
18792,53301,95619,72093,114411,148920,0
30191,70008,10077,100199,40268,80085,0
49903,1765,34527,51668,84430,36292,0
38697,43974,41156,82671,79853,85130,1
38693,52931,92672,91624,131365,145603,0
71483,19531,36799,91014,108282,56330,0
70144,49874,57828,120018,127972,107702,1
44603,8947,65137,53550,109740,74084,0
78533,7357,74759,85890,153292,82116,1
18423,61122,37700,79545,56123,98822,0
69981,20535,39550,90516,109531,60085,0
9137,54125,30640,63262,39777,84765,0
53128,43596,51554,96724,104682,95150,1
51897,17187,20691,69084,72588,37878,0
91500,91914,55501,183414,147001,147415,1
71673,29676,71050,101349,142723,100726,1
12623,30829,25675,43452,38298,56504,1
38651,23408,51124,62059,89775,74532,1
65260,89324,35998,154584,101258,125322,1
84265,80462,50574,164727,134839,131036,1
86911,41192,67256,128103,154167,108448,1
78916,76361,76103,155277,155019,152464,1
43308,71362,41471,114670,84779,112833,1
19815,20749,2827,40564,22642,23576,1
62560,48861,70961,111421,133521,119822,1
49122,86050,15822,135172,64944,101872,0
34508,89617,6425,124125,40933,96042,0
28337,37168,75386,65505,103723,112554,0
46472,6376,77863,52848,124335,84239,0
52507,78497,17597,131004,70104,96094,0
84820,89534,87235,174354,172055,176769,1
37953,76427,60420,114380,98373,136847,1
13236,80150,23991,93386,37227,104141,0
46470,67575,85563,114045,132033,153138,1
76956,38873,57877,115829,134833,96750,1
93325,38829,20685,132154,114010,59514,0
74064,95782,33878,169846,107942,129660,1
68183,89607,24548,157790,92731,114155,1
80766,85980,23742,166746,104508,109722,1
90794,29509,28621,120303,119415,58130,0
71870,72205,98940,144075,170810,171145,1
75631,50436,94546,126067,170177,144982,1
17130,9738,35910,26868,53040,45648,0
39275,41428,1522,80703,40797,42950,0
886,52860,91419,53746,92305,144279,0
39135,84676,12764,123811,51899,97440,0
81006,87858,6410,168864,87416,94268,0
32217,29206,58921,61423,91138,88127,1
54270,33616,6209,87886,60479,39825,0
55528,89161,38302,144689,93830,127463,1
69714,27238,52930,96952,122644,80168,1
98717,49198,76103,147915,174820,125301,1
56275,27448,30563,83723,86838,58011,1
71176,15971,96520,87147,167696,112491,0
25392,4638,23970,30030,49362,28608,1
40299,52615,94132,92914,134431,146747,0
53085,96863,80318,149948,133403,177181,1
40909,12964,31195,53873,72104,44159,1
53064,56048,84010,109112,137074,140058,1
33612,82839,89457,116451,123069,172296,1
4235,57340,75814,61575,80049,133154,0
46903,54899,7152,101802,54055,62051,0
75991,2806,966,78797,76957,3772,0
8941,31326,63971,40267,72912,95297,0
79324,972,17168,80296,96492,18140,0
3375,86355,39549,89730,42924,125904,0
98056,69492,72085,167548,170141,141577,1
86261,22697,24675,108958,110936,47372,0
42877,68655,61142,111532,104019,129797,1
59051,8798,71407,67849,130458,80205,0
24404,15614,90568,40018,114972,106182,0
84643,62524,64264,147167,148907,126788,1
10917,51255,6905,62172,17822,58160,0
83111,77578,5289,160689,88400,82867,0
17334,14613,99842,31947,117176,114455,0
92276,10315,13016,102591,105292,23331,0
16424,70472,14964,86896,31388,85436,0
15573,3564,18623,19137,34196,22187,1
40272,79041,11262,119313,51534,90303,0
74600,46880,51952,121480,126552,98832,1
53376,76548,84511,129924,137887,161059,1
96762,72314,14249,169076,111011,86563,0
61379,34993,9186,96372,70565,44179,0
97320,3095,2182,100415,99502,5277,0
13215,49402,77464,62617,90679,126866,0
38288,500,81957,38788,120245,82457,0
96606,15862,70859,112468,167465,86721,0
75709,12990,3633,88699,79342,16623,0
24587,48903,40324,73490,64911,89227,1
76835,37693,58659,114528,135494,96352,1
21405,79549,51363,100954,72768,130912,0
92726,26707,59050,119433,151776,85757,0
83853,91126,13148,174979,97001,104274,1
97020,22671,37833,119691,134853,60504,0
27462,24718,28204,52180,55666,52922,1
6585,83572,61090,90157,67675,144662,0
38014,11746,74552,49760,112566,86298,0
7199,22613,64519,29812,71718,87132,0
98906,8392,74648,107298,173554,83040,0
23373,46287,53996,69660,77369,100283,1
12276,31646,13973,43922,26249,45619,0
25383,66207,38240,91590,63623,104447,0
31926,79089,59110,111015,91036,138199,1
12570,90963,69987,103533,82557,160950,0
5318,9850,7596,15168,12914,17446,1
8208,59734,5566,67942,13774,65300,0
2822,28883,83272,31705,86094,112155,0
54163,68480,43497,122643,97660,111977,1
33723,17768,74325,51491,108048,92093,0
52410,72787,43475,125197,95885,116262,1
3674,82379,2731,86053,6405,85110,0
66983,93435,67514,160418,134497,160949,1
52006,50972,60683,102978,112689,111655,1
89831,78160,24908,167991,114739,103068,1
69814,49216,23581,119030,93395,72797,1
26853,2658,43338,29511,70191,45996,0
29941,71613,59941,101554,89882,131554,1
63345,97375,54650,160720,117995,152025,1
2517,12864,31971,15381,34488,44835,0
59418,81936,16306,141354,75724,98242,0
74301,67021,74106,141322,148407,141127,1
9194,83710,30681,92904,39875,114391,0
51556,55727,30554,107283,82110,86281,1
76014,15103,87530,91117,163544,102633,1
56548,28555,69771,85103,126319,98326,1
66543,79384,67561,145927,134104,146945,1
37914,62650,24943,100564,62857,87593,1
45572,67347,35977,112919,81549,103324,1
75237,16096,95773,91333,171010,111869,0
65264,89398,59598,154662,124862,148996,1
5,2488,46296,2493,46301,48784,0
57900,73460,56320,131360,114220,129780,1
19944,4298,11886,24242,31830,16184,0
22444,79925,52498,102369,74942,132423,0
83441,80155,54268,163596,137709,134423,1
62092,47382,91161,109474,153253,138543,1
65913,86094,90463,152007,156376,176557,1
59477,26265,75666,85742,135143,101931,1
69888,87907,75102,157795,144990,163009,1
64195,6899,46506,71094,110701,53405,0
85934,22044,13009,107978,98943,35053,0
10560,43235,32694,53795,43254,75929,1
31355,36226,49468,67581,80823,85694,1
3790,97914,70343,101704,74133,168257,0
42503,33713,28910,76216,71413,62623,1
14801,33047,49056,47848,63857,82103,0
99597,33831,49604,133428,149201,83435,0
55550,55106,43953,110656,99503,99059,1
11010,24444,97017,35454,108027,121461,0
9993,98342,31778,108335,41771,130120,0
18593,73419,32193,92012,50786,105612,0
95954,20703,44066,116657,140020,64769,0
53293,30362,30016,83655,83309,60378,1
55785,12365,28201,68150,83986,40566,0
12199,90882,16780,103081,28979,107662,0
98511,77615,78726,176126,177237,156341,1
61749,19701,70841,81450,132590,90542,1
4528,73622,12445,78150,16973,86067,0
97862,34408,15508,132270,113370,49916,0
47069,11991,77300,59060,124369,89291,0
86540,20690,37554,107230,124094,58244,0
6306,50949,33121,57255,39427,84070,0
61443,12610,94562,74053,156005,107172,0
22979,22288,61413,45267,84392,83701,0
15860,22081,61645,37941,77505,83726,0
63579,24948,6838,88527,70417,31786,0
22546,93210,29460,115756,52006,122670,0
39804,74023,49915,113827,89719,123938,1
15089,88991,34661,104080,49750,123652,0
58724,81054,28058,139778,86782,109112,1
90264,36468,73302,126732,163566,109770,1
28746,18172,55635,46918,84381,73807,0
77363,31758,2877,109121,80240,34635,0
78076,91236,1352,169312,79428,92588,0
25147,84378,16283,109525,41430,100661,0
18364,51360,56955,69724,75319,108315,1
2825,36244,43803,39069,46628,80047,0
49752,33842,70946,83594,120698,104788,1
57981,39126,96949,97107,154930,136075,1
8491,62919,4286,71410,12777,67205,0
96346,25881,45842,122227,142188,71723,0
56644,82731,80154,139375,136798,162885,1
98668,39304,60006,137972,158674,99310,1
23876,71349,71655,95225,95531,143004,1
48486,51892,85902,100378,134388,137794,1
40230,17097,36922,57327,77152,54019,1
33001,24615,74554,57616,107555,99169,0
96240,72758,11835,168998,108075,84593,0
82378,24092,17865,106470,100243,41957,0
94918,62720,58403,157638,153321,121123,1
29910,10118,64709,40028,94619,74827,0
93489,35258,76944,128747,170433,112202,1
60389,66250,9036,126639,69425,75286,1
30206,56970,66151,87176,96357,123121,1
51126,31986,25101,83112,76227,57087,1
53744,33914,98417,87658,152161,132331,0
77616,72930,27968,150546,105584,100898,1
34496,8315,16191,42811,50687,24506,0
16881,17679,62654,34560,79535,80333,0
75080,4968,93793,80048,168873,98761,0
89468,26299,74608,115767,164076,100907,1
1227,28914,82273,30141,83500,111187,0
64669,39625,57840,104294,122509,97465,1
74079,75895,73291,149974,147370,149186,1
12675,19191,76884,31866,89559,96075,0
33321,87753,76850,121074,110171,164603,1
66775,51331,39626,118106,106401,90957,1
91056,60461,9512,151517,100568,69973,0
73236,95279,15501,168515,88737,110780,0
75899,9725,29268,85624,105167,38993,0
29,34235,12568,34264,12597,46803,0
4518,28995,70312,33513,74830,99307,0
55147,92937,85704,148084,140851,178641,1
28938,14734,56673,43672,85611,71407,0
27071,16282,17911,43353,44982,34193,1
17685,38364,88183,56049,105868,126547,0
4599,12985,42772,17584,47371,55757,0
56051,6307,39793,62358,95844,46100,0
6473,16359,33743,22832,40216,50102,0
17476,7542,6062,25018,23538,13604,0
22565,36917,82313,59482,104878,119230,0
93441,55089,80401,148530,173842,135490,1
37259,81144,89770,118403,127029,170914,1
21676,93088,34634,114764,56310,127722,0
86161,49090,81490,135251,167651,130580,1
31514,46898,72929,78412,104443,119827,1
1295,35705,38957,37000,40252,74662,0
62752,46392,29511,109144,92263,75903,1
95284,10841,12714,106125,107998,23555,0
68235,52313,25064,120548,93299,77377,1
36340,15656,41716,51996,78056,57372,1
62098,95206,85881,157304,147979,181087,1
13027,44592,83895,57619,96922,128487,0
9043,24195,35948,33238,44991,60143,0
49249,60107,31247,109356,80496,91354,1
39817,64933,55971,104750,95788,120904,1
32551,41145,13490,73696,46041,54635,1
38703,88303,85620,127006,124323,173923,1
21828,95210,54836,117038,76664,150046,0
65057,14961,75373,80018,140430,90334,1
49839,56555,19267,106394,69106,75822,1
37283,77028,24415,114311,61698,101443,0
42919,67249,22962,110168,65881,90211,0
40107,13023,59099,53130,99206,72122,0
46543,66059,92936,112602,139479,158995,1
54174,89580,23953,143754,78127,113533,0
91785,26330,39389,118115,131174,65719,0
74167,32684,39860,106851,114027,72544,0
63968,81240,63517,145208,127485,144757,1
46623,82234,95519,128857,142142,177753,1
86660,49348,25989,136008,112649,75337,0
61001,16948,16569,77949,77570,33517,0
3516,80906,6430,84422,9946,87336,0
58693,42762,97635,101455,156328,140397,1
51823,92563,52707,144386,104530,145270,1
83890,9198,13373,93088,97263,22571,0
62650,33712,99275,96362,161925,132987,0
35269,56891,56540,92160,91809,113431,1
97741,25041,14093,122782,111834,39134,0
97654,95807,94354,193461,192008,190161,1
82534,97767,41750,180301,124284,139517,1
99028,66331,29683,165359,128711,96014,0
90624,70997,97993,161621,188617,168990,1
61228,25338,69999,86566,131227,95337,1
79093,71934,8343,151027,87436,80277,1
1297,35368,29000,36665,30297,64368,0
49957,33143,97383,83100,147340,130526,0
46185,94233,50087,140418,96272,144320,1
44276,79457,95035,123733,139311,174492,1
67549,10661,7415,78210,74964,18076,0
84951,96658,93007,181609,177958,189665,1
65943,74525,96834,140468,162777,171359,1
33542,3335,48602,36877,82144,51937,0
83809,78845,25752,162654,109561,104597,1
9981,15142,91489,25123,101470,106631,0
92928,86587,73092,179515,166020,159679,1
26980,4117,40632,31097,67612,44749,0
79258,53601,6610,132859,85868,60211,0
85667,60999,87800,146666,173467,148799,1
61151,99406,2590,160557,63741,101996,0
53481,59575,33761,113056,87242,93336,1
47164,82416,75848,129580,123012,158264,1
83229,76754,53244,159983,136473,129998,1
2254,74985,12491,77239,14745,87476,0
91253,20828,94679,112081,185932,115507,1
32171,3922,79046,36093,111217,82968,0
58652,16555,45359,75207,104011,61914,1
57702,28149,44880,85851,102582,73029,1
41887,61677,51114,103564,93001,112791,1
57668,4621,11512,62289,69180,16133,0
57861,71730,65872,129591,123733,137602,1
99765,1716,2444,101481,102209,4160,0
25479,19112,98861,44591,124340,117973,0
74287,53003,48881,127290,123168,101884,1
17324,53538,94146,70862,111470,147684,0
46997,24363,46650,71360,93647,71013,1
79260,78697,88237,157957,167497,166934,1
25726,83354,17706,109080,43432,101060,0
47917,58430,30865,106347,78782,89295,1
85038,45483,48913,130521,133951,94396,1
86670,29987,11492,116657,98162,41479,0
15305,61282,98529,76587,113834,159811,0
57482,4332,298,61814,57780,4630,0
40430,69592,71834,110022,112264,141426,1
79021,29255,94083,108276,173104,123338,1
91336,84468,90358,175804,181694,174826,1
15782,1766,24466,17548,40248,26232,0
28833,44429,2630,73262,31463,47059,0
38101,96191,87102,134292,125203,183293,1
29392,98965,98124,128357,127516,197089,1
5867,53005,56313,58872,62180,109318,1
26299,15506,85752,41805,112051,101258,0
7377,39227,34167,46604,41544,73394,1
11176,9808,90842,20984,102018,100650,0
9173,6109,60439,15282,69612,66548,0
9436,32879,96781,42315,106217,129660,0
90914,35934,75853,126848,166767,111787,1
20522,55343,11458,75865,31980,66801,0
11257,7222,85560,18479,96817,92782,0
5786,65237,48112,71023,53898,113349,0
72167,86108,95709,158275,167876,181817,1
55461,67256,44667,122717,100128,111923,1
44074,66992,37021,111066,81095,104013,1
94943,65485,13708,160428,108651,79193,0
89431,75615,95073,165046,184504,170688,1
45550,74638,73293,120188,118843,147931,1
65725,82386,49696,148111,115421,132082,1
34625,95288,42126,129913,76751,137414,0
11001,85239,43367,96240,54368,128606,0
76774,86622,4998,163396,81772,91620,0
87217,71544,97999,158761,185216,169543,1
92232,40090,6267,132322,98499,46357,0
72860,16396,40023,89256,112883,56419,0
23636,93003,39877,116639,63513,132880,0
80021,36631,51827,116652,131848,88458,1
7329,22730,96047,30059,103376,118777,0
87091,44327,47587,131418,134678,91914,1
33642,43352,39759,76994,73401,83111,1
35521,78205,94244,113726,129765,172449,1
24743,96876,41732,121619,66475,138608,0
65050,90518,99595,155568,164645,190113,1
52986,48840,11164,101826,64150,60004,1
4222,90381,44655,94603,48877,135036,0
57081,50566,21064,107647,78145,71630,1
63049,99351,49151,162400,112200,148502,1
38874,61605,48904,100479,87778,110509,1
50528,84606,51487,135134,102015,136093,1
63338,75251,94339,138589,157677,169590,1
98854,26020,7153,124874,106007,33173,0
64487,54344,49488,118831,113975,103832,1
96591,79402,37217,175993,133808,116619,1
11416,47849,99365,59265,110781,147214,0
4287,62711,93793,66998,98080,156504,0
13751,46309,72768,60060,86519,119077,0
13614,46560,8794,60174,22408,55354,0
88639,36994,49725,125633,138364,86719,0
50100,86067,9617,136167,59717,95684,0
96573,64311,51944,160884,148517,116255,1
81485,52399,9384,133884,90869,61783,0
36019,13448,92578,49467,128597,106026,0
33627,81329,59197,114956,92824,140526,1
43567,63433,578,107000,44145,64011,0
95757,71981,12567,167738,108324,84548,0
31577,93383,66894,124960,98471,160277,1
9075,48827,12958,57902,22033,61785,0
30030,48526,73198,78556,103228,121724,1
85630,49306,26879,134936,112509,76185,0
1665,97142,80101,98807,81766,177243,0
60924,14948,41497,75872,102421,56445,0
37012,50760,22288,87772,59300,73048,1
90865,21864,95599,112729,186464,117463,1
17436,29535,55703,46971,73139,85238,0
22555,82711,81710,105266,104265,164421,1
1869,64896,41030,66765,42899,105926,0
38857,4107,68218,42964,107075,72325,0
42206,16665,46659,58871,88865,63324,1
80075,83994,15803,164069,95878,99797,1
1743,72638,99608,74381,101351,172246,0
98691,98129,26236,196820,124927,124365,1
63839,72377,87834,136216,151673,160211,1
36124,4859,29030,40983,65154,33889,0
1274,26701,46895,27975,48169,73596,0
23379,52525,28056,75904,51435,80581,0
61292,82014,37332,143306,98624,119346,1
53845,70159,6560,124004,60405,76719,0
95661,5283,55140,100944,150801,60423,0
48994,19928,34639,68922,83633,54567,1
29575,16541,93687,46116,123262,110228,0
40313,14728,49959,55041,90272,64687,1
66549,7041,51817,73590,118366,58858,0
4428,20451,77093,24879,81521,97544,0
73584,32930,64537,106514,138121,97467,1
71712,53317,11296,125029,83008,64613,0
71770,41534,70558,113304,142328,112092,1
60271,42322,84665,102593,144936,126987,1
71570,66342,30014,137912,101584,96356,1
99706,98199,83596,197905,183302,181795,1
50919,27044,50961,77963,101880,78005,1
90607,63371,34819,153978,125426,98190,1
64159,33187,36089,97346,100248,69276,1
35221,59701,78504,94922,113725,138205,1
8011,5356,36541,13367,44552,41897,0
47839,5503,71853,53342,119692,77356,0
53123,29246,30118,82369,83241,59364,1
66503,4197,40638,70700,107141,44835,0
38431,19831,8957,58262,47388,28788,0
21351,43128,34046,64479,55397,77174,1
86539,29473,63240,116012,149779,92713,1
39137,67165,72623,106302,111760,139788,1
29211,53677,35719,82888,64930,89396,1
73821,46093,58027,119914,131848,104120,1
5357,32143,41167,37500,46524,73310,0
24966,35068,17996,60034,42962,53064,1
88704,92080,95925,180784,184629,188005,1
55142,59125,56671,114267,111813,115796,1
35945,9538,29456,45483,65401,38994,1
86963,79906,81305,166869,168268,161211,1
48788,88222,69631,137010,118419,157853,1
16040,4140,73302,20180,89342,77442,0
21419,80337,14607,101756,36026,94944,0
71447,57807,23299,129254,94746,81106,1
21587,20719,91405,42306,112992,112124,0
22246,23008,78219,45254,100465,101227,0
60582,97012,62887,157594,123469,159899,1
87592,44402,50686,131994,138278,95088,1
17886,12665,75831,30551,93717,88496,0
98960,64856,40840,163816,139800,105696,1
70667,60443,3888,131110,74555,64331,0
61288,92453,5363,153741,66651,97816,0
68523,1230,18141,69753,86664,19371,0
81169,25304,5407,106473,86576,30711,0
5329,32976,61573,38305,66902,94549,0
41239,66683,85401,107922,126640,152084,1
89282,87830,20599,177112,109881,108429,1
51839,54771,43053,106610,94892,97824,1
84957,23149,93837,108106,178794,116986,1
32185,56219,47323,88404,79508,103542,1
30080,24658,82587,54738,112667,107245,0
43686,18429,13452,62115,57138,31881,0
27797,14708,27210,42505,55007,41918,1
25508,27331,25021,52839,50529,52352,1
74996,84399,1615,159395,76611,86014,0
16705,69880,21504,86585,38209,91384,0
15544,61346,38719,76890,54263,100065,0
86146,78767,24924,164913,111070,103691,1
33452,9190,70352,42642,103804,79542,0
88296,41308,79212,129604,167508,120520,1
47903,61678,93969,109581,141872,155647,1
92145,75833,61490,167978,153635,137323,1
88358,62171,96458,150529,184816,158629,1
9782,57589,39562,67371,49344,97151,0
92919,713,76168,93632,169087,76881,0
41321,78180,42079,119501,83400,120259,1
54023,64516,97487,118539,151510,162003,1
54500,63303,24781,117803,79281,88084,1
74233,42300,30479,116533,104712,72779,0
36369,60608,51926,96977,88295,112534,1
52195,42431,65054,94626,117249,107485,1
49868,19985,7566,69853,57434,27551,0
47699,94898,25562,142597,73261,120460,0
97866,48504,24319,146370,122185,72823,0
71977,88221,22349,160198,94326,110570,1
54650,277,63994,54927,118644,64271,0
87866,91054,93798,178920,181664,184852,1
99467,15986,89608,115453,189075,105594,1
74998,44296,34407,119294,109405,78703,1
88170,28778,52167,116948,140337,80945,0
17118,34805,61700,51923,78818,96505,0
20141,62605,4923,82746,25064,67528,0
6142,89203,55804,95345,61946,145007,0
58731,41143,31361,99874,90092,72504,1
10548,5077,3732,15625,14280,8809,0
26556,1654,1440,28210,27996,3094,0
14666,46824,90614,61490,105280,137438,0
5436,18720,92973,24156,98409,111693,0
58868,86472,60505,145340,119373,146977,1
35721,38645,65923,74366,101644,104568,1
48339,89927,71709,138266,120048,161636,1
29521,63419,65515,92940,95036,128934,1
83567,11868,76339,95435,159906,88207,1
13744,96805,45398,110549,59142,142203,0
15550,21739,35997,37289,51547,57736,1
79080,49470,61442,128550,140522,110912,1
27418,40533,34969,67951,62387,75502,1
86030,72432,52694,158462,138724,125126,1
73539,56448,70147,129987,143686,126595,1
72881,55998,48721,128879,121602,104719,1
29938,64846,60572,94784,90510,125418,1
22979,46911,72897,69890,95876,119808,0
48412,82214,71719,130626,120131,153933,1
46974,39970,11577,86944,58551,51547,1
58564,76839,89329,135403,147893,166168,1
77695,72018,85864,149713,163559,157882,1
90651,92041,77114,182692,167765,169155,1
67704,58330,9914,126034,77618,68244,1
86971,4976,37339,91947,124310,42315,0
94866,85475,36361,180341,131227,121836,1
4461,83423,73391,87884,77852,156814,0
40617,71942,28794,112559,69411,100736,0
37871,17841,88100,55712,125971,105941,0
20592,90831,28317,111423,48909,119148,0
72314,74330,83070,146644,155384,157400,1
57671,26833,15657,84504,73328,42490,0
40391,24699,93696,65090,134087,118395,0
74985,78644,47203,153629,122188,125847,1
50899,89809,33029,140708,83928,122838,0
48477,4817,49588,53294,98065,54405,1
43209,92144,42757,135353,85966,134901,0
35333,62401,73503,97734,108836,135904,1
77625,38018,34196,115643,111821,72214,0
44545,56899,19171,101444,63716,76070,1
71406,83435,38614,154841,110020,122049,1
31440,61734,28896,93174,60336,90630,0
73168,8468,41419,81636,114587,49887,0
14338,50519,98799,64857,113137,149318,0
9730,96923,75589,106653,85319,172512,0
82334,73949,83910,156283,166244,157859,1
96361,53464,1233,149825,97594,54697,0
79883,76965,33739,156848,113622,110704,1
75980,2795,32855,78775,108835,35650,0
33638,40384,6077,74022,39715,46461,0
78467,14808,68724,93275,147191,83532,1
64932,47340,29095,112272,94027,76435,1
86910,43856,8149,130766,95059,52005,0
76462,31075,39490,107537,115952,70565,0
36460,10611,45748,47071,82208,56359,1
33497,89814,43413,123311,76910,133227,0
39268,47244,99670,86512,138938,146914,0
12586,90459,23994,103045,36580,114453,0
86273,17672,26295,103945,112568,43967,0
54515,4492,28046,59007,82561,32538,0
13927,71561,22191,85488,36118,93752,0
91625,22845,86777,114470,178402,109622,1
68300,34724,82697,103024,150997,117421,1
81810,70092,47018,151902,128828,117110,1
16854,41303,92520,58157,109374,133823,0
84181,70716,29919,154897,114100,100635,1
4866,74281,87487,79147,92353,161768,0
82030,69714,60406,151744,142436,130120,1
8758,80101,58880,88859,67638,138981,0
37900,3060,99149,40960,137049,102209,0
2002,38898,47805,40900,49807,86703,0
66524,41897,83173,108421,149697,125070,1
53646,18957,51068,72603,104714,70025,1
58343,59995,42726,118338,101069,102721,1
1414,82473,48832,83887,50246,131305,0
50493,95805,87335,146298,137828,183140,1
89774,85924,54489,175698,144263,140413,1
41165,39217,12129,80382,53294,51346,1
24735,11969,98911,36704,123646,110880,0
24464,82364,82501,106828,106965,164865,1
56666,94242,22267,150908,78933,116509,0
9883,61784,81552,71667,91435,143336,0
15569,47624,41819,63193,57388,89443,1
50205,31251,14168,81456,64373,45419,0
89264,71186,41171,160450,130435,112357,1
14077,93402,5476,107479,19553,98878,0
84068,41469,18818,125537,102886,60287,0
66607,25083,6264,91690,72871,31347,0
41537,59397,85875,100934,127412,145272,1
67606,41153,75497,108759,143103,116650,1
72221,38739,47785,110960,120006,86524,1
99635,84095,78830,183730,178465,162925,1
17979,69096,77,87075,18056,69173,0
4512,25296,7362,29808,11874,32658,0
42065,53777,28146,95842,70211,81923,1
69821,86580,8267,156401,78088,94847,0
31473,37851,27313,69324,58786,65164,1
82483,29741,22308,112224,104791,52049,0
52624,22129,36463,74753,89087,58592,1
78053,58108,77268,136161,155321,135376,1
45169,34172,12494,79341,57663,46666,1
37160,71257,88221,108417,125381,159478,1
92698,86253,40594,178951,133292,126847,1
19631,34798,39841,54429,59472,74639,1
38716,77252,61936,115968,100652,139188,1
40590,24427,18959,65017,59549,43386,1
86563,12119,62585,98682,149148,74704,0
87114,79800,60929,166914,148043,140729,1
55583,84289,15232,139872,70815,99521,0
94415,44413,90097,138828,184512,134510,1
18375,81156,55721,99531,74096,136877,0
53783,37112,65587,90895,119370,102699,1
53354,77980,94292,131334,147646,172272,1
44390,79545,3152,123935,47542,82697,0
81063,2069,48883,83132,129946,50952,0
37530,254,34293,37784,71823,34547,0
34234,71623,30343,105857,64577,101966,0
35389,85216,11850,120605,47239,97066,0
78303,28050,55862,106353,134165,83912,1
70846,9708,93575,80554,164421,103283,0
62490,86326,18775,148816,81265,105101,0
24632,46048,55281,70680,79913,101329,1
48580,20812,99688,69392,148268,120500,0
42133,55233,78736,97366,120869,133969,1
48148,44610,17211,92758,65359,61821,1
49699,48880,11181,98579,60880,60061,1
59800,71887,85854,131687,145654,157741,1
37274,82274,20518,119548,57792,102792,0
73405,8508,86638,81913,160043,95146,0
73063,44784,41291,117847,114354,86075,1
1019,42984,49583,44003,50602,92567,0
86872,37773,93938,124645,180810,131711,1
40099,87523,63330,127622,103429,150853,1
60236,93475,24983,153711,85219,118458,0
26450,5132,98689,31582,125139,103821,0
93266,4740,80060,98006,173326,84800,0
66059,48501,61100,114560,127159,109601,1
53335,32772,31329,86107,84664,64101,1
74330,83078,77854,157408,152184,160932,1
52598,9978,1619,62576,54217,11597,0
36753,58243,10831,94996,47584,69074,0
31279,92614,3726,123893,35005,96340,0
86308,47399,82868,133707,169176,130267,1
60867,77823,58201,138690,119068,136024,1
27612,13751,30931,41363,58543,44682,1
52365,66157,9183,118522,61548,75340,0
30212,58886,48844,89098,79056,107730,1
12691,21137,25734,33828,38425,46871,1
96054,35693,56378,131747,152432,92071,0
33162,82539,84848,115701,118010,167387,1
83861,68478,8419,152339,92280,76897,0
18391,57948,1129,76339,19520,59077,0
26570,91611,43251,118181,69821,134862,0
76788,61314,31579,138102,108367,92893,1
65001,50749,75203,115750,140204,125952,1
60837,1000,43028,61837,103865,44028,0
57785,95688,42733,153473,100518,138421,1
53989,74441,94199,128430,148188,168640,1
42609,29272,67715,71881,110324,96987,1
63754,31056,22059,94810,85813,53115,0
17290,12444,55572,29734,72862,68016,0
82770,36832,21158,119602,103928,57990,0
37374,5394,17148,42768,54522,22542,0
75240,16733,36217,91973,111457,52950,0
70821,45727,12272,116548,83093,57999,0
83585,90303,65240,173888,148825,155543,1
16475,69797,69738,86272,86213,139535,1
42128,50821,67008,92949,109136,117829,1
94895,8366,53850,103261,148745,62216,0
16718,68114,67783,84832,84501,135897,1
5809,99251,45033,105060,50842,144284,0
78551,87541,78151,166092,156702,165692,1
75132,90114,71066,165246,146198,161180,1
89366,70874,96544,160240,185910,167418,1
79342,21355,81026,100697,160368,102381,1
45547,3964,18081,49511,63628,22045,0
7050,56800,42735,63850,49785,99535,0
95561,27430,9709,122991,105270,37139,0
24312,62718,52303,87030,76615,115021,1
31868,71646,32277,103514,64145,103923,0
29975,89609,7763,119584,37738,97372,0
58773,28308,39343,87081,98116,67651,1
97160,72067,43629,169227,140789,115696,1
95871,20437,27755,116308,123626,48192,0
46388,78437,38905,124825,85293,117342,1
14861,99851,23673,114712,38534,123524,0
39662,6227,74595,45889,114257,80822,0
21010,1079,97426,22089,118436,98505,0
74368,93706,91775,168074,166143,185481,1
67373,38369,71008,105742,138381,109377,1
34197,69200,46984,103397,81181,116184,1
10455,49071,67925,59526,78380,116996,0
50509,63763,46457,114272,96966,110220,1
3352,19984,75252,23336,78604,95236,0
96151,80742,44645,176893,140796,125387,1
45878,88271,54285,134149,100163,142556,1
23282,36495,29190,59777,52472,65685,1
30135,56116,5066,86251,35201,61182,0
61517,84686,64712,146203,126229,149398,1
20106,7678,89218,27784,109324,96896,0
97898,68853,59792,166751,157690,128645,1
29765,77281,36528,107046,66293,113809,0
80396,43626,87886,124022,168282,131512,1
75459,73936,32779,149395,108238,106715,1
93746,54699,26724,148445,120470,81423,0
96177,578,24719,96755,120896,25297,0
60855,2481,66278,63336,127133,68759,0
72918,39663,59316,112581,132234,98979,1
35253,6679,82364,41932,117617,89043,0
88437,36320,97716,124757,186153,134036,1
42720,94891,55971,137611,98691,150862,1
22694,78545,73359,101239,96053,151904,1
46368,28784,93599,75152,139967,122383,0
27837,59873,26390,87710,54227,86263,0
63825,63776,9509,127601,73334,73285,1
84527,25143,96206,109670,180733,121349,1
50714,90969,30717,141683,81431,121686,0
92625,80764,88292,173389,180917,169056,1
10011,37504,308,47515,10319,37812,0
57335,27553,5023,84888,62358,32576,0
19485,69177,75183,88662,94668,144360,1
68116,48698,68698,116814,136814,117396,1
73834,26973,32721,100807,106555,59694,0
84529,70048,84400,154577,168929,154448,1
1582,82246,76433,83828,78015,158679,0
60699,94798,63754,155497,124453,158552,1
9125,35807,56364,44932,65489,92171,0
96960,58202,31807,155162,128767,90009,0
10362,73243,62671,83605,73033,135914,0
98949,92744,93103,191693,192052,185847,1
23485,96116,58894,119601,82379,155010,0
24034,63442,71037,87476,95071,134479,1
14481,45555,49808,60036,64289,95363,1
1327,82408,30038,83735,31365,112446,0
93461,74373,25549,167834,119010,99922,1
395,6956,37125,7351,37520,44081,0
49085,17289,5298,66374,54383,22587,0
28577,79482,51758,108059,80335,131240,1
81677,36760,82319,118437,163996,119079,1
38937,27323,67130,66260,106067,94453,0
83498,45722,78409,129220,161907,124131,1
77820,61303,72280,139123,150100,133583,1
97231,7327,79384,104558,176615,86711,0
92740,15121,65674,107861,158414,80795,0
31400,65385,21078,96785,52478,86463,0
21961,20130,34163,42091,56124,54293,1
55845,31596,26923,87441,82768,58519,1
42174,92069,52978,134243,95152,145047,1
37564,79466,26370,117030,63934,105836,0
27035,76708,19555,103743,46590,96263,0
63675,99674,38377,163349,102052,138051,1
36438,78146,38273,114584,74711,116419,0
81980,76842,47048,158822,129028,123890,1
2391,66674,30165,69065,32556,96839,0
80917,65833,91980,146750,172897,157813,1
72547,75690,97102,148237,169649,172792,1
42381,46798,15396,89179,57777,62194,1
64919,16952,70032,81871,134951,86984,1
28511,11487,68327,39998,96838,79814,0
20385,51553,60309,71938,80694,111862,1
62583,43153,9726,105736,72309,52879,0
28888,67835,31590,96723,60478,99425,0
91586,67736,84733,159322,176319,152469,1
25960,78925,48638,104885,74598,127563,0
64121,19991,36776,84112,100897,56767,0
22438,38645,25403,61083,47841,64048,1
28063,7642,15904,35705,43967,23546,0
89395,49900,83074,139295,172469,132974,1
44063,65342,354,109405,44417,65696,0
3094,89718,46193,92812,49287,135911,0
99519,17320,472,116839,99991,17792,0
22606,81080,61256,103686,83862,142336,1
95285,24042,96421,119327,191706,120463,1
97215,97884,48267,195099,145482,146151,1
72409,61579,16803,133988,89212,78382,1
32425,63339,56507,95764,88932,119846,1
68834,12823,20235,81657,89069,33058,0
36992,23647,75718,60639,112710,99365,0
83857,61190,11601,145047,95458,72791,0
51275,63302,24019,114577,75294,87321,1
29762,39379,1642,69141,31404,41021,0
41738,50717,53278,92455,95016,103995,1
17621,48921,97143,66542,114764,146064,0
95075,21771,35366,116846,130441,57137,0
9820,85436,35445,95256,45265,120881,0
75812,51380,41090,127192,116902,92470,1
39327,522,49855,39849,89182,50377,0
69589,33119,69988,102708,139577,103107,1
72639,72523,13316,145162,85955,85839,1
12546,57920,4316,70466,16862,62236,0
44250,54778,38650,99028,82900,93428,1
53237,34206,37252,87443,90489,71458,1
28876,18797,79662,47673,108538,98459,0
67410,46845,15282,114255,82692,62127,0
62149,49602,94487,111751,156636,144089,1
87753,78399,43788,166152,131541,122187,1
47445,49133,35069,96578,82514,84202,1
2859,46724,52076,49583,54935,98800,0
98862,45822,36863,144684,135725,82685,0
12662,67968,36347,80630,49009,104315,0
30007,55820,49786,85827,79793,105606,1
75774,98726,46103,174500,121877,144829,1
25425,86293,46536,111718,71961,132829,0
26607,98342,12065,124949,38672,110407,0
78134,26364,12423,104498,90557,38787,0
97464,36499,59525,133963,156989,96024,0
20907,80356,3058,101263,23965,83414,0
10295,63956,24370,74251,34665,88326,0
26559,10705,32895,37264,59454,43600,1
42984,27258,80287,70242,123271,107545,0
5823,45343,59143,51166,64966,104486,0
9043,5928,32376,14971,41419,38304,0
40583,32040,33888,72623,74471,65928,1
2318,43542,95304,45860,97622,138846,0
60611,21150,67217,81761,127828,88367,1
20200,61047,75561,81247,95761,136608,1
83897,13204,5688,97101,89585,18892,0
98481,10931,61169,109412,159650,72100,0
40234,95205,33930,135439,74164,129135,0
45145,15349,33139,60494,78284,48488,1
32988,17492,3640,50480,36628,21132,0
48814,38595,72429,87409,121243,111024,1
74852,33068,27060,107920,101912,60128,0
36343,35224,63304,71567,99647,98528,1
89611,33889,74900,123500,164511,108789,1
29879,29305,3547,59184,33426,32852,1
98116,97114,91047,195230,189163,188161,1
92090,39510,47685,131600,139775,87195,0
23228,48566,4051,71794,27279,52617,0
60192,11317,48345,71509,108537,59662,0
79557,42637,91456,122194,171013,134093,1
24026,97708,74573,121734,98599,172281,1
21388,86189,9301,107577,30689,95490,0
28330,26952,65092,55282,93422,92044,0
87902,60668,60339,148570,148241,121007,1
14952,70849,47840,85801,62792,118689,0
62413,7127,85413,69540,147826,92540,0
45314,6475,29492,51789,74806,35967,0
54341,7501,16989,61842,71330,24490,0
34748,72342,81700,107090,116448,154042,1
76287,6982,78864,83269,155151,85846,1
6154,54756,22767,60910,28921,77523,0
28802,90473,29884,119275,58686,120357,0
64708,18080,60170,82788,124878,78250,1
8646,60567,11820,69213,20466,72387,0
92450,75746,2686,168196,95136,78432,0
17695,72058,57331,89753,75026,129389,1
7458,36697,87513,44155,94971,124210,0
16680,8160,42956,24840,59636,51116,0
87527,49035,9252,136562,96779,58287,0
2907,39343,28608,42250,31515,67951,0
42605,81309,79854,123914,122459,161163,1
94895,22435,10599,117330,105494,33034,0
81653,15717,71477,97370,153130,87194,1
83977,73318,31121,157295,115098,104439,1
4493,65100,10239,69593,14732,75339,0
79889,25428,95839,105317,175728,121267,1
81782,51947,65118,133729,146900,117065,1
93512,66895,62140,160407,155652,129035,1
17921,4341,29326,22262,47247,33667,0
57801,49952,99960,107753,157761,149912,1
13016,77098,21287,90114,34303,98385,0
59032,44205,21659,103237,80691,65864,1
34043,40614,8393,74657,42436,49007,1
68042,45975,77659,114017,145701,123634,1
27156,95752,48445,122908,75601,144197,0
63122,43868,51096,106990,114218,94964,1
23329,5359,24801,28688,48130,30160,1
26592,74067,48440,100659,75032,122507,1
6059,73180,60617,79239,66676,133797,0
571,89446,13725,90017,14296,103171,0
59413,40368,98113,99781,157526,138481,1
47681,76740,13001,124421,60682,89741,0
96524,76957,20511,173481,117035,97468,1
6654,23069,44889,29723,51543,67958,0
81482,70738,67986,152220,149468,138724,1
76011,56365,26167,132376,102178,82532,1
79439,3642,11044,83081,90483,14686,0
34056,95641,77926,129697,111982,173567,1
50098,53080,48785,103178,98883,101865,1
37601,38224,2646,75825,40247,40870,1
9870,21451,79540,31321,89410,100991,0
4196,97810,29110,102006,33306,126920,0
4110,87833,40691,91943,44801,128524,0
15728,32540,46283,48268,62011,78823,1
62586,79248,70980,141834,133566,150228,1
87303,96038,95697,183341,183000,191735,1
14213,71076,47836,85289,62049,118912,0
41970,3672,83496,45642,125466,87168,0
15711,85203,34816,100914,50527,120019,0
27948,4805,77845,32753,105793,82650,0
22038,5794,39594,27832,61632,45388,0
27744,75570,33653,103314,61397,109223,0
89292,38071,14713,127363,104005,52784,0
73953,68465,45493,142418,119446,113958,1
64214,11328,1229,75542,65443,12557,0
18922,31926,99617,50848,118539,131543,0
51496,6030,50993,57526,102489,57023,1
14663,81086,58651,95749,73314,139737,0
88559,9483,10657,98042,99216,20140,0
54408,55628,22686,110036,77094,78314,1
2209,28276,55979,30485,58188,84255,0
19208,90150,69515,109358,88723,159665,0
88790,51633,63512,140423,152302,115145,1
44512,13365,13990,57877,58502,27355,0
5822,329,28714,6151,34536,29043,0
2909,10435,93850,13344,96759,104285,0
80101,35879,94251,115980,174352,130130,1
54774,86314,9586,141088,64360,95900,0
23541,61511,92376,85052,115917,153887,0
28270,76151,38318,104421,66588,114469,0
15195,73036,47136,88231,62331,120172,0
26999,44478,66080,71477,93079,110558,1
57217,72344,7774,129561,64991,80118,0
35208,66676,96016,101884,131224,162692,1
73451,98830,18992,172281,92443,117822,0
51563,9970,30899,61533,82462,40869,0
15051,72429,40325,87480,55376,112754,0
73024,81190,70629,154214,143653,151819,1
64372,58764,99215,123136,163587,157979,1
67445,62357,672,129802,68117,63029,0
24320,21562,30887,45882,55207,52449,1
53596,44146,65019,97742,118615,109165,1
53320,97312,7380,150632,60700,104692,0
8664,3066,35492,11730,44156,38558,0
16078,12273,32951,28351,49029,45224,0
70577,56434,1741,127011,72318,58175,0
92462,50831,53414,143293,145876,104245,1
59535,70996,54580,130531,114115,125576,1
70294,82297,41032,152591,111326,123329,1
65040,35730,13717,100770,78757,49447,0
21389,80367,37829,101756,59218,118196,0
23593,26260,39134,49853,62727,65394,1
4254,754,95318,5008,99572,96072,0
95465,98997,79196,194462,174661,178193,1
2596,13998,53117,16594,55713,67115,0
24228,98273,16057,122501,40285,114330,0
74946,5567,48242,80513,123188,53809,0
45075,71170,23704,116245,68779,94874,0
28047,4658,98693,32705,126740,103351,0
99628,31690,92662,131318,192290,124352,1
92213,19753,26285,111966,118498,46038,0
301,89580,68189,89881,68490,157769,0
2410,89320,55687,91730,58097,145007,0
39501,42797,36251,82298,75752,79048,1
28420,24638,3282,53058,31702,27920,0
36208,52392,80881,88600,117089,133273,1
34037,58899,17089,92936,51126,75988,0
53348,40776,42887,94124,96235,83663,1
87614,88689,98562,176303,186176,187251,1
26879,60787,58369,87666,85248,119156,1
23732,17362,33040,41094,56772,50402,1
21673,92592,36506,114265,58179,129098,0
47196,14527,85031,61723,132227,99558,0
34255,81417,24086,115672,58341,105503,0
43273,52014,17205,95287,60478,69219,1
84678,85807,91983,170485,176661,177790,1
53377,63260,92459,116637,145836,155719,1
76175,83571,6129,159746,82304,89700,0
47524,75876,51085,123400,98609,126961,1
88248,5512,3409,93760,91657,8921,0
44520,96408,86036,140928,130556,182444,1
40058,4446,99108,44504,139166,103554,0
10420,31821,23449,42241,33869,55270,1
26499,41872,20461,68371,46960,62333,1
47377,35733,95500,83110,142877,131233,0
87333,59044,45064,146377,132397,104108,1
86744,12715,11811,99459,98555,24526,0
87847,61809,6002,149656,93849,67811,0
30395,3725,46513,34120,76908,50238,0
56109,31966,95922,88075,152031,127888,0
81009,58304,49251,139313,130260,107555,1
50711,39884,85094,90595,135805,124978,1
52970,95878,16402,148848,69372,112280,0
64205,31302,71652,95507,135857,102954,1
22396,95899,63761,118295,86157,159660,0
48378,58160,16220,106538,64598,74380,1
67451,33946,90034,101397,157485,123980,1
13024,85368,83543,98392,96567,168911,1
91687,58584,61515,150271,153202,120099,1
19674,94161,85532,113835,105206,179693,1
64049,12259,74015,76308,138064,86274,1
52136,26467,31901,78603,84037,58368,1
73238,61718,88357,134956,161595,150075,1
10321,47694,89228,58015,99549,136922,0
70714,79981,47336,150695,118050,127317,1
34976,69244,16556,104220,51532,85800,0
96316,12867,92243,109183,188559,105110,1
62650,58893,39640,121543,102290,98533,1
31295,91594,94120,122889,125415,185714,1
31754,73863,76869,105617,108623,150732,1
20525,74325,85579,94850,106104,159904,1
45343,57638,86420,102981,131763,144058,1
55459,48739,66077,104198,121536,114816,1
32491,94793,3547,127284,36038,98340,0
73670,40758,96872,114428,170542,137630,1
52338,66066,32644,118404,84982,98710,1
10036,36243,86546,46279,96582,122789,0
30564,14735,89523,45299,120087,104258,0
56712,4030,961,60742,57673,4991,0
77819,12390,50730,90209,128549,63120,0
35197,22381,29326,57578,64523,51707,1
41449,58822,62869,100271,104318,121691,1
17630,14814,16032,32444,33662,30846,1
55807,74224,82967,130031,138774,157191,1
25781,36098,42294,61879,68075,78392,1
2406,30291,82904,32697,85310,113195,0
54016,48397,74090,102413,128106,122487,1
34208,36325,69906,70533,104114,106231,1
17075,4802,20853,21877,37928,25655,1
58012,10056,76884,68068,134896,86940,0
76036,40216,75281,116252,151317,115497,1
31152,65376,10284,96528,41436,75660,0
12362,67522,82171,79884,94533,149693,0
29313,33718,72236,63031,101549,105954,0
80753,55510,45280,136263,126033,100790,1
44046,47088,8521,91134,52567,55609,1
5821,62112,16378,67933,22199,78490,0
72470,95608,88269,168078,160739,183877,1
12802,91013,2957,103815,15759,93970,0
51778,77858,91366,129636,143144,169224,1
18886,39722,86212,58608,105098,125934,0
32398,12688,32312,45086,64710,45000,1
27933,49336,87523,77269,115456,136859,0
40748,10384,6709,51132,47457,17093,0
22767,79820,65084,102587,87851,144904,1
13624,46986,44433,60610,58057,91419,1
27559,49608,90304,77167,117863,139912,0
65039,19884,59364,84923,124403,79248,1
47724,97986,83698,145710,131422,181684,1
72741,745,639,73486,73380,1384,0
61474,80373,69060,141847,130534,149433,1
91815,8836,90143,100651,181958,98979,1
71344,10748,956,82092,72300,11704,0
91295,72781,53328,164076,144623,126109,1
92563,90208,7189,182771,99752,97397,1
35527,28748,82625,64275,118152,111373,0
63409,51338,48165,114747,111574,99503,1
7972,65104,28967,73076,36939,94071,0
16553,45498,78440,62051,94993,123938,0
76840,14586,64470,91426,141310,79056,1
6526,72947,33836,79473,40362,106783,0
4765,98205,26488,102970,31253,124693,0
44032,55132,90794,99164,134826,145926,1
32762,45608,96907,78370,129669,142515,0
19670,27345,37056,47015,56726,64401,1
53532,99037,44015,152569,97547,143052,0
28096,89592,7613,117688,35709,97205,0
88456,31920,10861,120376,99317,42781,0
89519,28413,32672,117932,122191,61085,0
20525,75555,62830,96080,83355,138385,1
85059,26189,16709,111248,101768,42898,0
606,22445,81610,23051,82216,104055,0
79341,43387,79630,122728,158971,123017,1
12101,51717,79179,63818,91280,130896,0
23989,78848,16345,102837,40334,95193,0
24287,55466,46090,79753,70377,101556,1
71347,92242,2888,163589,74235,95130,0
22621,13661,15804,36282,38425,29465,1
89151,22936,61668,112087,150819,84604,0
33285,60362,69028,93647,102313,129390,1
85270,35957,4127,121227,89397,40084,0
4953,80582,28237,85535,33190,108819,0
65485,99676,5041,165161,70526,104717,0
23122,42827,30992,65949,54114,73819,1
42351,3689,55933,46040,98284,59622,0
29698,76777,647,106475,30345,77424,0
11725,71007,38001,82732,49726,109008,0
24884,14911,26197,39795,51081,41108,1
39002,37477,1126,76479,40128,38603,0
71963,63057,57333,135020,129296,120390,1
85460,42297,81707,127757,167167,124004,1
59929,19551,17185,79480,77114,36736,0
1953,87632,40423,89585,42376,128055,0
81463,99895,47666,181358,129129,147561,1
27344,13450,55938,40794,83282,69388,0
75282,96548,19591,171830,94873,116139,0
59487,1893,65619,61380,125106,67512,0
7916,65860,63792,73776,71708,129652,1
90971,15044,16280,106015,107251,31324,0
24992,32002,32206,56994,57198,64208,1
83162,63258,39072,146420,122234,102330,1
37318,43799,59885,81117,97203,103684,1
89456,10543,96434,99999,185890,106977,1
10260,27709,72025,37969,82285,99734,0
77150,6108,9118,83258,86268,15226,0
94370,27766,8966,122136,103336,36732,0
65159,86437,71820,151596,136979,158257,1
77340,67020,5044,144360,82384,72064,0
10833,25702,49236,36535,60069,74938,0
91418,22999,40044,114417,131462,63043,0
41618,69037,55381,110655,96999,124418,1
76128,22652,91069,98780,167197,113721,1
50194,72083,63494,122277,113688,135577,1
37911,7518,55539,45429,93450,63057,0
47597,27389,31986,74986,79583,59375,1
46914,90745,46165,137659,93079,136910,1
2689,16321,63095,19010,65784,79416,0
93587,52668,12067,146255,105654,64735,0
83558,35094,45612,118652,129170,80706,0
30187,385,87614,30572,117801,87999,0
48587,13491,38802,62078,87389,52293,1
38915,5763,56958,44678,95873,62721,0
1570,43634,98707,45204,100277,142341,0
27413,94214,24258,121627,51671,118472,0
78204,33911,65696,112115,143900,99607,1
1116,60171,93883,61287,94999,154054,0
1951,77337,50178,79288,52129,127515,0
29313,28192,20907,57505,50220,49099,1
21732,36502,35538,58234,57270,72040,1
78810,32794,77485,111604,156295,110279,1
52319,8368,51389,60687,103708,59757,1
97064,65171,17268,162235,114332,82439,0
89669,78126,35788,167795,125457,113914,1
77607,79723,55200,157330,132807,134923,1
50504,7389,86528,57893,137032,93917,0
74635,46160,239,120795,74874,46399,0
78028,2223,45158,80251,123186,47381,0
67433,16699,7491,84132,74924,24190,0
73913,88963,69552,162876,143465,158515,1
98526,90264,25804,188790,124330,116068,1
5800,48502,53219,54302,59019,101721,1
106,20852,95938,20958,96044,116790,0
34498,62340,5957,96838,40455,68297,0
60656,28710,93199,89366,153855,121909,0
36457,34928,33489,71385,69946,68417,1
21326,99999,57764,121325,79090,157763,0
20698,12634,12713,33332,33411,25347,1
48908,86559,11018,135467,59926,97577,0
10247,28800,95600,39047,105847,124400,0
3428,37668,11613,41096,15041,49281,0
71026,13857,22566,84883,93592,36423,0
64068,77633,81773,141701,145841,159406,1
35034,32867,94395,67901,129429,127262,0
43848,90443,39315,134291,83163,129758,0
38568,86158,93832,124726,132400,179990,1
28491,76934,33399,105425,61890,110333,0
33055,66504,54638,99559,87693,121142,1
37897,40477,13934,78374,51831,54411,1
42980,78972,47732,121952,90712,126704,1
62226,70829,62656,133055,124882,133485,1
91497,9412,96884,100909,188381,106296,1
2774,60304,7731,63078,10505,68035,0
66770,83627,96828,150397,163598,180455,1
43670,43188,58167,86858,101837,101355,1
58356,8600,51992,66956,110348,60592,1
65484,81349,21149,146833,86633,102498,1
19729,88861,85066,108590,104795,173927,1
93121,74025,76809,167146,169930,150834,1
79003,2026,5513,81029,84516,7539,0
13155,21821,95367,34976,108522,117188,0
80002,61508,12250,141510,92252,73758,0
46755,31117,59761,77872,106516,90878,1
62095,48767,66353,110862,128448,115120,1
68844,95043,15257,163887,84101,110300,0
84068,49669,47014,133737,131082,96683,1
87032,59292,98424,146324,185456,157716,1
5634,16508,20410,22142,26044,36918,1
84790,72797,25286,157587,110076,98083,1
97357,91340,64730,188697,162087,156070,1
14321,24840,68341,39161,82662,93181,0
11808,73701,68182,85509,79990,141883,1
95647,60585,37694,156232,133341,98279,1
93593,85054,81823,178647,175416,166877,1
65595,3259,24764,68854,90359,28023,0
62215,68080,58758,130295,120973,126838,1
22313,22001,13993,44314,36306,35994,1
2041,43145,22146,45186,24187,65291,0
83177,82349,7188,165526,90365,89537,1
86667,87039,21280,173706,107947,108319,1
90001,50245,53693,140246,143694,103938,1
29338,95207,17246,124545,46584,112453,0
9556,71233,91431,80789,100987,162664,0
39528,38957,95747,78485,135275,134704,0
49134,4187,14606,53321,63740,18793,0
18712,96416,29177,115128,47889,125593,0
46978,46208,70533,93186,117511,116741,1
62395,89480,90112,151875,152507,179592,1
7106,46519,75160,53625,82266,121679,0
85485,59242,18986,144727,104471,78228,0
35356,74725,87773,110081,123129,162498,1
60543,15750,44454,76293,104997,60204,0
3748,60891,88362,64639,92110,149253,0
67251,47026,99008,114277,166259,146034,1
19509,83861,91029,103370,110538,174890,1
69484,48504,63871,117988,133355,112375,1
1232,54664,21141,55896,22373,75805,0
17767,54547,67874,72314,85641,122421,1
7435,19245,90379,26680,97814,109624,0
4570,94802,58920,99372,63490,153722,0
12537,3126,12256,15663,24793,15382,1
21074,20345,84026,41419,105100,104371,0
75487,20608,31466,96095,106953,52074,0
64274,73160,86512,137434,150786,159672,1
8189,86387,21984,94576,30173,108371,0
62883,68479,43689,131362,106572,112168,1
46949,21850,86824,68799,133773,108674,0
18576,75070,31129,93646,49705,106199,0
78696,79803,67359,158499,146055,147162,1
90769,47952,80136,138721,170905,128088,1
10606,58837,26994,69443,37600,85831,0
80363,69000,40753,149363,121116,109753,1
74522,27537,1866,102059,76388,29403,0
10662,99540,16247,110202,26909,115787,0
50763,23841,74759,74604,125522,98600,0
6039,23692,74922,29731,80961,98614,0
25796,60557,25201,86353,50997,85758,0
8160,38014,21559,46174,29719,59573,0
36907,72174,73146,109081,110053,145320,1
60566,47006,82658,107572,143224,129664,1
20959,48137,74852,69096,95811,122989,0
6223,99214,44994,105437,51217,144208,0
39870,82314,42350,122184,82220,124664,0
53103,90336,91777,143439,144880,182113,1
72976,36885,27073,109861,100049,63958,0
99680,26517,67465,126197,167145,93982,0
53385,79292,79311,132677,132696,158603,1
66021,95160,78008,161181,144029,173168,1
22455,57118,12100,79573,34555,69218,0
88077,83937,4027,172014,92104,87964,0
77621,30876,46775,108497,124396,77651,1
22611,30215,47010,52826,69621,77225,1
86933,74168,87620,161101,174553,161788,1
71010,97826,22989,168836,93999,120815,0
20260,28055,38201,48315,58461,66256,1
48966,30553,54783,79519,103749,85336,1
37259,30660,76522,67919,113781,107182,0
5632,93373,86490,99005,92122,179863,0
96767,51776,2201,148543,98968,53977,0
13848,48670,90364,62518,104212,139034,0
97202,16353,98904,113555,196106,115257,1
67900,79203,38223,147103,106123,117426,1
21204,33222,48455,54426,69659,81677,1
1918,87469,52970,89387,54888,140439,0
83440,10230,20246,93670,103686,30476,0
86557,24165,90722,110722,177279,114887,1
92865,84122,30070,176987,122935,114192,1
53805,32964,53854,86769,107659,86818,1
69143,75322,90766,144465,159909,166088,1
37235,83770,28060,121005,65295,111830,0
86654,69882,52589,156536,139243,122471,1
41368,61314,79548,102682,120916,140862,1
18669,53683,80787,72352,99456,134470,0
3956,3636,94376,7592,98332,98012,0
38405,29868,84341,68273,122746,114209,0
92694,7525,53485,100219,146179,61010,0
25836,76008,43016,101844,68852,119024,0
45335,84454,99321,129789,144656,183775,1
45596,13807,1934,59403,47530,15741,0
41841,19504,50216,61345,92057,69720,1
728,97801,86880,98529,87608,184681,0
90769,25355,1461,116124,92230,26816,0
44658,63853,66983,108511,111641,130836,1
93306,14712,20475,108018,113781,35187,0
44089,56352,99208,100441,143297,155560,1
4690,7208,99429,11898,104119,106637,0
19747,5110,73331,24857,93078,78441,0
66388,85306,89107,151694,155495,174413,1
96573,2237,39274,98810,135847,41511,0
92203,78733,86846,170936,179049,165579,1
81891,82508,56102,164399,137993,138610,1
28138,47262,59631,75400,87769,106893,1
37553,22211,74396,59764,111949,96607,0
97807,12712,58867,110519,156674,71579,0
51782,12648,48342,64430,100124,60990,1
35284,54343,20789,89627,56073,75132,1
9147,49820,59747,58967,68894,109567,0
90957,55827,69089,146784,160046,124916,1
63402,25249,29776,88651,93178,55025,0
81293,88899,17885,170192,99178,106784,1
14756,17876,66297,32632,81053,84173,0
37012,64559,38997,101571,76009,103556,1
18185,53785,19862,71970,38047,73647,0
725,8,13493,733,14218,13501,0
9261,32548,74678,41809,83939,107226,0
85508,15206,55223,100714,140731,70429,0
68709,91354,64827,160063,133536,156181,1
64692,61806,85088,126498,149780,146894,1
60581,13088,11763,73669,72344,24851,0
29416,84387,83922,113803,113338,168309,1
66039,80600,69514,146639,135553,150114,1
10577,16065,17152,26642,27729,33217,1
82486,98678,98569,181164,181055,197247,1
78273,84297,39739,162570,118012,124036,1
50933,431,73810,51364,124743,74241,0
39147,25060,5237,64207,44384,30297,0
75676,5320,16058,80996,91734,21378,0
63257,88726,94123,151983,157380,182849,1
48373,31343,19682,79716,68055,51025,1
17324,92439,24713,109763,42037,117152,0
11146,22501,51145,33647,62291,73646,0
67446,59377,68275,126823,135721,127652,1
77495,98554,19699,176049,97194,118253,0
71840,65011,75640,136851,147480,140651,1
12202,78638,58178,90840,70380,136816,0
12391,95709,55051,108100,67442,150760,0
24855,39455,20916,64310,45771,60371,1
45598,64602,11404,110200,57002,76006,0
53160,44076,23200,97236,76360,67276,1
22351,18918,92519,41269,114870,111437,0
34310,35438,43697,69748,78007,79135,1
11244,1166,55531,12410,66775,56697,0
17750,59535,30877,77285,48627,90412,0
65371,27031,63354,92402,128725,90385,1
35649,54911,68476,90560,104125,123387,1
2293,83116,18813,85409,21106,101929,0
81940,63815,61694,145755,143634,125509,1
57124,17432,38963,74556,96087,56395,0
75201,34789,24563,109990,99764,59352,0
209,15839,74205,16048,74414,90044,0
80263,89179,27076,169442,107339,116255,1
47580,57964,64806,105544,112386,122770,1
12419,70602,70178,83021,82597,140780,1
39992,92952,60977,132944,100969,153929,1
27096,57196,53251,84292,80347,110447,1
91003,15235,35979,106238,126982,51214,0
81013,14878,81124,95891,162137,96002,1
9923,33501,77779,43424,87702,111280,0
10905,70605,91081,81510,101986,161686,0
50234,14539,24574,64773,74808,39113,0
90446,50830,63964,141276,154410,114794,1
65570,57952,33217,123522,98787,91169,1
62823,48437,74822,111260,137645,123259,1
47985,50683,40927,98668,88912,91610,1
17313,47786,83640,65099,100953,131426,0
85297,58639,82909,143936,168206,141548,1
71974,25671,85774,97645,157748,111445,1
82905,59947,57892,142852,140797,117839,1
73237,44330,23950,117567,97187,68280,0
15575,90509,40491,106084,56066,131000,0
42343,23874,50383,66217,92726,74257,1
96760,69824,30057,166584,126817,99881,1
32987,87927,43665,120914,76652,131592,0
42029,32772,11759,74801,53788,44531,1
38597,54513,85688,93110,124285,140201,1
87937,62248,93649,150185,181586,155897,1
38609,43920,15652,82529,54261,59572,1
79063,29664,77419,108727,156482,107083,1
35556,45141,37142,80697,72698,82283,1
89989,99329,89924,189318,179913,189253,1
52517,98983,92518,151500,145035,191501,1
84923,57943,7659,142866,92582,65602,0
8339,7705,30179,16044,38518,37884,0
84513,99058,36526,183571,121039,135584,1
10698,64703,17579,75401,28277,82282,0
25153,39273,24088,64426,49241,63361,1
34096,80230,60179,114326,94275,140409,1
27021,62404,44580,89425,71601,106984,1
87812,20938,78680,108750,166492,99618,1
23376,80216,67608,103592,90984,147824,1
60410,53114,49445,113524,109855,102559,1
83234,33657,41534,116891,124768,75191,0
28560,9686,2012,38246,30572,11698,0
67425,28832,97833,96257,165258,126665,0
25007,84387,91931,109394,116938,176318,1
15332,61830,92710,77162,108042,154540,0
93686,83297,58917,176983,152603,142214,1
1654,80810,514,82464,2168,81324,0
19577,23885,53785,43462,73362,77670,0
44420,28652,82840,73072,127260,111492,0
31402,2326,73717,33728,105119,76043,0
59792,90374,35678,150166,95470,126052,1
15555,17392,28254,32947,43809,45646,1
89795,24346,17321,114141,107116,41667,0
98782,72657,5677,171439,104459,78334,0
60582,93677,47193,154259,107775,140870,1
14727,96389,96822,111116,111549,193211,1
67000,27767,82283,94767,149283,110050,1
48920,61293,17217,110213,66137,78510,1
45969,44572,84835,90541,130804,129407,1
46888,98869,62523,145757,109411,161392,1
77759,19722,6425,97481,84184,26147,0
57687,81908,82174,139595,139861,164082,1
3973,63020,9513,66993,13486,72533,0
87723,61734,89110,149457,176833,150844,1
67963,19434,93354,87397,161317,112788,0
76521,74840,77447,151361,153968,152287,1
30286,55512,12172,85798,42458,67684,0
11213,4821,71152,16034,82365,75973,0
55712,16620,62579,72332,118291,79199,1
36456,71172,27560,107628,64016,98732,0
62519,20363,71374,82882,133893,91737,1
84395,56062,32301,140457,116696,88363,1
27296,22408,35509,49704,62805,57917,1
77400,85148,14619,162548,92019,99767,1
29948,7722,63198,37670,93146,70920,0
18389,26360,54601,44749,72990,80961,0
2626,19513,11846,22139,14472,31359,0
673,76392,35836,77065,36509,112228,0
83481,67782,23928,151263,107409,91710,1
70481,60084,82651,130565,153132,142735,1
10717,51549,58001,62266,68718,109550,1
77881,41446,6591,119327,84472,48037,0
48305,52696,2718,101001,51023,55414,0
76425,4103,94809,80528,171234,98912,0
60022,59820,56343,119842,116365,116163,1
71538,94455,15369,165993,86907,109824,0
21663,16445,29672,38108,51335,46117,1
39973,64490,17415,104463,57388,81905,0
7932,19670,88985,27602,96917,108655,0
26660,22174,50134,48834,76794,72308,0
98283,4815,92454,103098,190737,97269,0
13636,66391,5597,80027,19233,71988,0
91685,84617,13990,176302,105675,98607,1
90026,19088,15401,109114,105427,34489,0
6423,88231,57895,94654,64318,146126,0
74001,8460,10912,82461,84913,19372,0
40720,64901,34896,105621,75616,99797,1
48118,38318,69664,86436,117782,107982,1
81769,15578,6954,97347,88723,22532,0
55025,60789,43846,115814,98871,104635,1
14308,15115,9676,29423,23984,24791,1
68281,69106,93337,137387,161618,162443,1
4415,3087,43930,7502,48345,47017,0
40680,56965,64165,97645,104845,121130,1
55890,75133,65437,131023,121327,140570,1
49357,28650,75747,78007,125104,104397,1
76230,87162,27643,163392,103873,114805,1
45838,51514,44044,97352,89882,95558,1
71507,11133,12855,82640,84362,23988,0
18642,61476,873,80118,19515,62349,0
10348,70563,46224,80911,56572,116787,0
63505,52108,62374,115613,125879,114482,1
98521,14883,27941,113404,126462,42824,0
42703,236,25617,42939,68320,25853,0
65452,23238,89613,88690,155065,112851,0
26351,56861,34039,83212,60390,90900,1
37463,84433,28845,121896,66308,113278,0
66515,62434,50845,128949,117360,113279,1
44658,31468,29882,76126,74540,61350,1
77773,30976,23514,108749,101287,54490,0
29747,18489,93648,48236,123395,112137,0
36308,1674,12401,37982,48709,14075,0
7696,32070,89199,39766,96895,121269,0
18165,69680,947,87845,19112,70627,0
77043,17313,97303,94356,174346,114616,0
95662,64202,68658,159864,164320,132860,1
48415,56936,6394,105351,54809,63330,0
33175,96418,63750,129593,96925,160168,1
53860,43896,17095,97756,70955,60991,1
81981,59271,15047,141252,97028,74318,0
36624,2747,22774,39371,59398,25521,0
10407,75155,73024,85562,83431,148179,1
41213,769,53350,41982,94563,54119,0
73437,2915,25218,76352,98655,28133,0
1778,34082,35788,35860,37566,69870,1
81451,36325,18889,117776,100340,55214,0
14972,42995,89304,57967,104276,132299,0
80347,89230,13018,169577,93365,102248,1
75783,50512,32620,126295,108403,83132,1
6407,36072,88026,42479,94433,124098,0
37570,46329,36038,83899,73608,82367,1
87206,39700,4205,126906,91411,43905,0
97530,87064,64157,184594,161687,151221,1
97739,76495,25544,174234,123283,102039,1
95654,49238,22105,144892,117759,71343,0
57672,88734,62384,146406,120056,151118,1
72894,28055,35400,100949,108294,63455,0
85888,64256,15515,150144,101403,79771,0
45873,6774,44559,52647,90432,51333,1
41355,91535,79938,132890,121293,171473,1
72997,42847,92247,115844,165244,135094,1
42178,39985,83761,82163,125939,123746,0
58804,53811,11217,112615,70021,65028,1
3203,22921,16416,26124,19619,39337,0
61879,61341,92996,123220,154875,154337,1
67278,14275,24538,81553,91816,38813,0
29555,3240,58905,32795,88460,62145,0
3372,68080,56067,71452,59439,124147,0
65128,20303,33279,85431,98407,53582,0
4108,12435,91557,16543,95665,103992,0
85985,20937,51281,106922,137266,72218,0
47356,80225,24727,127581,72083,104952,0
27407,31271,3596,58678,31003,34867,0
2962,9578,52015,12540,54977,61593,0
77161,65379,18164,142540,95325,83543,1
16122,28682,99032,44804,115154,127714,0
97748,78416,70263,176164,168011,148679,1
16652,46499,94700,63151,111352,141199,0
41111,66907,72085,108018,113196,138992,1
93029,2431,31374,95460,124403,33805,0
74611,22569,48954,97180,123565,71523,0
3804,97100,37451,100904,41255,134551,0
53111,14234,76246,67345,129357,90480,0
69262,87968,52857,157230,122119,140825,1
96034,58474,23412,154508,119446,81886,0
40960,85735,59792,126695,100752,145527,1
94267,25823,2462,120090,96729,28285,0
65903,75089,85374,140992,151277,160463,1
18578,30121,49099,48699,67677,79220,0
85806,65341,19227,151147,105033,84568,0
18948,44961,87949,63909,106897,132910,0
64824,74770,52916,139594,117740,127686,1
20297,22897,16840,43194,37137,39737,1
91307,33405,26565,124712,117872,59970,0
53702,28179,45030,81881,98732,73209,1
89883,70823,75605,160706,165488,146428,1
64084,51187,29294,115271,93378,80481,1
54545,7156,67694,61701,122239,74850,0
23976,60586,17661,84562,41637,78247,0
82200,37996,32924,120196,115124,70920,0
51159,89646,58973,140805,110132,148619,1
20927,44459,6559,65386,27486,51018,0
37074,59203,53516,96277,90590,112719,1
87482,7218,21424,94700,108906,28642,0
91811,7907,79829,99718,171640,87736,0
18086,40488,74091,58574,92177,114579,0
42023,31597,88757,73620,130780,120354,0
12043,97579,20389,109622,32432,117968,0
41594,44528,21539,86122,63133,66067,1
48289,10158,69697,58447,117986,79855,0
20822,81966,33007,102788,53829,114973,0
37759,63200,47821,100959,85580,111021,1
71791,73676,63508,145467,135299,137184,1
36010,95201,28656,131211,64666,123857,0
97653,99373,77940,197026,175593,177313,1
39558,57196,92260,96754,131818,149456,1
24701,46298,61387,70999,86088,107685,1
12131,74192,86153,86323,98284,160345,1
12437,63479,77867,75916,90304,141346,0
47265,87207,20209,134472,67474,107416,0
1526,73926,18294,75452,19820,92220,0
28633,61077,49944,89710,78577,111021,1
54199,81960,86498,136159,140697,168458,1
15519,70352,88485,85871,104004,158837,0
54704,20453,92146,75157,146850,112599,0
55372,95333,69419,150705,124791,164752,1
62530,19425,95672,81955,158202,115097,0
54282,65200,18523,119482,72805,83723,1
61647,94431,13934,156078,75581,108365,0
31993,24009,58488,56002,90481,82497,0
27381,54595,16406,81976,43787,71001,0
11374,11208,21956,22582,33330,33164,1
77797,93480,27212,171277,105009,120692,1
60063,96813,56235,156876,116298,153048,1
51567,40274,90094,91841,141661,130368,1
56350,66320,24975,122670,81325,91295,1
28843,44468,50583,73311,79426,95051,1
51269,45979,79311,97248,130580,125290,1
94191,3956,55397,98147,149588,59353,0
22581,64525,26590,87106,49171,91115,0
83886,64904,78156,148790,162042,143060,1
60047,20782,91491,80829,151538,112273,0
30158,39306,66515,69464,96673,105821,1
90847,80198,70166,171045,161013,150364,1
60757,54893,24637,115650,85394,79530,1
93931,78668,83334,172599,177265,162002,1
61034,4130,25123,65164,86157,29253,0
29733,12440,17286,42173,47019,29726,0
85188,73483,79669,158671,164857,153152,1
41670,89981,12160,131651,53830,102141,0
65519,65386,96172,130905,161691,161558,1
84681,15555,17861,100236,102542,33416,0
16872,51545,93128,68417,110000,144673,0
47814,38962,60500,86776,108314,99462,1
86319,5168,36354,91487,122673,41522,0
22420,59982,42194,82402,64614,102176,1
31883,92166,96699,124049,128582,188865,1
37858,89817,36852,127675,74710,126669,0
2262,64454,36632,66716,38894,101086,0
51575,44816,10857,96391,62432,55673,1
13625,71406,58631,85031,72256,130037,1
17297,70690,96138,87987,113435,166828,0
25337,18178,84594,43515,109931,102772,0
59315,67810,15117,127125,74432,82927,1
30865,34113,91289,64978,122154,125402,0
75687,24288,57960,99975,133647,82248,1
38395,25519,2869,63914,41264,28388,0
80355,55040,81420,135395,161775,136460,1
81824,52793,73449,134617,155273,126242,1
19682,71101,97072,90783,116754,168173,0
78084,30878,52566,108962,130650,83444,1
86599,49563,34149,136162,120748,83712,0
70950,59594,62652,130544,133602,122246,1
4793,17723,85852,22516,90645,103575,0
56130,28105,26109,84235,82239,54214,0
79096,28752,84071,107848,163167,112823,1
97154,22745,2032,119899,99186,24777,0
90585,57720,51577,148305,142162,109297,1
32461,88360,5554,120821,38015,93914,0
51299,95265,20684,146564,71983,115949,0
72675,46966,56303,119641,128978,103269,1
23902,96858,51591,120760,75493,148449,0
78183,40958,6922,119141,85105,47880,0
67310,74966,45791,142276,113101,120757,1
42551,13518,24999,56069,67550,38517,0
85319,81146,53025,166465,138344,134171,1
3375,72105,54461,75480,57836,126566,0
99855,47058,75393,146913,175248,122451,1
27663,18419,3425,46082,31088,21844,0
8031,97202,22070,105233,30101,119272,0
54450,44762,21197,99212,75647,65959,1
56784,35897,85340,92681,142124,121237,1
13058,31021,73139,44079,86197,104160,0
46922,91969,92088,138891,139010,184057,1
90792,85278,1002,176070,91794,86280,0
77670,12739,85248,90409,162918,97987,1
41448,52744,91306,94192,132754,144050,1
2835,13876,98063,16711,100898,111939,0
69758,81067,56181,150825,125939,137248,1
12977,67956,23148,80933,36125,91104,0
78696,61400,65086,140096,143782,126486,1
34365,73011,8458,107376,42823,81469,0
60111,40358,38739,100469,98850,79097,1
2535,52368,27468,54903,30003,79836,0
86122,17380,52291,103502,138413,69671,0
40589,75898,46170,116487,86759,122068,1
45632,28363,44792,73995,90424,73155,1
21975,33527,50884,55502,72859,84411,1
59364,44832,6551,104196,65915,51383,0
16111,63004,55164,79115,71275,118168,1
26708,4945,40965,31653,67673,45910,0
40246,63737,47919,103983,88165,111656,1
4783,40718,21733,45501,26516,62451,0
62526,43231,25897,105757,88423,69128,1
17420,11032,10933,28452,28353,21965,1
10996,80373,31277,91369,42273,111650,0
69205,57628,28980,126833,98185,86608,1
8746,45042,11909,53788,20655,56951,0
34421,8680,99662,43101,134083,108342,0
15598,74362,40682,89960,56280,115044,0
61384,30667,16226,92051,77610,46893,0
13946,18805,28145,32751,42091,46950,1
90658,45953,90054,136611,180712,136007,1
28159,76793,65870,104952,94029,142663,1
6785,43017,89545,49802,96330,132562,0
84094,1109,50399,85203,134493,51508,0
29498,52393,43614,81891,73112,96007,1
77160,20095,44604,97255,121764,64699,0
51067,8448,82090,59515,133157,90538,0
22445,99617,18515,122062,40960,118132,0
15304,45957,7883,61261,23187,53840,0
80919,62892,95753,143811,176672,158645,1
78383,95786,89032,174169,167415,184818,1
23225,70931,54508,94156,77733,125439,1
5533,58507,34089,64040,39622,92596,0
31534,65958,14891,97492,46425,80849,0
85163,9992,97456,95155,182619,107448,0
27518,5936,20408,33454,47926,26344,0
91204,62675,49776,153879,140980,112451,1
54399,27818,97200,82217,151599,125018,0
7390,3775,99376,11165,106766,103151,0
9093,88059,62478,97152,71571,150537,0
73082,79143,30438,152225,103520,109581,1
73583,39512,70546,113095,144129,110058,1
63462,87768,27579,151230,91041,115347,1
34584,59610,60140,94194,94724,119750,1
2934,18753,86421,21687,89355,105174,0
75422,47432,93121,122854,168543,140553,1
17432,17427,59420,34859,76852,76847,0
94660,40141,36833,134801,131493,76974,0
1800,11931,52550,13731,54350,64481,0
35769,13621,34947,49390,70716,48568,1
96644,54060,9868,150704,106512,63928,0
40605,88784,8986,129389,49591,97770,0
60198,97962,88867,158160,149065,186829,1
1977,61083,30918,63060,32895,92001,0
5643,12182,89476,17825,95119,101658,0
75498,66954,1170,142452,76668,68124,0
86386,19377,15214,105763,101600,34591,0
14437,27899,65198,42336,79635,93097,0
15164,95674,88058,110838,103222,183732,1
72684,330,48436,73014,121120,48766,0
65314,20723,69115,86037,134429,89838,1
660,57978,17586,58638,18246,75564,0
90221,38892,69100,129113,159321,107992,1
34702,47406,6968,82108,41670,54374,0
73092,32831,55689,105923,128781,88520,1
31857,66542,31981,98399,63838,98523,0
14560,36091,68457,50651,83017,104548,0
19564,92905,61606,112469,81170,154511,0
36241,83193,40920,119434,77161,124113,0
23795,72842,92848,96637,116643,165690,1
23290,35368,96768,58658,120058,132136,0
86906,4442,61704,91348,148610,66146,0
40382,27907,662,68289,41044,28569,0
93310,28110,18283,121420,111593,46393,0
52792,58747,10603,111539,63395,69350,1
55164,29035,98342,84199,153506,127377,0
52334,26139,82562,78473,134896,108701,0
79257,72389,42407,151646,121664,114796,1
37380,15986,5429,53366,42809,21415,0
12196,77166,55945,89362,68141,133111,0
76708,4721,56459,81429,133167,61180,0
99480,1717,91513,101197,190993,93230,0
84630,83775,59654,168405,144284,143429,1
62105,52429,41934,114534,104039,94363,1
54309,89125,22471,143434,76780,111596,0
19654,99570,35050,119224,54704,134620,0
53136,38268,23222,91404,76358,61490,1
5488,12793,62,18281,5550,12855,0
77179,38142,62772,115321,139951,100914,1
17334,55614,13039,72948,30373,68653,0
83744,19785,76974,103529,160718,96759,1
52897,5625,2715,58522,55612,8340,0
23929,85448,53625,109377,77554,139073,0
56615,51655,65644,108270,122259,117299,1
26557,46066,28852,72623,55409,74918,1
29079,60198,39576,89277,68655,99774,1
69800,57414,43313,127214,113113,100727,1
9231,49055,10442,58286,19673,59497,0
55423,97470,30278,152893,85701,127748,0
17896,68802,48745,86698,66641,117547,0
33045,15073,5454,48118,38499,20527,0
47285,14332,66912,61617,114197,81244,0
35882,41467,23877,77349,59759,65344,1
40639,43863,66072,84502,106711,109935,1
4531,39036,25833,43567,30364,64869,0
38119,77881,53846,116000,91965,131727,1
90952,46748,99108,137700,190060,145856,1
11894,1606,93865,13500,105759,95471,0
91791,47947,19785,139738,111576,67732,0
60416,90702,10154,151118,70570,100856,0
47436,48972,4527,96408,51963,53499,1
59825,7395,90977,67220,150802,98372,0
76951,4920,31151,81871,108102,36071,0
39304,86469,50787,125773,90091,137256,1
29342,14768,94016,44110,123358,108784,0
41867,43681,47499,85548,89366,91180,1
90799,41808,37846,132607,128645,79654,0
48975,14770,57777,63745,106752,72547,1
34339,28657,2532,62996,36871,31189,0
28595,55038,60746,83633,89341,115784,1
1066,87278,52911,88344,53977,140189,0
5374,68477,77593,73851,82967,146070,0
53632,21229,41888,74861,95520,63117,1
3108,9036,64235,12144,67343,73271,0
1887,39673,2360,41560,4247,42033,0
42756,95631,91920,138387,134676,187551,1
67351,77865,84071,145216,151422,161936,1
95524,23038,55792,118562,151316,78830,0
41662,57094,22122,98756,63784,79216,1
56152,81093,34819,137245,90971,115912,1
49321,58253,77704,107574,127025,135957,1
22606,27143,27827,49749,50433,54970,1
29911,8837,7330,38748,37241,16167,0
7960,35730,47417,43690,55377,83147,0
58607,40741,35277,99348,93884,76018,1
48622,11385,44593,60007,93215,55978,1
79568,38105,14312,117673,93880,52417,0
81834,90465,87779,172299,169613,178244,1
47144,64582,92854,111726,139998,157436,1
10703,9656,33305,20359,44008,42961,0
63663,60711,75298,124374,138961,136009,1
45290,28232,39762,73522,85052,67994,1
1516,67633,20646,69149,22162,88279,0
41747,79012,48979,120759,90726,127991,1
64457,24114,40974,88571,105431,65088,1
54177,55871,95487,110048,149664,151358,1
25607,37770,59534,63377,85141,97304,1
2866,40391,66411,43257,69277,106802,0
56931,51813,44063,108744,100994,95876,1
48084,21917,87870,70001,135954,109787,0
3533,80209,13665,83742,17198,93874,0
13946,81849,939,95795,14885,82788,0
28216,67611,53437,95827,81653,121048,1
83346,68593,22580,151939,105926,91173,1
24769,77811,78432,102580,103201,156243,1
31620,81880,82904,113500,114524,164784,1
62182,12258,21560,74440,83742,33818,0
91383,93660,30117,185043,121500,123777,1
96254,723,68970,96977,165224,69693,0
28634,13410,96975,42044,125609,110385,0
12579,92035,46961,104614,59540,138996,0
40251,81950,98788,122201,139039,180738,1
26633,39921,76642,66554,103275,116563,0
5106,94474,47147,99580,52253,141621,0
69480,74526,678,144006,70158,75204,0
29705,80771,91025,110476,120730,171796,1
45925,23063,88395,68988,134320,111458,0
76706,50998,87732,127704,164438,138730,1
43773,33761,81692,77534,125465,115453,0
34732,52020,18058,86752,52790,70078,1
54993,45099,82913,100092,137906,128012,1
17480,5206,60267,22686,77747,65473,0
93912,96302,72955,190214,166867,169257,1
50630,22233,56276,72863,106906,78509,1
99243,8346,83631,107589,182874,91977,0
19826,18008,95125,37834,114951,113133,0
21112,68847,89073,89959,110185,157920,1
3048,45666,22900,48714,25948,68566,0
57355,48091,88874,105446,146229,136965,1
23379,4961,29509,28340,52888,34470,0
20913,1145,80539,22058,101452,81684,0
55589,49413,8715,105002,64304,58128,1
47567,1491,67843,49058,115410,69334,0
86099,41685,97064,127784,183163,138749,1
84144,65708,82947,149852,167091,148655,1
34745,63351,3648,98096,38393,66999,0
85847,1725,19868,87572,105715,21593,0
3011,33278,4061,36289,7072,37339,0
50465,34690,51998,85155,102463,86688,1
77321,28563,4908,105884,82229,33471,0
51806,84851,68645,136657,120451,153496,1
95747,71826,23012,167573,118759,94838,0
44147,32260,4394,76407,48541,36654,0
32982,85202,82847,118184,115829,168049,1
89807,27282,44139,117089,133946,71421,0
47531,35752,98747,83283,146278,134499,0
73914,89966,78889,163880,152803,168855,1
64347,65793,39048,130140,103395,104841,1
88022,77967,52408,165989,140430,130375,1
84320,93223,60064,177543,144384,153287,1
7123,47511,11097,54634,18220,58608,0
61847,37691,52515,99538,114362,90206,1
74340,76689,36146,151029,110486,112835,1
33414,22116,52946,55530,86360,75062,1
47985,18323,18236,66308,66221,36559,0
97282,22727,73684,120009,170966,96411,0
75912,48239,12959,124151,88871,61198,0
37553,35082,66253,72635,103806,101335,1
10228,96193,35371,106421,45599,131564,0
9496,66080,91044,75576,100540,157124,0
58171,35653,90912,93824,149083,126565,1
13200,61034,98821,74234,112021,159855,0
49891,32586,82234,82477,132125,114820,1
51351,48961,31299,100312,82650,80260,1
39091,27127,57979,66218,97070,85106,1
60970,17862,73400,78832,134370,91262,1
68163,20902,54160,89065,122323,75062,1
16727,11030,8370,27757,25097,19400,1
71816,6255,50680,78071,122496,56935,0
66395,90103,720,156498,67115,90823,0
51500,78023,58413,129523,109913,136436,1
59436,43747,34519,103183,93955,78266,1
43356,29492,6484,72848,49840,35976,0
57991,5844,33229,63835,91220,39073,0
15765,35554,91280,51319,107045,126834,0
52152,20823,92871,72975,145023,113694,0
34366,73550,17228,107916,51594,90778,0
91733,14851,30101,106584,121834,44952,0
17073,70805,59703,87878,76776,130508,1
28688,6045,90056,34733,118744,96101,0
4549,28853,20176,33402,24725,49029,0
51358,15707,28292,67065,79650,43999,0
79570,31141,34378,110711,113948,65519,0
18254,24804,40354,43058,58608,65158,1
77462,98972,37692,176434,115154,136664,1
26041,43160,2045,69201,28086,45205,0
31234,66538,39103,97772,70337,105641,1
43981,9337,77655,53318,121636,86992,0
75097,32140,99830,107237,174927,131970,1
86543,20956,14500,107499,101043,35456,0
31978,71891,19570,103869,51548,91461,0
62271,31477,25980,93748,88251,57457,0
66066,97504,15335,163570,81401,112839,0
89706,9468,14045,99174,103751,23513,0
58432,75027,90582,133459,149014,165609,1
66739,23275,25521,90014,92260,48796,0
4930,26501,52150,31431,57080,78651,0
9874,23861,27558,33735,37432,51419,1
9406,25504,92481,34910,101887,117985,0
44207,61976,58758,106183,102965,120734,1
27041,95106,77627,122147,104668,172733,1
30683,34037,30126,64720,60809,64163,1
22065,91942,56345,114007,78410,148287,0
42869,52147,46621,95016,89490,98768,1
72208,19195,69246,91403,141454,88441,1
71977,15007,57642,86984,129619,72649,1
14541,5822,84383,20363,98924,90205,0
1507,41956,13454,43463,14961,55410,0
82594,71845,27819,154439,110413,99664,1
62532,3160,79339,65692,141871,82499,0
21643,775,59385,22418,81028,60160,0
47252,36297,76273,83549,123525,112570,1
16214,15261,53371,31475,69585,68632,0
68833,72105,91250,140938,160083,163355,1
61144,37491,76543,98635,137687,114034,1
3247,92870,50921,96117,54168,143791,0
74742,82937,23840,157679,98582,106777,1
78581,53994,85873,132575,164454,139867,1
79534,13103,54174,92637,133708,67277,0
50539,77108,38338,127647,88877,115446,1
80388,60125,61772,140513,142160,121897,1
24307,47816,73318,72123,97625,121134,0
63921,88295,87195,152216,151116,175490,1
19251,10300,43267,29551,62518,53567,0
45829,60407,60497,106236,106326,120904,1
86995,69320,80727,156315,167722,150047,1
68541,26361,98107,94902,166648,124468,0
92288,95566,15171,187854,107459,110737,1
97603,93301,73565,190904,171168,166866,1
22250,8801,89138,31051,111388,97939,0
57695,7200,60826,64895,118521,68026,1
86905,79565,22170,166470,109075,101735,1
47646,60099,35336,107745,82982,95435,1
52519,34027,29101,86546,81620,63128,1
51538,29482,34904,81020,86442,64386,1
14990,43031,86979,58021,101969,130010,0
43491,34709,9878,78200,53369,44587,1
70599,51187,27201,121786,97800,78388,1
59639,40301,77064,99940,136703,117365,1
82369,53574,87393,135943,169762,140967,1
1865,43355,21004,45220,22869,64359,0
28257,45518,2038,73775,30295,47556,0
97614,43228,52592,140842,150206,95820,0
36664,70277,62866,106941,99530,133143,1
6245,13500,23080,19745,29325,36580,0
45026,67816,66157,112842,111183,133973,1
7165,16426,68825,23591,75990,85251,0
10465,12613,81429,23078,91894,94042,0
8109,3414,50363,11523,58472,53777,0
35281,59361,82576,94642,117857,141937,1
48624,62123,27816,110747,76440,89939,1
69785,50087,76932,119872,146717,127019,1
41045,516,6128,41561,47173,6644,0
52543,72945,66170,125488,118713,139115,1
77902,6750,38564,84652,116466,45314,0
19347,53605,68877,72952,88224,122482,1
42566,66284,73727,108850,116293,140011,1
99349,86070,42084,185419,141433,128154,1
62904,55767,67084,118671,129988,122851,1
21464,46571,30715,68035,52179,77286,1
41252,82126,74940,123378,116192,157066,1
43364,54462,34012,97826,77376,88474,1
2873,1795,5102,4668,7975,6897,0
775,415,76935,1190,77710,77350,0
60089,96723,27892,156812,87981,124615,0
47855,246,60792,48101,108647,61038,0
19221,12332,43970,31553,63191,56302,0
54523,1347,30671,55870,85194,32018,0
2510,28426,75663,30936,78173,104089,0
61783,80116,76413,141899,138196,156529,1
14958,73309,55719,88267,70677,129028,0
49720,58366,52666,108086,102386,111032,1
77933,29417,57375,107350,135308,86792,1
22974,7743,65035,30717,88009,72778,0
27230,58863,51829,86093,79059,110692,1
62071,72261,77030,134332,139101,149291,1
49570,34910,51595,84480,101165,86505,1
39175,95186,83573,134361,122748,178759,1
68980,70455,88149,139435,157129,158604,1
65247,75158,73148,140405,138395,148306,1
57697,32278,86273,89975,143970,118551,1
17231,78532,90408,95763,107639,168940,1
91255,10399,16990,101654,108245,27389,0
93455,20936,33560,114391,127015,54496,0
24929,88980,69826,113909,94755,158806,1
7995,43729,61675,51724,69670,105404,0
73386,76320,8310,149706,81696,84630,1
30529,11382,59111,41911,89640,70493,0
95752,31855,9807,127607,105559,41662,0
55216,70668,60276,125884,115492,130944,1
65855,85369,64038,151224,129893,149407,1
83903,33979,64800,117882,148703,98779,1
72511,96451,61132,168962,133643,157583,1
25951,93822,64956,119773,90907,158778,0
75158,81232,92195,156390,167353,173427,1
40944,38432,67064,79376,108008,105496,1
73123,99420,70605,172543,143728,170025,1
12367,12287,918,24654,13285,13205,1
5413,91998,67802,97411,73215,159800,0
59769,42792,17805,102561,77574,60597,1
55214,73125,99826,128339,155040,172951,1
16002,42641,81113,58643,97115,123754,0
14079,7129,35964,21208,50043,43093,0
9158,39821,73315,48979,82473,113136,0
93301,55803,15507,149104,108808,71310,0
12083,93030,34135,105113,46218,127165,0
7468,81859,91078,89327,98546,172937,0
8579,77392,5473,85971,14052,82865,0
1131,16376,68259,17507,69390,84635,0
8521,2988,63576,11509,72097,66564,0
95326,84030,85820,179356,181146,169850,1
75281,77646,31066,152927,106347,108712,1
92579,63603,43300,156182,135879,106903,1
78278,89756,4593,168034,82871,94349,0
97116,51824,45445,148940,142561,97269,1
72475,5622,53173,78097,125648,58795,0
81743,73910,34861,155653,116604,108771,1
69650,15749,16228,85399,85878,31977,0
89916,24306,69854,114222,159770,94160,1
50715,56603,48034,107318,98749,104637,1
70788,65616,99116,136404,169904,164732,1
6671,83435,75005,90106,81676,158440,0
22924,87290,62036,110214,84960,149326,0
92313,16597,19568,108910,111881,36165,0
69313,54034,32616,123347,101929,86650,1
30959,953,11470,31912,42429,12423,0
38,30983,3423,31021,3461,34406,0
87725,11791,72954,99516,160679,84745,0
3557,32206,45157,35763,48714,77363,0
14478,48465,18511,62943,32989,66976,0
54962,82864,84324,137826,139286,167188,1
43385,39602,2177,82987,45562,41779,0
46837,12974,27786,59811,74623,40760,0
78530,2689,31533,81219,110063,34222,0
4191,63421,52038,67612,56229,115459,0
13058,6846,57782,19904,70840,64628,0
65182,61897,39218,127079,104400,101115,1
34877,18714,37121,53591,71998,55835,1
65624,3951,14607,69575,80231,18558,0
39878,69368,89615,109246,129493,158983,1
38529,75614,8479,114143,47008,84093,0
40541,53374,77697,93915,118238,131071,1
38303,52264,75068,90567,113371,127332,1
57302,4104,38205,61406,95507,42309,0
56059,23454,94349,79513,150408,117803,0
25470,81762,29535,107232,55005,111297,0
75359,62203,1864,137562,77223,64067,0
42963,22919,1459,65882,44422,24378,0
89883,44822,44235,134705,134118,89057,0
12144,66596,87609,78740,99753,154205,0
88046,76225,93203,164271,181249,169428,1
19078,34549,69974,53627,89052,104523,0
96338,74270,72927,170608,169265,147197,1
52186,50566,99876,102752,152062,150442,1
51359,74451,653,125810,52012,75104,0
90270,96129,63239,186399,153509,159368,1
28904,95985,48748,124889,77652,144733,0
20997,43031,58326,64028,79323,101357,1
87749,84455,1914,172204,89663,86369,0
31530,16549,35748,48079,67278,52297,1
51120,19873,87752,70993,138872,107625,0
93501,37354,924,130855,94425,38278,0
22604,22875,33345,45479,55949,56220,1
37209,53508,45305,90717,82514,98813,1
1930,69702,62027,71632,63957,131729,0
58881,63227,89052,122108,147933,152279,1
16154,92789,55902,108943,72056,148691,0
11103,71213,63138,82316,74241,134351,1
34136,65802,75666,99938,109802,141468,1
70160,30085,23884,100245,94044,53969,0
39006,31907,52409,70913,91415,84316,1
28081,51391,12588,79472,40669,63979,0
31683,99186,61245,130869,92928,160431,0
76653,20816,40641,97469,117294,61457,0
28051,83683,11304,111734,39355,94987,0
52906,21914,79017,74820,131923,100931,0
5827,6692,74461,12519,80288,81153,0
90373,11914,10804,102287,101177,22718,0
70770,22532,60660,93302,131430,83192,1
56817,42904,65824,99721,122641,108728,1
46804,49238,80844,96042,127648,130082,1
95258,56532,72516,151790,167774,129048,1
96651,36015,92649,132666,189300,128664,1
89473,74607,51050,164080,140523,125657,1
47081,98940,23468,146021,70549,122408,0
84881,43127,23308,128008,108189,66435,0
38092,52177,99237,90269,137329,151414,0
62812,63442,2896,126254,65708,66338,1
62090,1243,76793,63333,138883,78036,0
94157,94956,65348,189113,159505,160304,1
16702,81527,48856,98229,65558,130383,0
41995,13263,41659,55258,83654,54922,1
20827,80078,35047,100905,55874,115125,0
92717,90968,72129,183685,164846,163097,1
18073,24408,8203,42481,26276,32611,1
43454,98193,19286,141647,62740,117479,0
10918,29554,81164,40472,92082,110718,0
74617,65007,80640,139624,155257,145647,1
36971,71478,45998,108449,82969,117476,1
26942,54109,86946,81051,113888,141055,0
78522,41838,86047,120360,164569,127885,1
3565,75924,81736,79489,85301,157660,0
89950,84655,85636,174605,175586,170291,1
19803,52496,85700,72299,105503,138196,0
56523,29854,46905,86377,103428,76759,1
25239,4398,49530,29637,74769,53928,0
5999,43344,96035,49343,102034,139379,0
64493,67328,68784,131821,133277,136112,1
33529,22416,89115,55945,122644,111531,0
13326,5947,67375,19273,80701,73322,0
42376,5100,30003,47476,72379,35103,0
75712,39352,49134,115064,124846,88486,1
3375,91046,73850,94421,77225,164896,0
27429,71457,59784,98886,87213,131241,1
10618,80915,74905,91533,85523,155820,1
9059,32403,76094,41462,85153,108497,0
69732,53753,34006,123485,103738,87759,1
6945,89766,6263,96711,13208,96029,0
71131,56149,35431,127280,106562,91580,1
98512,48844,83141,147356,181653,131985,1
82215,75209,36355,157424,118570,111564,1
79804,52311,89273,132115,169077,141584,1
99263,90901,36042,190164,135305,126943,1
10830,2483,26000,13313,36830,28483,0
17947,35394,31829,53341,49776,67223,1
27534,42838,44719,70372,72253,87557,1
65372,33795,64170,99167,129542,97965,1
59375,61449,65884,120824,125259,127333,1
37693,84644,98189,122337,135882,182833,1
89087,33197,33063,122284,122150,66260,0
92760,9985,66323,102745,159083,76308,0
56026,36388,93801,92414,149827,130189,0
69695,66545,91821,136240,161516,158366,1
64941,9809,76302,74750,141243,86111,0
89210,21720,63283,110930,152493,85003,0
87625,69679,54104,157304,141729,123783,1
48225,67006,87741,115231,135966,154747,1
77665,6632,93785,84297,171450,100417,0
32079,48181,92571,80260,124650,140752,0
84803,62157,85773,146960,170576,147930,1
69794,71926,33482,141720,103276,105408,1
96971,97020,74146,193991,171117,171166,1
4715,93363,8304,98078,13019,101667,0
47062,78435,11289,125497,58351,89724,0
10119,97238,73116,107357,83235,170354,0
77757,14576,32719,92333,110476,47295,0
34919,11627,93612,46546,128531,105239,0
59414,92594,68443,152008,127857,161037,1
79256,99803,47815,179059,127071,147618,1
3739,176,31728,3915,35467,31904,0
86169,6078,68234,92247,154403,74312,0
49625,2408,27489,52033,77114,29897,0
64767,33829,72978,98596,137745,106807,1
11370,42987,53724,54357,65094,96711,1
93512,19607,17805,113119,111317,37412,0
90252,72131,77541,162383,167793,149672,1
17389,61791,54022,79180,71411,115813,1
79170,50309,52898,129479,132068,103207,1
64793,66247,88920,131040,153713,155167,1
21645,18518,19117,40163,40762,37635,1
98935,13989,75551,112924,174486,89540,0
48293,34411,99799,82704,148092,134210,0
44301,42700,31068,87001,75369,73768,1
33081,27964,98041,61045,131122,126005,0
57970,61778,81363,119748,139333,143141,1
60042,55490,40915,115532,100957,96405,1
68330,10427,55461,78757,123791,65888,0
28805,86235,73249,115040,102054,159484,1
2989,4652,39424,7641,42413,44076,0
9205,93025,94037,102230,103242,187062,1
34496,57376,86251,91872,120747,143627,1
74745,15488,17385,90233,92130,32873,0
95755,71970,51201,167725,146956,123171,1
3581,71023,62891,74604,66472,133914,0
53358,23405,55452,76763,108810,78857,1
21230,52309,3241,73539,24471,55550,0
1202,30563,81338,31765,82540,111901,0
53104,61494,79376,114598,132480,140870,1
12000,24504,49684,36504,61684,74188,0
46271,45367,26432,91638,72703,71799,1
32664,71264,70361,103928,103025,141625,1
56879,82566,45394,139445,102273,127960,1
59185,43387,66310,102572,125495,109697,1
51011,50854,45872,101865,96883,96726,1
35247,83786,33898,119033,69145,117684,0
22696,73163,4557,95859,27253,77720,0
17189,84941,66173,102130,83362,151114,0
10422,2899,17488,13321,27910,20387,0
41027,69920,78633,110947,119660,148553,1
57535,89575,82411,147110,139946,171986,1
90985,68360,69403,159345,160388,137763,1
36283,14510,37032,50793,73315,51542,1
76168,7880,40435,84048,116603,48315,0
94058,55064,5236,149122,99294,60300,0
99253,38262,25564,137515,124817,63826,0
18425,54394,48884,72819,67309,103278,1
14691,44148,97326,58839,112017,141474,0
89101,15432,28554,104533,117655,43986,0
89501,72657,34240,162158,123741,106897,1
90656,77254,21864,167910,112520,99118,1
94157,54917,30609,149074,124766,85526,0
85056,33660,53140,118716,138196,86800,1
75170,77964,55201,153134,130371,133165,1
28012,20302,82008,48314,110020,102310,0
77747,57225,43293,134972,121040,100518,1
10277,86806,47078,97083,57355,133884,0
21360,59615,39943,80975,61303,99558,1
28989,96069,66358,125058,95347,162427,0
36818,69487,4680,106305,41498,74167,0
71069,63797,2080,134866,73149,65877,0
67779,23290,75353,91069,143132,98643,1
7753,65712,36633,73465,44386,102345,0
55801,52892,44158,108693,99959,97050,1
13116,84927,74668,98043,87784,159595,1
74695,45930,62391,120625,137086,108321,1
75581,37942,39596,113523,115177,77538,1
62659,27584,15583,90243,78242,43167,0
57146,43763,65274,100909,122420,109037,1
31468,34260,55778,65728,87246,90038,1
141,37909,83379,38050,83520,121288,0
657,91536,43150,92193,43807,134686,0
18179,38441,674,56620,18853,39115,0
45092,88804,72580,133896,117672,161384,1
13493,84424,71824,97917,85317,156248,1
94055,18101,19377,112156,113432,37478,0
76613,2573,78248,79186,154861,80821,1
17029,90182,98291,107211,115320,188473,1
1083,30236,64667,31319,65750,94903,0
12533,19212,37379,31745,49912,56591,0
62727,67048,13125,129775,75852,80173,1
45327,44153,33991,89480,79318,78144,1
62363,40316,78855,102679,141218,119171,1
44968,14040,50245,59008,95213,64285,1
78358,29954,98938,108312,177296,128892,1
52313,42582,1056,94895,53369,43638,0
22801,79966,16491,102767,39292,96457,0
96361,1850,87156,98211,183517,89006,0
27004,36360,67861,63364,94865,104221,0
92809,9205,75847,102014,168656,85052,0
99747,15326,27835,115073,127582,43161,0
93833,49237,72829,143070,166662,122066,1
1954,51529,21838,53483,23792,73367,0
24982,30120,32801,55102,57783,62921,1
95630,99477,59951,195107,155581,159428,1
39096,88392,89516,127488,128612,177908,1
18815,22264,19122,41079,37937,41386,1
55811,44047,59650,99858,115461,103697,1
24504,32905,76252,57409,100756,109157,0
26624,77794,10326,104418,36950,88120,0
22999,86543,34063,109542,57062,120606,0
14222,70932,89387,85154,103609,160319,0
75950,57187,17709,133137,93659,74896,0
40556,93099,15714,133655,56270,108813,0
33183,83597,53806,116780,86989,137403,1
4414,43693,55720,48107,60134,99413,0
32979,53218,96781,86197,129760,149999,0
79515,39808,96648,119323,176163,136456,1
76424,35415,97300,111839,173724,132715,1
37378,85539,14488,122917,51866,100027,0
17569,78752,13792,96321,31361,92544,0
43160,99548,15065,142708,58225,114613,0
59805,85226,8933,145031,68738,94159,0
46702,33282,51667,79984,98369,84949,1
2912,95919,9298,98831,12210,105217,0
61664,52067,28261,113731,89925,80328,1
78668,74100,22732,152768,101400,96832,1
91066,53820,50013,144886,141079,103833,1
98818,43054,5166,141872,103984,48220,0
40449,9948,10161,50397,50610,20109,0
33380,50275,20545,83655,53925,70820,1
33408,40047,8110,73455,41518,48157,1
64041,73658,71848,137699,135889,145506,1
2162,23005,95448,25167,97610,118453,0
52818,32521,24669,85339,77487,57190,1
23546,35617,96903,59163,120449,132520,0
44973,77196,65307,122169,110280,142503,1
54930,13354,18560,68284,73490,31914,0
82195,73450,45619,155645,127814,119069,1
45125,70822,8741,115947,53866,79563,0
98984,78287,83831,177271,182815,162118,1
25870,65181,87975,91051,113845,153156,1
98085,59185,19104,157270,117189,78289,0
45946,81199,90081,127145,136027,171280,1
87168,49299,51191,136467,138359,100490,1
33785,33972,26514,67757,60299,60486,1
88868,67646,79758,156514,168626,147404,1
95381,91444,6038,186825,101419,97482,1
39928,63761,66289,103689,106217,130050,1
39897,83529,53958,123426,93855,137487,1
69797,52447,97383,122244,167180,149830,1
67759,66917,54505,134676,122264,121422,1
18300,67393,11917,85693,30217,79310,0
97366,35853,18401,133219,115767,54254,0
51143,5309,56959,56452,108102,62268,0
77557,9276,74385,86833,151942,83661,1
13928,85503,22692,99431,36620,108195,0
23556,77855,49028,101411,72584,126883,0
79293,75243,46830,154536,126123,122073,1
91843,85788,68825,177631,160668,154613,1
10863,27419,95715,38282,106578,123134,0
96786,78458,75246,175244,172032,153704,1
99093,55613,18859,154706,117952,74472,0
27282,27706,69093,54988,96375,96799,0
32679,91837,71062,124516,103741,162899,1
60916,35510,42312,96426,103228,77822,1
48694,36980,33806,85674,82500,70786,1
40380,23921,6183,64301,46563,30104,0
37693,1621,97055,39314,134748,98676,0
83256,53596,44162,136852,127418,97758,1
73926,91536,31389,165462,105315,122925,1
12062,54632,7543,66694,19605,62175,0
66604,8997,78951,75601,145555,87948,0
96858,78514,94728,175372,191586,173242,1
7225,60468,96266,67693,103491,156734,0
9645,23486,59789,33131,69434,83275,0
96608,46781,96896,143389,193504,143677,1
65163,53781,88528,118944,153691,142309,1
20911,16801,97842,37712,118753,114643,0
71116,85677,7728,156793,78844,93405,0
77948,75007,75680,152955,153628,150687,1
75507,31855,59834,107362,135341,91689,1
65590,6551,36151,72141,101741,42702,0
46927,23352,13168,70279,60095,36520,0
74748,20580,75938,95328,150686,96518,1
57754,36144,81858,93898,139612,118002,1
69635,66889,59378,136524,129013,126267,1
79743,52674,85792,132417,165535,138466,1
81013,46078,67367,127091,148380,113445,1
1761,59707,79427,61468,81188,139134,0
71881,64062,493,135943,72374,64555,0
81568,58945,54012,140513,135580,112957,1
9111,50541,40485,59652,49596,91026,0
9955,50054,99229,60009,109184,149283,0
58263,92119,97954,150382,156217,190073,1
61074,64197,69038,125271,130112,133235,1
46809,34891,22850,81700,69659,57741,1
28638,72727,53597,101365,82235,126324,1
12173,15247,89255,27420,101428,104502,0
28679,23944,60315,52623,88994,84259,0
30446,49915,4764,80361,35210,54679,0
95846,77972,16564,173818,112410,94536,0
74946,9056,92860,84002,167806,101916,0
84564,95021,43413,179585,127977,138434,1
57979,90199,13177,148178,71156,103376,0
66932,99949,15118,166881,82050,115067,0
1252,31481,79263,32733,80515,110744,0
5309,99385,3519,104694,8828,102904,0
53751,22521,99443,76272,153194,121964,0
88920,54246,21284,143166,110204,75530,0
74733,37585,29410,112318,104143,66995,0
56126,15275,49849,71401,105975,65124,1
40169,37034,36617,77203,76786,73651,1
59012,93356,96251,152368,155263,189607,1
53690,56643,35157,110333,88847,91800,1
69284,69863,28899,139147,98183,98762,1
57313,69657,25747,126970,83060,95404,1
26543,82713,67390,109256,93933,150103,1
9578,83386,92791,92964,102369,176177,1
6644,6940,71036,13584,77680,77976,0
22853,31210,1111,54063,23964,32321,0
89433,85357,18833,174790,108266,104190,1
47989,21930,36346,69919,84335,58276,1
74703,88009,12435,162712,87138,100444,0
40272,69792,97969,110064,138241,167761,1
30262,48966,47403,79228,77665,96369,1
50467,70346,72359,120813,122826,142705,1
41485,91589,43655,133074,85140,135244,0
51589,26145,11403,77734,62992,37548,0
62916,93841,11800,156757,74716,105641,0
86989,94870,47239,181859,134228,142109,1
85651,3461,79259,89112,164910,82720,0
41867,25859,63279,67726,105146,89138,1
5031,48332,66774,53363,71805,115106,0
76741,26039,70172,102780,146913,96211,1
5029,86562,49075,91591,54104,135637,0
27121,50053,90504,77174,117625,140557,0
25686,69831,18528,95517,44214,88359,0
65254,36738,31757,101992,97011,68495,1
62556,87250,30341,149806,92897,117591,1
24449,23430,54977,47879,79426,78407,0
86100,65168,84896,151268,170996,150064,1
60270,39382,95703,99652,155973,135085,1
70776,20148,17056,90924,87832,37204,0
76620,92217,89080,168837,165700,181297,1
79834,95383,46010,175217,125844,141393,1
39664,35409,22834,75073,62498,58243,1
44858,5309,5916,50167,50774,11225,0
49820,68323,36814,118143,86634,105137,1
43530,3723,38265,47253,81795,41988,0
25759,47043,37758,72802,63517,84801,1
57777,26544,8773,84321,66550,35317,0
38075,32201,13648,70276,51723,45849,1
2285,93763,1797,96048,4082,95560,0
22496,81104,23050,103600,45546,104154,0
14979,67576,53941,82555,68920,121517,1
6541,78718,32462,85259,39003,111180,0
91563,59206,89522,150769,181085,148728,1
67196,30058,40909,97254,108105,70967,1
13856,85000,21096,98856,34952,106096,0
17444,58336,48338,75780,65782,106674,1
22981,70878,42655,93859,65636,113533,0
11472,12601,39182,24073,50654,51783,0
92854,86928,82955,179782,175809,169883,1
32755,51724,42137,84479,74892,93861,1
45873,5452,70072,51325,115945,75524,0
6461,20903,16592,27364,23053,37495,1
18289,38826,35668,57115,53957,74494,1
60227,55302,96392,115529,156619,151694,1
64625,98393,84865,163018,149490,183258,1
73319,48929,70678,122248,143997,119607,1
95648,65689,11038,161337,106686,76727,0
92559,2351,32194,94910,124753,34545,0
36546,19316,37321,55862,73867,56637,1
26032,84116,32295,110148,58327,116411,0
69707,23444,66868,93151,136575,90312,1
79964,20579,65777,100543,145741,86356,1
15136,55969,90256,71105,105392,146225,0
9785,32358,31717,42143,41502,64075,1
39102,1937,19730,41039,58832,21667,0
94194,99336,25939,193530,120133,125275,1
16716,12030,19723,28746,36439,31753,1
67607,48844,36994,116451,104601,85838,1
61477,44044,10733,105521,72210,54777,0
44654,4846,70113,49500,114767,74959,0
34684,59327,28162,94011,62846,87489,1
94446,11002,95378,105448,189824,106380,1
20060,81660,64691,101720,84751,146351,1
19260,61175,53283,80435,72543,114458,1
92537,25701,56539,118238,149076,82240,0
53595,29203,91564,82798,145159,120767,0
15487,12583,79771,28070,95258,92354,0
16923,21263,70449,38186,87372,91712,0
86278,65155,83604,151433,169882,148759,1
70554,45786,28672,116340,99226,74458,1
27470,76655,35533,104125,63003,112188,0
94985,15037,56264,110022,151249,71301,0
46036,48081,90922,94117,136958,139003,1
84375,12624,40109,96999,124484,52733,0
94111,88036,55659,182147,149770,143695,1
16582,182,63325,16764,79907,63507,0
24043,85073,65610,109116,89653,150683,1
42428,94294,3561,136722,45989,97855,0
17660,49440,44826,67100,62486,94266,1
10603,33719,44428,44322,55031,78147,0
37964,24986,65778,62950,103742,90764,0
18361,65168,31134,83529,49495,96302,0
18877,95712,29426,114589,48303,125138,0
7136,37196,62979,44332,70115,100175,0
76295,3975,87890,80270,164185,91865,0
89433,36721,32656,126154,122089,69377,0
35804,84137,33844,119941,69648,117981,0
62140,20031,58411,82171,120551,78442,1
54253,47666,39783,101919,94036,87449,1
3175,27205,47813,30380,50988,75018,0
57586,47063,76420,104649,134006,123483,1
33636,69948,95491,103584,129127,165439,1
50244,85872,1112,136116,51356,86984,0
66360,21889,14103,88249,80463,35992,0
87049,17107,9834,104156,96883,26941,0
45273,27580,98475,72853,143748,126055,0
60320,75527,71140,135847,131460,146667,1
79753,39851,55465,119604,135218,95316,1
56439,39992,99976,96431,156415,139968,0
40695,79030,70348,119725,111043,149378,1
48966,4632,67557,53598,116523,72189,0
23927,13567,64086,37494,88013,77653,0
13787,51271,35911,65058,49698,87182,0
64031,64189,38345,128220,102376,102534,1
38848,76055,3139,114903,41987,79194,0
16584,47614,51425,64198,68009,99039,1
97004,28009,57424,125013,154428,85433,0
35859,87727,40740,123586,76599,128467,0
59906,63445,77437,123351,137343,140882,1
62522,22444,751,84966,63273,23195,0
32205,65224,42305,97429,74510,107529,1
88983,1794,13188,90777,102171,14982,0
17218,7941,35599,25159,52817,43540,0
64534,87344,67561,151878,132095,154905,1
54356,84361,43357,138717,97713,127718,1
10767,12893,31064,23660,41831,43957,0
47718,87338,5290,135056,53008,92628,0
51310,25012,50435,76322,101745,75447,1
56478,8696,31704,65174,88182,40400,0
62866,96088,18962,158954,81828,115050,0
75157,32166,37986,107323,113143,70152,0
15164,10386,4969,25550,20133,15355,1
45248,18818,19020,64066,64268,37838,0
36440,2831,8941,39271,45381,11772,0
89073,21258,81231,110331,170304,102489,1
67804,22461,770,90265,68574,23231,0
74390,9671,41013,84061,115403,50684,0
28498,46964,99344,75462,127842,146308,0
88185,52385,88914,140570,177099,141299,1
49210,8911,16486,58121,65696,25397,0
92782,66183,89633,158965,182415,155816,1
49561,69587,51695,119148,101256,121282,1
8739,55391,19581,64130,28320,74972,0
41085,21039,72302,62124,113387,93341,0
56583,69909,65299,126492,121882,135208,1
99538,31368,68518,130906,168056,99886,1
97392,65840,22759,163232,120151,88599,0
92875,32444,49721,125319,142596,82165,0
75959,54934,23677,130893,99636,78611,1
49777,43841,79246,93618,129023,123087,1
8875,29049,12889,37924,21764,41938,0
28925,70390,16074,99315,44999,86464,0
86396,20804,54231,107200,140627,75035,0
71486,46190,52780,117676,124266,98970,1
95852,75194,19252,171046,115104,94446,0
14987,61346,25826,76333,40813,87172,0
52179,34433,3561,86612,55740,37994,0
86224,55739,93284,141963,179508,149023,1
93253,44500,32774,137753,126027,77274,0
1428,73433,79319,74861,80747,152752,0
48119,48607,68045,96726,116164,116652,1
28413,83912,62729,112325,91142,146641,1
26767,26824,25782,53591,52549,52606,1
64968,61509,94998,126477,159966,156507,1
73129,80002,54147,153131,127276,134149,1
78249,74880,18200,153129,96449,93080,1
96766,94040,60681,190806,157447,154721,1
24972,37155,17716,62127,42688,54871,1
72819,51409,29631,124228,102450,81040,1
5824,24925,230,30749,6054,25155,0
52930,2410,47981,55340,100911,50391,0
82623,35291,53859,117914,136482,89150,1
64596,96530,49941,161126,114537,146471,1
44993,7806,55734,52799,100727,63540,0
76608,25897,55626,102505,132234,81523,1
82049,23080,14072,105129,96121,37152,0
62482,65585,42041,128067,104523,107626,1
99691,28928,52517,128619,152208,81445,0
58910,64148,90722,123058,149632,154870,1
34053,71496,90724,105549,124777,162220,1
60137,49963,95943,110100,156080,145906,1
44021,58402,64717,102423,108738,123119,1
83419,63238,35735,146657,119154,98973,1
55660,70821,18970,126481,74630,89791,1
43913,81585,15214,125498,59127,96799,0
64653,44929,80099,109582,144752,125028,1
41488,29722,46673,71210,88161,76395,1
15756,38957,26939,54713,42695,65896,1
41154,72539,38518,113693,79672,111057,1
33697,53076,75109,86773,108806,128185,1
23503,2237,26381,25740,49884,28618,0
99536,97187,96557,196723,196093,193744,1
52592,90319,24529,142911,77121,114848,0
37648,19439,75435,57087,113083,94874,0
19240,95228,65158,114468,84398,160386,0
84842,26699,48441,111541,133283,75140,0
82964,52636,65953,135600,148917,118589,1
76773,19746,36386,96519,113159,56132,0
17682,36258,45912,53940,63594,82170,1
25735,33237,21336,58972,47071,54573,1
65138,86437,93543,151575,158681,179980,1
83373,43728,77088,127101,160461,120816,1
82619,50781,86322,133400,168941,137103,1
64290,85784,52580,150074,116870,138364,1
85197,28177,55568,113374,140765,83745,0
18988,28582,24691,47570,43679,53273,1
92632,29478,33967,122110,126599,63445,0
61250,21139,67348,82389,128598,88487,1
24159,69832,31523,93991,55682,101355,0
16108,24801,33551,40909,49659,58352,1
63256,31550,52486,94806,115742,84036,1
22216,38474,96179,60690,118395,134653,0
18655,84871,33953,103526,52608,118824,0
88673,86670,72130,175343,160803,158800,1
51270,73975,85110,125245,136380,159085,1
11454,73518,88681,84972,100135,162199,0
75387,78638,48778,154025,124165,127416,1
16491,94571,86878,111062,103369,181449,1
25516,50294,76452,75810,101968,126746,0
82843,22677,96955,105520,179798,119632,1
41886,57627,37994,99513,79880,95621,1
65513,55661,76432,121174,141945,132093,1
35819,86957,61502,122776,97321,148459,1
75267,6081,12372,81348,87639,18453,0
40397,24267,24606,64664,65003,48873,1
23668,46783,62871,70451,86539,109654,1
21069,90223,54596,111292,75665,144819,0
73969,72329,52683,146298,126652,125012,1
86964,5587,2114,92551,89078,7701,0
7398,88862,84825,96260,92223,173687,1
20332,42182,90988,62514,111320,133170,0
70541,71584,96771,142125,167312,168355,1
80327,67986,51819,148313,132146,119805,1
65611,10021,63800,75632,129411,73821,1
26744,53986,50492,80730,77236,104478,1
6946,19775,23497,26721,30443,43272,1
32951,76179,58400,109130,91351,134579,1
55938,18019,3597,73957,59535,21616,0
57749,69033,80446,126782,138195,149479,1
29458,2195,87542,31653,117000,89737,0
90978,22292,40676,113270,131654,62968,0
61311,8695,16546,70006,77857,25241,0
65590,61271,80839,126861,146429,142110,1
29280,38380,48421,67660,77701,86801,1
11883,75172,18722,87055,30605,93894,0
82415,81511,27009,163926,109424,108520,1
6302,13243,87321,19545,93623,100564,0
98853,81542,87431,180395,186284,168973,1
66535,52840,42457,119375,108992,95297,1
43353,33070,25743,76423,69096,58813,1
94874,5814,10702,100688,105576,16516,0
10448,48616,60121,59064,70569,108737,0
77028,9711,13433,86739,90461,23144,0
41728,10750,62322,52478,104050,73072,0
92945,67273,8417,160218,101362,75690,0
85403,52070,61067,137473,146470,113137,1
56939,39729,19428,96668,76367,59157,1
61815,61688,40134,123503,101949,101822,1
4955,81971,92069,86926,97024,174040,0
35928,84403,85655,120331,121583,170058,1
57633,10244,24767,67877,82400,35011,0
87780,85105,47929,172885,135709,133034,1
42542,64179,23059,106721,65601,87238,1
56355,66784,1249,123139,57604,68033,0
59252,81412,98212,140664,157464,179624,1
87440,82111,95529,169551,182969,177640,1
27838,82449,48931,110287,76769,131380,0
41665,4909,64298,46574,105963,69207,0
99153,36001,91409,135154,190562,127410,1
23485,43010,23511,66495,46996,66521,1
45863,87020,98500,132883,144363,185520,1
67587,41203,30317,108790,97904,71520,1
3332,78198,97247,81530,100579,175445,0
12919,19317,168,32236,13087,19485,0
47795,25982,21248,73777,69043,47230,0
85656,88122,73235,173778,158891,161357,1
90434,25483,94035,115917,184469,119518,1
91511,5803,21074,97314,112585,26877,0
3965,47587,4531,51552,8496,52118,0
50708,72803,22785,123511,73493,95588,1
9986,57779,80726,67765,90712,138505,0
84135,45068,86670,129203,170805,131738,1
63708,27767,94057,91475,157765,121824,0
32863,10713,76618,43576,109481,87331,0
33803,92877,71546,126680,105349,164423,1
52879,51936,78763,104815,131642,130699,1
13517,93927,66827,107444,80344,160754,0
52800,86968,58019,139768,110819,144987,1
20899,19155,78529,40054,99428,97684,0
25834,35056,27265,60890,53099,62321,1
90754,32156,4410,122910,95164,36566,0
65928,6025,89176,71953,155104,95201,0
25757,37619,57389,63376,83146,95008,1
70152,67111,26890,137263,97042,94001,1
86565,99735,65466,186300,152031,165201,1
91522,71446,87132,162968,178654,158578,1
60916,27741,54492,88657,115408,82233,1
61564,74129,63495,135693,125059,137624,1
51004,42832,43019,93836,94023,85851,1
910,90665,40937,91575,41847,131602,0
11852,23843,84162,35695,96014,108005,0
23759,28615,7178,52374,30937,35793,1
67245,63638,84423,130883,151668,148061,1
64218,85656,8667,149874,72885,94323,0
12279,41984,29909,54263,42188,71893,1
55485,33521,50352,89006,105837,83873,1
6055,55049,2004,61104,8059,57053,0
38920,5839,84121,44759,123041,89960,0
66687,1808,99596,68495,166283,101404,0
44619,76047,7770,120666,52389,83817,0
12001,19958,12353,31959,24354,32311,1
46996,63921,27211,110917,74207,91132,1
84808,56957,45998,141765,130806,102955,1
83642,58835,33953,142477,117595,92788,1
85503,62759,15265,148262,100768,78024,0
60522,38226,75438,98748,135960,113664,1
89172,72619,44694,161791,133866,117313,1
59597,70992,47061,130589,106658,118053,1
42537,75762,59104,118299,101641,134866,1
50435,80261,65577,130696,116012,145838,1
19214,82253,48382,101467,67596,130635,0
44886,50954,29336,95840,74222,80290,1
36646,4781,5039,41427,41685,9820,0
89764,70476,30056,160240,119820,100532,1
69363,32713,38331,102076,107694,71044,1
26529,20952,91145,47481,117674,112097,0
1664,1951,99507,3615,101171,101458,0
13753,45777,51859,59530,65612,97636,1
68106,11725,786,79831,68892,12511,0
34460,3149,43197,37609,77657,46346,0
12193,54224,53414,66417,65607,107638,1
89964,18719,61487,108683,151451,80206,0
77082,28259,15433,105341,92515,43692,0
25740,96278,81424,122018,107164,177702,1
83224,22305,27605,105529,110829,49910,0
84921,48413,67952,133334,152873,116365,1
84131,38804,54175,122935,138306,92979,1
24411,80732,21998,105143,46409,102730,0
44382,62570,46426,106952,90808,108996,1
16412,96568,24681,112980,41093,121249,0
89221,91439,20053,180660,109274,111492,1
87837,80168,63938,168005,151775,144106,1
41682,92153,34799,133835,76481,126952,0
44983,53460,3922,98443,48905,57382,0
15523,7575,64882,23098,80405,72457,0
95080,44525,88504,139605,183584,133029,1
79074,99301,99165,178375,178239,198466,1
57249,90559,87119,147808,144368,177678,1
54383,51335,50641,105718,105024,101976,1
93996,59490,73821,153486,167817,133311,1
85007,44344,61717,129351,146724,106061,1
14710,42346,3558,57056,18268,45904,0
35903,44914,26192,80817,62095,71106,1
20299,48328,18993,68627,39292,67321,0
57337,96053,81357,153390,138694,177410,1
87151,2740,55627,89891,142778,58367,0
47724,22621,68961,70345,116685,91582,1
66267,65594,17479,131861,83746,83073,1
65783,8743,45590,74526,111373,54333,0
88226,27393,82661,115619,170887,110054,1
79435,12247,17079,91682,96514,29326,0
23886,28088,52477,51974,76363,80565,0
72646,94100,34454,166746,107100,128554,1
29117,33034,85221,62151,114338,118255,0
38257,1759,39411,40016,77668,41170,1
22599,47212,79147,69811,101746,126359,0
9487,74895,31854,84382,41341,106749,0
26119,83004,80988,109123,107107,163992,1
69605,930,71009,70535,140614,71939,0
4067,18864,65515,22931,69582,84379,0
97046,91783,39060,188829,136106,130843,1
8002,43961,51175,51963,59177,95136,1
67919,54068,62122,121987,130041,116190,1
36943,24911,95841,61854,132784,120752,0
30233,94543,46928,124776,77161,141471,0
17839,66691,54565,84530,72404,121256,1
92075,34667,90574,126742,182649,125241,1
21704,85910,3585,107614,25289,89495,0
96036,55213,17350,151249,113386,72563,0
17139,10442,26809,27581,43948,37251,1
76203,90371,33457,166574,109660,123828,1
45965,31685,26183,77650,72148,57868,1
9810,61268,46243,71078,56053,107511,0
62614,79153,89993,141767,152607,169146,1
13207,10999,48984,24206,62191,59983,0
87907,16016,98607,103923,186514,114623,1
30951,63820,77826,94771,108777,141646,1
25621,94829,7621,120450,33242,102450,0
38001,84285,50618,122286,88619,134903,1
99380,88936,90232,188316,189612,179168,1
46661,59430,98629,106091,145290,158059,1
72470,81281,9212,153751,81682,90493,1
11289,94459,6633,105748,17922,101092,0
95688,8230,1203,103918,96891,9433,0
65650,79792,91179,145442,156829,170971,1
32608,12403,79919,45011,112527,92322,0
76405,19485,57872,95890,134277,77357,1
26899,47921,53146,74820,80045,101067,1
77420,25784,68399,103204,145819,94183,1
21240,62101,95483,83341,116723,157584,0
66536,93531,7177,160067,73713,100708,0
7211,17795,48785,25006,55996,66580,0
92177,89040,7520,181217,99697,96560,1
65274,1903,4511,67177,69785,6414,0
7383,6662,99768,14045,107151,106430,0
43900,60636,71502,104536,115402,132138,1
23902,63238,6672,87140,30574,69910,0
64663,98245,89458,162908,154121,187703,1
98255,48285,73246,146540,171501,121531,1
85785,86595,46982,172380,132767,133577,1
24124,81482,32715,105606,56839,114197,0
14632,16032,48708,30664,63340,64740,0
25606,84984,40496,110590,66102,125480,0
66959,98334,84004,165293,150963,182338,1
32286,21504,20892,53790,53178,42396,1
82235,21309,26657,103544,108892,47966,0
98230,17126,67965,115356,166195,85091,0
78615,57841,90977,136456,169592,148818,1
67108,86621,79358,153729,146466,165979,1
19081,25978,74374,45059,93455,100352,0
77980,10283,64509,88263,142489,74792,0
49065,47324,16205,96389,65270,63529,1
86396,18081,37930,104477,124326,56011,0
63345,21032,77350,84377,140695,98382,1
36798,82970,67840,119768,104638,150810,1
93996,80169,44421,174165,138417,124590,1
23767,95045,4134,118812,27901,99179,0
65931,97596,58019,163527,123950,155615,1
99352,33458,87676,132810,187028,121134,1
17502,31032,5128,48534,22630,36160,0
93938,17096,81787,111034,175725,98883,1
37591,63946,62377,101537,99968,126323,1
31914,16082,74387,47996,106301,90469,0
78453,63877,73888,142330,152341,137765,1
86810,95660,22902,182470,109712,118562,1
74415,35564,39627,109979,114042,75191,1
94866,84781,94711,179647,189577,179492,1
77305,27935,12350,105240,89655,40285,0
46650,24939,38591,71589,85241,63530,1
35440,24981,43108,60421,78548,68089,1
39965,78631,85898,118596,125863,164529,1
68393,87202,15514,155595,83907,102716,0
76030,27159,41283,103189,117313,68442,0
33203,34444,98068,67647,131271,132512,0
89798,78728,27858,168526,117656,106586,1
70412,84295,14980,154707,85392,99275,1
25851,72777,97685,98628,123536,170462,1
95823,65642,75028,161465,170851,140670,1
11301,48707,83373,60008,94674,132080,0
52933,42082,1151,95015,54084,43233,0
10236,68112,11148,78348,21384,79260,0
19513,87302,13477,106815,32990,100779,0
52556,37810,29500,90366,82056,67310,1
93840,41490,80187,135330,174027,121677,1
18986,50455,99497,69441,118483,149952,0
7352,54077,14166,61429,21518,68243,0
31034,65169,57780,96203,88814,122949,1
24048,83234,73364,107282,97412,156598,1
2759,83467,36196,86226,38955,119663,0
38576,98885,38493,137461,77069,137378,0
62153,93094,35818,155247,97971,128912,1
71444,27443,40932,98887,112376,68375,0
55619,11634,42325,67253,97944,53959,0
42268,56468,8587,98736,50855,65055,0
292,31417,63168,31709,63460,94585,0
30765,33071,97181,63836,127946,130252,0
56560,28335,53917,84895,110477,82252,1
99286,37354,76301,136640,175587,113655,1
31307,39403,31717,70710,63024,71120,1
73544,86246,82769,159790,156313,169015,1
91770,24566,37731,116336,129501,62297,0
91014,79454,19006,170468,110020,98460,1
8757,27142,50894,35899,59651,78036,0
71978,50148,23543,122126,95521,73691,1
47676,47286,83549,94962,131225,130835,1
3583,54326,44449,57909,48032,98775,0
40340,78226,45651,118566,85991,123877,1
37464,65333,27664,102797,65128,92997,0
83982,84176,76561,168158,160543,160737,1
20873,47749,54528,68622,75401,102277,1
89359,62676,73997,152035,163356,136673,1
39880,10151,72159,50031,112039,82310,0
58458,78618,31901,137076,90359,110519,1
63496,20143,49643,83639,113139,69786,1
36574,2891,47747,39465,84321,50638,0
59703,95639,43778,155342,103481,139417,1
6826,52095,23332,58921,30158,75427,0
26965,60704,42473,87669,69438,103177,1
81908,28156,12729,110064,94637,40885,0
10524,50642,85955,61166,96479,136597,0
70562,87397,27741,157959,98303,115138,1
92272,55575,19652,147847,111924,75227,0
92687,94195,59606,186882,152293,153801,1
52889,36192,31726,89081,84615,67918,1
65564,15802,47969,81366,113533,63771,0
70961,88322,96373,159283,167334,184695,1
23882,34289,10009,58171,33891,44298,0
64102,4683,94246,68785,158348,98929,0
39794,75457,36692,115251,76486,112149,1
26856,35795,55776,62651,82632,91571,1
16101,20947,73158,37048,89259,94105,0
59775,38235,88841,98010,148616,127076,1
90123,58096,27970,148219,118093,86066,0
14527,8877,56638,23404,71165,65515,0
25697,49796,86563,75493,112260,136359,0
13438,67831,76728,81269,90166,144559,1
7429,5582,4017,13011,11446,9599,1
8892,10239,4060,19131,12952,14299,1
51912,47289,3795,99201,55707,51084,0
39126,39004,48393,78130,87519,87397,1
32493,50351,64605,82844,97098,114956,1
52752,42424,90770,95176,143522,133194,1
33866,57410,25614,91276,59480,83024,1
69732,32836,78218,102568,147950,111054,1
29729,48699,29306,78428,59035,78005,1
46411,26218,47525,72629,93936,73743,1
33859,63164,69595,97023,103454,132759,1
32656,82728,29182,115384,61838,111910,0
8870,18268,44057,27138,52927,62325,0
22978,25426,92166,48404,115144,117592,0
4402,74196,65413,78598,69815,139609,0
97831,31690,31464,129521,129295,63154,0
91222,2648,42830,93870,134052,45478,0
41023,57234,74924,98257,115947,132158,1
52214,41546,32515,93760,84729,74061,1
54362,56769,92799,111131,147161,149568,1
44423,30859,46790,75282,91213,77649,1
76082,77043,84137,153125,160219,161180,1
60867,19922,55444,80789,116311,75366,1
7720,16695,36289,24415,44009,52984,0
14398,95700,52109,110098,66507,147809,0
72774,45797,9519,118571,82293,55316,0
91932,49199,42432,141131,134364,91631,0
95122,30680,59818,125802,154940,90498,0
42402,32070,63655,74472,106057,95725,1
33950,63700,63572,97650,97522,127272,1
51330,44031,27915,95361,79245,71946,1
72472,24952,26118,97424,98590,51070,0
6652,10079,27626,16731,34278,37705,0
75713,54458,62935,130171,138648,117393,1
13931,77912,8799,91843,22730,86711,0
98679,86262,29106,184941,127785,115368,1
18566,15682,76518,34248,95084,92200,0
45286,7160,77462,52446,122748,84622,0
77647,82101,3547,159748,81194,85648,0
26584,89796,36562,116380,63146,126358,0
69635,79355,77618,148990,147253,156973,1
69593,76295,84719,145888,154312,161014,1
39305,76362,60186,115667,99491,136548,1
99028,37464,94380,136492,193408,131844,1
7895,40957,13467,48852,21362,54424,0
61269,43790,90677,105059,151946,134467,1
66651,591,49912,67242,116563,50503,0
38324,47218,32505,85542,70829,79723,1
15029,89479,17085,104508,32114,106564,0
66239,95322,54473,161561,120712,149795,1
51111,32187,47486,83298,98597,79673,1
76050,75270,89390,151320,165440,164660,1
98384,48580,30946,146964,129330,79526,0
63248,44357,14701,107605,77949,59058,0
16097,84902,94723,100999,110820,179625,1
74439,58950,5754,133389,80193,64704,0
39872,30960,16645,70832,56517,47605,1
90006,34356,59199,124362,149205,93555,1
16372,88665,45652,105037,62024,134317,0
41862,57524,48584,99386,90446,106108,1
33654,57636,11251,91290,44905,68887,0
39499,74201,18954,113700,58453,93155,0
53949,22352,38906,76301,92855,61258,1
20464,82688,6886,103152,27350,89574,0
92236,63906,90774,156142,183010,154680,1
49637,75755,61718,125392,111355,137473,1
82825,14577,5456,97402,88281,20033,0
55865,82902,45660,138767,101525,128562,1
96391,60143,27533,156534,123924,87676,0
33045,88409,13553,121454,46598,101962,0
2702,93009,10516,95711,13218,103525,0
75070,83352,25601,158422,100671,108953,1
24071,17183,32845,41254,56916,50028,1
50792,54153,76731,104945,127523,130884,1
99961,94355,85626,194316,185587,179981,1
58990,98016,37937,157006,96927,135953,0
14351,64486,77315,78837,91666,141801,1
94484,64311,13854,158795,108338,78165,0
60524,77938,59942,138462,120466,137880,1
44430,41338,81349,85768,125779,122687,1
76323,60430,5684,136753,82007,66114,0
76699,26178,33443,102877,110142,59621,0
51571,75838,16628,127409,68199,92466,0
52186,31748,66431,83934,118617,98179,1
63599,29344,20788,92943,84387,50132,0
46710,44988,43354,91698,90064,88342,1
6616,64220,4932,70836,11548,69152,0
18686,16422,46254,35108,64940,62676,0
88589,38279,36800,126868,125389,75079,0
37015,1138,78031,38153,115046,79169,0
33315,42552,64460,75867,97775,107012,1
51179,56294,20045,107473,71224,76339,1
75214,93083,95095,168297,170309,188178,1
38993,13989,24697,52982,63690,38686,0
7033,20291,39532,27324,46565,59823,0
24946,86439,18525,111385,43471,104964,0
63135,76505,10224,139640,73359,86729,0
32505,90212,95594,122717,128099,185806,1
42443,62009,1842,104452,44285,63851,0
25185,48495,56902,73680,82087,105397,1
2011,80094,77116,82105,79127,157210,0
43069,60657,4133,103726,47202,64790,0
93457,78864,84265,172321,177722,163129,1
22876,2226,77753,25102,100629,79979,0
30311,83562,9857,113873,40168,93419,0
1925,25135,61454,27060,63379,86589,0
38372,14401,81425,52773,119797,95826,0
55752,46401,27387,102153,83139,73788,1
99009,83801,39108,182810,138117,122909,1
59250,44778,32462,104028,91712,77240,1
12868,86211,24266,99079,37134,110477,0
59141,57370,36542,116511,95683,93912,1
40472,16118,2046,56590,42518,18164,0
51950,12175,17142,64125,69092,29317,0
90321,66770,32519,157091,122840,99289,1
89405,34515,68064,123920,157469,102579,1
38804,22259,67598,61063,106402,89857,0
90413,27780,14456,118193,104869,42236,0
44830,12294,33986,57124,78816,46280,1
24672,88708,58311,113380,82983,147019,0
8540,6938,94957,15478,103497,101895,0
64457,54007,79576,118464,144033,133583,1
8769,73892,25512,82661,34281,99404,0
30724,38171,49573,68895,80297,87744,1
54104,6967,7416,61071,61520,14383,0
840,84621,95080,85461,95920,179701,0
28519,23924,11772,52443,40291,35696,1
7891,73980,61217,81871,69108,135197,0
68209,81717,5825,149926,74034,87542,0
90412,5183,13214,95595,103626,18397,0
26118,58720,91589,84838,117707,150309,0
50619,97543,62222,148162,112841,159765,1
34871,66345,88665,101216,123536,155010,1
85322,42295,9524,127617,94846,51819,0
4769,10830,70538,15599,75307,81368,0
85053,50706,44263,135759,129316,94969,1
83835,53264,7674,137099,91509,60938,0
38402,2393,97837,40795,136239,100230,0
15265,72490,4345,87755,19610,76835,0
55368,87555,48641,142923,104009,136196,1
22717,45065,78476,67782,101193,123541,0
45444,89000,59065,134444,104509,148065,1
49185,8154,90008,57339,139193,98162,0
66204,61841,96620,128045,162824,158461,1
32431,58196,99331,90627,131762,157527,0
39558,83913,22012,123471,61570,105925,0
20438,44164,65254,64602,85692,109418,0
45668,38186,10699,83854,56367,48885,1
21342,5129,15834,26471,37176,20963,0
92932,78354,14265,171286,107197,92619,0
63584,49488,42382,113072,105966,91870,1
15984,98597,29639,114581,45623,128236,0
2119,88782,26960,90901,29079,115742,0
81824,54741,12806,136565,94630,67547,0
7191,17212,58298,24403,65489,75510,0
51260,74774,79569,126034,130829,154343,1
40390,66977,57391,107367,97781,124368,1
17915,46248,76418,64163,94333,122666,0
63198,77344,54456,140542,117654,131800,1
44769,63706,49794,108475,94563,113500,1
42191,54132,64335,96323,106526,118467,1
88382,88552,89147,176934,177529,177699,1
68485,98473,28421,166958,96906,126894,0
73769,50030,98763,123799,172532,148793,1
58462,55080,80984,113542,139446,136064,1
7032,46441,59272,53473,66304,105713,0
34294,2013,72748,36307,107042,74761,0
43813,85020,14284,128833,58097,99304,0
89048,48579,36078,137627,125126,84657,0
37006,19875,17549,56881,54555,37424,1
20817,18907,38594,39724,59411,57501,1
81624,71362,60882,152986,142506,132244,1
95406,7242,3198,102648,98604,10440,0
51933,25874,67469,77807,119402,93343,1
98364,13834,44307,112198,142671,58141,0
16412,50516,26250,66928,42662,76766,0
37139,47060,15026,84199,52165,62086,1
8869,83715,83128,92584,91997,166843,1
41403,72959,79910,114362,121313,152869,1
42583,95312,20446,137895,63029,115758,0
94302,87139,40203,181441,134505,127342,1
37664,70877,55020,108541,92684,125897,1
35549,52180,69002,87729,104551,121182,1
42411,2694,57614,45105,100025,60308,0
5015,59654,99964,64669,104979,159618,0
17453,53369,88838,70822,106291,142207,0
92399,51576,99691,143975,192090,151267,1
74372,16756,5903,91128,80275,22659,0
71731,72031,49502,143762,121233,121533,1
22369,47803,6293,70172,28662,54096,0
19249,42834,81223,62083,100472,124057,0
44615,51468,8199,96083,52814,59667,1
91170,51383,11436,142553,102606,62819,0
84938,38720,64719,123658,149657,103439,1
17928,84671,53998,102599,71926,138669,0
76058,58105,52950,134163,129008,111055,1
45253,77594,58402,122847,103655,135996,1
7033,26304,50412,33337,57445,76716,0
75524,49715,65461,125239,140985,115176,1
2756,2588,35036,5344,37792,37624,0
75169,40899,47636,116068,122805,88535,1
82266,8822,7278,91088,89544,16100,0
6639,81664,58336,88303,64975,140000,0
47311,55149,41255,102460,88566,96404,1
90775,42213,3411,132988,94186,45624,0
88349,89407,39022,177756,127371,128429,1
44711,71843,65545,116554,110256,137388,1
32761,99457,36907,132218,69668,136364,0
39605,6607,77687,46212,117292,84294,0
28662,30565,53952,59227,82614,84517,1
15688,31585,65235,47273,80923,96820,0
92081,78010,19902,170091,111983,97912,1
19227,49798,85672,69025,104899,135470,0
71986,47542,88022,119528,160008,135564,1
58096,24711,56677,82807,114773,81388,1
35823,7554,69981,43377,105804,77535,0
84050,17867,22143,101917,106193,40010,0
38379,93187,19018,131566,57397,112205,0
53161,22294,87339,75455,140500,109633,0
59484,64829,72943,124313,132427,137772,1
68747,20489,96938,89236,165685,117427,0
18159,3664,9004,21823,27163,12668,0
57084,62187,86292,119271,143376,148479,1
97082,85717,68907,182799,165989,154624,1
78532,23083,40553,101615,119085,63636,0
57887,23597,16812,81484,74699,40409,0
45027,99113,78154,144140,123181,177267,1
62030,43600,78767,105630,140797,122367,1
45303,11050,54242,56353,99545,65292,1
37978,20493,6894,58471,44872,27387,0
98207,94386,47058,192593,145265,141444,1
59497,25701,62437,85198,121934,88138,1
75926,54488,43588,130414,119514,98076,1
302,12672,37619,12974,37921,50291,0
49999,91608,89187,141607,139186,180795,1
13551,16550,23426,30101,36977,39976,1
81280,22877,29068,104157,110348,51945,0
36976,46401,59590,83377,96566,105991,1
87628,90785,84001,178413,171629,174786,1
69077,67435,76606,136512,145683,144041,1
26401,46766,54363,73167,80764,101129,1
45065,14339,75976,59404,121041,90315,0
37259,70737,75830,107996,113089,146567,1
58381,26294,95836,84675,154217,122130,0
89349,97127,22346,186476,111695,119473,1
31615,19789,89622,51404,121237,109411,0
26479,29115,2338,55594,28817,31453,0
14831,88138,61539,102969,76370,149677,0
65603,77288,57468,142891,123071,134756,1
24520,68164,40678,92684,65198,108842,0
28538,52578,86443,81116,114981,139021,0
98186,69056,13717,167242,111903,82773,0
59463,65415,40044,124878,99507,105459,1
72766,69097,79960,141863,152726,149057,1
21126,84848,97723,105974,118849,182571,1
17141,6050,49646,23191,66787,55696,0
78830,21924,86842,100754,165672,108766,1
32160,70876,24933,103036,57093,95809,0
41028,92402,95102,133430,136130,187504,1
41390,67556,635,108946,42025,68191,0
75050,43516,46726,118566,121776,90242,1
44638,99280,34095,143918,78733,133375,0
73170,89253,96487,162423,169657,185740,1
94504,70261,85666,164765,180170,155927,1
3302,80023,94567,83325,97869,174590,0
95597,51132,14349,146729,109946,65481,0
17275,58747,20326,76022,37601,79073,0
78692,74182,9769,152874,88461,83951,1
93612,18058,71413,111670,165025,89471,0
91920,16378,9731,108298,101651,26109,0
41807,80680,83615,122487,125422,164295,1
19514,7286,56155,26800,75669,63441,0
53630,80436,57794,134066,111424,138230,1
39587,77980,50546,117567,90133,128526,1
14874,89302,38562,104176,53436,127864,0
34895,11482,16228,46377,51123,27710,0
73138,94537,78449,167675,151587,172986,1
49429,16378,62838,65807,112267,79216,1
21447,34027,65115,55474,86562,99142,0
98617,24705,14025,123322,112642,38730,0
10734,86416,72541,97150,83275,158957,0
22946,78235,20183,101181,43129,98418,0
27558,42385,16955,69943,44513,59340,1
19305,4629,6783,23934,26088,11412,0
7768,70346,80233,78114,88001,150579,0
93937,48328,4608,142265,98545,52936,0
90174,22576,41629,112750,131803,64205,0
30884,53373,34689,84257,65573,88062,1
40655,18463,5456,59118,46111,23919,0
67570,5126,439,72696,68009,5565,0
6337,67318,80833,73655,87170,148151,0
90107,41804,92506,131911,182613,134310,1
98384,85989,24147,184373,122531,110136,1
55509,11585,3308,67094,58817,14893,0
53820,31160,93513,84980,147333,124673,0
85471,87827,57524,173298,142995,145351,1
69293,62368,4735,131661,74028,67103,0
24835,79448,88508,104283,113343,167956,1
68656,96117,60629,164773,129285,156746,1
6028,36552,10459,42580,16487,47011,0
86345,94695,86829,181040,173174,181524,1
57573,26771,22698,84344,80271,49469,0
57834,50645,82569,108479,140403,133214,1
78446,45759,70399,124205,148845,116158,1
83732,69712,2014,153444,85746,71726,0
94041,5485,97172,99526,191213,102657,1
42777,89198,67132,131975,109909,156330,1
31586,79108,69452,110694,101038,148560,1
27032,62827,98007,89859,125039,160834,0
35501,87666,80494,123167,115995,168160,1
82309,43335,81826,125644,164135,125161,1
19876,60736,70485,80612,90361,131221,1
29027,39310,50825,68337,79852,90135,1
85384,29430,73914,114814,159298,103344,1
89823,54372,92939,144195,182762,147311,1
81576,33238,96646,114814,178222,129884,1
54230,52363,62967,106593,117197,115330,1
43947,81409,99991,125356,143938,181400,1
17322,85187,98613,102509,115935,183800,1
76465,56459,95060,132924,171525,151519,1
76041,48434,37003,124475,113044,85437,1
76491,12606,71452,89097,147943,84058,1
27033,69191,95220,96224,122253,164411,1
38681,83960,29083,122641,67764,113043,0
94920,35561,96213,130481,191133,131774,1
22550,34511,22425,57061,44975,56936,1
29480,25496,88213,54976,117693,113709,0
22331,66952,42894,89283,65225,109846,0
22176,54517,28131,76693,50307,82648,0
94647,87047,29053,181694,123700,116100,1
97857,44062,5351,141919,103208,49413,0
4039,14102,41158,18141,45197,55260,0
67367,56842,75976,124209,143343,132818,1
81933,43042,49839,124975,131772,92881,1
46374,47897,81470,94271,127844,129367,1
80113,18081,70589,98194,150702,88670,1
82943,43404,55157,126347,138100,98561,1
54268,55521,11684,109789,65952,67205,1
28346,22968,18772,51314,47118,41740,1
40257,54345,23571,94602,63828,77916,1
97313,42205,60429,139518,157742,102634,1
48365,99533,14881,147898,63246,114414,0
75783,12161,79922,87944,155705,92083,1
33117,92102,64611,125219,97728,156713,1
93251,83174,27083,176425,120334,110257,1
88951,92686,24039,181637,112990,116725,1
98082,45711,10887,143793,108969,56598,0
35041,61401,33261,96442,68302,94662,1
40216,922,35288,41138,75504,36210,0
54392,90324,99975,144716,154367,190299,1
32557,20609,51485,53166,84042,72094,1
53875,58195,54068,112070,107943,112263,1
10178,55997,22984,66175,33162,78981,0
73094,45959,20164,119053,93258,66123,0
36879,5630,37149,42509,74028,42779,1
9901,30281,98924,40182,108825,129205,0
93761,77242,29504,171003,123265,106746,1
97911,83734,91106,181645,189017,174840,1
70002,59398,92956,129400,162958,152354,1
25145,79257,71232,104402,96377,150489,1
51667,97978,54901,149645,106568,152879,1
60936,46599,26044,107535,86980,72643,1
42443,7446,13589,49889,56032,21035,0
21088,10763,8635,31851,29723,19398,0
36053,80759,89047,116812,125100,169806,1
84907,54278,12083,139185,96990,66361,0
89020,13751,54172,102771,143192,67923,0
33594,23426,99009,57020,132603,122435,0
64315,57294,26065,121609,90380,83359,1
17647,14170,12255,31817,29902,26425,1
31157,11039,54091,42196,85248,65130,0
32436,74724,97922,107160,130358,172646,1
24371,31591,89670,55962,114041,121261,0
95461,73415,11185,168876,106646,84600,0
98606,30278,87354,128884,185960,117632,1
49300,76644,85512,125944,134812,162156,1
11461,20332,29999,31793,41460,50331,1
88577,54055,77857,142632,166434,131912,1
70469,30606,52996,101075,123465,83602,1
94522,61009,60352,155531,154874,121361,1
62518,36484,79766,99002,142284,116250,1
10151,59150,43647,69301,53798,102797,0
16413,69203,29403,85616,45816,98606,0
69490,66900,86759,136390,156249,153659,1
84996,51043,19306,136039,104302,70349,0
96864,62751,168,159615,97032,62919,0
69369,2155,12373,71524,81742,14528,0
97046,52346,45400,149392,142446,97746,1
37370,10293,84857,47663,122227,95150,0
20235,2028,49384,22263,69619,51412,0
32647,39166,48359,71813,81006,87525,1
11875,57528,26503,69403,38378,84031,0
40399,42138,84875,82537,125274,127013,0
29737,31864,15019,61601,44756,46883,1
52020,78545,97397,130565,149417,175942,1
53589,20145,13594,73734,67183,33739,0
63609,28693,42668,92302,106277,71361,1
15675,63535,24120,79210,39795,87655,0
92341,92880,73401,185221,165742,166281,1
50037,54906,97381,104943,147418,152287,1
10075,15077,76225,25152,86300,91302,0
74117,83834,32524,157951,106641,116358,1
92449,67246,33374,159695,125823,100620,1
17478,13391,46331,30869,63809,59722,0
75023,16751,29201,91774,104224,45952,0
50634,87732,56369,138366,107003,144101,1
28880,96171,28915,125051,57795,125086,0
48785,80149,82184,128934,130969,162333,1
95222,75770,5976,170992,101198,81746,0
777,31245,79608,32022,80385,110853,0
75899,81629,34723,157528,110622,116352,1
85186,63287,54529,148473,139715,117816,1
58261,93795,64216,152056,122477,158011,1
41527,6179,81295,47706,122822,87474,0
22033,31399,23865,53432,45898,55264,1
15752,17427,20961,33179,36713,38388,1
41569,34274,55791,75843,97360,90065,1
96350,61928,6716,158278,103066,68644,0
68346,57165,31084,125511,99430,88249,1
31042,8700,93816,39742,124858,102516,0
80001,7526,64149,87527,144150,71675,0
15960,14823,7260,30783,23220,22083,1
93579,2488,67637,96067,161216,70125,0
16934,30806,59976,47740,76910,90782,0
66359,23177,17778,89536,84137,40955,0
93879,80809,2267,174688,96146,83076,0
74405,36446,27674,110851,102079,64120,0
30785,93104,59852,123889,90637,152956,0
26112,90204,78090,116316,104202,168294,1
71739,44277,77021,116016,148760,121298,1
8937,74246,83955,83183,92892,158201,0
98773,4122,34266,102895,133039,38388,0
38272,82443,20575,120715,58847,103018,0
29001,25625,97184,54626,126185,122809,0
68337,95794,55507,164131,123844,151301,1
12885,2837,30877,15722,43762,33714,0
55801,109,84711,55910,140512,84820,0
44222,90891,48609,135113,92831,139500,1
80177,49314,3931,129491,84108,53245,0
81289,81902,81823,163191,163112,163725,1
64740,59124,99055,123864,163795,158179,1
15746,35734,94735,51480,110481,130469,0
3332,26925,90920,30257,94252,117845,0
14508,59264,3290,73772,17798,62554,0
32428,85415,75054,117843,107482,160469,1
50826,1152,5049,51978,55875,6201,0
67448,57011,47257,124459,114705,104268,1
19863,15712,73017,35575,92880,88729,0
60535,72376,5460,132911,65995,77836,0
43775,12967,47127,56742,90902,60094,1
55948,23699,54925,79647,110873,78624,1
6374,58436,32802,64810,39176,91238,0
66142,31452,53728,97594,119870,85180,1
21734,25630,31413,47364,53147,57043,1
65825,12944,37461,78769,103286,50405,0
70107,49412,58112,119519,128219,107524,1
63002,64523,37170,127525,100172,101693,1
53646,76665,52294,130311,105940,128959,1
68204,51797,4795,120001,72999,56592,0
13187,69470,39918,82657,53105,109388,0
83713,48526,59251,132239,142964,107777,1
60794,24075,50739,84869,111533,74814,1
48127,81375,79384,129502,127511,160759,1
64130,79460,95662,143590,159792,175122,1
71698,64257,11539,135955,83237,75796,1
85212,74003,82546,159215,167758,156549,1
96290,45187,17992,141477,114282,63179,0
11534,82123,47920,93657,59454,130043,0
66075,2836,20705,68911,86780,23541,0
66065,73091,10724,139156,76789,83815,1
257,49613,75062,49870,75319,124675,0
62257,96411,20612,158668,82869,117023,0
12713,28300,31860,41013,44573,60160,1
91367,12636,78141,104003,169508,90777,0
45024,18990,62985,64014,108009,81975,1
80272,16560,97411,96832,177683,113971,0
9395,68406,50496,77801,59891,118902,0
73836,52557,1952,126393,75788,54509,0
2236,52497,89252,54733,91488,141749,0
87006,377,82272,87383,169278,82649,0
21381,69291,17494,90672,38875,86785,0
64209,83475,13500,147684,77709,96975,0
15897,2974,25459,18871,41356,28433,0
19823,62205,96165,82028,115988,158370,0
38630,47366,48546,85996,87176,95912,1
49389,44036,98550,93425,147939,142586,0
49138,32,58623,49170,107761,58655,0
17347,23481,83221,40828,100568,106702,0
5460,84015,99241,89475,104701,183256,0
21000,44320,31251,65320,52251,75571,1
61931,9801,76496,71732,138427,86297,0
86814,89085,19626,175899,106440,108711,1
52407,63140,90107,115547,142514,153247,1
54368,29887,3559,84255,57927,33446,0
84297,33554,75758,117851,160055,109312,1
19205,7731,36395,26936,55600,44126,0
32012,99416,31347,131428,63359,130763,0
34844,54359,86041,89203,120885,140400,1
76569,82386,84984,158955,161553,167370,1
89049,94951,58596,184000,147645,153547,1
60533,72805,55968,133338,116501,128773,1
93082,10539,77194,103621,170276,87733,0
89075,84477,15189,173552,104264,99666,1
45961,32558,25422,78519,71383,57980,1
60650,49322,48093,109972,108743,97415,1
98413,7369,96940,105782,195353,104309,1
92508,58800,24589,151308,117097,83389,0
93969,28874,24873,122843,118842,53747,0
23793,1809,50647,25602,74440,52456,0
63399,12203,22764,75602,86163,34967,0
61148,96114,83538,157262,144686,179652,1
57621,22431,45006,80052,102627,67437,1
24202,73678,1458,97880,25660,75136,0
82573,79335,56475,161908,139048,135810,1
85021,78990,72266,164011,157287,151256,1
44281,92541,64037,136822,108318,156578,1
46743,26057,84748,72800,131491,110805,0
63569,60629,92588,124198,156157,153217,1
46656,5102,98485,51758,145141,103587,0
9868,21566,72406,31434,82274,93972,0
19947,2923,36172,22870,56119,39095,0
87045,24101,83988,111146,171033,108089,1
1817,98973,81876,100790,83693,180849,0
96953,15145,92335,112098,189288,107480,1
73523,21521,30994,95044,104517,52515,0
82155,39750,78286,121905,160441,118036,1
19222,11844,44190,31066,63412,56034,0
60245,49455,72698,109700,132943,122153,1
91642,92941,9171,184583,100813,102112,1
45923,73563,52126,119486,98049,125689,1
69347,55008,44435,124355,113782,99443,1
70570,8755,1070,79325,71640,9825,0
65519,50533,95845,116052,161364,146378,1
76465,26636,42333,103101,118798,68969,0
30953,94177,21810,125130,52763,115987,0
35335,15913,79609,51248,114944,95522,0
12797,3203,42615,16000,55412,45818,0
69783,2531,83902,72314,153685,86433,0
21315,32849,43775,54164,65090,76624,1
93256,1179,68065,94435,161321,69244,0
60409,10333,80963,70742,141372,91296,0
84187,70046,66574,154233,150761,136620,1
48704,47361,15458,96065,64162,62819,1
30018,13421,44202,43439,74220,57623,0
60232,48750,63268,108982,123500,112018,1
58220,87565,12284,145785,70504,99849,0
34946,64912,72933,99858,107879,137845,1
64027,87694,60908,151721,124935,148602,1
2525,20683,56227,23208,58752,76910,0
23755,65884,40735,89639,64490,106619,0
63172,43150,1131,106322,64303,44281,0
86609,98280,80507,184889,167116,178787,1
86945,72025,70843,158970,157788,142868,1
22957,72899,88466,95856,111423,161365,1
66326,23205,57286,89531,123612,80491,1
98565,7946,96335,106511,194900,104281,1
89266,21841,36627,111107,125893,58468,0
36963,95786,11334,132749,48297,107120,0
31194,91075,76211,122269,107405,167286,1
85711,92484,197,178195,85908,92681,0
48953,61361,26457,110314,75410,87818,1
42740,52446,59130,95186,101870,111576,1
4307,61095,59654,65402,63961,120749,1
64886,48042,1175,112928,66061,49217,0
77824,46214,38204,124038,116028,84418,1
13731,8148,17843,21879,31574,25991,1
45716,97999,72523,143715,118239,170522,1
51907,47778,35078,99685,86985,82856,1
77113,55721,93712,132834,170825,149433,1
75359,89779,15176,165138,90535,104955,1
99439,59923,4544,159362,103983,64467,0
88598,47440,47039,136038,135637,94479,1
45878,4289,96279,50167,142157,100568,0
66734,22958,23768,89692,90502,46726,0
29452,55358,89937,84810,119389,145295,0
34767,2284,2181,37051,36948,4465,0
59833,72379,63924,132212,123757,136303,1
26473,60172,94666,86645,121139,154838,0
54991,67221,60858,122212,115849,128079,1
60279,68280,49822,128559,110101,118102,1
17480,84360,21195,101840,38675,105555,0
32032,53777,65679,85809,97711,119456,1
20677,53390,96133,74067,116810,149523,0
23209,2414,99554,25623,122763,101968,0
24869,54485,50863,79354,75732,105348,1
95303,30342,23240,125645,118543,53582,0
86683,69762,81806,156445,168489,151568,1
25378,49939,30304,75317,55682,80243,1
77770,50131,17759,127901,95529,67890,0
29633,40190,62783,69823,92416,102973,1
85518,36743,64767,122261,150285,101510,1
69953,84278,65735,154231,135688,150013,1
32472,48475,11350,80947,43822,59825,0
27325,25817,42367,53142,69692,68184,1
79489,31030,63851,110519,143340,94881,1
85979,19910,45204,105889,131183,65114,0
13077,18348,53317,31425,66394,71665,0
40759,56012,72363,96771,113122,128375,1
61888,75077,99712,136965,161600,174789,1
31453,74617,33913,106070,65366,108530,0
53876,72891,78809,126767,132685,151700,1
8713,73798,93050,82511,101763,166848,0
95626,29662,27559,125288,123185,57221,0
93377,96763,20884,190140,114261,117647,1
30605,701,95425,31306,126030,96126,0
75631,15736,7030,91367,82661,22766,0
35920,46990,3081,82910,39001,50071,0
77771,16768,39476,94539,117247,56244,0
26318,70112,54728,96430,81046,124840,1
10412,8680,10409,19092,20821,19089,1
17597,18936,17988,36533,35585,36924,1
28362,76939,97816,105301,126178,174755,1
56980,71004,88479,127984,145459,159483,1
9879,50843,71604,60722,81483,122447,0
19248,16550,15832,35798,35080,32382,1
85122,78053,42283,163175,127405,120336,1
84674,96171,55062,180845,139736,151233,1
71076,47427,30245,118503,101321,77672,1
23851,36544,80269,60395,104120,116813,0
15213,35121,47131,50334,62344,82252,1
10521,22408,97528,32929,108049,119936,0
7058,26175,69641,33233,76699,95816,0
5774,8583,98300,14357,104074,106883,0
24220,89704,49476,113924,73696,139180,0
23347,36800,9518,60147,32865,46318,0
48352,71618,7681,119970,56033,79299,0
68968,44621,8838,113589,77806,53459,0
27431,92642,29903,120073,57334,122545,0
6942,75257,14852,82199,21794,90109,0
94651,98293,94994,192944,189645,193287,1
48816,29742,38836,78558,87652,68578,1
1359,40412,1355,41771,2714,41767,0
60890,53116,63903,114006,124793,117019,1
16950,12897,7749,29847,24699,20646,1
20510,66535,87340,87045,107850,153875,0
4742,49859,73839,54601,78581,123698,0
94183,34569,1871,128752,96054,36440,0
1503,19514,29272,21017,30775,48786,0
54831,59850,29145,114681,83976,88995,1
61889,35111,92842,97000,154731,127953,1
17691,35746,95719,53437,113410,131465,0
53478,24098,2770,77576,56248,26868,0
65030,12625,33361,77655,98391,45986,0
863,64034,47446,64897,48309,111480,0
42076,42066,79258,84142,121334,121324,1
34338,8137,70181,42475,104519,78318,0
79100,21732,54953,100832,134053,76685,0
59266,72740,57459,132006,116725,130199,1
3909,81398,78761,85307,82670,160159,1
76660,82101,87216,158761,163876,169317,1
10901,26030,53131,36931,64032,79161,0
65357,57291,4997,122648,70354,62288,0
17407,44055,84472,61462,101879,128527,0
32939,62477,47534,95416,80473,110011,1
98233,3526,36756,101759,134989,40282,0
34866,57908,40271,92774,75137,98179,1
2434,81391,94596,83825,97030,175987,0
90936,80884,15215,171820,106151,96099,1
52404,51319,68850,103723,121254,120169,1
55132,18883,39945,74015,95077,58828,1
86947,59168,82199,146115,169146,141367,1
95443,91112,33230,186555,128673,124342,1
26195,87488,60876,113683,87071,148364,0
24953,9549,88508,34502,113461,98057,0
80821,64892,6187,145713,87008,71079,0
24547,95614,98276,120161,122823,193890,1
79668,61362,70282,141030,149950,131644,1
51171,66730,95796,117901,146967,162526,1
47733,76745,26525,124478,74258,103270,0
48701,26892,85251,75593,133952,112143,0
97839,64768,18161,162607,116000,82929,0
99,53305,87097,53404,87196,140402,0
42279,96412,19371,138691,61650,115783,0
55003,58333,38154,113336,93157,96487,1
15183,48144,94846,63327,110029,142990,0
33962,17443,44606,51405,78568,62049,1
53225,49995,85641,103220,138866,135636,1
63649,66515,69034,130164,132683,135549,1
41249,59834,23974,101083,65223,83808,1
16834,2024,92147,18858,108981,94171,0
42278,57302,39113,99580,81391,96415,1
56500,92131,25174,148631,81674,117305,0
40548,59903,37269,100451,77817,97172,1
59437,23037,10763,82474,70200,33800,0
20893,79783,65036,100676,85929,144819,1
70455,45291,18627,115746,89082,63918,0
93573,33568,67321,127141,160894,100889,1
16179,11678,6601,27857,22780,18279,1
21720,61073,66048,82793,87768,127121,1
88324,13012,70863,101336,159187,83875,0
16835,15918,37784,32753,54619,53702,0
29111,80898,51811,110009,80922,132709,1
67586,4592,41991,72178,109577,46583,0
96322,86413,18733,182735,115055,105146,1
97665,35509,73770,133174,171435,109279,1
3849,10212,2105,14061,5954,12317,0
74795,70001,13058,144796,87853,83059,1
3672,55704,6276,59376,9948,61980,0
30280,91116,82373,121396,112653,173489,1
66656,20689,75818,87345,142474,96507,1
98994,95617,70376,194611,169370,165993,1
67000,32431,39164,99431,106164,71595,1
74089,19061,62555,93150,136644,81616,1
7366,97613,11865,104979,19231,109478,0
85025,1498,43112,86523,128137,44610,0
9300,792,2313,10092,11613,3105,0
25593,51325,29147,76918,54740,80472,1
64566,46888,72137,111454,136703,119025,1
43856,49956,37337,93812,81193,87293,1
84471,40556,58493,125027,142964,99049,1
83310,99839,68760,183149,152070,168599,1
88868,9868,49845,98736,138713,59713,0
41674,56542,82714,98216,124388,139256,1
27072,71094,78558,98166,105630,149652,1
50794,12873,857,63667,51651,13730,0
12269,42138,71240,54407,83509,113378,0
76051,85657,72078,161708,148129,157735,1
65736,81029,12427,146765,78163,93456,0
24123,63974,87381,88097,111504,151355,1
54685,5083,38565,59768,93250,43648,0
58300,14238,46249,72538,104549,60487,1
83748,38777,4109,122525,87857,42886,0
1047,26993,4765,28040,5812,31758,0
72010,37760,56481,109770,128491,94241,1
24112,85097,93478,109209,117590,178575,1
9868,96453,74030,106321,83898,170483,0
77177,94100,15193,171277,92370,109293,0
18752,29245,24594,47997,43346,53839,1
47806,5419,18671,53225,66477,24090,0
8787,19319,55752,28106,64539,75071,0
28815,19238,48676,48053,77491,67914,0
82145,19117,98090,101262,180235,117207,1
48637,41198,34383,89835,83020,75581,1
79760,74553,45187,154313,124947,119740,1
44070,9260,83775,53330,127845,93035,0
96438,84498,53808,180936,150246,138306,1
25807,99888,5933,125695,31740,105821,0
69768,18650,52362,88418,122130,71012,1
9907,60404,85843,70311,95750,146247,0
32504,66424,50007,98928,82511,116431,1
30792,74884,85202,105676,115994,160086,1
35033,30406,14486,65439,49519,44892,1
39858,28699,5147,68557,45005,33846,0
29292,83223,29546,112515,58838,112769,0
47493,21985,61480,69478,108973,83465,1
30878,16753,73910,47631,104788,90663,0
99034,5739,9837,104773,108871,15576,0
61729,47318,85721,109047,147450,133039,1
3463,89753,50,93216,3513,89803,0
75248,72190,23898,147438,99146,96088,1
33526,56027,60991,89553,94517,117018,1
19234,31101,79732,50335,98966,110833,0
19718,31910,97333,51628,117051,129243,0
58562,86888,32567,145450,91129,119455,1
42852,93376,74215,136228,117067,167591,1
90515,55716,37499,146231,128014,93215,1
25675,78565,54651,104240,80326,133216,1
90751,58044,88736,148795,179487,146780,1
14639,72434,28797,87073,43436,101231,0
45478,28638,94821,74116,140299,123459,0
12504,40958,116,53462,12620,41074,0
16307,32658,25811,48965,42118,58469,1
14061,33590,24239,47651,38300,57829,1
64294,57276,8228,121570,72522,65504,1
10457,80147,11488,90604,21945,91635,0
71134,1080,30721,72214,101855,31801,0
19973,2789,51055,22762,71028,53844,0
60532,44104,531,104636,61063,44635,0
90444,12780,84196,103224,174640,96976,1
2479,53000,57116,55479,59595,110116,0
36863,26396,86998,63259,123861,113394,0
49574,59991,18876,109565,68450,78867,1
11693,16872,95721,28565,107414,112593,0
30870,74883,6747,105753,37617,81630,0
43385,11058,19819,54443,63204,30877,0
64556,57035,9710,121591,74266,66745,1
66863,91484,36281,158347,103144,127765,1
85941,62746,27335,148687,113276,90081,1
1956,60683,86305,62639,88261,146988,0
75690,49194,42525,124884,118215,91719,1
21862,86831,7732,108693,29594,94563,0
41318,19668,62123,60986,103441,81791,0
38225,39928,49194,78153,87419,89122,1
8995,81070,60034,90065,69029,141104,0
81801,63095,64065,144896,145866,127160,1
15303,73778,32374,89081,47677,106152,0
94276,30336,94472,124612,188748,124808,1
42309,90651,36428,132960,78737,127079,0
85226,36820,95177,122046,180403,131997,1
41017,74683,55732,115700,96749,130415,1
95018,15816,63588,110834,158606,79404,0
45111,10733,79212,55844,124323,89945,0
64985,33653,98836,98638,163821,132489,0
18950,50970,95217,69920,114167,146187,0
12858,41096,38810,53954,51668,79906,1
97912,19545,5983,117457,103895,25528,0
93052,99582,92717,192634,185769,192299,1
72416,19708,40751,92124,113167,60459,0
99703,96481,48356,196184,148059,144837,1
21036,43075,43593,64111,64629,86668,1
29705,55897,50330,85602,80035,106227,1
50340,10456,58835,60796,109175,69291,1
12491,80143,73698,92634,86189,153841,1
38395,14976,83278,53371,121673,98254,0
83176,49379,13672,132555,96848,63051,0
85265,70630,29424,155895,114689,100054,1
52562,92502,41723,145064,94285,134225,1
67823,31617,60013,99440,127836,91630,1
67146,74470,97590,141616,164736,172060,1
53598,2630,93921,56228,147519,96551,0
1830,34210,20555,36040,22385,54765,0
50072,85594,51646,135666,101718,137240,1
10913,57884,90446,68797,101359,148330,0
30545,64105,1051,94650,31596,65156,0
24015,55334,64281,79349,88296,119615,1
80120,63600,48543,143720,128663,112143,1
5497,93310,64222,98807,69719,157532,0
18075,55812,12102,73887,30177,67914,0
17935,29808,29457,47743,47392,59265,1
98124,44260,78458,142384,176582,122718,1
59336,25145,45564,84481,104900,70709,1
8729,2393,7085,11122,15814,9478,1
71921,79551,31606,151472,103527,111157,1
51359,94085,19059,145444,70418,113144,0
52058,96472,10172,148530,62230,106644,0
5014,62953,2549,67967,7563,65502,0
38614,64620,73874,103234,112488,138494,1
20128,11534,27808,31662,47936,39342,1
65856,10671,19121,76527,84977,29792,0
13703,28039,3463,41742,17166,31502,0
25919,32780,71903,58699,97822,104683,0
77450,63088,71052,140538,148502,134140,1
4050,43393,42368,47443,46418,85761,1
87127,1784,11555,88911,98682,13339,0
78587,67979,56227,146566,134814,124206,1
72191,47734,26547,119925,98738,74281,1
98888,55879,40444,154767,139332,96323,0
75322,39364,38740,114686,114062,78104,1
78144,95071,59256,173215,137400,154327,1
41177,16776,58217,57953,99394,74993,0
39922,69691,2368,109613,42290,72059,0
82751,87248,10841,169999,93592,98089,1
77289,29342,48299,106631,125588,77641,1
37089,88360,58535,125449,95624,146895,1
35533,74807,85656,110340,121189,160463,1
5221,67535,14617,72756,19838,82152,0
84332,52176,57499,136508,141831,109675,1
53090,52011,10545,105101,63635,62556,1
52155,12767,11012,64922,63167,23779,0
1254,33138,76293,34392,77547,109431,0
4102,54500,43709,58602,47811,98209,0
97417,25832,38086,123249,135503,63918,0
4782,999,83805,5781,88587,84804,0
71216,36553,92546,107769,163762,129099,1
18137,10998,17467,29135,35604,28465,1
33824,65008,96244,98832,130068,161252,1
80853,29318,87988,110171,168841,117306,1
23920,9888,89605,33808,113525,99493,0
39209,93626,5226,132835,44435,98852,0
22000,26177,42196,48177,64196,68373,1
74983,69439,43880,144422,118863,113319,1
51935,38820,74510,90755,126445,113330,1
85505,46408,62913,131913,148418,109321,1
98442,11126,21769,109568,120211,32895,0
66525,36635,57316,103160,123841,93951,1
11340,77336,86888,88676,98228,164224,1
72469,35615,62446,108084,134915,98061,1
76229,30024,66304,106253,142533,96328,1
2013,6048,82270,8061,84283,88318,0
72233,78654,65853,150887,138086,144507,1
93107,55467,53189,148574,146296,108656,1
77057,34325,91186,111382,168243,125511,1
44610,79028,94326,123638,138936,173354,1
63665,46293,67968,109958,131633,114261,1
84596,56019,80668,140615,165264,136687,1
45106,19479,55578,64585,100684,75057,1
42426,86529,20184,128955,62610,106713,0
13503,21594,34294,35097,47797,55888,1
29965,8322,65093,38287,95058,73415,0
12980,3101,83649,16081,96629,86750,0
49216,8440,26646,57656,75862,35086,0
35662,27179,13330,62841,48992,40509,1
6486,65204,43081,71690,49567,108285,0
19861,82325,75190,102186,95051,157515,1
35625,25620,28982,61245,64607,54602,1
46939,71068,88731,118007,135670,159799,1
45650,32487,46945,78137,92595,79432,1
59788,96317,10187,156105,69975,106504,0
53559,17262,70785,70821,124344,88047,1
96578,1680,86335,98258,182913,88015,0
31924,12720,35465,44644,67389,48185,1
71697,98868,72314,170565,144011,171182,1
83010,63234,59236,146244,142246,122470,1
48402,57018,62714,105420,111116,119732,1
81103,87800,44371,168903,125474,132171,1
34522,37541,24846,72063,59368,62387,1
15121,85786,34565,100907,49686,120351,0
1468,88347,57750,89815,59218,146097,0
74213,38875,57952,113088,132165,96827,1
51617,8377,93646,59994,145263,102023,0
8215,70043,42608,78258,50823,112651,0
78293,25515,27732,103808,106025,53247,0
19026,86682,85752,105708,104778,172434,1
24846,91591,12113,116437,36959,103704,0
42610,45878,56677,88488,99287,102555,1
13436,96223,52827,109659,66263,149050,0
63720,40769,20328,104489,84048,61097,0
26373,11732,24684,38105,51057,36416,1
12237,99276,37701,111513,49938,136977,0
40112,56240,17034,96352,57146,73274,1
6277,50453,65026,56730,71303,115479,0
94240,76740,26517,170980,120757,103257,1
90705,3658,14227,94363,104932,17885,0
14437,62773,66632,77210,81069,129405,1
24364,35499,49500,59863,73864,84999,1
38251,50338,8437,88589,46688,58775,0
97454,98294,60258,195748,157712,158552,1
93518,70721,98688,164239,192206,169409,1
42371,90748,24858,133119,67229,115606,0
38862,19900,14755,58762,53617,34655,0
44060,1614,68416,45674,112476,70030,0
24426,43239,4826,67665,29252,48065,0
1557,8868,36499,10425,38056,45367,0
36325,30175,30783,66500,67108,60958,1
75443,51236,50147,126679,125590,101383,1
16898,10768,45649,27666,62547,56417,0
75492,23070,92498,98562,167990,115568,1
34927,56742,22688,91669,57615,79430,1
43200,9237,64882,52437,108082,74119,0
79546,6514,43777,86060,123323,50291,0
2376,86762,60280,89138,62656,147042,0
70988,10176,15319,81164,86307,25495,0
38479,19972,25480,58451,63959,45452,1
86269,30950,11025,117219,97294,41975,0
88484,79392,28288,167876,116772,107680,1
51812,76524,5325,128336,57137,81849,0
70232,26616,53686,96848,123918,80302,1
78911,98256,75757,177167,154668,174013,1
63478,48424,7974,111902,71452,56398,0
35399,15250,98951,50649,134350,114201,0
19283,94284,96483,113567,115766,190767,1
74761,83034,85329,157795,160090,168363,1
36739,46663,1817,83402,38556,48480,0
22992,3840,91463,26832,114455,95303,0
38287,78639,70649,116926,108936,149288,1
75955,66366,91816,142321,167771,158182,1
91456,26749,28907,118205,120363,55656,0
8510,12766,39805,21276,48315,52571,0
38541,95695,14077,134236,52618,109772,0
83967,9626,10641,93593,94608,20267,0
94731,30272,53306,125003,148037,83578,0
24561,77479,9952,102040,34513,87431,0
61373,85112,82262,146485,143635,167374,1
12364,16285,40002,28649,52366,56287,0
94927,55736,73108,150663,168035,128844,1
6327,54304,47574,60631,53901,101878,0
20149,47748,30567,67897,50716,78315,1
31824,58442,39930,90266,71754,98372,1
47765,35882,70730,83647,118495,106612,1
54380,81,33949,54461,88329,34030,0
8756,68383,84549,77139,93305,152932,0
44540,63663,99127,108203,143667,162790,1
47690,93210,78472,140900,126162,171682,1
50754,89516,16332,140270,67086,105848,0
71049,91483,66521,162532,137570,158004,1
32102,30764,34651,62866,66753,65415,1
67763,89727,71986,157490,139749,161713,1
44749,22834,63679,67583,108428,86513,1
10713,29593,80318,40306,91031,109911,0
65679,47444,27731,113123,93410,75175,1
90163,67187,25563,157350,115726,92750,1
96676,45605,72996,142281,169672,118601,1
64731,673,81440,65404,146171,82113,0
97387,78336,74333,175723,171720,152669,1
59289,44923,6344,104212,65633,51267,0
77546,81141,35952,158687,113498,117093,1
55859,61536,33792,117395,89651,95328,1
98716,70918,97128,169634,195844,168046,1
37175,97242,55227,134417,92402,152469,0
28574,37258,69316,65832,97890,106574,0
31445,2151,97293,33596,128738,99444,0
58992,15066,42899,74058,101891,57965,0
31741,61092,88676,92833,120417,149768,1
96098,74483,58082,170581,154180,132565,1
38056,62808,40842,100864,78898,103650,1
92270,85150,29050,177420,121320,114200,1
40115,30653,66790,70768,106905,97443,1
29706,81602,64528,111308,94234,146130,1
71401,60958,69513,132359,140914,130471,1
35950,9259,12459,45209,48409,21718,0
38084,47740,43970,85824,82054,91710,1
31298,31490,65518,62788,96816,97008,0
23571,54711,93514,78282,117085,148225,0
94785,59648,14228,154433,109013,73876,0
92804,70952,77548,163756,170352,148500,1
91873,12571,86864,104444,178737,99435,1
84206,98056,25557,182262,109763,123613,1
97764,68071,74290,165835,172054,142361,1
40629,17017,10949,57646,51578,27966,0
8560,63173,8942,71733,17502,72115,0
34935,45705,73677,80640,108612,119382,1
21009,6290,45229,27299,66238,51519,0
14984,50662,14168,65646,29152,64830,0
87511,88710,12915,176221,100426,101625,1
17729,57095,84501,74824,102230,141596,0
64518,18731,3435,83249,67953,22166,0
19998,79970,43988,99968,63986,123958,0
20941,57975,67851,78916,88792,125826,1
16740,85031,72226,101771,88966,157257,1
87924,18388,99216,106312,187140,117604,1
28568,28783,76482,57351,105050,105265,0
642,86251,88718,86893,89360,174969,0
98099,41779,27117,139878,125216,68896,0
42496,13974,66839,56470,109335,80813,0
50784,39326,20101,90110,70885,59427,1
11658,61293,3662,72951,15320,64955,0
10920,33767,35986,44687,46906,69753,1
53996,23022,88186,77018,142182,111208,0
6835,38316,2628,45151,9463,40944,0
81514,38586,31897,120100,113411,70483,0
89213,79641,7915,168854,97128,87556,0
66849,37424,83194,104273,150043,120618,1
79588,37922,60517,117510,140105,98439,1
97129,29935,91820,127064,188949,121755,1
88631,53218,51993,141849,140624,105211,1
36735,22890,34462,59625,71197,57352,1
11898,65664,65628,77562,77526,131292,1
38762,61503,4982,100265,43744,66485,0
49045,8618,78920,57663,127965,87538,0
77324,30486,48683,107810,126007,79169,1
59874,13003,35415,72877,95289,48418,0
76779,66198,21497,142977,98276,87695,1
54807,64050,54538,118857,109345,118588,1
77350,87146,45830,164496,123180,132976,1
51168,39012,20789,90180,71957,59801,1
56981,23210,28897,80191,85878,52107,0
21170,88134,25787,109304,46957,113921,0
99579,86231,70365,185810,169944,156596,1
8155,24800,64975,32955,73130,89775,0
23482,38124,52304,61606,75786,90428,1
34151,49520,52418,83671,86569,101938,1
58446,34288,75930,92734,134376,110218,1
7507,92687,51429,100194,58936,144116,0
23485,79304,36089,102789,59574,115393,0
4454,92997,46686,97451,51140,139683,0
14383,17556,14510,31939,28893,32066,1
35026,40309,50844,75335,85870,91153,1
38313,44830,76666,83143,114979,121496,1
90544,38893,79238,129437,169782,118131,1
46058,11604,14424,57662,60482,26028,0
19644,82835,8586,102479,28230,91421,0
98306,38332,26477,136638,124783,64809,0
41933,75339,67363,117272,109296,142702,1
47479,42496,95259,89975,142738,137755,0
22532,26213,22680,48745,45212,48893,1
36932,27301,17587,64233,54519,44888,1
91393,60394,34659,151787,126052,95053,1
81270,55616,46688,136886,127958,102304,1
92717,27253,29602,119970,122319,56855,0
40187,44365,21600,84552,61787,65965,1
38723,8985,3520,47708,42243,12505,0
14813,43697,55676,58510,70489,99373,1
22178,66755,83769,88933,105947,150524,1
23516,33867,78889,57383,102405,112756,0
14909,49061,26904,63970,41813,75965,0
93595,78128,86917,171723,180512,165045,1
82543,58575,12547,141118,95090,71122,0
71794,23447,20669,95241,92463,44116,0
28527,4077,41502,32604,70029,45579,0
24392,98667,51627,123059,76019,150294,0
68446,79055,5877,147501,74323,84932,0
47718,93311,14090,141029,61808,107401,0
78696,61742,5835,140438,84531,67577,0
48952,23423,94775,72375,143727,118198,0
4381,72621,97038,77002,101419,169659,0
86460,71229,39642,157689,126102,110871,1
31291,64336,54576,95627,85867,118912,1
10888,30825,84536,41713,95424,115361,0
14587,52852,69344,67439,83931,122196,0
86531,7121,5926,93652,92457,13047,0
8597,97972,91337,106569,99934,189309,1
51920,56212,73619,108132,125539,129831,1
40769,23399,72794,64168,113563,96193,0
42276,51122,11653,93398,53929,62775,1
23266,78755,26313,102021,49579,105068,0
40742,640,62821,41382,103563,63461,0
26364,85455,82642,111819,109006,168097,1
71603,53605,19549,125208,91152,73154,1
66898,20617,85439,87515,152337,106056,1
12158,56995,65825,69153,77983,122820,1
82824,89889,91463,172713,174287,181352,1
4368,15812,27738,20180,32106,43550,0
61774,3243,60453,65017,122227,63696,1
73001,98134,5271,171135,78272,103405,0
62313,52741,1654,115054,63967,54395,0
53297,82034,47200,135331,100497,129234,1
64460,35882,18937,100342,83397,54819,0
12072,61374,50657,73446,62729,112031,1
13823,61133,17741,74956,31564,78874,0
98781,2910,86981,101691,185762,89891,0
2152,53747,15063,55899,17215,68810,0
37446,53798,60291,91244,97737,114089,1
73692,33268,19092,106960,92784,52360,0
16593,49585,10042,66178,26635,59627,0
25098,80307,33518,105405,58616,113825,0
27068,68316,97242,95384,124310,165558,0
84766,70335,44316,155101,129082,114651,1
51119,21080,24693,72199,75812,45773,0
49745,96603,21080,146348,70825,117683,0
63644,32532,21866,96176,85510,54398,0
45320,23266,20033,68586,65353,43299,0
45690,2355,38498,48045,84188,40853,0
50880,48658,18470,99538,69350,67128,1
79595,7744,22724,87339,102319,30468,0
26407,36147,38921,62554,65328,75068,1
95443,70110,57227,165553,152670,127337,1
11253,25550,62851,36803,74104,88401,0
51941,21483,4153,73424,56094,25636,0
26819,70280,51443,97099,78262,121723,1
5366,68957,86125,74323,91491,155082,0
91147,17965,36494,109112,127641,54459,0
68867,10577,90736,79444,159603,101313,0
11309,57149,66989,68458,78298,124138,1
83967,84032,7100,167999,91067,91132,1
88713,56114,4999,144827,93712,61113,0
22160,94940,43321,117100,65481,138261,0
41528,80446,31531,121974,73059,111977,0
84392,56921,51403,141313,135795,108324,1
51559,71123,93163,122682,144722,164286,1
84188,77822,91162,162010,175350,168984,1
38367,95471,78372,133838,116739,173843,1
24642,61122,37469,85764,62111,98591,1
28551,48390,34736,76941,63287,83126,1
35198,54861,83119,90059,118317,137980,1
95637,87424,85067,183061,180704,172491,1
59532,81410,62164,140942,121696,143574,1
21342,21905,29688,43247,51030,51593,1
85415,62447,8272,147862,93687,70719,0
40221,66532,95239,106753,135460,161771,1
70510,91731,81356,162241,151866,173087,1
90461,17704,51478,108165,141939,69182,0
49607,55809,93381,105416,142988,149190,1
57973,56811,83117,114784,141090,139928,1
77238,10024,47003,87262,124241,57027,0
31620,57677,86153,89297,117773,143830,1
86494,83030,5319,169524,91813,88349,1
95246,54333,93206,149579,188452,147539,1
42195,33167,54478,75362,96673,87645,1
73114,37805,43867,110919,116981,81672,1
61059,61191,41841,122250,102900,103032,1
43477,53604,45227,97081,88704,98831,1
73606,64718,78602,138324,152208,143320,1
71939,68215,46807,140154,118746,115022,1
14675,33178,81227,47853,95902,114405,0
89782,16166,87391,105948,177173,103557,1
41960,62347,8732,104307,50692,71079,0
11053,28826,15677,39879,26730,44503,0
64518,15302,75623,79820,140141,90925,1
61282,73538,4316,134820,65598,77854,0
49918,83955,89482,133873,139400,173437,1
13858,95828,75627,109686,89485,171455,0
96773,42864,90985,139637,187758,133849,1
59469,93650,33133,153119,92602,126783,0
91916,65800,97228,157716,189144,163028,1
39741,41290,40740,81031,80481,82030,1
14943,82607,4938,97550,19881,87545,0
38139,77262,93178,115401,131317,170440,1
44706,42020,79409,86726,124115,121429,1
28871,84905,39939,113776,68810,124844,0
84437,43309,4400,127746,88837,47709,0
71621,86665,69011,158286,140632,155676,1
66813,58503,70377,125316,137190,128880,1
38264,9992,13481,48256,51745,23473,0
12125,81204,18111,93329,30236,99315,0
124,99268,92222,99392,92346,191490,0
49278,66204,43617,115482,92895,109821,1
95523,42252,21925,137775,117448,64177,0
90246,25955,44034,116201,134280,69989,0
77288,47058,66727,124346,144015,113785,1
53531,73659,2057,127190,55588,75716,0
42403,21510,69725,63913,112128,91235,0
35929,22457,78181,58386,114110,100638,0
37545,63378,96484,100923,134029,159862,1
7614,85277,90053,92891,97667,175330,1
67398,29675,6968,97073,74366,36643,0
73551,61179,9991,134730,83542,71170,0
68778,17784,13598,86562,82376,31382,0
36424,60187,94940,96611,131364,155127,1
23127,86219,63647,109346,86774,149866,1
21451,37187,28083,58638,49534,65270,1
31498,71389,44800,102887,76298,116189,1
34705,85605,26579,120310,61284,112184,0
75227,96174,95093,171401,170320,191267,1
73680,84969,60445,158649,134125,145414,1
2093,58697,44969,60790,47062,103666,0
89885,39703,78996,129588,168881,118699,1
54227,2164,60351,56391,114578,62515,0
62977,71243,68575,134220,131552,139818,1
46558,3138,48366,49696,94924,51504,1
91480,37615,70219,129095,161699,107834,1
27865,70279,35451,98144,63316,105730,0
98987,67501,74522,166488,173509,142023,1
23274,68157,16486,91431,39760,84643,0
12943,94508,40006,107451,52949,134514,0
42209,54192,62870,96401,105079,117062,1
65353,75017,79673,140370,145026,154690,1
73344,37985,79087,111329,152431,117072,1
91031,29552,66094,120583,157125,95646,1
69803,4109,28929,73912,98732,33038,0
91503,77368,62874,168871,154377,140242,1
79349,21731,39464,101080,118813,61195,0
47218,9652,48747,56870,95965,58399,1
35265,92189,35464,127454,70729,127653,0
11115,19298,10324,30413,21439,29622,1
75054,78627,60085,153681,135139,138712,1
9059,83594,61687,92653,70746,145281,0
24606,69919,65424,94525,90030,135343,1
29158,58751,11352,87909,40510,70103,0
33207,19371,90105,52578,123312,109476,0
62412,23555,53265,85967,115677,76820,1
1015,40527,31018,41542,32033,71545,0
25909,83971,63672,109880,89581,147643,1
92214,2487,89197,94701,181411,91684,0
89693,39504,42029,129197,131722,81533,0
78145,57867,62258,136012,140403,120125,1
26716,35355,55275,62071,81991,90630,1
8464,73011,27823,81475,36287,100834,0
62465,476,84049,62941,146514,84525,0
97622,47320,38229,144942,135851,85549,0
86853,10609,58966,97462,145819,69575,0
18847,39332,51395,58179,70242,90727,1
28647,86027,19470,114674,48117,105497,0
29769,97153,12355,126922,42124,109508,0
65453,91321,32214,156774,97667,123535,1
6771,39449,77499,46220,84270,116948,0
80040,10446,1114,90486,81154,11560,0
45763,31348,52070,77111,97833,83418,1
58121,58759,43923,116880,102044,102682,1
21282,59007,34102,80289,55384,93109,0
53457,89642,65948,143099,119405,155590,1
92103,4131,88734,96234,180837,92865,1
7589,10914,83739,18503,91328,94653,0
54587,61184,18049,115771,72636,79233,1
24982,7377,88478,32359,113460,95855,0
80706,11934,29920,92640,110626,41854,0
21054,17412,51867,38466,72921,69279,0
96158,24140,73157,120298,169315,97297,1
61044,23268,59615,84312,120659,82883,1
70446,25431,35536,95877,105982,60967,0
53978,18337,42934,72315,96912,61271,1
47228,80228,52690,127456,99918,132918,1
51442,67351,47384,118793,98826,114735,1
64379,78470,54343,142849,118722,132813,1
13721,3129,28145,16850,41866,31274,0
55086,22217,52661,77303,107747,74878,1
35439,97797,14370,133236,49809,112167,0
41483,59983,37071,101466,78554,97054,1
41536,92241,14855,133777,56391,107096,0
82285,72417,83409,154702,165694,155826,1
63544,81984,94893,145528,158437,176877,1
41637,55919,91114,97556,132751,147033,1
12149,64681,33363,76830,45512,98044,0
30335,42824,40568,73159,70903,83392,1
47242,99566,82266,146808,129508,181832,1
36590,45019,29741,81609,66331,74760,1
58820,87465,95998,146285,154818,183463,1
32343,85328,90257,117671,122600,175585,1
18362,26222,11272,44584,29634,37494,1
67194,57613,87104,124807,154298,144717,1
61756,41749,31015,103505,92771,72764,1
81764,21520,15448,103284,97212,36968,0
55072,45507,51308,100579,106380,96815,1
24973,34159,21077,59132,46050,55236,1
37547,61562,40684,99109,78231,102246,1
12743,31878,32268,44621,45011,64146,1
4425,56016,29099,60441,33524,85115,0
67867,51831,5318,119698,73185,57149,0
16837,21859,12932,38696,29769,34791,1
47243,4381,97106,51624,144349,101487,0
59436,13119,62872,72555,122308,75991,1
26203,65294,82888,91497,109091,148182,1
42548,85912,65042,128460,107590,150954,1
9471,11090,55796,20561,65267,66886,0
66032,51217,29270,117249,95302,80487,1
65130,53427,86362,118557,151492,139789,1
86383,50366,80036,136749,166419,130402,1
8197,98226,9070,106423,17267,107296,0
2006,8420,79781,10426,81787,88201,0
97922,31805,65146,129727,163068,96951,0
84364,96474,22721,180838,107085,119195,1
33739,60120,30423,93859,64162,90543,1
43128,96771,7584,139899,50712,104355,0
17745,39108,97845,56853,115590,136953,0
38130,48733,93539,86863,131669,142272,0
64207,57296,57273,121503,121480,114569,1
76454,30561,90332,107015,166786,120893,1
92318,50343,98790,142661,191108,149133,1
60591,25200,52300,85791,112891,77500,1
79354,45344,2294,124698,81648,47638,0
37611,78394,28444,116005,66055,106838,0
36549,72919,64848,109468,101397,137767,1
46137,90308,24558,136445,70695,114866,0
36249,25169,49125,61418,85374,74294,1
64372,22505,78484,86877,142856,100989,1
725,14494,65492,15219,66217,79986,0
73184,40678,51403,113862,124587,92081,1
93246,94440,94412,187686,187658,188852,1
54685,95209,56319,149894,111004,151528,1
29233,31957,71448,61190,100681,103405,0
69950,31803,58677,101753,128627,90480,1
72625,46748,51054,119373,123679,97802,1
3045,43875,36475,46920,39520,80350,0
62669,2068,20415,64737,83084,22483,0
41910,28257,20512,70167,62422,48769,1
51184,87385,81203,138569,132387,168588,1
86763,99139,58070,185902,144833,157209,1
54542,3892,14133,58434,68675,18025,0
8668,20566,46596,29234,55264,67162,0
72547,15953,97849,88500,170396,113802,0
26774,17354,21781,44128,48555,39135,1
77207,89104,38316,166311,115523,127420,1
74554,4288,9635,78842,84189,13923,0
19816,84419,50525,104235,70341,134944,0
71921,75631,91322,147552,163243,166953,1
73950,42274,58249,116224,132199,100523,1
4154,30198,19458,34352,23612,49656,0
51979,79242,14586,131221,66565,93828,0
70790,49428,89337,120218,160127,138765,1
95065,7197,22098,102262,117163,29295,0
59122,28492,81367,87614,140489,109859,1
9293,1500,90292,10793,99585,91792,0
81272,98515,22621,179787,103893,121136,1
31090,7481,43873,38571,74963,51354,0
34950,55993,95877,90943,130827,151870,0
85508,63877,74784,149385,160292,138661,1
43444,74926,69753,118370,113197,144679,1
51705,51347,33075,103052,84780,84422,1
89350,48069,83176,137419,172526,131245,1
78939,40317,56644,119256,135583,96961,1
30195,76353,32237,106548,62432,108590,0
85914,3092,20250,89006,106164,23342,0
73717,10212,83275,83929,156992,93487,1
3357,30244,80366,33601,83723,110610,0
75042,49403,7440,124445,82482,56843,0
93834,71922,13293,165756,107127,85215,0
57883,42336,92078,100219,149961,134414,1
55906,91065,25307,146971,81213,116372,0
24759,29270,78455,54029,103214,107725,0
60049,1612,23582,61661,83631,25194,0
60847,82916,27789,143763,88636,110705,1
99833,42426,85295,142259,185128,127721,1
15681,16662,66675,32343,82356,83337,0
74348,78627,5855,152975,80203,84482,1
62581,55120,40464,117701,103045,95584,1
41322,24201,47601,65523,88923,71802,1
46548,41199,36955,87747,83503,78154,1
95372,84406,53168,179778,148540,137574,1
40766,41890,74936,82656,115702,116826,1
71149,89764,5561,160913,76710,95325,0
79354,44906,10204,124260,89558,55110,0
47468,63011,18368,110479,65836,81379,1
56639,53858,25125,110497,81764,78983,1
32555,16207,84380,48762,116935,100587,0
12872,1809,63417,14681,76289,65226,0
74813,5597,65282,80410,140095,70879,0
60635,19124,8118,79759,68753,27242,0
39307,15522,22621,54829,61928,38143,0
78781,97744,17262,176525,96043,115006,0
74166,4312,11643,78478,85809,15955,0
44830,37781,58576,82611,103406,96357,1
27713,8297,46585,36010,74298,54882,0
79522,77061,46232,156583,125754,123293,1
75550,69962,2003,145512,77553,71965,0
49285,17258,55643,66543,104928,72901,1
20412,77088,13154,97500,33566,90242,0
90462,30165,74759,120627,165221,104924,1
69651,41373,84866,111024,154517,126239,1
67278,60176,64871,127454,132149,125047,1
92883,18048,3130,110931,96013,21178,0
74714,19062,84349,93776,159063,103411,1
98212,97727,26536,195939,124748,124263,1
78408,81682,64694,160090,143102,146376,1
96720,12954,89643,109674,186363,102597,1
47402,27444,63787,74846,111189,91231,1
94456,97522,72370,191978,166826,169892,1
72746,21190,47131,93936,119877,68321,0
93468,34220,83159,127688,176627,117379,1
76760,63521,97139,140281,173899,160660,1
99386,39503,14076,138889,113462,53579,0
8939,59069,46301,68008,55240,105370,0
57859,83193,94695,141052,152554,177888,1
92466,56037,51962,148503,144428,107999,1
23044,45299,92849,68343,115893,138148,0
90103,67597,97225,157700,187328,164822,1
18138,67230,97241,85368,115379,164471,0
24947,48031,50750,72978,75697,98781,1
40421,13219,37567,53640,77988,50786,1
51126,13504,88279,64630,139405,101783,0
95524,82743,70398,178267,165922,153141,1
48279,2969,21477,51248,69756,24446,0
27554,61848,38512,89402,66066,100360,1
48634,73604,78463,122238,127097,152067,1
55109,32335,46521,87444,101630,78856,1
18051,62320,34001,80371,52052,96321,0
90242,58741,7442,148983,97684,66183,0
12915,55075,52575,67990,65490,107650,1
6750,6000,19498,12750,26248,25498,0
31121,15203,43606,46324,74727,58809,1
83511,8285,10594,91796,94105,18879,0
29935,10613,68447,40548,98382,79060,0
27258,67086,20696,94344,47954,87782,0
30784,25892,24941,56676,55725,50833,1
26699,18925,6914,45624,33613,25839,0
89233,36873,36359,126106,125592,73232,0
23207,90584,14473,113791,37680,105057,0
69180,47685,7493,116865,76673,55178,0
97933,95028,79551,192961,177484,174579,1
40602,36822,47543,77424,88145,84365,1
7625,93331,99338,100956,106963,192669,1
76504,85864,84233,162368,160737,170097,1
67998,11344,1651,79342,69649,12995,0
91510,42602,50370,134112,141880,92972,1
64373,251,20698,64624,85071,20949,0
26922,87108,97065,114030,123987,184173,1
28132,47986,9684,76118,37816,57670,0
74661,84256,23211,158917,97872,107467,1
6801,41833,44876,48634,51677,86709,1
94109,81949,92358,176058,186467,174307,1
71573,78177,69652,149750,141225,147829,1
50768,95942,27002,146710,77770,122944,0
21247,87937,47444,109184,68691,135381,0
24764,87352,17491,112116,42255,104843,0
6337,82707,96654,89044,102991,179361,0
29965,86336,11860,116301,41825,98196,0
32675,78796,4766,111471,37441,83562,0
52847,92343,92820,145190,145667,185163,1
81708,88371,61728,170079,143436,150099,1
31265,60049,62931,91314,94196,122980,1
31372,88744,68960,120116,100332,157704,1
29857,80757,46197,110614,76054,126954,0
72600,77670,64191,150270,136791,141861,1
98776,1412,23736,100188,122512,25148,0
27960,10149,40508,38109,68468,50657,0
80155,30420,57514,110575,137669,87934,1
38890,64575,37766,103465,76656,102341,1
17979,64849,35605,82828,53584,100454,0
54790,22383,43823,77173,98613,66206,1
11055,22125,79687,33180,90742,101812,0
41262,90041,20557,131303,61819,110598,0
99495,28754,99160,128249,198655,127914,1
62075,89984,13813,152059,75888,103797,0
42864,10164,63044,53028,105908,73208,0
67950,57847,87592,125797,155542,145439,1
99726,96504,5712,196230,105438,102216,1
97608,72983,82170,170591,179778,155153,1
79247,82475,96836,161722,176083,179311,1
59663,29124,37895,88787,97558,67019,1
59557,40589,7263,100146,66820,47852,0
13891,20898,42528,34789,56419,63426,0
14258,1963,53138,16221,67396,55101,0
93524,1587,96479,95111,190003,98066,0
22196,5742,49426,27938,71622,55168,0
42056,9150,50971,51206,93027,60121,1
1764,87893,77105,89657,78869,164998,0
48847,38755,86291,87602,135138,125046,1
83130,86341,79099,169471,162229,165440,1
86052,27447,31449,113499,117501,58896,0
87593,71686,90794,159279,178387,162480,1
22212,73425,89856,95637,112068,163281,1
40498,35469,93990,75967,134488,129459,0
3190,28456,7547,31646,10737,36003,0
19661,95114,41510,114775,61171,136624,0
17627,3440,98513,21067,116140,101953,0
36821,64808,96821,101629,133642,161629,1
5463,19274,27650,24737,33113,46924,0
78445,95954,74482,174399,152927,170436,1
55216,70856,25067,126072,80283,95923,1
50342,40230,16779,90572,67121,57009,1
54615,32058,10744,86673,65359,42802,0
95771,17542,71012,113313,166783,88554,0
38439,38605,39313,77044,77752,77918,1
87165,98540,75665,185705,162830,174205,1
84276,71472,30508,155748,114784,101980,1
81618,20964,70969,102582,152587,91933,1
36046,83720,76953,119766,112999,160673,1
14784,27000,14114,41784,28898,41114,1
80976,8723,35930,89699,116906,44653,0
14038,87697,86508,101735,100546,174205,1
35615,7555,74278,43170,109893,81833,0
93568,86712,60694,180280,154262,147406,1
75031,39380,59718,114411,134749,99098,1
58042,4382,93738,62424,151780,98120,0
86002,50917,17737,136919,103739,68654,0
55884,78547,80832,134431,136716,159379,1
78835,73934,63854,152769,142689,137788,1
21890,51250,31457,73140,53347,82707,1
93263,30303,35940,123566,129203,66243,0
109,66374,2110,66483,2219,68484,0
69890,40418,96851,110308,166741,137269,1
94405,67423,13836,161828,108241,81259,0
21094,74866,70198,95960,91292,145064,1
42109,33149,18014,75258,60123,51163,1
69883,96829,21598,166712,91481,118427,0
27644,90807,42621,118451,70265,133428,0
9410,12687,79746,22097,89156,92433,0
48914,86431,93669,135345,142583,180100,1
69021,38092,60751,107113,129772,98843,1
297,48508,82685,48805,82982,131193,0
26977,79650,52670,106627,79647,132320,0
24589,31315,6855,55904,31444,38170,1
45849,63075,31216,108924,77065,94291,1
4154,19200,57832,23354,61986,77032,0
34676,6429,34524,41105,69200,40953,1
27401,23693,23054,51094,50455,46747,1
30349,28175,91074,58524,121423,119249,0
31874,82417,58711,114291,90585,141128,1
64322,87184,60534,151506,124856,147718,1
56268,55986,39408,112254,95676,95394,1
7392,20870,54124,28262,61516,74994,0
44314,21709,5757,66023,50071,27466,0
71381,4595,11483,75976,82864,16078,0
48739,91361,17072,140100,65811,108433,0
69100,31934,26587,101034,95687,58521,0
36479,62534,93086,99013,129565,155620,1
73319,86049,22275,159368,95594,108324,1
93155,7195,419,100350,93574,7614,0
93361,19568,92433,112929,185794,112001,1
36660,96031,71121,132691,107781,167152,1
48805,74444,47238,123249,96043,121682,1
92370,78346,40545,170716,132915,118891,1
46041,59160,80082,105201,126123,139242,1
66316,61061,35942,127377,102258,97003,1
45230,78882,34454,124112,79684,113336,1
45120,91113,24077,136233,69197,115190,0
18597,98040,49221,116637,67818,147261,0
45885,58128,81067,104013,126952,139195,1
5739,11572,8950,17311,14689,20522,1
67976,89307,54933,157283,122909,144240,1
83548,48653,60203,132201,143751,108856,1
11725,91887,16937,103612,28662,108824,0
74532,11439,33460,85971,107992,44899,0
8430,82262,51449,90692,59879,133711,0
14077,70561,5907,84638,19984,76468,0
92275,66465,71763,158740,164038,138228,1
98773,78151,99663,176924,198436,177814,1
21951,45124,96600,67075,118551,141724,0
71721,88856,77068,160577,148789,165924,1
28453,94277,40412,122730,68865,134689,0
6331,93975,81483,100306,87814,175458,0
21063,46689,58331,67752,79394,105020,1
82536,53986,65868,136522,148404,119854,1
31712,57918,9784,89630,41496,67702,0
27722,16730,32808,44452,60530,49538,1
57704,6317,5338,64021,63042,11655,0
91348,10544,96639,101892,187987,107183,1
18705,56329,72721,75034,91426,129050,1
37688,85704,80370,123392,118058,166074,1
45131,29766,76033,74897,121164,105799,0
9069,7505,49741,16574,58810,57246,0
42135,61026,80455,103161,122590,141481,1
58857,96129,21999,154986,80856,118128,0
36546,30928,11827,67474,48373,42755,1
78844,86259,37978,165103,116822,124237,1
33716,20010,86622,53726,120338,106632,0
21705,15407,99267,37112,120972,114674,0
61927,65841,20892,127768,82819,86733,1
68123,61472,32803,129595,100926,94275,1
24722,59112,42426,83834,67148,101538,1
22134,12860,75674,34994,97808,88534,0
18877,24711,33566,43588,52443,58277,1
13432,75999,3434,89431,16866,79433,0
32805,41279,80606,74084,113411,121885,0
94355,95833,742,190188,95097,96575,0
2208,42560,12378,44768,14586,54938,0
96558,61269,60230,157827,156788,121499,1
63195,427,41702,63622,104897,42129,0
51739,73795,31387,125534,83126,105182,1
84457,13710,96902,98167,181359,110612,1
34768,79337,93438,114105,128206,172775,1
80820,18043,25834,98863,106654,43877,0
83399,53458,80931,136857,164330,134389,1
62337,578,78180,62915,140517,78758,0
39321,23545,19776,62866,59097,43321,1
9072,28830,60980,37902,70052,89810,0
67600,54025,22103,121625,89703,76128,1
17695,9423,9667,27118,27362,19090,1
2942,63129,3736,66071,6678,66865,0
85295,1405,1176,86700,86471,2581,0
19468,85488,24233,104956,43701,109721,0
53499,37991,62146,91490,115645,100137,1
74750,79324,99851,154074,174601,179175,1
6974,26152,34895,33126,41869,61047,0
42255,81667,72018,123922,114273,153685,1
82998,80582,96580,163580,179578,177162,1
42873,88020,90041,130893,132914,178061,1
33623,26622,14578,60245,48201,41200,1
40007,26374,40297,66381,80304,66671,1
32931,17862,41624,50793,74555,59486,1
42133,25319,11412,67452,53545,36731,0
87133,75586,20211,162719,107344,95797,1
13771,32410,66510,46181,80281,98920,0
88015,43625,42084,131640,130099,85709,0
48478,78576,74242,127054,122720,152818,1
31892,69213,93710,101105,125602,162923,1
26396,45950,84044,72346,110440,129994,0
10071,64648,23353,74719,33424,88001,0
61172,44274,48720,105446,109892,92994,1
45240,69905,87341,115145,132581,157246,1
37218,88524,78789,125742,116007,167313,1
56527,92400,1014,148927,57541,93414,0
97312,47922,43283,145234,140595,91205,0
86441,58899,60367,145340,146808,119266,1
99462,38563,8342,138025,107804,46905,0
5560,75536,13706,81096,19266,89242,0
32473,84391,30062,116864,62535,114453,0
19975,37212,56178,57187,76153,93390,1
4039,58618,6645,62657,10684,65263,0
60380,80735,5422,141115,65802,86157,0
14741,52868,38252,67609,52993,91120,1
82852,64584,61238,147436,144090,125822,1
14182,38367,88214,52549,102396,126581,0
54295,94059,29950,148354,84245,124009,0
27272,33678,84973,60950,112245,118651,0
49675,6057,18304,55732,67979,24361,0
88048,35494,10756,123542,98804,46250,0
74703,66901,79567,141604,154270,146468,1
87985,99667,4682,187652,92667,104349,0
99107,91101,9823,190208,108930,100924,1
43769,66485,59341,110254,103110,125826,1
32282,54759,64982,87041,97264,119741,1
97597,47951,80608,145548,178205,128559,1
57757,24250,46030,82007,103787,70280,1
32875,34186,15733,67061,48608,49919,1
36045,47866,98978,83911,135023,146844,0
21098,24142,75800,45240,96898,99942,0
47798,38214,42648,86012,90446,80862,1
70476,22535,72513,93011,142989,95048,1
19936,98559,15910,118495,35846,114469,0
39827,45610,4723,85437,44550,50333,0
95489,63841,53892,159330,149381,117733,1
11713,73412,79541,85125,91254,152953,1
9408,68435,44315,77843,53723,112750,0
27451,3791,71215,31242,98666,75006,0
34529,27286,69089,61815,103618,96375,0
84043,86461,64159,170504,148202,150620,1
94384,37132,38964,131516,133348,76096,0
36623,74332,6992,110955,43615,81324,0
63031,76861,53783,139892,116814,130644,1
45780,46134,81232,91914,127012,127366,1
23282,43255,9632,66537,32914,52887,0
61136,52692,81279,113828,142415,133971,1
15368,70019,89811,85387,105179,159830,0
57634,28091,62422,85725,120056,90513,1
85563,61432,67403,146995,152966,128835,1
73163,91344,54108,164507,127271,145452,1
32442,3849,26652,36291,59094,30501,0
96076,24336,17367,120412,113443,41703,0
88094,34022,85214,122116,173308,119236,1
93957,12223,44694,106180,138651,56917,0
11913,40024,65761,51937,77674,105785,0
15459,15423,34486,30882,49945,49909,0
68564,80009,55602,148573,124166,135611,1
18558,14759,75452,33317,94010,90211,0
97146,97095,37172,194241,134318,134267,1
62572,41453,29855,104025,92427,71308,1
42888,43941,52711,86829,95599,96652,1
21709,31257,40494,52966,62203,71751,1
26350,38128,43336,64478,69686,81464,1
42791,35004,97385,77795,140176,132389,0
57692,36063,12156,93755,69848,48219,0
30739,15511,36345,46250,67084,51856,1
36164,16840,12401,53004,48565,29241,0
93980,54126,27261,148106,121241,81387,0
43138,59739,35096,102877,78234,94835,1
9991,58193,21090,68184,31081,79283,0
75555,17220,44831,92775,120386,62051,0
11839,68718,72436,80557,84275,141154,1
19429,20539,50900,39968,70329,71439,0
97483,12507,26281,109990,123764,38788,0
93072,2296,94990,95368,188062,97286,1
61056,87951,23495,149007,84551,111446,0
63491,24211,39772,87702,103263,63983,1
12762,75695,8677,88457,21439,84372,0
44485,59546,64185,104031,108670,123731,1
94511,26572,14633,121083,109144,41205,0
64603,393,57853,64996,122456,58246,0
13371,18685,59106,32056,72477,77791,0
87091,89583,3947,176674,91038,93530,1
49905,31325,5779,81230,55684,37104,0
66394,23159,99352,89553,165746,122511,0
77003,29270,13208,106273,90211,42478,0
28088,19033,4248,47121,32336,23281,0
26742,75759,16656,102501,43398,92415,0
799,55678,91001,56477,91800,146679,0
57566,99800,3860,157366,61426,103660,0
32223,93456,90275,125679,122498,183731,1
57136,58313,81490,115449,138626,139803,1
58350,34843,55163,93193,113513,90006,1
43570,42978,44071,86548,87641,87049,1
17728,32075,154,49803,17882,32229,0
83668,30155,2814,113823,86482,32969,0
66515,39223,10670,105738,77185,49893,0
10328,87022,70456,97350,80784,157478,0
19199,7626,47771,26825,66970,55397,0
64809,99507,55636,164316,120445,155143,1
94772,43829,88239,138601,183011,132068,1
6886,54245,9831,61131,16717,64076,0
67210,65074,7644,132284,74854,72718,1
24674,16902,8528,41576,33202,25430,1
40854,63417,52839,104271,93693,116256,1
57730,65364,67867,123094,125597,133231,1
54794,24267,5200,79061,59994,29467,0
55417,20870,53051,76287,108468,73921,1
63656,64997,31001,128653,94657,95998,1
342,93467,74993,93809,75335,168460,0
39063,71024,15204,110087,54267,86228,0
86244,70122,13859,156366,100103,83981,0
51698,31666,44671,83364,96369,76337,1
79820,68608,23457,148428,103277,92065,1
97507,84309,95793,181816,193300,180102,1
47258,38215,10801,85473,58059,49016,1
57054,6631,74583,63685,131637,81214,0
62919,67218,6862,130137,69781,74080,1
14788,10691,78769,25479,93557,89460,0
4441,86755,98906,91196,103347,185661,0
60039,95061,58593,155100,118632,153654,1
37145,30121,61823,67266,98968,91944,1
39873,65581,8872,105454,48745,74453,0
16767,32913,80461,49680,97228,113374,0
33340,65047,51494,98387,84834,116541,1
14133,31669,16283,45802,30416,47952,0
83225,37361,72521,120586,155746,109882,1
84484,5527,46096,90011,130580,51623,0
47414,58468,65036,105882,112450,123504,1
5154,83866,36477,89020,41631,120343,0
10678,14965,48157,25643,58835,63122,0
47859,19688,91910,67547,139769,111598,0
23629,1602,22565,25231,46194,24167,1
67656,15905,28120,83561,95776,44025,0
54225,98692,45370,152917,99595,144062,1
13896,66702,73667,80598,87563,140369,1
81194,14059,46305,95253,127499,60364,0
23093,66498,75948,89591,99041,142446,1
85583,29727,11137,115310,96720,40864,0
96712,54596,43613,151308,140325,98209,1
12256,38363,30652,50619,42908,69015,1
52596,60048,62282,112644,114878,122330,1
54207,2024,33401,56231,87608,35425,0
26092,95515,54556,121607,80648,150071,0
67512,93131,90271,160643,157783,183402,1
51015,67065,75806,118080,126821,142871,1
27059,97700,58698,124759,85757,156398,0
90674,75904,3865,166578,94539,79769,0
17683,94972,47883,112655,65566,142855,0
66337,17561,12611,83898,78948,30172,0
66715,43367,23472,110082,90187,66839,1
40062,32425,62395,72487,102457,94820,1
98218,71132,71510,169350,169728,142642,1
15827,3723,52457,19550,68284,56180,0
91238,76003,66249,167241,157487,142252,1
53547,87539,73443,141086,126990,160982,1
1393,56359,21742,57752,23135,78101,0
57523,12869,36667,70392,94190,49536,0
55344,65854,24629,121198,79973,90483,1
17718,12840,54746,30558,72464,67586,0
1061,62782,84728,63843,85789,147510,0
12915,59591,4538,72506,17453,64129,0
76162,21295,38190,97457,114352,59485,0
11533,63367,81131,74900,92664,144498,0
95953,8704,80905,104657,176858,89609,0
47164,16344,37462,63508,84626,53806,1
11428,80297,31457,91725,42885,111754,0
41515,56802,67977,98317,109492,124779,1
40803,60820,34930,101623,75733,95750,1
35485,97424,72748,132909,108233,170172,1
38524,32089,76124,70613,114648,108213,0
10660,35561,32616,46221,43276,68177,1
32482,82439,64447,114921,96929,146886,1
60667,61204,46273,121871,106940,107477,1
35496,34388,6043,69884,41539,40431,1
80436,10583,47358,91019,127794,57941,0
39986,36544,49535,76530,89521,86079,1
18724,30671,63533,49395,82257,94204,0
39385,31507,67033,70892,106418,98540,1
2761,28615,68952,31376,71713,97567,0
44933,94447,35951,139380,80884,130398,0
66425,1510,75253,67935,141678,76763,0
33083,17873,93471,50956,126554,111344,0
30976,36634,9684,67610,40660,46318,1
67203,8707,62467,75910,129670,71174,1
64646,65868,75312,130514,139958,141180,1
68959,55534,36184,124493,105143,91718,1
52627,87997,3189,140624,55816,91186,0
31116,69233,48494,100349,79610,117727,1
63062,32366,86472,95428,149534,118838,1
53378,77876,67257,131254,120635,145133,1
931,81817,76395,82748,77326,158212,0
17350,81804,71663,99154,89013,153467,1
32765,91167,7147,123932,39912,98314,0
81468,28928,9032,110396,90500,37960,0
86141,94726,89580,180867,175721,184306,1
27567,92453,89492,120020,117059,181945,1
52382,37370,53743,89752,106125,91113,1
4033,53091,71097,57124,75130,124188,0
38423,30569,24819,68992,63242,55388,1
69253,17600,57418,86853,126671,75018,1
97489,86289,65394,183778,162883,151683,1
92795,31576,15695,124371,108490,47271,0
64253,88681,7795,152934,72048,96476,0
7065,75949,50607,83014,57672,126556,0
43478,80645,48136,124123,91614,128781,1
28848,59541,57282,88389,86130,116823,1
50885,40741,25655,91626,76540,66396,1
93946,87143,14904,181089,108850,102047,1
54753,95028,50293,149781,105046,145321,1
38993,70867,31024,109860,70017,101891,0
34201,73207,28287,107408,62488,101494,0
50686,68836,4276,119522,54962,73112,0
37637,38877,54141,76514,91778,93018,1
57057,44284,94311,101341,151368,138595,1
93354,80651,77089,174005,170443,157740,1
19923,80639,80968,100562,100891,161607,1
69667,75599,26017,145266,95684,101616,1
90053,3721,55675,93774,145728,59396,0
20838,82272,60626,103110,81464,142898,0
70801,14528,35228,85329,106029,49756,0
1627,1284,15654,2911,17281,16938,0
36229,96417,31401,132646,67630,127818,0
84553,76177,62637,160730,147190,138814,1
58653,93948,35565,152601,94218,129513,1
44389,80722,91253,125111,135642,171975,1
37124,18669,39253,55793,76377,57922,1
24376,34900,416,59276,24792,35316,0
81015,19556,96009,100571,177024,115565,1
68990,79536,16721,148526,85711,96257,1
18987,50867,64060,69854,83047,114927,1
18621,3990,7506,22611,26127,11496,0
38932,43168,12871,82100,51803,56039,1
8106,24201,47976,32307,56082,72177,0
43727,32385,31507,76112,75234,63892,1
90052,39540,90221,129592,180273,129761,1
70771,35747,39553,106518,110324,75300,1
57833,58360,29995,116193,87828,88355,1
34357,88105,54375,122462,88732,142480,1
72221,88426,37049,160647,109270,125475,1
6365,19472,72404,25837,78769,91876,0
50609,69032,74529,119641,125138,143561,1
41488,60112,17528,101600,59016,77640,0
57048,87457,95476,144505,152524,182933,1
94512,70251,87867,164763,182379,158118,1
440,81290,81783,81730,82223,163073,0
2779,41184,15471,43963,18250,56655,0
47782,18682,79669,66464,127451,98351,0
44408,42232,5659,86640,50067,47891,1
43227,284,8295,43511,51522,8579,0
67187,49936,35744,117123,102931,85680,1
97583,77806,2782,175389,100365,80588,0
59289,98321,64607,157610,123896,162928,1
9336,65086,98860,74422,108196,163946,0
86986,32591,62169,119577,149155,94760,1
29568,68048,53868,97616,83436,121916,1
49656,11503,65716,61159,115372,77219,0
45480,37552,14029,83032,59509,51581,1
50771,61277,14093,112048,64864,75370,1
15059,40699,40572,55758,55631,81271,1
92285,53043,30725,145328,123010,83768,0
53097,74936,29153,128033,82250,104089,1
41452,86612,31052,128064,72504,117664,0
18151,79522,24295,97673,42446,103817,0
35148,18613,49360,53761,84508,67973,1
86157,5569,21880,91726,108037,27449,0
94620,94247,71896,188867,166516,166143,1
70068,19673,21976,89741,92044,41649,0
94623,36665,70136,131288,164759,106801,1
82016,26713,25039,108729,107055,51752,0
54932,35654,84276,90586,139208,119930,1
40553,95,69239,40648,109792,69334,0
69429,26737,22696,96166,92125,49433,0
35643,35550,68953,71193,104596,104503,1
80707,89224,87619,169931,168326,176843,1
1728,95454,64143,97182,65871,159597,0
72748,10893,85468,83641,158216,96361,0
55855,56501,57395,112356,113250,113896,1
36800,42423,31190,79223,67990,73613,1
68474,50386,49515,118860,117989,99901,1
70273,31424,87830,101697,158103,119254,1
58623,96033,88675,154656,147298,184708,1
59904,99628,1158,159532,61062,100786,0
23280,89562,97316,112842,120596,186878,1
36407,14128,87361,50535,123768,101489,0
67889,76996,91182,144885,159071,168178,1
82072,26041,69078,108113,151150,95119,1
16053,17821,22087,33874,38140,39908,1
67642,81864,50513,149506,118155,132377,1
63946,18987,6330,82933,70276,25317,0
40080,75813,2082,115893,42162,77895,0
59128,42485,8163,101613,67291,50648,0
1719,72734,38265,74453,39984,110999,0
62420,88623,33545,151043,95965,122168,1
10974,6467,95701,17441,106675,102168,0
28844,38944,3973,67788,32817,42917,0
28234,6197,78870,34431,107104,85067,0
63373,5431,95248,68804,158621,100679,0
19249,32228,93370,51477,112619,125598,0
33176,28105,68663,61281,101839,96768,0
65266,83867,87440,149133,152706,171307,1
2764,94656,53605,97420,56369,148261,0
34058,26561,43586,60619,77644,70147,1
85709,30529,95835,116238,181544,126364,1
5690,69765,62974,75455,68664,132739,0
78059,25196,80671,103255,158730,105867,1
11362,41187,11419,52549,22781,52606,0
67763,63036,26098,130799,93861,89134,1
43754,52104,45058,95858,88812,97162,1
55133,43724,48855,98857,103988,92579,1
97680,11515,15761,109195,113441,27276,0
66167,33080,30247,99247,96414,63327,0
90102,87223,47897,177325,137999,135120,1
15569,70866,23527,86435,39096,94393,0
27879,4227,95398,32106,123277,99625,0
49386,32608,20762,81994,70148,53370,1
97249,36573,61405,133822,158654,97978,1
98836,48034,31385,146870,130221,79419,0
68651,99587,94826,168238,163477,194413,1
23970,4762,10178,28732,34148,14940,0
18298,62019,16047,80317,34345,78066,0
641,82816,74283,83457,74924,157099,0
80956,18093,90436,99049,171392,108529,1
34502,13955,30944,48457,65446,44899,1
61072,75730,27581,136802,88653,103311,1
98727,62227,8954,160954,107681,71181,0
59322,47427,65789,106749,125111,113216,1
64899,96508,23787,161407,88686,120295,0
2076,64512,77050,66588,79126,141562,0
16621,37675,25163,54296,41784,62838,1
61558,63777,48124,125335,109682,111901,1
1562,42491,56504,44053,58066,98995,0
37372,32047,9092,69419,46464,41139,1
16546,68935,88983,85481,105529,157918,0
81542,55533,78762,137075,160304,134295,1
16170,86801,18509,102971,34679,105310,0
75963,51726,47286,127689,123249,99012,1
34328,99002,76412,133330,110740,175414,1
87532,32004,44520,119536,132052,76524,0
25884,13906,98331,39790,124215,112237,0
71534,86399,99684,157933,171218,186083,1
72387,91324,34041,163711,106428,125365,1
20184,24030,44563,44214,64747,68593,0
95834,15174,25753,111008,121587,40927,0
82862,10984,31943,93846,114805,42927,0
68526,85407,92651,153933,161177,178058,1
7622,6402,91708,14024,99330,98110,0
22974,51327,25368,74301,48342,76695,0
27700,39985,64378,67685,92078,104363,1
91639,18727,6947,110366,98586,25674,0
42725,88247,63513,130972,106238,151760,1
85989,63470,61847,149459,147836,125317,1
4077,55513,41262,59590,45339,96775,0
98341,73349,15087,171690,113428,88436,0
40821,49135,45065,89956,85886,94200,1
6016,52918,75564,58934,81580,128482,0
57080,80597,62800,137677,119880,143397,1
42742,59332,84164,102074,126906,143496,1
50334,69704,21201,120038,71535,90905,1
51249,58360,59979,109609,111228,118339,1
43264,52285,25214,95549,68478,77499,1
20238,34464,16406,54702,36644,50870,1
32434,20205,99799,52639,132233,120004,0
30505,62477,2449,92982,32954,64926,0
8867,92023,85321,100890,94188,177344,1
39536,72149,69687,111685,109223,141836,1
22561,79710,36015,102271,58576,115725,0
94235,4243,3126,98478,97361,7369,0
54047,86039,98489,140086,152536,184528,1
57784,60937,36889,118721,94673,97826,1
23818,26620,1649,50438,25467,28269,0
85317,6147,41579,91464,126896,47726,0
94676,13662,70247,108338,164923,83909,0
66351,57447,32239,123798,98590,89686,1
49079,79103,68838,128182,117917,147941,1
29591,93184,89016,122775,118607,182200,1
45493,26136,81091,71629,126584,107227,0
33006,43133,3293,76139,36299,46426,0
61274,321,68371,61595,129645,68692,0
31107,44920,86715,76027,117822,131635,0
97993,53908,83391,151901,181384,137299,1
55526,64890,89808,120416,145334,154698,1
49652,45316,7137,94968,56789,52453,1
43140,53000,54695,96140,97835,107695,1
29241,83683,12478,112924,41719,96161,0
87879,20826,34245,108705,122124,55071,0
96030,61515,99515,157545,195545,161030,1
47290,24358,57517,71648,104807,81875,1
49995,90688,61816,140683,111811,152504,1
61347,39776,94587,101123,155934,134363,1
31389,67836,11488,99225,42877,79324,0
87197,27812,6751,115009,93948,34563,0
98398,27909,62455,126307,160853,90364,0
35340,86648,95619,121988,130959,182267,1
95485,88488,3866,183973,99351,92354,0
36080,34496,95096,70576,131176,129592,0
72455,26211,97791,98666,170246,124002,1
12775,35365,27914,48140,40689,63279,1
18532,85758,64895,104290,83427,150653,0
29172,39311,85762,68483,114934,125073,0
65900,94472,65435,160372,131335,159907,1
81996,25351,2928,107347,84924,28279,0
2974,40704,60127,43678,63101,100831,0
97343,36981,55780,134324,153123,92761,0
14316,18338,31715,32654,46031,50053,1
42726,63563,34280,106289,77006,97843,1
14892,30601,87477,45493,102369,118078,0
73337,19814,69164,93151,142501,88978,1
23320,15804,33226,39124,56546,49030,1
11010,67854,30816,78864,41826,98670,0
75301,12499,92235,87800,167536,104734,0
97208,56816,34123,154024,131331,90939,0
7465,56559,10949,64024,18414,67508,0
13136,60622,81611,73758,94747,142233,0
88087,5560,59345,93647,147432,64905,0
19036,25789,96609,44825,115645,122398,0
35061,97501,35291,132562,70352,132792,0
97862,68306,569,166168,98431,68875,0
85658,63641,59077,149299,144735,122718,1
30289,61508,25507,91797,55796,87015,0
8079,86737,86033,94816,94112,172770,1
39640,59707,37225,99347,76865,96932,1
12246,51538,69125,63784,81371,120663,0
29036,8861,26009,37897,55045,34870,1
51951,66750,19940,118701,71891,86690,1
81141,66695,77722,147836,158863,144417,1
64909,40661,22975,105570,87884,63636,0
71826,36004,73931,107830,145757,109935,1
58624,36137,90367,94761,148991,126504,1
39231,89972,54783,129203,94014,144755,1
20301,63255,66638,83556,86939,129893,1
40006,727,63186,40733,103192,63913,0
73760,91535,80496,165295,154256,172031,1
68202,26676,21896,94878,90098,48572,0
65357,13326,30820,78683,96177,44146,0
4823,88669,63318,93492,68141,151987,0
29689,73440,97621,103129,127310,171061,1
59586,91190,61848,150776,121434,153038,1
56935,86817,30447,143752,87382,117264,1
28862,95943,49440,124805,78302,145383,0
68823,63883,51793,132706,120616,115676,1
3590,17106,16240,20696,19830,33346,1
23354,23398,5525,46752,28879,28923,1
17857,49523,63693,67380,81550,113216,1
18208,51987,71445,70195,89653,123432,0
22704,67148,83309,89852,106013,150457,1
41077,5340,15010,46417,56087,20350,0
70004,65719,89050,135723,159054,154769,1
97808,2545,15303,100353,113111,17848,0
52863,65752,17883,118615,70746,83635,1
78688,79889,61379,158577,140067,141268,1
35444,40448,44134,75892,79578,84582,1
37611,90285,60774,127896,98385,151059,1
3650,17303,93656,20953,97306,110959,0
99926,30880,52615,130806,152541,83495,0
15200,50832,22199,66032,37399,73031,0
78235,90672,25849,168907,104084,116521,1
14714,39703,50995,54417,65709,90698,1
86193,23398,87354,109591,173547,110752,1
43040,14041,75005,57081,118045,89046,0
42885,33984,25176,76869,68061,59160,1
16650,43072,84212,59722,100862,127284,0
78398,48226,59987,126624,138385,108213,1
96042,55232,36554,151274,132596,91786,0
50588,70576,25314,121164,75902,95890,1
9935,14091,49087,24026,59022,63178,0
15713,31633,84058,47346,99771,115691,0
4228,86402,71015,90630,75243,157417,0
98330,32709,6463,131039,104793,39172,0
21358,2820,27764,24178,49122,30584,0
53348,72927,75325,126275,128673,148252,1
75042,38393,6579,113435,81621,44972,0
57655,91223,1932,148878,59587,93155,0
14791,78161,69983,92952,84774,148144,1
87831,45234,5458,133065,93289,50692,0
10501,69930,25228,80431,35729,95158,0
96157,16301,60924,112458,157081,77225,0
97519,74818,92163,172337,189682,166981,1
29954,52831,49485,82785,79439,102316,1
85983,25717,61091,111700,147074,86808,1
83514,6972,57412,90486,140926,64384,0
72068,68934,77383,141002,149451,146317,1
53367,93650,61988,147017,115355,155638,1
81544,77540,12682,159084,94226,90222,1
82834,5593,67541,88427,150375,73134,0
28411,13098,21502,41509,49913,34600,1
39390,93959,59793,133349,99183,153752,1
29958,4280,94905,34238,124863,99185,0
21772,72697,73608,94469,95380,146305,1
69816,48111,31536,117927,101352,79647,1
70183,27230,28950,97413,99133,56180,0
77744,95980,29949,173724,107693,125929,1
60266,51922,71226,112188,131492,123148,1
9465,88784,66977,98249,76442,155761,0
6420,6067,61785,12487,68205,67852,0
93216,15873,50231,109089,143447,66104,0
64615,23894,21844,88509,86459,45738,0
66443,66029,23276,132472,89719,89305,1
99934,63688,11169,163622,111103,74857,0
72359,94394,88942,166753,161301,183336,1
72087,82047,10080,154134,82167,92127,1
85506,82690,43418,168196,128924,126108,1
58455,2952,63746,61407,122201,66698,0
27099,51895,23208,78994,50307,75103,0
69391,42651,60018,112042,129409,102669,1
94706,76444,79395,171150,174101,155839,1
48342,41588,76766,89930,125108,118354,1
42378,6311,21075,48689,63453,27386,0
96544,40360,48650,136904,145194,89010,0
10475,82664,31464,93139,41939,114128,0
53836,66297,1320,120133,55156,67617,0
51000,77704,23534,128704,74534,101238,0
84763,86735,84671,171498,169434,171406,1
88206,53628,43494,141834,131700,97122,1
54353,68818,22027,123171,76380,90845,1
88486,2421,8554,90907,97040,10975,0
42051,80344,98022,122395,140073,178366,1
12487,743,64733,13230,77220,65476,0
46095,91984,64426,138079,110521,156410,1
99062,75876,68395,174938,167457,144271,1
14895,35451,30036,50346,44931,65487,1
59401,7961,26638,67362,86039,34599,0
22959,1679,64023,24638,86982,65702,0
88581,21495,3584,110076,92165,25079,0
75994,36828,60350,112822,136344,97178,1
31100,68634,38276,99734,69376,106910,1
70853,27897,62296,98750,133149,90193,1
68329,90777,44237,159106,112566,135014,1
61526,3013,60350,64539,121876,63363,1
74329,95882,2649,170211,76978,98531,0
35968,94738,75448,130706,111416,170186,1
17164,85589,81986,102753,99150,167575,1
81317,15121,71957,96438,153274,87078,1
47826,52416,91634,100242,139460,144050,1
79469,15385,47075,94854,126544,62460,0
84174,38184,26508,122358,110682,64692,0
36359,48026,5915,84385,42274,53941,0
25653,36109,52304,61762,77957,88413,1
4805,1486,84549,6291,89354,86035,0
40277,7132,2823,47409,43100,9955,0
80225,67279,13108,147504,93333,80387,1
65546,6709,29145,72255,94691,35854,0
81017,85487,50666,166504,131683,136153,1
3333,11236,1365,14569,4698,12601,0
88512,15668,21805,104180,110317,37473,0
76735,86080,85512,162815,162247,171592,1
84281,74817,8073,159098,92354,82890,0
52307,62606,31913,114913,84220,94519,1
75356,88520,67372,163876,142728,155892,1
51146,58496,3506,109642,54652,62002,0
64795,11030,37645,75825,102440,48675,0
96183,49091,10259,145274,106442,59350,0
32679,56451,82176,89130,114855,138627,1
87315,47289,38974,134604,126289,86263,0
59409,41135,94853,100544,154262,135988,1
47486,89236,3968,136722,51454,93204,0
46612,91874,7289,138486,53901,99163,0
69674,19875,12708,89549,82382,32583,0
89339,58632,6600,147971,95939,65232,0
93008,3334,32770,96342,125778,36104,0
66643,58349,28702,124992,95345,87051,1
97053,3599,77216,100652,174269,80815,0
2311,64963,42070,67274,44381,107033,0
52962,7925,48818,60887,101780,56743,1
28851,91460,753,120311,29604,92213,0
18491,96673,36179,115164,54670,132852,0
3235,90453,51320,93688,54555,141773,0
60790,63961,25700,124751,86490,89661,1
3945,76803,54363,80748,58308,131166,0
80201,69053,40620,149254,120821,109673,1
80535,58878,53677,139413,134212,112555,1
51012,84570,93405,135582,144417,177975,1
10845,99336,41152,110181,51997,140488,0
15721,64219,23501,79940,39222,87720,0
66780,28502,61886,95282,128666,90388,1
17033,38,85593,17071,102626,85631,0
11289,92798,46286,104087,57575,139084,0
28407,42384,7808,70791,36215,50192,0
84394,40877,62856,125271,147250,103733,1
25218,5103,8894,30321,34112,13997,0
64469,31201,25872,95670,90341,57073,0
17585,60718,29858,78303,47443,90576,0
4164,94782,91452,98946,95616,186234,1
6762,38727,78111,45489,84873,116838,0
18164,30008,2547,48172,20711,32555,0
60245,5236,2812,65481,63057,8048,0
29209,85115,63553,114324,92762,148668,1
2607,7428,54583,10035,57190,62011,0
15926,270,62390,16196,78316,62660,0
62444,56305,53392,118749,115836,109697,1
55723,92103,72123,147826,127846,164226,1
47017,19514,2267,66531,49284,21781,0
7136,74251,68163,81387,75299,142414,1
19941,61524,89351,81465,109292,150875,0
78044,86563,95679,164607,173723,182242,1
86100,5034,44109,91134,130209,49143,0
20579,27710,83933,48289,104512,111643,0
65483,19065,35531,84548,101014,54596,0
7048,44725,92053,51773,99101,136778,0
3261,57577,21829,60838,25090,79406,0
61060,73150,14925,134210,75985,88075,1
32026,25660,31144,57686,63170,56804,1
84301,27718,26959,112019,111260,54677,0
53146,19475,7305,72621,60451,26780,0
67196,68541,43299,135737,110495,111840,1
12527,49665,82851,62192,95378,132516,0
48576,42689,50995,91265,99571,93684,1
46914,30948,64042,77862,110956,94990,1
51089,54928,96344,106017,147433,151272,1
43675,99534,14209,143209,57884,113743,0
50567,53230,23702,103797,74269,76932,1
43187,66612,2357,109799,45544,68969,0
66925,93478,41857,160403,108782,135335,1
6772,77595,17223,84367,23995,94818,0
87331,353,3930,87684,91261,4283,0
22635,25654,98050,48289,120685,123704,0
25906,43197,12934,69103,38840,56131,0
52184,58243,41012,110427,93196,99255,1
9427,58030,59396,67457,68823,117426,1
5853,73108,76958,78961,82811,150066,1
85675,87408,53881,173083,139556,141289,1
30740,33863,72660,64603,103400,106523,0
47792,24496,78793,72288,126585,103289,0
72818,65089,18398,137907,91216,83487,1
20452,29267,88513,49719,108965,117780,0
82718,8083,46113,90801,128831,54196,0
9469,53644,28480,63113,37949,82124,0
16535,91405,23469,107940,40004,114874,0
53915,41004,71139,94919,125054,112143,1
25433,98800,50865,124233,76298,149665,0
29929,92535,83853,122464,113782,176388,1
45268,6055,47579,51323,92847,53634,1
16992,54752,46093,71744,63085,100845,1
75228,40269,90743,115497,165971,131012,1
47297,43269,72642,90566,119939,115911,1
85021,49507,48881,134528,133902,98388,1
17674,67187,8214,84861,25888,75401,0
61286,71432,83973,132718,145259,155405,1
12828,49976,97719,62804,110547,147695,0
53861,13422,31216,67283,85077,44638,0
33749,73115,10675,106864,44424,83790,0
60214,71110,42542,131324,102756,113652,1
81177,88309,17219,169486,98396,105528,1
47526,35744,46947,83270,94473,82691,1
54763,50848,4563,105611,59326,55411,1
43460,71605,21699,115065,65159,93304,0
31524,22114,79844,53638,111368,101958,0
7793,50359,43126,58152,50919,93485,1
4161,16366,51192,20527,55353,67558,0
11586,37794,35594,49380,47180,73388,1
22794,95419,92860,118213,115654,188279,1
99486,42241,403,141727,99889,42644,0
89796,45305,80895,135101,170691,126200,1
38841,87470,90004,126311,128845,177474,1
81615,38099,75525,119714,157140,113624,1
45979,34839,1480,80818,47459,36319,0
13615,46403,26058,60018,39673,72461,0
60808,90440,48329,151248,109137,138769,1
96770,28476,99165,125246,195935,127641,1
64895,49558,48514,114453,113409,98072,1
39975,96639,77817,136614,117792,174456,1
74254,63557,89750,137811,164004,153307,1
67084,75134,33725,142218,100809,108859,1
55718,79709,54555,135427,110273,134264,1
79989,97203,27153,177192,107142,124356,1
22825,98741,62184,121566,85009,160925,0
29385,726,76563,30111,105948,77289,0
53181,341,50963,53522,104144,51304,0
77957,35885,26316,113842,104273,62201,0
31451,45533,31056,76984,62507,76589,1
4214,91701,59402,95915,63616,151103,0
18665,57828,83281,76493,101946,141109,0
74846,4932,89692,79778,164538,94624,0
49892,95950,82558,145842,132450,178508,1
76631,12351,60456,88982,137087,72807,0
57902,58670,49162,116572,107064,107832,1
62739,71423,77819,134162,140558,149242,1
26436,7555,79966,33991,106402,87521,0
27222,82326,86735,109548,113957,169061,1
78440,16840,24943,95280,103383,41783,0
23954,77773,60069,101727,84023,137842,1
14773,20415,30608,35188,45381,51023,1
27619,13333,9121,40952,36740,22454,0
28013,60272,12358,88285,40371,72630,0
92276,1149,121,93425,92397,1270,0
80579,76925,69825,157504,150404,146750,1
72356,35110,93713,107466,166069,128823,1
24982,85100,32379,110082,57361,117479,0
67091,62406,78460,129497,145551,140866,1
49333,69473,57339,118806,106672,126812,1
75257,1812,22529,77069,97786,24341,0
82183,82963,57198,165146,139381,140161,1
61709,57886,34578,119595,96287,92464,1
10581,46109,86175,56690,96756,132284,0
53872,70874,59941,124746,113813,130815,1
68020,97709,78151,165729,146171,175860,1
76616,50367,35880,126983,112496,86247,1
28986,30780,7661,59766,36647,38441,1
92162,38868,74101,131030,166263,112969,1
34608,78340,441,112948,35049,78781,0
22314,91044,63746,113358,86060,154790,0
4718,90954,29686,95672,34404,120640,0
77222,37401,87104,114623,164326,124505,1
79509,13863,56483,93372,135992,70346,0
19534,16100,1029,35634,20563,17129,0
19222,61826,78160,81048,97382,139986,1
49124,43995,99812,93119,148936,143807,0
15047,28179,62334,43226,77381,90513,0
33139,66015,47060,99154,80199,113075,1
17752,61109,40602,78861,58354,101711,0
31156,30103,50514,61259,81670,80617,1
23151,12041,84101,35192,107252,96142,0
24850,94339,52103,119189,76953,146442,0
61636,73234,26554,134870,88190,99788,1
21925,59461,11951,81386,33876,71412,0
32876,26881,41250,59757,74126,68131,1
22010,87607,51526,109617,73536,139133,0
67947,56600,91843,124547,159790,148443,1
95551,1390,36141,96941,131692,37531,0
83778,72219,97974,155997,181752,170193,1
45587,36520,91710,82107,137297,128230,0
62324,88089,89895,150413,152219,177984,1
84374,87903,15916,172277,100290,103819,1
62714,59449,32266,122163,94980,91715,1
72447,93939,46181,166386,118628,140120,1
6058,23006,87654,29064,93712,110660,0
16899,16430,1618,33329,18517,18048,1
81121,85749,85431,166870,166552,171180,1
61343,77419,76863,138762,138206,154282,1
26149,68423,68544,94572,94693,136967,1
45906,77804,69320,123710,115226,147124,1
52342,82547,15285,134889,67627,97832,0
34955,14460,38887,49415,73842,53347,1
45481,89933,25244,135414,70725,115177,0
38068,74027,75829,112095,113897,149856,1
2916,48997,14649,51913,17565,63646,0
60652,45547,17786,106199,78438,63333,1
84333,75219,40498,159552,124831,115717,1
17483,38964,78169,56447,95652,117133,0
74972,73274,9814,148246,84786,83088,1
73952,29684,12436,103636,86388,42120,0
58502,93303,64296,151805,122798,157599,1
14089,88841,65421,102930,79510,154262,0
32830,36169,83466,68999,116296,119635,0
62643,27441,84610,90084,147253,112051,1
83725,48139,12728,131864,96453,60867,0
6642,46541,66311,53183,72953,112852,0
67511,4179,87950,71690,155461,92129,0
32207,70488,10429,102695,42636,80917,0
50691,53937,24727,104628,75418,78664,1
7179,2649,99017,9828,106196,101666,0
29085,37716,16060,66801,45145,53776,1
34227,36338,45026,70565,79253,81364,1
61335,89864,93281,151199,154616,183145,1
91449,56545,43215,147994,134664,99760,1
59944,85401,86655,145345,146599,172056,1
98145,73163,62714,171308,160859,135877,1
17202,79504,61326,96706,78528,140830,0
1481,61794,13087,63275,14568,74881,0
28770,60239,90878,89009,119648,151117,0
77116,86512,25947,163628,103063,112459,1
87014,69281,96473,156295,183487,165754,1
45956,82796,21032,128752,66988,103828,0
758,69648,15815,70406,16573,85463,0
44477,21304,84174,65781,128651,105478,0
49638,53940,98597,103578,148235,152537,1
64729,61890,7230,126619,71959,69120,1
11588,29021,2418,40609,14006,31439,0
67120,42390,14549,109510,81669,56939,0
34738,53260,71483,87998,106221,124743,1
70915,47141,9084,118056,79999,56225,0
86985,66957,51165,153942,138150,118122,1
74351,64175,70610,138526,144961,134785,1
91185,45919,92872,137104,184057,138791,1
90388,7282,2825,97670,93213,10107,0
9888,23117,89452,33005,99340,112569,0
63475,92752,2360,156227,65835,95112,0
86986,77597,85362,164583,172348,162959,1
31702,74297,43611,105999,75313,117908,1
6819,80051,27982,86870,34801,108033,0
41801,9418,45296,51219,87097,54714,1
53947,60566,16681,114513,70628,77247,1
59514,88108,90469,147622,149983,178577,1
5994,42864,84139,48858,90133,127003,0
91525,30618,78435,122143,169960,109053,1
45756,6935,74710,52691,120466,81645,0
19460,23457,864,42917,20324,24321,0
51396,91269,11579,142665,62975,102848,0
99471,21982,15341,121453,114812,37323,0
84591,65304,77575,149895,162166,142879,1
34585,53190,83404,87775,117989,136594,1
28263,39946,67972,68209,96235,107918,1
64646,12225,46658,76871,111304,58883,0
67117,84510,41256,151627,108373,125766,1
58735,93451,8998,152186,67733,102449,0
37251,8283,36050,45534,73301,44333,1
78711,80991,38203,159702,116914,119194,1
33620,26053,32560,59673,66180,58613,1
54235,48813,67238,103048,121473,116051,1
9269,97180,42937,106449,52206,140117,0
47961,61490,5394,109451,53355,66884,0
90783,82480,57594,173263,148377,140074,1
64259,68521,94381,132780,158640,162902,1
96421,88817,10301,185238,106722,99118,1
25381,83231,14074,108612,39455,97305,0
45445,40279,31318,85724,76763,71597,1
7111,92152,92155,99263,99266,184307,1
88123,49391,83514,137514,171637,132905,1
97371,97459,56803,194830,154174,154262,1
40028,73573,33437,113601,73465,107010,0
59833,53313,99264,113146,159097,152577,1
87063,21271,63895,108334,150958,85166,0
27745,96250,42724,123995,70469,138974,0
66928,20782,45680,87710,112608,66462,0
71881,82842,51797,154723,123678,134639,1
21414,43911,51231,65325,72645,95142,1
50308,9972,10291,60280,60599,20263,0
1566,24892,62871,26458,64437,87763,0
51767,83412,14421,135179,66188,97833,0
40967,40344,14153,81311,55120,54497,1
78117,19876,19701,97993,97818,39577,0
75109,29852,42306,104961,117415,72158,0
31799,49037,77012,80836,108811,126049,1
16742,25799,29675,42541,46417,55474,1
14582,24622,99064,39204,113646,123686,0
28391,30558,34484,58949,62875,65042,1
42833,35133,50207,77966,93040,85340,1
85428,82422,44832,167850,130260,127254,1
53621,58528,28854,112149,82475,87382,1
1644,84871,14383,86515,16027,99254,0
95848,13039,85656,108887,181504,98695,1
8311,93233,94838,101544,103149,188071,1
77612,25016,45953,102628,123565,70969,0
17545,75688,39060,93233,56605,114748,0
1093,44699,21695,45792,22788,66394,0
89297,36527,23445,125824,112742,59972,0
85286,80146,97595,165432,182881,177741,1
43387,77453,95589,120840,138976,173042,1
28129,86611,69565,114740,97694,156176,1
46753,11020,26247,57773,73000,37267,0
71174,94333,35101,165507,106275,129434,1
8204,22531,75736,30735,83940,98267,0
40609,97117,60172,137726,100781,157289,1
36201,66917,77444,103118,113645,144361,1
14277,38598,67294,52875,81571,105892,0
41101,71834,12231,112935,53332,84065,0
15989,40430,54793,56419,70782,95223,1
33753,98609,55551,132362,89304,154160,0
24698,41115,37305,65813,62003,78420,1
46336,43468,51460,89804,97796,94928,1
22583,28343,12680,50926,35263,41023,1
70736,49482,70245,120218,140981,119727,1
63966,96848,59508,160814,123474,156356,1
88404,13525,57151,101929,145555,70676,0
65217,42726,25059,107943,90276,67785,1
6175,84934,83552,91109,89727,168486,1
62509,38151,86054,100660,148563,124205,1
47948,76005,87712,123953,135660,163717,1
17478,99703,57202,117181,74680,156905,0
32708,47694,52482,80402,85190,100176,1
76220,43808,23114,120028,99334,66922,0
75165,35624,94140,110789,169305,129764,1
51787,7529,68947,59316,120734,76476,0
73511,45079,38709,118590,112220,83788,1
29184,96835,34955,126019,64139,131790,0
68392,62756,60364,131148,128756,123120,1
43532,37554,45186,81086,88718,82740,1
41413,1128,50958,42541,92371,52086,0
87632,50818,78786,138450,166418,129604,1
40340,96533,24211,136873,64551,120744,0
77547,28813,42252,106360,119799,71065,0
42614,36729,75456,79343,118070,112185,1
89679,96291,16063,185970,105742,112354,1
7042,92260,10376,99302,17418,102636,0
8000,88885,41820,96885,49820,130705,0
58858,39369,18512,98227,77370,57881,0
17231,70523,48633,87754,65864,119156,0
72481,99268,16657,171749,89138,115925,0
11344,44711,39051,56055,50395,83762,1
65774,44149,4398,109923,70172,48547,0
19555,64611,25321,84166,44876,89932,0
19319,95277,42199,114596,61518,137476,0
40890,69645,1235,110535,42125,70880,0
46278,9433,13158,55711,59436,22591,0
54674,26929,19218,81603,73892,46147,0
71066,15242,10626,86308,81692,25868,0
62562,38376,93733,100938,156295,132109,1
236,68645,84883,68881,85119,153528,0
89448,95725,39936,185173,129384,135661,1
30097,40722,80123,70819,110220,120845,0
24472,62582,25895,87054,50367,88477,0
14469,24445,29263,38914,43732,53708,1
56349,78598,9495,134947,65844,88093,0
51713,89764,67092,141477,118805,156856,1
92806,46522,17999,139328,110805,64521,0
47587,71612,66401,119199,113988,138013,1
48709,74842,11163,123551,59872,86005,0
44900,88868,63919,133768,108819,152787,1
40495,72014,65744,112509,106239,137758,1
38892,33552,99415,72444,138307,132967,0
64085,68539,85582,132624,149667,154121,1
2621,90105,41836,92726,44457,131941,0
55739,96287,83682,152026,139421,179969,1
16707,15677,48225,32384,64932,63902,0
80270,77121,67199,157391,147469,144320,1
8801,98859,24660,107660,33461,123519,0
31340,52170,71574,83510,102914,123744,1
77248,88556,15871,165804,93119,104427,1
28020,21623,28911,49643,56931,50534,1
6220,11375,16130,17595,22350,27505,1
73553,43288,656,116841,74209,43944,0
77709,2565,4914,80274,82623,7479,0
21525,14982,57300,36507,78825,72282,0
94264,60142,64144,154406,158408,124286,1
97517,76634,35220,174151,132737,111854,1
27940,88746,75749,116686,103689,164495,1
26779,652,51749,27431,78528,52401,0
94215,60188,16507,154403,110722,76695,0
93844,60821,20101,154665,113945,80922,0
56000,69947,34564,125947,90564,104511,1
48390,76697,62656,125087,111046,139353,1
95397,11111,60378,106508,155775,71489,0
69780,53041,4458,122821,74238,57499,0
70264,73746,40346,144010,110610,114092,1
75305,10130,76876,85435,152181,87006,1
56924,64633,22297,121557,79221,86930,1
84098,77387,38279,161485,122377,115666,1
6218,87673,41059,93891,47277,128732,0
17530,93943,89423,111473,106953,183366,1
5391,11454,22604,16845,27995,34058,0
60307,84965,95782,145272,156089,180747,1
25305,97569,29628,122874,54933,127197,0
41807,27178,30627,68985,72434,57805,1
77892,21375,24267,99267,102159,45642,0
8009,87890,54795,95899,62804,142685,0
44606,9401,88244,54007,132850,97645,0
36031,70555,54792,106586,90823,125347,1
58630,25632,44185,84262,102815,69817,1
44009,98031,38670,142040,82679,136701,0
76724,75653,91311,152377,168035,166964,1
76739,917,42437,77656,119176,43354,0
52325,7150,80362,59475,132687,87512,0
95202,51105,73111,146307,168313,124216,1
69836,3316,40350,73152,110186,43666,0
36429,94199,95805,130628,132234,190004,1
32173,20532,18021,52705,50194,38553,1
71379,11764,77446,83143,148825,89210,1
81114,69800,49048,150914,130162,118848,1
47139,46927,45406,94066,92545,92333,1
73957,38158,12491,112115,86448,50649,0
35629,91193,65225,126822,100854,156418,1
22196,24114,14419,46310,36615,38533,1
3366,85045,41839,88411,45205,126884,0
46548,78351,65350,124899,111898,143701,1
37213,33927,19946,71140,57159,53873,1
91708,36936,5670,128644,97378,42606,0
4677,78134,88444,82811,93121,166578,0
95706,18546,65508,114252,161214,84054,0
57355,36229,131,93584,57486,36360,0
61892,53571,41200,115463,103092,94771,1
91499,90754,26506,182253,118005,117260,1
7608,13332,80602,20940,88210,93934,0
69887,15910,52423,85797,122310,68333,0
5895,15220,73605,21115,79500,88825,0
39571,11494,47350,51065,86921,58844,1
72273,13971,14087,86244,86360,28058,0
44480,93354,11031,137834,55511,104385,0
54415,13847,91407,68262,145822,105254,0
39727,660,51804,40387,91531,52464,0
34085,77802,17675,111887,51760,95477,0
80368,84817,74966,165185,155334,159783,1
39401,29329,76004,68730,115405,105333,0
85918,67331,75225,153249,161143,142556,1
76643,52619,30713,129262,107356,83332,1
52265,61422,28485,113687,80750,89907,1
38913,73241,60357,112154,99270,133598,1
61211,72747,24138,133958,85349,96885,1
39980,85336,57203,125316,97183,142539,1
36703,5140,39988,41843,76691,45128,1
511,68006,29310,68517,29821,97316,0
76952,32863,7784,109815,84736,40647,0
51701,33823,96815,85524,148516,130638,0
23112,82956,56504,106068,79616,139460,0
37643,83651,12326,121294,49969,95977,0
36721,100,64860,36821,101581,64960,0
49460,98039,24625,147499,74085,122664,0
46564,81777,79060,128341,125624,160837,1
93115,76704,34543,169819,127658,111247,1
30684,78136,57742,108820,88426,135878,1
2201,60555,42177,62756,44378,102732,0
18320,14853,56477,33173,74797,71330,0
28034,56492,84884,84526,112918,141376,0
35009,74102,98799,109111,133808,172901,1
66696,81295,44518,147991,111214,125813,1
97753,79666,56181,177419,153934,135847,1
42579,15365,75989,57944,118568,91354,0
24106,22939,51202,47045,75308,74141,0
13561,7975,11643,21536,25204,19618,1
81110,97495,13586,178605,94696,111081,0
90904,8759,56852,99663,147756,65611,0
78505,28642,33959,107147,112464,62601,0
71080,68247,51084,139327,122164,119331,1
27430,94419,51435,121849,78865,145854,0
1639,98909,90879,100548,92518,189788,0
29038,16861,8451,45899,37489,25312,0
10030,84376,94948,94406,104978,179324,0
73463,56415,69273,129878,142736,125688,1
38501,14383,54438,52884,92939,68821,0
22114,43823,29090,65937,51204,72913,1
9256,30723,19342,39979,28598,50065,0
98077,30312,64008,128389,162085,94320,0
28095,24828,96023,52923,124118,120851,0
65304,63643,76290,128947,141594,139933,1
46483,50148,328,96631,46811,50476,0
54323,50112,4095,104435,58418,54207,0
20655,27677,25515,48332,46170,53192,1
8079,73543,24410,81622,32489,97953,0
5388,69468,42852,74856,48240,112320,0
7686,52214,77183,59900,84869,129397,0
24098,12967,90315,37065,114413,103282,0
19442,56754,6670,76196,26112,63424,0
23331,60127,26718,83458,50049,86845,0
92916,22498,15015,115414,107931,37513,0
80222,32508,17958,112730,98180,50466,0
35289,2136,65269,37425,100558,67405,0
60732,87779,2172,148511,62904,89951,0
71311,55286,59790,126597,131101,115076,1
45639,74448,84066,120087,129705,158514,1
56282,51598,15688,107880,71970,67286,1
78579,12238,47398,90817,125977,59636,0
36833,38271,41383,75104,78216,79654,1
817,70469,73548,71286,74365,144017,0
46432,13621,28346,60053,74778,41967,0
46239,39186,34008,85425,80247,73194,1
67342,93961,9251,161303,76593,103212,0
85870,73248,41357,159118,127227,114605,1
26022,74806,13923,100828,39945,88729,0
43277,66779,36712,110056,79989,103491,1
43305,59947,19257,103252,62562,79204,1
20717,99177,92842,119894,113559,192019,1
28354,56648,84192,85002,112546,140840,1
68076,83844,49688,151920,117764,133532,1
40208,71788,14650,111996,54858,86438,0
52724,67096,22812,119820,75536,89908,1
63972,55529,37770,119501,101742,93299,1
96312,40275,4453,136587,100765,44728,0
15988,78709,81960,94697,97948,160669,1
36749,14587,99286,51336,136035,113873,0
12543,99774,20294,112317,32837,120068,0
82563,94044,10948,176607,93511,104992,0
24717,48905,39574,73622,64291,88479,1
15964,77154,58464,93118,74428,135618,0
76096,98963,90351,175059,166447,189314,1
92533,98122,69048,190655,161581,167170,1
24675,1237,10266,25912,34941,11503,0
7759,37664,99958,45423,107717,137622,0
54162,36691,73600,90853,127762,110291,1
78847,90139,38588,168986,117435,128727,1
68034,85059,63660,153093,131694,148719,1
38302,49446,94443,87748,132745,143889,0
18811,12568,33081,31379,51892,45649,0
4411,5146,87091,9557,91502,92237,0
36086,49057,67058,85143,103144,116115,1
38415,96554,43367,134969,81782,139921,0
17732,72504,13892,90236,31624,86396,0
35987,11613,9022,47600,45009,20635,0
41970,9093,16431,51063,58401,25524,0
25346,34247,94365,59593,119711,128612,0
29310,23390,18903,52700,48213,42293,1
95717,28092,46855,123809,142572,74947,0
17913,70339,22743,88252,40656,93082,0
71716,30005,50804,101721,122520,80809,1
36140,55227,94805,91367,130945,150032,0
8858,71575,58212,80433,67070,129787,0
33784,66037,54864,99821,88648,120901,1
37629,57880,32588,95509,70217,90468,1
4187,67213,24709,71400,28896,91922,0
81158,88739,79919,169897,161077,168658,1
80258,47419,96812,127677,177070,144231,1
38370,25411,58066,63781,96436,83477,1
80846,57031,7531,137877,88377,64562,0
19095,8826,3997,27921,23092,12823,0
10836,30535,22128,41371,32964,52663,1
93178,18944,6011,112122,99189,24955,0
73250,95091,97231,168341,170481,192322,1
54476,53215,13581,107691,68057,66796,1
74449,81300,71994,155749,146443,153294,1
57181,12428,26235,69609,83416,38663,0
28256,38326,21807,66582,50063,60133,1
6247,32429,32677,38676,38924,65106,1
43680,23595,58103,67275,101783,81698,1
61352,59818,85834,121170,147186,145652,1
87169,48812,74072,135981,161241,122884,1
77926,89194,35990,167120,113916,125184,1
54183,53158,1653,107341,55836,54811,1
40575,15900,63142,56475,103717,79042,0
86755,60806,32772,147561,119527,93578,1
81976,10591,14055,92567,96031,24646,0
18872,64841,91077,83713,109949,155918,0
16579,34131,18152,50710,34731,52283,1
37485,45792,58154,83277,95639,103946,1
37191,69363,86711,106554,123902,156074,1
54585,62109,15210,116694,69795,77319,1
82585,6780,82196,89365,164781,88976,1
67584,37190,29198,104774,96782,66388,0
52343,40740,127,93083,52470,40867,0
9236,73314,9226,82550,18462,82540,0
84350,81704,5394,166054,89744,87098,1
76128,90155,82423,166283,158551,172578,1
50830,56121,90478,106951,141308,146599,1
3753,6186,23301,9939,27054,29487,0
82065,99706,76523,181771,158588,176229,1
39218,89308,88386,128526,127604,177694,1
21806,93768,50412,115574,72218,144180,0
96152,35186,60683,131338,156835,95869,0
91851,35160,43905,127011,135756,79065,0
93309,91875,48245,185184,141554,140120,1
33381,52233,1140,85614,34521,53373,0
16491,15126,61281,31617,77772,76407,0
7557,95129,38107,102686,45664,133236,0
87840,64257,36155,152097,123995,100412,1
85543,30776,49834,116319,135377,80610,0
97578,45592,18258,143170,115836,63850,0
48684,70904,61175,119588,109859,132079,1
12102,76691,44214,88793,56316,120905,0
33022,58640,35651,91662,68673,94291,1
25348,24603,42476,49951,67824,67079,1
34466,58153,7663,92619,42129,65816,0
20666,56079,90377,76745,111043,146456,0
56518,3072,73137,59590,129655,76209,0
83794,99475,9183,183269,92977,108658,0
3080,29960,8191,33040,11271,38151,0
9081,39964,3819,49045,12900,43783,0
95044,67349,65519,162393,160563,132868,1
13100,82406,59662,95506,72762,142068,0
70500,15499,2663,85999,73163,18162,0
4201,5363,35994,9564,40195,41357,0
71141,51976,72781,123117,143922,124757,1
6598,72199,35541,78797,42139,107740,0
59620,67112,40190,126732,99810,107302,1
69335,86685,84726,156020,154061,171411,1
56194,31966,45734,88160,101928,77700,1
71496,15444,21057,86940,92553,36501,0
89736,95561,4879,185297,94615,100440,0
89864,79485,50157,169349,140021,129642,1
51692,74187,65213,125879,116905,139400,1
1396,4730,47391,6126,48787,52121,0
75065,77703,39041,152768,114106,116744,1
70565,75474,25759,146039,96324,101233,1
96512,33929,39395,130441,135907,73324,0
48830,57350,88519,106180,137349,145869,1
13974,31596,2251,45570,16225,33847,0
18192,64959,4810,83151,23002,69769,0
36233,80677,51102,116910,87335,131779,1
76253,46119,47909,122372,124162,94028,1
53878,39130,95790,93008,149668,134920,0
87840,40000,95232,127840,183072,135232,1
99099,37283,9770,136382,108869,47053,0
21327,27945,1171,49272,22498,29116,0
3155,34327,57734,37482,60889,92061,0
38498,63690,24345,102188,62843,88035,0
85734,20285,57634,106019,143368,77919,0
70107,27993,22198,98100,92305,50191,0
48632,44308,21930,92940,70562,66238,1
15636,10393,25744,26029,41380,36137,1
80252,59283,45337,139535,125589,104620,1
58550,26174,86185,84724,144735,112359,0
25127,71308,78762,96435,103889,150070,1
91713,40374,41581,132087,133294,81955,0
75720,7304,10897,83024,86617,18201,0
35950,48506,59715,84456,95665,108221,1
25977,18340,9760,44317,35737,28100,1
43366,51170,63092,94536,106458,114262,1
61171,34399,21268,95570,82439,55667,0
84789,12364,67952,97153,152741,80316,0
60234,11589,2239,71823,62473,13828,0
29782,65208,99681,94990,129463,164889,0
74731,31403,36290,106134,111021,67693,0
17068,17161,51189,34229,68257,68350,0
75088,11154,4773,86242,79861,15927,0
81085,57098,15011,138183,96096,72109,0
1820,24244,8240,26064,10060,32484,0
33538,65651,71303,99189,104841,136954,1
688,39307,12708,39995,13396,52015,0
61755,93042,42210,154797,103965,135252,1
56437,80732,74136,137169,130573,154868,1
74873,9924,53254,84797,128127,63178,0
16269,66995,25307,83264,41576,92302,0
80667,42364,53374,123031,134041,95738,1
27676,48650,3184,76326,30860,51834,0
81870,58488,63767,140358,145637,122255,1
32606,59862,73384,92468,105990,133246,1
17726,25863,985,43589,18711,26848,0
55830,29815,95869,85645,151699,125684,0
249,21439,67620,21688,67869,89059,0
92964,4074,16594,97038,109558,20668,0
55144,41167,80028,96311,135172,121195,1
71324,67942,53795,139266,125119,121737,1
78140,93043,22327,171183,100467,115370,1
79764,29530,48194,109294,127958,77724,0
17494,94682,91953,112176,109447,186635,1
30744,88329,52254,119073,82998,140583,0
18571,90104,97701,108675,116272,187805,1
91167,62649,93559,153816,184726,156208,1
49585,63910,47856,113495,97441,111766,1
17908,14788,85998,32696,103906,100786,0
46345,68251,20130,114596,66475,88381,0
66770,40480,52543,107250,119313,93023,1
266,3653,33522,3919,33788,37175,0
58759,33631,42734,92390,101493,76365,1
16204,24719,8303,40923,24507,33022,0
71269,42585,6019,113854,77288,48604,0
28792,26715,31973,55507,60765,58688,1
57813,44037,78458,101850,136271,122495,1
23293,47787,34257,71080,57550,82044,1
36460,41917,83874,78377,120334,125791,0
47539,79420,42427,126959,89966,121847,1
35883,28146,88280,64029,124163,116426,0
47941,35720,74502,83661,122443,110222,1
1582,62777,75542,64359,77124,138319,0
84635,28745,40614,113380,125249,69359,0
5549,12750,29686,18299,35235,42436,0
30948,76935,7307,107883,38255,84242,0
40639,56698,67237,97337,107876,123935,1
10359,40416,65415,50775,75774,105831,0
97040,5193,40766,102233,137806,45959,0
13724,15917,46301,29641,60025,62218,0
53645,83584,58274,137229,111919,141858,1
57443,51754,89285,109197,146728,141039,1
7907,11989,68804,19896,76711,80793,0
7570,25407,96488,32977,104058,121895,0
52796,22615,69988,75411,122784,92603,1
44642,88349,70687,132991,115329,159036,1
20250,7372,94892,27622,115142,102264,0
33208,24643,66190,57851,99398,90833,0
53885,4016,52442,57901,106327,56458,1
41680,67330,28610,109010,70290,95940,1
26856,95364,6981,122220,33837,102345,0
50450,76302,90842,126752,141292,167144,1
59781,8609,70693,68390,130474,79302,0
95805,324,10292,96129,106097,10616,0
89580,95454,59673,185034,149253,155127,1
2174,89574,16758,91748,18932,106332,0
12896,72544,24940,85440,37836,97484,0
20415,14289,67293,34704,87708,81582,0
28891,18860,16556,47751,45447,35416,1
79710,88340,66009,168050,145719,154349,1
47057,13580,10037,60637,57094,23617,0
37077,47297,13532,84374,50609,60829,1
12089,4221,48861,16310,60950,53082,0
87599,33844,67087,121443,154686,100931,1
32709,37901,75376,70610,108085,113277,0
72682,21309,72349,93991,145031,93658,1
90122,5428,76747,95550,166869,82175,0
88566,38446,8603,127012,97169,47049,0
33972,53440,8053,87412,42025,61493,0
98954,59747,26951,158701,125905,86698,0
97963,55880,94494,153843,192457,150374,1
72806,42746,3334,115552,76140,46080,0
37088,37618,22576,74706,59664,60194,1
73774,70471,49542,144245,123316,120013,1
12605,98534,49274,111139,61879,147808,0
31783,29344,95951,61127,127734,125295,0
17369,24069,97374,41438,114743,121443,0
30088,878,91146,30966,121234,92024,0
39964,12844,70443,52808,110407,83287,0
1689,40490,73683,42179,75372,114173,0
35603,51892,14567,87495,50170,66459,0
84070,15761,22672,99831,106742,38433,0
89589,78676,63605,168265,153194,142281,1
90309,89766,49889,180075,140198,139655,1
78460,96737,72606,175197,151066,169343,1
59647,43889,64780,103536,124427,108669,1
77173,82842,46358,160015,123531,129200,1
35115,63573,88027,98688,123142,151600,1
89843,76097,32924,165940,122767,109021,1
46609,50951,25219,97560,71828,76170,1
11954,33079,20022,45033,31976,53101,0
7127,76339,48,83466,7175,76387,0
99311,59575,44189,158886,143500,103764,1
94686,37211,92359,131897,187045,129570,1
65963,44778,88032,110741,153995,132810,1
4766,16717,32321,21483,37087,49038,0
82415,23036,54876,105451,137291,77912,0
43011,94257,4557,137268,47568,98814,0
21402,67736,10449,89138,31851,78185,0
53858,38121,68266,91979,122124,106387,1
1332,48767,7251,50099,8583,56018,0
97335,15032,77486,112367,174821,92518,0
8202,98559,61774,106761,69976,160333,0
87106,93737,22628,180843,109734,116365,1
78918,4674,25468,83592,104386,30142,0
14826,75312,19205,90138,34031,94517,0
18173,75942,39510,94115,57683,115452,0
78316,94276,49488,172592,127804,143764,1
93573,33133,66945,126706,160518,100078,1
83738,22435,95492,106173,179230,117927,1
48397,69506,35432,117903,83829,104938,1
13717,28766,20316,42483,34033,49082,1
9504,65411,30576,74915,40080,95987,0
7813,58897,2180,66710,9993,61077,0
41962,7510,99406,49472,141368,106916,0
11110,58866,69713,69976,80823,128579,1
99850,94869,96132,194719,195982,191001,1
244,72075,34441,72319,34685,106516,0
11038,84469,71243,95507,82281,155712,0
73471,8987,78726,82458,152197,87713,1
47899,20128,708,68027,48607,20836,0
1857,72021,90411,73878,92268,162432,0
71459,51134,1993,122593,73452,53127,0
54297,97263,60868,151560,115165,158131,1
38036,57830,6596,95866,44632,64426,0
92558,23101,7714,115659,100272,30815,0
19754,16575,97786,36329,117540,114361,0
6348,31640,15007,37988,21355,46647,0
56976,2815,87526,59791,144502,90341,0
96496,15591,80221,112087,176717,95812,0
28043,4973,64410,33016,92453,69383,0
25455,41958,25089,67413,50544,67047,1
49735,56304,84299,106039,134034,140603,1
42162,77021,34561,119183,76723,111582,0
20667,20348,18523,41015,39190,38871,1
47472,91140,22184,138612,69656,113324,0
22407,97435,93529,119842,115936,190964,1
81532,58186,49898,139718,131430,108084,1
23110,91926,98058,115036,121168,189984,1
5253,78176,69308,83429,74561,147484,0
17634,6874,31577,24508,49211,38451,0
31010,41079,30210,72089,61220,71289,1
20276,57571,69437,77847,89713,127008,1
55070,14298,71599,69368,126669,85897,0
8413,51729,55208,60142,63621,106937,1
28980,74170,71084,103150,100064,145254,1
35941,36494,31050,72435,66991,67544,1
43212,99504,25357,142716,68569,124861,0
58385,32720,24611,91105,82996,57331,0
31028,84515,22006,115543,53034,106521,0
2052,62487,18617,64539,20669,81104,0
50565,18108,26310,68673,76875,44418,0
80863,95599,10867,176462,91730,106466,0
82255,4410,42371,86665,124626,46781,0
18670,35008,20403,53678,39073,55411,1
2965,80126,3873,83091,6838,83999,0
38746,22939,82797,61685,121543,105736,0
53573,32904,20197,86477,73770,53101,0
43501,33286,2309,76787,45810,35595,0
16671,21197,1827,37868,18498,23024,0
44832,9668,84058,54500,128890,93726,0
5968,42545,74097,48513,80065,116642,0
70541,71077,9247,141618,79788,80324,1
73590,41211,58912,114801,132502,100123,1
90971,64487,29842,155458,120813,94329,1
52724,1003,94499,53727,147223,95502,0
84315,93258,56193,177573,140508,149451,1
75222,25628,65956,100850,141178,91584,1
17477,31996,86009,49473,103486,118005,0
96084,54313,11099,150397,107183,65412,0
79430,97781,75334,177211,154764,173115,1
7737,77399,45465,85136,53202,122864,0
36853,43516,64640,80369,101493,108156,1
62458,6596,62874,69054,125332,69470,1
29139,23095,45760,52234,74899,68855,1
87919,90067,56954,177986,144873,147021,1
75858,53070,41565,128928,117423,94635,1
64529,42821,21421,107350,85950,64242,0
65143,29955,19989,95098,85132,49944,0
37867,72657,66651,110524,104518,139308,1
59098,18702,77395,77800,136493,96097,1
94686,34763,17956,129449,112642,52719,0
30522,51788,29336,82310,59858,81124,1
72485,92165,25863,164650,98348,118028,1
84195,10472,63891,94667,148086,74363,0
23311,99089,21537,122400,44848,120626,0
93218,49397,6831,142615,100049,56228,0
48334,44322,56574,92656,104908,100896,1
85724,85628,51414,171352,137138,137042,1
77957,44670,79849,122627,157806,124519,1
23647,51238,64529,74885,88176,115767,1
76518,18937,963,95455,77481,19900,0
1726,85161,8818,86887,10544,93979,0
75713,2175,77867,77888,153580,80042,1
63084,39087,62545,102171,125629,101632,1
23258,39399,64275,62657,87533,103674,0
50968,77035,41956,128003,92924,118991,1
61110,23443,92944,84553,154054,116387,0
63632,79086,89733,142718,153365,168819,1
59265,67941,5500,127206,64765,73441,0
26679,36435,38146,63114,64825,74581,1
82017,13172,89531,95189,171548,102703,1
40206,17572,64748,57778,104954,82320,0
57289,17307,29169,74596,86458,46476,0
7533,94719,99583,102252,107116,194302,1
87553,6978,56720,94531,144273,63698,0
58662,22686,60060,81348,118722,82746,1
14741,92373,89270,107114,104011,181643,1
87948,62812,80402,150760,168350,143214,1
35861,77686,83387,113547,119248,161073,1
38166,42185,52722,80351,90888,94907,1
81803,46359,66773,128162,148576,113132,1
11532,7807,35449,19339,46981,43256,0
19076,41722,30305,60798,49381,72027,1
67812,97773,1257,165585,69069,99030,0
99916,36489,11241,136405,111157,47730,0
95577,58452,29937,154029,125514,88389,0
50993,32945,95245,83938,146238,128190,0
73451,11166,66258,84617,139709,77424,1
44941,35601,20849,80542,65790,56450,1
41884,70202,95574,112086,137458,165776,1
9792,48624,40836,58416,50628,89460,1
34586,74365,58853,108951,93439,133218,1
13196,1461,49855,14657,63051,51316,0
34588,76921,31112,111509,65700,108033,0
25930,67264,78464,93194,104394,145728,1
1637,69358,96497,70995,98134,165855,0
32091,30941,23341,63032,55432,54282,1
83017,8228,25990,91245,109007,34218,0
7717,36424,28303,44141,36020,64727,0
51480,77949,93741,129429,145221,171690,1
98612,19713,59455,118325,158067,79168,0
47422,40205,32363,87627,79785,72568,1
99909,18361,14104,118270,114013,32465,0
95927,29415,85282,125342,181209,114697,1
53468,11184,89598,64652,143066,100782,0
43139,19544,82275,62683,125414,101819,0
76253,29639,60452,105892,136705,90091,1
6937,19089,65056,26026,71993,84145,0
59585,7832,46688,67417,106273,54520,0
3606,69830,8545,73436,12151,78375,0
51304,41244,49291,92548,100595,90535,1
18513,6912,21297,25425,39810,28209,1
79379,47072,12840,126451,92219,59912,0
33259,48738,14661,81997,47920,63399,0
81100,469,59906,81569,141006,60375,0
30107,22999,19753,53106,49860,42752,1
9570,90490,77752,100060,87322,168242,0
18258,27063,58722,45321,76980,85785,0
67980,77630,32728,145610,100708,110358,1
19022,93230,2528,112252,21550,95758,0
52318,57576,2327,109894,54645,59903,0
98506,88378,65667,186884,164173,154045,1
96614,90201,81594,186815,178208,171795,1
72497,62354,27221,134851,99718,89575,1
69099,42701,25616,111800,94715,68317,0
522,4393,71714,4915,72236,76107,0
41031,54757,56006,95788,97037,110763,1
72895,4176,27321,77071,100216,31497,0
66692,90373,36483,157065,103175,126856,1
97955,49287,18513,147242,116468,67800,0
98385,54218,75135,152603,173520,129353,1
24785,36328,23543,61113,48328,59871,1
66630,56758,97213,123388,163843,153971,1
82175,11091,72555,93266,154730,83646,1
53601,6565,65815,60166,119416,72380,0
62848,44613,10443,107461,73291,55056,0
83613,58287,90106,141900,173719,148393,1
9228,84393,29918,93621,39146,114311,0
38118,90977,75518,129095,113636,166495,1
68668,1452,62945,70120,131613,64397,0
48436,89682,83311,138118,131747,172993,1
8599,25149,63144,33748,71743,88293,0
10707,5769,45482,16476,56189,51251,0
97681,40834,19301,138515,116982,60135,0
70612,61287,23987,131899,94599,85274,1
65674,23578,3773,89252,69447,27351,0
77910,35704,62226,113614,140136,97930,1
43727,21567,74046,65294,117773,95613,0
40624,85167,22363,125791,62987,107530,0
16316,10488,29201,26804,45517,39689,0
75741,29564,35684,105305,111425,65248,0
81774,93526,73106,175300,154880,166632,1
75343,90966,99358,166309,174701,190324,1
90866,18702,11924,109568,102790,30626,0
97452,32921,61673,130373,159125,94594,0
48898,55476,44194,104374,93092,99670,1
73665,46989,56724,120654,130389,103713,1
89148,94144,3013,183292,92161,97157,0
97852,83816,74060,181668,171912,157876,1
29250,18795,90892,48045,120142,109687,0
23562,55650,57024,79212,80586,112674,1
32125,45831,41797,77956,73922,87628,1
85060,40188,65986,125248,151046,106174,1
56938,7768,86451,64706,143389,94219,0
30944,56618,29791,87562,60735,86409,1
81350,91534,53411,172884,134761,144945,1
68311,30381,31857,98692,100168,62238,0
60637,2607,9595,63244,70232,12202,0
69982,20565,63071,90547,133053,83636,1
19764,3183,89957,22947,109721,93140,0
92763,59690,95634,152453,188397,155324,1
35380,75663,71456,111043,106836,147119,1
8398,7816,31493,16214,39891,39309,0
89941,74982,1399,164923,91340,76381,0
82950,48990,34322,131940,117272,83312,1
9606,12869,71139,22475,80745,84008,0
83778,87098,21344,170876,105122,108442,1
60573,88590,35856,149163,96429,124446,1
98218,25302,76910,123520,175128,102212,1
81647,54409,76962,136056,158609,131371,1
84765,98102,75232,182867,159997,173334,1
52479,1982,61822,54461,114301,63804,0
82902,76565,5730,159467,88632,82295,0
87124,97179,64706,184303,151830,161885,1
40337,45952,10905,86289,51242,56857,1
43198,18340,74277,61538,117475,92617,0
90253,58182,15404,148435,105657,73586,0
97874,65506,25720,163380,123594,91226,0
14056,43809,89276,57865,103332,133085,0
50194,41419,75178,91613,125372,116597,1
96349,76279,63802,172628,160151,140081,1
55570,43736,23590,99306,79160,67326,1
33732,12281,61476,46013,95208,73757,0
25901,75895,66549,101796,92450,142444,1
48869,31051,76216,79920,125085,107267,1
75484,38309,39239,113793,114723,77548,1
8287,12230,88168,20517,96455,100398,0
71817,11029,32734,82846,104551,43763,0
44253,45157,47124,89410,91377,92281,1
6053,97953,91940,104006,97993,189893,1
49016,60692,78003,109708,127019,138695,1
27825,68674,73285,96499,101110,141959,1
81138,96637,71227,177775,152365,167864,1
34344,10832,90701,45176,125045,101533,0
73714,66386,64090,140100,137804,130476,1
56847,97499,26726,154346,83573,124225,0
16823,3669,7843,20492,24666,11512,0
5296,94364,36282,99660,41578,130646,0
30711,15912,24604,46623,55315,40516,1
19573,18888,13604,38461,33177,32492,1
42998,7373,25330,50371,68328,32703,0
88856,87667,9352,176523,98208,97019,1
73640,42920,75913,116560,149553,118833,1
28777,9061,22252,37838,51029,31313,1
18993,18687,59682,37680,78675,78369,0
49297,29629,94496,78926,143793,124125,0
73646,95204,36473,168850,110119,131677,1
80777,67176,14364,147953,95141,81540,1
27023,12833,91943,39856,118966,104776,0
12200,24350,72330,36550,84530,96680,0
56105,7922,68189,64027,124294,76111,0
21551,45316,74166,66867,95717,119482,0
72240,85794,17279,158034,89519,103073,1
82482,32663,67142,115145,149624,99805,1
79316,32935,24715,112251,104031,57650,0
68144,35168,50254,103312,118398,85422,1
10371,97774,3884,108145,14255,101658,0
78853,9177,6956,88030,85809,16133,0
7876,92120,64689,99996,72565,156809,0
92472,6627,62737,99099,155209,69364,0
14374,57971,52952,72345,67326,110923,1
74739,96982,98056,171721,172795,195038,1
56973,62457,33671,119430,90644,96128,1
99529,87141,34766,186670,134295,121907,1
31917,7372,58311,39289,90228,65683,0
22553,75039,47161,97592,69714,122200,0
51391,46715,35767,98106,87158,82482,1
74055,96712,78893,170767,152948,175605,1
36277,94966,86783,131243,123060,181749,1
16086,66201,22532,82287,38618,88733,0
30773,92171,95552,122944,126325,187723,1
60740,30366,50094,91106,110834,80460,1
7348,75087,15176,82435,22524,90263,0
603,57903,20251,58506,20854,78154,0
87592,87514,21346,175106,108938,108860,1
59283,95613,77503,154896,136786,173116,1
40479,99229,3264,139708,43743,102493,0
48087,11871,77577,59958,125664,89448,0
10225,39221,46787,49446,57012,86008,1
79448,60306,5279,139754,84727,65585,0
16429,61158,50481,77587,66910,111639,1
32706,97123,45152,129829,77858,142275,0
72914,1994,49221,74908,122135,51215,0
34872,52665,17311,87537,52183,69976,0
88899,65757,97929,154656,186828,163686,1
93060,67368,12432,160428,105492,79800,0
57436,5085,3426,62521,60862,8511,0
32364,30014,87241,62378,119605,117255,0
4074,5227,82128,9301,86202,87355,0
78616,26517,42710,105133,121326,69227,0
10865,10351,20031,21216,30896,30382,1
87583,96997,54680,184580,142263,151677,1
98314,89117,25672,187431,123986,114789,1
88853,23865,13506,112718,102359,37371,0
78083,44795,14943,122878,93026,59738,0
47262,22798,9550,70060,56812,32348,0
53999,53816,42351,107815,96350,96167,1
18478,33592,79395,52070,97873,112987,0
94462,85876,64427,180338,158889,150303,1
54424,69039,8578,123463,63002,77617,0
23717,1666,8843,25383,32560,10509,0
28392,84372,67057,112764,95449,151429,1
14278,59032,86087,73310,100365,145119,0
45364,6147,96074,51511,141438,102221,0
35481,23904,3898,59385,39379,27802,0
47512,69892,89939,117404,137451,159831,1
67354,10932,49413,78286,116767,60345,0
82821,50562,98214,133383,181035,148776,1
97488,37375,63346,134863,160834,100721,1
86794,5131,7710,91925,94504,12841,0
46802,81830,76863,128632,123665,158693,1
16510,41581,19005,58091,35515,60586,0
88363,88174,62594,176537,150957,150768,1
92870,2744,94136,95614,187006,96880,1
73291,44801,8360,118092,81651,53161,0
32876,67949,55214,100825,88090,123163,1
48840,27205,52817,76045,101657,80022,1
6079,10820,30109,16899,36188,40929,0
57132,73548,76278,130680,133410,149826,1
74173,16517,74203,90690,148376,90720,1
8468,33833,30098,42301,38566,63931,1
57761,73692,64884,131453,122645,138576,1
58222,67699,97061,125921,155283,164760,1
5668,59558,57245,65226,62913,116803,1
31974,48870,62589,80844,94563,111459,1
60821,89906,14503,150727,75324,104409,0
72944,61799,3152,134743,76096,64951,0
55547,58790,8635,114337,64182,67425,1
24418,92716,33647,117134,58065,126363,0
60706,29398,73112,90104,133818,102510,1
45449,45113,84113,90562,129562,129226,1
72108,19303,8345,91411,80453,27648,0
96310,49702,93244,146012,189554,142946,1
5560,32937,89549,38497,95109,122486,0
7444,41488,43317,48932,50761,84805,1
18466,87960,82513,106426,100979,170473,1
37959,77320,67166,115279,105125,144486,1
9120,84762,45678,93882,54798,130440,0
14877,42488,87151,57365,102028,129639,0
42944,46263,22003,89207,64947,68266,1
74632,69542,50606,144174,125238,120148,1
10621,53923,76419,64544,87040,130342,0
7,20,78409,27,78416,78429,0
41388,56906,97877,98294,139265,154783,1
62825,39311,1037,102136,63862,40348,0
50844,87176,87871,138020,138715,175047,1
28503,91359,98385,119862,126888,189744,1
53572,29501,39330,83073,92902,68831,1
52326,54258,57721,106584,110047,111979,1
57524,8854,4243,66378,61767,13097,0
39274,28165,74924,67439,114198,103089,0
91482,84242,90626,175724,182108,174868,1
91286,53149,79973,144435,171259,133122,1
57184,28118,59192,85302,116376,87310,1
45423,13111,77498,58534,122921,90609,0
73454,16399,48816,89853,122270,65215,0
54468,23210,73799,77678,128267,97009,1
96481,16527,3022,113008,99503,19549,0
54024,86754,28430,140778,82454,115184,0
9835,42392,65571,52227,75406,107963,0
19284,35643,9544,54927,28828,45187,0
54322,44950,17781,99272,72103,62731,1
94228,43856,46897,138084,141125,90753,0
66418,67121,76999,133539,143417,144120,1
69872,40590,23511,110462,93383,64101,0
27578,89018,75858,116596,103436,164876,1
52454,78665,43653,131119,96107,122318,1
11807,6048,18110,17855,29917,24158,0
35892,90551,68599,126443,104491,159150,1
26717,2345,72481,29062,99198,74826,0
70330,21637,29005,91967,99335,50642,0
90578,73327,40661,163905,131239,113988,1
32533,54609,33850,87142,66383,88459,1
87133,30588,78151,117721,165284,108739,1
9739,29127,37533,38866,47272,66660,1
58513,39084,19487,97597,78000,58571,1
43466,94908,4496,138374,47962,99404,0
60850,32320,77296,93170,138146,109616,1
65413,13240,44236,78653,109649,57476,0
90126,75787,49822,165913,139948,125609,1
45328,49568,14630,94896,59958,64198,1
93220,73543,70328,166763,163548,143871,1
9258,81550,97892,90808,107150,179442,0
70852,27662,75134,98514,145986,102796,1
58461,20371,6232,78832,64693,26603,0
48580,40708,31632,89288,80212,72340,1
30074,5517,23704,35591,53778,29221,0
83949,77153,52662,161102,136611,129815,1
63489,44439,93543,107928,157032,137982,1
39761,86643,89466,126404,129227,176109,1
94311,16948,13880,111259,108191,30828,0
12464,70158,78601,82622,91065,148759,1
86450,95864,43287,182314,129737,139151,1
654,28889,17123,29543,17777,46012,0
3380,1279,5602,4659,8982,6881,0
61384,34541,93523,95925,154907,128064,1
85673,52886,38870,138559,124543,91756,1
66142,17037,38980,83179,105122,56017,0
7715,44244,90866,51959,98581,135110,0
11949,83156,46291,95105,58240,129447,0
41577,24419,62244,65996,103821,86663,1
82403,90305,36213,172708,118616,126518,1
2154,9246,95648,11400,97802,104894,0
22,34496,42979,34518,43001,77475,0
60580,53867,17432,114447,78012,71299,1
18887,29325,74703,48212,93590,104028,0
43154,75548,92742,118702,135896,168290,1
39775,20047,61862,59822,101637,81909,0
70092,22933,18170,93025,88262,41103,0
22767,79601,42933,102368,65700,122534,0
56392,84583,88072,140975,144464,172655,1
26632,56411,46781,83043,73413,103192,1
97213,57633,27153,154846,124366,84786,0
24011,31856,66278,55867,90289,98134,0
62840,7045,61877,69885,124717,68922,1
10617,78418,56590,89035,67207,135008,0
25213,57147,2079,82360,27292,59226,0
44740,42179,28344,86919,73084,70523,1
76658,81445,25004,158103,101662,106449,1
52952,83724,17865,136676,70817,101589,0
64845,40431,14795,105276,79640,55226,0
42841,77717,83499,120558,126340,161216,1
55869,4889,48508,60758,104377,53397,0
28477,65508,41923,93985,70400,107431,1
41508,12511,28187,54019,69695,40698,0
99046,66943,19839,165989,118885,86782,0
69550,52445,62629,121995,132179,115074,1
47535,85576,20773,133111,68308,106349,0
78743,26574,14056,105317,92799,40630,0
66631,31521,28205,98152,94836,59726,0
46585,65037,55081,111622,101666,120118,1
4647,40595,3653,45242,8300,44248,0
61787,19720,65894,81507,127681,85614,1
37700,71406,73076,109106,110776,144482,1
69710,2400,40328,72110,110038,42728,0
10664,43484,26096,54148,36760,69580,0
32270,85909,63680,118179,95950,149589,1
42766,87668,86662,130434,129428,174330,1
97849,64183,57454,162032,155303,121637,1
23008,69063,74925,92071,97933,143988,1
75192,40541,58521,115733,133713,99062,1
9568,97532,82172,107100,91740,179704,0
7675,20586,55166,28261,62841,75752,0
56189,32154,44325,88343,100514,76479,1
87845,6465,40355,94310,128200,46820,0
10749,45980,89428,56729,100177,135408,0
81896,78910,12611,160806,94507,91521,1
33892,22321,78006,56213,111898,100327,0
48353,27056,77832,75409,126185,104888,0
63595,50337,48789,113932,112384,99126,1
19174,36754,27124,55928,46298,63878,1
82097,22938,24552,105035,106649,47490,0
53254,87682,22972,140936,76226,110654,0
90566,3616,35195,94182,125761,38811,0
82201,79365,67620,161566,149821,146985,1
22497,22205,35042,44702,57539,57247,1
31020,85584,71467,116604,102487,157051,1
6560,89484,5502,96044,12062,94986,0
55181,74319,97841,129500,153022,172160,1
7039,11834,30069,18873,37108,41903,0
26411,24060,44663,50471,71074,68723,1
41313,62578,14304,103891,55617,76882,0
25204,14075,45100,39279,70304,59175,0
96329,79738,82465,176067,178794,162203,1
82977,67304,47282,150281,130259,114586,1
54226,48628,75448,102854,129674,124076,1
4878,61012,81219,65890,86097,142231,0
51302,15824,97779,67126,149081,113603,0
55350,6630,21318,61980,76668,27948,0
44849,47803,53623,92652,98472,101426,1
77363,95881,41760,173244,119123,137641,1
30845,21122,40959,51967,71804,62081,1
61254,26716,49206,87970,110460,75922,1
76004,69455,50747,145459,126751,120202,1
26036,8605,53816,34641,79852,62421,0
60757,73425,39763,134182,100520,113188,1
91826,26341,77423,118167,169249,103764,1
76475,52845,89373,129320,165848,142218,1
5641,81214,80829,86855,86470,162043,1
72798,75720,38559,148518,111357,114279,1
57516,8811,93410,66327,150926,102221,0
89326,13206,5954,102532,95280,19160,0
51168,18627,7065,69795,58233,25692,0
69471,59659,44415,129130,113886,104074,1
63025,4313,876,67338,63901,5189,0
67527,93649,76648,161176,144175,170297,1
96434,16338,60218,112772,156652,76556,0
89274,6977,31204,96251,120478,38181,0
13902,93327,99926,107229,113828,193253,1
19437,58698,45132,78135,64569,103830,1
26377,13879,98769,40256,125146,112648,0
13526,92980,79763,106506,93289,172743,1
38649,86588,30325,125237,68974,116913,0
13181,3896,45083,17077,58264,48979,0
20500,81818,21468,102318,41968,103286,0
87492,66055,42192,153547,129684,108247,1
43364,33889,43477,77253,86841,77366,1
51874,12977,26238,64851,78112,39215,0
2592,46669,8252,49261,10844,54921,0
20148,35805,67511,55953,87659,103316,0
56146,35660,23016,91806,79162,58676,1
19153,7427,93532,26580,112685,100959,0
2324,52937,83200,55261,85524,136137,0
41779,87381,39154,129160,80933,126535,0
26250,21956,15764,48206,42014,37720,1
75380,3074,7126,78454,82506,10200,0
56502,47362,38426,103864,94928,85788,1
52231,28979,43633,81210,95864,72612,1
59819,36471,26365,96290,86184,62836,1
21331,93197,47870,114528,69201,141067,0
20804,23741,96655,44545,117459,120396,0
76451,17667,9752,94118,86203,27419,0
4727,274,75690,5001,80417,75964,0
96094,92328,389,188422,96483,92717,0
5025,51745,30228,56770,35253,81973,0
39894,27760,33868,67654,73762,61628,1
48720,83291,11271,132011,59991,94562,0
6891,27507,61224,34398,68115,88731,0
38301,29635,66050,67936,104351,95685,1
99075,79856,20735,178931,119810,100591,1
78472,10289,40595,88761,119067,50884,0
10874,37740,85615,48614,96489,123355,0
80181,14866,74104,95047,154285,88970,1
35482,98675,76644,134157,112126,175319,1
46912,27613,50449,74525,97361,78062,1
24485,1801,54369,26286,78854,56170,0
42511,84646,16101,127157,58612,100747,0
65800,88711,64387,154511,130187,153098,1
97281,19158,56044,116439,153325,75202,0
48213,54869,12506,103082,60719,67375,1
99308,64578,73043,163886,172351,137621,1
30247,34721,34494,64968,64741,69215,1
49946,58252,81597,108198,131543,139849,1
7729,82782,5147,90511,12876,87929,0
85504,31695,27134,117199,112638,58829,0
73986,96520,84977,170506,158963,181497,1
11443,37370,44940,48813,56383,82310,1
37233,96780,98224,134013,135457,195004,1
26478,55445,27730,81923,54208,83175,0
72329,96551,14037,168880,86366,110588,0
13098,12404,18852,25502,31950,31256,1
374,32749,70931,33123,71305,103680,0
66376,9851,1276,76227,67652,11127,0
42862,45463,36757,88325,79619,82220,1
1756,79693,96212,81449,97968,175905,0
2967,43997,56135,46964,59102,100132,0
48777,42341,48598,91118,97375,90939,1
46305,11691,25901,57996,72206,37592,0
99134,11256,7235,110390,106369,18491,0
37279,4256,32600,41535,69879,36856,0
28718,86382,53642,115100,82360,140024,0
62900,68931,55746,131831,118646,124677,1
41558,8882,46350,50440,87908,55232,1
34788,85631,45327,120419,80115,130958,0
15537,53597,46133,69134,61670,99730,1
40853,56276,4940,97129,45793,61216,0
83404,89318,54305,172722,137709,143623,1
93866,45042,36386,138908,130252,81428,0
16969,3760,33282,20729,50251,37042,0
97570,98058,23481,195628,121051,121539,1
10284,79277,12077,89561,22361,91354,0
6834,37635,97587,44469,104421,135222,0
24635,68242,98182,92877,122817,166424,0
25671,33754,4437,59425,30108,38191,0
82835,4556,52283,87391,135118,56839,0
95175,30582,1624,125757,96799,32206,0
43799,47698,86175,91497,129974,133873,1
58984,64223,16989,123207,75973,81212,1
54059,1447,25837,55506,79896,27284,0
45520,73406,35754,118926,81274,109160,1
97927,53154,53990,151081,151917,107144,1
74519,98393,3142,172912,77661,101535,0
64591,93072,6793,157663,71384,99865,0
58674,10311,30051,68985,88725,40362,0
41382,77268,79043,118650,120425,156311,1
29577,46217,94588,75794,124165,140805,0
94772,45421,44929,140193,139701,90350,0
99471,47327,40714,146798,140185,88041,0
66654,36768,93065,103422,159719,129833,1
15850,28008,34830,43858,50680,62838,1
65712,41156,38166,106868,103878,79322,1
65432,31656,27271,97088,92703,58927,0
87022,87059,44133,174081,131155,131192,1
17220,47907,24525,65127,41745,72432,0
74933,37448,17364,112381,92297,54812,0
29496,21630,39263,51126,68759,60893,1
98674,16577,55700,115251,154374,72277,0
50731,14824,27961,65555,78692,42785,0
87489,64013,92524,151502,180013,156537,1
19855,68236,75931,88091,95786,144167,1
35862,38293,62885,74155,98747,101178,1
17714,46813,31685,64527,49399,78498,1
56673,76145,66629,132818,123302,142774,1
88097,50503,53091,138600,141188,103594,1
36839,87323,94005,124162,130844,181328,1
27647,55583,51062,83230,78709,106645,1
65585,97233,82689,162818,148274,179922,1
24661,38824,86029,63485,110690,124853,0
71357,47149,5550,118506,76907,52699,0
38669,18041,68992,56710,107661,87033,0
11068,41177,85118,52245,96186,126295,0
97520,76767,70212,174287,167732,146979,1
35964,54541,45462,90505,81426,100003,1
12304,94181,94964,106485,107268,189145,1
31973,26306,25998,58279,57971,52304,1
56600,70653,60546,127253,117146,131199,1
6821,14690,85325,21511,92146,100015,0
81397,21956,5037,103353,86434,26993,0
61878,84813,39695,146691,101573,124508,1
48461,74079,51063,122540,99524,125142,1
86110,83980,56909,170090,143019,140889,1
6064,47057,174,53121,6238,47231,0
58283,52014,24944,110297,83227,76958,1
7099,21704,9040,28803,16139,30744,0
29815,81975,35045,111790,64860,117020,0
19500,88091,20657,107591,40157,108748,0
79980,17700,14110,97680,94090,31810,0
35164,48216,61874,83380,97038,110090,1
4384,27360,82603,31744,86987,109963,0
41443,90715,35551,132158,76994,126266,0
40200,88395,96370,128595,136570,184765,1
44839,12755,5683,57594,50522,18438,0
13058,15412,65473,28470,78531,80885,0
35896,19196,14604,55092,50500,33800,0
93878,83953,47995,177831,141873,131948,1
58942,63131,98881,122073,157823,162012,1
32108,33272,64049,65380,96157,97321,1
27333,87702,66071,115035,93404,153773,1
67956,5878,29804,73834,97760,35682,0
29886,97910,24021,127796,53907,121931,0
33109,2191,96504,35300,129613,98695,0
51217,26801,25879,78018,77096,52680,1
45239,29356,40533,74595,85772,69889,1
25291,80538,99357,105829,124648,179895,1
41285,51067,16011,92352,57296,67078,1
37527,84652,36581,122179,74108,121233,0
10392,68720,23006,79112,33398,91726,0
76490,13634,96326,90124,172816,109960,0
98151,29364,87338,127515,185489,116702,1
9091,36789,38723,45880,47814,75512,1
49696,45783,51071,95479,100767,96854,1
18824,13247,62685,32071,81509,75932,0
37757,84909,46480,122666,84237,131389,0
77296,88010,94948,165306,172244,182958,1
43117,79064,47688,122181,90805,126752,1
33196,98951,74980,132147,108176,173931,1
41054,78994,42138,120048,83192,121132,1
98462,42838,74360,141300,172822,117198,1
97461,25636,39173,123097,136634,64809,0
24698,37862,60504,62560,85202,98366,1
93780,84270,12452,178050,106232,96722,1
32595,414,52867,33009,85462,53281,0
42686,56622,17500,99308,60186,74122,1
31141,13212,95192,44353,126333,108404,0
24665,26421,91316,51086,115981,117737,0
52756,75508,42842,128264,95598,118350,1
84121,11437,3732,95558,87853,15169,0
44054,8047,289,52101,44343,8336,0
85094,92758,6317,177852,91411,99075,0
19615,28863,40066,48478,59681,68929,1
50062,66795,38137,116857,88199,104932,1
83621,86826,58391,170447,142012,145217,1
5991,95254,3533,101245,9524,98787,0
30076,87609,27976,117685,58052,115585,0
76853,95917,87953,172770,164806,183870,1
4259,6377,13217,10636,17476,19594,0
52580,22160,74964,74740,127544,97124,0
5497,51934,2409,57431,7906,54343,0
7893,33002,74619,40895,82512,107621,0
15780,15850,45663,31630,61443,61513,0
28366,49891,66413,78257,94779,116304,1
33896,97905,47268,131801,81164,145173,0
52900,16189,1779,69089,54679,17968,0
51754,71615,53958,123369,105712,125573,1
94249,37967,99364,132216,193613,137331,1
3973,73035,75194,77008,79167,148229,1
99331,804,96320,100135,195651,97124,0
95888,24585,76569,120473,172457,101154,1
61227,57182,93427,118409,154654,150609,1
40086,6859,1503,46945,41589,8362,0
32235,32171,41084,64406,73319,73255,1
88245,41556,23255,129801,111500,64811,0
25452,19073,11529,44525,36981,30602,1
20334,34681,62124,55015,82458,96805,0
86476,89376,81819,175852,168295,171195,1
62885,76333,49986,139218,112871,126319,1
53251,63906,90279,117157,143530,154185,1
45876,88102,66468,133978,112344,154570,1
9685,35848,84939,45533,94624,120787,0
42334,38022,54865,80356,97199,92887,1
92118,42708,65458,134826,157576,108166,1
89803,3418,72521,93221,162324,75939,0
20910,59757,66559,80667,87469,126316,1
48318,76403,26442,124721,74760,102845,0
50172,60673,27076,110845,77248,87749,1
64471,27714,18650,92185,83121,46364,0
10426,69437,40734,79863,51160,110171,0
35547,82889,29293,118436,64840,112182,0
20429,64217,85906,84646,106335,150123,0
84453,91128,78479,175581,162932,169607,1
86219,98673,39308,184892,125527,137981,1
48562,28897,40474,77459,89036,69371,1
66656,52071,21978,118727,88634,74049,1
56347,75892,8072,132239,64419,83964,0
12223,86208,12905,98431,25128,99113,0
34528,87527,3101,122055,37629,90628,0
24028,29719,99485,53747,123513,129204,0
10044,10270,9245,20314,19289,19515,1
64569,19211,58279,83780,122848,77490,1
79831,73771,28310,153602,108141,102081,1
57398,27004,35948,84402,93346,62952,1
20836,89635,99688,110471,120524,189323,1
6017,51031,51337,57048,57354,102368,1
25653,98816,40205,124469,65858,139021,0
81194,61113,62642,142307,143836,123755,1
17788,65417,63906,83205,81694,129323,1
90788,35237,46556,126025,137344,81793,0
49831,83064,58357,132895,108188,141421,1
44289,49767,52856,94056,97145,102623,1
37229,24567,19999,61796,57228,44566,1
26788,68017,67970,94805,94758,135987,1
90950,8668,54521,99618,145471,63189,0
34220,21792,27879,56012,62099,49671,1
43280,97612,3679,140892,46959,101291,0
15406,66780,55339,82186,70745,122119,1
23200,30462,74397,53662,97597,104859,0
26261,75283,63167,101544,89428,138450,1
5280,4948,6441,10228,11721,11389,1
51107,89829,53220,140936,104327,143049,1
74875,31907,86699,106782,161574,118606,1
64958,81736,12659,146694,77617,94395,0
9167,29392,33028,38559,42195,62420,1
88613,52557,75740,141170,164353,128297,1
73953,12904,73172,86857,147125,86076,1
33468,34630,95891,68098,129359,130521,0
35347,42192,88706,77539,124053,130898,0
92123,80316,74583,172439,166706,154899,1
81934,79792,60645,161726,142579,140437,1
91445,39209,84964,130654,176409,124173,1
16376,2492,76759,18868,93135,79251,0
7115,49685,86565,56800,93680,136250,0
49795,91999,97067,141794,146862,189066,1
65749,94912,44054,160661,109803,138966,1
42186,85879,15442,128065,57628,101321,0
32238,51003,13449,83241,45687,64452,0
37008,19801,60099,56809,97107,79900,0
57477,21025,97397,78502,154874,118422,0
17448,83842,49311,101290,66759,133153,0
81578,5619,78675,87197,160253,84294,1
5447,28447,60122,33894,65569,88569,0
68837,53735,44627,122572,113464,98362,1
8606,12871,98189,21477,106795,111060,0
58623,33727,55347,92350,113970,89074,1
41495,58142,82680,99637,124175,140822,1
72748,42467,71713,115215,144461,114180,1
17962,85709,36972,103671,54934,122681,0
91443,78435,85096,169878,176539,163531,1
82281,11001,55376,93282,137657,66377,0
65010,33128,41524,98138,106534,74652,1
92938,6070,51774,99008,144712,57844,0
15507,78738,89989,94245,105496,168727,1
46683,15237,10835,61920,57518,26072,0
21823,29565,3792,51388,25615,33357,0
15467,5744,66288,21211,81755,72032,0
24304,31076,64507,55380,88811,95583,0
69639,36236,49955,105875,119594,86191,1
51260,6332,31124,57592,82384,37456,0
59772,54781,72676,114553,132448,127457,1
29276,56682,35320,85958,64596,92002,1
72626,83275,66500,155901,139126,149775,1
36208,21476,47741,57684,83949,69217,1
67427,13206,73942,80633,141369,87148,1
56728,86712,47588,143440,104316,134300,1
51041,50330,11860,101371,62901,62190,1
6235,33478,38084,39713,44319,71562,1
48272,74513,43167,122785,91439,117680,1
62243,20179,63419,82422,125662,83598,1
12732,59568,35108,72300,47840,94676,0
35141,98163,85704,133304,120845,183867,1
3715,42063,59479,45778,63194,101542,0
95378,26659,63927,122037,159305,90586,0
455,18291,45105,18746,45560,63396,0
61295,39999,90581,101294,151876,130580,1
73594,41536,7339,115130,80933,48875,0
53866,25145,16611,79011,70477,41756,0
66315,86823,31789,153138,98104,118612,1
60550,14070,48445,74620,108995,62515,1
17460,31600,6237,49060,23697,37837,0
59999,85486,58561,145485,118560,144047,1
6433,32001,20925,38434,27358,52926,0
60997,12711,6834,73708,67831,19545,0
42411,98911,52994,141322,95405,151905,0
91308,80431,24800,171739,116108,105231,1
31657,49033,54528,80690,86185,103561,1
77241,92583,74874,169824,152115,167457,1
92492,40917,43182,133409,135674,84099,0
85999,66298,9473,152297,95472,75771,0
16964,87488,41726,104452,58690,129214,0
25105,48282,20858,73387,45963,69140,0
70132,5145,24799,75277,94931,29944,0
94054,64041,81518,158095,175572,145559,1
95399,61341,33274,156740,128673,94615,0
98974,53574,47445,152548,146419,101019,1
66250,23616,91232,89866,157482,114848,0
62688,4877,89196,67565,151884,94073,0
6165,80740,77628,86905,83793,158368,1
25132,67638,30442,92770,55574,98080,0
11786,33638,31066,45424,42852,64704,1
11788,14866,56802,26654,68590,71668,0
76800,78956,10564,155756,87364,89520,1
4875,8530,38071,13405,42946,46601,0
89597,69871,92675,159468,182272,162546,1
40805,48810,80704,89615,121509,129514,1
31736,13228,55724,44964,87460,68952,0
92347,85174,93768,177521,186115,178942,1
46639,74156,78834,120795,125473,152990,1
20226,46827,83029,67053,103255,129856,0
40394,42720,20723,83114,61117,63443,1
48684,77301,55237,125985,103921,132538,1
59213,47306,79007,106519,138220,126313,1
82305,15211,27026,97516,109331,42237,0
94340,93292,4588,187632,98928,97880,1
41011,75067,30224,116078,71235,105291,0
66966,77397,38499,144363,105465,115896,1
49415,53280,83624,102695,133039,136904,1
87564,67252,12733,154816,100297,79985,0
99475,741,23270,100216,122745,24011,0
59373,34635,76963,94008,136336,111598,1
77337,60677,66282,138014,143619,126959,1
26329,1364,28299,27693,54628,29663,0
71361,79387,16052,150748,87413,95439,1
98486,62821,52983,161307,151469,115804,1
15426,31960,73004,47386,88430,104964,0
64135,17741,69176,81876,133311,86917,1
39950,78904,33256,118854,73206,112160,0
32105,87627,43746,119732,75851,131373,0
35885,4512,45328,40397,81213,49840,0
73593,46319,29426,119912,103019,75745,1
30654,3306,12639,33960,43293,15945,0
92631,49791,40345,142422,132976,90136,0
60387,40377,71150,100764,131537,111527,1
27355,25129,55970,52484,83325,81099,0
49743,98421,75432,148164,125175,173853,1
22159,91939,32478,114098,54637,124417,0
84324,63680,2442,148004,86766,66122,0
65453,15215,4004,80668,69457,19219,0
29151,87329,10198,116480,39349,97527,0
76695,95445,74095,172140,150790,169540,1
96255,43147,20041,139402,116296,63188,0
27325,58633,72538,85958,99863,131171,1
33969,42124,7546,76093,41515,49670,0
47863,28588,45115,76451,92978,73703,1
56415,41053,83087,97468,139502,124140,1
21256,37455,93188,58711,114444,130643,0
60584,10734,65422,71318,126006,76156,1
25610,941,53972,26551,79582,54913,0
10608,41800,54237,52408,64845,96037,0
92056,52897,23658,144953,115714,76555,0
44493,3934,28718,48427,73211,32652,0
30616,51445,33738,82061,64354,85183,1
87088,85628,49021,172716,136109,134649,1
93513,41407,93597,134920,187110,135004,1
80495,36443,7767,116938,88262,44210,0
95823,54011,20172,149834,115995,74183,0
74521,49021,53180,123542,127701,102201,1
46338,55854,30171,102192,76509,86025,1
54505,45178,87934,99683,142439,133112,1
24110,7994,21850,32104,45960,29844,1
74788,98260,83144,173048,157932,181404,1
3883,92690,340,96573,4223,93030,0
29256,41071,77083,70327,106339,118154,0
18625,77557,68089,96182,86714,145646,1
59212,75349,99567,134561,158779,174916,1
12695,23213,1025,35908,13720,24238,0
77024,77908,75789,154932,152813,153697,1
80305,42343,27483,122648,107788,69826,0
99231,38832,58276,138063,157507,97108,0
10282,67710,93296,77992,103578,161006,0
34914,44202,22795,79116,57709,66997,1
90677,31539,52314,122216,142991,83853,0
79093,28975,9714,108068,88807,38689,0
55287,44968,94630,100255,149917,139598,1
7665,3842,63340,11507,71005,67182,0
31402,88947,5330,120349,36732,94277,0
25881,79709,57007,105590,82888,136716,1
55078,47464,98427,102542,153505,145891,1
39386,54792,44459,94178,83845,99251,1
24074,37362,43747,61436,67821,81109,1
25778,22630,66352,48408,92130,88982,0
8561,96821,62599,105382,71160,159420,0
16101,33713,79294,49814,95395,113007,0
66290,405,11075,66695,77365,11480,0
76572,38201,53959,114773,130531,92160,1
54464,30724,34546,85188,89010,65270,1
81170,73029,15121,154199,96291,88150,1
88944,52287,475,141231,89419,52762,0
66576,4260,96459,70836,163035,100719,0
46150,65966,3657,112116,49807,69623,0
29992,15250,35849,45242,65841,51099,1
46518,67314,80048,113832,126566,147362,1
68346,60564,47185,128910,115531,107749,1
32893,62040,82349,94933,115242,144389,1
20663,68865,79764,89528,100427,148629,1
97627,25728,14178,123355,111805,39906,0
37261,35754,1767,73015,39028,37521,1
57142,82248,58568,139390,115710,140816,1
13589,76078,15108,89667,28697,91186,0
16586,27508,50864,44094,67450,78372,0
50595,11921,47838,62516,98433,59759,1
90388,58865,96777,149253,187165,155642,1
45278,37190,2217,82468,47495,39407,0
33782,19490,89531,53272,123313,109021,0
88453,16214,32612,104667,121065,48826,0
65109,66538,20042,131647,85151,86580,1
5357,95382,91903,100739,97260,187285,1
19380,68887,18766,88267,38146,87653,0
13529,45778,19885,59307,33414,65663,0
35856,37111,47165,72967,83021,84276,1
66734,37736,7767,104470,74501,45503,0
49505,61331,2552,110836,52057,63883,0
74803,37318,94173,112121,168976,131491,1
7690,74919,77706,82609,85396,152625,1
98307,96744,33632,195051,131939,130376,1
74127,66706,1591,140833,75718,68297,0
66897,41489,83871,108386,150768,125360,1
13650,40024,4163,53674,17813,44187,0
89950,6076,32504,96026,122454,38580,0
50668,98352,16763,149020,67431,115115,0
23966,71467,46660,95433,70626,118127,0
24785,12075,19119,36860,43904,31194,1
418,98754,29188,99172,29606,127942,0
41377,88026,21757,129403,63134,109783,0
50083,50891,98617,100974,148700,149508,1
46261,86556,19331,132817,65592,105887,0
84101,30241,63235,114342,147336,93476,1
30551,32562,69847,63113,100398,102409,0
46494,63668,54661,110162,101155,118329,1
43093,63173,75297,106266,118390,138470,1
5719,7687,55309,13406,61028,62996,0
9126,61321,43460,70447,52586,104781,0
1274,12724,7307,13998,8581,20031,0
67855,90303,72644,158158,140499,162947,1
56949,70886,97106,127835,154055,167992,1
52726,40068,70250,92794,122976,110318,1
33957,28289,1294,62246,35251,29583,0
13670,97345,57479,111015,71149,154824,0
86657,48858,15776,135515,102433,64634,0
24521,78107,44268,102628,68789,122375,0
87606,11873,73961,99479,161567,85834,0
51038,5847,5234,56885,56272,11081,0
16586,65654,62136,82240,78722,127790,1
16806,75614,80219,92420,97025,155833,1
56335,57207,7424,113542,63759,64631,1
22422,50480,72930,72902,95352,123410,0
30642,49257,37538,79899,68180,86795,1
25763,11956,52208,37719,77971,64164,0
54005,23447,69954,77452,123959,93401,1
96285,20526,33736,116811,130021,54262,0
39882,44443,46419,84325,86301,90862,1
22165,51142,9869,73307,32034,61011,0
66933,30378,12346,97311,79279,42724,0
42421,48965,22032,91386,64453,70997,1
60528,14718,18128,75246,78656,32846,0
33893,69271,68875,103164,102768,138146,1
31753,14206,42965,45959,74718,57171,1
32487,73500,21018,105987,53505,94518,0
38324,40694,73825,79018,112149,114519,1
11291,86940,8237,98231,19528,95177,0
26956,22457,57458,49413,84414,79915,0
10444,39189,10032,49633,20476,49221,0
78979,47599,7424,126578,86403,55023,0
96636,62341,30461,158977,127097,92802,0
25389,53931,42184,79320,67573,96115,1
60073,56352,90949,116425,151022,147301,1
63043,28100,67438,91143,130481,95538,1
48774,6809,37700,55583,86474,44509,0
90934,24867,83349,115801,174283,108216,1
9574,49509,61385,59083,70959,110894,0
43769,35678,39378,79447,83147,75056,1
90805,76735,48191,167540,138996,124926,1
73232,31880,99849,105112,173081,131729,1
45039,86766,57743,131805,102782,144509,1
49514,96797,57584,146311,107098,154381,1
63011,31947,59480,94958,122491,91427,1
22287,91242,84238,113529,106525,175480,1
30878,79482,67828,110360,98706,147310,1
42349,68726,42430,111075,84779,111156,1
94600,78829,11277,173429,105877,90106,0
94367,46075,67292,140442,161659,113367,1
92523,56042,29860,148565,122383,85902,0
5227,90149,55894,95376,61121,146043,0
83928,24596,90858,108524,174786,115454,1
23436,12179,42992,35615,66428,55171,0
61323,34511,4976,95834,66299,39487,0
51082,50130,31412,101212,82494,81542,1
43941,6952,51601,50893,95542,58553,0
10593,90143,38777,100736,49370,128920,0
34156,79457,31362,113613,65518,110819,0
59194,20237,23756,79431,82950,43993,0
15648,48549,61319,64197,76967,109868,1
85537,57492,38652,143029,124189,96144,1
27979,78850,52296,106829,80275,131146,1
65475,24001,52150,89476,117625,76151,1
19252,56155,44405,75407,63657,100560,1
65940,75526,88919,141466,154859,164445,1
66859,34254,33226,101113,100085,67480,1
3258,80504,90294,83762,93552,170798,0
68149,73580,61191,141729,129340,134771,1
67930,22982,95424,90912,163354,118406,0
36690,88275,89678,124965,126368,177953,1
76828,15994,81815,92822,158643,97809,1
64783,74232,76304,139015,141087,150536,1
25406,43055,70427,68461,95833,113482,0
24266,28181,34767,52447,59033,62948,1
46866,63367,26806,110233,73672,90173,1
28515,58108,40963,86623,69478,99071,1
12104,60446,88469,72550,100573,148915,0
39736,63255,76851,102991,116587,140106,1
241,27319,82319,27560,82560,109638,0
84362,30495,38006,114857,122368,68501,0
31790,2561,20872,34351,52662,23433,0
94740,59701,37902,154441,132642,97603,1
78876,56038,79562,134914,158438,135600,1
85763,24474,34821,110237,120584,59295,0
68830,78597,84343,147427,153173,162940,1
68589,17494,83742,86083,152331,101236,1
85422,60823,74993,146245,160415,135816,1
67736,29844,8437,97580,76173,38281,0
73462,13875,54161,87337,127623,68036,0
34790,73114,77533,107904,112323,150647,1
62165,86122,59230,148287,121395,145352,1
14312,86834,90419,101146,104731,177253,1
52832,25611,9813,78443,62645,35424,0
21380,32397,93250,53777,114630,125647,0
9143,54721,29385,63864,38528,84106,0
84049,5376,4801,89425,88850,10177,0
35758,86063,13155,121821,48913,99218,0
26321,70521,62542,96842,88863,133063,1
91763,64485,14172,156248,105935,78657,0
1017,10996,13047,12013,14064,24043,0
53729,35500,36350,89229,90079,71850,1
44397,78054,61135,122451,105532,139189,1
94513,38848,9141,133361,103654,47989,0
61836,9,91461,61845,153297,91470,0
60493,39161,89617,99654,150110,128778,1
49659,1325,88074,50984,137733,89399,0
95226,57805,28232,153031,123458,86037,0
42944,16625,58576,59569,101520,75201,1
95203,89337,84083,184540,179286,173420,1
36452,45896,63788,82348,100240,109684,1
6139,9393,20956,15532,27095,30349,0
50386,19868,11798,70254,62184,31666,0
28677,66480,89438,95157,118115,155918,1
46198,4195,69756,50393,115954,73951,0
26029,51651,69500,77680,95529,121151,1
23908,56540,94941,80448,118849,151481,0
54705,84262,44557,138967,99262,128819,1
64182,76735,7342,140917,71524,84077,0
35808,48807,92037,84615,127845,140844,0
3001,70474,96472,73475,99473,166946,0
73926,43703,32727,117629,106653,76430,1
16289,63952,70268,80241,86557,134220,1
43382,7700,81269,51082,124651,88969,0
54517,24163,88269,78680,142786,112432,0
97232,95550,52093,192782,149325,147643,1
56299,14843,36602,71142,92901,51445,0
34917,50315,69528,85232,104445,119843,1
19896,65173,73556,85069,93452,138729,1
41915,7491,73219,49406,115134,80710,0
88381,46116,48417,134497,136798,94533,1
82289,65694,40175,147983,122464,105869,1
13051,72620,10560,85671,23611,83180,0
39133,65702,79962,104835,119095,145664,1
48865,48689,36331,97554,85196,85020,1
50711,84076,85682,134787,136393,169758,1
6548,62582,53382,69130,59930,115964,0
75194,99007,34966,174201,110160,133973,1
48078,49200,25757,97278,73835,74957,1
82361,4215,62721,86576,145082,66936,0
66269,54818,84112,121087,150381,138930,1
174,86804,98773,86978,98947,185577,0
49236,94776,92056,144012,141292,186832,1
61255,99703,21796,160958,83051,121499,0
70535,84502,98597,155037,169132,183099,1
32336,66994,67390,99330,99726,134384,1
54169,13297,91323,67466,145492,104620,0
86135,91011,10187,177146,96322,101198,1
51921,67229,10311,119150,62232,77540,0
27183,50846,1176,78029,28359,52022,0
93935,59562,31363,153497,125298,90925,0
89687,55027,40163,144714,129850,95190,1
24280,1442,33584,25722,57864,35026,0
7487,58446,17818,65933,25305,76264,0
53456,66593,96910,120049,150366,163503,1
73840,63064,86886,136904,160726,149950,1
85285,13448,50128,98733,135413,63576,0
51265,33021,73634,84286,124899,106655,1
92564,20294,52260,112858,144824,72554,0
29137,19303,42115,48440,71252,61418,1
18607,52089,68575,70696,87182,120664,1
79778,76528,99463,156306,179241,175991,1
12338,35604,62051,47942,74389,97655,0
48323,47269,14730,95592,63053,61999,1
9341,35882,69659,45223,79000,105541,0
76383,2632,48868,79015,125251,51500,0
82494,5267,374,87761,82868,5641,0
2059,25535,5789,27594,7848,31324,0
16433,97725,80191,114158,96624,177916,0
94224,33741,35871,127965,130095,69612,0
89281,39299,99599,128580,188880,138898,1
93294,13504,50912,106798,144206,64416,0
37307,61180,49553,98487,86860,110733,1
1877,97092,69879,98969,71756,166971,0
18453,50182,33371,68635,51824,83553,1
8994,17922,96803,26916,105797,114725,0
35549,98687,37231,134236,72780,135918,0
31295,25685,62905,56980,94200,88590,0
33322,51021,73846,84343,107168,124867,1
38649,98269,40595,136918,79244,138864,0
42935,88949,67289,131884,110224,156238,1
90229,69440,87226,159669,177455,156666,1
24263,56462,63408,80725,87671,119870,1
25999,62602,649,88601,26648,63251,0
10103,3789,98374,13892,108477,102163,0
45518,76251,33647,121769,79165,109898,1
58016,52906,73369,110922,131385,126275,1
37228,17866,13317,55094,50545,31183,0
95225,52083,89548,147308,184773,141631,1
72545,53414,1809,125959,74354,55223,0
22516,61544,41330,84060,63846,102874,1
47933,28107,32459,76040,80392,60566,1
73826,11097,56485,84923,130311,67582,0
20065,69571,33157,89636,53222,102728,0
74335,39914,49899,114249,124234,89813,1
37209,9128,49569,46337,86778,58697,0
18056,48286,97053,66342,115109,145339,0
64429,33674,79004,98103,143433,112678,1
22298,16554,11886,38852,34184,28440,1
75781,3456,48874,79237,124655,52330,0
30993,88230,14875,119223,45868,103105,0
73166,47734,2902,120900,76068,50636,0
72870,94618,53823,167488,126693,148441,1
19885,83641,57773,103526,77658,141414,0
98309,91492,86061,189801,184370,177553,1
3926,43363,14261,47289,18187,57624,0
71890,79110,31460,151000,103350,110570,1
67703,55190,45477,122893,113180,100667,1
11387,93655,57253,105042,68640,150908,0
46793,20386,53920,67179,100713,74306,1
22492,77224,23407,99716,45899,100631,0
57953,10258,38433,68211,96386,48691,0
88314,85006,80577,173320,168891,165583,1
30215,85765,50978,115980,81193,136743,0
94345,30070,457,124415,94802,30527,0
20903,32114,63718,53017,84621,95832,0
28539,48345,71663,76884,100202,120008,1
40862,24730,81391,65592,122253,106121,0
49189,73003,79327,122192,128516,152330,1
41901,86115,6314,128016,48215,92429,0
77174,69713,81757,146887,158931,151470,1
84182,47056,97803,131238,181985,144859,1
25541,10601,56261,36142,81802,66862,0
99044,76554,58684,175598,157728,135238,1
58188,21743,40320,79931,98508,62063,1
38022,90087,17513,128109,55535,107600,0
5950,36856,51703,42806,57653,88559,0
83303,89856,13658,173159,96961,103514,1
35499,94733,36862,130232,72361,131595,0
13151,12443,19281,25594,32432,31724,1
19059,16217,95823,35276,114882,112040,0
79583,57923,85550,137506,165133,143473,1
25538,76148,36189,101686,61727,112337,0
44720,87436,91644,132156,136364,179080,1
75713,8752,39447,84465,115160,48199,0
99046,69397,44045,168443,143091,113442,1
70844,87301,42091,158145,112935,129392,1
87097,12283,57888,99380,144985,70171,0
1345,35943,50421,37288,51766,86364,0
80576,87243,39859,167819,120435,127102,1
52349,1116,83218,53465,135567,84334,0
58321,32012,94464,90333,152785,126476,0
96685,96110,41984,192795,138669,138094,1
34751,43545,66401,78296,101152,109946,1
76757,48844,66105,125601,142862,114949,1
17181,26361,66200,43542,83381,92561,0
9545,31053,65261,40598,74806,96314,0
1061,74426,26561,75487,27622,100987,0
52458,6930,72127,59388,124585,79057,0
18893,2906,41277,21799,60170,44183,0
43394,46677,98604,90071,141998,145281,0
44869,19055,8539,63924,53408,27594,0
78608,23426,29856,102034,108464,53282,0
63655,89239,90820,152894,154475,180059,1
55696,63272,39615,118968,95311,102887,1
21096,91993,36629,113089,57725,128622,0
10577,55678,45405,66255,55982,101083,1
74266,74742,92491,149008,166757,167233,1
7552,13406,50342,20958,57894,63748,0
64513,57415,13828,121928,78341,71243,1
47631,13805,63097,61436,110728,76902,0
51554,74505,83212,126059,134766,157717,1
38758,72038,73204,110796,111962,145242,1
56198,64915,32670,121113,88868,97585,1
15801,82863,42710,98664,58511,125573,0
88914,51675,24331,140589,113245,76006,0
21720,99515,56926,121235,78646,156441,0
30316,19368,97590,49684,127906,116958,0
19830,69919,73664,89749,93494,143583,1
90406,13174,20910,103580,111316,34084,0
93614,75544,6306,169158,99920,81850,0
87733,93408,27889,181141,115622,121297,1
8156,78114,56762,86270,64918,134876,0
99032,72588,95646,171620,194678,168234,1
47557,13743,41432,61300,88989,55175,1
53000,49879,76779,102879,129779,126658,1
55089,99850,50478,154939,105567,150328,1
42654,92355,27480,135009,70134,119835,0
6793,40289,22878,47082,29671,63167,0
92964,82757,15646,175721,108610,98403,1
97354,12504,3401,109858,100755,15905,0
61348,4194,77630,65542,138978,81824,0
36136,23329,97067,59465,133203,120396,0
98840,12919,16449,111759,115289,29368,0
37391,95583,12817,132974,50208,108400,0
8944,98600,27512,107544,36456,126112,0
3046,47496,32986,50542,36032,80482,0
77260,90879,52229,168139,129489,143108,1
62722,14113,89988,76835,152710,104101,0
45578,90770,91863,136348,137441,182633,1
73427,45750,65115,119177,138542,110865,1
91498,81067,14164,172565,105662,95231,1
82025,83775,93025,165800,175050,176800,1
72414,24994,26681,97408,99095,51675,0
41812,84922,36700,126734,78512,121622,0
7904,75153,83064,83057,90968,158217,0
62926,3587,17205,66513,80131,20792,0
36019,9888,98896,45907,134915,108784,0
15270,54723,92789,69993,108059,147512,0
8787,58385,89652,67172,98439,148037,0
52425,96977,45015,149402,97440,141992,1
27418,22111,44256,49529,71674,66367,1
93648,50906,67698,144554,161346,118604,1
5483,63390,46670,68873,52153,110060,0
35228,23153,2305,58381,37533,25458,0
54541,32395,82005,86936,136546,114400,1
21286,43899,36219,65185,57505,80118,1
4020,38829,22173,42849,26193,61002,0
28545,53645,14950,82190,43495,68595,0
74009,25922,39219,99931,113228,65141,0
73846,65288,15351,139134,89197,80639,1
72003,5420,24193,77423,96196,29613,0
5920,56545,12027,62465,17947,68572,0
70356,21571,48141,91927,118497,69712,0
16452,25191,74639,41643,91091,99830,0
53084,55575,91249,108659,144333,146824,1
98595,31890,32504,130485,131099,64394,0
73786,74045,54067,147831,127853,128112,1
86596,90855,83495,177451,170091,174350,1
45647,76177,12798,121824,58445,88975,0
43785,40537,30429,84322,74214,70966,1
65333,18866,70288,84199,135621,89154,1
12731,54924,22759,67655,35490,77683,0
90480,75461,78514,165941,168994,153975,1
24131,21253,93823,45384,117954,115076,0
17381,21501,7758,38882,25139,29259,1
797,7466,73474,8263,74271,80940,0
51533,68748,18805,120281,70338,87553,1
77034,9112,20484,86146,97518,29596,0
14751,87811,4148,102562,18899,91959,0
53403,16778,14010,70181,67413,30788,0
51617,10897,20479,62514,72096,31376,0
26888,69887,59365,96775,86253,129252,1
67632,91111,84983,158743,152615,176094,1
68829,9830,8914,78659,77743,18744,0
90802,883,2600,91685,93402,3483,0
77334,1690,96775,79024,174109,98465,0
2835,40815,7192,43650,10027,48007,0
41164,10224,3987,51388,45151,14211,0
8596,81717,57481,90313,66077,139198,0
20507,83048,12261,103555,32768,95309,0
66989,11569,78784,78558,145773,90353,0
52501,47472,88723,99973,141224,136195,1
57782,89045,46767,146827,104549,135812,1
91382,42003,27381,133385,118763,69384,0
69433,47099,56597,116532,126030,103696,1
21453,6063,75711,27516,97164,81774,0
31057,68106,51028,99163,82085,119134,1
443,36060,904,36503,1347,36964,0
47260,96667,42001,143927,89261,138668,0
931,80723,96621,81654,97552,177344,0
62703,20741,96836,83444,159539,117577,0
14219,59853,43586,74072,57805,103439,0
12647,32299,52991,44946,65638,85290,0
58403,50404,45216,108807,103619,95620,1
18567,3287,74168,21854,92735,77455,0
10360,48207,6269,58567,16629,54476,0
59014,39918,73109,98932,132123,113027,1
31241,99854,94379,131095,125620,194233,1
95904,35948,9263,131852,105167,45211,0
5528,11081,36987,16609,42515,48068,0
94739,22408,19314,117147,114053,41722,0
95117,49008,15639,144125,110756,64647,0
9560,72468,96560,82028,106120,169028,0
82917,85537,28004,168454,110921,113541,1
97163,84917,83912,182080,181075,168829,1
31800,12655,80203,44455,112003,92858,0
882,36745,46606,37627,47488,83351,0
23056,30172,57086,53228,80142,87258,0
58089,38095,86112,96184,144201,124207,1
61829,75562,51901,137391,113730,127463,1
41333,71917,48168,113250,89501,120085,1
30359,11617,98600,41976,128959,110217,0
57720,5431,87267,63151,144987,92698,0
24154,48907,44160,73061,68314,93067,1
64920,22370,63147,87290,128067,85517,1
22390,31181,73723,53571,96113,104904,0
66814,79258,89006,146072,155820,168264,1
43817,44078,24618,87895,68435,68696,1
52200,19515,32980,71715,85180,52495,1
98096,84882,70668,182978,168764,155550,1
14117,34803,18851,48920,32968,53654,0
85285,79896,29961,165181,115246,109857,1
51357,33250,41004,84607,92361,74254,1
22216,61417,59089,83633,81305,120506,1
32840,90912,50511,123752,83351,141423,0
41691,11762,36485,53453,78176,48247,1
42751,28989,72546,71740,115297,101535,0
16809,28448,6258,45257,23067,34706,0
79051,67184,49780,146235,128831,116964,1
38480,71965,66198,110445,104678,138163,1
6962,63445,49604,70407,56566,113049,0
72547,51208,17528,123755,90075,68736,0
19673,22446,92430,42119,112103,114876,0
13263,63699,93174,76962,106437,156873,0
89992,46475,76970,136467,166962,123445,1
33946,16225,84630,50171,118576,100855,0
93318,46063,10754,139381,104072,56817,0
96808,70147,60776,166955,157584,130923,1
45280,18768,77001,64048,122281,95769,0
62928,67524,2480,130452,65408,70004,0
69197,68338,72918,137535,142115,141256,1
79157,18939,20453,98096,99610,39392,0
14569,97187,9446,111756,24015,106633,0
81061,45098,68797,126159,149858,113895,1
29327,38381,10685,67708,40012,49066,1
34621,4097,97668,38718,132289,101765,0
65210,90381,76531,155591,141741,166912,1
75710,78731,59540,154441,135250,138271,1
65759,7897,31558,73656,97317,39455,0
64030,66886,85395,130916,149425,152281,1
50497,86226,33794,136723,84291,120020,0
29246,23542,54247,52788,83493,77789,0
94441,69521,46822,163962,141263,116343,1
24677,48650,14178,73327,38855,62828,0
72633,24191,3886,96824,76519,28077,0
95933,33043,72215,128976,168148,105258,1
76318,7095,10268,83413,86586,17363,0
17579,14247,57621,31826,75200,71868,0
31769,38340,15012,70109,46781,53352,1
73103,693,16023,73796,89126,16716,0
25039,35520,85244,60559,110283,120764,0
53440,71790,44882,125230,98322,116672,1
65241,99105,97508,164346,162749,196613,1
16773,15589,36295,32362,53068,51884,0
2275,78235,2448,80510,4723,80683,0
88142,83302,23729,171444,111871,107031,1
57056,39805,28741,96861,85797,68546,1
20095,47484,78926,67579,99021,126410,0
66670,18391,67797,85061,134467,86188,1
45796,52366,6232,98162,52028,58598,0
61243,65315,89028,126558,150271,154343,1
88316,29097,91645,117413,179961,120742,1
32578,75343,55748,107921,88326,131091,1
8552,56687,91516,65239,100068,148203,0
16823,68111,44502,84934,61325,112613,0
9048,34775,68421,43823,77469,103196,0
21584,54688,21132,76272,42716,75820,0
19881,39163,44675,59044,64556,83838,1
44570,11930,44505,56500,89075,56435,1
96954,13688,59170,110642,156124,72858,0
23054,17189,17170,40243,40224,34359,1
60824,21192,12861,82016,73685,34053,0
14059,3692,47137,17751,61196,50829,0
55404,32526,4723,87930,60127,37249,0
54005,71089,25008,125094,79013,96097,1
73837,5707,60761,79544,134598,66468,0
73506,21552,91843,95058,165349,113395,1
30009,69033,67331,99042,97340,136364,1
8469,62330,65812,70799,74281,128142,1
5199,52512,82024,57711,87223,134536,0
12807,66877,52951,79684,65758,119828,0
25692,30686,13403,56378,39095,44089,1
20048,37681,24490,57729,44538,62171,1
27503,92783,85536,120286,113039,178319,1
59456,3507,45037,62963,104493,48544,0
11648,16166,1258,27814,12906,17424,0
109,31405,98727,31514,98836,130132,0
