side1,side2,side3,side1+side2,side1+side3,side2+side3,validity
95531,98121,76668,193652,172199,174789,1
84290,82101,35890,166391,120180,117991,1
3504,8420,12845,11924,16349,21265,0
72400,48476,76712,120876,149112,125188,1
47549,94279,98821,141828,146370,193100,1
90500,55096,58391,145596,148891,113487,1
12364,42832,42913,55196,55277,85745,1
24099,70078,76291,94177,100390,146369,1
87309,33704,77110,121013,164419,110814,1
6042,44184,35051,50226,41093,79235,0
95291,44360,48228,139651,143519,92588,0
79910,48477,44635,128387,124545,93112,1
90172,50890,75888,141062,166060,126778,1
79055,47076,18343,126131,97398,65419,0
72945,76926,94539,149871,167484,171465,1
93879,57042,37912,150921,131791,94954,1
13874,51042,68754,64916,82628,119796,0
30317,54442,40329,84759,70646,94771,1
14405,82170,14741,96575,29146,96911,0
35688,45291,79757,80979,115445,125048,1
41978,31955,2610,73933,44588,34565,0
93862,49143,79756,143005,173618,128899,1
10768,23376,49679,34144,60447,73055,0
61916,13304,13899,75220,75815,27203,0
27366,95443,55303,122809,82669,150746,0
23719,13065,42723,36784,66442,55788,0
30412,33402,87967,63814,118379,121369,0
25422,60946,75873,86368,101295,136819,1
69027,81578,17248,150605,86275,98826,1
91108,95259,36830,186367,127938,132089,1
68789,85411,19734,154200,88523,105145,1
16534,22693,61653,39227,78187,84346,0
46422,86953,93020,133375,139442,179973,1
41457,13714,58453,55171,99910,72167,0
70134,45835,99717,115969,169851,145552,1
56093,66520,24985,122613,81078,91505,1
1889,74757,35597,76646,37486,110354,0
32868,83751,78556,116619,111424,162307,1
28123,6209,92608,34332,120731,98817,0
94128,74987,33766,169115,127894,108753,1
62760,53623,50516,116383,113276,104139,1
51884,50494,75070,102378,126954,125564,1
13226,90486,1100,103712,14326,91586,0
590,80339,91744,80929,92334,172083,0
90517,99297,49440,189814,139957,148737,1
70658,6780,15011,77438,85669,21791,0
74537,75546,65754,150083,140291,141300,1
62479,26554,71836,89033,134315,98390,1
98374,98890,13515,197264,111889,112405,1
28944,13319,18993,42263,47937,32312,1
6283,56760,68232,63043,74515,124992,0
691,57822,22824,58513,23515,80646,0
66000,50082,55377,116082,121377,105459,1
56327,39332,25947,95659,82274,65279,1
76198,95806,9285,172004,85483,105091,0
28539,49332,72110,77871,100649,121442,1
29498,78628,38215,108126,67713,116843,0
63593,26650,23335,90243,86928,49985,0
64440,33373,90345,97813,154785,123718,1
41601,70155,15425,111756,57026,85580,0
625,51236,61544,51861,62169,112780,0
67354,8723,18392,76077,85746,27115,0
72776,99333,21511,172109,94287,120844,0
304,73758,2203,74062,2507,75961,0
8630,92441,74666,101071,83296,167107,0
25292,18320,12734,43612,38026,31054,1
25221,91918,85951,117139,111172,177869,1
47036,41005,76780,88041,123816,117785,1
7001,31668,75868,38669,82869,107536,0
30166,79995,45788,110161,75954,125783,0
97373,91004,36092,188377,133465,127096,1
60634,38849,73131,99483,133765,111980,1
10613,86017,25478,96630,36091,111495,0
60182,15549,46174,75731,106356,61723,1
73958,43727,18425,117685,92383,62152,0
49083,60204,78011,109287,127094,138215,1
46767,83136,83051,129903,129818,166187,1
43806,77126,92545,120932,136351,169671,1
13737,42134,49392,55871,63129,91526,1
69810,4237,68397,74047,138207,72634,1
90882,19598,21442,110480,112324,41040,0
6475,21199,24717,27674,31192,45916,1
49444,29031,58173,78475,107617,87204,1
54152,36983,38142,91135,92294,75125,1
84827,31741,15194,116568,100021,46935,0
23797,5130,51740,28927,75537,56870,0
36807,54319,83030,91126,119837,137349,1
77918,73031,85162,150949,163080,158193,1
91975,58019,62926,149994,154901,120945,1
93761,8774,70604,102535,164365,79378,0
14407,20863,88772,35270,103179,109635,0
69502,55029,81399,124531,150901,136428,1
26580,27952,63353,54532,89933,91305,0
3225,10290,17446,13515,20671,27736,0
76439,88220,43476,164659,119915,131696,1
12459,80057,30926,92516,43385,110983,0
25366,74127,41525,99493,66891,115652,0
91713,26889,88095,118602,179808,114984,1
54772,27921,27044,82693,81816,54965,1
58266,42078,15865,100344,74131,57943,0
29665,23010,34632,52675,64297,57642,1
80962,95773,11153,176735,92115,106926,0
5711,36461,27911,42172,33622,64372,0
3096,96958,39521,100054,42617,136479,0
81188,54285,8059,135473,89247,62344,0
68273,40737,16816,109010,85089,57553,0
78985,33675,77661,112660,156646,111336,1
97043,3233,90352,100276,187395,93585,0
82221,60204,44171,142425,126392,104375,1
43756,38267,58943,82023,102699,97210,1
42289,68494,24712,110783,67001,93206,0
27898,42148,86304,70046,114202,128452,0
95939,48486,17283,144425,113222,65769,0
69134,48511,7200,117645,76334,55711,0
81673,30620,61070,112293,142743,91690,1
10642,59043,88545,69685,99187,147588,0
77312,76239,70827,153551,148139,147066,1
82977,13791,86446,96768,169423,100237,1
84324,50567,57521,134891,141845,108088,1
98195,8442,80019,106637,178214,88461,0
13162,46511,63289,59673,76451,109800,0
6715,14342,99622,21057,106337,113964,0
80828,34480,94783,115308,175611,129263,1
86985,27814,35466,114799,122451,63280,0
17710,67606,16798,85316,34508,84404,0
99579,75330,11896,174909,111475,87226,0
15631,11102,96144,26733,111775,107246,0
42401,8519,22405,50920,64806,30924,0
67656,49308,53388,116964,121044,102696,1
23825,70884,44949,94709,68774,115833,0
75552,25341,21216,100893,96768,46557,0
29118,90525,60135,119643,89253,150660,0
73621,85501,31161,159122,104782,116662,1
50323,15015,24105,65338,74428,39120,0
36293,60060,66072,96353,102365,126132,1
45820,47533,42971,93353,88791,90504,1
63429,30807,16953,94236,80382,47760,0
86928,23252,4656,110180,91584,27908,0
4718,25924,11761,30642,16479,37685,0
27742,96725,5848,124467,33590,102573,0
47809,3226,38807,51035,86616,42033,0
33049,70704,66031,103753,99080,136735,1
94092,26516,20131,120608,114223,46647,0
70976,3943,65006,74919,135982,68949,0
30773,44691,31516,75464,62289,76207,1
76931,82396,17637,159327,94568,100033,1
4685,80312,26198,84997,30883,106510,0
57017,64786,14474,121803,71491,79260,1
29851,99726,38943,129577,68794,138669,0
16334,26721,5415,43055,21749,32136,0
63103,69742,35284,132845,98387,105026,1
7466,60038,7368,67504,14834,67406,0
45402,41698,29336,87100,74738,71034,1
99867,32764,11438,132631,111305,44202,0
38684,4868,17202,43552,55886,22070,0
50602,73192,40812,123794,91414,114004,1
33680,4957,31569,38637,65249,36526,1
9064,82816,76900,91880,85964,159716,1
16743,17619,23596,34362,40339,41215,1
48390,38865,20177,87255,68567,59042,1
17150,71065,70631,88215,87781,141696,1
10956,10975,18800,21931,29756,29775,1
51128,42229,32785,93357,83913,75014,1
46637,57508,74256,104145,120893,131764,1
6386,16662,29615,23048,36001,46277,0
2184,24921,89928,27105,92112,114849,0
26637,85140,98172,111777,124809,183312,1
65876,20913,56043,86789,121919,76956,1
38557,32915,2719,71472,41276,35634,0
83148,94677,74896,177825,158044,169573,1
41984,9778,60656,51762,102640,70434,0
39236,61886,11877,101122,51113,73763,0
79337,69071,90574,148408,169911,159645,1
72418,85412,28596,157830,101014,114008,1
12000,63260,8256,75260,20256,71516,0
15149,60830,94463,75979,109612,155293,0
96456,90526,12169,186982,108625,102695,1
36703,6830,96185,43533,132888,103015,0
27218,71469,8486,98687,35704,79955,0
45256,22975,43309,68231,88565,66284,1
56370,69957,2560,126327,58930,72517,0
3972,53140,59514,57112,63486,112654,0
87941,50415,77866,138356,165807,128281,1
653,82797,44769,83450,45422,127566,0
36787,55304,16270,92091,53057,71574,0
87967,85487,70152,173454,158119,155639,1
68634,14808,27300,83442,95934,42108,0
22038,87912,79753,109950,101791,167665,1
43720,1962,11087,45682,54807,13049,0
55619,44941,82847,100560,138466,127788,1
15608,62618,58648,78226,74256,121266,1
1329,86393,55287,87722,56616,141680,0
45245,98593,20388,143838,65633,118981,0
69399,26008,7898,95407,77297,33906,0
56692,45661,64914,102353,121606,110575,1
1601,95039,52158,96640,53759,147197,0
20414,27919,74646,48333,95060,102565,0
85258,19160,14499,104418,99757,33659,0
71296,87356,29927,158652,101223,117283,1
64878,70724,15265,135602,80143,85989,1
26386,42606,4169,68992,30555,46775,0
24702,7798,70104,32500,94806,77902,0
71078,8327,75238,79405,146316,83565,1
6613,72436,73761,79049,80374,146197,1
35270,187,17586,35457,52856,17773,0
64902,76195,5242,141097,70144,81437,0
86158,51059,35996,137217,122154,87055,1
66552,24498,75667,91050,142219,100165,1
19999,14387,81065,34386,101064,95452,0
92522,51992,47667,144514,140189,99659,1
47905,45867,39487,93772,87392,85354,1
48892,50789,7349,99681,56241,58138,1
75818,19194,67481,95012,143299,86675,1
88055,52687,69898,140742,157953,122585,1
38756,1567,42719,40323,81475,44286,0
4443,86760,72172,91203,76615,158932,0
43504,84242,8761,127746,52265,93003,0
98201,32194,60864,130395,159065,93058,0
17717,6974,93097,24691,110814,100071,0
56659,31613,6150,88272,62809,37763,0
74289,85655,42326,159944,116615,127981,1
14262,68140,17482,82402,31744,85622,0
79735,37517,58930,117252,138665,96447,1
20418,81538,85767,101956,106185,167305,1
97481,76634,50971,174115,148452,127605,1
40443,313,717,40756,41160,1030,0
90208,34793,86826,125001,177034,121619,1
21907,9651,91002,31558,112909,100653,0
74230,95514,97226,169744,171456,192740,1
19058,75624,74734,94682,93792,150358,1
28535,390,67942,28925,96477,68332,0
61037,90925,34134,151962,95171,125059,1
13894,79713,17023,93607,30917,96736,0
36852,60227,22193,97079,59045,82420,0
92831,84130,42051,176961,134882,126181,1
94675,16136,39415,110811,134090,55551,0
75241,81255,84612,156496,159853,165867,1
89583,8387,69766,97970,159349,78153,0
40652,76768,22260,117420,62912,99028,0
2273,37648,17835,39921,20108,55483,0
44160,81780,85093,125940,129253,166873,1
34567,62646,98699,97213,133266,161345,0
85583,28302,23535,113885,109118,51837,0
69642,70494,52523,140136,122165,123017,1
73657,48921,70119,122578,143776,119040,1
74025,34540,86201,108565,160226,120741,1
80691,59310,43526,140001,124217,102836,1
48485,17758,8743,66243,57228,26501,0
14067,39966,48686,54033,62753,88652,1
852,63591,41225,64443,42077,104816,0
15253,79685,65389,94938,80642,145074,1
69637,39288,48740,108925,118377,88028,1
69201,6873,80032,76074,149233,86905,0
55617,45948,39143,101565,94760,85091,1
94689,99681,17834,194370,112523,117515,1
58324,35625,4703,93949,63027,40328,0
69117,79983,6399,149100,75516,86382,0
86806,59314,84219,146120,171025,143533,1
9350,59020,72797,68370,82147,131817,0
93437,88854,63382,182291,156819,152236,1
79846,10522,25300,90368,105146,35822,0
32083,22181,32428,54264,64511,54609,1
85129,42930,9919,128059,95048,52849,0
16656,43344,97142,60000,113798,140486,0
12452,45155,86697,57607,99149,131852,0
29229,46904,59375,76133,88604,106279,1
74459,93463,15483,167922,89942,108946,0
41648,97290,91150,138938,132798,188440,1
5030,85526,72816,90556,77846,158342,0
24349,13728,62491,38077,86840,76219,0
10984,4560,93416,15544,104400,97976,0
51878,75873,88988,127751,140866,164861,1
46956,45189,57635,92145,104591,102824,1
94424,2904,53935,97328,148359,56839,0
56825,13073,11244,69898,68069,24317,0
98633,81877,58463,180510,157096,140340,1
17180,47711,4397,64891,21577,52108,0
27616,56202,7315,83818,34931,63517,0
80113,52733,30570,132846,110683,83303,1
85564,60183,83724,145747,169288,143907,1
16748,70205,28211,86953,44959,98416,0
1237,95737,10742,96974,11979,106479,0
5878,12700,30391,18578,36269,43091,0
19695,77257,92199,96952,111894,169456,1
86646,11043,25979,97689,112625,37022,0
64662,57600,48407,122262,113069,106007,1
38939,63003,8446,101942,47385,71449,0
37977,2591,49946,40568,87923,52537,0
86304,21837,4940,108141,91244,26777,0
99341,3718,6333,103059,105674,10051,0
88955,35341,38271,124296,127226,73612,0
48826,28136,48305,76962,97131,76441,1
35796,59766,64633,95562,100429,124399,1
98246,91434,31944,189680,130190,123378,1
19298,597,83999,19895,103297,84596,0
78282,45540,20587,123822,98869,66127,0
23327,83859,60128,107186,83455,143987,0
21607,49934,3665,71541,25272,53599,0
79007,78372,4073,157379,83080,82445,1
96940,49077,50856,146017,147796,99933,1
37209,68291,83907,105500,121116,152198,1
72165,89397,41943,161562,114108,131340,1
88424,97940,16502,186364,104926,114442,1
59706,8595,91606,68301,151312,100201,0
65047,3946,89157,68993,154204,93103,0
1728,35863,83039,37591,84767,118902,0
74393,48291,48003,122684,122396,96294,1
9000,74627,24759,83627,33759,99386,0
35736,43447,48580,79183,84316,92027,1
26090,24883,6575,50973,32665,31458,1
26564,92977,93509,119541,120073,186486,1
53543,48337,74040,101880,127583,122377,1
20129,82262,46572,102391,66701,128834,0
56076,21206,33278,77282,89354,54484,0
69063,54137,87926,123200,156989,142063,1
67415,76151,51542,143566,118957,127693,1
83501,27067,54916,110568,138417,81983,0
54756,61555,48790,116311,103546,110345,1
90257,54878,8354,145135,98611,63232,0
32436,29579,74620,62015,107056,104199,0
97658,21675,10045,119333,107703,31720,0
60974,77460,82003,138434,142977,159463,1
51484,26810,67963,78294,119447,94773,1
16571,46371,44807,62942,61378,91178,1
54800,347,27033,55147,81833,27380,0
29086,72331,27260,101417,56346,99591,0
23619,5979,39216,29598,62835,45195,0
11295,57151,31078,68446,42373,88229,0
37176,70371,17805,107547,54981,88176,0
33663,43537,81414,77200,115077,124951,0
28981,39554,46603,68535,75584,86157,1
39803,50198,72690,90001,112493,122888,1
87081,77161,21867,164242,108948,99028,1
5882,21196,97550,27078,103432,118746,0
42494,11399,47143,53893,89637,58542,1
76399,40398,17229,116797,93628,57627,0
17422,36457,29413,53879,46835,65870,1
16138,32255,38880,48393,55018,71135,1
51832,63228,5428,115060,57260,68656,0
98864,65057,31067,163921,129931,96124,0
56014,2792,90745,58806,146759,93537,0
53064,66047,71235,119111,124299,137282,1
54327,85960,22506,140287,76833,108466,0
60679,29439,97805,90118,158484,127244,0
47246,39986,3122,87232,50368,43108,0
48880,43647,5897,92527,54777,49544,1
4977,12293,25352,17270,30329,37645,0
95713,24332,97296,120045,193009,121628,1
58804,74298,17708,133102,76512,92006,1
8491,39142,92170,47633,100661,131312,0
13087,33654,82123,46741,95210,115777,0
14716,69089,5229,83805,19945,74318,0
49276,83920,88706,133196,137982,172626,1
85947,68888,6870,154835,92817,75758,0
1758,63682,71161,65440,72919,134843,0
34018,44816,65905,78834,99923,110721,1
10289,87484,70627,97773,80916,158111,0
77975,4814,91667,82789,169642,96481,0
15640,87858,45152,103498,60792,133010,0
27067,49865,84018,76932,111085,133883,0
95201,96951,81248,192152,176449,178199,1
2166,93593,59704,95759,61870,153297,0
3524,75849,19558,79373,23082,95407,0
26139,61944,7303,88083,33442,69247,0
2665,30100,33864,32765,36529,63964,0
83822,39116,48585,122938,132407,87701,1
76524,64380,81357,140904,157881,145737,1
56197,61986,52418,118183,108615,114404,1
75746,5665,47063,81411,122809,52728,0
34992,88458,87470,123450,122462,175928,1
63620,38158,12730,101778,76350,50888,0
38415,79846,14037,118261,52452,93883,0
86823,32740,53794,119563,140617,86534,0
79969,24148,37649,104117,117618,61797,0
28176,59382,41618,87558,69794,101000,1
5716,29734,10095,35450,15811,39829,0
3553,5638,19571,9191,23124,25209,0
11337,60896,21230,72233,32567,82126,0
39642,97941,41312,137583,80954,139253,0
33046,29551,33662,62597,66708,63213,1
13890,92065,94483,105955,108373,186548,1
77582,94768,98825,172350,176407,193593,1
21258,94836,98110,116094,119368,192946,1
2054,28503,25948,30557,28002,54451,0
6368,94774,81880,101142,88248,176654,0
83239,50840,82383,134079,165622,133223,1
62881,27582,71792,90463,134673,99374,1
31234,94509,62573,125743,93807,157082,0
8806,62285,95114,71091,103920,157399,0
8015,66230,46931,74245,54946,113161,0
81814,30907,40393,112721,122207,71300,0
78543,28694,4150,107237,82693,32844,0
51686,70540,43238,122226,94924,113778,1
57143,21245,65630,78388,122773,86875,1
90722,35084,31537,125806,122259,66621,0
32008,52030,12620,84038,44628,64650,0
18676,33678,2809,52354,21485,36487,0
26901,77671,20787,104572,47688,98458,0
39657,3909,6257,43566,45914,10166,0
81751,67807,49536,149558,131287,117343,1
52033,13450,12225,65483,64258,25675,0
24763,26444,33413,51207,58176,59857,1
59120,37450,27864,96570,86984,65314,1
12854,42053,50517,54907,63371,92570,1
56520,41869,96343,98389,152863,138212,1
15261,60846,36852,76107,52113,97698,0
70489,23081,38007,93570,108496,61088,0
34093,29131,70191,63224,104284,99322,0
17824,96838,88397,114662,106221,185235,1
4599,82760,48908,87359,53507,131668,0
45062,38792,4342,83854,49404,43134,0
87861,8504,68529,96365,156390,77033,0
92711,99272,63748,191983,156459,163020,1
86214,50734,76339,136948,162553,127073,1
86176,16724,15906,102900,102082,32630,0
28807,92317,49435,121124,78242,141752,0
26144,58729,72017,84873,98161,130746,1
6318,79242,8221,85560,14539,87463,0
58951,48908,55630,107859,114581,104538,1
48937,86112,62255,135049,111192,148367,1
11846,76381,11426,88227,23272,87807,0
4676,86832,43007,91508,47683,129839,0
26578,86884,8059,113462,34637,94943,0
33153,87538,43060,120691,76213,130598,0
36467,39193,41605,75660,78072,80798,1
6881,11787,29212,18668,36093,40999,0
69958,41170,16305,111128,86263,57475,0
65584,28834,16851,94418,82435,45685,0
4653,17590,57257,22243,61910,74847,0
10031,77491,67550,87522,77581,145041,1
25549,79850,97363,105399,122912,177213,1
80866,8774,25828,89640,106694,34602,0
82826,84679,82184,167505,165010,166863,1
90039,27182,55813,117221,145852,82995,0
52838,34600,62255,87438,115093,96855,1
41395,4012,36448,45407,77843,40460,0
39928,75933,41503,115861,81431,117436,1
63908,95455,52800,159363,116708,148255,1
32913,90378,39661,123291,72574,130039,0
88871,48978,34934,137849,123805,83912,0
8003,34055,76930,42058,84933,110985,0
7985,59834,35989,67819,43974,95823,0
67038,92897,79640,159935,146678,172537,1
35666,13870,78460,49536,114126,92330,0
73001,88481,34001,161482,107002,122482,1
9896,78379,39377,88275,49273,117756,0
30948,87803,11011,118751,41959,98814,0
6005,38708,56920,44713,62925,95628,0
55384,4364,32506,59748,87890,36870,0
98276,83573,4757,181849,103033,88330,0
7851,38694,29590,46545,37441,68284,0
47385,97020,6465,144405,53850,103485,0
64995,86774,49387,151769,114382,136161,1
70807,56452,93662,127259,164469,150114,1
95171,61408,72959,156579,168130,134367,1
59769,43502,21872,103271,81641,65374,1
18380,12821,22591,31201,40971,35412,1
20814,67527,14684,88341,35498,82211,0
192,28793,15397,28985,15589,44190,0
15002,68432,12772,83434,27774,81204,0
83791,96447,30601,180238,114392,127048,1
51672,63102,23648,114774,75320,86750,1
20118,58230,51562,78348,71680,109792,1
5077,62315,98055,67392,103132,160370,0
51245,46328,57693,97573,108938,104021,1
63971,35826,26239,99797,90210,62065,0
40100,11358,90705,51458,130805,102063,0
70075,14510,62747,84585,132822,77257,1
8489,37406,94333,45895,102822,131739,0
23832,90889,47438,114721,71270,138327,0
53743,45257,13771,99000,67514,59028,1
97478,33121,98222,130599,195700,131343,1
4016,42888,62535,46904,66551,105423,0
98113,69680,72344,167793,170457,142024,1
68203,12828,86627,81031,154830,99455,0
50818,23572,55276,74390,106094,78848,1
15595,57320,5058,72915,20653,62378,0
5847,9606,54589,15453,60436,64195,0
60279,22819,28830,83098,89109,51649,0
651,67650,62740,68301,63391,130390,0
90721,98918,12913,189639,103634,111831,1
1978,50713,22847,52691,24825,73560,0
42426,58227,26588,100653,69014,84815,1
86994,1092,95290,88086,182284,96382,0
42267,36989,84686,79256,126953,121675,0
52939,94578,42937,147517,95876,137515,1
37231,61980,96214,99211,133445,158194,1
23182,156,19404,23338,42586,19560,0
56207,87426,83089,143633,139296,170515,1
83634,64875,81108,148509,164742,145983,1
47326,78212,92541,125538,139867,170753,1
80650,86018,41291,166668,121941,127309,1
79063,89304,17788,168367,96851,107092,1
1525,33379,82653,34904,84178,116032,0
74523,85881,81728,160404,156251,167609,1
3872,41750,38108,45622,41980,79858,1
78133,55087,8151,133220,86284,63238,0
68875,63411,53977,132286,122852,117388,1
63343,39073,60205,102416,123548,99278,1
49146,78177,8707,127323,57853,86884,0
13300,818,57850,14118,71150,58668,0
69277,60062,9939,129339,79216,70001,1
13126,94084,82370,107210,95496,176454,1
87481,84834,38962,172315,126443,123796,1
20157,49704,38839,69861,58996,88543,1
69962,31278,26577,101240,96539,57855,0
26797,78535,12752,105332,39549,91287,0
95267,18967,7971,114234,103238,26938,0
94286,87958,27262,182244,121548,115220,1
6386,24806,79297,31192,85683,104103,0
50980,67474,78487,118454,129467,145961,1
88727,78222,29917,166949,118644,108139,1
3033,48290,1861,51323,4894,50151,0
28227,10525,66495,38752,94722,77020,0
90541,67904,49330,158445,139871,117234,1
9539,55095,36804,64634,46343,91899,0
42740,95861,34455,138601,77195,130316,0
31540,277,80052,31817,111592,80329,0
32476,76745,66499,109221,98975,143244,1
95606,62367,46099,157973,141705,108466,1
16926,86813,61194,103739,78120,148007,0
11938,96965,35039,108903,46977,132004,0
76074,83993,19121,160067,95195,103114,1
34364,63376,81502,97740,115866,144878,1
2681,90029,68538,92710,71219,158567,0
10539,44195,52297,54734,62836,96492,1
13516,46881,72196,60397,85712,119077,0
59565,32156,4114,91721,63679,36270,0
62109,11871,94116,73980,156225,105987,0
87798,71363,60320,159161,148118,131683,1
28832,45122,44681,73954,73513,89803,1
83394,28338,98480,111732,181874,126818,1
69138,64256,20496,133394,89634,84752,1
71478,72947,47422,144425,118900,120369,1
31161,31162,65072,62323,96233,96234,0
26217,1858,31965,28075,58182,33823,0
70174,39650,92956,109824,163130,132606,1
21202,38025,52787,59227,73989,90812,1
61394,18968,43320,80362,104714,62288,1
69926,33238,85390,103164,155316,118628,1
5802,86782,36358,92584,42160,123140,0
85895,71421,78249,157316,164144,149670,1
38858,12629,94457,51487,133315,107086,0
66074,14392,96194,80466,162268,110586,0
40155,53283,72988,93438,113143,126271,1
73522,36527,47696,110049,121218,84223,1
52136,89767,4359,141903,56495,94126,0
21698,76122,41924,97820,63622,118046,0
24238,9731,23922,33969,48160,33653,1
16117,87657,29990,103774,46107,117647,0
19091,74169,42301,93260,61392,116470,0
74746,61301,6227,136047,80973,67528,0
37513,54941,76215,92454,113728,131156,1
45195,26970,96874,72165,142069,123844,0
53268,42805,19321,96073,72589,62126,1
51171,68242,67385,119413,118556,135627,1
69360,34609,53812,103969,123172,88421,1
39696,41432,81944,81128,121640,123376,0
75690,38681,25194,114371,100884,63875,0
98022,82797,50067,180819,148089,132864,1
1766,99862,34342,101628,36108,134204,0
79930,36107,54891,116037,134821,90998,1
38574,81480,59499,120054,98073,140979,1
35326,13258,13914,48584,49240,27172,0
40451,84739,21101,125190,61552,105840,0
54567,79761,53014,134328,107581,132775,1
3553,33483,61993,37036,65546,95476,0
99717,89510,32733,189227,132450,122243,1
93020,52023,89086,145043,182106,141109,1
13604,38924,2798,52528,16402,41722,0
63503,19246,3526,82749,67029,22772,0
36389,18787,24770,55176,61159,43557,1
67890,99921,40185,167811,108075,140106,1
86768,54058,22644,140826,109412,76702,0
69644,9501,66487,79145,136131,75988,1
35302,33219,77973,68521,113275,111192,0
94511,39997,54262,134508,148773,94259,0
63572,72037,20467,135609,84039,92504,1
61489,97234,79339,158723,140828,176573,1
69184,58002,93216,127186,162400,151218,1
92002,95379,72556,187381,164558,167935,1
91525,74045,72918,165570,164443,146963,1
62636,38353,22773,100989,85409,61126,0
74670,85712,39117,160382,113787,124829,1
281,66267,97172,66548,97453,163439,0
52685,78699,85027,131384,137712,163726,1
74194,30219,17322,104413,91516,47541,0
21638,92680,11639,114318,33277,104319,0
64060,93585,56901,157645,120961,150486,1
14637,51996,99924,66633,114561,151920,0
42695,46416,13816,89111,56511,60232,1
6420,65840,13803,72260,20223,79643,0
5311,56650,58927,61961,64238,115577,1
23965,97158,87224,121123,111189,184382,1
15371,24269,23595,39640,38966,47864,1
695,32938,3383,33633,4078,36321,0
19921,46520,85872,66441,105793,132392,0
8109,37056,48392,45165,56501,85448,0
39857,47667,10227,87524,50084,57894,1
32067,64942,31195,97009,63262,96137,0
91408,32063,42068,123471,133476,74131,0
26766,24070,23219,50836,49985,47289,1
16042,94734,94020,110776,110062,188754,1
63801,72514,94837,136315,158638,167351,1
96559,95526,31378,192085,127937,126904,1
21284,53964,41860,75248,63144,95824,1
21276,16924,70859,38200,92135,87783,0
46155,58173,60792,104328,106947,118965,1
43924,31993,32151,75917,76075,64144,1
91195,22436,53366,113631,144561,75802,0
34581,40032,27928,74613,62509,67960,1
48361,37459,2026,85820,50387,39485,0
48995,37734,58978,86729,107973,96712,1
77852,27870,1063,105722,78915,28933,0
3493,2010,54966,5503,58459,56976,0
29708,32423,98574,62131,128282,130997,0
35102,18693,14735,53795,49837,33428,0
74485,35954,32803,110439,107288,68757,0
54419,11300,99501,65719,153920,110801,0
67456,8305,21396,75761,88852,29701,0
78620,48907,32052,127527,110672,80959,1
80978,36187,17067,117165,98045,53254,0
44569,31814,83678,76383,128247,115492,0
81783,62661,28800,144444,110583,91461,1
29969,13006,68407,42975,98376,81413,0
30159,58900,57007,89059,87166,115907,1
71012,70642,59453,141654,130465,130095,1
8105,62868,42559,70973,50664,105427,0
16339,72772,63189,89111,79528,135961,1
55190,62888,28457,118078,83647,91345,1
83739,83399,30458,167138,114197,113857,1
13973,84944,30108,98917,44081,115052,0
38528,10589,99976,49117,138504,110565,0
16511,8052,88341,24563,104852,96393,0
86264,67570,14102,153834,100366,81672,0
83716,19823,49297,103539,133013,69120,0
93204,59500,11588,152704,104792,71088,0
22273,23821,47489,46094,69762,71310,0
24152,60217,24817,84369,48969,85034,0
96016,13743,7075,109759,103091,20818,0
44495,99493,73089,143988,117584,172582,1
67810,49472,73684,117282,141494,123156,1
89644,73936,55921,163580,145565,129857,1
88245,46523,42526,134768,130771,89049,1
80406,8131,61442,88537,141848,69573,0
85434,59850,88938,145284,174372,148788,1
80060,34136,8355,114196,88415,42491,0
49693,32099,56373,81792,106066,88472,1
27734,86954,30649,114688,58383,117603,0
55589,20124,27041,75713,82630,47165,0
11958,10011,92254,21969,104212,102265,0
81068,1567,81642,82635,162710,83209,1
17690,89981,56220,107671,73910,146201,0
41501,65309,10906,106810,52407,76215,0
2461,5408,83011,7869,85472,88419,0
6671,32368,41935,39039,48606,74303,0
29936,76559,36235,106495,66171,112794,0
27995,69117,36162,97112,64157,105279,0
17759,33276,4508,51035,22267,37784,0
49016,42732,55165,91748,104181,97897,1
8867,35522,36174,44389,45041,71696,1
17910,94333,54626,112243,72536,148959,0
63318,57352,94480,120670,157798,151832,1
69177,36135,17056,105312,86233,53191,0
80666,8665,53739,89331,134405,62404,0
85310,28960,34981,114270,120291,63941,0
35635,94679,25926,130314,61561,120605,0
4956,12924,48308,17880,53264,61232,0
19028,82729,5782,101757,24810,88511,0
10905,41601,62160,52506,73065,103761,0
76278,16496,41393,92774,117671,57889,0
46477,53825,27850,100302,74327,81675,1
36969,68867,76683,105836,113652,145550,1
84368,61059,9674,145427,94042,70733,0
35835,88002,90048,123837,125883,178050,1
70479,65599,87962,136078,158441,153561,1
69507,41077,61195,110584,130702,102272,1
27756,1072,13137,28828,40893,14209,0
37300,84803,19081,122103,56381,103884,0
81807,13768,70049,95575,151856,83817,1
44308,80132,6956,124440,51264,87088,0
49882,74867,50202,124749,100084,125069,1
94041,8736,35394,102777,129435,44130,0
7198,38821,769,46019,7967,39590,0
4441,55395,34380,59836,38821,89775,0
86608,88263,53216,174871,139824,141479,1
43648,53609,86215,97257,129863,139824,1
96868,82365,43947,179233,140815,126312,1
54572,31245,47890,85817,102462,79135,1
48323,14731,64908,63054,113231,79639,0
8863,95256,79219,104119,88082,174475,0
73270,30805,91750,104075,165020,122555,1
7329,41422,74840,48751,82169,116262,0
71069,16952,22530,88021,93599,39482,0
30497,58850,68681,89347,99178,127531,1
28650,31575,85702,60225,114352,117277,0
72724,92162,81853,164886,154577,174015,1
43823,85464,53176,129287,96999,138640,1
41770,80044,25686,121814,67456,105730,0
82379,87866,97181,170245,179560,185047,1
69991,87647,42,157638,70033,87689,0
4034,2571,62077,6605,66111,64648,0
14030,88328,49587,102358,63617,137915,0
5279,20988,34922,26267,40201,55910,0
74118,48231,33155,122349,107273,81386,1
69940,2419,26990,72359,96930,29409,0
18655,93575,59710,112230,78365,153285,0
76874,35822,47095,112696,123969,82917,1
15265,11768,5799,27033,21064,17567,1
70119,98485,78726,168604,148845,177211,1
23291,70683,29757,93974,53048,100440,0
46907,61372,62977,108279,109884,124349,1
46983,26514,45656,73497,92639,72170,1
69572,45882,24985,115454,94557,70867,1
61255,27860,92433,89115,153688,120293,0
88578,32761,36768,121339,125346,69529,0
23607,21944,44923,45551,68530,66867,1
48402,64331,51814,112733,100216,116145,1
10213,8743,6012,18956,16225,14755,1
46325,20712,85637,67037,131962,106349,0
55373,58894,98783,114267,154156,157677,1
73789,11567,76035,85356,149824,87602,1
1600,22013,40573,23613,42173,62586,0
27335,16537,56350,43872,83685,72887,0
71594,78882,6675,150476,78269,85557,0
52556,64100,5095,116656,57651,69195,0
92555,14858,54664,107413,147219,69522,0
31063,32070,45369,63133,76432,77439,1
94989,18715,70804,113704,165793,89519,0
95911,51044,16128,146955,112039,67172,0
7063,65851,39859,72914,46922,105710,0
31111,15791,33983,46902,65094,49774,1
18401,63956,95673,82357,114074,159629,0
39784,72924,24920,112708,64704,97844,0
73,29476,37659,29549,37732,67135,0
17363,47621,97378,64984,114741,144999,0
83177,72788,94642,155965,177819,167430,1
97053,96481,14136,193534,111189,110617,1
34799,19316,93797,54115,128596,113113,0
24162,85659,93728,109821,117890,179387,1
85336,20441,57301,105777,142637,77742,0
30425,19396,94014,49821,124439,113410,0
74586,31289,96893,105875,171479,128182,1
87643,41215,93783,128858,181426,134998,1
39560,7420,24473,46980,64033,31893,0
85636,91587,82352,177223,167988,173939,1
55177,59421,11324,114598,66501,70745,1
72601,89348,19828,161949,92429,109176,1
79478,39324,51622,118802,131100,90946,1
20594,67167,76862,87761,97456,144029,1
36339,7645,22319,43984,58658,29964,0
21128,23392,69292,44520,90420,92684,0
21180,593,97628,21773,118808,98221,0
80193,18793,53250,98986,133443,72043,0
58903,56821,47073,115724,105976,103894,1
12438,27485,92672,39923,105110,120157,0
94622,8901,98021,103523,192643,106922,1
99150,74819,5359,173969,104509,80178,0
5307,5636,86691,10943,91998,92327,0
2108,11236,40078,13344,42186,51314,0
92616,43342,62771,135958,155387,106113,1
33743,64904,40697,98647,74440,105601,1
19581,2307,10764,21888,30345,13071,0
51846,1623,65287,53469,117133,66910,0
24771,86009,68647,110780,93418,154656,1
37830,93190,4639,131020,42469,97829,0
80885,75240,58898,156125,139783,134138,1
26617,7315,18273,33932,44890,25588,0
13034,70478,73702,83512,86736,144180,1
24553,32868,48735,57421,73288,81603,1
35118,53041,34226,88159,69344,87267,1
58216,90128,24228,148344,82444,114356,0
52447,8741,59600,61188,112047,68341,1
43893,3895,38531,47788,82424,42426,0
98925,4003,68597,102928,167522,72600,0
66332,24081,40277,90413,106609,64358,0
27480,46762,15893,74242,43373,62655,0
6810,16954,58297,23764,65107,75251,0
16123,63282,49121,79405,65244,112403,1
30706,77680,53578,108386,84284,131258,1
64471,59341,16111,123812,80582,75452,1
30853,34413,54581,65266,85434,88994,1
1469,58262,75438,59731,76907,133700,0
11502,90340,17057,101842,28559,107397,0
832,60171,83463,61003,84295,143634,0
74067,74952,97762,149019,171829,172714,1
87764,54789,3702,142553,91466,58491,0
28708,82208,63036,110916,91744,145244,1
35256,9082,62218,44338,97474,71300,0
37122,35468,10195,72590,47317,45663,1
72135,25098,73286,97233,145421,98384,1
57785,97230,72697,155015,130482,169927,1
18342,79667,24879,98009,43221,104546,0
76162,67456,45466,143618,121628,112922,1
59117,90248,18989,149365,78106,109237,0
28428,29504,90744,57932,119172,120248,0
24763,6856,60443,31619,85206,67299,0
60253,82263,5735,142516,65988,87998,0
98270,44562,16006,142832,114276,60568,0
34743,62683,69233,97426,103976,131916,1
52903,34944,30038,87847,82941,64982,1
48726,18655,6141,67381,54867,24796,0
79272,1367,54975,80639,134247,56342,0
43392,94027,83421,137419,126813,177448,1
29441,68500,37932,97941,67373,106432,0
89596,23945,44497,113541,134093,68442,0
74678,77320,61349,151998,136027,138669,1
48672,75975,43693,124647,92365,119668,1
39965,47959,65390,87924,105355,113349,1
9536,48550,88553,58086,98089,137103,0
85844,84946,94827,170790,180671,179773,1
37112,19287,27735,56399,64847,47022,1
77620,44609,54347,122229,131967,98956,1
8824,47279,78937,56103,87761,126216,0
31030,63292,44240,94322,75270,107532,1
18251,90966,34933,109217,53184,125899,0
87930,85332,94775,173262,182705,180107,1
13220,73528,5929,86748,19149,79457,0
39323,24414,36901,63737,76224,61315,1
99361,7614,51636,106975,150997,59250,0
62667,50264,69325,112931,131992,119589,1
39582,92260,36269,131842,75851,128529,0
40077,83714,14307,123791,54384,98021,0
8988,94386,99980,103374,108968,194366,1
13554,95298,7233,108852,20787,102531,0
51579,45062,71034,96641,122613,116096,1
80671,36505,62697,117176,143368,99202,1
87518,68912,53574,156430,141092,122486,1
98237,87042,6046,185279,104283,93088,0
24846,78554,63213,103400,88059,141767,1
42215,14702,93959,56917,136174,108661,0
43020,44029,89490,87049,132510,133519,0
29499,31564,91566,61063,121065,123130,0
15829,35958,31618,51787,47447,67576,1
79126,67588,55787,146714,134913,123375,1
11661,20090,41881,31751,53542,61971,0
51807,16010,75163,67817,126970,91173,0
41733,52281,43487,94014,85220,95768,1
96702,26765,52987,123467,149689,79752,0
61123,69421,61048,130544,122171,130469,1
50352,70038,18644,120390,68996,88682,0
51868,40735,45663,92603,97531,86398,1
76529,36913,48423,113442,124952,85336,1
48744,20077,79439,68821,128183,99516,0
14649,33527,31321,48176,45970,64848,1
79194,37782,77653,116976,156847,115435,1
25262,39597,81311,64859,106573,120908,0
88847,6326,69359,95173,158206,75685,0
49130,97824,36090,146954,85220,133914,0
38993,72496,33875,111489,72868,106371,1
87393,21951,32314,109344,119707,54265,0
56865,82531,95013,139396,151878,177544,1
67644,72202,40995,139846,108639,113197,1
59894,42730,3296,102624,63190,46026,0
90178,91786,73997,181964,164175,165783,1
51661,58265,85277,109926,136938,143542,1
1519,35655,77420,37174,78939,113075,0
27798,76801,54333,104599,82131,131134,1
10165,752,11443,10917,21608,12195,0
46986,48636,32889,95622,79875,81525,1
19971,41818,66211,61789,86182,108029,0
49441,70979,27332,120420,76773,98311,1
72068,27063,49043,99131,121111,76106,1
39113,71539,49665,110652,88778,121204,1
91506,6414,56648,97920,148154,63062,0
21089,41960,49070,63049,70159,91030,1
19829,46357,50059,66186,69888,96416,1
70583,55707,93803,126290,164386,149510,1
78222,61695,63128,139917,141350,124823,1
78984,74937,71423,153921,150407,146360,1
98376,24879,53902,123255,152278,78781,0
12442,49028,9394,61470,21836,58422,0
6458,26092,2124,32550,8582,28216,0
33725,70110,45548,103835,79273,115658,1
81744,13804,10864,95548,92608,24668,0
27908,84634,75294,112542,103202,159928,1
16208,80183,82310,96391,98518,162493,1
36784,44352,30078,81136,66862,74430,1
76401,35365,76581,111766,152982,111946,1
19006,29955,8343,48961,27349,38298,0
88551,17570,46116,106121,134667,63686,0
12371,88086,91401,100457,103772,179487,1
55905,68730,28792,124635,84697,97522,1
27091,95013,95746,122104,122837,190759,1
79373,84553,14375,163926,93748,98928,1
281,36414,10846,36695,11127,47260,0
14548,3844,93517,18392,108065,97361,0
79422,49303,16237,128725,95659,65540,0
39835,16485,26167,56320,66002,42652,1
96186,42442,53691,138628,149877,96133,0
7212,93689,70657,100901,77869,164346,0
50260,3913,94570,54173,144830,98483,0
51168,6314,34359,57482,85527,40673,0
9733,98545,8875,108278,18608,107420,0
74567,62580,25417,137147,99984,87997,1
19059,80402,89300,99461,108359,169702,1
985,207,14448,1192,15433,14655,0
59311,58548,45075,117859,104386,103623,1
28034,8867,92013,36901,120047,100880,0
87785,37835,31815,125620,119600,69650,0
30428,67428,4543,97856,34971,71971,0
12289,66508,34177,78797,46466,100685,0
84722,42886,69733,127608,154455,112619,1
75534,40415,75840,115949,151374,116255,1
40961,11064,21439,52025,62400,32503,0
29441,6118,77638,35559,107079,83756,0
21691,29233,46878,50924,68569,76111,1
87093,79439,81939,166532,169032,161378,1
59282,70362,42967,129644,102249,113329,1
49672,69798,60186,119470,109858,129984,1
27135,71791,52122,98926,79257,123913,1
22047,28420,37514,50467,59561,65934,1
41493,20652,59069,62145,100562,79721,1
78286,31509,15802,109795,94088,47311,0
65988,47584,77243,113572,143231,124827,1
11844,50687,6208,62531,18052,56895,0
98211,91202,76219,189413,174430,167421,1
74637,12043,21996,86680,96633,34039,0
56530,45618,89842,102148,146372,135460,1
22549,8825,49291,31374,71840,58116,0
76870,7457,91341,84327,168211,98798,0
66591,44259,6301,110850,72892,50560,0
6211,35446,95149,41657,101360,130595,0
38718,23238,22388,61956,61106,45626,1
47352,45567,31330,92919,78682,76897,1
1141,11866,44812,13007,45953,56678,0
51389,78771,73456,130160,124845,152227,1
68906,67097,90064,136003,158970,157161,1
43801,74130,36192,117931,79993,110322,1
21484,25801,22705,47285,44189,48506,1
87661,5444,7492,93105,95153,12936,0
59336,26983,89900,86319,149236,116883,0
67888,62525,75855,130413,143743,138380,1
83273,129,7375,83402,90648,7504,0
82884,81881,81717,164765,164601,163598,1
66384,3530,62540,69914,128924,66070,0
27437,6627,60044,34064,87481,66671,0
13143,74255,63631,87398,76774,137886,1
21130,56174,29646,77304,50776,85820,0
7778,64555,30161,72333,37939,94716,0
99739,27275,91367,127014,191106,118642,1
95115,9896,26655,105011,121770,36551,0
94561,60952,63218,155513,157779,124170,1
41706,53835,23118,95541,64824,76953,1
36032,61259,53840,97291,89872,115099,1
25065,82692,34700,107757,59765,117392,0
58776,85643,19661,144419,78437,105304,0
52319,23500,62594,75819,114913,86094,1
47381,3110,59614,50491,106995,62724,0
52515,58059,45007,110574,97522,103066,1
92621,64890,24400,157511,117021,89290,0
55461,92103,40450,147564,95911,132553,1
52425,78447,72345,130872,124770,150792,1
4066,44426,51910,48492,55976,96336,0
82458,61811,3964,144269,86422,65775,0
72990,38110,60088,111100,133078,98198,1
55145,7321,84400,62466,139545,91721,0
57248,44392,29862,101640,87110,74254,1
41793,7846,44070,49639,85863,51916,1
99646,2702,37894,102348,137540,40596,0
78876,19535,75274,98411,154150,94809,1
36559,3223,25511,39782,62070,28734,0
2677,88101,62711,90778,65388,150812,0
89975,69247,5405,159222,95380,74652,0
51374,45471,77606,96845,128980,123077,1
99860,78070,28565,177930,128425,106635,1
82595,16082,77890,98677,160485,93972,1
41570,91364,40787,132934,82357,132151,0
81493,56885,34909,138378,116402,91794,1
90938,16995,19722,107933,110660,36717,0
28524,1397,14024,29921,42548,15421,0
42120,73813,60036,115933,102156,133849,1
549,64995,85908,65544,86457,150903,0
21890,89002,30257,110892,52147,119259,0
1512,68366,43353,69878,44865,111719,0
79383,33241,7122,112624,86505,40363,0
52294,33738,74234,86032,126528,107972,1
72914,58654,42413,131568,115327,101067,1
38031,26736,33244,64767,71275,59980,1
23505,76010,22153,99515,45658,98163,0
14709,79910,24326,94619,39035,104236,0
48612,11204,75123,59816,123735,86327,0
7755,10905,5090,18660,12845,15995,1
17799,30407,80974,48206,98773,111381,0
31120,33305,47745,64425,78865,81050,1
93075,35369,40936,128444,134011,76305,0
37467,76888,96628,114355,134095,173516,1
80170,19996,59749,100166,139919,79745,0
6562,23843,73474,30405,80036,97317,0
75965,6190,60439,82155,136404,66629,0
41511,62150,71373,103661,112884,133523,1
46030,42899,48242,88929,94272,91141,1
89197,94616,99492,183813,188689,194108,1
6277,69071,41565,75348,47842,110636,0
67430,75727,4362,143157,71792,80089,0
88137,89229,61044,177366,149181,150273,1
52591,26036,17770,78627,70361,43806,0
93137,58963,4644,152100,97781,63607,0
25704,97586,83810,123290,109514,181396,1
38896,34986,56654,73882,95550,91640,1
13561,82961,54366,96522,67927,137327,0
71623,73841,43555,145464,115178,117396,1
56092,79485,59936,135577,116028,139421,1
96732,71935,65006,168667,161738,136941,1
91188,49367,20246,140555,111434,69613,0
14437,18168,10483,32605,24920,28651,1
98520,97665,24999,196185,123519,122664,1
5927,38744,94419,44671,100346,133163,0
37506,89519,55259,127025,92765,144778,1
6622,56136,80710,62758,87332,136846,0
57124,97674,94885,154798,152009,192559,1
88444,95873,7457,184317,95901,103330,1
69394,60568,86949,129962,156343,147517,1
73065,63908,9825,136973,82890,73733,1
49384,23722,48258,73106,97642,71980,1
13097,18798,28476,31895,41573,47274,1
24087,31528,50677,55615,74764,82205,1
14549,87409,68837,101958,83386,156246,0
81954,40569,18723,122523,100677,59292,0
72055,83997,77782,156052,149837,161779,1
41595,64963,13607,106558,55202,78570,0
46612,53208,53760,99820,100372,106968,1
27882,65673,31888,93555,59770,97561,0
57379,75610,11523,132989,68902,87133,0
62666,53087,63910,115753,126576,116997,1
25819,49934,78013,75753,103832,127947,0
69216,24522,3099,93738,72315,27621,0
97910,12121,10970,110031,108880,23091,0
88698,79660,72385,168358,161083,152045,1
21615,98857,91967,120472,113582,190824,1
11361,13457,1524,24818,12885,14981,0
97496,7914,18602,105410,116098,26516,0
97158,51036,33074,148194,130232,84110,0
6924,18116,13825,25040,20749,31941,1
66519,67706,10320,134225,76839,78026,1
82888,64128,24592,147016,107480,88720,1
45676,99131,35321,144807,80997,134452,0
52747,57509,39438,110256,92185,96947,1
20500,81501,12611,102001,33111,94112,0
74543,96968,64767,171511,139310,161735,1
55380,59672,30832,115052,86212,90504,1
73328,6856,19131,80184,92459,25987,0
25140,81351,99351,106491,124491,180702,1
81109,8607,5295,89716,86404,13902,0
21509,22668,26369,44177,47878,49037,1
85016,65776,24372,150792,109388,90148,1
51823,41689,67247,93512,119070,108936,1
96819,11793,60907,108612,157726,72700,0
14273,30354,11978,44627,26251,42332,0
20057,21366,14594,41423,34651,35960,1
92477,33857,60949,126334,153426,94806,1
85771,55746,58044,141517,143815,113790,1
13296,14235,39928,27531,53224,54163,0
34098,39295,77456,73393,111554,116751,0
81139,93152,40652,174291,121791,133804,1
721,44181,59065,44902,59786,103246,0
72777,68264,57865,141041,130642,126129,1
42349,81427,89144,123776,131493,170571,1
28926,76284,43111,105210,72037,119395,0
21252,28009,98590,49261,119842,126599,0
27387,22337,76400,49724,103787,98737,0
24321,80769,99083,105090,123404,179852,1
80057,59255,59448,139312,139505,118703,1
23964,26088,76376,50052,100340,102464,0
45054,71364,11228,116418,56282,82592,0
34190,17932,76783,52122,110973,94715,0
28573,55514,30858,84087,59431,86372,1
54207,9290,78586,63497,132793,87876,0
62418,15043,53471,77461,115889,68514,1
85501,76,98508,85577,184009,98584,0
45706,38332,65406,84038,111112,103738,1
48760,33659,43446,82419,92206,77105,1
8738,190,80513,8928,89251,80703,0
43458,3396,22346,46854,65804,25742,0
9791,93316,30100,103107,39891,123416,0
8967,69179,58337,78146,67304,127516,0
13257,55272,65456,68529,78713,120728,1
97457,21945,50516,119402,147973,72461,0
31817,77647,3924,109464,35741,81571,0
89128,32356,41920,121484,131048,74276,0
30674,66894,60697,97568,91371,127591,1
33595,53795,46953,87390,80548,100748,1
16884,78207,99371,95091,116255,177578,0
60797,6683,30637,67480,91434,37320,0
68333,63693,94549,132026,162882,158242,1
92423,89818,95356,182241,187779,185174,1
77755,62789,61455,140544,139210,124244,1
32346,16632,76849,48978,109195,93481,0
62929,17202,54919,80131,117848,72121,1
6664,22909,98717,29573,105381,121626,0
20770,28482,74961,49252,95731,103443,0
77612,60426,41813,138038,119425,102239,1
590,22283,23440,22873,24030,45723,0
51951,17046,31641,68997,83592,48687,0
76281,99979,7143,176260,83424,107122,0
63540,56586,65535,120126,129075,122121,1
81962,21200,54007,103162,135969,75207,0
4795,20511,81793,25306,86588,102304,0
32549,69777,87353,102326,119902,157130,1
87352,65980,78746,153332,166098,144726,1
24074,45907,63345,69981,87419,109252,1
45856,39231,6901,85087,52757,46132,1
59603,35964,76935,95567,136538,112899,1
3094,37574,82805,40668,85899,120379,0
22962,20621,66809,43583,89771,87430,0
74951,51974,58633,126925,133584,110607,1
782,48276,85934,49058,86716,134210,0
69447,44383,4292,113830,73739,48675,0
53353,88391,61597,141744,114950,149988,1
35944,2439,79718,38383,115662,82157,0
9468,65321,77710,74789,87178,143031,0
89775,61977,45422,151752,135197,107399,1
69367,16056,89069,85423,158436,105125,0
29962,85869,61091,115831,91053,146960,1
88217,97771,15527,185988,103744,113298,1
93006,80525,3388,173531,96394,83913,0
29638,34010,24844,63648,54482,58854,1
61472,89966,35887,151438,97359,125853,1
71189,82869,49089,154058,120278,131958,1
8005,35124,68609,43129,76614,103733,0
39792,25290,55249,65082,95041,80539,1
6,12376,71239,12382,71245,83615,0
69921,47609,57705,117530,127626,105314,1
52528,36630,88590,89158,141118,125220,1
884,57703,11468,58587,12352,69171,0
4611,3384,75695,7995,80306,79079,0
47900,2020,74594,49920,122494,76614,0
2173,93910,93541,96083,95714,187451,1
67018,72279,53725,139297,120743,126004,1
14506,2591,56769,17097,71275,59360,0
73118,61250,37787,134368,110905,99037,1
7506,17174,1323,24680,8829,18497,0
1412,1924,25792,3336,27204,27716,0
71039,55269,62822,126308,133861,118091,1
7196,2076,73098,9272,80294,75174,0
51062,84585,53271,135647,104333,137856,1
44,31631,843,31675,887,32474,0
18077,35977,4581,54054,22658,40558,0
60869,17958,40503,78827,101372,58461,0
31532,72044,25648,103576,57180,97692,0
47088,72457,32842,119545,79930,105299,1
82044,15774,81656,97818,163700,97430,1
96454,59163,11041,155617,107495,70204,0
47371,10365,72229,57736,119600,82594,0
66055,50375,35447,116430,101502,85822,1
44146,71195,72235,115341,116381,143430,1
85247,31514,84493,116761,169740,116007,1
80452,68340,24676,148792,105128,93016,1
53326,98282,82702,151608,136028,180984,1
45449,33164,12528,78613,57977,45692,1
21948,31512,15197,53460,37145,46709,1
44064,13960,44455,58024,88519,58415,1
23181,95317,99689,118498,122870,195006,1
15021,69775,26646,84796,41667,96421,0
72445,9169,48891,81614,121336,58060,0
90585,59089,30998,149674,121583,90087,0
18221,57697,29490,75918,47711,87187,0
48989,75467,28556,124456,77545,104023,1
81664,30857,56845,112521,138509,87702,1
83375,34438,93326,117813,176701,127764,1
78930,10609,85804,89539,164734,96413,1
83949,28785,26060,112734,110009,54845,0
435,7380,20305,7815,20740,27685,0
4698,42439,34908,47137,39606,77347,0
26369,30437,13621,56806,39990,44058,1
41472,87521,5722,128993,47194,93243,0
41117,47224,31409,88341,72526,78633,1
91586,27105,78067,118691,169653,105172,1
83802,23403,86695,107205,170497,110098,1
56606,2747,53586,59353,110192,56333,0
78007,95874,65532,173881,143539,161406,1
21149,80026,32337,101175,53486,112363,0
67642,59090,13137,126732,80779,72227,1
63968,17868,27315,81836,91283,45183,0
85576,5366,88469,90942,174045,93835,1
40187,13486,8896,53673,49083,22382,0
38010,70187,66970,108197,104980,137157,1
48420,77829,25472,126249,73892,103301,0
86647,47935,88816,134582,175463,136751,1
49958,78793,10533,128751,60491,89326,0
31642,75808,23790,107450,55432,99598,0
10226,9040,30384,19266,40610,39424,0
98903,22886,95969,121789,194872,118855,1
67124,79461,79597,146585,146721,159058,1
61852,47486,25308,109338,87160,72794,1
52189,88031,72479,140220,124668,160510,1
54018,85370,40459,139388,94477,125829,1
6312,20564,35355,26876,41667,55919,0
622,23556,80858,24178,81480,104414,0
61242,73590,75093,134832,136335,148683,1
29707,90030,36319,119737,66026,126349,0
99936,53607,43905,153543,143841,97512,0
76363,7563,15945,83926,92308,23508,0
84239,64396,67056,148635,151295,131452,1
44813,944,39378,45757,84191,40322,0
76054,21490,36405,97544,112459,57895,0
55656,44807,54903,100463,110559,99710,1
23247,75193,2223,98440,25470,77416,0
71531,84315,25530,155846,97061,109845,1
48268,20572,53898,68840,102166,74470,1
46378,71691,50670,118069,97048,122361,1
52007,84880,3038,136887,55045,87918,0
16634,410,5927,17044,22561,6337,0
75357,15968,90676,91325,166033,106644,1
32141,1519,40318,33660,72459,41837,0
40035,98320,39178,138355,79213,137498,0
23880,93285,50816,117165,74696,144101,0
42607,76266,83537,118873,126144,159803,1
51279,1195,93512,52474,144791,94707,0
99107,43915,88508,143022,187615,132423,1
93438,1794,50692,95232,144130,52486,0
53324,64839,38660,118163,91984,103499,1
74730,13149,61483,87879,136213,74632,0
60105,71520,67017,131625,127122,138537,1
86654,6420,96747,93074,183401,103167,0
7291,5104,43462,12395,50753,48566,0
32182,48948,77937,81130,110119,126885,1
65657,93148,97969,158805,163626,191117,1
90824,45027,39190,135851,130014,84217,0
19976,2282,70110,22258,90086,72392,0
65910,62324,26032,128234,91942,88356,1
36579,3451,3606,40030,40185,7057,0
61121,81626,63059,142747,124180,144685,1
6363,8247,26357,14610,32720,34604,0
17360,4366,52697,21726,70057,57063,0
6425,96770,90833,103195,97258,187603,1
17321,85043,44669,102364,61990,129712,0
53007,5035,7740,58042,60747,12775,0
3549,93254,74311,96803,77860,167565,0
66928,42824,53278,109752,120206,96102,1
2146,426,31345,2572,33491,31771,0
55321,16374,23564,71695,78885,39938,0
37319,42078,53169,79397,90488,95247,1
71062,26359,73627,97421,144689,99986,1
51274,9873,91094,61147,142368,100967,0
72634,94644,26751,167278,99385,121395,1
63456,40857,33857,104313,97313,74714,1
20693,70906,36820,91599,57513,107726,0
66524,30424,11549,96948,78073,41973,0
42769,81466,10528,124235,53297,91994,0
75254,57813,86921,133067,162175,144734,1
29781,23779,10853,53560,40634,34632,1
26385,2704,91895,29089,118280,94599,0
57653,82512,25060,140165,82713,107572,1
92798,93005,35141,185803,127939,128146,1
56693,57270,43782,113963,100475,101052,1
29076,34153,84359,63229,113435,118512,0
73478,75674,74725,149152,148203,150399,1
71831,71680,98426,143511,170257,170106,1
31243,73972,59798,105215,91041,133770,1
80494,66941,77351,147435,157845,144292,1
34350,3071,76853,37421,111203,79924,0
18953,3338,54670,22291,73623,58008,0
6137,84234,69525,90371,75662,153759,0
33600,77771,82200,111371,115800,159971,1
55058,51970,31573,107028,86631,83543,1
35593,75694,75556,111287,111149,151250,1
73184,3967,99992,77151,173176,103959,0
15606,47872,15451,63478,31057,63323,0
96174,21762,94989,117936,191163,116751,1
38591,97805,78265,136396,116856,176070,1
43879,70911,5004,114790,48883,75915,0
8351,14777,19550,23128,27901,34327,1
46452,69860,15690,116312,62142,85550,0
81359,48211,19703,129570,101062,67914,0
99657,85816,48514,185473,148171,134330,1
48202,81407,64406,129609,112608,145813,1
92690,12782,99653,105472,192343,112435,1
15763,33555,23081,49318,38844,56636,1
60520,62924,91078,123444,151598,154002,1
57300,31785,980,89085,58280,32765,0
48618,86410,54393,135028,103011,140803,1
96151,58329,33802,154480,129953,92131,0
32178,26650,77076,58828,109254,103726,0
87473,71061,36772,158534,124245,107833,1
9220,14458,41914,23678,51134,56372,0
13341,76274,46756,89615,60097,123030,0
18971,27669,19725,46640,38696,47394,1
38383,4948,11367,43331,49750,16315,0
6046,99832,18514,105878,24560,118346,0
7316,8685,95355,16001,102671,104040,0
58256,78337,35175,136593,93431,113512,1
35521,66864,29594,102385,65115,96458,0
5054,57313,56394,62367,61448,113707,1
71723,5460,40270,77183,111993,45730,0
3178,11049,48474,14227,51652,59523,0
5472,68588,46558,74060,52030,115146,0
75483,4324,61967,79807,137450,66291,0
10422,4795,60294,15217,70716,65089,0
72043,52990,44871,125033,116914,97861,1
52937,47426,17151,100363,70088,64577,1
17818,42790,56349,60608,74167,99139,1
85873,20034,11315,105907,97188,31349,0
3962,24255,23859,28217,27821,48114,1
47860,66882,85143,114742,133003,152025,1
17019,6958,72964,23977,89983,79922,0
78252,92816,5390,171068,83642,98206,0
15123,1124,43213,16247,58336,44337,0
70068,2491,48396,72559,118464,50887,0
68976,48250,43903,117226,112879,92153,1
53497,66496,3219,119993,56716,69715,0
55255,10482,24903,65737,80158,35385,0
65096,69614,58004,134710,123100,127618,1
57543,79388,41144,136931,98687,120532,1
29120,33837,75000,62957,104120,108837,0
54880,96096,54081,150976,108961,150177,1
92653,69446,46437,162099,139090,115883,1
67493,13694,50655,81187,118148,64349,0
5134,73659,49474,78793,54608,123133,0
83839,75587,79052,159426,162891,154639,1
55276,61325,47500,116601,102776,108825,1
11975,73276,43538,85251,55513,116814,0
33589,50600,3089,84189,36678,53689,0
91267,27221,1934,118488,93201,29155,0
23195,18426,49442,41621,72637,67868,0
3023,81365,7745,84388,10768,89110,0
2412,42634,24111,45046,26523,66745,0
94486,70010,36553,164496,131039,106563,1
33511,61884,17070,95395,50581,78954,0
11446,54680,49695,66126,61141,104375,1
17464,20150,75354,37614,92818,95504,0
25564,77734,1331,103298,26895,79065,0
80852,86357,71939,167209,152791,158296,1
57092,76009,32142,133101,89234,108151,1
71770,70089,93582,141859,165352,163671,1
59909,79334,16832,139243,76741,96166,0
74715,52166,18417,126881,93132,70583,0
24049,73199,38534,97248,62583,111733,0
1864,47955,10766,49819,12630,58721,0
83200,87899,69423,171099,152623,157322,1
14997,4000,26724,18997,41721,30724,0
86062,63341,38622,149403,124684,101963,1
95255,28490,65299,123745,160554,93789,0
17128,66346,95759,83474,112887,162105,0
39226,91007,21741,130233,60967,112748,0
33892,98739,68560,132631,102452,167299,1
48246,18433,2693,66679,50939,21126,0
26665,6838,81543,33503,108208,88381,0
17292,79424,42166,96716,59458,121590,0
55040,91748,15212,146788,70252,106960,0
17296,22474,57129,39770,74425,79603,0
99457,9288,80254,108745,179711,89542,0
1663,57153,44572,58816,46235,101725,0
51517,64461,49604,115978,101121,114065,1
37702,4125,12191,41827,49893,16316,0
56512,62482,59749,118994,116261,122231,1
23984,42786,29653,66770,53637,72439,1
26810,16524,57475,43334,84285,73999,0
73778,59813,77610,133591,151388,137423,1
55048,12219,56801,67267,111849,69020,1
29482,36673,61945,66155,91427,98618,1
66037,79307,96250,145344,162287,175557,1
10680,66727,61789,77407,72469,128516,1
75171,24970,1481,100141,76652,26451,0
42462,23951,34836,66413,77298,58787,1
98358,80583,73119,178941,171477,153702,1
3756,93732,8177,97488,11933,101909,0
96269,53217,38508,149486,134777,91725,0
90822,39226,98585,130048,189407,137811,1
59101,20045,1920,79146,61021,21965,0
59272,83641,65851,142913,125123,149492,1
60126,36128,58508,96254,118634,94636,1
56534,3839,6333,60373,62867,10172,0
37679,47878,8532,85557,46211,56410,0
69105,74280,85835,143385,154940,160115,1
90335,79120,83531,169455,173866,162651,1
64484,17716,60887,82200,125371,78603,1
4345,98153,88717,102498,93062,186870,0
92339,99280,33815,191619,126154,133095,1
68492,32820,33860,101312,102352,66680,0
71417,74626,23096,146043,94513,97722,1
26812,7133,73837,33945,100649,80970,0
27359,31923,59907,59282,87266,91830,0
18013,64798,19655,82811,37668,84453,0
61412,48055,30388,109467,91800,78443,1
64502,71954,79241,136456,143743,151195,1
32874,2576,84532,35450,117406,87108,0
39176,1855,70655,41031,109831,72510,0
29869,64119,88798,93988,118667,152917,1
87484,7008,809,94492,88293,7817,0
61841,4719,70090,66560,131931,74809,0
83526,79559,64992,163085,148518,144551,1
96937,64729,73409,161666,170346,138138,1
91130,79357,36922,170487,128052,116279,1
813,231,84071,1044,84884,84302,0
66920,62945,52954,129865,119874,115899,1
95298,30850,42308,126148,137606,73158,0
53046,12948,32851,65994,85897,45799,0
38373,9311,37770,47684,76143,47081,1
23815,85435,2004,109250,25819,87439,0
92763,86194,54947,178957,147710,141141,1
69029,24129,91641,93158,160670,115770,1
92167,45167,61255,137334,153422,106422,1
60318,64671,58474,124989,118792,123145,1
52924,57915,30990,110839,83914,88905,1
21905,95996,18785,117901,40690,114781,0
91904,50634,19913,142538,111817,70547,0
24732,70900,77174,95632,101906,148074,1
82593,90145,25229,172738,107822,115374,1
65129,22987,50001,88116,115130,72988,1
89082,29515,34167,118597,123249,63682,0
34923,19556,27443,54479,62366,46999,1
58608,94582,57020,153190,115628,151602,1
76267,37090,19132,113357,95399,56222,0
85156,63685,49573,148841,134729,113258,1
715,51337,80249,52052,80964,131586,0
46549,92802,80301,139351,126850,173103,1
9998,37223,48101,47221,58099,85324,0
51637,76457,23032,128094,74669,99489,0
69997,14184,40414,84181,110411,54598,0
32746,1405,50066,34151,82812,51471,0
6198,3584,99465,9782,105663,103049,0
38265,55583,13573,93848,51838,69156,0
3016,9401,83972,12417,86988,93373,0
43870,27371,33132,71241,77002,60503,1
14950,94425,85182,109375,100132,179607,1
75509,37869,17323,113378,92832,55192,0
99717,44932,67608,144649,167325,112540,1
67424,69267,653,136691,68077,69920,0
50854,33263,84855,84117,135709,118118,0
64365,88422,86097,152787,150462,174519,1
53452,57715,41303,111167,94755,99018,1
55820,18764,21988,74584,77808,40752,0
54855,13945,8488,68800,63343,22433,0
79444,68579,79953,148023,159397,148532,1
84121,63546,94834,147667,178955,158380,1
10696,8052,36257,18748,46953,44309,0
97144,80154,31533,177298,128677,111687,1
53748,55881,63679,109629,117427,119560,1
26141,2030,58778,28171,84919,60808,0
39165,87689,55598,126854,94763,143287,1
12862,5709,72402,18571,85264,78111,0
75100,11977,12870,87077,87970,24847,0
72738,2477,71720,75215,144458,74197,1
90549,68826,5135,159375,95684,73961,0
26174,76591,27860,102765,54034,104451,0
73666,97705,64735,171371,138401,162440,1
88303,54458,48406,142761,136709,102864,1
16018,11559,25977,27577,41995,37536,1
34252,12737,63868,46989,98120,76605,0
81580,48380,86299,129960,167879,134679,1
95499,42836,97579,138335,193078,140415,1
48192,47843,25257,96035,73449,73100,1
16472,65467,93067,81939,109539,158534,0
66842,15697,75827,82539,142669,91524,1
66317,25685,88308,92002,154625,113993,1
2198,58533,76175,60731,78373,134708,0
20664,67331,86888,87995,107552,154219,1
87765,57345,84859,145110,172624,142204,1
76630,82911,82618,159541,159248,165529,1
77593,55341,84382,132934,161975,139723,1
5562,31361,31635,36923,37197,62996,1
90406,46866,9855,137272,100261,56721,0
28481,81330,95257,109811,123738,176587,1
80242,16254,38588,96496,118830,54842,0
53931,46419,62576,100350,116507,108995,1
89089,45288,20638,134377,109727,65926,0
71958,85390,13531,157348,85489,98921,1
51432,96047,91377,147479,142809,187424,1
18920,32304,2914,51224,21834,35218,0
76162,2229,16425,78391,92587,18654,0
91597,93010,83488,184607,175085,176498,1
54202,2936,70154,57138,124356,73090,0
15072,92766,55419,107838,70491,148185,0
1323,49232,68814,50555,70137,118046,0
47712,28777,54545,76489,102257,83322,1
26065,11793,32106,37858,58171,43899,1
43841,50528,82868,94369,126709,133396,1
37785,75688,31641,113473,69426,107329,0
28656,7649,22546,36305,51202,30195,1
90537,28844,82819,119381,173356,111663,1
21200,49978,95782,71178,116982,145760,0
83545,97994,88757,181539,172302,186751,1
26073,91773,68733,117846,94806,160506,1
4964,89062,67224,94026,72188,156286,0
86499,13593,32009,100092,118508,45602,0
5519,98235,51671,103754,57190,149906,0
33119,36416,8183,69535,41302,44599,1
43239,4642,49733,47881,92972,54375,0
77450,72054,70714,149504,148164,142768,1
86325,44615,91753,130940,178078,136368,1
65410,45434,31533,110844,96943,76967,1
10401,62806,89707,73207,100108,152513,0
33406,87839,29665,121245,63071,117504,0
69571,46528,18450,116099,88021,64978,0
49407,14951,99157,64358,148564,114108,0
89411,71244,6166,160655,95577,77410,0
74464,68103,56995,142567,131459,125098,1
59284,94586,95620,153870,154904,190206,1
67193,38288,84537,105481,151730,122825,1
74026,74065,67484,148091,141510,141549,1
76095,13328,57362,89423,133457,70690,0
66803,72835,3371,139638,70174,76206,0
26164,39879,80815,66043,106979,120694,0
81511,53641,13033,135152,94544,66674,0
51006,73095,44777,124101,95783,117872,1
52362,83287,54415,135649,106777,137702,1
44283,85289,15122,129572,59405,100411,0
41039,84420,92078,125459,133117,176498,1
96776,28875,13888,125651,110664,42763,0
13066,77411,87574,90477,100640,164985,1
82507,21195,91219,103702,173726,112414,1
24765,26808,29884,51573,54649,56692,1
77495,19284,9148,96779,86643,28432,0
92083,34324,40315,126407,132398,74639,0
58283,19798,94874,78081,153157,114672,0
13742,92225,69682,105967,83424,161907,0
32644,63704,73865,96348,106509,137569,1
7266,86765,63016,94031,70282,149781,0
75992,80404,9136,156396,85128,89540,1
7492,60990,89277,68482,96769,150267,0
71832,15217,83014,87049,154846,98231,1
42438,7489,83593,49927,126031,91082,0
47701,80190,58157,127891,105858,138347,1
65751,30190,8163,95941,73914,38353,0
69148,79090,63753,148238,132901,142843,1
41074,81530,21730,122604,62804,103260,0
52741,2179,66439,54920,119180,68618,0
58879,76781,79190,135660,138069,155971,1
54143,35197,64849,89340,118992,100046,1
2171,97830,40622,100001,42793,138452,0
16343,30823,44648,47166,60991,75471,1
50933,98420,23809,149353,74742,122229,0
75500,69845,76348,145345,151848,146193,1
20702,33693,22730,54395,43432,56423,1
88839,16335,22045,105174,110884,38380,0
48645,69719,26741,118364,75386,96460,1
18407,87363,78909,105770,97316,166272,1
86482,33045,16090,119527,102572,49135,0
54805,52481,38886,107286,93691,91367,1
28244,83928,68670,112172,96914,152598,1
7083,929,14618,8012,21701,15547,0
98212,12052,93171,110264,191383,105223,1
1279,34719,74127,35998,75406,108846,0
7863,95804,94248,103667,102111,190052,1
63799,66546,90066,130345,153865,156612,1
81588,97934,53594,179522,135182,151528,1
15918,94987,30999,110905,46917,125986,0
18953,60239,3588,79192,22541,63827,0
42784,68173,94469,110957,137253,162642,1
24925,96273,63230,121198,88155,159503,0
369,44526,4678,44895,5047,49204,0
36121,91596,16741,127717,52862,108337,0
39381,76311,68373,115692,107754,144684,1
26159,74808,72866,100967,99025,147674,1
9706,81496,16104,91202,25810,97600,0
73788,46618,1285,120406,75073,47903,0
7702,92181,9856,99883,17558,102037,0
32960,5932,97396,38892,130356,103328,0
49530,55406,33890,104936,83420,89296,1
99138,70424,54744,169562,153882,125168,1
28617,24970,3376,53587,31993,28346,0
90,2371,29383,2461,29473,31754,0
56904,19875,48496,76779,105400,68371,1
54840,9979,88644,64819,143484,98623,0
3898,97841,39033,101739,42931,136874,0
10493,33517,32782,44010,43275,66299,1
24862,69378,48800,94240,73662,118178,1
75647,23241,39067,98888,114714,62308,0
77100,28879,44798,105979,121898,73677,0
12734,65338,89184,78072,101918,154522,0
1741,89533,28999,91274,30740,118532,0
40299,75518,18827,115817,59126,94345,0
95929,48074,67261,144003,163190,115335,1
11766,66425,15938,78191,27704,82363,0
54246,75454,26706,129700,80952,102160,1
76077,46635,96701,122712,172778,143336,1
21575,6069,30649,27644,52224,36718,0
35842,37683,25403,73525,61245,63086,1
83688,9528,75939,93216,159627,85467,1
18258,45125,74266,63383,92524,119391,0
22862,4972,56459,27834,79321,61431,0
43853,49383,17452,93236,61305,66835,1
57636,15077,65881,72713,123517,80958,1
75782,82493,44024,158275,119806,126517,1
14263,79370,51295,93633,65558,130665,0
22419,63437,44336,85856,66755,107773,1
68166,287,1330,68453,69496,1617,0
92682,77272,4182,169954,96864,81454,0
47261,39672,19301,86933,66562,58973,1
75482,96600,84067,172082,159549,180667,1
22969,85963,38742,108932,61711,124705,0
72929,50613,49530,123542,122459,100143,1
27093,18166,21093,45259,48186,39259,1
41401,19898,63713,61299,105114,83611,0
18439,75061,69299,93500,87738,144360,1
25062,87376,33872,112438,58934,121248,0
79942,82532,45701,162474,125643,128233,1
1970,65900,56461,67870,58431,122361,0
57530,19188,76851,76718,134381,96039,0
11347,55053,23381,66400,34728,78434,0
76515,50687,21861,127202,98376,72548,0
55552,84489,99208,140041,154760,183697,1
39064,2153,41423,41217,80487,43576,0
3934,54955,48574,58889,52508,103529,0
18817,1259,15387,20076,34204,16646,0
61849,70963,13618,132812,75467,84581,1
62541,71448,7615,133989,70156,79063,0
28650,91027,76198,119677,104848,167225,1
9889,84938,37587,94827,47476,122525,0
43256,89857,71471,133113,114727,161328,1
92939,56209,17147,149148,110086,73356,0
54478,72973,13723,127451,68201,86696,0
22759,35709,92771,58468,115530,128480,0
27417,6526,90049,33943,117466,96575,0
59527,7224,13377,66751,72904,20601,0
12840,18049,93060,30889,105900,111109,0
17726,32962,4905,50688,22631,37867,0
76774,63156,1339,139930,78113,64495,0
43296,67559,22987,110855,66283,90546,0
18749,24515,54969,43264,73718,79484,0
22854,2881,3825,25735,26679,6706,0
72021,60964,26061,132985,98082,87025,1
151,62152,28090,62303,28241,90242,0
30530,30800,47781,61330,78311,78581,1
83344,7517,46373,90861,129717,53890,0
28976,31724,85647,60700,114623,117371,0
52530,25093,91587,77623,144117,116680,0
40600,94977,10360,135577,50960,105337,0
21332,93874,65140,115206,86472,159014,0
31210,36030,37573,67240,68783,73603,1
65745,7393,55152,73138,120897,62545,0
97641,14679,3001,112320,100642,17680,0
67367,65373,17714,132740,85081,83087,1
77307,39858,75202,117165,152509,115060,1
31835,13845,45639,45680,77474,59484,1
91659,60116,8217,151775,99876,68333,0
7021,1155,6174,8176,13195,7329,1
55367,33392,31225,88759,86592,64617,1
10544,34832,99149,45376,109693,133981,0
5160,18690,72705,23850,77865,91395,0
49421,80631,25282,130052,74703,105913,0
72568,31945,88470,104513,161038,120415,1
66691,29684,39142,96375,105833,68826,1
20564,77221,86111,97785,106675,163332,1
30856,97251,86901,128107,117757,184152,1
34925,47207,96001,82132,130926,143208,0
29281,87009,12396,116290,41677,99405,0
46105,21088,88387,67193,134492,109475,0
49732,63792,1904,113524,51636,65696,0
70510,92948,84738,163458,155248,177686,1
74163,13439,46422,87602,120585,59861,0
65619,30264,35938,95883,101557,66202,1
47358,15404,20195,62762,67553,35599,0
91815,81285,8385,173100,100200,89670,0
1226,96781,41917,98007,43143,138698,0
94893,22380,80462,117273,175355,102842,1
96373,87958,23398,184331,119771,111356,1
42461,94960,29768,137421,72229,124728,0
83535,59366,42496,142901,126031,101862,1
88665,56327,34228,144992,122893,90555,1
45249,21097,17377,66346,62626,38474,0
19042,54668,60525,73710,79567,115193,1
74309,10729,17519,85038,91828,28248,0
3452,11646,67587,15098,71039,79233,0
19991,60095,4046,80086,24037,64141,0
28863,44409,71440,73272,100303,115849,1
38607,72690,89062,111297,127669,161752,1
94901,48490,74282,143391,169183,122772,1
24809,52854,93604,77663,118413,146458,0
83009,73749,3300,156758,86309,77049,0
96070,96578,48190,192648,144260,144768,1
14569,42359,10492,56928,25061,52851,0
7254,33986,67621,41240,74875,101607,0
92225,8200,87522,100425,179747,95722,1
90775,78182,17744,168957,108519,95926,1
1478,71639,4917,73117,6395,76556,0
93262,34734,28387,127996,121649,63121,0
9969,6843,87372,16812,97341,94215,0
81556,2852,2302,84408,83858,5154,0
78967,44374,6724,123341,85691,51098,0
15921,81556,65253,97477,81174,146809,0
10158,50446,18172,60604,28330,68618,0
3026,30365,59677,33391,62703,90042,0
85838,56871,91358,142709,177196,148229,1
55038,81352,58199,136390,113237,139551,1
90073,57995,27487,148068,117560,85482,0
99905,96369,13132,196274,113037,109501,1
68631,60979,28565,129610,97196,89544,1
51387,36748,93810,88135,145197,130558,0
28684,68418,70583,97102,99267,139001,1
64637,23531,15053,88168,79690,38584,0
1770,88722,19719,90492,21489,108441,0
50357,2133,6375,52490,56732,8508,0
29096,32577,41169,61673,70265,73746,1
35299,16133,1565,51432,36864,17698,0
55748,11780,5761,67528,61509,17541,0
17195,9831,6152,27026,23347,15983,0
81618,81279,39624,162897,121242,120903,1
85561,32234,36293,117795,121854,68527,0
41830,21145,18679,62975,60509,39824,0
19277,72123,92193,91400,111470,164316,0
4802,90749,92247,95551,97049,182996,1
73274,51528,64083,124802,137357,115611,1
88139,27504,3579,115643,91718,31083,0
81575,2384,74634,83959,156209,77018,0
63270,42470,87155,105740,150425,129625,1
95447,99422,87669,194869,183116,187091,1
25794,23194,47201,48988,72995,70395,1
86861,76083,88261,162944,175122,164344,1
48668,9123,17683,57791,66351,26806,0
34356,79613,92241,113969,126597,171854,1
69386,69810,92594,139196,161980,162404,1
99233,96459,72646,195692,171879,169105,1
84268,5601,83941,89869,168209,89542,1
16277,29451,6218,45728,22495,35669,0
23957,84043,41539,108000,65496,125582,0
70569,53943,7785,124512,78354,61728,0
83897,91504,91167,175401,175064,182671,1
2892,99779,37672,102671,40564,137451,0
67653,83608,19343,151261,86996,102951,1
64165,64779,821,128944,64986,65600,1
60072,94995,49748,155067,109820,144743,1
68463,32659,48247,101122,116710,80906,1
14282,71186,53676,85468,67958,124862,0
4928,11954,90721,16882,95649,102675,0
53729,75611,24535,129340,78264,100146,1
15471,94087,78699,109558,94170,172786,1
23799,98335,32765,122134,56564,131100,0
81148,71156,98874,152304,180022,170030,1
64088,23833,53883,87921,117971,77716,1
42127,88050,88640,130177,130767,176690,1
3941,41680,59609,45621,63550,101289,0
31930,54786,24291,86716,56221,79077,1
20492,70128,97575,90620,118067,167703,0
85438,22450,8029,107888,93467,30479,0
10013,2788,88000,12801,98013,90788,0
47659,30805,27609,78464,75268,58414,1
45923,61323,7218,107246,53141,68541,0
520,72708,14996,73228,15516,87704,0
1825,17956,6417,19781,8242,24373,0
42413,51776,25447,94189,67860,77223,1
17313,82241,71909,99554,89222,154150,1
99887,16015,13550,115902,113437,29565,0
48998,96577,25948,145575,74946,122525,0
83188,56308,68761,139496,151949,125069,1
89632,38055,43541,127687,133173,81596,0
12615,8937,15410,21552,28025,24347,1
40985,35775,29865,76760,70850,65640,1
54424,74207,33157,128631,87581,107364,1
39446,33325,19776,72771,59222,53101,1
7526,7410,10050,14936,17576,17460,1
39965,49727,93070,89692,133035,142797,0
73522,6603,46383,80125,119905,52986,0
69526,68086,32949,137612,102475,101035,1
35193,649,23998,35842,59191,24647,0
90610,63752,71964,154362,162574,135716,1
44977,79159,58798,124136,103775,137957,1
60459,70941,98665,131400,159124,169606,1
56543,48531,36919,105074,93462,85450,1
38624,63968,83302,102592,121926,147270,1
84390,73730,97174,158120,181564,170904,1
289,64474,20886,64763,21175,85360,0
15664,31626,85936,47290,101600,117562,0
38763,29071,90769,67834,129532,119840,0
15568,42166,61017,57734,76585,103183,0
18769,37395,67987,56164,86756,105382,0
6782,30960,44977,37742,51759,75937,0
50389,70690,57521,121079,107910,128211,1
31343,90027,21141,121370,52484,111168,0
15647,57392,54064,73039,69711,111456,1
24649,59694,4736,84343,29385,64430,0
21716,43533,87862,65249,109578,131395,0
15489,24319,62624,39808,78113,86943,0
87628,38737,36299,126365,123927,75036,0
25584,49050,54350,74634,79934,103400,1
97929,49896,85775,147825,183704,135671,1
61146,16949,14329,78095,75475,31278,0
44569,46692,9582,91261,54151,56274,1
16833,7454,6624,24287,23457,14078,0
4420,74377,18798,78797,23218,93175,0
66450,75224,73389,141674,139839,148613,1
52573,15673,33852,68246,86425,49525,0
72302,41692,31260,113994,103562,72952,1
69843,32192,16474,102035,86317,48666,0
55838,43736,58809,99574,114647,102545,1
12712,44718,71138,57430,83850,115856,0
24259,44853,32983,69112,57242,77836,1
26058,71928,52420,97986,78478,124348,1
39878,68628,14305,108506,54183,82933,0
6546,22862,48130,29408,54676,70992,0
77738,15018,48463,92756,126201,63481,0
35317,77803,92406,113120,127723,170209,1
55781,35545,72524,91326,128305,108069,1
63673,64567,55804,128240,119477,120371,1
30308,89197,24694,119505,55002,113891,0
18091,92216,40697,110307,58788,132913,0
1971,46827,21160,48798,23131,67987,0
23589,59476,85051,83065,108640,144527,0
8561,4124,47957,12685,56518,52081,0
33174,51741,56863,84915,90037,108604,1
88676,81733,53050,170409,141726,134783,1
85399,22805,90151,108204,175550,112956,1
48192,6659,935,54851,49127,7594,0
81288,50917,6044,132205,87332,56961,0
76741,85827,83787,162568,160528,169614,1
76032,65614,54075,141646,130107,119689,1
29059,23431,85087,52490,114146,108518,0
98726,13191,4104,111917,102830,17295,0
2903,58796,50372,61699,53275,109168,0
33122,96811,16897,129933,50019,113708,0
31139,35226,44808,66365,75947,80034,1
85353,54946,86353,140299,171706,141299,1
98588,30659,62417,129247,161005,93076,0
53757,56931,18451,110688,72208,75382,1
12118,1166,27055,13284,39173,28221,0
40365,67906,56418,108271,96783,124324,1
63939,49795,76237,113734,140176,126032,1
17131,68860,39172,85991,56303,108032,0
43939,69803,2591,113742,46530,72394,0
75904,16347,33647,92251,109551,49994,0
87607,14744,10183,102351,97790,24927,0
18580,59187,49035,77767,67615,108222,1
67000,30519,19413,97519,86413,49932,0
23227,43258,53726,66485,76953,96984,1
74361,99408,93979,173769,168340,193387,1
463,80037,11926,80500,12389,91963,0
19766,22722,76558,42488,96324,99280,0
7553,90020,86551,97573,94104,176571,1
2850,18558,33590,21408,36440,52148,0
68175,74133,37251,142308,105426,111384,1
43886,17604,34596,61490,78482,52200,1
43827,38173,48531,82000,92358,86704,1
35244,63741,15933,98985,51177,79674,0
81271,51992,28691,133263,109962,80683,0
48824,75891,33970,124715,82794,109861,1
96480,94116,23249,190596,119729,117365,1
53295,92803,84608,146098,137903,177411,1
91098,18134,81374,109232,172472,99508,1
89161,45476,23406,134637,112567,68882,0
28525,19489,97132,48014,125657,116621,0
75396,35709,32510,111105,107906,68219,0
44827,93970,21493,138797,66320,115463,0
6486,61715,57161,68201,63647,118876,1
68139,15650,50918,83789,119057,66568,0
24332,39716,65923,64048,90255,105639,0
42639,36489,51347,79128,93986,87836,1
43159,36283,74199,79442,117358,110482,1
91621,611,34858,92232,126479,35469,0
38290,33098,20209,71388,58499,53307,1
41680,60259,18189,101939,59869,78448,0
28407,20463,950,48870,29357,21413,0
71604,2126,87664,73730,159268,89790,0
19583,24522,42408,44105,61991,66930,1
95433,29463,91391,124896,186824,120854,1
63901,58095,27560,121996,91461,85655,1
56655,97011,22598,153666,79253,119609,0
57456,82519,52768,139975,110224,135287,1
48126,16841,66651,64967,114777,83492,0
30821,63084,19538,93905,50359,82622,0
15985,34321,97722,50306,113707,132043,0
12305,79053,30437,91358,42742,109490,0
64447,12965,32755,77412,97202,45720,0
73834,70379,43685,144213,117519,114064,1
1881,12398,37886,14279,39767,50284,0
95552,68160,42654,163712,138206,110814,1
94616,74301,30886,168917,125502,105187,1
34924,57973,75372,92897,110296,133345,1
83682,14763,89984,98445,173666,104747,1
75342,95863,41173,171205,116515,137036,1
54130,63195,27477,117325,81607,90672,1
72788,8149,37954,80937,110742,46103,0
45649,25078,94345,70727,139994,119423,0
46315,19863,27064,66178,73379,46927,1
36850,64075,35191,100925,72041,99266,1
72980,70086,61385,143066,134365,131471,1
72778,13910,22540,86688,95318,36450,0
42421,23808,41713,66229,84134,65521,1
32482,71072,83186,103554,115668,154258,1
90869,70614,37511,161483,128380,108125,1
81079,64112,30927,145191,112006,95039,1
12596,70676,52292,83272,64888,122968,0
38279,96184,70804,134463,109083,166988,1
5750,84671,27892,90421,33642,112563,0
97949,34709,17263,132658,115212,51972,0
96905,19669,81344,116574,178249,101013,1
51833,23094,93199,74927,145032,116293,0
28338,1459,60555,29797,88893,62014,0
30628,30348,35653,60976,66281,66001,1
9975,44341,63092,54316,73067,107433,0
7534,47363,13919,54897,21453,61282,0
21066,82979,19138,104045,40204,102117,0
56885,23134,28609,80019,85494,51743,0
8866,5716,12446,14582,21312,18162,1
778,52573,58506,53351,59284,111079,0
32766,64740,18342,97506,51108,83082,0
20410,9126,85587,29536,105997,94713,0
30560,53524,11291,84084,41851,64815,0
98173,79979,32175,178152,130348,112154,1
62654,20631,6874,83285,69528,27505,0
59603,32748,40458,92351,100061,73206,1
62090,9118,1028,71208,63118,10146,0
74880,69966,11307,144846,86187,81273,1
34157,95810,38329,129967,72486,134139,0
52791,20951,77522,73742,130313,98473,0
16657,18942,91317,35599,107974,110259,0
1014,22486,48449,23500,49463,70935,0
60091,89052,21333,149143,81424,110385,0
38066,51337,48624,89403,86690,99961,1
29257,52406,38758,81663,68015,91164,1
11184,82944,43472,94128,54656,126416,0
86680,44216,43228,130896,129908,87444,1
60862,30466,13061,91328,73923,43527,0
49971,60274,21891,110245,71862,82165,1
32276,65179,78078,97455,110354,143257,1
90512,87455,76325,177967,166837,163780,1
39155,91183,28490,130338,67645,119673,0
85719,72479,95323,158198,181042,167802,1
71922,12894,51179,84816,123101,64073,0
55082,94052,12054,149134,67136,106106,0
31404,84171,36914,115575,68318,121085,0
2116,81060,5957,83176,8073,87017,0
65858,47833,15798,113691,81656,63631,0
85104,11124,73818,96228,158922,84942,0
88029,84647,90199,172676,178228,174846,1
39815,40869,10492,80684,50307,51361,1
34238,44717,1425,78955,35663,46142,0
86365,20376,40284,106741,126649,60660,0
50778,49569,80071,100347,130849,129640,1
28145,67807,17480,95952,45625,85287,0
33357,76920,23314,110277,56671,100234,0
15569,51271,24790,66840,40359,76061,0
83324,94437,67226,177761,150550,161663,1
9938,99020,65743,108958,75681,164763,0
89282,6250,56788,95532,146070,63038,0
71168,5187,2723,76355,73891,7910,0
74541,67302,64767,141843,139308,132069,1
18585,21940,67599,40525,86184,89539,0
90254,40792,95525,131046,185779,136317,1
4927,15161,80415,20088,85342,95576,0
41482,37633,175,79115,41657,37808,0
41226,5753,50861,46979,92087,56614,0
37224,80685,12891,117909,50115,93576,0
40815,39701,85746,80516,126561,125447,0
17397,26798,43584,44195,60981,70382,1
36922,63979,25865,100901,62787,89844,0
2358,93558,5737,95916,8095,99295,0
10426,68164,61228,78590,71654,129392,1
47875,79017,30353,126892,78228,109370,0
78795,36105,39723,114900,118518,75828,0
43742,21222,86300,64964,130042,107522,0
76669,6916,12598,83585,89267,19514,0
27192,98840,25748,126032,52940,124588,0
52438,72251,81236,124689,133674,153487,1
98696,45822,93627,144518,192323,139449,1
62629,84576,4931,147205,67560,89507,0
77879,92608,21870,170487,99749,114478,1
95704,8789,71973,104493,167677,80762,0
78273,63383,42408,141656,120681,105791,1
43682,89925,81805,133607,125487,171730,1
4070,11189,70077,15259,74147,81266,0
91263,48435,41138,139698,132401,89573,0
62270,25806,58727,88076,120997,84533,1
92421,91092,33581,183513,126002,124673,1
94630,17608,50158,112238,144788,67766,0
23082,95050,54747,118132,77829,149797,0
29815,65742,10829,95557,40644,76571,0
41368,85491,92403,126859,133771,177894,1
33493,86495,14980,119988,48473,101475,0
44327,80887,90872,125214,135199,171759,1
75853,4120,17530,79973,93383,21650,0
38642,73833,18761,112475,57403,92594,0
63744,67028,1760,130772,65504,68788,0
51905,49696,82931,101601,134836,132627,1
10808,23568,79055,34376,89863,102623,0
59230,20297,63140,79527,122370,83437,1
24485,85086,42081,109571,66566,127167,0
97566,58118,54176,155684,151742,112294,1
51313,33288,87851,84601,139164,121139,0
74617,98160,60026,172777,134643,158186,1
80107,21140,4888,101247,84995,26028,0
14381,11603,10853,25984,25234,22456,1
7138,35304,21575,42442,28713,56879,0
49961,42323,97485,92284,147446,139808,0
1937,28783,11124,30720,13061,39907,0
74417,39665,37040,114082,111457,76705,1
64383,76760,74951,141143,139334,151711,1
87532,44630,76598,132162,164130,121228,1
84410,63130,49231,147540,133641,112361,1
50574,68498,82799,119072,133373,151297,1
91364,71976,91666,163340,183030,163642,1
24202,29564,77581,53766,101783,107145,0
14102,98505,47813,112607,61915,146318,0
42380,21843,36295,64223,78675,58138,1
45966,28092,23428,74058,69394,51520,1
29278,26542,34163,55820,63441,60705,1
51154,84420,42591,135574,93745,127011,1
27082,76061,7883,103143,34965,83944,0
44946,43335,46748,88281,91694,90083,1
86425,41669,81160,128094,167585,122829,1
11257,78905,41937,90162,53194,120842,0
80153,25853,48061,106006,128214,73914,0
5469,43165,64977,48634,70446,108142,0
17851,21568,91121,39419,108972,112689,0
90967,96521,61018,187488,151985,157539,1
57147,9326,88325,66473,145472,97651,0
33327,12156,58539,45483,91866,70695,0
73962,55407,22562,129369,96524,77969,1
72549,12071,18434,84620,90983,30505,0
9125,37226,65535,46351,74660,102761,0
22780,23385,94227,46165,117007,117612,0
43263,41508,8345,84771,51608,49853,1
92612,41657,16183,134269,108795,57840,0
55722,76390,7174,132112,62896,83564,0
11791,67399,34711,79190,46502,102110,0
25595,98643,46598,124238,72193,145241,0
26877,65884,66137,92761,93014,132021,1
99295,19534,74565,118829,173860,94099,0
38096,41685,74540,79781,112636,116225,1
79549,95046,95574,174595,175123,190620,1
55018,36524,50100,91542,105118,86624,1
38922,91665,16718,130587,55640,108383,0
50214,73744,86882,123958,137096,160626,1
24899,5102,54761,30001,79660,59863,0
66341,94490,53097,160831,119438,147587,1
41672,68694,4513,110366,46185,73207,0
91837,21433,50612,113270,142449,72045,0
40834,49832,99154,90666,139988,148986,0
7853,62821,59263,70674,67116,122084,1
35490,44137,94372,79627,129862,138509,0
32928,88096,76012,121024,108940,164108,1
94284,2531,52532,96815,146816,55063,0
13838,10075,54425,23913,68263,64500,0
86317,84960,89229,171277,175546,174189,1
1680,83180,20711,84860,22391,103891,0
12911,5414,86287,18325,99198,91701,0
40868,50545,52983,91413,93851,103528,1
67018,48580,84700,115598,151718,133280,1
56628,53521,64864,110149,121492,118385,1
27022,99296,4882,126318,31904,104178,0
50018,72417,24413,122435,74431,96830,1
76535,30531,29198,107066,105733,59729,0
77757,52737,19367,130494,97124,72104,0
24192,79958,17722,104150,41914,97680,0
51370,574,44501,51944,95871,45075,0
30186,24673,32004,54859,62190,56677,1
40475,96674,11086,137149,51561,107760,0
2352,77956,21689,80308,24041,99645,0
2921,24637,58044,27558,60965,82681,0
22051,14297,31334,36348,53385,45631,1
2410,6025,95881,8435,98291,101906,0
91390,6413,31537,97803,122927,37950,0
84543,47387,65002,131930,149545,112389,1
76403,81112,41818,157515,118221,122930,1
17942,58812,36602,76754,54544,95414,0
7198,53838,20056,61036,27254,73894,0
88274,73426,3733,161700,92007,77159,0
49649,78323,65162,127972,114811,143485,1
21325,62469,97520,83794,118845,159989,0
19784,62755,46464,82539,66248,109219,1
93594,38438,392,132032,93986,38830,0
82859,87383,46018,170242,128877,133401,1
14783,22800,51045,37583,65828,73845,0
31974,21650,65076,53624,97050,86726,0
73443,76625,91290,150068,164733,167915,1
7523,75757,81650,83280,89173,157407,1
78211,51360,66928,129571,145139,118288,1
20761,59448,42883,80209,63644,102331,1
31909,87344,5132,119253,37041,92476,0
88893,42605,62504,131498,151397,105109,1
48352,3318,22802,51670,71154,26120,0
72723,12478,2467,85201,75190,14945,0
6911,49645,72501,56556,79412,122146,0
9045,76679,66976,85724,76021,143655,0
97682,40587,13983,138269,111665,54570,0
62711,27461,18418,90172,81129,45879,0
28275,62552,82449,90827,110724,145001,1
75095,70773,62809,145868,137904,133582,1
26661,20489,93914,47150,120575,114403,0
69336,79645,11907,148981,81243,91552,1
75131,48914,24537,124045,99668,73451,0
80768,86034,62939,166802,143707,148973,1
49654,77940,20195,127594,69849,98135,0
41432,48493,99105,89925,140537,147598,0
76939,85187,83302,162126,160241,168489,1
96071,40699,36360,136770,132431,77059,0
94610,39903,6940,134513,101550,46843,0
29913,65296,9150,95209,39063,74446,0
14290,63005,70064,77295,84354,133069,1
11301,76271,49141,87572,60442,125412,0
97334,38905,18441,136239,115775,57346,0
25731,2816,5123,28547,30854,7939,0
43496,25948,76463,69444,119959,102411,0
53874,42801,54527,96675,108401,97328,1
93381,75368,7479,168749,100860,82847,0
39295,98524,67355,137819,106650,165879,1
14759,13293,21503,28052,36262,34796,1
65927,62737,18761,128664,84688,81498,1
54377,82339,80740,136716,135117,163079,1
28583,23116,14409,51699,42992,37525,1
75758,83141,84343,158899,160101,167484,1
37775,10398,86785,48173,124560,97183,0
88624,26409,86837,115033,175461,113246,1
74486,4813,15461,79299,89947,20274,0
78527,44187,60987,122714,139514,105174,1
90569,76380,25290,166949,115859,101670,1
9064,60646,80805,69710,89869,141451,0
95612,43692,47352,139304,142964,91044,0
62927,44601,54422,107528,117349,99023,1
50794,36177,50618,86971,101412,86795,1
79291,48311,74221,127602,153512,122532,1
543,32601,46612,33144,47155,79213,0
9910,42106,34308,52016,44218,76414,1
77064,54089,52832,131153,129896,106921,1
3169,35738,74338,38907,77507,110076,0
61523,55949,78620,117472,140143,134569,1
67250,46066,30367,113316,97617,76433,1
74933,96077,56310,171010,131243,152387,1
55060,56302,23751,111362,78811,80053,1
45220,47709,31375,92929,76595,79084,1
68296,4862,70483,73158,138779,75345,1
65675,35986,27846,101661,93521,63832,0
35342,6613,71390,41955,106732,78003,0
75877,79613,60147,155490,136024,139760,1
57038,60338,79246,117376,136284,139584,1
29650,81922,36602,111572,66252,118524,0
97531,99109,37041,196640,134572,136150,1
72891,22956,84950,95847,157841,107906,1
39481,87828,7672,127309,47153,95500,0
21301,5718,67737,27019,89038,73455,0
16820,35889,67670,52709,84490,103559,0
64215,47550,5075,111765,69290,52625,0
92775,97611,98131,190386,190906,195742,1
32247,70545,59855,102792,92102,130400,1
92850,71525,65309,164375,158159,136834,1
26264,80901,29216,107165,55480,110117,0
10073,3460,51646,13533,61719,55106,0
91077,40524,68584,131601,159661,109108,1
28929,74091,87263,103020,116192,161354,1
95524,22141,57824,117665,153348,79965,0
31881,38852,1140,70733,33021,39992,0
97872,54931,2441,152803,100313,57372,0
6843,72679,81354,79522,88197,154033,0
84227,84563,30482,168790,114709,115045,1
9492,54148,21379,63640,30871,75527,0
27007,37868,30619,64875,57626,68487,1
62435,50255,10224,112690,72659,60479,0
63615,65464,63842,129079,127457,129306,1
58558,82704,28469,141262,87027,111173,1
8875,4114,13897,12989,22772,18011,0
42974,85338,21648,128312,64622,106986,0
77515,56888,72990,134403,150505,129878,1
16650,71914,35164,88564,51814,107078,0
78860,10072,81840,88932,160700,91912,1
91259,44877,63546,136136,154805,108423,1
45819,76941,1843,122760,47662,78784,0
4135,7320,51291,11455,55426,58611,0
36479,94766,72017,131245,108496,166783,1
61692,79596,63168,141288,124860,142764,1
51292,50143,69869,101435,121161,120012,1
19921,43957,1283,63878,21204,45240,0
34539,46600,21489,81139,56028,68089,1
99080,78917,65690,177997,164770,144607,1
82643,56952,66536,139595,149179,123488,1
31458,4188,79174,35646,110632,83362,0
77571,62842,72726,140413,150297,135568,1
24882,73086,12977,97968,37859,86063,0
52030,34749,32780,86779,84810,67529,1
62202,82282,90642,144484,152844,172924,1
46388,42357,24353,88745,70741,66710,1
88235,59898,44625,148133,132860,104523,1
27751,29983,25937,57734,53688,55920,1
78530,97183,76167,175713,154697,173350,1
63634,7737,18736,71371,82370,26473,0
20755,18760,49384,39515,70139,68144,0
10637,58660,4775,69297,15412,63435,0
51383,68,16277,51451,67660,16345,0
38735,24023,55751,62758,94486,79774,1
18461,32822,5572,51283,24033,38394,0
14687,39291,64537,53978,79224,103828,0
31659,25826,20293,57485,51952,46119,1
47344,1771,23664,49115,71008,25435,0
21957,21150,93665,43107,115622,114815,0
40810,21173,84062,61983,124872,105235,0
39411,63102,68595,102513,108006,131697,1
75050,75602,16393,150652,91443,91995,1
4238,82753,70407,86991,74645,153160,0
20957,21689,20420,42646,41377,42109,1
97755,38327,6486,136082,104241,44813,0
82633,27701,92700,110334,175333,120401,1
36017,73145,20905,109162,56922,94050,0
15315,65399,46026,80714,61341,111425,0
90210,87528,3830,177738,94040,91358,1
90839,75079,38607,165918,129446,113686,1
29482,65544,83033,95026,112515,148577,1
82980,38810,98061,121790,181041,136871,1
76189,28448,37802,104637,113991,66250,0
83623,97289,2063,180912,85686,99352,0
40200,99509,35044,139709,75244,134553,0
12698,20280,37710,32978,50408,57990,0
2418,11827,48512,14245,50930,60339,0
81181,19830,4326,101011,85507,24156,0
88943,17875,72429,106818,161372,90304,1
48604,79212,69278,127816,117882,148490,1
46546,40235,87475,86781,134021,127710,0
74322,70062,47016,144384,121338,117078,1
7679,42896,56987,50575,64666,99883,0
61903,51405,63263,113308,125166,114668,1
90323,74709,21427,165032,111750,96136,1
22920,60831,43425,83751,66345,104256,1
57807,3099,11342,60906,69149,14441,0
29001,63683,82162,92684,111163,145845,1
47253,9640,46797,56893,94050,56437,1
59831,51480,72176,111311,132007,123656,1
43026,78877,44302,121903,87328,123179,1
36043,19043,28649,55086,64692,47692,1
81287,66475,1751,147762,83038,68226,0
46096,47270,58905,93366,105001,106175,1
77494,2184,73420,79678,150914,75604,0
12002,28578,89854,40580,101856,118432,0
14524,33891,62675,48415,77199,96566,0
82493,67911,97396,150404,179889,165307,1
57402,70700,56626,128102,114028,127326,1
84787,20290,44868,105077,129655,65158,0
89720,49400,69843,139120,159563,119243,1
33857,96904,52036,130761,85893,148940,0
23443,12206,64358,35649,87801,76564,0
81047,49213,63199,130260,144246,112412,1
66850,94332,21165,161182,88015,115497,0
23291,57268,97199,80559,120490,154467,0
56299,83725,71821,140024,128120,155546,1
68543,74700,21600,143243,90143,96300,1
39597,91886,1197,131483,40794,93083,0
36247,20669,84804,56916,121051,105473,0
75129,98462,93239,173591,168368,191701,1
15402,26785,26658,42187,42060,53443,1
16041,51315,44745,67356,60786,96060,1
44115,14200,67518,58315,111633,81718,0
71647,84314,24830,155961,96477,109144,1
29004,87273,91793,116277,120797,179066,1
46245,10428,38447,56673,84692,48875,1
36703,44490,94607,81193,131310,139097,0
54356,16296,9555,70652,63911,25851,0
30527,22841,82133,53368,112660,104974,0
776,35048,15127,35824,15903,50175,0
68264,49538,31277,117802,99541,80815,1
6562,21233,71725,27795,78287,92958,0
65436,65052,5580,130488,71016,70632,1
54303,90357,43598,144660,97901,133955,1
50583,48125,51597,98708,102180,99722,1
92863,849,79791,93712,172654,80640,0
56909,46282,7880,103191,64789,54162,0
21392,9770,11499,31162,32891,21269,0
10095,80471,14641,90566,24736,95112,0
58604,61029,14091,119633,72695,75120,1
9367,92906,54466,102273,63833,147372,0
74512,91791,24679,166303,99191,116470,1
40098,73639,95798,113737,135896,169437,1
87929,49763,2570,137692,90499,52333,0
30970,85660,62064,116630,93034,147724,1
98079,33406,44477,131485,142556,77883,0
61255,88018,29136,149273,90391,117154,1
23946,34993,93104,58939,117050,128097,0
84474,50086,33035,134560,117509,83121,0
98552,29079,99194,127631,197746,128273,1
43755,82711,9987,126466,53742,92698,0
75552,42360,80348,117912,155900,122708,1
33152,90233,75390,123385,108542,165623,1
29810,80731,43234,110541,73044,123965,0
81489,18197,90663,99686,172152,108860,1
24323,84380,44173,108703,68496,128553,0
50041,40183,5254,90224,55295,45437,0
66704,25170,10768,91874,77472,35938,0
2354,54766,60932,57120,63286,115698,0
74517,70763,45228,145280,119745,115991,1
14043,43288,65977,57331,80020,109265,0
87698,29385,47002,117083,134700,76387,0
41748,36956,74787,78704,116535,111743,1
32383,70682,9232,103065,41615,79914,0
36328,19256,91216,55584,127544,110472,0
17499,51194,24265,68693,41764,75459,0
56930,27977,82409,84907,139339,110386,1
66915,40612,93447,107527,160362,134059,1
45052,53335,38207,98387,83259,91542,1
33145,21126,98199,54271,131344,119325,0
41727,60034,92411,101761,134138,152445,1
17393,26504,94700,43897,112093,121204,0
56391,34892,73752,91283,130143,108644,1
93935,40734,71221,134669,165156,111955,1
3529,8753,28749,12282,32278,37502,0
37889,72506,80702,110395,118591,153208,1
32470,93232,27546,125702,60016,120778,0
22255,90699,93751,112954,116006,184450,1
6416,19582,32034,25998,38450,51616,0
29603,37348,40226,66951,69829,77574,1
95273,54421,33907,149694,129180,88328,0
12051,66628,77714,78679,89765,144342,1
94769,3386,10932,98155,105701,14318,0
71500,97445,59905,168945,131405,157350,1
98954,62431,47502,161385,146456,109933,1
70028,30843,59791,100871,129819,90634,1
86403,57867,59465,144270,145868,117332,1
31340,88933,21627,120273,52967,110560,0
74243,94920,34680,169163,108923,129600,1
2155,48789,20489,50944,22644,69278,0
31875,59963,67178,91838,99053,127141,1
88065,15520,86320,103585,174385,101840,1
28972,98748,90280,127720,119252,189028,1
4154,67202,18552,71356,22706,85754,0
4696,79594,64528,84290,69224,144122,0
44894,64884,43787,109778,88681,108671,1
66606,80700,79547,147306,146153,160247,1
94288,7959,46442,102247,140730,54401,0
90164,69953,39838,160117,130002,109791,1
24609,72174,87170,96783,111779,159344,1
32093,73413,49983,105506,82076,123396,1
93723,66560,57929,160283,151652,124489,1
3654,7657,77853,11311,81507,85510,0
42789,93214,9389,136003,52178,102603,0
55065,18412,48586,73477,103651,66998,1
45205,36721,95644,81926,140849,132365,0
30509,13749,75389,44258,105898,89138,0
83576,75119,46468,158695,130044,121587,1
34306,54101,83083,88407,117389,137184,1
52641,61549,95052,114190,147693,156601,1
91365,40125,33889,131490,125254,74014,0
70953,46635,70129,117588,141082,116764,1
50599,96784,51380,147383,101979,148164,1
34441,3101,58705,37542,93146,61806,0
41426,37392,89828,78818,131254,127220,0
9016,60243,18314,69259,27330,78557,0
2680,49486,52587,52166,55267,102073,0
69048,61033,69931,130081,138979,130964,1
96025,11605,35970,107630,131995,47575,0
86465,11656,75951,98121,162416,87607,1
8998,90729,64816,99727,73814,155545,0
52023,58060,25315,110083,77338,83375,1
76782,58481,6039,135263,82821,64520,0
31128,19494,33932,50622,65060,53426,1
85908,88140,80765,174048,166673,168905,1
62470,62888,61340,125358,123810,124228,1
23495,56244,52542,79739,76037,108786,1
23667,87031,62588,110698,86255,149619,0
60499,97664,27272,158163,87771,124936,0
49000,28933,10309,77933,59309,39242,0
50308,94350,4858,144658,55166,99208,0
45358,23928,61614,69286,106972,85542,1
88966,63240,24611,152206,113577,87851,0
26159,88902,17733,115061,43892,106635,0
78597,21594,45335,100191,123932,66929,0
4411,29855,57011,34266,61422,86866,0
35605,21931,13372,57536,48977,35303,0
80447,1354,73119,81801,153566,74473,0
25351,71390,60802,96741,86153,132192,1
29827,64807,31313,94634,61140,96120,0
92945,90275,79605,183220,172550,169880,1
92433,6261,28888,98694,121321,35149,0
25918,3091,11587,29009,37505,14678,0
74627,10610,87460,85237,162087,98070,0
10608,18931,56341,29539,66949,75272,0
15592,87889,28947,103481,44539,116836,0
86424,36105,2350,122529,88774,38455,0
77208,88241,29625,165449,106833,117866,1
89868,2881,9880,92749,99748,12761,0
86139,48943,57497,135082,143636,106440,1
30117,99735,4667,129852,34784,104402,0
85574,17818,69793,103392,155367,87611,1
62284,60650,28113,122934,90397,88763,1
5821,53409,70570,59230,76391,123979,0
46301,28031,50740,74332,97041,78771,1
14485,38680,53990,53165,68475,92670,0
1997,12812,20617,14809,22614,33429,0
96791,20880,29503,117671,126294,50383,0
92675,77244,19785,169919,112460,97029,1
61822,38387,29385,100209,91207,67772,1
50119,84179,18922,134298,69041,103101,0
70981,75654,20051,146635,91032,95705,1
6289,75182,56064,81471,62353,131246,0
19478,63097,70852,82575,90330,133949,1
31865,10328,52046,42193,83911,62374,0
40624,97172,23913,137796,64537,121085,0
31404,11459,74622,42863,106026,86081,0
7264,36633,55497,43897,62761,92130,0
1859,800,50798,2659,52657,51598,0
39721,14796,37391,54517,77112,52187,1
78065,72534,83137,150599,161202,155671,1
30595,46151,34963,76746,65558,81114,1
89966,91251,90570,181217,180536,181821,1
89674,23804,69794,113478,159468,93598,1
58135,52307,65081,110442,123216,117388,1
16142,19773,53317,35915,69459,73090,0
93889,27381,76420,121270,170309,103801,1
55983,67949,91886,123932,147869,159835,1
22424,17536,43002,39960,65426,60538,0
43123,90403,36884,133526,80007,127287,0
31702,29722,54383,61424,86085,84105,1
33088,96516,89601,129604,122689,186117,1
89231,30501,80298,119732,169529,110799,1
96740,7554,14796,104294,111536,22350,0
33659,51624,98917,85283,132576,150541,0
10817,27089,91192,37906,102009,118281,0
53739,22875,46368,76614,100107,69243,1
72662,84118,40608,156780,113270,124726,1
44695,95331,49017,140026,93712,144348,0
30521,45763,53236,76284,83757,98999,1
72588,94486,44051,167074,116639,138537,1
72824,25539,42570,98363,115394,68109,0
81782,26157,65474,107939,147256,91631,1
35550,75795,10906,111345,46456,86701,0
86245,75358,7,161603,86252,75365,0
43589,21223,8697,64812,52286,29920,0
63729,74597,75459,138326,139188,150056,1
14633,17928,80637,32561,95270,98565,0
8461,47803,26818,56264,35279,74621,0
38088,54310,21702,92398,59790,76012,1
35026,45502,12004,80528,47030,57506,1
18042,88014,74525,106056,92567,162539,1
74480,95620,86443,170100,160923,182063,1
98662,81620,98341,180282,197003,179961,1
45803,77236,54707,123039,100510,131943,1
32851,81174,12393,114025,45244,93567,0
56383,81458,92764,137841,149147,174222,1
25080,93623,44635,118703,69715,138258,0
25174,10598,40274,35772,65448,50872,0
99011,50943,65803,149954,164814,116746,1
73720,20174,89668,93894,163388,109842,1
10690,55149,94619,65839,105309,149768,0
5726,85116,74736,90842,80462,159852,0
4190,30234,27033,34424,31223,57267,1
59334,53282,91591,112616,150925,144873,1
88701,33644,23916,122345,112617,57560,0
64617,20742,22348,85359,86965,43090,0
25205,86409,68015,111614,93220,154424,1
75893,40998,39551,116891,115444,80549,1
94548,38125,30818,132673,125366,68943,0
32818,92041,82559,124859,115377,174600,1
20387,58639,10080,79026,30467,68719,0
14907,41016,26986,55923,41893,68002,1
62887,34213,85797,97100,148684,120010,1
11298,28803,55554,40101,66852,84357,0
51054,41765,82161,92819,133215,123926,1
10846,18039,10432,28885,21278,28471,1
16672,3647,34208,20319,50880,37855,0
27173,55469,54710,82642,81883,110179,1
46780,84363,25643,131143,72423,110006,0
29071,40373,44934,69444,74005,85307,1
31605,78212,78357,109817,109962,156569,1
20108,41443,79292,61551,99400,120735,0
98424,87049,33468,185473,131892,120517,1
46916,64276,51065,111192,97981,115341,1
36649,43497,96202,80146,132851,139699,0
85169,11339,28621,96508,113790,39960,0
8790,81805,56557,90595,65347,138362,0
9583,81762,62480,91345,72063,144242,0
61360,14891,6089,76251,67449,20980,0
42680,25249,11452,67929,54132,36701,0
9759,21423,1301,31182,11060,22724,0
12797,16620,45882,29417,58679,62502,0
12651,95551,983,108202,13634,96534,0
9266,91461,14090,100727,23356,105551,0
85065,46787,68584,131852,153649,115371,1
68096,28695,3773,96791,71869,32468,0
24058,50326,11490,74384,35548,61816,0
46460,56581,71324,103041,117784,127905,1
23643,34823,97879,58466,121522,132702,0
69685,77751,13509,147436,83194,91260,1
19427,34595,52417,54022,71844,87012,1
12902,35730,59333,48632,72235,95063,0
35422,85791,45834,121213,81256,131625,0
26525,64783,63229,91308,89754,128012,1
649,49384,12029,50033,12678,61413,0
59505,31268,58513,90773,118018,89781,1
31061,27444,39135,58505,70196,66579,1
42895,55471,3620,98366,46515,59091,0
22915,20771,94504,43686,117419,115275,0
85897,61079,1035,146976,86932,62114,0
16433,12882,23335,29315,39768,36217,1
37120,6783,98127,43903,135247,104910,0
26583,43668,41302,70251,67885,84970,1
82465,28344,59983,110809,142448,88327,1
66232,88858,74618,155090,140850,163476,1
7853,12991,83768,20844,91621,96759,0
39980,70071,8735,110051,48715,78806,0
40697,8222,36087,48919,76784,44309,1
50197,59062,87894,109259,138091,146956,1
837,42246,35584,43083,36421,77830,0
88493,34869,8456,123362,96949,43325,0
14871,82558,28751,97429,43622,111309,0
44080,38238,94513,82318,138593,132751,0
52153,11156,6364,63309,58517,17520,0
69247,95051,408,164298,69655,95459,0
76505,84912,88654,161417,165159,173566,1
6173,26724,95819,32897,101992,122543,0
63257,98478,54096,161735,117353,152574,1
29118,46487,7419,75605,36537,53906,0
91037,93700,54750,184737,145787,148450,1
18249,66076,21207,84325,39456,87283,0
37382,35183,70225,72565,107607,105408,1
3960,48715,38020,52675,41980,86735,0
78950,98589,24170,177539,103120,122759,1
45776,63392,87193,109168,132969,150585,1
5508,37356,7726,42864,13234,45082,0
17212,93967,88884,111179,106096,182851,1
56962,26182,42936,83144,99898,69118,1
91073,97118,31107,188191,122180,128225,1
63163,82557,58552,145720,121715,141109,1
14473,26640,8130,41113,22603,34770,0
97163,60861,3563,158024,100726,64424,0
71972,97712,50190,169684,122162,147902,1
59592,71927,98898,131519,158490,170825,1
67827,27306,65499,95133,133326,92805,1
61076,67181,75583,128257,136659,142764,1
38616,29283,21495,67899,60111,50778,1
59154,61966,36384,121120,95538,98350,1
37508,67809,85859,105317,123367,153668,1
35436,4273,80183,39709,115619,84456,0
48837,34069,2882,82906,51719,36951,0
87105,73399,86330,160504,173435,159729,1
95497,88345,40524,183842,136021,128869,1
71462,41999,46635,113461,118097,88634,1
46786,67437,92796,114223,139582,160233,1
30204,64150,38264,94354,68468,102414,1
60187,22278,38229,82465,98416,60507,1
29141,77564,34419,106705,63560,111983,0
90232,56057,28211,146289,118443,84268,0
37296,1562,60952,38858,98248,62514,0
24230,15380,21950,39610,46180,37330,1
94942,17486,53721,112428,148663,71207,0
48067,25603,27633,73670,75700,53236,1
61138,40092,23628,101230,84766,63720,1
40042,72843,20645,112885,60687,93488,0
44537,46397,19198,90934,63735,65595,1
91695,86715,79970,178410,171665,166685,1
46505,62451,54508,108956,101013,116959,1
28508,40773,47964,69281,76472,88737,1
54461,4131,39265,58592,93726,43396,0
78014,76292,28370,154306,106384,104662,1
48766,41234,61219,90000,109985,102453,1
43289,43986,27401,87275,70690,71387,1
14291,91680,59480,105971,73771,151160,0
28565,68739,23118,97304,51683,91857,0
36678,19051,38950,55729,75628,58001,1
5953,13084,44136,19037,50089,57220,0
45007,72172,96924,117179,141931,169096,1
77129,25092,57864,102221,134993,82956,1
57685,60903,44461,118588,102146,105364,1
56638,8627,99142,65265,155780,107769,0
18241,31562,88898,49803,107139,120460,0
42011,30428,80123,72439,122134,110551,0
84011,66877,70941,150888,154952,137818,1
38887,80143,58766,119030,97653,138909,1
44623,18877,39072,63500,83695,57949,1
49086,58220,70046,107306,119132,128266,1
50435,47532,62140,97967,112575,109672,1
93813,47737,45284,141550,139097,93021,0
60921,86481,35296,147402,96217,121777,1
74020,35142,80521,109162,154541,115663,1
51059,89584,54446,140643,105505,144030,1
47284,63880,25368,111164,72652,89248,1
41083,82971,54542,124054,95625,137513,1
22061,30098,4867,52159,26928,34965,0
3263,1101,70936,4364,74199,72037,0
8781,19820,95479,28601,104260,115299,0
91848,83739,68020,175587,159868,151759,1
5014,14384,59693,19398,64707,74077,0
51266,63599,61688,114865,112954,125287,1
58541,31460,32483,90001,91024,63943,1
970,69302,71112,70272,72082,140414,0
68772,46532,10620,115304,79392,57152,0
19840,2437,84251,22277,104091,86688,0
57516,10238,23759,67754,81275,33997,0
89158,23872,5649,113030,94807,29521,0
99847,85398,23667,185245,123514,109065,1
9437,21821,57122,31258,66559,78943,0
26870,71047,52954,97917,79824,124001,1
35503,62406,43119,97909,78622,105525,1
78961,6453,22853,85414,101814,29306,0
47012,32296,72127,79308,119139,104423,1
93375,69314,75742,162689,169117,145056,1
39865,51536,41718,91401,81583,93254,1
81520,13111,10846,94631,92366,23957,0
71680,94949,36039,166629,107719,130988,1
74686,72143,40983,146829,115669,113126,1
95848,82126,37518,177974,133366,119644,1
15548,27908,49252,43456,64800,77160,0
49148,81769,1024,130917,50172,82793,0
32457,34387,75880,66844,108337,110267,0
75491,56585,63720,132076,139211,120305,1
86960,55585,42575,142545,129535,98160,1
61559,70965,87935,132524,149494,158900,1
89917,97388,9047,187305,98964,106435,1
44436,77916,77330,122352,121766,155246,1
55674,1501,35984,57175,91658,37485,0
96472,77473,31603,173945,128075,109076,1
56596,53085,24363,109681,80959,77448,1
96509,40858,15061,137367,111570,55919,0
53294,21968,28062,75262,81356,50030,0
80779,96937,38506,177716,119285,135443,1
39765,91959,79019,131724,118784,170978,1
73877,66563,59791,140440,133668,126354,1
65039,42350,49984,107389,115023,92334,1
109,78754,55312,78863,55421,134066,0
29873,92528,96374,122401,126247,188902,1
64968,51820,89555,116788,154523,141375,1
5104,39801,90358,44905,95462,130159,0
78290,65160,87856,143450,166146,153016,1
68679,58544,52501,127223,121180,111045,1
9799,34025,57782,43824,67581,91807,0
23079,86117,13550,109196,36629,99667,0
66659,77793,11225,144452,77884,89018,1
76726,28704,96727,105430,173453,125431,1
94925,17247,98699,112172,193624,115946,1
63334,62373,22773,125707,86107,85146,1
98564,99146,2470,197710,101034,101616,1
4441,48957,73736,53398,78177,122693,0
40209,64805,40721,105014,80930,105526,1
61980,315,91093,62295,153073,91408,0
32261,97586,3078,129847,35339,100664,0
77940,22036,88131,99976,166071,110167,1
16393,30059,45065,46452,61458,75124,1
33198,24576,89693,57774,122891,114269,0
83063,10636,19029,93699,102092,29665,0
49002,80283,1450,129285,50452,81733,0
73581,91323,14304,164904,87885,105627,0
96900,21614,24246,118514,121146,45860,0
44767,65248,57142,110015,101909,122390,1
82154,86734,30709,168888,112863,117443,1
45770,86797,12293,132567,58063,99090,0
61745,60473,15027,122218,76772,75500,1
93017,96071,21052,189088,114069,117123,1
50909,94221,7211,145130,58120,101432,0
68086,33250,5092,101336,73178,38342,0
8513,73468,24633,81981,33146,98101,0
57209,13673,58667,70882,115876,72340,1
88602,57326,69754,145928,158356,127080,1
5851,2968,24221,8819,30072,27189,0
2541,68357,58040,70898,60581,126397,0
34653,81784,83634,116437,118287,165418,1
59591,51222,11061,110813,70652,62283,1
60642,14272,73720,74914,134362,87992,1
39161,84074,76117,123235,115278,160191,1
21390,79804,88527,101194,109917,168331,1
60865,26311,72274,87176,133139,98585,1
29214,80012,41395,109226,70609,121407,0
18168,91651,88206,109819,106374,179857,1
20902,86618,15067,107520,35969,101685,0
83898,75574,3866,159472,87764,79440,0
95410,31920,10359,127330,105769,42279,0
47095,48029,89229,95124,136324,137258,1
83707,57964,7459,141671,91166,65423,0
32138,13301,33699,45439,65837,47000,1
46867,3693,83621,50560,130488,87314,0
35632,56389,18690,92021,54322,75079,0
58376,76679,6778,135055,65154,83457,0
8408,79671,9126,88079,17534,88797,0
15889,87704,39930,103593,55819,127634,0
42327,48407,86322,90734,128649,134729,1
42910,35143,80833,78053,123743,115976,0
74246,1232,43474,75478,117720,44706,0
22409,59143,77742,81552,100151,136885,1
73324,72562,65514,145886,138838,138076,1
71751,89741,98608,161492,170359,188349,1
43526,87903,47256,131429,90782,135159,1
37708,28490,64350,66198,102058,92840,1
84049,4490,40236,88539,124285,44726,0
13817,31761,76407,45578,90224,108168,0
3364,34870,52280,38234,55644,87150,0
68606,35028,41298,103634,109904,76326,1
85953,77592,14031,163545,99984,91623,1
49339,42893,48116,92232,97455,91009,1
42625,20459,81586,63084,124211,102045,0
29925,11262,54829,41187,84754,66091,0
49591,4025,88791,53616,138382,92816,0
24533,56458,62907,80991,87440,119365,1
21506,92983,12260,114489,33766,105243,0
30939,63200,27012,94139,57951,90212,0
81386,4750,52534,86136,133920,57284,0
18141,26810,83793,44951,101934,110603,0
52854,61663,963,114517,53817,62626,0
29059,72015,44404,101074,73463,116419,1
71724,41334,94740,113058,166464,136074,1
68340,98352,92607,166692,160947,190959,1
25375,80596,34917,105971,60292,115513,0
55476,7677,60812,63153,116288,68489,1
82725,91334,62594,174059,145319,153928,1
14279,48159,13582,62438,27861,61741,0
553,52349,91027,52902,91580,143376,0
22005,87487,81440,109492,103445,168927,1
1876,93440,54637,95316,56513,148077,0
6689,74512,27375,81201,34064,101887,0
8603,7449,77395,16052,85998,84844,0
61361,57751,72816,119112,134177,130567,1
65518,24244,91293,89762,156811,115537,0
4219,36293,49977,40512,54196,86270,0
97070,98313,83918,195383,180988,182231,1
61061,93970,88931,155031,149992,182901,1
19338,93209,73441,112547,92779,166650,0
23851,51225,34136,75076,57987,85361,1
34393,39646,94758,74039,129151,134404,0
37315,18692,48167,56007,85482,66859,1
32042,87594,79784,119636,111826,167378,1
70690,94190,20573,164880,91263,114763,0
73964,46579,62402,120543,136366,108981,1
46170,22753,97377,68923,143547,120130,0
64174,30542,46155,94716,110329,76697,1
84256,78764,19574,163020,103830,98338,1
50537,16234,11981,66771,62518,28215,0
12436,92757,42458,105193,54894,135215,0
30509,386,57111,30895,87620,57497,0
64153,35319,38628,99472,102781,73947,1
38579,75327,46972,113906,85551,122299,1
53351,4729,46781,58080,100132,51510,0
10583,43341,95751,53924,106334,139092,0
64807,41803,59773,106610,124580,101576,1
2849,23340,38987,26189,41836,62327,0
91373,11556,1038,102929,92411,12594,0
16793,87654,36331,104447,53124,123985,0
45046,70771,81583,115817,126629,152354,1
90356,49727,13221,140083,103577,62948,0
67837,45445,97799,113282,165636,143244,1
62246,75712,26624,137958,88870,102336,1
37062,56940,66820,94002,103882,123760,1
75264,23785,72876,99049,148140,96661,1
44465,6693,266,51158,44731,6959,0
31767,75190,9540,106957,41307,84730,0
72101,808,78504,72909,150605,79312,0
3510,90866,54021,94376,57531,144887,0
73630,31874,78663,105504,152293,110537,1
3520,58506,67776,62026,71296,126282,0
70776,6728,82746,77504,153522,89474,0
77229,35841,61872,113070,139101,97713,1
88723,13298,35411,102021,124134,48709,0
66680,48996,48563,115676,115243,97559,1
3723,71503,78631,75226,82354,150134,0
29406,21179,46083,50585,75489,67262,1
72420,8036,39039,80456,111459,47075,0
84895,1863,69642,86758,154537,71505,0
84848,47746,93559,132594,178407,141305,1
68678,70800,52888,139478,121566,123688,1
34382,85095,40838,119477,75220,125933,0
44465,53292,24981,97757,69446,78273,1
24554,90961,21085,115515,45639,112046,0
38623,54217,38680,92840,77303,92897,1
57860,41754,57186,99614,115046,98940,1
66087,8544,21752,74631,87839,30296,0
62328,98630,25002,160958,87330,123632,0
30904,46897,13061,77801,43965,59958,0
36601,29740,31907,66341,68508,61647,1
473,84011,1340,84484,1813,85351,0
69905,1821,86500,71726,156405,88321,0
14554,27581,75588,42135,90142,103169,0
57381,57513,41752,114894,99133,99265,1
95445,15987,15717,111432,111162,31704,0
10012,82196,53915,92208,63927,136111,0
42090,7597,40544,49687,82634,48141,1
1736,9776,89571,11512,91307,99347,0
91424,40908,2240,132332,93664,43148,0
85328,47752,76512,133080,161840,124264,1
78099,94473,86575,172572,164674,181048,1
43107,60918,65596,104025,108703,126514,1
57742,38862,90483,96604,148225,129345,1
69850,12279,3979,82129,73829,16258,0
15234,51361,57922,66595,73156,109283,1
83213,4929,24524,88142,107737,29453,0
15071,69804,46181,84875,61252,115985,0
5969,57798,77015,63767,82984,134813,0
56385,78,36641,56463,93026,36719,0
10358,92843,51296,103201,61654,144139,0
73559,74396,23687,147955,97246,98083,1
61818,59553,8859,121371,70677,68412,1
78250,10356,23909,88606,102159,34265,0
72927,35334,40971,108261,113898,76305,1
24579,95244,80417,119823,104996,175661,1
54780,61932,45065,116712,99845,106997,1
35263,88796,58384,124059,93647,147180,1
14046,34444,765,48490,14811,35209,0
79695,21952,99079,101647,178774,121031,1
81575,76,55522,81651,137097,55598,0
22295,72477,53592,94772,75887,126069,1
18595,95094,86392,113689,104987,181486,1
11255,47344,21019,58599,32274,68363,0
47926,87264,35601,135190,83527,122865,0
91239,53151,21742,144390,112981,74893,0
63955,50785,5177,114740,69132,55962,0
71408,87050,79204,158458,150612,166254,1
25667,45449,29215,71116,54882,74664,1
23387,92558,80157,115945,103544,172715,1
91468,39006,34067,130474,125535,73073,0
81318,71984,42247,153302,123565,114231,1
14352,70260,63266,84612,77618,133526,1
45734,56473,39303,102207,85037,95776,1
78351,65025,80408,143376,158759,145433,1
66027,17041,30740,83068,96767,47781,0
94445,16017,14113,110462,108558,30130,0
9999,18566,1736,28565,11735,20302,0
24389,35323,18914,59712,43303,54237,1
91838,83791,67715,175629,159553,151506,1
41478,89304,1699,130782,43177,91003,0
1663,61974,82365,63637,84028,144339,0
26202,70633,62194,96835,88396,132827,1
15854,90588,89603,106442,105457,180191,1
74967,87556,16618,162523,91585,104174,1
65521,37954,46838,103475,112359,84792,1
46682,92999,52367,139681,99049,145366,1
31034,44695,7389,75729,38423,52084,0
48904,73695,12298,122599,61202,85993,0
59997,59705,53274,119702,113271,112979,1
21529,91294,64098,112823,85627,155392,0
37870,53529,61830,91399,99700,115359,1
34741,76736,55518,111477,90259,132254,1
53102,17717,80644,70819,133746,98361,0
21165,90584,6443,111749,27608,97027,0
30126,73647,4092,103773,34218,77739,0
78565,71322,14462,149887,93027,85784,1
63317,48864,21784,112181,85101,70648,1
98412,5911,39010,104323,137422,44921,0
70399,25280,40301,95679,110700,65581,0
32870,95895,61440,128765,94310,157335,0
63991,27007,90802,90998,154793,117809,1
2347,30072,76399,32419,78746,106471,0
8394,62951,6308,71345,14702,69259,0
41614,16425,55948,58039,97562,72373,1
37361,69361,49611,106722,86972,118972,1
39346,17740,56932,57086,96278,74672,1
85367,11198,51902,96565,137269,63100,0
58741,78447,89495,137188,148236,167942,1
96356,10157,23762,106513,120118,33919,0
22102,14678,61358,36780,83460,76036,0
18249,93686,21091,111935,39340,114777,0
6485,79195,51644,85680,58129,130839,0
59813,31790,35085,91603,94898,66875,1
63669,74286,51829,137955,115498,126115,1
17301,75202,15701,92503,33002,90903,0
8364,6771,69623,15135,77987,76394,0
10446,38267,93709,48713,104155,131976,0
43777,64206,80044,107983,123821,144250,1
1753,61816,32810,63569,34563,94626,0
6325,18403,54926,24728,61251,73329,0
76264,64123,85771,140387,162035,149894,1
93866,96309,99525,190175,193391,195834,1
9854,68901,71221,78755,81075,140122,1
31603,52836,37685,84439,69288,90521,1
69664,9497,46038,79161,115702,55535,0
10857,74980,9281,85837,20138,84261,0
92330,67616,40026,159946,132356,107642,1
8077,56022,83484,64099,91561,139506,0
55298,72904,51295,128202,106593,124199,1
27112,56628,60998,83740,88110,117626,1
9449,3777,95513,13226,104962,99290,0
18509,16795,25994,35304,44503,42789,1
75273,77344,99271,152617,174544,176615,1
63469,97439,20920,160908,84389,118359,0
29475,49300,98634,78775,128109,147934,0
52101,69713,79746,121814,131847,149459,1
16652,38064,37918,54716,54570,75982,1
48000,88702,77084,136702,125084,165786,1
84251,62196,83957,146447,168208,146153,1
34684,34264,6715,68948,41399,40979,1
91834,40653,12241,132487,104075,52894,0
80361,28892,90233,109253,170594,119125,1
34797,88299,79077,123096,113874,167376,1
45462,37879,47500,83341,92962,85379,1
14533,53395,43950,67928,58483,97345,1
49817,35385,33998,85202,83815,69383,1
68725,79057,38970,147782,107695,118027,1
41250,19917,63421,61167,104671,83338,0
37382,57824,93810,95206,131192,151634,1
82639,37856,63664,120495,146303,101520,1
2335,5082,94645,7417,96980,99727,0
79485,17871,16794,97356,96279,34665,0
34165,16672,84819,50837,118984,101491,0
28995,37867,44221,66862,73216,82088,1
31419,91094,3812,122513,35231,94906,0
67320,16539,24587,83859,91907,41126,0
34114,36772,91610,70886,125724,128382,0
82305,64177,1517,146482,83822,65694,0
14531,32160,54631,46691,69162,86791,0
46666,77195,23427,123861,70093,100622,0
83624,47310,80632,130934,164256,127942,1
9704,47988,52023,57692,61727,100011,1
68620,3577,20019,72197,88639,23596,0
64184,15422,81736,79606,145920,97158,0
98251,85647,51524,183898,149775,137171,1
13872,59382,9672,73254,23544,69054,0
6732,60191,72816,66923,79548,133007,0
27792,61287,64338,89079,92130,125625,1
19050,95056,68785,114106,87835,163841,0
95844,77640,35415,173484,131259,113055,1
29129,50963,10283,80092,39412,61246,0
13444,5449,42887,18893,56331,48336,0
34672,56564,13046,91236,47718,69610,0
29841,33646,46844,63487,76685,80490,1
20022,13607,75509,33629,95531,89116,0
97727,52807,27477,150534,125204,80284,0
70965,55710,32514,126675,103479,88224,1
32050,14904,19401,46954,51451,34305,1
63712,15873,64385,79585,128097,80258,1
68102,84266,46471,152368,114573,130737,1
84396,24664,77051,109060,161447,101715,1
44460,29309,90123,73769,134583,119432,0
43802,26003,6557,69805,50359,32560,0
16702,25648,15255,42350,31957,40903,1
28869,82620,51945,111489,80814,134565,0
15714,72784,50016,88498,65730,122800,0
12024,9564,2716,21588,14740,12280,1
34944,47701,22699,82645,57643,70400,1
60085,45714,54474,105799,114559,100188,1
51784,50560,5246,102344,57030,55806,1
57115,60593,16108,117708,73223,76701,1
66760,19764,73534,86524,140294,93298,1
55120,80924,24605,136044,79725,105529,0
15973,44399,84672,60372,100645,129071,0
75011,92683,27827,167694,102838,120510,1
89950,4524,69952,94474,159902,74476,0
789,14430,29219,15219,30008,43649,0
40913,15468,41505,56381,82418,56973,1
28514,65324,80272,93838,108786,145596,1
67768,33355,59329,101123,127097,92684,1
63827,67761,65503,131588,129330,133264,1
47586,49191,48374,96777,95960,97565,1
73759,51668,5855,125427,79614,57523,0
59216,48748,98834,107964,158050,147582,1
97893,14066,28508,111959,126401,42574,0
11771,65034,89591,76805,101362,154625,0
75145,42093,45936,117238,121081,88029,1
30371,20946,25124,51317,55495,46070,1
2973,12917,66309,15890,69282,79226,0
84980,25350,6603,110330,91583,31953,0
5394,81294,7437,86688,12831,88731,0
827,79867,25241,80694,26068,105108,0
44803,67105,32108,111908,76911,99213,1
94575,45869,45633,140444,140208,91502,0
40240,11156,23128,51396,63368,34284,0
97012,66495,779,163507,97791,67274,0
94640,583,10509,95223,105149,11092,0
1402,94130,13067,95532,14469,107197,0
52943,25433,61514,78376,114457,86947,1
98006,68490,50962,166496,148968,119452,1
33583,55704,69938,89287,103521,125642,1
75089,86837,44652,161926,119741,131489,1
85336,91796,99591,177132,184927,191387,1
19447,29967,23554,49414,43001,53521,1
6093,69605,60102,75698,66195,129707,0
37535,7882,73093,45417,110628,80975,0
77275,39651,88922,116926,166197,128573,1
88649,28585,76117,117234,164766,104702,1
35830,14404,81758,50234,117588,96162,0
98383,95931,87557,194314,185940,183488,1
47748,748,95947,48496,143695,96695,0
5513,25706,68393,31219,73906,94099,0
53316,70555,61739,123871,115055,132294,1
44222,10673,25936,54895,70158,36609,0
44849,17068,65321,61917,110170,82389,0
75998,379,27066,76377,103064,27445,0
28155,94587,95292,122742,123447,189879,1
91030,45252,7979,136282,99009,53231,0
65405,11451,38110,76856,103515,49561,0
9612,88377,12226,97989,21838,100603,0
69520,62238,76376,131758,145896,138614,1
65941,17100,14786,83041,80727,31886,0
16224,9003,94118,25227,110342,103121,0
32928,70716,94364,103644,127292,165080,1
4324,33091,11889,37415,16213,44980,0
3564,26397,69370,29961,72934,95767,0
42125,79495,48933,121620,91058,128428,1
91007,65848,24245,156855,115252,90093,0
1701,90009,31024,91710,32725,121033,0
4307,91631,48935,95938,53242,140566,0
82875,62111,97855,144986,180730,159966,1
77684,42880,29882,120564,107566,72762,0
19188,52399,89159,71587,108347,141558,0
88946,93735,37549,182681,126495,131284,1
96815,73716,84410,170531,181225,158126,1
30198,40306,77754,70504,107952,118060,0
15017,67252,7785,82269,22802,75037,0
21152,12835,53246,33987,74398,66081,0
77756,58022,91427,135778,169183,149449,1
5660,52020,658,57680,6318,52678,0
47942,15244,84681,63186,132623,99925,0
85772,6575,88395,92347,174167,94970,1
42371,10879,31388,53250,73759,42267,0
23670,3563,43223,27233,66893,46786,0
13462,35079,75565,48541,89027,110644,0
45100,38778,2304,83878,47404,41082,0
61418,37514,97389,98932,158807,134903,1
87317,44681,75788,131998,163105,120469,1
16965,88334,67177,105299,84142,155511,0
31616,51682,86972,83298,118588,138654,0
22999,27308,81187,50307,104186,108495,0
85421,8971,99055,94392,184476,108026,0
65708,51981,99292,117689,165000,151273,1
23605,73231,11727,96836,35332,84958,0
76543,99557,65548,176100,142091,165105,1
41134,81263,57760,122397,98894,139023,1
28262,25379,55241,53641,83503,80620,0
53406,36524,46950,89930,100356,83474,1
43673,55462,48644,99135,92317,104106,1
40129,39740,8268,79869,48397,48008,1
65655,82354,60537,148009,126192,142891,1
56409,9685,84782,66094,141191,94467,0
2840,48049,36539,50889,39379,84588,0
75714,98913,2764,174627,78478,101677,0
30428,30424,47944,60852,78372,78368,1
29034,72488,58054,101522,87088,130542,1
21189,3295,58884,24484,80073,62179,0
11049,13095,95026,24144,106075,108121,0
76389,63781,90228,140170,166617,154009,1
53709,20298,22321,74007,76030,42619,0
42760,91803,66155,134563,108915,157958,1
33907,20575,88967,54482,122874,109542,0
91116,96495,26460,187611,117576,122955,1
80087,8277,8689,88364,88776,16966,0
45544,26598,68011,72142,113555,94609,1
17989,21357,20776,39346,38765,42133,1
71059,35469,70579,106528,141638,106048,1
26702,70710,30733,97412,57435,101443,0
37912,91423,53534,129335,91446,144957,1
42642,49383,19161,92025,61803,68544,1
8506,45312,49192,53818,57698,94504,1
63130,81632,92601,144762,155731,174233,1
19103,38316,86110,57419,105213,124426,0
71806,89687,96853,161493,168659,186540,1
97690,91966,39112,189656,136802,131078,1
87343,932,29964,88275,117307,30896,0
58008,60984,9670,118992,67678,70654,1
11567,26234,15716,37801,27283,41950,1
96358,83534,9454,179892,105812,92988,0
10108,16875,59429,26983,69537,76304,0
79801,37640,95363,117441,175164,133003,1
72625,60388,31726,133013,104351,92114,1
60755,49248,19720,110003,80475,68968,1
60777,82629,416,143406,61193,83045,0
76394,82606,79166,159000,155560,161772,1
15876,59792,35335,75668,51211,95127,0
32981,6163,10342,39144,43323,16505,0
36618,84829,69849,121447,106467,154678,1
36103,17984,3884,54087,39987,21868,0
37948,59724,88128,97672,126076,147852,1
647,30790,89714,31437,90361,120504,0
51899,60416,65351,112315,117250,125767,1
96990,62858,1285,159848,98275,64143,0
48763,60979,45357,109742,94120,106336,1
96695,65520,62085,162215,158780,127605,1
22315,36470,38152,58785,60467,74622,1
19554,75251,21422,94805,40976,96673,0
16473,99643,18571,116116,35044,118214,0
9712,84536,70379,94248,80091,154915,0
78081,33198,50759,111279,128840,83957,1
91146,2259,2923,93405,94069,5182,0
14155,27831,97970,41986,112125,125801,0
40870,34560,61581,75430,102451,96141,1
21918,26755,77066,48673,98984,103821,0
21671,58401,81292,80072,102963,139693,0
34671,31846,34713,66517,69384,66559,1
67389,56958,2977,124347,70366,59935,0
92299,71566,66011,163865,158310,137577,1
14600,59040,82262,73640,96862,141302,0
35146,17801,37759,52947,72905,55560,1
64839,53300,46337,118139,111176,99637,1
26056,24954,88738,51010,114794,113692,0
1775,51354,57189,53129,58964,108543,0
31811,40723,50449,72534,82260,91172,1
54015,98539,78593,152554,132608,177132,1
65793,94580,33113,160373,98906,127693,1
62134,27160,72881,89294,135015,100041,1
34416,23430,18220,57846,52636,41650,1
2337,1925,49725,4262,52062,51650,0
89505,39917,85886,129422,175391,125803,1
57093,38648,89245,95741,146338,127893,1
71997,35971,49801,107968,121798,85772,1
12412,55180,39584,67592,51996,94764,0
68530,4458,12031,72988,80561,16489,0
7809,59944,89807,67753,97616,149751,0
11507,66341,72548,77848,84055,138889,1
90147,35342,76287,125489,166434,111629,1
57468,3097,16371,60565,73839,19468,0
87185,61911,66123,149096,153308,128034,1
22888,51619,57383,74507,80271,109002,1
6664,882,85680,7546,92344,86562,0
25019,26389,71505,51408,96524,97894,0
73634,30852,87120,104486,160754,117972,1
61375,86271,85540,147646,146915,171811,1
64013,87150,16946,151163,80959,104096,0
54941,15045,67251,69986,122192,82296,1
27469,96700,64758,124169,92227,161458,0
32947,5927,88864,38874,121811,94791,0
70076,49095,85609,119171,155685,134704,1
42010,64044,77166,106054,119176,141210,1
96490,55376,60890,151866,157380,116266,1
39952,65728,76653,105680,116605,142381,1
97424,39595,63535,137019,160959,103130,1
15897,58761,5894,74658,21791,64655,0
73969,78322,32766,152291,106735,111088,1
38991,68804,62186,107795,101177,130990,1
18020,27902,42165,45922,60185,70067,1
47918,68800,24130,116718,72048,92930,1
8963,54391,6483,63354,15446,60874,0
53179,31384,55363,84563,108542,86747,1
97973,86853,8480,184826,106453,95333,0
72492,6208,74706,78700,147198,80914,1
13560,8828,9978,22388,23538,18806,1
12928,46673,91232,59601,104160,137905,0
67928,40743,67318,108671,135246,108061,1
7867,98408,78876,106275,86743,177284,0
83448,10414,46862,93862,130310,57276,0
97207,76257,95868,173464,193075,172125,1
43025,20874,5150,63899,48175,26024,0
15245,19449,19670,34694,34915,39119,1
77218,52036,35394,129254,112612,87430,1
70020,24418,77222,94438,147242,101640,1
62491,99451,65229,161942,127720,164680,1
63898,82486,79873,146384,143771,162359,1
15158,39944,91819,55102,106977,131763,0
12685,38029,16698,50714,29383,54727,0
23555,50776,50069,74331,73624,100845,1
83693,54075,50335,137768,134028,104410,1
5543,43303,45438,48846,50981,88741,1
86893,73275,34211,160168,121104,107486,1
218,48638,54795,48856,55013,103433,0
18169,17801,48489,35970,66658,66290,0
13407,85670,51199,99077,64606,136869,0
45176,70247,31544,115423,76720,101791,1
95599,40720,29684,136319,125283,70404,0
51958,33733,77930,85691,129888,111663,1
1432,24384,40175,25816,41607,64559,0
59987,91042,78839,151029,138826,169881,1
85790,12892,60806,98682,146596,73698,0
46778,41807,94817,88585,141595,136624,0
56022,80355,24091,136377,80113,104446,0
71716,29746,94394,101462,166110,124140,1
71570,42222,97244,113792,168814,139466,1
10763,23093,19456,33856,30219,42549,1
84800,29568,97683,114368,182483,127251,1
41570,14522,53274,56092,94844,67796,1
43375,80054,32691,123429,76066,112745,0
39248,34628,19732,73876,58980,54360,1
34068,75710,18478,109778,52546,94188,0
30899,99179,20290,130078,51189,119469,0
84798,25649,40541,110447,125339,66190,0
62595,8323,6784,70918,69379,15107,0
87228,49854,77212,137082,164440,127066,1
66931,41033,55142,107964,122073,96175,1
93542,54272,83365,147814,176907,137637,1
58871,75111,73817,133982,132688,148928,1
6581,13978,18644,20559,25225,32622,1
21880,91738,21989,113618,43869,113727,0
9747,11280,48508,21027,58255,59788,0
90853,12704,74459,103557,165312,87163,0
72888,60878,61816,133766,134704,122694,1
25243,35264,69976,60507,95219,105240,0
54854,56727,72213,111581,127067,128940,1
4732,18265,94937,22997,99669,113202,0
97835,75779,11947,173614,109782,87726,0
83561,23165,41507,106726,125068,64672,0
70585,19301,24732,89886,95317,44033,0
65924,10160,36474,76084,102398,46634,0
16066,96132,90262,112198,106328,186394,1
53772,9085,9254,62857,63026,18339,0
29961,50776,40513,80737,70474,91289,1
88527,19255,49637,107782,138164,68892,0
30828,43465,81202,74293,112030,124667,0
43969,49827,84702,93796,128671,134529,1
18052,1386,17461,19438,35513,18847,1
60963,55599,28460,116562,89423,84059,1
5315,32882,62608,38197,67923,95490,0
38865,12837,45159,51702,84024,57996,1
6979,7216,31523,14195,38502,38739,0
34179,93953,57115,128132,91294,151068,0
83690,60329,72046,144019,155736,132375,1
74547,6706,96906,81253,171453,103612,0
33155,87623,43527,120778,76682,131150,0
67627,37397,89448,105024,157075,126845,1
87286,71198,28654,158484,115940,99852,1
63907,35577,75805,99484,139712,111382,1
20801,11236,2360,32037,23161,13596,0
41340,24135,12382,65475,53722,36517,0
37692,52070,24738,89762,62430,76808,1
90281,27227,3388,117508,93669,30615,0
8908,38781,97776,47689,106684,136557,0
92022,33695,31676,125717,123698,65371,0
13577,1119,59915,14696,73492,61034,0
90869,34061,1599,124930,92468,35660,0
84225,27948,5443,112173,89668,33391,0
89842,11907,58698,101749,148540,70605,0
47549,6433,67558,53982,115107,73991,0
85277,7615,59780,92892,145057,67395,0
40742,1984,38173,42726,78915,40157,0
71802,26870,70068,98672,141870,96938,1
48664,40611,6587,89275,55251,47198,0
59503,43832,39223,103335,98726,83055,1
42201,35544,57400,77745,99601,92944,1
25845,37612,65154,63457,90999,102766,0
52549,3404,99989,55953,152538,103393,0
19025,35681,54041,54706,73066,89722,1
19660,66023,30904,85683,50564,96927,0
3441,93253,39276,96694,42717,132529,0
1913,542,82648,2455,84561,83190,0
8250,75670,19131,83920,27381,94801,0
2960,50639,74732,53599,77692,125371,0
70399,34385,10235,104784,80634,44620,0
16851,40866,56194,57717,73045,97060,1
67788,67572,59599,135360,127387,127171,1
39454,25162,94573,64616,134027,119735,0
84565,5045,40536,89610,125101,45581,0
80951,30895,41209,111846,122160,72104,0
71018,88836,67546,159854,138564,156382,1
89336,10055,1548,99391,90884,11603,0
93054,51756,83440,144810,176494,135196,1
79146,29302,35850,108448,114996,65152,0
36661,74111,76769,110772,113430,150880,1
50664,72798,36514,123462,87178,109312,1
73072,1636,54649,74708,127721,56285,0
22457,59000,54083,81457,76540,113083,1
52786,40675,91788,93461,144574,132463,1
25801,65291,37582,91092,63383,102873,0
54267,53970,38053,108237,92320,92023,1
51328,38346,77070,89674,128398,115416,1
17093,24647,30247,41740,47340,54894,1
94380,21015,13102,115395,107482,34117,0
88859,68753,2101,157612,90960,70854,0
59526,9778,77807,69304,137333,87585,0
66109,43703,70356,109812,136465,114059,1
45796,4704,94338,50500,140134,99042,0
19015,63198,77735,82213,96750,140933,1
95159,41494,80410,136653,175569,121904,1
52847,37973,82898,90820,135745,120871,1
50736,80471,33874,131207,84610,114345,1
89629,22081,39694,111710,129323,61775,0
76923,52971,44098,129894,121021,97069,1
32624,69914,59653,102538,92277,129567,1
13562,99987,5436,113549,18998,105423,0
78512,84722,31039,163234,109551,115761,1
86616,13044,81369,99660,167985,94413,1
72845,43556,43667,116401,116512,87223,1
37808,42731,54519,80539,92327,97250,1
54297,41299,8690,95596,62987,49989,0
56323,66809,34808,123132,91131,101617,1
88401,96861,82367,185262,170768,179228,1
39243,39206,1484,78449,40727,40690,1
96225,30035,97638,126260,193863,127673,1
68257,72411,60229,140668,128486,132640,1
30899,25020,15834,55919,46733,40854,1
69328,23744,54992,93072,124320,78736,1
55759,4295,48897,60054,104656,53192,0
44059,38475,67237,82534,111296,105712,1
13867,94468,82904,108335,96771,177372,1
39061,43851,26353,82912,65414,70204,1
94123,52509,45550,146632,139673,98059,1
93182,22372,21285,115554,114467,43657,0
45830,27886,24925,73716,70755,52811,1
5946,49353,81661,55299,87607,131014,0
69541,29461,74904,99002,144445,104365,1
85357,33230,86497,118587,171854,119727,1
61313,13294,30974,74607,92287,44268,0
81873,41275,23817,123148,105690,65092,0
86378,40193,6769,126571,93147,46962,0
67724,28690,14465,96414,82189,43155,0
52864,93597,12838,146461,65702,106435,0
25503,92087,28098,117590,53601,120185,0
87356,76962,52385,164318,139741,129347,1
20288,5766,53068,26054,73356,58834,0
77567,71444,72578,149011,150145,144022,1
57999,62208,29145,120207,87144,91353,1
70965,49903,84542,120868,155507,134445,1
44514,2488,50076,47002,94590,52564,0
58929,25835,62216,84764,121145,88051,1
17079,5616,18226,22695,35305,23842,1
93940,6750,97233,100690,191173,103983,1
75970,7165,70241,83135,146211,77406,1
1975,21421,23399,23396,25374,44820,0
23182,42099,75867,65281,99049,117966,0
73912,12431,52794,86343,126706,65225,0
95496,82416,58301,177912,153797,140717,1
20893,90044,97281,110937,118174,187325,1
97649,69909,57811,167558,155460,127720,1
88821,92581,11123,181402,99944,103704,1
12610,8278,84219,20888,96829,92497,0
52139,59271,78282,111410,130421,137553,1
60522,33925,68438,94447,128960,102363,1
44892,58048,82027,102940,126919,140075,1
44572,35943,30168,80515,74740,66111,1
93600,71636,50942,165236,144542,122578,1
32039,51133,78187,83172,110226,129320,1
25535,98097,73396,123632,98931,171493,1
32901,33044,23339,65945,56240,56383,1
43707,28653,88101,72360,131808,116754,0
23803,41562,91816,65365,115619,133378,0
38678,66665,77889,105343,116567,144554,1
11580,27362,64101,38942,75681,91463,0
41320,52727,11001,94047,52321,63728,0
9356,1764,39212,11120,48568,40976,0
43868,72662,93585,116530,137453,166247,1
90776,5909,77250,96685,168026,83159,0
94781,41337,15479,136118,110260,56816,0
39885,18524,57770,58409,97655,76294,1
65547,71585,54123,137132,119670,125708,1
79203,51605,66737,130808,145940,118342,1
51702,53057,6665,104759,58367,59722,1
87422,77984,98566,165406,185988,176550,1
37893,66742,50907,104635,88800,117649,1
29259,39463,92712,68722,121971,132175,0
87480,11569,31082,99049,118562,42651,0
80342,59834,85455,140176,165797,145289,1
1792,50906,89496,52698,91288,140402,0
72105,49809,48715,121914,120820,98524,1
3775,78408,49339,82183,53114,127747,0
37124,48768,33134,85892,70258,81902,1
45038,508,22158,45546,67196,22666,0
90585,64227,29127,154812,119712,93354,1
75769,6881,16959,82650,92728,23840,0
12321,91618,20669,103939,32990,112287,0
16439,27296,80895,43735,97334,108191,0
88360,2665,89621,91025,177981,92286,1
34712,90523,66172,125235,100884,156695,1
33553,39325,77880,72878,111433,117205,0
6264,61156,41561,67420,47825,102717,0
34391,24656,64374,59047,98765,89030,0
37396,36389,29351,73785,66747,65740,1
7549,83252,41167,90801,48716,124419,0
34319,45059,99705,79378,134024,144764,0
77345,42891,50032,120236,127377,92923,1
68004,34924,25833,102928,93837,60757,0
32075,37798,78551,69873,110626,116349,0
22723,63907,59809,86630,82532,123716,1
62716,63961,38036,126677,100752,101997,1
54139,74048,17315,128187,71454,91363,0
70727,6809,66612,77536,137339,73421,1
29377,30025,98390,59402,127767,128415,0
61047,39404,20437,100451,81484,59841,0
994,81802,33105,82796,34099,114907,0
61552,17397,60995,78949,122547,78392,1
27969,29566,38849,57535,66818,68415,1
43207,58098,74162,101305,117369,132260,1
95368,45690,29693,141058,125061,75383,0
30789,22056,44120,52845,74909,66176,1
91434,7360,36357,98794,127791,43717,0
88624,72885,380,161509,89004,73265,0
6573,85394,14873,91967,21446,100267,0
18930,39578,6693,58508,25623,46271,0
26901,43185,47266,70086,74167,90451,1
63744,44510,27024,108254,90768,71534,1
51111,2498,56020,53609,107131,58518,0
99720,52629,83749,152349,183469,136378,1
2894,59795,7522,62689,10416,67317,0
68923,68902,37552,137825,106475,106454,1
30428,78250,33023,108678,63451,111273,0
56649,29508,50915,86157,107564,80423,1
24716,66444,3548,91160,28264,69992,0
84180,33677,57917,117857,142097,91594,1
11895,74550,13690,86445,25585,88240,0
31752,51130,77330,82882,109082,128460,1
33874,40811,33478,74685,67352,74289,1
99299,63620,60194,162919,159493,123814,1
18981,87488,31839,106469,50820,119327,0
66951,18211,18193,85162,85144,36404,0
48413,20377,48875,68790,97288,69252,1
93642,50080,92512,143722,186154,142592,1
19628,98370,79032,117998,98660,177402,1
88997,43208,25683,132205,114680,68891,0
65745,20207,72654,85952,138399,92861,1
88111,16940,59995,105051,148106,76935,0
58892,49070,22622,107962,81514,71692,1
50543,40855,54087,91398,104630,94942,1
61775,27774,32270,89549,94045,60044,0
47801,55791,81799,103592,129600,137590,1
94110,16078,72060,110188,166170,88138,0
70598,80206,4348,150804,74946,84554,0
93903,67129,56831,161032,150734,123960,1
22353,82871,76438,105224,98791,159309,1
68740,34403,53619,103143,122359,88022,1
2985,23696,83744,26681,86729,107440,0
84511,11295,54662,95806,139173,65957,0
74356,84230,11465,158586,85821,95695,1
67049,15291,63454,82340,130503,78745,1
88268,30519,74234,118787,162502,104753,1
86169,26776,3897,112945,90066,30673,0
68959,56381,91022,125340,159981,147403,1
89705,34926,79422,124631,169127,114348,1
38805,1201,70841,40006,109646,72042,0
87214,12122,23151,99336,110365,35273,0
84992,16617,2027,101609,87019,18644,0
76250,36646,63464,112896,139714,100110,1
86037,5248,61460,91285,147497,66708,0
37292,74352,12509,111644,49801,86861,0
14528,71828,84131,86356,98659,155959,1
4972,59407,9203,64379,14175,68610,0
51895,95077,6060,146972,57955,101137,0
74109,4346,82395,78455,156504,86741,0
76895,60523,89358,137418,166253,149881,1
88369,25932,60883,114301,149252,86815,0
41233,31029,26396,72262,67629,57425,1
63454,40377,14181,103831,77635,54558,0
66506,39047,16813,105553,83319,55860,0
2901,1353,89963,4254,92864,91316,0
23261,62759,26856,86020,50117,89615,0
22531,24648,66043,47179,88574,90691,0
91526,18232,53788,109758,145314,72020,0
45787,90191,2266,135978,48053,92457,0
19904,78592,27581,98496,47485,106173,0
65612,97844,93748,163456,159360,191592,1
26329,36117,3735,62446,30064,39852,0
28201,78142,19695,106343,47896,97837,0
30042,61111,12594,91153,42636,73705,0
43732,62386,10920,106118,54652,73306,0
58170,25391,2939,83561,61109,28330,0
16215,82978,5110,99193,21325,88088,0
33500,46414,29762,79914,63262,76176,1
80479,4881,41003,85360,121482,45884,0
64823,45063,18713,109886,83536,63776,0
7778,71018,66678,78796,74456,137696,1
58009,81767,43879,139776,101888,125646,1
19748,82788,17794,102536,37542,100582,0
60198,81373,18788,141571,78986,100161,0
63334,83897,53972,147231,117306,137869,1
36771,3894,74929,40665,111700,78823,0
14054,13798,57760,27852,71814,71558,0
12963,56256,7852,69219,20815,64108,0
44752,49390,62374,94142,107126,111764,1
44329,13427,36378,57756,80707,49805,1
65096,90404,52920,155500,118016,143324,1
67844,91557,96464,159401,164308,188021,1
54946,924,22345,55870,77291,23269,0
12358,14066,761,26424,13119,14827,0
75434,27550,92156,102984,167590,119706,1
11652,66244,26239,77896,37891,92483,0
26040,67655,39294,93695,65334,106949,0
57199,86200,94779,143399,151978,180979,1
97059,70318,1651,167377,98710,71969,0
42280,71413,35825,113693,78105,107238,1
41792,84767,37473,126559,79265,122240,0
51191,22924,96105,74115,147296,119029,0
99303,46218,50155,145521,149458,96373,0
19937,18692,45308,38629,65245,64000,0
66819,12523,84853,79342,151672,97376,0
16343,40704,36424,57047,52767,77128,1
72421,87354,89896,159775,162317,177250,1
2044,49407,28475,51451,30519,77882,0
13239,50520,52329,63759,65568,102849,1
10629,56654,4001,67283,14630,60655,0
5601,38269,44451,43870,50052,82720,0
27869,51205,76181,79074,104050,127386,1
61885,41229,79259,103114,141144,120488,1
20988,76191,9562,97179,30550,85753,0
82849,15732,4502,98581,87351,20234,0
50127,41131,86678,91258,136805,127809,1
41814,80524,85711,122338,127525,166235,1
78663,44472,52640,123135,131303,97112,1
70088,95765,82845,165853,152933,178610,1
3404,7069,92271,10473,95675,99340,0
84269,18787,63562,103056,147831,82349,0
1875,44450,78931,46325,80806,123381,0
30131,39838,85875,69969,116006,125713,0
13585,4269,39208,17854,52793,43477,0
56170,80317,24936,136487,81106,105253,1
38387,53968,99683,92355,138070,153651,0
52794,58055,61233,110849,114027,119288,1
5830,14476,20465,20306,26295,34941,0
22198,3179,66220,25377,88418,69399,0
3100,29324,18983,32424,22083,48307,0
8997,67144,46578,76141,55575,113722,0
51995,65465,95653,117460,147648,161118,1
77645,37914,700,115559,78345,38614,0
98978,73532,65259,172510,164237,138791,1
83871,74047,65032,157918,148903,139079,1
78737,95991,24324,174728,103061,120315,1
84780,81238,37846,166018,122626,119084,1
9793,27074,30886,36867,40679,57960,1
16644,34821,71181,51465,87825,106002,0
28970,80297,69725,109267,98695,150022,1
37224,45083,56987,82307,94211,102070,1
80890,3750,66039,84640,146929,69789,0
60483,10497,24254,70980,84737,34751,0
56207,64256,62035,120463,118242,126291,1
86142,59471,49927,145613,136069,109398,1
63387,21521,34758,84908,98145,56279,0
329,30631,26224,30960,26553,56855,0
50507,67025,40511,117532,91018,107536,1
64177,21682,76283,85859,140460,97965,1
94099,70002,24716,164101,118815,94718,1
58951,57730,58028,116681,116979,115758,1
40818,69839,48166,110657,88984,118005,1
36883,16315,51180,53198,88063,67495,1
96067,39770,80592,135837,176659,120362,1
59172,23222,773,82394,59945,23995,0
52179,87178,59347,139357,111526,146525,1
94885,18317,18627,113202,113512,36944,0
72686,57776,2155,130462,74841,59931,0
79678,35549,34230,115227,113908,69779,0
377,52822,15586,53199,15963,68408,0
4721,25474,35060,30195,39781,60534,0
58027,39837,56038,97864,114065,95875,1
30939,24185,44748,55124,75687,68933,1
23415,4651,15319,28066,38734,19970,0
39769,83413,26363,123182,66132,109776,0
87114,11581,20188,98695,107302,31769,0
91025,50684,43933,141709,134958,94617,1
54636,78614,32230,133250,86866,110844,1
87170,3530,91385,90700,178555,94915,0
30402,16442,66571,46844,96973,83013,0
42453,9745,18844,52198,61297,28589,0
80303,92935,45286,173238,125589,138221,1
56759,77253,22597,134012,79356,99850,1
27723,30164,30146,57887,57869,60310,1
3989,35875,93241,39864,97230,129116,0
46803,50524,33990,97327,80793,84514,1
18987,16596,79746,35583,98733,96342,0
91691,64964,51345,156655,143036,116309,1
12372,51132,38226,63504,50598,89358,0
92104,5748,71455,97852,163559,77203,0
9972,87271,33351,97243,43323,120622,0
95018,54339,15035,149357,110053,69374,0
97564,91939,58852,189503,156416,150791,1
64852,36964,27072,101816,91924,64036,0
83283,87323,30052,170606,113335,117375,1
30718,72773,47745,103491,78463,120518,1
15628,9551,14743,25179,30371,24294,1
12280,35488,89222,47768,101502,124710,0
86077,89150,72828,175227,158905,161978,1
18758,20866,93427,39624,112185,114293,0
92078,59040,98674,151118,190752,157714,1
89851,44869,72439,134720,162290,117308,1
69303,25204,48198,94507,117501,73402,1
56445,17823,14234,74268,70679,32057,0
16290,97908,74989,114198,91279,172897,0
59322,48276,73051,107598,132373,121327,1
63984,53918,71668,117902,135652,125586,1
24268,23215,73896,47483,98164,97111,0
51421,77706,95736,129127,147157,173442,1
46041,84612,22345,130653,68386,106957,0
39861,50816,96074,90677,135935,146890,0
6955,86995,39532,93950,46487,126527,0
33641,72194,69372,105835,103013,141566,1
34506,9000,22090,43506,56596,31090,0
98080,78054,7490,176134,105570,85544,0
1590,1623,89284,3213,90874,90907,0
22102,40717,3461,62819,25563,44178,0
33565,82810,27665,116375,61230,110475,0
61801,89564,63680,151365,125481,153244,1
85388,73934,15832,159322,101220,89766,1
75674,93818,66677,169492,142351,160495,1
18675,98935,46581,117610,65256,145516,0
81220,77357,44045,158577,125265,121402,1
75152,90993,72608,166145,147760,163601,1
33579,84464,66837,118043,100416,151301,1
20859,17250,50629,38109,71488,67879,0
3947,71630,19107,75577,23054,90737,0
7389,89213,81230,96602,88619,170443,0
37706,69672,75795,107378,113501,145467,1
68564,91305,5330,159869,73894,96635,0
4864,49669,49123,54533,53987,98792,1
95326,64659,65832,159985,161158,130491,1
84328,99082,69176,183410,153504,168258,1
82586,76947,88877,159533,171463,165824,1
23755,32465,1372,56220,25127,33837,0
39444,61429,6615,100873,46059,68044,0
44602,72674,1108,117276,45710,73782,0
86624,35546,63489,122170,150113,99035,1
40911,62517,66796,103428,107707,129313,1
40326,93188,80336,133514,120662,173524,1
20685,14171,47884,34856,68569,62055,0
31583,54491,97466,86074,129049,151957,0
39469,49455,56134,88924,95603,105589,1
78145,55250,34020,133395,112165,89270,1
35058,98001,39063,133059,74121,137064,0
37019,51860,24030,88879,61049,75890,1
56349,70136,53257,126485,109606,123393,1
68014,31891,51527,99905,119541,83418,1
60195,6066,42027,66261,102222,48093,0
79871,47484,42426,127355,122297,89910,1
55172,58394,98221,113566,153393,156615,1
85930,17438,11994,103368,97924,29432,0
36260,21163,15981,57423,52241,37144,1
80142,88052,63317,168194,143459,151369,1
91689,55292,54020,146981,145709,109312,1
97993,50001,61302,147994,159295,111303,1
41468,42727,9527,84195,50995,52254,1
76298,32604,79862,108902,156160,112466,1
82224,77738,89534,159962,171758,167272,1
80746,5746,41007,86492,121753,46753,0
72725,6186,49303,78911,122028,55489,0
86200,16014,71602,102214,157802,87616,1
20252,17240,20020,37492,40272,37260,1
15135,88108,17828,103243,32963,105936,0
5659,74552,88424,80211,94083,162976,0
160,16653,38253,16813,38413,54906,0
29731,90845,75424,120576,105155,166269,1
70908,75645,13087,146553,83995,88732,1
32734,53543,36346,86277,69080,89889,1
94731,84877,27762,179608,122493,112639,1
35320,24908,3323,60228,38643,28231,0
60257,90662,53828,150919,114085,144490,1
58016,32983,69316,90999,127332,102299,1
82108,63638,4258,145746,86366,67896,0
20493,85731,7164,106224,27657,92895,0
60416,71438,57278,131854,117694,128716,1
30359,93448,17266,123807,47625,110714,0
33243,18571,17322,51814,50565,35893,1
42232,19409,40761,61641,82993,60170,1
65401,60225,95318,125626,160719,155543,1
57273,61346,99217,118619,156490,160563,1
30214,63011,80703,93225,110917,143714,1
42688,30809,26896,73497,69584,57705,1
41452,23139,54207,64591,95659,77346,1
37478,10482,62042,47960,99520,72524,0
51052,39007,74436,90059,125488,113443,1
47818,53706,22052,101524,69870,75758,1
55479,93606,50354,149085,105833,143960,1
22983,13824,98676,36807,121659,112500,0
22372,64049,89118,86421,111490,153167,0
59320,96530,36403,155850,95723,132933,0
51214,4380,11615,55594,62829,15995,0
45458,33693,5200,79151,50658,38893,0
51308,2596,35124,53904,86432,37720,0
78997,46664,965,125661,79962,47629,0
64275,77807,65944,142082,130219,143751,1
34021,20222,10019,54243,44040,30241,0
99203,21167,74559,120370,173762,95726,0
24767,9144,75639,33911,100406,84783,0
32607,51512,42859,84119,75466,94371,1
48188,82099,34354,130287,82542,116453,1
26189,38178,84586,64367,110775,122764,0
53282,21820,70075,75102,123357,91895,1
58009,54085,30259,112094,88268,84344,1
12256,25423,1191,37679,13447,26614,0
32729,76897,71499,109626,104228,148396,1
50183,46727,99536,96910,149719,146263,0
36910,66345,57245,103255,94155,123590,1
77537,25555,42791,103092,120328,68346,0
57643,86033,14891,143676,72534,100924,0
67203,36098,32602,103301,99805,68700,1
71137,18469,54204,89606,125341,72673,1
56609,82374,59427,138983,116036,141801,1
54257,62037,58519,116294,112776,120556,1
67846,41307,14290,109153,82136,55597,0
88542,27072,18142,115614,106684,45214,0
95816,12333,58795,108149,154611,71128,0
3020,79636,48368,82656,51388,128004,0
60630,83353,82411,143983,143041,165764,1
89468,5610,63908,95078,153376,69518,0
79118,20130,88429,99248,167547,108559,1
26041,94631,64707,120672,90748,159338,0
28911,18316,73668,47227,102579,91984,0
75343,80249,21283,155592,96626,101532,1
27523,2736,68448,30259,95971,71184,0
88918,67397,7728,156315,96646,75125,0
71677,36125,57945,107802,129622,94070,1
73089,51312,23461,124401,96550,74773,1
26630,37670,97078,64300,123708,134748,0
72686,4548,42038,77234,114724,46586,0
29950,51778,62556,81728,92506,114334,1
58061,7965,31108,66026,89169,39073,0
82284,65441,9427,147725,91711,74868,0
67059,44639,39674,111698,106733,84313,1
75836,2296,15315,78132,91151,17611,0
75694,37071,10505,112765,86199,47576,0
30942,75671,40978,106613,71920,116649,0
19473,66585,75007,86058,94480,141592,1
77881,65771,98810,143652,176691,164581,1
15625,51903,55940,67528,71565,107843,1
40890,84178,92248,125068,133138,176426,1
9486,96637,68223,106123,77709,164860,0
49849,39777,12019,89626,61868,51796,1
3852,81378,58893,85230,62745,140271,0
39769,34277,76102,74046,115871,110379,0
83357,68023,84663,151380,168020,152686,1
56722,33864,64978,90586,121700,98842,1
67136,88988,74578,156124,141714,163566,1
47078,95418,49259,142496,96337,144677,1
61578,8272,29471,69850,91049,37743,0
35278,55832,65964,91110,101242,121796,1
42090,15981,45945,58071,88035,61926,1
50362,10522,18827,60884,69189,29349,0
13556,13927,70859,27483,84415,84786,0
66538,53240,66991,119778,133529,120231,1
38575,96408,21946,134983,60521,118354,0
57381,4816,49996,62197,107377,54812,0
77892,3301,67443,81193,145335,70744,0
5508,96290,93853,101798,99361,190143,1
47360,33011,73370,80371,120730,106381,1
47310,71473,16208,118783,63518,87681,0
65144,37276,12406,102420,77550,49682,0
15736,56562,67639,72298,83375,124201,1
90688,4539,15547,95227,106235,20086,0
46542,94400,73087,140942,119629,167487,1
95846,97836,17436,193682,113282,115272,1
9548,54236,33358,63784,42906,87594,0
90106,1828,98703,91934,188809,100531,0
42990,65280,4176,108270,47166,69456,0
73635,36068,85002,109703,158637,121070,1
39860,40806,44744,80666,84604,85550,1
28239,38925,7458,67164,35697,46383,0
16465,80099,75309,96564,91774,155408,1
3423,34194,29477,37617,32900,63671,0
39690,51529,29847,91219,69537,81376,1
12538,19145,18457,31683,30995,37602,1
4723,3320,45226,8043,49949,48546,0
94414,68944,172,163358,94586,69116,0
80067,97799,80075,177866,160142,177874,1
81994,13970,75999,95964,157993,89969,1
15274,74782,7592,90056,22866,82374,0
8013,43067,8300,51080,16313,51367,0
77236,35764,86593,113000,163829,122357,1
18247,29,21695,18276,39942,21724,0
4135,82080,94426,86215,98561,176506,0
74766,9205,36296,83971,111062,45501,0
86438,20250,51627,106688,138065,71877,0
34375,60483,11127,94858,45502,71610,0
49086,42376,95771,91462,144857,138147,0
23252,44907,67961,68159,91213,112868,1
4057,87430,92171,91487,96228,179601,0
64046,99642,36945,163688,100991,136587,1
61949,64203,69306,126152,131255,133509,1
95843,23559,76093,119402,171936,99652,1
4560,29895,22156,34455,26716,52051,0
21069,64113,92620,85182,113689,156733,0
52287,39588,68676,91875,120963,108264,1
60989,32422,10667,93411,71656,43089,0
78620,29974,51334,108594,129954,81308,1
61233,63460,33763,124693,94996,97223,1
88874,45522,55774,134396,144648,101296,1
87973,92655,62686,180628,150659,155341,1
81053,22669,41201,103722,122254,63870,0
11005,322,76506,11327,87511,76828,0
59499,245,35395,59744,94894,35640,0
97009,10968,66619,107977,163628,77587,0
35568,91095,23074,126663,58642,114169,0
21056,18710,37634,39766,58690,56344,1
33743,67403,31689,101146,65432,99092,0
9731,78225,88477,87956,98208,166702,0
57411,9985,35789,67396,93200,45774,0
48709,43794,65091,92503,113800,108885,1
80323,4318,57879,84641,138202,62197,0
33955,92876,3275,126831,37230,96151,0
39071,35591,29899,74662,68970,65490,1
97730,99847,68720,197577,166450,168567,1
35485,36906,93484,72391,128969,130390,0
58603,86338,39542,144941,98145,125880,1
66919,70885,33972,137804,100891,104857,1
64705,41259,61001,105964,125706,102260,1
96645,20740,69892,117385,166537,90632,0
85584,72267,5281,157851,90865,77548,0
69439,94571,1875,164010,71314,96446,0
15862,78503,66629,94365,82491,145132,1
16343,97116,82506,113459,98849,179622,1
49836,92072,50347,141908,100183,142419,1
5854,65902,92108,71756,97962,158010,0
8835,24588,41107,33423,49942,65695,0
46599,98034,8249,144633,54848,106283,0
14914,92317,59737,107231,74651,152054,0
52709,52493,65847,105202,118556,118340,1
96758,91183,81264,187941,178022,172447,1
86528,41170,59545,127698,146073,100715,1
56623,61866,78883,118489,135506,140749,1
79167,68459,66772,147626,145939,135231,1
11886,83172,64887,95058,76773,148059,0
95671,92974,61142,188645,156813,154116,1
74955,40012,73546,114967,148501,113558,1
16154,48766,96762,64920,112916,145528,0
423,83595,83986,84018,84409,167581,1
84033,43575,53343,127608,137376,96918,1
86841,88807,65980,175648,152821,154787,1
31489,70714,43955,102203,75444,114669,1
3170,20196,37447,23366,40617,57643,0
73994,86646,80008,160640,154002,166654,1
49287,19234,66177,68521,115464,85411,1
89074,96487,57156,185561,146230,153643,1
45300,7322,52931,52622,98231,60253,0
65555,1399,99136,66954,164691,100535,0
68694,12348,1500,81042,70194,13848,0
26295,2737,68058,29032,94353,70795,0
48573,45611,12784,94184,61357,58395,1
11760,99584,93460,111344,105220,193044,1
13692,22143,44618,35835,58310,66761,0
2503,74329,88606,76832,91109,162935,0
22457,12252,43845,34709,66302,56097,0
46411,76011,68488,122422,114899,144499,1
27081,30337,37431,57418,64512,67768,1
6161,65340,49802,71501,55963,115142,0
26262,9491,46835,35753,73097,56326,0
53323,20487,85070,73810,138393,105557,0
93894,37333,17582,131227,111476,54915,0
32160,38101,48500,70261,80660,86601,1
59772,46592,10536,106364,70308,57128,0
30421,90657,3205,121078,33626,93862,0
68120,76751,96961,144871,165081,173712,1
74393,60096,19656,134489,94049,79752,1
47107,40344,78591,87451,125698,118935,1
40829,1920,64795,42749,105624,66715,0
77907,84977,31642,162884,109549,116619,1
3740,57546,30831,61286,34571,88377,0
46101,34465,43244,80566,89345,77709,1
25294,25977,78110,51271,103404,104087,0
83853,60898,73839,144751,157692,134737,1
39676,35205,41740,74881,81416,76945,1
22952,40674,39314,63626,62266,79988,1
78655,29940,97096,108595,175751,127036,1
79507,29923,64738,109430,144245,94661,1
27333,73560,87871,100893,115204,161431,1
6713,97588,45901,104301,52614,143489,0
94394,3501,68813,97895,163207,72314,0
8317,62270,51894,70587,60211,114164,0
63516,43559,98758,107075,162274,142317,1
1201,90806,78785,92007,79986,169591,0
72019,30092,57041,102111,129060,87133,1
86883,61384,36071,148267,122954,97455,1
8401,23033,56297,31434,64698,79330,0
68294,37355,59134,105649,127428,96489,1
32844,14864,95812,47708,128656,110676,0
15409,67546,91432,82955,106841,158978,0
96173,5649,30719,101822,126892,36368,0
27055,67611,87534,94666,114589,155145,1
70162,76638,81545,146800,151707,158183,1
8772,41467,37202,50239,45974,78669,1
79474,2352,38967,81826,118441,41319,0
90180,10352,79183,100532,169363,89535,0
32414,29007,39822,61421,72236,68829,1
15929,1609,72016,17538,87945,73625,0
50577,82343,92976,132920,143553,175319,1
59255,28137,23115,87392,82370,51252,0
89514,340,85190,89854,174704,85530,0
55540,42962,53917,98502,109457,96879,1
71265,53703,78403,124968,149668,132106,1
59079,68705,39603,127784,98682,108308,1
89946,88507,68616,178453,158562,157123,1
55228,74778,34251,130006,89479,109029,1
32151,59986,54564,92137,86715,114550,1
9081,9777,12013,18858,21094,21790,1
79203,40507,58292,119710,137495,98799,1
61993,70126,83963,132119,145956,154089,1
43544,71212,46446,114756,89990,117658,1
85921,90989,7058,176910,92979,98047,1
64401,85387,19729,149788,84130,105116,0
24608,25380,79221,49988,103829,104601,0
16964,41397,98364,58361,115328,139761,0
24038,91770,39132,115808,63170,130902,0
20529,60530,49179,81059,69708,109709,1
61779,5886,23240,67665,85019,29126,0
52902,7921,15314,60823,68216,23235,0
27227,77381,42264,104608,69491,119645,0
70895,37566,67631,108461,138526,105197,1
10576,74824,76588,85400,87164,151412,1
38615,16999,5099,55614,43714,22098,0
84114,5070,34949,89184,119063,40019,0
71027,8819,6856,79846,77883,15675,0
21710,41433,56856,63143,78566,98289,1
89499,51659,67023,141158,156522,118682,1
78463,23070,17725,101533,96188,40795,0
74288,38186,82455,112474,156743,120641,1
84599,9887,87769,94486,172368,97656,1
43591,88,68719,43679,112310,68807,0
21540,76375,84303,97915,105843,160678,1
3908,44395,81448,48303,85356,125843,0
54301,85376,59106,139677,113407,144482,1
28309,65339,53848,93648,82157,119187,1
41024,77712,49016,118736,90040,126728,1
23905,54611,7592,78516,31497,62203,0
82490,45139,70400,127629,152890,115539,1
64196,39203,85031,103399,149227,124234,1
26618,59538,60300,86156,86918,119838,1
91319,23081,97192,114400,188511,120273,1
17057,4377,8843,21434,25900,13220,0
23868,556,3823,24424,27691,4379,0
48927,98099,91282,147026,140209,189381,1
90757,76787,93975,167544,184732,170762,1
21492,81240,7855,102732,29347,89095,0
7724,97873,11549,105597,19273,109422,0
21151,53157,36028,74308,57179,89185,1
37014,17776,26465,54790,63479,44241,1
70247,35336,28271,105583,98518,63607,0
22895,88058,83907,110953,106802,171965,1
91147,4625,20602,95772,111749,25227,0
97021,81493,1693,178514,98714,83186,0
67883,37163,89974,105046,157857,127137,1
47618,7628,13389,55246,61007,21017,0
38749,42097,77702,80846,116451,119799,1
86305,15621,34442,101926,120747,50063,0
60240,82949,10826,143189,71066,93775,0
8496,82506,65234,91002,73730,147740,0
36840,80971,25418,117811,62258,106389,0
89244,1096,1743,90340,90987,2839,0
82094,85947,4648,168041,86742,90595,1
43840,46739,25123,90579,68963,71862,1
25111,68282,5597,93393,30708,73879,0
21479,69082,5245,90561,26724,74327,0
91345,63252,24542,154597,115887,87794,0
24499,35520,14482,60019,38981,50002,1
67785,65061,16659,132846,84444,81720,1
98756,6885,72465,105641,171221,79350,0
39480,58067,26420,97547,65900,84487,1
46493,83807,43090,130300,89583,126897,1
47786,55541,8740,103327,56526,64281,1
91562,22352,31656,113914,123218,54008,0
42937,67190,80449,110127,123386,147639,1
15160,44631,95751,59791,110911,140382,0
44071,58360,30234,102431,74305,88594,1
53713,41299,27340,95012,81053,68639,1
61426,28259,80149,89685,141575,108408,1
39174,43048,91413,82222,130587,134461,0
44968,58775,25722,103743,70690,84497,1
13130,57937,68589,71067,81719,126526,1
60539,73651,6924,134190,67463,80575,0
14106,2841,7148,16947,21254,9989,0
37405,89700,503,127105,37908,90203,0
19549,8556,51515,28105,71064,60071,0
20999,68004,17955,89003,38954,85959,0
70182,35685,32603,105867,102785,68288,0
79372,37107,27726,116479,107098,64833,0
57014,76171,32013,133185,89027,108184,1
10319,48420,48953,58739,59272,97373,1
33914,86807,80678,120721,114592,167485,1
97467,34186,51683,131653,149150,85869,0
44520,94578,21871,139098,66391,116449,0
22013,6851,75595,28864,97608,82446,0
15742,83299,9967,99041,25709,93266,0
9819,73865,44549,83684,54368,118414,0
98507,30505,11639,129012,110146,42144,0
69412,59095,93804,128507,163216,152899,1
24906,19125,94285,44031,119191,113410,0
6899,96539,28776,103438,35675,125315,0
74702,89247,10343,163949,85045,99590,0
83610,95076,54004,178686,137614,149080,1
21592,53915,53035,75507,74627,106950,1
27933,90339,95916,118272,123849,186255,1
12847,19217,10259,32064,23106,29476,1
68130,91974,36006,160104,104136,127980,1
31077,80294,29358,111371,60435,109652,0
40284,91268,8510,131552,48794,99778,0
38719,86146,27917,124865,66636,114063,0
90797,96381,64529,187178,155326,160910,1
40422,83757,97660,124179,138082,181417,1
74170,67942,27081,142112,101251,95023,1
14815,37914,49146,52729,63961,87060,1
10240,25812,44186,36052,54426,69998,0
75213,20529,49164,95742,124377,69693,0
32724,3041,69410,35765,102134,72451,0
27977,75360,12565,103337,40542,87925,0
18861,32293,95647,51154,114508,127940,0
83586,82512,60056,166098,143642,142568,1
14705,9095,74204,23800,88909,83299,0
58354,32788,37721,91142,96075,70509,1
90655,7407,75270,98062,165925,82677,0
85187,28714,16387,113901,101574,45101,0
36143,91334,61956,127477,98099,153290,1
59082,24542,53466,83624,112548,78008,1
41439,24593,79194,66032,120633,103787,0
14677,37454,63082,52131,77759,100536,0
2384,44617,54183,47001,56567,98800,0
11271,31730,66604,43001,77875,98334,0
99607,21910,84096,121517,183703,106006,1
59658,58105,20013,117763,79671,78118,1
57436,30845,94251,88281,151687,125096,0
10190,61983,22610,72173,32800,84593,0
64140,47320,63375,111460,127515,110695,1
64025,55814,32461,119839,96486,88275,1
17755,67431,40423,85186,58178,107854,0
89530,73683,40731,163213,130261,114414,1
46664,89638,12107,136302,58771,101745,0
18297,94912,92281,113209,110578,187193,1
16549,35466,97869,52015,114418,133335,0
20457,13225,90665,33682,111122,103890,0
49599,85644,67031,135243,116630,152675,1
56318,86149,76879,142467,133197,163028,1
73367,28052,7537,101419,80904,35589,0
83046,64125,32787,147171,115833,96912,1
43985,96408,72486,140393,116471,168894,1
78877,91114,29790,169991,108667,120904,1
49209,76935,74792,126144,124001,151727,1
91292,9320,76214,100612,167506,85534,0
43008,71751,93872,114759,136880,165623,1
83523,73921,34371,157444,117894,108292,1
50117,94087,81111,144204,131228,175198,1
14035,83262,61633,97297,75668,144895,0
32109,30719,57510,62828,89619,88229,1
73856,96030,95961,169886,169817,191991,1
97453,31855,59843,129308,157296,91698,0
1065,56531,800,57596,1865,57331,0
60902,17501,7931,78403,68833,25432,0
93534,77368,32819,170902,126353,110187,1
50380,93149,99440,143529,149820,192589,1
85885,82438,69542,168323,155427,151980,1
52631,16069,55578,68700,108209,71647,1
91488,25487,53925,116975,145413,79412,0
8581,3891,71408,12472,79989,75299,0
79593,45128,50553,124721,130146,95681,1
74280,27783,754,102063,75034,28537,0
25587,30125,92870,55712,118457,122995,0
2082,5609,81232,7691,83314,86841,0
63163,41117,52875,104280,116038,93992,1
10858,42483,92454,53341,103312,134937,0
85635,24368,35347,110003,120982,59715,0
8986,16464,2170,25450,11156,18634,0
20463,81257,44889,101720,65352,126146,0
83468,32866,5850,116334,89318,38716,0
60941,66791,89660,127732,150601,156451,1
13887,63158,22212,77045,36099,85370,0
48471,92916,1358,141387,49829,94274,0
44568,54268,47426,98836,91994,101694,1
4314,34664,57165,38978,61479,91829,0
35424,85555,18383,120979,53807,103938,0
52973,54792,47209,107765,100182,102001,1
17782,73782,49319,91564,67101,123101,0
8300,25684,24133,33984,32433,49817,1
47814,21893,71781,69707,119595,93674,0
29143,13594,63202,42737,92345,76796,0
59998,62110,17102,122108,77100,79212,1
75988,97506,57708,173494,133696,155214,1
3020,6816,99811,9836,102831,106627,0
10498,91261,57350,101759,67848,148611,0
23913,49089,50836,73002,74749,99925,1
33904,50216,56584,84120,90488,106800,1
18523,98245,55115,116768,73638,153360,0
16524,30608,50045,47132,66569,80653,0
81113,44864,35446,125977,116559,80310,0
9064,51363,38962,60427,48026,90325,0
90319,71527,39431,161846,129750,110958,1
7519,87328,26390,94847,33909,113718,0
16914,13546,94016,30460,110930,107562,0
40783,65439,60083,106222,100866,125522,1
94039,73229,78411,167268,172450,151640,1
87573,77354,81861,164927,169434,159215,1
35160,22701,45627,57861,80787,68328,1
20214,58817,920,79031,21134,59737,0
67172,19361,76842,86533,144014,96203,1
2355,40417,62045,42772,64400,102462,0
90239,47666,80438,137905,170677,128104,1
63668,62220,62083,125888,125751,124303,1
43998,96963,82611,140961,126609,179574,1
98962,61594,52513,160556,151475,114107,1
57745,4269,82662,62014,140407,86931,0
16237,77147,95233,93384,111470,172380,0
46256,10602,47424,56858,93680,58026,1
55234,51354,79015,106588,134249,130369,1
15652,55199,93515,70851,109167,148714,0
70773,75651,94199,146424,164972,169850,1
89644,46657,43893,136301,133537,90550,1
49344,18905,40606,68249,89950,59511,1
34322,97047,56168,131369,90490,153215,0
7069,70707,20411,77776,27480,91118,0
52022,97836,66305,149858,118327,164141,1
46557,78163,26883,124720,73440,105046,0
55212,64813,40587,120025,95799,105400,1
76933,45177,4989,122110,81922,50166,0
46870,26414,48772,73284,95642,75186,1
97144,84191,95232,181335,192376,179423,1
58497,30174,38702,88671,97199,68876,1
82850,4369,70620,87219,153470,74989,0
47862,20436,93794,68298,141656,114230,0
67094,27212,94460,94306,161554,121672,0
98639,50868,28995,149507,127634,79863,0
89108,12809,64906,101917,154014,77715,0
8673,52324,56941,60997,65614,109265,1
18400,7504,20392,25904,38792,27896,1
27950,53405,96813,81355,124763,150218,0
32729,39130,96129,71859,128858,135259,0
43714,66039,98672,109753,142386,164711,1
75391,57051,90516,132442,165907,147567,1
31185,66124,75239,97309,106424,141363,1
13795,53718,75236,67513,89031,128954,0
20952,94783,77923,115735,98875,172706,1
35099,72990,24234,108089,59333,97224,0
37823,13282,57208,51105,95031,70490,0
67355,53293,68631,120648,135986,121924,1
42026,87647,75390,129673,117416,163037,1
8895,72436,5161,81331,14056,77597,0
21941,14383,27486,36324,49427,41869,1
53129,40992,71582,94121,124711,112574,1
39975,44923,5626,84898,45601,50549,1
24257,32880,24719,57137,48976,57599,1
78126,86138,88779,164264,166905,174917,1
63807,81075,15685,144882,79492,96760,0
919,93005,20217,93924,21136,113222,0
91583,38305,98286,129888,189869,136591,1
88862,9785,91960,98647,180822,101745,1
59892,67218,32232,127110,92124,99450,1
96642,99255,42715,195897,139357,141970,1
30965,95233,21366,126198,52331,116599,0
82962,53555,18616,136517,101578,72171,0
36102,75410,24278,111512,60380,99688,0
23426,54156,87343,77582,110769,141499,0
98061,59432,13223,157493,111284,72655,0
84457,95680,35253,180137,119710,130933,1
29078,79958,28381,109036,57459,108339,0
46221,15800,82705,62021,128926,98505,0
51203,44674,81523,95877,132726,126197,1
67327,60385,8094,127712,75421,68479,1
73041,92327,29190,165368,102231,121517,1
46142,58919,26923,105061,73065,85842,1
59467,43025,32478,102492,91945,75503,1
17145,73442,85841,90587,102986,159283,1
23801,50693,36781,74494,60582,87474,1
18396,19634,29776,38030,48172,49410,1
66435,43021,94905,109456,161340,137926,1
54976,73035,70735,128011,125711,143770,1
61004,32224,66058,93228,127062,98282,1
52342,63220,14794,115562,67136,78014,1
18252,59672,6179,77924,24431,65851,0
80426,36284,91471,116710,171897,127755,1
3072,97262,84836,100334,87908,182098,0
46604,26906,77377,73510,123981,104283,0
18651,25989,26330,44640,44981,52319,1
13591,85363,32099,98954,45690,117462,0
17208,40742,15589,57950,32797,56331,0
97761,88075,46792,185836,144553,134867,1
72205,36655,30490,108860,102695,67145,0
39887,57942,28079,97829,67966,86021,1
85596,39985,50072,125581,135668,90057,1
74750,72330,77159,147080,151909,149489,1
77321,81111,61678,158432,138999,142789,1
28232,61944,84238,90176,112470,146182,1
43879,8706,7201,52585,51080,15907,0
48145,44252,96640,92397,144785,140892,0
82309,33084,22620,115393,104929,55704,0
43483,18963,16260,62446,59743,35223,0
21282,22737,7053,44019,28335,29790,1
80531,71128,80114,151659,160645,151242,1
24689,31353,60837,56042,85526,92190,0
80309,50219,50891,130528,131200,101110,1
36512,8238,79031,44750,115543,87269,0
59345,49721,29479,109066,88824,79200,1
29583,79107,27150,108690,56733,106257,0
97561,71326,29549,168887,127110,100875,1
53456,15518,30045,68974,83501,45563,0
96156,58165,66020,154321,162176,124185,1
12071,114,81177,12185,93248,81291,0
26369,50207,20479,76576,46848,70686,0
51432,16689,8152,68121,59584,24841,0
34971,82832,98120,117803,133091,180952,1
40610,20735,62843,61345,103453,83578,0
90629,3532,43067,94161,133696,46599,0
43629,52539,45094,96168,88723,97633,1
49042,81981,20178,131023,69220,102159,0
75541,13862,59489,89403,135030,73351,0
84483,40062,58253,124545,142736,98315,1
23103,35589,33728,58692,56831,69317,1
30416,65117,18232,95533,48648,83349,0
60724,43712,80807,104436,141531,124519,1
82925,25131,43342,108056,126267,68473,0
93472,29389,84433,122861,177905,113822,1
31846,34455,71765,66301,103611,106220,0
83284,15780,3295,99064,86579,19075,0
75746,6660,77123,82406,152869,83783,1
32846,51724,9876,84570,42722,61600,0
62060,35072,2775,97132,64835,37847,0
6410,4101,76398,10511,82808,80499,0
9219,32137,74549,41356,83768,106686,0
92642,63235,34665,155877,127307,97900,1
33208,20035,60774,53243,93982,80809,0
59764,28118,94766,87882,154530,122884,0
6992,15509,40572,22501,47564,56081,0
30642,95210,20322,125852,50964,115532,0
63128,68446,60979,131574,124107,129425,1
90626,24881,62574,115507,153200,87455,0
27584,37393,19041,64977,46625,56434,1
38731,43286,34554,82017,73285,77840,1
27065,14386,18264,41451,45329,32650,1
80509,23138,748,103647,81257,23886,0
48353,89011,81221,137364,129574,170232,1
67562,10990,9494,78552,77056,20484,0
95970,71644,93576,167614,189546,165220,1
21461,24415,13075,45876,34536,37490,1
87561,50854,30486,138415,118047,81340,0
77001,40066,52589,117067,129590,92655,1
42854,46266,26373,89120,69227,72639,1
63436,85587,49936,149023,113372,135523,1
55165,9942,53689,65107,108854,63631,1
16453,35512,41961,51965,58414,77473,1
33774,29884,5342,63658,39116,35226,1
81953,17325,6860,99278,88813,24185,0
21192,26943,1436,48135,22628,28379,0
48398,42794,62242,91192,110640,105036,1
61108,9350,46684,70458,107792,56034,0
27058,35592,74305,62650,101363,109897,0
97412,62248,83408,159660,180820,145656,1
16003,87290,10999,103293,27002,98289,0
9878,28614,52245,38492,62123,80859,0
64049,51017,99524,115066,163573,150541,1
53144,76237,15621,129381,68765,91858,0
78998,13015,25488,92013,104486,38503,0
66570,28373,96591,94943,163161,124964,0
64891,99812,72334,164703,137225,172146,1
3362,65458,63525,68820,66887,128983,1
86022,74697,66259,160719,152281,140956,1
44506,1096,71898,45602,116404,72994,0
84712,35111,13608,119823,98320,48719,0
97271,79774,28684,177045,125955,108458,1
43972,99932,64250,143904,108222,164182,1
14365,44024,71817,58389,86182,115841,0
52333,34319,8824,86652,61157,43143,0
72801,48113,10259,120914,83060,58372,0
15571,7332,30557,22903,46128,37889,0
81938,84562,98168,166500,180106,182730,1
40376,43664,1278,84040,41654,44942,0
40963,46022,54917,86985,95880,100939,1
52985,93788,83737,146773,136722,177525,1
93275,7118,52613,100393,145888,59731,0
59543,55238,23926,114781,83469,79164,1
65558,17904,43096,83462,108654,61000,0
64636,73932,93306,138568,157942,167238,1
4813,14724,9372,19537,14185,24096,0
10754,81371,36089,92125,46843,117460,0
48714,45215,18207,93929,66921,63422,1
18602,82701,92845,101303,111447,175546,1
21668,85784,90004,107452,111672,175788,1
69189,99,95277,69288,164466,95376,0
558,73603,11986,74161,12544,85589,0
73266,17653,27515,90919,100781,45168,0
98243,62070,40582,160313,138825,102652,1
68604,64465,24287,133069,92891,88752,1
91406,59705,94974,151111,186380,154679,1
79752,16794,17813,96546,97565,34607,0
6504,1295,3847,7799,10351,5142,0
8799,42732,48648,51531,57447,91380,1
52819,34952,61841,87771,114660,96793,1
84804,63141,81643,147945,166447,144784,1
49942,83980,99152,133922,149094,183132,1
93163,51216,42498,144379,135661,93714,1
93568,6314,98766,99882,192334,105080,1
23862,89652,49073,113514,72935,138725,0
2252,78755,48312,81007,50564,127067,0
45235,945,37358,46180,82593,38303,0
73545,49951,537,123496,74082,50488,0
94542,36353,78704,130895,173246,115057,1
37689,28854,11512,66543,49201,40366,1
77381,49294,26751,126675,104132,76045,0
80275,52924,43576,133199,123851,96500,1
6067,73980,50307,80047,56374,124287,0
22784,19171,70642,41955,93426,89813,0
52983,91536,17661,144519,70644,109197,0
13135,35934,78467,49069,91602,114401,0
22923,77548,40117,100471,63040,117665,0
83750,43951,57514,127701,141264,101465,1
66091,20486,4974,86577,71065,25460,0
73293,49864,66416,123157,139709,116280,1
41630,62334,90032,103964,131662,152366,1
82680,66857,98983,149537,181663,165840,1
3000,85056,55273,88056,58273,140329,0
65605,97518,32975,163123,98580,130493,1
99564,68074,353,167638,99917,68427,0
92356,23749,77327,116105,169683,101076,1
12149,76968,19721,89117,31870,96689,0
98167,52205,15899,150372,114066,68104,0
78909,27745,55238,106654,134147,82983,1
3282,15425,74856,18707,78138,90281,0
76083,44942,58212,121025,134295,103154,1
31002,60142,64471,91144,95473,124613,1
7284,51570,82696,58854,89980,134266,0
86337,17218,5239,103555,91576,22457,0
41937,54324,5975,96261,47912,60299,0
60328,19365,48770,79693,109098,68135,1
37588,79105,49719,116693,87307,128824,1
47378,81097,9936,128475,57314,91033,0
72561,36267,31186,108828,103747,67453,0
93350,11375,70237,104725,163587,81612,0
42929,79512,73478,122441,116407,152990,1
51548,28498,14312,80046,65860,42810,0
58005,34778,77192,92783,135197,111970,1
93495,95217,78650,188712,172145,173867,1
35411,30620,22499,66031,57910,53119,1
24798,14985,7959,39783,32757,22944,0
84373,15005,94311,99378,178684,109316,1
123,1749,48247,1872,48370,49996,0
63245,38573,97519,101818,160764,136092,1
84234,75439,77348,159673,161582,152787,1
82150,38952,14527,121102,96677,53479,0
57132,17382,86931,74514,144063,104313,0
8664,5309,50103,13973,58767,55412,0
28677,8462,33724,37139,62401,42186,1
78486,24277,12126,102763,90612,36403,0
55021,44254,34422,99275,89443,78676,1
14519,53597,90410,68116,104929,144007,0
79529,52803,98973,132332,178502,151776,1
19908,75858,4498,95766,24406,80356,0
48181,34873,84428,83054,132609,119301,0
65261,77291,19688,142552,84949,96979,1
4434,28784,90938,33218,95372,119722,0
3183,83699,6847,86882,10030,90546,0
74705,2206,74335,76911,149040,76541,1
33884,97601,6168,131485,40052,103769,0
21625,9913,24888,31538,46513,34801,1
43917,58128,74480,102045,118397,132608,1
50944,67327,56694,118271,107638,124021,1
73827,49630,92664,123457,166491,142294,1
90224,3049,89613,93273,179837,92662,1
62627,50652,77311,113279,139938,127963,1
247,70770,58556,71017,58803,129326,0
99135,40145,85266,139280,184401,125411,1
60737,46299,13448,107036,74185,59747,0
85374,26226,73148,111600,158522,99374,1
97938,43702,85323,141640,183261,129025,1
94343,14755,57367,109098,151710,72122,0
34918,30687,30524,65605,65442,61211,1
18002,44755,47720,62757,65722,92475,1
46043,51657,56485,97700,102528,108142,1
61571,31628,41554,93199,103125,73182,1
17669,7039,30396,24708,48065,37435,0
53990,64157,77777,118147,131767,141934,1
33589,48922,76400,82511,109989,125322,1
72698,45168,99683,117866,172381,144851,1
93270,12677,78522,105947,171792,91199,0
81656,90868,95380,172524,177036,186248,1
6861,7061,63634,13922,70495,70695,0
50510,58881,60857,109391,111367,119738,1
22170,8953,29851,31123,52021,38804,1
47990,67847,34932,115837,82922,102779,1
2344,2050,49819,4394,52163,51869,0
45640,46061,9782,91701,55422,55843,1
62079,90710,38878,152789,100957,129588,1
70123,28262,57496,98385,127619,85758,1
66404,34613,38754,101017,105158,73367,1
23697,21238,90430,44935,114127,111668,0
15788,16769,76157,32557,91945,92926,0
41548,44429,94593,85977,136141,139022,0
2230,17290,12261,19520,14491,29551,0
62997,67324,90882,130321,153879,158206,1
17991,30741,1747,48732,19738,32488,0
21507,1937,22007,23444,43514,23944,1
7622,86054,47344,93676,54966,133398,0
84177,14075,44058,98252,128235,58133,0
54507,8339,65780,62846,120287,74119,0
80069,21902,97592,101971,177661,119494,1
87000,15535,53378,102535,140378,68913,0
4041,6149,34552,10190,38593,40701,0
15488,67543,23810,83031,39298,91353,0
97710,89927,30577,187637,128287,120504,1
16440,94982,69280,111422,85720,164262,0
73862,29806,3193,103668,77055,32999,0
31213,69570,7659,100783,38872,77229,0
59519,37514,36738,97033,96257,74252,1
75957,91150,70698,167107,146655,161848,1
46846,15208,89256,62054,136102,104464,0
78466,59290,51303,137756,129769,110593,1
4940,45293,42520,50233,47460,87813,1
20691,60335,5049,81026,25740,65384,0
5423,9288,78967,14711,84390,88255,0
39219,81159,1674,120378,40893,82833,0
45326,21633,52074,66959,97400,73707,1
24071,51157,3877,75228,27948,55034,0
68022,68276,82911,136298,150933,151187,1
8827,17124,81320,25951,90147,98444,0
34116,57177,7919,91293,42035,65096,0
57796,51195,26703,108991,84499,77898,1
56163,1466,31930,57629,88093,33396,0
28297,2072,18620,30369,46917,20692,0
86659,81626,81636,168285,168295,163262,1
40527,72517,26284,113044,66811,98801,0
24366,90370,37153,114736,61519,127523,0
96232,91803,78241,188035,174473,170044,1
3491,37320,65451,40811,68942,102771,0
46970,18491,48874,65461,95844,67365,1
79837,32401,37368,112238,117205,69769,0
91390,77281,57144,168671,148534,134425,1
31923,23366,53937,55289,85860,77303,1
13765,72220,72708,85985,86473,144928,1
94394,73273,47652,167667,142046,120925,1
51934,69147,1804,121081,53738,70951,0
57524,52992,35463,110516,92987,88455,1
43138,96103,50079,139241,93217,146182,0
20214,72055,21815,92269,42029,93870,0
37595,94072,93860,131667,131455,187932,1
25418,17931,14459,43349,39877,32390,1
78535,30389,9631,108924,88166,40020,0
41160,15887,24367,57047,65527,40254,0
83203,69891,26806,153094,110009,96697,1
87852,54875,10396,142727,98248,65271,0
29477,90309,19800,119786,49277,110109,0
92853,20167,96284,113020,189137,116451,1
428,13887,58421,14315,58849,72308,0
56853,62355,24106,119208,80959,86461,1
55294,80544,54694,135838,109988,135238,1
89356,26417,77167,115773,166523,103584,1
32395,72948,94964,105343,127359,167912,1
59832,80464,70384,140296,130216,150848,1
45673,33921,5628,79594,51301,39549,0
1868,72100,89918,73968,91786,162018,0
32635,59550,54255,92185,86890,113805,1
52642,5190,36328,57832,88970,41518,0
19582,29276,30718,48858,50300,59994,1
92845,47942,97635,140787,190480,145577,1
2717,61485,24461,64202,27178,85946,0
45443,50312,67763,95755,113206,118075,1
47550,13767,58044,61317,105594,71811,1
17257,63214,22497,80471,39754,85711,0
66208,29698,69535,95906,135743,99233,1
63155,1386,55908,64541,119063,57294,0
7634,58207,53883,65841,61517,112090,1
17252,48876,46855,66128,64107,95731,1
83810,73816,98441,157626,182251,172257,1
87363,25189,45209,112552,132572,70398,0
27818,45251,7081,73069,34899,52332,0
98746,9054,69193,107800,167939,78247,0
84408,84575,65781,168983,150189,150356,1
32068,33129,95660,65197,127728,128789,0
72266,87752,9628,160018,81894,97380,0
70456,17206,91700,87662,162156,108906,0
84749,22195,11918,106944,96667,34113,0
34440,66510,79662,100950,114102,146172,1
57390,59848,8045,117238,65435,67893,1
44022,89321,88647,133343,132669,177968,1
90325,60044,67647,150369,157972,127691,1
89897,75515,82002,165412,171899,157517,1
49598,2414,51358,52012,100956,53772,1
82746,16744,29190,99490,111936,45934,0
90482,6722,7426,97204,97908,14148,0
79396,52977,71205,132373,150601,124182,1
24941,34401,86108,59342,111049,120509,0
9122,7825,13411,16947,22533,21236,1
67482,32679,33558,100161,101040,66237,0
94179,57227,96718,151406,190897,153945,1
26217,43397,14101,69614,40318,57498,0
41759,17827,40168,59586,81927,57995,1
52903,83208,52018,136111,104921,135226,1
78447,35145,82563,113592,161010,117708,1
29495,76480,41574,105975,71069,118054,0
43227,95488,7070,138715,50297,102558,0
37568,51200,52697,88768,90265,103897,1
67591,62016,24877,129607,92468,86893,1
24315,51943,62570,76258,86885,114513,1
44724,36114,2976,80838,47700,39090,0
45805,57884,70214,103689,116019,128098,1
91558,77881,59518,169439,151076,137399,1
64452,58132,11097,122584,75549,69229,1
62137,52771,61036,114908,123173,113807,1
8464,5294,50972,13758,59436,56266,0
41561,42140,14071,83701,55632,56211,1
10639,16358,48667,26997,59306,65025,0
56813,93875,94590,150688,151403,188465,1
71615,68789,78579,140404,150194,147368,1
18408,89290,78920,107698,97328,168210,1
13267,37972,70320,51239,83587,108292,0
47272,10421,86820,57693,134092,97241,0
24562,3024,66826,27586,91388,69850,0
68337,35127,22908,103464,91245,58035,0
98556,69935,32750,168491,131306,102685,1
59074,55787,91961,114861,151035,147748,1
80752,56789,21281,137541,102033,78070,0
4071,6530,77475,10601,81546,84005,0
41892,35712,60779,77604,102671,96491,1
98350,77913,43857,176263,142207,121770,1
207,39465,80289,39672,80496,119754,0
4870,39225,66043,44095,70913,105268,0
25033,60403,10494,85436,35527,70897,0
22343,10588,50825,32931,73168,61413,0
87317,61847,43409,149164,130726,105256,1
26613,94098,44303,120711,70916,138401,0
30672,40463,37309,71135,67981,77772,1
19955,11767,23596,31722,43551,35363,1
25728,74433,13356,100161,39084,87789,0
21121,96597,27141,117718,48262,123738,0
78169,44489,33631,122658,111800,78120,0
43784,57477,978,101261,44762,58455,0
91544,91133,35963,182677,127507,127096,1
53839,80660,74007,134499,127846,154667,1
7233,90839,63165,98072,70398,154004,0
36958,31590,49962,68548,86920,81552,1
96384,1273,44793,97657,141177,46066,0
66466,47286,6548,113752,73014,53834,0
50232,2752,98094,52984,148326,100846,0
31142,61286,4330,92428,35472,65616,0
41491,80286,93308,121777,134799,173594,1
87814,30561,84726,118375,172540,115287,1
51358,43061,66842,94419,118200,109903,1
51705,38985,9097,90690,60802,48082,0
79789,47140,68588,126929,148377,115728,1
18657,24801,55404,43458,74061,80205,0
53964,94859,26208,148823,80172,121067,0
29596,21954,46037,51550,75633,67991,1
51773,37021,33799,88794,85572,70820,1
19418,60887,66252,80305,85670,127139,1
39643,79231,54297,118874,93940,133528,1
44096,36247,89893,80343,133989,126140,0
25753,17139,3407,42892,29160,20546,0
59311,27952,71120,87263,130431,99072,1
43827,67757,28088,111584,71915,95845,1
44355,45619,48192,89974,92547,93811,1
73284,91337,46860,164621,120144,138197,1
37072,17811,94115,54883,131187,111926,0
64791,74059,40902,138850,105693,114961,1
74019,4937,91242,78956,165261,96179,0
7228,49871,75493,57099,82721,125364,0
33401,51101,67167,84502,100568,118268,1
26393,89211,319,115604,26712,89530,0
62649,86726,76444,149375,139093,163170,1
53008,45132,77901,98140,130909,123033,1
84650,56111,83851,140761,168501,139962,1
93916,56967,11923,150883,105839,68890,0
99684,11867,33100,111551,132784,44967,0
28439,61409,5713,89848,34152,67122,0
47112,70668,12265,117780,59377,82933,0
93167,50602,40948,143769,134115,91550,0
91090,65857,8164,156947,99254,74021,0
40178,39464,26515,79642,66693,65979,1
85752,12057,91552,97809,177304,103609,1
64069,39278,42889,103347,106958,82167,1
31093,95706,41415,126799,72508,137121,0
11569,58258,85133,69827,96702,143391,0
89742,49963,30824,139705,120566,80787,0
2520,83321,46019,85841,48539,129340,0
42865,10463,62546,53328,105411,73009,0
73325,70731,21488,144056,94813,92219,1
9232,63622,88208,72854,97440,151830,0
14552,75473,17404,90025,31956,92877,0
74150,52279,26768,126429,100918,79047,1
43992,49328,54381,93320,98373,103709,1
7702,52106,86076,59808,93778,138182,0
443,59999,24898,60442,25341,84897,0
24453,17810,5541,42263,29994,23351,0
18806,33582,17209,52388,36015,50791,1
60804,91232,3980,152036,64784,95212,0
9272,13042,3548,22314,12820,16590,0
56839,68656,86675,125495,143514,155331,1
60558,54102,83331,114660,143889,137433,1
14627,36574,75691,51201,90318,112265,0
60986,18608,64956,79594,125942,83564,1
85966,98975,36111,184941,122077,135086,1
68464,23890,95257,92354,163721,119147,0
16009,54256,68017,70265,84026,122273,1
12579,97422,61825,110001,74404,159247,0
92313,76686,82136,168999,174449,158822,1
30601,38782,17131,69383,47732,55913,1
69021,67635,84452,136656,153473,152087,1
94210,58065,3132,152275,97342,61197,0
35993,89138,53882,125131,89875,143020,1
66960,14891,5879,81851,72839,20770,0
83356,48103,62142,131459,145498,110245,1
11197,38052,58185,49249,69382,96237,0
78439,76362,61987,154801,140426,138349,1
28928,68714,91782,97642,120710,160496,1
64891,59526,6182,124417,71073,65708,1
30683,86798,99700,117481,130383,186498,1
30418,81572,4572,111990,34990,86144,0
92549,81422,66822,173971,159371,148244,1
17760,33994,28064,51754,45824,62058,1
5842,36747,86003,42589,91845,122750,0
1926,70036,65214,71962,67140,135250,0
30154,81496,49094,111650,79248,130590,0
57512,42825,21310,100337,78822,64135,1
50105,75024,50098,125129,100203,125122,1
47129,75662,86887,122791,134016,162549,1
16401,97301,19953,113702,36354,117254,0
80780,73739,83358,154519,164138,157097,1
88459,9564,48738,98023,137197,58302,0
64079,87299,31606,151378,95685,118905,1
53628,37699,58041,91327,111669,95740,1
46106,87070,35169,133176,81275,122239,0
76762,94978,52821,171740,129583,147799,1
3380,918,95240,4298,98620,96158,0
99484,41448,48386,140932,147870,89834,0
47786,91554,73708,139340,121494,165262,1
24799,95737,23131,120536,47930,118868,0
84551,61266,69097,145817,153648,130363,1
31296,1399,56775,32695,88071,58174,0
76837,77432,40781,154269,117618,118213,1
25204,513,48792,25717,73996,49305,0
46219,46510,75386,92729,121605,121896,1
67590,35958,50459,103548,118049,86417,1
31284,80555,52597,111839,83881,133152,1
63269,38540,65762,101809,129031,104302,1
36302,45355,85676,81657,121978,131031,0
9613,41612,89851,51225,99464,131463,0
84759,7244,93165,92003,177924,100409,0
42490,51908,96245,94398,138735,148153,0
76480,57551,54644,134031,131124,112195,1
94803,49175,88978,143978,183781,138153,1
68012,80733,17418,148745,85430,98151,1
4385,57068,62694,61453,67079,119762,0
84490,97737,30534,182227,115024,128271,1
84952,14476,71091,99428,156043,85567,1
54007,32293,21095,86300,75102,53388,0
77104,38009,21890,115113,98994,59899,0
36147,68316,87592,104463,123739,155908,1
87561,31872,55820,119433,143381,87692,1
17855,20844,86210,38699,104065,107054,0
79616,77444,16930,157060,96546,94374,1
36099,72243,85105,108342,121204,157348,1
89010,54026,67682,143036,156692,121708,1
28729,15734,44170,44463,72899,59904,1
21585,4968,46480,26553,68065,51448,0
24896,12583,81852,37479,106748,94435,0
79592,2353,59851,81945,139443,62204,0
40305,99206,41918,139511,82223,141124,0
35600,32240,63628,67840,99228,95868,1
20087,23739,98895,43826,118982,122634,0
64644,59955,46497,124599,111141,106452,1
28444,62502,54149,90946,82593,116651,1
95019,67751,41791,162770,136810,109542,1
14782,84005,83241,98787,98023,167246,1
19652,53126,31307,72778,50959,84433,0
169,46359,91888,46528,92057,138247,0
73909,48633,1074,122542,74983,49707,0
45371,8588,94699,53959,140070,103287,0
7998,90911,55009,98909,63007,145920,0
27122,25086,59923,52208,87045,85009,0
83427,52091,16645,135518,100072,68736,0
50799,76762,15651,127561,66450,92413,0
56340,89011,67082,145351,123422,156093,1
67700,25933,98935,93633,166635,124868,0
57422,74898,23967,132320,81389,98865,1
83090,85243,43135,168333,126225,128378,1
45462,59349,97142,104811,142604,156491,1
17185,27184,66388,44369,83573,93572,0
55154,45317,23604,100471,78758,68921,1
99791,35732,63273,135523,163064,99005,0
78863,94349,12830,173212,91693,107179,0
54489,17411,17713,71900,72202,35124,0
14876,66435,56500,81311,71376,122935,1
34877,1353,59327,36230,94204,60680,0
37614,35458,76782,73072,114396,112240,0
22270,13894,78933,36164,101203,92827,0
27623,54760,75831,82383,103454,130591,1
81336,34882,47798,116218,129134,82680,1
45767,16684,40210,62451,85977,56894,1
68423,18633,61095,87056,129518,79728,1
92293,40688,57304,132981,149597,97992,1
83650,47398,95526,131048,179176,142924,1
33522,2951,68522,36473,102044,71473,0
75823,13698,10925,89521,86748,24623,0
33021,40214,5300,73235,38321,45514,0
39403,79944,42805,119347,82208,122749,1
11861,78246,62268,90107,74129,140514,0
68331,64368,66863,132699,135194,131231,1
69256,51556,95887,120812,165143,147443,1
49341,52701,5256,102042,54597,57957,1
12285,66022,61377,78307,73662,127399,1
18912,97853,55812,116765,74724,153665,0
47698,57118,3581,104816,51279,60699,0
66811,99179,26367,165990,93178,125546,0
99256,38929,21703,138185,120959,60632,0
95197,30573,92785,125770,187982,123358,1
75698,32273,62363,107971,138061,94636,1
86536,12507,55234,99043,141770,67741,0
80147,59532,79413,139679,159560,138945,1
53323,16982,11402,70305,64725,28384,0
78985,40397,33124,119382,112109,73521,0
91966,96581,53366,188547,145332,149947,1
18408,95378,93383,113786,111791,188761,1
42355,7676,47684,50031,90039,55360,1
92672,73138,4233,165810,96905,77371,0
67586,70226,47242,137812,114828,117468,1
48364,1931,62735,50295,111099,64666,0
1911,56437,91769,58348,93680,148206,0
43799,26147,96664,69946,140463,122811,0
24450,33035,13113,57485,37563,46148,1
79852,32510,92867,112362,172719,125377,1
3673,37665,12871,41338,16544,50536,0
11966,81404,32329,93370,44295,113733,0
98130,93566,40503,191696,138633,134069,1
37688,47197,77618,84885,115306,124815,1
1469,24454,63603,25923,65072,88057,0
51541,94192,32263,145733,83804,126455,0
55205,55668,36771,110873,91976,92439,1
25516,156,97146,25672,122662,97302,0
55202,25939,97222,81141,152424,123161,0
43843,8220,20336,52063,64179,28556,0
82395,17664,4217,100059,86612,21881,0
13829,59382,28389,73211,42218,87771,0
83609,34243,72036,117852,155645,106279,1
54325,59525,64456,113850,118781,123981,1
30668,51536,7991,82204,38659,59527,0
6569,37767,27342,44336,33911,65109,0
32215,14599,84903,46814,117118,99502,0
82701,7712,6819,90413,89520,14531,0
71194,55096,39671,126290,110865,94767,1
57329,57404,74917,114733,132246,132321,1
62625,27571,45338,90196,107963,72909,1
75979,8940,79239,84919,155218,88179,1
71754,86666,61221,158420,132975,147887,1
35342,70454,18523,105796,53865,88977,0
45628,99685,17550,145313,63178,117235,0
21276,15357,56708,36633,77984,72065,0
3672,65358,92893,69030,96565,158251,0
28686,32173,52368,60859,81054,84541,1
18181,81996,86907,100177,105088,168903,1
53068,85561,38495,138629,91563,124056,1
36535,74025,73974,110560,110509,147999,1
61135,45545,91704,106680,152839,137249,1
58642,11731,76111,70373,134753,87842,0
12439,39892,14764,52331,27203,54656,0
30554,1054,7502,31608,38056,8556,0
23314,16945,90635,40259,113949,107580,0
92438,78687,35766,171125,128204,114453,1
39199,42387,49524,81586,88723,91911,1
76357,30781,62348,107138,138705,93129,1
30757,30235,8759,60992,39516,38994,1
38314,83338,25244,121652,63558,108582,0
14768,78176,83869,92944,98637,162045,1
95155,58117,59786,153272,154941,117903,1
8323,25027,31766,33350,40089,56793,1
82588,64095,65636,146683,148224,129731,1
20751,5444,96417,26195,117168,101861,0
83107,27960,57067,111067,140174,85027,1
60965,35233,11540,96198,72505,46773,0
90942,99176,65536,190118,156478,164712,1
88646,56670,3781,145316,92427,60451,0
12316,1571,66288,13887,78604,67859,0
4063,20530,99557,24593,103620,120087,0
96313,84456,70434,180769,166747,154890,1
77131,20139,59479,97270,136610,79618,1
32960,77104,99726,110064,132686,176830,1
50365,76976,28984,127341,79349,105960,1
75174,2079,97593,77253,172767,99672,0
67357,48391,12784,115748,80141,61175,0
49748,36113,67303,85861,117051,103416,1
82252,12169,67227,94421,149479,79396,0
38003,12212,24774,50215,62777,36986,0
62344,39450,10775,101794,73119,50225,0
21968,67322,44355,89290,66323,111677,0
75701,44226,11269,119927,86970,55495,0
78509,67791,76875,146300,155384,144666,1
79028,82452,32351,161480,111379,114803,1
60690,77497,17699,138187,78389,95196,1
1236,10206,88355,11442,89591,98561,0
41791,92186,62967,133977,104758,155153,1
18098,25655,88048,43753,106146,113703,0
87658,8327,23842,95985,111500,32169,0
7345,81547,10311,88892,17656,91858,0
87711,57458,85768,145169,173479,143226,1
59559,22571,8246,82130,67805,30817,0
38172,82363,53287,120535,91459,135650,1
52095,18805,3887,70900,55982,22692,0
93468,22064,27270,115532,120738,49334,0
38551,89619,51015,128170,89566,140634,0
55036,84374,41931,139410,96967,126305,1
83909,44140,71739,128049,155648,115879,1
95722,47734,65523,143456,161245,113257,1
90111,88025,87461,178136,177572,175486,1
28300,41078,28514,69378,56814,69592,1
73894,59966,13975,133860,87869,73941,1
53861,34192,83248,88053,137109,117440,1
46850,41718,82666,88568,129516,124384,1
35321,27598,95781,62919,131102,123379,0
19523,90378,19130,109901,38653,109508,0
85060,43399,32451,128459,117511,75850,0
58703,17925,3614,76628,62317,21539,0
99811,32168,89745,131979,189556,121913,1
17900,90638,99687,108538,117587,190325,1
9280,57136,72134,66416,81414,129270,0
28523,5302,35240,33825,63763,40542,0
31407,86167,20105,117574,51512,106272,0
54846,91044,35012,145890,89858,126056,0
44437,24311,27588,68748,72025,51899,1
25571,34501,50886,60072,76457,85387,1
62265,27411,11186,89676,73451,38597,0
52829,88009,85019,140838,137848,173028,1
8382,96971,10292,105353,18674,107263,0
27366,76515,29337,103881,56703,105852,0
54363,83492,28182,137855,82545,111674,0
84798,10761,93655,95559,178453,104416,1
74222,73942,52576,148164,126798,126518,1
71428,81785,95660,153213,167088,177445,1
85300,11289,50207,96589,135507,61496,0
63809,18885,69151,82694,132960,88036,1
35477,18170,48541,53647,84018,66711,1
36915,90114,90854,127029,127769,180968,1
9671,36358,51614,46029,61285,87972,0
17517,88378,26504,105895,44021,114882,0
25196,83114,67572,108310,92768,150686,1
74954,94887,38881,169841,113835,133768,1
80742,49586,75668,130328,156410,125254,1
34394,69438,38088,103832,72482,107526,1
1490,78560,14609,80050,16099,93169,0
67506,16799,18189,84305,85695,34988,0
5875,30396,13176,36271,19051,43572,0
7507,89784,94230,97291,101737,184014,1
96015,34625,77230,130640,173245,111855,1
86901,96299,99681,183200,186582,195980,1
1946,49412,57039,51358,58985,106451,0
19740,98407,74527,118147,94267,172934,0
19594,51163,82518,70757,102112,133681,0
96063,53777,58949,149840,155012,112726,1
31539,95744,99697,127283,131236,195441,1
10618,11750,15870,22368,26488,27620,1
98497,18280,37243,116777,135740,55523,0
63442,44346,84726,107788,148168,129072,1
90854,67335,83568,158189,174422,150903,1
87749,96156,37086,183905,124835,133242,1
59171,57270,89364,116441,148535,146634,1
7862,74847,65665,82709,73527,140512,0
41498,34315,64724,75813,106222,99039,1
51674,80731,89792,132405,141466,170523,1
47113,99095,72006,146208,119119,171101,1
16261,87734,99189,103995,115450,186923,1
78379,76865,60576,155244,138955,137441,1
79578,94973,39737,174551,119315,134710,1
49858,24036,80286,73894,130144,104322,0
33446,80469,84947,113915,118393,165416,1
38506,44686,83025,83192,121531,127711,1
53120,76899,1157,130019,54277,78056,0
76238,4764,43949,81002,120187,48713,0
52240,97429,38214,149669,90454,135643,0
56308,17735,36175,74043,92483,53910,0
27689,41050,23502,68739,51191,64552,1
68125,50605,83166,118730,151291,133771,1
60837,58569,35935,119406,96772,94504,1
50678,93821,94937,144499,145615,188758,1
64941,97622,86713,162563,151654,184335,1
73686,89628,39047,163314,112733,128675,1
95911,919,36688,96830,132599,37607,0
94429,73846,21191,168275,115620,95037,1
67066,11506,45907,78572,112973,57413,0
97331,83152,39425,180483,136756,122577,1
35709,61894,22747,97603,58456,84641,0
51159,65633,93024,116792,144183,158657,1
79842,44151,89623,123993,169465,133774,1
92621,11702,82403,104323,175024,94105,1
67594,85367,16715,152961,84309,102082,0
1389,30322,36624,31711,38013,66946,0
58029,81327,12791,139356,70820,94118,0
50664,73152,26097,123816,76761,99249,1
274,2629,8441,2903,8715,11070,0
53089,74394,23615,127483,76704,98009,1
34630,93284,71031,127914,105661,164315,1
58570,73707,74782,132277,133352,148489,1
99224,58142,19047,157366,118271,77189,0
57294,74726,45449,132020,102743,120175,1
85418,5758,76822,91176,162240,82580,0
92854,29313,86248,122167,179102,115561,1
2281,39004,36691,41285,38972,75695,0
64452,37703,20445,102155,84897,58148,0
55977,63351,92113,119328,148090,155464,1
99154,83819,70928,182973,170082,154747,1
40658,51892,70076,92550,110734,121968,1
37025,74396,74014,111421,111039,148410,1
77618,63839,26338,141457,103956,90177,1
61889,35346,71488,97235,133377,106834,1
51779,99042,3588,150821,55367,102630,0
81280,5160,67024,86440,148304,72184,0
25237,16459,42056,41696,67293,58515,0
26066,79476,17709,105542,43775,97185,0
68483,81555,37506,150038,105989,119061,1
9679,18706,90365,28385,100044,109071,0
80655,70044,17505,150699,98160,87549,1
91792,15682,63944,107474,155736,79626,0
14858,79182,66588,94040,81446,145770,1
17542,48381,88871,65923,106413,137252,0
20960,30508,98986,51468,119946,129494,0
65825,61251,34459,127076,100284,95710,1
86374,15912,79434,102286,165808,95346,1
20806,27888,43136,48694,63942,71024,1
20779,37400,94465,58179,115244,131865,0
91081,3141,63258,94222,154339,66399,0
32920,15295,67323,48215,100243,82618,0
50160,31835,74165,81995,124325,106000,1
24322,63694,7252,88016,31574,70946,0
71787,29413,42653,101200,114440,72066,1
46186,68044,5382,114230,51568,73426,0
10484,54445,37312,64929,47796,91757,0
8935,51416,43449,60351,52384,94865,1
93562,5922,62866,99484,156428,68788,0
62416,8339,10035,70755,72451,18374,0
19134,6703,4574,25837,23708,11277,0
13535,35029,72790,48564,86325,107819,0
84851,78981,47482,163832,132333,126463,1
58520,72262,35941,130782,94461,108203,1
15724,6959,99662,22683,115386,106621,0
19405,7053,18159,26458,37564,25212,1
4388,23509,62573,27897,66961,86082,0
8893,54623,81213,63516,90106,135836,0
64493,68877,84743,133370,149236,153620,1
49990,78702,48183,128692,98173,126885,1
98024,70691,50819,168715,148843,121510,1
9379,30516,72318,39895,81697,102834,0
50758,12629,94093,63387,144851,106722,0
52361,86189,18253,138550,70614,104442,0
98872,63424,56481,162296,155353,119905,1
66285,38691,41201,104976,107486,79892,1
66936,24214,3312,91150,70248,27526,0
91603,59507,89925,151110,181528,149432,1
79140,62376,88933,141516,168073,151309,1
9586,26239,27705,35825,37291,53944,1
21956,69699,3941,91655,25897,73640,0
45130,14928,81836,60058,126966,96764,0
18843,92247,55839,111090,74682,148086,0
47541,43469,66544,91010,114085,110013,1
62037,22943,61883,84980,123920,84826,1
61542,81922,88813,143464,150355,170735,1
39272,48211,63100,87483,102372,111311,1
95857,11020,61500,106877,157357,72520,0
89831,58700,59063,148531,148894,117763,1
59138,42922,76105,102060,135243,119027,1
38348,28816,31557,67164,69905,60373,1
88453,33663,97656,122116,186109,131319,1
43496,77013,33947,120509,77443,110960,1
23588,84079,30421,107667,54009,114500,0
18546,35303,69964,53849,88510,105267,0
36512,8261,86463,44773,122975,94724,0
89553,36566,14345,126119,103898,50911,0
71851,14505,19161,86356,91012,33666,0
39442,62064,88532,101506,127974,150596,1
58935,89104,26696,148039,85631,115800,0
93219,61020,19879,154239,113098,80899,0
79286,65119,40379,144405,119665,105498,1
29058,15311,85691,44369,114749,101002,0
51008,74025,68955,125033,119963,142980,1
86744,77406,40548,164150,127292,117954,1
54795,74411,96976,129206,151771,171387,1
18182,68150,90279,86332,108461,158429,0
67639,84917,34274,152556,101913,119191,1
36987,19926,13007,56913,49994,32933,0
8249,91389,72803,99638,81052,164192,0
71941,26962,44422,98903,116363,71384,0
9432,25333,27909,34765,37341,53242,1
54857,3480,90079,58337,144936,93559,0
76638,750,53025,77388,129663,53775,0
30745,61621,54669,92366,85414,116290,1
60373,41029,3449,101402,63822,44478,0
31810,60409,5292,92219,37102,65701,0
26241,13694,10685,39935,36926,24379,0
48993,43965,45136,92958,94129,89101,1
71632,39043,60500,110675,132132,99543,1
61009,29894,27808,90903,88817,57702,0
67368,48358,29175,115726,96543,77533,1
56355,94445,51330,150800,107685,145775,1
75648,56447,74233,132095,149881,130680,1
62937,61035,23177,123972,86114,84212,1
98202,73726,2176,171928,100378,75902,0
91556,77393,7771,168949,99327,85164,0
87870,7063,99941,94933,187811,107004,0
6861,53571,18846,60432,25707,72417,0
64099,33023,4222,97122,68321,37245,0
59332,70333,31646,129665,90978,101979,1
44212,74774,95199,118986,139411,169973,1
79142,59422,58843,138564,137985,118265,1
69937,7823,8154,77760,78091,15977,0
67784,52652,52977,120436,120761,105629,1
64856,3430,41256,68286,106112,44686,0
48245,53494,45816,101739,94061,99310,1
31644,95627,50943,127271,82587,146570,0
10886,46185,3627,57071,14513,49812,0
20029,49735,61009,69764,81038,110744,1
86100,79721,93586,165821,179686,173307,1
78230,83963,49383,162193,127613,133346,1
46011,39846,73838,85857,119849,113684,1
59666,43302,32004,102968,91670,75306,1
95251,91040,17207,186291,112458,108247,1
25296,99086,52500,124382,77796,151586,0
7994,74087,37560,82081,45554,111647,0
29918,95359,71176,125277,101094,166535,1
56400,57541,43580,113941,99980,101121,1
70530,91708,3143,162238,73673,94851,0
81351,83956,68831,165307,150182,152787,1
48194,32438,53514,80632,101708,85952,1
73459,65967,80332,139426,153791,146299,1
56903,17304,31648,74207,88551,48952,0
64138,85730,52605,149868,116743,138335,1
27973,46255,36155,74228,64128,82410,1
19732,506,2549,20238,22281,3055,0
58138,34585,55056,92723,113194,89641,1
89608,65174,24043,154782,113651,89217,0
22529,69206,28096,91735,50625,97302,0
45334,97530,88920,142864,134254,186450,1
35513,91486,83838,126999,119351,175324,1
46589,52588,60387,99177,106976,112975,1
16437,53343,58102,69780,74539,111445,1
16399,3218,33519,19617,49918,36737,0
14141,13931,64130,28072,78271,78061,0
33965,26908,47288,60873,81253,74196,1
14015,69578,44575,83593,58590,114153,0
8659,27729,13587,36388,22246,41316,0
80856,20635,25554,101491,106410,46189,0
68060,93179,61569,161239,129629,154748,1
59435,66889,87395,126324,146830,154284,1
42291,11430,17930,53721,60221,29360,0
45755,36770,45121,82525,90876,81891,1
33534,77184,98649,110718,132183,175833,1
67603,92969,24303,160572,91906,117272,0
46591,2372,80119,48963,126710,82491,0
12987,69700,91324,82687,104311,161024,0
15173,65331,90972,80504,106145,156303,0
5205,33624,1610,38829,6815,35234,0
49928,14859,85544,64787,135472,100403,0
41647,83706,44957,125353,86604,128663,1
61017,78746,31233,139763,92250,109979,1
79590,84961,38596,164551,118186,123557,1
88277,75319,54311,163596,142588,129630,1
31219,89707,34341,120926,65560,124048,0
55098,19821,16702,74919,71800,36523,0
87404,7692,54063,95096,141467,61755,0
6467,17327,24294,23794,30761,41621,0
51461,92723,17367,144184,68828,110090,0
55567,2148,19988,57715,75555,22136,0
50480,7285,57784,57765,108264,65069,0
82319,8490,46391,90809,128710,54881,0
85272,58754,6100,144026,91372,64854,0
22880,24457,22925,47337,45805,47382,1
78513,66675,31851,145188,110364,98526,1
35651,30624,83034,66275,118685,113658,0
40247,44609,32327,84856,72574,76936,1
23881,42652,81466,66533,105347,124118,0
30969,26558,20025,57527,50994,46583,1
61890,3901,96934,65791,158824,100835,0
88111,25546,93538,113657,181649,119084,1
9310,69930,11885,79240,21195,81815,0
50459,72106,31113,122565,81572,103219,1
78540,36648,22583,115188,101123,59231,0
72235,89461,20359,161696,92594,109820,1
74107,6987,80465,81094,154572,87452,1
86353,97585,72637,183938,158990,170222,1
12575,60826,29730,73401,42305,90556,0
35417,38510,74255,73927,109672,112765,0
53576,58921,55073,112497,108649,113994,1
33564,92292,13253,125856,46817,105545,0
67422,9205,31744,76627,99166,40949,0
64420,79111,98325,143531,162745,177436,1
30840,81175,75518,112015,106358,156693,1
78834,78330,86534,157164,165368,164864,1
61260,62429,70372,123689,131632,132801,1
99790,80430,29315,180220,129105,109745,1
30648,78318,9949,108966,40597,88267,0
47855,3000,26965,50855,74820,29965,0
17632,70963,15202,88595,32834,86165,0
20568,11038,66491,31606,87059,77529,0
17697,11471,85050,29168,102747,96521,0
66405,23793,52644,90198,119049,76437,1
76301,10034,76557,86335,152858,86591,1
7617,31711,36787,39328,44404,68498,1
67719,95356,87335,163075,155054,182691,1
57979,78256,45271,136235,103250,123527,1
5941,86449,52667,92390,58608,139116,0
46161,5307,25607,51468,71768,30914,0
77445,72006,9546,149451,86991,81552,1
34507,15165,75733,49672,110240,90898,0
43980,16508,14621,60488,58601,31129,0
99102,91542,83605,190644,182707,175147,1
84720,13181,6186,97901,90906,19367,0
63094,4974,69932,68068,133026,74906,0
7406,33418,89586,40824,96992,123004,0
74837,8073,81542,82910,156379,89615,1
53928,45035,37143,98963,91071,82178,1
19691,67011,4429,86702,24120,71440,0
59975,19886,21385,79861,81360,41271,0
12598,42498,4965,55096,17563,47463,0
42090,14265,7929,56355,50019,22194,0
12512,53883,32644,66395,45156,86527,0
79677,95643,99521,175320,179198,195164,1
72414,79054,75022,151468,147436,154076,1
63121,93115,19774,156236,82895,112889,0
60852,26421,55505,87273,116357,81926,1
56727,62953,54053,119680,110780,117006,1
42222,13120,62089,55342,104311,75209,0
12641,94136,91056,106777,103697,185192,1
65996,53142,63689,119138,129685,116831,1
62001,77745,52192,139746,114193,129937,1
34301,57896,42139,92197,76440,100035,1
38187,9678,36498,47865,74685,46176,1
84233,72808,73595,157041,157828,146403,1
11706,32999,19078,44705,30784,52077,0
66298,94367,16757,160665,83055,111124,0
71664,48398,99787,120062,171451,148185,1
96533,63535,77493,160068,174026,141028,1
87406,47618,37962,135024,125368,85580,0
56634,595,95557,57229,152191,96152,0
8443,5316,12339,13759,20782,17655,1
58904,86009,93403,144913,152307,179412,1
72223,37617,79796,109840,152019,117413,1
14163,87384,65874,101547,80037,153258,0
23499,75485,87197,98984,110696,162682,1
37684,31224,20616,68908,58300,51840,1
55323,79963,69126,135286,124449,149089,1
82950,58687,56560,141637,139510,115247,1
56473,61321,14141,117794,70614,75462,1
31899,21606,63254,53505,95153,84860,0
23293,6768,1608,30061,24901,8376,0
33366,67287,712,100653,34078,67999,0
80211,29473,56082,109684,136293,85555,1
98242,71498,91270,169740,189512,162768,1
38704,78751,54467,117455,93171,133218,1
55411,21446,76678,76857,132089,98124,1
23071,19931,11514,43002,34585,31445,1
18848,21771,34544,40619,53392,56315,1
55093,44511,99066,99604,154159,143577,1
67862,73898,76036,141760,143898,149934,1
73955,69212,95699,143167,169654,164911,1
5655,99712,92304,105367,97959,192016,0
45590,17486,87281,63076,132871,104767,0
84808,42981,14861,127789,99669,57842,0
11623,67655,81779,79278,93402,149434,0
75000,14143,34114,89143,109114,48257,0
62136,94691,33181,156827,95317,127872,1
10850,43196,50442,54046,61292,93638,1
23929,77295,78719,101224,102648,156014,1
32843,1193,80164,34036,113007,81357,0
3254,79061,19448,82315,22702,98509,0
18527,37206,73296,55733,91823,110502,0
78390,7826,1032,86216,79422,8858,0
26006,29944,92131,55950,118137,122075,0
93203,21646,87546,114849,180749,109192,1
18197,41479,51130,59676,69327,92609,1
53540,13792,48144,67332,101684,61936,1
8497,15746,82240,24243,90737,97986,0
37558,1238,42726,38796,80284,43964,0
33907,84994,18550,118901,52457,103544,0
19732,63877,11492,83609,31224,75369,0
97290,41691,61105,138981,158395,102796,1
36451,53914,45866,90365,82317,99780,1
72335,89501,54364,161836,126699,143865,1
1694,81436,98551,83130,100245,179987,0
51844,45621,41489,97465,93333,87110,1
27602,99650,54555,127252,82157,154205,0
96873,30773,73164,127646,170037,103937,1
18190,79532,66220,97722,84410,145752,1
12721,5881,58365,18602,71086,64246,0
22440,30370,44480,52810,66920,74850,1
52340,55502,49914,107842,102254,105416,1
75915,95009,6325,170924,82240,101334,0
2079,16150,82633,18229,84712,98783,0
1102,50746,47387,51848,48489,98133,0
6306,19184,36856,25490,43162,56040,0
96546,13307,80415,109853,176961,93722,0
70484,63204,97734,133688,168218,160938,1
61073,13969,37687,75042,98760,51656,0
55259,50987,62011,106246,117270,112998,1
69137,85346,1502,154483,70639,86848,0
71703,40634,67865,112337,139568,108499,1
54132,40362,77139,94494,131271,117501,1
60118,84817,2668,144935,62786,87485,0
3931,76458,93740,80389,97671,170198,0
46564,84267,73059,130831,119623,157326,1
16678,60515,1026,77193,17704,61541,0
12856,76391,68334,89247,81190,144725,1
68112,23708,9721,91820,77833,33429,0
7151,51281,77188,58432,84339,128469,0
52700,84502,42416,137202,95116,126918,1
8522,32065,64773,40587,73295,96838,0
48111,58364,65246,106475,113357,123610,1
91392,145,44224,91537,135616,44369,0
85726,42350,93625,128076,179351,135975,1
34735,7980,6274,42715,41009,14254,0
9817,10780,98872,20597,108689,109652,0
63125,84766,51438,147891,114563,136204,1
49295,50875,42181,100170,91476,93056,1
43550,15049,46116,58599,89666,61165,1
91809,33296,97437,125105,189246,130733,1
6026,36262,90738,42288,96764,127000,0
3251,86609,36562,89860,39813,123171,0
25064,89412,56241,114476,81305,145653,0
62025,39736,15564,101761,77589,55300,0
44335,56541,58987,100876,103322,115528,1
52382,8375,55178,60757,107560,63553,1
29337,70365,86702,99702,116039,157067,1
37294,62663,84510,99957,121804,147173,1
45981,21914,19300,67895,65281,41214,0
39679,80718,69397,120397,109076,150115,1
9963,1925,45210,11888,55173,47135,0
43177,38870,63179,82047,106356,102049,1
14760,72281,21697,87041,36457,93978,0
10515,70529,21751,81044,32266,92280,0
30261,33723,51685,63984,81946,85408,1
21859,32255,44586,54114,66445,76841,1
33430,12574,23403,46004,56833,35977,1
95208,7021,74695,102229,169903,81716,0
55919,5596,47859,61515,103778,53455,0
3410,35976,34567,39386,37977,70543,1
91053,24451,9451,115504,100504,33902,0
60227,44157,56664,104384,116891,100821,1
18277,83954,67613,102231,85890,151567,1
54388,298,27605,54686,81993,27903,0
14556,41446,88298,56002,102854,129744,0
31801,30001,67373,61802,99174,97374,0
94093,78613,37693,172706,131786,116306,1
54795,76576,51863,131371,106658,128439,1
65676,23747,57322,89423,122998,81069,1
2123,14289,5662,16412,7785,19951,0
54371,96597,6880,150968,61251,103477,0
15254,26299,8844,41553,24098,35143,0
83423,22176,24386,105599,107809,46562,0
41711,54536,39622,96247,81333,94158,1
53055,6422,56801,59477,109856,63223,1
21042,79624,70954,100666,91996,150578,1
13617,44519,19781,58136,33398,64300,0
95014,35624,92439,130638,187453,128063,1
51296,24870,62818,76166,114114,87688,1
1482,36285,5092,37767,6574,41377,0
74136,77561,48414,151697,122550,125975,1
37527,31066,64913,68593,102440,95979,1
39287,85677,36321,124964,75608,121998,0
19044,35889,58585,54933,77629,94474,0
49230,30741,4566,79971,53796,35307,0
17797,29620,81000,47417,98797,110620,0
94867,52090,87808,146957,182675,139898,1
58833,60009,72621,118842,131454,132630,1
28755,48215,46218,76970,74973,94433,1
27047,35883,69510,62930,96557,105393,0
538,29907,25001,30445,25539,54908,0
71835,58868,55754,130703,127589,114622,1
65100,23195,37371,88295,102471,60566,0
8469,6907,60790,15376,69259,67697,0
97456,43082,86689,140538,184145,129771,1
73110,17228,10157,90338,83267,27385,0
79503,53254,9189,132757,88692,62443,0
88104,49530,20208,137634,108312,69738,0
12622,75494,99034,88116,111656,174528,0
49292,99452,73889,148744,123181,173341,1
72448,76282,98841,148730,171289,175123,1
39435,88541,82303,127976,121738,170844,1
69054,67769,68932,136823,137986,136701,1
25497,93781,75419,119278,100916,169200,1
64468,47614,4930,112082,69398,52544,0
34733,75092,18859,109825,53592,93951,0
48121,99045,97367,147166,145488,196412,1
59227,58654,50774,117881,110001,109428,1
85013,29425,96859,114438,181872,126284,1
42479,23615,26921,66094,69400,50536,1
90788,50160,81300,140948,172088,131460,1
53268,35362,26623,88630,79891,61985,1
41451,6553,54150,48004,95601,60703,0
34337,45449,21775,79786,56112,67224,1
68168,24649,26945,92817,95113,51594,0
74583,78075,71229,152658,145812,149304,1
52121,12646,73652,64767,125773,86298,0
49928,29859,68277,79787,118205,98136,1
11548,33665,88671,45213,100219,122336,0
86141,78360,68021,164501,154162,146381,1
19693,34999,93121,54692,112814,128120,0
71589,81194,90069,152783,161658,171263,1
9710,87944,51056,97654,60766,139000,0
73098,48865,3191,121963,76289,52056,0
86726,43888,3345,130614,90071,47233,0
152,26289,58789,26441,58941,85078,0
33798,40376,21731,74174,55529,62107,1
3884,68800,35351,72684,39235,104151,0
29800,44371,24627,74171,54427,68998,1
36585,62729,73605,99314,110190,136334,1
98301,53202,1832,151503,100133,55034,0
77610,88187,78560,165797,156170,166747,1
37988,53687,16682,91675,54670,70369,1
64291,17234,24020,81525,88311,41254,0
15142,25942,3864,41084,19006,29806,0
83736,27156,83543,110892,167279,110699,1
33362,1948,59832,35310,93194,61780,0
12234,35194,96756,47428,108990,131950,0
73731,8321,46163,82052,119894,54484,0
2559,46856,52548,49415,55107,99404,0
24116,40560,51490,64676,75606,92050,1
51323,2744,2475,54067,53798,5219,0
69801,9652,6977,79453,76778,16629,0
76399,38619,36534,115018,112933,75153,0
99920,96603,35784,196523,135704,132387,1
56112,91628,68519,147740,124631,160147,1
43879,9666,3978,53545,47857,13644,0
18408,62671,96570,81079,114978,159241,0
32917,49623,11827,82540,44744,61450,0
26951,68221,29738,95172,56689,97959,0
51205,14272,66505,65477,117710,80777,0
21769,9735,72924,31504,94693,82659,0
83853,65304,26079,149157,109932,91383,1
98473,88932,79875,187405,178348,168807,1
88422,48799,20153,137221,108575,68952,0
99945,28190,69567,128135,169512,97757,0
64601,74526,80834,139127,145435,155360,1
41621,88773,97529,130394,139150,186302,1
79432,97542,94081,176974,173513,191623,1
83599,59008,26709,142607,110308,85717,1
65249,27593,97426,92842,162675,125019,0
67126,87732,97881,154858,165007,185613,1
19192,27374,18097,46566,37289,45471,1
43111,27783,79143,70894,122254,106926,0
89982,84120,87274,174102,177256,171394,1
54533,38760,30728,93293,85261,69488,1
96636,85307,73864,181943,170500,159171,1
48964,18861,43471,67825,92435,62332,1
62306,15059,48221,77365,110527,63280,1
72941,22022,76898,94963,149839,98920,1
57576,66455,10780,124031,68356,77235,1
74770,33016,1925,107786,76695,34941,0
48409,71000,22734,119409,71143,93734,1
24879,96204,72967,121083,97846,169171,1
33306,18981,35225,52287,68531,54206,1
99964,811,53948,100775,153912,54759,0
31984,21008,64029,52992,96013,85037,0
79678,52715,55754,132393,135432,108469,1
9149,51518,20579,60667,29728,72097,0
79529,59908,9631,139437,89160,69539,0
5632,39841,36423,45473,42055,76264,1
82345,91210,51378,173555,133723,142588,1
60382,41379,31025,101761,91407,72404,1
96849,18102,13550,114951,110399,31652,0
90690,90825,92320,181515,183010,183145,1
97945,57169,94734,155114,192679,151903,1
86521,94237,1105,180758,87626,95342,0
15858,91421,47770,107279,63628,139191,0
90725,36768,95415,127493,186140,132183,1
26932,57960,24235,84892,51167,82195,0
94209,56956,61302,151165,155511,118258,1
56628,92859,62844,149487,119472,155703,1
15683,65940,39687,81623,55370,105627,0
36826,19158,85949,55984,122775,105107,0
63213,60612,74237,123825,137450,134849,1
33974,77839,90922,111813,124896,168761,1
76326,65429,98274,141755,174600,163703,1
13314,43930,26042,57244,39356,69972,0
49862,70801,70935,120663,120797,141736,1
39382,1595,85465,40977,124847,87060,0
86098,54992,86416,141090,172514,141408,1
49618,70862,65310,120480,114928,136172,1
70268,49359,91218,119627,161486,140577,1
37776,44704,87763,82480,125539,132467,0
87657,5273,38166,92930,125823,43439,0
87033,21541,88818,108574,175851,110359,1
29901,53132,31151,83033,61052,84283,1
17544,44614,36987,62158,54531,81601,1
435,80546,21020,80981,21455,101566,0
7658,26246,54565,33904,62223,80811,0
17945,53190,4001,71135,21946,57191,0
93755,99879,51334,193634,145089,151213,1
98809,72191,59102,171000,157911,131293,1
88591,96446,19103,185037,107694,115549,1
50489,7627,27108,58116,77597,34735,0
93709,65509,46066,159218,139775,111575,1
98502,30173,54329,128675,152831,84502,0
65912,5826,82603,71738,148515,88429,0
76887,3539,35887,80426,112774,39426,0
16822,12012,29144,28834,45966,41156,0
1622,29706,23839,31328,25461,53545,0
60341,16010,72894,76351,133235,88904,1
4909,55166,62971,60075,67880,118137,0
21805,90248,92148,112053,113953,182396,1
16534,2574,25664,19108,42198,28238,0
16837,32683,49327,49520,66164,82010,1
87530,92147,20868,179677,108398,113015,1
13061,46119,5038,59180,18099,51157,0
352,58433,59469,58785,59821,117902,0
15547,80536,82774,96083,98321,163310,1
49849,91697,95095,141546,144944,186792,1
91348,28829,45786,120177,137134,74615,0
15099,20337,98667,35436,113766,119004,0
64793,61610,21938,126403,86731,83548,1
39312,37390,57156,76702,96468,94546,1
13698,75350,30098,89048,43796,105448,0
29085,48436,11905,77521,40990,60341,0
39718,97206,13433,136924,53151,110639,0
47096,39972,9547,87068,56643,49519,1
70158,56139,89710,126297,159868,145849,1
23004,431,7589,23435,30593,8020,0
1926,71760,63476,73686,65402,135236,0
42371,9938,97285,52309,139656,107223,0
47561,89680,10425,137241,57986,100105,0
97439,56268,85062,153707,182501,141330,1
47319,88662,21488,135981,68807,110150,0
75064,98604,24392,173668,99456,122996,1
14733,7582,18433,22315,33166,26015,1
82856,64542,12287,147398,95143,76829,0
3847,31116,15479,34963,19326,46595,0
1370,39878,57829,41248,59199,97707,0
49810,48633,705,98443,50515,49338,0
1398,15525,11783,16923,13181,27308,0
8499,59280,95297,67779,103796,154577,0
39000,7573,97886,46573,136886,105459,0
26734,45848,73768,72582,100502,119616,0
90803,98096,48234,188899,139037,146330,1
43898,54322,55356,98220,99254,109678,1
61513,29293,80257,90806,141770,109550,1
39808,39398,97730,79206,137538,137128,0
91689,57530,22405,149219,114094,79935,0
58546,54828,83231,113374,141777,138059,1
41323,44753,82971,86076,124294,127724,1
76884,1511,40841,78395,117725,42352,0
14700,20891,14989,35591,29689,35880,1
99979,44948,77785,144927,177764,122733,1
81852,86899,75827,168751,157679,162726,1
67165,61255,66733,128420,133898,127988,1
85826,62894,23512,148720,109338,86406,1
1930,69925,67608,71855,69538,137533,0
99200,46889,37765,146089,136965,84654,0
55000,51937,45526,106937,100526,97463,1
38437,53234,61142,91671,99579,114376,1
91015,36797,38408,127812,129423,75205,0
28791,46099,62108,74890,90899,108207,1
18458,89896,37035,108354,55493,126931,0
67499,32042,55016,99541,122515,87058,1
13346,92506,58518,105852,71864,151024,0
79644,93608,97910,173252,177554,191518,1
87053,58951,19565,146004,106618,78516,0
6023,16528,61314,22551,67337,77842,0
67482,8633,66316,76115,133798,74949,1
83899,28344,80709,112243,164608,109053,1
89431,68517,54178,157948,143609,122695,1
99507,17321,15905,116828,115412,33226,0
48617,17174,55725,65791,104342,72899,1
28589,83100,16755,111689,45344,99855,0
43322,50961,16991,94283,60313,67952,1
21139,2010,3582,23149,24721,5592,0
55637,89282,80078,144919,135715,169360,1
9304,4465,34449,13769,43753,38914,0
44612,8983,53129,53595,97741,62112,1
53754,59993,85991,113747,139745,145984,1
85429,79813,98792,165242,184221,178605,1
29975,30404,26496,60379,56471,56900,1
32939,68802,80767,101741,113706,149569,1
4162,74823,68881,78985,73043,143704,0
73500,39660,98201,113160,171701,137861,1
62745,795,31154,63540,93899,31949,0
84485,55820,62700,140305,147185,118520,1
61175,36433,83328,97608,144503,119761,1
46418,82032,12310,128450,58728,94342,0
42873,57541,70568,100414,113441,128109,1
60436,50375,6123,110811,66559,56498,0
66625,25643,13763,92268,80388,39406,0
33192,79560,4317,112752,37509,83877,0
95786,82856,13424,178642,109210,96280,1
61412,92778,52873,154190,114285,145651,1
72770,95253,61173,168023,133943,156426,1
71075,41364,4451,112439,75526,45815,0
65400,39206,25947,104606,91347,65153,0
31366,79113,72447,110479,103813,151560,1
48546,48440,31659,96986,80205,80099,1
39092,9602,28337,48694,67429,37939,0
82717,68527,53204,151244,135921,121731,1
61252,30735,57835,91987,119087,88570,1
66881,72827,63539,139708,130420,136366,1
12882,45874,57809,58756,70691,103683,1
47486,83503,6777,130989,54263,90280,0
63753,85040,50421,148793,114174,135461,1
24075,89680,68729,113755,92804,158409,1
58239,6284,67508,64523,125747,73792,0
27278,75152,96223,102430,123501,171375,1
14482,96050,13035,110532,27517,109085,0
32482,61788,39866,94270,72348,101654,1
62038,48956,4287,110994,66325,53243,0
45138,68511,75279,113649,120417,143790,1
96798,45894,16908,142692,113706,62802,0
24615,56345,71338,80960,95953,127683,1
86430,14827,41076,101257,127506,55903,0
28855,28714,46446,57569,75301,75160,1
54064,37757,91944,91821,146008,129701,0
95274,44128,37725,139402,132999,81853,0
97528,32170,50984,129698,148512,83154,0
8130,96023,64764,104153,72894,160787,0
49672,56226,53999,105898,103671,110225,1
23585,63236,62398,86821,85983,125634,1
77138,62315,10903,139453,88041,73218,0
69149,69324,13036,138473,82185,82360,1
27331,32008,23591,59339,50922,55599,1
64342,64458,14352,128800,78694,78810,1
11850,26385,91606,38235,103456,117991,0
21540,81310,64569,102850,86109,145879,1
34047,48941,52018,82988,86065,100959,1
52837,771,15280,53608,68117,16051,0
53126,79225,95927,132351,149053,175152,1
21058,67675,13165,88733,34223,80840,0
30497,70758,83104,101255,113601,153862,1
38463,38950,57508,77413,95971,96458,1
32772,58410,6044,91182,38816,64454,0
66425,7557,92681,73982,159106,100238,0
47195,61601,89574,108796,136769,151175,1
51984,69744,94374,121728,146358,164118,1
94649,30661,33686,125310,128335,64347,0
33383,67143,4647,100526,38030,71790,0
60431,87593,42067,148024,102498,129660,1
28348,82120,68662,110468,97010,150782,1
42946,94447,83607,137393,126553,178054,1
43085,22123,466,65208,43551,22589,0
15270,16901,21666,32171,36936,38567,1
5035,10964,62106,15999,67141,73070,0
20235,39835,31371,60070,51606,71206,1
27907,84477,13879,112384,41786,98356,0
17179,92133,52625,109312,69804,144758,0
90453,57078,33973,147531,124426,91051,1
77001,11287,84492,88288,161493,95779,1
93610,96434,11309,190044,104919,107743,1
63072,66303,25604,129375,88676,91907,1
1474,70206,53555,71680,55029,123761,0
78647,37843,20049,116490,98696,57892,0
22395,31062,55835,53457,78230,86897,0
21515,4198,82927,25713,104442,87125,0
79440,3861,71971,83301,151411,75832,0
41268,80309,54538,121577,95806,134847,1
12739,10174,49148,22913,61887,59322,0
32847,22749,87649,55596,120496,110398,0
59841,34423,99071,94264,158912,133494,0
49972,46525,85620,96497,135592,132145,1
47704,21100,91353,68804,139057,112453,0
9083,9098,69978,18181,79061,79076,0
62869,73625,89450,136494,152319,163075,1
88074,35733,52836,123807,140910,88569,1
17672,57175,57858,74847,75530,115033,1
48660,46329,14109,94989,62769,60438,1
63795,33389,43443,97184,107238,76832,1
52262,23731,18670,75993,70932,42401,0
54072,60111,85463,114183,139535,145574,1
49859,89322,87848,139181,137707,177170,1
77296,23086,17546,100382,94842,40632,0
8184,42582,68769,50766,76953,111351,0
82788,72493,66380,155281,149168,138873,1
33894,22773,99530,56667,133424,122303,0
6603,98412,32875,105015,39478,131287,0
54939,94236,46944,149175,101883,141180,1
60166,52882,40830,113048,100996,93712,1
59339,14692,98423,74031,157762,113115,0
69021,95789,90493,164810,159514,186282,1
98233,44611,40140,142844,138373,84751,0
1877,16068,67887,17945,69764,83955,0
24077,98234,90265,122311,114342,188499,1
23116,29623,18158,52739,41274,47781,1
53539,80620,55050,134159,108589,135670,1
855,90136,31636,90991,32491,121772,0
89893,66439,43341,156332,133234,109780,1
55744,5723,34300,61467,90044,40023,0
83900,36850,23923,120750,107823,60773,0
30304,72124,55100,102428,85404,127224,1
66625,40981,34622,107606,101247,75603,1
11552,49567,66747,61119,78299,116314,0
13007,28563,21594,41570,34601,50157,1
54024,6850,7653,60874,61677,14503,0
31810,47128,4076,78938,35886,51204,0
1941,83135,64885,85076,66826,148020,0
83657,1208,98576,84865,182233,99784,0
50826,80785,34523,131611,85349,115308,1
64584,28613,10552,93197,75136,39165,0
69551,67751,8518,137302,78069,76269,1
4899,22012,59857,26911,64756,81869,0
53190,68727,84986,121917,138176,153713,1
44668,73321,87558,117989,132226,160879,1
1345,59365,89630,60710,90975,148995,0
61650,123,82292,61773,143942,82415,0
66709,36297,39462,103006,106171,75759,1
72400,31611,73130,104011,145530,104741,1
49720,67366,73429,117086,123149,140795,1
18755,11544,86074,30299,104829,97618,0
91080,98810,61764,189890,152844,160574,1
57776,94455,32527,152231,90303,126982,0
68724,24746,93427,93470,162151,118173,1
59939,57347,82113,117286,142052,139460,1
52007,13572,79995,65579,132002,93567,0
5730,92912,63264,98642,68994,156176,0
30207,58483,74615,88690,104822,133098,1
68331,38243,2118,106574,70449,40361,0
31657,89369,97681,121026,129338,187050,1
18446,28256,1937,46702,20383,30193,0
35122,15732,83925,50854,119047,99657,0
32717,41046,84969,73763,117686,126015,0
90677,938,31837,91615,122514,32775,0
75725,24185,75611,99910,151336,99796,1
73627,52608,95418,126235,169045,148026,1
41223,25222,15034,66445,56257,40256,0
81615,687,84293,82302,165908,84980,0
18993,62335,69408,81328,88401,131743,1
66965,49565,51288,116530,118253,100853,1
56159,37245,84828,93404,140987,122073,1
76283,62679,86791,138962,163074,149470,1
50510,30462,12474,80972,62984,42936,0
17186,31999,50,49185,17236,32049,0
61506,80893,66979,142399,128485,147872,1
69639,30469,96722,100108,166361,127191,1
5372,60915,87422,66287,92794,148337,0
89403,7358,45007,96761,134410,52365,0
24134,66512,45580,90646,69714,112092,1
29889,76644,31354,106533,61243,107998,0
39088,49116,18629,88204,57717,67745,1
19111,10173,93367,29284,112478,103540,0
506,77704,1557,78210,2063,79261,0
55016,24370,24511,79386,79527,48881,0
22514,41396,13637,63910,36151,55033,0
16035,86375,1033,102410,17068,87408,0
11324,94639,75890,105963,87214,170529,0
55629,14677,20307,70306,75936,34984,0
25434,47957,40138,73391,65572,88095,1
83126,24714,73284,107840,156410,97998,1
64435,5661,77669,70096,142104,83330,0
78172,18711,54856,96883,133028,73567,0
90966,49727,5400,140693,96366,55127,0
73545,67645,30572,141190,104117,98217,1
57539,50895,31105,108434,88644,82000,1
56660,2194,41869,58854,98529,44063,0
89588,91102,97962,180690,187550,189064,1
43611,78940,18918,122551,62529,97858,0
51746,81184,91812,132930,143558,172996,1
44384,46896,95754,91280,140138,142650,0
84205,48808,46966,133013,131171,95774,1
82107,61846,34301,143953,116408,96147,1
86392,72397,3430,158789,89822,75827,0
81419,76593,77534,158012,158953,154127,1
80881,43491,73542,124372,154423,117033,1
53049,99138,40545,152187,93594,139683,0
85569,32524,12851,118093,98420,45375,0
34425,8576,24032,43001,58457,32608,0
21053,70490,65811,91543,86864,136301,1
36248,16607,81759,52855,118007,98366,0
23516,47157,35154,70673,58670,82311,1
6211,59178,9515,65389,15726,68693,0
30904,60211,23111,91115,54015,83322,0
46554,90625,70223,137179,116777,160848,1
97938,98065,20228,196003,118166,118293,1
30872,3890,29698,34762,60570,33588,1
6721,56551,33700,63272,40421,90251,0
92229,63897,2750,156126,94979,66647,0
58808,34076,49256,92884,108064,83332,1
19026,97773,86274,116799,105300,184047,1
18631,22207,97534,40838,116165,119741,0
83027,684,83848,83711,166875,84532,0
43830,92462,9352,136292,53182,101814,0
68243,19500,71888,87743,140131,91388,1
446,25174,41730,25620,42176,66904,0
17240,68668,89584,85908,106824,158252,0
51778,44238,15932,96016,67710,60170,1
45046,71682,41690,116728,86736,113372,1
4729,20997,51950,25726,56679,72947,0
55662,4603,9600,60265,65262,14203,0
73483,80972,36496,154455,109979,117468,1
58187,21934,81383,80121,139570,103317,0
45589,25770,89727,71359,135316,115497,0
40452,58636,92020,99088,132472,150656,1
81428,82938,66483,164366,147911,149421,1
4421,89839,17872,94260,22293,107711,0
92318,15075,89763,107393,182081,104838,1
96852,63167,54423,160019,151275,117590,1
21881,16541,36455,38422,58336,52996,1
62429,9734,35093,72163,97522,44827,0
1179,50231,48828,51410,50007,99059,0
58054,30929,4350,88983,62404,35279,0
78132,78504,1506,156636,79638,80010,1
60227,34655,67684,94882,127911,102339,1
38222,98427,43701,136649,81923,142128,0
21801,31262,53271,53063,75072,84533,0
68626,54828,32794,123454,101420,87622,1
78263,43221,46201,121484,124464,89422,1
43211,33448,36055,76659,79266,69503,1
33094,88871,15626,121965,48720,104497,0
4340,85994,63422,90334,67762,149416,0
52424,30222,91222,82646,143646,121444,0
64835,1584,30510,66419,95345,32094,0
87713,97690,58343,185403,146056,156033,1
63471,32605,66726,96076,130197,99331,1
36019,36607,68632,72626,104651,105239,1
785,4518,295,5303,1080,4813,0
22541,90124,9335,112665,31876,99459,0
9731,45483,59261,55214,68992,104744,0
73767,24041,5898,97808,79665,29939,0
83454,19503,9695,102957,93149,29198,0
13301,90300,5426,103601,18727,95726,0
45016,3085,65687,48101,110703,68772,0
39030,22520,14625,61550,53655,37145,0
6763,89125,50658,95888,57421,139783,0
55690,49518,13270,105208,68960,62788,1
34298,36286,3460,70584,37758,39746,1
25581,8879,77392,34460,102973,86271,0
17565,64166,34816,81731,52381,98982,0
51661,25024,80652,76685,132313,105676,0
18377,84642,38966,103019,57343,123608,0
91546,52399,33418,143945,124964,85817,0
14081,14605,23354,28686,37435,37959,1
55877,60036,23710,115913,79587,83746,1
41825,12308,76541,54133,118366,88849,0
98826,80434,85515,179260,184341,165949,1
75482,20402,40872,95884,116354,61274,0
32330,41377,13659,73707,45989,55036,1
40119,23584,76520,63703,116639,100104,0
16734,37830,80244,54564,96978,118074,0
32541,30533,93952,63074,126493,124485,0
68599,17485,55766,86084,124365,73251,1
85337,52814,41817,138151,127154,94631,1
40613,31498,3686,72111,44299,35184,0
4080,11835,49020,15915,53100,60855,0
12123,72279,49231,84402,61354,121510,0
39752,40784,7553,80536,47305,48337,1
71308,94755,18433,166063,89741,113188,0
41265,2779,27098,44044,68363,29877,0
21641,33535,60427,55176,82068,93962,0
70165,28812,13481,98977,83646,42293,0
50176,79374,72065,129550,122241,151439,1
27007,99229,43089,126236,70096,142318,0
87130,91494,16439,178624,103569,107933,1
82778,54187,58468,136965,141246,112655,1
47755,42274,89516,90029,137271,131790,1
92791,21948,38035,114739,130826,59983,0
12997,59280,57007,72277,70004,116287,1
50425,49924,46698,100349,97123,96622,1
90871,75856,92997,166727,183868,168853,1
57333,13948,32686,71281,90019,46634,0
6528,83174,95156,89702,101684,178330,0
37592,62986,27682,100578,65274,90668,1
76423,91334,2107,167757,78530,93441,0
42580,34105,75280,76685,117860,109385,1
16324,16054,64741,32378,81065,80795,0
89786,30269,10108,120055,99894,40377,0
1215,95482,47070,96697,48285,142552,0
96300,2327,91442,98627,187742,93769,0
64179,85117,7111,149296,71290,92228,0
54260,83146,77405,137406,131665,160551,1
26481,56692,86284,83173,112765,142976,0
23173,97128,16713,120301,39886,113841,0
23998,67869,46538,91867,70536,114407,1
42872,61973,22243,104845,65115,84216,1
97201,99975,71898,197176,169099,171873,1
83951,28782,79845,112733,163796,108627,1
4349,16357,36934,20706,41283,53291,0
58624,90112,90974,148736,149598,181086,1
42697,99372,52080,142069,94777,151452,0
12674,4955,57003,17629,69677,61958,0
10318,71773,20577,82091,30895,92350,0
80357,58076,44988,138433,125345,103064,1
9876,78105,9974,87981,19850,88079,0
66391,52894,70972,119285,137363,123866,1
5733,42110,997,47843,6730,43107,0
61599,58839,2441,120438,64040,61280,0
24091,61334,6341,85425,30432,67675,0
5227,76063,35000,81290,40227,111063,0
74478,28070,73151,102548,147629,101221,1
92321,98940,44768,191261,137089,143708,1
81803,36859,77540,118662,159343,114399,1
10205,19611,25524,29816,35729,45135,1
76576,56819,51789,133395,128365,108608,1
47878,13734,55933,61612,103811,69667,1
41185,23520,68585,64705,109770,92105,0
63484,21613,56873,85097,120357,78486,1
59881,11356,14700,71237,74581,26056,0
74611,4250,38829,78861,113440,43079,0
54952,36780,82455,91732,137407,119235,1
38236,51807,29759,90043,67995,81566,1
27473,28725,58171,56198,85644,86896,0
24896,27193,39386,52089,64282,66579,1
64429,12424,48812,76853,113241,61236,0
34641,29698,95780,64339,130421,125478,0
25621,81052,98057,106673,123678,179109,1
29189,37044,91347,66233,120536,128391,0
2201,63439,24048,65640,26249,87487,0
5443,77392,28073,82835,33516,105465,0
76372,10400,30116,86772,106488,40516,0
93535,64464,27567,157999,121102,92031,0
31312,32067,73716,63379,105028,105783,0
28470,8546,36022,37016,64492,44568,1
85969,57232,16170,143201,102139,73402,0
82581,96848,30698,179429,113279,127546,1
21444,14933,30198,36377,51642,45131,1
66132,15559,81557,81691,147689,97116,1
28632,46972,6196,75604,34828,53168,0
94534,34185,47146,128719,141680,81331,0
13839,18324,87151,32163,100990,105475,0
72899,40888,30023,113787,102922,70911,0
47581,48890,88916,96471,136497,137806,1
5937,43090,97457,49027,103394,140547,0
21379,14926,29865,36305,51244,44791,1
37196,45819,28952,83015,66148,74771,1
23296,22949,71418,46245,94714,94367,0
35032,55813,10640,90845,45672,66453,0
43397,62026,82751,105423,126148,144777,1
54870,25504,69094,80374,123964,94598,1
55045,18554,72752,73599,127797,91306,1
42300,8972,90673,51272,132973,99645,0
53237,32098,79700,85335,132937,111798,1
68718,37629,11530,106347,80248,49159,0
35476,14891,3252,50367,38728,18143,0
59747,99306,64747,159053,124494,164053,1
17431,85208,86172,102639,103603,171380,1
16028,80169,95121,96197,111149,175290,1
44815,95310,80213,140125,125028,175523,1
2219,14980,77201,17199,79420,92181,0
5214,10347,401,15561,5615,10748,0
18762,82509,76141,101271,94903,158650,1
80013,25077,97437,105090,177450,122514,1
81593,69612,24386,151205,105979,93998,1
95628,55618,10998,151246,106626,66616,0
65784,66777,31292,132561,97076,98069,1
47771,53121,54518,100892,102289,107639,1
30361,12202,11636,42563,41997,23838,0
58257,61207,50456,119464,108713,111663,1
18104,23146,30149,41250,48253,53295,1
66432,4576,43991,71008,110423,48567,0
54631,79954,41453,134585,96084,121407,1
61677,69823,10508,131500,72185,80331,1
23779,75786,46190,99565,69969,121976,0
53545,39816,75033,93361,128578,114849,1
65975,10875,30874,76850,96849,41749,0
86150,25845,49568,111995,135718,75413,0
54076,58116,19509,112192,73585,77625,1
74171,35635,40621,109806,114792,76256,1
31610,53925,15712,85535,47322,69637,0
69098,15492,84524,84590,153622,100016,1
22284,82000,29947,104284,52231,111947,0
31622,79919,43549,111541,75171,123468,0
53770,28927,71887,82697,125657,100814,1
7989,59503,87334,67492,95323,146837,0
6631,9450,56138,16081,62769,65588,0
21848,5422,11440,27270,33288,16862,0
24528,79338,2294,103866,26822,81632,0
73099,73815,31857,146914,104956,105672,1
2472,79716,16679,82188,19151,96395,0
76433,13683,27091,90116,103524,40774,0
26728,73048,93673,99776,120401,166721,1
56763,46274,57425,103037,114188,103699,1
11515,91510,73743,103025,85258,165253,0
43547,47768,55877,91315,99424,103645,1
24630,64172,67536,88802,92166,131708,1
8543,35095,2463,43638,11006,37558,0
80193,63234,73548,143427,153741,136782,1
58541,74244,21161,132785,79702,95405,1
15845,59758,34927,75603,50772,94685,0
84119,34892,19461,119011,103580,54353,0
66085,20003,9948,86088,76033,29951,0
53297,18736,7126,72033,60423,25862,0
68270,46381,22437,114651,90707,68818,1
80304,58516,96529,138820,176833,155045,1
12249,15183,84181,27432,96430,99364,0
54150,71815,44529,125965,98679,116344,1
1199,90749,5888,91948,7087,96637,0
89507,41145,19587,130652,109094,60732,0
48012,3944,88880,51956,136892,92824,0
24943,63476,73878,88419,98821,137354,1
40884,51687,30203,92571,71087,81890,1
19324,5157,48921,24481,68245,54078,0
54544,16076,12530,70620,67074,28606,0
65907,10651,24145,76558,90052,34796,0
42909,33487,11619,76396,54528,45106,1
32701,38469,36578,71170,69279,75047,1
58441,62441,59220,120882,117661,121661,1
56108,48730,41481,104838,97589,90211,1
85617,98953,95227,184570,180844,194180,1
72748,85485,20450,158233,93198,105935,1
32975,37400,17639,70375,50614,55039,1
78863,139,34856,79002,113719,34995,0
98704,89126,50606,187830,149310,139732,1
54116,18139,28378,72255,82494,46517,0
34274,19367,3875,53641,38149,23242,0
23003,66158,60246,89161,83249,126404,1
51096,95049,94046,146145,145142,189095,1
66722,47459,74757,114181,141479,122216,1
98660,63076,3636,161736,102296,66712,0
61494,22794,46267,84288,107761,69061,1
31177,98723,90428,129900,121605,189151,1
41048,80860,22963,121908,64011,103823,0
70923,17897,93104,88820,164027,111001,0
99185,15593,33412,114778,132597,49005,0
5008,96071,24778,101079,29786,120849,0
54823,75724,36194,130547,91017,111918,1
10110,11896,94786,22006,104896,106682,0
68040,87600,95075,155640,163115,182675,1
67732,9421,73724,77153,141456,83145,1
26131,68511,79315,94642,105446,147826,1
22339,20369,30860,42708,53199,51229,1
12503,42852,44446,55355,56949,87298,1
72754,48789,82562,121543,155316,131351,1
96872,5060,17778,101932,114650,22838,0
58959,88844,96860,147803,155819,185704,1
74889,49035,30530,123924,105419,79565,1
1764,83448,67068,85212,68832,150516,0
3269,59554,63793,62823,67062,123347,0
91008,28491,56656,119499,147664,85147,0
94816,95278,44962,190094,139778,140240,1
32507,56679,5447,89186,37954,62126,0
97643,1722,45808,99365,143451,47530,0
96986,18212,99753,115198,196739,117965,1
32467,65179,45111,97646,77578,110290,1
10622,24647,83313,35269,93935,107960,0
86156,44286,96190,130442,182346,140476,1
4012,75621,314,79633,4326,75935,0
74809,59422,19435,134231,94244,78857,1
15043,64098,64145,79141,79188,128243,1
58547,19089,66169,77636,124716,85258,1
45663,19803,96163,65466,141826,115966,0
20295,78827,75665,99122,95960,154492,1
30322,4368,38948,34690,69270,43316,0
88645,37588,15449,126233,104094,53037,0
28976,55076,40756,84052,69732,95832,1
44911,74403,31642,119314,76553,106045,1
67805,66598,51991,134403,119796,118589,1
89055,46564,41071,135619,130126,87635,0
19754,4565,16839,24319,36593,21404,1
34153,58618,71797,92771,105950,130415,1
39373,29412,90322,68785,129695,119734,0
20197,6285,56600,26482,76797,62885,0
1388,27134,60605,28522,61993,87739,0
31474,73772,50248,105246,81722,124020,1
28982,4153,60694,33135,89676,64847,0
190,51730,6517,51920,6707,58247,0
23469,77444,9932,100913,33401,87376,0
80881,43841,59241,124722,140122,103082,1
69699,65904,25241,135603,94940,91145,1
43026,39617,24900,82643,67926,64517,1
49337,40340,29858,89677,79195,70198,1
22136,85219,28225,107355,50361,113444,0
42213,6569,8480,48782,50693,15049,0
2459,5192,27618,7651,30077,32810,0
14737,28192,35979,42929,50716,64171,1
91516,93405,96201,184921,187717,189606,1
76532,47117,2644,123649,79176,49761,0
84347,16261,66885,100608,151232,83146,0
27815,62658,36890,90473,64705,99548,1
49880,74599,44607,124479,94487,119206,1
25427,61049,68367,86476,93794,129416,1
89089,72273,20548,161362,109637,92821,1
30658,95618,59053,126276,89711,154671,0
74243,62228,53391,136471,127634,115619,1
4691,72191,41622,76882,46313,113813,0
70238,47290,59746,117528,129984,107036,1
19892,25549,52140,45441,72032,77689,0
87464,22159,16917,109623,104381,39076,0
2819,98379,66063,101198,68882,164442,0
87002,57436,43225,144438,130227,100661,1
30201,5595,29582,35796,59783,35177,1
5832,73595,26958,79427,32790,100553,0
60890,6228,38864,67118,99754,45092,0
62073,27207,25272,89280,87345,52479,0
34045,55644,20452,89689,54497,76096,0
51977,42363,87742,94340,139719,130105,1
38466,32594,64094,71060,102560,96688,1
9546,61191,72115,70737,81661,133306,0
4895,72858,15227,77753,20122,88085,0
63735,13002,71827,76737,135562,84829,1
45512,92930,85866,138442,131378,178796,1
23478,74955,8246,98433,31724,83201,0
40459,39385,78169,79844,118628,117554,1
6933,99798,31547,106731,38480,131345,0
63375,93655,54622,157030,117997,148277,1
56036,85337,79279,141373,135315,164616,1
42590,39326,89545,81916,132135,128871,0
91812,13220,831,105032,92643,14051,0
86450,6898,93538,93348,179988,100436,0
90397,85918,83255,176315,173652,169173,1
94786,37656,93095,132442,187881,130751,1
22283,61714,91228,83997,113511,152942,0
57303,89150,78444,146453,135747,167594,1
82189,68117,85494,150306,167683,153611,1
20286,71097,8167,91383,28453,79264,0
95766,73192,87117,168958,182883,160309,1
4669,71797,32011,76466,36680,103808,0
12314,89758,13709,102072,26023,103467,0
71886,70071,84955,141957,156841,155026,1
25861,44083,13158,69944,39019,57241,0
29036,90942,3580,119978,32616,94522,0
49118,3971,36737,53089,85855,40708,0
41548,13866,32270,55414,73818,46136,1
59580,19996,71472,79576,131052,91468,1
60783,73040,11571,133823,72354,84611,0
65248,17573,6487,82821,71735,24060,0
62564,54280,46233,116844,108797,100513,1
77974,93462,22436,171436,100410,115898,1
90823,83702,90749,174525,181572,174451,1
19989,2090,93783,22079,113772,95873,0
37319,49122,74939,86441,112258,124061,1
39192,27288,86929,66480,126121,114217,0
73034,18894,75852,91928,148886,94746,1
77412,74086,89013,151498,166425,163099,1
70486,22704,47868,93190,118354,70572,1
63410,38545,6972,101955,70382,45517,0
31171,47093,16703,78264,47874,63796,1
90890,52358,57826,143248,148716,110184,1
39727,88328,56159,128055,95886,144487,1
42711,68895,29128,111606,71839,98023,1
56869,12256,86104,69125,142973,98360,0
46143,24615,48031,70758,94174,72646,1
47818,75697,35105,123515,82923,110802,1
61863,94482,96682,156345,158545,191164,1
44867,13375,82994,58242,127861,96369,0
28728,32971,88325,61699,117053,121296,0
51567,51147,56698,102714,108265,107845,1
59440,72507,52328,131947,111768,124835,1
78548,85329,32936,163877,111484,118265,1
18152,3407,82608,21559,100760,86015,0
22204,68395,9377,90599,31581,77772,0
11746,64725,55270,76471,67016,119995,1
38071,25962,74669,64033,112740,100631,0
40356,74423,72976,114779,113332,147399,1
87034,37388,57851,124422,144885,95239,1
20152,28158,24579,48310,44731,52737,1
90371,39048,12098,129419,102469,51146,0
88195,21003,37688,109198,125883,58691,0
17087,18853,54321,35940,71408,73174,0
80507,17807,91357,98314,171864,109164,1
9252,98391,92323,107643,101575,190714,1
74547,51579,96883,126126,171430,148462,1
36027,62809,18103,98836,54130,80912,0
25284,29894,61653,55178,86937,91547,0
769,80238,56165,81007,56934,136403,0
2561,46001,60663,48562,63224,106664,0
55285,25456,1272,80741,56557,26728,0
94676,10710,98362,105386,193038,109072,1
9087,57055,37498,66142,46585,94553,0
95954,60607,57924,156561,153878,118531,1
24741,51928,62748,76669,87489,114676,1
68224,24255,38842,92479,107066,63097,0
98402,56998,19403,155400,117805,76401,0
64699,55759,93370,120458,158069,149129,1
33782,37343,29046,71125,62828,66389,1
98311,64150,54109,162461,152420,118259,1
61493,93788,1791,155281,63284,95579,0
23632,57960,12420,81592,36052,70380,0
9370,50371,36930,59741,46300,87301,0
1238,36270,48944,37508,50182,85214,0
71291,38581,72898,109872,144189,111479,1
91938,51301,71538,143239,163476,122839,1
13665,29142,38341,42807,52006,67483,1
28423,59035,82122,87458,110545,141157,1
7701,43564,17017,51265,24718,60581,0
53793,19347,33756,73140,87549,53103,0
31388,10511,72421,41899,103809,82932,0
68898,66662,97833,135560,166731,164495,1
6506,80603,29341,87109,35847,109944,0
67083,12908,41168,79991,108251,54076,0
81602,60390,89941,141992,171543,150331,1
29928,36737,30387,66665,60315,67124,1
3387,71403,39652,74790,43039,111055,0
84163,75597,43722,159760,127885,119319,1
68098,42169,46002,110267,114100,88171,1
99295,78145,99499,177440,198794,177644,1
51015,4543,62164,55558,113179,66707,0
51524,11410,57948,62934,109472,69358,1
43706,72641,678,116347,44384,73319,0
94994,65770,89911,160764,184905,155681,1
76152,24643,98368,100795,174520,123011,1
5460,27882,2280,33342,7740,30162,0
58379,90049,4739,148428,63118,94788,0
65952,70005,98547,135957,164499,168552,1
30095,44449,64625,74544,94720,109074,1
23880,29702,63449,53582,87329,93151,0
92583,79051,64342,171634,156925,143393,1
47366,63803,2089,111169,49455,65892,0
54243,61240,31657,115483,85900,92897,1
24484,82209,36782,106693,61266,118991,0
25409,37315,54055,62724,79464,91370,1
50898,24906,9002,75804,59900,33908,0
58181,72458,65275,130639,123456,137733,1
55707,37535,79914,93242,135621,117449,1
12091,59064,30022,71155,42113,89086,0
80668,63400,85636,144068,166304,149036,1
94561,73813,50958,168374,145519,124771,1
30347,78307,29247,108654,59594,107554,0
77740,76089,68772,153829,146512,144861,1
523,5109,23129,5632,23652,28238,0
67090,26100,28889,93190,95979,54989,0
79763,62237,12800,142000,92563,75037,0
2176,14106,506,16282,2682,14612,0
73053,21471,84261,94524,157314,105732,1
21485,51176,36441,72661,57926,87617,1
71566,83462,60352,155028,131918,143814,1
54355,36409,74585,90764,128940,110994,1
22482,51887,93633,74369,116115,145520,0
92336,52254,38285,144590,130621,90539,0
29958,28854,7351,58812,37309,36205,1
16946,64833,14410,81779,31356,79243,0
22443,62506,4454,84949,26897,66960,0
18867,75383,37071,94250,55938,112454,0
29933,29138,77088,59071,107021,106226,0
75654,72087,12165,147741,87819,84252,1
24846,46879,66992,71725,91838,113871,1
49948,27372,77826,77320,127774,105198,0
12302,61603,59120,73905,71422,120723,1
13628,66161,84751,79789,98379,150912,0
76492,89655,50591,166147,127083,140246,1
89295,36394,75468,125689,164763,111862,1
59769,17421,7662,77190,67431,25083,0
84428,44807,11192,129235,95620,55999,0
34200,72868,54791,107068,88991,127659,1
82212,88663,28601,170875,110813,117264,1
14093,17816,72107,31909,86200,89923,0
88918,46248,21144,135166,110062,67392,0
98605,80308,46342,178913,144947,126650,1
25001,70576,69486,95577,94487,140062,1
98008,18586,8245,116594,106253,26831,0
71304,56358,98520,127662,169824,154878,1
44643,28028,54964,72671,99607,82992,1
72173,6088,87459,78261,159632,93547,0
11090,66329,68351,77419,79441,134680,1
75426,61468,96615,136894,172041,158083,1
49332,73657,50601,122989,99933,124258,1
14051,20207,32300,34258,46351,52507,1
93071,53409,57061,146480,150132,110470,1
48065,68367,14808,116432,62873,83175,0
31843,57470,79830,89313,111673,137300,1
13321,89825,41419,103146,54740,131244,0
62546,60874,60693,123420,123239,121567,1
38405,83436,51183,121841,89588,134619,1
83228,76768,24216,159996,107444,100984,1
22179,62009,37245,84188,59424,99254,0
69441,87391,88110,156832,157551,175501,1
60412,42674,60137,103086,120549,102811,1
12207,35486,29069,47693,41276,64555,1
41651,94330,82265,135981,123916,176595,1
6585,37467,78177,44052,84762,115644,0
89633,19144,4824,108777,94457,23968,0
53438,41843,59559,95281,112997,101402,1
15577,13162,10954,28739,26531,24116,1
7647,78022,85573,85669,93220,163595,1
49262,86773,58085,136035,107347,144858,1
10186,54598,64910,64784,75096,119508,0
32325,16367,97111,48692,129436,113478,0
42937,34957,38236,77894,81173,73193,1
48581,58088,52949,106669,101530,111037,1
18718,47372,94010,66090,112728,141382,0
36994,10145,54975,47139,91969,65120,0
48431,38015,63563,86446,111994,101578,1
20237,44359,62097,64596,82334,106456,1
99502,73026,96884,172528,196386,169910,1
83214,39601,72515,122815,155729,112116,1
71536,3223,34743,74759,106279,37966,0
29092,28717,42026,57809,71118,70743,1
57583,80609,82756,138192,140339,163365,1
85991,27428,57730,113419,143721,85158,0
41042,55130,2929,96172,43971,58059,0
70031,60321,5397,130352,75428,65718,0
45428,42949,47466,88377,92894,90415,1
5534,16379,40777,21913,46311,57156,0
15812,92353,12524,108165,28336,104877,0
50679,56573,28391,107252,79070,84964,1
50986,98635,92864,149621,143850,191499,1
4328,54372,25015,58700,29343,79387,0
67036,65799,90798,132835,157834,156597,1
48449,53530,39235,101979,87684,92765,1
11832,33865,71518,45697,83350,105383,0
81754,74477,10571,156231,92325,85048,1
57960,76827,39685,134787,97645,116512,1
70520,96307,30430,166827,100950,126737,1
49591,64936,62336,114527,111927,127272,1
92928,13870,85949,106798,178877,99819,1
53396,70194,97911,123590,151307,168105,1
35971,90185,19451,126156,55422,109636,0
28896,40611,41064,69507,69960,81675,1
17611,34704,83204,52315,100815,117908,0
58294,37633,21666,95927,79960,59299,1
75501,99581,48911,175082,124412,148492,1
42188,2310,33756,44498,75944,36066,0
96259,93264,51849,189523,148108,145113,1
12625,63970,81726,76595,94351,145696,0
37402,91853,31223,129255,68625,123076,0
85950,40212,7382,126162,93332,47594,0
27267,82305,92626,109572,119893,174931,1
44506,28642,1161,73148,45667,29803,0
51760,18702,42414,70462,94174,61116,1
31094,76634,80283,107728,111377,156917,1
91066,62007,27498,153073,118564,89505,0
27527,39555,40793,67082,68320,80348,1
40879,25167,10150,66046,51029,35317,0
89949,2999,25780,92948,115729,28779,0
98102,65082,71633,163184,169735,136715,1
67470,42588,32187,110058,99657,74775,1
37386,8308,45688,45694,83074,53996,1
83010,36606,77407,119616,160417,114013,1
62461,73251,49203,135712,111664,122454,1
23670,63539,40636,87209,64306,104175,1
54306,9967,58911,64273,113217,68878,1
73441,96566,72151,170007,145592,168717,1
46113,49029,41701,95142,87814,90730,1
94506,65072,86002,159578,180508,151074,1
86191,76704,46217,162895,132408,122921,1
1412,67206,74190,68618,75602,141396,0
98802,87,84184,98889,182986,84271,0
47308,42362,98238,89670,145546,140600,0
65488,92939,98757,158427,164245,191696,1
37504,35692,20639,73196,58143,56331,1
65877,17466,60144,83343,126021,77610,1
99740,40260,36057,140000,135797,76317,0
58998,49630,37027,108628,96025,86657,1
25562,55122,20213,80684,45775,75335,0
28988,85361,58803,114349,87791,144164,1
82657,79614,58767,162271,141424,138381,1
12837,23708,81833,36545,94670,105541,0
21995,89888,16421,111883,38416,106309,0
63660,64618,85629,128278,149289,150247,1
55358,22008,3665,77366,59023,25673,0
45614,39650,2171,85264,47785,41821,0
99985,18428,24449,118413,124434,42877,0
28301,49527,89311,77828,117612,138838,0
26920,69363,60396,96283,87316,129759,1
24047,24915,65990,48962,90037,90905,0
64662,46115,14413,110777,79075,60528,0
9092,93960,3767,103052,12859,97727,0
52631,80846,25690,133477,78321,106536,0
50959,19740,49217,70699,100176,68957,1
99109,3321,74175,102430,173284,77496,0
17288,84395,97906,101683,115194,182301,1
49173,10704,50061,59877,99234,60765,1
33360,20116,54652,53476,88012,74768,0
8697,20723,31239,29420,39936,51962,0
57564,43501,8401,101065,65965,51902,0
48855,3022,35163,51877,84018,38185,0
6999,69344,21654,76343,28653,90998,0
54840,85199,86883,140039,141723,172082,1
31914,59712,29709,91626,61623,89421,1
29431,85881,40997,115312,70428,126878,0
25483,28405,13604,53888,39087,42009,1
11535,27600,94544,39135,106079,122144,0
23166,18828,73904,41994,97070,92732,0
84184,55151,83407,139335,167591,138558,1
8009,74521,51827,82530,59836,126348,0
66647,77240,33761,143887,100408,111001,1
20917,56803,1879,77720,22796,58682,0
75422,98072,11896,173494,87318,109968,0
26753,45702,14975,72455,41728,60677,0
76499,80095,38355,156594,114854,118450,1
10861,80035,31865,90896,42726,111900,0
64936,28936,44109,93872,109045,73045,1
15945,29119,94957,45064,110902,124076,0
89606,45137,40944,134743,130550,86081,0
31201,48073,22369,79274,53570,70442,1
74553,39073,44880,113626,119433,83953,1
49615,78569,63370,128184,112985,141939,1
21808,48924,7405,70732,29213,56329,0
80176,76766,40489,156942,120665,117255,1
74352,54002,18718,128354,93070,72720,0
14308,89642,76089,103950,90397,165731,1
17545,84775,72254,102320,89799,157029,1
64731,62208,3097,126939,67828,65305,1
52957,24772,91626,77729,144583,116398,0
74654,14713,52640,89367,127294,67353,0
39644,77233,40831,116877,80475,118064,1
84612,21765,87859,106377,172471,109624,1
87479,94033,5591,181512,93070,99624,0
83276,16715,18020,99991,101296,34735,0
98795,61038,45556,159833,144351,106594,1
25396,99412,31456,124808,56852,130868,0
76973,76968,18172,153941,95145,95140,1
74495,19477,43753,93972,118248,63230,0
91595,28509,33675,120104,125270,62184,0
9050,24998,54732,34048,63782,79730,0
6823,51958,50364,58781,57187,102322,1
23744,75131,32916,98875,56660,108047,0
36786,64263,78349,101049,115135,142612,1
14313,96058,67571,110371,81884,163629,0
15905,94543,51641,110448,67546,146184,0
14969,15158,19975,30127,34944,35133,1
18988,32143,51558,51131,70546,83701,0
40534,80817,41648,121351,82182,122465,1
36453,11786,71193,48239,107646,82979,0
81664,16829,66443,98493,148107,83272,1
98828,49561,67950,148389,166778,117511,1
53554,79325,96538,132879,150092,175863,1
95303,10258,69438,105561,164741,79696,0
91001,4706,43446,95707,134447,48152,0
76089,66621,90898,142710,166987,157519,1
94462,1603,99992,96065,194454,101595,0
38210,66528,73398,104738,111608,139926,1
29693,90675,26816,120368,56509,117491,0
95881,93485,71186,189366,167067,164671,1
52562,87408,81222,139970,133784,168630,1
29841,3966,31812,33807,61653,35778,1
76832,51717,65231,128549,142063,116948,1
94506,6988,21587,101494,116093,28575,0
38584,6971,80274,45555,118858,87245,0
15950,65996,12603,81946,28553,78599,0
97859,52374,18948,150233,116807,71322,0
77158,88446,74133,165604,151291,162579,1
51663,71492,59446,123155,111109,130938,1
29172,77689,31861,106861,61033,109550,0
67741,27532,22074,95273,89815,49606,0
32055,79122,74331,111177,106386,153453,1
56886,23099,47471,79985,104357,70570,1
45228,66669,17503,111897,62731,84172,0
4250,94207,28227,98457,32477,122434,0
59997,26099,31261,86096,91258,57360,0
98530,59299,10699,157829,109229,69998,0
91098,59342,7194,150440,98292,66536,0
92572,22317,81637,114889,174209,103954,1
4252,5702,40944,9954,45196,46646,0
83070,62457,85684,145527,168754,148141,1
61392,41309,13617,102701,75009,54926,0
36049,75476,20712,111525,56761,96188,0
4795,99065,94940,103860,99735,194005,1
17249,80033,79144,97282,96393,159177,1
36890,81246,68804,118136,105694,150050,1
18615,46841,34416,65456,53031,81257,1
79810,7033,67235,86843,147045,74268,0
21239,91780,3885,113019,25124,95665,0
80444,92917,78126,173361,158570,171043,1
1656,98000,52343,99656,53999,150343,0
56232,91243,27164,147475,83396,118407,0
40027,76214,91308,116241,131335,167522,1
21509,66273,78530,87782,100039,144803,1
47892,52828,70530,100720,118422,123358,1
87864,83249,58289,171113,146153,141538,1
87877,29717,95717,117594,183594,125434,1
82217,85080,20464,167297,102681,105544,1
26236,11156,16012,37392,42248,27168,1
34314,36844,67409,71158,101723,104253,1
77117,50286,970,127403,78087,51256,0
48623,91974,16353,140597,64976,108327,0
8742,76251,92456,84993,101198,168707,0
64418,85460,39788,149878,104206,125248,1
6634,62962,30088,69596,36722,93050,0
27306,27754,43887,55060,71193,71641,1
91632,17190,82521,108822,174153,99711,1
49885,67664,3553,117549,53438,71217,0
36184,88466,89214,124650,125398,177680,1
43783,41994,89337,85777,133120,131331,0
1779,49946,87102,51725,88881,137048,0
92796,18511,5363,111307,98159,23874,0
6186,46034,92051,52220,98237,138085,0
11231,66219,20416,77450,31647,86635,0
74534,85255,76946,159789,151480,162201,1
26292,19963,76032,46255,102324,95995,0
75980,38138,72642,114118,148622,110780,1
49298,50291,40216,99589,89514,90507,1
1165,45359,52627,46524,53792,97986,0
53373,32159,93431,85532,146804,125590,0
52838,87026,55636,139864,108474,142662,1
3482,42674,12149,46156,15631,54823,0
77066,79675,65202,156741,142268,144877,1
38533,34958,68905,73491,107438,103863,1
29784,80303,61762,110087,91546,142065,1
4729,61583,13849,66312,18578,75432,0
81661,56106,18489,137767,100150,74595,0
34383,35555,54572,69938,88955,90127,1
6720,36134,6037,42854,12757,42171,0
58591,35355,96844,93946,155435,132199,0
60464,69593,26260,130057,86724,95853,1
24,59714,23740,59738,23764,83454,0
39055,59054,79375,98109,118430,138429,1
35322,77484,54701,112806,90023,132185,1
59733,93048,65555,152781,125288,158603,1
75679,50401,51580,126080,127259,101981,1
21,78211,97334,78232,97355,175545,0
24897,96046,25492,120943,50389,121538,0
27939,83311,27748,111250,55687,111059,0
78225,50672,18162,128897,96387,68834,0
78352,4199,44583,82551,122935,48782,0
51477,66876,98401,118353,149878,165277,1
64592,173,54364,64765,118956,54537,0
71671,7285,52002,78956,123673,59287,0
42846,66162,64690,109008,107536,130852,1
99972,50399,90945,150371,190917,141344,1
55951,86074,96959,142025,152910,183033,1
10950,45213,70183,56163,81133,115396,0
7865,59300,78231,67165,86096,137531,0
96186,63220,48285,159406,144471,111505,1
11688,33076,79336,44764,91024,112412,0
50200,49718,43951,99918,94151,93669,1
54385,11106,95348,65491,149733,106454,0
74648,86309,42661,160957,117309,128970,1
9764,54972,27600,64736,37364,82572,0
77107,68711,15700,145818,92807,84411,1
27094,13782,98993,40876,126087,112775,0
43840,82177,60991,126017,104831,143168,1
3189,95998,765,99187,3954,96763,0
78318,28464,53322,106782,131640,81786,1
6587,28565,91603,35152,98190,120168,0
55395,14344,33267,69739,88662,47611,0
1057,71864,26204,72921,27261,98068,0
58336,70233,50410,128569,108746,120643,1
26014,55854,9103,81868,35117,64957,0
50025,77462,99899,127487,149924,177361,1
360,80522,88047,80882,88407,168569,0
68572,32515,51230,101087,119802,83745,1
30296,80470,66560,110766,96856,147030,1
67739,52048,71260,119787,138999,123308,1
68484,76619,1551,145103,70035,78170,0
76446,5327,57149,81773,133595,62476,0
43445,26621,95796,70066,139241,122417,0
72809,15846,65382,88655,138191,81228,1
77895,43383,1840,121278,79735,45223,0
15177,87287,43418,102464,58595,130705,0
16091,13651,10607,29742,26698,24258,1
34484,75065,47453,109549,81937,122518,1
72441,55183,33990,127624,106431,89173,1
9739,67712,38184,77451,47923,105896,0
46136,33237,91970,79373,138106,125207,0
69858,16424,68717,86282,138575,85141,1
43323,53469,21063,96792,64386,74532,1
18170,10540,53189,28710,71359,63729,0
92588,23993,19590,116581,112178,43583,0
27097,72071,30360,99168,57457,102431,0
65024,53554,71524,118578,136548,125078,1
66689,63011,84525,129700,151214,147536,1
47730,37420,26058,85150,73788,63478,1
54234,70721,75298,124955,129532,146019,1
71092,25988,20380,97080,91472,46368,0
92478,52558,1232,145036,93710,53790,0
19525,6756,5923,26281,25448,12679,0
50919,13044,33150,63963,84069,46194,0
18031,44371,5024,62402,23055,49395,0
42631,48145,65782,90776,108413,113927,1
67495,77785,27246,145280,94741,105031,1
18412,81163,39057,99575,57469,120220,0
37544,3743,30416,41287,67960,34159,0
90323,68730,6895,159053,97218,75625,0
76446,79553,46803,155999,123249,126356,1
6561,23642,60946,30203,67507,84588,0
78140,79094,87452,157234,165592,166546,1
59862,63958,84612,123820,144474,148570,1
98073,27049,48286,125122,146359,75335,0
62347,38509,88263,100856,150610,126772,1
76965,35341,76816,112306,153781,112157,1
54449,28060,44592,82509,99041,72652,1
31817,65001,14223,96818,46040,79224,0
32358,98076,13413,130434,45771,111489,0
46177,47610,85290,93787,131467,132900,1
62512,51343,93450,113855,155962,144793,1
14517,9393,46408,23910,60925,55801,0
2239,15329,45004,17568,47243,60333,0
87790,11611,10586,99401,98376,22197,0
84174,58999,90772,143173,174946,149771,1
41769,9970,33407,51739,75176,43377,1
47634,63525,3165,111159,50799,66690,0
95630,95616,14592,191246,110222,110208,1
4964,92357,46470,97321,51434,138827,0
39847,62729,60095,102576,99942,122824,1
12650,24122,23510,36772,36160,47632,1
19508,94502,65454,114010,84962,159956,0
90037,25914,80306,115951,170343,106220,1
72636,70176,1855,142812,74491,72031,0
69256,27319,51327,96575,120583,78646,1
25055,12554,23779,37609,48834,36333,1
26596,35966,31927,62562,58523,67893,1
77871,93403,97625,171274,175496,191028,1
31130,85200,70164,116330,101294,155364,1
425,70374,63230,70799,63655,133604,0
15134,1623,16672,16757,31806,18295,1
47046,58560,54,105606,47100,58614,0
37071,79530,29634,116601,66705,109164,0
18165,8895,80183,27060,98348,89078,0
76885,75654,99766,152539,176651,175420,1
61701,94385,39411,156086,101112,133796,1
21584,58511,89894,80095,111478,148405,0
57991,85460,97111,143451,155102,182571,1
99580,65807,75954,165387,175534,141761,1
83673,21169,90480,104842,174153,111649,1
37306,80091,99889,117397,137195,179980,1
90378,87719,32744,178097,123122,120463,1
4926,66503,34656,71429,39582,101159,0
48259,22297,7064,70556,55323,29361,0
91184,31829,24726,123013,115910,56555,0
56383,52172,54694,108555,111077,106866,1
25731,12928,87823,38659,113554,100751,0
19343,41682,37116,61025,56459,78798,1
62065,90823,15792,152888,77857,106615,0
29693,14541,29596,44234,59289,44137,1
68847,25214,48050,94061,116897,73264,1
57412,3342,13209,60754,70621,16551,0
27711,17892,9691,45603,37402,27583,0
66848,47482,59934,114330,126782,107416,1
5009,38832,72100,43841,77109,110932,0
82878,29981,41256,112859,124134,71237,0
31199,63343,20820,94542,52019,84163,0
49335,43339,79624,92674,128959,122963,1
80314,54749,94413,135063,174727,149162,1
6701,75716,70213,82417,76914,145929,1
55958,5375,30616,61333,86574,35991,0
4417,20162,13749,24579,18166,33911,0
27569,79730,62407,107299,89976,142137,1
67964,96977,21266,164941,89230,118243,0
70341,58932,50290,129273,120631,109222,1
38403,18799,96788,57202,135191,115587,0
38492,73228,22163,111720,60655,95391,0
84591,35834,4999,120425,89590,40833,0
57656,75328,89774,132984,147430,165102,1
19436,55026,98789,74462,118225,153815,0
66125,65565,19374,131690,85499,84939,1
48771,37769,85263,86540,134034,123032,1
90258,85778,7462,176036,97720,93240,1
61064,36702,23257,97766,84321,59959,0
9676,57150,19375,66826,29051,76525,0
52336,15076,17735,67412,70071,32811,0
66406,383,28195,66789,94601,28578,0
67424,39194,21237,106618,88661,60431,0
99853,44751,13839,144604,113692,58590,0
83431,19264,20182,102695,103613,39446,0
50991,48172,84856,99163,135847,133028,1
15964,19654,8071,35618,24035,27725,1
25543,12217,70704,37760,96247,82921,0
86521,82060,98174,168581,184695,180234,1
99329,90842,27834,190171,127163,118676,1
2186,19134,45424,21320,47610,64558,0
19591,75664,34717,95255,54308,110381,0
17034,46986,31477,64020,48511,78463,1
36060,55266,67164,91326,103224,122430,1
94441,21267,45617,115708,140058,66884,0
47861,77844,37339,125705,85200,115183,1
17193,14203,57444,31396,74637,71647,0
47766,91725,8927,139491,56693,100652,0
48692,43359,20826,92051,69518,64185,1
53613,6150,19772,59763,73385,25922,0
12110,97127,24068,109237,36178,121195,0
1417,39448,31257,40865,32674,70705,0
11959,46959,99366,58918,111325,146325,0
48192,42395,60116,90587,108308,102511,1
366,90345,12669,90711,13035,103014,0
53279,54598,48325,107877,101604,102923,1
24678,55883,32732,80561,57410,88615,1
78774,65751,9340,144525,88114,75091,0
82880,82828,46613,165708,129493,129441,1
14981,95759,94036,110740,109017,189795,1
776,75720,64288,76496,65064,140008,0
91006,4810,65431,95816,156437,70241,0
40284,93392,83480,133676,123764,176872,1
13180,77751,6456,90931,19636,84207,0
78259,48130,32813,126389,111072,80943,1
49694,45342,3842,95036,53536,49184,0
26133,97922,65194,124055,91327,163116,0
48861,93732,92667,142593,141528,186399,1
23542,32231,12772,55773,36314,45003,1
65112,39194,93214,104306,158326,132408,1
3987,44125,87621,48112,91608,131746,0
55993,44921,60165,100914,116158,105086,1
57652,77347,94769,134999,152421,172116,1
66960,95181,36094,162141,103054,131275,1
80307,36050,78120,116357,158427,114170,1
90463,79948,34788,170411,125251,114736,1
82861,58652,27610,141513,110471,86262,1
92700,78800,68778,171500,161478,147578,1
64975,91832,17771,156807,82746,109603,0
18567,14735,75335,33302,93902,90070,0
67228,61154,87308,128382,154536,148462,1
96693,64998,13960,161691,110653,78958,0
11314,81045,76230,92359,87544,157275,1
21955,55863,50789,77818,72744,106652,1
35467,91747,23463,127214,58930,115210,0
63336,2186,31030,65522,94366,33216,0
2309,51359,74,53668,2383,51433,0
16152,76001,11764,92153,27916,87765,0
31871,69341,875,101212,32746,70216,0
96316,17965,99237,114281,195553,117202,1
95899,13097,71105,108996,167004,84202,0
86036,87313,74062,173349,160098,161375,1
63682,38919,69192,102601,132874,108111,1
20074,87401,89806,107475,109880,177207,1
46804,68443,33250,115247,80054,101693,1
58192,8025,40145,66217,98337,48170,0
41793,5078,47730,46871,89523,52808,0
19457,17957,50272,37414,69729,68229,0
45635,26687,78817,72322,124452,105504,0
9475,99378,34858,108853,44333,134236,0
79598,22064,76551,101662,156149,98615,1
83922,84799,26202,168721,110124,111001,1
78238,20306,39218,98544,117456,59524,0
22862,47598,89067,70460,111929,136665,0
42482,68240,3129,110722,45611,71369,0
24405,94739,26013,119144,50418,120752,0
46066,31071,53477,77137,99543,84548,1
36790,45288,73677,82078,110467,118965,1
9436,80700,62551,90136,71987,143251,0
75754,89704,84669,165458,160423,174373,1
55054,85694,60130,140748,115184,145824,1
33036,37041,79302,70077,112338,116343,0
4734,6596,61751,11330,66485,68347,0
12729,20320,33699,33049,46428,54019,0
67831,93118,94187,160949,162018,187305,1
42763,19440,27220,62203,69983,46660,1
32417,26304,38361,58721,70778,64665,1
3976,25425,66969,29401,70945,92394,0
15593,35100,11952,50693,27545,47052,0
38421,92575,34995,130996,73416,127570,0
77158,49468,58863,126626,136021,108331,1
579,98730,12146,99309,12725,110876,0
18187,76410,48537,94597,66724,124947,0
28569,3972,11656,32541,40225,15628,0
61611,10314,25827,71925,87438,36141,0
89250,20554,80295,109804,169545,100849,1
75635,3150,16775,78785,92410,19925,0
9821,56964,17265,66785,27086,74229,0
62479,32977,36376,95456,98855,69353,1
49092,75851,55412,124943,104504,131263,1
11542,18288,8964,29830,20506,27252,1
42287,8276,49049,50563,91336,57325,1
88573,93308,59401,181881,147974,152709,1
4792,65997,2644,70789,7436,68641,0
86429,80525,51787,166954,138216,132312,1
30998,61969,82906,92967,113904,144875,1
37325,83607,87340,120932,124665,170947,1
5374,56328,81073,61702,86447,137401,0
82764,74182,61160,156946,143924,135342,1
53756,92656,39397,146412,93153,132053,1
99455,7733,35155,107188,134610,42888,0
29600,64326,88622,93926,118222,152948,1
39146,51520,46055,90666,85201,97575,1
85723,59557,39280,145280,125003,98837,1
67582,1823,22484,69405,90066,24307,0
18454,8039,39835,26493,58289,47874,0
95140,26418,23612,121558,118752,50030,0
7490,52590,26968,60080,34458,79558,0
39700,90010,75798,129710,115498,165808,1
57657,87498,40364,145155,98021,127862,1
89124,93957,3120,183081,92244,97077,0
82064,24707,46358,106771,128422,71065,0
65573,39932,47693,105505,113266,87625,1
73768,26687,54523,100455,128291,81210,1
94327,90926,41771,185253,136098,132697,1
68673,27400,8111,96073,76784,35511,0
74457,62541,51551,136998,126008,114092,1
58340,24280,76194,82620,134534,100474,1
37198,92772,87598,129970,124796,180370,1
12700,7672,30524,20372,43224,38196,0
54104,37016,91210,91120,145314,128226,0
62624,95447,60639,158071,123263,156086,1
50973,32472,12776,83445,63749,45248,0
34330,27786,93177,62116,127507,120963,0
1627,85712,60278,87339,61905,145990,0
22538,16137,30322,38675,52860,46459,1
27515,35426,53308,62941,80823,88734,1
9079,22586,48008,31665,57087,70594,0
61787,14706,56448,76493,118235,71154,1
86088,59329,38834,145417,124922,98163,1
92710,65609,67046,158319,159756,132655,1
17723,16228,76980,33951,94703,93208,0
87215,38131,45754,125346,132969,83885,0
71483,24556,94889,96039,166372,119445,1
95327,82177,4083,177504,99410,86260,0
32578,98894,16138,131472,48716,115032,0
55732,20026,92796,75758,148528,112822,0
16288,66117,10615,82405,26903,76732,0
89153,81299,62331,170452,151484,143630,1
1892,74577,98114,76469,100006,172691,0
89724,78892,8303,168616,98027,87195,0
60833,63334,62524,124167,123357,125858,1
12814,90166,54446,102980,67260,144612,0
85106,52619,6917,137725,92023,59536,0
97326,70009,20969,167335,118295,90978,0
26615,84774,96429,111389,123044,181203,1
13760,34464,30434,48224,44194,64898,1
25309,50974,18000,76283,43309,68974,0
54059,11524,96243,65583,150302,107767,0
93325,60418,52589,153743,145914,113007,1
4225,4017,79948,8242,84173,83965,0
31197,4254,1815,35451,33012,6069,0
82035,12765,15654,94800,97689,28419,0
57249,14834,55454,72083,112703,70288,1
77632,92271,31867,169903,109499,124138,1
56699,26646,34248,83345,90947,60894,1
53237,51235,60446,104472,113683,111681,1
89742,48528,36937,138270,126679,85465,0
11562,28860,81657,40422,93219,110517,0
85008,28499,86172,113507,171180,114671,1
31649,33220,29761,64869,61410,62981,1
66557,58708,77431,125265,143988,136139,1
26968,51938,5197,78906,32165,57135,0
57267,98105,25032,155372,82299,123137,0
13893,43026,15845,56919,29738,58871,0
97116,32067,60759,129183,157875,92826,0
68419,50764,76387,119183,144806,127151,1
38756,1670,17993,40426,56749,19663,0
86127,47026,63268,133153,149395,110294,1
86739,60156,98438,146895,185177,158594,1
63784,68945,5252,132729,69036,74197,1
55973,24165,21777,80138,77750,45942,0
88440,29474,44874,117914,133314,74348,0
39233,23774,69189,63007,108422,92963,0
20872,75164,24708,96036,45580,99872,0
23413,43180,20276,66593,43689,63456,1
71934,24132,24713,96066,96647,48845,0
82238,6696,51750,88934,133988,58446,0
86720,14028,89173,100748,175893,103201,1
68291,23923,10317,92214,78608,34240,0
77366,58093,68876,135459,146242,126969,1
16994,56676,43188,73670,60182,99864,1
19384,17867,28175,37251,47559,46042,1
13541,23664,80141,37205,93682,103805,0
23987,11004,5292,34991,29279,16296,0
77130,60971,73831,138101,150961,134802,1
88095,48018,74358,136113,162453,122376,1
89515,73020,15733,162535,105248,88753,0
10910,88828,43197,99738,54107,132025,0
53573,41601,52042,95174,105615,93643,1
1625,89587,61431,91212,63056,151018,0
96108,92238,58533,188346,154641,150771,1
69123,99285,85353,168408,154476,184638,1
28079,53417,2523,81496,30602,55940,0
11771,54609,9506,66380,21277,64115,0
35248,55558,92575,90806,127823,148133,0
15175,83965,92278,99140,107453,176243,1
4257,92364,80470,96621,84727,172834,0
24439,25898,53942,50337,78381,79840,0
33126,79051,80356,112177,113482,159407,1
25827,14736,19031,40563,44858,33767,1
13019,91363,29763,104382,42782,121126,0
22332,82007,14840,104339,37172,96847,0
46234,78639,18693,124873,64927,97332,0
25991,99652,96342,125643,122333,195994,1
80526,28663,81764,109189,162290,110427,1
67594,45806,48726,113400,116320,94532,1
65398,96984,12723,162382,78121,109707,0
22372,88320,68951,110692,91323,157271,1
45890,3685,43560,49575,89450,47245,1
17322,2518,10569,19840,27891,13087,0
22164,52796,16440,74960,38604,69236,0
12849,31444,11436,44293,24285,42880,0
32017,22404,78439,54421,110456,100843,0
29751,2125,37459,31876,67210,39584,0
34760,55074,43280,89834,78040,98354,1
30152,21910,79672,52062,109824,101582,0
43252,82306,85048,125558,128300,167354,1
62531,45602,5417,108133,67948,51019,0
69716,99265,70918,168981,140634,170183,1
29874,93948,69979,123822,99853,163927,1
27373,78878,2928,106251,30301,81806,0
6216,13521,4097,19737,10313,17618,0
59961,66636,53358,126597,113319,119994,1
64486,78598,90645,143084,155131,169243,1
63255,71765,73399,135020,136654,145164,1
71940,67573,87744,139513,159684,155317,1
19742,35984,77498,55726,97240,113482,0
92962,23938,80843,116900,173805,104781,1
15283,30427,10953,45710,26236,41380,0
77925,56949,43078,134874,121003,100027,1
73745,19046,72340,92791,146085,91386,1
29104,11287,1359,40391,30463,12646,0
15788,948,72083,16736,87871,73031,0
33108,95002,72364,128110,105472,167366,1
10345,68892,66265,79237,76610,135157,1
27834,52624,5209,80458,33043,57833,0
37351,88514,87846,125865,125197,176360,1
34592,47170,60812,81762,95404,107982,1
53575,56518,84695,110093,138270,141213,1
68784,8680,85545,77464,154329,94225,0
96081,50017,82292,146098,178373,132309,1
29459,5857,15540,35316,44999,21397,0
56576,50892,16178,107468,72754,67070,1
42167,40512,60241,82679,102408,100753,1
42032,90487,31388,132519,73420,121875,0
30122,60861,93774,90983,123896,154635,0
51547,24396,16179,75943,67726,40575,0
79460,96797,62129,176257,141589,158926,1
44533,74421,43235,118954,87768,117656,1
46245,66944,89316,113189,135561,156260,1
56624,32183,24476,88807,81100,56659,1
10207,86457,7857,96664,18064,94314,0
1959,46331,35123,48290,37082,81454,0
6667,95848,829,102515,7496,96677,0
46299,52402,76466,98701,122765,128868,1
49831,1776,86961,51607,136792,88737,0
85470,58682,64257,144152,149727,122939,1
86064,37995,86631,124059,172695,124626,1
88383,17282,58961,105665,147344,76243,0
87261,35976,15689,123237,102950,51665,0
30136,7364,71358,37500,101494,78722,0
97354,77663,95418,175017,192772,173081,1
82726,61093,58693,143819,141419,119786,1
9869,62979,15191,72848,25060,78170,0
29130,47742,74544,76872,103674,122286,1
51845,75085,18040,126930,69885,93125,0
52351,57378,29528,109729,81879,86906,1
72201,54193,68175,126394,140376,122368,1
29149,2545,65920,31694,95069,68465,0
92021,96783,76404,188804,168425,173187,1
19873,96689,23277,116562,43150,119966,0
84342,42363,4849,126705,89191,47212,0
90521,11075,66644,101596,157165,77719,0
5247,89158,7649,94405,12896,96807,0
46657,92196,93824,138853,140481,186020,1
4820,91756,18886,96576,23706,110642,0
55893,33537,66473,89430,122366,100010,1
93785,10120,39640,103905,133425,49760,0
35265,76701,49532,111966,84797,126233,1
16696,26586,84623,43282,101319,111209,0
83572,31335,6875,114907,90447,38210,0
30512,51229,67009,81741,97521,118238,1
34341,20707,65815,55048,100156,86522,0
40792,69394,95652,110186,136444,165046,1
52736,10234,82963,62970,135699,93197,0
14862,81170,50274,96032,65136,131444,0
84867,20061,4217,104928,89084,24278,0
15026,80977,18454,96003,33480,99431,0
51158,27711,81089,78869,132247,108800,0
2908,10177,34098,13085,37006,44275,0
11830,89204,24839,101034,36669,114043,0
74685,42036,17453,116721,92138,59489,0
75419,20051,83923,95470,159342,103974,1
47852,27584,77892,75436,125744,105476,0
69620,29492,4473,99112,74093,33965,0
15102,3599,38619,18701,53721,42218,0
74291,82041,38058,156332,112349,120099,1
31086,49215,10467,80301,41553,59682,0
33014,51122,3343,84136,36357,54465,0
12748,31956,71080,44704,83828,103036,0
96246,39321,96800,135567,193046,136121,1
12425,69338,95703,81763,108128,165041,0
2123,28902,73445,31025,75568,102347,0
45732,29315,73203,75047,118935,102518,1
81559,48577,24672,130136,106231,73249,0
48870,85797,91136,134667,140006,176933,1
53784,12603,2270,66387,56054,14873,0
91706,38426,75087,130132,166793,113513,1
15746,34440,4982,50186,20728,39422,0
20371,52574,30348,72945,50719,82922,0
42107,78863,27632,120970,69739,106495,0
91080,78824,77743,169904,168823,156567,1
43700,10033,23661,53733,67361,33694,0
26883,74707,23485,101590,50368,98192,0
91081,45031,60586,136112,151667,105617,1
10722,71880,17875,82602,28597,89755,0
65728,4322,61028,70050,126756,65350,0
89011,1885,82662,90896,171673,84547,0
20329,72804,75409,93133,95738,148213,1
41874,20212,36636,62086,78510,56848,1
10393,89765,62336,100158,72729,152101,0
44273,93008,6695,137281,50968,99703,0
74304,22020,10180,96324,84484,32200,0
12282,98242,41754,110524,54036,139996,0
54041,36334,98516,90375,152557,134850,0
49605,93866,35724,143471,85329,129590,0
62860,67149,54951,130009,117811,122100,1
48288,69298,26470,117586,74758,95768,1
61273,48313,81464,109586,142737,129777,1
81934,58472,31032,140406,112966,89504,1
39705,2150,21830,41855,61535,23980,0
54014,92798,78841,146812,132855,171639,1
77881,80467,91687,158348,169568,172154,1
70794,83532,14862,154326,85656,98394,1
68492,90631,43031,159123,111523,133662,1
55438,18297,52493,73735,107931,70790,1
64194,67780,1556,131974,65750,69336,0
66567,50248,21424,116815,87991,71672,1
13882,17110,59360,30992,73242,76470,0
48776,54288,43381,103064,92157,97669,1
87110,76694,94043,163804,181153,170737,1
13750,21901,37025,35651,50775,58926,0
92357,52429,53672,144786,146029,106101,1
79890,47288,1829,127178,81719,49117,0
29419,66325,51992,95744,81411,118317,1
79399,35384,98258,114783,177657,133642,1
82788,83463,38847,166251,121635,122310,1
6274,3408,26623,9682,32897,30031,0
60388,38352,55491,98740,115879,93843,1
46142,84718,89481,130860,135623,174199,1
47232,59801,48817,107033,96049,108618,1
3111,43007,39433,46118,42544,82440,0
5626,46137,66277,51763,71903,112414,0
50637,17990,17085,68627,67722,35075,0
99485,31276,75425,130761,174910,106701,1
40613,61271,75940,101884,116553,137211,1
11810,58280,45676,70090,57486,103956,0
83142,42035,28355,125177,111497,70390,0
49883,18921,88929,68804,138812,107850,0
65120,68469,53949,133589,119069,122418,1
54315,36114,33674,90429,87989,69788,1
97401,9739,95054,107140,192455,104793,1
43725,29684,88828,73409,132553,118512,0
33777,50661,62504,84438,96281,113165,1
42353,92780,34328,135133,76681,127108,0
56676,72411,54269,129087,110945,126680,1
44508,83921,3836,128429,48344,87757,0
94230,91879,55400,186109,149630,147279,1
35295,14203,58040,49498,93335,72243,0
90943,84006,64966,174949,155909,148972,1
20942,2897,60208,23839,81150,63105,0
18315,75292,28767,93607,47082,104059,0
86719,58904,12729,145623,99448,71633,0
4376,14596,8772,18972,13148,23368,0
85282,16058,14037,101340,99319,30095,0
24914,40183,8331,65097,33245,48514,0
20935,849,97105,21784,118040,97954,0
13979,90354,60344,104333,74323,150698,0
7687,36520,53147,44207,60834,89667,0
10479,60700,63297,71179,73776,123997,1
79110,42510,12751,121620,91861,55261,0
506,91400,5000,91906,5506,96400,0
55320,47191,12747,102511,68067,59938,1
77118,44182,71726,121300,148844,115908,1
50995,21378,35553,72373,86548,56931,1
45926,1578,55110,47504,101036,56688,0
24100,63707,18756,87807,42856,82463,0
67761,1491,90453,69252,158214,91944,0
44860,39196,98737,84056,143597,137933,0
61493,18910,65922,80403,127415,84832,1
67964,12813,26630,80777,94594,39443,0
78548,76106,1131,154654,79679,77237,0
59675,15076,80132,74751,139807,95208,0
79860,5302,35444,85162,115304,40746,0
64573,38468,27444,103041,92017,65912,1
91845,86516,23334,178361,115179,109850,1
45520,80569,77256,126089,122776,157825,1
12164,64690,81002,76854,93166,145692,0
73054,89914,86371,162968,159425,176285,1
242,80891,53188,81133,53430,134079,0
52178,99588,27257,151766,79435,126845,0
58034,31612,47084,89646,105118,78696,1
89031,94926,90428,183957,179459,185354,1
80919,98079,32518,178998,113437,130597,1
56652,37393,41588,94045,98240,78981,1
81944,89471,2838,171415,84782,92309,0
13543,48032,81800,61575,95343,129832,0
42540,80724,27186,123264,69726,107910,0
12965,91602,59121,104567,72086,150723,0
65131,85975,81014,151106,146145,166989,1
58046,26207,70459,84253,128505,96666,1
44800,34751,28755,79551,73555,63506,1
77084,7192,52719,84276,129803,59911,0
46287,77006,41051,123293,87338,118057,1
365,5426,37893,5791,38258,43319,0
11793,24394,67537,36187,79330,91931,0
92998,21352,90887,114350,183885,112239,1
54820,81267,90976,136087,145796,172243,1
41895,6863,39806,48758,81701,46669,1
67161,53032,89641,120193,156802,142673,1
72602,77135,25199,149737,97801,102334,1
79156,59282,38714,138438,117870,97996,1
47105,40733,66970,87838,114075,107703,1
97261,27935,52819,125196,150080,80754,0
73202,61949,81862,135151,155064,143811,1
22599,82931,91429,105530,114028,174360,1
45936,86272,12758,132208,58694,99030,0
95400,28520,67957,123920,163357,96477,1
55937,85080,94716,141017,150653,179796,1
62097,83670,96711,145767,158808,180381,1
45826,17101,76555,62927,122381,93656,0
31075,9250,29819,40325,60894,39069,1
85261,18027,95114,103288,180375,113141,1
70827,63775,58910,134602,129737,122685,1
78683,57580,51687,136263,130370,109267,1
84913,58666,18427,143579,103340,77093,0
24380,51217,7101,75597,31481,58318,0
5400,64348,42442,69748,47842,106790,0
76208,25326,33482,101534,109690,58808,0
50038,26672,73455,76710,123493,100127,1
18316,76535,89382,94851,107698,165917,1
10725,19699,9358,30424,20083,29057,1
43348,66789,19572,110137,62920,86361,0
91357,84899,92989,176256,184346,177888,1
15145,96781,75670,111926,90815,172451,0
56876,43859,12025,100735,68901,55884,0
72636,33877,97753,106513,170389,131630,1
38953,4277,14764,43230,53717,19041,0
35867,69955,14280,105822,50147,84235,0
86250,11881,48248,98131,134498,60129,0
48574,64373,16283,112947,64857,80656,1
48939,95758,33515,144697,82454,129273,0
38836,65193,5799,104029,44635,70992,0
76895,62743,53135,139638,130030,115878,1
80327,23101,44805,103428,125132,67906,0
24583,34323,87036,58906,111619,121359,0
44780,85641,21878,130421,66658,107519,0
62465,36809,67813,99274,130278,104622,1
15247,70753,25098,86000,40345,95851,0
79330,37113,53334,116443,132664,90447,1
75528,30289,3974,105817,79502,34263,0
34268,43463,12898,77731,47166,56361,1
64018,93266,24909,157284,88927,118175,0
81262,18755,90238,100017,171500,108993,1
35656,93495,37125,129151,72781,130620,0
92276,13121,19641,105397,111917,32762,0
96836,78031,78850,174867,175686,156881,1
34708,11824,33262,46532,67970,45086,1
16898,84470,18831,101368,35729,103301,0
86271,11757,20939,98028,107210,32696,0
98033,85559,30655,183592,128688,116214,1
41475,23322,16452,64797,57927,39774,0
15658,13094,65839,28752,81497,78933,0
34700,19455,46525,54155,81225,65980,1
22595,99732,61884,122327,84479,161616,0
16285,55572,66750,71857,83035,122322,1
89931,33139,47162,123070,137093,80301,0
69024,96639,83452,165663,152476,180091,1
42837,303,37219,43140,80056,37522,0
18694,75901,80157,94595,98851,156058,1
41675,58255,31901,99930,73576,90156,1
70462,51535,65945,121997,136407,117480,1
78235,4540,86336,82775,164571,90876,0
90155,34954,62327,125109,152482,97281,1
20,44819,71823,44839,71843,116642,0
62322,79831,11788,142153,74110,91619,0
74565,72641,89175,147206,163740,161816,1
95747,58415,9534,154162,105281,67949,0
6771,54390,64931,61161,71702,119321,0
22933,25104,89879,48037,112812,114983,0
30612,44282,63265,74894,93877,107547,1
58493,98796,57311,157289,115804,156107,1
63749,10582,74411,74331,138160,84993,0
86021,76456,50506,162477,136527,126962,1
99090,4843,64849,103933,163939,69692,0
68918,5226,25643,74144,94561,30869,0
76740,77506,63388,154246,140128,140894,1
50778,9136,11606,59914,62384,20742,0
29618,48084,97995,77702,127613,146079,0
35485,75664,31063,111149,66548,106727,0
38032,91015,65866,129047,103898,156881,1
51146,35590,53817,86736,104963,89407,1
53691,94801,81726,148492,135417,176527,1
41358,58811,22319,100169,63677,81130,1
89311,21116,82077,110427,171388,103193,1
44000,9758,12311,53758,56311,22069,0
78958,4764,23746,83722,102704,28510,0
58216,30046,95445,88262,153661,125491,0
60956,66399,38726,127355,99682,105125,1
61860,99987,51260,161847,113120,151247,1
14935,94719,47217,109654,62152,141936,0
24229,48269,43156,72498,67385,91425,1
95405,32942,8235,128347,103640,41177,0
74213,88612,30724,162825,104937,119336,1
30256,67337,26323,97593,56579,93660,0
28763,96313,62387,125076,91150,158700,0
77656,64605,26797,142261,104453,91402,1
70699,10384,14088,81083,84787,24472,0
49663,74977,34634,124640,84297,109611,1
11598,4799,87155,16397,98753,91954,0
23121,91282,93156,114403,116277,184438,1
67916,80696,21078,148612,88994,101774,1
82828,99659,7658,182487,90486,107317,0
46998,10725,39149,57723,86147,49874,1
14167,24251,58734,38418,72901,82985,0
52763,84903,66553,137666,119316,151456,1
88954,50831,41943,139785,130897,92774,1
99329,49118,79411,148447,178740,128529,1
34004,56152,61865,90156,95869,118017,1
57959,44359,54302,102318,112261,98661,1
55000,84673,41551,139673,96551,126224,1
47147,8780,61342,55927,108489,70122,0
104,26579,79096,26683,79200,105675,0
10044,54812,4106,64856,14150,58918,0
48944,44306,92420,93250,141364,136726,1
12308,2756,93737,15064,106045,96493,0
56048,87829,48364,143877,104412,136193,1
4353,16623,61673,20976,66026,78296,0
45040,66266,14910,111306,59950,81176,0
38682,94460,77995,133142,116677,172455,1
80162,22492,88327,102654,168489,110819,1
93512,37149,17739,130661,111251,54888,0
92875,75520,1416,168395,94291,76936,0
92751,46681,32080,139432,124831,78761,0
46419,28797,27208,75216,73627,56005,1
89813,78518,3769,168331,93582,82287,0
80091,68480,44805,148571,124896,113285,1
73635,89901,75338,163536,148973,165239,1
47074,85734,79566,132808,126640,165300,1
32126,75376,21783,107502,53909,97159,0
78334,3897,19065,82231,97399,22962,0
17801,98354,6962,116155,24763,105316,0
30302,29837,50110,60139,80412,79947,1
80877,31744,79908,112621,160785,111652,1
42974,12720,43414,55694,86388,56134,1
34802,1229,33453,36031,68255,34682,0
88192,51412,10496,139604,98688,61908,0
90794,50592,10851,141386,101645,61443,0
47487,11196,8268,58683,55755,19464,0
75603,90726,64152,166329,139755,154878,1
85987,54335,61336,140322,147323,115671,1
1792,18997,14603,20789,16395,33600,0
97805,56163,152,153968,97957,56315,0
12572,81013,27799,93585,40371,108812,0
55099,86868,54419,141967,109518,141287,1
63833,7664,68621,71497,132454,76285,1
96581,84745,55112,181326,151693,139857,1
89051,52417,25021,141468,114072,77438,0
33969,57111,57694,91080,91663,114805,1
86448,34045,56945,120493,143393,90990,1
8053,51159,36311,59212,44364,87470,0
97430,32988,77341,130418,174771,110329,1
36906,6232,42580,43138,79486,48812,1
84000,56405,47593,140405,131593,103998,1
50525,47553,30430,98078,80955,77983,1
52262,63245,28808,115507,81070,92053,1
52474,94145,78283,146619,130757,172428,1
32575,52423,26979,84998,59554,79402,1
89772,35420,4172,125192,93944,39592,0
85359,6574,84773,91933,170132,91347,1
46929,93769,9189,140698,56118,102958,0
24223,438,71298,24661,95521,71736,0
72035,641,37067,72676,109102,37708,0
68815,33120,48694,101935,117509,81814,1
66090,57746,69130,123836,135220,126876,1
78271,25335,22964,103606,101235,48299,0
45114,61417,78105,106531,123219,139522,1
15490,65870,13840,81360,29330,79710,0
81601,80212,3397,161813,84998,83609,1
60503,24722,91884,85225,152387,116606,0
86575,35132,16714,121707,103289,51846,0
26106,77879,21519,103985,47625,99398,0
1356,51229,39626,52585,40982,90855,0
86385,59822,41688,146207,128073,101510,1
6144,15936,73079,22080,79223,89015,0
78752,90984,99550,169736,178302,190534,1
89003,49125,91325,138128,180328,140450,1
91550,40886,99321,132436,190871,140207,1
50925,14953,59211,65878,110136,74164,1
52028,87796,17310,139824,69338,105106,0
9412,60112,18316,69524,27728,78428,0
92882,72678,91402,165560,184284,164080,1
61131,81890,72379,143021,133510,154269,1
83285,13589,8455,96874,91740,22044,0
89566,28764,68847,118330,158413,97611,1
82882,77660,15596,160542,98478,93256,1
6928,2377,56210,9305,63138,58587,0
30637,45214,36811,75851,67448,82025,1
50203,93055,72647,143258,122850,165702,1
59021,82491,75666,141512,134687,158157,1
69895,93696,72095,163591,141990,165791,1
24866,34422,65242,59288,90108,99664,0
14144,98625,15888,112769,30032,114513,0
11630,26696,44672,38326,56302,71368,0
91038,62003,78945,153041,169983,140948,1
2166,1518,79801,3684,81967,81319,0
37613,38083,70266,75696,107879,108349,1
18497,81613,20179,100110,38676,101792,0
36139,36170,70477,72309,106616,106647,1
6782,40802,28165,47584,34947,68967,0
22885,56414,36955,79299,59840,93369,1
61809,23837,58694,85646,120503,82531,1
74764,26692,60435,101456,135199,87127,1
26717,14230,28891,40947,55608,43121,1
24647,66877,78876,91524,103523,145753,1
48372,69094,10112,117466,58484,79206,0
30585,57281,39860,87866,70445,97141,1
5122,32037,95329,37159,100451,127366,0
84838,10706,59795,95544,144633,70501,0
47467,32562,26300,80029,73767,58862,1
96140,85983,7233,182123,103373,93216,0
49651,35326,73399,84977,123050,108725,1
45554,14881,12214,60435,57768,27095,0
39715,86491,76616,126206,116331,163107,1
57612,66556,77796,124168,135408,144352,1
6643,33489,7917,40132,14560,41406,0
86883,99504,66540,186387,153423,166044,1
36141,24396,77050,60537,113191,101446,0
6017,49495,92104,55512,98121,141599,0
51217,57721,74716,108938,125933,132437,1
47462,10769,2356,58231,49818,13125,0
22914,59712,54210,82626,77124,113922,1
831,77506,2121,78337,2952,79627,0
42719,55110,16467,97829,59186,71577,1
17599,16640,28659,34239,46258,45299,1
37608,66492,22737,104100,60345,89229,0
83114,83104,37518,166218,120632,120622,1
98653,41486,15727,140139,114380,57213,0
56726,72974,4257,129700,60983,77231,0
87534,80477,27411,168011,114945,107888,1
44954,5117,36354,50071,81308,41471,0
23398,27770,99760,51168,123158,127530,0
56168,40205,17738,96373,73906,57943,1
47443,21319,81338,68762,128781,102657,0
12531,9531,50415,22062,62946,59946,0
46253,83429,47745,129682,93998,131174,1
58382,99686,24635,158068,83017,124321,0
27138,80257,55042,107395,82180,135299,1
80112,35935,65254,116047,145366,101189,1
41348,60997,55578,102345,96926,116575,1
45010,65956,70344,110966,115354,136300,1
891,81174,17563,82065,18454,98737,0
25113,61616,54990,86729,80103,116606,1
44881,79749,94174,124630,139055,173923,1
16673,77349,76957,94022,93630,154306,1
57711,52948,74554,110659,132265,127502,1
18501,21392,61531,39893,80032,82923,0
99774,64803,92590,164577,192364,157393,1
85714,44187,27833,129901,113547,72020,0
42830,25480,45718,68310,88548,71198,1
92286,82628,86988,174914,179274,169616,1
63711,50055,92805,113766,156516,142860,1
9939,45390,86450,55329,96389,131840,0
36417,48937,90530,85354,126947,139467,0
3506,36622,58338,40128,61844,94960,0
23144,67352,73165,90496,96309,140517,1
81241,22219,88200,103460,169441,110419,1
9062,99210,28386,108272,37448,127596,0
23080,63469,61611,86549,84691,125080,1
45284,56215,69755,101499,115039,125970,1
13610,79000,20344,92610,33954,99344,0
59062,33559,48947,92621,108009,82506,1
35916,3296,86880,39212,122796,90176,0
39977,61362,97784,101339,137761,159146,1
93254,1493,42723,94747,135977,44216,0
27995,68832,16226,96827,44221,85058,0
99812,25395,79595,125207,179407,104990,1
6424,13297,81935,19721,88359,95232,0
48354,19352,172,67706,48526,19524,0
73023,3499,87976,76522,160999,91475,0
23015,71934,60412,94949,83427,132346,1
19207,72341,83305,91548,102512,155646,1
96151,2576,66123,98727,162274,68699,0
95694,95979,17102,191673,112796,113081,1
63400,94674,53905,158074,117305,148579,1
75499,38156,61448,113655,136947,99604,1
49559,6623,1752,56182,51311,8375,0
17993,68009,43907,86002,61900,111916,0
62099,51871,5832,113970,67931,57703,0
51569,2180,67173,53749,118742,69353,0
68156,45458,65086,113614,133242,110544,1
63134,58211,68167,121345,131301,126378,1
96110,65032,89387,161142,185497,154419,1
17855,62899,53791,80754,71646,116690,1
81237,91776,19073,173013,100310,110849,1
54005,61571,80284,115576,134289,141855,1
95829,22078,97552,117907,193381,119630,1
68048,6770,43906,74818,111954,50676,0
83409,43849,57303,127258,140712,101152,1
43007,51489,42126,94496,85133,93615,1
54767,36472,75697,91239,130464,112169,1
49397,35985,46274,85382,95671,82259,1
63722,76655,19261,140377,82983,95916,1
64646,13961,46845,78607,111491,60806,0
22324,82816,18899,105140,41223,101715,0
77486,8836,57002,86322,134488,65838,0
31158,89319,6828,120477,37986,96147,0
18977,87322,63866,106299,82843,151188,0
46394,71715,11695,118109,58089,83410,0
93128,48269,62962,141397,156090,111231,1
4147,55068,22395,59215,26542,77463,0
47561,62130,82966,109691,130527,145096,1
7661,58594,23276,66255,30937,81870,0
38205,22472,28556,60677,66761,51028,1
87478,57263,79817,144741,167295,137080,1
84988,10753,17786,95741,102774,28539,0
65823,73408,96703,139231,162526,170111,1
97444,63864,80209,161308,177653,144073,1
26114,83183,76769,109297,102883,159952,1
57697,71324,54815,129021,112512,126139,1
21597,26927,47087,48524,68684,74014,1
21280,20710,85862,41990,107142,106572,0
82654,27601,39616,110255,122270,67217,0
36095,84760,25967,120855,62062,110727,0
22569,62037,70550,84606,93119,132587,1
40400,47062,85160,87462,125560,132222,1
91923,40675,16246,132598,108169,56921,0
83817,90459,52052,174276,135869,142511,1
34613,52444,79589,87057,114202,132033,1
65179,93674,34922,158853,100101,128596,1
54877,28001,3382,82878,58259,31383,0
59734,85920,68270,145654,128004,154190,1
98249,80455,52844,178704,151093,133299,1
2824,48288,64410,51112,67234,112698,0
99956,9295,3590,109251,103546,12885,0
40811,94451,99272,135262,140083,193723,1
1780,30280,83558,32060,85338,113838,0
53336,2839,50839,56175,104175,53678,1
38767,36589,86125,75356,124892,122714,0
34165,27871,57461,62036,91626,85332,1
93213,31636,95653,124849,188866,127289,1
41722,88117,24490,129839,66212,112607,0
89535,63047,58969,152582,148504,122016,1
81137,64063,50721,145200,131858,114784,1
44224,43490,7366,87714,51590,50856,1
69576,86986,4319,156562,73895,91305,0
81684,86719,74415,168403,156099,161134,1
31949,94946,38399,126895,70348,133345,0
78227,88770,75058,166997,153285,163828,1
55152,96180,20680,151332,75832,116860,0
73069,54510,4954,127579,78023,59464,0
83431,37765,35694,121196,119125,73459,0
31847,80999,59480,112846,91327,140479,1
94608,10022,38064,104630,132672,48086,0
92672,12352,53456,105024,146128,65808,0
99348,45514,63702,144862,163050,109216,1
18574,56051,18477,74625,37051,74528,0
42400,77330,14978,119730,57378,92308,0
42867,79686,321,122553,43188,80007,0
11617,5684,22959,17301,34576,28643,0
91011,82228,92676,173239,183687,174904,1
84344,33723,60235,118067,144579,93958,1
43900,64504,84950,108404,128850,149454,1
74675,29024,33994,103699,108669,63018,0
3337,54203,40263,57540,43600,94466,0
9253,74849,63064,84102,72317,137913,0
52721,6629,86536,59350,139257,93165,0
53953,23628,53666,77581,107619,77294,1
73878,88188,47994,162066,121872,136182,1
89642,81706,69509,171348,159151,151215,1
45724,99169,90234,144893,135958,189403,1
4497,28374,74394,32871,78891,102768,0
93884,10395,64231,104279,158115,74626,0
73389,42113,7712,115502,81101,49825,0
85305,4097,49298,89402,134603,53395,0
51654,70158,32160,121812,83814,102318,1
89516,31115,85264,120631,174780,116379,1
69371,24802,69780,94173,139151,94582,1
3644,63327,36408,66971,40052,99735,0
36505,29058,13560,65563,50065,42618,1
73381,79970,31358,153351,104739,111328,1
44380,32422,82261,76802,126641,114683,0
80553,37178,22417,117731,102970,59595,0
22986,85579,7443,108565,30429,93022,0
97225,53186,45726,150411,142951,98912,1
41305,17575,61910,58880,103215,79485,0
28482,56386,57897,84868,86379,114283,1
9723,13867,79348,23590,89071,93215,0
66010,6135,64598,72145,130608,70733,1
75631,2377,46848,78008,122479,49225,0
11873,87115,99452,98988,111325,186567,0
3019,55978,77512,58997,80531,133490,0
43294,49199,56493,92493,99787,105692,1
76504,58,80798,76562,157302,80856,0
20093,59885,13428,79978,33521,73313,0
5663,30406,69211,36069,74874,99617,0
83415,87033,15582,170448,98997,102615,1
29999,86539,41819,116538,71818,128358,0
35422,82534,44305,117956,79727,126839,0
741,9321,37110,10062,37851,46431,0
18993,61557,72960,80550,91953,134517,1
81376,33684,64149,115060,145525,97833,1
55810,69585,28499,125395,84309,98084,1
39904,20330,9671,60234,49575,30001,0
66492,4732,31256,71224,97748,35988,0
88690,39777,45085,128467,133775,84862,0
16080,41212,72400,57292,88480,113612,0
31007,58860,63247,89867,94254,122107,1
8248,2750,90735,10998,98983,93485,0
23524,82002,21687,105526,45211,103689,0
4290,94449,89806,98739,94096,184255,0
68564,13664,63971,82228,132535,77635,1
86544,65053,81468,151597,168012,146521,1
74021,72906,5870,146927,79891,78776,1
55857,99808,10794,155665,66651,110602,0
90739,20652,38482,111391,129221,59134,0
60713,1100,8366,61813,69079,9466,0
27378,53286,93096,80664,120474,146382,0
15394,89012,39148,104406,54542,128160,0
51974,59669,60072,111643,112046,119741,1
29339,60694,24753,90033,54092,85447,0
38775,1378,82288,40153,121063,83666,0
2755,36170,34042,38925,36797,70212,1
44141,4397,47990,48538,92131,52387,1
48452,11644,29727,60096,78179,41371,0
74203,61276,97514,135479,171717,158790,1
51461,2258,11806,53719,63267,14064,0
88794,47408,39443,136202,128237,86851,0
97856,89619,92218,187475,190074,181837,1
963,68301,58169,69264,59132,126470,0
94485,56558,80668,151043,175153,137226,1
78680,73826,12527,152506,91207,86353,1
64027,44836,32646,108863,96673,77482,1
212,94461,7107,94673,7319,101568,0
54801,91912,17852,146713,72653,109764,0
68740,62333,49307,131073,118047,111640,1
8413,99728,82578,108141,90991,182306,0
84622,680,88471,85302,173093,89151,0
85346,85219,28510,170565,113856,113729,1
36120,65629,47851,101749,83971,113480,1
38428,67665,69149,106093,107577,136814,1
80097,19740,26417,99837,106514,46157,0
99544,68550,93307,168094,192851,161857,1
89476,82323,28958,171799,118434,111281,1
78429,58077,91943,136506,170372,150020,1
97315,85731,50633,183046,147948,136364,1
84435,44302,93501,128737,177936,137803,1
70123,3981,73461,74104,143584,77442,1
93512,49075,24122,142587,117634,73197,0
56334,24638,90459,80972,146793,115097,0
38232,85581,95550,123813,133782,181131,1
29576,39758,14882,69334,44458,54640,1
20294,37888,13733,58182,34027,51621,0
18965,62997,62122,81962,81087,125119,1
8762,18098,84760,26860,93522,102858,0
78250,97815,98322,176065,176572,196137,1
14751,42630,34535,57381,49286,77165,1
21260,78002,28347,99262,49607,106349,0
14250,58591,19980,72841,34230,78571,0
25249,7253,71827,32502,97076,79080,0
52386,86986,81496,139372,133882,168482,1
18663,11292,33479,29955,52142,44771,0
35754,13663,49467,49417,85221,63130,0
64655,39611,24741,104266,89396,64352,0
82065,55646,74859,137711,156924,130505,1
63501,94429,97308,157930,160809,191737,1
85895,57365,46673,143260,132568,104038,1
66536,14649,51337,81185,117873,65986,0
35041,86368,73116,121409,108157,159484,1
65387,31258,57803,96645,123190,89061,1
63738,2310,9606,66048,73344,11916,0
38339,81846,43126,120185,81465,124972,0
75009,81606,13609,156615,88618,95215,1
18757,13928,59063,32685,77820,72991,0
97674,58747,71947,156421,169621,130694,1
25836,93751,9555,119587,35391,103306,0
66489,58470,25119,124959,91608,83589,1
82474,39147,69332,121621,151806,108479,1
73550,83290,88586,156840,162136,171876,1
11412,78492,90446,89904,101858,168938,0
93332,12420,60304,105752,153636,72724,0
89079,81219,14560,170298,103639,95779,1
8831,67421,80074,76252,88905,147495,0
85266,34187,81538,119453,166804,115725,1
30870,82812,16536,113682,47406,99348,0
22022,92126,47054,114148,69076,139180,0
38157,9480,11926,47637,50083,21406,0
89373,49784,83120,139157,172493,132904,1
86649,28137,37943,114786,124592,66080,0
10087,9990,78950,20077,89037,88940,0
75826,98542,97280,174368,173106,195822,1
94109,68823,64290,162932,158399,133113,1
79659,12058,7343,91717,87002,19401,0
32105,90951,42359,123056,74464,133310,0
72609,78051,55826,150660,128435,133877,1
97542,26599,89902,124141,187444,116501,1
77097,56302,30952,133399,108049,87254,1
30225,73105,23653,103330,53878,96758,0
81831,85436,80177,167267,162008,165613,1
76214,3152,83769,79366,159983,86921,0
58668,89056,24598,147724,83266,113654,0
74253,67654,16308,141907,90561,83962,1
34626,81452,27343,116078,61969,108795,0
65453,41191,2831,106644,68284,44022,0
31712,83241,95872,114953,127584,179113,1
39628,32413,64450,72041,104078,96863,1
5133,48586,30738,53719,35871,79324,0
98481,46306,92116,144787,190597,138422,1
85222,57423,55333,142645,140555,112756,1
71785,39047,90850,110832,162635,129897,1
59636,62897,18153,122533,77789,81050,1
53902,74008,41432,127910,95334,115440,1
89503,53751,71248,143254,160751,124999,1
46896,38626,39446,85522,86342,78072,1
17467,43980,46376,61447,63843,90356,1
13651,19981,94896,33632,108547,114877,0
73094,85611,72333,158705,145427,157944,1
25147,72277,3571,97424,28718,75848,0
37162,40706,52196,77868,89358,92902,1
19413,63565,25595,82978,45008,89160,0
84560,89237,53487,173797,138047,142724,1
39011,60961,32836,99972,71847,93797,1
49229,87645,82784,136874,132013,170429,1
44795,22666,38526,67461,83321,61192,1
59424,92346,68010,151770,127434,160356,1
80427,52802,46944,133229,127371,99746,1
65820,97159,80178,162979,145998,177337,1
88672,25990,47152,114662,135824,73142,0
77487,87617,54185,165104,131672,141802,1
94079,44767,17583,138846,111662,62350,0
92193,34790,9292,126983,101485,44082,0
78751,26971,14290,105722,93041,41261,0
60173,69163,71168,129336,131341,140331,1
39189,53841,5262,93030,44451,59103,0
3512,51675,29167,55187,32679,80842,0
25691,40537,95658,66228,121349,136195,0
52677,30567,72065,83244,124742,102632,1
54052,42528,78008,96580,132060,120536,1
3625,76335,19068,79960,22693,95403,0
83015,99838,60481,182853,143496,160319,1
89833,3170,59014,93003,148847,62184,0
71639,38872,7942,110511,79581,46814,0
88888,15656,54147,104544,143035,69803,0
7034,7663,92423,14697,99457,100086,0
56704,16315,98315,73019,155019,114630,0
44145,57648,96137,101793,140282,153785,1
43924,80945,66589,124869,110513,147534,1
42147,86148,50620,128295,92767,136768,1
27982,20291,63896,48273,91878,84187,0
32930,16775,64430,49705,97360,81205,0
11507,64685,72865,76192,84372,137550,1
10656,34420,89239,45076,99895,123659,0
33884,66613,66949,100497,100833,133562,1
80483,30408,38164,110891,118647,68572,0
30057,37152,46250,67209,76307,83402,1
24541,4358,89732,28899,114273,94090,0
27688,22392,67265,50080,94953,89657,0
75474,2591,59798,78065,135272,62389,0
31039,94912,93014,125951,124053,187926,1
36258,40069,24158,76327,60416,64227,1
96649,715,19854,97364,116503,20569,0
14007,57121,81455,71128,95462,138576,0
33344,58394,4242,91738,37586,62636,0
82645,97459,61631,180104,144276,159090,1
22621,90318,74048,112939,96669,164366,1
83973,27804,69059,111777,153032,96863,1
98911,5015,71806,103926,170717,76821,0
90264,34598,15907,124862,106171,50505,0
51231,67765,9045,118996,60276,76810,0
98991,43025,29405,142016,128396,72430,0
5612,64128,53801,69740,59413,117929,0
23962,55461,98431,79423,122393,153892,0
20812,6607,49672,27419,70484,56279,0
25478,65295,39544,90773,65022,104839,0
42718,46728,96854,89446,139572,143582,0
13540,82640,17987,96180,31527,100627,0
7527,70711,54920,78238,62447,125631,0
65253,3795,15411,69048,80664,19206,0
73823,26317,38911,100140,112734,65228,0
40901,59420,31959,100321,72860,91379,1
57930,25463,54640,83393,112570,80103,1
28546,96042,24012,124588,52558,120054,0
22435,93724,63649,116159,86084,157373,0
4304,23032,19468,27336,23772,42500,1
4470,46398,98914,50868,103384,145312,0
26019,3388,61202,29407,87221,64590,0
96532,82996,47062,179528,143594,130058,1
53679,2062,70875,55741,124554,72937,0
8684,89449,33057,98133,41741,122506,0
4083,71925,94556,76008,98639,166481,0
25988,25760,93547,51748,119535,119307,0
14650,61025,32032,75675,46682,93057,0
30638,63774,80779,94412,111417,144553,1
47514,17665,49011,65179,96525,66676,1
95577,59403,53816,154980,149393,113219,1
35628,60434,34132,96062,69760,94566,1
49871,22906,52860,72777,102731,75766,1
15735,4372,21632,20107,37367,26004,0
21437,16815,16783,38252,38220,33598,1
81388,20160,25926,101548,107314,46086,0
54001,30914,89257,84915,143258,120171,0
30990,19538,30423,50528,61413,49961,1
19310,28751,64947,48061,84257,93698,0
80256,18143,96384,98399,176640,114527,1
46045,74474,27776,120519,73821,102250,0
42160,45880,95446,88040,137606,141326,0
672,60728,15570,61400,16242,76298,0
54751,48432,80912,103183,135663,129344,1
31984,55885,45347,87869,77331,101232,1
84576,47084,80080,131660,164656,127164,1
69672,51480,87427,121152,157099,138907,1
48572,94075,31640,142647,80212,125715,0
51979,96525,12630,148504,64609,109155,0
90357,85769,60293,176126,150650,146062,1
54857,35098,61687,89955,116544,96785,1
14467,62622,50887,77089,65354,113509,1
23238,53804,49272,77042,72510,103076,1
82369,9193,62668,91562,145037,71861,0
77307,28362,47097,105669,124404,75459,0
15778,10093,36883,25871,52661,46976,0
28304,7157,50001,35461,78305,57158,0
59407,20188,8788,79595,68195,28976,0
2975,79639,26587,82614,29562,106226,0
92618,28364,78227,120982,170845,106591,1
6436,76089,93566,82525,100002,169655,0
15146,3144,51463,18290,66609,54607,0
92205,13901,98562,106106,190767,112463,1
36163,11096,89420,47259,125583,100516,0
71076,22531,30078,93607,101154,52609,0
22341,39531,58330,61872,80671,97861,1
57979,68769,43044,126748,101023,111813,1
15164,6920,92979,22084,108143,99899,0
63994,50139,80563,114133,144557,130702,1
67371,20070,25337,87441,92708,45407,0
194,49745,26006,49939,26200,75751,0
35674,44686,83000,80360,118674,127686,0
55786,12785,31823,68571,87609,44608,0
49688,80784,64760,130472,114448,145544,1
27415,60513,57692,87928,85107,118205,1
3109,26809,99828,29918,102937,126637,0
14562,5607,10039,20169,24601,15646,1
75561,38701,74625,114262,150186,113326,1
18171,88087,76768,106258,94939,164855,1
82052,74406,66112,156458,148164,140518,1
39587,11262,80135,50849,119722,91397,0
59671,5422,28188,65093,87859,33610,0
61574,83544,33804,145118,95378,117348,1
27152,93080,28420,120232,55572,121500,0
33274,10663,15714,43937,48988,26377,0
16798,67934,47591,84732,64389,115525,0
37424,84943,30192,122367,67616,115135,0
23906,44334,64955,68240,88861,109289,1
47977,33387,96395,81364,144372,129782,0
86172,96730,508,182902,86680,97238,0
9213,30342,41966,39555,51179,72308,0
40272,42039,16866,82311,57138,58905,1
14834,82858,62069,97692,76903,144927,0
38012,14640,8256,52652,46268,22896,0
95291,32754,9381,128045,104672,42135,0
14951,94141,37986,109092,52937,132127,0
74784,93333,94741,168117,169525,188074,1
99736,44933,17528,144669,117264,62461,0
61975,64536,67474,126511,129449,132010,1
58448,23230,33519,81678,91967,56749,0
60713,72055,19490,132768,80203,91545,1
99439,75955,45004,175394,144443,120959,1
83568,48324,6915,131892,90483,55239,0
73576,41869,94773,115445,168349,136642,1
40044,65007,77210,105051,117254,142217,1
26595,64627,49100,91222,75695,113727,1
73330,51554,30886,124884,104216,82440,1
61402,21823,42614,83225,104016,64437,1
92305,52478,26076,144783,118381,78554,0
23968,83879,75260,107847,99228,159139,1
74695,34774,76889,109469,151584,111663,1
9901,73026,23276,82927,33177,96302,0
65124,84076,76920,149200,142044,160996,1
25176,86954,38869,112130,64045,125823,0
68173,13948,8587,82121,76760,22535,0
58822,96206,17276,155028,76098,113482,0
27289,77990,42552,105279,69841,120542,0
59989,7502,30089,67491,90078,37591,0
20875,53533,34217,74408,55092,87750,1
98114,45147,99359,143261,197473,144506,1
49954,53958,82710,103912,132664,136668,1
73679,55816,83252,129495,156931,139068,1
78075,28573,17399,106648,95474,45972,0
39148,98284,18453,137432,57601,116737,0
39800,56424,13973,96224,53773,70397,0
52384,31953,10124,84337,62508,42077,0
77167,61073,45388,138240,122555,106461,1
61830,79569,58429,141399,120259,137998,1
38597,6373,74483,44970,113080,80856,0
949,23454,41281,24403,42230,64735,0
75836,41571,64398,117407,140234,105969,1
5276,79537,53663,84813,58939,133200,0
23135,43026,53789,66161,76924,96815,1
46697,7060,63897,53757,110594,70957,0
92832,95239,61601,188071,154433,156840,1
36114,3529,86614,39643,122728,90143,0
50040,20794,96014,70834,146054,116808,0
81290,55906,34807,137196,116097,90713,1
44612,78056,94013,122668,138625,172069,1
88320,58324,30722,146644,119042,89046,1
84393,38174,55122,122567,139515,93296,1
23601,71042,6443,94643,30044,77485,0
13982,53615,17778,67597,31760,71393,0
87626,50024,33822,137650,121448,83846,0
39600,77525,80528,117125,120128,158053,1
88020,16486,25738,104506,113758,42224,0
87234,78744,895,165978,88129,79639,0
19928,99266,33401,119194,53329,132667,0
11196,58945,69292,70141,80488,128237,1
55052,24578,21114,79630,76166,45692,0
43441,22777,56064,66218,99505,78841,1
98743,1439,81587,100182,180330,83026,0
27066,22122,57083,49188,84149,79205,0
18627,1814,69769,20441,88396,71583,0
30135,42370,30787,72505,60922,73157,1
62867,71485,65398,134352,128265,136883,1
64190,17713,12098,81903,76288,29811,0
52843,47189,81684,100032,134527,128873,1
58111,26349,38264,84460,96375,64613,1
29275,58568,28968,87843,58243,87536,0
68756,30107,51923,98863,120679,82030,1
58140,96930,26608,155070,84748,123538,0
18973,91792,92186,110765,111159,183978,1
58453,27973,92845,86426,151298,120818,0
43409,64286,76854,107695,120263,141140,1
39664,94224,33387,133888,73051,127611,0
19238,46625,51037,65863,70275,97662,1
74581,88610,72451,163191,147032,161061,1
85454,40314,80097,125768,165551,120411,1
18416,95487,99048,113903,117464,194535,1
37944,63038,3389,100982,41333,66427,0
90826,13949,60863,104775,151689,74812,0
9605,88111,61900,97716,71505,150011,0
53248,2289,72458,55537,125706,74747,0
69054,44655,23021,113709,92075,67676,0
81988,88961,68374,170949,150362,157335,1
1478,90818,12231,92296,13709,103049,0
51276,25364,41636,76640,92912,67000,1
56444,1419,36554,57863,92998,37973,0
71655,25520,42423,97175,114078,67943,0
85229,69442,89822,154671,175051,159264,1
78904,59498,14594,138402,93498,74092,0
49910,70911,84187,120821,134097,155098,1
61037,49935,23425,110972,84462,73360,1
87795,49548,80551,137343,168346,130099,1
1501,4885,89673,6386,91174,94558,0
29008,1504,17343,30512,46351,18847,0
5065,28335,49365,33400,54430,77700,0
11459,80875,43846,92334,55305,124721,0
56653,42215,45684,98868,102337,87899,1
70911,16538,15404,87449,86315,31942,0
7676,41439,67573,49115,75249,109012,0
67055,85545,11535,152600,78590,97080,0
23056,47785,62914,70841,85970,110699,1
60877,59115,51412,119992,112289,110527,1
26855,52033,13873,78888,40728,65906,0
1479,32361,67370,33840,68849,99731,0
88704,25462,47150,114166,135854,72612,0
11168,65025,39478,76193,50646,104503,0
40236,8398,96090,48634,136326,104488,0
45332,25231,68040,70563,113372,93271,1
38566,76944,64888,115510,103454,141832,1
50357,20113,24797,70470,75154,44910,0
66593,70600,59777,137193,126370,130377,1
7968,51990,47216,59958,55184,99206,1
44000,46246,17354,90246,61354,63600,1
58346,22910,67884,81256,126230,90794,1
6613,59399,62012,66012,68625,121411,1
58009,74433,69334,132442,127343,143767,1
31685,51408,34118,83093,65803,85526,1
69274,22892,9147,92166,78421,32039,0
38989,52346,95854,91335,134843,148200,0
52171,60445,91850,112616,144021,152295,1
28332,97185,24041,125517,52373,121226,0
82152,55649,90381,137801,172533,146030,1
77472,52875,25530,130347,103002,78405,1
24082,79227,51628,103309,75710,130855,0
27401,19309,14305,46710,41706,33614,1
63347,66422,79064,129769,142411,145486,1
77424,20666,90765,98090,168189,111431,1
50632,88272,33853,138904,84485,122125,0
8445,77829,75204,86274,83649,153033,1
96924,19817,64977,116741,161901,84794,0
16397,89116,90089,105513,106486,179205,1
52194,20579,63837,72773,116031,84416,1
40301,82396,76553,122697,116854,158949,1
93114,62612,89663,155726,182777,152275,1
17898,40082,58793,57980,76691,98875,0
15993,55797,34025,71790,50018,89822,0
40643,5969,46057,46612,86700,52026,1
99908,77575,73121,177483,173029,150696,1
66194,51347,66007,117541,132201,117354,1
88847,94005,59697,182852,148544,153702,1
71829,94281,75137,166110,146966,169418,1
60742,68864,30075,129606,90817,98939,1
90281,66535,32914,156816,123195,99449,1
19054,43590,11654,62644,30708,55244,0
22973,52567,31858,75540,54831,84425,1
66728,94926,70074,161654,136802,165000,1
80021,44785,45648,124806,125669,90433,1
10309,37618,5824,47927,16133,43442,0
11141,56349,25123,67490,36264,81472,0
72998,88424,90837,161422,163835,179261,1
75648,37083,47094,112731,122742,84177,1
7952,81589,51469,89541,59421,133058,0
77325,65859,97431,143184,174756,163290,1
34442,5085,41285,39527,75727,46370,0
18210,17568,59547,35778,77757,77115,0
66304,33349,76139,99653,142443,109488,1
26331,90396,17814,116727,44145,108210,0
24115,88618,75836,112733,99951,164454,1
85002,3673,8009,88675,93011,11682,0
79987,54640,90150,134627,170137,144790,1
55734,86610,39490,142344,95224,126100,1
11452,64932,80958,76384,92410,145890,0
29708,53755,19720,83463,49428,73475,0
10874,2701,50385,13575,61259,53086,0
25294,63504,97198,88798,122492,160702,0
3659,98895,16805,102554,20464,115700,0
34115,67731,28397,101846,62512,96128,0
33866,39046,24860,72912,58726,63906,1
15862,69152,78280,85014,94142,147432,1
3706,42163,83236,45869,86942,125399,0
54179,39497,1988,93676,56167,41485,0
55629,52965,50895,108594,106524,103860,1
62177,62657,25797,124834,87974,88454,1
70991,22460,61551,93451,132542,84011,1
93997,98761,14989,192758,108986,113750,1
70163,84658,77858,154821,148021,162516,1
19888,93306,86871,113194,106759,180177,1
57381,23789,4831,81170,62212,28620,0
28560,84808,92645,113368,121205,177453,1
85494,32828,92085,118322,177579,124913,1
6221,11402,57922,17623,64143,69324,0
65233,59509,30314,124742,95547,89823,1
42016,83040,53256,125056,95272,136296,1
60669,79856,62748,140525,123417,142604,1
89679,50371,90846,140050,180525,141217,1
22785,87800,91717,110585,114502,179517,1
70011,35643,76078,105654,146089,111721,1
45739,1579,43702,47318,89441,45281,0
45943,29392,88119,75335,134062,117511,0
30904,20605,76913,51509,107817,97518,0
4332,98137,76488,102469,80820,174625,0
62514,31917,71163,94431,133677,103080,1
9866,50907,51730,60773,61596,102637,1
45206,63900,76721,109106,121927,140621,1
51597,99571,82748,151168,134345,182319,1
57281,62016,2493,119297,59774,64509,0
126,52304,82161,52430,82287,134465,0
7567,55632,4104,63199,11671,59736,0
11139,89042,10835,100181,21974,99877,0
74697,31315,10820,106012,85517,42135,0
63815,86778,61968,150593,125783,148746,1
49735,19566,58363,69301,108098,77929,1
53774,57660,89760,111434,143534,147420,1
72185,87134,44334,159319,116519,131468,1
71711,1883,98140,73594,169851,100023,0
20828,61816,28709,82644,49537,90525,0
43366,45475,56166,88841,99532,101641,1
24064,77457,93035,101521,117099,170492,1
89323,12399,61541,101722,150864,73940,0
28266,67267,25649,95533,53915,92916,0
59361,37607,9562,96968,68923,47169,0
62472,6691,55935,69163,118407,62626,1
74924,24065,33980,98989,108904,58045,0
34869,60638,20399,95507,55268,81037,0
28465,57882,17599,86347,46064,75481,0
43302,19350,57845,62652,101147,77195,1
33579,985,75266,34564,108845,76251,0
72511,60370,32732,132881,105243,93102,1
81241,77354,64530,158595,145771,141884,1
43700,54936,52240,98636,95940,107176,1
71172,94811,56599,165983,127771,151410,1
96706,97993,29969,194699,126675,127962,1
44210,45616,33607,89826,77817,79223,1
16468,52706,3665,69174,20133,56371,0
31945,89487,78259,121432,110204,167746,1
34601,39732,98334,74333,132935,138066,0
2489,46675,63579,49164,66068,110254,0
65841,5160,64643,71001,130484,69803,1
76800,45877,26560,122677,103360,72437,0
2831,61799,97462,64630,100293,159261,0
92077,61854,96066,153931,188143,157920,1
2419,33132,48436,35551,50855,81568,0
95567,57136,32460,152703,128027,89596,0
70749,10022,2277,80771,73026,12299,0
24970,15230,39446,40200,64416,54676,1
12490,5147,2047,17637,14537,7194,0
43235,19836,42587,63071,85822,62423,1
10128,83204,77068,93332,87196,160272,1
65560,51046,58365,116606,123925,109411,1
89276,5684,81868,94960,171144,87552,0
94100,48414,36322,142514,130422,84736,0
65920,81439,8220,147359,74140,89659,0
992,62328,73567,63320,74559,135895,0
844,45078,30687,45922,31531,75765,0
53831,41497,3683,95328,57514,45180,0
18595,31863,37467,50458,56062,69330,1
67493,60664,2541,128157,70034,63205,0
88148,21630,58833,109778,146981,80463,0
96504,60118,39753,156622,136257,99871,1
35119,51813,88139,86932,123258,139952,0
62128,50729,28128,112857,90256,78857,1
52843,18502,18476,71345,71319,36978,0
67255,38877,67503,106132,134758,106380,1
48160,8787,98585,56947,146745,107372,0
91003,34561,91299,125564,182302,125860,1
66236,97833,37924,164069,104160,135757,1
35004,88779,23980,123783,58984,112759,0
28074,64140,86580,92214,114654,150720,1
8042,45362,19798,53404,27840,65160,0
69971,62822,40927,132793,110898,103749,1
8100,73742,11714,81842,19814,85456,0
58959,11943,59107,70902,118066,71050,1
42578,38185,40848,80763,83426,79033,1
63537,86760,40228,150297,103765,126988,1
27597,42664,67123,70261,94720,109787,1
46571,16387,70942,62958,117513,87329,0
66440,11335,66819,77775,133259,78154,1
24544,29616,16091,54160,40635,45707,1
43867,14091,30185,57958,74052,44276,1
10768,71626,97161,82394,107929,168787,0
63413,83521,65281,146934,128694,148802,1
26509,77861,17116,104370,43625,94977,0
56593,65228,28423,121821,85016,93651,1
38872,51821,78541,90693,117413,130362,1
32487,86295,16736,118782,49223,103031,0
32986,78751,23544,111737,56530,102295,0
1407,80665,84809,82072,86216,165474,0
59122,30795,22720,89917,81842,53515,0
75210,4285,88915,79495,164125,93200,0
55271,64005,71579,119276,126850,135584,1
74448,59616,68138,134064,142586,127754,1
94532,37156,32282,131688,126814,69438,0
6580,4403,81847,10983,88427,86250,0
69413,1600,30305,71013,99718,31905,0
35828,13986,3300,49814,39128,17286,0
13852,89850,35465,103702,49317,125315,0
50721,9139,56519,59860,107240,65658,1
35480,98227,37199,133707,72679,135426,0
28670,67498,29078,96168,57748,96576,0
86956,74925,72065,161881,159021,146990,1
85244,97606,88916,182850,174160,186522,1
58461,13420,80117,71881,138578,93537,0
31174,88303,40465,119477,71639,128768,0
65488,98118,69100,163606,134588,167218,1
73427,89547,41343,162974,114770,130890,1
73118,31159,45782,104277,118900,76941,1
68267,13799,55692,82066,123959,69491,1
69337,96885,60532,166222,129869,157417,1
63318,42154,65822,105472,129140,107976,1
54775,17470,6688,72245,61463,24158,0
5303,50003,98121,55306,103424,148124,0
86181,44806,72939,130987,159120,117745,1
93408,60717,86645,154125,180053,147362,1
71535,97328,41978,168863,113513,139306,1
57317,33755,53015,91072,110332,86770,1
18944,57267,51251,76211,70195,108518,1
10382,61301,42471,71683,52853,103772,0
55649,36298,1173,91947,56822,37471,0
96202,65446,59981,161648,156183,125427,1
74376,83093,27571,157469,101947,110664,1
98664,7523,13846,106187,112510,21369,0
6294,7567,21948,13861,28242,29515,0
9340,9641,71928,18981,81268,81569,0
55938,66387,73669,122325,129607,140056,1
79482,61523,2003,141005,81485,63526,0
42669,16612,35450,59281,78119,52062,1
1927,9985,61664,11912,63591,71649,0
16622,64706,39664,81328,56286,104370,0
85227,61930,28216,147157,113443,90146,1
62967,18731,36555,81698,99522,55286,0
54172,44286,6516,98458,60688,50802,0
39782,24056,29718,63838,69500,53774,1
44051,18945,42306,62996,86357,61251,1
51447,68107,81197,119554,132644,149304,1
70984,10505,61760,81489,132744,72265,1
86347,53357,13216,139704,99563,66573,0
18576,41604,82840,60180,101416,124444,0
26960,33042,9965,60002,36925,43007,1
39620,64125,62782,103745,102402,126907,1
35757,44812,85362,80569,121119,130174,0
26476,12872,9209,39348,35685,22081,0
13699,87302,12694,101001,26393,99996,0
9754,61156,76632,70910,86386,137788,0
1261,65896,40814,67157,42075,106710,0
41992,53004,57651,94996,99643,110655,1
37850,40050,97920,77900,135770,137970,0
46835,83992,52420,130827,99255,136412,1
51133,3355,65163,54488,116296,68518,0
81835,91865,98878,173700,180713,190743,1
80205,48204,59396,128409,139601,107600,1
33618,22651,37249,56269,70867,59900,1
93394,45974,36563,139368,129957,82537,0
14521,81508,43545,96029,58066,125053,0
69989,69741,76374,139730,146363,146115,1
25269,91995,59975,117264,85244,151970,0
58626,37742,4858,96368,63484,42600,0
46041,67671,79963,113712,126004,147634,1
60282,35959,27804,96241,88086,63763,1
29167,64172,8550,93339,37717,72722,0
70647,882,1434,71529,72081,2316,0
57593,62708,20314,120301,77907,83022,1
11330,78629,73362,89959,84692,151991,1
89330,98342,43287,187672,132617,141629,1
98604,23098,11907,121702,110511,35005,0
41646,71777,54269,113423,95915,126046,1
93815,1036,69999,94851,163814,71035,0
86641,76657,7652,163298,94293,84309,0
39649,74455,41481,114104,81130,115936,1
6975,32536,10947,39511,17922,43483,0
42928,15283,97937,58211,140865,113220,0
78510,13151,47693,91661,126203,60844,0
77725,64065,7606,141790,85331,71671,0
16774,88193,64019,104967,80793,152212,0
25807,91336,18136,117143,43943,109472,0
22141,66834,17737,88975,39878,84571,0
36881,19293,32598,56174,69479,51891,1
85096,67671,16629,152767,101725,84300,0
53016,17293,41209,70309,94225,58502,1
26602,78596,21941,105198,48543,100537,0
31402,19168,78703,50570,110105,97871,0
54313,18084,64467,72397,118780,82551,1
16042,18356,56973,34398,73015,75329,0
27792,1610,59004,29402,86796,60614,0
41408,42921,44525,84329,85933,87446,1
48265,78102,22880,126367,71145,100982,0
5979,57588,19565,63567,25544,77153,0
94660,11038,18773,105698,113433,29811,0
40164,22227,70624,62391,110788,92851,0
50298,12327,91491,62625,141789,103818,0
89260,35398,46758,124658,136018,82156,0
14145,71783,49986,85928,64131,121769,0
74949,62361,57072,137310,132021,119433,1
63329,88163,28938,151492,92267,117101,1
34917,28193,57197,63110,92114,85390,1
54126,92108,28445,146234,82571,120553,0
53186,53749,80534,106935,133720,134283,1
90249,43132,15801,133381,106050,58933,0
41683,60631,4742,102314,46425,65373,0
1924,23040,20931,24964,22855,43971,0
7958,51982,12213,59940,20171,64195,0
13551,53625,44905,67176,58456,98530,1
67831,98747,74515,166578,142346,173262,1
79925,65757,23171,145682,103096,88928,1
56238,4102,37753,60340,93991,41855,0
88903,18556,37166,107459,126069,55722,0
19021,49469,36515,68490,55536,85984,1
39628,22923,48263,62551,87891,71186,1
85210,11584,72662,96794,157872,84246,0
31420,42392,29276,73812,60696,71668,1
99278,61762,70181,161040,169459,131943,1
90130,60500,34996,150630,125126,95496,1
763,99924,71730,100687,72493,171654,0
98706,92997,54960,191703,153666,147957,1
36967,21936,9571,58903,46538,31507,0
89752,661,56000,90413,145752,56661,0
62326,71276,18875,133602,81201,90151,1
1470,96002,5652,97472,7122,101654,0
20102,50064,97827,70166,117929,147891,0
64164,89653,45118,153817,109282,134771,1
65982,11935,3268,77917,69250,15203,0
1311,44382,18439,45693,19750,62821,0
73633,60027,14702,133660,88335,74729,1
57554,68201,7318,125755,64872,75519,0
25805,48679,99897,74484,125702,148576,0
18142,20820,47143,38962,65285,67963,0
68320,40062,45300,108382,113620,85362,1
87569,96940,85434,184509,173003,182374,1
44557,91364,97869,135921,142426,189233,1
83320,42016,95952,125336,179272,137968,1
18939,45214,46964,64153,65903,92178,1
97904,77818,82845,175722,180749,160663,1
78296,93154,28115,171450,106411,121269,1
73866,1801,41025,75667,114891,42826,0
36269,2484,48776,38753,85045,51260,0
92041,52938,34596,144979,126637,87534,0
85542,58683,20156,144225,105698,78839,0
70378,72089,65250,142467,135628,137339,1
99184,17749,95055,116933,194239,112804,1
56391,35446,7755,91837,64146,43201,0
3912,17361,52886,21273,56798,70247,0
56819,2019,92887,58838,149706,94906,0
2468,74723,44094,77191,46562,118817,0
68762,36463,8435,105225,77197,44898,0
33306,89373,17785,122679,51091,107158,0
6718,11616,17815,18334,24533,29431,1
7737,26561,38010,34298,45747,64571,0
264,34748,13070,35012,13334,47818,0
70040,54058,3432,124098,73472,57490,0
10029,75908,40657,85937,50686,116565,0
77307,75947,60262,153254,137569,136209,1
88982,51435,50055,140417,139037,101490,1
58898,42459,32222,101357,91120,74681,1
98098,31236,88899,129334,186997,120135,1
63380,77469,94036,140849,157416,171505,1
72367,91386,23928,163753,96295,115314,1
44805,11044,5738,55849,50543,16782,0
90649,73977,22395,164626,113044,96372,1
99194,99720,52038,198914,151232,151758,1
55881,84764,18490,140645,74371,103254,0
67336,25057,93509,92393,160845,118566,0
20686,79889,62098,100575,82784,141987,1
55154,69487,42610,124641,97764,112097,1
94519,28446,23694,122965,118213,52140,0
71273,29750,99432,101023,170705,129182,1
91797,48899,17585,140696,109382,66484,0
68528,50417,55256,118945,123784,105673,1
92150,23054,2776,115204,94926,25830,0
68890,67878,10698,136768,79588,78576,1
24678,59010,44951,83688,69629,103961,1
22020,47835,55087,69855,77107,102922,1
78741,91006,12926,169747,91667,103932,1
90267,60177,68488,150444,158755,128665,1
47551,33321,23897,80872,71448,57218,1
36124,34195,51136,70319,87260,85331,1
92430,97053,60043,189483,152473,157096,1
22168,57968,54254,80136,76422,112222,1
78886,57423,97238,136309,176124,154661,1
32488,2715,19964,35203,52452,22679,0
85789,95628,21058,181417,106847,116686,1
2987,16502,83078,19489,86065,99580,0
46984,15865,75927,62849,122911,91792,0
92577,78,27318,92655,119895,27396,0
97571,19802,99362,117373,196933,119164,1
16567,34028,86092,50595,102659,120120,0
47199,54024,29730,101223,76929,83754,1
98355,19049,31992,117404,130347,51041,0
86348,8415,18,94763,86366,8433,0
15769,37361,44557,53130,60326,81918,1
11101,13027,39311,24128,50412,52338,0
45749,18491,42134,64240,87883,60625,1
94085,68236,60058,162321,154143,128294,1
73161,3719,36988,76880,110149,40707,0
68172,11114,5646,79286,73818,16760,0
86408,58050,64405,144458,150813,122455,1
21901,79952,95582,101853,117483,175534,1
80235,92810,6854,173045,87089,99664,0
1610,59415,35026,61025,36636,94441,0
71921,63232,14779,135153,86700,78011,1
34623,8307,17988,42930,52611,26295,0
26750,64475,60128,91225,86878,124603,1
61442,43182,97805,104624,159247,140987,1
72600,74116,67794,146716,140394,141910,1
92709,64003,79170,156712,171879,143173,1
18218,41598,84544,59816,102762,126142,0
78271,18926,31934,97197,110205,50860,0
42189,39061,49050,81250,91239,88111,1
52065,89053,236,141118,52301,89289,0
98170,16823,73662,114993,171832,90485,0
95486,7569,84278,103055,179764,91847,0
37252,9644,14136,46896,51388,23780,0
54484,86879,62270,141363,116754,149149,1
45062,88117,5836,133179,50898,93953,0
6131,7977,64540,14108,70671,72517,0
91832,98755,14064,190587,105896,112819,1
92870,28499,53413,121369,146283,81912,0
91125,81287,16973,172412,108098,98260,1
11962,44953,30024,56915,41986,74977,0
51482,46711,82752,98193,134234,129463,1
95557,91235,22551,186792,118108,113786,1
2891,41876,99827,44767,102718,141703,0
94377,83956,52545,178333,146922,136501,1
75637,92418,26143,168055,101780,118561,1
4165,67098,79402,71263,83567,146500,0
59630,20958,36409,80588,96039,57367,0
22595,72472,78358,95067,100953,150830,1
48867,7260,72573,56127,121440,79833,0
65733,94195,65448,159928,131181,159643,1
35937,84675,42971,120612,78908,127646,0
15247,23253,56045,38500,71292,79298,0
92752,69700,4489,162452,97241,74189,0
87508,38980,56913,126488,144421,95893,1
69985,30024,67375,100009,137360,97399,1
5083,58097,64542,63180,69625,122639,0
89940,11308,12573,101248,102513,23881,0
42365,69318,68427,111683,110792,137745,1
96211,97146,52017,193357,148228,149163,1
18797,88068,85894,106865,104691,173962,1
66382,30136,75163,96518,141545,105299,1
4778,6304,63086,11082,67864,69390,0
22630,47084,27635,69714,50265,74719,1
42912,32973,29641,75885,72553,62614,1
77912,18456,55148,96368,133060,73604,0
36747,60586,32633,97333,69380,93219,1
40878,27927,21170,68805,62048,49097,1
55073,41512,52021,96585,107094,93533,1
74121,93238,11192,167359,85313,104430,0
19644,7308,53694,26952,73338,61002,0
34905,39635,81917,74540,116822,121552,0
40657,791,53156,41448,93813,53947,0
83058,21266,95775,104324,178833,117041,1
46779,84282,23830,131061,70609,108112,0
66355,40242,4530,106597,70885,44772,0
78054,8945,75934,86999,153988,84879,1
94511,27031,94980,121542,189491,122011,1
5291,65970,57978,71261,63269,123948,0
37793,16252,7189,54045,44982,23441,0
16008,70450,21440,86458,37448,91890,0
77662,76234,41261,153896,118923,117495,1
65035,49409,6633,114444,71668,56042,0
30333,61218,56574,91551,86907,117792,1
88672,5806,53236,94478,141908,59042,0
74750,43109,65988,117859,140738,109097,1
8262,44858,77029,53120,85291,121887,0
3331,6903,52477,10234,55808,59380,0
45223,34783,90873,80006,136096,125656,0
71119,15191,29324,86310,100443,44515,0
49278,79256,49996,128534,99274,129252,1
29356,8359,44562,37715,73918,52921,0
94187,2509,9333,96696,103520,11842,0
82031,95529,77591,177560,159622,173120,1
33362,52871,52951,86233,86313,105822,1
72243,51049,34799,123292,107042,85848,1
33721,3558,73946,37279,107667,77504,0
83887,95587,6300,179474,90187,101887,0
81387,8785,86506,90172,167893,95291,1
11620,49552,34651,61172,46271,84203,0
94650,68488,25,163138,94675,68513,0
97279,6329,88461,103608,185740,94790,0
35919,57477,59090,93396,95009,116567,1
73519,34685,59386,108204,132905,94071,1
2143,86762,48487,88905,50630,135249,0
82529,22233,66893,104762,149422,89126,1
94572,19140,63130,113712,157702,82270,0
83793,14735,83639,98528,167432,98374,1
49958,21235,83052,71193,133010,104287,0
43061,46230,92582,89291,135643,138812,0
90273,65823,76261,156096,166534,142084,1
56858,14728,89281,71586,146139,104009,0
99733,92650,19361,192383,119094,112011,1
59260,94148,45816,153408,105076,139964,1
34257,15823,35587,50080,69844,51410,1
79424,53149,32675,132573,112099,85824,1
20327,92602,26055,112929,46382,118657,0
81475,91181,44203,172656,125678,135384,1
95505,71015,11219,166520,106724,82234,0
13306,1383,58854,14689,72160,60237,0
82146,55922,76103,138068,158249,132025,1
61146,94506,45535,155652,106681,140041,1
846,30408,88853,31254,89699,119261,0
26409,92501,27709,118910,54118,120210,0
21707,6810,17662,28517,39369,24472,1
59280,93090,81582,152370,140862,174672,1
80536,54618,29626,135154,110162,84244,1
6332,58075,29654,64407,35986,87729,0
67182,28913,53697,96095,120879,82610,1
42544,63240,69275,105784,111819,132515,1
28664,11144,80044,39808,108708,91188,0
65689,63113,97468,128802,163157,160581,1
57408,9079,73645,66487,131053,82724,0
44152,49068,83721,93220,127873,132789,1
89657,79558,28786,169215,118443,108344,1
95835,39959,37434,135794,133269,77393,0
30986,897,84285,31883,115271,85182,0
66168,23174,31946,89342,98114,55120,0
14941,38096,31226,53037,46167,69322,1
96307,16785,89053,113092,185360,105838,1
7775,73572,6983,81347,14758,80555,0
18485,6700,47156,25185,65641,53856,0
5109,45358,22681,50467,27790,68039,0
14683,24298,50483,38981,65166,74781,0
25940,94116,43704,120056,69644,137820,0
10257,33439,23412,43696,33669,56851,1
25288,1349,65798,26637,91086,67147,0
92913,38859,67224,131772,160137,106083,1
83188,34892,88164,118080,171352,123056,1
95080,21350,25792,116430,120872,47142,0
53885,63310,25863,117195,79748,89173,1
77234,80113,73487,157347,150721,153600,1
12138,3491,84774,15629,96912,88265,0
6684,51595,46182,58279,52866,97777,1
94132,46897,76796,141029,170928,123693,1
80874,47307,26074,128181,106948,73381,0
16381,72682,13923,89063,30304,86605,0
39754,39048,10309,78802,50063,49357,1
2678,86278,77417,88956,80095,163695,0
46338,29769,54543,76107,100881,84312,1
58424,2822,89666,61246,148090,92488,0
87616,46742,3439,134358,91055,50181,0
6245,83041,61688,89286,67933,144729,0
50051,73267,43745,123318,93796,117012,1
17221,26819,77896,44040,95117,104715,0
78255,55880,26688,134135,104943,82568,1
80078,11876,47381,91954,127459,59257,0
31858,5912,87726,37770,119584,93638,0
9784,41935,63684,51719,73468,105619,0
20522,49264,47213,69786,67735,96477,1
45083,30309,77547,75392,122630,107856,0
53613,92648,67846,146261,121459,160494,1
59584,57009,21228,116593,80812,78237,1
88100,1331,16399,89431,104499,17730,0
81867,54573,19303,136440,101170,73876,0
29301,66017,64052,95318,93353,130069,1
39023,2079,60235,41102,99258,62314,0
5903,19967,39522,25870,45425,59489,0
14136,73902,82668,88038,96804,156570,1
67458,56949,37408,124407,104866,94357,1
88575,95563,38315,184138,126890,133878,1
318,83180,23110,83498,23428,106290,0
10554,69496,28758,80050,39312,98254,0
59476,96447,5492,155923,64968,101939,0
63292,26224,62054,89516,125346,88278,1
96431,71148,77373,167579,173804,148521,1
19269,95394,5956,114663,25225,101350,0
40119,46387,57263,86506,97382,103650,1
36251,14243,44560,50494,80811,58803,1
95138,91977,82294,187115,177432,174271,1
75244,96503,83096,171747,158340,179599,1
88084,39153,72070,127237,160154,111223,1
19789,76591,18157,96380,37946,94748,0
49210,17204,98711,66414,147921,115915,0
73767,87929,70593,161696,144360,158522,1
64941,11938,67176,76879,132117,79114,1
54788,97116,13295,151904,68083,110411,0
15110,36924,234,52034,15344,37158,0
30119,50298,58135,80417,88254,108433,1
9437,44752,56629,54189,66066,101381,0
78778,80311,65184,159089,143962,145495,1
47855,29774,48909,77629,96764,78683,1
94205,17539,72958,111744,167163,90497,0
54923,591,38590,55514,93513,39181,0
95879,10483,71072,106362,166951,81555,0
33725,33403,66289,67128,100014,99692,1
79070,9971,38109,89041,117179,48080,0
62781,51796,3605,114577,66386,55401,0
29485,13791,53637,43276,83122,67428,0
13457,35173,25204,48630,38661,60377,1
5046,20244,78561,25290,83607,98805,0
93962,79424,6630,173386,100592,86054,0
80360,56352,31989,136712,112349,88341,1
73424,79368,87877,152792,161301,167245,1
89408,5440,46319,94848,135727,51759,0
90128,74504,39926,164632,130054,114430,1
84443,67146,14299,151589,98742,81445,0
59172,91096,84111,150268,143283,175207,1
39164,37248,82529,76412,121693,119777,0
9372,10356,1926,19728,11298,12282,1
45487,91857,44668,137344,90155,136525,0
99650,97629,54871,197279,154521,152500,1
95213,35807,74263,131020,169476,110070,1
30663,57389,12715,88052,43378,70104,0
96758,30623,93541,127381,190299,124164,1
4573,67569,70497,72142,75070,138066,1
86856,62006,26186,148862,113042,88192,1
92179,26957,99489,119136,191668,126446,1
49303,80606,47291,129909,96594,127897,1
416,37893,14442,38309,14858,52335,0
8563,55820,97860,64383,106423,153680,0
11307,73681,31096,84988,42403,104777,0
99413,55612,75399,155025,174812,131011,1
18562,42418,39420,60980,57982,81838,1
3202,10703,88191,13905,91393,98894,0
41830,44015,38487,85845,80317,82502,1
96144,62288,88180,158432,184324,150468,1
49,31981,24449,32030,24498,56430,0
9716,40367,62695,50083,72411,103062,0
98543,68046,70647,166589,169190,138693,1
45792,84303,10113,130095,55905,94416,0
30216,62984,17787,93200,48003,80771,0
74266,46215,17261,120481,91527,63476,0
68942,43097,49941,112039,118883,93038,1
27045,38164,4583,65209,31628,42747,0
78667,60886,5875,139553,84542,66761,0
8430,106,72370,8536,80800,72476,0
72007,39193,99266,111200,171273,138459,1
51008,10250,51665,61258,102673,61915,1
49951,35949,353,85900,50304,36302,0
12894,87938,69233,100832,82127,157171,0
52129,8715,24432,60844,76561,33147,0
86719,89491,41613,176210,128332,131104,1
77268,77437,76329,154705,153597,153766,1
78591,4126,21746,82717,100337,25872,0
74449,43884,77958,118333,152407,121842,1
17564,51518,86250,69082,103814,137768,0
83506,36583,38254,120089,121760,74837,0
82389,60925,8175,143314,90564,69100,0
90389,7072,4239,97461,94628,11311,0
14301,625,82240,14926,96541,82865,0
39337,1785,16414,41122,55751,18199,0
45353,78716,18893,124069,64246,97609,0
50236,8052,89274,58288,139510,97326,0
93412,62356,13146,155768,106558,75502,0
89458,78779,35494,168237,124952,114273,1
59678,71729,98926,131407,158604,170655,1
89363,30756,92558,120119,181921,123314,1
64529,76712,60083,141241,124612,136795,1
38808,45164,5638,83972,44446,50802,0
17040,74763,38713,91803,55753,113476,0
26985,91202,96389,118187,123374,187591,1
43992,63330,53114,107322,97106,116444,1
20682,16737,93587,37419,114269,110324,0
2344,8663,35723,11007,38067,44386,0
61967,29633,95686,91600,157653,125319,0
73739,27753,88592,101492,162331,116345,1
56686,77066,91640,133752,148326,168706,1
5540,44138,94510,49678,100050,138648,0
74345,57982,10098,132327,84443,68080,0
25484,93415,9100,118899,34584,102515,0
17534,27056,55590,44590,73124,82646,0
21743,70162,92441,91905,114184,162603,0
80164,47504,21510,127668,101674,69014,0
61518,56868,7229,118386,68747,64097,1
33331,69479,36074,102810,69405,105553,0
73057,85185,57723,158242,130780,142908,1
59469,5496,81165,64965,140634,86661,0
72951,17799,3223,90750,76174,21022,0
26180,81912,64125,108092,90305,146037,1
84320,5523,74832,89843,159152,80355,0
34318,22440,19990,56758,54308,42430,1
3592,14515,66684,18107,70276,81199,0
93274,68083,61087,161357,154361,129170,1
47677,79333,69083,127010,116760,148416,1
35776,91756,73802,127532,109578,165558,1
55082,43505,70944,98587,126026,114449,1
92025,34398,39627,126423,131652,74025,0
74420,29953,472,104373,74892,30425,0
24412,78377,11775,102789,36187,90152,0
46486,62636,98026,109122,144512,160662,1
52105,98301,96476,150406,148581,194777,1
28881,46218,55526,75099,84407,101744,1
50107,65121,73970,115228,124077,139091,1
85427,5617,19333,91044,104760,24950,0
90372,36245,98599,126617,188971,134844,1
60461,83707,31250,144168,91711,114957,1
72780,62079,68590,134859,141370,130669,1
50209,12349,54476,62558,104685,66825,1
69432,5456,29925,74888,99357,35381,0
31405,86250,7842,117655,39247,94092,0
56567,879,75314,57446,131881,76193,0
36859,73816,8120,110675,44979,81936,0
94844,17061,52272,111905,147116,69333,0
80514,44449,50272,124963,130786,94721,1
85196,99855,27034,185051,112230,126889,1
47461,49778,10192,97239,57653,59970,1
26216,73153,6181,99369,32397,79334,0
57770,72811,32677,130581,90447,105488,1
33834,12316,52393,46150,86227,64709,0
71789,29648,92725,101437,164514,122373,1
64966,37144,56286,102110,121252,93430,1
2563,71609,28545,74172,31108,100154,0
68403,97556,39697,165959,108100,137253,1
29408,3543,19499,32951,48907,23042,0
5032,26761,42310,31793,47342,69071,0
85835,72993,29087,158828,114922,102080,1
47041,66126,28207,113167,75248,94333,1
88897,65864,11339,154761,100236,77203,0
72170,21029,67027,93199,139197,88056,1
44212,71679,38445,115891,82657,110124,1
57174,46143,67974,103317,125148,114117,1
4752,73718,47082,78470,51834,120800,0
28809,61461,4557,90270,33366,66018,0
31544,67602,48749,99146,80293,116351,1
52048,67368,96530,119416,148578,163898,1
97965,65971,12278,163936,110243,78249,0
24031,21706,38821,45737,62852,60527,1
27077,36636,28714,63713,55791,65350,1
65769,16899,28894,82668,94663,45793,0
28114,69436,73682,97550,101796,143118,1
67253,65195,79677,132448,146930,144872,1
57990,2564,27466,60554,85456,30030,0
27727,71331,66522,99058,94249,137853,1
37933,43172,21172,81105,59105,64344,1
23132,91760,53290,114892,76422,145050,0
70004,26093,84535,96097,154539,110628,1
68139,52425,11232,120564,79371,63657,0
96339,98300,70124,194639,166463,168424,1
73053,95240,41820,168293,114873,137060,1
36490,9677,41299,46167,77789,50976,1
83713,18062,68265,101775,151978,86327,1
33467,17342,97863,50809,131330,115205,0
74279,92247,34168,166526,108447,126415,1
56916,51024,4269,107940,61185,55293,0
98190,75978,10459,174168,108649,86437,0
60046,52378,95932,112424,155978,148310,1
36994,29060,33314,66054,70308,62374,1
1738,72232,39216,73970,40954,111448,0
74566,47494,57988,122060,132554,105482,1
27929,7301,98451,35230,126380,105752,0
6964,49226,77261,56190,84225,126487,0
11492,42805,60827,54297,72319,103632,0
79287,81171,21733,160458,101020,102904,1
46353,79327,64007,125680,110360,143334,1
7522,39193,15687,46715,23209,54880,0
42286,75974,92029,118260,134315,168003,1
28400,19791,64398,48191,92798,84189,0
77042,14514,13000,91556,90042,27514,0
34277,97189,24229,131466,58506,121418,0
42951,84905,39192,127856,82143,124097,0
41941,6928,15132,48869,57073,22060,0
58197,44842,40699,103039,98896,85541,1
17331,7766,90351,25097,107682,98117,0
50884,37684,47637,88568,98521,85321,1
36211,52585,60749,88796,96960,113334,1
63877,87084,90444,150961,154321,177528,1
21737,2324,94222,24061,115959,96546,0
80098,72526,83601,152624,163699,156127,1
43168,54291,24827,97459,67995,79118,1
5731,96337,353,102068,6084,96690,0
86596,64206,64076,150802,150672,128282,1
72901,53772,60444,126673,133345,114216,1
26767,95112,80678,121879,107445,175790,1
96187,12505,75903,108692,172090,88408,0
97253,86988,37436,184241,134689,124424,1
58850,73435,80366,132285,139216,153801,1
36868,35179,35273,72047,72141,70452,1
34447,59051,38706,93498,73153,97757,1
74483,5089,65721,79572,140204,70810,0
4031,60611,66048,64642,70079,126659,0
15743,30279,18685,46022,34428,48964,1
45731,74426,74063,120157,119794,148489,1
47817,90696,39805,138513,87622,130501,0
63377,9855,50767,73232,114144,60622,0
67465,89920,80967,157385,148432,170887,1
58058,71258,12268,129316,70326,83526,0
84914,52104,65387,137018,150301,117491,1
70446,46600,49240,117046,119686,95840,1
45566,17498,93495,63064,139061,110993,0
57228,11709,3130,68937,60358,14839,0
76476,26297,46216,102773,122692,72513,0
22598,68167,72662,90765,95260,140829,1
17137,35957,16872,53094,34009,52829,0
92735,8841,39389,101576,132124,48230,0
38588,63671,13642,102259,52230,77313,0
74656,94340,41694,168996,116350,136034,1
2878,89296,68797,92174,71675,158093,0
83524,99168,41196,182692,124720,140364,1
15163,12328,23285,27491,38448,35613,1
78705,85553,33473,164258,112178,119026,1
26854,68048,82922,94902,109776,150970,1
80654,56789,34390,137443,115044,91179,1
32676,81222,57557,113898,90233,138779,1
22683,53289,83562,75972,106245,136851,0
83511,97225,68050,180736,151561,165275,1
86444,3898,96272,90342,182716,100170,0
94622,30897,81184,125519,175806,112081,1
30867,93790,19920,124657,50787,113710,0
62362,56457,62824,118819,125186,119281,1
18430,99818,43284,118248,61714,143102,0
26298,94425,56841,120723,83139,151266,0
13638,49812,91623,63450,105261,141435,0
10442,74749,71332,85191,81774,146081,1
31403,59685,49787,91088,81190,109472,1
35946,21651,10456,57597,46402,32107,0
10883,83093,49158,93976,60041,132251,0
58641,55930,81629,114571,140270,137559,1
4202,74590,1986,78792,6188,76576,0
16079,92254,16308,108333,32387,108562,0
5527,91838,1021,97365,6548,92859,0
14875,84623,70834,99498,85709,155457,1
52930,23953,90652,76883,143582,114605,0
72931,932,93908,73863,166839,94840,0
42694,18496,921,61190,43615,19417,0
63846,84799,16465,148645,80311,101264,0
27561,32354,6993,59915,34554,39347,1
83981,19662,26140,103643,110121,45802,0
62065,31770,96172,93835,158237,127942,0
63821,72612,14155,136433,77976,86767,1
66611,48743,13020,115354,79631,61763,0
35860,63723,58842,99583,94702,122565,1
68173,57837,2986,126010,71159,60823,0
18973,78320,80777,97293,99750,159097,1
21783,33940,22440,55723,44223,56380,1
36459,60632,1073,97091,37532,61705,0
90870,54735,89695,145605,180565,144430,1
55457,35493,49537,90950,104994,85030,1
5093,33314,65176,38407,70269,98490,0
73530,29544,11525,103074,85055,41069,0
45313,22404,19054,67717,64367,41458,0
96811,30526,91055,127337,187866,121581,1
36431,12714,28328,49145,64759,41042,1
52285,2577,39846,54862,92131,42423,0
89925,99890,43597,189815,133522,143487,1
68369,61859,81710,130228,150079,143569,1
97979,2649,41823,100628,139802,44472,0
11014,53508,11245,64522,22259,64753,0
92147,12447,57254,104594,149401,69701,0
35527,55139,67631,90666,103158,122770,1
1623,14678,44455,16301,46078,59133,0
80071,59000,16712,139071,96783,75712,0
46483,2056,45516,48539,91999,47572,1
58761,58179,96171,116940,154932,154350,1
2946,39894,63320,42840,66266,103214,0
31053,32335,61555,63388,92608,93890,1
5816,1542,57407,7358,63223,58949,0
86946,7393,22804,94339,109750,30197,0
96625,59377,50626,156002,147251,110003,1
53759,83534,80500,137293,134259,164034,1
94476,24132,12218,118608,106694,36350,0
77669,89357,31464,167026,109133,120821,1
76226,96571,59779,172797,136005,156350,1
47179,3601,37932,50780,85111,41533,0
88153,67475,80415,155628,168568,147890,1
88480,53838,24673,142318,113153,78511,0
24262,32501,88993,56763,113255,121494,0
53173,55674,28459,108847,81632,84133,1
16464,98394,4838,114858,21302,103232,0
59406,91650,61534,151056,120940,153184,1
13675,46086,95659,59761,109334,141745,0
93690,48201,50621,141891,144311,98822,1
58581,65451,5109,124032,63690,70560,0
78067,66689,75745,144756,153812,142434,1
11604,34172,94362,45776,105966,128534,0
64218,85698,92530,149916,156748,178228,1
77451,89379,56399,166830,133850,145778,1
48030,44054,53746,92084,101776,97800,1
41440,53419,2923,94859,44363,56342,0
85818,79580,48092,165398,133910,127672,1
21892,20286,50046,42178,71938,70332,0
59198,15635,83053,74833,142251,98688,0
70672,29041,8058,99713,78730,37099,0
56848,97616,3952,154464,60800,101568,0
15787,60336,7027,76123,22814,67363,0
25217,63863,12554,89080,37771,76417,0
54414,40968,69400,95382,123814,110368,1
76999,32276,33320,109275,110319,65596,0
1974,52202,79637,54176,81611,131839,0
51967,85726,98886,137693,150853,184612,1
67762,49383,65152,117145,132914,114535,1
87646,71460,36330,159106,123976,107790,1
806,78679,65002,79485,65808,143681,0
60982,49949,72089,110931,133071,122038,1
42350,90227,24579,132577,66929,114806,0
88271,29030,58412,117301,146683,87442,0
66371,44787,57570,111158,123941,102357,1
87387,58779,11954,146166,99341,70733,0
54418,96355,48543,150773,102961,144898,1
81724,96349,62987,178073,144711,159336,1
58947,57503,64434,116450,123381,121937,1
23721,62655,98577,86376,122298,161232,0
47949,5449,62562,53398,110511,68011,0
49141,76544,22020,125685,71161,98564,0
15681,53214,48110,68895,63791,101324,1
41129,30044,19663,71173,60792,49707,1
14162,35359,95985,49521,110147,131344,0
14724,37717,27405,52441,42129,65122,1
58140,12626,83503,70766,141643,96129,0
73043,68709,34887,141752,107930,103596,1
10816,43178,50386,53994,61202,93564,1
57535,38155,778,95690,58313,38933,0
52202,50684,50441,102886,102643,101125,1
77031,66291,95143,143322,172174,161434,1
65843,55328,91737,121171,157580,147065,1
56121,10385,19986,66506,76107,30371,0
32563,88762,39605,121325,72168,128367,0
33932,8513,74284,42445,108216,82797,0
75957,38877,6842,114834,82799,45719,0
32098,22817,72443,54915,104541,95260,0
27939,21387,2442,49326,30381,23829,0
23169,81261,56477,104430,79646,137738,0
91488,27172,41484,118660,132972,68656,0
81754,10791,51198,92545,132952,61989,0
77499,19518,65180,97017,142679,84698,1
43744,93969,66923,137713,110667,160892,1
16960,43473,61306,60433,78266,104779,0
70182,73849,66755,144031,136937,140604,1
63986,75986,75140,139972,139126,151126,1
28503,82704,73424,111207,101927,156128,1
81824,64737,53094,146561,134918,117831,1
80061,91916,52346,171977,132407,144262,1
42195,34624,13191,76819,55386,47815,1
80092,57428,86759,137520,166851,144187,1
3604,84164,57542,87768,61146,141706,0
71599,66360,58509,137959,130108,124869,1
3794,66225,82412,70019,86206,148637,0
37575,30597,34463,68172,72038,65060,1
65357,46894,6283,112251,71640,53177,0
50158,76465,81130,126623,131288,157595,1
58616,40321,6475,98937,65091,46796,0
51888,55987,57159,107875,109047,113146,1
87621,8571,16957,96192,104578,25528,0
78229,80890,46825,159119,125054,127715,1
93487,98444,70379,191931,163866,168823,1
52650,45414,2481,98064,55131,47895,0
11184,82830,19697,94014,30881,102527,0
89115,21697,89701,110812,178816,111398,1
34857,76792,24115,111649,58972,100907,0
60967,52505,73544,113472,134511,126049,1
89463,44937,71526,134400,160989,116463,1
56211,77351,61295,133562,117506,138646,1
24656,8878,46429,33534,71085,55307,0
17436,81342,67184,98778,84620,148526,1
53283,9557,79104,62840,132387,88661,0
58235,24883,57814,83118,116049,82697,1
41430,20088,57017,61518,98447,77105,1
3207,8329,17781,11536,20988,26110,0
7649,58961,27720,66610,35369,86681,0
17261,39537,43286,56798,60547,82823,1
58206,20755,48403,78961,106609,69158,1
6386,81690,47613,88076,53999,129303,0
66814,49408,44511,116222,111325,93919,1
33078,63340,11209,96418,44287,74549,0
88595,97339,18976,185934,107571,116315,1
89326,64177,24477,153503,113803,88654,0
78291,2625,42130,80916,120421,44755,0
44270,39811,67657,84081,111927,107468,1
37266,64821,75817,102087,113083,140638,1
30852,80671,12227,111523,43079,92898,0
74579,39773,96164,114352,170743,135937,1
12333,74477,40611,86810,52944,115088,0
56161,91951,73533,148112,129694,165484,1
20706,46408,85513,67114,106219,131921,0
50835,31613,31475,82448,82310,63088,1
18854,39436,63138,58290,81992,102574,0
13141,88275,42193,101416,55334,130468,0
64924,3357,55157,68281,120081,58514,0
46957,79871,72064,126828,119021,151935,1
91608,59135,60457,150743,152065,119592,1
19153,8299,53903,27452,73056,62202,0
31993,49881,46892,81874,78885,96773,1
33671,88871,90278,122542,123949,179149,1
65664,70390,42048,136054,107712,112438,1
28835,38827,30794,67662,59629,69621,1
54666,84959,74538,139625,129204,159497,1
35618,38124,96032,73742,131650,134156,0
56757,25603,38130,82360,94887,63733,1
90442,24548,47447,114990,137889,71995,0
36621,25019,93867,61640,130488,118886,0
95785,20493,99673,116278,195458,120166,1
33756,78542,77853,112298,111609,156395,1
19661,89549,80701,109210,100362,170250,1
75608,3726,36949,79334,112557,40675,0
31327,49141,66251,80468,97578,115392,1
58677,60505,97252,119182,155929,157757,1
73496,75944,4116,149440,77612,80060,1
61371,73712,17790,135083,79161,91502,1
46328,85664,5000,131992,51328,90664,0
11065,82587,48115,93652,59180,130702,0
73064,85345,23247,158409,96311,108592,1
32740,93492,13958,126232,46698,107450,0
79861,97097,31019,176958,110880,128116,1
43751,49825,69200,93576,112951,119025,1
40624,91782,68609,132406,109233,160391,1
37250,25122,54964,62372,92214,80086,1
80180,46879,97823,127059,178003,144702,1
42140,96325,63385,138465,105525,159710,1
37865,35536,44948,73401,82813,80484,1
55131,12294,82732,67425,137863,95026,0
64739,68378,25736,133117,90475,94114,1
78426,41010,97600,119436,176026,138610,1
56095,40546,79974,96641,136069,120520,1
65215,36866,78141,102081,143356,115007,1
252,40382,64225,40634,64477,104607,0
98254,69311,88474,167565,186728,157785,1
15309,95716,80530,111025,95839,176246,1
59288,40968,70044,100256,129332,111012,1
75322,45076,61959,120398,137281,107035,1
96164,70836,46168,167000,142332,117004,1
59520,14264,50632,73784,110152,64896,1
34270,59175,39036,93445,73306,98211,1
49390,14674,56530,64064,105920,71204,1
28418,23625,70979,52043,99397,94604,0
71900,35862,41496,107762,113396,77358,1
5247,53063,88346,58310,93593,141409,0
14880,11439,22485,26319,37365,33924,1
32511,26063,96817,58574,129328,122880,0
31968,97629,56764,129597,88732,154393,0
82648,20052,30651,102700,113299,50703,0
61252,26698,31565,87950,92817,58263,0
13203,41747,10576,54950,23779,52323,0
63192,3207,60380,66399,123572,63587,1
85300,70461,73324,155761,158624,143785,1
95483,25754,181,121237,95664,25935,0
64126,84979,77997,149105,142123,162976,1
17092,35380,68,52472,17160,35448,0
97045,7525,33417,104570,130462,40942,0
60924,22021,78377,82945,139301,100398,1
10528,24336,86290,34864,96818,110626,0
29754,78633,38509,108387,68263,117142,0
76319,42923,44917,119242,121236,87840,1
99449,69592,63166,169041,162615,132758,1
79880,17201,16839,97081,96719,34040,0
71501,88681,48925,160182,120426,137606,1
68848,93443,4369,162291,73217,97812,0
90916,93027,85151,183943,176067,178178,1
30318,83760,87040,114078,117358,170800,1
87647,35106,77459,122753,165106,112565,1
9696,42252,5794,51948,15490,48046,0
70197,57872,93879,128069,164076,151751,1
47508,53431,12662,100939,60170,66093,1
30629,60227,62155,90856,92784,122382,1
78243,65067,3189,143310,81432,68256,0
38217,26262,39431,64479,77648,65693,1
60783,52637,67077,113420,127860,119714,1
59331,32211,87507,91542,146838,119718,1
19852,12410,26445,32262,46297,38855,1
29408,97792,51148,127200,80556,148940,0
15037,72112,5415,87149,20452,77527,0
79936,48097,92317,128033,172253,140414,1
16571,96487,28974,113058,45545,125461,0
38907,98206,36847,137113,75754,135053,0
95707,76946,84560,172653,180267,161506,1
7447,7247,14634,14694,22081,21881,1
84213,57550,56148,141763,140361,113698,1
70003,93281,5303,163284,75306,98584,0
51396,10390,78014,61786,129410,88404,0
91900,11137,41894,103037,133794,53031,0
60299,44494,76313,104793,136612,120807,1
71546,54812,79683,126358,151229,134495,1
54562,63800,79635,118362,134197,143435,1
61150,43124,22508,104274,83658,65632,1
683,95613,50889,96296,51572,146502,0
9204,21454,53908,30658,63112,75362,0
46628,57062,11801,103690,58429,68863,1
75532,39472,84262,115004,159794,123734,1
74026,92705,60925,166731,134951,153630,1
86004,76609,55241,162613,141245,131850,1
72574,65091,44256,137665,116830,109347,1
2792,55094,54815,57886,57607,109909,1
20067,48661,19629,68728,39696,68290,0
48084,92986,97787,141070,145871,190773,1
19136,72339,31019,91475,50155,103358,0
74497,12566,12656,87063,87153,25222,0
22336,63268,78417,85604,100753,141685,1
44483,63315,95110,107798,139593,158425,1
71743,74179,94841,145922,166584,169020,1
60592,63989,8777,124581,69369,72766,1
90491,27203,52549,117694,143040,79752,0
3802,41426,20758,45228,24560,62184,0
49777,51667,14694,101444,64471,66361,1
43129,11012,42353,54141,85482,53365,1
88334,42019,85730,130353,174064,127749,1
27658,12646,3331,40304,30989,15977,0
69158,79506,74951,148664,144109,154457,1
70325,33254,94961,103579,165286,128215,1
257,63905,9833,64162,10090,73738,0
93153,82596,26589,175749,119742,109185,1
20719,95877,77768,116596,98487,173645,1
25051,25456,16793,50507,41844,42249,1
47740,62094,44409,109834,92149,106503,1
25655,5440,97826,31095,123481,103266,0
21296,84795,96934,106091,118230,181729,1
52193,77378,46395,129571,98588,123773,1
74884,17475,708,92359,75592,18183,0
25156,60132,56426,85288,81582,116558,1
65193,63464,94693,128657,159886,158157,1
94187,52401,13758,146588,107945,66159,0
34143,39645,92812,73788,126955,132457,0
69746,6326,11351,76072,81097,17677,0
58616,23497,8383,82113,66999,31880,0
82581,90448,51610,173029,134191,142058,1
6291,1496,57969,7787,64260,59465,0
22613,10516,42356,33129,64969,52872,0
16206,53790,626,69996,16832,54416,0
9679,42103,20280,51782,29959,62383,0
50909,33660,88432,84569,139341,122092,0
77068,48337,41372,125405,118440,89709,1
85120,66392,31573,151512,116693,97965,1
57313,52014,32197,109327,89510,84211,1
64607,10775,63751,75382,128358,74526,1
67408,88173,31680,155581,99088,119853,1
20194,60115,23099,80309,43293,83214,0
98035,62009,43090,160044,141125,105099,1
69073,44686,4128,113759,73201,48814,0
14227,48975,53251,63202,67478,102226,1
77847,94938,90963,172785,168810,185901,1
44535,57196,40781,101731,85316,97977,1
51140,28887,90986,80027,142126,119873,0
45646,27791,51468,73437,97114,79259,1
28406,99839,48562,128245,76968,148401,0
90049,9923,70335,99972,160384,80258,0
23375,72120,56991,95495,80366,129111,1
98863,55661,62341,154524,161204,118002,1
2936,14773,7487,17709,10423,22260,0
41574,8419,27163,49993,68737,35582,0
48658,91784,609,140442,49267,92393,0
31891,56845,91730,88736,123621,148575,0
13743,99587,6428,113330,20171,106015,0
7243,59584,52373,66827,59616,111957,1
11101,83664,29482,94765,40583,113146,0
65799,10111,81992,75910,147791,92103,0
84577,52350,77427,136927,162004,129777,1
37606,31087,27287,68693,64893,58374,1
62556,47050,24365,109606,86921,71415,1
58692,80948,53964,139640,112656,134912,1
1231,75242,54587,76473,55818,129829,0
8362,91917,43939,100279,52301,135856,0
6686,97712,90428,104398,97114,188140,0
30422,58306,1666,88728,32088,59972,0
813,4183,3913,4996,4726,8096,1
76432,73877,23040,150309,99472,96917,1
94026,94016,50135,188042,144161,144151,1
42657,18029,12655,60686,55312,30684,0
51861,82806,20813,134667,72674,103619,0
29238,84332,56498,113570,85736,140830,1
36058,91890,96103,127948,132161,187993,1
81939,41209,46792,123148,128731,88001,1
64885,62025,80276,126910,145161,142301,1
94131,99743,10363,193874,104494,110106,1
33159,17664,57098,50823,90257,74762,0
97127,14149,5261,111276,102388,19410,0
282,42579,83646,42861,83928,126225,0
2486,48385,70788,50871,73274,119173,0
41036,52791,98252,93827,139288,151043,0
47352,76462,18585,123814,65937,95047,0
21292,17517,32567,38809,53859,50084,1
73383,20923,15750,94306,89133,36673,0
21679,66853,46675,88532,68354,113528,1
61425,52414,77290,113839,138715,129704,1
44732,86686,28961,131418,73693,115647,0
66363,4068,75532,70431,141895,79600,0
70897,77934,4315,148831,75212,82249,0
23798,34433,53397,58231,77195,87830,1
57112,95414,75866,152526,132978,171280,1
35098,60206,50393,95304,85491,110599,1
51719,41759,40757,93478,92476,82516,1
19211,19987,77159,39198,96370,97146,0
52223,28714,31915,80937,84138,60629,1
22960,8426,33437,31386,56397,41863,0
96540,49561,39412,146101,135952,88973,0
19688,55047,21629,74735,41317,76676,0
50332,50080,13623,100412,63955,63703,1
67377,89679,39182,157056,106559,128861,1
50426,57729,24412,108155,74838,82141,1
42900,82943,12283,125843,55183,95226,0
58327,95672,77883,153999,136210,173555,1
32751,40115,77483,72866,110234,117598,0
33184,51334,36951,84518,70135,88285,1
46659,40606,3271,87265,49930,43877,0
9964,54137,20467,64101,30431,74604,0
67330,96651,91187,163981,158517,187838,1
64217,92268,26532,156485,90749,118800,0
55827,30846,80270,86673,136097,111116,1
54609,59987,67710,114596,122319,127697,1
71029,13684,20411,84713,91440,34095,0
92295,62139,43022,154434,135317,105161,1
6169,92380,87483,98549,93652,179863,1
80750,92009,82197,172759,162947,174206,1
79398,31528,22325,110926,101723,53853,0
31284,93105,67008,124389,98292,160113,1
661,36432,13816,37093,14477,50248,0
19469,61275,94379,80744,113848,155654,0
33429,14520,42856,47949,76285,57376,1
16782,33124,61456,49906,78238,94580,0
85752,29447,86130,115199,171882,115577,1
3625,87715,62782,91340,66407,150497,0
51201,48794,7365,99995,58566,56159,1
35146,62230,74461,97376,109607,136691,1
1814,96094,41217,97908,43031,137311,0
77613,85629,39486,163242,117099,125115,1
85038,4347,26432,89385,111470,30779,0
16239,38652,82288,54891,98527,120940,0
50716,7924,58382,58640,109098,66306,1
78949,22665,62861,101614,141810,85526,1
26886,9840,20665,36726,47551,30505,1
82916,28290,17986,111206,100902,46276,0
98688,18376,82477,117064,181165,100853,1
20244,39118,63541,59362,83785,102659,0
64572,40415,41237,104987,105809,81652,1
99522,74933,24462,174455,123984,99395,0
75886,66608,74059,142494,149945,140667,1
58681,78093,11245,136774,69926,89338,0
81123,95128,26071,176251,107194,121199,1
69085,72455,28274,141540,97359,100729,1
56901,28782,86520,85683,143421,115302,0
98372,10468,81561,108840,179933,92029,0
70123,24589,83710,94712,153833,108299,1
63178,52527,19507,115705,82685,72034,1
99059,39972,31043,139031,130102,71015,0
57250,24668,34162,81918,91412,58830,1
2507,42557,48868,45064,51375,91425,0
95695,80159,6804,175854,102499,86963,0
8781,10108,14667,18889,23448,24775,1
62556,30105,35216,92661,97772,65321,1
2829,93944,93306,96773,96135,187250,1
50555,75159,37767,125714,88322,112926,1
95888,90749,96364,186637,192252,187113,1
53606,33243,44247,86849,97853,77490,1
13508,28423,83277,41931,96785,111700,0
51820,40315,86409,92135,138229,126724,1
51928,31309,17031,83237,68959,48340,0
18594,92348,86997,110942,105591,179345,1
97397,97829,10241,195226,107638,108070,1
86258,60436,36636,146694,122894,97072,1
38928,34511,16397,73439,55325,50908,1
43349,596,91062,43945,134411,91658,0
19549,12705,59976,32254,79525,72681,0
38027,36576,11485,74603,49512,48061,1
17955,45250,79130,63205,97085,124380,0
39831,73016,26729,112847,66560,99745,0
37057,94249,53188,131306,90245,147437,0
66294,82645,13284,148939,79578,95929,0
9944,93612,40664,103556,50608,134276,0
67639,14677,15313,82316,82952,29990,0
63342,75349,3770,138691,67112,79119,0
55706,91716,99324,147422,155030,191040,1
68298,28834,6213,97132,74511,35047,0
65463,43044,32185,108507,97648,75229,1
27810,72726,863,100536,28673,73589,0
24452,22646,15471,47098,39923,38117,1
17001,62623,76549,79624,93550,139172,1
10999,36697,62527,47696,73526,99224,0
33337,67934,15800,101271,49137,83734,0
20331,74310,65361,94641,85692,139671,1
17172,68338,80070,85510,97242,148408,1
76545,52044,6799,128589,83344,58843,0
31104,35814,32221,66918,63325,68035,1
85682,39530,31888,125212,117570,71418,0
7812,62394,92394,70206,100206,154788,0
31243,50923,82837,82166,114080,133760,0
69860,90272,89063,160132,158923,179335,1
73938,28988,66545,102926,140483,95533,1
96533,28874,23334,125407,119867,52208,0
30767,89779,70003,120546,100770,159782,1
85800,59698,71322,145498,157122,131020,1
23097,93153,81242,116250,104339,174395,1
72032,21689,94865,93721,166897,116554,0
94028,36610,79925,130638,173953,116535,1
39549,47047,88110,86596,127659,135157,0
363,38157,9120,38520,9483,47277,0
21369,62837,68893,84206,90262,131730,1
42955,88825,12552,131780,55507,101377,0
83557,48307,23159,131864,106716,71466,0
40833,25734,42568,66567,83401,68302,1
31771,42151,83955,73922,115726,126106,0
44811,54680,47066,99491,91877,101746,1
53045,80044,49005,133089,102050,129049,1
72989,60676,78935,133665,151924,139611,1
73911,23725,71041,97636,144952,94766,1
78683,83371,68545,162054,147228,151916,1
19449,12172,88697,31621,108146,100869,0
7552,27326,41949,34878,49501,69275,0
35623,20325,2550,55948,38173,22875,0
30070,92890,14649,122960,44719,107539,0
16553,1938,9912,18491,26465,11850,0
28746,76353,35343,105099,64089,111696,0
72887,98436,50080,171323,122967,148516,1
24727,74917,57340,99644,82067,132257,1
98233,35767,75838,134000,174071,111605,1
58617,48117,39144,106734,97761,87261,1
57161,92253,90557,149414,147718,182810,1
80008,51571,25766,131579,105774,77337,0
92546,49724,60349,142270,152895,110073,1
56097,38022,96468,94119,152565,134490,0
89394,50376,39497,139770,128891,89873,1
96742,74914,3018,171656,99760,77932,0
65075,29320,99336,94395,164411,128656,0
50034,54676,38967,104710,89001,93643,1
89338,68377,13341,157715,102679,81718,0
34693,31412,98694,66105,133387,130106,0
92730,30897,80292,123627,173022,111189,1
86578,70444,57615,157022,144193,128059,1
38500,74207,16173,112707,54673,90380,0
2076,54794,94207,56870,96283,149001,0
17603,36680,3871,54283,21474,40551,0
96307,23077,73773,119384,170080,96850,1
3352,93178,76956,96530,80308,170134,0
28021,74149,21187,102170,49208,95336,0
90211,54027,55431,144238,145642,109458,1
65644,54374,22860,120018,88504,77234,1
31568,77768,82091,109336,113659,159859,1
61521,14590,5327,76111,66848,19917,0
80402,48503,51436,128905,131838,99939,1
67723,54880,84136,122603,151859,139016,1
5415,81201,40384,86616,45799,121585,0
70120,30670,14269,100790,84389,44939,0
19152,57884,32206,77036,51358,90090,0
87958,11982,5063,99940,93021,17045,0
98351,13851,45150,112202,143501,59001,0
79981,7036,13986,87017,93967,21022,0
73510,89748,47613,163258,121123,137361,1
89372,92275,90116,181647,179488,182391,1
22755,34543,79608,57298,102363,114151,0
85315,39739,47500,125054,132815,87239,1
18595,84143,21906,102738,40501,106049,0
52635,3145,20219,55780,72854,23364,0
29919,79848,13585,109767,43504,93433,0
51675,50352,2490,102027,54165,52842,1
99172,73181,3189,172353,102361,76370,0
11586,85925,5950,97511,17536,91875,0
9126,56602,34597,65728,43723,91199,0
92314,68033,23955,160347,116269,91988,0
15267,8953,23071,24220,38338,32024,1
64809,76523,81988,141332,146797,158511,1
73735,28085,69117,101820,142852,97202,1
48936,23342,29693,72278,78629,53035,1
95682,9109,59394,104791,155076,68503,0
20326,12742,43865,33068,64191,56607,0
25312,14365,54452,39677,79764,68817,0
56216,20935,22853,77151,79069,43788,0
55827,38274,79103,94101,134930,117377,1
19937,22169,73514,42106,93451,95683,0
63548,82713,6059,146261,69607,88772,0
11441,10864,73334,22305,84775,84198,0
47923,62487,31420,110410,79343,93907,1
68894,15585,11407,84479,80301,26992,0
79522,61057,68293,140579,147815,129350,1
77343,1354,53765,78697,131108,55119,0
38486,68503,36401,106989,74887,104904,1
54348,59265,9938,113613,64286,69203,1
23073,36733,25920,59806,48993,62653,1
32892,61913,63948,94805,96840,125861,1
86534,42106,51445,128640,137979,93551,1
72004,73738,49599,145742,121603,123337,1
21669,9419,69931,31088,91600,79350,0
3811,59850,91741,63661,95552,151591,0
57572,9380,31383,66952,88955,40763,0
65221,85646,82526,150867,147747,168172,1
13786,34266,44361,48052,58147,78627,1
20412,63320,67782,83732,88194,131102,1
46476,41461,13875,87937,60351,55336,1
21080,51883,29278,72963,50358,81161,0
12371,99995,83998,112366,96369,183993,0
72194,55005,60736,127199,132930,115741,1
21013,62882,29605,83895,50618,92487,0
62877,5652,16105,68529,78982,21757,0
63831,63473,9542,127304,73373,73015,1
10489,92637,51596,103126,62085,144233,0
9189,12361,43325,21550,52514,55686,0
30399,112,52665,30511,83064,52777,0
90363,93614,64848,183977,155211,158462,1
9230,6454,7547,15684,16777,14001,1
98023,16258,11123,114281,109146,27381,0
20036,55349,88654,75385,108690,144003,0
40748,44248,5633,84996,46381,49881,1
25731,30730,78446,56461,104177,109176,0
99946,14896,22026,114842,121972,36922,0
8444,32780,73097,41224,81541,105877,0
27461,15982,27919,43443,55380,43901,1
78418,58885,36658,137303,115076,95543,1
29493,87882,63723,117375,93216,151605,1
29015,66020,19195,95035,48210,85215,0
59827,91038,97600,150865,157427,188638,1
81506,42051,50576,123557,132082,92627,1
38223,52899,58459,91122,96682,111358,1
24602,13358,7467,37960,32069,20825,0
25167,4408,26019,29575,51186,30427,1
78910,56654,45320,135564,124230,101974,1
88137,54606,56681,142743,144818,111287,1
62387,44073,27771,106460,90158,71844,1
58517,81491,34507,140008,93024,115998,1
23563,28370,25973,51933,49536,54343,1
18164,84637,99453,102801,117617,184090,1
21023,10106,86223,31129,107246,96329,0
12230,24895,18687,37125,30917,43582,1
12945,90590,94508,103535,107453,185098,1
68324,63954,98463,132278,166787,162417,1
1604,48260,94232,49864,95836,142492,0
73823,9391,63176,83214,136999,72567,0
60920,2010,44136,62930,105056,46146,0
57297,67647,49920,124944,107217,117567,1
72689,70587,94762,143276,167451,165349,1
40053,5266,56458,45319,96511,61724,0
68060,80915,68798,148975,136858,149713,1
1872,27726,97820,29598,99692,125546,0
52090,19345,65744,71435,117834,85089,1
84686,22393,60786,107079,145472,83179,0
48437,27306,70630,75743,119067,97936,1
46291,89199,9096,135490,55387,98295,0
55852,36690,28132,92542,83984,64822,1
17581,85153,32810,102734,50391,117963,0
26703,65440,57000,92143,83703,122440,1
32039,67476,73491,99515,105530,140967,1
21176,35738,4687,56914,25863,40425,0
29706,93278,54627,122984,84333,147905,0
82321,75916,68014,158237,150335,143930,1
58106,79861,3038,137967,61144,82899,0
64899,59521,59268,124420,124167,118789,1
26652,56886,43577,83538,70229,100463,1
73035,94866,79801,167901,152836,174667,1
88969,69081,64545,158050,153514,133626,1
82293,86814,78465,169107,160758,165279,1
13636,58780,78001,72416,91637,136781,0
33365,65661,51058,99026,84423,116719,1
97240,85868,95278,183108,192518,181146,1
6594,77453,28616,84047,35210,106069,0
61298,22722,4176,84020,65474,26898,0
58118,3971,63644,62089,121762,67615,0
91333,4108,73494,95441,164827,77602,0
11039,49921,79304,60960,90343,129225,0
28921,40781,27734,69702,56655,68515,1
40555,30458,75486,71013,116041,105944,0
94428,50935,91360,145363,185788,142295,1
14427,53321,43554,67748,57981,96875,1
94624,97382,9591,192006,104215,106973,1
38234,37385,36311,75619,74545,73696,1
73189,19788,81611,92977,154800,101399,1
53034,77144,9451,130178,62485,86595,0
48710,3196,37244,51906,85954,40440,0
82426,40110,75730,122536,158156,115840,1
69921,79981,86011,149902,155932,165992,1
411,85595,29609,86006,30020,115204,0
46600,44664,25444,91264,72044,70108,1
7901,4324,95668,12225,103569,99992,0
78456,18913,67750,97369,146206,86663,1
3638,18595,18897,22233,22535,37492,1
91860,24120,29732,115980,121592,53852,0
41997,16375,60611,58372,102608,76986,0
21866,34830,31794,56696,53660,66624,1
88792,93250,76824,182042,165616,170074,1
17616,77663,51905,95279,69521,129568,0
4727,97874,90294,102601,95021,188168,0
77337,47196,10082,124533,87419,57278,0
62943,74208,26904,137151,89847,101112,1
15798,98549,66724,114347,82522,165273,0
69125,15002,11952,84127,81077,26954,0
48457,12065,46106,60522,94563,58171,1
20620,110,39569,20730,60189,39679,0
62130,98657,59922,160787,122052,158579,1
70316,18990,49803,89306,120119,68793,0
18634,10906,33297,29540,51931,44203,0
63485,3966,74600,67451,138085,78566,0
51051,5772,82385,56823,133436,88157,0
91389,21579,86204,112968,177593,107783,1
8874,92623,28562,101497,37436,121185,0
42588,98471,51689,141059,94277,150160,0
82075,7754,58663,89829,140738,66417,0
30949,71224,74717,102173,105666,145941,1
26612,85904,52862,112516,79474,138766,0
10998,55778,24365,66776,35363,80143,0
48170,56732,40918,104902,89088,97650,1
79401,46332,25824,125733,105225,72156,0
20083,79103,54598,99186,74681,133701,0
3050,78260,7757,81310,10807,86017,0
12398,33403,41020,45801,53418,74423,1
95455,19163,37240,114618,132695,56403,0
32769,72806,2292,105575,35061,75098,0
23187,59264,91679,82451,114866,150943,0
49424,1644,78067,51068,127491,79711,0
24260,41436,13248,65696,37508,54684,0
2537,97841,35127,100378,37664,132968,0
29201,99369,62716,128570,91917,162085,0
81268,21771,44059,103039,125327,65830,0
38910,10465,54546,49375,93456,65011,0
74848,85650,96719,160498,171567,182369,1
98205,82135,65643,180340,163848,147778,1
91238,44502,51028,135740,142266,95530,1
91187,73322,55251,164509,146438,128573,1
57028,33280,67355,90308,124383,100635,1
73537,9480,89660,83017,163197,99140,0
65562,61577,4714,127139,70276,66291,1
8014,98169,40803,106183,48817,138972,0
34863,51016,86709,85879,121572,137725,0
46374,93817,71140,140191,117514,164957,1
7744,13916,50669,21660,58413,64585,0
14901,96810,98520,111711,113421,195330,1
47730,66810,54465,114540,102195,121275,1
29578,30309,55314,59887,84892,85623,1
40803,84839,3097,125642,43900,87936,0
2063,6568,36251,8631,38314,42819,0
11834,22701,53311,34535,65145,76012,0
73828,55384,39928,129212,113756,95312,1
9696,72837,39118,82533,48814,111955,0
48768,6126,78846,54894,127614,84972,0
31879,44272,83253,76151,115132,127525,0
2897,2127,97626,5024,100523,99753,0
71446,21065,44939,92511,116385,66004,0
75323,11172,5077,86495,80400,16249,0
89375,59146,57424,148521,146799,116570,1
58462,58802,82584,117264,141046,141386,1
55831,4778,26568,60609,82399,31346,0
8699,98814,2097,107513,10796,100911,0
22781,84567,26950,107348,49731,111517,0
12740,60862,39812,73602,52552,100674,0
70937,32,29323,70969,100260,29355,0
62438,31306,7001,93744,69439,38307,0
54314,34959,99543,89273,153857,134502,0
6948,64267,68776,71215,75724,133043,1
41988,30142,55606,72130,97594,85748,1
47066,93859,54574,140925,101640,148433,1
38235,41081,4029,79316,42264,45110,1
77190,4911,72489,82101,149679,77400,1
18581,54049,79723,72630,98304,133772,0
12935,19618,38042,32553,50977,57660,0
3841,48049,11112,51890,14953,59161,0
28735,27590,77194,56325,105929,104784,0
96991,66296,89050,163287,186041,155346,1
57823,27780,74317,85603,132140,102097,1
82430,87944,42458,170374,124888,130402,1
21267,1866,88796,23133,110063,90662,0
37595,55292,36351,92887,73946,91643,1
6705,23049,94367,29754,101072,117416,0
11333,33375,32423,44708,43756,65798,1
72620,4687,94425,77307,167045,99112,0
40813,29885,77997,70698,118810,107882,0
33703,82022,26773,115725,60476,108795,0
37883,57176,27941,95059,65824,85117,1
79426,38199,10255,117625,89681,48454,0
27261,43601,11991,70862,39252,55592,0
90285,33544,78406,123829,168691,111950,1
37917,54430,1963,92347,39880,56393,0
35681,12650,82544,48331,118225,95194,0
45785,848,26271,46633,72056,27119,0
20252,60325,80466,80577,100718,140791,1
76674,57480,86642,134154,163316,144122,1
36064,11380,28377,47444,64441,39757,1
12298,20815,4708,33113,17006,25523,0
9308,73241,19146,82549,28454,92387,0
91659,29391,28507,121050,120166,57898,0
56632,7742,38252,64374,94884,45994,0
54531,26108,99505,80639,154036,125613,0
47885,6654,74164,54539,122049,80818,0
48575,32400,78798,80975,127373,111198,1
30360,71336,18714,101696,49074,90050,0
80494,92162,66159,172656,146653,158321,1
2613,49249,96926,51862,99539,146175,0
65488,26346,37456,91834,102944,63802,0
13148,35318,33724,48466,46872,69042,1
48254,6024,14878,54278,63132,20902,0
9329,4005,80028,13334,89357,84033,0
173,7231,36313,7404,36486,43544,0
74404,63852,61957,138256,136361,125809,1
35982,61151,86440,97133,122422,147591,1
4051,7935,77261,11986,81312,85196,0
28116,49877,57373,77993,85489,107250,1
83897,54627,28254,138524,112151,82881,0
37231,89954,98180,127185,135411,188134,1
33420,5760,44643,39180,78063,50403,0
6403,74898,75173,81301,81576,150071,1
45576,47275,30758,92851,76334,78033,1
5095,99712,93993,104807,99088,193705,0
73204,74176,14263,147380,87467,88439,1
95115,13318,94125,108433,189240,107443,1
88944,1498,19625,90442,108569,21123,0
85515,54328,89977,139843,175492,144305,1
18097,97639,79436,115736,97533,177075,0
85922,95226,1687,181148,87609,96913,0
92007,64233,76551,156240,168558,140784,1
41151,48591,11428,89742,52579,60019,1
79823,10452,51694,90275,131517,62146,0
87236,61923,38509,149159,125745,100432,1
51789,55089,6649,106878,58438,61738,1
83771,66786,20751,150557,104522,87537,1
2286,85025,772,87311,3058,85797,0
10475,84796,44464,95271,54939,129260,0
38901,46481,56561,85382,95462,103042,1
58415,90458,83744,148873,142159,174202,1
10088,83371,81133,93459,91221,164504,1
43065,90604,61465,133669,104530,152069,1
4245,22428,16058,26673,20303,38486,0
60254,63171,94269,123425,154523,157440,1
81668,93589,25213,175257,106881,118802,1
75752,75189,46241,150941,121993,121430,1
85221,84956,6618,170177,91839,91574,1
46134,27,74530,46161,120664,74557,0
34056,24112,70086,58168,104142,94198,0
15560,46281,60004,61841,75564,106285,1
98401,44070,50944,142471,149345,95014,0
65955,33514,27468,99469,93423,60982,0
55357,77350,96666,132707,152023,174016,1
50981,6695,55258,57676,106239,61953,1
22016,91387,63112,113403,85128,154499,0
39745,75098,54411,114843,94156,129509,1
65740,28263,30786,94003,96526,59049,0
45877,44718,40704,90595,86581,85422,1
53982,56798,64633,110780,118615,121431,1
71728,6553,28829,78281,100557,35382,0
23843,78137,75182,101980,99025,153319,1
64496,63697,96599,128193,161095,160296,1
60640,84673,39820,145313,100460,124493,1
53033,89143,69881,142176,122914,159024,1
42378,51858,98143,94236,140521,150001,0
52181,15375,38696,67556,90877,54071,1
11423,31748,97180,43171,108603,128928,0
42668,2019,18583,44687,61251,20602,0
64713,57779,18164,122492,82877,75943,1
13368,58597,36056,71965,49424,94653,0
97406,45120,37706,142526,135112,82826,0
29955,54637,98684,84592,128639,153321,0
73447,91512,95997,164959,169444,187509,1
93904,51831,13844,145735,107748,65675,0
48766,36090,31689,84856,80455,67779,1
38600,53827,61383,92427,99983,115210,1
1278,62125,70998,63403,72276,133123,0
56154,27175,28864,83329,85018,56039,0
26067,22816,42177,48883,68244,64993,1
51633,98843,67048,150476,118681,165891,1
55205,6132,91118,61337,146323,97250,0
96939,22715,99015,119654,195954,121730,1
87632,6591,29452,94223,117084,36043,0
5003,87233,39592,92236,44595,126825,0
4595,15795,34751,20390,39346,50546,0
57669,53827,9605,111496,67274,63432,1
35631,70447,49475,106078,85106,119922,1
98842,74045,35078,172887,133920,109123,1
20200,79848,21135,100048,41335,100983,0
21048,29364,94090,50412,115138,123454,0
32904,75554,69253,108458,102157,144807,1
38394,25355,77977,63749,116371,103332,0
1911,80131,59670,82042,61581,139801,0
68912,25124,53744,94036,122656,78868,1
83016,52903,38289,135919,121305,91192,1
50951,28073,88006,79024,138957,116079,0
78652,20613,34406,99265,113058,55019,0
66339,5050,62077,71389,128416,67127,1
4942,60252,28146,65194,33088,88398,0
37222,94700,83506,131922,120728,178206,1
37304,85789,52878,123093,90182,138667,1
25789,23708,26212,49497,52001,49920,1
36052,83718,78722,119770,114774,162440,1
19511,66638,97420,86149,116931,164058,0
33582,52791,99914,86373,133496,152705,0
45137,52093,70492,97230,115629,122585,1
26116,77995,50938,104111,77054,128933,0
11969,49429,2539,61398,14508,51968,0
70817,1409,26927,72226,97744,28336,0
82527,25406,59596,107933,142123,85002,1
63674,65254,30711,128928,94385,95965,1
73161,48427,94147,121588,167308,142574,1
95100,23152,59140,118252,154240,82292,0
83881,9887,43176,93768,127057,53063,0
70453,36337,89265,106790,159718,125602,1
73355,97732,43410,171087,116765,141142,1
16489,10409,76192,26898,92681,86601,0
60286,56472,82061,116758,142347,138533,1
61570,85448,41510,147018,103080,126958,1
20312,40732,90175,61044,110487,130907,0
42083,95686,33359,137769,75442,129045,0
66708,49669,19656,116377,86364,69325,1
82327,22441,95215,104768,177542,117656,1
51197,79431,44581,130628,95778,124012,1
2369,54968,55011,57337,57380,109979,1
39821,67256,7605,107077,47426,74861,0
83908,32746,95212,116654,179120,127958,1
59728,60531,44805,120259,104533,105336,1
74845,46595,17313,121440,92158,63908,0
28736,6404,9425,35140,38161,15829,0
99467,2478,96244,101945,195711,98722,0
51720,58168,29379,109888,81099,87547,1
27262,144,93690,27406,120952,93834,0
17020,62554,48974,79574,65994,111528,1
55776,97648,87417,153424,143193,185065,1
39688,64113,29519,103801,69207,93632,1
7009,3286,64498,10295,71507,67784,0
12090,65417,69550,77507,81640,134967,1
46120,40624,69708,86744,115828,110332,1
79681,53143,74926,132824,154607,128069,1
97535,19144,4409,116679,101944,23553,0
63399,82126,93403,145525,156802,175529,1
35852,46775,54839,82627,90691,101614,1
33934,36563,45098,70497,79032,81661,1
10754,69707,57689,80461,68443,127396,0
73066,825,31911,73891,104977,32736,0
45033,40979,69572,86012,114605,110551,1
89006,3816,96379,92822,185385,100195,0
71149,55882,32122,127031,103271,88004,1
56894,5923,91475,62817,148369,97398,0
20024,21044,59933,41068,79957,80977,0
18030,31201,50491,49231,68521,81692,0
12678,37500,69266,50178,81944,106766,0
94443,22049,94190,116492,188633,116239,1
94540,94756,85574,189296,180114,180330,1
5055,60280,4934,65335,9989,65214,0
24768,85528,25072,110296,49840,110600,0
52233,73443,10344,125676,62577,83787,0
38041,55787,37950,93828,75991,93737,1
11859,28194,83466,40053,95325,111660,0
92493,46875,1062,139368,93555,47937,0
6110,84443,58727,90553,64837,143170,0
53080,16228,41743,69308,94823,57971,1
83918,39833,85451,123751,169369,125284,1
82776,5361,9922,88137,92698,15283,0
8532,12499,44612,21031,53144,57111,0
31484,9042,85469,40526,116953,94511,0
13726,61211,641,74937,14367,61852,0
15719,50676,65112,66395,80831,115788,1
22266,13299,64181,35565,86447,77480,0
62592,26200,2369,88792,64961,28569,0
54262,33564,86205,87826,140467,119769,1
82896,13037,74157,95933,157053,87194,1
96775,28716,18817,125491,115592,47533,0
1104,37510,49775,38614,50879,87285,0
51366,33126,73714,84492,125080,106840,1
98235,16112,97436,114347,195671,113548,1
9235,44935,56846,54170,66081,101781,0
85452,97359,70242,182811,155694,167601,1
59375,63418,41109,122793,100484,104527,1
1462,69390,20698,70852,22160,90088,0
24603,67469,68301,92072,92904,135770,1
7740,10717,61369,18457,69109,72086,0
62565,22750,88263,85315,150828,111013,0
22840,58787,58047,81627,80887,116834,1
57992,12879,11083,70871,69075,23962,0
94022,70395,2895,164417,96917,73290,0
27329,55735,50529,83064,77858,106264,1
29000,93644,59879,122644,88879,153523,0
63095,47689,17577,110784,80672,65266,1
83127,9253,69086,92380,152213,78339,0
54971,14141,28605,69112,83576,42746,0
67564,60684,27298,128248,94862,87982,1
64242,66518,33615,130760,97857,100133,1
14896,85222,98150,100118,113046,183372,1
5791,26071,24466,31862,30257,50537,1
46598,97651,77871,144249,124469,175522,1
25529,97541,71143,123070,96672,168684,0
86532,80756,45458,167288,131990,126214,1
87978,47043,24929,135021,112907,71972,0
31130,89564,87481,120694,118611,177045,1
98905,85648,39041,184553,137946,124689,1
95586,19339,5864,114925,101450,25203,0
31706,19381,48217,51087,79923,67598,1
74992,28747,90623,103739,165615,119370,1
92230,96467,4489,188697,96719,100956,1
38259,165,53051,38424,91310,53216,0
58044,5943,88889,63987,146933,94832,0
9403,90815,12952,100218,22355,103767,0
71977,36524,57395,108501,129372,93919,1
33325,18748,7557,52073,40882,26305,0
32644,71119,69976,103763,102620,141095,1
78047,73865,43810,151912,121857,117675,1
27927,59447,29362,87374,57289,88809,0
57043,79228,93537,136271,150580,172765,1
22888,63281,13135,86169,36023,76416,0
50624,15293,36314,65917,86938,51607,1
98673,83374,15115,182047,113788,98489,0
35410,13274,98519,48684,133929,111793,0
89641,88852,83995,178493,173636,172847,1
86795,37971,14862,124766,101657,52833,0
88548,12031,99162,100579,187710,111193,1
3686,12479,37586,16165,41272,50065,0
58748,96776,77053,155524,135801,173829,1
94021,17992,58120,112013,152141,76112,0
23684,40902,79596,64586,103280,120498,0
31779,95090,78773,126869,110552,173863,1
46723,34463,29077,81186,75800,63540,1
70140,22737,6325,92877,76465,29062,0
15239,37808,29662,53047,44901,67470,1
43084,15346,39889,58430,82973,55235,1
40805,87348,32867,128153,73672,120215,0
20097,95649,40436,115746,60533,136085,0
70688,48132,71025,118820,141713,119157,1
47426,62503,88772,109929,136198,151275,1
64455,85314,35767,149769,100222,121081,1
62821,18116,66303,80937,129124,84419,1
69035,47092,94981,116127,164016,142073,1
11097,82175,25465,93272,36562,107640,0
718,17206,67306,17924,68024,84512,0
18782,57746,75116,76528,93898,132862,1
41615,57714,84803,99329,126418,142517,1
50451,81523,20468,131974,70919,101991,0
373,93543,56023,93916,56396,149566,0
7519,26346,53861,33865,61380,80207,0
42822,73506,44034,116328,86856,117540,1
4305,45504,13852,49809,18157,59356,0
28213,81374,23411,109587,51624,104785,0
73127,38158,95815,111285,168942,133973,1
25690,57543,28971,83233,54661,86514,0
28195,63516,52727,91711,80922,116243,1
41127,92190,49271,133317,90398,141461,0
85831,77117,40864,162948,126695,117981,1
38558,4898,55739,43456,94297,60637,0
59986,937,89620,60923,149606,90557,0
67903,74084,21510,141987,89413,95594,1
9398,45814,2838,55212,12236,48652,0
72401,5619,9513,78020,81914,15132,0
80428,20254,54066,100682,134494,74320,0
97860,67055,36380,164915,134240,103435,1
17388,37588,291,54976,17679,37879,0
91919,47027,10666,138946,102585,57693,0
49521,47766,38744,97287,88265,86510,1
63303,43153,96618,106456,159921,139771,1
81181,12975,50984,94156,132165,63959,0
53724,30638,74840,84362,128564,105478,1
67430,20437,16241,87867,83671,36678,0
54159,11940,57011,66099,111170,68951,1
47437,30261,30428,77698,77865,60689,1
21526,56194,4975,77720,26501,61169,0
30197,68806,93360,99003,123557,162166,1
55490,40669,31213,96159,86703,71882,1
31019,81539,62515,112558,93534,144054,1
68939,67439,37908,136378,106847,105347,1
47058,91864,37334,138922,84392,129198,0
6250,90910,7741,97160,13991,98651,0
82283,48076,51722,130359,134005,99798,1
72619,7340,17165,79959,89784,24505,0
74504,76273,94943,150777,169447,171216,1
52705,80052,88410,132757,141115,168462,1
59082,52113,26357,111195,85439,78470,1
13299,317,30720,13616,44019,31037,0
95477,84077,40341,179554,135818,124418,1
15208,33727,95743,48935,110951,129470,0
15326,39919,4864,55245,20190,44783,0
27194,94651,64883,121845,92077,159534,0
19338,25463,77857,44801,97195,103320,0
37944,3729,7667,41673,45611,11396,0
36254,710,8119,36964,44373,8829,0
54774,26309,8941,81083,63715,35250,0
81164,18365,97414,99529,178578,115779,1
88856,93019,37213,181875,126069,130232,1
51843,63566,13010,115409,64853,76576,1
46947,1784,89662,48731,136609,91446,0
23184,13088,83866,36272,107050,96954,0
70121,58093,20662,128214,90783,78755,1
78736,86747,79329,165483,158065,166076,1
61591,81676,65438,143267,127029,147114,1
52889,56248,1828,109137,54717,58076,0
3226,93089,65926,96315,69152,159015,0
80360,84691,59986,165051,140346,144677,1
99436,81552,33811,180988,133247,115363,1
41470,42540,85400,84010,126870,127940,0
62975,88740,36965,151715,99940,125705,1
95338,97063,32514,192401,127852,129577,1
12283,32856,88388,45139,100671,121244,0
42735,11149,14576,53884,57311,25725,0
48099,84541,64013,132640,112112,148554,1
9610,5883,53019,15493,62629,58902,0
48982,49415,19976,98397,68958,69391,1
15824,53462,8768,69286,24592,62230,0
35715,45989,25814,81704,61529,71803,1
32726,93595,63302,126321,96028,156897,1
18537,45280,7645,63817,26182,52925,0
87937,90263,23890,178200,111827,114153,1
15978,84656,72479,100634,88457,157135,1
84709,27239,65878,111948,150587,93117,1
71814,26521,80121,98335,151935,106642,1
50842,69813,56407,120655,107249,126220,1
1117,31956,46434,33073,47551,78390,0
20890,97431,73183,118321,94073,170614,0
98801,37132,67904,135933,166705,105036,1
92201,22079,12699,114280,104900,34778,0
29882,33366,44488,63248,74370,77854,1
44128,26703,63027,70831,107155,89730,1
54124,56219,63622,110343,117746,119841,1
79177,17063,65677,96240,144854,82740,1
23084,18717,50954,41801,74038,69671,0
35811,37470,51769,73281,87580,89239,1
72302,49961,20415,122263,92717,70376,0
35841,61115,51653,96956,87494,112768,1
39695,64232,18587,103927,58282,82819,0
45210,20725,12408,65935,57618,33133,0
48998,74285,84072,123283,133070,158357,1
81463,83682,24197,165145,105660,107879,1
75067,41189,54635,116256,129702,95824,1
16132,22569,87081,38701,103213,109650,0
65584,26499,41588,92083,107172,68087,1
15151,72534,17709,87685,32860,90243,0
31636,26651,11029,58287,42665,37680,1
92928,74607,24742,167535,117670,99349,1
51160,10848,84668,62008,135828,95516,0
10522,22683,96843,33205,107365,119526,0
34604,19299,30533,53903,65137,49832,1
69890,87709,4750,157599,74640,92459,0
2979,72030,93637,75009,96616,165667,0
11773,17312,43680,29085,55453,60992,0
25275,36357,34005,61632,59280,70362,1
926,67152,50783,68078,51709,117935,0
54025,15102,39562,69127,93587,54664,1
87764,11064,22278,98828,110042,33342,0
33371,50264,90091,83635,123462,140355,0
98560,84428,80808,182988,179368,165236,1
38053,47086,23885,85139,61938,70971,1
21334,69530,57057,90864,78391,126587,1
77530,57801,75240,135331,152770,133041,1
39460,83909,33008,123369,72468,116917,0
48386,27927,88312,76313,136698,116239,0
18259,92865,40106,111124,58365,132971,0
69356,32743,81820,102099,151176,114563,1
55461,25293,33570,80754,89031,58863,1
8056,68712,61595,76768,69651,130307,1
96539,68310,22702,164849,119241,91012,0
8684,48037,70306,56721,78990,118343,0
7809,93933,94135,101742,101944,188068,1
56474,47197,35843,103671,92317,83040,1
3611,29456,55056,33067,58667,84512,0
55225,76842,51931,132067,107156,128773,1
80308,20134,56979,100442,137287,77113,0
7813,48012,96657,55825,104470,144669,0
55931,53104,518,109035,56449,53622,0
75182,1483,66151,76665,141333,67634,0
43697,64501,19200,108198,62897,83701,0
62474,2086,65422,64560,127896,67508,0
22435,54380,17543,76815,39978,71923,0
66951,75189,7820,142140,74771,83009,0
57801,37555,55274,95356,113075,92829,1
22400,27241,84091,49641,106491,111332,0
34224,72702,3828,106926,38052,76530,0
25438,2604,99750,28042,125188,102354,0
9545,295,90483,9840,100028,90778,0
88196,55718,6575,143914,94771,62293,0
19639,96279,96321,115918,115960,192600,1
5464,97137,77855,102601,83319,174992,0
90727,73489,54005,164216,144732,127494,1
28698,20282,76385,48980,105083,96667,0
8276,48194,98622,56470,106898,146816,0
33779,86636,41723,120415,75502,128359,0
95282,27427,15461,122709,110743,42888,0
81670,95920,82620,177590,164290,178540,1
70477,68225,99110,138702,169587,167335,1
15359,37819,16952,53178,32311,54771,0
57756,47331,72953,105087,130709,120284,1
24225,97572,21427,121797,45652,118999,0
1926,62268,52207,64194,54133,114475,0
12723,23765,47223,36488,59946,70988,0
85263,86389,18923,171652,104186,105312,1
66244,28073,84434,94317,150678,112507,1
43081,53817,19205,96898,62286,73022,1
68431,3631,81785,72062,150216,85416,0
60396,27466,81841,87862,142237,109307,1
34854,22774,96222,57628,131076,118996,0
22502,18485,62916,40987,85418,81401,0
28898,79890,18671,108788,47569,98561,0
54032,32838,46337,86870,100369,79175,1
35195,25142,11972,60337,47167,37114,1
1342,85557,88040,86899,89382,173597,0
64686,97527,89690,162213,154376,187217,1
51274,31044,90963,82318,142237,122007,0
1843,53333,52249,55176,54092,105582,1
89442,54715,27516,144157,116958,82231,0
27448,59620,97704,87068,125152,157324,0
90457,1185,50532,91642,140989,51717,0
73601,77165,5449,150766,79050,82614,1
31689,96778,50147,128467,81836,146925,0
19404,78828,39114,98232,58518,117942,0
94533,25315,75959,119848,170492,101274,1
69466,97046,48008,166512,117474,145054,1
68647,35824,79492,104471,148139,115316,1
94987,6771,97955,101758,192942,104726,1
71196,66357,30531,137553,101727,96888,1
54734,45619,99893,100353,154627,145512,1
83502,36265,89404,119767,172906,125669,1
65568,75169,81283,140737,146851,156452,1
89690,52261,16261,141951,105951,68522,0
75370,3513,10652,78883,86022,14165,0
59909,99548,19683,159457,79592,119231,0
33803,94620,71854,128423,105657,166474,1
77930,54914,85925,132844,163855,140839,1
7816,45060,72071,52876,79887,117131,0
44958,88634,49571,133592,94529,138205,1
79623,31016,2871,110639,82494,33887,0
52916,87496,12488,140412,65404,99984,0
43919,32512,62512,76431,106431,95024,1
6875,73076,44297,79951,51172,117373,0
93918,64180,78856,158098,172774,143036,1
74148,61055,37083,135203,111231,98138,1
52824,88962,49293,141786,102117,138255,1
7003,24804,22539,31807,29542,47343,1
18451,97924,1208,116375,19659,99132,0
42980,50762,82198,93742,125178,132960,1
99487,84353,90939,183840,190426,175292,1
87263,35826,10247,123089,97510,46073,0
89389,77832,32277,167221,121666,110109,1
89388,26521,27405,115909,116793,53926,0
14895,63534,44595,78429,59490,108129,0
43787,94498,56806,138285,100593,151304,1
35561,70839,12249,106400,47810,83088,0
73309,15797,83514,89106,156823,99311,1
4908,23520,23358,28428,28266,46878,1
39947,41636,58502,81583,98449,100138,1
11995,64395,83833,76390,95828,148228,0
56437,78054,1977,134491,58414,80031,0
68994,85176,42156,154170,111150,127332,1
66616,4857,95864,71473,162480,100721,0
46841,69111,79513,115952,126354,148624,1
67615,32491,25151,100106,92766,57642,0
46701,94057,2058,140758,48759,96115,0
40222,52269,96628,92491,136850,148897,0
79190,99456,23281,178646,102471,122737,1
74378,66473,86331,140851,160709,152804,1
54752,3944,81302,58696,136054,85246,0
21207,36464,56753,57671,77960,93217,1
77827,74022,57362,151849,135189,131384,1
90951,80168,52637,171119,143588,132805,1
38257,41145,16434,79402,54691,57579,1
14808,81389,77458,96197,92266,158847,1
85337,52909,9949,138246,95286,62858,0
43040,34351,17159,77391,60199,51510,1
3746,10922,13590,14668,17336,24512,1
59254,81322,42960,140576,102214,124282,1
91112,29250,92277,120362,183389,121527,1
65016,34475,40830,99491,105846,75305,1
95393,59862,3052,155255,98445,62914,0
74157,93191,68708,167348,142865,161899,1
61311,74767,61607,136078,122918,136374,1
88592,97771,34264,186363,122856,132035,1
47222,70106,50400,117328,97622,120506,1
17389,46584,5419,63973,22808,52003,0
16902,17996,42083,34898,58985,60079,0
97313,82156,14230,179469,111543,96386,0
73222,85617,34328,158839,107550,119945,1
89220,96020,98552,185240,187772,194572,1
30391,58902,25190,89293,55581,84092,0
1054,50397,49889,51451,50943,100286,1
19003,59009,26630,78012,45633,85639,0
90210,36389,20694,126599,110904,57083,0
49944,61857,14956,111801,64900,76813,1
62491,44881,28673,107372,91164,73554,1
89915,61269,37119,151184,127034,98388,1
78175,89123,50173,167298,128348,139296,1
92559,4968,1281,97527,93840,6249,0
93685,36047,9000,129732,102685,45047,0
28132,13662,4625,41794,32757,18287,0
46750,15061,47440,61811,94190,62501,1
92759,68399,73585,161158,166344,141984,1
88111,58313,25556,146424,113667,83869,0
23577,35016,23211,58593,46788,58227,1
5614,19847,79191,25461,84805,99038,0
98267,26502,13305,124769,111572,39807,0
56690,53106,72654,109796,129344,125760,1
58912,29835,87308,88747,146220,117143,1
94149,25680,57556,119829,151705,83236,0
51535,53931,77155,105466,128690,131086,1
88514,98384,24579,186898,113093,122963,1
67027,54512,83351,121539,150378,137863,1
44900,51626,43142,96526,88042,94768,1
38613,12094,15747,50707,54360,27841,0
14647,18250,29660,32897,44307,47910,1
29813,17259,18812,47072,48625,36071,1
95838,27242,9274,123080,105112,36516,0
92821,42410,2936,135231,95757,45346,0
48248,40015,77302,88263,125550,117317,1
54230,5844,21257,60074,75487,27101,0
33385,76855,33427,110240,66812,110282,0
78904,95261,85871,174165,164775,181132,1
64994,73019,54972,138013,119966,127991,1
5985,72519,7560,78504,13545,80079,0
52264,12358,75505,64622,127769,87863,0
55992,82544,90263,138536,146255,172807,1
45067,81104,38193,126171,83260,119297,1
35219,32493,12788,67712,48007,45281,1
6941,84899,96563,91840,103504,181462,0
37509,25947,14719,63456,52228,40666,1
68388,83151,46828,151539,115216,129979,1
48808,3209,32443,52017,81251,35652,0
98594,32735,82669,131329,181263,115404,1
82611,86610,24027,169221,106638,110637,1
40692,5860,19641,46552,60333,25501,0
16657,97273,86824,113930,103481,184097,1
80564,50646,46949,131210,127513,97595,1
1149,75530,62308,76679,63457,137838,0
32710,99840,28152,132550,60862,127992,0
51918,2399,98862,54317,150780,101261,0
59083,34155,27924,93238,87007,62079,1
49162,31695,83955,80857,133117,115650,0
67814,70672,94102,138486,161916,164774,1
39191,90694,57375,129885,96566,148069,1
63788,86950,1990,150738,65778,88940,0
68502,47686,14306,116188,82808,61992,0
19993,37819,51158,57812,71151,88977,1
84017,69506,52552,153523,136569,122058,1
67186,55468,39046,122654,106232,94514,1
72300,39085,34077,111385,106377,73162,1
14545,24480,22424,39025,36969,46904,1
68815,55854,84832,124669,153647,140686,1
82311,9216,96884,91527,179195,106100,0
50378,88536,8384,138914,58762,96920,0
99358,68592,33233,167950,132591,101825,1
47332,2828,6030,50160,53362,8858,0
63486,9665,96650,73151,160136,106315,0
94801,80886,1573,175687,96374,82459,0
87565,34154,52710,121719,140275,86864,0
75303,3399,33039,78702,108342,36438,0
48968,70802,56709,119770,105677,127511,1
57830,59264,76550,117094,134380,135814,1
79623,43182,63217,122805,142840,106399,1
982,42,89521,1024,90503,89563,0
54848,426,14883,55274,69731,15309,0
74667,29169,58305,103836,132972,87474,1
57147,31932,13774,89079,70921,45706,0
84603,8110,44653,92713,129256,52763,0
36887,44218,62977,81105,99864,107195,1
78932,20958,69480,99890,148412,90438,1
20991,37045,36232,58036,57223,73277,1
34205,65704,33223,99909,67428,98927,1
90175,29582,32411,119757,122586,61993,0
30977,30515,97573,61492,128550,128088,0
72220,24307,20797,96527,93017,45104,0
80185,13951,66491,94136,146676,80442,1
18860,79439,18763,98299,37623,98202,0
44945,76273,27073,121218,72018,103346,0
56154,86921,42750,143075,98904,129671,1
65913,22122,27672,88035,93585,49794,0
78546,75042,3559,153588,82105,78601,1
72530,85142,11761,157672,84291,96903,0
2530,52446,76688,54976,79218,129134,0
90779,91909,52403,182688,143182,144312,1
73931,18495,44261,92426,118192,62756,0
63547,35248,1833,98795,65380,37081,0
92204,99877,45451,192081,137655,145328,1
86524,23399,66821,109923,153345,90220,1
32165,53532,52512,85697,84677,106044,1
29741,29330,91890,59071,121631,121220,0
23793,54230,55632,78023,79425,109862,1
98341,31807,72000,130148,170341,103807,1
95477,1806,42261,97283,137738,44067,0
16052,5292,394,21344,16446,5686,0
51105,15220,22628,66325,73733,37848,0
88919,58610,90211,147529,179130,148821,1
78093,30852,554,108945,78647,31406,0
82472,92805,61260,175277,143732,154065,1
12587,2430,7677,15017,20264,10107,0
27724,15556,17618,43280,45342,33174,1
33129,87611,46153,120740,79282,133764,0
80535,31200,60500,111735,141035,91700,1
30123,93162,50921,123285,81044,144083,0
55789,51742,66834,107531,122623,118576,1
8383,59979,15535,68362,23918,75514,0
93095,37469,44957,130564,138052,82426,0
54276,65648,90775,119924,145051,156423,1
81362,59408,46306,140770,127668,105714,1
47734,15532,60497,63266,108231,76029,1
45420,30325,56389,75745,101809,86714,1
81655,12002,38880,93657,120535,50882,0
22969,86912,24465,109881,47434,111377,0
1989,84190,64160,86179,66149,148350,0
35306,46956,730,82262,36036,47686,0
44924,79287,34845,124211,79769,114132,1
16145,92857,29221,109002,45366,122078,0
91233,79736,45853,170969,137086,125589,1
6670,31648,64434,38318,71104,96082,0
98307,3199,97879,101506,196186,101078,1
82394,79313,90304,161707,172698,169617,1
4302,59106,52056,63408,56358,111162,0
61988,68219,11475,130207,73463,79694,1
18452,5833,54280,24285,72732,60113,0
96571,87272,71422,183843,167993,158694,1
16929,65243,99754,82172,116683,164997,0
92297,50787,65350,143084,157647,116137,1
56291,28955,79551,85246,135842,108506,1
90124,857,44366,90981,134490,45223,0
12424,94178,2043,106602,14467,96221,0
47592,31561,66607,79153,114199,98168,1
29074,59516,60378,88590,89452,119894,1
15061,63840,36618,78901,51679,100458,0
45775,98349,14402,144124,60177,112751,0
36068,28708,56296,64776,92364,85004,1
49115,19365,54592,68480,103707,73957,1
36472,22269,77046,58741,113518,99315,0
13111,34345,26484,47456,39595,60829,1
63211,83240,634,146451,63845,83874,0
11524,65609,12683,77133,24207,78292,0
67837,64550,17657,132387,85494,82207,1
26591,22501,97904,49092,124495,120405,0
48301,64167,66160,112468,114461,130327,1
76732,76787,54980,153519,131712,131767,1
19948,51344,88287,71292,108235,139631,0
79408,99763,27852,179171,107260,127615,1
42235,83122,78611,125357,120846,161733,1
23120,84825,24951,107945,48071,109776,0
40474,55453,58235,95927,98709,113688,1
251,52488,30495,52739,30746,82983,0
9533,79269,59595,88802,69128,138864,0
99011,49633,44652,148644,143663,94285,0
10724,85967,61173,96691,71897,147140,0
62352,50961,57708,113313,120060,108669,1
54583,31848,39514,86431,94097,71362,1
70886,69141,18369,140027,89255,87510,1
83478,41237,60409,124715,143887,101646,1
28072,27383,41082,55455,69154,68465,1
80094,18176,897,98270,80991,19073,0
15628,97239,65458,112867,81086,162697,0
46866,36742,97104,83608,143970,133846,0
50490,86649,93456,137139,143946,180105,1
26910,85546,11874,112456,38784,97420,0
20394,48926,18503,69320,38897,67429,0
5386,64973,5439,70359,10825,70412,0
96865,50317,44071,147182,140936,94388,0
45532,13355,66315,58887,111847,79670,0
18838,40672,75725,59510,94563,116397,0
54047,88577,21840,142624,75887,110417,0
50097,72917,20645,123014,70742,93562,0
72717,50552,97747,123269,170464,148299,1
32923,36300,43918,69223,76841,80218,1
29531,37956,42529,67487,72060,80485,1
81584,87316,82888,168900,164472,170204,1
4476,25092,83497,29568,87973,108589,0
16220,9260,13066,25480,29286,22326,1
58587,46312,62320,104899,120907,108632,1
6966,72223,3400,79189,10366,75623,0
54025,8545,27887,62570,81912,36432,0
44580,91135,86879,135715,131459,178014,1
71553,4974,6130,76527,77683,11104,0
27685,53465,54498,81150,82183,107963,1
32863,45806,90831,78669,123694,136637,0
82264,36045,91126,118309,173390,127171,1
28678,46347,65532,75025,94210,111879,1
32777,88869,4217,121646,36994,93086,0
91742,81861,39329,173603,131071,121190,1
51673,34699,93038,86372,144711,127737,0
82237,31998,2014,114235,84251,34012,0
5590,18797,72727,24387,78317,91524,0
54748,11385,99370,66133,154118,110755,0
50911,13953,80502,64864,131413,94455,0
26006,84347,72615,110353,98621,156962,1
60952,32575,23677,93527,84629,56252,0
42870,22200,16926,65070,59796,39126,0
75622,79576,98715,155198,174337,178291,1
97973,63732,55782,161705,153755,119514,1
59963,34314,16965,94277,76928,51279,0
47163,12841,58798,60004,105961,71639,1
10216,45664,82291,55880,92507,127955,0
46581,28326,76970,74907,123551,105296,0
58971,96809,84974,155780,143945,181783,1
2848,74879,28329,77727,31177,103208,0
19240,97374,15062,116614,34302,112436,0
26584,21536,58087,48120,84671,79623,0
98383,75484,18256,173867,116639,93740,0
54117,7497,55911,61614,110028,63408,1
97161,64286,31528,161447,128689,95814,0
10448,44666,90508,55114,100956,135174,0
9135,91704,53422,100839,62557,145126,0
59576,423,14131,59999,73707,14554,0
56654,6442,51726,63096,108380,58168,1
68616,56788,36619,125404,105235,93407,1
52321,92835,79947,145156,132268,172782,1
80026,55448,29043,135474,109069,84491,1
17037,85212,49251,102249,66288,134463,0
42678,82847,96711,125525,139389,179558,1
13498,4606,21268,18104,34766,25874,0
48321,32831,71987,81152,120308,104818,1
69977,46964,93255,116941,163232,140219,1
91381,20361,14920,111742,106301,35281,0
377,79794,11247,80171,11624,91041,0
79802,1580,56053,81382,135855,57633,0
63260,25076,92906,88336,156166,117982,0
9803,77838,3041,87641,12844,80879,0
75381,42436,58792,117817,134173,101228,1
24108,799,42950,24907,67058,43749,0
57790,99794,8207,157584,65997,108001,0
36559,23537,97716,60096,134275,121253,0
33489,37583,4116,71072,37605,41699,1
26341,60403,12910,86744,39251,73313,0
18394,70287,40306,88681,58700,110593,0
98161,95476,47744,193637,145905,143220,1
29325,30063,94905,59388,124230,124968,0
66355,91458,37308,157813,103663,128766,1
14216,88810,51066,103026,65282,139876,0
75460,42643,72853,118103,148313,115496,1
29723,74214,51351,103937,81074,125565,1
71094,93282,83820,164376,154914,177102,1
69465,72333,33905,141798,103370,106238,1
48396,6372,30948,54768,79344,37320,0
38827,30765,40631,69592,79458,71396,1
51843,16217,56543,68060,108386,72760,1
44457,19403,84986,63860,129443,104389,0
23473,45070,87399,68543,110872,132469,0
58838,82795,16866,141633,75704,99661,0
23999,38352,20577,62351,44576,58929,1
13210,7048,10993,20258,24203,18041,1
85007,77061,74235,162068,159242,151296,1
48959,49655,6568,98614,55527,56223,1
52622,12311,86075,64933,138697,98386,0
76233,68475,22674,144708,98907,91149,1
22982,88146,36398,111128,59380,124544,0
32742,30916,84400,63658,117142,115316,0
76688,28004,3574,104692,80262,31578,0
3627,69720,70009,73347,73636,139729,1
82248,87731,32969,169979,115217,120700,1
58660,38130,64947,96790,123607,103077,1
24524,16892,44858,41416,69382,61750,0
37200,48396,89930,85596,127130,138326,0
4161,66691,11010,70852,15171,77701,0
39750,83601,31915,123351,71665,115516,0
88979,77576,89572,166555,178551,167148,1
33359,81907,3811,115266,37170,85718,0
67395,39360,787,106755,68182,40147,0
86847,85837,6668,172684,93515,92505,1
45264,52298,82449,97562,127713,134747,1
63118,65064,97905,128182,161023,162969,1
62827,31355,30631,94182,93458,61986,0
63974,15149,95832,79123,159806,110981,0
43867,22404,8676,66271,52543,31080,0
67446,39932,39357,107378,106803,79289,1
43865,71622,92962,115487,136827,164584,1
27143,19678,24274,46821,51417,43952,1
61320,88010,64205,149330,125525,152215,1
54774,41261,12182,96035,66956,53443,0
17067,35093,92034,52160,109101,127127,0
52181,69535,55349,121716,107530,124884,1
91586,99097,30513,190683,122099,129610,1
86302,24999,96597,111301,182899,121596,1
46517,98942,81132,145459,127649,180074,1
76416,42686,60081,119102,136497,102767,1
27933,41883,64989,69816,92922,106872,1
81468,98566,88913,180034,170381,187479,1
83879,68526,58611,152405,142490,127137,1
77724,30740,49663,108464,127387,80403,1
30743,74951,82448,105694,113191,157399,1
17072,54485,79309,71557,96381,133794,0
61774,96118,76805,157892,138579,172923,1
16557,92519,40904,109076,57461,133423,0
56286,76842,71587,133128,127873,148429,1
76697,78241,58101,154938,134798,136342,1
26353,28024,73356,54377,99709,101380,0
37968,32840,4738,70808,42706,37578,0
42107,63569,11120,105676,53227,74689,0
6237,12110,4305,18347,10542,16415,0
26500,85675,69213,112175,95713,154888,1
67982,98629,12729,166611,80711,111358,0
93602,68644,58159,162246,151761,126803,1
50136,32548,51328,82684,101464,83876,1
33070,77018,38289,110088,71359,115307,0
79847,24087,40862,103934,120709,64949,0
28074,49253,94627,77327,122701,143880,0
3726,7251,95578,10977,99304,102829,0
85847,74934,63690,160781,149537,138624,1
65006,13220,39325,78226,104331,52545,0
17975,80028,66499,98003,84474,146527,1
13416,17611,5103,31027,18519,22714,1
53240,75927,92257,129167,145497,168184,1
78891,5427,77970,84318,156861,83397,1
43473,75210,53933,118683,97406,129143,1
79380,31919,28593,111299,107973,60512,0
28680,40311,18860,68991,47540,59171,1
96985,30699,83592,127684,180577,114291,1
6909,86888,53992,93797,60901,140880,0
55075,61076,94808,116151,149883,155884,1
74354,83927,7716,158281,82070,91643,0
37590,84449,71953,122039,109543,156402,1
32277,82890,74347,115167,106624,157237,1
9454,68235,21514,77689,30968,89749,0
39852,51692,65605,91544,105457,117297,1
35921,48224,59867,84145,95788,108091,1
87661,52209,3000,139870,90661,55209,0
76141,89654,93022,165795,169163,182676,1
16059,57466,10506,73525,26565,67972,0
38967,10529,21512,49496,60479,32041,0
95990,27781,32577,123771,128567,60358,0
12612,79223,34312,91835,46924,113535,0
55380,35807,85842,91187,141222,121649,1
9733,8305,66534,18038,76267,74839,0
40094,98008,43356,138102,83450,141364,0
7093,88267,67742,95360,74835,156009,0
38263,16035,32477,54298,70740,48512,1
91514,78298,24535,169812,116049,102833,1
84382,95394,54417,179776,138799,149811,1
8744,78015,95206,86759,103950,173221,0
78697,57076,15810,135773,94507,72886,0
93713,96877,14047,190590,107760,110924,1
82101,22719,21916,104820,104017,44635,0
81047,9623,61899,90670,142946,71522,0
57308,93964,43997,151272,101305,137961,1
78356,31424,16540,109780,94896,47964,0
8438,98929,98802,107367,107240,197731,1
92691,92053,86329,184744,179020,178382,1
13246,53102,5017,66348,18263,58119,0
13333,69682,99510,83015,112843,169192,0
21476,46420,81008,67896,102484,127428,0
26399,47556,37747,73955,64146,85303,1
35490,95069,1096,130559,36586,96165,0
33992,95090,7012,129082,41004,102102,0
81917,17474,27480,99391,109397,44954,0
65422,21130,36713,86552,102135,57843,0
84873,62955,75456,147828,160329,138411,1
41021,65679,40948,106700,81969,106627,1
33473,34697,24107,68170,57580,58804,1
1015,56879,3105,57894,4120,59984,0
75971,30787,88630,106758,164601,119417,1
53257,64271,60452,117528,113709,124723,1
90989,4518,45632,95507,136621,50150,0
29585,821,63964,30406,93549,64785,0
32716,52167,95954,84883,128670,148121,0
32195,9058,12438,41253,44633,21496,0
58570,1867,35201,60437,93771,37068,0
74993,8583,86690,83576,161683,95273,0
17704,67927,11484,85631,29188,79411,0
14739,44163,90809,58902,105548,134972,0
96394,18764,16578,115158,112972,35342,0
23411,84041,95374,107452,118785,179415,1
76180,87744,14266,163924,90446,102010,1
31603,73122,83282,104725,114885,156404,1
912,12929,2151,13841,3063,15080,0
79528,63569,79727,143097,159255,143296,1
66805,29486,70662,96291,137467,100148,1
20132,62568,42122,82700,62254,104690,0
31072,1637,82640,32709,113712,84277,0
59404,40394,82103,99798,141507,122497,1
14487,82526,89441,97013,103928,171967,1
12448,24474,10420,36922,22868,34894,0
13134,65963,29089,79097,42223,95052,0
26026,36851,59419,62877,85445,96270,1
65074,3144,55439,68218,120513,58583,0
43314,82120,48436,125434,91750,130556,1
55909,46435,1207,102344,57116,47642,0
54898,20401,43846,75299,98744,64247,1
80526,20313,61944,100839,142470,82257,1
614,84256,92300,84870,92914,176556,0
68265,13351,64007,81616,132272,77358,1
38784,42035,31799,80819,70583,73834,1
60578,36246,83607,96824,144185,119853,1
28424,50384,40171,78808,68595,90555,1
59382,75729,11972,135111,71354,87701,0
12991,43411,59942,56402,72933,103353,0
81719,48120,61964,129839,143683,110084,1
21502,12230,94361,33732,115863,106591,0
84495,20551,47630,105046,132125,68181,0
4145,33236,3668,37381,7813,36904,0
94343,74140,23359,168483,117702,97499,1
74974,6889,32327,81863,107301,39216,0
76282,51066,44362,127348,120644,95428,1
26693,72271,65832,98964,92525,138103,1
12456,30089,58957,42545,71413,89046,0
31631,31337,64276,62968,95907,95613,0
88405,41195,10276,129600,98681,51471,0
68107,57529,60504,125636,128611,118033,1
65199,38599,91413,103798,156612,130012,1
78036,2540,71779,80576,149815,74319,0
4551,98821,16571,103372,21122,115392,0
6128,95034,43973,101162,50101,139007,0
85204,43910,58381,129114,143585,102291,1
58000,45239,6414,103239,64414,51653,0
85933,69923,33169,155856,119102,103092,1
73988,90609,75363,164597,149351,165972,1
4336,11063,6445,15399,10781,17508,0
8390,49063,78030,57453,86420,127093,0
36475,450,20404,36925,56879,20854,0
14492,95272,3403,109764,17895,98675,0
72666,21989,46641,94655,119307,68630,0
14014,30576,61476,44590,75490,92052,0
17437,97539,63385,114976,80822,160924,0
7094,20611,29856,27705,36950,50467,0
29267,48964,80476,78231,109743,129440,0
54832,51828,89413,106660,144245,141241,1
30240,92986,44977,123226,75217,137963,0
76615,99650,39376,176265,115991,139026,1
84751,77810,95635,162561,180386,173445,1
95253,99281,1544,194534,96797,100825,0
1099,366,10685,1465,11784,11051,0
45337,48336,51967,93673,97304,100303,1
15104,64813,89025,79917,104129,153838,0
27170,12720,46388,39890,73558,59108,0
95280,31462,22580,126742,117860,54042,0
46532,42545,24761,89077,71293,67306,1
60254,30528,71362,90782,131616,101890,1
19212,44906,58577,64118,77789,103483,1
15293,38513,29430,53806,44723,67943,1
72235,89725,35865,161960,108100,125590,1
41287,36803,15121,78090,56408,51924,1
80781,46568,82663,127349,163444,129231,1
76080,68608,85135,144688,161215,153743,1
80967,74408,87669,155375,168636,162077,1
16970,27346,32507,44316,49477,59853,1
68407,96057,32307,164464,100714,128364,1
50261,59942,3589,110203,53850,63531,0
43276,96893,54587,140169,97863,151480,1
39726,55208,52373,94934,92099,107581,1
21064,42036,96737,63100,117801,138773,0
79308,40174,1827,119482,81135,42001,0
43408,95590,33826,138998,77234,129416,0
89317,83347,21475,172664,110792,104822,1
68667,99991,32015,168658,100682,132006,1
29769,56613,11090,86382,40859,67703,0
87007,16226,68185,103233,155192,84411,0
87721,4666,82251,92387,169972,86917,0
52385,29344,73832,81729,126217,103176,1
4774,56763,8849,61537,13623,65612,0
69967,41079,48767,111046,118734,89846,1
12105,66918,55616,79023,67721,122534,1
45167,70073,85882,115240,131049,155955,1
32201,39909,34489,72110,66690,74398,1
15932,57711,33590,73643,49522,91301,0
22772,126,95294,22898,118066,95420,0
61438,37754,68397,99192,129835,106151,1
60919,26430,8566,87349,69485,34996,0
13521,85475,84330,98996,97851,169805,1
80095,46421,81388,126516,161483,127809,1
39689,71233,64142,110922,103831,135375,1
18761,87654,5701,106415,24462,93355,0
51667,20705,66883,72372,118550,87588,1
33553,54019,53457,87572,87010,107476,1
67696,83802,66034,151498,133730,149836,1
46826,98176,57713,145002,104539,155889,1
28676,18139,39348,46815,68024,57487,1
13663,78124,84685,91787,98348,162809,1
73149,55844,85999,128993,159148,141843,1
7146,3488,72025,10634,79171,75513,0
26707,45207,91137,71914,117844,136344,0
26670,7544,12330,34214,39000,19874,0
67472,32097,90387,99569,157859,122484,1
24567,67781,38559,92348,63126,106340,0
94478,25614,2420,120092,96898,28034,0
4167,99350,86009,103517,90176,185359,0
58869,86244,67627,145113,126496,153871,1
76197,30883,30700,107080,106897,61583,0
35777,61558,24504,97335,60281,86062,0
95353,54772,28593,150125,123946,83365,0
4585,62171,10189,66756,14774,72360,0
90108,20766,42356,110874,132464,63122,0
25965,67424,66902,93389,92867,134326,1
58956,52354,19336,111310,78292,71690,1
47956,49085,21024,97041,68980,70109,1
82732,57132,43006,139864,125738,100138,1
6242,26929,46035,33171,52277,72964,0
3043,4148,41920,7191,44963,46068,0
38731,91513,81176,130244,119907,172689,1
2825,47924,93129,50749,95954,141053,0
34125,91350,86592,125475,120717,177942,1
36717,10818,45215,47535,81932,56033,1
94985,21368,30464,116353,125449,51832,0
55295,56437,72676,111732,127971,129113,1
43591,43190,57696,86781,101287,100886,1
54492,31294,52336,85786,106828,83630,1
91463,47719,1042,139182,92505,48761,0
43999,55649,28739,99648,72738,84388,1
15704,80919,27964,96623,43668,108883,0
27337,51460,10964,78797,38301,62424,0
14056,57728,38055,71784,52111,95783,0
8398,30840,533,39238,8931,31373,0
67633,68960,71524,136593,139157,140484,1
67289,15968,93787,83257,161076,109755,0
13402,52377,45440,65779,58842,97817,1
99186,40255,71286,139441,170472,111541,1
1359,35613,85660,36972,87019,121273,0
19724,69060,6645,88784,26369,75705,0
16157,53398,70284,69555,86441,123682,0
56891,24900,40624,81791,97515,65524,1
8673,77475,22340,86148,31013,99815,0
33836,68889,28699,102725,62535,97588,0
31370,41374,36838,72744,68208,78212,1
22299,6490,88803,28789,111102,95293,0
51826,16359,26549,68185,78375,42908,0
51039,61408,61027,112447,112066,122435,1
95175,79114,59028,174289,154203,138142,1
39227,65757,26558,104984,65785,92315,1
33749,13124,47175,46873,80924,60299,0
60630,72065,53783,132695,114413,125848,1
64786,1643,73002,66429,137788,74645,0
19669,38501,6646,58170,26315,45147,0
8348,9194,30584,17542,38932,39778,0
76394,91507,90498,167901,166892,182005,1
68444,68590,25223,137034,93667,93813,1
8798,46526,51100,55324,59898,97626,1
7716,26980,90725,34696,98441,117705,0
43880,24807,33473,68687,77353,58280,1
48637,6549,55963,55186,104600,62512,0
45822,76940,92389,122762,138211,169329,1
87823,82738,28512,170561,116335,111250,1
4696,13639,65679,18335,70375,79318,0
61663,63320,9905,124983,71568,73225,1
74952,13461,18563,88413,93515,32024,0
3652,36302,25448,39954,29100,61750,0
67443,4962,88350,72405,155793,93312,0
96362,80794,92300,177156,188662,173094,1
61278,69464,64868,130742,126146,134332,1
51422,5322,84974,56744,136396,90296,0
36296,58910,39028,95206,75324,97938,1
39451,53433,71348,92884,110799,124781,1
34382,80083,88728,114465,123110,168811,1
64157,9220,47087,73377,111244,56307,0
22484,91471,77085,113955,99569,168556,1
87182,94008,40151,181190,127333,134159,1
12637,28773,90081,41410,102718,118854,0
80484,57626,24229,138110,104713,81855,1
98058,6566,1559,104624,99617,8125,0
4916,10184,54873,15100,59789,65057,0
94240,37191,64389,131431,158629,101580,1
11273,78597,85258,89870,96531,163855,1
14154,96966,44549,111120,58703,141515,0
21758,71432,79485,93190,101243,150917,1
49641,16571,55734,66212,105375,72305,1
85650,84416,2639,170066,88289,87055,1
39796,21553,45054,61349,84850,66607,1
10007,93184,45058,103191,55065,138242,0
52085,78330,23630,130415,75715,101960,0
5414,74429,77048,79843,82462,151477,1
63054,86229,82793,149283,145847,169022,1
82201,43186,56591,125387,138792,99777,1
31122,10071,80809,41193,111931,90880,0
60356,75238,88617,135594,148973,163855,1
64965,41305,70624,106270,135589,111929,1
78076,4824,76001,82900,154077,80825,1
38605,26412,13936,65017,52541,40348,1
86550,40234,24402,126784,110952,64636,0
48983,96262,82768,145245,131751,179030,1
32181,35465,21706,67646,53887,57171,1
70872,46187,97596,117059,168468,143783,1
14326,77675,23531,92001,37857,101206,0
68136,81444,62852,149580,130988,144296,1
19709,77941,98941,97650,118650,176882,0
92731,85594,62266,178325,154997,147860,1
70366,59488,87113,129854,157479,146601,1
63491,37238,5091,100729,68582,42329,0
59151,96697,4606,155848,63757,101303,0
66944,14045,32819,80989,99763,46864,0
11223,67765,98194,78988,109417,165959,0
36298,14791,53959,51089,90257,68750,0
18434,1690,89399,20124,107833,91089,0
31225,96033,87577,127258,118802,183610,1
49007,24323,57969,73330,106976,82292,1
981,34695,87407,35676,88388,122102,0
54633,18558,80004,73191,134637,98562,0
81709,67701,9725,149410,91434,77426,0
18002,3046,95595,21048,113597,98641,0
14316,99790,45186,114106,59502,144976,0
70474,49216,16507,119690,86981,65723,0
80255,58936,33577,139191,113832,92513,1
24782,85898,86553,110680,111335,172451,1
78915,49393,81060,128308,159975,130453,1
32364,89210,95632,121574,127996,184842,1
43653,93952,8945,137605,52598,102897,0
75947,13398,73467,89345,149414,86865,1
19843,94809,37509,114652,57352,132318,0
28946,38672,93989,67618,122935,132661,0
85628,90574,36175,176202,121803,126749,1
82726,9827,85855,92553,168581,95682,1
20372,67,45054,20439,65426,45121,0
29891,41854,82678,71745,112569,124532,0
70931,34054,61420,104985,132351,95474,1
47330,98530,78184,145860,125514,176714,1
76923,27789,24619,104712,101542,52408,0
37021,51955,83836,88976,120857,135791,1
85367,31254,28576,116621,113943,59830,0
2361,99278,29446,101639,31807,128724,0
27394,36002,50223,63396,77617,86225,1
83216,56212,2261,139428,85477,58473,0
87885,62282,71231,150167,159116,133513,1
51769,49879,9579,101648,61348,59458,1
98487,15151,57359,113638,155846,72510,0
70985,25834,14347,96819,85332,40181,0
20505,93873,52728,114378,73233,146601,0
89296,88842,86462,178138,175758,175304,1
72462,32223,1235,104685,73697,33458,0
44522,99304,31574,143826,76096,130878,0
63463,94885,69481,158348,132944,164366,1
46772,55761,31674,102533,78446,87435,1
79810,48035,4825,127845,84635,52860,0
33072,86050,92643,119122,125715,178693,1
54511,63406,50687,117917,105198,114093,1
70249,36015,78278,106264,148527,114293,1
44389,71840,32293,116229,76682,104133,1
89616,49648,47907,139264,137523,97555,1
77203,86695,81390,163898,158593,168085,1
9864,33196,58637,43060,68501,91833,0
22574,89640,75409,112214,97983,165049,1
23886,48501,59723,72387,83609,108224,1
6395,21067,24727,27462,31122,45794,1
88971,90923,1109,179894,90080,92032,0
11204,4614,21556,15818,32760,26170,0
41653,35932,8575,77585,50228,44507,1
57363,73492,58413,130855,115776,131905,1
91722,16778,41894,108500,133616,58672,0
13740,99631,85626,113371,99366,185257,0
76997,9555,77173,86552,154170,86728,1
91153,17056,51109,108209,142262,68165,0
29824,85585,50749,115409,80573,136334,0
51543,78428,10007,129971,61550,88435,0
61510,67657,99114,129167,160624,166771,1
90849,70040,34,160889,90883,70074,0
55520,43750,79030,99270,134550,122780,1
17659,17220,98446,34879,116105,115666,0
50532,5216,42461,55748,92993,47677,0
78868,93897,58558,172765,137426,152455,1
61054,98891,86240,159945,147294,185131,1
31829,29527,39788,61356,71617,69315,1
24735,74859,48068,99594,72803,122927,0
92912,76312,66464,169224,159376,142776,1
46710,31837,9871,78547,56581,41708,0
32750,1016,30253,33766,63003,31269,0
6897,94803,66119,101700,73016,160922,0
59155,49214,3510,108369,62665,52724,0
79212,54909,25107,134121,104319,80016,1
63167,76298,52961,139465,116128,129259,1
90156,24032,26260,114188,116416,50292,0
71480,90315,98652,161795,170132,188967,1
77451,36518,52085,113969,129536,88603,1
42743,94330,24700,137073,67443,119030,0
74476,53710,41800,128186,116276,95510,1
89567,22476,47923,112043,137490,70399,0
65446,64475,68279,129921,133725,132754,1
64704,5573,32549,70277,97253,38122,0
87671,8843,77586,96514,165257,86429,0
60856,24886,52356,85742,113212,77242,1
37691,15447,75823,53138,113514,91270,0
27292,67720,21893,95012,49185,89613,0
42768,8856,35962,51624,78730,44818,1
20345,54063,68406,74408,88751,122469,1
165,74147,82906,74312,83071,157053,0
45126,33331,43869,78457,88995,77200,1
53528,18122,32154,71650,85682,50276,0
19482,46078,43053,65560,62535,89131,1
35784,69424,24113,105208,59897,93537,0
79367,89201,38984,168568,118351,128185,1
40395,75935,31042,116330,71437,106977,0
41658,66591,77279,108249,118937,143870,1
45468,91684,92307,137152,137775,183991,1
47848,83731,30358,131579,78206,114089,0
63409,98251,12073,161660,75482,110324,0
30407,27935,90681,58342,121088,118616,0
55768,88039,10084,143807,65852,98123,0
92469,85365,65951,177834,158420,151316,1
60059,45201,17171,105260,77230,62372,1
15039,13771,60841,28810,75880,74612,0
80409,92850,84018,173259,164427,176868,1
82457,75722,85152,158179,167609,160874,1
83282,55250,2648,138532,85930,57898,0
7293,82637,48865,89930,56158,131502,0
13543,4188,51388,17731,64931,55576,0
8954,20547,75173,29501,84127,95720,0
37270,58584,96824,95854,134094,155408,0
11103,89110,83594,100213,94697,172704,1
7775,91262,75976,99037,83751,167238,0
23215,6643,71788,29858,95003,78431,0
97741,79253,63470,176994,161211,142723,1
167,3038,83197,3205,83364,86235,0
15528,76993,73322,92521,88850,150315,1
24358,36376,50935,60734,75293,87311,1
17172,87801,3568,104973,20740,91369,0
3683,95440,14775,99123,18458,110215,0
21939,5343,30336,27282,52275,35679,0
30071,91469,5014,121540,35085,96483,0
55773,10758,24539,66531,80312,35297,0
4325,60027,50371,64352,54696,110398,0
2911,85339,13153,88250,16064,98492,0
1272,27054,40109,28326,41381,67163,0
4006,35478,45273,39484,49279,80751,0
52214,34010,61626,86224,113840,95636,1
95424,70358,972,165782,96396,71330,0
58448,3785,78815,62233,137263,82600,0
62954,49220,32380,112174,95334,81600,1
600,19414,33841,20014,34441,53255,0
45549,98759,22147,144308,67696,120906,0
58387,29282,27649,87669,86036,56931,0
96936,96743,63578,193679,160514,160321,1
42364,99518,60396,141882,102760,159914,1
60240,2025,45996,62265,106236,48021,0
49351,73822,5289,123173,54640,79111,0
62245,13171,96208,75416,158453,109379,0
58195,79088,52535,137283,110730,131623,1
19820,86724,64428,106544,84248,151152,0
10863,32525,35434,43388,46297,67959,1
41375,22834,54176,64209,95551,77010,1
88786,94870,6411,183656,95197,101281,1
69353,23025,34632,92378,103985,57657,0
1376,87528,77558,88904,78934,165086,0
59083,75475,41233,134558,100316,116708,1
36520,44620,86068,81140,122588,130688,0
68881,94045,62237,162926,131118,156282,1
64498,97301,56749,161799,121247,154050,1
20337,18701,11112,39038,31449,29813,1
21526,75266,24321,96792,45847,99587,0
75434,98216,28322,173650,103756,126538,1
95932,82395,92348,178327,188280,174743,1
33188,98118,94880,131306,128068,192998,1
19030,60166,57008,79196,76038,117174,1
4725,75997,59437,80722,64162,135434,0
72106,68550,81415,140656,153521,149965,1
59107,3231,9831,62338,68938,13062,0
86178,74238,15409,160416,101587,89647,1
80052,86698,37834,166750,117886,124532,1
4177,9272,41194,13449,45371,50466,0
41450,29357,51198,70807,92648,80555,1
51087,99790,27296,150877,78383,127086,0
19437,76951,58931,96388,78368,135882,1
42065,51501,98619,93566,140684,150120,0
53542,55990,23231,109532,76773,79221,1
62934,73074,60425,136008,123359,133499,1
58299,5135,50602,63434,108901,55737,0
18629,71456,8565,90085,27194,80021,0
68184,1469,54659,69653,122843,56128,0
3838,55265,91897,59103,95735,147162,0
44941,53551,35557,98492,80498,89108,1
23949,74156,71329,98105,95278,145485,1
69480,48639,62085,118119,131565,110724,1
72270,83304,17264,155574,89534,100568,1
6580,95601,796,102181,7376,96397,0
94380,67106,43169,161486,137549,110275,1
39835,80855,68383,120690,108218,149238,1
83413,51760,29404,135173,112817,81164,0
79288,172,7079,79460,86367,7251,0
16752,93585,61962,110337,78714,155547,0
83043,4950,24939,87993,107982,29889,0
45583,41583,27794,87166,73377,69377,1
11592,60404,35306,71996,46898,95710,0
10428,6189,57393,16617,67821,63582,0
62586,62411,49026,124997,111612,111437,1
97200,34846,78902,132046,176102,113748,1
30808,38247,21577,69055,52385,59824,1
2836,52281,911,55117,3747,53192,0
94720,94827,23925,189547,118645,118752,1
18692,34955,83856,53647,102548,118811,0
95612,3401,43877,99013,139489,47278,0
6459,56622,88383,63081,94842,145005,0
59713,59919,22934,119632,82647,82853,1
87539,23536,14621,111075,102160,38157,0
16532,7728,18871,24260,35403,26599,1
14356,95172,86106,109528,100462,181278,1
90669,4891,82807,95560,173476,87698,0
22186,88934,44786,111120,66972,133720,0
33800,37050,89853,70850,123653,126903,0
61881,66364,64190,128245,126071,130554,1
73644,51957,81088,125601,154732,133045,1
36470,18286,27625,54756,64095,45911,1
43914,67208,36959,111122,80873,104167,1
74253,34679,51504,108932,125757,86183,1
17611,83864,57058,101475,74669,140922,0
82365,13606,16203,95971,98568,29809,0
25605,63417,76922,89022,102527,140339,1
95913,75514,22745,171427,118658,98259,1
50174,42475,75919,92649,126093,118394,1
36357,61191,46994,97548,83351,108185,1
12203,92726,65057,104929,77260,157783,0
5057,55096,37286,60153,42343,92382,0
10390,50465,60187,60855,70577,110652,1
44665,40699,51735,85364,96400,92434,1
64320,21529,99915,85849,164235,121444,0
89896,94627,48745,184523,138641,143372,1
76901,5367,54749,82268,131650,60116,0
84181,2931,96993,87112,181174,99924,0
77212,44705,2323,121917,79535,47028,0
71586,54043,48576,125629,120162,102619,1
96524,73312,88048,169836,184572,161360,1
61004,79420,8059,140424,69063,87479,0
52286,68744,42879,121030,95165,111623,1
72711,82106,8414,154817,81125,90520,0
98993,59897,10647,158890,109640,70544,0
66237,63101,53058,129338,119295,116159,1
84308,78042,16021,162350,100329,94063,1
31542,64975,7376,96517,38918,72351,0
50350,22828,75544,73178,125894,98372,0
76645,33138,45342,109783,121987,78480,1
49796,52690,31237,102486,81033,83927,1
13368,57740,1458,71108,14826,59198,0
61655,17312,62868,78967,124523,80180,1
15297,3207,76984,18504,92281,80191,0
5813,4151,42229,9964,48042,46380,0
83942,28764,84510,112706,168452,113274,1
93138,3779,55887,96917,149025,59666,0
42168,15158,82844,57326,125012,98002,0
12072,61762,47588,73834,59660,109350,0
56018,9210,57754,65228,113772,66964,1
40046,41144,38426,81190,78472,79570,1
33785,64746,38055,98531,71840,102801,1
35514,21517,23070,57031,58584,44587,1
70955,58400,94032,129355,164987,152432,1
40005,29804,20803,69809,60808,50607,1
62980,52087,9929,115067,72909,62016,0
44794,28141,48440,72935,93234,76581,1
44866,37345,7956,82211,52822,45301,1
90527,1754,30707,92281,121234,32461,0
41600,69821,33637,111421,75237,103458,1
82720,27234,79069,109954,161789,106303,1
86885,98695,11401,185580,98286,110096,0
20561,18883,59178,39444,79739,78061,0
22090,90183,46685,112273,68775,136868,0
10488,7354,59936,17842,70424,67290,0
59761,66096,88374,125857,148135,154470,1
46360,56627,37360,102987,83720,93987,1
53706,30191,17273,83897,70979,47464,0
32019,33478,53797,65497,85816,87275,1
19702,20389,17836,40091,37538,38225,1
19558,98351,72398,117909,91956,170749,0
12806,83388,73435,96194,86241,156823,1
88042,72067,24079,160109,112121,96146,1
91600,51443,25493,143043,117093,76936,0
33449,45433,90214,78882,123663,135647,0
87421,24466,85272,111887,172693,109738,1
68094,55734,88462,123828,156556,144196,1
91811,49002,99942,140813,191753,148944,1
21320,84188,82692,105508,104012,166880,1
98737,45611,91676,144348,190413,137287,1
7236,54932,3535,62168,10771,58467,0
13222,89080,8838,102302,22060,97918,0
17857,60786,45857,78643,63714,106643,1
55065,99969,74412,155034,129477,174381,1
71824,79765,53387,151589,125211,133152,1
67,46057,72413,46124,72480,118470,0
87888,13657,21892,101545,109780,35549,0
61286,14911,78210,76197,139496,93121,0
56519,5799,28578,62318,85097,34377,0
83654,22139,83578,105793,167232,105717,1
4466,98187,45402,102653,49868,143589,0
50532,86411,39729,136943,90261,126140,1
98954,29346,97772,128300,196726,127118,1
43655,20593,1284,64248,44939,21877,0
72969,32532,53361,105501,126330,85893,1
50934,15034,98636,65968,149570,113670,0
33118,86727,44741,119845,77859,131468,0
1388,91142,82756,92530,84144,173898,0
28105,41495,70393,69600,98498,111888,0
63242,74956,7968,138198,71210,82924,0
45764,65150,32765,110914,78529,97915,1
77717,81907,32457,159624,110174,114364,1
24544,59771,18684,84315,43228,78455,0
58034,58517,64141,116551,122175,122658,1
96515,40005,60010,136520,156525,100015,1
90125,13836,37834,103961,127959,51670,0
16399,32659,82339,49058,98738,114998,0
10674,51209,30773,61883,41447,81982,0
1930,37413,87751,39343,89681,125164,0
7150,84338,47848,91488,54998,132186,0
81338,43421,53389,124759,134727,96810,1
43412,45087,85082,88499,128494,130169,1
69228,30346,82953,99574,152181,113299,1
26346,42403,65240,68749,91586,107643,1
16392,57696,36666,74088,53058,94362,0
5137,48012,39323,53149,44460,87335,0
62947,37252,83875,100199,146822,121127,1
54826,91397,59182,146223,114008,150579,1
40636,16577,49793,57213,90429,66370,1
81683,69030,88887,150713,170570,157917,1
46690,56916,32791,103606,79481,89707,1
89494,39770,7579,129264,97073,47349,0
50970,33734,25057,84704,76027,58791,1
63314,99472,2485,162786,65799,101957,0
47297,87090,23707,134387,71004,110797,0
35983,3001,322,38984,36305,3323,0
7697,86601,64484,94298,72181,151085,0
80258,78529,22756,158787,103014,101285,1
50299,92832,67771,143131,118070,160603,1
33216,46460,60414,79676,93630,106874,1
8332,40737,50955,49069,59287,91692,0
13461,20420,70129,33881,83590,90549,0
80755,72493,20488,153248,101243,92981,1
46571,54532,63833,101103,110404,118365,1
61084,85775,91142,146859,152226,176917,1
67667,35502,14999,103169,82666,50501,0
81549,41927,32846,123476,114395,74773,0
46739,46643,6900,93382,53639,53543,1
58470,20594,18198,79064,76668,38792,0
25980,97958,27544,123938,53524,125502,0
49878,4833,32214,54711,82092,37047,0
51197,38611,2214,89808,53411,40825,0
66615,17539,86691,84154,153306,104230,0
98772,48427,3455,147199,102227,51882,0
20452,70525,89661,90977,110113,160186,1
59591,4808,90777,64399,150368,95585,0
53345,93538,70182,146883,123527,163720,1
27521,17049,27468,44570,54989,44517,1
5799,74797,69350,80596,75149,144147,1
62006,81767,27013,143773,89019,108780,1
35427,66400,50000,101827,85427,116400,1
74910,54349,17862,129259,92772,72211,0
56785,84299,88693,141084,145478,172992,1
53177,95226,54275,148403,107452,149501,1
51375,20877,63490,72252,114865,84367,1
72553,53686,4587,126239,77140,58273,0
60386,69264,18996,129650,79382,88260,1
18385,82099,59016,100484,77401,141115,0
99587,64888,69801,164475,169388,134689,1
37793,22036,82581,59829,120374,104617,0
76016,10783,39693,86799,115709,50476,0
98529,42900,28409,141429,126938,71309,0
837,63854,68902,64691,69739,132756,0
30593,15413,4391,46006,34984,19804,0
58134,50087,7301,108221,65435,57388,0
40774,4037,79967,44811,120741,84004,0
77176,56191,71970,133367,149146,128161,1
45842,50435,76468,96277,122310,126903,1
92320,16900,69389,109220,161709,86289,0
94740,19779,73516,114519,168256,93295,0
94798,20438,87282,115236,182080,107720,1
90200,40230,34129,130430,124329,74359,0
69328,59632,14902,128960,84230,74534,1
10907,69693,66816,80600,77723,136509,1
53961,99577,1250,153538,55211,100827,0
44765,11163,72620,55928,117385,83783,0
6140,14193,81928,20333,88068,96121,0
19613,28926,34350,48539,53963,63276,1
26184,90430,47132,116614,73316,137562,0
60508,94614,46722,155122,107230,141336,1
2979,87337,91390,90316,94369,178727,0
63969,93655,16585,157624,80554,110240,0
70977,96584,11808,167561,82785,108392,0
51599,63407,15013,115006,66612,78420,1
47748,57219,57119,104967,104867,114338,1
57475,59970,3718,117445,61193,63688,1
1607,46986,81781,48593,83388,128767,0
16579,18,26315,16597,42894,26333,0
7662,28816,4650,36478,12312,33466,0
77770,17071,8960,94841,86730,26031,0
68980,9789,66084,78769,135064,75873,1
67744,17193,80683,84937,148427,97876,1
77933,54895,33457,132828,111390,88352,1
75559,21461,94881,97020,170440,116342,1
58682,19974,24005,78656,82687,43979,0
68638,36415,72461,105053,141099,108876,1
56719,62700,70242,119419,126961,132942,1
94152,14090,99093,108242,193245,113183,1
85163,38823,83515,123986,168678,122338,1
27051,39996,94214,67047,121265,134210,0
9190,78924,43129,88114,52319,122053,0
93087,36392,57470,129479,150557,93862,1
19737,37953,14374,57690,34111,52327,0
4160,835,48029,4995,52189,48864,0
93718,9001,99849,102719,193567,108850,1
39134,3737,75354,42871,114488,79091,0
97152,15152,18815,112304,115967,33967,0
67720,26309,79768,94029,147488,106077,1
16621,52574,52831,69195,69452,105405,1
36028,86381,71762,122409,107790,158143,1
95978,74533,91669,170511,187647,166202,1
21142,31012,33106,52154,54248,64118,1
50468,21949,14246,72417,64714,36195,0
12963,14296,85307,27259,98270,99603,0
96079,58737,64785,154816,160864,123522,1
30156,54797,92331,84953,122487,147128,0
67774,48350,99225,116124,166999,147575,1
95122,25819,48251,120941,143373,74070,0
47478,61952,42010,109430,89488,103962,1
47359,92817,38471,140176,85830,131288,0
63781,55047,51169,118828,114950,106216,1
59496,23637,35615,83133,95111,59252,0
74068,94754,36832,168822,110900,131586,1
40373,52006,83175,92379,123548,135181,1
58801,52269,64526,111070,123327,116795,1
14391,90301,82629,104692,97020,172930,1
8466,63605,81488,72071,89954,145093,0
58362,80558,98310,138920,156672,178868,1
4499,94015,43243,98514,47742,137258,0
23319,93327,56909,116646,80228,150236,0
63344,64231,36917,127575,100261,101148,1
45830,20765,49296,66595,95126,70061,1
1990,77023,56829,79013,58819,133852,0
20178,2221,67950,22399,88128,70171,0
13177,3249,19226,16426,32403,22475,0
85757,62484,13371,148241,99128,75855,0
29257,36520,72947,65777,102204,109467,0
60929,68255,99412,129184,160341,167667,1
7559,28461,69531,36020,77090,97992,0
89360,72975,38080,162335,127440,111055,1
30427,51612,19238,82039,49665,70850,0
94903,53823,49825,148726,144728,103648,1
25248,83322,70086,108570,95334,153408,1
14748,2016,59040,16764,73788,61056,0
94473,56838,70191,151311,164664,127029,1
26492,1591,56567,28083,83059,58158,0
51109,4694,33918,55803,85027,38612,0
5026,33359,97738,38385,102764,131097,0
62401,69905,84782,132306,147183,154687,1
79281,14652,13938,93933,93219,28590,0
12470,31600,15572,44070,28042,47172,0
1034,97729,86102,98763,87136,183831,0
37929,10364,45790,48293,83719,56154,1
23167,32765,97625,55932,120792,130390,0
6435,46267,35828,52702,42263,82095,0
71948,2828,75299,74776,147247,78127,0
98257,13675,78279,111932,176536,91954,0
90796,29999,84745,120795,175541,114744,1
62319,70894,30729,133213,93048,101623,1
60728,51474,81578,112202,142306,133052,1
32984,75978,20828,108962,53812,96806,0
37413,50081,58081,87494,95494,108162,1
66104,68351,52215,134455,118319,120566,1
31667,72369,33332,104036,64999,105701,0
32505,8910,52557,41415,85062,61467,0
44871,90699,99850,135570,144721,190549,1
75987,3571,91151,79558,167138,94722,0
25188,87624,38602,112812,63790,126226,0
9122,53817,16945,62939,26067,70762,0
25763,73062,52993,98825,78756,126055,1
12211,30465,15265,42676,27476,45730,0
53187,43429,88712,96616,141899,132141,1
73845,63029,4171,136874,78016,67200,0
43920,65409,59942,109329,103862,125351,1
91258,73382,96757,164640,188015,170139,1
30489,97792,36373,128281,66862,134165,0
27355,2188,32008,29543,59363,34196,0
57403,28949,99335,86352,156738,128284,0
48678,1100,84546,49778,133224,85646,0
6937,26264,25435,33201,32372,51699,1
69439,47570,1903,117009,71342,49473,0
14435,12839,42278,27274,56713,55117,0
91923,43831,936,135754,92859,44767,0
25690,80696,46180,106386,71870,126876,0
99519,63346,10418,162865,109937,73764,0
82868,86756,41837,169624,124705,128593,1
97239,96783,72372,194022,169611,169155,1
61438,66521,30080,127959,91518,96601,1
55346,56821,41252,112167,96598,98073,1
82211,62495,62070,144706,144281,124565,1
85066,20850,22888,105916,107954,43738,0
43768,52656,74886,96424,118654,127542,1
67709,91824,25683,159533,93392,117507,1
91043,90770,41806,181813,132849,132576,1
16937,79316,56991,96253,73928,136307,0
64973,37728,99493,102701,164466,137221,1
51221,62946,55972,114167,107193,118918,1
45924,49995,11964,95919,57888,61959,1
45987,13692,8695,59679,54682,22387,0
26529,31745,73601,58274,100130,105346,0
47422,53027,75670,100449,123092,128697,1
54077,87329,11415,141406,65492,98744,0
91631,32010,49870,123641,141501,81880,0
85196,47630,98868,132826,184064,146498,1
87294,42153,5419,129447,92713,47572,0
78956,3748,50143,82704,129099,53891,0
14297,71934,43001,86231,57298,114935,0
36507,53588,92965,90095,129472,146553,0
4114,48252,76936,52366,81050,125188,0
54131,32713,59973,86844,114104,92686,1
95965,76442,3737,172407,99702,80179,0
29038,51910,41483,80948,70521,93393,1
21337,4882,80669,26219,102006,85551,0
95804,21435,88523,117239,184327,109958,1
63380,70904,74924,134284,138304,145828,1
48351,48641,12991,96992,61342,61632,1
87871,19127,72236,106998,160107,91363,1
12387,40843,70292,53230,82679,111135,0
60685,24217,89574,84902,150259,113791,0
48820,76162,56868,124982,105688,133030,1
67404,73859,16667,141263,84071,90526,1
60082,50593,57186,110675,117268,107779,1
26309,15176,72337,41485,98646,87513,0
88383,61103,26715,149486,115098,87818,0
30865,99425,90495,130290,121360,189920,1
39489,85510,24671,124999,64160,110181,0
13498,41466,47685,54964,61183,89151,1
28277,28283,99703,56560,127980,127986,0
26352,79602,27523,105954,53875,107125,0
88433,96660,46521,185093,134954,143181,1
75273,82617,61687,157890,136960,144304,1
25835,39928,50501,65763,76336,90429,1
3069,47909,21996,50978,25065,69905,0
17960,2833,68036,20793,85996,70869,0
52912,67227,49526,120139,102438,116753,1
60321,85712,45114,146033,105435,130826,1
26493,92501,4602,118994,31095,97103,0
92758,99395,55545,192153,148303,154940,1
15731,96141,41179,111872,56910,137320,0
24720,26271,116,50991,24836,26387,0
27684,80501,20039,108185,47723,100540,0
10451,24603,21527,35054,31978,46130,1
21864,2929,52090,24793,73954,55019,0
12975,84881,75361,97856,88336,160242,1
35033,23489,71044,58522,106077,94533,0
99352,29765,13068,129117,112420,42833,0
97357,69731,47782,167088,145139,117513,1
35887,77567,709,113454,36596,78276,0
2786,77928,6262,80714,9048,84190,0
23266,59489,32752,82755,56018,92241,0
88156,37776,70931,125932,159087,108707,1
34826,96098,1669,130924,36495,97767,0
77915,314,14898,78229,92813,15212,0
30668,71093,11524,101761,42192,82617,0
13559,65032,70682,78591,84241,135714,1
38798,82767,30540,121565,69338,113307,0
19155,67805,25421,86960,44576,93226,0
62488,4358,9272,66846,71760,13630,0
91573,3549,99512,95122,191085,103061,0
8799,46929,59447,55728,68246,106376,0
546,68167,19576,68713,20122,87743,0
8837,31759,14580,40596,23417,46339,0
57551,37388,69416,94939,126967,106804,1
77963,17888,44977,95851,122940,62865,0
73621,897,28574,74518,102195,29471,0
32549,72369,46135,104918,78684,118504,1
56249,71743,74659,127992,130908,146402,1
2783,19335,21303,22118,24086,40638,1
39096,27335,83538,66431,122634,110873,0
33818,95904,90960,129722,124778,186864,1
77954,86761,13151,164715,91105,99912,1
86522,84227,157,170749,86679,84384,0
29445,38618,26534,68063,55979,65152,1
64234,70602,61576,134836,125810,132178,1
10861,91271,53616,102132,64477,144887,0
19164,28137,15900,47301,35064,44037,1
10649,41957,22024,52606,32673,63981,0
39723,83023,6742,122746,46465,89765,0
11804,57779,54930,69583,66734,112709,1
87141,6551,86023,93692,173164,92574,1
95111,73212,89762,168323,184873,162974,1
46059,15489,63681,61548,109740,79170,0
43785,34594,47159,78379,90944,81753,1
89603,43597,38085,133200,127688,81682,0
60329,38006,54833,98335,115162,92839,1
19668,64944,34397,84612,54065,99341,0
20399,75757,8185,96156,28584,83942,0
49780,44141,1133,93921,50913,45274,0
66773,19396,84803,86169,151576,104199,1
55435,93765,85135,149200,140570,178900,1
3264,98574,45485,101838,48749,144059,0
51892,5668,56549,57560,108441,62217,1
34846,93888,86944,128734,121790,180832,1
82569,66277,2543,148846,85112,68820,0
99511,26330,66060,125841,165571,92390,0
9045,94903,91246,103948,100291,186149,1
37165,20236,6908,57401,44073,27144,0
95648,37328,93136,132976,188784,130464,1
87076,49904,86138,136980,173214,136042,1
89709,9829,16342,99538,106051,26171,0
22112,79709,81150,101821,103262,160859,1
61100,95829,34612,156929,95712,130441,0
11200,98277,56070,109477,67270,154347,0
26712,59594,25065,86306,51777,84659,0
14146,27428,27693,41574,41839,55121,1
31499,87774,75481,119273,106980,163255,1
46233,14688,79081,60921,125314,93769,0
32805,80920,93987,113725,126792,174907,1
59029,65298,91598,124327,150627,156896,1
54766,58581,18822,113347,73588,77403,1
48162,54502,54679,102664,102841,109181,1
8789,710,99411,9499,108200,100121,0
85294,48876,14127,134170,99421,63003,0
69348,32855,66081,102203,135429,98936,1
78692,76859,27447,155551,106139,104306,1
98876,74677,86995,173553,185871,161672,1
27151,63659,89787,90810,116938,153446,1
2323,19901,63424,22224,65747,83325,0
71470,74229,37420,145699,108890,111649,1
41217,99697,71535,140914,112752,171232,1
86876,65882,29067,152758,115943,94949,1
45982,18490,40820,64472,86802,59310,1
92594,48127,1996,140721,94590,50123,0
76820,77838,54479,154658,131299,132317,1
57403,5546,57782,62949,115185,63328,1
57059,39800,55118,96859,112177,94918,1
4448,52625,17318,57073,21766,69943,0
26316,83671,86604,109987,112920,170275,1
7240,8685,19517,15925,26757,28202,0
78420,45338,56058,123758,134478,101396,1
76510,38613,74786,115123,151296,113399,1
80739,41203,22487,121942,103226,63690,0
3113,99365,79650,102478,82763,179015,0
80729,15944,17981,96673,98710,33925,0
2870,29641,72260,32511,75130,101901,0
10289,42011,45523,52300,55812,87534,1
84975,36758,92650,121733,177625,129408,1
71312,78065,28957,149377,100269,107022,1
78376,29379,21628,107755,100004,51007,0
68196,6683,70409,74879,138605,77092,1
23516,27696,98931,51212,122447,126627,0
4528,31351,78595,35879,83123,109946,0
82966,39596,36213,122562,119179,75809,0
12735,18420,28719,31155,41454,47139,1
45613,20925,85707,66538,131320,106632,0
60585,4596,65063,65181,125648,69659,1
32321,48439,87568,80760,119889,136007,0
53157,58175,76080,111332,129237,134255,1
65944,16754,37715,82698,103659,54469,0
1774,44651,30559,46425,32333,75210,0
28639,89870,91640,118509,120279,181510,1
8638,5841,43977,14479,52615,49818,0
63619,90273,95352,153892,158971,185625,1
89282,31102,73491,120384,162773,104593,1
35144,96950,93811,132094,128955,190761,1
27041,74416,82876,101457,109917,157292,1
21186,75362,89662,96548,110848,165024,1
48261,6999,96782,55260,145043,103781,0
71678,92009,17614,163687,89292,109623,0
22044,5426,50708,27470,72752,56134,0
77986,65078,422,143064,78408,65500,0
40184,98337,53881,138521,94065,152218,0
83364,29064,6120,112428,89484,35184,0
16959,74570,45767,91529,62726,120337,0
3190,80614,33786,83804,36976,114400,0
71686,74974,87977,146660,159663,162951,1
88290,42551,12307,130841,100597,54858,0
86585,28246,53411,114831,139996,81657,0
36733,92263,33720,128996,70453,125983,0
43571,80699,14152,124270,57723,94851,0
95095,163,65130,95258,160225,65293,0
10383,71918,78703,82301,89086,150621,1
89137,70125,33476,159262,122613,103601,1
31906,14544,98400,46450,130306,112944,0
78399,30771,93319,109170,171718,124090,1
70839,85804,13701,156643,84540,99505,0
18535,11077,26504,29612,45039,37581,1
97211,65629,21644,162840,118855,87273,0
56006,72045,98950,128051,154956,170995,1
63412,90158,73296,153570,136708,163454,1
27268,15154,79980,42422,107248,95134,0
6485,20743,94352,27228,100837,115095,0
32242,10117,23718,42359,55960,33835,1
85763,39022,24107,124785,109870,63129,0
19009,96158,97442,115167,116451,193600,1
46575,58537,29534,105112,76109,88071,1
55590,93230,87892,148820,143482,181122,1
99408,72646,81118,172054,180526,153764,1
22928,94563,36866,117491,59794,131429,0
51720,41692,9983,93412,61703,51675,0
65522,97403,42121,162925,107643,139524,1
98118,85059,13862,183177,111980,98921,1
34358,1726,18470,36084,52828,20196,0
38443,59333,24929,97776,63372,84262,1
35040,78417,90002,113457,125042,168419,1
88666,89140,77557,177806,166223,166697,1
47873,7939,75500,55812,123373,83439,0
11910,74089,83731,85999,95641,157820,1
70723,57239,28962,127962,99685,86201,1
52297,66459,16101,118756,68398,82560,1
57369,99332,50886,156701,108255,150218,1
11292,76927,57838,88219,69130,134765,0
54311,37622,24677,91933,78988,62299,1
17190,51694,28029,68884,45219,79723,0
1268,96763,96532,98031,97800,193295,1
69138,54521,74641,123659,143779,129162,1
45414,47379,25728,92793,71142,73107,1
54378,57420,59396,111798,113774,116816,1
87784,58717,48971,146501,136755,107688,1
78502,40329,86926,118831,165428,127255,1
73706,58120,20692,131826,94398,78812,1
48067,20830,71326,68897,119393,92156,0
71637,34254,5592,105891,77229,39846,0
16266,3166,14029,19432,30295,17195,1
31774,99850,7797,131624,39571,107647,0
24581,78456,18061,103037,42642,96517,0
82516,9395,62019,91911,144535,71414,0
73367,49548,84580,122915,157947,134128,1
99042,9132,39575,108174,138617,48707,0
9241,28010,79232,37251,88473,107242,0
63041,36296,75448,99337,138489,111744,1
50316,56882,60736,107198,111052,117618,1
54398,28668,94866,83066,149264,123534,0
7915,14004,89980,21919,97895,103984,0
82183,68313,22627,150496,104810,90940,1
99006,74059,50488,173065,149494,124547,1
77918,30567,34811,108485,112729,65378,0
94813,99472,59333,194285,154146,158805,1
19424,78368,24447,97792,43871,102815,0
50954,56278,99185,107232,150139,155463,1
85618,78119,81538,163737,167156,159657,1
92113,80507,47982,172620,140095,128489,1
39538,31059,25402,70597,64940,56461,1
22634,84276,54452,106910,77086,138728,0
7454,21603,89275,29057,96729,110878,0
65787,22571,31134,88358,96921,53705,0
23800,83792,62898,107592,86698,146690,1
87042,33482,65490,120524,152532,98972,1
70396,77816,1874,148212,72270,79690,0
7530,66597,28434,74127,35964,95031,0
76655,88101,23061,164756,99716,111162,1
86202,4591,43077,90793,129279,47668,0
77296,52519,12601,129815,89897,65120,0
50593,2235,83683,52828,134276,85918,0
39086,39947,51316,79033,90402,91263,1
35596,82144,2257,117740,37853,84401,0
80830,79538,12542,160368,93372,92080,1
40176,90714,71151,130890,111327,161865,1
47166,18317,86218,65483,133384,104535,0
49318,82325,35485,131643,84803,117810,1
52155,81342,86054,133497,138209,167396,1
93749,70674,8737,164423,102486,79411,0
74101,28349,65107,102450,139208,93456,1
11072,21929,18346,33001,29418,40275,1
21792,62790,98970,84582,120762,161760,0
96789,6850,19242,103639,116031,26092,0
44544,23867,65569,68411,110113,89436,1
12010,76507,97568,88517,109578,174075,0
72121,14550,78817,86671,150938,93367,1
22117,3691,4886,25808,27003,8577,0
29483,2165,59945,31648,89428,62110,0
8405,40311,74534,48716,82939,114845,0
81541,81801,78978,163342,160519,160779,1
54570,55271,27133,109841,81703,82404,1
99289,58809,86172,158098,185461,144981,1
98763,5355,92607,104118,191370,97962,0
30892,83614,68593,114506,99485,152207,1
17870,61478,2513,79348,20383,63991,0
91924,51932,13961,143856,105885,65893,0
34283,94068,34891,128351,69174,128959,0
96245,90532,8504,186777,104749,99036,1
10248,94110,26890,104358,37138,121000,0
46181,33832,45021,80013,91202,78853,1
65052,53577,60121,118629,125173,113698,1
10224,84134,40935,94358,51159,125069,0
52098,10274,14537,62372,66635,24811,0
36419,30980,73507,67399,109926,104487,0
11854,78989,49957,90843,61811,128946,0
71471,2996,7770,74467,79241,10766,0
8879,73806,68632,82685,77511,142438,1
94454,54969,22220,149423,116674,77189,0
72901,21100,76528,94001,149429,97628,1
92208,82821,4947,175029,97155,87768,0
12446,68800,35342,81246,47788,104142,0
3102,2822,74063,5924,77165,76885,0
98478,59800,45235,158278,143713,105035,1
40163,20569,20283,60732,60446,40852,1
98234,17487,29031,115721,127265,46518,0
50631,65860,61733,116491,112364,127593,1
37271,18364,24468,55635,61739,42832,1
10204,17827,21717,28031,31921,39544,1
19464,51778,43451,71242,62915,95229,1
44421,19236,96838,63657,141259,116074,0
27255,76144,32980,103399,60235,109124,0
46243,75051,36741,121294,82984,111792,1
88593,7794,92861,96387,181454,100655,1
15532,30682,28314,46214,43846,58996,1
37978,76477,54533,114455,92511,131010,1
9135,39532,22968,48667,32103,62500,0
10145,25913,42352,36058,52497,68265,0
99798,29722,50252,129520,150050,79974,0
93123,63425,39921,156548,133044,103346,1
25735,99053,51165,124788,76900,150218,0
18210,23350,48489,41560,66699,71839,0
2068,60130,17396,62198,19464,77526,0
55288,43642,29294,98930,84582,72936,1
5301,77189,38187,82490,43488,115376,0
70245,5013,55527,75258,125772,60540,0
29364,21470,55115,50834,84479,76585,0
42367,12977,54702,55344,97069,67679,1
29054,67434,7651,96488,36705,75085,0
85769,98304,29071,184073,114840,127375,1
59524,7281,95849,66805,155373,103130,0
84348,57391,19995,141739,104343,77386,0
85000,8961,92595,93961,177595,101556,1
36100,39293,5451,75393,41551,44744,1
31718,38148,17073,69866,48791,55221,1
45801,36585,29037,82386,74838,65622,1
67901,31868,56293,99769,124194,88161,1
21461,98135,69009,119596,90470,167144,0
3436,66986,94166,70422,97602,161152,0
35316,36425,38315,71741,73631,74740,1
47652,29110,13788,76762,61440,42898,0
63558,89484,958,153042,64516,90442,0
24841,60678,23919,85519,48760,84597,0
42174,52519,69238,94693,111412,121757,1
98229,85411,98854,183640,197083,184265,1
17010,1143,89686,18153,106696,90829,0
64675,44246,54117,108921,118792,98363,1
29141,58651,66096,87792,95237,124747,1
44875,4125,19367,49000,64242,23492,0
54326,30133,84889,84459,139215,115022,0
7232,25715,41411,32947,48643,67126,0
21674,18524,85905,40198,107579,104429,0
26954,27718,58055,54672,85009,85773,0
97482,73709,16842,171191,114324,90551,0
31709,90259,24234,121968,55943,114493,0
83408,21115,91965,104523,175373,113080,1
16862,34530,86224,51392,103086,120754,0
12134,40311,7358,52445,19492,47669,0
54403,55451,93111,109854,147514,148562,1
12341,31399,56564,43740,68905,87963,0
92600,29406,60225,122006,152825,89631,0
6905,49677,10701,56582,17606,60378,0
43592,84675,61198,128267,104790,145873,1
18062,88798,61843,106860,79905,150641,0
71071,41093,93437,112164,164508,134530,1
34446,9302,12393,43748,46839,21695,0
97916,59164,65391,157080,163307,124555,1
75979,49818,3532,125797,79511,53350,0
39166,77056,82803,116222,121969,159859,1
12391,43309,88256,55700,100647,131565,0
45144,14608,76909,59752,122053,91517,0
8522,90417,48503,98939,57025,138920,0
37552,15929,47479,53481,85031,63408,1
3727,19869,66898,23596,70625,86767,0
80674,51324,79949,131998,160623,131273,1
73407,36775,7757,110182,81164,44532,0
40426,64948,25499,105374,65925,90447,1
86016,40397,87979,126413,173995,128376,1
79777,30358,76122,110135,155899,106480,1
35905,28375,93801,64280,129706,122176,0
57689,20885,73873,78574,131562,94758,1
97930,63489,24539,161419,122469,88028,0
61157,54649,46653,115806,107810,101302,1
86091,3947,93626,90038,179717,97573,0
19565,29821,82713,49386,102278,112534,0
42849,81677,8662,124526,51511,90339,0
79711,99237,36485,178948,116196,135722,1
10267,23092,72993,33359,83260,96085,0
44050,7516,58125,51566,102175,65641,0
96334,69263,19056,165597,115390,88319,0
73228,82488,11045,155716,84273,93533,1
20826,52784,29669,73610,50495,82453,0
69568,15938,16877,85506,86445,32815,0
45899,66436,39060,112335,84959,105496,1
53558,66085,64214,119643,117772,130299,1
7475,99194,11286,106669,18761,110480,0
51160,83320,31865,134480,83025,115185,0
29711,91672,20446,121383,50157,112118,0
19355,22730,17027,42085,36382,39757,1
55960,63642,10319,119602,66279,73961,1
36850,66793,11734,103643,48584,78527,0
21429,84847,75854,106276,97283,160701,1
72458,31663,37811,104121,110269,69474,0
29062,2779,98727,31841,127789,101506,0
60847,65507,61715,126354,122562,127222,1
20314,44830,16535,65144,36849,61365,0
36569,41516,79991,78085,116560,121507,0
65404,99842,33136,165246,98540,132978,0
72690,91853,74529,164543,147219,166382,1
10013,60018,82152,70031,92165,142170,0
29179,10883,92124,40062,121303,103007,0
89188,29410,6076,118598,95264,35486,0
34512,248,24531,34760,59043,24779,0
32460,13004,76790,45464,109250,89794,0
75125,88046,5970,163171,81095,94016,0
47862,68219,14063,116081,61925,82282,0
40044,27638,59540,67682,99584,87178,1
27588,21146,97048,48734,124636,118194,0
26654,41978,33147,68632,59801,75125,1
92268,53359,17925,145627,110193,71284,0
97692,50624,86162,148316,183854,136786,1
40552,75041,55144,115593,95696,130185,1
25973,71512,93056,97485,119029,164568,1
38650,1777,73250,40427,111900,75027,0
37648,15037,92786,52685,130434,107823,0
2432,21416,97553,23848,99985,118969,0
40497,67320,45979,107817,86476,113299,1
37918,55888,16464,93806,54382,72352,0
29656,78188,23500,107844,53156,101688,0
46712,37827,74112,84539,120824,111939,1
10002,27125,57245,37127,67247,84370,0
84596,19247,53549,103843,138145,72796,0
97093,61268,5851,158361,102944,67119,0
22360,31593,21607,53953,43967,53200,1
70454,87361,88863,157815,159317,176224,1
96124,34083,13021,130207,109145,47104,0
26785,74949,22825,101734,49610,97774,0
87821,39469,16827,127290,104648,56296,0
50601,8654,65181,59255,115782,73835,0
97509,26523,79846,124032,177355,106369,1
10356,21718,11097,32074,21453,32815,0
99084,80372,3980,179456,103064,84352,0
16548,67569,53064,84117,69612,120633,1
77247,54638,79427,131885,156674,134065,1
69516,66828,22193,136344,91709,89021,1
30787,24789,66698,55576,97485,91487,0
78974,50268,34620,129242,113594,84888,1
65785,15273,79814,81058,145599,95087,1
86084,98105,36569,184189,122653,134674,1
56434,62828,19725,119262,76159,82553,1
57709,50620,49023,108329,106732,99643,1
11949,95185,9587,107134,21536,104772,0
26996,30559,47256,57555,74252,77815,1
51287,32250,86515,83537,137802,118765,0
42954,39827,25045,82781,67999,64872,1
52739,36223,93283,88962,146022,129506,0
39405,1096,75534,40501,114939,76630,0
12375,84098,47906,96473,60281,132004,0
97547,43220,55415,140767,152962,98635,1
28613,62452,22839,91065,51452,85291,0
38387,22162,7913,60549,46300,30075,0
91453,35879,47261,127332,138714,83140,0
25628,91638,56706,117266,82334,148344,0
95396,74549,88398,169945,183794,162947,1
78344,84748,28368,163092,106712,113116,1
86406,80221,77122,166627,163528,157343,1
62197,15674,22410,77871,84607,38084,0
49230,54802,19479,104032,68709,74281,1
55509,68008,90039,123517,145548,158047,1
1241,65432,410,66673,1651,65842,0
42839,59349,59912,102188,102751,119261,1
34192,22171,35339,56363,69531,57510,1
11088,59722,48151,70810,59239,107873,0
68086,41151,3087,109237,71173,44238,0
73093,42395,98382,115488,171475,140777,1
11510,51235,31090,62745,42600,82325,0
96226,19492,79247,115718,175473,98739,1
63150,71427,16245,134577,79395,87672,1
59822,67585,3089,127407,62911,70674,0
62276,19300,43872,81576,106148,63172,1
2470,89354,104,91824,2574,89458,0
92281,90288,92809,182569,185090,183097,1
39310,70016,26844,109326,66154,96860,0
51771,53463,95545,105234,147316,149008,1
83483,12216,19824,95699,103307,32040,0
46016,47623,27280,93639,73296,74903,1
4339,27125,97639,31464,101978,124764,0
50084,74129,56720,124213,106804,130849,1
42193,54690,68451,96883,110644,123141,1
51209,41471,29633,92680,80842,71104,1
87884,74571,85242,162455,173126,159813,1
76802,57742,56338,134544,133140,114080,1
6351,1848,73778,8199,80129,75626,0
86263,94099,47783,180362,134046,141882,1
90225,86081,81933,176306,172158,168014,1
15790,34754,98768,50544,114558,133522,0
37349,58262,33418,95611,70767,91680,1
31531,34944,66317,66475,97848,101261,1
26812,78598,19691,105410,46503,98289,0
80495,49181,70527,129676,151022,119708,1
57101,59680,3298,116781,60399,62978,1
46641,2607,18482,49248,65123,21089,0
76640,7153,67715,83793,144355,74868,0
21020,16567,87317,37587,108337,103884,0
23194,83784,37817,106978,61011,121601,0
25605,39608,63548,65213,89153,103156,1
75759,55886,34451,131645,110210,90337,1
81558,88165,20495,169723,102053,108660,1
4539,4612,27299,9151,31838,31911,0
28287,32887,40293,61174,68580,73180,1
33989,1339,60326,35328,94315,61665,0
29900,70809,54685,100709,84585,125494,1
3365,71662,59863,75027,63228,131525,0
38578,84335,9756,122913,48334,94091,0
35026,10256,95301,45282,130327,105557,0
49589,55908,27535,105497,77124,83443,1
27334,76358,65029,103692,92363,141387,1
6034,62046,23329,68080,29363,85375,0
90770,8859,68701,99629,159471,77560,0
33270,60788,47122,94058,80392,107910,1
73096,15757,44751,88853,117847,60508,0
87512,62213,53403,149725,140915,115616,1
2724,48562,66162,51286,68886,114724,0
12253,93442,99794,105695,112047,193236,1
73550,95350,96567,168900,170117,191917,1
99311,81722,11679,181033,110990,93401,0
39865,14616,76303,54481,116168,90919,0
21656,3263,93158,24919,114814,96421,0
2642,59623,26069,62265,28711,85692,0
51363,41313,28868,92676,80231,70181,1
94879,33589,78269,128468,173148,111858,1
60941,59988,32792,120929,93733,92780,1
16120,69076,55061,85196,71181,124137,1
72215,61751,28165,133966,100380,89916,1
90780,77294,68355,168074,159135,145649,1
56016,69252,15874,125268,71890,85126,1
70577,13413,86275,83990,156852,99688,0
57625,79767,47192,137392,104817,126959,1
28356,11136,30870,39492,59226,42006,1
49577,16275,46681,65852,96258,62956,1
5915,82970,92714,88885,98629,175684,0
20421,17532,87542,37953,107963,105074,0
11640,78931,36577,90571,48217,115508,0
11223,88672,23321,99895,34544,111993,0
6686,63409,78367,70095,85053,141776,0
81865,28954,2290,110819,84155,31244,0
590,84743,41314,85333,41904,126057,0
52187,63396,84159,115583,136346,147555,1
8006,73196,1197,81202,9203,74393,0
37853,55386,41222,93239,79075,96608,1
1236,70854,65582,72090,66818,136436,0
45537,22413,29084,67950,74621,51497,1
67178,72034,33441,139212,100619,105475,1
23896,47453,63220,71349,87116,110673,1
72596,66779,4138,139375,76734,70917,0
17923,80506,88074,98429,105997,168580,1
87026,12740,84611,99766,171637,97351,1
18410,18078,66392,36488,84802,84470,0
70011,96079,76375,166090,146386,172454,1
81801,87310,99697,169111,181498,187007,1
87772,59091,86273,146863,174045,145364,1
63058,12270,3403,75328,66461,15673,0
36262,16196,3713,52458,39975,19909,0
58326,50515,25987,108841,84313,76502,1
28367,56830,95246,85197,123613,152076,0
75224,29152,5148,104376,80372,34300,0
70783,972,51050,71755,121833,52022,0
49831,15285,92926,65116,142757,108211,0
44407,32720,13267,77127,57674,45987,1
97229,38129,61365,135358,158594,99494,1
31966,64904,79262,96870,111228,144166,1
30494,7016,45198,37510,75692,52214,0
73578,50120,40065,123698,113643,90185,1
57897,69074,29486,126971,87383,98560,1
89694,63092,31472,152786,121166,94564,1
6559,35312,40832,41871,47391,76144,1
55467,50654,88676,106121,144143,139330,1
21380,87783,75831,109163,97211,163614,1
19439,81449,79292,100888,98731,160741,1
990,22185,27620,23175,28610,49805,0
23618,60401,68172,84019,91790,128573,1
79481,31089,18228,110570,97709,49317,0
1684,34790,3761,36474,5445,38551,0
63432,69469,33378,132901,96810,102847,1
56889,62844,94479,119733,151368,157323,1
22824,79757,8816,102581,31640,88573,0
82357,63737,31897,146094,114254,95634,1
26677,23794,15222,50471,41899,39016,1
56432,33138,26764,89570,83196,59902,1
6514,71545,84797,78059,91311,156342,0
39200,20151,90913,59351,130113,111064,0
99183,80933,7510,180116,106693,88443,0
71757,37888,20851,109645,92608,58739,0
70383,18642,95634,89025,166017,114276,0
11714,67393,32678,79107,44392,100071,0
79907,13412,87085,93319,166992,100497,1
3854,38224,72223,42078,76077,110447,0
39722,52542,20375,92264,60097,72917,1
78178,18271,94345,96449,172523,112616,1
17150,20452,27165,37602,44315,47617,1
64736,2937,43893,67673,108629,46830,0
34968,63655,48181,98623,83149,111836,1
15055,45335,5462,60390,20517,50797,0
5127,31191,26901,36318,32028,58092,1
17706,37051,77534,54757,95240,114585,0
11433,70476,10332,81909,21765,80808,0
12813,73597,50581,86410,63394,124178,0
28231,88038,77962,116269,106193,166000,1
58033,39380,22508,97413,80541,61888,1
54306,29276,95282,83582,149588,124558,0
71835,48436,94639,120271,166474,143075,1
79370,28698,78131,108068,157501,106829,1
34528,84932,7275,119460,41803,92207,0
83299,51756,12204,135055,95503,63960,0
8776,50983,89482,59759,98258,140465,0
788,29873,21194,30661,21982,51067,0
80271,4434,54478,84705,134749,58912,0
91878,36437,91344,128315,183222,127781,1
88150,57845,50671,145995,138821,108516,1
91869,17133,98638,109002,190507,115771,1
31980,95864,1036,127844,33016,96900,0
50934,53404,46244,104338,97178,99648,1
81206,142,43467,81348,124673,43609,0
57963,69259,4645,127222,62608,73904,0
99574,55537,15529,155111,115103,71066,0
42953,38648,42607,81601,85560,81255,1
59115,87440,60054,146555,119169,147494,1
76293,15575,70335,91868,146628,85910,1
96157,89859,21210,186016,117367,111069,1
94905,60391,82773,155296,177678,143164,1
53759,31134,6521,84893,60280,37655,0
16265,88530,59093,104795,75358,147623,0
79821,96583,51203,176404,131024,147786,1
44853,70462,17008,115315,61861,87470,0
58281,19039,66934,77320,125215,85973,1
39262,98892,4970,138154,44232,103862,0
88276,48818,39351,137094,127627,88169,0
15869,28854,11373,44723,27242,40227,0
26475,19632,56309,46107,82784,75941,0
327,34980,38724,35307,39051,73704,0
29094,24041,86713,53135,115807,110754,0
98869,91160,48804,190029,147673,139964,1
91928,49394,76012,141322,167940,125406,1
90312,34391,35938,124703,126250,70329,0
28843,21518,14737,50361,43580,36255,1
43637,10338,69804,53975,113441,80142,0
46627,34572,87510,81199,134137,122082,0
82535,49111,8067,131646,90602,57178,0
69361,26572,80653,95933,150014,107225,1
96861,50265,95261,147126,192122,145526,1
32855,53422,73970,86277,106825,127392,1
63249,67207,36661,130456,99910,103868,1
15930,89003,85291,104933,101221,174294,1
98719,9012,90232,107731,188951,99244,1
12945,61901,77581,74846,90526,139482,0
57786,35073,51489,92859,109275,86562,1
89441,85771,12667,175212,102108,98438,1
56603,40712,42282,97315,98885,82994,1
32485,98376,51866,130861,84351,150242,0
15540,86317,63104,101857,78644,149421,0
76844,70714,6027,147558,82871,76741,0
92526,16274,69341,108800,161867,85615,0
32373,81991,41547,114364,73920,123538,0
59154,54788,93963,113942,153117,148751,1
29583,58811,13044,88394,42627,71855,0
71241,16085,50810,87326,122051,66895,0
790,63303,41614,64093,42404,104917,0
76259,56330,65756,132589,142015,122086,1
3325,88319,77841,91644,81166,166160,0
74439,59139,78411,133578,152850,137550,1
22534,41568,10903,64102,33437,52471,0
79920,60867,92492,140787,172412,153359,1
5494,15410,21526,20904,27020,36936,0
24569,14484,37756,39053,62325,52240,1
2051,37829,68262,39880,70313,106091,0
25346,28528,44033,53874,69379,72561,1
77159,32570,48970,109729,126129,81540,1
62972,34117,3287,97089,66259,37404,0
21093,92549,61733,113642,82826,154282,0
19008,21524,16089,40532,35097,37613,1
74314,89609,73710,163923,148024,163319,1
81441,26056,14695,107497,96136,40751,0
90418,31068,94003,121486,184421,125071,1
14160,96199,46473,110359,60633,142672,0
33083,48600,99943,81683,133026,148543,0
77784,41795,87453,119579,165237,129248,1
68006,12250,7839,80256,75845,20089,0
45228,34315,6614,79543,51842,40929,0
57628,36861,78871,94489,136499,115732,1
39980,92787,87631,132767,127611,180418,1
80465,56003,53746,136468,134211,109749,1
62370,77817,65800,140187,128170,143617,1
50878,30035,64238,80913,115116,94273,1
61567,99496,19836,161063,81403,119332,0
5136,57785,24120,62921,29256,81905,0
87,61409,68929,61496,69016,130338,0
20503,36681,11427,57184,31930,48108,0
29082,24048,8863,53130,37945,32911,1
70671,47108,30727,117779,101398,77835,1
88200,40329,35703,128529,123903,76032,0
84075,84246,77873,168321,161948,162119,1
56778,37830,77146,94608,133924,114976,1
26300,54157,74906,80457,101206,129063,1
26359,44287,73419,70646,99778,117706,0
57222,26193,40921,83415,98143,67114,1
87809,92836,65178,180645,152987,158014,1
73230,93755,79107,166985,152337,172862,1
62685,21755,88820,84440,151505,110575,0
50471,10629,47649,61100,98120,58278,1
27570,11753,8379,39323,35949,20132,0
92518,41688,7527,134206,100045,49215,0
93589,16605,52514,110194,146103,69119,0
21583,86043,24881,107626,46464,110924,0
1874,3675,63553,5549,65427,67228,0
49967,88016,89889,137983,139856,177905,1
78433,23422,12801,101855,91234,36223,0
50103,39734,54857,89837,104960,94591,1
61725,16859,17404,78584,79129,34263,0
61872,21869,53400,83741,115272,75269,1
48299,51675,8804,99974,57103,60479,1
16456,55139,46202,71595,62658,101341,1
11840,27890,29963,39730,41803,57853,1
66514,55565,61092,122079,127606,116657,1
44174,71958,28063,116132,72237,100021,1
7987,97749,83772,105736,91759,181521,0
85873,19317,2517,105190,88390,21834,0
88165,51416,9216,139581,97381,60632,0
41571,38359,16421,79930,57992,54780,1
23329,26645,50296,49974,73625,76941,0
80721,16559,25729,97280,106450,42288,0
90574,54403,18822,144977,109396,73225,0
87552,62722,81617,150274,169169,144339,1
22140,52150,19667,74290,41807,71817,0
39216,29661,96563,68877,135779,126224,0
25404,55290,18451,80694,43855,73741,0
19694,63619,26388,83313,46082,90007,0
98877,38142,41965,137019,140842,80107,0
98283,2835,97896,101118,196179,100731,1
57077,63933,28706,121010,85783,92639,1
89610,8719,62102,98329,151712,70821,0
4623,77611,90481,82234,95104,168092,0
58680,88482,68635,147162,127315,157117,1
30192,76569,89862,106761,120054,166431,1
4482,40981,16581,45463,21063,57562,0
69701,43001,85068,112702,154769,128069,1
86331,13295,20815,99626,107146,34110,0
17381,25624,48606,43005,65987,74230,0
30480,83576,4327,114056,34807,87903,0
37953,53824,44227,91777,82180,98051,1
69882,1385,7351,71267,77233,8736,0
18219,24979,63315,43198,81534,88294,0
29677,15940,32487,45617,62164,48427,1
31581,882,957,32463,32538,1839,0
79675,66264,23282,145939,102957,89546,1
80476,65683,38174,146159,118650,103857,1
55194,85378,91448,140572,146642,176826,1
39074,7084,29945,46158,69019,37029,0
5229,31809,18394,37038,23623,50203,0
58170,7163,42176,65333,100346,49339,0
82087,92995,73886,175082,155973,166881,1
27688,38399,37510,66087,65198,75909,1
75389,79998,18794,155387,94183,98792,1
83471,11764,50617,95235,134088,62381,0
8616,4207,86030,12823,94646,90237,0
43222,9396,54910,52618,98132,64306,0
16941,77896,57352,94837,74293,135248,0
19480,62743,10565,82223,30045,73308,0
25660,14800,31847,40460,57507,46647,1
545,23977,21079,24522,21624,45056,0
30826,73044,89828,103870,120654,162872,1
46276,65575,54721,111851,100997,120296,1
39531,35305,17265,74836,56796,52570,1
30418,63462,39055,93880,69473,102517,1
18191,78368,75678,96559,93869,154046,1
4344,27441,23683,31785,28027,51124,1
14651,80670,89606,95321,104257,170276,1
44909,57800,56881,102709,101790,114681,1
5984,6860,62286,12844,68270,69146,0
17958,32283,75179,50241,93137,107462,0
28889,71566,13739,100455,42628,85305,0
5225,77373,75875,82598,81100,153248,1
45108,77522,43503,122630,88611,121025,1
35987,17515,72313,53502,108300,89828,0
58836,9959,4650,68795,63486,14609,0
17689,39481,63630,57170,81319,103111,0
34328,18614,60568,52942,94896,79182,0
36742,69261,47595,106003,84337,116856,1
41870,15250,57142,57120,99012,72392,0
935,12594,3405,13529,4340,15999,0
30002,55957,77524,85959,107526,133481,1
78062,35984,9750,114046,87812,45734,0
61883,86880,77772,148763,139655,164652,1
7943,69442,48896,77385,56839,118338,0
30516,82831,35803,113347,66319,118634,0
76652,22509,56576,99161,133228,79085,1
46346,10107,59823,56453,106169,69930,0
51683,84054,34110,135737,85793,118164,1
86076,3747,58352,89823,144428,62099,0
97673,79871,27957,177544,125630,107828,1
93479,51817,47351,145296,140830,99168,1
7418,62574,98423,69992,105841,160997,0
29647,42762,37886,72409,67533,80648,1
41128,77557,35044,118685,76172,112601,0
12988,74853,77158,87841,90146,152011,1
5879,38770,37916,44649,43795,76686,1
66479,7467,93435,73946,159914,100902,0
27492,63604,83625,91096,111117,147229,1
26904,39454,17861,66358,44765,57315,1
55646,54559,75408,110205,131054,129967,1
89169,52886,27986,142055,117155,80872,0
86052,20049,50502,106101,136554,70551,0
98905,12003,30432,110908,129337,42435,0
31064,56670,79065,87734,110129,135735,1
33860,70649,72011,104509,105871,142660,1
95967,13436,9294,109403,105261,22730,0
71356,95774,62850,167130,134206,158624,1
70887,7605,22303,78492,93190,29908,0
66429,91920,96495,158349,162924,188415,1
72288,59782,94690,132070,166978,154472,1
99130,17218,9629,116348,108759,26847,0
94209,90861,78972,185070,173181,169833,1
54992,67888,13750,122880,68742,81638,1
43322,98565,40027,141887,83349,138592,0
25331,15622,59589,40953,84920,75211,0
90178,47861,58148,138039,148326,106009,1
35457,59024,82406,94481,117863,141430,1
55583,93558,26093,149141,81676,119651,0
31260,67197,91223,98457,122483,158420,1
26621,36624,48826,63245,75447,85450,1
62598,92878,54353,155476,116951,147231,1
34781,59509,90343,94290,125124,149852,1
23518,50451,12992,73969,36510,63443,0
27144,78334,52028,105478,79172,130362,1
59606,32202,98740,91808,158346,130942,0
45191,4226,68638,49417,113829,72864,0
35991,88426,22098,124417,58089,110524,0
89836,13333,80315,103169,170151,93648,1
13679,88330,21334,102009,35013,109664,0
97270,87259,87998,184529,185268,175257,1
68513,79417,46843,147930,115356,126260,1
8872,59261,50393,68133,59265,109654,1
68483,52907,95095,121390,163578,148002,1
36677,61622,72880,98299,109557,134502,1
21602,40331,40979,61933,62581,81310,1
44853,57287,88787,102140,133640,146074,1
73652,78410,71947,152062,145599,150357,1
4980,77335,34205,82315,39185,111540,0
46462,20096,20209,66558,66671,40305,0
34699,98263,40003,132962,74702,138266,0
50174,20756,74238,70930,124412,94994,0
77199,92390,41141,169589,118340,133531,1
55390,7407,44736,62797,100126,52143,0
1748,32462,14656,34210,16404,47118,0
52977,47597,86110,100574,139087,133707,1
1745,3579,35283,5324,37028,38862,0
78946,78670,45256,157616,124202,123926,1
33397,71357,75994,104754,109391,147351,1
28289,2173,47873,30462,76162,50046,0
31769,31282,9236,63051,41005,40518,1
15129,8994,41731,24123,56860,50725,0
95820,22549,84882,118369,180702,107431,1
71174,64536,7858,135710,79032,72394,1
60165,62593,83319,122758,143484,145912,1
40773,87924,65979,128697,106752,153903,1
50773,57034,60511,107807,111284,117545,1
42782,29348,30921,72130,73703,60269,1
78200,10734,86053,88934,164253,96787,1
35488,38876,31337,74364,66825,70213,1
43549,60802,47737,104351,91286,108539,1
5629,91448,29172,97077,34801,120620,0
2254,85401,43652,87655,45906,129053,0
35594,90402,71380,125996,106974,161782,1
57506,16363,75824,73869,133330,92187,0
28129,30635,26554,58764,54683,57189,1
16573,50664,65942,67237,82515,116606,1
41642,16053,93097,57695,134739,109150,0
58091,30503,93064,88594,151155,123567,0
11191,24041,90705,35232,101896,114746,0
87861,94645,82242,182506,170103,176887,1
99490,22537,9878,122027,109368,32415,0
48629,42332,50964,90961,99593,93296,1
28519,82271,15025,110790,43544,97296,0
48051,1103,53927,49154,101978,55030,0
94886,30354,68638,125240,163524,98992,1
73747,24990,93464,98737,167211,118454,1
57153,34313,78109,91466,135262,112422,1
7341,29561,68578,36902,75919,98139,0
99160,83258,87619,182418,186779,170877,1
84814,62978,95293,147792,180107,158271,1
59273,17857,83762,77130,143035,101619,0
15652,6766,23446,22418,39098,30212,0
73370,83442,58418,156812,131788,141860,1
18295,14121,57018,32416,75313,71139,0
79662,34449,19171,114111,98833,53620,0
91062,63512,24289,154574,115351,87801,0
38474,75294,93515,113768,131989,168809,1
30091,84234,69720,114325,99811,153954,1
47656,89919,22838,137575,70494,112757,0
72827,4092,48833,76919,121660,52925,0
65697,18460,34930,84157,100627,53390,0
27834,80307,52836,108141,80670,133143,1
54380,89908,13157,144288,67537,103065,0
59066,42056,20838,101122,79904,62894,1
3515,6298,87544,9813,91059,93842,0
88077,58184,25714,146261,113791,83898,0
22746,51125,65692,73871,88438,116817,1
80683,6649,38765,87332,119448,45414,0
63607,69356,18620,132963,82227,87976,1
14635,14003,56252,28638,70887,70255,0
69280,25971,9247,95251,78527,35218,0
69607,18990,1047,88597,70654,20037,0
52928,52719,258,105647,53186,52977,1
73578,72149,19223,145727,92801,91372,1
76023,34096,84748,110119,160771,118844,1
45555,93337,57104,138892,102659,150441,1
24907,92781,33865,117688,58772,126646,0
81338,58206,56864,139544,138202,115070,1
47907,77815,2134,125722,50041,79949,0
56464,1458,70980,57922,127444,72438,0
28370,21903,56814,50273,85184,78717,0
27070,66865,58664,93935,85734,125529,1
52259,35843,92040,88102,144299,127883,0
1747,60271,37766,62018,39513,98037,0
68475,82815,46714,151290,115189,129529,1
14,83395,48519,83409,48533,131914,0
4968,55296,45838,60264,50806,101134,0
5356,88816,59743,94172,65099,148559,0
88489,52154,33844,140643,122333,85998,0
23024,80308,86355,103332,109379,166663,1
88982,49503,89923,138485,178905,139426,1
62988,28571,44984,91559,107972,73555,1
1094,72418,16505,73512,17599,88923,0
43135,79679,75370,122814,118505,155049,1
91471,44856,16127,136327,107598,60983,0
7216,32449,85739,39665,92955,118188,0
89076,42242,15902,131318,104978,58144,0
51268,69181,99897,120449,151165,169078,1
42182,69121,59710,111303,101892,128831,1
60294,49268,406,109562,60700,49674,0
91772,87440,89454,179212,181226,176894,1
75488,43852,64937,119340,140425,108789,1
64773,8755,81775,73528,146548,90530,0
15926,3826,77968,19752,93894,81794,0
16900,29305,21967,46205,38867,51272,1
5559,11972,71745,17531,77304,83717,0
25148,64063,10685,89211,35833,74748,0
61138,67848,71650,128986,132788,139498,1
89222,54657,17251,143879,106473,71908,0
89490,2147,1805,91637,91295,3952,0
45905,77843,81005,123748,126910,158848,1
96029,76187,52282,172216,148311,128469,1
39551,21192,51015,60743,90566,72207,1
79748,49190,71127,128938,150875,120317,1
85724,28095,16500,113819,102224,44595,0
86949,3360,99928,90309,186877,103288,0
33978,8742,80694,42720,114672,89436,0
96625,55240,58848,151865,155473,114088,1
13639,52992,4210,66631,17849,57202,0
21949,43284,77906,65233,99855,121190,0
41587,87884,49287,129471,90874,137171,1
85692,63998,5947,149690,91639,69945,0
37603,18362,18466,55965,56069,36828,0
6931,92121,42431,99052,49362,134552,0
98430,85462,29941,183892,128371,115403,1
42808,18168,521,60976,43329,18689,0
57686,59543,99451,117229,157137,158994,1
7483,2332,28436,9815,35919,30768,0
47665,99723,75654,147388,123319,175377,1
4958,48953,66450,53911,71408,115403,0
20583,35454,98783,56037,119366,134237,0
85217,9299,26681,94516,111898,35980,0
63418,44943,15008,108361,78426,59951,0
56651,67521,70881,124172,127532,138402,1
31687,20170,30300,51857,61987,50470,1
4274,57722,81836,61996,86110,139558,0
89464,16833,80299,106297,169763,97132,1
16629,98980,67706,115609,84335,166686,0
93527,24360,74990,117887,168517,99350,1
94762,95142,15756,189904,110518,110898,1
94953,8039,22741,102992,117694,30780,0
43899,56107,41452,100006,85351,97559,1
41627,1159,6698,42786,48325,7857,0
86095,89243,61980,175338,148075,151223,1
46129,7264,56975,53393,103104,64239,0
37594,34274,16621,71868,54215,50895,1
28140,54762,44049,82902,72189,98811,1
48419,35820,16879,84239,65298,52699,1
27278,19232,80175,46510,107453,99407,0
87956,70121,42340,158077,130296,112461,1
72184,90718,11181,162902,83365,101899,0
69206,5603,2206,74809,71412,7809,0
42771,84368,92545,127139,135316,176913,1
2361,95025,44489,97386,46850,139514,0
39152,57138,37067,96290,76219,94205,1
1585,37645,94268,39230,95853,131913,0
33221,4657,98362,37878,131583,103019,0
47654,96626,5915,144280,53569,102541,0
85814,79984,70462,165798,156276,150446,1
2881,40026,54212,42907,57093,94238,0
19975,16314,73143,36289,93118,89457,0
97784,510,3459,98294,101243,3969,0
36088,23197,34752,59285,70840,57949,1
18674,57009,34690,75683,53364,91699,0
43898,28791,71599,72689,115497,100390,1
97080,69173,65729,166253,162809,134902,1
98988,54684,49686,153672,148674,104370,1
63783,76624,71675,140407,135458,148299,1
28638,86462,11376,115100,40014,97838,0
35581,12977,31132,48558,66713,44109,1
68406,27437,67634,95843,136040,95071,1
44407,3225,67093,47632,111500,70318,0
26490,20842,45606,47332,72096,66448,1
74231,34319,29773,108550,104004,64092,0
45295,42650,83764,87945,129059,126414,1
59551,89779,32310,149330,91861,122089,1
16879,41331,55357,58210,72236,96688,1
46338,99695,55163,146033,101501,154858,1
54956,47804,84091,102760,139047,131895,1
46081,72397,87211,118478,133292,159608,1
10349,39240,80217,49589,90566,119457,0
42657,19673,90899,62330,133556,110572,0
33497,42170,47589,75667,81086,89759,1
82607,74034,21595,156641,104202,95629,1
75594,68843,2603,144437,78197,71446,0
16294,47944,82733,64238,99027,130677,0
6732,90281,76623,97013,83355,166904,0
65458,96083,77475,161541,142933,173558,1
21649,13508,64161,35157,85810,77669,0
83054,89790,13757,172844,96811,103547,1
84555,8980,70346,93535,154901,79326,0
44327,31438,20987,75765,65314,52425,1
70102,1293,45159,71395,115261,46452,0
63893,12808,73204,76701,137097,86012,1
15093,65430,94469,80523,109562,159899,0
43068,91048,7128,134116,50196,98176,0
78575,10,44757,78585,123332,44767,0
10842,22262,86655,33104,97497,108917,0
24629,27687,55310,52316,79939,82997,0
20220,60605,90926,80825,111146,151531,0
35716,35469,19143,71185,54859,54612,1
74226,3162,51169,77388,125395,54331,0
6358,89388,87180,95746,93538,176568,1
80515,58660,11681,139175,92196,70341,0
87926,8689,90024,96615,177950,98713,1
24557,82287,48263,106844,72820,130550,0
83422,17741,26798,101163,110220,44539,0
46439,23146,40514,69585,86953,63660,1
50710,28860,60358,79570,111068,89218,1
86367,19858,47047,106225,133414,66905,0
52375,9331,38323,61706,90698,47654,0
89492,86858,2100,176350,91592,88958,0
31691,42422,56894,74113,88585,99316,1
15359,17553,14835,32912,30194,32388,1
89124,29470,79729,118594,168853,109199,1
89094,75399,68771,164493,157865,144170,1
74332,64873,83696,139205,158028,148569,1
97209,7585,34418,104794,131627,42003,0
286,86246,33278,86532,33564,119524,0
24278,44627,66739,68905,91017,111366,1
80394,55053,98748,135447,179142,153801,1
38063,96849,14368,134912,52431,111217,0
22187,73990,64159,96177,86346,138149,1
38702,75063,71562,113765,110264,146625,1
98263,7269,20625,105532,118888,27894,0
71693,94990,52404,166683,124097,147394,1
82575,81445,43921,164020,126496,125366,1
64319,52658,64529,116977,128848,117187,1
59548,29692,77193,89240,136741,106885,1
5343,79815,7944,85158,13287,87759,0
78754,1297,92859,80051,171613,94156,0
50555,14655,13819,65210,64374,28474,0
54023,65880,84616,119903,138639,150496,1
87077,92698,70940,179775,158017,163638,1
21367,99756,53253,121123,74620,153009,0
16996,50610,85438,67606,102434,136048,0
87233,52569,98203,139802,185436,150772,1
33348,45190,24838,78538,58186,70028,1
83873,72635,64380,156508,148253,137015,1
18379,39769,18460,58148,36839,58229,0
80482,59764,56725,140246,137207,116489,1
50983,29958,23961,80941,74944,53919,1
59922,99318,84355,159240,144277,183673,1
15528,72291,322,87819,15850,72613,0
78292,23381,53185,101673,131477,76566,0
59497,62733,98056,122230,157553,160789,1
7593,42466,87467,50059,95060,129933,0
69947,24071,31595,94018,101542,55666,0
19550,9672,19672,29222,39222,29344,1
46934,42460,22631,89394,69565,65091,1
83833,50128,31550,133961,115383,81678,0
64275,52561,21799,116836,86074,74360,1
8563,88371,2826,96934,11389,91197,0
6530,1422,42738,7952,49268,44160,0
76803,27566,332,104369,77135,27898,0
49838,93051,59238,142889,109076,152289,1
37656,89276,38609,126932,76265,127885,0
26946,24626,96370,51572,123316,120996,0
19063,70191,63960,89254,83023,134151,1
85904,62554,72236,148458,158140,134790,1
80408,35885,42239,116293,122647,78124,0
42457,98620,97851,141077,140308,196471,1
89319,4476,78761,93795,168080,83237,0
78255,8768,80948,87023,159203,89716,1
41033,19517,22436,60550,63469,41953,1
29706,63255,22339,92961,52045,85594,0
81153,31000,59888,112153,141041,90888,1
77403,93619,68049,171022,145452,161668,1
21853,13701,7604,35554,29457,21305,0
58702,89935,62724,148637,121426,152659,1
5449,3286,51120,8735,56569,54406,0
25684,82271,71940,107955,97624,154211,1
67377,77295,98917,144672,166294,176212,1
50526,16572,84564,67098,135090,101136,0
55325,40205,5167,95530,60492,45372,0
79226,32574,2227,111800,81453,34801,0
84327,43997,84024,128324,168351,128021,1
16792,85820,75424,102612,92216,161244,1
69852,32480,59683,102332,129535,92163,1
37275,43239,99687,80514,136962,142926,0
3032,23119,7619,26151,10651,30738,0
35218,82569,10878,117787,46096,93447,0
80801,56717,19757,137518,100558,76474,0
46772,32898,30459,79670,77231,63357,1
74639,91835,9670,166474,84309,101505,0
63858,5002,12320,68860,76178,17322,0
67626,38537,14289,106163,81915,52826,0
50340,67417,35005,117757,85345,102422,1
13854,3219,49494,17073,63348,52713,0
41811,49827,59099,91638,100910,108926,1
87403,69841,80532,157244,167935,150373,1
56062,62199,82116,118261,138178,144315,1
66061,25665,52034,91726,118095,77699,1
824,34671,44998,35495,45822,79669,0
51625,70332,82633,121957,134258,152965,1
96017,23302,57887,119319,153904,81189,0
83202,98625,21900,181827,105102,120525,1
42768,92388,6516,135156,49284,98904,0
4864,86454,83843,91318,88707,170297,1
81085,17155,40947,98240,122032,58102,0
50172,92706,40697,142878,90869,133403,0
75018,14658,6582,89676,81600,21240,0
74177,24283,91709,98460,165886,115992,1
47334,11788,52687,59122,100021,64475,1
5213,26135,75558,31348,80771,101693,0
60727,89402,34383,150129,95110,123785,1
27554,15758,19105,43312,46659,34863,1
9487,31033,76497,40520,85984,107530,0
91142,14353,54572,105495,145714,68925,0
32900,91491,60552,124391,93452,152043,1
41580,65972,6828,107552,48408,72800,0
6176,97497,29521,103673,35697,127018,0
53174,43399,85440,96573,138614,128839,1
51032,8362,18732,59394,69764,27094,0
5192,80213,51232,85405,56424,131445,0
58878,73549,72768,132427,131646,146317,1
56017,59582,6064,115599,62081,65646,1
71022,77512,99593,148534,170615,177105,1
38873,73581,87074,112454,125947,160655,1
41985,2490,27956,44475,69941,30446,0
17671,61376,49680,79047,67351,111056,1
37591,24960,73186,62551,110777,98146,0
40274,79204,24320,119478,64594,103524,0
22471,14925,71839,37396,94310,86764,0
26554,10178,88762,36732,115316,98940,0
29163,70417,12949,99580,42112,83366,0
89253,44594,2836,133847,92089,47430,0
14086,50957,15897,65043,29983,66854,0
25838,14563,34505,40401,60343,49068,1
97893,62853,98000,160746,195893,160853,1
20618,36382,27992,57000,48610,64374,1
90649,33453,79713,124102,170362,113166,1
88095,34906,10391,123001,98486,45297,0
4486,88972,65070,93458,69556,154042,0
69289,45591,67063,114880,136352,112654,1
50767,26782,75383,77549,126150,102165,1
77272,70046,48366,147318,125638,118412,1
64906,7010,79274,71916,144180,86284,0
30095,70172,89583,100267,119678,159755,1
72031,31434,89402,103465,161433,120836,1
97950,25226,47810,123176,145760,73036,0
52241,89137,99530,141378,151771,188667,1
33093,16566,55366,49659,88459,71932,0
47985,41424,44193,89409,92178,85617,1
57381,79777,50790,137158,108171,130567,1
23225,23218,90678,46443,113903,113896,0
51658,13322,46837,64980,98495,60159,1
56161,36909,88431,93070,144592,125340,1
76035,15295,75378,91330,151413,90673,1
38232,24398,41671,62630,79903,66069,1
11089,34630,59757,45719,70846,94387,0
52656,85859,1469,138515,54125,87328,0
49494,20544,17057,70038,66551,37601,0
97822,29375,78433,127197,176255,107808,1
75488,36524,35989,112012,111477,72513,0
88837,72511,88482,161348,177319,160993,1
34459,69889,19920,104348,54379,89809,0
99167,86640,39022,185807,138189,125662,1
23104,2172,73564,25276,96668,75736,0
56304,19393,91352,75697,147656,110745,0
28857,10251,72068,39108,100925,82319,0
15132,42417,58818,57549,73950,101235,0
47145,11360,86775,58505,133920,98135,0
65804,41446,36411,107250,102215,77857,1
83194,5271,70832,88465,154026,76103,0
41830,30575,17507,72405,59337,48082,1
21386,35794,31648,57180,53034,67442,1
80503,78303,11884,158806,92387,90187,1
7503,12226,46154,19729,53657,58380,0
50477,36189,75770,86666,126247,111959,1
23450,82914,85539,106364,108989,168453,1
40841,28655,44054,69496,84895,72709,1
43596,11611,58142,55207,101738,69753,0
79562,68110,96521,147672,176083,164631,1
41698,79554,67706,121252,109404,147260,1
69719,42286,69670,112005,139389,111956,1
7890,77924,66246,85814,74136,144170,0
92027,69881,85003,161908,177030,154884,1
28140,49949,69566,78089,97706,119515,1
44270,67029,62253,111299,106523,129282,1
98622,86963,29936,185585,128558,116899,1
9623,23612,82212,33235,91835,105824,0
33350,26294,10704,59644,44054,36998,1
67286,55049,92102,122335,159388,147151,1
52424,80481,48529,132905,100953,129010,1
26570,8966,97588,35536,124158,106554,0
17123,9601,20256,26724,37379,29857,1
97222,68536,61868,165758,159090,130404,1
38410,86770,66649,125180,105059,153419,1
34690,93781,80229,128471,114919,174010,1
15398,88829,8913,104227,24311,97742,0
33619,41274,99927,74893,133546,141201,0
51264,44514,45803,95778,97067,90317,1
20318,38372,63489,58690,83807,101861,0
4665,77715,54585,82380,59250,132300,0
38510,33414,42699,71924,81209,76113,1
89361,40002,72196,129363,161557,112198,1
49755,80310,22485,130065,72240,102795,0
91459,77503,44274,168962,135733,121777,1
11069,17364,77030,28433,88099,94394,0
8821,20423,33462,29244,42283,53885,0
86960,86862,87812,173822,174772,174674,1
44187,72626,28817,116813,73004,101443,1
27954,57282,93913,85236,121867,151195,0
34827,96058,40660,130885,75487,136718,0
38282,47470,93152,85752,131434,140622,0
31857,95736,93483,127593,125340,189219,1
27662,53479,4593,81141,32255,58072,0
44441,64024,62531,108465,106972,126555,1
55499,15353,17258,70852,72757,32611,0
91891,78200,27408,170091,119299,105608,1
38607,5941,80325,44548,118932,86266,0
33211,11116,2462,44327,35673,13578,0
23450,97944,44757,121394,68207,142701,0
79296,93538,43481,172834,122777,137019,1
28571,43554,37535,72125,66106,81089,1
17297,53411,87291,70708,104588,140702,0
77185,81153,40345,158338,117530,121498,1
24940,97605,90073,122545,115013,187678,1
98031,14019,52651,112050,150682,66670,0
84247,47989,85928,132236,170175,133917,1
86611,13018,74447,99629,161058,87465,1
62402,93452,32590,155854,94992,126042,1
82871,36501,74724,119372,157595,111225,1
67926,45065,99689,112991,167615,144754,1
70925,72648,63262,143573,134187,135910,1
51079,83999,24743,135078,75822,108742,0
52125,9465,1871,61590,53996,11336,0
50268,96895,58760,147163,109028,155655,1
45662,15145,71966,60807,117628,87111,0
94804,43906,13811,138710,108615,57717,0
76800,63956,82352,140756,159152,146308,1
87195,23673,97331,110868,184526,121004,1
88594,85482,68761,174076,157355,154243,1
84827,25999,53887,110826,138714,79886,0
52601,5959,49259,58560,101860,55218,1
64848,69124,6899,133972,71747,76023,1
27576,66684,71144,94260,98720,137828,1
37660,61404,79075,99064,116735,140479,1
23803,17356,95874,41159,119677,113230,0
3877,13783,5985,17660,9862,19768,0
20443,18765,50370,39208,70813,69135,0
29226,14389,46133,43615,75359,60522,0
18343,53275,90389,71618,108732,143664,0
50672,83584,87417,134256,138089,171001,1
8708,69991,94995,78699,103703,164986,0
26495,39623,56249,66118,82744,95872,1
80066,26442,32181,106508,112247,58623,0
23304,33458,33421,56762,56725,66879,1
34616,57638,24851,92254,59467,82489,1
98129,94892,59216,193021,157345,154108,1
18589,48823,25049,67412,43638,73872,0
59588,54957,75149,114545,134737,130106,1
35526,57713,11742,93239,47268,69455,0
42660,89336,1950,131996,44610,91286,0
72801,47629,24157,120430,96958,71786,0
28638,96883,46618,125521,75256,143501,0
4563,88664,63984,93227,68547,152648,0
55487,75784,33450,131271,88937,109234,1
88047,61530,64335,149577,152382,125865,1
93405,63901,39058,157306,132463,102959,1
88571,8858,7429,97429,96000,16287,0
91959,55922,92220,147881,184179,148142,1
41528,10877,85258,52405,126786,96135,0
2566,51678,71251,54244,73817,122929,0
17817,4127,24913,21944,42730,29040,0
80795,90482,74661,171277,155456,165143,1
30064,27157,20006,57221,50070,47163,1
55479,54007,72039,109486,127518,126046,1
84225,29919,97536,114144,181761,127455,1
49750,60882,11151,110632,60901,72033,1
27417,90981,32619,118398,60036,123600,0
44224,53880,72105,98104,116329,125985,1
13089,11360,66417,24449,79506,77777,0
45454,34974,6233,80428,51687,41207,0
91162,67911,83282,159073,174444,151193,1
36174,56132,24852,92306,61026,80984,1
90168,94431,84405,184599,174573,178836,1
14749,58883,32993,73632,47742,91876,0
45898,86013,49840,131911,95738,135853,1
54162,27530,30364,81692,84526,57894,1
24474,59433,97621,83907,122095,157054,0
94159,40663,97775,134822,191934,138438,1
92146,15131,87962,107277,180108,103093,1
23894,13486,82974,37380,106868,96460,0
94084,7105,71485,101189,165569,78590,0
24100,27197,97002,51297,121102,124199,0
58445,97773,78353,156218,136798,176126,1
84053,60217,17402,144270,101455,77619,0
69425,80579,75576,150004,145001,156155,1
24163,41118,48106,65281,72269,89224,1
31516,82581,35136,114097,66652,117717,0
6722,27131,23054,33853,29776,50185,1
34969,37938,83425,72907,118394,121363,0
21233,77466,28169,98699,49402,105635,0
60904,82360,76242,143264,137146,158602,1
64433,69630,91751,134063,156184,161381,1
50742,62924,22590,113666,73332,85514,1
4316,95094,8698,99410,13014,103792,0
66814,16697,33191,83511,100005,49888,0
39259,70520,40303,109779,79562,110823,1
87122,69840,9418,156962,96540,79258,0
68325,49932,59527,118257,127852,109459,1
20887,81344,69258,102231,90145,150602,1
5043,62542,37002,67585,42045,99544,0
17607,41483,53549,59090,71156,95032,1
45167,1454,79517,46621,124684,80971,0
97062,47691,75867,144753,172929,123558,1
38287,14865,37368,53152,75655,52233,1
27889,3965,64291,31854,92180,68256,0
24567,73246,34813,97813,59380,108059,0
56829,25278,94110,82107,150939,119388,0
40214,35991,43345,76205,83559,79336,1
12110,9657,18037,21767,30147,27694,1
31431,39137,51313,70568,82744,90450,1
51354,29889,86367,81243,137721,116256,0
71039,50542,87167,121581,158206,137709,1
74878,50243,22898,125121,97776,73141,0
17357,76416,12267,93773,29624,88683,0
66991,72382,5079,139373,72070,77461,0
32607,77454,45461,110061,78068,122915,1
82062,65501,22877,147563,104939,88378,1
71278,40379,25195,111657,96473,65574,0
61447,8988,82366,70435,143813,91354,0
60743,43524,68374,104267,129117,111898,1
81714,79154,67406,160868,149120,146560,1
67444,16596,16547,84040,83991,33143,0
10927,7983,57001,18910,67928,64984,0
30074,74342,47085,104416,77159,121427,1
77303,10855,48197,88158,125500,59052,0
36323,27749,96783,64072,133106,124532,0
94358,8362,9157,102720,103515,17519,0
14419,89828,62431,104247,76850,152259,0
51420,7891,9771,59311,61191,17662,0
84451,5804,47331,90255,131782,53135,0
41635,71458,66043,113093,107678,137501,1
74902,99597,41222,174499,116124,140819,1
59276,87494,11653,146770,70929,99147,0
70624,99738,65329,170362,135953,165067,1
88144,60122,64433,148266,152577,124555,1
48160,1144,99582,49304,147742,100726,0
32055,91640,6883,123695,38938,98523,0
27089,17180,10288,44269,37377,27468,1
29863,97861,70114,127724,99977,167975,1
23047,22973,38141,46020,61188,61114,1
59118,55752,1884,114870,61002,57636,0
3944,56494,51379,60438,55323,107873,0
80781,94961,84903,175742,165684,179864,1
26538,11936,71715,38474,98253,83651,0
4972,32406,10392,37378,15364,42798,0
43888,34597,92581,78485,136469,127178,0
51830,38599,89158,90429,140988,127757,1
21957,81131,29054,103088,51011,110185,0
37992,6362,33931,44354,71923,40293,1
11426,40355,49826,51781,61252,90181,1
6091,55597,52914,61688,59005,108511,1
43219,17901,84097,61120,127316,101998,0
57252,57629,17124,114881,74376,74753,1
22654,99137,56211,121791,78865,155348,0
90917,4564,25819,95481,116736,30383,0
55275,28355,95097,83630,150372,123452,0
74587,84367,36840,158954,111427,121207,1
40546,89775,82764,130321,123310,172539,1
6848,25980,10906,32828,17754,36886,0
67502,87989,32949,155491,100451,120938,1
53528,39141,87331,92669,140859,126472,1
76861,68204,32942,145065,109803,101146,1
83016,9348,79158,92364,162174,88506,1
25146,55413,82006,80559,107152,137419,0
63024,99181,20114,162205,83138,119295,0
46194,83969,77178,130163,123372,161147,1
16657,92796,81348,109453,98005,174144,1
23990,61912,25372,85902,49362,87284,0
41782,94305,82817,136087,124599,177122,1
90834,22287,29506,113121,120340,51793,0
69811,20210,74496,90021,144307,94706,1
62245,1439,98498,63684,160743,99937,0
59472,4163,55473,63635,114945,59636,1
23926,21149,39033,45075,62959,60182,1
51152,27698,98377,78850,149529,126075,0
19762,53195,57550,72957,77312,110745,1
99835,53846,24670,153681,124505,78516,0
7107,2889,2492,9996,9599,5381,0
12588,37125,85412,49713,98000,122537,0
88022,46745,25100,134767,113122,71845,0
43235,71585,21326,114820,64561,92911,0
82035,36199,42448,118234,124483,78647,0
79733,47660,55515,127393,135248,103175,1
94874,43890,52455,138764,147329,96345,1
11276,52960,41485,64236,52761,94445,0
98027,65111,83453,163138,181480,148564,1
68246,49512,47126,117758,115372,96638,1
96918,88085,8414,185003,105332,96499,0
1181,29236,70034,30417,71215,99270,0
58100,90285,97298,148385,155398,187583,1
35609,75068,58521,110677,94130,133589,1
51683,78084,37273,129767,88956,115357,1
39257,30280,29501,69537,68758,59781,1
32491,42498,87366,74989,119857,129864,0
10366,1650,97059,12016,107425,98709,0
71331,9255,68801,80586,140132,78056,1
45911,69070,56272,114981,102183,125342,1
73272,39306,13139,112578,86411,52445,0
44756,99500,58409,144256,103165,157909,1
88491,77734,31989,166225,120480,109723,1
55478,31535,50940,87013,106418,82475,1
80946,17664,87645,98610,168591,105309,1
96839,43293,98100,140132,194939,141393,1
87059,50798,88130,137857,175189,138928,1
13267,5913,67394,19180,80661,73307,0
25567,8422,88051,33989,113618,96473,0
77370,22293,24448,99663,101818,46741,0
37495,60763,64521,98258,102016,125284,1
91328,22326,3985,113654,95313,26311,0
19530,85153,77395,104683,96925,162548,1
47182,38398,17287,85580,64469,55685,1
63484,87420,3294,150904,66778,90714,0
4584,58305,10172,62889,14756,68477,0
76233,61711,79214,137944,155447,140925,1
52181,11022,24329,63203,76510,35351,0
8804,89343,82953,98147,91757,172296,1
20849,82949,80517,103798,101366,163466,1
87308,24476,2299,111784,89607,26775,0
62610,84525,35326,147135,97936,119851,1
45313,5165,15951,50478,61264,21116,0
3482,2173,25473,5655,28955,27646,0
4506,32698,83982,37204,88488,116680,0
95595,96733,88651,192328,184246,185384,1
58917,89416,66828,148333,125745,156244,1
54274,2274,98631,56548,152905,100905,0
88915,26227,45103,115142,134018,71330,0
89030,91148,87316,180178,176346,178464,1
35215,24700,93227,59915,128442,117927,0
83725,53229,39748,136954,123473,92977,1
62745,66831,57811,129576,120556,124642,1
97773,61065,16084,158838,113857,77149,0
59581,99435,15627,159016,75208,115062,0
59284,54574,36974,113858,96258,91548,1
64439,43139,5331,107578,69770,48470,0
70814,64272,85787,135086,156601,150059,1
47932,39871,74290,87803,122222,114161,1
98020,75969,88811,173989,186831,164780,1
78801,54948,60583,133749,139384,115531,1
40725,87745,28389,128470,69114,116134,0
94501,12088,8806,106589,103307,20894,0
88994,61450,6499,150444,95493,67949,0
97887,15723,80311,113610,178198,96034,0
53999,6415,15782,60414,69781,22197,0
3726,14944,37878,18670,41604,52822,0
52751,37652,58298,90403,111049,95950,1
39850,94581,45999,134431,85849,140580,0
28024,7665,32140,35689,60164,39805,1
12046,46210,75077,58256,87123,121287,0
68069,89385,66072,157454,134141,155457,1
2428,12708,98629,15136,101057,111337,0
75137,4795,57568,79932,132705,62363,0
29273,55850,23791,85123,53064,79641,0
26719,24833,98445,51552,125164,123278,0
57654,23112,36660,80766,94314,59772,1
98404,71970,15868,170374,114272,87838,0
12925,22235,26892,35160,39817,49127,1
61773,57927,16791,119700,78564,74718,1
23970,33432,75614,57402,99584,109046,0
399,72823,35379,73222,35778,108202,0
52221,71085,30281,123306,82502,101366,1
65057,2461,58713,67518,123770,61174,0
26535,33450,24355,59985,50890,57805,1
58765,14085,71067,72850,129832,85152,1
77979,77743,9199,155722,87178,86942,1
29846,17804,27471,47650,57317,45275,1
15447,99839,13649,115286,29096,113488,0
9017,94055,83487,103072,92504,177542,0
11556,27650,70937,39206,82493,98587,0
86396,25034,45480,111430,131876,70514,0
3164,90294,28507,93458,31671,118801,0
87711,84950,35909,172661,123620,120859,1
44596,99518,70720,144114,115316,170238,1
2629,58225,80347,60854,82976,138572,0
20874,36679,66861,57553,87735,103540,0
81377,67639,41901,149016,123278,109540,1
9482,61883,4537,71365,14019,66420,0
71795,97049,45553,168844,117348,142602,1
96018,18655,54983,114673,151001,73638,0
4117,21871,63413,25988,67530,85284,0
11111,12843,51117,23954,62228,63960,0
19615,59865,2152,79480,21767,62017,0
60949,80548,50103,141497,111052,130651,1
98718,99020,63315,197738,162033,162335,1
9769,8601,19505,18370,29274,28106,0
59135,69802,36634,128937,95769,106436,1
21057,63245,22909,84302,43966,86154,0
55027,24740,95637,79767,150664,120377,0
61298,10033,95187,71331,156485,105220,0
37871,99942,18801,137813,56672,118743,0
47942,46076,61440,94018,109382,107516,1
12809,29440,15338,42249,28147,44778,0
37196,55858,54955,93054,92151,110813,1
85423,4312,49770,89735,135193,54082,0
10934,18393,86934,29327,97868,105327,0
67431,39702,62441,107133,129872,102143,1
51241,39982,95437,91223,146678,135419,0
90324,61137,86634,151461,176958,147771,1
94493,64937,51004,159430,145497,115941,1
76447,24372,12286,100819,88733,36658,0
32346,71098,15185,103444,47531,86283,0
89215,66404,441,155619,89656,66845,0
27182,54224,51484,81406,78666,105708,1
82846,86752,52176,169598,135022,138928,1
74954,16483,14763,91437,89717,31246,0
13365,58481,38965,71846,52330,97446,0
65197,38360,63687,103557,128884,102047,1
37873,17425,27229,55298,65102,44654,1
27978,9043,24141,37021,52119,33184,1
37468,40482,41614,77950,79082,82096,1
15678,74144,41450,89822,57128,115594,0
47096,71516,57528,118612,104624,129044,1
67579,1739,52580,69318,120159,54319,0
83690,41609,38443,125299,122133,80052,0
66702,28414,1696,95116,68398,30110,0
94253,77659,59633,171912,153886,137292,1
34935,37878,91860,72813,126795,129738,0
74587,60346,27628,134933,102215,87974,1
46996,26400,77867,73396,124863,104267,0
80048,94052,97171,174100,177219,191223,1
64976,85171,39106,150147,104082,124277,1
9573,39672,78063,49245,87636,117735,0
59901,57818,20665,117719,80566,78483,1
50875,77569,84162,128444,135037,161731,1
21671,71085,66598,92756,88269,137683,1
28602,55786,89449,84388,118051,145235,0
40589,29009,65101,69598,105690,94110,1
27871,8452,54912,36323,82783,63364,0
7308,89657,78684,96965,85992,168341,0
92592,82235,80372,174827,172964,162607,1
11550,54164,95360,65714,106910,149524,0
11967,97887,55623,109854,67590,153510,0
62791,68808,87052,131599,149843,155860,1
72263,12779,40409,85042,112672,53188,0
66386,77656,3253,144042,69639,80909,0
8087,29330,51,37417,8138,29381,0
49918,89844,45832,139762,95750,135676,1
58376,41473,88240,99849,146616,129713,1
98472,40539,84057,139011,182529,124596,1
55872,57537,74977,113409,130849,132514,1
33474,62240,99558,95714,133032,161798,0
15136,94032,13227,109168,28363,107259,0
43015,44663,80314,87678,123329,124977,1
77060,78065,4270,155125,81330,82335,1
23737,64083,18147,87820,41884,82230,0
87309,17377,51460,104686,138769,68837,0
33498,85714,41013,119212,74511,126727,0
13315,19520,21447,32835,34762,40967,1
96422,19978,37053,116400,133475,57031,0
34666,796,29553,35462,64219,30349,0
6456,27962,29584,34418,36040,57546,1
97748,16660,52614,114408,150362,69274,0
12305,27374,56819,39679,69124,84193,0
79084,25860,22864,104944,101948,48724,0
63348,42590,16832,105938,80180,59422,0
19046,97099,62578,116145,81624,159677,0
32510,84800,72213,117310,104723,157013,1
17819,40347,31510,58166,49329,71857,1
51697,91464,54046,143161,105743,145510,1
13145,92904,8028,106049,21173,100932,0
28858,91202,75384,120060,104242,166586,1
26632,34503,79654,61135,106286,114157,0
46274,14964,10919,61238,57193,25883,0
95108,93766,51366,188874,146474,145132,1
40506,59669,88905,100175,129411,148574,1
60180,69001,69057,129181,129237,138058,1
3773,40105,94458,43878,98231,134563,0
95519,70165,11991,165684,107510,82156,0
27026,11378,88742,38404,115768,100120,0
12314,41469,98182,53783,110496,139651,0
25549,13685,91338,39234,116887,105023,0
85645,8259,14168,93904,99813,22427,0
24479,41052,81,65531,24560,41133,0
5818,46766,21291,52584,27109,68057,0
36618,54352,76693,90970,113311,131045,1
89174,72271,22180,161445,111354,94451,1
12514,55074,49867,67588,62381,104941,1
80823,79640,92372,160463,173195,172012,1
89233,72349,48154,161582,137387,120503,1
90501,53826,67551,144327,158052,121377,1
23219,34548,70946,57767,94165,105494,0
15344,27189,84290,42533,99634,111479,0
91422,47636,47976,139058,139398,95612,1
18885,57794,16002,76679,34887,73796,0
68563,58189,60696,126752,129259,118885,1
22951,42943,95747,65894,118698,138690,0
9740,14247,15699,23987,25439,29946,1
53998,77855,71865,131853,125863,149720,1
96663,58376,52593,155039,149256,110969,1
39514,41477,28140,80991,67654,69617,1
61351,3026,39408,64377,100759,42434,0
27092,16664,81950,43756,109042,98614,0
81019,37652,7003,118671,88022,44655,0
20103,74187,1386,94290,21489,75573,0
82581,18986,40238,101567,122819,59224,0
14956,66099,24426,81055,39382,90525,0
95949,87911,29407,183860,125356,117318,1
53566,66790,47924,120356,101490,114714,1
90546,53573,17849,144119,108395,71422,0
34168,41689,52568,75857,86736,94257,1
67840,45540,24059,113380,91899,69599,1
32009,4609,64789,36618,96798,69398,0
10010,40818,69289,50828,79299,110107,0
69654,28215,58048,97869,127702,86263,1
35931,62307,61370,98238,97301,123677,1
20662,96533,46337,117195,66999,142870,0
29684,20994,22464,50678,52148,43458,1
24365,80388,84000,104753,108365,164388,1
16276,59753,62078,76029,78354,121831,1
22974,52068,19652,75042,42626,71720,0
27067,81556,17288,108623,44355,98844,0
26790,14712,4136,41502,30926,18848,0
70419,18764,11889,89183,82308,30653,0
21728,85554,22226,107282,43954,107780,0
13933,36813,20398,50746,34331,57211,0
64834,97704,50389,162538,115223,148093,1
14845,93779,14938,108624,29783,108717,0
93182,31141,73572,124323,166754,104713,1
53209,7982,8438,61191,61647,16420,0
42617,56805,18663,99422,61280,75468,1
27392,43,62595,27435,89987,62638,0
66745,3980,48506,70725,115251,52486,0
59092,69415,78551,128507,137643,147966,1
93311,97275,42440,190586,135751,139715,1
44011,87550,49072,131561,93083,136622,1
82956,85612,87382,168568,170338,172994,1
55809,44581,65365,100390,121174,109946,1
98131,83917,70029,182048,168160,153946,1
47967,23033,21210,71000,69177,44243,0
98027,16258,80321,114285,178348,96579,0
31192,28092,64865,59284,96057,92957,0
91172,53573,88933,144745,180105,142506,1
34350,17994,60598,52344,94948,78592,0
34379,39673,92634,74052,127013,132307,0
21380,12176,85536,33556,106916,97712,0
67415,55446,75923,122861,143338,131369,1
27188,15836,80750,43024,107938,96586,0
86620,73390,47838,160010,134458,121228,1
56522,15450,46191,71972,102713,61641,1
19729,64145,27656,83874,47385,91801,0
65887,48026,6005,113913,71892,54031,0
55409,48765,53454,104174,108863,102219,1
31034,44198,48247,75232,79281,92445,1
28727,26088,59050,54815,87777,85138,0
36736,39489,63204,76225,99940,102693,1
92431,22758,1067,115189,93498,23825,0
72482,46051,95831,118533,168313,141882,1
64158,9680,64602,73838,128760,74282,1
65890,25433,78922,91323,144812,104355,1
19847,92521,52188,112368,72035,144709,0
60010,43712,26148,103722,86158,69860,1
85570,11324,76904,96894,162474,88228,1
19275,63778,15276,83053,34551,79054,0
56924,71953,72334,128877,129258,144287,1
40881,10157,57724,51038,98605,67881,0
75786,6770,19980,82556,95766,26750,0
55124,23995,56326,79119,111450,80321,1
88235,29181,23834,117416,112069,53015,0
29510,67416,32045,96926,61555,99461,0
51734,749,56997,52483,108731,57746,0
59014,29241,17005,88255,76019,46246,0
50161,2319,63804,52480,113965,66123,0
69766,60407,23920,130173,93686,84327,1
75048,83726,26116,158774,101164,109842,1
44996,36702,85257,81698,130253,121959,0
25275,60476,72445,85751,97720,132921,1
15966,53064,84111,69030,100077,137175,0
52280,33819,5105,86099,57385,38924,0
90571,55857,45673,146428,136244,101530,1
46340,85178,14147,131518,60487,99325,0
49816,84277,79565,134093,129381,163842,1
49654,14658,41486,64312,91140,56144,1
8721,88878,67844,97599,76565,156722,0
4747,98659,31682,103406,36429,130341,0
5833,29249,51552,35082,57385,80801,0
28468,98268,61048,126736,89516,159316,0
55388,89514,74293,144902,129681,163807,1
25641,11628,58297,37269,83938,69925,0
42529,17833,9068,60362,51597,26901,0
50772,582,27055,51354,77827,27637,0
31550,38203,41240,69753,72790,79443,1
29476,16850,3930,46326,33406,20780,0
76231,74860,23812,151091,100043,98672,1
22602,28474,20219,51076,42821,48693,1
86744,89956,59174,176700,145918,149130,1
92869,90477,85024,183346,177893,175501,1
90467,32592,15378,123059,105845,47970,0
69264,35205,69272,104469,138536,104477,1
9630,34800,82365,44430,91995,117165,0
82787,15169,74033,97956,156820,89202,1
30629,98950,90705,129579,121334,189655,1
40309,10785,43465,51094,83774,54250,1
45136,3216,66145,48352,111281,69361,0
25767,66618,15306,92385,41073,81924,0
16556,92662,43114,109218,59670,135776,0
77448,92517,80020,169965,157468,172537,1
73796,29996,98909,103792,172705,128905,1
80685,41328,2210,122013,82895,43538,0
28099,59581,11780,87680,39879,71361,0
4377,71284,82643,75661,87020,153927,0
64757,79211,62729,143968,127486,141940,1
89242,71999,895,161241,90137,72894,0
72526,8616,25627,81142,98153,34243,0
73769,41123,91736,114892,165505,132859,1
26476,79451,79219,105927,105695,158670,1
9099,1489,55456,10588,64555,56945,0
22754,28386,31695,51140,54449,60081,1
79497,79608,49970,159105,129467,129578,1
45341,14702,45180,60043,90521,59882,1
27483,40567,29258,68050,56741,69825,1
3724,39966,34688,43690,38412,74654,0
11619,97189,41519,108808,53138,138708,0
19815,97554,48283,117369,68098,145837,0
65565,55717,81370,121282,146935,137087,1
98472,86991,96751,185463,195223,183742,1
28444,32598,98211,61042,126655,130809,0
44926,95572,93498,140498,138424,189070,1
84345,6145,87019,90490,171364,93164,1
18189,14213,62617,32402,80806,76830,0
64228,21785,31482,86013,95710,53267,0
44261,43417,35451,87678,79712,78868,1
63465,76925,87861,140390,151326,164786,1
92027,8634,94120,100661,186147,102754,1
63186,61063,75403,124249,138589,136466,1
41803,10083,4829,51886,46632,14912,0
52342,21646,92251,73988,144593,113897,0
35620,8569,65769,44189,101389,74338,0
78780,79732,94270,158512,173050,174002,1
87731,57251,4274,144982,92005,61525,0
11233,54778,12851,66011,24084,67629,0
87633,26494,64999,114127,152632,91493,1
21286,91622,59308,112908,80594,150930,0
84614,80690,19926,165304,104540,100616,1
93620,38196,28551,131816,122171,66747,0
89835,18449,19682,108284,109517,38131,0
60045,37041,29972,97086,90017,67013,1
15722,26865,29680,42587,45402,56545,1
82786,67573,44183,150359,126969,111756,1
59135,17296,23564,76431,82699,40860,0
18643,95704,62786,114347,81429,158490,0
6479,64685,78277,71164,84756,142962,0
72411,92393,74672,164804,147083,167065,1
69573,15324,8238,84897,77811,23562,0
85169,468,16484,85637,101653,16952,0
6968,94909,99663,101877,106631,194572,1
54415,3743,46340,58158,100755,50083,0
97711,18460,29568,116171,127279,48028,0
50181,84643,79079,134824,129260,163722,1
75901,78664,64434,154565,140335,143098,1
30210,79727,1756,109937,31966,81483,0
50777,70433,18597,121210,69374,89030,0
47765,49903,23322,97668,71087,73225,1
85504,47108,81601,132612,167105,128709,1
86331,30023,27770,116354,114101,57793,0
13127,23741,19004,36868,32131,42745,1
27296,19444,51698,46740,78994,71142,0
3265,93843,67269,97108,70534,161112,0
66567,99852,2557,166419,69124,102409,0
99114,66391,62508,165505,161622,128899,1
10559,79490,54719,90049,65278,134209,0
57410,77230,35828,134640,93238,113058,1
81785,58730,96541,140515,178326,155271,1
2310,44740,85912,47050,88222,130652,0
6058,77698,38482,83756,44540,116180,0
96322,20888,9613,117210,105935,30501,0
59972,30934,71517,90906,131489,102451,1
8459,69193,6314,77652,14773,75507,0
10259,10856,6625,21115,16884,17481,1
68547,12308,99770,80855,168317,112078,0
20149,55429,3754,75578,23903,59183,0
27756,83325,97390,111081,125146,180715,1
70919,22025,63247,92944,134166,85272,1
78982,38227,56517,117209,135499,94744,1
21307,59330,97222,80637,118529,156552,0
37994,20661,73413,58655,111407,94074,0
97801,39163,29946,136964,127747,69109,0
50542,95221,77638,145763,128180,172859,1
70703,93803,74965,164506,145668,168768,1
84642,99832,3351,184474,87993,103183,0
94993,47980,36495,142973,131488,84475,0
96095,23672,67093,119767,163188,90765,0
56534,33254,57606,89788,114140,90860,1
85867,88051,96991,173918,182858,185042,1
3238,17778,21909,21016,25147,39687,0
1553,80315,30961,81868,32514,111276,0
61461,96101,96315,157562,157776,192416,1
7120,17165,66629,24285,73749,83794,0
57942,93162,64281,151104,122223,157443,1
77239,15075,21780,92314,99019,36855,0
19175,31465,4474,50640,23649,35939,0
22480,64282,15277,86762,37757,79559,0
40320,36472,52273,76792,92593,88745,1
16499,81416,2077,97915,18576,83493,0
50753,86525,9823,137278,60576,96348,0
52340,89022,60871,141362,113211,149893,1
62052,82520,17055,144572,79107,99575,0
57083,87704,66541,144787,123624,154245,1
4944,43657,12821,48601,17765,56478,0
96254,68742,41800,164996,138054,110542,1
25435,60345,53683,85780,79118,114028,1
86238,84861,56176,171099,142414,141037,1
73656,88390,40242,162046,113898,128632,1
6705,51476,98201,58181,104906,149677,0
62955,64449,12980,127404,75935,77429,1
76968,84831,39507,161799,116475,124338,1
97408,83873,35655,181281,133063,119528,1
23636,24657,27193,48293,50829,51850,1
38069,64978,24538,103047,62607,89516,0
19695,89885,64033,109580,83728,153918,0
41309,3152,9294,44461,50603,12446,0
38916,46756,62428,85672,101344,109184,1
40560,97485,66079,138045,106639,163564,1
73362,40200,22335,113562,95697,62535,0
70461,57772,62057,128233,132518,119829,1
45149,24729,74907,69878,120056,99636,0
16319,79330,8455,95649,24774,87785,0
84244,31468,90147,115712,174391,121615,1
95145,5405,13334,100550,108479,18739,0
56251,64132,52928,120383,109179,117060,1
19594,79069,69031,98663,88625,148100,1
23320,92069,26340,115389,49660,118409,0
14885,72763,93675,87648,108560,166438,0
49575,15044,24239,64619,73814,39283,0
341,73471,80615,73812,80956,154086,0
42058,45411,19207,87469,61265,64618,1
95756,29612,37850,125368,133606,67462,0
28121,93527,93787,121648,121908,187314,1
2488,46830,36113,49318,38601,82943,0
43061,11831,98447,54892,141508,110278,0
88797,54374,88164,143171,176961,142538,1
76874,87537,17213,164411,94087,104750,1
48268,46355,4980,94623,53248,51335,1
17069,14560,65495,31629,82564,80055,0
13667,34279,79077,47946,92744,113356,0
36526,55528,51726,92054,88252,107254,1
35781,93843,49231,129624,85012,143074,0
77310,46156,5934,123466,83244,52090,0
37671,54793,24219,92464,61890,79012,1
52660,77219,80136,129879,132796,157355,1
85560,30943,16476,116503,102036,47419,0
38046,46619,13359,84665,51405,59978,1
17100,38416,27111,55516,44211,65527,1
6849,2148,85927,8997,92776,88075,0
22469,63327,29768,85796,52237,93095,0
71885,95999,31758,167884,103643,127757,1
33594,61422,40365,95016,73959,101787,1
14343,8938,26092,23281,40435,35030,0
74345,51633,3982,125978,78327,55615,0
97572,9601,22993,107173,120565,32594,0
81888,57211,39562,139099,121450,96773,1
66108,78898,78373,145006,144481,157271,1
19593,49204,43997,68797,63590,93201,1
8254,29013,87571,37267,95825,116584,0
45151,47588,44421,92739,89572,92009,1
54622,13730,34896,68352,89518,48626,0
66164,465,25028,66629,91192,25493,0
49622,15581,80068,65203,129690,95649,0
95428,72140,68514,167568,163942,140654,1
88958,32667,56714,121625,145672,89381,1
81097,78128,15169,159225,96266,93297,1
23418,69109,50581,92527,73999,119690,1
16077,50155,42895,66232,58972,93050,1
45185,30747,10464,75932,55649,41211,0
77946,94295,78716,172241,156662,173011,1
62981,96215,82157,159196,145138,178372,1
53507,63107,25158,116614,78665,88265,1
65384,55244,29803,120628,95187,85047,1
55010,50210,90898,105220,145908,141108,1
75244,44385,10512,119629,85756,54897,0
1979,44766,25651,46745,27630,70417,0
21442,21811,58075,43253,79517,79886,0
10680,70212,92184,80892,102864,162396,0
44882,34764,3597,79646,48479,38361,0
54944,45112,71607,100056,126551,116719,1
60177,87197,13712,147374,73889,100909,0
38395,70776,13394,109171,51789,84170,0
79022,82919,57795,161941,136817,140714,1
50868,58737,8166,109605,59034,66903,1
91941,22623,52941,114564,144882,75564,0
5522,32110,10113,37632,15635,42223,0
89149,81940,50125,171089,139274,132065,1
58899,61589,10492,120488,69391,72081,1
47310,90945,83084,138255,130394,174029,1
54145,43458,74452,97603,128597,117910,1
75430,11285,95282,86715,170712,106567,0
41246,62433,95203,103679,136449,157636,1
90657,73351,68216,164008,158873,141567,1
10233,25786,98172,36019,108405,123958,0
29452,96579,83319,126031,112771,179898,1
85473,67351,71738,152824,157211,139089,1
46478,31635,15279,78113,61757,46914,1
87181,16137,25152,103318,112333,41289,0
74000,77336,4764,151336,78764,82100,1
48158,96860,81260,145018,129418,178120,1
84137,42211,55989,126348,140126,98200,1
41928,79231,76767,121159,118695,155998,1
94600,1373,76179,95973,170779,77552,0
54281,29220,60237,83501,114518,89457,1
55773,95174,58188,150947,113961,153362,1
83371,16922,35415,100293,118786,52337,0
9058,31308,93719,40366,102777,125027,0
52728,48672,27659,101400,80387,76331,1
90765,27016,80370,117781,171135,107386,1
23241,1048,9493,24289,32734,10541,0
59166,54391,40317,113557,99483,94708,1
72804,48572,53974,121376,126778,102546,1
88716,89460,36334,178176,125050,125794,1
96036,86500,16344,182536,112380,102844,1
16097,11584,74866,27681,90963,86450,0
58933,55944,14004,114877,72937,69948,1
43965,2377,70377,46342,114342,72754,0
45749,21343,37226,67092,82975,58569,1
92627,29685,93053,122312,185680,122738,1
30976,73636,39884,104612,70860,113520,0
95400,59077,41161,154477,136561,100238,1
38788,55679,72188,94467,110976,127867,1
44224,54966,37714,99190,81938,92680,1
97281,26717,54868,123998,152149,81585,0
86141,62245,58832,148386,144973,121077,1
47730,9040,56171,56770,103901,65211,1
22028,2169,8128,24197,30156,10297,0
98431,5318,49428,103749,147859,54746,0
68020,74213,78668,142233,146688,152881,1
76969,74995,30775,151964,107744,105770,1
78967,29700,28747,108667,107714,58447,0
31022,38323,97542,69345,128564,135865,0
6057,84970,18814,91027,24871,103784,0
32566,11290,3354,43856,35920,14644,0
87770,65177,95537,152947,183307,160714,1
83130,87116,20434,170246,103564,107550,1
62053,16939,23434,78992,85487,40373,0
99638,65625,93700,165263,193338,159325,1
61833,66763,81669,128596,143502,148432,1
9046,12069,17342,21115,26388,29411,1
73688,70945,25136,144633,98824,96081,1
81304,32869,12977,114173,94281,45846,0
31588,62655,50643,94243,82231,113298,1
34756,49590,99242,84346,133998,148832,0
65193,68698,52794,133891,117987,121492,1
19980,61960,46159,81940,66139,108119,1
99858,47963,29181,147821,129039,77144,0
23341,66100,44557,89441,67898,110657,1
961,87099,43317,88060,44278,130416,0
88543,6548,93333,95091,181876,99881,1
65833,23047,14258,88880,80091,37305,0
42394,33575,52310,75969,94704,85885,1
27802,99541,19224,127343,47026,118765,0
16074,97389,82838,113463,98912,180227,1
4664,43860,89440,48524,94104,133300,0
5882,3254,35258,9136,41140,38512,0
24258,12014,94641,36272,118899,106655,0
21432,90692,48299,112124,69731,138991,0
27381,28281,74456,55662,101837,102737,0
78058,66378,71199,144436,149257,137577,1
46710,84986,90912,131696,137622,175898,1
85836,73655,14268,159491,100104,87923,1
25251,4885,96164,30136,121415,101049,0
63104,14594,60669,77698,123773,75263,1
11886,42066,8673,53952,20559,50739,0
48079,77061,26558,125140,74637,103619,0
33711,82717,45097,116428,78808,127814,0
99371,10687,77509,110058,176880,88196,0
60682,41898,79865,102580,140547,121763,1
35501,11386,874,46887,36375,12260,0
76713,88376,93777,165089,170490,182153,1
31646,49097,82968,80743,114614,132065,0
22104,20704,95224,42808,117328,115928,0
79519,79221,99611,158740,179130,178832,1
78422,83735,38072,162157,116494,121807,1
25905,23871,26709,49776,52614,50580,1
65934,31921,23509,97855,89443,55430,0
41486,47592,20722,89078,62208,68314,1
78178,77543,82493,155721,160671,160036,1
76354,55077,61025,131431,137379,116102,1
97412,66248,43353,163660,140765,109601,1
10196,22307,64511,32503,74707,86818,0
43874,37885,75889,81759,119763,113774,1
55255,59019,23677,114274,78932,82696,1
47327,95828,16545,143155,63872,112373,0
65231,57266,1821,122497,67052,59087,0
90751,56639,49920,147390,140671,106559,1
92594,15238,41378,107832,133972,56616,0
15390,58418,67624,73808,83014,126042,1
79722,29798,17002,109520,96724,46800,0
37845,91092,73828,128937,111673,164920,1
85413,50152,80557,135565,165970,130709,1
13373,11396,75990,24769,89363,87386,0
61989,75377,96236,137366,158225,171613,1
26588,88075,6943,114663,33531,95018,0
4393,68928,47040,73321,51433,115968,0
49242,80365,4352,129607,53594,84717,0
41834,17216,29095,59050,70929,46311,1
19262,6164,61638,25426,80900,67802,0
92244,27322,44398,119566,136642,71720,0
31640,92385,93992,124025,125632,186377,1
90997,28368,11241,119365,102238,39609,0
80503,81300,15385,161803,95888,96685,1
2469,32302,3684,34771,6153,35986,0
18942,27680,97083,46622,116025,124763,0
67052,56990,94590,124042,161642,151580,1
66299,76669,69901,142968,136200,146570,1
23857,19295,3216,43152,27073,22511,0
55087,37179,78256,92266,133343,115435,1
49201,91506,59983,140707,109184,151489,1
36648,84447,7404,121095,44052,91851,0
99967,63631,5436,163598,105403,69067,0
21188,75635,48385,96823,69573,124020,0
36280,62053,32529,98333,68809,94582,1
13422,14037,28884,27459,42306,42921,0
29926,54632,70646,84558,100572,125278,1
64942,40355,755,105297,65697,41110,0
98509,42701,13605,141210,112114,56306,0
75742,93348,43086,169090,118828,136434,1
58479,96964,43280,155443,101759,140244,1
55201,23719,97372,78920,152573,121091,0
78228,9658,44658,87886,122886,54316,0
8443,20129,29855,28572,38298,49984,0
6387,50718,89959,57105,96346,140677,0
88254,85576,87340,173830,175594,172916,1
72948,51032,4882,123980,77830,55914,0
23227,79395,70701,102622,93928,150096,1
12281,91793,11041,104074,23322,102834,0
8601,28571,75284,37172,83885,103855,0
344,17230,21850,17574,22194,39080,0
87670,72310,39336,159980,127006,111646,1
35342,49713,1247,85055,36589,50960,0
54657,61907,61659,116564,116316,123566,1
45859,70082,47319,115941,93178,117401,1
58415,54701,21065,113116,79480,75766,1
5221,31277,8602,36498,13823,39879,0
22525,48711,31879,71236,54404,80590,1
34840,61426,4869,96266,39709,66295,0
8402,72217,87582,80619,95984,159799,0
78326,57362,27426,135688,105752,84788,1
73559,87318,12592,160877,86151,99910,0
44248,44508,49531,88756,93779,94039,1
57259,43811,1475,101070,58734,45286,0
25224,84864,88804,110088,114028,173668,1
54743,51540,93708,106283,148451,145248,1
15061,51113,99156,66174,114217,150269,0
21489,79455,74389,100944,95878,153844,1
39190,34639,68649,73829,107839,103288,1
26004,45451,21484,71455,47488,66935,1
88804,15712,28234,104516,117038,43946,0
90875,58545,17083,149420,107958,75628,0
27164,71003,61909,98167,89073,132912,1
29544,28067,87864,57611,117408,115931,0
56355,85866,33746,142221,90101,119612,1
75427,59443,82361,134870,157788,141804,1
70872,24091,88339,94963,159211,112430,1
65520,13803,53012,79323,118532,66815,1
52929,98062,579,150991,53508,98641,0
1245,44000,96240,45245,97485,140240,0
85553,84450,33338,170003,118891,117788,1
30013,78088,77143,108101,107156,155231,1
1416,38794,18584,40210,20000,57378,0
93074,57850,76696,150924,169770,134546,1
77477,24002,63089,101479,140566,87091,1
60554,71478,75431,132032,135985,146909,1
74192,29662,60935,103854,135127,90597,1
38366,19283,35249,57649,73615,54532,1
59682,2387,51550,62069,111232,53937,0
58115,70141,49523,128256,107638,119664,1
87489,4969,87626,92458,175115,92595,1
57117,21911,76844,79028,133961,98755,1
41436,6363,86092,47799,127528,92455,0
46803,19053,55441,65856,102244,74494,1
97898,98260,92903,196158,190801,191163,1
70774,73452,22503,144226,93277,95955,1
61716,92994,66069,154710,127785,159063,1
63299,92468,87918,155767,151217,180386,1
5138,73886,57141,79024,62279,131027,0
57918,1023,76709,58941,134627,77732,0
17934,66202,23464,84136,41398,89666,0
39653,90154,12842,129807,52495,102996,0
77119,39766,88816,116885,165935,128582,1
44391,23784,727,68175,45118,24511,0
33825,344,46446,34169,80271,46790,0
77573,85075,24021,162648,101594,109096,1
95668,24385,83735,120053,179403,108120,1
81140,76267,56366,157407,137506,132633,1
29428,78679,44536,108107,73964,123215,0
60789,31207,31324,91996,92113,62531,1
40777,66910,35920,107687,76697,102830,1
37070,12621,57445,49691,94515,70066,0
23448,6600,52924,30048,76372,59524,0
53759,30394,59205,84153,112964,89599,1
42004,84944,32796,126948,74800,117740,0
25973,55253,42037,81226,68010,97290,1
63074,55089,48805,118163,111879,103894,1
41750,97150,35383,138900,77133,132533,0
40089,75041,34115,115130,74204,109156,0
95383,20608,93507,115991,188890,114115,1
2376,79476,93830,81852,96206,173306,0
27277,25888,33489,53165,60766,59377,1
61203,8501,37437,69704,98640,45938,0
15482,31357,8176,46839,23658,39533,0
98300,12641,41691,110941,139991,54332,0
15116,45921,23207,61037,38323,69128,0
43953,70337,47260,114290,91213,117597,1
88474,2596,17622,91070,106096,20218,0
70495,12802,51241,83297,121736,64043,0
16795,18805,18235,35600,35030,37040,1
98804,44780,57392,143584,156196,102172,1
65648,95884,54353,161532,120001,150237,1
18078,10363,92666,28441,110744,103029,0
96935,7689,81551,104624,178486,89240,0
31054,24737,53177,55791,84231,77914,1
43893,71858,81181,115751,125074,153039,1
75852,90490,82773,166342,158625,173263,1
78399,98284,71465,176683,149864,169749,1
75557,18572,7964,94129,83521,26536,0
20166,40689,40985,60855,61151,81674,1
69841,86529,49854,156370,119695,136383,1
68128,83354,24721,151482,92849,108075,1
19365,841,24133,20206,43498,24974,0
19570,68599,62555,88169,82125,131154,1
85483,69827,3506,155310,88989,73333,0
96972,59939,1277,156911,98249,61216,0
98361,22983,88470,121344,186831,111453,1
33289,72564,92041,105853,125330,164605,1
59497,37708,36183,97205,95680,73891,1
20647,70330,11682,90977,32329,82012,0
5837,736,46318,6573,52155,47054,0
3635,31298,58243,34933,61878,89541,0
67119,28707,90239,95826,157358,118946,1
36756,45890,49935,82646,86691,95825,1
996,33466,19957,34462,20953,53423,0
58459,40856,72617,99315,131076,113473,1
4030,35284,97017,39314,101047,132301,0
19246,20124,33841,39370,53087,53965,1
38463,94382,12130,132845,50593,106512,0
75680,18389,95560,94069,171240,113949,0
21979,49911,16009,71890,37988,65920,0
80395,19711,12735,100106,93130,32446,0
87772,58075,51090,145847,138862,109165,1
83450,72633,27220,156083,110670,99853,1
18107,87592,63965,105699,82072,151557,0
241,74468,7746,74709,7987,82214,0
54482,16510,72866,70992,127348,89376,0
81752,99388,30483,181140,112235,129871,1
70854,63886,45938,134740,116792,109824,1
76597,78032,38471,154629,115068,116503,1
37015,58013,91314,95028,128329,149327,1
95339,28378,18164,123717,113503,46542,0
39349,79008,6525,118357,45874,85533,0
70933,52787,55539,123720,126472,108326,1
98154,48810,92643,146964,190797,141453,1
37214,39649,94682,76863,131896,134331,0
31843,13599,65330,45442,97173,78929,0
23596,86235,32762,109831,56358,118997,0
76962,66087,33247,143049,110209,99334,1
12252,44376,56746,56628,68998,101122,0
71417,27854,48089,99271,119506,75943,1
64167,89581,71073,153748,135240,160654,1
87548,65471,30639,153019,118187,96110,1
50870,90410,28441,141280,79311,118851,0
86260,75549,64644,161809,150904,140193,1
84119,9293,64995,93412,149114,74288,0
27797,22276,44454,50073,72251,66730,1
55031,83030,80381,138061,135412,163411,1
11240,18429,39436,29669,50676,57865,0
75460,56,86493,75516,161953,86549,0
51553,14863,6466,66416,58019,21329,0
982,12461,73390,13443,74372,85851,0
52940,17572,43998,70512,96938,61570,1
65,17445,43356,17510,43421,60801,0
44553,73619,34909,118172,79462,108528,1
70930,89805,69081,160735,140011,158886,1
45805,70744,98828,116549,144633,169572,1
3787,83113,73901,86900,77688,157014,0
7623,21464,77458,29087,85081,98922,0
90575,14792,71681,105367,162256,86473,0
736,41827,89271,42563,90007,131098,0
33765,68261,22634,102026,56399,90895,0
68502,53752,83935,122254,152437,137687,1
44048,28455,94683,72503,138731,123138,0
13292,34885,19273,48177,32565,54158,0
68257,7289,45954,75546,114211,53243,0
3050,6487,77265,9537,80315,83752,0
17738,50707,97200,68445,114938,147907,0
78391,42197,23741,120588,102132,65938,0
84812,41422,21815,126234,106627,63237,0
72239,62412,97292,134651,169531,159704,1
17574,74986,54285,92560,71859,129271,0
14279,37164,2514,51443,16793,39678,0
92109,97969,31739,190078,123848,129708,1
62518,15196,9222,77714,71740,24418,0
50271,6932,97175,57203,147446,104107,0
51649,36778,96557,88427,148206,133335,0
55389,55562,25460,110951,80849,81022,1
53988,86299,82963,140287,136951,169262,1
71229,32008,33174,103237,104403,65182,0
17207,51491,18518,68698,35725,70009,0
57472,57364,11520,114836,68992,68884,1
81413,5168,87814,86581,169227,92982,0
34014,37377,80806,71391,114820,118183,0
42789,76294,14763,119083,57552,91057,0
7775,68738,95600,76513,103375,164338,0
24211,69243,48303,93454,72514,117546,1
64649,88119,69237,152768,133886,157356,1
82958,36401,64857,119359,147815,101258,1
93064,27561,32821,120625,125885,60382,0
33494,35198,56554,68692,90048,91752,1
96612,32826,33218,129438,129830,66044,0
4349,18162,45807,22511,50156,63969,0
13620,96144,59016,109764,72636,155160,0
99275,11204,52654,110479,151929,63858,0
44224,33719,8871,77943,53095,42590,0
27808,6035,22962,33843,50770,28997,1
30139,17962,81306,48101,111445,99268,0
45648,8987,12514,54635,58162,21501,0
53853,85193,39041,139046,92894,124234,1
10256,2562,20091,12818,30347,22653,0
20682,56158,88166,76840,108848,144324,0
81247,86665,20189,167912,101436,106854,1
83046,69202,38721,152248,121767,107923,1
20189,54853,95161,75042,115350,150014,0
24048,90382,89160,114430,113208,179542,1
56064,33105,27524,89169,83588,60629,1
44491,41195,37740,85686,82231,78935,1
37898,84172,79697,122070,117595,163869,1
86725,18094,10465,104819,97190,28559,0
60792,34197,59140,94989,119932,93337,1
74314,55255,82262,129569,156576,137517,1
16152,96364,11088,112516,27240,107452,0
69644,47758,70672,117402,140316,118430,1
38872,37575,1922,76447,40794,39497,1
93328,99040,34558,192368,127886,133598,1
60852,14572,47728,75424,108580,62300,1
47093,99952,73657,147045,120750,173609,1
91527,97483,43083,189010,134610,140566,1
39621,87302,77533,126923,117154,164835,1
82377,5272,72368,87649,154745,77640,0
38669,28004,51680,66673,90349,79684,1
5288,54624,17186,59912,22474,71810,0
47664,80037,73050,127701,120714,153087,1
84730,24753,1372,109483,86102,26125,0
86466,35789,66788,122255,153254,102577,1
88109,231,68796,88340,156905,69027,0
96732,13022,17551,109754,114283,30573,0
12573,98907,73788,111480,86361,172695,0
92004,22587,63555,114591,155559,86142,0
80948,28999,15394,109947,96342,44393,0
32329,24316,63821,56645,96150,88137,0
32067,86212,73080,118279,105147,159292,1
64382,71314,98797,135696,163179,170111,1
41471,46976,1306,88447,42777,48282,0
10065,22093,60959,32158,71024,83052,0
32279,7509,7460,39788,39739,14969,0
73833,80706,55511,154539,129344,136217,1
91156,14546,25373,105702,116529,39919,0
17644,85313,96735,102957,114379,182048,1
26157,49514,53777,75671,79934,103291,1
23592,92633,18056,116225,41648,110689,0
34834,82791,62674,117625,97508,145465,1
72710,64603,70946,137313,143656,135549,1
2376,75514,24283,77890,26659,99797,0
51875,71236,45763,123111,97638,116999,1
45575,75731,56076,121306,101651,131807,1
33938,24879,43467,58817,77405,68346,1
21398,38183,21011,59581,42409,59194,1
20451,40957,51819,61408,72270,92776,1
58414,5750,22244,64164,80658,27994,0
82997,13053,98661,96050,181658,111714,0
55200,88074,72270,143274,127470,160344,1
12218,41585,61010,53803,73228,102595,0
48369,68658,73065,117027,121434,141723,1
89973,96723,19830,186696,109803,116553,1
24573,36735,28005,61308,52578,64740,1
92905,69088,93190,161993,186095,162278,1
69385,40649,6571,110034,75956,47220,0
51781,54203,223,105984,52004,54426,0
86811,84064,91887,170875,178698,175951,1
66739,92331,26266,159070,93005,118597,1
9449,30724,46138,40173,55587,76862,0
83649,19056,38363,102705,122012,57419,0
17880,27651,87808,45531,105688,115459,0
48193,59928,69283,108121,117476,129211,1
90878,80307,14190,171185,105068,94497,1
62731,30736,54970,93467,117701,85706,1
43702,36330,14701,80032,58403,51031,1
48033,72891,45107,120924,93140,117998,1
19476,11048,11675,30524,31151,22723,1
17136,92378,62991,109514,80127,155369,0
96589,44157,59430,140746,156019,103587,1
45562,57481,80467,103043,126029,137948,1
3588,42200,43469,45788,47057,85669,1
17411,18960,71558,36371,88969,90518,0
42610,34553,56741,77163,99351,91294,1
4944,25182,54144,30126,59088,79326,0
48535,63521,26101,112056,74636,89622,1
6653,79452,57210,86105,63863,136662,0
3257,86507,68329,89764,71586,154836,0
99190,32572,38015,131762,137205,70587,0
86062,85660,16892,171722,102954,102552,1
42229,54415,5160,96644,47389,59575,0
77203,3285,28301,80488,105504,31586,0
42702,97355,52419,140057,95121,149774,0
68038,38031,93113,106069,161151,131144,1
71490,41589,59151,113079,130641,100740,1
52176,99921,68508,152097,120684,168429,1
74390,1706,31673,76096,106063,33379,0
8098,94672,12277,102770,20375,106949,0
2244,65930,81814,68174,84058,147744,0
99929,86057,54917,185986,154846,140974,1
64010,11687,87264,75697,151274,98951,0
9412,38367,44277,47779,53689,82644,1
71554,78252,98053,149806,169607,176305,1
26495,57370,32274,83865,58769,89644,1
71410,62969,73419,134379,144829,136388,1
13424,15397,16101,28821,29525,31498,1
26807,74237,31875,101044,58682,106112,0
50384,51212,5345,101596,55729,56557,1
46610,30988,41187,77598,87797,72175,1
63031,82289,50986,145320,114017,133275,1
14820,67467,47476,82287,62296,114943,0
68301,38474,49491,106775,117792,87965,1
66506,52426,90850,118932,157356,143276,1
77365,30321,72219,107686,149584,102540,1
88693,77071,60882,165764,149575,137953,1
95615,9154,92044,104769,187659,101198,1
38458,50757,74140,89215,112598,124897,1
38037,11132,62150,49169,100187,73282,0
63036,63072,45361,126108,108397,108433,1
22637,99810,22944,122447,45581,122754,0
20077,45208,87785,65285,107862,132993,0
75175,76339,76718,151514,151893,153057,1
66942,93244,37524,160186,104466,130768,1
84199,74648,87589,158847,171788,162237,1
42244,72474,8884,114718,51128,81358,0
82701,6675,43670,89376,126371,50345,0
41060,80974,49947,122034,91007,130921,1
63839,56731,39617,120570,103456,96348,1
35937,17112,95677,53049,131614,112789,0
4067,13990,22342,18057,26409,36332,0
81368,43613,89587,124981,170955,133200,1
62278,24981,65579,87259,127857,90560,1
64084,69222,2705,133306,66789,71927,0
14908,7575,80346,22483,95254,87921,0
94071,86819,31614,180890,125685,118433,1
17919,93583,82788,111502,100707,176371,1
75957,23015,69701,98972,145658,92716,1
81015,70747,60103,151762,141118,130850,1
4670,14773,837,19443,5507,15610,0
62763,35674,74704,98437,137467,110378,1
5348,38384,20701,43732,26049,59085,0
99025,11559,7201,110584,106226,18760,0
49912,48009,90062,97921,139974,138071,1
17827,90444,12851,108271,30678,103295,0
25104,6934,18834,32038,43938,25768,1
82345,57457,87788,139802,170133,145245,1
27147,84894,1264,112041,28411,86158,0
84158,69774,20791,153932,104949,90565,1
81501,35272,99341,116773,180842,134613,1
45447,53908,17330,99355,62777,71238,1
44582,31073,16687,75655,61269,47760,1
89591,92325,90021,181916,179612,182346,1
80366,13458,87431,93824,167797,100889,1
37897,67127,82177,105024,120074,149304,1
12748,40251,74559,52999,87307,114810,0
20474,86493,18184,106967,38658,104677,0
10358,93811,35972,104169,46330,129783,0
88026,64101,10282,152127,98308,74383,0
86939,82405,5871,169344,92810,88276,1
6772,47675,92902,54447,99674,140577,0
38842,43559,78574,82401,117416,122133,1
58921,44589,48766,103510,107687,93355,1
95553,22411,61194,117964,156747,83605,0
69851,70095,19703,139946,89554,89798,1
76145,17886,70576,94031,146721,88462,1
32990,11446,26274,44436,59264,37720,1
2520,96183,1012,98703,3532,97195,0
39879,64151,50589,104030,90468,114740,1
52147,33220,82995,85367,135142,116215,1
4514,68735,2202,73249,6716,70937,0
74332,82206,94393,156538,168725,176599,1
22034,75496,70350,97530,92384,145846,1
16529,98646,4454,115175,20983,103100,0
28978,89410,54353,118388,83331,143763,0
16096,85538,22325,101634,38421,107863,0
94869,28513,95650,123382,190519,124163,1
46559,14194,1565,60753,48124,15759,0
37415,62656,74914,100071,112329,137570,1
103,12707,62926,12810,63029,75633,0
2636,1247,62630,3883,65266,63877,0
52611,90454,87574,143065,140185,178028,1
22845,57869,37302,80714,60147,95171,1
96113,84599,98023,180712,194136,182622,1
28183,49042,68006,77225,96189,117048,1
7298,17696,81012,24994,88310,98708,0
95873,4269,27594,100142,123467,31863,0
18260,58878,75292,77138,93552,134170,1
76343,18077,60189,94420,136532,78266,1
94497,6431,89307,100928,183804,95738,1
89821,58477,22900,148298,112721,81377,0
66641,87197,29661,153838,96302,116858,1
1102,9724,40083,10826,41185,49807,0
25598,27158,37842,52756,63440,65000,1
81242,51893,8698,133135,89940,60591,0
52886,55123,29230,108009,82116,84353,1
48397,29374,44733,77771,93130,74107,1
37449,87174,9981,124623,47430,97155,0
58134,4061,14725,62195,72859,18786,0
7958,69490,86304,77448,94262,155794,0
38553,38562,46909,77115,85462,85471,1
16216,19564,38559,35780,54775,58123,0
11346,4856,58778,16202,70124,63634,0
35501,38504,91291,74005,126792,129795,0
84607,48581,39127,133188,123734,87708,1
70907,32883,61740,103790,132647,94623,1
20929,72520,80182,93449,101111,152702,1
58303,12599,15517,70902,73820,28116,0
79528,94151,40964,173679,120492,135115,1
86774,82608,60803,169382,147577,143411,1
15540,98687,74012,114227,89552,172699,0
83432,5850,96439,89282,179871,102289,0
78413,847,91702,79260,170115,92549,0
57701,67844,47700,125545,105401,115544,1
74321,65207,97949,139528,172270,163156,1
70370,71952,16664,142322,87034,88616,1
34035,19702,23483,53737,57518,43185,1
60773,16944,38992,77717,99765,55936,0
42982,37926,15107,80908,58089,53033,1
18147,92649,35428,110796,53575,128077,0
73737,40305,87950,114042,161687,128255,1
87019,23854,21928,110873,108947,45782,0
56479,14524,65145,71003,121624,79669,1
2623,8901,567,11524,3190,9468,0
97108,98929,70802,196037,167910,169731,1
9703,96493,87125,106196,96828,183618,1
12566,39710,7320,52276,19886,47030,0
75826,11951,138,87777,75964,12089,0
93767,74429,19121,168196,112888,93550,0
90359,41804,51287,132163,141646,93091,1
96066,68204,26782,164270,122848,94986,0
79672,44331,39741,124003,119413,84072,1
15456,71933,872,87389,16328,72805,0
88687,24992,52116,113679,140803,77108,0
28580,47766,65488,76346,94068,113254,1
16038,41311,74685,57349,90723,115996,0
86138,44619,62593,130757,148731,107212,1
92176,99135,35836,191311,128012,134971,1
24663,77241,65620,101904,90283,142861,1
41716,4367,79369,46083,121085,83736,0
89891,92394,66741,182285,156632,159135,1
84568,92332,90777,176900,175345,183109,1
39478,17161,99750,56639,139228,116911,0
90024,76737,26908,166761,116932,103645,1
46868,712,83612,47580,130480,84324,0
73366,18700,22424,92066,95790,41124,0
30005,36128,96216,66133,126221,132344,0
35760,4989,99485,40749,135245,104474,0
69129,16229,89248,85358,158377,105477,0
21786,72009,61506,93795,83292,133515,1
19262,30027,3593,49289,22855,33620,0
33620,1610,31499,35230,65119,33109,0
15181,61608,69751,76789,84932,131359,1
9841,51522,39647,61363,49488,91169,0
59051,87455,5975,146506,65026,93430,0
78396,86348,73563,164744,151959,159911,1
67813,15476,26582,83289,94395,42058,0
67753,38329,43535,106082,111288,81864,1
91289,79133,44003,170422,135292,123136,1
87332,72076,72340,159408,159672,144416,1
90976,61343,35275,152319,126251,96618,1
12316,23229,33694,35545,46010,56923,1
60027,69739,30063,129766,90090,99802,1
49321,86276,59265,135597,108586,145541,1
6488,64099,91815,70587,98303,155914,0
12952,37895,51250,50847,64202,89145,0
18849,92170,22514,111019,41363,114684,0
69782,54041,83705,123823,153487,137746,1
48628,4741,26878,53369,75506,31619,0
87795,99651,33882,187446,121677,133533,1
47128,63921,10763,111049,57891,74684,0
17089,31133,43083,48222,60172,74216,1
80822,65910,40014,146732,120836,105924,1
91083,97705,51079,188788,142162,148784,1
90863,47271,63481,138134,154344,110752,1
32223,11131,61072,43354,93295,72203,0
43201,17978,38633,61179,81834,56611,1
75341,19445,22349,94786,97690,41794,0
72004,75733,62908,147737,134912,138641,1
50664,28170,66578,78834,117242,94748,1
99803,63979,12837,163782,112640,76816,0
90756,64927,7659,155683,98415,72586,0
6932,57442,65520,64374,72452,122962,0
26050,92381,85679,118431,111729,178060,1
99274,75829,71695,175103,170969,147524,1
68950,8378,53331,77328,122281,61709,0
22432,24640,99254,47072,121686,123894,0
47524,91064,45895,138588,93419,136959,1
78425,33089,34431,111514,112856,67520,0
65539,39178,86114,104717,151653,125292,1
53176,60884,93139,114060,146315,154023,1
81010,20971,23770,101981,104780,44741,0
2155,40291,32330,42446,34485,72621,0
3724,48189,19937,51913,23661,68126,0
24085,56572,89523,80657,113608,146095,0
28893,84859,52991,113752,81884,137850,0
47510,64015,50824,111525,98334,114839,1
26735,62179,1293,88914,28028,63472,0
44048,57122,31709,101170,75757,88831,1
74957,83108,15013,158065,89970,98121,1
50922,91053,59499,141975,110421,150552,1
46163,29210,75544,75373,121707,104754,0
97216,42260,67242,139476,164458,109502,1
71780,61661,49227,133441,121007,110888,1
37845,59112,65807,96957,103652,124919,1
44255,84365,89929,128620,134184,174294,1
12889,25513,51654,38402,64543,77167,0
69259,66370,64365,135629,133624,130735,1
91411,52782,86502,144193,177913,139284,1
99294,73721,26661,173015,125955,100382,1
64199,95575,18508,159774,82707,114083,0
8792,17614,2662,26406,11454,20276,0
83776,77467,49310,161243,133086,126777,1
73610,23530,10525,97140,84135,34055,0
2019,56297,2976,58316,4995,59273,0
55618,85978,34530,141596,90148,120508,1
12900,33241,30782,46141,43682,64023,1
53483,76073,57856,129556,111339,133929,1
78491,15101,76231,93592,154722,91332,1
71712,10351,40890,82063,112602,51241,0
35692,15962,45159,51654,80851,61121,1
32620,89857,30182,122477,62802,120039,0
27640,93430,29036,121070,56676,122466,0
61587,76618,25881,138205,87468,102499,1
96905,79568,17258,176473,114163,96826,0
17188,59606,65165,76794,82353,124771,1
65349,28316,8919,93665,74268,37235,0
62807,45774,64159,108581,126966,109933,1
48206,56576,66920,104782,115126,123496,1
81122,43472,26509,124594,107631,69981,0
5383,43770,38377,49153,43760,82147,0
45997,22729,48695,68726,94692,71424,1
48139,86504,25441,134643,73580,111945,0
22899,25532,20558,48431,43457,46090,1
14003,54899,26322,68902,40325,81221,0
87612,14589,32546,102201,120158,47135,0
34153,13758,62269,47911,96422,76027,0
7878,41236,43070,49114,50948,84306,1
12581,48258,52319,60839,64900,100577,1
55262,45370,68538,100632,123800,113908,1
68694,37255,6679,105949,75373,43934,0
65143,51602,91586,116745,156729,143188,1
21560,91924,33364,113484,54924,125288,0
27454,45259,51217,72713,78671,96476,1
32578,51216,66526,83794,99104,117742,1
20017,13179,52750,33196,72767,65929,0
35377,36610,5883,71987,41260,42493,1
74202,76780,43718,150982,117920,120498,1
66820,16827,78201,83647,145021,95028,1
95002,58304,85031,153306,180033,143335,1
14120,22984,43928,37104,58048,66912,0
32844,42604,48262,75448,81106,90866,1
17940,5073,20143,23013,38083,25216,1
39432,18994,20563,58426,59995,39557,1
86770,7332,17553,94102,104323,24885,0
58968,18524,73890,77492,132858,92414,1
11241,9161,9906,20402,21147,19067,1
13893,75208,99603,89101,113496,174811,0
96694,19824,37114,116518,133808,56938,0
78969,34259,43499,113228,122468,77758,0
34935,4763,61140,39698,96075,65903,0
35341,28347,32527,63688,67868,60874,1
19755,45443,20429,65198,40184,65872,0
26087,10093,35401,36180,61488,45494,1
27857,54402,90749,82259,118606,145151,0
96652,17063,10501,113715,107153,27564,0
85427,10862,62309,96289,147736,73171,0
72223,9912,47470,82135,119693,57382,0
98370,93030,31641,191400,130011,124671,1
9940,45828,9895,55768,19835,55723,0
23942,56036,68633,79978,92575,124669,1
40293,64953,11145,105246,51438,76098,0
75894,67189,77226,143083,153120,144415,1
86482,17680,24532,104162,111014,42212,0
14734,97037,55339,111771,70073,152376,0
4567,65044,79005,69611,83572,144049,0
1381,3642,1080,5023,2461,4722,0
37758,15532,9476,53290,47234,25008,0
31588,46394,79542,77982,111130,125936,0
93153,84437,88123,177590,181276,172560,1
23701,56279,82075,79980,105776,138354,0
69009,97090,87114,166099,156123,184204,1
39719,3176,17332,42895,57051,20508,0
13867,66327,28448,80194,42315,94775,0
5743,49602,40383,55345,46126,89985,0
62024,27352,75466,89376,137490,102818,1
52187,32766,60192,84953,112379,92958,1
91341,52360,42592,143701,133933,94952,1
75384,86161,75784,161545,151168,161945,1
28139,24775,16143,52914,44282,40918,1
31307,47894,74716,79201,106023,122610,1
41736,47024,34649,88760,76385,81673,1
84769,8227,69415,92996,154184,77642,0
23087,71336,98485,94423,121572,169821,0
60489,24652,70092,85141,130581,94744,1
68278,46963,9931,115241,78209,56894,0
10266,2799,44585,13065,54851,47384,0
12491,87586,31953,100077,44444,119539,0
55092,82839,51351,137931,106443,134190,1
42205,7820,82235,50025,124440,90055,0
84766,54841,94874,139607,179640,149715,1
17766,73657,25690,91423,43456,99347,0
2273,9005,42409,11278,44682,51414,0
72804,27278,4444,100082,77248,31722,0
95480,45478,71005,140958,166485,116483,1
6638,99253,28168,105891,34806,127421,0
79825,69980,99863,149805,179688,169843,1
12725,27157,47496,39882,60221,74653,0
9824,86877,66910,96701,76734,153787,0
70464,82662,96055,153126,166519,178717,1
71533,45470,16905,117003,88438,62375,0
42922,11240,55644,54162,98566,66884,0
38349,98942,54741,137291,93090,153683,0
21497,52112,29942,73609,51439,82054,0
79432,35852,66052,115284,145484,101904,1
35557,31510,54241,67067,89798,85751,1
73387,86192,36063,159579,109450,122255,1
96112,48580,65267,144692,161379,113847,1
49768,96384,54898,146152,104666,151282,1
41943,81535,667,123478,42610,82202,0
6826,95548,81708,102374,88534,177256,0
55552,68950,49599,124502,105151,118549,1
97974,85184,27062,183158,125036,112246,1
80507,60955,81725,141462,162232,142680,1
75999,576,19608,76575,95607,20184,0
72942,58780,69933,131722,142875,128713,1
94763,41233,99457,135996,194220,140690,1
58959,73430,49803,132389,108762,123233,1
87445,47172,11992,134617,99437,59164,0
9708,6943,3019,16651,12727,9962,1
84858,67484,15820,152342,100678,83304,0
14773,58164,88270,72937,103043,146434,0
39797,85816,22457,125613,62254,108273,0
8131,91918,21965,100049,30096,113883,0
92374,81967,4339,174341,96713,86306,0
2731,23519,99913,26250,102644,123432,0
13717,50811,46880,64528,60597,97691,1
39056,12251,28133,51307,67189,40384,1
12219,65056,5962,77275,18181,71018,0
68820,34864,86927,103684,155747,121791,1
78555,11225,31206,89780,109761,42431,0
39235,69832,38671,109067,77906,108503,1
64802,98243,97981,163045,162783,196224,1
75378,96043,79635,171421,155013,175678,1
73011,70955,92553,143966,165564,163508,1
3928,15600,95579,19528,99507,111179,0
53401,93615,71380,147016,124781,164995,1
14211,58801,36009,73012,50220,94810,0
37719,28552,10716,66271,48435,39268,1
91392,64868,7080,156260,98472,71948,0
69933,9740,55680,79673,125613,65420,0
50780,48851,72540,99631,123320,121391,1
74865,78004,5509,152869,80374,83513,1
57591,31097,2113,88688,59704,33210,0
10292,3156,45372,13448,55664,48528,0
22605,607,22458,23212,45063,23065,1
32708,71389,18555,104097,51263,89944,0
45659,53865,12992,99524,58651,66857,1
37577,15187,1318,52764,38895,16505,0
5884,98471,54005,104355,59889,152476,0
30700,12417,39344,43117,70044,51761,1
21143,63686,7613,84829,28756,71299,0
5823,58803,77256,64626,83079,136059,0
68557,2732,88280,71289,156837,91012,0
77125,59728,85975,136853,163100,145703,1
69621,79954,72770,149575,142391,152724,1
15705,12166,90973,27871,106678,103139,0
75746,68677,81896,144423,157642,150573,1
20212,63725,78943,83937,99155,142668,1
93678,79976,58175,173654,151853,138151,1
84891,14707,29742,99598,114633,44449,0
60313,97648,37747,157961,98060,135395,1
20738,94532,82977,115270,103715,177509,1
15385,41947,34832,57332,50217,76779,1
94075,9539,39447,103614,133522,48986,0
36499,53639,30787,90138,67286,84426,1
16697,15273,42787,31970,59484,58060,0
25945,24345,51316,50290,77261,75661,0
7049,42435,53568,49484,60617,96003,0
91707,84178,75533,175885,167240,159711,1
14807,23807,13074,38614,27881,36881,1
47049,22090,44056,69139,91105,66146,1
71936,5394,51418,77330,123354,56812,0
40345,42394,94855,82739,135200,137249,0
73696,93479,14676,167175,88372,108155,0
64106,48424,79260,112530,143366,127684,1
4603,31650,18024,36253,22627,49674,0
97561,76871,41906,174432,139467,118777,1
80985,56345,74425,137330,155410,130770,1
19486,66201,73404,85687,92890,139605,1
41562,72788,88202,114350,129764,160990,1
34999,19717,33058,54716,68057,52775,1
43496,12153,80414,55649,123910,92567,0
58065,7981,27910,66046,85975,35891,0
59394,11060,77813,70454,137207,88873,0
58887,95870,67805,154757,126692,163675,1
43368,94986,54424,138354,97792,149410,1
12026,67594,68929,79620,80955,136523,1
60638,64357,99810,124995,160448,164167,1
2731,54619,31373,57350,34104,85992,0
72765,36501,85819,109266,158584,122320,1
43674,30914,80810,74588,124484,111724,0
18234,7318,22967,25552,41201,30285,1
41914,98569,14354,140483,56268,112923,0
50609,89194,96011,139803,146620,185205,1
72354,44687,21323,117041,93677,66010,0
78933,27583,56910,106516,135843,84493,1
20423,98456,46928,118879,67351,145384,0
52240,39606,38866,91846,91106,78472,1
50801,26139,13009,76940,63810,39148,0
60911,57157,44246,118068,105157,101403,1
16787,80992,22374,97779,39161,103366,0
2256,91952,51761,94208,54017,143713,0
52008,1589,72080,53597,124088,73669,0
43346,2729,90423,46075,133769,93152,0
63484,63475,84431,126959,147915,147906,1
82809,5409,42766,88218,125575,48175,0
37638,82491,63754,120129,101392,146245,1
58388,7456,74164,65844,132552,81620,0
23204,23974,50106,47178,73310,74080,0
25899,38812,8735,64711,34634,47547,0
25558,78631,86934,104189,112492,165565,1
95471,64638,70930,160109,166401,135568,1
41927,66421,81039,108348,122966,147460,1
53086,74519,58649,127605,111735,133168,1
38369,84561,12223,122930,50592,96784,0
59073,75834,9486,134907,68559,85320,0
38964,86289,94571,125253,133535,180860,1
93598,89731,46365,183329,139963,136096,1
75436,24927,58299,100363,133735,83226,1
60788,78969,61145,139757,121933,140114,1
86797,8107,54783,94904,141580,62890,0
49737,7715,49528,57452,99265,57243,1
51756,96672,72866,148428,124622,169538,1
40095,74682,26642,114777,66737,101324,0
27965,17318,78261,45283,106226,95579,0
46093,10879,16205,56972,62298,27084,0
85667,46415,75234,132082,160901,121649,1
28555,47859,31981,76414,60536,79840,1
88351,96656,32472,185007,120823,129128,1
82402,44827,28347,127229,110749,73174,0
2158,59791,53233,61949,55391,113024,0
40581,95721,15425,136302,56006,111146,0
9105,70760,88558,79865,97663,159318,0
17511,32197,36674,49708,54185,68871,1
53865,76044,77900,129909,131765,153944,1
89884,22278,76799,112162,166683,99077,1
67442,20394,60884,87836,128326,81278,1
49185,80438,59559,129623,108744,139997,1
1979,84378,82114,86357,84093,166492,0
9807,48809,71058,58616,80865,119867,0
45426,90349,35278,135775,80704,125627,0
44803,17203,16299,62006,61102,33502,0
27856,25087,93572,52943,121428,118659,0
58819,98367,42262,157186,101081,140629,1
4207,79472,76551,83679,80758,156023,1
50722,96350,39359,147072,90081,135709,0
39142,51826,67482,90968,106624,119308,1
17205,42032,65176,59237,82381,107208,0
91183,26330,7405,117513,98588,33735,0
94014,8264,55998,102278,150012,64262,0
95770,31846,27496,127616,123266,59342,0
36386,97252,83371,133638,119757,180623,1
23030,51810,50424,74840,73454,102234,1
2346,3188,90617,5534,92963,93805,0
53654,37070,26239,90724,79893,63309,1
78416,69292,18376,147708,96792,87668,1
84507,73521,21164,158028,105671,94685,1
71742,28971,43959,100713,115701,72930,1
63980,75278,66539,139258,130519,141817,1
5319,91845,92699,97164,98018,184544,1
89240,99371,38989,188611,128229,138360,1
62540,36470,21975,99010,84515,58445,0
38587,62587,79565,101174,118152,142152,1
51778,71301,35109,123079,86887,106410,1
3449,3503,16463,6952,19912,19966,0
82723,34393,85120,117116,167843,119513,1
99573,72728,18940,172301,118513,91668,0
96720,79493,42849,176213,139569,122342,1
50750,37427,18904,88177,69654,56331,1
92410,89219,13801,181629,106211,103020,1
65136,34073,17862,99209,82998,51935,0
85349,84037,20350,169386,105699,104387,1
69273,93426,54690,162699,123963,148116,1
52959,33923,88401,86882,141360,122324,0
39761,57846,26484,97607,66245,84330,1
51536,40545,5073,92081,56609,45618,0
79829,76495,84157,156324,163986,160652,1
62732,36840,11873,99572,74605,48713,0
24983,82978,99646,107961,124629,182624,1
538,80524,75328,81062,75866,155852,0
87415,54335,63288,141750,150703,117623,1
49394,82931,76702,132325,126096,159633,1
19585,54206,68367,73791,87952,122573,1
63445,44010,36533,107455,99978,80543,1
61273,26599,33348,87872,94621,59947,0
67107,86071,33832,153178,100939,119903,1
86958,73445,24803,160403,111761,98248,1
68347,42635,55956,110982,124303,98591,1
27590,44805,82320,72395,109910,127125,0
74954,68238,31971,143192,106925,100209,1
83701,31679,35979,115380,119680,67658,0
48743,9389,90436,58132,139179,99825,0
5564,66906,65392,72470,70956,132298,1
50077,63364,70418,113441,120495,133782,1
31261,55296,91430,86557,122691,146726,0
29766,30110,49772,59876,79538,79882,1
39167,7471,85857,46638,125024,93328,0
45668,1602,71318,47270,116986,72920,0
91078,73413,74228,164491,165306,147641,1
29241,33402,46323,62643,75564,79725,1
31132,32843,36718,63975,67850,69561,1
85857,39911,5901,125768,91758,45812,0
13392,83122,26639,96514,40031,109761,0
97984,69784,34288,167768,132272,104072,1
97397,63418,34206,160815,131603,97624,1
78883,11660,85837,90543,164720,97497,1
87370,61874,14936,149244,102306,76810,0
46975,98965,46156,145940,93131,145121,0
26692,18854,81718,45546,108410,100572,0
93712,3103,31839,96815,125551,34942,0
28821,130,30628,28951,59449,30758,0
19209,47794,95828,67003,115037,143622,0
12907,52385,88526,65292,101433,140911,0
86780,37901,13678,124681,100458,51579,0
4641,64336,5868,68977,10509,70204,0
57804,21689,82076,79493,139880,103765,0
58856,13196,38425,72052,97281,51621,0
12123,67106,36079,79229,48202,103185,0
34751,81085,22444,115836,57195,103529,0
51371,76738,46537,128109,97908,123275,1
47980,398,44467,48378,92447,44865,0
94940,94520,36085,189460,131025,130605,1
60720,51217,43141,111937,103861,94358,1
39383,98195,89928,137578,129311,188123,1
47994,7108,34775,55102,82769,41883,0
26177,26639,48414,52816,74591,75053,1
72665,54325,28074,126990,100739,82399,1
87969,76699,3136,164668,91105,79835,0
31392,70426,93138,101818,124530,163564,1
25680,1888,45786,27568,71466,47674,0
37322,52673,94655,89995,131977,147328,0
52796,66888,61041,119684,113837,127929,1
21,24502,74300,24523,74321,98802,0
71669,95321,25458,166990,97127,120779,1
41451,82819,41312,124270,82763,124131,0
93941,7412,65417,101353,159358,72829,0
49576,93848,11577,143424,61153,105425,0
57357,38897,64245,96254,121602,103142,1
36254,89007,1053,125261,37307,90060,0
924,57165,22739,58089,23663,79904,0
30159,23022,83097,53181,113256,106119,0
54544,61751,58700,116295,113244,120451,1
80702,15740,16613,96442,97315,32353,0
81412,37525,95969,118937,177381,133494,1
91923,78646,46849,170569,138772,125495,1
37123,96425,12035,133548,49158,108460,0
82989,73155,96077,156144,179066,169232,1
15786,56785,17393,72571,33179,74178,0
71272,25388,38170,96660,109442,63558,0
65770,13348,49559,79118,115329,62907,0
35366,88881,70773,124247,106139,159654,1
50952,34171,9034,85123,59986,43205,0
92149,80189,65908,172338,158057,146097,1
54589,28826,76949,83415,131538,105775,1
86205,77397,80756,163602,166961,158153,1
72104,46325,23628,118429,95732,69953,0
50583,58973,53878,109556,104461,112851,1
7732,30401,46506,38133,54238,76907,0
80374,87478,14861,167852,95235,102339,1
29074,65866,91438,94940,120512,157304,1
8203,45747,43619,53950,51822,89366,1
99345,11148,30713,110493,130058,41861,0
51273,52974,53809,104247,105082,106783,1
87782,35485,92769,123267,180551,128254,1
6125,80975,90041,87100,96166,171016,0
7888,33034,20514,40922,28402,53548,0
33692,37949,46128,71641,79820,84077,1
43174,11475,45189,54649,88363,56664,1
32095,2202,91699,34297,123794,93901,0
42563,15508,81226,58071,123789,96734,0
19490,65653,39855,85143,59345,105508,0
22995,1079,15460,24074,38455,16539,0
10071,81056,97834,91127,107905,178890,0
49046,89455,33065,138501,82111,122520,0
72173,78273,47544,150446,119717,125817,1
59311,96239,21046,155550,80357,117285,0
59674,23768,63475,83442,123149,87243,1
38324,53214,14340,91538,52664,67554,0
87878,39561,76898,127439,164776,116459,1
76683,41975,16118,118658,92801,58093,0
30040,79029,50275,109069,80315,129304,1
64268,63054,1920,127322,66188,64974,1
74430,47803,32686,122233,107116,80489,1
89526,95363,76275,184889,165801,171638,1
77594,28987,63737,106581,141331,92724,1
5403,81033,72126,86436,77529,153159,0
90546,43691,18639,134237,109185,62330,0
50660,66554,56862,117214,107522,123416,1
45722,6706,25788,52428,71510,32494,0
11240,51551,65058,62791,76298,116609,0
4214,2884,22785,7098,26999,25669,0
40082,1981,68371,42063,108453,70352,0
41235,35028,37723,76263,78958,72751,1
51762,8514,10555,60276,62317,19069,0
22968,8683,47418,31651,70386,56101,0
56495,80260,24991,136755,81486,105251,1
14527,48923,55629,63450,70156,104552,1
20197,76247,32348,96444,52545,108595,0
28489,58162,32664,86651,61153,90826,1
18458,62274,18893,80732,37351,81167,0
15324,75552,54991,90876,70315,130543,0
58961,22690,22199,81651,81160,44889,0
50563,49015,87853,99578,138416,136868,1
45939,14739,52079,60678,98018,66818,1
46966,62397,91275,109363,138241,153672,1
26407,14137,60075,40544,86482,74212,0
62514,54236,62519,116750,125033,116755,1
97217,81459,5905,178676,103122,87364,0
58032,12531,54168,70563,112200,66699,1
10744,51686,14116,62430,24860,65802,0
3181,43564,4720,46745,7901,48284,0
59177,61648,95829,120825,155006,157477,1
55918,99665,1123,155583,57041,100788,0
46317,5654,18883,51971,65200,24537,0
84517,4757,25904,89274,110421,30661,0
86509,35876,33520,122385,120029,69396,0
61635,58049,19053,119684,80688,77102,1
57143,86151,28777,143294,85920,114928,0
46098,53641,3309,99739,49407,56950,0
34777,26428,66902,61205,101679,93330,0
7334,33791,17507,41125,24841,51298,0
60693,98423,2895,159116,63588,101318,0
89702,4709,48494,94411,138196,53203,0
38496,75160,36188,113656,74684,111348,0
60593,76522,61434,137115,122027,137956,1
23872,44289,90793,68161,114665,135082,0
82978,59820,47689,142798,130667,107509,1
59764,9210,39951,68974,99715,49161,0
20451,17555,75476,38006,95927,93031,0
90775,72524,61711,163299,152486,134235,1
17617,73897,99220,91514,116837,173117,0
70908,75116,55094,146024,126002,130210,1
38179,57235,62002,95414,100181,119237,1
85616,4441,36480,90057,122096,40921,0
93879,80684,8750,174563,102629,89434,0
67449,92327,37461,159776,104910,129788,1
47861,23103,71892,70964,119753,94995,0
55194,37061,51899,92255,107093,88960,1
33517,18612,37779,52129,71296,56391,1
53772,46772,17048,100544,70820,63820,1
72678,84987,18325,157665,91003,103312,1
13851,10473,63279,24324,77130,73752,0
94532,55164,40332,149696,134864,95496,1
59508,86091,515,145599,60023,86606,0
41622,65287,19635,106909,61257,84922,0
69046,27849,545,96895,69591,28394,0
15954,23719,68667,39673,84621,92386,0
59138,77627,49937,136765,109075,127564,1
15050,7575,42642,22625,57692,50217,0
51262,58122,88132,109384,139394,146254,1
30173,80190,34161,110363,64334,114351,0
64660,19254,13687,83914,78347,32941,0
15229,57640,76041,72869,91270,133681,0
55596,66267,309,121863,55905,66576,0
86545,77716,57460,164261,144005,135176,1
3006,96785,16198,99791,19204,112983,0
40466,73010,3804,113476,44270,76814,0
78272,90628,63421,168900,141693,154049,1
42161,864,62712,43025,104873,63576,0
86185,95688,48201,181873,134386,143889,1
26748,91736,81000,118484,107748,172736,1
41170,35701,5506,76871,46676,41207,1
44376,93041,88909,137417,133285,181950,1
43700,34136,69513,77836,113213,103649,1
72612,3724,8247,76336,80859,11971,0
30652,17865,57192,48517,87844,75057,0
67218,50327,39074,117545,106292,89401,1
95591,99670,45351,195261,140942,145021,1
58317,88838,90377,147155,148694,179215,1
78385,67590,50912,145975,129297,118502,1
87999,56710,31065,144709,119064,87775,0
55298,14661,48253,69959,103551,62914,1
89295,69602,35727,158897,125022,105329,1
91574,96394,89745,187968,181319,186139,1
10000,88245,42378,98245,52378,130623,0
97815,39538,62095,137353,159910,101633,1
6621,95574,7761,102195,14382,103335,0
3819,6980,76981,10799,80800,83961,0
62381,71665,52249,134046,114630,123914,1
21533,55627,63073,77160,84606,118700,1
10842,57905,8845,68747,19687,66750,0
61659,98143,57261,159802,118920,155404,1
65027,43460,44736,108487,109763,88196,1
48523,67964,40992,116487,89515,108956,1
55773,95431,59868,151204,115641,155299,1
49503,62808,40258,112311,89761,103066,1
71908,99291,78947,171199,150855,178238,1
44794,84592,18794,129386,63588,103386,0
41654,84967,77458,126621,119112,162425,1
64292,25795,38742,90087,103034,64537,1
29783,23675,90746,53458,120529,114421,0
25473,88103,29431,113576,54904,117534,0
71549,4591,13045,76140,84594,17636,0
71903,84164,58542,156067,130445,142706,1
78730,63468,66688,142198,145418,130156,1
78120,97246,20697,175366,98817,117943,1
65182,71713,29697,136895,94879,101410,1
80874,310,54326,81184,135200,54636,0
74483,653,44462,75136,118945,45115,0
82653,95118,90069,177771,172722,185187,1
96828,78103,22041,174931,118869,100144,1
50828,88650,90602,139478,141430,179252,1
40659,94231,12120,134890,52779,106351,0
64565,33073,72243,97638,136808,105316,1
32435,98892,64060,131327,96495,162952,0
91171,60844,82718,152015,173889,143562,1
49979,80605,35966,130584,85945,116571,1
48839,66563,46684,115402,95523,113247,1
13973,34475,4741,48448,18714,39216,0
61563,52048,64575,113611,126138,116623,1
57441,19227,44877,76668,102318,64104,1
91477,97492,58870,188969,150347,156362,1
92378,41253,56386,133631,148764,97639,1
89033,72902,90187,161935,179220,163089,1
5728,49712,88962,55440,94690,138674,0
78692,50666,83073,129358,161765,133739,1
82868,93713,35887,176581,118755,129600,1
62637,42298,67894,104935,130531,110192,1
53885,55225,57786,109110,111671,113011,1
26532,79868,7648,106400,34180,87516,0
7816,45811,61772,53627,69588,107583,0
95137,69770,42667,164907,137804,112437,1
66094,82657,83825,148751,149919,166482,1
88585,36459,18102,125044,106687,54561,0
20380,20459,20799,40839,41179,41258,1
73080,30054,36495,103134,109575,66549,0
25936,75357,12676,101293,38612,88033,0
35315,40951,64338,76266,99653,105289,1
51315,96011,69144,147326,120459,165155,1
933,77416,71106,78349,72039,148522,0
89075,65742,46368,154817,135443,112110,1
51969,14766,1776,66735,53745,16542,0
17597,23172,1121,40769,18718,24293,0
42139,50186,40024,92325,82163,90210,1
54485,76024,74243,130509,128728,150267,1
97097,40854,20755,137951,117852,61609,0
80379,34349,68776,114728,149155,103125,1
12194,66529,9814,78723,22008,76343,0
48504,34994,22336,83498,70840,57330,1
40875,16608,70536,57483,111411,87144,0
14860,28827,88481,43687,103341,117308,0
83284,72899,89159,156183,172443,162058,1
33980,86314,87007,120294,120987,173321,1
90005,13297,87302,103302,177307,100599,1
364,45471,28295,45835,28659,73766,0
64421,17946,12643,82367,77064,30589,0
88799,89997,92127,178796,180926,182124,1
27272,62309,55702,89581,82974,118011,1
29003,75763,58637,104766,87640,134400,1
93503,56114,17363,149617,110866,73477,0
56834,83973,44434,140807,101268,128407,1
10704,41523,54958,52227,65662,96481,0
79944,44458,65478,124402,145422,109936,1
79853,31409,31026,111262,110879,62435,0
56134,78887,9289,135021,65423,88176,0
80798,1550,69507,82348,150305,71057,0
19476,87820,12620,107296,32096,100440,0
30460,83472,61476,113932,91936,144948,1
96043,60499,45165,156542,141208,105664,1
16289,70669,38940,86958,55229,109609,0
18589,55455,70117,74044,88706,125572,1
37770,32685,23340,70455,61110,56025,1
22205,81954,39,104159,22244,81993,0
19745,76600,14106,96345,33851,90706,0
44383,47333,86269,91716,130652,133602,1
44095,56123,74328,100218,118423,130451,1
24798,49544,16796,74342,41594,66340,0
27422,64042,36790,91464,64212,100832,1
90442,44943,37766,135385,128208,82709,0
87707,50767,35537,138474,123244,86304,0
94089,50397,47105,144486,141194,97502,1
53808,31418,82286,85226,136094,113704,1
77896,98685,62975,176581,140871,161660,1
28188,18083,63208,46271,91396,81291,0
67343,5145,30786,72488,98129,35931,0
7614,40508,9698,48122,17312,50206,0
98001,18470,49425,116471,147426,67895,0
94543,18071,68317,112614,162860,86388,0
48299,39327,62190,87626,110489,101517,1
61028,52535,93481,113563,154509,146016,1
4731,66369,69881,71100,74612,136250,1
31169,39398,7051,70567,38220,46449,0
95618,419,63931,96037,159549,64350,0
20803,66218,11002,87021,31805,77220,0
53324,58175,81003,111499,134327,139178,1
19756,12074,46341,31830,66097,58415,0
85881,71783,98963,157664,184844,170746,1
92203,15360,55646,107563,147849,71006,0
38571,95115,8313,133686,46884,103428,0
64006,93716,65231,157722,129237,158947,1
56914,99312,50428,156226,107342,149740,1
63504,84133,74193,147637,137697,158326,1
67088,56606,86642,123694,153730,143248,1
1409,40733,24286,42142,25695,65019,0
85679,3009,78612,88688,164291,81621,0
70786,72989,26427,143775,97213,99416,1
99559,73829,10232,173388,109791,84061,0
3081,38021,88526,41102,91607,126547,0
94780,2793,37815,97573,132595,40608,0
24110,13516,32194,37626,56304,45710,1
87973,41944,58172,129917,146145,100116,1
22628,5130,45556,27758,68184,50686,0
79225,77941,12601,157166,91826,90542,1
9061,80522,80101,89583,89162,160623,1
72921,78591,41777,151512,114698,120368,1
36906,3775,62527,40681,99433,66302,0
73248,24248,6674,97496,79922,30922,0
97582,34907,31987,132489,129569,66894,0
25546,78092,72502,103638,98048,150594,1
13364,43923,8430,57287,21794,52353,0
38308,55857,71976,94165,110284,127833,1
76070,41562,12269,117632,88339,53831,0
62603,20599,74020,83202,136623,94619,1
82275,43689,42725,125964,125000,86414,1
27882,25735,70505,53617,98387,96240,0
93721,22285,4420,116006,98141,26705,0
89201,39452,15243,128653,104444,54695,0
82047,87707,69138,169754,151185,156845,1
90672,19444,77614,110116,168286,97058,1
55261,22844,10888,78105,66149,33732,0
30855,35574,4136,66429,34991,39710,0
27645,50038,4402,77683,32047,54440,0
29169,1229,87760,30398,116929,88989,0
27346,49858,60380,77204,87726,110238,1
7338,19278,13844,26616,21182,33122,1
27736,22314,11637,50050,39373,33951,1
38791,99718,69525,138509,108316,169243,1
28239,79853,26105,108092,54344,105958,0
782,97271,83907,98053,84689,181178,0
92030,96006,74174,188036,166204,170180,1
86164,6498,50373,92662,136537,56871,0
63415,34242,98827,97657,162242,133069,0
67595,68994,84084,136589,151679,153078,1
38347,26237,76272,64584,114619,102509,0
30919,3424,74452,34343,105371,77876,0
35850,28463,64932,64313,100782,93395,0
39134,9981,48493,49115,87627,58474,1
26178,61253,14836,87431,41014,76089,0
29312,324,89443,29636,118755,89767,0
64044,30946,52984,94990,117028,83930,1
16775,81910,11580,98685,28355,93490,0
77340,35809,58303,113149,135643,94112,1
67143,83544,52197,150687,119340,135741,1
49073,65297,79003,114370,128076,144300,1
51805,59880,60236,111685,112041,120116,1
70591,44346,14466,114937,85057,58812,0
99496,67886,95064,167382,194560,162950,1
75829,30042,12015,105871,87844,42057,0
66079,5052,92853,71131,158932,97905,0
6618,49534,49384,56152,56002,98918,1
40302,8524,84807,48826,125109,93331,0
45694,93056,38648,138750,84342,131704,0
71825,33892,25868,105717,97693,59760,0
94967,19773,89590,114740,184557,109363,1
1190,94298,94400,95488,95590,188698,1
63070,77358,97040,140428,160110,174398,1
3428,81243,7320,84671,10748,88563,0
58085,20989,72520,79074,130605,93509,1
67649,10850,25229,78499,92878,36079,0
32598,7944,16164,40542,48762,24108,0
89282,32007,91983,121289,181265,123990,1
55583,26172,24773,81755,80356,50945,0
73271,3606,33728,76877,106999,37334,0
48001,27026,61657,75027,109658,88683,1
14687,399,87649,15086,102336,88048,0
83862,18892,52322,102754,136184,71214,0
76809,64293,36117,141102,112926,100410,1
59631,19276,31385,78907,91016,50661,0
80564,11077,26950,91641,107514,38027,0
4578,81241,94823,85819,99401,176064,0
86859,9280,81704,96139,168563,90984,1
15518,75860,84966,91378,100484,160826,1
7728,16895,75606,24623,83334,92501,0
24609,76409,56640,101018,81249,133049,1
16582,7743,52774,24325,69356,60517,0
33027,64109,49741,97136,82768,113850,1
9198,96541,59757,105739,68955,156298,0
19728,26665,19153,46393,38881,45818,1
53049,27330,25438,80379,78487,52768,0
22382,90861,46551,113243,68933,137412,0
16472,53137,81300,69609,97772,134437,0
3694,93314,30646,97008,34340,123960,0
57787,55391,94370,113178,152157,149761,1
52146,29512,30464,81658,82610,59976,1
99127,698,64346,99825,163473,65044,0
66912,12092,28841,79004,95753,40933,0
52655,77111,65173,129766,117828,142284,1
43688,42527,6002,86215,49690,48529,1
45309,36585,43035,81894,88344,79620,1
72201,47989,81695,120190,153896,129684,1
2827,12312,62265,15139,65092,74577,0
71057,13547,23886,84604,94943,37433,0
70658,78150,67166,148808,137824,145316,1
4091,51001,78879,55092,82970,129880,0
94584,21290,93981,115874,188565,115271,1
55501,61749,15124,117250,70625,76873,1
30643,25773,10587,56416,41230,36360,1
8995,71463,79203,80458,88198,150666,1
93349,99188,49918,192537,143267,149106,1
10456,9109,62975,19565,73431,72084,0
54250,2335,34271,56585,88521,36606,0
54530,72776,13260,127306,67790,86036,0
50173,62319,31420,112492,81593,93739,1
29514,3810,64133,33324,93647,67943,0
10636,3700,35869,14336,46505,39569,0
79315,4442,68062,83757,147377,72504,0
70971,46204,71260,117175,142231,117464,1
30430,62022,35410,92452,65840,97432,1
55033,60392,31644,115425,86677,92036,1
54740,11490,7967,66230,62707,19457,0
7975,25045,81111,33020,89086,106156,0
19403,29453,43380,48856,62783,72833,1
35199,41417,83596,76616,118795,125013,0
74831,56171,97497,131002,172328,153668,1
73970,58523,82615,132493,156585,141138,1
47190,72002,19491,119192,66681,91493,0
54489,48429,66667,102918,121156,115096,1
84324,61078,6274,145402,90598,67352,0
99159,43657,51002,142816,150161,94659,0
9637,29026,77204,38663,86841,106230,0
608,12668,38423,13276,39031,51091,0
66944,66305,28972,133249,95916,95277,1
95685,5392,97894,101077,193579,103286,1
86952,9573,959,96525,87911,10532,0
79764,63902,80622,143666,160386,144524,1
46495,8708,80141,55203,126636,88849,0
49913,68268,45261,118181,95174,113529,1
73367,23675,58480,97042,131847,82155,1
98125,41313,96393,139438,194518,137706,1
88414,71340,94658,159754,183072,165998,1
51787,68349,65075,120136,116862,133424,1
1540,44512,19470,46052,21010,63982,0
15838,38262,99671,54100,115509,137933,0
86890,1942,30791,88832,117681,32733,0
62460,46359,2744,108819,65204,49103,0
94473,11756,76090,106229,170563,87846,0
14388,91875,76007,106263,90395,167882,0
68595,75852,61946,144447,130541,137798,1
24897,2778,53104,27675,78001,55882,0
44794,66487,68449,111281,113243,134936,1
11631,21818,34859,33449,46490,56677,0
16525,85532,96902,102057,113427,182434,1
40931,40689,1167,81620,42098,41856,1
99974,38695,99995,138669,199969,138690,1
5784,36688,85579,42472,91363,122267,0
46580,21826,87956,68406,134536,109782,0
86898,74524,22863,161422,109761,97387,1
82827,4413,9832,87240,92659,14245,0
82137,54194,44959,136331,127096,99153,1
43997,14532,18887,58529,62884,33419,0
73467,53429,82043,126896,155510,135472,1
56054,94452,27622,150506,83676,122074,0
71274,49022,18318,120296,89592,67340,0
38064,76838,70746,114902,108810,147584,1
5822,81474,8115,87296,13937,89589,0
32322,98006,74596,130328,106918,172602,1
37700,64326,29571,102026,67271,93897,1
53308,34761,50427,88069,103735,85188,1
18293,90337,31325,108630,49618,121662,0
13643,22456,3339,36099,16982,25795,0
48378,73539,19099,121917,67477,92638,0
51814,62635,57368,114449,109182,120003,1
31927,66791,9112,98718,41039,75903,0
39460,42073,55303,81533,94763,97376,1
20914,37309,51066,58223,71980,88375,1
64820,2805,86766,67625,151586,89571,0
7046,52516,96162,59562,103208,148678,0
44187,36781,63665,80968,107852,100446,1
87287,37679,35605,124966,122892,73284,0
52947,37948,13161,90895,66108,51109,0
83623,16056,4565,99679,88188,20621,0
10552,71615,87735,82167,98287,159350,0
16026,29226,72731,45252,88757,101957,0
16990,11957,92809,28947,109799,104766,0
72392,36585,47375,108977,119767,83960,1
5090,97506,93191,102596,98281,190697,1
31373,82841,55331,114214,86704,138172,1
82896,27335,38577,110231,121473,65912,0
23902,71411,33270,95313,57172,104681,0
73299,68302,43520,141601,116819,111822,1
98892,51064,17154,149956,116046,68218,0
29148,42621,2713,71769,31861,45334,0
82434,8528,94969,90962,177403,103497,0
26372,44189,91709,70561,118081,135898,0
42650,45243,64698,87893,107348,109941,1
71859,71030,36012,142889,107871,107042,1
34448,85795,22933,120243,57381,108728,0
80821,79255,78010,160076,158831,157265,1
28312,78128,65575,106440,93887,143703,1
68733,49118,98404,117851,167137,147522,1
33524,6219,13853,39743,47377,20072,0
3799,57083,44856,60882,48655,101939,0
2009,18211,28588,20220,30597,46799,0
78088,4657,61785,82745,139873,66442,0
71134,99584,96941,170718,168075,196525,1
80494,91385,11190,171879,91684,102575,1
94825,88596,190,183421,95015,88786,0
39489,69058,73177,108547,112666,142235,1
94178,21066,15267,115244,109445,36333,0
53485,51374,71960,104859,125445,123334,1
6343,8471,72797,14814,79140,81268,0
67289,22861,52673,90150,119962,75534,1
82745,18884,12510,101629,95255,31394,0
69500,79444,20240,148944,89740,99684,1
3740,64035,52276,67775,56016,116311,0
78560,8529,13958,87089,92518,22487,0
33277,73760,71837,107037,105114,145597,1
38786,34819,40728,73605,79514,75547,1
16180,48532,66886,64712,83066,115418,0
61349,84345,3576,145694,64925,87921,0
83775,57495,93638,141270,177413,151133,1
76298,24431,74716,100729,151014,99147,1
50823,82887,49231,133710,100054,132118,1
84573,37482,89930,122055,174503,127412,1
5205,97060,72280,102265,77485,169340,0
49106,60236,10860,109342,59966,71096,0
66563,60775,19679,127338,86242,80454,1
96031,57417,35597,153448,131628,93014,0
73638,708,41046,74346,114684,41754,0
63400,64712,28123,128112,91523,92835,1
47000,2822,83471,49822,130471,86293,0
61607,71166,82889,132773,144496,154055,1
57937,67277,44951,125214,102888,112228,1
1105,78672,61283,79777,62388,139955,0
72455,7621,9332,80076,81787,16953,0
92990,10602,149,103592,93139,10751,0
27172,11585,86331,38757,113503,97916,0
58499,14302,5523,72801,64022,19825,0
76774,4537,3251,81311,80025,7788,0
26560,96824,50760,123384,77320,147584,0
49069,24416,95756,73485,144825,120172,0
49299,56035,73746,105334,123045,129781,1
92178,90526,16190,182704,108368,106716,1
92674,46083,17192,138757,109866,63275,0
10473,5378,21080,15851,31553,26458,0
54550,24346,73309,78896,127859,97655,1
67365,82605,61094,149970,128459,143699,1
31432,46748,20712,78180,52144,67460,1
86015,98780,36848,184795,122863,135628,1
76320,43133,29784,119453,106104,72917,0
76121,99283,24645,175404,100766,123928,1
4967,51427,80473,56394,85440,131900,0
88278,27024,22712,115302,110990,49736,0
30131,6137,60390,36268,90521,66527,0
17496,66600,44423,84096,61919,111023,0
80297,94725,63334,175022,143631,158059,1
82363,34334,31491,116697,113854,65825,0
40737,5326,96507,46063,137244,101833,0
43651,49003,22059,92654,65710,71062,1
14083,8949,91561,23032,105644,100510,0
81441,54498,30190,135939,111631,84688,1
70240,45472,90109,115712,160349,135581,1
22743,66383,59005,89126,81748,125388,1
79304,60716,94061,140020,173365,154777,1
18862,67392,41247,86254,60109,108639,0
47885,34126,96496,82011,144381,130622,0
51602,18336,99956,69938,151558,118292,0
47460,48030,18855,95490,66315,66885,1
96883,85796,11338,182679,108221,97134,1
35448,78120,99590,113568,135038,177710,1
5228,64739,64073,69967,69301,128812,1
91164,24377,32859,115541,124023,57236,0
51180,53183,21926,104363,73106,75109,1
96281,33060,1906,129341,98187,34966,0
94308,89677,82116,183985,176424,171793,1
88396,47328,45002,135724,133398,92330,1
19097,57052,36473,76149,55570,93525,0
67238,25169,81845,92407,149083,107014,1
18817,59803,92208,78620,111025,152011,0
5082,26889,2276,31971,7358,29165,0
82767,64278,96908,147045,179675,161186,1
67607,44660,43767,112267,111374,88427,1
26922,34831,47610,61753,74532,82441,1
48143,24935,49762,73078,97905,74697,1
26837,60017,52132,86854,78969,112149,1
45351,71801,26149,117152,71500,97950,0
20478,95922,50449,116400,70927,146371,0
42091,20713,38228,62804,80319,58941,1
27221,43266,3744,70487,30965,47010,0
86154,51990,41183,138144,127337,93173,1
18241,29665,14955,47906,33196,44620,1
79818,50646,94848,130464,174666,145494,1
2415,1978,81806,4393,84221,83784,0
11962,45986,84129,57948,96091,130115,0
97937,45029,97793,142966,195730,142822,1
69216,64560,4900,133776,74116,69460,1
63780,39138,36728,102918,100508,75866,1
83228,89654,33326,172882,116554,122980,1
84888,12548,42440,97436,127328,54988,0
84358,23147,97856,107505,182214,121003,1
62512,97928,23916,160440,86428,121844,0
76338,41883,21015,118221,97353,62898,0
14233,68070,99530,82303,113763,167600,0
26454,44347,51817,70801,78271,96164,1
83641,38872,15396,122513,99037,54268,0
30726,47512,70269,78238,100995,117781,1
69024,78630,19538,147654,88562,98168,1
49294,21151,31407,70445,80701,52558,1
54368,52508,37232,106876,91600,89740,1
79537,54836,4019,134373,83556,58855,0
40309,96316,57550,136625,97859,153866,1
5592,23638,4430,29230,10022,28068,0
62188,65938,64300,128126,126488,130238,1
17473,63763,85488,81236,102961,149251,0
59793,23337,103,83130,59896,23440,0
56292,69836,46625,126128,102917,116461,1
52746,28221,34627,80967,87373,62848,1
27927,15771,27326,43698,55253,43097,1
8831,29470,77996,38301,86827,107466,0
15616,1405,53023,17021,68639,54428,0
37272,90191,43359,127463,80631,133550,0
15086,53600,82443,68686,97529,136043,0
14687,46555,45179,61242,59866,91734,1
36798,16878,59152,53676,95950,76030,0
81410,54644,17596,136054,99006,72240,0
34595,63860,59701,98455,94296,123561,1
9608,26371,91263,35979,100871,117634,0
44614,25974,39567,70588,84181,65541,1
96138,61931,6879,158069,103017,68810,0
80696,76301,24055,156997,104751,100356,1
76876,71513,48613,148389,125489,120126,1
66856,38425,51958,105281,118814,90383,1
19239,33893,61033,53132,80272,94926,0
71568,38154,99280,109722,170848,137434,1
15772,32067,11918,47839,27690,43985,0
46140,54457,8255,100597,54395,62712,0
66711,1398,65506,68109,132217,66904,1
55491,9395,67399,64886,122890,76794,0
96397,68223,60670,164620,157067,128893,1
84104,72804,69449,156908,153553,142253,1
87115,52573,39460,139688,126575,92033,1
6841,89368,53974,96209,60815,143342,0
76090,54722,52481,130812,128571,107203,1
41189,98312,5864,139501,47053,104176,0
68740,79885,1394,148625,70134,81279,0
2783,31049,48396,33832,51179,79445,0
34066,31601,58325,65667,92391,89926,1
69820,67853,914,137673,70734,68767,0
55846,79559,25732,135405,81578,105291,1
99692,35203,53232,134895,152924,88435,0
74565,72219,67865,146784,142430,140084,1
86613,74329,98572,160942,185185,172901,1
30285,78610,5091,108895,35376,83701,0
32534,40055,73230,72589,105764,113285,0
25471,4176,18092,29647,43563,22268,0
5498,26960,34503,32458,40001,61463,0
78745,73848,93175,152593,171920,167023,1
54159,17489,50131,71648,104290,67620,1
93855,23143,29935,116998,123790,53078,0
97222,60561,49763,157783,146985,110324,1
76937,66099,6282,143036,83219,72381,0
98117,6086,99124,104203,197241,105210,1
67825,93580,51835,161405,119660,145415,1
40430,50350,86919,90780,127349,137269,1
54472,4251,85828,58723,140300,90079,0
27271,71985,85056,99256,112327,157041,1
35044,47719,13095,82763,48139,60814,1
34692,12463,54304,47155,88996,66767,0
66819,57966,75668,124785,142487,133634,1
7863,47902,25708,55765,33571,73610,0
70684,37325,46977,108009,117661,84302,1
49424,47013,67666,96437,117090,114679,1
52022,19169,19493,71191,71515,38662,0
68879,29393,93938,98272,162817,123331,1
84169,74264,88689,158433,172858,162953,1
86647,51233,41493,137880,128140,92726,1
86450,82939,62109,169389,148559,145048,1
3810,21949,90094,25759,93904,112043,0
56251,71102,7460,127353,63711,78562,0
59542,61530,71644,121072,131186,133174,1
83734,53637,48202,137371,131936,101839,1
84077,90153,65925,174230,150002,156078,1
74919,2236,47740,77155,122659,49976,0
16546,652,13556,17198,30102,14208,0
19563,7046,58580,26609,78143,65626,0
5740,69555,81278,75295,87018,150833,0
98488,38929,58322,137417,156810,97251,0
16251,22695,40117,38946,56368,62812,0
59556,34529,39885,94085,99441,74414,1
60585,37449,96773,98034,157358,134222,1
25866,80890,56409,106756,82275,137299,1
44158,38563,13106,82721,57264,51669,1
6450,40512,22239,46962,28689,62751,0
45459,68480,34401,113939,79860,102881,1
67747,71089,13697,138836,81444,84786,1
56784,99051,42555,155835,99339,141606,1
18882,74789,21520,93671,40402,96309,0
39637,49067,87999,88704,127636,137066,1
95177,6942,24757,102119,119934,31699,0
5760,17187,70984,22947,76744,88171,0
56930,12608,13968,69538,70898,26576,0
44874,81547,96167,126421,141041,177714,1
74006,11643,49810,85649,123816,61453,0
43743,33054,70518,76797,114261,103572,1
81939,54085,79876,136024,161815,133961,1
91637,24493,1507,116130,93144,26000,0
88835,16652,78968,105487,167803,95620,1
47822,26193,21963,74015,69785,48156,1
16485,22262,31147,38747,47632,53409,1
75684,38787,93245,114471,168929,132032,1
27523,26829,24318,54352,51841,51147,1
24417,40350,16622,64767,41039,56972,1
12953,85076,90131,98029,103084,175207,1
41482,95709,89037,137191,130519,184746,1
96374,76582,61457,172956,157831,138039,1
44667,48800,78007,93467,122674,126807,1
27818,10592,20118,38410,47936,30710,1
84948,46842,18768,131790,103716,65610,0
61201,27950,31125,89151,92326,59075,0
25527,51813,68506,77340,94033,120319,1
71249,60490,65648,131739,136897,126138,1
27182,26136,5268,53318,32450,31404,1
59645,22404,95215,82049,154860,117619,0
20589,68049,10581,88638,31170,78630,0
39640,52974,47846,92614,87486,100820,1
61769,61395,54630,123164,116399,116025,1
92460,36059,26407,128519,118867,62466,0
5960,29433,21777,35393,27737,51210,0
31706,25713,95284,57419,126990,120997,0
54059,83392,84072,137451,138131,167464,1
41079,84758,61257,125837,102336,146015,1
93582,8382,65171,101964,158753,73553,0
50970,78544,38147,129514,89117,116691,1
18328,83764,12554,102092,30882,96318,0
74457,44752,62309,119209,136766,107061,1
74669,5897,83029,80566,157698,88926,0
92148,16775,54387,108923,146535,71162,0
1251,66170,55487,67421,56738,121657,0
52058,86726,264,138784,52322,86990,0
41090,81325,81011,122415,122101,162336,1
31936,64261,91036,96197,122972,155297,1
60651,31729,30847,92380,91498,62576,1
69848,62915,57977,132763,127825,120892,1
19601,48164,36222,67765,55823,84386,1
97607,10503,12977,108110,110584,23480,0
1861,33007,26880,34868,28741,59887,0
69066,26901,29799,95967,98865,56700,0
85522,77349,34191,162871,119713,111540,1
47336,2374,58306,49710,105642,60680,0
25202,58344,39355,83546,64557,97699,1
819,16004,26822,16823,27641,42826,0
76311,23809,61095,100120,137406,84904,1
12106,43109,26315,55215,38421,69424,0
77255,56893,98138,134148,175393,155031,1
63880,73603,71601,137483,135481,145204,1
20000,16377,52413,36377,72413,68790,0
32456,44919,78288,77375,110744,123207,0
2092,73403,92238,75495,94330,165641,0
71876,71032,60218,142908,132094,131250,1
90792,38347,71857,129139,162649,110204,1
38861,32596,749,71457,39610,33345,0
37598,36828,32364,74426,69962,69192,1
14332,19251,22355,33583,36687,41606,1
32067,22019,94454,54086,126521,116473,0
94848,41065,3439,135913,98287,44504,0
80755,61476,10987,142231,91742,72463,0
88182,80736,12862,168918,101044,93598,1
29740,59530,10219,89270,39959,69749,0
7666,38198,25834,45864,33500,64032,0
76234,94096,14062,170330,90296,108158,0
39371,75207,60643,114578,100014,135850,1
44647,2980,23285,47627,67932,26265,0
33276,14281,29895,47557,63171,44176,1
96435,96608,24490,193043,120925,121098,1
51431,64608,30895,116039,82326,95503,1
66239,65805,11717,132044,77956,77522,1
80645,59877,40521,140522,121166,100398,1
31567,54833,45845,86400,77412,100678,1
17636,44596,90332,62232,107968,134928,0
79917,84771,13891,164688,93808,98662,1
43800,15071,5620,58871,49420,20691,0
56049,75066,56316,131115,112365,131382,1
61866,9769,92686,71635,154552,102455,0
86002,21773,4811,107775,90813,26584,0
95357,43783,15833,139140,111190,59616,0
45383,18351,92377,63734,137760,110728,0
29238,52409,66915,81647,96153,119324,1
32203,69903,4072,102106,36275,73975,0
40440,46173,27525,86613,67965,73698,1
94389,37537,2971,131926,97360,40508,0
80525,8885,67928,89410,148453,76813,0
58815,88480,38242,147295,97057,126722,1
68472,41639,5016,110111,73488,46655,0
37707,53220,21555,90927,59262,74775,1
61542,52473,14531,114015,76073,67004,1
28369,35135,19812,63504,48181,54947,1
15459,65132,61562,80591,77021,126694,1
75125,4574,51967,79699,127092,56541,0
13728,29642,83378,43370,97106,113020,0
9484,79917,22956,89401,32440,102873,0
26449,81367,31759,107816,58208,113126,0
354,76764,80897,77118,81251,157661,0
35575,34664,87213,70239,122788,121877,0
39213,23571,21820,62784,61033,45391,1
95166,8349,72595,103515,167761,80944,0
68677,76916,72981,145593,141658,149897,1
97633,56668,77983,154301,175616,134651,1
19612,52588,62689,72200,82301,115277,1
67513,4789,35527,72302,103040,40316,0
14423,52249,50241,66672,64664,102490,1
40781,57714,8921,98495,49702,66635,0
86556,61756,79331,148312,165887,141087,1
13868,80074,87902,93942,101770,167976,1
81174,90366,48494,171540,129668,138860,1
65736,71409,6188,137145,71924,77597,1
2220,15652,72309,17872,74529,87961,0
65369,16271,12042,81640,77411,28313,0
45197,40714,99139,85911,144336,139853,0
63682,45726,34694,109408,98376,80420,1
5681,11539,40490,17220,46171,52029,0
62306,73453,91648,135759,153954,165101,1
36184,28727,26286,64911,62470,55013,1
33643,81516,67682,115159,101325,149198,1
77035,12339,56413,89374,133448,68752,0
20489,29650,22636,50139,43125,52286,1
63646,61808,87244,125454,150890,149052,1
84092,78229,89115,162321,173207,167344,1
6198,98847,95609,105045,101807,194456,1
45386,73194,56486,118580,101872,129680,1
97838,6171,49260,104009,147098,55431,0
61553,16740,55720,78293,117273,72460,1
80768,61621,50238,142389,131006,111859,1
42157,35669,89135,77826,131292,124804,0
70372,34701,59594,105073,129966,94295,1
3066,11004,98237,14070,101303,109241,0
17991,58082,41365,76073,59356,99447,1
11047,67147,90783,78194,101830,157930,0
98006,77798,87854,175804,185860,165652,1
32525,20696,36596,53221,69121,57292,1
6949,30043,11982,36992,18931,42025,0
10003,33469,24310,43472,34313,57779,1
60997,70164,36451,131161,97448,106615,1
71799,56160,34497,127959,106296,90657,1
10699,36567,47237,47266,57936,83804,1
52782,69817,82974,122599,135756,152791,1
1959,13031,96915,14990,98874,109946,0
74242,43709,66884,117951,141126,110593,1
45270,18192,52206,63462,97476,70398,1
32077,38167,30659,70244,62736,68826,1
72370,83702,37090,156072,109460,120792,1
79596,56363,50858,135959,130454,107221,1
46867,94864,9134,141731,56001,103998,0
16694,206,3922,16900,20616,4128,0
22520,98398,25983,120918,48503,124381,0
24287,94560,61574,118847,85861,156134,0
722,10019,72969,10741,73691,82988,0
31023,2708,25485,33731,56508,28193,0
69880,63348,86516,133228,156396,149864,1
91766,17193,53796,108959,145562,70989,0
11236,17575,70238,28811,81474,87813,0
93387,85031,94559,178418,187946,179590,1
34649,70294,87917,104943,122566,158211,1
47693,68783,33226,116476,80919,102009,1
22737,65313,4606,88050,27343,69919,0
79566,84983,10021,164549,89587,95004,1
5189,61290,48132,66479,53321,109422,0
12650,18415,6447,31065,19097,24862,1
84807,62711,48798,147518,133605,111509,1
8479,35695,81743,44174,90222,117438,0
96326,367,44861,96693,141187,45228,0
69339,80505,78014,149844,147353,158519,1
49756,7659,86547,57415,136303,94206,0
28193,77108,85591,105301,113784,162699,1
76481,48798,27474,125279,103955,76272,0
21853,98561,62017,120414,83870,160578,0
94913,90545,78861,185458,173774,169406,1
70442,88035,9678,158477,80120,97713,0
32467,49965,54660,82432,87127,104625,1
67927,77089,76601,145016,144528,153690,1
76532,48113,90006,124645,166538,138119,1
30890,43667,82896,74557,113786,126563,0
51855,26930,34853,78785,86708,61783,1
46648,18555,51378,65203,98026,69933,1
52248,82836,36421,135084,88669,119257,1
67202,68091,98920,135293,166122,167011,1
38257,37547,99048,75804,137305,136595,0
24028,80234,9033,104262,33061,89267,0
50852,80073,84762,130925,135614,164835,1
48882,50749,2973,99631,51855,53722,1
53774,51858,57992,105632,111766,109850,1
55856,21683,12778,77539,68634,34461,0
83512,34411,59043,117923,142555,93454,1
32928,67668,84600,100596,117528,152268,1
52071,27557,8912,79628,60983,36469,0
84898,22836,98884,107734,183782,121720,1
5951,65644,59032,71595,64983,124676,0
66970,69235,67359,136205,134329,136594,1
45709,24902,24545,70611,70254,49447,1
50884,6460,73176,57344,124060,79636,0
3688,18942,44427,22630,48115,63369,0
24255,95371,97898,119626,122153,193269,1
65372,48253,59558,113625,124930,107811,1
96339,22796,35738,119135,132077,58534,0
30724,75199,27859,105923,58583,103058,0
19775,3296,52706,23071,72481,56002,0
68435,73333,28691,141768,97126,102024,1
4184,9676,17518,13860,21702,27194,0
43367,24652,61697,68019,105064,86349,1
40858,70699,83905,111557,124763,154604,1
61091,55957,40945,117048,102036,96902,1
42762,69995,65238,112757,108000,135233,1
97665,52521,57851,150186,155516,110372,1
58630,95997,31292,154627,89922,127289,0
33208,50290,93267,83498,126475,143557,0
33266,44359,62713,77625,95979,107072,1
62473,58334,85014,120807,147487,143348,1
84518,31456,49317,115974,133835,80773,0
39121,89216,746,128337,39867,89962,0
73673,92423,57558,166096,131231,149981,1
31527,20282,52730,51809,84257,73012,0
30120,60338,68051,90458,98171,128389,1
88368,21349,81225,109717,169593,102574,1
4631,52981,50322,57612,54953,103303,1
46887,7493,53353,54380,100240,60846,1
83448,16637,49637,100085,133085,66274,0
68950,4538,93634,73488,162584,98172,0
26032,76170,85151,102202,111183,161321,1
19543,87126,267,106669,19810,87393,0
4173,28928,31294,33101,35467,60222,1
92863,36633,62451,129496,155314,99084,1
57502,38686,5869,96188,63371,44555,0
44816,44313,18314,89129,63130,62627,1
6397,79477,35836,85874,42233,115313,0
38330,80205,98811,118535,137141,179016,1
59395,37964,98384,97359,157779,136348,0
74635,76626,34271,151261,108906,110897,1
15790,43610,98442,59400,114232,142052,0
5071,34745,49533,39816,54604,84278,0
58154,41889,16436,100043,74590,58325,1
16490,16654,43500,33144,59990,60154,0
3599,49474,57155,53073,60754,106629,0
57260,40772,14354,98032,71614,55126,0
94364,84146,3909,178510,98273,88055,0
35004,5684,57359,40688,92363,63043,0
68551,67883,36865,136434,105416,104748,1
18821,70304,66615,89125,85436,136919,1
48995,70109,13891,119104,62886,84000,0
5720,60393,88263,66113,93983,148656,0
65815,58974,90140,124789,155955,149114,1
33109,98072,15925,131181,49034,113997,0
34985,28020,50665,63005,85650,78685,1
90255,3470,43234,93725,133489,46704,0
64674,72035,74850,136709,139524,146885,1
55699,80525,98866,136224,154565,179391,1
826,23367,30429,24193,31255,53796,0
14179,99078,18709,113257,32888,117787,0
81937,77705,85921,159642,167858,163626,1
10289,8387,27115,18676,37404,35502,0
77705,78147,76774,155852,154479,154921,1
4885,71949,22102,76834,26987,94051,0
87341,18488,82277,105829,169618,100765,1
41839,10190,14538,52029,56377,24728,0
39525,84021,86611,123546,126136,170632,1
94947,14548,39930,109495,134877,54478,0
66885,92449,17462,159334,84347,109911,0
19461,75505,51387,94966,70848,126892,0
53273,29363,93320,82636,146593,122683,0
3977,54336,65670,58313,69647,120006,0
34229,2637,28338,36866,62567,30975,0
46499,25037,73061,71536,119560,98098,0
91211,79478,35855,170689,127066,115333,1
71798,8655,48974,80453,120772,57629,0
87599,24200,4208,111799,91807,28408,0
71319,65134,81675,136453,152994,146809,1
38065,40273,59532,78338,97597,99805,1
99854,25983,5391,125837,105245,31374,0
90658,68871,22338,159529,112996,91209,1
55026,781,43929,55807,98955,44710,0
42904,26722,66547,69626,109451,93269,1
56615,58827,94971,115442,151586,153798,1
161,40374,81689,40535,81850,122063,0
62183,53174,70711,115357,132894,123885,1
45486,8226,86168,53712,131654,94394,0
70350,20114,87059,90464,157409,107173,1
38053,97681,2883,135734,40936,100564,0
839,32551,14323,33390,15162,46874,0
63097,61964,83763,125061,146860,145727,1
9283,77609,79346,86892,88629,156955,1
14339,53176,76069,67515,90408,129245,0
56666,21834,23580,78500,80246,45414,0
31451,85682,66536,117133,97987,152218,1
96590,51866,57048,148456,153638,108914,1
56611,6093,61856,62704,118467,67949,1
84897,68472,54730,153369,139627,123202,1
56673,34224,9151,90897,65824,43375,0
33772,93944,42373,127716,76145,136317,0
27377,49666,2035,77043,29412,51701,0
41494,7945,6113,49439,47607,14058,0
3199,42733,76593,45932,79792,119326,0
69797,48489,78739,118286,148536,127228,1
20827,44163,90856,64990,111683,135019,0
91222,98109,66964,189331,158186,165073,1
3701,4308,9808,8009,13509,14116,0
71340,638,33234,71978,104574,33872,0
78970,70146,6269,149116,85239,76415,0
64777,18249,39571,83026,104348,57820,0
86293,36064,57717,122357,144010,93781,1
880,59977,2858,60857,3738,62835,0
4964,32898,54776,37862,59740,87674,0
94726,6030,91436,100756,186162,97466,1
24713,21921,16125,46634,40838,38046,1
68505,68601,86906,137106,155411,155507,1
56697,91915,10110,148612,66807,102025,0
46244,396,15088,46640,61332,15484,0
79704,84673,9157,164377,88861,93830,1
95493,39660,89063,135153,184556,128723,1
54569,44495,10964,99064,65533,55459,1
23660,82869,77348,106529,101008,160217,1
2691,75155,32326,77846,35017,107481,0
90416,9002,75201,99418,165617,84203,0
34275,90247,91994,124522,126269,182241,1
11690,57607,16879,69297,28569,74486,0
41803,89019,86940,130822,128743,175959,1
63559,3023,97087,66582,160646,100110,0
58472,89303,7900,147775,66372,97203,0
16208,43254,67827,59462,84035,111081,0
73546,6165,80618,79711,154164,86783,0
83931,23672,93233,107603,177164,116905,1
55803,917,59890,56720,115693,60807,0
4954,41294,9823,46248,14777,51117,0
62277,85958,51643,148235,113920,137601,1
95295,19367,6911,114662,102206,26278,0
90992,23806,62348,114798,153340,86154,0
64802,75203,60043,140005,124845,135246,1
26218,24115,60997,50333,87215,85112,0
86235,95007,78756,181242,164991,173763,1
27393,72702,24087,100095,51480,96789,0
63389,29276,50862,92665,114251,80138,1
15771,34825,50137,50596,65908,84962,1
75378,23739,88290,99117,163668,112029,1
28897,98922,55246,127819,84143,154168,0
92414,47444,68263,139858,160677,115707,1
44525,7428,15125,51953,59650,22553,0
91082,27864,82932,118946,174014,110796,1
90624,7654,58022,98278,148646,65676,0
61435,88075,75756,149510,137191,163831,1
95249,39459,72164,134708,167413,111623,1
62774,98129,11113,160903,73887,109242,0
27725,19991,15196,47716,42921,35187,1
89938,38034,63063,127972,153001,101097,1
93162,39950,49233,133112,142395,89183,0
96268,22118,15268,118386,111536,37386,0
45863,50281,62933,96144,108796,113214,1
22829,22001,27716,44830,50545,49717,1
99846,61413,28238,161259,128084,89651,0
64196,69482,24734,133678,88930,94216,1
63260,78251,13875,141511,77135,92126,0
83646,99725,90267,183371,173913,189992,1
6390,63272,30464,69662,36854,93736,0
70647,39775,34310,110422,104957,74085,1
21567,77265,49098,98832,70665,126363,0
76714,99591,19417,176305,96131,119008,0
85053,27617,72802,112670,157855,100419,1
52856,96527,39091,149383,91947,135618,0
13785,35587,15545,49372,29330,51132,0
51341,92780,52732,144121,104073,145512,1
56352,3095,35230,59447,91582,38325,0
7371,38115,54020,45486,61391,92135,0
28498,11544,20488,40042,48986,32032,1
63568,72253,53905,135821,117473,126158,1
38057,930,40701,38987,78758,41631,0
84369,20792,18264,105161,102633,39056,0
79774,43818,99649,123592,179423,143467,1
80982,46909,1186,127891,82168,48095,0
8864,41287,6430,50151,15294,47717,0
11385,92262,5430,103647,16815,97692,0
6122,90074,65540,96196,71662,155614,0
24931,90497,42581,115428,67512,133078,0
73571,2056,12392,75627,85963,14448,0
84498,16134,90236,100632,174734,106370,1
93011,38205,62295,131216,155306,100500,1
93126,16656,74581,109782,167707,91237,0
89761,25446,28957,115207,118718,54403,0
33679,98361,67758,132040,101437,166119,1
2367,61302,38814,63669,41181,100116,0
67640,4764,35798,72404,103438,40562,0
30868,70705,47234,101573,78102,117939,1
60268,96163,78977,156431,139245,175140,1
52763,62557,51256,115320,104019,113813,1
1770,23476,74265,25246,76035,97741,0
80758,47705,48307,128463,129065,96012,1
86403,56464,91627,142867,178030,148091,1
39890,66211,776,106101,40666,66987,0
58800,87276,38496,146076,97296,125772,1
40641,70696,3062,111337,43703,73758,0
82677,31584,44420,114261,127097,76004,0
28897,25582,22595,54479,51492,48177,1
43644,75848,84696,119492,128340,160544,1
44662,50728,2500,95390,47162,53228,0
62449,89385,13133,151834,75582,102518,0
89071,46308,47000,135379,136071,93308,1
6423,50428,8924,56851,15347,59352,0
28720,29783,62777,58503,91497,92560,0
11167,30897,66567,42064,77734,97464,0
72616,83187,31987,155803,104603,115174,1
25261,34246,22820,59507,48081,57066,1
26344,71218,54591,97562,80935,125809,1
67167,69794,46168,136961,113335,115962,1
35928,19673,66766,55601,102694,86439,0
28305,76366,5805,104671,34110,82171,0
28266,59484,93662,87750,121928,153146,0
36637,60945,70596,97582,107233,131541,1
21967,74586,10308,96553,32275,84894,0
41858,67695,16180,109553,58038,83875,0
60181,10043,34473,70224,94654,44516,0
96155,41137,24056,137292,120211,65193,0
56553,25584,56471,82137,113024,82055,1
35596,45870,14354,81466,49950,60224,1
54362,99612,33096,153974,87458,132708,0
72333,83404,28946,155737,101279,112350,1
78841,29725,97031,108566,175872,126756,1
34791,77761,78656,112552,113447,156417,1
21442,45265,33211,66707,54653,78476,1
26600,40101,43620,66701,70220,83721,1
1745,83338,4645,85083,6390,87983,0
77273,1743,13872,79016,91145,15615,0
8041,93544,29424,101585,37465,122968,0
21518,76180,37501,97698,59019,113681,0
3879,40293,11534,44172,15413,51827,0
96755,97259,89195,194014,185950,186454,1
36808,2941,78232,39749,115040,81173,0
6797,83117,37407,89914,44204,120524,0
34142,15344,63049,49486,97191,78393,0
42863,83128,23747,125991,66610,106875,0
57036,87266,46238,144302,103274,133504,1
14316,63752,2680,78068,16996,66432,0
91494,75076,22023,166570,113517,97099,1
87341,45490,16854,132831,104195,62344,0
73086,30247,27624,103333,100710,57871,0
4067,70281,95797,74348,99864,166078,0
74250,32912,91634,107162,165884,124546,1
78416,2423,82115,80839,160531,84538,0
24013,65179,43184,89192,67197,108363,1
4126,69540,29487,73666,33613,99027,0
53325,68585,49540,121910,102865,118125,1
65837,96930,46410,162767,112247,143340,1
23833,79931,73826,103764,97659,153757,1
53361,46187,35347,99548,88708,81534,1
43171,13804,97115,56975,140286,110919,0
862,42451,53992,43313,54854,96443,0
47083,18136,50640,65219,97723,68776,1
72706,21302,64093,94008,136799,85395,1
25678,72192,27160,97870,52838,99352,0
41455,55390,29941,96845,71396,85331,1
9631,93926,74216,103557,83847,168142,0
78770,67474,62987,146244,141757,130461,1
3813,55435,84987,59248,88800,140422,0
74571,15823,28695,90394,103266,44518,0
15081,55877,53402,70958,68483,109279,1
19852,62243,86949,82095,106801,149192,0
59009,33876,61706,92885,120715,95582,1
92604,55306,57756,147910,150360,113062,1
55156,29337,13634,84493,68790,42971,0
67525,65115,63294,132640,130819,128409,1
74599,8060,97586,82659,172185,105646,0
42157,78963,45290,121120,87447,124253,1
49450,24539,59567,73989,109017,84106,1
96157,72795,71229,168952,167386,144024,1
98979,50912,82909,149891,181888,133821,1
45501,64482,96266,109983,141767,160748,1
69938,75075,93861,145013,163799,168936,1
57175,51009,86283,108184,143458,137292,1
25820,14325,43489,40145,69309,57814,0
64432,21714,65536,86146,129968,87250,1
30448,69175,75733,99623,106181,144908,1
83740,78262,50069,162002,133809,128331,1
93902,97106,23408,191008,117310,120514,1
68571,6897,40593,75468,109164,47490,0
20967,27616,47343,48583,68310,74959,1
26603,88563,6112,115166,32715,94675,0
39128,80712,48650,119840,87778,129362,1
56568,25,52651,56593,109219,52676,0
54581,12442,22258,67023,76839,34700,0
1756,63899,2169,65655,3925,66068,0
42306,42339,32757,84645,75063,75096,1
96718,88532,65030,185250,161748,153562,1
44513,52892,36546,97405,81059,89438,1
25006,98019,22926,123025,47932,120945,0
60378,97738,37093,158116,97471,134831,0
17214,3201,2514,20415,19728,5715,0
2115,94748,70971,96863,73086,165719,0
38650,3078,71123,41728,109773,74201,0
42565,37445,25208,80010,67773,62653,1
90214,26121,29606,116335,119820,55727,0
49582,62765,65297,112347,114879,128062,1
66476,86685,25190,153161,91666,111875,1
40831,34172,98744,75003,139575,132916,0
57127,14059,25508,71186,82635,39567,0
42282,69728,22433,112010,64715,92161,0
39328,52362,92525,91690,131853,144887,0
61543,28806,99130,90349,160673,127936,0
65853,9135,97516,74988,163369,106651,0
55989,903,29435,56892,85424,30338,0
97689,84880,38038,182569,135727,122918,1
19279,46531,39300,65810,58579,85831,1
36112,79409,73634,115521,109746,153043,1
24868,45703,62852,70571,87720,108555,1
27980,76800,86645,104780,114625,163445,1
3337,15243,10659,18580,13996,25902,0
6860,22479,26451,29339,33311,48930,1
19864,82014,95061,101878,114925,177075,1
72687,58972,2171,131659,74858,61143,0
10748,43129,17294,53877,28042,60423,0
30839,87620,84767,118459,115606,172387,1
30815,82334,8069,113149,38884,90403,0
26678,80275,89182,106953,115860,169457,1
55137,5818,40410,60955,95547,46228,0
21436,57085,57733,78521,79169,114818,1
79830,42348,61338,122178,141168,103686,1
73627,89412,40314,163039,113941,129726,1
43204,23697,20500,66901,63704,44197,1
40896,51640,36342,92536,77238,87982,1
8136,67876,9003,76012,17139,76879,0
6424,20712,79196,27136,85620,99908,0
53408,13182,84968,66590,138376,98150,0
95762,79857,63991,175619,159753,143848,1
61940,51876,29108,113816,91048,80984,1
50053,28325,15879,78378,65932,44204,0
71572,90488,58431,162060,130003,148919,1
93287,83935,9466,177222,102753,93401,1
6443,4394,80032,10837,86475,84426,0
95464,75472,80088,170936,175552,155560,1
45941,28564,55837,74505,101778,84401,1
55510,98421,13644,153931,69154,112065,0
30231,54089,38841,84320,69072,92930,1
59123,89958,49405,149081,108528,139363,1
29187,68234,30963,97421,60150,99197,0
52409,94095,39858,146504,92267,133953,0
44844,87068,84009,131912,128853,171077,1
44302,65043,17048,109345,61350,82091,0
97478,82101,9242,179579,106720,91343,0
6780,3413,93763,10193,100543,97176,0
89888,40172,21013,130060,110901,61185,0
16689,78384,20177,95073,36866,98561,0
76347,17025,31481,93372,107828,48506,0
23357,61622,36908,84979,60265,98530,0
4733,1852,74048,6585,78781,75900,0
55401,2300,57797,57701,113198,60097,0
14142,8150,50185,22292,64327,58335,0
32470,90114,27,122584,32497,90141,0
47480,20259,58382,67739,105862,78641,1
23552,28539,76589,52091,100141,105128,0
61077,27849,52830,88926,113907,80679,1
32383,62035,67730,94418,100113,129765,1
93652,61502,31062,155154,124714,92564,0
73811,28259,49602,102070,123413,77861,1
72885,77267,57659,150152,130544,134926,1
46470,42930,88815,89400,135285,131745,1
98317,91644,55087,189961,153404,146731,1
76602,2404,96730,79006,173332,99134,0
48940,12500,35265,61440,84205,47765,0
90764,39922,32876,130686,123640,72798,0
99617,58328,48822,157945,148439,107150,1
82044,47749,23938,129793,105982,71687,0
70973,30142,77820,101115,148793,107962,1
29840,96490,67654,126330,97494,164144,1
82460,48021,49935,130481,132395,97956,1
7842,59909,37138,67751,44980,97047,0
8071,79972,37713,88043,45784,117685,0
22393,77100,22793,99493,45186,99893,0
51639,31601,48837,83240,100476,80438,1
87087,32908,46419,119995,133506,79327,0
71521,46864,82962,118385,154483,129826,1
62794,54128,21964,116922,84758,76092,1
70239,40911,47532,111150,117771,88443,1
14959,14975,16939,29934,31898,31914,1
32925,92015,92665,124940,125590,184680,1
33047,68337,82882,101384,115929,151219,1
87853,66958,21620,154811,109473,88578,1
77847,99388,48777,177235,126624,148165,1
33885,38959,54552,72844,88437,93511,1
10258,54058,33617,64316,43875,87675,0
72902,36471,19599,109373,92501,56070,0
68186,18008,17061,86194,85247,35069,0
3497,68515,74597,72012,78094,143112,0
11168,90272,33573,101440,44741,123845,0
38021,30543,48545,68564,86566,79088,1
3785,13359,38546,17144,42331,51905,0
48168,44006,92604,92174,140772,136610,0
34506,22995,92408,57501,126914,115403,0
46999,979,90375,47978,137374,91354,0
85999,91281,36145,177280,122144,127426,1
11803,97499,83741,109302,95544,181240,0
45303,4235,79606,49538,124909,83841,0
73269,95054,55342,168323,128611,150396,1
24880,9527,57776,34407,82656,67303,0
4629,19759,39703,24388,44332,59462,0
55327,11188,74422,66515,129749,85610,0
75786,12711,15683,88497,91469,28394,0
45132,58388,4676,103520,49808,63064,0
53427,64587,66044,118014,119471,130631,1
96493,33933,75411,130426,171904,109344,1
22588,212,17106,22800,39694,17318,0
47366,65132,69897,112498,117263,135029,1
18967,402,97043,19369,116010,97445,0
84201,62433,93218,146634,177419,155651,1
71723,96370,19252,168093,90975,115622,0
18249,10451,48839,28700,67088,59290,0
93613,12824,53027,106437,146640,65851,0
45620,76059,29363,121679,74983,105422,0
33591,82051,89686,115642,123277,171737,1
65905,22827,46753,88732,112658,69580,1
8319,68656,11958,76975,20277,80614,0
70542,93070,96689,163612,167231,189759,1
80129,2159,64278,82288,144407,66437,0
41740,85180,9543,126920,51283,94723,0
258,34267,50089,34525,50347,84356,0
78784,79185,96465,157969,175249,175650,1
38904,38436,69105,77340,108009,107541,1
34339,3346,56624,37685,90963,59970,0
82566,80919,44064,163485,126630,124983,1
28298,15826,22737,44124,51035,38563,1
35005,67039,97160,102044,132165,164199,1
58898,16181,52936,75079,111834,69117,1
64382,29576,63314,93958,127696,92890,1
72688,60727,65838,133415,138526,126565,1
90707,300,5800,91007,96507,6100,0
42548,38179,11765,80727,54313,49944,1
17570,26334,480,43904,18050,26814,0
22869,70234,36915,93103,59784,107149,0
63033,65251,54325,128284,117358,119576,1
17683,33864,56785,51547,74468,90649,0
93166,68523,76245,161689,169411,144768,1
28625,58974,76079,87599,104704,135053,1
75861,55475,64456,131336,140317,119931,1
60784,18218,47938,79002,108722,66156,1
90534,18207,35463,108741,125997,53670,0
35909,9444,83733,45353,119642,93177,0
25211,80633,3003,105844,28214,83636,0
69433,13657,12447,83090,81880,26104,0
14064,82942,95567,97006,109631,178509,1
46927,49776,97091,96703,144018,146867,0
15011,66062,68691,81073,83702,134753,1
68364,54818,23204,123182,91568,78022,1
79034,5775,61955,84809,140989,67730,0
72871,98551,17048,171422,89919,115599,0
37285,23458,9076,60743,46361,32534,0
18223,28842,93283,47065,111506,122125,0
97833,63,44265,97896,142098,44328,0
33440,60132,44595,93572,78035,104727,1
90995,93344,14134,184339,105129,107478,1
62220,38226,73048,100446,135268,111274,1
26660,88672,19223,115332,45883,107895,0
599,94917,35134,95516,35733,130051,0
2145,20028,48796,22173,50941,68824,0
87924,90673,99305,178597,187229,189978,1
34446,29419,35111,63865,69557,64530,1
82700,58225,62409,140925,145109,120634,1
33958,54684,13614,88642,47572,68298,0
57711,275,6905,57986,64616,7180,0
27757,99506,92576,127263,120333,192082,1
89787,15588,86150,105375,175937,101738,1
18898,42631,88863,61529,107761,131494,0
73355,78813,25643,152168,98998,104456,1
88568,61419,45802,149987,134370,107221,1
53444,6570,47545,60014,100989,54115,1
58022,74751,17474,132773,75496,92225,1
67060,55871,48873,122931,115933,104744,1
69468,21324,81055,90792,150523,102379,1
36372,16717,57430,53089,93802,74147,0
73039,79486,14329,152525,87368,93815,1
29217,94724,50286,123941,79503,145010,0
76873,90368,29043,167241,105916,119411,1
62623,24555,95975,87178,158598,120530,0
3268,66359,79236,69627,82504,145595,0
86165,9477,52031,95642,138196,61508,0
9217,8449,38107,17666,47324,46556,0
58823,92525,30485,151348,89308,123010,0
70508,91671,79790,162179,150298,171461,1
27947,4093,53291,32040,81238,57384,0
98478,31741,3003,130219,101481,34744,0
32015,10682,54039,42697,86054,64721,0
59642,85701,10596,145343,70238,96297,0
48804,93281,84867,142085,133671,178148,1
79253,79902,37275,159155,116528,117177,1
23894,4008,78016,27902,101910,82024,0
49828,13203,82442,63031,132270,95645,0
13425,52694,89831,66119,103256,142525,0
4735,43446,22089,48181,26824,65535,0
4081,82196,70871,86277,74952,153067,0
18099,75623,90022,93722,108121,165645,1
25421,25493,24590,50914,50011,50083,1
24421,79349,36050,103770,60471,115399,0
30673,87356,94541,118029,125214,181897,1
22233,57263,72235,79496,94468,129498,1
63796,91379,9994,155175,73790,101373,0
19153,21132,10823,40285,29976,31955,1
81906,90006,84784,171912,166690,174790,1
76512,79886,9438,156398,85950,89324,1
61919,85230,11609,147149,73528,96839,0
54048,37566,15405,91614,69453,52971,0
79916,32531,44720,112447,124636,77251,0
88719,94899,29118,183618,117837,124017,1
84749,65065,47299,149814,132048,112364,1
68382,9866,84769,78248,153151,94635,0
94809,97056,81157,191865,175966,178213,1
37117,49074,17692,86191,54809,66766,1
19591,39931,26367,59522,45958,66298,1
2177,20196,76019,22373,78196,96215,0
51739,79401,7105,131140,58844,86506,0
88779,97357,54364,186136,143143,151721,1
94819,66820,66716,161639,161535,133536,1
35834,76800,51255,112634,87089,128055,1
15484,76183,13930,91667,29414,90113,0
74060,24656,53482,98716,127542,78138,1
6700,63162,32169,69862,38869,95331,0
32392,65743,59995,98135,92387,125738,1
86083,41866,52913,127949,138996,94779,1
77191,35811,84168,113002,161359,119979,1
96175,4438,62856,100613,159031,67294,0
60980,67674,99629,128654,160609,167303,1
66130,12103,1442,78233,67572,13545,0
5524,28481,18386,34005,23910,46867,0
80748,62791,36484,143539,117232,99275,1
83971,17013,88706,100984,172677,105719,1
86745,25893,5194,112638,91939,31087,0
47208,35064,96648,82272,143856,131712,0
6101,8152,92749,14253,98850,100901,0
98977,61907,28480,160884,127457,90387,0
62033,77106,45393,139139,107426,122499,1
81940,95488,7472,177428,89412,102960,0
56716,44617,80442,101333,137158,125059,1
9410,82692,52425,92102,61835,135117,0
74695,91511,52245,166206,126940,143756,1
20329,8716,52853,29045,73182,61569,0
15252,60474,89925,75726,105177,150399,0
67276,38938,66429,106214,133705,105367,1
14188,16205,32025,30393,46213,48230,0
64251,19536,9884,83787,74135,29420,0
69771,98505,78816,168276,148587,177321,1
2508,61831,54837,64339,57345,116668,0
63029,26669,37796,89698,100825,64465,1
7247,69572,67581,76819,74828,137153,1
65418,30544,25228,95962,90646,55772,0
17165,24208,75738,41373,92903,99946,0
43259,4950,14718,48209,57977,19668,0
15441,21809,18334,37250,33775,40143,1
60531,53863,28754,114394,89285,82617,1
7582,6000,36402,13582,43984,42402,0
62113,73965,39660,136078,101773,113625,1
64452,9303,23109,73755,87561,32412,0
56247,62980,95088,119227,151335,158068,1
30641,80630,85562,111271,116203,166192,1
1063,46121,34651,47184,35714,80772,0
88253,82572,47899,170825,136152,130471,1
38342,99350,38638,137692,76980,137988,0
6611,86909,88755,93520,95366,175664,1
2855,80224,26581,83079,29436,106805,0
65727,58821,34167,124548,99894,92988,1
36660,71240,44935,107900,81595,116175,1
72807,59725,63486,132532,136293,123211,1
25560,63675,58529,89235,84089,122204,1
15525,3529,49597,19054,65122,53126,0
70302,58018,18918,128320,89220,76936,1
88708,94571,50396,183279,139104,144967,1
70727,83554,35345,154281,106072,118899,1
13570,85083,34053,98653,47623,119136,0
5068,70520,15772,75588,20840,86292,0
44116,43056,74052,87172,118168,117108,1
92391,36887,59797,129278,152188,96684,1
7105,88451,31315,95556,38420,119766,0
55569,72786,97973,128355,153542,170759,1
65088,30079,7796,95167,72884,37875,0
68727,97932,80293,166659,149020,178225,1
60006,92633,89044,152639,149050,181677,1
76639,48591,58701,125230,135340,107292,1
4651,62763,92391,67414,97042,155154,0
90477,50897,24656,141374,115133,75553,0
12786,6980,60762,19766,73548,67742,0
28978,23928,43256,52906,72234,67184,1
93425,10855,53757,104280,147182,64612,0
70686,95117,198,165803,70884,95315,0
42494,84067,34851,126561,77345,118918,0
56355,3266,76009,59621,132364,79275,0
69747,66904,43355,136651,113102,110259,1
47224,17911,23772,65135,70996,41683,0
15445,91994,37924,107439,53369,129918,0
85305,7759,69668,93064,154973,77427,0
52769,15778,36837,68547,89606,52615,0
18719,98380,99652,117099,118371,198032,1
11473,9327,71028,20800,82501,80355,0
97862,42056,66012,139918,163874,108068,1
22899,65065,63685,87964,86584,128750,1
57095,87172,15075,144267,72170,102247,0
1446,43710,37940,45156,39386,81650,0
34233,63854,57952,98087,92185,121806,1
64647,3371,57086,68018,121733,60457,0
13357,59920,40107,73277,53464,100027,0
51989,17389,1036,69378,53025,18425,0
97434,74311,68253,171745,165687,142564,1
33917,5874,61951,39791,95868,67825,0
91973,45320,39120,137293,131093,84440,0
20414,37310,20477,57724,40891,57787,1
8823,56497,59973,65320,68796,116470,1
23333,34128,12754,57461,36087,46882,1
43126,10113,29884,53239,73010,39997,0
52209,37927,51772,90136,103981,89699,1
93207,80304,89294,173511,182501,169598,1
11424,22962,65522,34386,76946,88484,0
53732,42625,15515,96357,69247,58140,1
13807,19324,32296,33131,46103,51620,1
8728,62028,89069,70756,97797,151097,0
24671,59054,56133,83725,80804,115187,1
68465,45184,63810,113649,132275,108994,1
9784,21055,31997,30839,41781,53052,0
40191,81384,53834,121575,94025,135218,1
13121,13871,40406,26992,53527,54277,0
36879,98837,1691,135716,38570,100528,0
65625,70905,30759,136530,96384,101664,1
57286,33135,34141,90421,91427,67276,1
81125,11321,67211,92446,148336,78532,0
69889,42605,69346,112494,139235,111951,1
5090,47507,66926,52597,72016,114433,0
42832,92466,87058,135298,129890,179524,1
85270,96086,11652,181356,96922,107738,1
24723,30711,91765,55434,116488,122476,0
49160,11963,52641,61123,101801,64604,1
80945,82143,14823,163088,95768,96966,1
13367,84284,18840,97651,32207,103124,0
8765,75485,41354,84250,50119,116839,0
1568,37887,5966,39455,7534,43853,0
5449,7505,15334,12954,20783,22839,0
38022,707,99505,38729,137527,100212,0
75380,56401,91779,131781,167159,148180,1
97366,3542,97176,100908,194542,100718,1
75707,44348,83766,120055,159473,128114,1
33080,46497,39441,79577,72521,85938,1
16662,692,61709,17354,78371,62401,0
80865,69228,60764,150093,141629,129992,1
47312,29138,89474,76450,136786,118612,0
73068,38703,1029,111771,74097,39732,0
95162,16658,42243,111820,137405,58901,0
64216,28817,6392,93033,70608,35209,0
14546,24616,21469,39162,36015,46085,1
59699,55979,15021,115678,74720,71000,1
37418,43973,39584,81391,77002,83557,1
18759,5988,79486,24747,98245,85474,0
30028,32160,74371,62188,104399,106531,0
51533,74229,66598,125762,118131,140827,1
12646,65788,83534,78434,96180,149322,0
21269,63116,77461,84385,98730,140577,1
46180,86401,93371,132581,139551,179772,1
34208,17824,6231,52032,40439,24055,0
98973,72160,9584,171133,108557,81744,0
1740,10637,73527,12377,75267,84164,0
2481,81085,80021,83566,82502,161106,1
59245,31560,21006,90805,80251,52566,0
90828,27573,35755,118401,126583,63328,0
64946,61452,64529,126398,129475,125981,1
70484,81437,34716,151921,105200,116153,1
77901,33518,17140,111419,95041,50658,0
8551,35917,32294,44468,40845,68211,1
74335,20931,69592,95266,143927,90523,1
59172,6924,45044,66096,104216,51968,0
77368,50034,46407,127402,123775,96441,1
29432,13547,37119,42979,66551,50666,1
48515,85920,98801,134435,147316,184721,1
39750,45903,17601,85653,57351,63504,1
27136,50948,16587,78084,43723,67535,0
90639,29448,90186,120087,180825,119634,1
16032,43216,86734,59248,102766,129950,0
87766,78185,61190,165951,148956,139375,1
90668,64937,62561,155605,153229,127498,1
31090,78224,71249,109314,102339,149473,1
72287,63569,69466,135856,141753,133035,1
80835,57580,80124,138415,160959,137704,1
92282,16922,22384,109204,114666,39306,0
35776,78602,28813,114378,64589,107415,0
27002,35162,58879,62164,85881,94041,1
78968,96166,25560,175134,104528,121726,1
42899,89486,4151,132385,47050,93637,0
6704,82532,61522,89236,68226,144054,0
23626,2441,54123,26067,77749,56564,0
72125,66772,13001,138897,85126,79773,1
64831,2289,64925,67120,129756,67214,1
58278,4070,42575,62348,100853,46645,0
57957,21753,68564,79710,126521,90317,1
22568,50668,82080,73236,104648,132748,0
78892,15225,16220,94117,95112,31445,0
5958,35061,91285,41019,97243,126346,0
5971,4966,97394,10937,103365,102360,0
15436,57786,33847,73222,49283,91633,0
50727,19558,63866,70285,114593,83424,1
72174,87137,32568,159311,104742,119705,1
76932,49786,14716,126718,91648,64502,0
8495,59206,92414,67701,100909,151620,0
30183,13023,49695,43206,79878,62718,0
81647,74703,34745,156350,116392,109448,1
25028,92859,66726,117887,91754,159585,0
44333,32062,48172,76395,92505,80234,1
34410,12905,308,47315,34718,13213,0
10922,14503,72228,25425,83150,86731,0
49968,71336,97862,121304,147830,169198,1
39222,2237,13884,41459,53106,16121,0
53489,61638,89228,115127,142717,150866,1
97388,84455,39143,181843,136531,123598,1
73591,24315,56325,97906,129916,80640,1
45340,90029,87106,135369,132446,177135,1
27162,42667,36663,69829,63825,79330,1
31256,16747,12136,48003,43392,28883,0
82205,97899,30610,180104,112815,128509,1
48405,38414,71716,86819,120121,110130,1
55098,77829,6646,132927,61744,84475,0
69006,35501,27303,104507,96309,62804,0
83894,23890,62944,107784,146838,86834,1
59512,15175,84663,74687,144175,99838,0
2837,57772,21045,60609,23882,78817,0
34179,93729,22095,127908,56274,115824,0
69457,91168,50795,160625,120252,141963,1
18633,1778,75248,20411,93881,77026,0
69681,21886,59324,91567,129005,81210,1
25074,80476,7399,105550,32473,87875,0
19956,76129,81424,96085,101380,157553,1
44705,16168,38878,60873,83583,55046,1
55625,51294,70319,106919,125944,121613,1
35719,22760,54023,58479,89742,76783,1
84851,86343,4081,171194,88932,90424,1
29265,35959,35145,65224,64410,71104,1
68888,30248,95630,99136,164518,125878,1
19886,20916,56399,40802,76285,77315,0
16463,63091,50205,79554,66668,113296,1
46899,90055,67688,136954,114587,157743,1
67882,35242,57265,103124,125147,92507,1
56191,85315,20678,141506,76869,105993,0
98008,20638,45906,118646,143914,66544,0
25374,67799,9451,93173,34825,77250,0
91686,48937,33475,140623,125161,82412,0
15804,53008,63926,68812,79730,116934,1
66196,78140,40304,144336,106500,118444,1
45210,9241,10498,54451,55708,19739,0
67086,74907,49555,141993,116641,124462,1
1134,32229,52634,33363,53768,84863,0
67844,72747,85827,140591,153671,158574,1
15157,18209,79909,33366,95066,98118,0
12498,60056,49603,72554,62101,109659,1
9762,5653,14807,15415,24569,20460,1
19361,89960,5956,109321,25317,95916,0
22317,66709,97387,89026,119704,164096,0
27769,23221,71353,50990,99122,94574,0
25862,48132,88924,73994,114786,137056,0
23572,64821,3440,88393,27012,68261,0
2209,69707,71113,71916,73322,140820,1
41085,98385,94902,139470,135987,193287,1
46759,4488,86143,51247,132902,90631,0
77530,67735,64899,145265,142429,132634,1
2179,76755,92956,78934,95135,169711,0
61594,87912,98338,149506,159932,186250,1
74547,43768,75467,118315,150014,119235,1
85873,60379,86820,146252,172693,147199,1
80443,58444,63412,138887,143855,121856,1
74833,93778,19477,168611,94310,113255,1
47409,67260,28410,114669,75819,95670,1
55889,47669,1347,103558,57236,49016,0
14976,95017,21096,109993,36072,116113,0
15038,42137,56214,57175,71252,98351,1
6703,86465,69305,93168,76008,155770,0
60439,5209,88960,65648,149399,94169,0
31086,94763,37631,125849,68717,132394,0
75435,66662,24055,142097,99490,90717,1
55929,95292,65021,151221,120950,160313,1
96012,62851,87989,158863,184001,150840,1
61355,65837,47636,127192,108991,113473,1
43879,88441,97511,132320,141390,185952,1
85355,54107,53336,139462,138691,107443,1
11899,12926,3404,24825,15303,16330,1
68916,62809,22803,131725,91719,85612,1
6007,41790,58690,47797,64697,100480,0
78460,67528,15909,145988,94369,83437,1
77738,27407,10045,105145,87783,37452,0
31756,37422,41672,69178,73428,79094,1
46298,40186,5342,86484,51640,45528,0
77480,62920,767,140400,78247,63687,0
95959,8106,40950,104065,136909,49056,0
7116,70848,24354,77964,31470,95202,0
34871,21869,4818,56740,39689,26687,0
8395,23402,64925,31797,73320,88327,0
85145,49894,66482,135039,151627,116376,1
60586,33357,88649,93943,149235,122006,1
71505,74348,7888,145853,79393,82236,1
38224,3483,5475,41707,43699,8958,0
44346,82379,39046,126725,83392,121425,1
52896,23284,6323,76180,59219,29607,0
69335,9205,30450,78540,99785,39655,0
37015,46423,6866,83438,43881,53289,0
23544,18920,5468,42464,29012,24388,1
88809,50669,19620,139478,108429,70289,0
58371,70902,46222,129273,104593,117124,1
93329,59102,36154,152431,129483,95256,1
10758,8025,72421,18783,83179,80446,0
67299,76707,17303,144006,84602,94010,1
68992,9788,78001,78780,146993,87789,1
44812,60657,30747,105469,75559,91404,1
75172,66774,10093,141946,85265,76867,1
70977,56504,34979,127481,105956,91483,1
58672,88762,244,147434,58916,89006,0
59712,1910,8024,61622,67736,9934,0
37047,29135,76436,66182,113483,105571,0
17205,58715,31960,75920,49165,90675,0
98460,75132,54166,173592,152626,129298,1
47671,86715,63750,134386,111421,150465,1
39677,89190,325,128867,40002,89515,0
31735,64417,76240,96152,107975,140657,1
89695,72442,50409,162137,140104,122851,1
97614,91838,50345,189452,147959,142183,1
64095,13501,78906,77596,143001,92407,0
7942,2432,66773,10374,74715,69205,0
33102,12571,38376,45673,71478,50947,1
83191,28413,88218,111604,171409,116631,1
9913,83681,30052,93594,39965,113733,0
72559,18978,95905,91537,168464,114883,0
40931,80129,31689,121060,72620,111818,0
46236,55518,95996,101754,142232,151514,1
47620,57379,16389,104999,64009,73768,1
50301,6230,96792,56531,147093,103022,0
72993,64962,88025,137955,161018,152987,1
84012,68517,34328,152529,118340,102845,1
25274,26354,2114,51628,27388,28468,1
75350,15518,61103,90868,136453,76621,1
8334,7864,64172,16198,72506,72036,0
4825,19541,1548,24366,6373,21089,0
36540,59891,42729,96431,79269,102620,1
11064,97987,73448,109051,84512,171435,0
17974,50150,26884,68124,44858,77034,0
95549,32205,71910,127754,167459,104115,1
5126,58541,59777,63667,64903,118318,1
83690,86787,30108,170477,113798,116895,1
51832,16838,68716,68670,120548,85554,0
21755,37090,6691,58845,28446,43781,0
20547,12013,47045,32560,67592,59058,0
26969,64562,31709,91531,58678,96271,0
20171,23878,40042,44049,60213,63920,1
73459,32961,35172,106420,108631,68133,0
16803,98177,48354,114980,65157,146531,0
64679,24627,26343,89306,91022,50970,0
57098,77738,15154,134836,72252,92892,0
37461,33390,93060,70851,130521,126450,0
26800,49497,23941,76297,50741,73438,1
57254,91272,57816,148526,115070,149088,1
74737,16877,85849,91614,160586,102726,1
34105,5353,71123,39458,105228,76476,0
86210,87654,35317,173864,121527,122971,1
79309,56795,40263,136104,119572,97058,1
8862,87671,14801,96533,23663,102472,0
35116,72130,94941,107246,130057,167071,1
97826,75180,75084,173006,172910,150264,1
69784,99028,4618,168812,74402,103646,0
58680,4265,66252,62945,124932,70517,0
67247,98596,96169,165843,163416,194765,1
34637,45917,62620,80554,97257,108537,1
1014,11431,98428,12445,99442,109859,0
5796,39588,45551,45384,51347,85139,0
30987,77422,50442,108409,81429,127864,1
38318,46821,81177,85139,119495,127998,1
6232,95882,37988,102114,44220,133870,0
16596,94517,76069,111113,92665,170586,0
95531,59372,50483,154903,146014,109855,1
8497,28650,53386,37147,61883,82036,0
94001,16206,12710,110207,106711,28916,0
76715,64434,66342,141149,143057,130776,1
82622,13284,73468,95906,156090,86752,1
32577,36339,61724,68916,94301,98063,1
15212,88857,68097,104069,83309,156954,0
80953,56587,3758,137540,84711,60345,0
27099,76659,73968,103758,101067,150627,1
25760,58365,35860,84125,61620,94225,1
43507,63213,38796,106720,82303,102009,1
273,21038,35192,21311,35465,56230,0
97652,774,20543,98426,118195,21317,0
28717,379,15477,29096,44194,15856,0
7743,64297,74389,72040,82132,138686,0
36854,33032,9600,69886,46454,42632,1
3977,34323,38686,38300,42663,73009,0
64281,98359,75576,162640,139857,173935,1
11158,64683,55791,75841,66949,120474,1
16539,65770,32850,82309,49389,98620,0
16440,94980,34158,111420,50598,129138,0
21060,88636,94272,109696,115332,182908,1
84990,63706,76351,148696,161341,140057,1
82340,81139,71744,163479,154084,152883,1
87032,6726,52651,93758,139683,59377,0
87625,77610,35142,165235,122767,112752,1
87727,36192,90182,123919,177909,126374,1
69343,37856,89767,107199,159110,127623,1
43608,63806,38054,107414,81662,101860,1
68183,8555,72334,76738,140517,80889,1
4492,4328,61175,8820,65667,65503,0
27456,82869,43459,110325,70915,126328,0
66689,31923,56461,98612,123150,88384,1
40545,42038,24957,82583,65502,66995,1
84891,32195,68033,117086,152924,100228,1
99902,13378,2393,113280,102295,15771,0
7835,6729,1933,14564,9768,8662,1
62326,44370,53833,106696,116159,98203,1
11033,60819,15905,71852,26938,76724,0
82910,58919,93613,141829,176523,152532,1
24509,84354,67821,108863,92330,152175,1
80764,95124,30565,175888,111329,125689,1
69439,60792,17097,130231,86536,77889,1
1871,88522,40929,90393,42800,129451,0
90791,72422,40327,163213,131118,112749,1
88017,161,99023,88178,187040,99184,0
94444,95698,56486,190142,150930,152184,1
4710,65848,94741,70558,99451,160589,0
65465,52661,50531,118126,115996,103192,1
94516,73174,20910,167690,115426,94084,0
9321,99754,93046,109075,102367,192800,1
20957,53238,73753,74195,94710,126991,1
98043,16805,57353,114848,155396,74158,0
17767,74878,33144,92645,50911,108022,0
66995,85155,61539,152150,128534,146694,1
19474,35739,39849,55213,59323,75588,1
77680,8626,27510,86306,105190,36136,0
49714,91200,84061,140914,133775,175261,1
76783,6386,38495,83169,115278,44881,0
73518,11712,56951,85230,130469,68663,0
81804,73965,36668,155769,118472,110633,1
23019,43942,8790,66961,31809,52732,0
21884,76826,50925,98710,72809,127751,0
51687,16794,77757,68481,129444,94551,0
74303,20723,96196,95026,170499,116919,0
40950,29049,73811,69999,114761,102860,0
61225,71759,56211,132984,117436,127970,1
46476,66538,7384,113014,53860,73922,0
20100,10250,57566,30350,77666,67816,0
18858,62118,84780,80976,103638,146898,0
79850,95461,74648,175311,154498,170109,1
8215,28446,96768,36661,104983,125214,0
61813,29121,90367,90934,152180,119488,1
25191,60701,23866,85892,49057,84567,0
12794,86867,57937,99661,70731,144804,0
97460,65347,96198,162807,193658,161545,1
95581,1206,82377,96787,177958,83583,0
82280,88751,25196,171031,107476,113947,1
58545,81078,80449,139623,138994,161527,1
32405,15086,24229,47491,56634,39315,1
33360,58265,90849,91625,124209,149114,1
22523,18656,67099,41179,89622,85755,0
21660,16939,5396,38599,27056,22335,1
22407,64141,14556,86548,36963,78697,0
97218,76554,25540,173772,122758,102094,1
44322,70525,2793,114847,47115,73318,0
93542,30799,19071,124341,112613,49870,0
43894,73926,67680,117820,111574,141606,1
65094,11741,63710,76835,128804,75451,1
73456,90031,76115,163487,149571,166146,1
32547,56601,85742,89148,118289,142343,1
10041,52968,14050,63009,24091,67018,0
48167,91543,31029,139710,79196,122572,0
1097,76449,90192,77546,91289,166641,0
94346,75436,46345,169782,140691,121781,1
12293,4123,17039,16416,29332,21162,0
14256,90066,6049,104322,20305,96115,0
7928,77451,369,85379,8297,77820,0
49405,3345,32072,52750,81477,35417,0
61961,2914,1391,64875,63352,4305,0
59801,22595,73809,82396,133610,96404,1
9086,18218,99287,27304,108373,117505,0
81756,7180,4915,88936,86671,12095,0
6354,25470,77165,31824,83519,102635,0
70723,30298,87972,101021,158695,118270,1
13582,15549,67476,29131,81058,83025,0
24738,92680,86281,117418,111019,178961,1
74004,72822,48454,146826,122458,121276,1
56002,22151,48100,78153,104102,70251,1
32953,49897,27853,82850,60806,77750,1
16879,48114,79577,64993,96456,127691,0
40202,47020,84118,87222,124320,131138,1
71768,20300,92945,92068,164713,113245,0
76495,74309,83847,150804,160342,158156,1
13680,81514,1319,95194,14999,82833,0
9177,37604,62846,46781,72023,100450,0
83333,46019,45960,129352,129293,91979,1
31889,52019,79737,83908,111626,131756,1
9928,51810,68819,61738,78747,120629,0
60828,75282,32773,136110,93601,108055,1
64066,76073,25618,140139,89684,101691,1
61802,78986,41697,140788,103499,120683,1
2464,3982,42207,6446,44671,46189,0
71151,68806,51289,139957,122440,120095,1
31009,91178,9388,122187,40397,100566,0
71544,37109,38663,108653,110207,75772,1
11420,59783,5253,71203,16673,65036,0
30577,13467,59403,44044,89980,72870,0
17618,10567,73006,28185,90624,83573,0
72971,78752,46559,151723,119530,125311,1
93392,4025,35692,97417,129084,39717,0
64265,50888,23331,115153,87596,74219,1
21230,36220,47512,57450,68742,83732,1
50667,75081,29677,125748,80344,104758,1
78601,84531,26021,163132,104622,110552,1
88344,50507,7294,138851,95638,57801,0
74371,47596,74657,121967,149028,122253,1
77513,17744,82855,95257,160368,100599,1
69815,17488,7415,87303,77230,24903,0
77098,84336,51750,161434,128848,136086,1
5220,94712,82633,99932,87853,177345,0
5805,78914,55257,84719,61062,134171,0
85313,88112,92887,173425,178200,180999,1
89915,96179,1233,186094,91148,97412,0
39287,73085,19711,112372,58998,92796,0
2099,44707,24966,46806,27065,69673,0
97438,39490,93307,136928,190745,132797,1
47400,72093,19472,119493,66872,91565,0
18606,53705,94343,72311,112949,148048,0
92379,30077,73479,122456,165858,103556,1
76410,96775,14547,173185,90957,111322,0
57578,10019,83934,67597,141512,93953,0
3663,49581,16077,53244,19740,65658,0
59561,60796,70387,120357,129948,131183,1
60730,37117,75080,97847,135810,112197,1
32704,28632,82480,61336,115184,111112,0
33798,85316,49954,119114,83752,135270,0
745,36819,40402,37564,41147,77221,0
30342,60013,6808,90355,37150,66821,0
57912,13926,12658,71838,70570,26584,0
71575,69644,95727,141219,167302,165371,1
22507,95944,86270,118451,108777,182214,1
17719,61055,20024,78774,37743,81079,0
13004,81794,74503,94798,87507,156297,1
35989,5893,66165,41882,102154,72058,0
92338,14438,16072,106776,108410,30510,0
91255,63286,44739,154541,135994,108025,1
48364,7920,57689,56284,106053,65609,0
29716,41215,83063,70931,112779,124278,0
33507,95684,72809,129191,106316,168493,1
88873,46477,64626,135350,153499,111103,1
12551,6369,62262,18920,74813,68631,0
86585,17956,81638,104541,168223,99594,1
89913,22717,38632,112630,128545,61349,0
33911,49426,17960,83337,51871,67386,1
74211,42429,70700,116640,144911,113129,1
4458,62186,42825,66644,47283,105011,0
18972,54187,76821,73159,95793,131008,0
58253,8836,18513,67089,76766,27349,0
50171,16622,36300,66793,86471,52922,1
8421,82909,3866,91330,12287,86775,0
37948,32339,76060,70287,114008,108399,0
5781,40403,51568,46184,57349,91971,0
54537,77826,43510,132363,98047,121336,1
6088,91239,15719,97327,21807,106958,0
72086,12671,55119,84757,127205,67790,0
21759,72130,82675,93889,104434,154805,1
45439,5539,27046,50978,72485,32585,0
69034,46839,4124,115873,73158,50963,0
45195,30199,52907,75394,98102,83106,1
38287,54348,15472,92635,53759,69820,0
26820,75613,16294,102433,43114,91907,0
6898,36961,74311,43859,81209,111272,0
72795,73476,14107,146271,86902,87583,1
60079,70906,6356,130985,66435,77262,0
52673,30233,73972,82906,126645,104205,1
24342,12215,24029,36557,48371,36244,1
3053,38082,48809,41135,51862,86891,0
43521,18795,87012,62316,130533,105807,0
69167,2242,77860,71409,147027,80102,0
39229,74514,94777,113743,134006,169291,1
6746,51933,41205,58679,47951,93138,0
3955,95687,16342,99642,20297,112029,0
21979,69061,16844,91040,38823,85905,0
63571,60773,76845,124344,140416,137618,1
39474,99090,76060,138564,115534,175150,1
23623,44454,67788,68077,91411,112242,1
33923,98765,45758,132688,79681,144523,0
33122,80410,99094,113532,132216,179504,1
25238,61499,2017,86737,27255,63516,0
29660,69922,29862,99582,59522,99784,0
92582,39074,29804,131656,122386,68878,0
28930,36389,58946,65319,87876,95335,1
59706,2458,51343,62164,111049,53801,0
77074,5374,4202,82448,81276,9576,0
17759,39523,71775,57282,89534,111298,0
52216,3125,3798,55341,56014,6923,0
52696,79138,9387,131834,62083,88525,0
88302,32534,86063,120836,174365,118597,1
63813,85982,51623,149795,115436,137605,1
56248,19559,75480,75807,131728,95039,1
92455,63713,78837,156168,171292,142550,1
54277,81167,69820,135444,124097,150987,1
94087,65666,8944,159753,103031,74610,0
28740,39124,45097,67864,73837,84221,1
78556,57390,58148,135946,136704,115538,1
6573,8487,58303,15060,64876,66790,0
75468,25719,75008,101187,150476,100727,1
60093,92222,16724,152315,76817,108946,0
20638,33265,7750,53903,28388,41015,0
89161,80148,30123,169309,119284,110271,1
37466,71644,20981,109110,58447,92625,0
70079,29583,35291,99662,105370,64874,0
74862,96872,59628,171734,134490,156500,1
15337,95399,19305,110736,34642,114704,0
54465,71283,31944,125748,86409,103227,1
46846,64523,32860,111369,79706,97383,1
11340,68081,88696,79421,100036,156777,0
29643,69112,66312,98755,95955,135424,1
75448,34079,63666,109527,139114,97745,1
66407,23224,9250,89631,75657,32474,0
97395,48441,58720,145836,156115,107161,1
86657,90740,88029,177397,174686,178769,1
56994,98691,5483,155685,62477,104174,0
51304,26399,96190,77703,147494,122589,0
51682,63849,76841,115531,128523,140690,1
91267,33276,18389,124543,109656,51665,0
5473,60564,80242,66037,85715,140806,0
73334,99399,58093,172733,131427,157492,1
43012,64273,7773,107285,50785,72046,0
8826,57122,64872,65948,73698,121994,1
19616,14792,11780,34408,31396,26572,1
5792,39239,37657,45031,43449,76896,1
54397,47071,50851,101468,105248,97922,1
17102,91164,74691,108266,91793,165855,1
34592,82627,38076,117219,72668,120703,0
58784,76415,59629,135199,118413,136044,1
2594,68994,72717,71588,75311,141711,0
20591,60412,49167,81003,69758,109579,1
26784,20692,62823,47476,89607,83515,0
32647,35015,16807,67662,49454,51822,1
82684,30439,12016,113123,94700,42455,0
20774,90156,30667,110930,51441,120823,0
86346,4640,84830,90986,171176,89470,1
24015,14136,77673,38151,101688,91809,0
74093,4323,33496,78416,107589,37819,0
65072,73340,83380,138412,148452,156720,1
62751,58124,89001,120875,151752,147125,1
38736,51894,82862,90630,121598,134756,1
94761,70472,54113,165233,148874,124585,1
13826,3078,38309,16904,52135,41387,0
13134,88639,84842,101773,97976,173481,1
96961,91189,57600,188150,154561,148789,1
16108,62848,14978,78956,31086,77826,0
68770,89005,59583,157775,128353,148588,1
21612,79795,40790,101407,62402,120585,0
73706,54098,9790,127804,83496,63888,0
51358,42952,96184,94310,147542,139136,0
2831,1554,2076,4385,4907,3630,1
63144,11445,69191,74589,132335,80636,1
42313,46415,22054,88728,64367,68469,1
67170,95470,66123,162640,133293,161593,1
51634,22084,46399,73718,98033,68483,1
3123,66211,36909,69334,40032,103120,0
41802,2187,55934,43989,97736,58121,0
63869,33499,41718,97368,105587,75217,1
50640,6015,90030,56655,140670,96045,0
72323,34071,60952,106394,133275,95023,1
40614,69800,69452,110414,110066,139252,1
25347,95829,13542,121176,38889,109371,0
37133,31592,42068,68725,79201,73660,1
9344,84705,95791,94049,105135,180496,0
6255,94418,37917,100673,44172,132335,0
21626,14196,58518,35822,80144,72714,0
30862,985,56235,31847,87097,57220,0
86464,96672,88688,183136,175152,185360,1
77126,33301,44669,110427,121795,77970,1
44192,18205,83856,62397,128048,102061,0
38275,25698,36081,63973,74356,61779,1
32512,39119,143,71631,32655,39262,0
30408,66621,63764,97029,94172,130385,1
30688,55455,63919,86143,94607,119374,1
40307,38798,80959,79105,121266,119757,0
62747,99378,2138,162125,64885,101516,0
50618,23832,78747,74450,129365,102579,0
39818,4095,61272,43913,101090,65367,0
78141,47199,26873,125340,105014,74072,0
4498,49164,62476,53662,66974,111640,0
39194,61523,96794,100717,135988,158317,1
86882,2281,76550,89163,163432,78831,0
22993,96872,57765,119865,80758,154637,0
1638,85773,27985,87411,29623,113758,0
9133,62162,63647,71295,72780,125809,1
94063,28556,92258,122619,186321,120814,1
47130,95511,10301,142641,57431,105812,0
66249,93110,88626,159359,154875,181736,1
59837,56333,35426,116170,95263,91759,1
42425,6637,1792,49062,44217,8429,0
86926,67995,18531,154921,105457,86526,0
45702,99001,23471,144703,69173,122472,0
48527,64759,35699,113286,84226,100458,1
14551,30321,15546,44872,30097,45867,0
48405,83672,68226,132077,116631,151898,1
86134,16127,20907,102261,107041,37034,0
69917,41710,12883,111627,82800,54593,0
91476,21807,29748,113283,121224,51555,0
57517,72709,70819,130226,128336,143528,1
8229,66992,29028,75221,37257,96020,0
48181,31154,4555,79335,52736,35709,0
79094,48314,96636,127408,175730,144950,1
34803,70001,9373,104804,44176,79374,0
93298,60201,47104,153499,140402,107305,1
78019,9099,87508,87118,165527,96607,0
42105,52294,71316,94399,113421,123610,1
78125,29929,37499,108054,115624,67428,0
83327,47110,1060,130437,84387,48170,0
31387,99888,53591,131275,84978,153479,0
74066,8554,62459,82620,136525,71013,0
59603,38984,29985,98587,89588,68969,1
75351,64678,27596,140029,102947,92274,1
51500,98007,40266,149507,91766,138273,0
23229,1466,2639,24695,25868,4105,0
95097,18696,99023,113793,194120,117719,1
57911,41242,24006,99153,81917,65248,1
3555,59118,74709,62673,78264,133827,0
5442,45370,449,50812,5891,45819,0
70456,32916,91385,103372,161841,124301,1
70876,88974,42570,159850,113446,131544,1
16627,30932,23665,47559,40292,54597,1
48534,55136,96408,103670,144942,151544,1
49378,72874,32364,122252,81742,105238,1
16456,71722,17380,88178,33836,89102,0
7969,20303,19991,28272,27960,40294,1
23824,2794,32795,26618,56619,35589,0
1189,76918,79536,78107,80725,156454,0
35165,31877,38008,67042,73173,69885,1
31079,55185,56587,86264,87666,111772,1
9922,10140,12686,20062,22608,22826,1
1507,42484,33132,43991,34639,75616,0
46861,12368,57464,59229,104325,69832,1
35815,77068,3340,112883,39155,80408,0
55975,96088,56947,152063,112922,153035,1
13992,81183,92324,95175,106316,173507,1
23919,73414,28050,97333,51969,101464,0
85672,43048,40448,128720,126120,83496,0
44707,49195,4699,93902,49406,53894,1
6429,83161,26876,89590,33305,110037,0
53298,33336,89926,86634,143224,123262,0
66841,43545,81481,110386,148322,125026,1
12245,23282,66500,35527,78745,89782,0
11222,32618,27011,43840,38233,59629,1
92346,84388,73836,176734,166182,158224,1
57099,97441,78623,154540,135722,176064,1
47512,55934,13252,103446,60764,69186,1
53903,54479,54992,108382,108895,109471,1
80007,27485,84416,107492,164423,111901,1
71264,57878,56320,129142,127584,114198,1
8316,10059,2193,18375,10509,12252,1
11072,69728,32376,80800,43448,102104,0
91807,20107,35554,111914,127361,55661,0
91287,19917,21235,111204,112522,41152,0
10005,28224,67672,38229,77677,95896,0
19522,61478,88676,81000,108198,150154,0
50003,69704,22392,119707,72395,92096,1
86829,63093,79658,149922,166487,142751,1
72832,77288,73340,150120,146172,150628,1
9886,68570,39817,78456,49703,108387,0
77907,15510,52884,93417,130791,68394,0
60763,5729,57993,66492,118756,63722,1
51145,57652,76841,108797,127986,134493,1
36359,50835,39716,87194,76075,90551,1
24060,66640,83514,90700,107574,150154,1
25618,30907,43931,56525,69549,74838,1
30757,66574,8036,97331,38793,74610,0
59276,865,42670,60141,101946,43535,0
88185,87274,25172,175459,113357,112446,1
59650,42897,34291,102547,93941,77188,1
8476,53920,39247,62396,47723,93167,0
339,62435,21759,62774,22098,84194,0
36302,83089,71659,119391,107961,154748,1
14453,89120,63848,103573,78301,152968,0
6793,15113,47671,21906,54464,62784,0
97544,96337,99248,193881,196792,195585,1
39475,58650,44831,98125,84306,103481,1
19377,51541,25618,70918,44995,77159,0
90653,70311,60615,160964,151268,130926,1
4776,82607,66335,87383,71111,148942,0
92091,88168,78818,180259,170909,166986,1
36540,14618,21428,51158,57968,36046,0
27825,3824,79501,31649,107326,83325,0
77302,49268,5217,126570,82519,54485,0
38835,97383,23947,136218,62782,121330,0
57659,95691,23143,153350,80802,118834,0
29371,46402,4091,75773,33462,50493,0
89142,14403,36361,103545,125503,50764,0
15312,75099,92831,90411,108143,167930,0
91651,43386,30445,135037,122096,73831,0
55534,77293,19901,132827,75435,97194,0
23689,51267,85888,74956,109577,137155,0
83135,51153,88197,134288,171332,139350,1
91932,74937,2758,166869,94690,77695,0
51121,26406,20034,77527,71155,46440,0
99883,24743,30632,124626,130515,55375,0
30474,29536,61054,60010,91528,90590,0
32526,64412,16114,96938,48640,80526,0
18129,4230,26962,22359,45091,31192,0
86664,41018,22787,127682,109451,63805,0
32124,98505,60179,130629,92303,158684,0
3443,12189,82107,15632,85550,94296,0
6740,31092,94320,37832,101060,125412,0
20937,91480,76723,112417,97660,168203,1
23199,1651,77789,24850,100988,79440,0
44368,92219,47065,136587,91433,139284,0
89361,872,9535,90233,98896,10407,0
87524,64013,69145,151537,156669,133158,1
55690,37543,41340,93233,97030,78883,1
68461,25118,95517,93579,163978,120635,0
59792,17031,16490,76823,76282,33521,0
36756,27014,35674,63770,72430,62688,1
11464,53717,66505,65181,77969,120222,0
49045,53724,41152,102769,90197,94876,1
77690,78433,60401,156123,138091,138834,1
38878,162,24053,39040,62931,24215,0
23941,58778,93912,82719,117853,152690,0
31407,48724,23382,80131,54789,72106,1
9936,15344,82205,25280,92141,97549,0
9141,34459,7444,43600,16585,41903,0
40279,93727,39475,134006,79754,133202,0
4195,85649,31337,89844,35532,116986,0
85593,85473,27222,171066,112815,112695,1
92579,20428,41754,113007,134333,62182,0
70975,80068,86737,151043,157712,166805,1
68704,93735,35515,162439,104219,129250,1
28990,32948,46657,61938,75647,79605,1
14174,45815,76514,59989,90688,122329,0
45462,1156,7136,46618,52598,8292,0
19227,58009,77120,77236,96347,135129,1
5767,27488,88367,33255,94134,115855,0
60045,44524,22133,104569,82178,66657,1
12769,67541,52875,80310,65644,120416,0
72708,84798,21241,157506,93949,106039,1
92291,99994,26671,192285,118962,126665,1
76394,80195,24302,156589,100696,104497,1
43276,97683,43735,140959,87011,141418,0
80202,20117,87073,100319,167275,107190,1
39450,30183,45182,69633,84632,75365,1
41719,68057,94947,109776,136666,163004,1
23775,37299,75931,61074,99706,113230,0
68307,12953,44421,81260,112728,57374,0
15930,75826,77638,91756,93568,153464,1
88633,12875,84319,101508,172952,97194,1
82627,28266,14458,110893,97085,42724,0
8030,61951,48593,69981,56623,110544,0
25023,1545,63591,26568,88614,65136,0
36582,37891,63907,74473,100489,101798,1
99467,52092,89235,151559,188702,141327,1
21119,32824,39143,53943,60262,71967,1
60829,56056,42352,116885,103181,98408,1
77697,15588,31436,93285,109133,47024,0
82540,26672,63850,109212,146390,90522,1
48542,89115,67379,137657,115921,156494,1
65983,36034,62644,102017,128627,98678,1
48220,25090,1908,73310,50128,26998,0
50578,70206,67991,120784,118569,138197,1
4330,68744,91030,73074,95360,159774,0
88376,26617,74479,114993,162855,101096,1
61879,22976,41934,84855,103813,64910,1
77521,41351,66016,118872,143537,107367,1
32389,71146,9148,103535,41537,80294,0
65607,74578,99779,140185,165386,174357,1
12004,87856,75342,99860,87346,163198,0
89845,43796,14423,133641,104268,58219,0
73305,75564,33450,148869,106755,109014,1
83270,41737,518,125007,83788,42255,0
35880,29820,53225,65700,89105,83045,1
78112,24849,62233,102961,140345,87082,1
20160,40955,74427,61115,94587,115382,0
39603,6157,8278,45760,47881,14435,0
25052,40641,29418,65693,54470,70059,1
60799,77580,45535,138379,106334,123115,1
37141,93867,12978,131008,50119,106845,0
66001,75029,50493,141030,116494,125522,1
72070,63959,33828,136029,105898,97787,1
84963,64154,67009,149117,151972,131163,1
76557,35326,72920,111883,149477,108246,1
88632,82105,61979,170737,150611,144084,1
62997,56044,75112,119041,138109,131156,1
97104,91157,98550,188261,195654,189707,1
69007,98182,52482,167189,121489,150664,1
35901,70838,95126,106739,131027,165964,1
7784,47059,67239,54843,75023,114298,0
36862,92668,2078,129530,38940,94746,0
13201,79860,19633,93061,32834,99493,0
39272,81387,42328,120659,81600,123715,1
4217,59883,84296,64100,88513,144179,0
36781,63995,83670,100776,120451,147665,1
81903,36499,81880,118402,163783,118379,1
29720,44548,96291,74268,126011,140839,0
69929,5143,68157,75072,138086,73300,1
34665,91673,36707,126338,71372,128380,0
31744,83607,46741,115351,78485,130348,0
74430,11618,38167,86048,112597,49785,0
18545,98865,29114,117410,47659,127979,0
85889,77120,42990,163009,128879,120110,1
22466,86824,59560,109290,82026,146384,0
54507,232,7756,54739,62263,7988,0
4862,83938,46646,88800,51508,130584,0
21867,18294,76663,40161,98530,94957,0
21336,11296,73408,32632,94744,84704,0
42940,78289,48491,121229,91431,126780,1
41514,81768,99750,123282,141264,181518,1
59545,19826,72611,79371,132156,92437,1
30117,91272,1023,121389,31140,92295,0
29058,5633,13463,34691,42521,19096,0
14416,64122,73763,78538,88179,137885,1
68682,30589,61617,99271,130299,92206,1
96112,5380,96031,101492,192143,101411,1
69019,68943,4894,137962,73913,73837,1
27742,14162,74001,41904,101743,88163,0
41630,62207,75448,103837,117078,137655,1
18827,70559,77943,89386,96770,148502,1
72053,6922,23402,78975,95455,30324,0
84148,60370,12613,144518,96761,72983,0
86104,66628,10029,152732,96133,76657,0
94867,89791,39157,184658,134024,128948,1
56442,83664,93950,140106,150392,177614,1
71499,39920,66339,111419,137838,106259,1
15618,60285,89377,75903,104995,149662,0
21838,98011,94852,119849,116690,192863,1
19814,51126,38611,70940,58425,89737,1
30003,90989,75427,120992,105430,166416,1
35500,71548,22288,107048,57788,93836,0
15045,87951,10433,102996,25478,98384,0
56778,63204,89292,119982,146070,152496,1
28950,56049,11513,84999,40463,67562,0
25871,57303,89500,83174,115371,146803,0
19958,87914,45378,107872,65336,133292,0
74648,91033,93095,165681,167743,184128,1
18037,40605,74889,58642,92926,115494,0
69265,7871,25286,77136,94551,33157,0
7065,38272,14339,45337,21404,52611,0
56079,6808,9395,62887,65474,16203,0
23573,55676,61051,79249,84624,116727,1
74443,30594,41294,105037,115737,71888,0
33477,31048,94149,64525,127626,125197,0
79277,4073,15960,83350,95237,20033,0
44281,48067,94802,92348,139083,142869,0
18370,57169,86620,75539,104990,143789,0
28998,29915,181,58913,29179,30096,0
17071,16796,65087,33867,82158,81883,0
95122,2370,94972,97492,190094,97342,1
66979,62848,38329,129827,105308,101177,1
35565,75008,33886,110573,69451,108894,0
28673,71231,18301,99904,46974,89532,0
24571,82920,69542,107491,94113,152462,1
30963,60451,23256,91414,54219,83707,0
45621,86623,93465,132244,139086,180088,1
63693,91470,18624,155163,82317,110094,0
36222,854,752,37076,36974,1606,0
17538,37082,79642,54620,97180,116724,0
35225,52342,36817,87567,72042,89159,1
13966,23031,11292,36997,25258,34323,1
52246,94760,45094,147006,97340,139854,1
6637,94326,26222,100963,32859,120548,0
46415,97401,72454,143816,118869,169855,1
98684,8980,20560,107664,119244,29540,0
38190,88224,93952,126414,132142,182176,1
51117,59211,32709,110328,83826,91920,1
99863,91188,9056,191051,108919,100244,1
85894,1649,49516,87543,135410,51165,0
27748,20835,24850,48583,52598,45685,1
92949,84479,44145,177428,137094,128624,1
82172,96887,37022,179059,119194,133909,1
8364,64684,17892,73048,26256,82576,0
14992,59755,42735,74747,57727,102490,0
31477,41234,84354,72711,115831,125588,0
18750,64140,91028,82890,109778,155168,0
10772,34095,30267,44867,41039,64362,1
24071,64555,57622,88626,81693,122177,1
2611,54245,19552,56856,22163,73797,0
62182,52667,72339,114849,134521,125006,1
91511,44269,71464,135780,162975,115733,1
35805,30657,36196,66462,72001,66853,1
48218,8099,70632,56317,118850,78731,0
83852,59867,43651,143719,127503,103518,1
60483,6991,83596,67474,144079,90587,0
34793,2575,88179,37368,122972,90754,0
62921,91675,11173,154596,74094,102848,0
76909,7709,6544,84618,83453,14253,0
70069,39924,6142,109993,76211,46066,0
87972,95919,21735,183891,109707,117654,1
90916,58322,99196,149238,190112,157518,1
62191,73869,54221,136060,116412,128090,1
74017,60441,51349,134458,125366,111790,1
44780,54352,78488,99132,123268,132840,1
78183,76288,99918,154471,178101,176206,1
97040,41199,66655,138239,163695,107854,1
23760,62702,52036,86462,75796,114738,1
36897,98146,64864,135043,101761,163010,1
70889,93582,29725,164471,100614,123307,1
84059,96025,29324,180084,113383,125349,1
20065,92947,76668,113012,96733,169615,1
86644,34451,24386,121095,111030,58837,0
71650,60712,97541,132362,169191,158253,1
34534,34533,99863,69067,134397,134396,0
65446,79450,37333,144896,102779,116783,1
22415,50764,61821,73179,84236,112585,1
77664,81916,81206,159580,158870,163122,1
92270,54378,59425,146648,151695,113803,1
28922,7197,95372,36119,124294,102569,0
2135,54988,59525,57123,61660,114513,0
48086,83382,94100,131468,142186,177482,1
23091,11902,28554,34993,51645,40456,1
42753,49519,78072,92272,120825,127591,1
259,85496,69189,85755,69448,154685,0
74555,23041,75434,97596,149989,98475,1
55517,42873,54994,98390,110511,97867,1
77526,12000,61453,89526,138979,73453,0
6817,77856,79919,84673,86736,157775,1
33987,16920,55812,50907,89799,72732,0
33347,96540,63951,129887,97298,160491,1
78019,17390,57119,95409,135138,74509,0
40278,8534,32849,48812,73127,41383,1
21935,68836,4340,90771,26275,73176,0
19500,48145,69488,67645,88988,117633,0
64309,23760,86217,88069,150526,109977,1
1740,84937,72355,86677,74095,157292,0
22179,23632,81053,45811,103232,104685,0
35035,84173,49298,119208,84333,133471,1
3879,79389,72755,83268,76634,152144,0
19083,89876,20573,108959,39656,110449,0
73111,66600,68682,139711,141793,135282,1
40487,80759,33518,121246,74005,114277,0
73207,42246,90655,115453,163862,132901,1
22903,8864,95807,31767,118710,104671,0
90605,12696,37321,103301,127926,50017,0
92850,1976,82478,94826,175328,84454,0
20964,90307,54394,111271,75358,144701,0
14498,12253,36720,26751,51218,48973,0
34528,45416,54673,79944,89201,100089,1
10271,69318,75609,79589,85880,144927,1
345,7070,66609,7415,66954,73679,0
3608,24574,88155,28182,91763,112729,0
19176,72103,36999,91279,56175,109102,0
21177,37605,62339,58782,83516,99944,0
18596,67508,49615,86104,68211,117123,1
33899,26867,19398,60766,53297,46265,1
65099,67045,25775,132144,90874,92820,1
98892,75517,5405,174409,104297,80922,0
43225,43583,92217,86808,135442,135800,0
17680,27660,69739,45340,87419,97399,0
74140,55112,87511,129252,161651,142623,1
35218,15764,73198,50982,108416,88962,0
88000,16585,59142,104585,147142,75727,0
19373,10075,33040,29448,52413,43115,0
72338,26597,44288,98935,116626,70885,0
90855,93727,94608,184582,185463,188335,1
40347,39967,50768,80314,91115,90735,1
70826,70348,21199,141174,92025,91547,1
83986,75260,38261,159246,122247,113521,1
74489,63504,83953,137993,158442,147457,1
48716,30953,18846,79669,67562,49799,1
61990,82038,15976,144028,77966,98014,0
6514,86766,40493,93280,47007,127259,0
13381,65600,85104,78981,98485,150704,0
64947,37651,84281,102598,149228,121932,1
22239,26795,64448,49034,86687,91243,0
72967,34902,27490,107869,100457,62392,0
9419,61148,13015,70567,22434,74163,0
86690,93597,61208,180287,147898,154805,1
16910,18107,49758,35017,66668,67865,0
36180,8918,57880,45098,94060,66798,0
14729,27884,24575,42613,39304,52459,1
34610,31120,27408,65730,62018,58528,1
59088,61041,4783,120129,63871,65824,1
76487,35255,43587,111742,120074,78842,1
96064,28613,15987,124677,112051,44600,0
52855,42430,59392,95285,112247,101822,1
22632,60983,6961,83615,29593,67944,0
55583,57302,79633,112885,135216,136935,1
77062,50265,38658,127327,115720,88923,1
43321,86456,18999,129777,62320,105455,0
39666,72207,9512,111873,49178,81719,0
56960,44478,87897,101438,144857,132375,1
54448,68669,84031,123117,138479,152700,1
71318,20851,12391,92169,83709,33242,0
31794,20597,52132,52391,83926,72729,1
78983,75462,40380,154445,119363,115842,1
74798,51630,73340,126428,148138,124970,1
91061,59029,38820,150090,129881,97849,1
27029,41516,91252,68545,118281,132768,0
78477,73628,90744,152105,169221,164372,1
80141,13301,2853,93442,82994,16154,0
76352,83254,30803,159606,107155,114057,1
51379,50857,49914,102236,101293,100771,1
16372,649,9470,17021,25842,10119,0
16655,33998,33975,50653,50630,67973,1
35980,72567,67526,108547,103506,140093,1
29131,95266,50368,124397,79499,145634,0
11432,74831,73110,86263,84542,147941,1
31356,30175,45819,61531,77175,75994,1
41483,80225,45723,121708,87206,125948,1
22684,93674,12384,116358,35068,106058,0
48808,95619,49760,144427,98568,145379,1
50846,49109,57459,99955,108305,106568,1
20409,674,50798,21083,71207,51472,0
51940,1841,48604,53781,100544,50445,0
6629,92155,49919,98784,56548,142074,0
46427,84655,51480,131082,97907,136135,1
68735,24901,62296,93636,131031,87197,1
52984,91281,74624,144265,127608,165905,1
89790,48856,46985,138646,136775,95841,1
70728,58563,20152,129291,90880,78715,1
19042,55945,82128,74987,101170,138073,0
34049,61729,50976,95778,85025,112705,1
67213,85578,27558,152791,94771,113136,1
98488,363,34054,98851,132542,34417,0
3951,93868,12257,97819,16208,106125,0
11606,49193,1868,60799,13474,51061,0
28271,7031,59631,35302,87902,66662,0
7886,48684,32853,56570,40739,81537,0
44922,55487,43460,100409,88382,98947,1
32006,87058,60309,119064,92315,147367,1
83816,41970,96611,125786,180427,138581,1
49066,33668,17957,82734,67023,51625,1
47542,91203,25482,138745,73024,116685,0
7303,91806,57513,99109,64816,149319,0
52637,47962,63933,100599,116570,111895,1
72020,20545,78843,92565,150863,99388,1
62929,52820,14308,115749,77237,67128,1
51846,13862,29816,65708,81662,43678,0
34455,58926,91072,93381,125527,149998,1
93538,88762,23336,182300,116874,112098,1
81415,37611,57012,119026,138427,94623,1
23034,39870,68878,62904,91912,108748,0
95531,47333,1381,142864,96912,48714,0
37799,83547,64558,121346,102357,148105,1
24200,20498,18306,44698,42506,38804,1
94855,92885,33864,187740,128719,126749,1
38408,53699,76130,92107,114538,129829,1
90518,41668,20686,132186,111204,62354,0
91864,69890,71027,161754,162891,140917,1
36060,19097,48247,55157,84307,67344,1
91001,81335,4309,172336,95310,85644,0
61627,91366,64179,152993,125806,155545,1
25730,80582,40500,106312,66230,121082,0
20662,43403,73017,64065,93679,116420,0
89266,16502,57232,105768,146498,73734,0
6432,35685,5765,42117,12197,41450,0
33950,54450,56966,88400,90916,111416,1
69511,43873,58205,113384,127716,102078,1
14239,19287,64638,33526,78877,83925,0
5693,47603,12088,53296,17781,59691,0
34619,73249,11430,107868,46049,84679,0
37060,35967,38130,73027,75190,74097,1
37276,2556,83575,39832,120851,86131,0
44016,96837,41192,140853,85208,138029,0
97854,53902,5644,151756,103498,59546,0
86749,49084,27201,135833,113950,76285,0
82839,91832,65184,174671,148023,157016,1
16243,32242,77232,48485,93475,109474,0
45527,4825,61342,50352,106869,66167,0
90058,27788,12321,117846,102379,40109,0
56340,94920,78263,151260,134603,173183,1
37318,93784,64415,131102,101733,158199,1
75674,16602,94368,92276,170042,110970,0
71597,98641,15584,170238,87181,114225,0
62247,13400,53814,75647,116061,67214,1
42219,90035,6239,132254,48458,96274,0
99909,63308,34956,163217,134865,98264,0
31083,24346,37094,55429,68177,61440,1
49134,19862,43390,68996,92524,63252,1
71267,67799,3640,139066,74907,71439,1
40823,66906,13959,107729,54782,80865,0
99689,14982,66799,114671,166488,81781,0
23234,29567,84323,52801,107557,113890,0
67242,72728,16613,139970,83855,89341,1
45086,48019,45418,93105,90504,93437,1
37786,78564,44418,116350,82204,122982,1
48119,587,30426,48706,78545,31013,0
27536,82746,27638,110282,55174,110384,0
5779,9878,18729,15657,24508,28607,0
25387,78833,26882,104220,52269,105715,0
88674,2178,65843,90852,154517,68021,0
4873,17034,38012,21907,42885,55046,0
15541,1015,19111,16556,34652,20126,0
87975,95028,25084,183003,113059,120112,1
90159,70177,40526,160336,130685,110703,1
52287,94948,27957,147235,80244,122905,0
40116,68331,24737,108447,64853,93068,0
56500,45816,15773,102316,72273,61589,1
81378,28676,48125,110054,129503,76801,0
91706,58054,8535,149760,100241,66589,0
58530,56349,69059,114879,127589,125408,1
36328,6310,72546,42638,108874,78856,0
69364,70123,29369,139487,98733,99492,1
21122,92604,54875,113726,75997,147479,0
99508,86519,9247,186027,108755,95766,0
89444,51081,56313,140525,145757,107394,1
78699,3455,12048,82154,90747,15503,0
55996,26924,24327,82920,80323,51251,0
68861,8154,71692,77015,140553,79846,1
62790,90099,17406,152889,80196,107505,0
45478,81002,19868,126480,65346,100870,0
97460,12862,71228,110322,168688,84090,0
23663,60930,32376,84593,56039,93306,0
19294,85425,82608,104719,101902,168033,1
1400,90947,72439,92347,73839,163386,0
96806,90986,34430,187792,131236,125416,1
73637,29920,68007,103557,141644,97927,1
12950,22936,54154,35886,67104,77090,0
51772,16073,25472,67845,77244,41545,0
44412,5696,55828,50108,100240,61524,0
78699,46007,81121,124706,159820,127128,1
24740,23793,71302,48533,96042,95095,0
2706,20382,25828,23088,28534,46210,0
4989,74741,93180,79730,98169,167921,0
57147,70197,44571,127344,101718,114768,1
66494,21322,76512,87816,143006,97834,1
17530,49146,57442,66676,74972,106588,1
83163,97763,8244,180926,91407,106007,0
20808,85574,29219,106382,50027,114793,0
19862,46725,91824,66587,111686,138549,0
13947,21960,80937,35907,94884,102897,0
76116,9276,14527,85392,90643,23803,0
83353,51227,27406,134580,110759,78633,0
84334,65281,48998,149615,133332,114279,1
91480,43756,32308,135236,123788,76064,0
34636,49992,22832,84628,57468,72824,1
52768,33443,9082,86211,61850,42525,0
39464,52359,85273,91823,124737,137632,1
69580,15013,78489,84593,148069,93502,1
45013,53214,7082,98227,52095,60296,0
84768,78223,62886,162991,147654,141109,1
98506,88476,87827,186982,186333,176303,1
98718,11351,55537,110069,154255,66888,0
49957,82618,97870,132575,147827,180488,1
87132,96505,94026,183637,181158,190531,1
65103,28957,46956,94060,112059,75913,1
37178,5319,77411,42497,114589,82730,0
40942,20879,93891,61821,134833,114770,0
31514,66755,31184,98269,62698,97939,0
547,10651,79229,11198,79776,89880,0
85928,49895,20958,135823,106886,70853,0
36493,84101,79028,120594,115521,163129,1
33137,51559,5263,84696,38400,56822,0
70106,95416,20227,165522,90333,115643,0
27678,64866,6774,92544,34452,71640,0
7548,20826,57206,28374,64754,78032,0
89254,1562,29155,90816,118409,30717,0
17649,9461,12172,27110,29821,21633,1
46087,68349,98879,114436,144966,167228,1
86854,45134,45323,131988,132177,90457,1
19983,53768,21149,73751,41132,74917,0
74076,81441,82661,155517,156737,164102,1
40332,76731,64749,117063,105081,141480,1
30913,86371,34764,117284,65677,121135,0
93073,39064,75963,132137,169036,115027,1
26896,66065,72337,92961,99233,138402,1
82805,7889,93293,90694,176098,101182,0
22889,31365,5669,54254,28558,37034,0
20279,88546,25064,108825,45343,113610,0
79099,75400,44532,154499,123631,119932,1
84303,16524,33695,100827,117998,50219,0
40190,82038,79710,122228,119900,161748,1
62223,85926,42746,148149,104969,128672,1
37362,19731,81058,57093,118420,100789,0
41405,41403,75064,82808,116469,116467,1
66128,75583,82981,141711,149109,158564,1
14772,20432,73704,35204,88476,94136,0
76162,84655,18905,160817,95067,103560,1
40505,87791,65365,128296,105870,153156,1
82571,1445,72552,84016,155123,73997,0
15947,18359,56558,34306,72505,74917,0
43530,83518,36624,127048,80154,120142,0
78421,24618,89366,103039,167787,113984,1
92665,34913,44655,127578,137320,79568,0
53175,36347,8968,89522,62143,45315,0
40661,70016,70671,110677,111332,140687,1
17091,47525,48341,64616,65432,95866,1
17010,21084,41256,38094,58266,62340,0
19973,93298,26147,113271,46120,119445,0
6423,4226,64234,10649,70657,68460,0
21585,93655,44191,115240,65776,137846,0
80207,62901,78907,143108,159114,141808,1
77346,98662,59912,176008,137258,158574,1
22237,47107,54939,69344,77176,102046,1
52917,10777,18829,63694,71746,29606,0
47223,89916,13157,137139,60380,103073,0
59394,98125,52530,157519,111924,150655,1
51014,51085,74134,102099,125148,125219,1
84202,50411,15306,134613,99508,65717,0
56534,72311,34081,128845,90615,106392,1
52097,37114,27310,89211,79407,64424,1
52849,92053,98086,144902,150935,190139,1
84186,12698,88513,96884,172699,101211,1
73500,82914,93827,156414,167327,176741,1
59801,5980,43608,65781,103409,49588,0
19690,66409,90080,86099,109770,156489,0
99900,39278,74757,139178,174657,114035,1
37726,44288,13278,82014,51004,57566,1
52555,93974,12436,146529,64991,106410,0
89837,39911,25974,129748,115811,65885,0
67323,5198,13057,72521,80380,18255,0
92391,22633,45096,115024,137487,67729,0
7512,7801,81725,15313,89237,89526,0
66477,42062,52719,108539,119196,94781,1
43720,70156,54578,113876,98298,124734,1
74201,80591,89178,154792,163379,169769,1
42746,27708,3942,70454,46688,31650,0
96113,70547,9199,166660,105312,79746,0
43107,58287,15220,101394,58327,73507,1
24733,1197,43709,25930,68442,44906,0
34197,22398,94636,56595,128833,117034,0
46682,46935,38245,93617,84927,85180,1
1646,37929,4178,39575,5824,42107,0
74482,33306,13550,107788,88032,46856,0
80610,84267,1733,164877,82343,86000,0
82434,68264,16118,150698,98552,84382,1
18605,77789,7224,96394,25829,85013,0
89475,18834,5323,108309,94798,24157,0
54683,74598,60113,129281,114796,134711,1
51059,66635,20179,117694,71238,86814,1
26965,16805,48493,43770,75458,65298,0
69992,23159,34817,93151,104809,57976,0
19193,51285,32064,70478,51257,83349,0
95400,67810,82470,163210,177870,150280,1
38160,68091,44164,106251,82324,112255,1
14223,79409,86073,93632,100296,165482,1
70918,94289,20989,165207,91907,115278,0
24649,40330,97546,64979,122195,137876,0
69988,44287,47710,114275,117698,91997,1
96767,75161,8927,171928,105694,84088,0
19634,81803,73044,101437,92678,154847,1
97499,68145,80280,165644,177779,148425,1
16097,79009,2545,95106,18642,81554,0
48372,85440,54976,133812,103348,140416,1
94661,90827,53441,185488,148102,144268,1
93349,7241,53256,100590,146605,60497,0
6800,67493,96647,74293,103447,164140,0
93678,11046,93187,104724,186865,104233,1
86871,97377,68947,184248,155818,166324,1
52226,38405,22110,90631,74336,60515,1
52382,40449,76117,92831,128499,116566,1
95346,18555,27099,113901,122445,45654,0
76082,85399,63585,161481,139667,148984,1
19875,86779,48480,106654,68355,135259,0
97549,91589,99378,189138,196927,190967,1
79096,56807,73222,135903,152318,130029,1
64621,39277,98689,103898,163310,137966,1
8115,16177,44063,24292,52178,60240,0
22023,86028,97454,108051,119477,183482,1
49716,15105,25267,64821,74983,40372,0
82678,6151,52752,88829,135430,58903,0
10117,68131,36165,78248,46282,104296,0
20289,27994,56073,48283,76362,84067,0
37257,60670,71824,97927,109081,132494,1
92328,40688,48965,133016,141293,89653,0
74852,90661,32954,165513,107806,123615,1
91283,36507,44781,127790,136064,81288,0
71347,94255,43679,165602,115026,137934,1
29139,19553,39323,48692,68462,58876,1
83632,9174,89751,92806,173383,98925,1
26519,94139,19796,120658,46315,113935,0
29705,10542,33831,40247,63536,44373,1
40950,43062,73467,84012,114417,116529,1
33261,6700,13274,39961,46535,19974,0
83648,55740,14644,139388,98292,70384,0
46466,6859,64059,53325,110525,70918,0
79874,40190,64614,120064,144488,104804,1
85818,69571,40279,155389,126097,109850,1
55686,52611,12536,108297,68222,65147,1
18008,9227,26086,27235,44094,35313,1
81793,10613,67074,92406,148867,77687,0
36234,39947,57350,76181,93584,97297,1
83002,253,6024,83255,89026,6277,0
80443,68958,31364,149401,111807,100322,1
56077,27135,40809,83212,96886,67944,1
43355,38342,55755,81697,99110,94097,1
73865,19029,70806,92894,144671,89835,1
92441,76607,1377,169048,93818,77984,0
78473,61919,63388,140392,141861,125307,1
17177,1353,19235,18530,36412,20588,0
50787,72051,25823,122838,76610,97874,1
54429,98842,36454,153271,90883,135296,0
72348,98334,43216,170682,115564,141550,1
21145,54918,83462,76063,104607,138380,0
1133,69402,98294,70535,99427,167696,0
38250,58174,63926,96424,102176,122100,1
1641,24943,47194,26584,48835,72137,0
38108,67461,46328,105569,84436,113789,1
88669,21364,18926,110033,107595,40290,0
40293,79818,85460,120111,125753,165278,1
39054,48024,17988,87078,57042,66012,1
3909,19796,528,23705,4437,20324,0
47032,19619,94154,66651,141186,113773,0
20396,87242,19390,107638,39786,106632,0
10401,53424,16169,63825,26570,69593,0
71148,97605,89613,168753,160761,187218,1
46327,17471,71764,63798,118091,89235,0
67912,31635,52952,99547,120864,84587,1
86860,90396,98421,177256,185281,188817,1
43043,89096,43237,132139,86280,132333,0
61886,47976,88946,109862,150832,136922,1
38541,36001,99175,74542,137716,135176,0
91641,18042,20278,109683,111919,38320,0
5000,93980,68653,98980,73653,162633,0
48430,87791,97528,136221,145958,185319,1
20361,80379,46439,100740,66800,126818,0
97912,58108,59486,156020,157398,117594,1
39599,13544,8650,53143,48249,22194,0
68282,97229,79516,165511,147798,176745,1
51691,77528,79064,129219,130755,156592,1
8083,55187,88504,63270,96587,143691,0
10800,99640,27024,110440,37824,126664,0
69336,25254,19576,94590,88912,44830,0
82275,92882,61173,175157,143448,154055,1
87878,79330,99498,167208,187376,178828,1
69588,21458,60944,91046,130532,82402,1
6486,84350,48586,90836,55072,132936,0
82248,33154,47577,115402,129825,80731,0
6794,20113,95139,26907,101933,115252,0
99301,33087,63020,132388,162321,96107,0
89563,17009,72915,106572,162478,89924,1
38956,74383,70565,113339,109521,144948,1
7122,3493,14177,10615,21299,17670,0
79302,29695,5503,108997,84805,35198,0
20168,16196,65371,36364,85539,81567,0
90260,99953,98165,190213,188425,198118,1
25126,20193,42343,45319,67469,62536,1
98043,33844,90842,131887,188885,124686,1
15129,31996,18191,47125,33320,50187,1
12797,9864,75008,22661,87805,84872,0
13165,14785,11807,27950,24972,26592,1
92627,4688,20306,97315,112933,24994,0
53614,37977,52488,91591,106102,90465,1
18953,25225,12520,44178,31473,37745,1
11803,64004,8744,75807,20547,72748,0
45486,41889,6705,87375,52191,48594,1
50797,40730,19292,91527,70089,60022,1
53027,92978,8497,146005,61524,101475,0
97166,16145,20996,113311,118162,37141,0
45272,92283,23645,137555,68917,115928,0
18370,26470,55834,44840,74204,82304,0
11159,58992,63592,70151,74751,122584,1
33288,96199,97594,129487,130882,193793,1
4034,5292,48249,9326,52283,53541,0
35668,91505,11852,127173,47520,103357,0
82049,11769,67957,93818,150006,79726,0
28621,63783,57555,92404,86176,121338,1
99725,70295,29171,170020,128896,99466,0
48835,93916,24763,142751,73598,118679,0
34705,22561,84127,57266,118832,106688,0
15680,92221,84972,107901,100652,177193,1
90633,22039,14576,112672,105209,36615,0
79059,87606,69985,166665,149044,157591,1
2982,24383,9223,27365,12205,33606,0
85328,75692,33522,161020,118850,109214,1
59212,79234,51218,138446,110430,130452,1
76642,47478,93780,124120,170422,141258,1
2868,35238,7280,38106,10148,42518,0
3116,60082,21231,63198,24347,81313,0
70548,54359,39992,124907,110540,94351,1
62172,70361,11313,132533,73485,81674,1
68783,68588,94116,137371,162899,162704,1
57692,30721,98904,88413,156596,129625,0
92510,44252,32169,136762,124679,76421,0
87502,81967,758,169469,88260,82725,0
20753,68662,32042,89415,52795,100704,0
85407,54581,69651,139988,155058,124232,1
78660,95414,97470,174074,176130,192884,1
97601,32058,97768,129659,195369,129826,1
80577,22747,5924,103324,86501,28671,0
32366,29392,22647,61758,55013,52039,1
40721,30287,67156,71008,107877,97443,1
27312,8373,88027,35685,115339,96400,0
77119,63338,39122,140457,116241,102460,1
30204,51092,86003,81296,116207,137095,0
40405,25755,90488,66160,130893,116243,0
54388,29191,38905,83579,93293,68096,1
10294,17916,74326,28210,84620,92242,0
13525,68577,74152,82102,87677,142729,1
39301,17883,50098,57184,89399,67981,1
97783,99203,74894,196986,172677,174097,1
91454,74235,72482,165689,163936,146717,1
83078,6106,98504,89184,181582,104610,0
84125,4192,20383,88317,104508,24575,0
95641,32463,50986,128104,146627,83449,0
74107,17733,12017,91840,86124,29750,0
29431,99376,48760,128807,78191,148136,0
83607,29876,67182,113483,150789,97058,1
9467,91889,34079,101356,43546,125968,0
77713,69835,59564,147548,137277,129399,1
48917,15579,63370,64496,112287,78949,1
64711,58592,21819,123303,86530,80411,1
88520,89901,53634,178421,142154,143535,1
42661,12669,20519,55330,63180,33188,0
41620,11574,66832,53194,108452,78406,0
8577,50535,18056,59112,26633,68591,0
80548,62347,72121,142895,152669,134468,1
74106,4569,76360,78675,150466,80929,1
86766,35654,20471,122420,107237,56125,0
35816,38515,27913,74331,63729,66428,1
53764,52181,62945,105945,116709,115126,1
47110,91387,45180,138497,92290,136567,1
4961,2453,56948,7414,61909,59401,0
45626,88928,7796,134554,53422,96724,0
83190,96463,66898,179653,150088,163361,1
94153,51241,11585,145394,105738,62826,0
94752,35056,98823,129808,193575,133879,1
78241,46539,8760,124780,87001,55299,0
38531,62868,82406,101399,120937,145274,1
52261,4838,64059,57099,116320,68897,0
27345,18272,72036,45617,99381,90308,0
89212,46934,92667,136146,181879,139601,1
38945,51366,45289,90311,84234,96655,1
26629,60999,81002,87628,107631,142001,1
55219,27396,47688,82615,102907,75084,1
38080,20456,41575,58536,79655,62031,1
67411,5065,6966,72476,74377,12031,0
15653,10933,49408,26586,65061,60341,0
59075,32757,46660,91832,105735,79417,1
70568,59615,79040,130183,149608,138655,1
88662,48352,87474,137014,176136,135826,1
2327,17158,57434,19485,59761,74592,0
95050,85493,60822,180543,155872,146315,1
14125,25227,9319,39352,23444,34546,0
7539,3787,14566,11326,22105,18353,0
83914,96756,59341,180670,143255,156097,1
71739,61597,80525,133336,152264,142122,1
44105,69447,88125,113552,132230,157572,1
1791,76961,23398,78752,25189,100359,0
59233,50228,34149,109461,93382,84377,1
11725,49677,20366,61402,32091,70043,0
54172,32967,57159,87139,111331,90126,1
31764,93365,69369,125129,101133,162734,1
20089,57705,97157,77794,117246,154862,0
19551,94076,5968,113627,25519,100044,0
72541,494,80407,73035,152948,80901,0
68755,84175,54127,152930,122882,138302,1
58559,6493,84465,65052,143024,90958,0
9070,73095,925,82165,9995,74020,0
70271,59973,14278,130244,84549,74251,1
19195,81714,81745,100909,100940,163459,1
1287,95518,62572,96805,63859,158090,0
80937,31304,2204,112241,83141,33508,0
56836,9758,9591,66594,66427,19349,0
19134,19265,20752,38399,39886,40017,1
39054,87368,46947,126422,86001,134315,0
9236,98123,97369,107359,106605,195492,1
92716,36707,94132,129423,186848,130839,1
10238,59963,86637,70201,96875,146600,0
62673,93165,67318,155838,129991,160483,1
67219,40585,82521,107804,149740,123106,1
61557,44351,66788,105908,128345,111139,1
23877,91555,99370,115432,123247,190925,1
67390,58295,40143,125685,107533,98438,1
46862,99020,5960,145882,52822,104980,0
25886,59051,89953,84937,115839,149004,0
49844,4649,12832,54493,62676,17481,0
51968,41292,24378,93260,76346,65670,1
13219,9976,78900,23195,92119,88876,0
25859,27203,93557,53062,119416,120760,0
73832,97900,33514,171732,107346,131414,1
25918,99241,88110,125159,114028,187351,1
1349,30716,46979,32065,48328,77695,0
9560,49510,3140,59070,12700,52650,0
39117,81143,36676,120260,75793,117819,0
68990,64299,59022,133289,128012,123321,1
3928,27417,67566,31345,71494,94983,0
79450,96014,3401,175464,82851,99415,0
27629,23776,53714,51405,81343,77490,0
36818,36358,53153,73176,89971,89511,1
20861,84413,49962,105274,70823,134375,0
78151,33123,43796,111274,121947,76919,0
18916,24817,76370,43733,95286,101187,0
33399,54091,18633,87490,52032,72724,0
48547,42526,40603,91073,89150,83129,1
76595,34918,71156,111513,147751,106074,1
84567,89064,95211,173631,179778,184275,1
9429,50754,65646,60183,75075,116400,0
3775,7401,8698,11176,12473,16099,1
47081,89055,37944,136136,85025,126999,0
26830,51756,22792,78586,49622,74548,0
63846,21500,56148,85346,119994,77648,1
76475,10337,29064,86812,105539,39401,0
76329,14467,35561,90796,111890,50028,0
3980,40434,61984,44414,65964,102418,0
50105,47520,37334,97625,87439,84854,1
69910,84878,50898,154788,120808,135776,1
26122,39353,81658,65475,107780,121011,0
65951,49841,5793,115792,71744,55634,0
93293,44350,86776,137643,180069,131126,1
46528,53399,95808,99927,142336,149207,1
42702,83035,6555,125737,49257,89590,0
80200,39559,64217,119759,144417,103776,1
91185,36819,48212,128004,139397,85031,0
17614,44762,92528,62376,110142,137290,0
19315,75285,40278,94600,59593,115563,0
89951,26795,90801,116746,180752,117596,1
47092,46213,21189,93305,68281,67402,1
62634,15242,11719,77876,74353,26961,0
42356,37519,90903,79875,133259,128422,0
18745,50688,95603,69433,114348,146291,0
77505,73010,37521,150515,115026,110531,1
97241,294,74374,97535,171615,74668,0
56827,56223,54204,113050,111031,110427,1
80824,77852,83498,158676,164322,161350,1
64909,6385,3972,71294,68881,10357,0
2038,84597,34992,86635,37030,119589,0
85326,49455,77076,134781,162402,126531,1
96045,86297,85619,182342,181664,171916,1
73265,51961,83997,125226,157262,135958,1
60200,88047,49286,148247,109486,137333,1
41370,36861,95024,78231,136394,131885,0
39980,79104,53767,119084,93747,132871,1
47041,82448,67574,129489,114615,150022,1
76900,52680,21463,129580,98363,74143,0
29771,2675,73537,32446,103308,76212,0
23429,53009,5150,76438,28579,58159,0
31821,16821,63294,48642,95115,80115,0
21997,45483,62885,67480,84882,108368,1
54127,40142,29132,94269,83259,69274,1
85475,6031,16782,91506,102257,22813,0
40878,93090,65959,133968,106837,159049,1
50174,28385,21032,78559,71206,49417,0
93461,45632,79754,139093,173215,125386,1
52625,48792,30029,101417,82654,78821,1
63229,9780,95113,73009,158342,104893,0
6878,46864,12048,53742,18926,58912,0
82327,12662,49722,94989,132049,62384,0
4128,19096,20945,23224,25073,40041,1
2618,27768,85077,30386,87695,112845,0
75531,34912,23511,110443,99042,58423,0
97649,20660,11107,118309,108756,31767,0
51551,89863,86900,141414,138451,176763,1
47954,43929,96643,91883,144597,140572,0
7977,50101,15164,58078,23141,65265,0
38163,14696,23294,52859,61457,37990,0
59133,68231,72941,127364,132074,141172,1
21061,3146,96881,24207,117942,100027,0
72245,78250,24540,150495,96785,102790,1
44319,19026,65263,63345,109582,84289,0
47199,82105,30778,129304,77977,112883,0
37516,60000,43992,97516,81508,103992,1
63286,20809,76514,84095,139800,97323,1
74023,66541,81501,140564,155524,148042,1
8250,42476,22252,50726,30502,64728,0
57148,49268,42094,106416,99242,91362,1
53348,2798,76461,56146,129809,79259,0
77432,31499,72555,108931,149987,104054,1
61543,41747,85236,103290,146779,126983,1
68433,37069,98846,105502,167279,135915,1
21070,93542,64976,114612,86046,158518,0
80051,62031,40777,142082,120828,102808,1
7520,62438,89423,69958,96943,151861,0
89172,10726,89369,99898,178541,100095,1
88498,18620,4988,107118,93486,23608,0
64584,6469,18267,71053,82851,24736,0
6836,78652,91889,85488,98725,170541,0
20125,23146,59471,43271,79596,82617,0
90651,78100,75939,168751,166590,154039,1
21689,39229,81579,60918,103268,120808,0
61058,45045,16416,106103,77474,61461,1
59415,37023,57378,96438,116793,94401,1
35209,20331,74811,55540,110020,95142,0
43108,11555,40089,54663,83197,51644,1
82383,67865,71401,150248,153784,139266,1
81370,41445,8726,122815,90096,50171,0
18021,96738,62345,114759,80366,159083,0
19199,90009,54079,109208,73278,144088,0
21171,47733,93953,68904,115124,141686,0
87970,38699,50568,126669,138538,89267,1
64974,46051,80243,111025,145217,126294,1
29556,4409,48497,33965,78053,52906,0
95567,51527,25350,147094,120917,76877,0
43596,14655,7055,58251,50651,21710,0
56923,72726,46715,129649,103638,119441,1
70331,28035,72487,98366,142818,100522,1
27541,63606,2350,91147,29891,65956,0
73129,24043,77216,97172,150345,101259,1
29336,73456,9882,102792,39218,83338,0
45024,82975,98797,127999,143821,181772,1
28590,72554,84403,101144,112993,156957,1
37648,18404,19871,56052,57519,38275,1
7528,64428,79736,71956,87264,144164,0
32305,49347,6452,81652,38757,55799,0
4199,25805,33276,30004,37475,59081,0
12810,73209,84749,86019,97559,157958,1
12003,13573,48922,25576,60925,62495,0
19461,23937,2064,43398,21525,26001,0
42073,46706,6657,88779,48730,53363,1
1224,10071,20868,11295,22092,30939,0
17184,25534,69525,42718,86709,95059,0
87034,15639,30925,102673,117959,46564,0
54503,17190,7894,71693,62397,25084,0
9235,94944,59917,104179,69152,154861,0
20448,98996,73481,119444,93929,172477,0
3157,55410,78839,58567,81996,134249,0
62938,99432,57334,162370,120272,156766,1
96684,28255,88423,124939,185107,116678,1
90028,66528,37768,156556,127796,104296,1
34539,36591,83538,71130,118077,120129,0
16791,85158,33235,101949,50026,118393,0
49557,16760,47097,66317,96654,63857,1
40366,59807,74359,100173,114725,134166,1
60917,52698,38988,113615,99905,91686,1
99247,50421,60081,149668,159328,110502,1
63712,72856,35432,136568,99144,108288,1
42527,34729,76689,77256,119216,111418,1
35630,86371,65072,122001,100702,151443,1
69007,23957,53551,92964,122558,77508,1
90300,18909,6934,109209,97234,25843,0
84223,39178,89459,123401,173682,128637,1
20990,97074,82989,118064,103979,180063,1
41430,3265,76837,44695,118267,80102,0
91807,95178,6609,186985,98416,101787,1
30326,11380,16413,41706,46739,27793,0
36385,10931,87529,47316,123914,98460,0
41574,62306,38048,103880,79622,100354,1
79861,59440,63133,139301,142994,122573,1
42391,93515,19171,135906,61562,112686,0
71472,19038,73994,90510,145466,93032,1
50125,44207,32123,94332,82248,76330,1
37083,40607,98216,77690,135299,138823,0
53147,91891,1353,145038,54500,93244,0
52015,2727,50767,54742,102782,53494,1
89028,38209,50987,127237,140015,89196,1
61049,51747,41577,112796,102626,93324,1
50108,6890,33213,56998,83321,40103,0
97551,88652,359,186203,97910,89011,0
47071,91727,22357,138798,69428,114084,0
89806,95123,40162,184929,129968,135285,1
81085,51973,86069,133058,167154,138042,1
21876,16357,28484,38233,50360,44841,1
17596,92085,43737,109681,61333,135822,0
31072,64594,45023,95666,76095,109617,1
99126,27705,78475,126831,177601,106180,1
39704,94170,75862,133874,115566,170032,1
51432,56454,25861,107886,77293,82315,1
36243,20911,35170,57154,71413,56081,1
67567,54092,38138,121659,105705,92230,1
60278,23218,1787,83496,62065,25005,0
51248,43448,19437,94696,70685,62885,1
66877,64558,20075,131435,86952,84633,1
6146,99715,65307,105861,71453,165022,0
51222,54609,6719,105831,57941,61328,1
57523,39865,55528,97388,113051,95393,1
27817,35285,80297,63102,108114,115582,0
16385,6799,93949,23184,110334,100748,0
68409,70573,97145,138982,165554,167718,1
43160,1428,27693,44588,70853,29121,0
69634,96841,53419,166475,123053,150260,1
65222,3178,70373,68400,135595,73551,0
69091,72101,9116,141192,78207,81217,1
2985,33983,79126,36968,82111,113109,0
13826,14155,21895,27981,35721,36050,1
41822,77867,90337,119689,132159,168204,1
54301,3602,98429,57903,152730,102031,0
9827,8819,6317,18646,16144,15136,1
83224,11222,91744,94446,174968,102966,1
13398,46434,15949,59832,29347,62383,0
99509,99633,46799,199142,146308,146432,1
71543,15472,79448,87015,150991,94920,1
52822,30612,17756,83434,70578,48368,0
37775,80184,10041,117959,47816,90225,0
51683,28186,21431,79869,73114,49617,0
70596,80560,93917,151156,164513,174477,1
72518,54571,70361,127089,142879,124932,1
10289,794,88701,11083,98990,89495,0
85620,71736,45691,157356,131311,117427,1
5372,50187,62789,55559,68161,112976,0
10353,22380,37475,32733,47828,59855,0
25950,35985,76048,61935,101998,112033,0
71907,53525,33513,125432,105420,87038,1
98046,78273,41730,176319,139776,120003,1
7519,54342,39721,61861,47240,94063,0
84084,44416,95740,128500,179824,140156,1
99539,95457,75066,194996,174605,170523,1
94754,59347,61658,154101,156412,121005,1
13345,45581,31443,58926,44788,77024,0
6301,10653,53197,16954,59498,63850,0
26504,75550,53461,102054,79965,129011,1
2012,50293,33459,52305,35471,83752,0
63766,89713,25611,153479,89377,115324,0
82654,79546,24200,162200,106854,103746,1
57276,62750,79321,120026,136597,142071,1
32715,52255,97442,84970,130157,149697,0
84917,66723,1950,151640,86867,68673,0
78219,93012,43292,171231,121511,136304,1
71292,9390,94270,80682,165562,103660,0
89387,24113,25503,113500,114890,49616,0
12146,66922,19379,79068,31525,86301,0
10398,13859,4300,24257,14698,18159,1
59082,57893,29024,116975,88106,86917,1
62556,32060,35490,94616,98046,67550,1
25545,79187,73886,104732,99431,153073,1
21447,23168,48548,44615,69995,71716,0
56572,5152,67685,61724,124257,72837,0
72211,89248,45688,161459,117899,134936,1
51941,40824,90180,92765,142121,131004,1
79863,94954,49010,174817,128873,143964,1
88147,78932,98645,167079,186792,177577,1
27481,67813,2421,95294,29902,70234,0
53715,68280,52216,121995,105931,120496,1
60941,59815,58317,120756,119258,118132,1
49835,23512,56696,73347,106531,80208,1
95854,17214,20164,113068,116018,37378,0
39631,2178,66888,41809,106519,69066,0
10298,51246,96462,61544,106760,147708,0
31412,41332,18369,72744,49781,59701,1
3871,33962,92188,37833,96059,126150,0
38501,94882,5510,133383,44011,100392,0
86032,85262,32032,171294,118064,117294,1
6959,21330,1361,28289,8320,22691,0
89173,12927,83043,102100,172216,95970,1
28279,10638,3415,38917,31694,14053,0
18763,81884,42731,100647,61494,124615,0
56682,13683,32656,70365,89338,46339,0
52949,16580,65538,69529,118487,82118,1
84674,46046,14483,130720,99157,60529,0
24640,37975,51419,62615,76059,89394,1
19704,669,75350,20373,95054,76019,0
68620,2196,94672,70816,163292,96868,0
65274,18012,95365,83286,160639,113377,0
37943,53353,84681,91296,122624,138034,1
70614,75683,18899,146297,89513,94582,1
98632,11581,16141,110213,114773,27722,0
56053,61681,13573,117734,69626,75254,1
28297,67226,24252,95523,52549,91478,0
77539,3980,98955,81519,176494,102935,0
85059,72233,61875,157292,146934,134108,1
68127,66231,68734,134358,136861,134965,1
52215,52733,52580,104948,104795,105313,1
81688,44064,38784,125752,120472,82848,1
53792,86657,35891,140449,89683,122548,1
16887,19472,74241,36359,91128,93713,0
34496,51986,60737,86482,95233,112723,1
11331,97686,65746,109017,77077,163432,0
10684,233,42197,10917,52881,42430,0
49673,84741,33777,134414,83450,118518,0
23532,5452,79425,28984,102957,84877,0
55949,98569,92256,154518,148205,190825,1
2231,55660,41848,57891,44079,97508,0
86936,66631,168,153567,87104,66799,0
57402,18579,85856,75981,143258,104435,0
80317,61090,87289,141407,167606,148379,1
81362,32062,13242,113424,94604,45304,0
26108,78907,51574,105015,77682,130481,0
75603,9896,13939,85499,89542,23835,0
50116,16425,67493,66541,117609,83918,0
58745,19351,24839,78096,83584,44190,0
67550,81087,22305,148637,89855,103392,1
82989,39723,54056,122712,137045,93779,1
13176,52524,81083,65700,94259,133607,0
99475,73057,47516,172532,146991,120573,1
86915,10161,74851,97076,161766,85012,0
12070,95257,72559,107327,84629,167816,0
31985,66701,79858,98686,111843,146559,1
58297,51793,19311,110090,77608,71104,1
51253,97309,12694,148562,63947,110003,0
97530,21948,5279,119478,102809,27227,0
1977,78699,93545,80676,95522,172244,0
78121,54724,46255,132845,124376,100979,1
50802,96657,87801,147459,138603,184458,1
3446,46923,74295,50369,77741,121218,0
33423,26195,16533,59618,49956,42728,1
37794,9249,78347,47043,116141,87596,0
69008,87053,83030,156061,152038,170083,1
4668,3037,68033,7705,72701,71070,0
47553,80707,59716,128260,107269,140423,1
1178,40031,31974,41209,33152,72005,0
47216,16204,6304,63420,53520,22508,0
7400,36655,78094,44055,85494,114749,0
28998,26574,81658,55572,110656,108232,0
31340,63365,24985,94705,56325,88350,0
27164,17286,73107,44450,100271,90393,0
90462,16940,59680,107402,150142,76620,0
73492,74463,38590,147955,112082,113053,1
33085,3474,50030,36559,83115,53504,0
90622,84499,87731,175121,178353,172230,1
33883,74950,20322,108833,54205,95272,0
2288,34101,13548,36389,15836,47649,0
54664,68753,56645,123417,111309,125398,1
61943,81610,88169,143553,150112,169779,1
93535,97299,5335,190834,98870,102634,1
62188,22492,53575,84680,115763,76067,1
92554,99623,27966,192177,120520,127589,1
42966,33070,18561,76036,61527,51631,1
83620,44232,49793,127852,133413,94025,1
19491,18449,72400,37940,91891,90849,0
50023,89659,78847,139682,128870,168506,1
91450,24756,67204,116206,158654,91960,1
27286,65632,20598,92918,47884,86230,0
74401,32744,99567,107145,173968,132311,1
7096,66733,15783,73829,22879,82516,0
26919,98096,10306,125015,37225,108402,0
99938,29810,19615,129748,119553,49425,0
40321,49651,21906,89972,62227,71557,1
9067,50397,43728,59464,52795,94125,1
41356,85344,52560,126700,93916,137904,1
51615,68859,91651,120474,143266,160510,1
65535,26654,63547,92189,129082,90201,1
30977,28963,80910,59940,111887,109873,0
75414,15686,25798,91100,101212,41484,0
25002,89244,55901,114246,80903,145145,0
2161,69172,27835,71333,29996,97007,0
133,16500,54009,16633,54142,70509,0
2129,63679,15032,65808,17161,78711,0
39447,29760,51116,69207,90563,80876,1
66628,95175,93204,161803,159832,188379,1
48671,58456,1047,107127,49718,59503,0
44477,39461,38160,83938,82637,77621,1
84825,16228,63856,101053,148681,80084,0
47811,49637,68238,97448,116049,117875,1
94334,91848,2111,186182,96445,93959,0
860,86520,93425,87380,94285,179945,0
22827,4610,64074,27437,86901,68684,0
32514,77687,72572,110201,105086,150259,1
68471,97351,28031,165822,96502,125382,0
67854,83478,7681,151332,75535,91159,0
48247,42532,23950,90779,72197,66482,1
5922,59547,40973,65469,46895,100520,0
47598,32306,39225,79904,86823,71531,1
5123,13524,69306,18647,74429,82830,0
58779,56286,8490,115065,67269,64776,1
80730,90055,85689,170785,166419,175744,1
15146,31313,7705,46459,22851,39018,0
59817,31806,82610,91623,142427,114416,1
21265,90873,96881,112138,118146,187754,1
79260,54457,27175,133717,106435,81632,1
55506,90155,61243,145661,116749,151398,1
17409,145,65590,17554,82999,65735,0
82796,21909,64848,104705,147644,86757,1
30813,17756,61260,48569,92073,79016,0
30294,99785,1302,130079,31596,101087,0
28933,13020,87920,41953,116853,100940,0
47748,76990,48794,124738,96542,125784,1
57397,42025,93003,99422,150400,135028,1
1685,87093,67962,88778,69647,155055,0
23980,55602,38157,79582,62137,93759,1
55753,75610,49566,131363,105319,125176,1
67908,2345,28737,70253,96645,31082,0
62363,6609,20939,68972,83302,27548,0
36245,828,9602,37073,45847,10430,0
4901,72748,68275,77649,73176,141023,1
14119,69736,19868,83855,33987,89604,0
56804,89972,42841,146776,99645,132813,1
31574,67324,62225,98898,93799,129549,1
37194,99678,66559,136872,103753,166237,1
5104,6335,47789,11439,52893,54124,0
36186,28978,58944,65164,95130,87922,1
80988,94608,64856,175596,145844,159464,1
64096,36732,86648,100828,150744,123380,1
78992,81844,9055,160836,88047,90899,1
56411,95696,24840,152107,81251,120536,0
26172,23338,68674,49510,94846,92012,0
39763,97526,80975,137289,120738,178501,1
85523,72728,80126,158251,165649,152854,1
22496,29821,5501,52317,27997,35322,0
88731,73721,73191,162452,161922,146912,1
37470,42066,88532,79536,126002,130598,0
46391,18751,56514,65142,102905,75265,1
4600,90974,2624,95574,7224,93598,0
4868,63689,64781,68557,69649,128470,1
65018,77784,76549,142802,141567,154333,1
41187,58770,60604,99957,101791,119374,1
16164,13083,20142,29247,36306,33225,1
99933,8184,30096,108117,130029,38280,0
60423,82460,79596,142883,140019,162056,1
64669,92768,55405,157437,120074,148173,1
66621,92856,81436,159477,148057,174292,1
37707,64583,12601,102290,50308,77184,0
96968,91285,27087,188253,124055,118372,1
46299,35840,64418,82139,110717,100258,1
59034,778,72795,59812,131829,73573,0
64633,35186,51040,99819,115673,86226,1
43311,53346,21126,96657,64437,74472,1
44039,20821,48687,64860,92726,69508,1
59330,44678,44377,104008,103707,89055,1
57975,21225,25183,79200,83158,46408,0
59939,50213,78441,110152,138380,128654,1
71606,34205,79835,105811,151441,114040,1
30564,80598,32186,111162,62750,112784,0
25778,14662,34772,40440,60550,49434,1
61725,65300,64872,127025,126597,130172,1
44937,75282,426,120219,45363,75708,0
28389,53037,87374,81426,115763,140411,0
35281,7769,75974,43050,111255,83743,0
20731,43839,49006,64570,69737,92845,1
29783,58503,59782,88286,89565,118285,1
79723,44692,35892,124415,115615,80584,1
93133,49288,24698,142421,117831,73986,0
44345,60481,45594,104826,89939,106075,1
72173,81795,44094,153968,116267,125889,1
30445,62827,91809,93272,122254,154636,1
9263,35324,23313,44587,32576,58637,0
41560,79611,60826,121171,102386,140437,1
98866,29779,20342,128645,119208,50121,0
13133,99191,40048,112324,53181,139239,0
67910,86118,10244,154028,78154,96362,0
56689,71948,23114,128637,79803,95062,1
13853,77951,50787,91804,64640,128738,0
10193,843,23626,11036,33819,24469,0
41668,43782,40894,85450,82562,84676,1
84481,29911,8648,114392,93129,38559,0
70117,79554,15247,149671,85364,94801,1
28881,22419,67761,51300,96642,90180,0
56513,45972,67700,102485,124213,113672,1
1371,85648,1436,87019,2807,87084,0
20473,33102,49664,53575,70137,82766,1
68543,9534,65168,78077,133711,74702,1
9473,73472,95959,82945,105432,169431,0
17019,97442,54936,114461,71955,152378,0
54101,39838,25013,93939,79114,64851,1
10042,66877,25985,76919,36027,92862,0
64,37355,31318,37419,31382,68673,0
82003,58273,57578,140276,139581,115851,1
46776,28203,79744,74979,126520,107947,0
69319,42082,1623,111401,70942,43705,0
33388,15574,4180,48962,37568,19754,0
50671,18746,42899,69417,93570,61645,1
35772,850,67358,36622,103130,68208,0
21833,1031,94023,22864,115856,95054,0
20026,76902,31148,96928,51174,108050,0
81602,98735,95889,180337,177491,194624,1
72710,35588,73059,108298,145769,108647,1
34140,32095,4701,66235,38841,36796,1
85977,7062,8208,93039,94185,15270,0
88836,54957,76094,143793,164930,131051,1
72117,47723,63653,119840,135770,111376,1
8834,53778,30186,62612,39020,83964,0
97425,82806,85501,180231,182926,168307,1
16633,64299,26391,80932,43024,90690,0
38825,45286,18999,84111,57824,64285,1
56417,21697,19019,78114,75436,40716,0
91248,60170,77950,151418,169198,138120,1
14159,20058,64713,34217,78872,84771,0
46119,25753,18152,71872,64271,43905,0
64556,96160,20136,160716,84692,116296,0
78694,44367,96773,123061,175467,141140,1
1423,24710,60853,26133,62276,85563,0
2054,95214,53731,97268,55785,148945,0
73021,74837,60255,147858,133276,135092,1
67457,50199,69903,117656,137360,120102,1
58818,80836,4612,139654,63430,85448,0
81120,72794,230,153914,81350,73024,0
88625,54864,59859,143489,148484,114723,1
8621,84174,53912,92795,62533,138086,0
24493,68115,62374,92608,86867,130489,1
53345,68193,47832,121538,101177,116025,1
67014,67821,6494,134835,73508,74315,1
71984,65052,28947,137036,100931,93999,1
74734,31516,65913,106250,140647,97429,1
82224,83757,80342,165981,162566,164099,1
96141,19714,68746,115855,164887,88460,0
22619,99507,50637,122126,73256,150144,0
80555,21903,85351,102458,165906,107254,1
76778,42121,71734,118899,148512,113855,1
8947,48601,14074,57548,23021,62675,0
65995,36139,22776,102134,88771,58915,0
26646,7697,34076,34343,60722,41773,1
87556,60305,9056,147861,96612,69361,0
61923,95604,1280,157527,63203,96884,0
19192,41751,51869,60943,71061,93620,1
1969,67292,27783,69261,29752,95075,0
63807,19501,66730,83308,130537,86231,1
69821,75301,26169,145122,95990,101470,1
27212,18535,23381,45747,50593,41916,1
28465,83158,29758,111623,58223,112916,0
34073,63743,96673,97816,130746,160416,1
86642,79865,8913,166507,95555,88778,1
81626,75711,77710,157337,159336,153421,1
33220,90366,89808,123586,123028,180174,1
90321,28305,42392,118626,132713,70697,0
96991,39909,12170,136900,109161,52079,0
166,39000,49548,39166,49714,88548,0
32228,61010,17121,93238,49349,78131,0
75482,42794,83823,118276,159305,126617,1
86496,17477,67227,103973,153723,84704,0
39291,79319,51338,118610,90629,130657,1
29141,16798,81703,45939,110844,98501,0
27490,19231,48759,46721,76249,67990,0
22452,67654,98092,90106,120544,165746,0
99962,48057,18239,148019,118201,66296,0
37994,60436,36629,98430,74623,97065,1
16615,71699,14552,88314,31167,86251,0
44903,26201,69934,71104,114837,96135,1
60256,4360,66773,64616,127029,71133,0
80314,26755,27894,107069,108208,54649,0
2022,27529,21910,29551,23932,49439,0
76604,8627,88120,85231,164724,96747,0
79740,63945,81395,143685,161135,145340,1
83802,96003,56676,179805,140478,152679,1
36091,38390,95934,74481,132025,134324,0
30589,42857,908,73446,31497,43765,0
15542,76127,94694,91669,110236,170821,0
9429,38916,39731,48345,49160,78647,1
23535,69428,97962,92963,121497,167390,0
59688,30802,40918,90490,100606,71720,1
98449,19197,924,117646,99373,20121,0
69807,22969,8361,92776,78168,31330,0
66984,11575,52633,78559,119617,64208,0
38979,24401,4788,63380,43767,29189,0
25941,19208,49088,45149,75029,68296,0
6003,12371,44188,18374,50191,56559,0
55818,69691,59384,125509,115202,129075,1
47398,67383,23150,114781,70548,90533,1
599,49898,72597,50497,73196,122495,0
32105,7705,70941,39810,103046,78646,0
73686,95947,108,169633,73794,96055,0
2880,98419,61701,101299,64581,160120,0
28328,25926,22705,54254,51033,48631,1
89175,69848,28076,159023,117251,97924,1
8782,88389,23502,97171,32284,111891,0
73189,54198,54674,127387,127863,108872,1
97098,28190,44731,125288,141829,72921,0
15930,48750,72924,64680,88854,121674,0
18789,6594,37809,25383,56598,44403,0
83532,43721,24525,127253,108057,68246,0
9899,38474,36982,48373,46881,75456,1
69253,97468,83066,166721,152319,180534,1
32651,12478,85145,45129,117796,97623,0
16168,36113,15316,52281,31484,51429,0
89894,11531,50845,101425,140739,62376,0
62367,60324,30592,122691,92959,90916,1
17475,8361,78034,25836,95509,86395,0
69107,77659,34012,146766,103119,111671,1
25860,29909,58745,55769,84605,88654,0
63143,6983,45036,70126,108179,52019,0
27118,38685,87238,65803,114356,125923,0
2809,14434,44442,17243,47251,58876,0
87261,50252,411,137513,87672,50663,0
97355,48360,63100,145715,160455,111460,1
27534,62240,66848,89774,94382,129088,1
34798,74396,63228,109194,98026,137624,1
91323,37947,58294,129270,149617,96241,1
46723,39978,42726,86701,89449,82704,1
9551,73496,55548,83047,65099,129044,0
59375,31018,3252,90393,62627,34270,0
23644,27102,11829,50746,35473,38931,1
43053,8736,79678,51789,122731,88414,0
52313,84361,1648,136674,53961,86009,0
4949,3106,81973,8055,86922,85079,0
75295,67354,74734,142649,150029,142088,1
51378,60870,68203,112248,119581,129073,1
22666,50205,78515,72871,101181,128720,0
49870,62678,48456,112548,98326,111134,1
2759,57592,88177,60351,90936,145769,0
18463,55606,57460,74069,75923,113066,1
60396,79383,66426,139779,126822,145809,1
14704,15201,50854,29905,65558,66055,0
63450,9241,983,72691,64433,10224,0
64893,75083,18737,139976,83630,93820,1
59588,45917,13006,105505,72594,58923,0
19390,36737,7151,56127,26541,43888,0
92895,98119,60733,191014,153628,158852,1
10834,63496,81002,74330,91836,144498,0
56672,93375,48966,150047,105638,142341,1
11604,23126,42975,34730,54579,66101,0
63480,88291,46601,151771,110081,134892,1
87309,27444,75690,114753,162999,103134,1
60313,16486,95615,76799,155928,112101,0
47846,60406,91196,108252,139042,151602,1
36742,84750,55573,121492,92315,140323,1
98547,65190,47395,163737,145942,112585,1
75245,22416,56587,97661,131832,79003,1
68598,48924,461,117522,69059,49385,0
80378,67967,97265,148345,177643,165232,1
72903,57458,46577,130361,119480,104035,1
54013,42549,78313,96562,132326,120862,1
99791,31382,16446,131173,116237,47828,0
17067,94712,5675,111779,22742,100387,0
30731,25003,74181,55734,104912,99184,0
69381,96676,44004,166057,113385,140680,1
64214,71217,87523,135431,151737,158740,1
76438,74794,98889,151232,175327,173683,1
75359,56398,99142,131757,174501,155540,1
81496,33289,58201,114785,139697,91490,1
12778,7052,14570,19830,27348,21622,1
89021,56574,31154,145595,120175,87728,0
82760,35637,46040,118397,128800,81677,0
33438,60342,39260,93780,72698,99602,1
46646,20835,82801,67481,129447,103636,0
78228,1619,68662,79847,146890,70281,0
21429,198,44689,21627,66118,44887,0
67439,7816,54957,75255,122396,62773,0
21017,29901,93266,50918,114283,123167,0
32486,13044,23814,45530,56300,36858,1
55053,25070,24904,80123,79957,49974,0
769,7783,47564,8552,48333,55347,0
63553,12600,65158,76153,128711,77758,1
30081,76543,68241,106624,98322,144784,1
94188,81521,30388,175709,124576,111909,1
41320,63137,72040,104457,113360,135177,1
6925,39614,58241,46539,65166,97855,0
19736,21956,43615,41692,63351,65571,0
42904,7493,41450,50397,84354,48943,1
76819,90503,80973,167322,157792,171476,1
99957,62799,8564,162756,108521,71363,0
3854,25719,2508,29573,6362,28227,0
83309,28762,4756,112071,88065,33518,0
34323,19132,43194,53455,77517,62326,1
59935,25986,12640,85921,72575,38626,0
40142,71071,56714,111213,96856,127785,1
86596,61922,84508,148518,171104,146430,1
25261,23109,42587,48370,67848,65696,1
45319,58734,59036,104053,104355,117770,1
37372,93734,8366,131106,45738,102100,0
55656,20909,65374,76565,121030,86283,1
55503,89453,45029,144956,100532,134482,1
40611,43374,98169,83985,138780,141543,0
15674,2355,43652,18029,59326,46007,0
92460,9859,64947,102319,157407,74806,0
85563,45467,82006,131030,167569,127473,1
36976,24089,15854,61065,52830,39943,1
64111,2419,93697,66530,157808,96116,0
85857,24557,93207,110414,179064,117764,1
96256,55176,5541,151432,101797,60717,0
42951,8825,30163,51776,73114,38988,0
11295,50281,96583,61576,107878,146864,0
38862,64476,95453,103338,134315,159929,1
67614,79608,53182,147222,120796,132790,1
58963,69416,1469,128379,60432,70885,0
87649,50196,43276,137845,130925,93472,1
35069,25385,74178,60454,109247,99563,0
90540,93643,79942,184183,170482,173585,1
78785,56172,73560,134957,152345,129732,1
15871,82614,39157,98485,55028,121771,0
85976,71710,90829,157686,176805,162539,1
90578,60824,7522,151402,98100,68346,0
50800,2770,5858,53570,56658,8628,0
16537,75937,62574,92474,79111,138511,1
30845,95447,94403,126292,125248,189850,1
99127,12479,2067,111606,101194,14546,0
33435,44757,23455,78192,56890,68212,1
7988,51087,13051,59075,21039,64138,0
75659,87653,90429,163312,166088,178082,1
65087,48917,552,114004,65639,49469,0
59826,33564,65316,93390,125142,98880,1
8785,95179,29984,103964,38769,125163,0
91576,70915,40642,162491,132218,111557,1
42750,98350,95517,141100,138267,193867,1
68080,72119,3,140199,68083,72122,0
99102,851,99753,99953,198855,100604,1
93144,66227,59177,159371,152321,125404,1
61248,54617,49836,115865,111084,104453,1
18718,49622,12083,68340,30801,61705,0
72140,37081,15633,109221,87773,52714,0
55440,91283,36186,146723,91626,127469,1
876,55353,33809,56229,34685,89162,0
85828,47166,31858,132994,117686,79024,0
40256,27694,62446,67950,102702,90140,1
63708,56360,18823,120068,82531,75183,1
46186,21888,4059,68074,50245,25947,0
35235,87764,67492,122999,102727,155256,1
51801,13793,22852,65594,74653,36645,0
29387,86686,13999,116073,43386,100685,0
8738,45411,53815,54149,62553,99226,1
68434,53560,50929,121994,119363,104489,1
36668,33203,71441,69871,108109,104644,0
1655,99461,85670,101116,87325,185131,0
96322,11240,46376,107562,142698,57616,0
32813,90209,36355,123022,69168,126564,0
47251,87119,75302,134370,122553,162421,1
27873,50202,98693,78075,126566,148895,0
454,42374,58681,42828,59135,101055,0
4799,35752,58876,40551,63675,94628,0
93263,85535,46075,178798,139338,131610,1
3652,68295,49298,71947,52950,117593,0
4493,55976,70552,60469,75045,126528,0
30844,9632,98077,40476,128921,107709,0
69482,21642,78950,91124,148432,100592,1
83375,4162,43189,87537,126564,47351,0
82672,32741,66231,115413,148903,98972,1
45199,28074,5374,73273,50573,33448,0
12723,84962,37634,97685,50357,122596,0
70521,40201,47361,110722,117882,87562,1
10669,5785,40927,16454,51596,46712,0
69181,90948,98854,160129,168035,189802,1
47770,44631,96533,92401,144303,141164,0
64043,79303,97179,143346,161222,176482,1
30618,13901,47692,44519,78310,61593,0
17460,90407,39894,107867,57354,130301,0
888,15628,52580,16516,53468,68208,0
60069,40435,84781,100504,144850,125216,1
96690,72554,9063,169244,105753,81617,0
64542,9656,39071,74198,103613,48727,0
93188,5675,74193,98863,167381,79868,0
21020,95042,1830,116062,22850,96872,0
89463,46216,35632,135679,125095,81848,0
68185,67448,29743,135633,97928,97191,1
2072,52246,29696,54318,31768,81942,0
34106,53063,43742,87169,77848,96805,1
92104,90114,65251,182218,157355,155365,1
1707,93851,87027,95558,88734,180878,0
10345,8413,54299,18758,64644,62712,0
50647,82698,31655,133345,82302,114353,0
22882,6823,57110,29705,79992,63933,0
12610,33613,68260,46223,80870,101873,0
23568,62370,92306,85938,115874,154676,0
97223,72741,60974,169964,158197,133715,1
4444,47944,80126,52388,84570,128070,0
95676,92903,46108,188579,141784,139011,1
22936,93622,44343,116558,67279,137965,0
91671,16938,79675,108609,171346,96613,1
45212,93581,646,138793,45858,94227,0
33771,34513,66619,68284,100390,101132,1
63851,28180,55613,92031,119464,83793,1
13239,81255,98807,94494,112046,180062,0
79703,30524,37655,110227,117358,68179,0
43061,47588,49699,90649,92760,97287,1
7133,37679,38360,44812,45493,76039,1
4075,86779,9161,90854,13236,95940,0
49953,45677,43014,95630,92967,88691,1
45605,78719,33651,124324,79256,112370,1
94772,45140,95990,139912,190762,141130,1
79789,90740,48773,170529,128562,139513,1
84889,98115,62858,183004,147747,160973,1
29052,42512,59646,71564,88698,102158,1
34096,92509,23001,126605,57097,115510,0
85396,72019,10713,157415,96109,82732,0
85790,67134,10664,152924,96454,77798,0
14601,49963,60029,64564,74630,109992,1
36970,47135,19616,84105,56586,66751,1
5317,40200,3891,45517,9208,44091,0
85778,63216,87709,148994,173487,150925,1
6652,13706,50630,20358,57282,64336,0
5994,20390,47516,26384,53510,67906,0
43438,3628,22654,47066,66092,26282,0
44510,91636,73638,136146,118148,165274,1
3384,65800,4280,69184,7664,70080,0
12593,73242,67470,85835,80063,140712,1
83046,49822,49242,132868,132288,99064,1
13785,89438,50173,103223,63958,139611,0
68121,39900,83152,108021,151273,123052,1
95936,18834,8445,114770,104381,27279,0
32580,88672,10118,121252,42698,98790,0
39148,97506,76567,136654,115715,174073,1
29073,49318,8373,78391,37446,57691,0
3018,32820,36817,35838,39835,69637,0
11052,5721,77907,16773,88959,83628,0
6054,7953,90194,14007,96248,98147,0
11684,40666,72344,52350,84028,113010,0
74932,19187,69398,94119,144330,88585,1
39249,693,49542,39942,88791,50235,0
8717,71169,75997,79886,84714,147166,1
12999,21682,46603,34681,59602,68285,0
14432,38967,70896,53399,85328,109863,0
85141,86746,38140,171887,123281,124886,1
59080,77645,68620,136725,127700,146265,1
46632,92683,70341,139315,116973,163024,1
23801,99746,38870,123547,62671,138616,0
55877,61575,21791,117452,77668,83366,1
35325,61936,821,97261,36146,62757,0
69381,7991,2213,77372,71594,10204,0
11875,49795,82678,61670,94553,132473,0
12999,2322,47002,15321,60001,49324,0
28838,3855,21598,32693,50436,25453,0
48898,43630,71157,92528,120055,114787,1
56108,47224,53744,103332,109852,100968,1
30922,52187,78139,83109,109061,130326,1
28894,76829,39425,105723,68319,116254,0
12073,73185,67163,85258,79236,140348,1
24763,70203,72043,94966,96806,142246,1
24668,30739,6920,55407,31588,37659,1
54433,34313,18325,88746,72758,52638,0
60897,94336,60306,155233,121203,154642,1
69933,6718,50537,76651,120470,57255,0
46468,30579,41599,77047,88067,72178,1
18794,24869,18293,43663,37087,43162,1
105,76515,80654,76620,80759,157169,0
99971,41126,20752,141097,120723,61878,0
66236,20585,31638,86821,97874,52223,0
99230,88550,69341,187780,168571,157891,1
67842,65677,15907,133519,83749,81584,1
5142,33231,96783,38373,101925,130014,0
35046,36293,90437,71339,125483,126730,0
97062,14620,56349,111682,153411,70969,0
62170,51952,42306,114122,104476,94258,1
23714,62000,82321,85714,106035,144321,1
62972,71777,75780,134749,138752,147557,1
68891,96684,41889,165575,110780,138573,1
12907,70832,85530,83739,98437,156362,0
63804,74649,38433,138453,102237,113082,1
81561,6244,8726,87805,90287,14970,0
21697,6186,35840,27883,57537,42026,0
38298,50700,14991,88998,53289,65691,1
86298,4485,52695,90783,138993,57180,0
82015,60636,45852,142651,127867,106488,1
30333,44695,44258,75028,74591,88953,1
94941,39920,46921,134861,141862,86841,0
80581,32249,20445,112830,101026,52694,0
15162,5107,64907,20269,80069,70014,0
52335,29522,41920,81857,94255,71442,1
97382,65956,58444,163338,155826,124400,1
60787,78652,725,139439,61512,79377,0
97395,24593,38235,121988,135630,62828,0
39651,79850,58867,119501,98518,138717,1
68828,14902,38180,83730,107008,53082,0
6419,73631,54324,80050,60743,127955,0
45795,26468,28854,72263,74649,55322,1
46321,2006,12151,48327,58472,14157,0
18655,54766,89934,73421,108589,144700,0
17987,1106,17868,19093,35855,18974,1
58456,95509,91394,153965,149850,186903,1
13557,72602,90304,86159,103861,162906,0
97896,40368,24371,138264,122267,64739,0
46530,54215,53220,100745,99750,107435,1
69468,97028,38254,166496,107722,135282,1
21586,66090,47259,87676,68845,113349,1
28709,49680,58830,78389,87539,108510,1
54380,63958,49264,118338,103644,113222,1
50582,99799,61283,150381,111865,161082,1
95905,77242,30683,173147,126588,107925,1
42383,99854,89177,142237,131560,189031,1
86078,27987,36415,114065,122493,64402,0
77084,72688,14663,149772,91747,87351,1
68023,38738,11753,106761,79776,50491,0
15960,5251,98294,21211,114254,103545,0
44902,50293,22569,95195,67471,72862,1
13855,10500,47507,24355,61362,58007,0
68044,53733,66752,121777,134796,120485,1
87089,38378,14108,125467,101197,52486,0
59228,57359,91457,116587,150685,148816,1
64358,49670,81149,114028,145507,130819,1
65577,71478,22464,137055,88041,93942,1
92557,17673,61740,110230,154297,79413,0
31637,45656,96428,77293,128065,142084,0
92267,47036,57267,139303,149534,104303,1
16351,50201,25204,66552,41555,75405,0
71299,9396,66185,80695,137484,75581,1
84838,31046,67234,115884,152072,98280,1
61298,66647,55930,127945,117228,122577,1
43189,31667,68575,74856,111764,100242,1
77997,20761,99320,98758,177317,120081,0
24905,156,60850,25061,85755,61006,0
46323,32558,61642,78881,107965,94200,1
97797,85315,65473,183112,163270,150788,1
38795,46793,50337,85588,89132,97130,1
45889,33223,38410,79112,84299,71633,1
92611,48119,26764,140730,119375,74883,0
19899,63407,17617,83306,37516,81024,0
70132,21125,67202,91257,137334,88327,1
64934,15062,25397,79996,90331,40459,0
31569,63041,34866,94610,66435,97907,1
11083,4899,55321,15982,66404,60220,0
86411,10497,52555,96908,138966,63052,0
97154,82898,50107,180052,147261,133005,1
76503,61769,75474,138272,151977,137243,1
76411,92546,50177,168957,126588,142723,1
82573,70522,77487,153095,160060,148009,1
98744,74562,55775,173306,154519,130337,1
23161,18031,10789,41192,33950,28820,1
67713,74917,4327,142630,72040,79244,0
2454,3505,18251,5959,20705,21756,0
83348,76183,95144,159531,178492,171327,1
97613,1234,58678,98847,156291,59912,0
43598,31634,71103,75232,114701,102737,1
62802,16200,17015,79002,79817,33215,0
31434,81254,65743,112688,97177,146997,1
54527,73416,35537,127943,90064,108953,1
5911,48611,9283,54522,15194,57894,0
57344,14492,44436,71836,101780,58928,1
26653,82361,36923,109014,63576,119284,0
54702,63704,31386,118406,86088,95090,1
10291,95183,66629,105474,76920,161812,0
31827,96320,80110,128147,111937,176430,1
46522,93009,18691,139531,65213,111700,0
31548,98142,58586,129690,90134,156728,0
46967,84871,81349,131838,128316,166220,1
47114,57860,86898,104974,134012,144758,1
83561,9313,93311,92874,176872,102624,0
54448,10298,52185,64746,106633,62483,1
4222,17814,51322,22036,55544,69136,0
81511,4716,20455,86227,101966,25171,0
60908,59842,75280,120750,136188,135122,1
86734,88055,46938,174789,133672,134993,1
22322,4428,1107,26750,23429,5535,0
36402,33532,67628,69934,104030,101160,1
24852,69784,97263,94636,122115,167047,0
34005,47933,5053,81938,39058,52986,0
99067,22730,13217,121797,112284,35947,0
53401,43144,2581,96545,55982,45725,0
8217,14384,7423,22601,15640,21807,1
74131,66104,98599,140235,172730,164703,1
5114,65746,35017,70860,40131,100763,0
88963,83250,25145,172213,114108,108395,1
91004,57140,44876,148144,135880,102016,1
75840,74371,42463,150211,118303,116834,1
87772,57194,89981,144966,177753,147175,1
95955,10923,1477,106878,97432,12400,0
12537,90373,47371,102910,59908,137744,0
55288,39890,47505,95178,102793,87395,1
66801,75257,30175,142058,96976,105432,1
24088,21984,75628,46072,99716,97612,0
38335,6299,21059,44634,59394,27358,0
23983,90357,94483,114340,118466,184840,1
65638,73129,41329,138767,106967,114458,1
65765,99299,76189,165064,141954,175488,1
97420,70206,46393,167626,143813,116599,1
12614,12370,490,24984,13104,12860,1
50584,62245,53523,112829,104107,115768,1
41427,13027,46575,54454,88002,59602,1
27788,31228,42241,59016,70029,73469,1
5743,97666,26792,103409,32535,124458,0
50531,57037,61855,107568,112386,118892,1
18070,79783,32318,97853,50388,112101,0
7936,96740,38112,104676,46048,134852,0
86581,83371,64372,169952,150953,147743,1
97946,37269,39005,135215,136951,76274,0
51958,62570,20810,114528,72768,83380,1
40236,48587,4596,88823,44832,53183,0
34051,7422,92467,41473,126518,99889,0
56111,16209,24998,72320,81109,41207,0
94016,28162,15597,122178,109613,43759,0
36741,15391,98225,52132,134966,113616,0
48605,55339,73192,103944,121797,128531,1
28763,23042,70067,51805,98830,93109,0
80113,26665,4275,106778,84388,30940,0
42692,1064,74440,43756,117132,75504,0
99898,63223,16763,163121,116661,79986,0
36798,96350,41311,133148,78109,137661,0
62484,64553,13096,127037,75580,77649,1
13071,2768,24782,15839,37853,27550,0
84770,58099,57352,142869,142122,115451,1
64867,45627,40833,110494,105700,86460,1
23731,5723,88680,29454,112411,94403,0
33809,81504,69851,115313,103660,151355,1
18083,33704,79333,51787,97416,113037,0
93190,6407,38912,99597,132102,45319,0
70890,88153,13710,159043,84600,101863,0
98891,70472,86732,169363,185623,157204,1
37392,72850,76410,110242,113802,149260,1
54891,38923,48539,93814,103430,87462,1
5281,98427,26124,103708,31405,124551,0
64580,16622,19302,81202,83882,35924,0
48822,84675,87622,133497,136444,172297,1
22230,80607,79857,102837,102087,160464,1
4881,34663,16060,39544,20941,50723,0
2428,3136,28813,5564,31241,31949,0
70736,60394,14032,131130,84768,74426,1
65420,86217,1250,151637,66670,87467,0
24180,8300,9203,32480,33383,17503,0
34477,49973,30084,84450,64561,80057,1
7644,21991,14529,29635,22173,36520,1
10427,40838,26540,51265,36967,67378,0
84922,74809,73343,159731,158265,148152,1
8493,96021,64806,104514,73299,160827,0
44869,96937,42727,141806,87596,139664,0
64283,96287,5561,160570,69844,101848,0
15452,71815,71189,87267,86641,143004,1
23233,36090,10971,59323,34204,47061,0
34038,773,45253,34811,79291,46026,0
96057,5175,61235,101232,157292,66410,0
26710,45444,89457,72154,116167,134901,0
71983,65634,32864,137617,104847,98498,1
14088,48376,17838,62464,31926,66214,0
94358,36339,78044,130697,172402,114383,1
56298,12600,44314,68898,100612,56914,1
12697,84761,39627,97458,52324,124388,0
81179,34694,28860,115873,110039,63554,0
45688,21440,93867,67128,139555,115307,0
98445,14494,36695,112939,135140,51189,0
16724,13678,34129,30402,50853,47807,0
76964,80087,61674,157051,138638,141761,1
13317,95117,13712,108434,27029,108829,0
28727,13351,69042,42078,97769,82393,0
76905,94679,89900,171584,166805,184579,1
32339,73635,44564,105974,76903,118199,1
86813,71062,52015,157875,138828,123077,1
77026,39870,28032,116896,105058,67902,0
31683,51233,60609,82916,92292,111842,1
30640,84200,13778,114840,44418,97978,0
90387,13324,86099,103711,176486,99423,1
33032,87291,59375,120323,92407,146666,1
28015,91660,17013,119675,45028,108673,0
56157,93356,4180,149513,60337,97536,0
28009,61938,76908,89947,104917,138846,1
53192,42188,92417,95380,145609,134605,1
52397,18279,23261,70676,75658,41540,0
77590,88028,10979,165618,88569,99007,1
80731,62249,83786,142980,164517,146035,1
68286,22165,2578,90451,70864,24743,0
87,46099,42612,46186,42699,88711,0
51016,38183,3606,89199,54622,41789,0
1031,26911,53513,27942,54544,80424,0
30879,70109,52082,100988,82961,122191,1
39255,63248,18353,102503,57608,81601,0
84226,4776,58527,89002,142753,63303,0
60854,54218,44516,115072,105370,98734,1
47689,10713,73279,58402,120968,83992,0
7586,54385,6539,61971,14125,60924,0
23808,88583,52060,112391,75868,140643,0
55883,65424,53180,121307,109063,118604,1
88630,39312,81293,127942,169923,120605,1
60720,37713,29350,98433,90070,67063,1
24487,29163,42026,53650,66513,71189,1
44072,27889,43147,71961,87219,71036,1
7852,76520,70954,84372,78806,147474,1
11648,17019,90719,28667,102367,107738,0
12071,84174,34615,96245,46686,118789,0
71689,67890,72106,139579,143795,139996,1
32368,75821,51956,108189,84324,127777,1
62684,9134,98831,71818,161515,107965,0
58430,13799,49755,72229,108185,63554,1
45805,33554,49860,79359,95665,83414,1
35757,31374,12131,67131,47888,43505,1
18640,25833,1480,44473,20120,27313,0
88864,36294,83822,125158,172686,120116,1
59017,86490,43772,145507,102789,130262,1
63089,64978,73561,128067,136650,138539,1
42559,45844,58753,88403,101312,104597,1
63986,11587,95419,75573,159405,107006,0
25064,93438,78332,118502,103396,171770,1
50288,99563,24413,149851,74701,123976,0
29204,3895,69905,33099,99109,73800,0
2675,81156,82392,83831,85067,163548,1
338,82474,98085,82812,98423,180559,0
45641,75311,83973,120952,129614,159284,1
3949,74797,15718,78746,19667,90515,0
78201,97274,88074,175475,166275,185348,1
62943,52170,82007,115113,144950,134177,1
89513,129,32817,89642,122330,32946,0
84453,61854,24594,146307,109047,86448,1
71707,27148,8070,98855,79777,35218,0
20678,86942,72042,107620,92720,158984,1
38046,34286,41932,72332,79978,76218,1
12970,83314,57379,96284,70349,140693,0
18542,54771,545,73313,19087,55316,0
9880,27156,38219,37036,48099,65375,0
16593,84234,65617,100827,82210,149851,0
91595,76222,89004,167817,180599,165226,1
39234,47811,97420,87045,136654,145231,0
49241,21849,63252,71090,112493,85101,1
83351,53090,82524,136441,165875,135614,1
37833,12150,63833,49983,101666,75983,0
93641,99938,97376,193579,191017,197314,1
96392,84127,59418,180519,155810,143545,1
11909,11376,61057,23285,72966,72433,0
49652,11736,75135,61388,124787,86871,0
64313,31987,63136,96300,127449,95123,1
60994,97123,64426,158117,125420,161549,1
23733,30158,29554,53891,53287,59712,1
38648,17608,69325,56256,107973,86933,0
93305,55245,60455,148550,153760,115700,1
40693,39282,7546,79975,48239,46828,1
6993,98773,23756,105766,30749,122529,0
96135,66619,46421,162754,142556,113040,1
14624,7501,62605,22125,77229,70106,0
51660,35680,87702,87340,139362,123382,0
11171,56122,4212,67293,15383,60334,0
67880,38092,45012,105972,112892,83104,1
16402,84870,24105,101272,40507,108975,0
3384,85835,96979,89219,100363,182814,0
19009,58058,45769,77067,64778,103827,1
19927,55426,74950,75353,94877,130376,1
97568,86886,65532,184454,163100,152418,1
12288,3950,40468,16238,52756,44418,0
38514,71303,53163,109817,91677,124466,1
57362,91895,74493,149257,131855,166388,1
58126,4376,57769,62502,115895,62145,1
76624,92880,28599,169504,105223,121479,1
89751,49779,58163,139530,147914,107942,1
73049,60486,70713,133535,143762,131199,1
10100,88531,2644,98631,12744,91175,0
84018,68145,34616,152163,118634,102761,1
19547,7851,1257,27398,20804,9108,0
98325,79203,3437,177528,101762,82640,0
79322,46347,58042,125669,137364,104389,1
35807,56209,74501,92016,110308,130710,1
20539,3563,90237,24102,110776,93800,0
66188,15776,67193,81964,133381,82969,1
79443,86828,76427,166271,155870,163255,1
47251,43666,81368,90917,128619,125034,1
12305,76263,21013,88568,33318,97276,0
64919,51689,47791,116608,112710,99480,1
75972,31791,81416,107763,157388,113207,1
64290,94494,38088,158784,102378,132582,1
44349,35196,64873,79545,109222,100069,1
78159,13574,56415,91733,134574,69989,0
69928,36339,99876,106267,169804,136215,1
20712,72287,95466,92999,116178,167753,0
9449,72192,67129,81641,76578,139321,1
23636,62365,63944,86001,87580,126309,1
26887,57473,27080,84360,53967,84553,0
74839,93673,8639,168512,83478,102312,0
50143,37970,47494,88113,97637,85464,1
55482,93670,41284,149152,96766,134954,1
15609,89291,51523,104900,67132,140814,0
48248,79696,96992,127944,145240,176688,1
48096,37876,58453,85972,106549,96329,1
7999,80316,33142,88315,41141,113458,0
77607,50617,51448,128224,129055,102065,1
22990,33934,41663,56924,64653,75597,1
99417,40872,31127,140289,130544,71999,0
82500,32315,27902,114815,110402,60217,0
83732,88832,52578,172564,136310,141410,1
29691,81439,79834,111130,109525,161273,1
29921,1524,43674,31445,73595,45198,0
73696,3153,80611,76849,154307,83764,0
30818,69531,70552,100349,101370,140083,1
42217,2555,18311,44772,60528,20866,0
56873,57359,97239,114232,154112,154598,1
48801,59773,4634,108574,53435,64407,0
97563,7901,62169,105464,159732,70070,0
76722,97656,46361,174378,123083,144017,1
51926,29733,42316,81659,94242,72049,1
81480,65629,73831,147109,155311,139460,1
87346,58668,17132,146014,104478,75800,0
31371,93812,88024,125183,119395,181836,1
73984,88623,69901,162607,143885,158524,1
81643,51982,82139,133625,163782,134121,1
80567,77487,48069,158054,128636,125556,1
93324,37906,65386,131230,158710,103292,1
2229,62842,61464,65071,63693,124306,1
40455,13011,76821,53466,117276,89832,0
27573,68884,44635,96457,72208,113519,1
91524,45872,75369,137396,166893,121241,1
75397,27934,73041,103331,148438,100975,1
2990,93594,14589,96584,17579,108183,0
25651,56975,1079,82626,26730,58054,0
10378,44069,9187,54447,19565,53256,0
84225,75140,66947,159365,151172,142087,1
49677,25804,33769,75481,83446,59573,1
14035,9039,2808,23074,16843,11847,0
18717,98465,15088,117182,33805,113553,0
74922,61200,37656,136122,112578,98856,1
19192,58345,89773,77537,108965,148118,0
85250,61343,46351,146593,131601,107694,1
82641,87676,17473,170317,100114,105149,1
75203,54516,86953,129719,162156,141469,1
26723,26150,10496,52873,37219,36646,1
60654,74821,77424,135475,138078,152245,1
57191,78140,68755,135331,125946,146895,1
30815,61378,38607,92193,69422,99985,1
12379,68145,44690,80524,57069,112835,0
13487,36160,7481,49647,20968,43641,0
91222,58956,4842,150178,96064,63798,0
8436,18774,58755,27210,67191,77529,0
73214,77335,99830,150549,173044,177165,1
3561,7967,82543,11528,86104,90510,0
19561,77386,96579,96947,116140,173965,1
7756,76792,76334,84548,84090,153126,1
13095,51283,46261,64378,59356,97544,1
24214,68771,59356,92985,83570,128127,1
91814,23061,73236,114875,165050,96297,1
38054,66462,42355,104516,80409,108817,1
44588,7215,98995,51803,143583,106210,0
34734,14135,78824,48869,113558,92959,0
52119,16998,67938,69117,120057,84936,1
40659,75020,70360,115679,111019,145380,1
26011,42085,91982,68096,117993,134067,0
73976,83143,36917,157119,110893,120060,1
29566,15453,12909,45019,42475,28362,0
53687,10404,94042,64091,147729,104446,0
76630,74081,56478,150711,133108,130559,1
87253,8031,80062,95284,167315,88093,1
289,32526,88345,32815,88634,120871,0
1742,84446,14909,86188,16651,99355,0
57023,96662,41832,153685,98855,138494,1
76390,69434,80295,145824,156685,149729,1
54109,15932,11965,70041,66074,27897,0
89895,11078,850,100973,90745,11928,0
55698,45470,77064,101168,132762,122534,1
36773,9019,71393,45792,108166,80412,0
81405,8581,53140,89986,134545,61721,0
36565,37344,24610,73909,61175,61954,1
48644,27536,48314,76180,96958,75850,1
70679,16402,52874,87081,123553,69276,0
24909,43546,94503,68455,119412,138049,0
44110,38340,69134,82450,113244,107474,1
77549,47735,84802,125284,162351,132537,1
12060,41092,40267,53152,52327,81359,1
23042,499,41599,23541,64641,42098,0
94211,27171,67866,121382,162077,95037,1
44654,73894,3495,118548,48149,77389,0
98244,76826,57469,175070,155713,134295,1
11100,96095,77791,107195,88891,173886,0
29991,82281,17933,112272,47924,100214,0
87826,69534,7864,157360,95690,77398,0
51637,40845,85132,92482,136769,125977,1
64343,52729,60624,117072,124967,113353,1
20746,57938,19220,78684,39966,77158,0
78654,98259,38930,176913,117584,137189,1
83537,33722,36111,117259,119648,69833,0
25758,18840,15007,44598,40765,33847,1
12830,59365,69107,72195,81937,128472,1
94883,5934,74250,100817,169133,80184,0
95037,50637,83088,145674,178125,133725,1
93944,77183,59524,171127,153468,136707,1
16716,79996,98472,96712,115188,178468,0
88380,8929,4889,97309,93269,13818,0
93970,54775,17573,148745,111543,72348,0
53020,72762,48929,125782,101949,121691,1
86802,79533,73627,166335,160429,153160,1
64753,74390,19314,139143,84067,93704,1
40309,41995,23800,82304,64109,65795,1
44862,36706,2227,81568,47089,38933,0
41905,68603,17319,110508,59224,85922,0
54968,85172,25633,140140,80601,110805,0
29605,89252,48294,118857,77899,137546,0
50659,43439,33966,94098,84625,77405,1
85701,45065,84882,130766,170583,129947,1
60040,18009,29910,78049,89950,47919,0
23489,64712,73775,88201,97264,138487,1
99516,37889,42936,137405,142452,80825,0
74693,23860,73137,98553,147830,96997,1
61846,38999,71661,100845,133507,110660,1
95822,68732,79702,164554,175524,148434,1
85475,4863,25595,90338,111070,30458,0
88204,82505,81289,170709,169493,163794,1
11037,71828,63530,82865,74567,135358,1
23808,69081,27138,92889,50946,96219,0
64098,24070,80404,88168,144502,104474,1
50176,95140,54518,145316,104694,149658,1
13104,24813,28640,37917,41744,53453,1
71517,87846,18610,159363,90127,106456,1
44116,79999,46832,124115,90948,126831,1
40826,12266,25906,53092,66732,38172,0
59375,20947,38390,80322,97765,59337,0
63214,39842,58619,103056,121833,98461,1
59065,88820,30410,147885,89475,119230,1
97212,48018,38933,145230,136145,86951,0
24228,40689,55338,64917,79566,96027,1
37511,4167,78023,41678,115534,82190,0
47018,12796,24163,59814,71181,36959,0
83417,45825,22050,129242,105467,67875,0
6942,6820,95863,13762,102805,102683,0
88708,80193,78254,168901,166962,158447,1
38713,58418,69810,97131,108523,128228,1
31663,90934,38085,122597,69748,129019,0
45870,59092,24465,104962,70335,83557,1
78481,7127,58246,85608,136727,65373,0
33629,29358,94378,62987,128007,123736,0
30987,47607,28945,78594,59932,76552,1
34306,96807,87265,131113,121571,184072,1
54815,84710,20225,139525,75040,104935,0
73699,47503,45211,121202,118910,92714,1
97428,111,48249,97539,145677,48360,0
56058,57621,34239,113679,90297,91860,1
46330,85376,37393,131706,83723,122769,0
69526,76230,85482,145756,155008,161712,1
17292,32295,52176,49587,69468,84471,0
8755,60692,27205,69447,35960,87897,0
29054,92011,82689,121065,111743,174700,1
27047,2926,53465,29973,80512,56391,0
43130,60726,52499,103856,95629,113225,1
24417,35252,41512,59669,65929,76764,1
74141,61429,79734,135570,153875,141163,1
3241,83799,99940,87040,103181,183739,0
95816,32209,99904,128025,195720,132113,1
62692,98801,82186,161493,144878,180987,1
10801,92433,34870,103234,45671,127303,0
18184,90781,31318,108965,49502,122099,0
66509,36776,20201,103285,86710,56977,0
20364,29453,80243,49817,100607,109696,0
12484,58340,48971,70824,61455,107311,1
53284,83927,26442,137211,79726,110369,0
12241,64985,94834,77226,107075,159819,0
45285,23537,5730,68822,51015,29267,0
68769,39704,72315,108473,141084,112019,1
24315,13986,84825,38301,109140,98811,0
85034,80169,12281,165203,97315,92450,1
13698,81382,67778,95080,81476,149160,1
97386,75917,76656,173303,174042,152573,1
16350,62545,61216,78895,77566,123761,1
60421,37761,80437,98182,140858,118198,1
45880,57015,1488,102895,47368,58503,0
58249,37545,2325,95794,60574,39870,0
19740,6502,27235,26242,46975,33737,0
18127,66568,92674,84695,110801,159242,0
72991,34644,84443,107635,157434,119087,1
46249,31069,41761,77318,88010,72830,1
78720,67043,77368,145763,156088,144411,1
36487,55718,62903,92205,99390,118621,1
30752,58827,47047,89579,77799,105874,1
12316,32777,7768,45093,20084,40545,0
96807,54210,2839,151017,99646,57049,0
14169,91595,31149,105764,45318,122744,0
46349,83774,8299,130123,54648,92073,0
39594,20544,2389,60138,41983,22933,0
66218,99103,44880,165321,111098,143983,1
54568,72530,92004,127098,146572,164534,1
60350,65461,60173,125811,120523,125634,1
54194,60005,66610,114199,120804,126615,1
85923,52562,57960,138485,143883,110522,1
28599,42803,31858,71402,60457,74661,1
26516,96841,26579,123357,53095,123420,0
3416,92615,88392,96031,91808,181007,0
52749,11827,74949,64576,127698,86776,0
24259,87781,26972,112040,51231,114753,0
84953,17723,84750,102676,169703,102473,1
90845,93620,65574,184465,156419,159194,1
8639,8292,22720,16931,31359,31012,0
20227,2601,61979,22828,82206,64580,0
25672,88828,98673,114500,124345,187501,1
91804,95889,47984,187693,139788,143873,1
24581,85256,52301,109837,76882,137557,0
17247,23763,26203,41010,43450,49966,1
84003,32955,10230,116958,94233,43185,0
52853,70358,51129,123211,103982,121487,1
93293,72755,76354,166048,169647,149109,1
17174,68966,61427,86140,78601,130393,1
74903,60460,55460,135363,130363,115920,1
46989,85178,90897,132167,137886,176075,1
82355,34522,70808,116877,153163,105330,1
55963,55897,38087,111860,94050,93984,1
88346,93165,20912,181511,109258,114077,1
67677,24704,79562,92381,147239,104266,1
15037,25882,64161,40919,79198,90043,0
62292,81133,23823,143425,86115,104956,1
88740,80104,89280,168844,178020,169384,1
80392,29010,6409,109402,86801,35419,0
40320,49942,24111,90262,64431,74053,1
31406,85290,20033,116696,51439,105323,0
96666,27468,68824,124134,165490,96292,0
53975,95723,5972,149698,59947,101695,0
72950,10153,7171,83103,80121,17324,0
92103,42825,9461,134928,101564,52286,0
99504,32833,62426,132337,161930,95259,0
68721,45891,77858,114612,146579,123749,1
16944,30716,68089,47660,85033,98805,0
15859,16626,52529,32485,68388,69155,0
94451,55240,92751,149691,187202,147991,1
86153,98410,18328,184563,104481,116738,1
26846,27035,43632,53881,70478,70667,1
68943,5197,95452,74140,164395,100649,0
25297,7590,50364,32887,75661,57954,0
30024,84863,36760,114887,66784,121623,0
33232,71307,22974,104539,56206,94281,0
62713,57168,3767,119881,66480,60935,0
34309,30889,9615,65198,43924,40504,1
17288,72441,12819,89729,30107,85260,0
74100,93842,82170,167942,156270,176012,1
81432,31045,58236,112477,139668,89281,1
37807,73861,73137,111668,110944,146998,1
79548,66386,97507,145934,177055,163893,1
16777,65766,62996,82543,79773,128762,1
89527,30536,40632,120063,130159,71168,0
1696,78066,18627,79762,20323,96693,0
5154,42818,32335,47972,37489,75153,0
8284,55024,77293,63308,85577,132317,0
2790,5455,7741,8245,10531,13196,1
40986,50902,21482,91888,62468,72384,1
47020,48389,27976,95409,74996,76365,1
35534,76783,2282,112317,37816,79065,0
74862,19171,71270,94033,146132,90441,1
7106,22580,72928,29686,80034,95508,0
23175,53255,79684,76430,102859,132939,0
89412,15683,52572,105095,141984,68255,0
25892,52639,82053,78531,107945,134692,0
94920,27160,48674,122080,143594,75834,0
83504,76350,60979,159854,144483,137329,1
5485,89959,28079,95444,33564,118038,0
55593,25853,78913,81446,134506,104766,1
48508,3952,15023,52460,63531,18975,0
16220,62018,24690,78238,40910,86708,0
88692,38305,10003,126997,98695,48308,0
57078,70312,98674,127390,155752,168986,1
93122,46046,71597,139168,164719,117643,1
17386,46297,9946,63683,27332,56243,0
5100,51616,10710,56716,15810,62326,0
879,21197,89482,22076,90361,110679,0
28858,45588,60734,74446,89592,106322,1
66392,52421,30651,118813,97043,83072,1
17145,50358,67291,67503,84436,117649,1
12054,27801,85538,39855,97592,113339,0
78966,97873,90569,176839,169535,188442,1
59595,58724,27525,118319,87120,86249,1
61457,96228,33843,157685,95300,130071,0
65825,97253,62425,163078,128250,159678,1
16035,18089,72217,34124,88252,90306,0
8558,34810,40914,43368,49472,75724,1
7902,15509,78628,23411,86530,94137,0
64278,4969,55111,69247,119389,60080,0
28967,70979,85558,99946,114525,156537,1
47738,7641,90614,55379,138352,98255,0
20174,70094,44510,90268,64684,114604,0
33778,84097,53905,117875,87683,138002,1
85699,37959,53090,123658,138789,91049,1
65579,37201,21711,102780,87290,58912,0
16368,73188,30230,89556,46598,103418,0
98175,14174,32001,112349,130176,46175,0
23092,31528,681,54620,23773,32209,0
95498,24271,70245,119769,165743,94516,0
60520,74361,785,134881,61305,75146,0
59817,67805,43537,127622,103354,111342,1
22981,51130,71213,74111,94194,122343,1
73109,7416,79409,80525,152518,86825,1
19790,51878,10619,71668,30409,62497,0
78929,434,98395,79363,177324,98829,0
50908,66422,92827,117330,143735,159249,1
48206,77789,58114,125995,106320,135903,1
89024,13196,51126,102220,140150,64322,0
11548,77464,47625,89012,59173,125089,0
61435,33830,17353,95265,78788,51183,0
16687,89042,23164,105729,39851,112206,0
12358,98753,49191,111111,61549,147944,0
75636,2789,63384,78425,139020,66173,0
9509,52890,61781,62399,71290,114671,1
9806,92334,26105,102140,35911,118439,0
69266,22288,76135,91554,145401,98423,1
57784,82000,4671,139784,62455,86671,0
8394,20725,42581,29119,50975,63306,0
32941,68473,28879,101414,61820,97352,0
73276,67583,42341,140859,115617,109924,1
62097,73903,38706,136000,100803,112609,1
14064,34087,82041,48151,96105,116128,0
10594,99882,55071,110476,65665,154953,0
19356,32521,53512,51877,72868,86033,0
2781,51837,63886,54618,66667,115723,0
92665,47769,61830,140434,154495,109599,1
89242,46838,96268,136080,185510,143106,1
67124,51259,43743,118383,110867,95002,1
97862,67574,91420,165436,189282,158994,1
85206,45126,36011,130332,121217,81137,0
46063,79056,78442,125119,124505,157498,1
61807,26784,78801,88591,140608,105585,1
61022,934,91065,61956,152087,91999,0
21812,93056,36572,114868,58384,129628,0
768,99489,82337,100257,83105,181826,0
77191,15737,49300,92928,126491,65037,0
11352,52771,37141,64123,48493,89912,0
57960,33453,63678,91413,121638,97131,1
29776,47756,40509,77532,70285,88265,1
98541,76746,61596,175287,160137,138342,1
55145,97111,61014,152256,116159,158125,1
81282,14800,68480,96082,149762,83280,1
45802,11175,23770,56977,69572,34945,0
79865,84688,23573,164553,103438,108261,1
5885,13704,34531,19589,40416,48235,0
4306,46430,4579,50736,8885,51009,0
40625,42602,4312,83227,44937,46914,1
181,97531,87495,97712,87676,185026,0
93846,87162,93348,181008,187194,180510,1
18409,51404,36890,69813,55299,88294,1
60267,20731,24460,80998,84727,45191,0
59616,90624,85589,150240,145205,176213,1
75915,30531,78302,106446,154217,108833,1
82966,93257,8340,176223,91306,101597,0
64379,58010,57918,122389,122297,115928,1
60954,36854,51522,97808,112476,88376,1
95113,49526,17873,144639,112986,67399,0
3499,3989,73810,7488,77309,77799,0
77314,11143,11457,88457,88771,22600,0
90888,37024,97577,127912,188465,134601,1
55724,21494,83075,77218,138799,104569,0
62253,38033,97428,100286,159681,135461,1
28005,56419,76942,84424,104947,133361,1
23252,47247,97561,70499,120813,144808,0
56545,26009,40579,82554,97124,66588,1
52045,62431,514,114476,52559,62945,0
80381,61601,32258,141982,112639,93859,1
57630,45269,14546,102899,72176,59815,1
47926,17621,79829,65547,127755,97450,0
82167,88237,3208,170404,85375,91445,0
83491,71419,88120,154910,171611,159539,1
29270,78674,8476,107944,37746,87150,0
9719,84168,13321,93887,23040,97489,0
96072,18175,56582,114247,152654,74757,0
46652,61407,34741,108059,81393,96148,1
30009,74716,79549,104725,109558,154265,1
49897,61601,46717,111498,96614,108318,1
16549,75031,682,91580,17231,75713,0
8136,33649,13768,41785,21904,47417,0
45764,57890,45010,103654,90774,102900,1
78842,27360,42059,106202,120901,69419,0
83937,29177,86805,113114,170742,115982,1
9839,42212,67770,52051,77609,109982,0
64844,48490,5354,113334,70198,53844,0
7821,81267,76668,89088,84489,157935,1
74119,60163,76613,134282,150732,136776,1
93656,36240,93405,129896,187061,129645,1
91183,95174,73232,186357,164415,168406,1
43657,26680,70816,70337,114473,97496,0
28205,97108,65212,125313,93417,162320,0
84365,30130,36396,114495,120761,66526,0
73698,43911,82297,117609,155995,126208,1
10622,8393,5124,19015,15746,13517,1
54392,90928,39162,145320,93554,130090,1
22644,23863,46432,46507,69076,70295,1
71155,58378,37574,129533,108729,95952,1
832,245,2165,1077,2997,2410,0
37458,88013,76938,125471,114396,164951,1
66509,55181,20052,121690,86561,75233,1
95,87882,59568,87977,59663,147450,0
3867,56295,53585,60162,57452,109880,1
4566,12463,83573,17029,88139,96036,0
94401,67611,83346,162012,177747,150957,1
85047,95913,43375,180960,128422,139288,1
17269,44159,40268,61428,57537,84427,1
14522,93730,78525,108252,93047,172255,0
65167,19277,79210,84444,144377,98487,1
87629,57317,74553,144946,162182,131870,1
96055,73380,3836,169435,99891,77216,0
74968,60785,94076,135753,169044,154861,1
33519,26948,91003,60467,124522,117951,0
49348,45812,39757,95160,89105,85569,1
92724,79259,94712,171983,187436,173971,1
85585,4527,16745,90112,102330,21272,0
15848,20688,61173,36536,77021,81861,0
12693,76584,38111,89277,50804,114695,0
30352,72003,69924,102355,100276,141927,1
48591,31577,16988,80168,65579,48565,0
82579,45733,38211,128312,120790,83944,1
74494,56205,52155,130699,126649,108360,1
63812,90169,49778,153981,113590,139947,1
86067,72781,67347,158848,153414,140128,1
52691,2509,57767,55200,110458,60276,0
83277,9611,38272,92888,121549,47883,0
81383,98978,85113,180361,166496,184091,1
18990,93253,68674,112243,87664,161927,0
6708,98634,88548,105342,95256,187182,0
90479,5082,35367,95561,125846,40449,0
79993,77312,10165,157305,90158,87477,1
83813,59696,87750,143509,171563,147446,1
71501,17547,86036,89048,157537,103583,1
44301,68407,2528,112708,46829,70935,0
27379,27451,51877,54830,79256,79328,1
82801,85261,39748,168062,122549,125009,1
92037,11479,38897,103516,130934,50376,0
10455,94795,17833,105250,28288,112628,0
35802,38753,442,74555,36244,39195,0
20092,94631,98874,114723,118966,193505,1
36801,54918,82228,91719,119029,137146,1
21452,5121,93393,26573,114845,98514,0
59767,73800,27793,133567,87560,101593,1
91271,54844,56716,146115,147987,111560,1
61055,30714,83489,91769,144544,114203,1
99975,23033,75205,123008,175180,98238,0
46975,77565,67612,124540,114587,145177,1
67679,33760,73114,101439,140793,106874,1
54780,13166,10509,67946,65289,23675,0
42458,46188,20096,88646,62554,66284,1
26230,63281,59837,89511,86067,123118,1
25315,74995,40350,100310,65665,115345,0
55222,41930,20353,97152,75575,62283,1
77505,64784,52388,142289,129893,117172,1
22711,91535,30840,114246,53551,122375,0
45160,10581,77149,55741,122309,87730,0
16803,89357,57906,106160,74709,147263,0
75929,23244,94502,99173,170431,117746,1
14503,45852,7821,60355,22324,53673,0
42745,51123,27139,93868,69884,78262,1
5741,11127,28971,16868,34712,40098,0
42206,13132,98230,55338,140436,111362,0
4946,38484,76458,43430,81404,114942,0
91028,34315,25002,125343,116030,59317,0
56288,31419,20081,87707,76369,51500,0
4368,97319,811,101687,5179,98130,0
24576,84085,80939,108661,105515,165024,1
76494,11139,37069,87633,113563,48208,0
10212,68963,75263,79175,85475,144226,1
83089,1453,82277,84542,165366,83730,1
82762,65040,85203,147802,167965,150243,1
74572,42087,22135,116659,96707,64222,0
44048,82615,24733,126663,68781,107348,0
82477,84461,43544,166938,126021,128005,1
79968,95197,53660,175165,133628,148857,1
18715,71181,7056,89896,25771,78237,0
92016,77562,69828,169578,161844,147390,1
73631,96599,980,170230,74611,97579,0
86352,74929,14230,161281,100582,89159,1
46816,78460,66811,125276,113627,145271,1
37651,34168,55029,71819,92680,89197,1
82777,23477,31471,106254,114248,54948,0
27173,70248,77948,97421,105121,148196,1
9095,25658,13454,34753,22549,39112,0
21662,37878,40995,59540,62657,78873,1
81834,44572,99368,126406,181202,143940,1
67803,24532,56201,92335,124004,80733,1
19966,96584,82033,116550,101999,178617,1
92403,17804,85203,110207,177606,103007,1
29863,63205,26084,93068,55947,89289,0
33995,48338,27352,82333,61347,75690,1
59176,18755,31097,77931,90273,49852,0
64569,51865,90671,116434,155240,142536,1
56357,67964,973,124321,57330,68937,0
50326,53286,24776,103612,75102,78062,1
1190,3089,4792,4279,5982,7881,0
7841,23935,31673,31776,39514,55608,1
40760,30035,58885,70795,99645,88920,1
43044,54783,17927,97827,60971,72710,1
5660,88280,96142,93940,101802,184422,0
9023,89149,47007,98172,56030,136156,0
26433,74250,61932,100683,88365,136182,1
89613,3842,94302,93455,183915,98144,0
26209,43203,26136,69412,52345,69339,1
94038,5433,75906,99471,169944,81339,0
6228,12373,81447,18601,87675,93820,0
72392,1783,6674,74175,79066,8457,0
92101,90376,83712,182477,175813,174088,1
22969,31746,81332,54715,104301,113078,0
33723,45805,31510,79528,65233,77315,1
16878,38682,58405,55560,75283,97087,0
60140,47044,84832,107184,144972,131876,1
46792,23355,74636,70147,121428,97991,0
57412,31578,46971,88990,104383,78549,1
84546,16299,86589,100845,171135,102888,1
36262,91078,98095,127340,134357,189173,1
2382,80865,54309,83247,56691,135174,0
35452,26872,49697,62324,85149,76569,1
91973,21948,58440,113921,150413,80388,0
29343,26233,18292,55576,47635,44525,1
94355,29326,75600,123681,169955,104926,1
47035,20783,26924,67818,73959,47707,1
39364,80195,31895,119559,71259,112090,0
4961,643,19074,5604,24035,19717,0
31273,40082,54041,71355,85314,94123,1
72895,32097,76931,104992,149826,109028,1
85364,45558,98703,130922,184067,144261,1
90212,98754,95324,188966,185536,194078,1
29437,35931,83662,65368,113099,119593,0
25567,76174,22319,101741,47886,98493,0
11437,42437,8218,53874,19655,50655,0
86539,35473,77620,122012,164159,113093,1
93186,62040,76463,155226,169649,138503,1
22756,68223,85448,90979,108204,153671,1
24972,52991,9152,77963,34124,62143,0
12209,26124,62760,38333,74969,88884,0
67865,30467,89253,98332,157118,119720,1
77043,22713,61457,99756,138500,84170,1
98283,31443,79583,129726,177866,111026,1
12104,39060,75651,51164,87755,114711,0
67693,13265,79268,80958,146961,92533,1
47729,37034,58248,84763,105977,95282,1
35805,98905,82070,134710,117875,180975,1
97714,33377,84925,131091,182639,118302,1
10624,44210,23010,54834,33634,67220,0
10930,32887,64440,43817,75370,97327,0
99626,19105,29201,118731,128827,48306,0
87747,2188,40144,89935,127891,42332,0
56582,64598,979,121180,57561,65577,0
33721,13244,48123,46965,81844,61367,0
12097,20508,85885,32605,97982,106393,0
49853,4709,95683,54562,145536,100392,0
85552,77085,99719,162637,185271,176804,1
27072,76436,21047,103508,48119,97483,0
48639,67895,44479,116534,93118,112374,1
71622,34005,78883,105627,150505,112888,1
97426,78334,7054,175760,104480,85388,0
19262,20834,16259,40096,35521,37093,1
2081,35602,97265,37683,99346,132867,0
4256,19009,78164,23265,82420,97173,0
79538,65205,78526,144743,158064,143731,1
36289,12696,52016,48985,88305,64712,0
88831,10508,42430,99339,131261,52938,0
97004,93318,14260,190322,111264,107578,1
89682,98856,37140,188538,126822,135996,1
30889,35241,84497,66130,115386,119738,0
9922,2147,40132,12069,50054,42279,0
28517,38498,59214,67015,87731,97712,1
99395,9081,74301,108476,173696,83382,0
84184,22612,61173,106796,145357,83785,0
97892,30795,8039,128687,105931,38834,0
62242,76150,75360,138392,137602,151510,1
40220,62792,80910,103012,121130,143702,1
42007,70330,80033,112337,122040,150363,1
48151,59380,75150,107531,123301,134530,1
98236,9082,43481,107318,141717,52563,0
45222,53003,17568,98225,62790,70571,1
53383,83957,14264,137340,67647,98221,0
58359,61027,23280,119386,81639,84307,1
23562,70612,34993,94174,58555,105605,0
43191,20649,46394,63840,89585,67043,1
84447,84414,14493,168861,98940,98907,1
13695,20532,49842,34227,63537,70374,0
80127,84369,29760,164496,109887,114129,1
64069,67780,48440,131849,112509,116220,1
42751,26313,32065,69064,74816,58378,1
28573,15835,1328,44408,29901,17163,0
11097,48404,35367,59501,46464,83771,0
63526,25625,39119,89151,102645,64744,1
52093,89163,93807,141256,145900,182970,1
68086,99560,5856,167646,73942,105416,0
23164,80336,55456,103500,78620,135792,0
41407,92693,36209,134100,77616,128902,0
44384,60546,91584,104930,135968,152130,1
92134,96638,45365,188772,137499,142003,1
88173,97568,50407,185741,138580,147975,1
66888,51406,38854,118294,105742,90260,1
10613,40521,8829,51134,19442,49350,0
73602,43239,41345,116841,114947,84584,1
20490,84110,90198,104600,110688,174308,1
99795,7951,41593,107746,141388,49544,0
11744,13390,58335,25134,70079,71725,0
20587,64371,68780,84958,89367,133151,1
63744,3406,58731,67150,122475,62137,0
80801,6714,9200,87515,90001,15914,0
54475,49018,43909,103493,98384,92927,1
47514,56175,41338,103689,88852,97513,1
14797,56738,27474,71535,42271,84212,0
14992,31633,18400,46625,33392,50033,1
9206,25463,40472,34669,49678,65935,0
33352,79642,49719,112994,83071,129361,1
18440,7774,47670,26214,66110,55444,0
98858,58931,91879,157789,190737,150810,1
99470,15947,74,115417,99544,16021,0
68958,97358,26621,166316,95579,123979,0
74550,29622,71184,104172,145734,100806,1
93416,80050,84097,173466,177513,164147,1
30008,76942,39976,106950,69984,116918,0
35043,61952,34476,96995,69519,96428,1
78138,12251,76465,90389,154603,88716,1
22544,98016,17452,120560,39996,115468,0
88184,12121,31559,100305,119743,43680,0
32197,67986,83248,100183,115445,151234,1
32102,77280,19835,109382,51937,97115,0
19600,65372,44261,84972,63861,109633,0
80939,15755,19107,96694,100046,34862,0
46248,59274,37188,105522,83436,96462,1
29988,80171,55791,110159,85779,135962,1
83312,63133,85557,146445,168869,148690,1
7887,30401,54584,38288,62471,84985,0
42696,21433,82363,64129,125059,103796,0
27489,82755,641,110244,28130,83396,0
93375,48942,76764,142317,170139,125706,1
62220,68098,64049,130318,126269,132147,1
51890,18661,33820,70551,85710,52481,1
22668,93189,97337,115857,120005,190526,1
75420,22795,6136,98215,81556,28931,0
46018,10204,99725,56222,145743,109929,0
97176,5446,8800,102622,105976,14246,0
37098,50931,87272,88029,124370,138203,1
87876,72964,87709,160840,175585,160673,1
48411,71218,47070,119629,95481,118288,1
23707,91891,80827,115598,104534,172718,1
69272,58317,14926,127589,84198,73243,1
86861,55598,18435,142459,105296,74033,0
84820,542,5685,85362,90505,6227,0
21801,21584,16573,43385,38374,38157,1
25559,38422,69374,63981,94933,107796,0
40684,53023,29255,93707,69939,82278,1
11420,78713,66268,90133,77688,144981,0
5547,29875,37645,35422,43192,67520,0
90800,91783,34010,182583,124810,125793,1
99033,42447,84661,141480,183694,127108,1
87148,29302,30318,116450,117466,59620,0
92123,71558,42071,163681,134194,113629,1
10975,24063,65288,35038,76263,89351,0
62610,96507,40824,159117,103434,137331,1
57619,37419,42288,95038,99907,79707,1
74939,55054,72641,129993,147580,127695,1
22076,92740,99029,114816,121105,191769,1
73421,96152,47195,169573,120616,143347,1
6417,18836,55175,25253,61592,74011,0
65778,43813,94696,109591,160474,138509,1
99810,14295,80730,114105,180540,95025,0
2871,39370,2712,42241,5583,42082,0
17194,35425,91728,52619,108922,127153,0
90144,77691,77697,167835,167841,155388,1
71101,97741,85862,168842,156963,183603,1
75853,37118,13386,112971,89239,50504,0
69047,42052,8424,111099,77471,50476,0
51397,1266,75424,52663,126821,76690,0
86312,92158,80786,178470,167098,172944,1
23591,67546,33710,91137,57301,101256,0
41268,99126,81198,140394,122466,180324,1
36019,20267,76898,56286,112917,97165,0
24080,27567,41564,51647,65644,69131,1
59510,44565,38885,104075,98395,83450,1
93628,56967,68458,150595,162086,125425,1
88185,41035,50216,129220,138401,91251,1
39131,99996,81263,139127,120394,181259,1
46062,86453,27995,132515,74057,114448,0
53439,89820,45718,143259,99157,135538,1
80111,28513,11465,108624,91576,39978,0
26090,53716,94881,79806,120971,148597,0
92257,48841,80592,141098,172849,129433,1
63439,37260,78498,100699,141937,115758,1
32757,15122,99421,47879,132178,114543,0
49166,93732,30958,142898,80124,124690,0
7489,22466,6256,29955,13745,28722,0
45007,63657,55034,108664,100041,118691,1
30292,10282,60301,40574,90593,70583,0
78731,79685,9089,158416,87820,88774,1
61166,18900,15894,80066,77060,34794,0
19322,94897,12246,114219,31568,107143,0
92748,32638,863,125386,93611,33501,0
1161,67759,65138,68920,66299,132897,0
33469,23129,75190,56598,108659,98319,0
43053,395,96386,43448,139439,96781,0
83927,27470,37429,111397,121356,64899,0
7448,77828,33968,85276,41416,111796,0
31724,21041,22534,52765,54258,43575,1
32890,31696,88633,64586,121523,120329,0
3736,4115,54069,7851,57805,58184,0
64014,6925,1054,70939,65068,7979,0
16039,32992,96997,49031,113036,129989,0
89519,81835,20641,171354,110160,102476,1
59481,35579,87728,95060,147209,123307,1
20461,76173,65408,96634,85869,141581,1
16650,60638,57843,77288,74493,118481,1
63859,47253,31429,111112,95288,78682,1
13744,34951,81081,48695,94825,116032,0
68508,16377,51160,84885,119668,67537,0
12972,36801,89286,49773,102258,126087,0
90550,51568,97635,142118,188185,149203,1
66147,4325,5187,70472,71334,9512,0
92122,10568,55020,102690,147142,65588,0
57303,17538,25468,74841,82771,43006,0
9952,97316,28772,107268,38724,126088,0
87841,76617,77139,164458,164980,153756,1
29745,57322,78814,87067,108559,136136,1
61405,51803,16378,113208,77783,68181,1
83588,37803,7784,121391,91372,45587,0
72406,83869,76276,156275,148682,160145,1
38878,68767,22062,107645,60940,90829,0
62583,57630,78283,120213,140866,135913,1
77098,1190,98105,78288,175203,99295,0
52731,41212,81634,93943,134365,122846,1
40741,14290,43693,55031,84434,57983,1
68133,86651,64537,154784,132670,151188,1
76211,57072,35980,133283,112191,93052,1
42341,42289,57226,84630,99567,99515,1
30292,98158,71016,128450,101308,169174,1
99213,18141,4184,117354,103397,22325,0
97655,13543,10757,111198,108412,24300,0
82897,49179,17627,132076,100524,66806,0
52933,36902,44602,89835,97535,81504,1
94294,90088,14353,184382,108647,104441,1
94887,74997,19459,169884,114346,94456,0
9493,13315,70452,22808,79945,83767,0
23460,27595,23548,51055,47008,51143,1
5135,15346,71491,20481,76626,86837,0
40586,93730,98494,134316,139080,192224,1
64595,97942,97649,162537,162244,195591,1
42610,17254,80043,59864,122653,97297,0
36825,41616,11857,78441,48682,53473,1
6289,50065,46103,56354,52392,96168,1
38986,51393,3848,90379,42834,55241,0
72684,79412,1956,152096,74640,81368,0
21523,60930,69331,82453,90854,130261,1
83241,79145,61104,162386,144345,140249,1
46358,38976,6675,85334,53033,45651,0
90034,10641,80872,100675,170906,91513,1
14583,38037,4528,52620,19111,42565,0
39509,93919,80074,133428,119583,173993,1
75415,49339,67692,124754,143107,117031,1
66326,79238,4774,145564,71100,84012,0
69373,69500,6803,138873,76176,76303,1
77202,71130,26069,148332,103271,97199,1
1651,95559,87345,97210,88996,182904,0
70946,13923,72080,84869,143026,86003,1
30509,6408,99452,36917,129961,105860,0
7637,53021,27358,60658,34995,80379,0
5251,69041,26331,74292,31582,95372,0
53847,83942,20062,137789,73909,104004,0
1173,17486,25806,18659,26979,43292,0
45899,70432,27142,116331,73041,97574,1
86012,21233,17888,107245,103900,39121,0
93868,80459,23204,174327,117072,103663,1
75797,85578,97182,161375,172979,182760,1
16339,2294,20470,18633,36809,22764,0
9598,15855,21292,25453,30890,37147,1
58452,89854,14769,148306,73221,104623,0
38097,84405,57057,122502,95154,141462,1
76408,4257,44313,80665,120721,48570,0
28192,62355,92555,90547,120747,154910,0
20198,11482,59159,31680,79357,70641,0
9967,64793,67274,74760,77241,132067,1
2156,85219,31400,87375,33556,116619,0
82195,54996,54915,137191,137110,109911,1
33704,29936,24469,63640,58173,54405,1
38482,95593,17369,134075,55851,112962,0
68250,19266,72975,87516,141225,92241,1
89652,80614,98284,170266,187936,178898,1
61040,47457,20276,108497,81316,67733,1
22733,51175,46521,73908,69254,97696,1
63737,7749,58943,71486,122680,66692,1
86272,5684,46697,91956,132969,52381,0
68195,40501,56982,108696,125177,97483,1
24527,61993,20240,86520,44767,82233,0
89985,93089,9220,183074,99205,102309,1
31051,99082,48136,130133,79187,147218,0
97656,43267,37757,140923,135413,81024,0
10292,14553,3829,24845,14121,18382,0
95488,67163,65926,162651,161414,133089,1
28055,54843,81369,82898,109424,136212,1
47202,28256,94844,75458,142046,123100,0
71606,61084,82040,132690,153646,143124,1
92188,93764,42319,185952,134507,136083,1
46479,13529,92609,60008,139088,106138,0
53250,23233,87326,76483,140576,110559,0
91926,21309,8722,113235,100648,30031,0
52594,2302,26665,54896,79259,28967,0
91954,43233,75590,135187,167544,118823,1
11728,59888,24776,71616,36504,84664,0
75669,75695,85224,151364,160893,160919,1
88398,1951,73941,90349,162339,75892,0
47877,74957,21760,122834,69637,96717,0
96038,33098,32465,129136,128503,65563,0
21748,69482,23611,91230,45359,93093,0
15403,75974,62901,91377,78304,138875,1
5070,92627,9869,97697,14939,102496,0
68453,24372,75766,92825,144219,100138,1
18554,37733,3755,56287,22309,41488,0
96462,82957,54204,179419,150666,137161,1
96555,39338,42741,135893,139296,82079,0
39701,25138,76230,64839,115931,101368,0
39486,84147,92211,123633,131697,176358,1
47248,4313,29602,51561,76850,33915,0
22126,18132,46855,40258,68981,64987,0
81570,9471,32906,91041,114476,42377,0
39176,88671,52571,127847,91747,141242,1
36291,75433,79304,111724,115595,154737,1
89498,50529,10161,140027,99659,60690,0
93545,79032,33322,172577,126867,112354,1
57497,45955,35630,103452,93127,81585,1
17596,83855,2143,101451,19739,85998,0
34138,38551,31491,72689,65629,70042,1
38442,62003,84680,100445,123122,146683,1
17476,50672,89418,68148,106894,140090,0
24543,75362,8841,99905,33384,84203,0
93388,24697,32268,118085,125656,56965,0
98485,6771,37998,105256,136483,44769,0
14877,31911,4593,46788,19470,36504,0
84009,74570,53609,158579,137618,128179,1
7643,5762,74850,13405,82493,80612,0
94654,37662,86682,132316,181336,124344,1
90680,93293,2402,183973,93082,95695,0
27321,21055,44283,48376,71604,65338,1
41742,16919,39484,58661,81226,56403,1
83877,88287,74270,172164,158147,162557,1
6658,94881,61823,101539,68481,156704,0
47055,21000,28842,68055,75897,49842,1
51505,22736,28360,74241,79865,51096,0
57266,24438,53709,81704,110975,78147,1
83231,22696,85401,105927,168632,108097,1
69731,34584,5862,104315,75593,40446,0
57863,66144,28876,124007,86739,95020,1
89341,77961,4142,167302,93483,82103,0
6282,78770,71495,85052,77777,150265,0
64319,79071,61350,143390,125669,140421,1
91031,59131,90375,150162,181406,149506,1
19230,7352,41984,26582,61214,49336,0
74291,50536,2820,124827,77111,53356,0
71536,78334,62396,149870,133932,140730,1
23054,14963,59812,38017,82866,74775,0
94570,70941,51916,165511,146486,122857,1
55983,93815,3813,149798,59796,97628,0
60583,74669,70794,135252,131377,145463,1
26621,89586,29160,116207,55781,118746,0
22771,53961,80227,76732,102998,134188,0
23159,11383,82940,34542,106099,94323,0
1464,2203,88297,3667,89761,90500,0
70641,56734,40952,127375,111593,97686,1
39806,54037,15090,93843,54896,69127,1
99201,14296,56563,113497,155764,70859,0
26740,64731,64289,91471,91029,129020,1
80295,68693,98358,148988,178653,167051,1
60903,18646,52203,79549,113106,70849,1
17602,15038,13944,32640,31546,28982,1
78864,11358,95084,90222,173948,106442,0
13214,47544,62538,60758,75752,110082,0
1500,15857,36518,17357,38018,52375,0
92656,11348,99210,104004,191866,110558,1
89678,54995,62500,144673,152178,117495,1
71573,11337,53153,82910,124726,64490,0
86611,39829,51332,126440,137943,91161,1
68454,65959,72034,134413,140488,137993,1
7462,70702,45249,78164,52711,115951,0
2078,56004,99952,58082,102030,155956,0
14165,47424,10168,61589,24333,57592,0
75904,71805,26372,147709,102276,98177,1
6565,32909,9824,39474,16389,42733,0
71491,70498,17217,141989,88708,87715,1
29035,52072,17089,81107,46124,69161,0
50532,31926,53377,82458,103909,85303,1
40323,52833,39888,93156,80211,92721,1
63370,14677,63281,78047,126651,77958,1
40573,66174,19525,106747,60098,85699,0
88798,24227,36732,113025,125530,60959,0
35758,75100,99942,110858,135700,175042,1
1206,73279,31121,74485,32327,104400,0
78011,35264,80327,113275,158338,115591,1
93339,34147,45775,127486,139114,79922,0
51439,60562,3750,112001,55189,64312,0
90927,68675,46110,159602,137037,114785,1
900,54162,39489,55062,40389,93651,0
92074,96856,63299,188930,155373,160155,1
25715,37148,33656,62863,59371,70804,1
5637,63123,87911,68760,93548,151034,0
7606,64816,38104,72422,45710,102920,0
60451,10143,69043,70594,129494,79186,1
74098,7099,19576,81197,93674,26675,0
66557,24873,399,91430,66956,25272,0
63419,18060,66874,81479,130293,84934,1
65462,32401,18133,97863,83595,50534,0
26482,34854,21183,61336,47665,56037,1
78365,56102,1360,134467,79725,57462,0
43572,53899,93810,97471,137382,147709,1
45534,82320,72487,127854,118021,154807,1
72997,1217,85230,74214,158227,86447,0
68858,74930,91026,143788,159884,165956,1
8700,74525,43175,83225,51875,117700,0
13629,12184,92901,25813,106530,105085,0
57842,76524,94890,134366,152732,171414,1
57162,33697,11803,90859,68965,45500,0
33566,63004,89879,96570,123445,152883,1
64662,68972,39404,133634,104066,108376,1
17683,47531,4992,65214,22675,52523,0
52744,63423,10752,116167,63496,74175,1
36731,72496,36358,109227,73089,108854,1
2784,40516,22326,43300,25110,62842,0
10524,6966,27491,17490,38015,34457,0
31426,92565,60607,123991,92033,153172,0
94414,13138,57889,107552,152303,71027,0
6536,26869,16498,33405,23034,43367,0
31766,58243,61884,90009,93650,120127,1
57456,41601,93268,99057,150724,134869,1
87183,24889,78828,112072,166011,103717,1
38027,71614,59773,109641,97800,131387,1
61752,77155,40714,138907,102466,117869,1
6123,45943,94385,52066,100508,140328,0
46330,37137,47840,83467,94170,84977,1
84166,5528,33737,89694,117903,39265,0
15541,30997,67722,46538,83263,98719,0
62733,31640,81317,94373,144050,112957,1
61941,55704,1559,117645,63500,57263,0
42529,4688,81557,47217,124086,86245,0
77360,57774,79456,135134,156816,137230,1
20587,46434,67711,67021,88298,114145,0
88042,35500,14069,123542,102111,49569,0
14268,93805,20418,108073,34686,114223,0
11652,84869,13268,96521,24920,98137,0
89998,58150,22440,148148,112438,80590,0
57278,47024,47600,104302,104878,94624,1
79800,41387,33152,121187,112952,74539,0
11491,68579,75728,80070,87219,144307,1
80238,20462,6635,100700,86873,27097,0
39877,11315,67452,51192,107329,78767,0
64756,50887,50457,115643,115213,101344,1
19551,77635,20008,97186,39559,97643,0
98770,46564,12844,145334,111614,59408,0
5725,67881,40158,73606,45883,108039,0
42820,40210,35569,83030,78389,75779,1
57962,26494,25699,84456,83661,52193,0
14161,58336,64550,72497,78711,122886,1
17452,40079,95640,57531,113092,135719,0
41825,5283,6808,47108,48633,12091,0
53054,52123,12198,105177,65252,64321,1
72634,25988,37866,98622,110500,63854,0
98018,50933,76150,148951,174168,127083,1
52586,14533,42005,67119,94591,56538,1
61024,46389,63787,107413,124811,110176,1
3298,26578,15372,29876,18670,41950,0
9297,27031,95093,36328,104390,122124,0
89304,51556,86371,140860,175675,137927,1
46105,72666,16298,118771,62403,88964,0
20195,94816,64247,115011,84442,159063,0
30940,3225,40870,34165,71810,44095,0
49084,49465,79228,98549,128312,128693,1
28036,42110,20173,70146,48209,62283,1
92143,44553,46607,136696,138750,91160,0
83238,81340,8726,164578,91964,90066,1
45105,54464,59796,99569,104901,114260,1
13363,30017,5918,43380,19281,35935,0
12266,15702,78494,27968,90760,94196,0
89143,81040,6033,170183,95176,87073,0
77457,70562,84476,148019,161933,155038,1
89634,19457,47624,109091,137258,67081,0
89796,95012,30280,184808,120076,125292,1
84833,88048,78943,172881,163776,166991,1
65064,75254,8175,140318,73239,83429,0
25878,96026,67791,121904,93669,163817,0
97841,78032,31450,175873,129291,109482,1
33822,22592,87141,56414,120963,109733,0
97648,33469,40215,131117,137863,73684,0
12392,52583,67693,64975,80085,120276,0
49074,29266,70368,78340,119442,99634,1
84327,28667,67988,112994,152315,96655,1
34428,10058,49400,44486,83828,59458,0
72281,14136,44933,86417,117214,59069,0
15039,82268,36372,97307,51411,118640,0
460,96430,33112,96890,33572,129542,0
80048,86306,69855,166354,149903,156161,1
53954,50283,30276,104237,84230,80559,1
62910,65103,21103,128013,84013,86206,1
41860,22473,84462,64333,126322,106935,0
94925,38896,12230,133821,107155,51126,0
79271,42768,54580,122039,133851,97348,1
81681,45722,19204,127403,100885,64926,0
35370,94879,88054,130249,123424,182933,1
52596,12065,91816,64661,144412,103881,0
41236,35244,39530,76480,80766,74774,1
86982,32000,51979,118982,138961,83979,0
83221,78952,64816,162173,148037,143768,1
30598,16507,20019,47105,50617,36526,1
93898,56385,51000,150283,144898,107385,1
42768,72197,82445,114965,125213,154642,1
79462,47268,30146,126730,109608,77414,0
80295,21020,19520,101315,99815,40540,0
71145,16129,88672,87274,159817,104801,0
30203,7139,24092,37342,54295,31231,1
92564,55679,55026,148243,147590,110705,1
43457,85513,41493,128970,84950,127006,0
82971,58105,99493,141076,182464,157598,1
85500,95944,62803,181444,148303,158747,1
52207,75134,94550,127341,146757,169684,1
25887,75073,94330,100960,120217,169403,1
6874,58821,97895,65695,104769,156716,0
30996,74440,25411,105436,56407,99851,0
63907,30818,5808,94725,69715,36626,0
21313,59589,57105,80902,78418,116694,1
71686,18023,16033,89709,87719,34056,0
69009,88074,20707,157083,89716,108781,1
67571,17398,51247,84969,118818,68645,1
69816,741,75106,70557,144922,75847,0
24747,23898,50545,48645,75292,74443,0
25159,45919,34564,71078,59723,80483,1
62233,37490,13940,99723,76173,51430,0
45866,50561,91814,96427,137680,142375,1
49871,65901,87269,115772,137140,153170,1
86499,36992,76204,123491,162703,113196,1
71058,82578,91243,153636,162301,173821,1
16400,51964,65501,68364,81901,117465,1
90368,43342,16844,133710,107212,60186,0
81139,19146,55148,100285,136287,74294,0
81055,35408,88892,116463,169947,124300,1
7833,74932,51909,82765,59742,126841,0
59478,33859,8017,93337,67495,41876,0
3446,75116,78376,78562,81822,153492,1
68445,49916,77699,118361,146144,127615,1
61061,30993,17288,92054,78349,48281,0
47128,42971,98857,90099,145985,141828,0
89997,1805,43786,91802,133783,45591,0
18102,31064,1812,49166,19914,32876,0
20853,99084,70748,119937,91601,169832,0
50242,27963,35223,78205,85465,63186,1
80522,47337,22824,127859,103346,70161,0
92404,9431,90487,101835,182891,99918,1
85856,79554,65930,165410,151786,145484,1
46155,39526,30399,85681,76554,69925,1
90697,41034,89259,131731,179956,130293,1
75338,91191,18320,166529,93658,109511,1
97062,27108,80936,124170,177998,108044,1
53389,56525,71179,109914,124568,127704,1
7285,45520,92544,52805,99829,138064,0
95307,99628,35298,194935,130605,134926,1
87158,88561,29151,175719,116309,117712,1
82424,41605,56053,124029,138477,97658,1
74106,82362,17062,156468,91168,99424,1
31503,17721,90414,49224,121917,108135,0
39718,74641,92308,114359,132026,166949,1
76223,34569,40874,110792,117097,75443,0
14127,44494,38239,58621,52366,82733,1
78147,84367,64345,162514,142492,148712,1
11514,33574,89924,45088,101438,123498,0
23081,70431,70441,93512,93522,140872,1
67178,655,2219,67833,69397,2874,0
98280,7528,93276,105808,191556,100804,1
38015,46600,18812,84615,56827,65412,1
5152,86969,79555,92121,84707,166524,0
20053,57622,19019,77675,39072,76641,0
39626,50369,92448,89995,132074,142817,0
40309,57473,54288,97782,94597,111761,1
83486,12896,59380,96382,142866,72276,0
63166,61926,28580,125092,91746,90506,1
30992,72806,64285,103798,95277,137091,1
1426,22297,94501,23723,95927,116798,0
80587,37647,79997,118234,160584,117644,1
31775,9423,21966,41198,53741,31389,0
90794,80270,24626,171064,115420,104896,1
41991,97376,28325,139367,70316,125701,0
86955,15471,48949,102426,135904,64420,0
60565,65192,7129,125757,67694,72321,1
60481,52304,69308,112785,129789,121612,1
40486,34226,15030,74712,55516,49256,1
41173,99298,14308,140471,55481,113606,0
45223,52458,54712,97681,99935,107170,1
50437,75997,71714,126434,122151,147711,1
52889,48879,21440,101768,74329,70319,1
6587,68930,10919,75517,17506,79849,0
40041,82800,17018,122841,57059,99818,0
80019,93221,37239,173240,117258,130460,1
3510,91730,31963,95240,35473,123693,0
99327,5414,56634,104741,155961,62048,0
5499,38922,51658,44421,57157,90580,0
52583,79461,61003,132044,113586,140464,1
45274,47513,88835,92787,134109,136348,1
43481,92291,17899,135772,61380,110190,0
12817,28054,49790,40871,62607,77844,0
60393,62974,86248,123367,146641,149222,1
45817,42709,79080,88526,124897,121789,1
40581,54099,79258,94680,119839,133357,1
1425,17368,35523,18793,36948,52891,0
15750,68270,64870,84020,80620,133140,1
57286,92161,93260,149447,150546,185421,1
13819,32359,12715,46178,26534,45074,0
47921,98197,8943,146118,56864,107140,0
33822,36977,35966,70799,69788,72943,1
35137,62440,43671,97577,78808,106111,1
18484,30255,94060,48739,112544,124315,0
76456,77701,62002,154157,138458,139703,1
63297,71781,2729,135078,66026,74510,0
22895,22183,11592,45078,34487,33775,1
53726,97728,16683,151454,70409,114411,0
74508,90611,25046,165119,99554,115657,1
60078,7592,99366,67670,159444,106958,0
77542,93284,52712,170826,130254,145996,1
72877,62416,50029,135293,122906,112445,1
82260,89353,52355,171613,134615,141708,1
73877,13857,80968,87734,154845,94825,1
63641,22841,12423,86482,76064,35264,0
94878,18271,978,113149,95856,19249,0
38773,20996,35929,59769,74702,56925,1
32479,95577,20849,128056,53328,116426,0
30777,83116,1151,113893,31928,84267,0
65672,35991,10272,101663,75944,46263,0
18781,79642,90582,98423,109363,170224,1
9812,85843,17151,95655,26963,102994,0
34197,2725,82146,36922,116343,84871,0
1788,5250,61018,7038,62806,66268,0
24214,74775,44680,98989,68894,119455,0
83829,50885,27144,134714,110973,78029,0
61294,93030,60409,154324,121703,153439,1
70335,19558,33785,89893,104120,53343,0
29092,8683,86884,37775,115976,95567,0
61972,3256,92729,65228,154701,95985,0
39350,61178,78364,100528,117714,139542,1
69126,47345,77606,116471,146732,124951,1
17615,69608,6965,87223,24580,76573,0
16353,10770,73303,27123,89656,84073,0
58572,7418,1644,65990,60216,9062,0
45737,5342,24519,51079,70256,29861,0
83988,47728,958,131716,84946,48686,0
31212,93461,99962,124673,131174,193423,1
33363,81964,35298,115327,68661,117262,0
42584,68970,75407,111554,117991,144377,1
82349,51965,7266,134314,89615,59231,0
42580,56662,3843,99242,46423,60505,0
42501,32024,72364,74525,114865,104388,1
13398,12325,72856,25723,86254,85181,0
56186,60092,71980,116278,128166,132072,1
65337,35242,55861,100579,121198,91103,1
71607,91687,69944,163294,141551,161631,1
28389,58240,45677,86629,74066,103917,1
118,46075,24583,46193,24701,70658,0
75646,81301,1884,156947,77530,83185,0
14438,46258,53034,60696,67472,99292,1
17795,43142,62279,60937,80074,105421,0
18370,20030,45091,38400,63461,65121,0
96708,39203,45079,135911,141787,84282,0
60437,10292,57163,70729,117600,67455,1
29194,80967,86431,110161,115625,167398,1
74363,38957,55734,113320,130097,94691,1
28510,64217,94396,92727,122906,158613,0
79148,20813,75681,99961,154829,96494,1
85336,31175,83982,116511,169318,115157,1
90847,90821,93860,181668,184707,184681,1
30374,49216,81803,79590,112177,131019,0
22391,51969,14040,74360,36431,66009,0
21237,39897,93707,61134,114944,133604,0
41356,67316,66180,108672,107536,133496,1
69069,97944,70902,167013,139971,168846,1
70953,71840,71780,142793,142733,143620,1
93359,63633,29009,156992,122368,92642,0
94660,6114,14015,100774,108675,20129,0
42836,61231,12491,104067,55327,73722,0
29773,80652,27121,110425,56894,107773,0
15996,88945,98583,104941,114579,187528,1
39438,9406,10473,48844,49911,19879,0
70432,14921,6474,85353,76906,21395,0
78463,45825,99308,124288,177771,145133,1
15875,59230,71055,75105,86930,130285,1
83102,41668,8034,124770,91136,49702,0
13226,3816,29429,17042,42655,33245,0
15401,31749,56596,47150,71997,88345,0
50355,82666,21415,133021,71770,104081,0
1622,59401,98123,61023,99745,157524,0
68477,22628,63006,91105,131483,85634,1
57528,6623,41254,64151,98782,47877,0
57144,31297,31806,88441,88950,63103,1
84763,75869,99350,160632,184113,175219,1
90403,36183,58211,126586,148614,94394,1
68661,45500,61361,114161,130022,106861,1
40627,64258,10415,104885,51042,74673,0
20197,25388,66346,45585,86543,91734,0
32243,22171,51798,54414,84041,73969,1
28701,58975,53763,87676,82464,112738,1
22556,68970,25362,91526,47918,94332,0
91828,3468,80049,95296,171877,83517,0
90461,11758,60135,102219,150596,71893,0
11447,77009,79224,88456,90671,156233,1
97120,54617,97720,151737,194840,152337,1
47484,11800,60068,59284,107552,71868,0
22495,11044,53147,33539,75642,64191,0
79688,16637,87579,96325,167267,104216,1
25003,71847,73853,96850,98856,145700,1
70544,49546,10647,120090,81191,60193,0
83071,80941,84830,164012,167901,165771,1
3561,7102,95532,10663,99093,102634,0
436,94592,3299,95028,3735,97891,0
87344,91473,98793,178817,186137,190266,1
12455,39046,11350,51501,23805,50396,0
29034,74959,84075,103993,113109,159034,1
73286,32965,23245,106251,96531,56210,0
51880,13831,35190,65711,87070,49021,0
28538,14309,31653,42847,60191,45962,1
77743,10703,86338,88446,164081,97041,1
78492,56687,53818,135179,132310,110505,1
44507,14875,56087,59382,100594,70962,1
69719,3498,63582,73217,133301,67080,0
19561,68285,8567,87846,28128,76852,0
37566,53407,21296,90973,58862,74703,1
18776,60256,2166,79032,20942,62422,0
92891,46395,27368,139286,120259,73763,0
91680,15177,67304,106857,158984,82481,0
11547,6093,83892,17640,95439,89985,0
95938,6409,18815,102347,114753,25224,0
61648,39685,65803,101333,127451,105488,1
31377,84291,94735,115668,126112,179026,1
16027,27907,89218,43934,105245,117125,0
23048,12125,25760,35173,48808,37885,1
88243,88812,55973,177055,144216,144785,1
99212,89576,1635,188788,100847,91211,0
90894,80819,8910,171713,99804,89729,0
36052,89024,36924,125076,72976,125948,0
9275,45725,80351,55000,89626,126076,0
99780,63831,75969,163611,175749,139800,1
59585,96686,12557,156271,72142,109243,0
5735,22536,45595,28271,51330,68131,0
45260,91238,41306,136498,86566,132544,0
53169,48038,86288,101207,139457,134326,1
81554,12443,90208,93997,171762,102651,1
56163,74443,9715,130606,65878,84158,0
51413,77124,38708,128537,90121,115832,1
98765,68401,56957,167166,155722,125358,1
12274,37697,22308,49971,34582,60005,0
1694,62654,15608,64348,17302,78262,0
45300,57907,76589,103207,121889,134496,1
82062,53079,81721,135141,163783,134800,1
39378,41758,69342,81136,108720,111100,1
9427,9709,36108,19136,45535,45817,0
42693,23821,42426,66514,85119,66247,1
30966,11310,64871,42276,95837,76181,0
52973,65869,69791,118842,122764,135660,1
74012,12969,76173,86981,150185,89142,1
89497,78434,56886,167931,146383,135320,1
31251,89401,85738,120652,116989,175139,1
43408,65146,70512,108554,113920,135658,1
28693,22214,81011,50907,109704,103225,0
67629,51760,86031,119389,153660,137791,1
1173,57349,80202,58522,81375,137551,0
55634,17978,33453,73612,89087,51431,0
8307,94187,35889,102494,44196,130076,0
75841,22301,95317,98142,171158,117618,1
57191,25339,16834,82530,74025,42173,0
33538,98917,68314,132455,101852,167231,1
69058,88633,54613,157691,123671,143246,1
78530,7598,25588,86128,104118,33186,0
74241,25648,42337,99889,116578,67985,0
96800,76843,32550,173643,129350,109393,1
12165,64161,26086,76326,38251,90247,0
24137,25251,96557,49388,120694,121808,0
98987,93658,7553,192645,106540,101211,1
91389,19864,54035,111253,145424,73899,0
12232,79142,69264,91374,81496,148406,1
75443,97115,35441,172558,110884,132556,1
43709,44129,82255,87838,125964,126384,1
17728,80412,69611,98140,87339,150023,1
4007,60460,56844,64467,60851,117304,1
82291,66963,43704,149254,125995,110667,1
9070,10039,52114,19109,61184,62153,0
90864,87322,10421,178186,101285,97743,1
18392,24808,37666,43200,56058,62474,1
80473,20015,46717,100488,127190,66732,0
30231,49907,35971,80138,66202,85878,1
6445,12512,81880,18957,88325,94392,0
20974,96329,72444,117303,93418,168773,0
62721,40315,9048,103036,71769,49363,0
34190,24990,53266,59180,87456,78256,1
88649,5993,58931,94642,147580,64924,0
85596,48856,12783,134452,98379,61639,0
57907,24120,78728,82027,136635,102848,1
96537,14005,17215,110542,113752,31220,0
41585,45523,73003,87108,114588,118526,1
72834,95187,18238,168021,91072,113425,0
49990,6947,71333,56937,121323,78280,0
71146,80396,27433,151542,98579,107829,1
27379,8406,66597,35785,93976,75003,0
97988,1389,84763,99377,182751,86152,0
32833,25109,6,57942,32839,25115,0
34544,65860,83336,100404,117880,149196,1
65325,71088,38799,136413,104124,109887,1
89504,87829,55259,177333,144763,143088,1
42427,62929,98017,105356,140444,160946,1
81548,60879,37025,142427,118573,97904,1
78814,1007,21423,79821,100237,22430,0
58367,98390,26671,156757,85038,125061,0
82431,54254,44425,136685,126856,98679,1
28797,6143,41552,34940,70349,47695,0
35112,11023,37194,46135,72306,48217,1
94439,94966,44533,189405,138972,139499,1
73626,92804,78630,166430,152256,171434,1
35218,71417,22996,106635,58214,94413,0
72654,96042,69250,168696,141904,165292,1
56358,44919,86435,101277,142793,131354,1
75441,28309,34888,103750,110329,63197,0
20747,12674,44229,33421,64976,56903,0
67407,70967,99469,138374,166876,170436,1
23079,9800,59508,32879,82587,69308,0
65004,35277,16786,100281,81790,52063,0
63292,96573,52489,159865,115781,149062,1
71377,54254,22973,125631,94350,77227,1
86269,53227,15410,139496,101679,68637,0
65353,89120,10446,154473,75799,99566,0
42390,70829,81007,113219,123397,151836,1
52985,76907,19841,129892,72826,96748,0
17579,17950,50701,35529,68280,68651,0
68971,49044,48651,118015,117622,97695,1
93118,50152,19635,143270,112753,69787,0
51719,52486,68239,104205,119958,120725,1
22001,26169,49498,48170,71499,75667,0
59724,27820,53239,87544,112963,81059,1
36284,15866,81800,52150,118084,97666,0
90382,29924,97435,120306,187817,127359,1
93017,77450,46599,170467,139616,124049,1
26292,50321,91555,76613,117847,141876,0
89110,51966,66413,141076,155523,118379,1
28417,74967,26445,103384,54862,101412,0
58794,35559,92459,94353,151253,128018,1
90180,63657,86057,153837,176237,149714,1
31741,53674,51849,85415,83590,105523,1
12639,74836,22924,87475,35563,97760,0
9702,16916,28845,26618,38547,45761,0
73502,677,33491,74179,106993,34168,0
54949,81408,998,136357,55947,82406,0
97560,99037,6548,196597,104108,105585,1
5942,49242,40629,55184,46571,89871,0
19778,86191,29874,105969,49652,116065,0
47379,77211,60413,124590,107792,137624,1
63576,73680,64227,137256,127803,137907,1
49365,20296,29713,69661,79078,50009,1
64717,55827,6032,120544,70749,61859,0
17402,98830,79150,116232,96552,177980,0
41068,32230,360,73298,41428,32590,0
81850,51968,38564,133818,120414,90532,1
63981,53074,43885,117055,107866,96959,1
89892,64922,41673,154814,131565,106595,1
71308,8727,5052,80035,76360,13779,0
12601,90594,71285,103195,83886,161879,0
62272,21419,1068,83691,63340,22487,0
86630,19327,11175,105957,97805,30502,0
99964,97990,52814,197954,152778,150804,1
82910,79196,8934,162106,91844,88130,1
78330,8438,14793,86768,93123,23231,0
22578,65944,10404,88522,32982,76348,0
34066,7102,83796,41168,117862,90898,0
37532,43225,46204,80757,83736,89429,1
41186,96613,21648,137799,62834,118261,0
63399,22970,72256,86369,135655,95226,1
59092,25424,34069,84516,93161,59493,1
70050,927,91006,70977,161056,91933,0
95057,77221,62417,172278,157474,139638,1
5826,48637,83331,54463,89157,131968,0
528,86253,73922,86781,74450,160175,0
59421,81686,93315,141107,152736,175001,1
80688,63433,15380,144121,96068,78813,0
65851,11082,40793,76933,106644,51875,0
27638,27424,99351,55062,126989,126775,0
62928,60662,60842,123590,123770,121504,1
24013,95590,13103,119603,37116,108693,0
1081,4478,2359,5559,3440,6837,0
92697,35011,84965,127708,177662,119976,1
33361,11509,6182,44870,39543,17691,0
13064,41146,86014,54210,99078,127160,0
46222,31346,72002,77568,118224,103348,1
26411,75988,2637,102399,29048,78625,0
91808,22300,32988,114108,124796,55288,0
6113,85419,7266,91532,13379,92685,0
4726,98142,3472,102868,8198,101614,0
69837,19192,45574,89029,115411,64766,0
89987,49162,33839,139149,123826,83001,0
75573,50599,38122,126172,113695,88721,1
16060,7084,7740,23144,23800,14824,0
73679,85261,80265,158940,153944,165526,1
20613,33043,30167,53656,50780,63210,1
77955,57406,59096,135361,137051,116502,1
90316,21303,87380,111619,177696,108683,1
50433,21105,32732,71538,83165,53837,1
47488,17849,88103,65337,135591,105952,0
96032,2766,39280,98798,135312,42046,0
99185,33772,8251,132957,107436,42023,0
67706,24902,7800,92608,75506,32702,0
39436,29223,3587,68659,43023,32810,0
26676,30575,66844,57251,93520,97419,0
71816,12709,9816,84525,81632,22525,0
53377,95080,52607,148457,105984,147687,1
62734,65020,36836,127754,99570,101856,1
61639,51604,76741,113243,138380,128345,1
17361,77578,25822,94939,43183,103400,0
88540,25985,31251,114525,119791,57236,0
65848,63795,36897,129643,102745,100692,1
20752,89615,3069,110367,23821,92684,0
79805,14919,34443,94724,114248,49362,0
41186,14312,38486,55498,79672,52798,1
17881,14779,52248,32660,70129,67027,0
70589,32896,2227,103485,72816,35123,0
96731,3950,8529,100681,105260,12479,0
54080,94951,68644,149031,122724,163595,1
18307,81449,51915,99756,70222,133364,0
68566,97742,30558,166308,99124,128300,1
86479,35663,97192,122142,183671,132855,1
19242,44945,26922,64187,46164,71867,1
21781,33099,80716,54880,102497,113815,0
76460,14242,39415,90702,115875,53657,0
51393,95715,58691,147108,110084,154406,1
96927,53060,44763,149987,141690,97823,1
25610,98583,22675,124193,48285,121258,0
56767,69857,18484,126624,75251,88341,1
75244,21721,46141,96965,121385,67862,0
29725,66428,49128,96153,78853,115556,1
39803,57403,22402,97206,62205,79805,1
46203,73462,80795,119665,126998,154257,1
61185,48766,35527,109951,96712,84293,1
54734,31482,50705,86216,105439,82187,1
32785,55617,53576,88402,86361,109193,1
53297,4285,47096,57582,100393,51381,0
92130,62273,95793,154403,187923,158066,1
81922,47544,40295,129466,122217,87839,1
84831,34498,5259,119329,90090,39757,0
76574,80596,84871,157170,161445,165467,1
17386,48373,59914,65759,77300,108287,1
71447,95271,42513,166718,113960,137784,1
52223,65626,84318,117849,136541,149944,1
27570,81266,84407,108836,111977,165673,1
1847,39814,89764,41661,91611,129578,0
73379,87615,95369,160994,168748,182984,1
33427,74411,13641,107838,47068,88052,0
86897,90473,26392,177370,113289,116865,1
3724,13333,24505,17057,28229,37838,0
41317,19112,78232,60429,119549,97344,0
75164,7604,59876,82768,135040,67480,0
31080,83224,31071,114304,62151,114295,0
49881,23699,34728,73580,84609,58427,1
12011,98587,52763,110598,64774,151350,0
18338,90970,2201,109308,20539,93171,0
51508,65665,46020,117173,97528,111685,1
12061,78886,8689,90947,20750,87575,0
75268,37202,1517,112470,76785,38719,0
65715,58657,82221,124372,147936,140878,1
35487,43150,32107,78637,67594,75257,1
55278,53653,3281,108931,58559,56934,1
86318,79511,96729,165829,183047,176240,1
59563,71483,17856,131046,77419,89339,1
45893,90272,47032,136165,92925,137304,1
57450,67776,24441,125226,81891,92217,1
52691,47894,40967,100585,93658,88861,1
23578,29432,89073,53010,112651,118505,0
36448,74131,41123,110579,77571,115254,1
38035,26387,8957,64422,46992,35344,0
72868,74020,33525,146888,106393,107545,1
93634,7400,37001,101034,130635,44401,0
867,22649,46644,23516,47511,69293,0
45913,74684,41434,120597,87347,116118,1
11759,124,29025,11883,40784,29149,0
80253,8701,57639,88954,137892,66340,0
18462,12609,93370,31071,111832,105979,0
33685,53405,49073,87090,82758,102478,1
91845,343,84600,92188,176445,84943,0
9912,68906,37934,78818,47846,106840,0
68790,22026,86871,90816,155661,108897,1
24291,57891,77215,82182,101506,135106,1
22817,62292,67585,85109,90402,129877,1
73473,12458,59414,85931,132887,71872,0
47741,90894,73895,138635,121636,164789,1
89418,21591,81875,111009,171293,103466,1
47285,23649,32820,70934,80105,56469,1
20419,74734,32318,95153,52737,107052,0
99980,74380,5848,174360,105828,80228,0
3370,16820,11955,20190,15325,28775,0
23901,89002,37988,112903,61889,126990,0
67435,62542,12373,129977,79808,74915,1
68621,75350,57367,143971,125988,132717,1
23073,17941,35392,41014,58465,53333,1
98148,7562,83421,105710,181569,90983,0
51796,87463,3056,139259,54852,90519,0
37056,9716,17320,46772,54376,27036,0
17590,96677,4915,114267,22505,101592,0
99863,34985,10013,134848,109876,44998,0
48365,84471,97656,132836,146021,182127,1
8570,45267,8637,53837,17207,53904,0
80372,54077,79650,134449,160022,133727,1
29990,17083,55835,47073,85825,72918,0
748,22280,29560,23028,30308,51840,0
87501,55945,93508,143446,181009,149453,1
99663,75485,95492,175148,195155,170977,1
64096,950,12296,65046,76392,13246,0
5888,99097,51986,104985,57874,151083,0
76237,98213,33664,174450,109901,131877,1
40029,90789,40001,130818,80030,130790,0
41901,43737,80733,85638,122634,124470,1
41443,65333,91511,106776,132954,156844,1
62853,9834,44598,72687,107451,54432,0
53881,55158,56160,109039,110041,111318,1
10272,54298,46986,64570,57258,101284,1
1856,59089,88266,60945,90122,147355,0
55021,20550,42890,75571,97911,63440,1
67567,28269,43232,95836,110799,71501,1
76457,66397,35814,142854,112271,102211,1
38881,15289,46842,54170,85723,62131,1
45264,90330,69047,135594,114311,159377,1
27839,96205,49144,124044,76983,145349,0
61575,36085,2552,97660,64127,38637,0
63416,66435,52397,129851,115813,118832,1
30526,63422,59424,93948,89950,122846,1
29443,55248,69728,84691,99171,124976,1
54480,75595,16456,130075,70936,92051,0
88228,78444,97398,166672,185626,175842,1
44220,74412,98379,118632,142599,172791,1
45101,35032,8057,80133,53158,43089,0
29321,28355,34068,57676,63389,62423,1
73122,18066,50784,91188,123906,68850,0
69943,60615,28635,130558,98578,89250,1
74964,68828,40026,143792,114990,108854,1
50697,58906,82012,109603,132709,140918,1
35526,90335,76136,125861,111662,166471,1
25174,47098,45423,72272,70597,92521,1
81280,20377,23645,101657,104925,44022,0
91113,25996,89141,117109,180254,115137,1
28990,53847,67349,82837,96339,121196,1
21692,66072,58392,87764,80084,124464,1
39979,68511,47043,108490,87022,115554,1
67998,2064,68024,70062,136022,70088,1
7794,153,60554,7947,68348,60707,0
9106,64942,74609,74048,83715,139551,0
59147,52323,39702,111470,98849,92025,1
18779,90513,20634,109292,39413,111147,0
77404,16205,26222,93609,103626,42427,0
89765,23619,90773,113384,180538,114392,1
76083,86363,88195,162446,164278,174558,1
45634,23227,76352,68861,121986,99579,0
1051,64884,88223,65935,89274,153107,0
95193,23967,1938,119160,97131,25905,0
78024,19883,99398,97907,177422,119281,0
14478,24716,17365,39194,31843,42081,1
53356,67271,93562,120627,146918,160833,1
27291,57170,99702,84461,126993,156872,0
24496,25463,57774,49959,82270,83237,0
31695,61972,26324,93667,58019,88296,0
77641,69104,31241,146745,108882,100345,1
94679,5741,17350,100420,112029,23091,0
92105,57538,21423,149643,113528,78961,0
32214,30723,23146,62937,55360,53869,1
65279,1288,73394,66567,138673,74682,0
56218,15686,47559,71904,103777,63245,1
13318,68225,81672,81543,94990,149897,0
62824,3884,7524,66708,70348,11408,0
7499,45485,76008,52984,83507,121493,0
76803,82480,39012,159283,115815,121492,1
29564,19978,4976,49542,34540,24954,0
11531,51203,24118,62734,35649,75321,0
71607,10107,88789,81714,160396,98896,0
21606,45384,91261,66990,112867,136645,0
98513,40602,74691,139115,173204,115293,1
17674,56963,23969,74637,41643,80932,0
86026,26444,38187,112470,124213,64631,0
95051,50294,99157,145345,194208,149451,1
4239,95621,72395,99860,76634,168016,0
73229,21802,90577,95031,163806,112379,1
88159,14770,84399,102929,172558,99169,1
19078,92004,72793,111082,91871,164797,0
38152,15882,82311,54034,120463,98193,0
87879,47335,11865,135214,99744,59200,0
75770,94946,28544,170716,104314,123490,1
85296,68508,52941,153804,138237,121449,1
48905,29703,80268,78608,129173,109971,0
49242,81182,55169,130424,104411,136351,1
51615,61346,18028,112961,69643,79374,1
61633,36774,40428,98407,102061,77202,1
91342,9213,34865,100555,126207,44078,0
60305,42391,8631,102696,68936,51022,0
34063,10107,14709,44170,48772,24816,0
34208,34847,90225,69055,124433,125072,0
22680,55876,6217,78556,28897,62093,0
68532,94403,65793,162935,134325,160196,1
35588,39609,79638,75197,115226,119247,0
6437,52268,10644,58705,17081,62912,0
34429,19493,64870,53922,99299,84363,0
72989,41191,73783,114180,146772,114974,1
98570,4914,80817,103484,179387,85731,0
44258,19149,78988,63407,123246,98137,0
64058,36669,36106,100727,100164,72775,1
69747,75882,32246,145629,101993,108128,1
12806,77292,81830,90098,94636,159122,1
12466,50691,58992,63157,71458,109683,1
68910,49609,45994,118519,114904,95603,1
33960,28676,3999,62636,37959,32675,0
50426,45812,67683,96238,118109,113495,1
10138,75397,47953,85535,58091,123350,0
1690,85740,76741,87430,78431,162481,0
57827,21811,13508,79638,71335,35319,0
35496,49126,29139,84622,64635,78265,1
40514,22254,38272,62768,78786,60526,1
19119,33498,17967,52617,37086,51465,1
1622,81003,37449,82625,39071,118452,0
79162,34159,94133,113321,173295,128292,1
90339,40148,95917,130487,186256,136065,1
47240,96838,99930,144078,147170,196768,1
60645,31349,70569,91994,131214,101918,1
20567,44882,68967,65449,89534,113849,0
65519,79137,21867,144656,87386,101004,1
87284,93556,23446,180840,110730,117002,1
18042,89744,76206,107786,94248,165950,1
95993,66819,26217,162812,122210,93036,0
25995,58730,90169,84725,116164,148899,0
29824,90805,62494,120629,92318,153299,1
34245,77802,53053,112047,87298,130855,1
35739,29960,6945,65699,42684,36905,1
54250,30585,61556,84835,115806,92141,1
66881,85220,63795,152101,130676,149015,1
71076,85469,13699,156545,84775,99168,0
38760,59407,68159,98167,106919,127566,1
21716,52566,91225,74282,112941,143791,0
35578,75345,1465,110923,37043,76810,0
51699,79006,17085,130705,68784,96091,0
70561,9000,57663,79561,128224,66663,0
21360,21008,12020,42368,33380,33028,1
79967,35534,65382,115501,145349,100916,1
68658,74857,10665,143515,79323,85522,1
90793,84,46296,90877,137089,46380,0
99570,59210,73873,158780,173443,133083,1
38494,64516,8425,103010,46919,72941,0
68695,82523,9317,151218,78012,91840,0
93551,83934,6738,177485,100289,90672,0
98869,3329,18842,102198,117711,22171,0
92141,69668,11148,161809,103289,80816,0
55227,74979,63946,130206,119173,138925,1
67814,70885,79408,138699,147222,150293,1
70627,27819,62549,98446,133176,90368,1
21444,68785,69594,90229,91038,138379,1
20946,35860,28043,56806,48989,63903,1
19517,25352,12799,44869,32316,38151,1
53332,79704,59009,133036,112341,138713,1
33602,70122,28594,103724,62196,98716,0
87710,6811,62539,94521,150249,69350,0
90924,92332,27536,183256,118460,119868,1
97220,11422,7459,108642,104679,18881,0
47936,36121,39151,84057,87087,75272,1
45492,43557,34848,89049,80340,78405,1
16373,55021,90387,71394,106760,145408,0
88140,62114,33831,150254,121971,95945,1
78696,46482,91873,125178,170569,138355,1
78147,46640,79605,124787,157752,126245,1
36009,3413,63093,39422,99102,66506,0
65150,28579,10770,93729,75920,39349,0
37735,15169,42045,52904,79780,57214,1
52324,85527,52449,137851,104773,137976,1
65900,67804,26287,133704,92187,94091,1
46384,93531,78181,139915,124565,171712,1
48149,22466,65171,70615,113320,87637,1
56331,81543,82959,137874,139290,164502,1
47975,35481,12300,83456,60275,47781,0
44728,51750,39896,96478,84624,91646,1
71442,66113,98370,137555,169812,164483,1
82272,59077,89118,141349,171390,148195,1
12567,28029,15636,40596,28203,43665,1
57397,14935,54162,72332,111559,69097,1
64342,22671,75728,87013,140070,98399,1
66270,70213,7124,136483,73394,77337,1
79065,65849,92236,144914,171301,158085,1
25591,62619,9561,88210,35152,72180,0
66498,49342,43740,115840,110238,93082,1
48776,71285,97215,120061,145991,168500,1
17161,1042,77097,18203,94258,78139,0
94125,69882,29059,164007,123184,98941,1
59317,47606,94354,106923,153671,141960,1
43384,15029,96375,58413,139759,111404,0
82421,71264,58285,153685,140706,129549,1
40244,27059,2035,67303,42279,29094,0
2947,15558,70369,18505,73316,85927,0
84930,10439,27494,95369,112424,37933,0
31000,28606,7013,59606,38013,35619,1
44143,30807,89410,74950,133553,120217,0
84693,87151,41659,171844,126352,128810,1
63036,2557,57410,65593,120446,59967,0
79343,36634,76619,115977,155962,113253,1
79806,64406,25918,144212,105724,90324,1
19801,10953,29867,30754,49668,40820,1
54403,57266,11820,111669,66223,69086,1
11297,61172,55183,72469,66480,116355,1
28958,35918,49999,64876,78957,85917,1
84347,27512,38759,111859,123106,66271,0
44420,98118,96500,142538,140920,194618,1
21246,20645,61583,41891,82829,82228,0
40914,42724,16149,83638,57063,58873,1
14825,26566,2969,41391,17794,29535,0
18223,29376,50851,47599,69074,80227,0
98995,86167,36921,185162,135916,123088,1
24363,78642,66958,103005,91321,145600,1
18354,44462,4092,62816,22446,48554,0
19382,8672,48163,28054,67545,56835,0
75141,937,66470,76078,141611,67407,0
33415,64339,9791,97754,43206,74130,0
92833,22747,57554,115580,150387,80301,0
4049,57227,59622,61276,63671,116849,1
7890,32918,29010,40808,36900,61928,1
94973,63731,76122,158704,171095,139853,1
54816,34067,73278,88883,128094,107345,1
58909,86869,51317,145778,110226,138186,1
56868,56968,94208,113836,151076,151176,1
47541,73335,38227,120876,85768,111562,1
76932,40876,85201,117808,162133,126077,1
48003,28496,68220,76499,116223,96716,1
83707,7723,79816,91430,163523,87539,1
10601,40782,54247,51383,64848,95029,0
60882,682,21436,61564,82318,22118,0
15873,4734,95825,20607,111698,100559,0
49544,58824,46695,108368,96239,105519,1
12867,88434,30697,101301,43564,119131,0
24780,25815,55189,50595,79969,81004,0
33949,24816,29428,58765,63377,54244,1
46377,62883,37806,109260,84183,100689,1
77667,28049,63048,105716,140715,91097,1
84642,57736,69874,142378,154516,127610,1
48321,53427,17853,101748,66174,71280,1
42763,46481,85468,89244,128231,131949,1
36650,2313,37432,38963,74082,39745,1
16051,70502,96302,86553,112353,166804,0
26025,92566,59003,118591,85028,151569,0
59273,6995,39938,66268,99211,46933,0
48646,87249,89181,135895,137827,176430,1
19373,74004,97589,93377,116962,171593,0
15675,55563,63305,71238,78980,118868,1
76636,16434,5632,93070,82268,22066,0
77580,84023,7356,161603,84936,91379,1
25206,29836,60059,55042,85265,89895,0
79489,55629,85145,135118,164634,140774,1
80552,4570,60661,85122,141213,65231,0
22098,66566,82352,88664,104450,148918,1
93857,60762,75760,154619,169617,136522,1
5054,31490,74574,36544,79628,106064,0
37975,65695,39831,103670,77806,105526,1
78026,93533,77791,171559,155817,171324,1
15826,87682,19249,103508,35075,106931,0
78180,82223,1421,160403,79601,83644,0
33792,26084,57105,59876,90897,83189,1
73086,72859,2516,145945,75602,75375,1
1374,20242,81753,21616,83127,101995,0
87696,43004,67954,130700,155650,110958,1
45244,9808,91533,55052,136777,101341,0
64405,95572,94865,159977,159270,190437,1
42122,16384,54622,58506,96744,71006,1
62298,71599,22075,133897,84373,93674,1
17801,58688,22395,76489,40196,81083,0
95819,70467,91661,166286,187480,162128,1
98095,85785,24607,183880,122702,110392,1
82173,7482,19864,89655,102037,27346,0
97646,67808,89004,165454,186650,156812,1
54603,24772,27634,79375,82237,52406,0
35067,91110,7210,126177,42277,98320,0
62817,7161,25988,69978,88805,33149,0
26498,64982,4664,91480,31162,69646,0
69856,72565,40140,142421,109996,112705,1
36171,73382,47801,109553,83972,121183,1
26890,38385,31559,65275,58449,69944,1
41382,99554,14761,140936,56143,114315,0
35829,60474,89000,96303,124829,149474,1
99733,72045,50414,171778,150147,122459,1
3128,34980,31694,38108,34822,66674,0
56488,56555,36515,113043,93003,93070,1
19993,58276,76352,78269,96345,134628,1
52023,7711,97645,59734,149668,105356,0
50236,92370,88323,142606,138559,180693,1
12434,69858,24582,82292,37016,94440,0
6725,31936,81530,38661,88255,113466,0
83198,9171,21382,92369,104580,30553,0
62670,98829,50981,161499,113651,149810,1
59290,75201,74497,134491,133787,149698,1
71406,95301,17776,166707,89182,113077,0
29241,10015,10210,39256,39451,20225,0
16840,8292,69302,25132,86142,77594,0
62256,77893,84475,140149,146731,162368,1
17365,24458,18948,41823,36313,43406,1
48237,41131,94334,89368,142571,135465,0
48524,81256,35111,129780,83635,116367,1
63246,62005,4005,125251,67251,66010,1
5095,44003,85987,49098,91082,129990,0
51111,84322,92625,135433,143736,176947,1
33026,73290,77365,106316,110391,150655,1
4921,9387,88709,14308,93630,98096,0
83572,30340,94263,113912,177835,124603,1
99908,99930,64652,199838,164560,164582,1
44958,8923,62674,53881,107632,71597,0
16809,57803,4625,74612,21434,62428,0
911,67690,53062,68601,53973,120752,0
86507,68472,39000,154979,125507,107472,1
66715,41139,80135,107854,146850,121274,1
39823,45292,87883,85115,127706,133175,0
14072,2102,58099,16174,72171,60201,0
1779,64296,5441,66075,7220,69737,0
89132,64614,23147,153746,112279,87761,0
42990,98498,48176,141488,91166,146674,0
77746,23927,90308,101673,168054,114235,1
77804,91819,33277,169623,111081,125096,1
56083,33980,58458,90063,114541,92438,1
99497,68712,76295,168209,175792,145007,1
15760,38304,6498,54064,22258,44802,0
20449,25480,33402,45929,53851,58882,1
76951,85794,1668,162745,78619,87462,0
54795,62420,66493,117215,121288,128913,1
7413,71197,17244,78610,24657,88441,0
57365,91112,80351,148477,137716,171463,1
19677,74214,9970,93891,29647,84184,0
35587,47932,32574,83519,68161,80506,1
23799,58478,29034,82277,52833,87512,0
44188,13541,78981,57729,123169,92522,0
88153,15709,1853,103862,90006,17562,0
25291,96551,2739,121842,28030,99290,0
9137,33489,68876,42626,78013,102365,0
60822,35311,93573,96133,154395,128884,1
68062,28036,73680,96098,141742,101716,1
81247,34506,21426,115753,102673,55932,0
72428,59614,91150,132042,163578,150764,1
60522,51990,10014,112512,70536,62004,1
81206,41401,63749,122607,144955,105150,1
8585,15422,50714,24007,59299,66136,0
46304,57739,18258,104043,64562,75997,1
94521,90089,87420,184610,181941,177509,1
15554,8878,58123,24432,73677,67001,0
71778,75549,74079,147327,145857,149628,1
58519,30180,89828,88699,148347,120008,0
80018,7007,22763,87025,102781,29770,0
89048,98707,80581,187755,169629,179288,1
95896,94679,28048,190575,123944,122727,1
10903,64082,78443,74985,89346,142525,0
45385,37369,98457,82754,143842,135826,0
18935,72769,25222,91704,44157,97991,0
12100,57187,83205,69287,95305,140392,0
30886,82327,79640,113213,110526,161967,1
17546,84172,32201,101718,49747,116373,0
47438,27174,88589,74612,136027,115763,0
16110,14660,79128,30770,95238,93788,0
83564,42139,60845,125703,144409,102984,1
37258,10582,26150,47840,63408,36732,0
49679,20707,11089,70386,60768,31796,0
83156,72399,72593,155555,155749,144992,1
88752,50179,21125,138931,109877,71304,0
93661,47081,67958,140742,161619,115039,1
42295,69119,39094,111414,81389,108213,1
6988,27102,98231,34090,105219,125333,0
59991,65069,25372,125060,85363,90441,1
14129,35856,16434,49985,30563,52290,0
39317,44428,36167,83745,75484,80595,1
53681,76961,75613,130642,129294,152574,1
73653,9764,90698,83417,164351,100462,0
17816,5930,57437,23746,75253,63367,0
6887,37883,68331,44770,75218,106214,0
19023,94462,5956,113485,24979,100418,0
35823,86214,6090,122037,41913,92304,0
66996,63474,7262,130470,74258,70736,1
94633,29937,59568,124570,154201,89505,0
94811,91461,9095,186272,103906,100556,1
58843,70301,3480,129144,62323,73781,0
10143,50182,1077,60325,11220,51259,0
16382,62239,66996,78621,83378,129235,1
76154,36782,79014,112936,155168,115796,1
38010,8642,23089,46652,61099,31731,0
85846,60391,53612,146237,139458,114003,1
62695,1367,24890,64062,87585,26257,0
7006,40220,24702,47226,31708,64922,0
94222,67047,27328,161269,121550,94375,1
36086,8951,79972,45037,116058,88923,0
21193,40844,81781,62037,102974,122625,0
19536,25024,53043,44560,72579,78067,0
58787,66232,45308,125019,104095,111540,1
4845,30273,51516,35118,56361,81789,0
82415,56533,52467,138948,134882,109000,1
42697,79037,43185,121734,85882,122222,1
36963,89238,78064,126201,115027,167302,1
46161,79789,96476,125950,142637,176265,1
85872,88255,90669,174127,176541,178924,1
94550,72081,50156,166631,144706,122237,1
11080,85269,48592,96349,59672,133861,0
56723,35136,53697,91859,110420,88833,1
33331,11409,34154,44740,67485,45563,1
54812,99441,75119,154253,129931,174560,1
95652,31726,71349,127378,167001,103075,1
44002,531,11974,44533,55976,12505,0
61676,20230,42705,81906,104381,62935,1
10854,5201,30855,16055,41709,36056,0
85831,419,82794,86250,168625,83213,0
45840,61661,86067,107501,131907,147728,1
54298,717,97026,55015,151324,97743,0
86609,23822,13896,110431,100505,37718,0
75522,51718,81839,127240,157361,133557,1
36833,9414,91951,46247,128784,101365,0
4803,4459,12602,9262,17405,17061,0
94733,62841,32464,157574,127197,95305,1
35350,66114,49513,101464,84863,115627,1
39899,24350,98433,64249,138332,122783,0
28073,28930,68620,57003,96693,97550,0
83410,11804,28285,95214,111695,40089,0
27409,91050,72297,118459,99706,163347,1
84190,50368,9739,134558,93929,60107,0
14772,76371,92737,91143,107509,169108,0
23848,3662,23540,27510,47388,27202,1
68620,35459,60850,104079,129470,96309,1
90382,55884,80829,146266,171211,136713,1
10111,52286,89164,62397,99275,141450,0
54455,24778,36262,79233,90717,61040,1
3755,78153,23073,81908,26828,101226,0
64336,84473,62457,148809,126793,146930,1
39636,69684,69982,109320,109618,139666,1
1750,29307,47100,31057,48850,76407,0
30223,11205,21603,41428,51826,32808,1
24424,99655,69835,124079,94259,169490,0
41540,47405,94318,88945,135858,141723,0
31298,29155,41555,60453,72853,70710,1
86956,59329,97314,146285,184270,156643,1
14660,9561,42485,24221,57145,52046,0
31259,7304,97711,38563,128970,105015,0
23568,73801,80999,97369,104567,154800,1
93263,43758,71871,137021,165134,115629,1
96132,27002,26028,123134,122160,53030,0
37823,5550,4044,43373,41867,9594,0
17536,68600,47704,86136,65240,116304,0
73853,7252,93148,81105,167001,100400,0
7403,7528,66912,14931,74315,74440,0
11898,25388,16212,37286,28110,41600,1
31893,19883,91622,51776,123515,111505,0
36517,64712,54515,101229,91032,119227,1
4923,33150,25129,38073,30052,58279,0
36846,84004,17349,120850,54195,101353,0
91763,22601,95171,114364,186934,117772,1
64181,14524,10615,78705,74796,25139,0
5183,22901,4163,28084,9346,27064,0
44141,46780,17889,90921,62030,64669,1
97541,65436,89360,162977,186901,154796,1
24927,10634,74195,35561,99122,84829,0
59207,32933,92267,92140,151474,125200,0
31690,27915,93682,59605,125372,121597,0
41436,45723,89540,87159,130976,135263,0
30989,85058,13262,116047,44251,98320,0
62009,44235,51360,106244,113369,95595,1
53311,67323,14343,120634,67654,81666,1
54702,28304,47206,83006,101908,75510,1
20082,97034,90944,117116,111026,187978,1
40892,13637,2731,54529,43623,16368,0
50240,76595,21636,126835,71876,98231,0
77598,73383,26943,150981,104541,100326,1
73269,86391,91617,159660,164886,178008,1
62596,2514,28463,65110,91059,30977,0
51279,6143,90669,57422,141948,96812,0
87371,70440,10569,157811,97940,81009,0
96701,69561,93749,166262,190450,163310,1
49196,94194,8994,143390,58190,103188,0
43950,40891,54157,84841,98107,95048,1
52911,63176,48148,116087,101059,111324,1
15480,43601,44688,59081,60168,88289,1
2962,19930,90871,22892,93833,110801,0
84426,60935,93465,145361,177891,154400,1
74420,75234,55842,149654,130262,131076,1
69614,76819,10215,146433,79829,87034,1
21025,90660,33344,111685,54369,124004,0
47596,87128,46095,134724,93691,133223,1
75635,43205,55344,118840,130979,98549,1
56150,2552,31008,58702,87158,33560,0
53900,25220,64161,79120,118061,89381,1
98711,41875,5482,140586,104193,47357,0
27733,21080,22946,48813,50679,44026,1
22188,28644,89812,50832,112000,118456,0
41678,48573,68334,90251,110012,116907,1
56181,55136,44605,111317,100786,99741,1
71997,25475,42769,97472,114766,68244,0
6932,27796,61199,34728,68131,88995,0
51668,4748,26583,56416,78251,31331,0
35621,3045,53059,38666,88680,56104,0
62672,5746,25104,68418,87776,30850,0
88949,85348,66684,174297,155633,152032,1
85301,17003,98845,102304,184146,115848,1
68024,2370,45432,70394,113456,47802,0
78148,19246,84947,97394,163095,104193,1
1681,39185,21853,40866,23534,61038,0
98647,94831,8680,193478,107327,103511,1
20317,70497,40940,90814,61257,111437,0
32067,42324,44078,74391,76145,86402,1
7414,7841,62910,15255,70324,70751,0
37557,53570,730,91127,38287,54300,0
13412,27272,36058,40684,49470,63330,1
73694,17604,11169,91298,84863,28773,0
46222,18241,1264,64463,47486,19505,0
14401,19841,49822,34242,64223,69663,0
35454,84969,68977,120423,104431,153946,1
10374,8534,94718,18908,105092,103252,0
5050,77334,51979,82384,57029,129313,0
79329,69144,9218,148473,88547,78362,0
89043,42465,33863,131508,122906,76328,0
35915,21645,51450,57560,87365,73095,1
64377,31899,4504,96276,68881,36403,0
82059,8906,73071,90965,155130,81977,0
8008,65668,63740,73676,71748,129408,1
4339,49885,95806,54224,100145,145691,0
77437,13350,15064,90787,92501,28414,0
78165,81982,37740,160147,115905,119722,1
67940,45739,9612,113679,77552,55351,0
92144,55486,74761,147630,166905,130247,1
17902,4390,68883,22292,86785,73273,0
7841,62468,89900,70309,97741,152368,0
23552,458,74003,24010,97555,74461,0
76231,91127,64713,167358,140944,155840,1
13749,16828,6133,30577,19882,22961,1
93851,83599,17489,177450,111340,101088,1
9664,65246,57983,74910,67647,123229,1
25490,70196,99586,95686,125076,169782,0
38744,92740,19476,131484,58220,112216,0
81714,96948,73138,178662,154852,170086,1
50800,95066,65046,145866,115846,160112,1
2537,9832,8656,12369,11193,18488,1
24189,67590,48,91779,24237,67638,0
16373,83209,99098,99582,115471,182307,1
28856,16337,9311,45193,38167,25648,0
30098,6271,47286,36369,77384,53557,0
29836,39195,46897,69031,76733,86092,1
47467,66009,61635,113476,109102,127644,1
57478,57380,56146,114858,113624,113526,1
82606,48058,23760,130664,106366,71818,0
16875,17262,41267,34137,58142,58529,0
48492,8511,99928,57003,148420,108439,0
51509,44810,88123,96319,139632,132933,1
8818,38021,10491,46839,19309,48512,0
33185,37831,42253,71016,75438,80084,1
65188,49019,53740,114207,118928,102759,1
17564,54447,12233,72011,29797,66680,0
86645,15835,87689,102480,174334,103524,1
3804,39699,57587,43503,61391,97286,0
91295,52347,6635,143642,97930,58982,0
57750,96221,20579,153971,78329,116800,0
69761,51218,65950,120979,135711,117168,1
1527,67446,85072,68973,86599,152518,0
80887,68071,67233,148958,148120,135304,1
75911,54823,79555,130734,155466,134378,1
35495,32637,31885,68132,67380,64522,1
23215,24734,31922,47949,55137,56656,1
17202,74266,1727,91468,18929,75993,0
93869,59520,16667,153389,110536,76187,0
11226,92059,94894,103285,106120,186953,1
40434,48001,60483,88435,100917,108484,1
95072,96692,58102,191764,153174,154794,1
49813,46447,78365,96260,128178,124812,1
79302,17653,3626,96955,82928,21279,0
56886,86554,8246,143440,65132,94800,0
62433,4707,41757,67140,104190,46464,0
19952,80214,49077,100166,69029,129291,0
3715,28132,17003,31847,20718,45135,0
89784,76214,68734,165998,158518,144948,1
22738,51724,29682,74462,52420,81406,1
67316,95520,93637,162836,160953,189157,1
84039,55115,92567,139154,176606,147682,1
30921,71734,62358,102655,93279,134092,1
94741,88796,38531,183537,133272,127327,1
29155,99579,84779,128734,113934,184358,1
60694,21664,26931,82358,87625,48595,0
99983,52426,79246,152409,179229,131672,1
42032,46088,75548,88120,117580,121636,1
20519,55025,88044,75544,108563,143069,0
95806,62687,45023,158493,140829,107710,1
34769,59795,59144,94564,93913,118939,1
42629,31132,25156,73761,67785,56288,1
662,15835,95415,16497,96077,111250,0
77373,79166,41537,156539,118910,120703,1
18122,16367,21812,34489,39934,38179,1
87187,42285,44102,129472,131289,86387,0
4732,29634,42161,34366,46893,71795,0
97341,87486,40876,184827,138217,128362,1
59499,80453,81494,139952,140993,161947,1
81616,11514,45718,93130,127334,57232,0
99245,15753,30679,114998,129924,46432,0
53211,31474,40634,84685,93845,72108,1
45122,34947,92416,80069,137538,127363,0
63355,39754,66847,103109,130202,106601,1
24202,86228,51294,110430,75496,137522,0
56385,72172,5206,128557,61591,77378,0
89827,39151,31242,128978,121069,70393,0
41350,82174,66958,123524,108308,149132,1
49998,3212,2361,53210,52359,5573,0
42668,68369,82152,111037,124820,150521,1
14961,66356,16475,81317,31436,82831,0
46664,40756,90366,87420,137030,131122,0
20495,9841,94919,30336,115414,104760,0
43345,61264,70198,104609,113543,131462,1
59571,39279,97625,98850,157196,136904,1
4809,66062,88920,70871,93729,154982,0
66545,27507,93776,94052,160321,121283,1
86401,99695,50247,186096,136648,149942,1
8320,90994,14101,99314,22421,105095,0
23396,19649,34217,43045,57613,53866,1
46622,10918,65747,57540,112369,76665,0
2962,87368,38473,90330,41435,125841,0
63962,21566,4599,85528,68561,26165,0
92152,95724,25438,187876,117590,121162,1
72801,56819,20662,129620,93463,77481,1
92691,47528,57145,140219,149836,104673,1
67776,18561,68210,86337,135986,86771,1
25029,6084,10130,31113,35159,16214,0
50176,68738,9560,118914,59736,78298,0
78961,80807,52050,159768,131011,132857,1
29556,11122,37130,40678,66686,48252,1
71691,71685,65432,143376,137123,137117,1
14469,6921,99103,21390,113572,106024,0
43732,7581,85900,51313,129632,93481,0
22803,61702,83990,84505,106793,145692,1
6516,98373,13210,104889,19726,111583,0
13051,4302,45465,17353,58516,49767,0
58266,75409,85061,133675,143327,160470,1
57735,89899,44715,147634,102450,134614,1
94596,34885,82674,129481,177270,117559,1
50740,78136,21413,128876,72153,99549,0
37944,17743,84399,55687,122343,102142,0
66660,43086,72326,109746,138986,115412,1
27946,49516,88145,77462,116091,137661,0
48107,75824,35825,123931,83932,111649,1
23981,32337,84353,56318,108334,116690,0
79635,46512,68792,126147,148427,115304,1
66407,27427,22458,93834,88865,49885,0
25685,60550,83964,86235,109649,144514,1
10932,10138,49869,21070,60801,60007,0
5496,63194,11496,68690,16992,74690,0
59330,16463,44322,75793,103652,60785,1
91600,22986,76317,114586,167917,99303,1
90364,92702,34422,183066,124786,127124,1
27022,36938,95593,63960,122615,132531,0
6899,50516,13437,57415,20336,63953,0
41699,10105,16105,51804,57804,26210,0
39999,57388,39613,97387,79612,97001,1
84258,62179,42517,146437,126775,104696,1
76317,70972,98243,147289,174560,169215,1
71023,52676,64506,123699,135529,117182,1
96373,35929,89311,132302,185684,125240,1
18716,56070,62343,74786,81059,118413,1
95235,76475,71947,171710,167182,148422,1
13402,6964,37119,20366,50521,44083,0
89304,56048,37594,145352,126898,93642,1
97286,43130,32937,140416,130223,76067,0
30232,47223,10032,77455,40264,57255,0
18225,14385,19174,32610,37399,33559,1
33870,96883,10019,130753,43889,106902,0
49759,69491,860,119250,50619,70351,0
80790,17784,30779,98574,111569,48563,0
34729,23886,78890,58615,113619,102776,0
77771,62221,1393,139992,79164,63614,0
93243,48570,66027,141813,159270,114597,1
45257,33839,88375,79096,133632,122214,0
50321,61836,5120,112157,55441,66956,0
8858,43969,56206,52827,65064,100175,0
13352,84394,42842,97746,56194,127236,0
17877,45363,39484,63240,57361,84847,1
13128,86050,2135,99178,15263,88185,0
28220,56015,79854,84235,108074,135869,1
11233,28806,43274,40039,54507,72080,0
85725,90114,49566,175839,135291,139680,1
1900,74000,97124,75900,99024,171124,0
15649,97944,25834,113593,41483,123778,0
21342,39512,92380,60854,113722,131892,0
49838,98776,97256,148614,147094,196032,1
38866,38126,89851,76992,128717,127977,0
18928,59622,11237,78550,30165,70859,0
48838,58261,7164,107099,56002,65425,0
49443,18775,43893,68218,93336,62668,1
54254,50343,10677,104597,64931,61020,1
57854,82360,20160,140214,78014,102520,0
57384,51767,76912,109151,134296,128679,1
28789,23488,10133,52277,38922,33621,1
27551,28845,83290,56396,110841,112135,0
91814,91083,29144,182897,120958,120227,1
34557,40586,80186,75143,114743,120772,0
9370,625,71135,9995,80505,71760,0
96766,31274,73442,128040,170208,104716,1
37716,86362,73082,124078,110798,159444,1
10860,20901,80846,31761,91706,101747,0
22582,30706,80395,53288,102977,111101,0
53831,66255,35823,120086,89654,102078,1
59557,28538,47415,88095,106972,75953,1
63470,23561,20858,87031,84328,44419,0
18988,19127,70753,38115,89741,89880,0
69723,89064,8247,158787,77970,97311,0
63317,74492,71762,137809,135079,146254,1
38962,99414,810,138376,39772,100224,0
953,68855,37831,69808,38784,106686,0
41036,90208,724,131244,41760,90932,0
25355,17196,49516,42551,74871,66712,0
1477,74160,78588,75637,80065,152748,0
96155,96631,2620,192786,98775,99251,1
85545,58829,98202,144374,183747,157031,1
19849,54295,85105,74144,104954,139400,0
81616,60703,14889,142319,96505,75592,0
15797,17721,75082,33518,90879,92803,0
45693,63632,88354,109325,134047,151986,1
61136,88810,25529,149946,86665,114339,0
74555,93593,93470,168148,168025,187063,1
18187,86484,2098,104671,20285,88582,0
56104,98974,60255,155078,116359,159229,1
47829,17020,93208,64849,141037,110228,0
87881,47529,20626,135410,108507,68155,0
92364,36201,88057,128565,180421,124258,1
64100,15380,156,79480,64256,15536,0
61370,32885,44288,94255,105658,77173,1
64423,37706,87129,102129,151552,124835,1
29519,45825,61960,75344,91479,107785,1
24028,14714,55349,38742,79377,70063,0
35130,21798,12034,56928,47164,33832,0
71447,33755,97903,105202,169350,131658,1
36138,46047,6816,82185,42954,52863,0
37657,40370,34252,78027,71909,74622,1
2059,57627,63617,59686,65676,121244,0
11423,32086,27003,43509,38426,59089,1
80695,92196,31782,172891,112477,123978,1
19615,88350,30122,107965,49737,118472,0
27647,2222,33461,29869,61108,35683,0
88047,99821,90482,187868,178529,190303,1
27260,51274,72341,78534,99601,123615,1
81623,68455,76311,150078,157934,144766,1
37074,85265,22644,122339,59718,107909,0
15758,57227,76866,72985,92624,134093,0
85551,96814,76651,182365,162202,173465,1
58812,88076,90975,146888,149787,179051,1
87120,56926,61685,144046,148805,118611,1
77864,78907,9010,156771,86874,87917,1
6145,28007,84342,34152,90487,112349,0
48230,87199,74029,135429,122259,161228,1
8998,73401,83422,82399,92420,156823,0
43019,1795,99716,44814,142735,101511,0
62971,60532,94094,123503,157065,154626,1
75902,98591,25601,174493,101503,124192,1
74030,55526,66767,129556,140797,122293,1
68516,84878,93502,153394,162018,178380,1
15034,41528,84653,56562,99687,126181,0
22306,95647,11690,117953,33996,107337,0
15052,41095,23161,56147,38213,64256,0
41959,40215,47932,82174,89891,88147,1
63585,40786,85229,104371,148814,126015,1
57463,10197,99070,67660,156533,109267,0
24496,75594,42661,100090,67157,118255,0
57664,75391,24430,133055,82094,99821,1
63253,89161,51512,152414,114765,140673,1
8062,61550,73270,69612,81332,134820,0
65111,41264,39005,106375,104116,80269,1
16382,19906,93246,36288,109628,113152,0
90884,11874,93879,102758,184763,105753,1
25299,96039,54249,121338,79548,150288,0
78429,70866,61357,149295,139786,132223,1
33575,20816,85183,54391,118758,105999,0
13143,25218,50900,38361,64043,76118,0
43687,28560,15784,72247,59471,44344,1
52027,2986,54289,55013,106316,57275,1
18833,30838,11450,49671,30283,42288,0
25195,62305,29174,87500,54369,91479,0
28157,88290,16075,116447,44232,104365,0
16467,94368,14493,110835,30960,108861,0
16491,18178,15351,34669,31842,33529,1
80188,95641,36243,175829,116431,131884,1
41114,64813,20737,105927,61851,85550,0
7026,68109,4240,75135,11266,72349,0
38650,22880,49184,61530,87834,72064,1
91713,2403,60745,94116,152458,63148,0
95591,84270,45191,179861,140782,129461,1
95253,97347,69501,192600,164754,166848,1
50410,53034,54080,103444,104490,107114,1
42735,61702,66951,104437,109686,128653,1
84223,20436,56617,104659,140840,77053,0
73810,12777,78653,86587,152463,91430,1
81956,28677,45273,110633,127229,73950,0
39719,47589,26156,87308,65875,73745,1
95672,47800,83770,143472,179442,131570,1
34516,65900,3882,100416,38398,69782,0
19160,87707,52457,106867,71617,140164,0
20732,30376,71483,51108,92215,101859,0
14273,11626,46119,25899,60392,57745,0
81855,32231,49643,114086,131498,81874,1
27692,31562,1218,59254,28910,32780,0
77245,58444,24496,135689,101741,82940,1
67259,36843,83472,104102,150731,120315,1
50413,78733,48468,129146,98881,127201,1
66394,50715,98938,117109,165332,149653,1
90574,67578,80086,158152,170660,147664,1
5902,28052,38853,33954,44755,66905,0
36784,35709,99546,72493,136330,135255,0
88333,28279,14189,116612,102522,42468,0
31458,86100,12738,117558,44196,98838,0
472,61201,11908,61673,12380,73109,0
10417,64587,76542,75004,86959,141129,0
29097,7043,80494,36140,109591,87537,0
84848,64778,45783,149626,130631,110561,1
69646,13877,70904,83523,140550,84781,1
22256,66897,60175,89153,82431,127072,1
63780,75334,80135,139114,143915,155469,1
88822,48284,67500,137106,156322,115784,1
47967,66687,20691,114654,68658,87378,1
91330,24520,5430,115850,96760,29950,0
28882,12411,54680,41293,83562,67091,0
53202,80268,79165,133470,132367,159433,1
57676,71814,47379,129490,105055,119193,1
10890,6536,35393,17426,46283,41929,0
72673,46793,76585,119466,149258,123378,1
53769,14045,72123,67814,125892,86168,0
26073,37325,33484,63398,59557,70809,1
31979,75578,41532,107557,73511,117110,0
86964,35151,48371,122115,135335,83522,0
81453,85215,2338,166668,83791,87553,0
7788,69042,38208,76830,45996,107250,0
68759,26298,23592,95057,92351,49890,0
53336,26848,70914,80184,124250,97762,1
66896,8370,29973,75266,96869,38343,0
49963,96417,71358,146380,121321,167775,1
46671,68915,52074,115586,98745,120989,1
8475,99720,45265,108195,53740,144985,0
6474,82516,21280,88990,27754,103796,0
750,71408,5824,72158,6574,77232,0
66121,44090,50129,110211,116250,94219,1
20914,33286,55529,54200,76443,88815,0
65669,27852,16505,93521,82174,44357,0
19481,91719,33227,111200,52708,124946,0
59693,13930,28676,73623,88369,42606,0
56917,54504,48455,111421,105372,102959,1
13662,30530,44482,44192,58144,75012,0
94126,1284,25406,95410,119532,26690,0
27851,11314,13803,39165,41654,25117,0
91937,62978,85403,154915,177340,148381,1
98140,72191,94887,170331,193027,167078,1
25252,2741,4221,27993,29473,6962,0
57336,55907,48077,113243,105413,103984,1
17066,76268,6068,93334,23134,82336,0
59529,86166,31134,145695,90663,117300,1
19365,85440,39866,104805,59231,125306,0
75700,71135,11395,146835,87095,82530,1
98900,86724,81010,185624,179910,167734,1
58693,56123,9688,114816,68381,65811,1
22393,81747,48967,104140,71360,130714,0
63873,67157,94216,131030,158089,161373,1
29671,31405,3815,61076,33486,35220,1
18528,41006,48500,59534,67028,89506,1
50893,88849,36002,139742,86895,124851,0
73017,17753,67314,90770,140331,85067,1
40373,13834,6204,54207,46577,20038,0
89166,98307,62806,187473,151972,161113,1
11076,18994,4490,30070,15566,23484,0
96156,64120,24689,160276,120845,88809,0
83399,92553,99084,175952,182483,191637,1
75781,95244,2027,171025,77808,97271,0
83335,52304,11411,135639,94746,63715,0
48449,41947,31224,90396,79673,73171,1
24148,13271,95614,37419,119762,108885,0
94944,24420,94348,119364,189292,118768,1
72182,42419,57311,114601,129493,99730,1
35425,16199,59201,51624,94626,75400,0
62140,35665,1254,97805,63394,36919,0
57757,39430,56591,97187,114348,96021,1
23133,38983,45900,62116,69033,84883,1
4928,93834,7251,98762,12179,101085,0
69954,57005,55411,126959,125365,112416,1
5970,32418,27450,38388,33420,59868,1
16649,170,91160,16819,107809,91330,0
93014,70603,96447,163617,189461,167050,1
22428,32952,86829,55380,109257,119781,0
80401,85772,38061,166173,118462,123833,1
34098,40268,81358,74366,115456,121626,0
11987,50630,1644,62617,13631,52274,0
91396,83027,22908,174423,114304,105935,1
25095,55592,62496,80687,87591,118088,1
55966,93177,26812,149143,82778,119989,0
46955,81481,57028,128436,103983,138509,1
26201,2684,9674,28885,35875,12358,0
14835,57609,10808,72444,25643,68417,0
95810,25165,17523,120975,113333,42688,0
79787,46487,79860,126274,159647,126347,1
36506,71758,38001,108264,74507,109759,1
71680,38433,89461,110113,161141,127894,1
37877,50137,62094,88014,99971,112231,1
46794,73209,95440,120003,142234,168649,1
54888,6063,65906,60951,120794,71969,0
13633,81215,76334,94848,89967,157549,1
38324,33893,73677,72217,112001,107570,0
68667,56675,59248,125342,127915,115923,1
78641,82274,70052,160915,148693,152326,1
22997,74308,93274,97305,116271,167582,1
28721,66742,88801,95463,117522,155543,1
57875,95434,36333,153309,94208,131767,0
23341,53149,45267,76490,68608,98416,1
151,52899,43896,53050,44047,96795,0
2014,32999,5503,35013,7517,38502,0
27762,79561,91257,107323,119019,170818,1
28468,64783,12568,93251,41036,77351,0
45332,67478,6492,112810,51824,73970,0
65184,79739,75491,144923,140675,155230,1
75690,9168,83412,84858,159102,92580,1
24774,97538,10321,122312,35095,107859,0
6041,37186,57902,43227,63943,95088,0
57698,88172,10768,145870,68466,98940,0
58580,61967,63598,120547,122178,125565,1
61330,35335,56468,96665,117798,91803,1
27391,92467,4947,119858,32338,97414,0
81652,95189,10135,176841,91787,105324,0
71791,42818,62315,114609,134106,105133,1
61824,6019,4021,67843,65845,10040,0
72490,16147,41337,88637,113827,57484,0
49406,15844,36961,65250,86367,52805,1
78183,60951,79871,139134,158054,140822,1
45355,74630,35399,119985,80754,110029,1
53210,14822,70823,68032,124033,85645,0
56494,63736,26308,120230,82802,90044,1
83197,13663,14860,96860,98057,28523,0
41150,59470,48268,100620,89418,107738,1
48278,74233,6456,122511,54734,80689,0
30214,96989,3705,127203,33919,100694,0
61059,22007,58018,83066,119077,80025,1
33621,7385,60362,41006,93983,67747,0
84830,67857,36268,152687,121098,104125,1
49276,15177,32108,64453,81384,47285,0
88164,97509,19154,185673,107318,116663,1
24541,53069,19600,77610,44141,72669,0
35494,54761,1237,90255,36731,55998,0
26108,2001,80833,28109,106941,82834,0
9427,67309,38536,76736,47963,105845,0
50342,83901,28602,134243,78944,112503,0
23779,47004,94825,70783,118604,141829,0
15586,48540,97042,64126,112628,145582,0
52189,66180,95984,118369,148173,162164,1
7595,19401,95689,26996,103284,115090,0
92003,56639,41309,148642,133312,97948,1
51256,99347,94346,150603,145602,193693,1
4396,14629,40692,19025,45088,55321,0
25369,62057,90407,87426,115776,152464,0
17781,16179,60005,33960,77786,76184,0
36427,46043,36777,82470,73204,82820,1
27432,61407,22605,88839,50037,84012,0
17126,63027,15212,80153,32338,78239,0
15903,26428,49,42331,15952,26477,0
12471,99297,81856,111768,94327,181153,0
45486,86053,97556,131539,143042,183609,1
91108,77503,55798,168611,146906,133301,1
8812,16603,58402,25415,67214,75005,0
15490,97073,61061,112563,76551,158134,0
22909,19888,71351,42797,94260,91239,0
94203,39403,29321,133606,123524,68724,0
82990,39390,64630,122380,147620,104020,1
70369,4548,4380,74917,74749,8928,0
29163,95050,17887,124213,47050,112937,0
10196,74488,78297,84684,88493,152785,1
19273,2711,22937,21984,42210,25648,0
62920,36678,57520,99598,120440,94198,1
25587,5793,5099,31380,30686,10892,0
58604,9195,97392,67799,155996,106587,0
43473,41968,62277,85441,105750,104245,1
73370,21628,72420,94998,145790,94048,1
92026,23066,74432,115092,166458,97498,1
27034,69219,77189,96253,104223,146408,1
86037,95724,82635,181761,168672,178359,1
46415,17369,56783,63784,103198,74152,1
30957,88670,45260,119627,76217,133930,0
50741,68910,91493,119651,142234,160403,1
13313,51050,49442,64363,62755,100492,1
95788,29204,51511,124992,147299,80715,0
38681,36154,50256,74835,88937,86410,1
84995,20570,69350,105565,154345,89920,1
50268,89394,34169,139662,84437,123563,0
46427,94750,47317,141177,93744,142067,0
91702,146,76340,91848,168042,76486,0
95753,23607,17404,119360,113157,41011,0
16665,530,92147,17195,108812,92677,0
80821,1340,75754,82161,156575,77094,0
91200,201,99002,91401,190202,99203,0
53178,52927,81366,106105,134544,134293,1
89486,98610,8009,188096,97495,106619,0
88000,21209,93595,109209,181595,114804,1
33547,73286,66296,106833,99843,139582,1
81002,17873,9944,98875,90946,27817,0
72372,59544,78748,131916,151120,138292,1
79658,1751,67413,81409,147071,69164,0
67387,28007,93191,95394,160578,121198,1
26138,69151,26083,95289,52221,95234,0
46183,34866,35835,81049,82018,70701,1
80853,71449,16032,152302,96885,87481,1
5076,91501,27732,96577,32808,119233,0
1194,43072,79627,44266,80821,122699,0
72931,64068,89732,136999,162663,153800,1
60979,8511,46357,69490,107336,54868,0
27320,93965,81035,121285,108355,175000,1
41017,61153,11698,102170,52715,72851,0
91680,79945,16842,171625,108522,96787,1
75137,30750,43297,105887,118434,74047,0
67176,65803,91663,132979,158839,157466,1
30458,88219,78589,118677,109047,166808,1
82109,25896,12328,108005,94437,38224,0
60616,93442,45989,154058,106605,139431,1
68693,72381,91110,141074,159803,163491,1
71055,43877,939,114932,71994,44816,0
41511,951,86078,42462,127589,87029,0
99564,34452,4475,134016,104039,38927,0
16371,307,77386,16678,93757,77693,0
10010,90598,42572,100608,52582,133170,0
70669,1360,88274,72029,158943,89634,0
63366,57286,25605,120652,88971,82891,1
39292,1972,43779,41264,83071,45751,0
58386,34967,73649,93353,132035,108616,1
961,23211,35887,24172,36848,59098,0
34883,94247,94072,129130,128955,188319,1
10110,35676,76509,45786,86619,112185,0
99075,33441,34800,132516,133875,68241,0
64033,30042,64146,94075,128179,94188,1
41114,16686,22900,57800,64014,39586,0
69272,64057,70668,133329,139940,134725,1
33610,64830,76477,98440,110087,141307,1
68556,95991,20824,164547,89380,116815,0
2430,91086,37514,93516,39944,128600,0
18731,13928,79196,32659,97927,93124,0
1882,49771,98000,51653,99882,147771,0
75419,11821,1379,87240,76798,13200,0
15697,61069,20866,76766,36563,81935,0
35424,85586,75886,121010,111310,161472,1
95218,26100,61719,121318,156937,87819,0
41639,2173,26800,43812,68439,28973,0
87195,319,59747,87514,146942,60066,0
13278,80521,95297,93799,108575,175818,0
37287,26800,71656,64087,108943,98456,0
79170,13643,7120,92813,86290,20763,0
2164,54193,16849,56357,19013,71042,0
39019,24633,53135,63652,92154,77768,1
58840,39646,64232,98486,123072,103878,1
89726,1198,64379,90924,154105,65577,0
54881,94974,42287,149855,97168,137261,1
69656,93432,42677,163088,112333,136109,1
59429,32906,11088,92335,70517,43994,0
73038,53987,19501,127025,92539,73488,1
73592,21858,631,95450,74223,22489,0
77970,13780,91885,91750,169855,105665,0
98739,16181,82414,114920,181153,98595,0
50160,20282,22391,70442,72551,42673,0
16764,43170,69424,59934,86188,112594,0
73999,26370,48886,100369,122885,75256,1
26308,72734,92990,99042,119298,165724,1
87795,47635,38999,135430,126794,86634,0
45969,87706,32036,133675,78005,119742,0
24869,54812,32353,79681,57222,87165,1
13787,7552,38344,21339,52131,45896,0
69158,33437,92833,102595,161991,126270,1
67313,383,45504,67696,112817,45887,0
75322,98832,62213,174154,137535,161045,1
42945,74980,15458,117925,58403,90438,0
26675,68956,44664,95631,71339,113620,1
77461,23477,23636,100938,101097,47113,0
64023,79739,38373,143762,102396,118112,1
15510,11739,96961,27249,112471,108700,0
87700,48878,7705,136578,95405,56583,0
22170,34920,27723,57090,49893,62643,1
65361,38259,22524,103620,87885,60783,0
43240,21345,15463,64585,58703,36808,0
28804,14050,32616,42854,61420,46666,1
35173,8562,83966,43735,119139,92528,0
26449,72354,19525,98803,45974,91879,0
12307,54454,47061,66761,59368,101515,1
40198,81104,59438,121302,99636,140542,1
75091,17245,92287,92336,167378,109532,1
87084,59459,58431,146543,145515,117890,1
45557,5754,39365,51311,84922,45119,0
32835,48289,51424,81124,84259,99713,1
68787,48477,55296,117264,124083,103773,1
53845,2351,79178,56196,133023,81529,0
1562,44063,13619,45625,15181,57682,0
93133,12334,70083,105467,163216,82417,0
62584,17540,51979,80124,114563,69519,1
78046,18434,15467,96480,93513,33901,0
29915,37538,91405,67453,121320,128943,0
4066,35623,17980,39689,22046,53603,0
16691,48560,7359,65251,24050,55919,0
22842,50071,29006,72913,51848,79077,1
31074,50190,88571,81264,119645,138761,0
98274,27339,42421,125613,140695,69760,0
93194,4186,90613,97380,183807,94799,1
28782,51246,59284,80028,88066,110530,1
11410,50465,36288,61875,47698,86753,0
37273,38364,3064,75637,40337,41428,1
55345,16888,12172,72233,67517,29060,0
32789,46467,98656,79256,131445,145123,0
93177,71826,98257,165003,191434,170083,1
65062,82087,98103,147149,163165,180190,1
59314,98912,72361,158226,131675,171273,1
41822,66837,25447,108659,67269,92284,1
91731,48100,28527,139831,120258,76627,0
29246,76026,69607,105272,98853,145633,1
98923,74076,32457,172999,131380,106533,1
72085,40144,74587,112229,146672,114731,1
57973,54263,90782,112236,148755,145045,1
81304,78561,6877,159865,88181,85438,1
48901,31574,5543,80475,54444,37117,0
51140,12598,41179,63738,92319,53777,1
96192,16530,51224,112722,147416,67754,0
1971,33380,93686,35351,95657,127066,0
37627,43712,59697,81339,97324,103409,1
19921,34600,97040,54521,116961,131640,0
7324,23592,26426,30916,33750,50018,1
60296,16858,49591,77154,109887,66449,1
35736,20883,80756,56619,116492,101639,0
86396,15795,92366,102191,178762,108161,1
29539,8334,15679,37873,45218,24013,0
64603,70348,84301,134951,148904,154649,1
81965,8783,47804,90748,129769,56587,0
8874,92054,99966,100928,108840,192020,1
85775,60881,50588,146656,136363,111469,1
23888,11124,32010,35012,55898,43134,1
73066,86719,9873,159785,82939,96592,0
12475,29276,86656,41751,99131,115932,0
68237,57534,78899,125771,147136,136433,1
49593,43094,95544,92687,145137,138638,0
77937,67948,1855,145885,79792,69803,0
71590,3434,4434,75024,76024,7868,0
34349,52397,47906,86746,82255,100303,1
43561,39066,73041,82627,116602,112107,1
95166,51967,90417,147133,185583,142384,1
6870,67036,17577,73906,24447,84613,0
56019,45407,16208,101426,72227,61615,1
80060,91797,51993,171857,132053,143790,1
94855,31374,66006,126229,160861,97380,1
6917,62176,16279,69093,23196,78455,0
94534,43661,4642,138195,99176,48303,0
24073,19896,56668,43969,80741,76564,0
53365,75560,99902,128925,153267,175462,1
49122,88249,19013,137371,68135,107262,0
58813,32211,7561,91024,66374,39772,0
40854,47495,33026,88349,73880,80521,1
72480,67339,35755,139819,108235,103094,1
55263,45362,34429,100625,89692,79791,1
77739,29883,72270,107622,150009,102153,1
38386,75653,61672,114039,100058,137325,1
24932,34009,43831,58941,68763,77840,1
93261,98704,84137,191965,177398,182841,1
52029,62765,22857,114794,74886,85622,1
66326,22081,79419,88407,145745,101500,1
56325,7159,1022,63484,57347,8181,0
77297,86917,34086,164214,111383,121003,1
43770,68970,39351,112740,83121,108321,1
2479,6248,98043,8727,100522,104291,0
86937,26540,8263,113477,95200,34803,0
93527,68502,70093,162029,163620,138595,1
14790,24373,6152,39163,20942,30525,0
76642,71566,31472,148208,108114,103038,1
38012,5648,70457,43660,108469,76105,0
31003,91702,78465,122705,109468,170167,1
33536,51436,5689,84972,39225,57125,0
30170,6901,49105,37071,79275,56006,0
55524,6622,76137,62146,131661,82759,0
4842,61162,6542,66004,11384,67704,0
14488,50642,63387,65130,77875,114029,1
30634,91922,93302,122556,123936,185224,1
46438,44639,81867,91077,128305,126506,1
49237,22304,31820,71541,81057,54124,1
42229,82938,9284,125167,51513,92222,0
32036,9189,2465,41225,34501,11654,0
12538,46948,74693,59486,87231,121641,0
99076,27342,96622,126418,195698,123964,1
68201,30191,84683,98392,152884,114874,1
16086,35016,32498,51102,48584,67514,1
66372,18210,90599,84582,156971,108809,0
39385,14907,31806,54292,71191,46713,1
17431,76813,11109,94244,28540,87922,0
43482,79978,59856,123460,103338,139834,1
6871,88407,9773,95278,16644,98180,0
7890,85680,84162,93570,92052,169842,1
53762,17314,41751,71076,95513,59065,1
87673,3734,53158,91407,140831,56892,0
93495,29606,3420,123101,96915,33026,0
73362,28933,36039,102295,109401,64972,0
52678,45762,95499,98440,148177,141261,1
4975,95458,82885,100433,87860,178343,0
96010,64812,33232,160822,129242,98044,1
67012,71620,48981,138632,115993,120601,1
67578,29362,29291,96940,96869,58653,0
53120,49423,28385,102543,81505,77808,1
17711,82246,43450,99957,61161,125696,0
96685,92461,37650,189146,134335,130111,1
44473,70300,24170,114773,68643,94470,0
50225,76956,34444,127181,84669,111400,1
38887,79345,31784,118232,70671,111129,0
18275,1065,43520,19340,61795,44585,0
70204,2510,75209,72714,145413,77719,0
10948,75699,76706,86647,87654,152405,1
97348,80012,30476,177360,127824,110488,1
65997,65108,91793,131105,157790,156901,1
87643,25886,36008,113529,123651,61894,0
43436,49991,42692,93427,86128,92683,1
19819,35866,59547,55685,79366,95413,0
38111,7174,13795,45285,51906,20969,0
61261,11339,17253,72600,78514,28592,0
53324,3946,45002,57270,98326,48948,0
84516,72741,72453,157257,156969,145194,1
84955,17012,46642,101967,131597,63654,0
41194,12121,74266,53315,115460,86387,0
4484,93582,69334,98066,73818,162916,0
9329,51366,78510,60695,87839,129876,0
54069,22017,96297,76086,150366,118314,0
51768,33690,2633,85458,54401,36323,0
18255,14563,35094,32818,53349,49657,0
73557,22921,11849,96478,85406,34770,0
72283,41108,16874,113391,89157,57982,0
91578,70830,94150,162408,185728,164980,1
75251,99815,74378,175066,149629,174193,1
31059,59574,21109,90633,52168,80683,0
44119,18976,42155,63095,86274,61131,1
42880,6476,51626,49356,94506,58102,0
8432,7626,49201,16058,57633,56827,0
27518,5780,67721,33298,95239,73501,0
31107,63364,69727,94471,100834,133091,1
39993,87324,41178,127317,81171,128502,0
11410,94023,92310,105433,103720,186333,1
32290,90170,36378,122460,68668,126548,0
23688,31301,83914,54989,107602,115215,0
42788,39104,54640,81892,97428,93744,1
43588,7938,4808,51526,48396,12746,0
29065,61079,60040,90144,89105,121119,1
341,83761,14672,84102,15013,98433,0
52074,70957,37313,123031,89387,108270,1
51044,69621,43385,120665,94429,113006,1
40539,13147,85498,53686,126037,98645,0
62173,95873,10559,158046,72732,106432,0
99205,54541,50565,153746,149770,105106,1
16178,31172,95830,47350,112008,127002,0
59120,49464,1696,108584,60816,51160,0
45409,25796,67026,71205,112435,92822,1
35019,99384,70831,134403,105850,170215,1
74740,95773,7312,170513,82052,103085,0
82544,76850,56852,159394,139396,133702,1
8491,30170,81611,38661,90102,111781,0
33006,69440,94952,102446,127958,164392,1
57907,28011,30039,85918,87946,58050,1
67388,90978,12370,158366,79758,103348,0
21262,96694,6923,117956,28185,103617,0
84085,98688,83170,182773,167255,181858,1
86728,26266,27393,112994,114121,53659,0
2527,64395,50077,66922,52604,114472,0
70619,1323,18814,71942,89433,20137,0
59696,31640,5629,91336,65325,37269,0
74339,28881,74162,103220,148501,103043,1
65892,38227,65957,104119,131849,104184,1
51859,64428,50183,116287,102042,114611,1
69016,11252,42059,80268,111075,53311,0
3253,74837,34445,78090,37698,109282,0
14327,32468,48387,46795,62714,80855,0
3115,69969,13801,73084,16916,83770,0
94325,60742,37977,155067,132302,98719,1
8552,9144,99787,17696,108339,108931,0
80887,34625,33483,115512,114370,68108,0
47464,43730,91400,91194,138864,135130,0
96444,62820,54285,159264,150729,117105,1
79603,65572,60508,145175,140111,126080,1
52065,55210,5784,107275,57849,60994,1
22794,90076,10822,112870,33616,100898,0
94046,580,3793,94626,97839,4373,0
26852,66315,42954,93167,69806,109269,1
87162,48229,73925,135391,161087,122154,1
3219,78333,1653,81552,4872,79986,0
98610,81720,39798,180330,138408,121518,1
39675,41269,7017,80944,46692,48286,1
50275,98255,21245,148530,71520,119500,0
96455,8789,95801,105244,192256,104590,1
95040,93199,16566,188239,111606,109765,1
54969,19077,33134,74046,88103,52211,0
61153,33617,12180,94770,73333,45797,0
44417,80958,27367,125375,71784,108325,0
86901,48588,35211,135489,122112,83799,0
59233,69259,69650,128492,128883,138909,1
62507,99662,87549,162169,150056,187211,1
83850,51198,89420,135048,173270,140618,1
15147,25251,81593,40398,96740,106844,0
49253,978,81423,50231,130676,82401,0
13707,32784,14957,46491,28664,47741,0
3422,32417,26037,35839,29459,58454,0
65011,63473,28965,128484,93976,92438,1
77750,75817,41938,153567,119688,117755,1
63544,35238,20469,98782,84013,55707,0
57119,98531,9340,155650,66459,107871,0
29872,10520,22314,40392,52186,32834,1
7236,43487,40611,50723,47847,84098,1
41377,61873,62884,103250,104261,124757,1
83431,44232,52907,127663,136338,97139,1
58718,83120,98467,141838,157185,181587,1
7522,12001,82246,19523,89768,94247,0
35679,36916,85130,72595,120809,122046,0
88888,92729,90418,181617,179306,183147,1
63306,44784,9407,108090,72713,54191,0
9966,23699,99549,33665,109515,123248,0
74355,96426,86341,170781,160696,182767,1
83423,36809,74599,120232,158022,111408,1
8033,20425,10915,28458,18948,31340,0
71968,88036,30456,160004,102424,118492,1
53893,41976,32693,95869,86586,74669,1
12374,45507,32798,57881,45172,78305,0
78516,80478,37984,158994,116500,118462,1
76969,25295,20099,102264,97068,45394,0
21685,11684,97927,33369,119612,109611,0
36324,44521,42551,80845,78875,87072,1
21691,46551,16651,68242,38342,63202,0
18639,80155,60372,98794,79011,140527,0
93788,23807,77134,117595,170922,100941,1
98758,82435,97655,181193,196413,180090,1
79307,77155,59341,156462,138648,136496,1
12051,58883,30859,70934,42910,89742,0
8553,92901,7565,101454,16118,100466,0
30133,12931,41987,43064,72120,54918,1
24849,14222,9034,39071,33883,23256,0
75419,6215,43682,81634,119101,49897,0
159,7131,12687,7290,12846,19818,0
92463,3722,95966,96185,188429,99688,1
61912,61938,7201,123850,69113,69139,1
61395,16650,14182,78045,75577,30832,0
15437,3493,36893,18930,52330,40386,0
9031,1610,10470,10641,19501,12080,1
35051,85702,94960,120753,130011,180662,1
23104,25706,7562,48810,30666,33268,1
46608,3660,77250,50268,123858,80910,0
96600,79233,63698,175833,160298,142931,1
71958,24715,8396,96673,80354,33111,0
11203,29630,19870,40833,31073,49500,1
57795,36147,67221,93942,125016,103368,1
21487,15304,78136,36791,99623,93440,0
67019,8752,52853,75771,119872,61605,0
81002,90475,57317,171477,138319,147792,1
53577,19473,61224,73050,114801,80697,1
3115,5415,91033,8530,94148,96448,0
39168,30553,26875,69721,66043,57428,1
70688,68764,44789,139452,115477,113553,1
71558,10591,15437,82149,86995,26028,0
60825,76526,30830,137351,91655,107356,1
27181,54303,63948,81484,91129,118251,1
12701,72290,42967,84991,55668,115257,0
68103,24765,26678,92868,94781,51443,0
1563,21554,46173,23117,47736,67727,0
22900,85406,3982,108306,26882,89388,0
52642,79386,28194,132028,80836,107580,1
77050,45433,56736,122483,133786,102169,1
17340,97279,34788,114619,52128,132067,0
29932,72183,8049,102115,37981,80232,0
38383,16253,85291,54636,123674,101544,0
59014,29718,34900,88732,93914,64618,1
94083,63728,70012,157811,164095,133740,1
62038,4672,34734,66710,96772,39406,0
49557,66365,56192,115922,105749,122557,1
94597,99097,9090,193694,103687,108187,1
11082,39095,6673,50177,17755,45768,0
32842,57569,21275,90411,54117,78844,0
45102,57003,30203,102105,75305,87206,1
45785,17847,23835,63632,69620,41682,0
89673,98530,77467,188203,167140,175997,1
36847,48926,83925,85773,120772,132851,1
32831,33756,6624,66587,39455,40380,1
8943,73251,87069,82194,96012,160320,0
37963,60599,76457,98562,114420,137056,1
77370,63186,12364,140556,89734,75550,0
72404,68786,10467,141190,82871,79253,1
61512,61842,58377,123354,119889,120219,1
44603,50923,11037,95526,55640,61960,1
42089,38398,45602,80487,87691,84000,1
46938,13647,77025,60585,123963,90672,0
87463,10814,46343,98277,133806,57157,0
76951,67164,71535,144115,148486,138699,1
64227,13181,21115,77408,85342,34296,0
19415,22718,34464,42133,53879,57182,1
44640,5999,93188,50639,137828,99187,0
13246,87527,5566,100773,18812,93093,0
81790,68233,42131,150023,123921,110364,1
47699,94101,30025,141800,77724,124126,0
82418,77017,87705,159435,170123,164722,1
65354,7166,11336,72520,76690,18502,0
81266,19573,23126,100839,104392,42699,0
48294,51142,18612,99436,66906,69754,1
39283,29492,6362,68775,45645,35854,0
68954,70448,61691,139402,130645,132139,1
31054,18915,10122,49969,41176,29037,0
85059,34220,85512,119279,170571,119732,1
25823,31889,9155,57712,34978,41044,1
83805,1026,71487,84831,155292,72513,0
31698,33450,63482,65148,95180,96932,1
30906,92761,75368,123667,106274,168129,1
24372,62953,93366,87325,117738,156319,0
12799,74697,84947,87496,97746,159644,1
41989,49803,15748,91792,57737,65551,1
33073,21615,26398,54688,59471,48013,1
83896,18947,52844,102843,136740,71791,0
17824,85109,81692,102933,99516,166801,1
7555,46480,88603,54035,96158,135083,0
25382,3513,36021,28895,61403,39534,0
3576,9038,10384,12614,13960,19422,1
79952,34025,88676,113977,168628,122701,1
16665,52919,68274,69584,84939,121193,1
28793,11325,1378,40118,30171,12703,0
2398,58249,5930,60647,8328,64179,0
41431,11706,80940,53137,122371,92646,0
69891,5518,72052,75409,141943,77570,1
36763,85116,92205,121879,128968,177321,1
58963,82879,92510,141842,151473,175389,1
35332,90744,44323,126076,79655,135067,0
68794,31218,65969,100012,134763,97187,1
10106,89838,7332,99944,17438,97170,0
48727,92262,24894,140989,73621,117156,0
49363,47435,26574,96798,75937,74009,1
95941,36699,855,132640,96796,37554,0
3275,42315,35501,45590,38776,77816,0
35061,58914,31143,93975,66204,90057,1
86652,37533,65144,124185,151796,102677,1
53945,82116,57123,136061,111068,139239,1
78340,11710,89596,90050,167936,101306,1
91533,93771,57433,185304,148966,151204,1
41087,85431,91984,126518,133071,177415,1
39373,18693,19209,58066,58582,37902,0
46588,95415,26378,142003,72966,121793,0
10243,61320,77578,71563,87821,138898,0
91107,7898,10963,99005,102070,18861,0
36681,42742,7778,79423,44459,50520,1
33737,89427,82475,123164,116212,171902,1
46550,74646,90893,121196,137443,165539,1
86456,22094,95052,108550,181508,117146,1
14252,49106,49626,63358,63878,98732,1
31426,53366,36138,84792,67564,89504,1
39963,99078,83746,139041,123709,182824,1
27773,540,93729,28313,121502,94269,0
27364,24362,21277,51726,48641,45639,1
75448,20989,25531,96437,100979,46520,0
4271,96538,34959,100809,39230,131497,0
32003,38662,88971,70665,120974,127633,0
15483,59121,79376,74604,94859,138497,0
42620,75550,69754,118170,112374,145304,1
68057,64425,26558,132482,94615,90983,1
42552,42395,52355,84947,94907,94750,1
27682,75261,68968,102943,96650,144229,1
47677,59107,54035,106784,101712,113142,1
6044,49082,5529,55126,11573,54611,0
69331,33599,41577,102930,110908,75176,1
13364,49193,99787,62557,113151,148980,0
75968,31969,49636,107937,125604,81605,1
53686,53233,31296,106919,84982,84529,1
12002,76947,60700,88949,72702,137647,0
55232,39415,18466,94647,73698,57881,1
52414,48772,40251,101186,92665,89023,1
31411,39413,2220,70824,33631,41633,0
92518,39237,28578,131755,121096,67815,0
91033,18046,84793,109079,175826,102839,1
4300,56586,4033,60886,8333,60619,0
61554,63234,71824,124788,133378,135058,1
21959,52433,77721,74392,99680,130154,0
47146,40841,10623,87987,57769,51464,1
27139,44916,68845,72055,95984,113761,1
71852,81937,43459,153789,115311,125396,1
63604,86086,25823,149690,89427,111909,1
60945,80366,51493,141311,112438,131859,1
16971,80939,46547,97910,63518,127486,0
90611,95041,13952,185652,104563,108993,1
94807,20683,8486,115490,103293,29169,0
79345,80162,30329,159507,109674,110491,1
92498,93378,32883,185876,125381,126261,1
48887,15775,74064,64662,122951,89839,0
52255,83808,25462,136063,77717,109270,0
41989,2304,25377,44293,67366,27681,0
65927,5057,5893,70984,71820,10950,0
53945,64707,49982,118652,103927,114689,1
77600,2582,97078,80182,174678,99660,0
98273,62067,72410,160340,170683,134477,1
30686,66733,51283,97419,81969,118016,1
4209,36143,88915,40352,93124,125058,0
91971,91668,94275,183639,186246,185943,1
85070,70423,24749,155493,109819,95172,1
76335,42317,72379,118652,148714,114696,1
59413,85130,40260,144543,99673,125390,1
483,36077,62643,36560,63126,98720,0
33259,45969,87905,79228,121164,133874,0
93456,89803,33910,183259,127366,123713,1
3604,22551,79278,26155,82882,101829,0
75755,73408,79206,149163,154961,152614,1
27543,59881,92266,87424,119809,152147,0
28050,78631,25492,106681,53542,104123,0
69031,44930,33872,113961,102903,78802,1
79121,39610,94132,118731,173253,133742,1
86429,72798,59722,159227,146151,132520,1
77132,4164,31534,81296,108666,35698,0
19932,90087,35553,110019,55485,125640,0
45743,13464,94222,59207,139965,107686,0
19255,43670,13165,62925,32420,56835,0
60531,55337,41793,115868,102324,97130,1
93605,98922,88381,192527,181986,187303,1
15343,88193,15520,103536,30863,103713,0
54747,2425,90215,57172,144962,92640,0
23165,43605,58108,66770,81273,101713,1
31115,29530,97303,60645,128418,126833,0
78199,12628,71344,90827,149543,83972,1
1202,64802,31840,66004,33042,96642,0
28414,45804,39005,74218,67419,84809,1
85035,88729,56151,173764,141186,144880,1
20332,86489,16198,106821,36530,102687,0
86207,83925,18390,170132,104597,102315,1
31216,21966,52024,53182,83240,73990,1
88424,54262,74789,142686,163213,129051,1
37594,82568,33439,120162,71033,116007,0
98113,99043,31256,197156,129369,130299,1
43646,82317,98620,125963,142266,180937,1
77821,85083,52832,162904,130653,137915,1
13895,57690,51935,71585,65830,109625,1
93689,54119,62737,147808,156426,116856,1
88938,8892,96370,97830,185308,105262,1
50443,50163,97943,100606,148386,148106,1
45507,48142,42016,93649,87523,90158,1
91857,58601,1297,150458,93154,59898,0
58839,50993,42009,109832,100848,93002,1
56618,153,73338,56771,129956,73491,0
96749,50546,7257,147295,104006,57803,0
81135,97469,81603,178604,162738,179072,1
85494,67700,25680,153194,111174,93380,1
33797,11172,94111,44969,127908,105283,0
7276,66851,20565,74127,27841,87416,0
13704,6875,64460,20579,78164,71335,0
34244,48580,54408,82824,88652,102988,1
76600,2891,60588,79491,137188,63479,0
36396,26100,70669,62496,107065,96769,0
84268,68621,28286,152889,112554,96907,1
86733,36374,26482,123107,113215,62856,0
54786,81297,76641,136083,131427,157938,1
76371,66787,70244,143158,146615,137031,1
79164,87136,55967,166300,135131,143103,1
57534,27820,2235,85354,59769,30055,0
47838,57278,37579,105116,85417,94857,1
4028,31216,78146,35244,82174,109362,0
69213,86443,44088,155656,113301,130531,1
21612,89144,65891,110756,87503,155035,0
13457,28066,11021,41523,24478,39087,0
37741,54338,16613,92079,54354,70951,1
95560,88686,19623,184246,115183,108309,1
39687,78424,2403,118111,42090,80827,0
39147,66540,34234,105687,73381,100774,1
30686,13108,54471,43794,85157,67579,0
99771,42890,82504,142661,182275,125394,1
45992,45895,53568,91887,99560,99463,1
44416,99,95983,44515,140399,96082,0
19629,89726,94701,109355,114330,184427,1
55409,78295,37431,133704,92840,115726,1
45490,36111,38708,81601,84198,74819,1
67072,63376,31652,130448,98724,95028,1
56423,29581,29424,86004,85847,59005,1
78951,29266,75386,108217,154337,104652,1
95692,72712,20037,168404,115729,92749,0
77065,46181,5226,123246,82291,51407,0
60568,54395,15780,114963,76348,70175,1
3670,62724,55576,66394,59246,118300,0
94397,97021,28529,191418,122926,125550,1
29392,56973,70264,86365,99656,127237,1
23282,36625,45932,59907,69214,82557,1
43009,99766,95009,142775,138018,194775,1
42950,96127,46397,139077,89347,142524,0
85377,11362,4706,96739,90083,16068,0
73366,86440,33699,159806,107065,120139,1
87843,25355,38345,113198,126188,63700,0
24928,19074,53947,44002,78875,73021,0
82026,69434,80658,151460,162684,150092,1
44310,16217,69503,60527,113813,85720,0
46124,85385,89432,131509,135556,174817,1
26293,87455,62028,113748,88321,149483,1
39224,16208,76078,55432,115302,92286,0
23099,6472,89316,29571,112415,95788,0
25741,42006,33904,67747,59645,75910,1
21188,71802,5688,92990,26876,77490,0
66484,96731,86846,163215,153330,183577,1
14017,18681,69436,32698,83453,88117,0
89879,21597,81244,111476,171123,102841,1
65345,55577,71314,120922,136659,126891,1
90510,2819,55199,93329,145709,58018,0
50795,69589,64167,120384,114962,133756,1
7388,73901,5759,81289,13147,79660,0
74960,85776,34849,160736,109809,120625,1
63623,59611,76309,123234,139932,135920,1
45401,44607,29887,90008,75288,74494,1
69066,12312,6579,81378,75645,18891,0
70756,46476,99376,117232,170132,145852,1
75392,39136,23044,114528,98436,62180,0
96902,34255,77891,131157,174793,112146,1
73378,64488,27552,137866,100930,92040,1
7867,62131,69536,69998,77403,131667,1
58264,76676,57548,134940,115812,134224,1
31924,11205,12598,43129,44522,23803,0
10856,72153,5069,83009,15925,77222,0
27152,93469,31578,120621,58730,125047,0
94904,28598,35198,123502,130102,63796,0
2716,4383,66884,7099,69600,71267,0
42704,20410,64274,63114,106978,84684,0
62417,22949,4148,85366,66565,27097,0
44116,10534,91847,54650,135963,102381,0
31754,56654,71686,88408,103440,128340,1
79653,63887,22994,143540,102647,86881,1
47568,95234,87830,142802,135398,183064,1
49392,624,95846,50016,145238,96470,0
57022,54706,96706,111728,153728,151412,1
44054,53107,33231,97161,77285,86338,1
64034,81097,81084,145131,145118,162181,1
43421,74328,99099,117749,142520,173427,1
31719,19995,50055,51714,81774,70050,1
74784,18395,1069,93179,75853,19464,0
97543,12984,96146,110527,193689,109130,1
95129,12218,82983,107347,178112,95201,1
94022,82027,92895,176049,186917,174922,1
10214,45602,45542,55816,55756,91144,1
57295,21863,36969,79158,94264,58832,1
57418,15597,94958,73015,152376,110555,0
38493,26672,42569,65165,81062,69241,1
20323,36705,59052,57028,79375,95757,0
395,23551,44210,23946,44605,67761,0
79693,6410,18225,86103,97918,24635,0
92990,96799,4659,189789,97649,101458,1
67875,59132,1642,127007,69517,60774,0
17900,78893,7279,96793,25179,86172,0
95179,26284,64173,121463,159352,90457,0
9124,91871,99083,100995,108207,190954,1
16580,94949,4220,111529,20800,99169,0
33031,72922,61882,105953,94913,134804,1
57938,78809,75164,136747,133102,153973,1
73542,49218,55841,122760,129383,105059,1
18396,89772,37176,108168,55572,126948,0
73778,23502,68610,97280,142388,92112,1
42102,26020,32762,68122,74864,58782,1
92836,13218,99383,106054,192219,112601,1
34036,10086,56263,44122,90299,66349,0
61407,49058,54317,110465,115724,103375,1
681,76956,5535,77637,6216,82491,0
52886,75655,22140,128541,75026,97795,0
51437,64532,22004,115969,73441,86536,1
68764,14071,96680,82835,165444,110751,0
1430,63821,16436,65251,17866,80257,0
68723,59837,86924,128560,155647,146761,1
28515,26310,67751,54825,96266,94061,0
12138,94284,9794,106422,21932,104078,0
49139,39490,55167,88629,104306,94657,1
31942,43186,88021,75128,119963,131207,0
99803,99093,7300,198896,107103,106393,1
62040,27182,56141,89222,118181,83323,1
34307,64487,81650,98794,115957,146137,1
77813,46052,86302,123865,164115,132354,1
30069,1203,73895,31272,103964,75098,0
45453,62534,28316,107987,73769,90850,1
79251,74058,66102,153309,145353,140160,1
15864,77691,83567,93555,99431,161258,1
28202,87972,89886,116174,118088,177858,1
40118,92034,42224,132152,82342,134258,0
75167,35236,25748,110403,100915,60984,0
66779,96883,75192,163662,141971,172075,1
78950,4872,7528,83822,86478,12400,0
85350,30660,90896,116010,176246,121556,1
3509,27959,34737,31468,38246,62696,0
28607,4284,1242,32891,29849,5526,0
82980,78084,55578,161064,138558,133662,1
83699,78646,18487,162345,102186,97133,1
46531,41819,57629,88350,104160,99448,1
33554,80209,93927,113763,127481,174136,1
62088,82198,20669,144286,82757,102867,1
28066,74659,13515,102725,41581,88174,0
97711,93740,57498,191451,155209,151238,1
6631,46021,99717,52652,106348,145738,0
21349,55827,20460,77176,41809,76287,0
5115,6220,20646,11335,25761,26866,0
3080,25130,7971,28210,11051,33101,0
79859,40473,12409,120332,92268,52882,0
74636,89954,38991,164590,113627,128945,1
32531,76547,86852,109078,119383,163399,1
5963,9975,17331,15938,23294,27306,0
81450,26813,39102,108263,120552,65915,0
12672,10322,57819,22994,70491,68141,0
6605,90961,20017,97566,26622,110978,0
23204,51590,74690,74794,97894,126280,1
58243,16065,86219,74308,144462,102284,0
7941,49957,11726,57898,19667,61683,0
7596,27906,81158,35502,88754,109064,0
38212,53069,97189,91281,135401,150258,0
93316,48842,49515,142158,142831,98357,1
19732,41558,73952,61290,93684,115510,0
14177,39128,91828,53305,106005,130956,0
78392,4018,70607,82410,148999,74625,0
1630,18289,2229,19919,3859,20518,0
41365,60764,62062,102129,103427,122826,1
38920,27919,44377,66839,83297,72296,1
17244,96719,22964,113963,40208,119683,0
14682,39991,65100,54673,79782,105091,0
18831,11670,54952,30501,73783,66622,0
12930,41285,85357,54215,98287,126642,0
50995,63235,84038,114230,135033,147273,1
1450,78280,19543,79730,20993,97823,0
91578,64408,30509,155986,122087,94917,1
74439,36252,22664,110691,97103,58916,0
6510,76331,93396,82841,99906,169727,0
11425,5824,58055,17249,69480,63879,0
64923,55744,59970,120667,124893,115714,1
19634,44392,1019,64026,20653,45411,0
11798,82770,54071,94568,65869,136841,0
34375,96868,86603,131243,120978,183471,1
50016,60456,79303,110472,129319,139759,1
65578,79794,53381,145372,118959,133175,1
65990,23036,19030,89026,85020,42066,0
55419,32240,12963,87659,68382,45203,0
12110,52411,51582,64521,63692,103993,1
69440,42369,863,111809,70303,43232,0
46634,26888,44586,73522,91220,71474,1
63012,72797,28109,135809,91121,100906,1
28743,56092,41652,84835,70395,97744,1
1779,71558,86896,73337,88675,158454,0
17142,77774,24212,94916,41354,101986,0
19861,49318,66713,69179,86574,116031,1
13849,34653,58753,48502,72602,93406,0
85657,42512,64782,128169,150439,107294,1
20338,27388,17919,47726,38257,45307,1
14024,45126,87079,59150,101103,132205,0
29649,91563,49127,121212,78776,140690,0
83543,41488,26485,125031,110028,67973,0
23253,14223,5588,37476,28841,19811,0
72735,81913,37523,154648,110258,119436,1
36616,89303,2561,125919,39177,91864,0
33569,66042,78391,99611,111960,144433,1
16070,83292,26808,99362,42878,110100,0
28123,54303,23090,82426,51213,77393,0
25389,11359,44383,36748,69772,55742,0
27918,48325,70179,76243,98097,118504,1
96340,34939,12342,131279,108682,47281,0
90753,9767,88867,100520,179620,98634,1
43304,13603,99585,56907,142889,113188,0
34552,45625,42791,80177,77343,88416,1
39443,41445,80855,80888,120298,122300,1
2029,72416,26077,74445,28106,98493,0
79781,14386,26733,94167,106514,41119,0
65616,47691,57725,113307,123341,105416,1
97535,21357,61650,118892,159185,83007,0
74475,23549,46517,98024,120992,70066,0
1254,54233,71513,55487,72767,125746,0
7232,59135,85080,66367,92312,144215,0
30827,9807,22731,40634,53558,32538,1
49669,52662,66669,102331,116338,119331,1
67876,55550,65620,123426,133496,121170,1
31938,44584,74316,76522,106254,118900,1
78470,76018,36563,154488,115033,112581,1
52987,35578,68061,88565,121048,103639,1
99905,31567,66467,131472,166372,98034,0
3380,39754,83666,43134,87046,123420,0
2727,30244,28654,32971,31381,58898,1
13585,37692,44420,51277,58005,82112,1
76307,52773,37371,129080,113678,90144,1
55934,53617,77232,109551,133166,130849,1
17982,7840,98829,25822,116811,106669,0
26759,71616,4924,98375,31683,76540,0
58459,12543,48017,71002,106476,60560,1
44227,27023,65811,71250,110038,92834,1
92531,2790,30851,95321,123382,33641,0
89097,81307,31822,170404,120919,113129,1
63094,49492,96596,112586,159690,146088,1
94229,4033,98410,98262,192639,102443,0
59387,74458,94239,133845,153626,168697,1
68257,73764,30114,142021,98371,103878,1
6360,45110,37445,51470,43805,82555,0
76596,13680,77126,90276,153722,90806,1
53990,56720,48525,110710,102515,105245,1
74168,94751,5149,168919,79317,99900,0
64114,88695,48408,152809,112522,137103,1
58887,75725,70116,134612,129003,145841,1
31774,45252,50562,77026,82336,95814,1
47617,32922,88561,80539,136178,121483,0
92250,19843,15933,112093,108183,35776,0
25422,76552,89707,101974,115129,166259,1
44081,4085,86175,48166,130256,90260,0
99221,26348,50921,125569,150142,77269,0
91179,19336,26490,110515,117669,45826,0
5345,82724,96746,88069,102091,179470,0
6869,14123,8398,20992,15267,22521,1
94478,41066,99221,135544,193699,140287,1
55690,68246,74030,123936,129720,142276,1
9141,90340,17178,99481,26319,107518,0
98846,45706,5476,144552,104322,51182,0
82813,63380,59592,146193,142405,122972,1
4021,36586,77229,40607,81250,113815,0
48718,46257,43595,94975,92313,89852,1
54641,82404,30103,137045,84744,112507,1
21035,43588,67682,64623,88717,111270,0
99831,96643,70851,196474,170682,167494,1
46431,8452,5718,54883,52149,14170,0
77641,94503,59889,172144,137530,154392,1
46428,62005,97439,108433,143867,159444,1
87416,39529,56090,126945,143506,95619,1
65061,6471,87685,71532,152746,94156,0
53956,93790,40559,147746,94515,134349,1
27465,49292,7695,76757,35160,56987,0
57131,93427,19795,150558,76926,113222,0
54102,33441,95905,87543,150007,129346,0
62137,94556,31548,156693,93685,126104,0
4868,83141,61517,88009,66385,144658,0
89332,38348,65162,127680,154494,103510,1
1530,10191,22195,11721,23725,32386,0
44024,94785,27836,138809,71860,122621,0
30964,45377,57477,76341,88441,102854,1
90144,95412,62292,185556,152436,157704,1
94572,60077,35051,154649,129623,95128,1
50257,10041,11075,60298,61332,21116,0
19462,93185,88660,112647,108122,181845,1
9846,43507,11192,53353,21038,54699,0
69372,26039,56528,95411,125900,82567,1
89299,19515,42313,108814,131612,61828,0
2188,52551,87568,54739,89756,140119,0
60950,98685,49427,159635,110377,148112,1
22584,74865,66080,97449,88664,140945,1
14323,29722,53460,44045,67783,83182,0
51309,12343,28313,63652,79622,40656,0
53769,27596,82131,81365,135900,109727,0
46824,48562,83169,95386,129993,131731,1
40011,22669,60398,62680,100409,83067,1
4340,70445,37558,74785,41898,108003,0
95526,21158,51846,116684,147372,73004,0
23834,62123,80995,85957,104829,143118,1
50404,4069,98939,54473,149343,103008,0
41625,71502,75558,113127,117183,147060,1
31319,95466,37322,126785,68641,132788,0
97983,95981,49262,193964,147245,145243,1
57095,38597,39831,95692,96926,78428,1
17783,31696,50170,49479,67953,81866,0
11553,58695,43875,70248,55428,102570,0
14488,60109,76967,74597,91455,137076,0
76758,40697,73410,117455,150168,114107,1
69465,11468,85409,80933,154874,96877,0
68712,20379,2025,89091,70737,22404,0
90336,10186,26752,100522,117088,36938,0
44097,15591,340,59688,44437,15931,0
59314,59277,19496,118591,78810,78773,1
77548,4527,21059,82075,98607,25586,0
46580,22742,23505,69322,70085,46247,0
88299,51582,75850,139881,164149,127432,1
41678,17169,72363,58847,114041,89532,0
68480,32747,95282,101227,163762,128029,1
81053,24953,70047,106006,151100,95000,1
12339,16251,8785,28590,21124,25036,1
43331,79158,61271,122489,104602,140429,1
48729,32332,41418,81061,90147,73750,1
93760,80499,14787,174259,108547,95286,1
6672,10786,97430,17458,104102,108216,0
84349,50828,91191,135177,175540,142019,1
22599,61016,46618,83615,69217,107634,1
12269,69528,72828,81797,85097,142356,1
65586,48436,70869,114022,136455,119305,1
60646,42579,67608,103225,128254,110187,1
92118,47887,87854,140005,179972,135741,1
63292,82136,71016,145428,134308,153152,1
15898,20032,22351,35930,38249,42383,1
18326,55617,57964,73943,76290,113581,1
19641,76827,60976,96468,80617,137803,1
59629,67532,661,127161,60290,68193,0
17236,27957,26816,45193,44052,54773,1
8809,82776,31001,91585,39810,113777,0
41540,31879,32047,73419,73587,63926,1
59445,52321,11763,111766,71208,64084,1
92507,76110,90364,168617,182871,166474,1
14543,72052,75190,86595,89733,147242,1
89208,91886,55001,181094,144209,146887,1
87952,78114,16644,166066,104596,94758,1
62631,95110,31412,157741,94043,126522,0
15556,80488,1049,96044,16605,81537,0
22625,17861,22014,40486,44639,39875,1
28850,92837,74128,121687,102978,166965,1
46347,49760,84631,96107,130978,134391,1
74534,21253,7274,95787,81808,28527,0
73400,26667,45928,100067,119328,72595,0
26645,97549,50601,124194,77246,148150,0
98176,1394,4895,99570,103071,6289,0
87038,9486,57827,96524,144865,67313,0
52242,76117,5806,128359,58048,81923,0
41561,79527,81828,121088,123389,161355,1
85609,97989,30741,183598,116350,128730,1
10896,92362,94150,103258,105046,186512,1
30005,28380,37517,58385,67522,65897,1
45311,4101,85613,49412,130924,89714,0
2140,53157,65675,55297,67815,118832,0
75080,16374,56217,91454,131297,72591,0
25212,16345,99597,41557,124809,115942,0
18997,64236,17102,83233,36099,81338,0
91984,7082,7133,99066,99117,14215,0
6698,16330,43889,23028,50587,60219,0
18790,33083,43508,51873,62298,76591,1
87658,55263,98808,142921,186466,154071,1
15017,66040,60920,81057,75937,126960,1
711,14478,65636,15189,66347,80114,0
37942,76593,63116,114535,101058,139709,1
48368,33625,59472,81993,107840,93097,1
15325,93238,34192,108563,49517,127430,0
58199,30783,14722,88982,72921,45505,0
88666,76467,4770,165133,93436,81237,0
67409,40218,35021,107627,102430,75239,1
14051,38445,63023,52496,77074,101468,0
91108,9423,28841,100531,119949,38264,0
59363,35190,94783,94553,154146,129973,0
61045,74934,76714,135979,137759,151648,1
15409,73801,46196,89210,61605,119997,0
59803,55970,22196,115773,81999,78166,1
69149,87396,22387,156545,91536,109783,1
38176,97270,87583,135446,125759,184853,1
5539,79670,59110,85209,64649,138780,0
68135,48085,21674,116220,89809,69759,1
81309,10625,72200,91934,153509,82825,1
65978,49313,4957,115291,70935,54270,0
73053,44661,80375,117714,153428,125036,1
18834,27867,17448,46701,36282,45315,1
40751,9036,32852,49787,73603,41888,1
90164,65021,94977,155185,185141,159998,1
7513,3100,6226,10613,13739,9326,1
82782,45108,67173,127890,149955,112281,1
27286,90016,42172,117302,69458,132188,0
43712,72392,67890,116104,111602,140282,1
88599,96798,97297,185397,185896,194095,1
23185,74779,49850,97964,73035,124629,0
83995,55128,48093,139123,132088,103221,1
76019,17629,94957,93648,170976,112586,0
86405,8547,21175,94952,107580,29722,0
65009,16763,94798,81772,159807,111561,0
58522,85902,92623,144424,151145,178525,1
83019,68425,52786,151444,135805,121211,1
56657,52776,9000,109433,65657,61776,1
91060,24638,27587,115698,118647,52225,0
29170,96902,33276,126072,62446,130178,0
1127,57841,98852,58968,99979,156693,0
61201,82997,13390,144198,74591,96387,0
95044,94357,89783,189401,184827,184140,1
88188,33872,60956,122060,149144,94828,1
21247,13579,14343,34826,35590,27922,1
1296,24144,62107,25440,63403,86251,0
691,69512,88523,70203,89214,158035,0
23324,50983,68756,74307,92080,119739,1
6641,76179,38217,82820,44858,114396,0
25291,77315,33400,102606,58691,110715,0
52253,44639,47085,96892,99338,91724,1
48405,47681,8277,96086,56682,55958,1
50200,97459,15782,147659,65982,113241,0
48018,89631,41201,137649,89219,130832,0
55208,41030,36335,96238,91543,77365,1
60816,6504,37647,67320,98463,44151,0
96666,82914,2825,179580,99491,85739,0
45378,40947,13649,86325,59027,54596,1
20846,48674,39506,69520,60352,88180,1
79038,70267,59438,149305,138476,129705,1
90563,30569,73479,121132,164042,104048,1
48384,61098,7362,109482,55746,68460,0
88461,94771,61274,183232,149735,156045,1
900,41576,65252,42476,66152,106828,0
29811,20286,95937,50097,125748,116223,0
30817,4917,62732,35734,93549,67649,0
46323,64811,2829,111134,49152,67640,0
49030,57568,98944,106598,147974,156512,1
92728,33959,98066,126687,190794,132025,1
38381,49652,61378,88033,99759,111030,1
89827,5020,45127,94847,134954,50147,0
8576,59259,41066,67835,49642,100325,0
96698,75691,2479,172389,99177,78170,0
26024,64820,4754,90844,30778,69574,0
4810,84870,98759,89680,103569,183629,0
77807,70227,83217,148034,161024,153444,1
85440,65244,89441,150684,174881,154685,1
11804,24213,57289,36017,69093,81502,0
66337,89653,8063,155990,74400,97716,0
40784,18764,95560,59548,136344,114324,0
48130,53463,97063,101593,145193,150526,1
98336,77423,32061,175759,130397,109484,1
46720,64665,53559,111385,100279,118224,1
60899,44035,38438,104934,99337,82473,1
43286,30191,10493,73477,53779,40684,0
15293,51342,38673,66635,53966,90015,1
60091,24590,65840,84681,125931,90430,1
9233,1333,63935,10566,73168,65268,0
99500,43901,62974,143401,162474,106875,1
2605,4849,27092,7454,29697,31941,0
56294,77037,21650,133331,77944,98687,1
79151,49209,40863,128360,120014,90072,1
6689,59128,70316,65817,77005,129444,0
19989,68287,98405,88276,118394,166692,0
82968,15910,47099,98878,130067,63009,0
41531,33927,18829,75458,60360,52756,1
38751,17098,80223,55849,118974,97321,0
28624,69884,83180,98508,111804,153064,1
91860,12798,60771,104658,152631,73569,0
81061,42600,55688,123661,136749,98288,1
37187,30353,72538,67540,109725,102891,0
45727,18162,47656,63889,93383,65818,1
20538,90642,78056,111180,98594,168698,1
92369,52913,74095,145282,166464,127008,1
25711,91814,43288,117525,68999,135102,0
10297,95217,87126,105514,97423,182343,1
2894,99865,15957,102759,18851,115822,0
13693,27471,70064,41164,83757,97535,0
46196,89555,65381,135751,111577,154936,1
3347,60815,48036,64162,51383,108851,0
2692,99180,82751,101872,85443,181931,0
79565,19823,94040,99388,173605,113863,1
3,66479,25324,66482,25327,91803,0
34423,58855,18097,93278,52520,76952,0
11467,72590,57490,84057,68957,130080,0
64951,59798,16580,124749,81531,76378,1
28161,43265,39919,71426,68080,83184,1
71333,70421,61724,141754,133057,132145,1
45370,26747,77770,72117,123140,104517,0
48734,88561,20342,137295,69076,108903,0
80942,24728,52382,105670,133324,77110,0
41062,48966,52438,90028,93500,101404,1
95694,63640,13538,159334,109232,77178,0
35348,88722,40223,124070,75571,128945,0
98838,18495,1313,117333,100151,19808,0
19800,38068,21182,57868,40982,59250,1
79303,30216,5120,109519,84423,35336,0
60371,9875,10194,70246,70565,20069,0
52985,36933,1266,89918,54251,38199,0
77575,68229,88882,145804,166457,157111,1
82694,90499,82015,173193,164709,172514,1
70955,6391,89099,77346,160054,95490,0
53526,86744,92410,140270,145936,179154,1
26029,1494,32293,27523,58322,33787,0
75448,53355,81340,128803,156788,134695,1
31005,20198,61007,51203,92012,81205,0
80785,7414,50099,88199,130884,57513,0
48957,93459,13448,142416,62405,106907,0
52554,77325,34485,129879,87039,111810,1
3748,49486,52137,53234,55885,101623,1
59968,51843,89869,111811,149837,141712,1
37607,17468,88413,55075,126020,105881,0
61050,64189,17733,125239,78783,81922,1
34951,45504,19198,80455,54149,64702,1
20817,55116,88941,75933,109758,144057,0
9635,25151,33228,34786,42863,58379,1
74446,11366,25881,85812,100327,37247,0
43945,75331,4269,119276,48214,79600,0
92905,20987,91191,113892,184096,112178,1
6626,50868,61238,57494,67864,112106,0
37474,46147,71326,83621,108800,117473,1
6067,98146,371,104213,6438,98517,0
96258,13543,62361,109801,158619,75904,0
74740,83815,22941,158555,97681,106756,1
62202,53966,43133,116168,105335,97099,1
44561,1198,70918,45759,115479,72116,0
63747,77726,68067,141473,131814,145793,1
46339,68263,49339,114602,95678,117602,1
94281,59109,27596,153390,121877,86705,0
61824,95262,36373,157086,98197,131635,1
68370,28012,74847,96382,143217,102859,1
66000,87256,22588,153256,88588,109844,1
17486,57027,52972,74513,70458,109999,1
78816,81279,83942,160095,162758,165221,1
2090,65925,37019,68015,39109,102944,0
5297,42042,79541,47339,84838,121583,0
63027,8327,99075,71354,162102,107402,0
97840,16369,6868,114209,104708,23237,0
61929,48152,56363,110081,118292,104515,1
84212,88516,70402,172728,154614,158918,1
52265,8143,39243,60408,91508,47386,0
62189,29727,86343,91916,148532,116070,1
96306,48491,78076,144797,174382,126567,1
11491,20198,79480,31689,90971,99678,0
80576,31606,98221,112182,178797,129827,1
11843,34610,98884,46453,110727,133494,0
75718,52032,59170,127750,134888,111202,1
33756,69864,89662,103620,123418,159526,1
81562,2891,86692,84453,168254,89583,0
92156,84262,41155,176418,133311,125417,1
15044,25077,2894,40121,17938,27971,0
71338,96866,3813,168204,75151,100679,0
70797,52184,17803,122981,88600,69987,0
37135,42179,35094,79314,72229,77273,1
81756,6772,54014,88528,135770,60786,0
71087,34003,1719,105090,72806,35722,0
39529,99856,69307,139385,108836,169163,1
28057,91491,22528,119548,50585,114019,0
42311,71602,17199,113913,59510,88801,0
82014,32650,38709,114664,120723,71359,0
71771,70095,77821,141866,149592,147916,1
18138,80449,3485,98587,21623,83934,0
40789,27947,70959,68736,111748,98906,0
80031,21430,426,101461,80457,21856,0
74877,48142,19123,123019,94000,67265,0
91597,4234,66237,95831,157834,70471,0
79238,15255,14240,94493,93478,29495,0
71823,59044,27071,130867,98894,86115,1
83442,10299,96519,93741,179961,106818,0
41156,26415,79644,67571,120800,106059,0
8452,66298,72511,74750,80963,138809,1
16070,4519,7112,20589,23182,11631,0
18462,62258,51415,80720,69877,113673,1
29283,53884,10862,83167,40145,64746,0
31825,49453,42080,81278,73905,91533,1
44629,36851,31076,81480,75705,67927,1
59096,45185,39210,104281,98306,84395,1
20525,60588,79872,81113,100397,140460,1
75060,97605,97893,172665,172953,195498,1
48597,20916,69865,69513,118462,90781,0
97575,53549,70405,151124,167980,123954,1
2630,26471,16029,29101,18659,42500,0
89952,55540,87945,145492,177897,143485,1
88225,48336,73876,136561,162101,122212,1
99485,85203,25975,184688,125460,111178,1
46087,96314,47487,142401,93574,143801,0
24897,2082,12327,26979,37224,14409,0
16383,3017,56379,19400,72762,59396,0
35913,51196,15097,87109,51010,66293,0
75281,53432,26544,128713,101825,79976,1
88217,48920,5305,137137,93522,54225,0
73146,74120,62537,147266,135683,136657,1
16291,27833,779,44124,17070,28612,0
53652,15355,34288,69007,87940,49643,0
99257,50714,84105,149971,183362,134819,1
50721,42958,18712,93679,69433,61670,1
65716,74061,52881,139777,118597,126942,1
402,78638,98532,79040,98934,177170,0
77691,52718,5927,130409,83618,58645,0
98598,13577,28413,112175,127011,41990,0
76749,84511,61532,161260,138281,146043,1
92429,7303,10959,99732,103388,18262,0
76950,29259,52308,106209,129258,81567,1
9360,15404,79117,24764,88477,94521,0
99690,21342,95808,121032,195498,117150,1
41967,96287,97896,138254,139863,194183,1
45088,64112,8959,109200,54047,73071,0
51516,75291,26433,126807,77949,101724,1
29791,82098,29300,111889,59091,111398,0
59242,82430,47085,141672,106327,129515,1
89857,61417,67057,151274,156914,128474,1
15609,40484,74514,56093,90123,114998,0
53538,42138,94441,95676,147979,136579,1
75676,76588,89176,152264,164852,165764,1
68894,69494,16791,138388,85685,86285,1
91084,21411,11195,112495,102279,32606,0
9841,36297,38234,46138,48075,74531,1
35109,67967,89570,103076,124679,157537,1
12815,48527,23916,61342,36731,72443,0
58661,44055,53399,102716,112060,97454,1
889,27665,64889,28554,65778,92554,0
50304,77042,12936,127346,63240,89978,0
92751,76412,96738,169163,189489,173150,1
85801,78877,21278,164678,107079,100155,1
38811,40397,74803,79208,113614,115200,1
48036,40423,15059,88459,63095,55482,1
46394,16737,53667,63131,100061,70404,1
36662,49207,59859,85869,96521,109066,1
41713,976,54301,42689,96014,55277,0
6655,20559,52555,27214,59210,73114,0
4002,59483,4949,63485,8951,64432,0
48676,88062,99236,136738,147912,187298,1
61573,18604,70032,80177,131605,88636,1
84527,21082,80430,105609,164957,101512,1
77800,47210,12673,125010,90473,59883,0
28325,89626,6263,117951,34588,95889,0
83861,23615,54965,107476,138826,78580,0
89385,17310,97376,106695,186761,114686,1
35475,93776,28267,129251,63742,122043,0
55932,72961,49234,128893,105166,122195,1
70332,34051,26377,104383,96709,60428,0
49309,47811,89744,97120,139053,137555,1
96730,98248,60453,194978,157183,158701,1
63418,14811,83468,78229,146886,98279,0
73226,5775,82060,79001,155286,87835,0
53303,57132,57870,110435,111173,115002,1
98373,82716,14006,181089,112379,96722,0
8178,10079,74045,18257,82223,84124,0
81408,11549,84818,92957,166226,96367,1
19022,68901,7204,87923,26226,76105,0
51432,11940,95976,63372,147408,107916,0
44438,70251,41837,114689,86275,112088,1
74918,23637,89181,98555,164099,112818,1
81847,50730,79,132577,81926,50809,0
5209,54653,63478,59862,68687,118131,0
63819,53439,16084,117258,79903,69523,1
36676,54120,6126,90796,42802,60246,0
62233,98114,29139,160347,91372,127253,0
18835,11775,3662,30610,22497,15437,0
45393,1927,79450,47320,124843,81377,0
91482,98973,16198,190455,107680,115171,1
5163,38974,9353,44137,14516,48327,0
97456,77471,57820,174927,155276,135291,1
24988,9702,80264,34690,105252,89966,0
91582,33155,27457,124737,119039,60612,0
23541,31235,9368,54776,32909,40603,1
82523,41818,96392,124341,178915,138210,1
94270,48982,91249,143252,185519,140231,1
50804,14929,39976,65733,90780,54905,1
88705,42488,55661,131193,144366,98149,1
5356,68034,23022,73390,28378,91056,0
66006,15720,45368,81726,111374,61088,0
15687,16564,27392,32251,43079,43956,1
17904,98134,8170,116038,26074,106304,0
79215,18097,99973,97312,179188,118070,0
22193,83974,28799,106167,50992,112773,0
2391,44628,72649,47019,75040,117277,0
62223,49404,54158,111627,116381,103562,1
37640,1247,16893,38887,54533,18140,0
40501,86695,72722,127196,113223,159417,1
74444,69157,8348,143601,82792,77505,1
77081,71447,72462,148528,149543,143909,1
28788,68846,98974,97634,127762,167820,0
95588,20409,40976,115997,136564,61385,0
61763,5465,39156,67228,100919,44621,0
29486,66754,15725,96240,45211,82479,0
53300,55637,96467,108937,149767,152104,1
92279,70694,79498,162973,171777,150192,1
34492,15143,29067,49635,63559,44210,1
24689,40510,85737,65199,110426,126247,0
44154,74033,94903,118187,139057,168936,1
18506,11663,54578,30169,73084,66241,0
54031,34079,44756,88110,98787,78835,1
26798,90573,20949,117371,47747,111522,0
15903,20797,12912,36700,28815,33709,1
6112,76154,43199,82266,49311,119353,0
13495,77871,58415,91366,71910,136286,0
46851,16083,15536,62934,62387,31619,0
65598,81133,96392,146731,161990,177525,1
77128,32006,35545,109134,112673,67551,0
80091,36200,84832,116291,164923,121032,1
6789,23722,33024,30511,39813,56746,0
46283,96630,50819,142913,97102,147449,1
40529,44874,18196,85403,58725,63070,1
96551,83387,2872,179938,99423,86259,0
59320,23203,44423,82523,103743,67626,1
48185,7089,32461,55274,80646,39550,0
73389,90472,60466,163861,133855,150938,1
34423,11502,40275,45925,74698,51777,1
82663,8457,5804,91120,88467,14261,0
8884,7535,25954,16419,34838,33489,0
71368,86143,45638,157511,117006,131781,1
78825,75679,18414,154504,97239,94093,1
72333,34684,58852,107017,131185,93536,1
52544,1983,89950,54527,142494,91933,0
20077,35884,76700,55961,96777,112584,0
31194,94312,48130,125506,79324,142442,0
87953,47554,82023,135507,169976,129577,1
7339,2085,23026,9424,30365,25111,0
66908,83664,46206,150572,113114,129870,1
96431,7660,55819,104091,152250,63479,0
56432,90137,1299,146569,57731,91436,0
90614,12214,69269,102828,159883,81483,0
76704,76575,91775,153279,168479,168350,1
19991,79142,18213,99133,38204,97355,0
30579,68771,88668,99350,119247,157439,1
44945,99792,62163,144737,107108,161955,1
45578,36373,45557,81951,91135,81930,1
20070,13563,77008,33633,97078,90571,0
33183,53217,99331,86400,132514,152548,0
46349,5745,65833,52094,112182,71578,0
95332,19446,95396,114778,190728,114842,1
57966,74327,75541,132293,133507,149868,1
48359,38044,54121,86403,102480,92165,1
93885,10474,72723,104359,166608,83197,0
85499,60374,2566,145873,88065,62940,0
7216,70936,23800,78152,31016,94736,0
60737,71531,27684,132268,88421,99215,1
96440,17726,10998,114166,107438,28724,0
48792,931,98438,49723,147230,99369,0
54960,13242,1182,68202,56142,14424,0
98584,50351,6302,148935,104886,56653,0
12957,80003,88131,92960,101088,168134,1
35536,7691,72349,43227,107885,80040,0
2291,93622,8369,95913,10660,101991,0
24018,80152,43719,104170,67737,123871,0
40697,26807,1077,67504,41774,27884,0
38356,33038,4040,71394,42396,37078,0
35049,46581,14752,81630,49801,61333,1
73083,16274,7420,89357,80503,23694,0
69554,57141,90661,126695,160215,147802,1
72032,83711,69231,155743,141263,152942,1
3824,69816,20306,73640,24130,90122,0
48548,55118,68394,103666,116942,123512,1
47634,55621,23780,103255,71414,79401,1
54549,5606,16480,60155,71029,22086,0
52127,17356,13486,69483,65613,30842,0
59967,76810,77945,136777,137912,154755,1
68143,43894,25222,112037,93365,69116,1
14404,38627,3213,53031,17617,41840,0
41408,91492,86552,132900,127960,178044,1
39188,90269,78966,129457,118154,169235,1
75935,33186,74178,109121,150113,107364,1
94753,3681,33030,98434,127783,36711,0
82965,95110,26339,178075,109304,121449,1
91050,8301,76217,99351,167267,84518,0
90967,96167,45237,187134,136204,141404,1
53882,63105,73512,116987,127394,136617,1
58158,86520,56902,144678,115060,143422,1
29144,67123,67956,96267,97100,135079,1
76890,28166,54179,105056,131069,82345,1
77320,18590,20082,95910,97402,38672,0
35975,14273,67922,50248,103897,82195,0
75024,64446,31210,139470,106234,95656,1
79408,52696,79776,132104,159184,132472,1
26353,68842,15645,95195,41998,84487,0
12026,34559,84463,46585,96489,119022,0
47598,31951,96999,79549,144597,128950,0
58605,98838,49501,157443,108106,148339,1
2469,48265,49401,50734,51870,97666,1
7068,21923,16241,28991,23309,38164,1
85356,6020,89780,91376,175136,95800,1
22574,78828,71940,101402,94514,150768,1
28059,81730,86083,109789,114142,167813,1
85347,64261,77068,149608,162415,141329,1
3138,59648,79606,62786,82744,139254,0
84199,36872,7904,121071,92103,44776,0
72934,49840,89019,122774,161953,138859,1
79403,60397,21434,139800,100837,81831,1
82260,63326,58218,145586,140478,121544,1
44386,24735,7243,69121,51629,31978,0
33649,85032,11242,118681,44891,96274,0
25147,96287,78321,121434,103468,174608,1
76438,59194,51558,135632,127996,110752,1
58964,72075,88561,131039,147525,160636,1
55251,88526,21097,143777,76348,109623,0
48400,80056,61023,128456,109423,141079,1
11622,10344,39004,21966,50626,49348,0
73299,78145,85394,151444,158693,163539,1
55690,48773,14867,104463,70557,63640,1
14500,93661,13882,108161,28382,107543,0
39860,32008,25726,71868,65586,57734,1
69942,29894,64249,99836,134191,94143,1
13100,50236,26243,63336,39343,76479,0
9280,2357,24054,11637,33334,26411,0
45285,66821,34247,112106,79532,101068,1
39587,49450,22344,89037,61931,71794,1
14811,42449,44205,57260,59016,86654,1
37697,80391,10464,118088,48161,90855,0
2814,99275,23970,102089,26784,123245,0
70368,16339,92381,86707,162749,108720,0
13317,1309,89054,14626,102371,90363,0
93019,56514,16462,149533,109481,72976,0
1238,88998,6227,90236,7465,95225,0
40172,91481,41660,131653,81832,133141,0
47287,77291,65617,124578,112904,142908,1
83473,98457,2374,181930,85847,100831,0
37957,91390,1602,129347,39559,92992,0
6871,51662,3293,58533,10164,54955,0
21962,46328,53448,68290,75410,99776,1
17244,56837,2543,74081,19787,59380,0
61132,73686,77706,134818,138838,151392,1
12864,47087,43077,59951,55941,90164,1
52867,2914,74382,55781,127249,77296,0
9361,1581,86950,10942,96311,88531,0
79679,92861,13993,172540,93672,106854,1
74076,91871,83640,165947,157716,175511,1
33029,22415,52460,55444,85489,74875,1
25538,59249,36177,84787,61715,95426,1
59765,62769,43592,122534,103357,106361,1
90111,2114,51420,92225,141531,53534,0
89511,92459,72258,181970,161769,164717,1
87630,90873,61834,178503,149464,152707,1
58918,85452,71535,144370,130453,156987,1
61686,64342,72565,126028,134251,136907,1
97664,29099,55485,126763,153149,84584,0
17918,36044,78419,53962,96337,114463,0
45599,4005,79441,49604,125040,83446,0
33690,48642,3996,82332,37686,52638,0
20831,22469,5464,43300,26295,27933,1
81981,95417,88162,177398,170143,183579,1
63301,16953,13717,80254,77018,30670,0
3893,56445,32449,60338,36342,88894,0
76152,96607,99977,172759,176129,196584,1
4900,83507,23623,88407,28523,107130,0
87968,13331,84416,101299,172384,97747,1
41873,2668,31579,44541,73452,34247,0
16381,65450,6192,81831,22573,71642,0
92032,36726,94387,128758,186419,131113,1
74356,7442,86059,81798,160415,93501,0
35073,78264,55339,113337,90412,133603,1
32173,17657,87479,49830,119652,105136,0
91230,3105,8141,94335,99371,11246,0
42231,27595,74048,69826,116279,101643,0
49836,18513,49301,68349,99137,67814,1
21361,60010,42922,81371,64283,102932,1
35080,71877,84351,106957,119431,156228,1
91337,74192,11468,165529,102805,85660,0
6799,46581,3190,53380,9989,49771,0
77366,98718,12068,176084,89434,110786,0
60289,20709,41272,80998,101561,61981,1
14437,43455,42254,57892,56691,85709,1
99506,78952,39560,178458,139066,118512,1
89319,99720,41729,189039,131048,141449,1
22829,19021,86389,41850,109218,105410,0
22565,45341,77933,67906,100498,123274,0
44665,9803,35002,54468,79667,44805,1
70812,55265,35757,126077,106569,91022,1
50441,96599,28095,147040,78536,124694,0
38331,66003,42966,104334,81297,108969,1
17828,63108,61197,80936,79025,124305,1
62050,34780,74713,96830,136763,109493,1
79651,9098,91869,88749,171520,100967,0
89104,44256,4898,133360,94002,49154,0
74137,94867,49703,169004,123840,144570,1
62070,50410,48935,112480,111005,99345,1
70670,4746,20945,75416,91615,25691,0
58218,46568,55667,104786,113885,102235,1
67139,96117,97609,163256,164748,193726,1
70697,38012,87225,108709,157922,125237,1
10910,77710,45432,88620,56342,123142,0
79408,28758,155,108166,79563,28913,0
92995,66596,33375,159591,126370,99971,1
76585,99497,30777,176082,107362,130274,1
36856,30001,57133,66857,93989,87134,1
42122,35538,90347,77660,132469,125885,0
80926,4036,69446,84962,150372,73482,0
35278,67527,81644,102805,116922,149171,1
84281,87741,41343,172022,125624,129084,1
61971,25328,42329,87299,104300,67657,1
50411,61837,47762,112248,98173,109599,1
18346,64742,92742,83088,111088,157484,0
27593,74247,32542,101840,60135,106789,0
88897,17203,91060,106100,179957,108263,1
64360,52165,98051,116525,162411,150216,1
86349,5459,93623,91808,179972,99082,0
46840,25775,84244,72615,131084,110019,0
26468,84002,8242,110470,34710,92244,0
32104,47625,2600,79729,34704,50225,0
2599,502,6228,3101,8827,6730,0
55248,53571,33709,108819,88957,87280,1
2746,54489,5385,57235,8131,59874,0
85392,89315,48909,174707,134301,138224,1
90274,90989,37978,181263,128252,128967,1
72326,7065,33685,79391,106011,40750,0
38959,40767,89714,79726,128673,130481,0
27319,98625,28821,125944,56140,127446,0
87444,63671,89023,151115,176467,152694,1
12892,27217,63950,40109,76842,91167,0
4026,27983,80201,32009,84227,108184,0
64316,76581,63147,140897,127463,139728,1
10660,83342,8738,94002,19398,92080,0
64489,5326,4456,69815,68945,9782,0
37200,27905,52289,65105,89489,80194,1
89898,56864,69312,146762,159210,126176,1
73056,38745,37544,111801,110600,76289,1
21132,44159,35541,65291,56673,79700,1
49292,15769,40833,65061,90125,56602,1
15848,30953,22074,46801,37922,53027,1
74485,44255,49006,118740,123491,93261,1
13562,96974,65397,110536,78959,162371,0
93235,98805,56258,192040,149493,155063,1
19771,73895,60119,93666,79890,134014,1
7476,47549,95264,55025,102740,142813,0
67907,48299,253,116206,68160,48552,0
15749,51186,17589,66935,33338,68775,0
10592,96993,57405,107585,67997,154398,0
36809,18228,46524,55037,83333,64752,1
54888,25113,32749,80001,87637,57862,1
77550,20911,80580,98461,158130,101491,1
48524,51487,4520,100011,53044,56007,1
25834,76644,71946,102478,97780,148590,1
74275,56968,80381,131243,154656,137349,1
54804,15359,9317,70163,64121,24676,0
42530,31848,15343,74378,57873,47191,1
27233,79134,74234,106367,101467,153368,1
73905,82132,3410,156037,77315,85542,0
1620,43550,15337,45170,16957,58887,0
35205,945,39718,36150,74923,40663,0
71295,46695,42678,117990,113973,89373,1
73831,70080,74441,143911,148272,144521,1
12389,72124,44031,84513,56420,116155,0
11864,68479,34971,80343,46835,103450,0
66387,87229,58878,153616,125265,146107,1
33648,23330,75193,56978,108841,98523,0
20688,72103,27095,92791,47783,99198,0
69554,8299,88352,77853,157906,96651,0
61081,37043,25021,98124,86102,62064,1
14509,18011,11850,32520,26359,29861,1
1043,94530,95463,95573,96506,189993,1
67427,23977,75468,91404,142895,99445,1
79657,10479,30355,90136,110012,40834,0
62665,52062,29527,114727,92192,81589,1
893,4878,17265,5771,18158,22143,0
84224,55895,60766,140119,144990,116661,1
74285,30384,34557,104669,108842,64941,0
99626,70880,63678,170506,163304,134558,1
50671,50457,5004,101128,55675,55461,1
56891,44029,39233,100920,96124,83262,1
68357,22288,79956,90645,148313,102244,1
98325,15710,1808,114035,100133,17518,0
20344,46158,805,66502,21149,46963,0
86425,35004,33087,121429,119512,68091,0
77356,95666,52986,173022,130342,148652,1
53832,84801,78702,138633,132534,163503,1
73402,6254,47469,79656,120871,53723,0
55929,80190,82603,136119,138532,162793,1
55430,54966,48786,110396,104216,103752,1
9647,82418,93455,92065,103102,175873,0
86507,56523,21345,143030,107852,77868,0
45317,54736,74577,100053,119894,129313,1
91587,85485,245,177072,91832,85730,0
8889,96725,93299,105614,102188,190024,1
89174,93257,23256,182431,112430,116513,1
34828,76960,85439,111788,120267,162399,1
41468,43410,80743,84878,122211,124153,1
37484,25319,47426,62803,84910,72745,1
3257,34958,97980,38215,101237,132938,0
99798,41533,48724,141331,148522,90257,0
13016,45639,41913,58655,54929,87552,1
83790,42658,55202,126448,138992,97860,1
60396,45837,4472,106233,64868,50309,0
44168,58974,91395,103142,135563,150369,1
39827,52814,39638,92641,79465,92452,1
3751,61094,38327,64845,42078,99421,0
9693,32858,84650,42551,94343,117508,0
66718,77586,35390,144304,102108,112976,1
97562,84010,62880,181572,160442,146890,1
51555,90269,61415,141824,112970,151684,1
96885,56418,61183,153303,158068,117601,1
25164,11645,17024,36809,42188,28669,1
52889,77360,91402,130249,144291,168762,1
18019,10654,82724,28673,100743,93378,0
62356,55525,42702,117881,105058,98227,1
89364,60737,17253,150101,106617,77990,0
51589,79466,81967,131055,133556,161433,1
75351,95010,57553,170361,132904,152563,1
72032,95361,93883,167393,165915,189244,1
5671,3060,43190,8731,48861,46250,0
54293,16761,43254,71054,97547,60015,1
16055,64468,98645,80523,114700,163113,0
93669,27349,95279,121018,188948,122628,1
58857,40562,92042,99419,150899,132604,1
13983,11187,67925,25170,81908,79112,0
54455,26757,46227,81212,100682,72984,1
69536,86864,65400,156400,134936,152264,1
72513,94684,43711,167197,116224,138395,1
37900,71760,13078,109660,50978,84838,0
88009,79202,33239,167211,121248,112441,1
30910,56944,47034,87854,77944,103978,1
79015,15018,49293,94033,128308,64311,0
70618,65704,30416,136322,101034,96120,1
41967,9701,93140,51668,135107,102841,0
23919,50095,89096,74014,113015,139191,0
94698,11387,87982,106085,182680,99369,1
10826,58391,56179,69217,67005,114570,1
64201,55018,74461,119219,138662,129479,1
89390,58577,47226,147967,136616,105803,1
74390,42623,51657,117013,126047,94280,1
87162,84426,97750,171588,184912,182176,1
58391,60009,60711,118400,119102,120720,1
97372,25072,73246,122444,170618,98318,1
30754,10774,53499,41528,84253,64273,0
39483,59378,10475,98861,49958,69853,0
81698,96157,37342,177855,119040,133499,1
60393,71325,17886,131718,78279,89211,1
85587,33640,20903,119227,106490,54543,0
93426,24410,74055,117836,167481,98465,1
15763,15536,16254,31299,32017,31790,1
97622,32475,3370,130097,100992,35845,0
66518,74379,32286,140897,98804,106665,1
90157,64644,84051,154801,174208,148695,1
92004,99733,80039,191737,172043,179772,1
94885,9433,46277,104318,141162,55710,0
23623,44643,28996,68266,52619,73639,1
83212,81905,60695,165117,143907,142600,1
12969,69294,95827,82263,108796,165121,0
5046,6818,3906,11864,8952,10724,1
58847,36312,30999,95159,89846,67311,1
20229,11114,91780,31343,112009,102894,0
65935,50021,93978,115956,159913,143999,1
9417,66636,3154,76053,12571,69790,0
64904,97283,89370,162187,154274,186653,1
37927,29612,91697,67539,129624,121309,0
30938,55649,2489,86587,33427,58138,0
60948,18830,22636,79778,83584,41466,0
40638,93951,20691,134589,61329,114642,0
19113,28868,43572,47981,62685,72440,1
91602,95112,26116,186714,117718,121228,1
46329,91627,93985,137956,140314,185612,1
2295,97913,30447,100208,32742,128360,0
36153,45808,67363,81961,103516,113171,1
70538,82039,34625,152577,105163,116664,1
34517,86259,15491,120776,50008,101750,0
43111,58577,92808,101688,135919,151385,1
40943,34904,43513,75847,84456,78417,1
71085,96685,59001,167770,130086,155686,1
99104,99292,20801,198396,119905,120093,1
3681,16905,97938,20586,101619,114843,0
97313,14056,81790,111369,179103,95846,0
49726,71793,85947,121519,135673,157740,1
55451,26350,77484,81801,132935,103834,1
13718,94488,91931,108206,105649,186419,1
28301,63762,64677,92063,92978,128439,1
2131,60167,6766,62298,8897,66933,0
70286,78006,26586,148292,96872,104592,1
98920,73358,10072,172278,108992,83430,0
64717,31408,36160,96125,100877,67568,1
71673,94234,18788,165907,90461,113022,0
94491,19127,59621,113618,154112,78748,0
58616,11415,93892,70031,152508,105307,0
11701,44211,63770,55912,75471,107981,0
3582,30304,56362,33886,59944,86666,0
93303,48733,64965,142036,158268,113698,1
34810,76138,98778,110948,133588,174916,1
87722,90743,10899,178465,98621,101642,1
66614,43929,26538,110543,93152,70467,1
95859,32288,80035,128147,175894,112323,1
10534,58744,92365,69278,102899,151109,0
15351,92058,7865,107409,23216,99923,0
3291,96899,30674,100190,33965,127573,0
10478,65117,78469,75595,88947,143586,0
61518,82415,65377,143933,126895,147792,1
15533,30068,91547,45601,107080,121615,0
85896,6414,16388,92310,102284,22802,0
19836,30569,56294,50405,76130,86863,0
84755,52351,80922,137106,165677,133273,1
7676,75569,96264,83245,103940,171833,0
94681,63116,228,157797,94909,63344,0
8496,76695,87029,85191,95525,163724,0
22678,79954,666,102632,23344,80620,0
95573,10999,85001,106572,180574,96000,1
88316,2761,84723,91077,173039,87484,0
12014,44420,50572,56434,62586,94992,1
77099,52884,9617,129983,86716,62501,0
76824,66677,46250,143501,123074,112927,1
18291,25711,66358,44002,84649,92069,0
60753,46409,80427,107162,141180,126836,1
54421,26252,95615,80673,150036,121867,0
83466,2571,10279,86037,93745,12850,0
38295,24976,20037,63271,58332,45013,1
15820,45351,27815,61171,43635,73166,0
30687,21859,24722,52546,55409,46581,1
71008,4454,34072,75462,105080,38526,0
52044,64011,30593,116055,82637,94604,1
81194,83168,10384,164362,91578,93552,1
24040,46663,92668,70703,116708,139331,0
68634,95280,82715,163914,151349,177995,1
55504,14912,35661,70416,91165,50573,0
94407,65459,56477,159866,150884,121936,1
93072,86647,1442,179719,94514,88089,0
95243,88761,75367,184004,170610,164128,1
63772,22924,57972,86696,121744,80896,1
30683,49793,50635,80476,81318,100428,1
54529,50818,44928,105347,99457,95746,1
4291,31775,75833,36066,80124,107608,0
10551,88481,5801,99032,16352,94282,0
36285,69708,13333,105993,49618,83041,0
75966,79318,52897,155284,128863,132215,1
69781,94485,67864,164266,137645,162349,1
14234,86853,95355,101087,109589,182208,1
95390,83105,89239,178495,184629,172344,1
13613,88640,42242,102253,55855,130882,0
64974,75539,45094,140513,110068,120633,1
73559,74677,85769,148236,159328,160446,1
8859,95495,87672,104354,96531,183167,1
70641,12701,37953,83342,108594,50654,0
74348,8439,59820,82787,134168,68259,0
13064,97223,55661,110287,68725,152884,0
89220,45333,91252,134553,180472,136585,1
91669,11679,32894,103348,124563,44573,0
33718,89946,34187,123664,67905,124133,0
77529,17079,41174,94608,118703,58253,0
15765,62491,81717,78256,97482,144208,0
27221,68928,74658,96149,101879,143586,1
29451,98215,36970,127666,66421,135185,0
37439,93098,23212,130537,60651,116310,0
45425,45125,12855,90550,58280,57980,1
9587,84548,97681,94135,107268,182229,0
91435,68664,46282,160099,137717,114946,1
87140,63423,67857,150563,154997,131280,1
84518,21631,87458,106149,171976,109089,1
11543,49363,46319,60906,57862,95682,1
6220,25820,1887,32040,8107,27707,0
60926,58111,28887,119037,89813,86998,1
1755,18031,41869,19786,43624,59900,0
19182,95588,95141,114770,114323,190729,1
97099,36043,45039,133142,142138,81082,0
97585,81662,93691,179247,191276,175353,1
94277,61191,7890,155468,102167,69081,0
36101,75048,52969,111149,89070,128017,1
38362,9703,84705,48065,123067,94408,0
95344,27415,69631,122759,164975,97046,1
40291,73138,92307,113429,132598,165445,1
57039,70047,70806,127086,127845,140853,1
99976,70700,52773,170676,152749,123473,1
8570,97613,31407,106183,39977,129020,0
1378,69825,46715,71203,48093,116540,0
9868,84466,56749,94334,66617,141215,0
35491,562,32297,36053,67788,32859,0
67702,17675,78949,85377,146651,96624,1
29462,57804,14190,87266,43652,71994,0
6286,7805,33998,14091,40284,41803,0
99060,32582,4162,131642,103222,36744,0
60867,49392,95223,110259,156090,144615,1
29036,88473,85016,117509,114052,173489,1
63458,11122,30885,74580,94343,42007,0
74475,75155,48661,149630,123136,123816,1
47189,54321,61915,101510,109104,116236,1
81929,18168,38348,100097,120277,56516,0
93385,3844,29817,97229,123202,33661,0
14507,83030,11268,97537,25775,94298,0
13139,1699,96171,14838,109310,97870,0
5687,41033,11903,46720,17590,52936,0
34960,17622,27977,52582,62937,45599,1
67643,78525,56514,146168,124157,135039,1
54227,21460,81339,75687,135566,102799,0
26523,21164,64708,47687,91231,85872,0
27725,38497,53582,66222,81307,92079,1
85609,6407,50661,92016,136270,57068,0
71845,90432,15825,162277,87670,106257,0
80713,63813,87609,144526,168322,151422,1
76939,30542,45457,107481,122396,75999,0
6229,52167,787,58396,7016,52954,0
24245,76139,79791,100384,104036,155930,1
33459,19992,17807,53451,51266,37799,1
66321,35209,9401,101530,75722,44610,0
36021,44933,6448,80954,42469,51381,0
57027,76582,27892,133609,84919,104474,1
7527,72518,60492,80045,68019,133010,0
13411,55796,63269,69207,76680,119065,1
98993,41203,69159,140196,168152,110362,1
22356,87862,73586,110218,95942,161448,1
12437,95534,7395,107971,19832,102929,0
46314,27682,13548,73996,59862,41230,0
91555,61423,52529,152978,144084,113952,1
74636,53104,13784,127740,88420,66888,0
43881,43373,24972,87254,68853,68345,1
20858,68428,24243,89286,45101,92671,0
13349,69212,15314,82561,28663,84526,0
36298,43209,71686,79507,107984,114895,1
67566,70847,32418,138413,99984,103265,1
65546,70272,29756,135818,95302,100028,1
34418,89241,52640,123659,87058,141881,0
52909,9423,52964,62332,105873,62387,1
36310,30893,98603,67203,134913,129496,0
75233,97734,21519,172967,96752,119253,0
19169,69625,42640,88794,61809,112265,0
87124,99977,23835,187101,110959,123812,1
53846,63911,29263,117757,83109,93174,1
75352,95225,68207,170577,143559,163432,1
93698,46598,96319,140296,190017,142917,1
50670,82088,54427,132758,105097,136515,1
12725,41470,69163,54195,81888,110633,0
63593,32735,64813,96328,128406,97548,1
5489,28840,5259,34329,10748,34099,0
75399,1051,11196,76450,86595,12247,0
29697,91237,15196,120934,44893,106433,0
93119,24269,28529,117388,121648,52798,0
65347,68196,65217,133543,130564,133413,1
26190,98950,68392,125140,94582,167342,0
7404,98709,84825,106113,92229,183534,0
6210,25450,56794,31660,63004,82244,0
75112,84113,57427,159225,132539,141540,1
15383,68448,19099,83831,34482,87547,0
70725,31177,90837,101902,161562,122014,1
9388,12819,73081,22207,82469,85900,0
64131,10703,22506,74834,86637,33209,0
47976,40556,95225,88532,143201,135781,0
61589,65466,46630,127055,108219,112096,1
76356,76832,39081,153188,115437,115913,1
84908,41469,52526,126377,137434,93995,1
7851,73420,72641,81271,80492,146061,1
78866,42064,21358,120930,100224,63422,0
78594,8154,10785,86748,89379,18939,0
57750,78288,76977,136038,134727,155265,1
84977,40035,7033,125012,92010,47068,0
83520,63086,75247,146606,158767,138333,1
68165,12270,81910,80435,150075,94180,0
79,77310,36328,77389,36407,113638,0
86354,51814,62575,138168,148929,114389,1
49628,98698,91995,148326,141623,190693,1
27006,2903,14208,29909,41214,17111,0
32390,13909,43883,46299,76273,57792,1
2398,92616,24145,95014,26543,116761,0
53653,80749,4686,134402,58339,85435,0
41364,90784,15966,132148,57330,106750,0
91770,31560,67290,123330,159060,98850,1
16910,3088,57197,19998,74107,60285,0
10382,96478,43249,106860,53631,139727,0
95841,9985,36878,105826,132719,46863,0
28630,1722,82990,30352,111620,84712,0
72210,16454,57936,88664,130146,74390,1
94770,14922,32480,109692,127250,47402,0
23329,92794,74160,116123,97489,166954,1
63393,81978,22932,145371,86325,104910,1
16947,61057,39498,78004,56445,100555,0
68004,16840,63014,84844,131018,79854,1
54221,80834,58046,135055,112267,138880,1
9022,38561,10907,47583,19929,49468,0
26951,65427,54266,92378,81217,119693,1
18498,63518,81632,82016,100130,145150,1
98850,90337,25036,189187,123886,115373,1
96215,70987,28943,167202,125158,99930,1
7679,44940,70809,52619,78488,115749,0
59405,14057,55499,73462,114904,69556,1
69127,84681,23587,153808,92714,108268,1
80404,36641,96104,117045,176508,132745,1
77249,36797,16569,114046,93818,53366,0
14125,33724,84056,47849,98181,117780,0
16770,45002,80546,61772,97316,125548,0
36691,58932,90214,95623,126905,149146,1
6342,3304,57080,9646,63422,60384,0
34788,85968,12686,120756,47474,98654,0
50148,26099,29463,76247,79611,55562,1
53158,19802,82442,72960,135600,102244,0
73537,51513,59550,125050,133087,111063,1
97978,54003,59681,151981,157659,113684,1
53314,50745,77831,104059,131145,128576,1
44378,69969,47214,114347,91592,117183,1
66815,88699,85004,155514,151819,173703,1
82987,27584,77835,110571,160822,105419,1
96144,24577,19280,120721,115424,43857,0
23346,89236,34610,112582,57956,123846,0
1354,80670,70736,82024,72090,151406,0
82857,10642,12069,93499,94926,22711,0
30071,78361,33387,108432,63458,111748,0
8942,95751,17735,104693,26677,113486,0
49869,48000,4061,97869,53930,52061,1
87517,5648,42561,93165,130078,48209,0
10990,93216,99271,104206,110261,192487,1
15966,932,11862,16898,27828,12794,0
6007,70147,50564,76154,56571,120711,0
86371,15771,41224,102142,127595,56995,0
39315,81087,29935,120402,69250,111022,0
28986,66166,53491,95152,82477,119657,1
31327,12806,14059,44133,45386,26865,0
42672,79226,12866,121898,55538,92092,0
80168,15931,2561,96099,82729,18492,0
3515,74533,45027,78048,48542,119560,0
64747,41457,43515,106204,108262,84972,1
52384,4495,11851,56879,64235,16346,0
32622,43201,44471,75823,77093,87672,1
98895,27131,38217,126026,137112,65348,0
48417,59369,16136,107786,64553,75505,1
33226,78967,64707,112193,97933,143674,1
82617,91680,80428,174297,163045,172108,1
76624,7615,13395,84239,90019,21010,0
70839,77642,78606,148481,149445,156248,1
78926,50351,10919,129277,89845,61270,0
75116,86529,71913,161645,147029,158442,1
77948,23356,84071,101304,162019,107427,1
58701,58393,12589,117094,71290,70982,1
91197,67271,97781,158468,188978,165052,1
22851,55007,4836,77858,27687,59843,0
8322,32064,71676,40386,79998,103740,0
18109,14873,58747,32982,76856,73620,0
26910,98016,85495,124926,112405,183511,1
94401,39831,90369,134232,184770,130200,1
39105,21481,74193,60586,113298,95674,0
51881,81246,95059,133127,146940,176305,1
43633,19438,62459,63071,106092,81897,1
47122,6491,91241,53613,138363,97732,0
88540,63322,86553,151862,175093,149875,1
75336,98542,49936,173878,125272,148478,1
90981,82860,58013,173841,148994,140873,1
38605,47166,74783,85771,113388,121949,1
30293,68415,50526,98708,80819,118941,1
71031,83256,58053,154287,129084,141309,1
36280,46710,49648,82990,85928,96358,1
66885,65939,80919,132824,147804,146858,1
11761,5882,55627,17643,67388,61509,0
63149,14874,13803,78023,76952,28677,0
95365,85384,76197,180749,171562,161581,1
11931,44510,15974,56441,27905,60484,0
18365,56260,82520,74625,100885,138780,0
98355,54165,92289,152520,190644,146454,1
92855,13626,42756,106481,135611,56382,0
28458,36552,15474,65010,43932,52026,1
69494,17961,61630,87455,131124,79591,1
86586,75235,38837,161821,125423,114072,1
2166,18905,50724,21071,52890,69629,0
2374,48429,15414,50803,17788,63843,0
77337,83077,5149,160414,82486,88226,0
36306,29364,51876,65670,88182,81240,1
92281,76599,80742,168880,173023,157341,1
39299,73850,63872,113149,103171,137722,1
23859,11039,51744,34898,75603,62783,0
32482,69114,95366,101596,127848,164480,1
29015,92274,89106,121289,118121,181380,1
91082,48500,68283,139582,159365,116783,1
26577,42807,67427,69384,94004,110234,1
72275,39378,25555,111653,97830,64933,0
50082,89884,45435,139966,95517,135319,1
96965,36952,10450,133917,107415,47402,0
23642,76451,63911,100093,87553,140362,1
77593,18821,99633,96414,177226,118454,0
62805,40021,30555,102826,93360,70576,1
13913,51655,99121,65568,113034,150776,0
42889,30647,33136,73536,76025,63783,1
26332,76850,39760,103182,66092,116610,0
16038,95952,25759,111990,41797,121711,0
41203,6859,64359,48062,105562,71218,0
93328,56672,44809,150000,138137,101481,1
99602,69314,79261,168916,178863,148575,1
53643,92291,91848,145934,145491,184139,1
44051,19735,55932,63786,99983,75667,1
20198,71543,98194,91741,118392,169737,0
56713,19625,83577,76338,140290,103202,0
74435,76647,33915,151082,108350,110562,1
36637,40884,80245,77521,116882,121129,0
87358,83827,69639,171185,156997,153466,1
10683,17488,54750,28171,65433,72238,0
32147,76689,24453,108836,56600,101142,0
73337,24880,73109,98217,146446,97989,1
34535,17258,74263,51793,108798,91521,0
70215,7248,32398,77463,102613,39646,0
2189,13930,29950,16119,32139,43880,0
7349,82061,62433,89410,69782,144494,0
29955,72483,16103,102438,46058,88586,0
91725,56482,18250,148207,109975,74732,0
30877,41493,33649,72370,64526,75142,1
51061,75209,54593,126270,105654,129802,1
9708,92063,80975,101771,90683,173038,0
23337,29221,31329,52558,54666,60550,1
44091,57560,51313,101651,95404,108873,1
16225,8802,16148,25027,32373,24950,1
18981,95434,44731,114415,63712,140165,0
77588,42473,48390,120061,125978,90863,1
4545,37313,24541,41858,29086,61854,0
78253,30655,44476,108908,122729,75131,0
46050,90033,54808,136083,100858,144841,1
34621,28814,28803,63435,63424,57617,1
88426,18359,93983,106785,182409,112342,1
64058,36519,65960,100577,130018,102479,1
34896,4072,23427,38968,58323,27499,0
64035,559,19078,64594,83113,19637,0
6264,70491,4639,76755,10903,75130,0
609,88512,42866,89121,43475,131378,0
58906,73332,2372,132238,61278,75704,0
68858,94401,75604,163259,144462,170005,1
42797,45623,60300,88420,103097,105923,1
76789,80886,32592,157675,109381,113478,1
27806,76594,50075,104400,77881,126669,1
98660,13979,18322,112639,116982,32301,0
84658,76771,47496,161429,132154,124267,1
81678,86594,43385,168272,125063,129979,1
32625,88460,5241,121085,37866,93701,0
13947,72145,51513,86092,65460,123658,0
13934,30142,20481,44076,34415,50623,1
90582,92798,30096,183380,120678,122894,1
45588,40225,15168,85813,60756,55393,1
33587,81609,32412,115196,65999,114021,0
34574,96909,32744,131483,67318,129653,0
77727,34049,69353,111776,147080,103402,1
96697,45334,64986,142031,161683,110320,1
86416,60281,52889,146697,139305,113170,1
60883,20994,82588,81877,143471,103582,0
37130,30599,82039,67729,119169,112638,0
36017,82753,61538,118770,97555,144291,1
1509,68977,38171,70486,39680,107148,0
71802,35025,6580,106827,78382,41605,0
14470,25748,62111,40218,76581,87859,0
76136,33995,63422,110131,139558,97417,1
6534,7280,61309,13814,67843,68589,0
36472,43408,56202,79880,92674,99610,1
72036,9490,98902,81526,170938,108392,0
41075,53779,35628,94854,76703,89407,1
13386,56166,18176,69552,31562,74342,0
56572,6847,34579,63419,91151,41426,0
26800,84163,66997,110963,93797,151160,1
51244,53464,20330,104708,71574,73794,1
33983,51279,35201,85262,69184,86480,1
89289,11138,43436,100427,132725,54574,0
80906,39559,17535,120465,98441,57094,0
5286,37830,51514,43116,56800,89344,0
61886,98805,66519,160691,128405,165324,1
5000,56613,12104,61613,17104,68717,0
94812,85180,81310,179992,176122,166490,1
84456,48644,98559,133100,183015,147203,1
27637,80135,21663,107772,49300,101798,0
78260,81601,73432,159861,151692,155033,1
72374,93514,91544,165888,163918,185058,1
81591,93612,62382,175203,143973,155994,1
65987,58091,86315,124078,152302,144406,1
85275,28894,92991,114169,178266,121885,1
20990,23298,70760,44288,91750,94058,0
95591,29769,36467,125360,132058,66236,0
4701,44518,9980,49219,14681,54498,0
56265,25585,47026,81850,103291,72611,1
24545,29991,82233,54536,106778,112224,0
24000,2152,38219,26152,62219,40371,0
99099,99574,20896,198673,119995,120470,1
74880,59630,37883,134510,112763,97513,1
37879,78292,81142,116171,119021,159434,1
22686,39132,67749,61818,90435,106881,0
65801,43597,64882,109398,130683,108479,1
81803,72899,63676,154702,145479,136575,1
74605,90510,34693,165115,109298,125203,1
94027,24568,88972,118595,182999,113540,1
44035,82836,90411,126871,134446,173247,1
36667,12100,11513,48767,48180,23613,0
3261,18270,34651,21531,37912,52921,0
84706,23369,97040,108075,181746,120409,1
86927,11410,22421,98337,109348,33831,0
25725,27592,55877,53317,81602,83469,0
10658,1345,31055,12003,41713,32400,0
84131,62989,65241,147120,149372,128230,1
62284,53933,8305,116217,70589,62238,0
41018,25091,18025,66109,59043,43116,1
20028,413,4336,20441,24364,4749,0
98144,15405,35722,113549,133866,51127,0
89669,92786,3013,182455,92682,95799,0
24129,75824,75471,99953,99600,151295,1
23121,18830,81626,41951,104747,100456,0
88984,30419,27042,119403,116026,57461,0
68669,93739,49367,162408,118036,143106,1
75786,99435,8612,175221,84398,108047,0
83637,36237,44869,119874,128506,81106,0
89809,16906,97700,106715,187509,114606,1
59152,94080,71359,153232,130511,165439,1
12498,89586,84060,102084,96558,173646,1
28254,12042,30755,40296,59009,42797,1
731,96201,67931,96932,68662,164132,0
39239,68963,84334,108202,123573,153297,1
15489,1770,90970,17259,106459,92740,0
11024,91841,99706,102865,110730,191547,1
14430,79412,95312,93842,109742,174724,0
42977,42061,38399,85038,81376,80460,1
67448,28169,2534,95617,69982,30703,0
64875,10858,54322,75733,119197,65180,1
27660,50310,10077,77970,37737,60387,0
12892,61834,10839,74726,23731,72673,0
16401,64068,39883,80469,56284,103951,0
90131,35584,17415,125715,107546,52999,0
8474,30966,30461,39440,38935,61427,1
3908,55312,53348,59220,57256,108660,1
49778,41336,79628,91114,129406,120964,1
34681,91143,11395,125824,46076,102538,0
65420,71497,15296,136917,80716,86793,1
52785,48451,98994,101236,151779,147445,1
96849,32928,17318,129777,114167,50246,0
22681,73717,47465,96398,70146,121182,0
69321,1180,42939,70501,112260,44119,0
66436,44171,51450,110607,117886,95621,1
18219,777,18959,18996,37178,19736,1
82403,41698,44010,124101,126413,85708,1
62858,65758,92078,128616,154936,157836,1
35744,56952,31960,92696,67704,88912,1
63539,38981,20082,102520,83621,59063,0
66703,26158,78612,92861,145315,104770,1
4405,29271,6661,33676,11066,35932,0
83031,60399,72305,143430,155336,132704,1
36711,94022,22321,130733,59032,116343,0
97275,4194,78870,101469,176145,83064,0
17243,921,72461,18164,89704,73382,0
63827,42640,28095,106467,91922,70735,1
28081,37489,23541,65570,51622,61030,1
26145,40332,10818,66477,36963,51150,0
24755,89521,3192,114276,27947,92713,0
3842,71611,42579,75453,46421,114190,0
49702,81191,10482,130893,60184,91673,0
99443,48516,95043,147959,194486,143559,1
43193,21617,36472,64810,79665,58089,1
72433,27708,82556,100141,154989,110264,1
68642,21503,7666,90145,76308,29169,0
56349,55124,18125,111473,74474,73249,1
45591,72410,91690,118001,137281,164100,1
99035,56488,2728,155523,101763,59216,0
11657,21864,26360,33521,38017,48224,1
31243,27858,12126,59101,43369,39984,1
10440,55351,90823,65791,101263,146174,0
62656,55910,36813,118566,99469,92723,1
65562,51961,83010,117523,148572,134971,1
9152,90483,40999,99635,50151,131482,0
36748,46851,72484,83599,109232,119335,1
49156,80690,62121,129846,111277,142811,1
92968,96115,91268,189083,184236,187383,1
22677,19440,32384,42117,55061,51824,1
89993,56740,79028,146733,169021,135768,1
81842,16866,58416,98708,140258,75282,0
23346,31009,32475,54355,55821,63484,1
37775,66593,62121,104368,99896,128714,1
40873,62500,94385,103373,135258,156885,1
82216,77977,77085,160193,159301,155062,1
31480,56963,52523,88443,84003,109486,1
73148,42886,11792,116034,84940,54678,0
22937,32785,65911,55722,88848,98696,0
87615,23530,73821,111145,161436,97351,1
62318,68350,64796,130668,127114,133146,1
67563,85080,33712,152643,101275,118792,1
38111,92234,82107,130345,120218,174341,1
30398,99299,31405,129697,61803,130704,0
41009,98805,73993,139814,115002,172798,1
47006,12568,44212,59574,91218,56780,1
15372,76224,77510,91596,92882,153734,1
93227,95144,6366,188371,99593,101510,1
76667,95918,36787,172585,113454,132705,1
88773,17515,66750,106288,155523,84265,0
96907,29911,39052,126818,135959,68963,0
93181,48087,17645,141268,110826,65732,0
50861,91201,59010,142062,109871,150211,1
65523,13505,37749,79028,103272,51254,0
55485,68277,31964,123762,87449,100241,1
68098,29267,36715,97365,104813,65982,0
68546,88669,57650,157215,126196,146319,1
60184,74371,57301,134555,117485,131672,1
78903,21771,23198,100674,102101,44969,0
3537,52876,62077,56413,65614,114953,0
14556,5842,49134,20398,63690,54976,0
18325,37387,39201,55712,57526,76588,1
84665,41269,10225,125934,94890,51494,0
11768,47141,66638,58909,78406,113779,0
36148,55278,67724,91426,103872,123002,1
64189,99068,23723,163257,87912,122791,0
3719,62402,30231,66121,33950,92633,0
52924,76795,12861,129719,65785,89656,0
65348,45727,11928,111075,77276,57655,0
12973,27382,9777,40355,22750,37159,0
43125,58526,14822,101651,57947,73348,0
37329,22390,74969,59719,112298,97359,0
1895,39047,43797,40942,45692,82844,0
93635,1076,92502,94711,186137,93578,0
90383,61943,73560,152326,163943,135503,1
37964,10431,44067,48395,82031,54498,1
75671,15258,20772,90929,96443,36030,0
39720,78187,92529,117907,132249,170716,1
25434,48398,80612,73832,106046,129010,0
49139,44341,82925,93480,132064,127266,1
96222,88912,54157,185134,150379,143069,1
56345,53937,20621,110282,76966,74558,1
16768,58635,16976,75403,33744,75611,0
47244,40137,27890,87381,75134,68027,1
13775,5419,21449,19194,35224,26868,0
31066,53991,50524,85057,81590,104515,1
62481,62601,34408,125082,96889,97009,1
57630,33940,46152,91570,103782,80092,1
5633,46606,9218,52239,14851,55824,0
13019,23998,51046,37017,64065,75044,0
93961,37109,35049,131070,129010,72158,0
80474,46967,56722,127441,137196,103689,1
55620,49111,54443,104731,110063,103554,1
24946,99904,95380,124850,120326,195284,1
52669,23277,3383,75946,56052,26660,0
53224,98849,35107,152073,88331,133956,0
45902,18274,5591,64176,51493,23865,0
7422,24757,94692,32179,102114,119449,0
52451,63054,34245,115505,86696,97299,1
18689,82960,64322,101649,83011,147282,1
91408,33197,43097,124605,134505,76294,0
77549,71206,39836,148755,117385,111042,1
92729,19919,56809,112648,149538,76728,0
34564,71014,383,105578,34947,71397,0
23885,51355,98950,75240,122835,150305,0
75430,45763,75914,121193,151344,121677,1
27161,91228,67727,118389,94888,158955,1
92216,52523,15973,144739,108189,68496,0
62179,49501,88824,111680,151003,138325,1
43563,41584,11484,85147,55047,53068,1
93630,63278,92882,156908,186512,156160,1
38709,27194,27826,65903,66535,55020,1
87472,97442,41934,184914,129406,139376,1
70959,15575,17809,86534,88768,33384,0
89015,79985,80523,169000,169538,160508,1
85667,86859,90576,172526,176243,177435,1
20610,41855,47643,62465,68253,89498,1
73187,67435,5276,140622,78463,72711,0
23536,95418,41311,118954,64847,136729,0
70482,48687,2728,119169,73210,51415,0
35880,67733,89463,103613,125343,157196,1
71050,86681,59153,157731,130203,145834,1
14557,33601,48013,48158,62570,81614,1
31627,64601,19876,96228,51503,84477,0
20958,52310,840,73268,21798,53150,0
28498,70826,69863,99324,98361,140689,1
86437,66024,57550,152461,143987,123574,1
63990,62465,30735,126455,94725,93200,1
13742,15127,16371,28869,30113,31498,1
23142,45920,38995,69062,62137,84915,1
18118,60902,63204,79020,81322,124106,1
97229,11154,51521,108383,148750,62675,0
88993,86869,32726,175862,121719,119595,1
32816,17090,59938,49906,92754,77028,0
30561,41904,78430,72465,108991,120334,0
4979,54869,1310,59848,6289,56179,0
78061,21970,57543,100031,135604,79513,1
99470,45663,80478,145133,179948,126141,1
29583,44434,88877,74017,118460,133311,0
70484,7590,21654,78074,92138,29244,0
13271,74423,51984,87694,65255,126407,0
98382,32881,51547,131263,149929,84428,0
53225,69652,52147,122877,105372,121799,1
25187,13022,45368,38209,70555,58390,0
98316,95059,64436,193375,162752,159495,1
67146,61693,33837,128839,100983,95530,1
74062,35636,43353,109698,117415,78989,1
52163,96544,8948,148707,61111,105492,0
90165,89779,76702,179944,166867,166481,1
38641,27793,45845,66434,84486,73638,1
2050,87934,31919,89984,33969,119853,0
39066,35694,17789,74760,56855,53483,1
24542,14384,88993,38926,113535,103377,0
17020,85266,36413,102286,53433,121679,0
95974,9770,79029,105744,175003,88799,0
39218,11769,42958,50987,82176,54727,1
60385,41392,18853,101777,79238,60245,0
68546,58224,89455,126770,158001,147679,1
52740,21183,79591,73923,132331,100774,0
31484,73558,32726,105042,64210,106284,0
76244,58078,42201,134322,118445,100279,1
40115,896,66062,41011,106177,66958,0
34808,47358,54220,82166,89028,101578,1
39727,35783,53311,75510,93038,89094,1
66479,84421,73897,150900,140376,158318,1
29102,67003,33720,96105,62822,100723,0
21057,21936,75190,42993,96247,97126,0
80258,68512,63235,148770,143493,131747,1
86825,57962,68752,144787,155577,126714,1
69396,33026,5968,102422,75364,38994,0
90000,95730,26321,185730,116321,122051,1
32602,48541,55303,81143,87905,103844,1
366,78065,92723,78431,93089,170788,0
54136,17726,60873,71862,115009,78599,1
14518,49124,51186,63642,65704,100310,1
2459,83777,30781,86236,33240,114558,0
73173,14342,49687,87515,122860,64029,0
27489,97016,93244,124505,120733,190260,1
92765,85932,26361,178697,119126,112293,1
72438,59304,57352,131742,129790,116656,1
12720,42679,79897,55399,92617,122576,0
3283,86188,18045,89471,21328,104233,0
31680,59980,75394,91660,107074,135374,1
61320,78974,4282,140294,65602,83256,0
43770,26674,64310,70444,108080,90984,1
88885,45253,26669,134138,115554,71922,0
42030,54637,95589,96667,137619,150226,1
35826,81291,86419,117117,122245,167710,1
64000,50359,77159,114359,141159,127518,1
88081,45449,83454,133530,171535,128903,1
65572,58781,89336,124353,154908,148117,1
81394,72098,67801,153492,149195,139899,1
40937,55900,76833,96837,117770,132733,1
38576,19452,85337,58028,123913,104789,0
6359,16009,88477,22368,94836,104486,0
70059,92305,34389,162364,104448,126694,1
5801,28210,8934,34011,14735,37144,0
36543,88786,9487,125329,46030,98273,0
78753,80636,61462,159389,140215,142098,1
91339,78675,2715,170014,94054,81390,0
31906,51883,93211,83789,125117,145094,0
41499,80548,97014,122047,138513,177562,1
99477,9135,20282,108612,119759,29417,0
72834,48242,57790,121076,130624,106032,1
20658,85067,82731,105725,103389,167798,1
67566,91150,73986,158716,141552,165136,1
37311,71608,22267,108919,59578,93875,0
86236,80113,83485,166349,169721,163598,1
85429,30392,32718,115821,118147,63110,0
34304,86109,71943,120413,106247,158052,1
12346,48620,59984,60966,72330,108604,1
81303,42410,3375,123713,84678,45785,0
48483,72368,26742,120851,75225,99110,1
67712,46838,16029,114550,83741,62867,0
64812,61681,29857,126493,94669,91538,1
99838,35109,30455,134947,130293,65564,0
87612,72482,27612,160094,115224,100094,1
94017,55344,11233,149361,105250,66577,0
37807,73255,71489,111062,109296,144744,1
57667,12722,47823,70389,105490,60545,1
79556,69633,25789,149189,105345,95422,1
57274,89288,57540,146562,114814,146828,1
13441,44046,65164,57487,78605,109210,0
9634,60618,45554,70252,55188,106172,0
98121,54875,40229,152996,138350,95104,0
61586,64197,36772,125783,98358,100969,1
45174,75286,41558,120460,86732,116844,1
67767,67643,50210,135410,117977,117853,1
39843,49143,86480,88986,126323,135623,1
45109,23220,30006,68329,75115,53226,1
63168,94512,85515,157680,148683,180027,1
18126,22034,94385,40160,112511,116419,0
53268,2650,34488,55918,87756,37138,0
87214,9950,11023,97164,98237,20973,0
95574,85970,40662,181544,136236,126632,1
59821,28753,92427,88574,152248,121180,0
96854,23454,66343,120308,163197,89797,0
3049,45762,30805,48811,33854,76567,0
76125,82152,69415,158277,145540,151567,1
25355,29622,25839,54977,51194,55461,1
72512,14858,97163,87370,169675,112021,0
11193,40372,85235,51565,96428,125607,0
10936,1363,56521,12299,67457,57884,0
20977,8645,32648,29622,53625,41293,0
7092,82244,80796,89336,87888,163040,1
61735,88592,50235,150327,111970,138827,1
38785,76489,54192,115274,92977,130681,1
27106,88781,31474,115887,58580,120255,0
50221,2216,38457,52437,88678,40673,0
78420,2386,11647,80806,90067,14033,0
45529,90980,42479,136509,88008,133459,0
72836,65121,32670,137957,105506,97791,1
3862,47709,60118,51571,63980,107827,0
71403,40312,24830,111715,96233,65142,0
24306,39345,69909,63651,94215,109254,0
13097,64646,20355,77743,33452,85001,0
82480,20749,9002,103229,91482,29751,0
18165,65519,39407,83684,57572,104926,0
52597,1230,5253,53827,57850,6483,0
5487,62077,71969,67564,77456,134046,0
50826,89553,77792,140379,128618,167345,1
70797,88905,78874,159702,149671,167779,1
49860,80671,36933,130531,86793,117604,1
62558,86698,24138,149256,86696,110836,0
17149,98251,16430,115400,33579,114681,0
66496,2917,28395,69413,94891,31312,0
88096,23666,71737,111762,159833,95403,1
91229,32823,67818,124052,159047,100641,1
2889,27914,11735,30803,14624,39649,0
13980,84448,28288,98428,42268,112736,0
65922,21754,12826,87676,78748,34580,0
21460,39630,64886,61090,86346,104516,0
67418,56158,10800,123576,78218,66958,0
47679,41516,88555,89195,136234,130071,1
66040,79980,58312,146020,124352,138292,1
80354,75330,3845,155684,84199,79175,0
70719,74944,63564,145663,134283,138508,1
25393,55953,40792,81346,66185,96745,1
57224,54468,39376,111692,96600,93844,1
67949,4231,49994,72180,117943,54225,0
15360,54784,8585,70144,23945,63369,0
14029,17756,74499,31785,88528,92255,0
99230,78438,8360,177668,107590,86798,0
55706,54158,20796,109864,76502,74954,1
8200,22452,88293,30652,96493,110745,0
60958,17287,26924,78245,87882,44211,0
56359,88341,37831,144700,94190,126172,1
49015,50585,15792,99600,64807,66377,1
75516,26822,85868,102338,161384,112690,1
365,46187,76030,46552,76395,122217,0
60330,6496,80594,66826,140924,87090,0
75511,64727,12232,140238,87743,76959,1
12542,2909,72589,15451,85131,75498,0
45075,35394,78421,80469,123496,113815,1
70110,82418,7101,152528,77211,89519,0
77104,29836,74764,106940,151868,104600,1
47943,1844,40297,49787,88240,42141,0
22782,88734,78729,111516,101511,167463,1
53205,97993,43748,151198,96953,141741,0
47348,36581,31443,83929,78791,68024,1
83573,11513,17337,95086,100910,28850,0
9553,83789,71611,93342,81164,155400,0
77459,14670,37596,92129,115055,52266,0
97344,23851,72074,121195,169418,95925,0
89356,51807,16814,141163,106170,68621,0
64608,87467,10135,152075,74743,97602,0
69512,87704,85645,157216,155157,173349,1
43461,14456,34063,57917,77524,48519,1
38849,12,97220,38861,136069,97232,0
98764,18461,95222,117225,193986,113683,1
16598,72219,12550,88817,29148,84769,0
4614,23334,55487,27948,60101,78821,0
50009,64834,62014,114843,112023,126848,1
75672,94432,62180,170104,137852,156612,1
93536,16300,59440,109836,152976,75740,0
83402,83616,4531,167018,87933,88147,1
27042,82819,76716,109861,103758,159535,1
86213,64437,7589,150650,93802,72026,0
5003,83379,96403,88382,101406,179782,0
80310,71954,33694,152264,114004,105648,1
98983,93798,75222,192781,174205,169020,1
43907,61761,84678,105668,128585,146439,1
3378,11874,26221,15252,29599,38095,0
97638,36195,96958,133833,194596,133153,1
12506,87974,28594,100480,41100,116568,0
36215,6009,7875,42224,44090,13884,0
8013,92764,12254,100777,20267,105018,0
29991,87987,36984,117978,66975,124971,0
87924,10316,69057,98240,156981,79373,0
98969,46388,63154,145357,162123,109542,1
75292,82504,26196,157796,101488,108700,1
7946,27958,94809,35904,102755,122767,0
75339,78903,7042,154242,82381,85945,1
58085,55092,85834,113177,143919,140926,1
90831,2290,48899,93121,139730,51189,0
1954,46909,36350,48863,38304,83259,0
66012,37174,11833,103186,77845,49007,0
381,71193,501,71574,882,71694,0
87639,39973,81161,127612,168800,121134,1
19610,83889,41244,103499,60854,125133,0
65438,81176,665,146614,66103,81841,0
63148,65829,62169,128977,125317,127998,1
66964,50650,26901,117614,93865,77551,1
37244,82699,95809,119943,133053,178508,1
28288,4575,70420,32863,98708,74995,0
27038,69541,63651,96579,90689,133192,1
47001,51917,30576,98918,77577,82493,1
61145,81178,93807,142323,154952,174985,1
3923,960,17046,4883,20969,18006,0
66444,48423,99011,114867,165455,147434,1
98377,93976,97386,192353,195763,191362,1
871,9610,1361,10481,2232,10971,0
39182,6362,93652,45544,132834,100014,0
40770,5355,14098,46125,54868,19453,0
25644,45399,63305,71043,88949,108704,1
1381,35065,70070,36446,71451,105135,0
50003,50095,29000,100098,79003,79095,1
46512,88631,98620,135143,145132,187251,1
918,3391,96178,4309,97096,99569,0
72804,98073,2174,170877,74978,100247,0
25422,52978,33362,78400,58784,86340,1
36228,27686,95745,63914,131973,123431,0
26338,78307,64410,104645,90748,142717,1
57386,30964,5629,88350,63015,36593,0
50977,51738,33269,102715,84246,85007,1
68829,462,15832,69291,84661,16294,0
92529,81308,1908,173837,94437,83216,0
99579,94833,7655,194412,107234,102488,1
28601,13505,55741,42106,84342,69246,0
25814,54758,83359,80572,109173,138117,0
79618,42466,13739,122084,93357,56205,0
92856,60066,81497,152922,174353,141563,1
38512,25016,82862,63528,121374,107878,0
4889,5441,91122,10330,96011,96563,0
5411,79798,53600,85209,59011,133398,0
26960,59624,30724,86584,57684,90348,0
11285,38853,6945,50138,18230,45798,0
31999,93866,54958,125865,86957,148824,0
19950,86605,87890,106555,107840,174495,1
77738,2003,95259,79741,172997,97262,0
11263,97441,85359,108704,96622,182800,0
26300,32121,71280,58421,97580,103401,0
32310,25251,62516,57561,94826,87767,0
58461,78321,5005,136782,63466,83326,0
19509,45922,77292,65431,96801,123214,0
77117,71608,97800,148725,174917,169408,1
48578,87903,44290,136481,92868,132193,1
1373,67675,97621,69048,98994,165296,0
50288,28373,95582,78661,145870,123955,0
90111,95683,66391,185794,156502,162074,1
9226,82440,97670,91666,106896,180110,0
97963,45766,44909,143729,142872,90675,0
52399,23440,26673,75839,79072,50113,0
84183,23936,73130,108119,157313,97066,1
59851,41264,68453,101115,128304,109717,1
11004,17546,19137,28550,30141,36683,1
70825,40397,13485,111222,84310,53882,0
64030,42355,98483,106385,162513,140838,1
20815,93945,749,114760,21564,94694,0
9921,1178,22794,11099,32715,23972,0
95750,18290,9446,114040,105196,27736,0
83337,94473,23263,177810,106600,117736,1
26679,20542,7460,47221,34139,28002,1
14464,31323,1022,45787,15486,32345,0
1795,78413,62173,80208,63968,140586,0
89790,32667,60622,122457,150412,93289,1
67535,81716,86718,149251,154253,168434,1
55589,30614,51773,86203,107362,82387,1
19195,91983,70148,111178,89343,162131,0
15097,17435,32172,32532,47269,49607,1
71373,97666,85869,169039,157242,183535,1
39226,26556,11683,65782,50909,38239,0
12609,96778,5604,109387,18213,102382,0
42143,97816,90780,139959,132923,188596,1
88817,77353,53219,166170,142036,130572,1
5974,85380,1115,91354,7089,86495,0
64711,89438,13232,154149,77943,102670,0
45865,83971,43675,129836,89540,127646,1
88155,88040,33330,176195,121485,121370,1
51708,16074,7961,67782,59669,24035,0
59279,47996,89447,107275,148726,137443,1
35536,13858,11911,49394,47447,25769,0
15386,10122,35994,25508,51380,46116,0
28404,2294,62994,30698,91398,65288,0
36557,6396,20834,42953,57391,27230,0
98105,92904,50697,191009,148802,143601,1
33435,2005,63417,35440,96852,65422,0
83482,46203,59646,129685,143128,105849,1
53262,48075,33891,101337,87153,81966,1
25453,13337,2577,38790,28030,15914,0
38779,70646,80166,109425,118945,150812,1
23196,31564,60855,54760,84051,92419,0
44891,69034,84122,113925,129013,153156,1
55687,18821,99722,74508,155409,118543,0
30798,17581,8243,48379,39041,25824,0
61146,71316,58910,132462,120056,130226,1
32251,90610,27615,122861,59866,118225,0
97505,39866,65324,137371,162829,105190,1
90763,87921,40902,178684,131665,128823,1
15309,59063,70273,74372,85582,129336,1
75269,51480,69902,126749,145171,121382,1
55234,34890,42904,90124,98138,77794,1
78657,20671,64537,99328,143194,85208,1
2299,27050,1126,29349,3425,28176,0
95318,69712,64852,165030,160170,134564,1
78704,48297,93833,127001,172537,142130,1
82058,91834,93941,173892,175999,185775,1
82704,52995,22098,135699,104802,75093,0
15161,12436,23571,27597,38732,36007,1
29151,59107,49006,88258,78157,108113,1
80585,91419,22558,172004,103143,113977,1
76505,66533,20772,143038,97277,87305,1
59897,33659,63065,93556,122962,96724,1
6225,51974,37701,58199,43926,89675,0
8742,25815,6435,34557,15177,32250,0
80334,10046,96920,90380,177254,106966,0
19017,47753,62561,66770,81578,110314,1
28379,31281,99948,59660,128327,131229,0
48478,97756,93589,146234,142067,191345,1
59348,40661,58110,100009,117458,98771,1
70081,25446,22391,95527,92472,47837,0
69504,81188,12267,150692,81771,93455,1
1045,18845,91314,19890,92359,110159,0
71763,4857,75625,76620,147388,80482,1
88996,27347,36477,116343,125473,63824,0
54104,85362,33889,139466,87993,119251,1
60024,93136,96249,153160,156273,189385,1
13962,13225,69817,27187,83779,83042,0
73114,79360,85825,152474,158939,165185,1
88820,98139,78238,186959,167058,176377,1
12112,17463,49269,29575,61381,66732,0
48650,93506,19591,142156,68241,113097,0
68592,50802,40263,119394,108855,91065,1
74659,24929,93757,99588,168416,118686,1
26259,57624,67216,83883,93475,124840,1
81081,25215,51062,106296,132143,76277,0
16467,29623,6621,46090,23088,36244,0
2688,63191,77860,65879,80548,141051,0
8463,41822,95043,50285,103506,136865,0
3321,98418,65926,101739,69247,164344,0
40888,92241,33130,133129,74018,125371,0
5386,50081,75749,55467,81135,125830,0
31653,21962,70369,53615,102022,92331,0
98986,75519,29790,174505,128776,105309,1
45024,81207,81955,126231,126979,163162,1
32572,18493,36520,51065,69092,55013,1
85583,57412,25409,142995,110992,82821,0
42054,39962,45712,82016,87766,85674,1
64283,35602,61166,99885,125449,96768,1
25057,27826,18629,52883,43686,46455,1
71808,51081,47445,122889,119253,98526,1
49719,74532,4624,124251,54343,79156,0
18063,16755,74153,34818,92216,90908,0
11674,96826,19577,108500,31251,116403,0
44538,61423,90792,105961,135330,152215,1
72713,75123,94,147836,72807,75217,0
11721,44705,66516,56426,78237,111221,0
55119,18986,35609,74105,90728,54595,0
55926,7248,25658,63174,81584,32906,0
24816,95397,94493,120213,119309,189890,1
92362,96131,16718,188493,109080,112849,1
90841,75699,81443,166540,172284,157142,1
97161,89276,74540,186437,171701,163816,1
48598,59678,81021,108276,129619,140699,1
70203,8683,60879,78886,131082,69562,0
101,7257,7343,7358,7444,14600,1
45047,3083,42444,48130,87491,45527,1
59273,71962,47200,131235,106473,119162,1
38220,33872,40653,72092,78873,74525,1
74724,80419,12101,155143,86825,92520,1
78491,67176,2324,145667,80815,69500,0
2635,30281,24800,32916,27435,55081,0
39091,59886,60150,98977,99241,120036,1
12620,69727,55605,82347,68225,125332,0
62171,43928,51701,106099,113872,95629,1
30574,64156,5911,94730,36485,70067,0
65501,51563,22304,117064,87805,73867,1
85774,14126,38793,99900,124567,52919,0
52841,88839,65980,141680,118821,154819,1
51996,23053,9490,75049,61486,32543,0
45499,4451,96759,49950,142258,101210,0
43462,10884,2210,54346,45672,13094,0
46652,72299,6120,118951,52772,78419,0
35738,54688,64627,90426,100365,119315,1
19075,24490,46386,43565,65461,70876,0
27914,51374,57544,79288,85458,108918,1
7166,25362,88031,32528,95197,113393,0
20393,51490,11007,71883,31400,62497,0
95972,4505,56628,100477,152600,61133,0
73898,41619,58920,115517,132818,100539,1
94430,57961,54572,152391,149002,112533,1
96948,14815,85167,111763,182115,99982,1
85040,98580,545,183620,85585,99125,0
37080,21101,44519,58181,81599,65620,1
54942,7170,40252,62112,95194,47422,0
72674,88101,632,160775,73306,88733,0
60063,63032,79914,123095,139977,142946,1
11638,25921,96298,37559,107936,122219,0
77292,9387,24302,86679,101594,33689,0
8427,49000,21403,57427,29830,70403,0
56726,95284,74608,152010,131334,169892,1
60977,71057,64225,132034,125202,135282,1
52396,21484,68765,73880,121161,90249,1
51799,35720,41374,87519,93173,77094,1
50279,61922,35504,112201,85783,97426,1
16396,216,1637,16612,18033,1853,0
68849,73420,3463,142269,72312,76883,0
55408,48362,82537,103770,137945,130899,1
48434,78934,47532,127368,95966,126466,1
85671,20857,11756,106528,97427,32613,0
87745,30974,7487,118719,95232,38461,0
88084,70330,16970,158414,105054,87300,0
783,75612,83703,76395,84486,159315,0
66076,22953,44517,89029,110593,67470,1
84047,43500,14276,127547,98323,57776,0
129,90697,92067,90826,92196,182764,0
15152,55765,2260,70917,17412,58025,0
80623,70845,6379,151468,87002,77224,0
35316,7511,26755,42827,62071,34266,0
62498,12915,78053,75413,140551,90968,0
12930,68266,33660,81196,46590,101926,0
55623,31993,55528,87616,111151,87521,1
48409,86541,2999,134950,51408,89540,0
70786,31575,55215,102361,126001,86790,1
24040,81984,46568,106024,70608,128552,0
25323,10174,26788,35497,52111,36962,1
55940,9515,34629,65455,90569,44144,0
12036,65989,95947,78025,107983,161936,0
18024,58829,15436,76853,33460,74265,0
11729,47851,13155,59580,24884,61006,0
73544,96880,57051,170424,130595,153931,1
69869,19026,70279,88895,140148,89305,1
83158,27701,55081,110859,138239,82782,0
18139,86234,77998,104373,96137,164232,1
85634,22884,48835,108518,134469,71719,0
64614,31525,55645,96139,120259,87170,1
97172,90908,485,188080,97657,91393,0
51199,44177,89931,95376,141130,134108,1
98466,89058,16305,187524,114771,105363,1
17890,9249,75211,27139,93101,84460,0
35423,67100,79861,102523,115284,146961,1
84796,19554,69470,104350,154266,89024,1
56340,74278,8777,130618,65117,83055,0
79104,28396,21059,107500,100163,49455,0
21743,58073,10679,79816,32422,68752,0
29643,47945,59814,77588,89457,107759,1
44417,27467,161,71884,44578,27628,0
43498,87076,40852,130574,84350,127928,0
62134,63353,29171,125487,91305,92524,1
92528,20827,78400,113355,170928,99227,1
38515,68157,50240,106672,88755,118397,1
58493,6921,65626,65414,124119,72547,0
37063,81855,69401,118918,106464,151256,1
7015,16665,86351,23680,93366,103016,0
30677,69647,2515,100324,33192,72162,0
76395,77866,22213,154261,98608,100079,1
40667,23976,76256,64643,116923,100232,0
88577,6551,62472,95128,151049,69023,0
54788,92804,17637,147592,72425,110441,0
14414,76843,70361,91257,84775,147204,1
58651,37738,46461,96389,105112,84199,1
62788,85828,42366,148616,105154,128194,1
80153,77857,58244,158010,138397,136101,1
66486,3324,33631,69810,100117,36955,0
1141,44895,18784,46036,19925,63679,0
71355,29526,11737,100881,83092,41263,0
70138,16654,49715,86792,119853,66369,0
2495,99927,5642,102422,8137,105569,0
88429,64128,23874,152557,112303,88002,0
66235,84585,20767,150820,87002,105352,1
17072,82668,42211,99740,59283,124879,0
94862,83145,65838,178007,160700,148983,1
89163,76029,94019,165192,183182,170048,1
63615,64193,39367,127808,102982,103560,1
6756,98084,23722,104840,30478,121806,0
3891,28088,91588,31979,95479,119676,0
52831,69936,40675,122767,93506,110611,1
91783,21745,7033,113528,98816,28778,0
47388,97924,51029,145312,98417,148953,1
57108,15047,56740,72155,113848,71787,1
31857,82716,66182,114573,98039,148898,1
36497,53675,61491,90172,97988,115166,1
35149,26078,80401,61227,115550,106479,0
63157,25502,73239,88659,136396,98741,1
255,93087,95188,93342,95443,188275,0
80019,54994,96079,135013,176098,151073,1
19628,48069,11242,67697,30870,59311,0
54095,37848,19245,91943,73340,57093,1
11972,77418,30937,89390,42909,108355,0
65705,72274,31936,137979,97641,104210,1
91568,20558,36692,112126,128260,57250,0
21890,30842,87669,52732,109559,118511,0
62005,6375,96406,68380,158411,102781,0
59637,96731,26469,156368,86106,123200,0
8872,42400,99288,51272,108160,141688,0
49615,61536,82944,111151,132559,144480,1
13021,13111,99808,26132,112829,112919,0
1294,8712,96458,10006,97752,105170,0
91008,48232,71646,139240,162654,119878,1
36268,30027,84246,66295,120514,114273,0
89293,83709,93129,173002,182422,176838,1
68962,21633,53702,90595,122664,75335,1
62004,91951,10751,153955,72755,102702,0
61058,77683,935,138741,61993,78618,0
19866,78233,25410,98099,45276,103643,0
24445,22023,33806,46468,58251,55829,1
36359,15711,16191,52070,52550,31902,0
37973,54626,98852,92599,136825,153478,0
90399,93665,10597,184064,100996,104262,1
36321,30427,39946,66748,76267,70373,1
34559,21869,27509,56428,62068,49378,1
23907,75776,3094,99683,27001,78870,0
5117,86912,58880,92029,63997,145792,0
44689,47503,53808,92192,98497,101311,1
25038,4887,68691,29925,93729,73578,0
64257,84110,23916,148367,88173,108026,1
67660,13903,3350,81563,71010,17253,0
91146,6955,68991,98101,160137,75946,0
72186,7633,44201,79819,116387,51834,0
95104,99218,13094,194322,108198,112312,1
9716,66787,55483,76503,65199,122270,0
60718,28696,83735,89414,144453,112431,1
81057,46250,17353,127307,98410,63603,0
85624,42631,74632,128255,160256,117263,1
75567,21476,54819,97043,130386,76295,1
92251,12748,70322,104999,162573,83070,0
63226,78029,35834,141255,99060,113863,1
82340,86279,90053,168619,172393,176332,1
10320,1737,59330,12057,69650,61067,0
78458,56351,98838,134809,177296,155189,1
62624,60915,9938,123539,72562,70853,1
38704,10992,23678,49696,62382,34670,0
5026,51762,15059,56788,20085,66821,0
30565,3301,52550,33866,83115,55851,0
69250,3516,45517,72766,114767,49033,0
88430,40148,57118,128578,145548,97266,1
71606,13548,6655,85154,78261,20203,0
49359,46210,87051,95569,136410,133261,1
55383,35075,65065,90458,120448,100140,1
53990,89079,24005,143069,77995,113084,0
85821,65906,74233,151727,160054,140139,1
78774,89143,57373,167917,136147,146516,1
44607,85599,63913,130206,108520,149512,1
20847,33056,33429,53903,54276,66485,1
57835,354,17164,58189,74999,17518,0
87939,45712,91162,133651,179101,136874,1
28624,97392,49871,126016,78495,147263,0
4153,31425,3114,35578,7267,34539,0
73586,24755,37760,98341,111346,62515,0
68103,51551,42003,119654,110106,93554,1
72398,71196,98330,143594,170728,169526,1
91169,42413,45203,133582,136372,87616,0
82342,14978,8738,97320,91080,23716,0
3477,55907,42577,59384,46054,98484,0
21047,89158,56122,110205,77169,145280,0
32070,202,26243,32272,58313,26445,0
3931,74516,95409,78447,99340,169925,0
37464,29639,76133,67103,113597,105772,0
40173,34464,97317,74637,137490,131781,0
46754,87294,5718,134048,52472,93012,0
48394,75310,51351,123704,99745,126661,1
70962,47106,91867,118068,162829,138973,1
31334,14254,1105,45588,32439,15359,0
70804,20360,30015,91164,100819,50375,0
90162,97986,33805,188148,123967,131791,1
61167,29742,11207,90909,72374,40949,0
27200,39093,84406,66293,111606,123499,0
52069,82833,92923,134902,144992,175756,1
39732,39962,53710,79694,93442,93672,1
10190,18948,5380,29138,15570,24328,0
259,35637,98679,35896,98938,134316,0
176,6445,97595,6621,97771,104040,0
6833,16926,72411,23759,79244,89337,0
91618,34027,17730,125645,109348,51757,0
59850,73419,33291,133269,93141,106710,1
85062,62379,50456,147441,135518,112835,1
26673,9963,25253,36636,51926,35216,1
2579,62714,57078,65293,59657,119792,0
40114,12846,31253,52960,71367,44099,1
12019,58724,64986,70743,77005,123710,1
1870,61106,28246,62976,30116,89352,0
34549,62463,46722,97012,81271,109185,1
80909,54005,26651,134914,107560,80656,0
65427,4917,56769,70344,122196,61686,0
48977,55215,53788,104192,102765,109003,1
90748,51184,99632,141932,190380,150816,1
94319,35920,24436,130239,118755,60356,0
98243,48039,64815,146282,163058,112854,1
99953,18527,95226,118480,195179,113753,1
90175,90516,22463,180691,112638,112979,1
17389,52104,92239,69493,109628,144343,0
95089,30557,38580,125646,133669,69137,0
97854,72242,50366,170096,148220,122608,1
56640,81467,1442,138107,58082,82909,0
42814,80860,44307,123674,87121,125167,1
81900,91783,89312,173683,171212,181095,1
48180,73617,98675,121797,146855,172292,1
65332,26045,62453,91377,127785,88498,1
67940,43598,79473,111538,147413,123071,1
88545,50399,70042,138944,158587,120441,1
49279,42767,62046,92046,111325,104813,1
49667,8280,27925,57947,77592,36205,0
63722,76308,67864,140030,131586,144172,1
71477,917,18504,72394,89981,19421,0
65338,92774,78596,158112,143934,171370,1
81458,24629,16624,106087,98082,41253,0
13970,71949,66431,85919,80401,138380,1
60446,60695,86316,121141,146762,147011,1
80330,72664,5945,152994,86275,78609,0
23895,33581,74261,57476,98156,107842,0
73102,67346,9045,140448,82147,76391,1
55522,86845,76124,142367,131646,162969,1
47747,67558,68958,115305,116705,136516,1
75823,11702,24111,87525,99934,35813,0
41492,50003,14478,91495,55970,64481,1
83124,43894,40102,127018,123226,83996,1
27281,44266,31205,71547,58486,75471,1
26563,15253,87211,41816,113774,102464,0
93452,16398,96633,109850,190085,113031,1
45892,56086,15919,101978,61811,72005,1
15624,64181,12323,79805,27947,76504,0
42504,15914,83078,58418,125582,98992,0
71093,70120,709,141213,71802,70829,0
49435,52552,55021,101987,104456,107573,1
13220,37916,36909,51136,50129,74825,1
29593,11751,11917,41344,41510,23668,0
7328,5017,88405,12345,95733,93422,0
47190,71524,11099,118714,58289,82623,0
55714,95216,16728,150930,72442,111944,0
78859,61541,46609,140400,125468,108150,1
2220,45820,95458,48040,97678,141278,0
91767,78021,17383,169788,109150,95404,1
58929,93047,27234,151976,86163,120281,0
62413,45023,80667,107436,143080,125690,1
11990,92061,40952,104051,52942,133013,0
74710,80904,61454,155614,136164,142358,1
46570,68120,57161,114690,103731,125281,1
4926,8607,73887,13533,78813,82494,0
83533,1866,88153,85399,171686,90019,0
32744,33796,73548,66540,106292,107344,0
43428,24365,44504,67793,87932,68869,1
69822,73187,39368,143009,109190,112555,1
91028,10902,32183,101930,123211,43085,0
9805,52930,48735,62735,58540,101665,1
88731,60952,11562,149683,100293,72514,0
74440,10323,89863,84763,164303,100186,0
79851,47038,30219,126889,110070,77257,0
47143,92080,12154,139223,59297,104234,0
44849,17313,52716,62162,97565,70029,1
14899,70545,85492,85444,100391,156037,0
24802,22931,87244,47733,112046,110175,0
78625,90345,43119,168970,121744,133464,1
83124,93266,3889,176390,87013,97155,0
13534,15289,21809,28823,35343,37098,1
52046,46880,74846,98926,126892,121726,1
65255,47694,90933,112949,156188,138627,1
91628,96611,76342,188239,167970,172953,1
16292,15086,41541,31378,57833,56627,0
14894,65321,3947,80215,18841,69268,0
73342,11823,88698,85165,162040,100521,0
87228,25502,44388,112730,131616,69890,0
52631,53971,30611,106602,83242,84582,1
21176,31680,82737,52856,103913,114417,0
59351,42803,69529,102154,128880,112332,1
48066,60180,53534,108246,101600,113714,1
33581,94712,72009,128293,105590,166721,1
41767,52056,40412,93823,82179,92468,1
70421,18055,2196,88476,72617,20251,0
19595,31934,4349,51529,23944,36283,0
52520,48294,61060,100814,113580,109354,1
15439,57313,84582,72752,100021,141895,0
53286,81590,19011,134876,72297,100601,0
41900,70987,32774,112887,74674,103761,1
44092,34419,25646,78511,69738,60065,1
16095,47286,80510,63381,96605,127796,0
25765,38592,81616,64357,107381,120208,0
68039,45988,95381,114027,163420,141369,1
54966,90322,72736,145288,127702,163058,1
43905,26280,34624,70185,78529,60904,1
90083,85964,14772,176047,104855,100736,1
285,6414,89856,6699,90141,96270,0
30404,54497,70444,84901,100848,124941,1
51779,96952,37093,148731,88872,134045,0
84488,83839,97480,168327,181968,181319,1
29005,28703,14235,57708,43240,42938,1
92897,80499,5015,173396,97912,85514,0
46140,48218,23766,94358,69906,71984,1
93676,88427,97623,182103,191299,186050,1
23034,20191,45702,43225,68736,65893,0
24226,83504,97994,107730,122220,181498,1
74425,60389,28798,134814,103223,89187,1
22965,27280,86197,50245,109162,113477,0
83482,51006,97222,134488,180704,148228,1
54537,9455,91974,63992,146511,101429,0
35310,82013,58802,117323,94112,140815,1
34570,62773,10793,97343,45363,73566,0
48761,14114,84999,62875,133760,99113,0
51985,5085,76717,57070,128702,81802,0
35949,27772,58384,63721,94333,86156,1
86327,64986,98726,151313,185053,163712,1
66777,93691,31962,160468,98739,125653,1
12914,71375,59596,84289,72510,130971,1
27515,69687,27678,97202,55193,97365,0
33610,67483,4954,101093,38564,72437,0
830,87083,8315,87913,9145,95398,0
78705,6735,57531,85440,136236,64266,0
2778,74886,21012,77664,23790,95898,0
3603,28669,62531,32272,66134,91200,0
22169,41447,31374,63616,53543,72821,1
70446,23559,7318,94005,77764,30877,0
28566,53968,90106,82534,118672,144074,0
76879,55274,48638,132153,125517,103912,1
95584,99069,90281,194653,185865,189350,1
93472,5428,3139,98900,96611,8567,0
78784,96738,23959,175522,102743,120697,1
54803,36928,14334,91731,69137,51262,0
17678,37250,27770,54928,45448,65020,1
60992,95433,97142,156425,158134,192575,1
20039,29547,72746,49586,92785,102293,0
1819,65244,3236,67063,5055,68480,0
33686,56937,88852,90623,122538,145789,1
51427,8280,28515,59707,79942,36795,0
39902,10934,31965,50836,71867,42899,1
66622,96487,68594,163109,135216,165081,1
65915,55341,91278,121256,157193,146619,1
22245,20957,14252,43202,36497,35209,1
35693,58527,49360,94220,85053,107887,1
11352,37944,58137,49296,69489,96081,0
9788,54810,7711,64598,17499,62521,0
91998,48968,47321,140966,139319,96289,1
51899,55060,65177,106959,117076,120237,1
96255,86732,46046,182987,142301,132778,1
48067,84959,9580,133026,57647,94539,0
35168,73356,12804,108524,47972,86160,0
62671,94198,44470,156869,107141,138668,1
93902,72435,43796,166337,137698,116231,1
58464,66496,26770,124960,85234,93266,1
88713,1991,6398,90704,95111,8389,0
9866,54537,190,64403,10056,54727,0
55200,43854,92105,99054,147305,135959,1
14452,40845,25002,55297,39454,65847,0
56801,18333,45550,75134,102351,63883,1
10014,19841,87488,29855,97502,107329,0
93072,53803,84032,146875,177104,137835,1
45066,58462,49186,103528,94252,107648,1
41577,51012,69176,92589,110753,120188,1
91836,45093,7239,136929,99075,52332,0
80176,61640,32368,141816,112544,94008,1
91960,2308,40698,94268,132658,43006,0
55293,63067,58186,118360,113479,121253,1
64185,29405,27805,93590,91990,57210,0
73879,5049,78985,78928,152864,84034,0
48489,41758,87654,90247,136143,129412,1
16037,53941,78978,69978,95015,132919,0
12637,3286,25182,15923,37819,28468,0
59769,92618,58817,152387,118586,151435,1
39661,72593,17107,112254,56768,89700,0
24807,3636,10492,28443,35299,14128,0
48934,13856,2784,62790,51718,16640,0
3846,57274,94555,61120,98401,151829,0
23882,32733,40771,56615,64653,73504,1
95491,76308,42586,171799,138077,118894,1
29610,60668,21746,90278,51356,82414,0
55014,88459,91128,143473,146142,179587,1
35985,81154,89219,117139,125204,170373,1
82085,75872,6016,157957,88101,81888,0
48953,15235,47398,64188,96351,62633,1
92000,31546,71305,123546,163305,102851,1
62730,61395,82377,124125,145107,143772,1
64470,54905,8363,119375,72833,63268,0
16929,23178,7847,40107,24776,31025,1
61542,16797,6762,78339,68304,23559,0
67644,50006,64775,117650,132419,114781,1
40379,93646,81856,134025,122235,175502,1
74998,37444,79675,112442,154673,117119,1
62696,61839,8097,124535,70793,69936,1
61203,55578,76469,116781,137672,132047,1
92222,45960,14631,138182,106853,60591,0
91048,41149,84740,132197,175788,125889,1
85460,25403,48850,110863,134310,74253,0
62295,76750,56694,139045,118989,133444,1
73739,75898,25375,149637,99114,101273,1
56529,53609,72465,110138,128994,126074,1
7776,45779,56054,53555,63830,101833,0
837,54698,54448,55535,55285,109146,1
84508,91591,25722,176099,110230,117313,1
95910,32866,90044,128776,185954,122910,1
39376,90876,79052,130252,118428,169928,1
88724,73382,680,162106,89404,74062,0
60391,72214,58819,132605,119210,131033,1
53867,31100,97074,84967,150941,128174,0
65806,78092,67973,143898,133779,146065,1
77669,21364,9452,99033,87121,30816,0
7725,53097,84890,60822,92615,137987,0
24046,26456,98686,50502,122732,125142,0
27952,33036,48289,60988,76241,81325,1
42881,99935,62120,142816,105001,162055,1
95100,23194,61872,118294,156972,85066,0
19855,51265,6779,71120,26634,58044,0
46040,71606,44184,117646,90224,115790,1
57877,62567,25578,120444,83455,88145,1
83724,84103,67342,167827,151066,151445,1
19716,19002,54081,38718,73797,73083,0
92522,96176,15904,188698,108426,112080,1
99007,33426,84038,132433,183045,117464,1
68513,29588,53712,98101,122225,83300,1
24781,83375,11388,108156,36169,94763,0
82847,76933,66058,159780,148905,142991,1
60861,47874,26739,108735,87600,74613,1
38985,83494,13119,122479,52104,96613,0
27221,30700,69487,57921,96708,100187,0
87481,96204,55480,183685,142961,151684,1
80469,58726,93213,139195,173682,151939,1
27476,50249,11574,77725,39050,61823,0
49250,54021,36537,103271,85787,90558,1
38456,12590,2907,51046,41363,15497,0
82287,38555,79473,120842,161760,118028,1
99722,17734,47718,117456,147440,65452,0
80941,37354,13990,118295,94931,51344,0
87928,82457,72562,170385,160490,155019,1
26312,85213,68270,111525,94582,153483,1
47056,21680,50469,68736,97525,72149,1
60838,89634,50696,150472,111534,140330,1
85365,41301,10973,126666,96338,52274,0
49938,20521,79884,70459,129822,100405,0
32221,11567,38015,43788,70236,49582,1
88478,13938,26099,102416,114577,40037,0
85311,13452,45919,98763,131230,59371,0
9387,81640,26522,91027,35909,108162,0
53284,95423,48697,148707,101981,144120,1
98887,61628,73112,160515,171999,134740,1
54820,29185,5623,84005,60443,34808,0
30497,62953,42369,93450,72866,105322,1
48011,48140,82436,96151,130447,130576,1
80470,33497,76257,113967,156727,109754,1
76637,82009,61585,158646,138222,143594,1
14519,89125,52698,103644,67217,141823,0
53184,73986,22211,127170,75395,96197,1
51455,36347,84855,87802,136310,121202,1
59378,95907,94891,155285,154269,190798,1
53401,90910,84283,144311,137684,175193,1
67520,15066,70644,82586,138164,85710,1
51015,25722,56317,76737,107332,82039,1
99463,49704,98834,149167,198297,148538,1
19655,98670,82741,118325,102396,181411,1
6544,12764,61400,19308,67944,74164,0
52069,23817,27984,75886,80053,51801,0
47407,44781,77698,92188,125105,122479,1
21949,5953,82910,27902,104859,88863,0
67842,70268,96315,138110,164157,166583,1
42943,64695,36154,107638,79097,100849,1
54446,23739,81796,78185,136242,105535,0
39664,17969,34171,57633,73835,52140,1
98019,92494,45812,190513,143831,138306,1
7804,55349,68766,63153,76570,124115,0
66318,35052,10754,101370,77072,45806,0
7016,37281,55144,44297,62160,92425,0
4165,33279,15964,37444,20129,49243,0
67431,56555,25605,123986,93036,82160,1
55409,92264,82842,147673,138251,175106,1
12879,64162,37275,77041,50154,101437,0
78950,59268,82284,138218,161234,141552,1
27571,12220,70693,39791,98264,82913,0
31391,72445,11666,103836,43057,84111,0
75121,4406,89503,79527,164624,93909,0
81997,70515,23725,152512,105722,94240,1
59526,28340,5195,87866,64721,33535,0
274,63390,10236,63664,10510,73626,0
5009,48988,36327,53997,41336,85315,0
64575,38866,20212,103441,84787,59078,0
93078,43456,75381,136534,168459,118837,1
50812,52197,85780,103009,136592,137977,1
60516,47858,72117,108374,132633,119975,1
55074,9579,67557,64653,122631,77136,0
7493,72989,50364,80482,57857,123353,0
96579,25293,41820,121872,138399,67113,0
29464,19282,98026,48746,127490,117308,0
51175,30176,69465,81351,120640,99641,1
76047,7152,77980,83199,154027,85132,1
95386,22829,59179,118215,154565,82008,0
35392,64533,22918,99925,58310,87451,0
98591,7473,57751,106064,156342,65224,0
1858,35526,83304,37384,85162,118830,0
23389,96461,91640,119850,115029,188101,1
14412,18710,88265,33122,102677,106975,0
74501,10284,62877,84785,137378,73161,0
89470,47224,16375,136694,105845,63599,0
8273,65535,59765,73808,68038,125300,1
31191,16237,75844,47428,107035,92081,0
61339,83101,3204,144440,64543,86305,0
36401,90371,65630,126772,102031,156001,1
19237,62989,27172,82226,46409,90161,0
2621,64829,42513,67450,45134,107342,0
76516,13440,6671,89956,83187,20111,0
81516,72145,5736,153661,87252,77881,0
8006,33023,65757,41029,73763,98780,0
42776,92464,9272,135240,52048,101736,0
83786,95245,88907,179031,172693,184152,1
21292,38950,89067,60242,110359,128017,0
53971,75772,53336,129743,107307,129108,1
65556,63643,48421,129199,113977,112064,1
16664,84982,4252,101646,20916,89234,0
79195,7061,88054,86256,167249,95115,0
37018,67463,17302,104481,54320,84765,0
51673,24463,12891,76136,64564,37354,0
72867,29275,16331,102142,89198,45606,0
51987,28361,68916,80348,120903,97277,1
55345,6024,79494,61369,134839,85518,0
29889,58049,69132,87938,99021,127181,1
39824,66227,68684,106051,108508,134911,1
45434,37519,31580,82953,77014,69099,1
40070,74636,63060,114706,103130,137696,1
53784,23356,63559,77140,117343,86915,1
37616,81197,2045,118813,39661,83242,0
62404,56885,31260,119289,93664,88145,1
56368,60366,49811,116734,106179,110177,1
24208,93836,4148,118044,28356,97984,0
58793,72347,89394,131140,148187,161741,1
73398,51611,58136,125009,131534,109747,1
15574,57408,58088,72982,73662,115496,1
13659,96830,75829,110489,89488,172659,0
30510,59871,65189,90381,95699,125060,1
51623,17101,95249,68724,146872,112350,0
5695,15561,52843,21256,58538,68404,0
50511,84956,5787,135467,56298,90743,0
15756,98070,36068,113826,51824,134138,0
89523,80255,96289,169778,185812,176544,1
80552,6083,12952,86635,93504,19035,0
64773,80144,85021,144917,149794,165165,1
98275,19623,47115,117898,145390,66738,0
68895,97634,15916,166529,84811,113550,0
83959,17581,48249,101540,132208,65830,0
94839,67000,54740,161839,149579,121740,1
4411,30196,47907,34607,52318,78103,0
49737,47209,62593,96946,112330,109802,1
66325,99663,88648,165988,154973,188311,1
72311,38393,40477,110704,112788,78870,1
12613,63760,93298,76373,105911,157058,0
27221,85035,99852,112256,127073,184887,1
42520,43669,35095,86189,77615,78764,1
41700,29800,11552,71500,53252,41352,0
47138,80568,17852,127706,64990,98420,0
9384,11672,94919,21056,104303,106591,0
56455,18704,29426,75159,85881,48130,0
24334,2062,58761,26396,83095,60823,0
48423,16199,1336,64622,49759,17535,0
90649,11962,72177,102611,162826,84139,0
81039,73614,77103,154653,158142,150717,1
12214,73349,45101,85563,57315,118450,0
78416,68762,77039,147178,155455,145801,1
99785,80404,86869,180189,186654,167273,1
33467,33023,99277,66490,132744,132300,0
51359,65602,13504,116961,64863,79106,0
14729,25390,50647,40119,65376,76037,0
77292,99945,38944,177237,116236,138889,1
81564,61495,69265,143059,150829,130760,1
86623,31936,75586,118559,162209,107522,1
81253,98635,45714,179888,126967,144349,1
83206,53267,79274,136473,162480,132541,1
12259,55503,93406,67762,105665,148909,0
5457,25375,40362,30832,45819,65737,0
93967,12833,11578,106800,105545,24411,0
68873,23968,76407,92841,145280,100375,1
59339,22167,23220,81506,82559,45387,0
48925,67730,24500,116655,73425,92230,1
71302,52941,87612,124243,158914,140553,1
38526,33585,69697,72111,108223,103282,1
30670,13837,19641,44507,50311,33478,1
13314,73625,36777,86939,50091,110402,0
82815,27887,14572,110702,97387,42459,0
46005,34326,80830,80331,126835,115156,0
95120,69829,89999,164949,185119,159828,1
16065,34626,23780,50691,39845,58406,1
90033,97720,56293,187753,146326,154013,1
84818,78894,40652,163712,125470,119546,1
5057,11004,34101,16061,39158,45105,0
18211,59168,21553,77379,39764,80721,0
67701,58494,24195,126195,91896,82689,1
47974,12950,76768,60924,124742,89718,0
76007,6193,33336,82200,109343,39529,0
6428,86455,4277,92883,10705,90732,0
47444,56288,12226,103732,59670,68514,1
25456,64546,87356,90002,112812,151902,1
20809,7149,63703,27958,84512,70852,0
4169,93659,58071,97828,62240,151730,0
58920,50366,51824,109286,110744,102190,1
78100,64971,8433,143071,86533,73404,0
98816,75365,8722,174181,107538,84087,0
18697,59981,40610,78678,59307,100591,0
90084,42776,1243,132860,91327,44019,0
66801,32944,72332,99745,139133,105276,1
34770,66965,45483,101735,80253,112448,1
63995,23192,38954,87187,102949,62146,0
34024,81626,7359,115650,41383,88985,0
55810,42532,6541,98342,62351,49073,0
34232,47709,2483,81941,36715,50192,0
5333,73973,70895,79306,76228,144868,1
40595,67484,4546,108079,45141,72030,0
30753,36676,95006,67429,125759,131682,0
27254,4555,48087,31809,75341,52642,0
56303,30366,11960,86669,68263,42326,0
49336,36604,94282,85940,143618,130886,0
9177,70784,90934,79961,100111,161718,0
55615,93245,32147,148860,87762,125392,0
7329,61303,18365,68632,25694,79668,0
33764,4219,12855,37983,46619,17074,0
14340,13020,15763,27360,30103,28783,1
67261,37055,31158,104316,98419,68213,1
8836,90146,89798,98982,98634,179944,1
71740,92436,52080,164176,123820,144516,1
57096,97790,79979,154886,137075,177769,1
10005,34299,63834,44304,73839,98133,0
8209,98382,30820,106591,39029,129202,0
49226,77732,73671,126958,122897,151403,1
68128,84021,2368,152149,70496,86389,0
30221,55124,62995,85345,93216,118119,1
79825,62628,9591,142453,89416,72219,0
40629,37148,14993,77777,55622,52141,1
66621,92453,16504,159074,83125,108957,0
78658,44906,72277,123564,150935,117183,1
27633,88242,13167,115875,40800,101409,0
52049,22366,26698,74415,78747,49064,0
61015,31134,42671,92149,103686,73805,1
85836,31101,47001,116937,132837,78102,0
76236,98386,36203,174622,112439,134589,1
34270,49232,38460,83502,72730,87692,1
63582,33565,7693,97147,71275,41258,0
21121,95379,29229,116500,50350,124608,0
95474,54283,33453,149757,128927,87736,0
43735,30746,80068,74481,123803,110814,0
10667,27003,8862,37670,19529,35865,0
64036,51878,79100,115914,143136,130978,1
30849,26740,69960,57589,100809,96700,0
91289,82018,52640,173307,143929,134658,1
68557,33483,79435,102040,147992,112918,1
6159,67706,60187,73865,66346,127893,0
99368,54883,13968,154251,113336,68851,0
14531,31413,71246,45944,85777,102659,0
85634,51312,91456,136946,177090,142768,1
79593,74085,86493,153678,166086,160578,1
84774,96671,52731,181445,137505,149402,1
60074,13652,18529,73726,78603,32181,0
18014,27413,44188,45427,62202,71601,1
22379,65010,18227,87389,40606,83237,0
694,35868,71321,36562,72015,107189,0
42472,19181,65788,61653,108260,84969,0
57630,98683,88136,156313,145766,186819,1
47735,75775,40960,123510,88695,116735,1
25799,13489,15100,39288,40899,28589,1
87170,92742,74201,179912,161371,166943,1
93715,81394,25913,175109,119628,107307,1
96324,50627,62464,146951,158788,113091,1
817,61311,92447,62128,93264,153758,0
45017,96504,83626,141521,128643,180130,1
33137,45955,53234,79092,86371,99189,1
92093,60763,63946,152856,156039,124709,1
67485,7490,28294,74975,95779,35784,0
11716,2177,28572,13893,40288,30749,0
61915,1203,61690,63118,123605,62893,1
72577,31782,64886,104359,137463,96668,1
90971,41554,16349,132525,107320,57903,0
98878,24832,66733,123710,165611,91565,0
60597,59694,76704,120291,137301,136398,1
39592,42064,21215,81656,60807,63279,1
47430,6717,19383,54147,66813,26100,0
32665,73920,30864,106585,63529,104784,0
56753,21523,29062,78276,85815,50585,0
42436,10596,11568,53032,54004,22164,0
52502,70180,70495,122682,122997,140675,1
65425,21996,94877,87421,160302,116873,0
12031,15644,32684,27675,44715,48328,0
51543,72836,76715,124379,128258,149551,1
12995,97710,50170,110705,63165,147880,0
91573,39569,83703,131142,175276,123272,1
32511,63628,21781,96139,54292,85409,0
38882,17518,916,56400,39798,18434,0
29340,44826,91543,74166,120883,136369,0
31214,11109,80639,42323,111853,91748,0
89968,53177,86402,143145,176370,139579,1
89985,62311,28529,152296,118514,90840,1
92614,47696,69939,140310,162553,117635,1
5912,42848,80432,48760,86344,123280,0
53776,93886,13848,147662,67624,107734,0
23817,31510,79268,55327,103085,110778,0
78244,55405,3168,133649,81412,58573,0
22612,37947,88858,60559,111470,126805,0
51942,59002,11749,110944,63691,70751,1
38580,62130,24587,100710,63167,86717,1
5691,73498,5412,79189,11103,78910,0
27404,15678,88407,43082,115811,104085,0
21928,68541,87818,90469,109746,156359,1
27167,75937,46076,103104,73243,122013,0
50647,77336,88130,127983,138777,165466,1
4456,36884,12282,41340,16738,49166,0
68941,23655,69915,92596,138856,93570,1
84852,52403,98147,137255,182999,150550,1
37213,88337,39472,125550,76685,127809,0
10222,25197,28189,35419,38411,53386,1
20008,94473,50626,114481,70634,145099,0
20470,31578,66169,52048,86639,97747,0
75203,93794,29554,168997,104757,123348,1
40063,1185,10306,41248,50369,11491,0
46490,55874,70942,102364,117432,126816,1
67772,86994,6486,154766,74258,93480,0
86794,47888,12030,134682,98824,59918,0
14458,32859,85880,47317,100338,118739,0
43419,46409,23408,89828,66827,69817,1
88747,16421,36405,105168,125152,52826,0
51402,40238,82251,91640,133653,122489,1
27792,85556,95289,113348,123081,180845,1
65759,65052,3432,130811,69191,68484,1
67350,87892,66683,155242,134033,154575,1
66667,83578,28017,150245,94684,111595,1
80540,77980,27896,158520,108436,105876,1
54438,9441,96352,63879,150790,105793,0
150,70293,60614,70443,60764,130907,0
34531,97392,33078,131923,67609,130470,0
79314,54606,93876,133920,173190,148482,1
76264,20829,66120,97093,142384,86949,1
67737,33654,27388,101391,95125,61042,0
81446,76749,78303,158195,159749,155052,1
3681,17043,75213,20724,78894,92256,0
97797,39851,94639,137648,192436,134490,1
23745,83268,31732,107013,55477,115000,0
14844,59527,34283,74371,49127,93810,0
51584,96628,1805,148212,53389,98433,0
31239,26465,33453,57704,64692,59918,1
74761,74416,60963,149177,135724,135379,1
92503,65273,3345,157776,95848,68618,0
99082,88175,28293,187257,127375,116468,1
21000,29428,20704,50428,41704,50132,1
6059,7337,83452,13396,89511,90789,0
37712,41301,79417,79013,117129,120718,0
91095,77135,13105,168230,104200,90240,0
36029,61150,79960,97179,115989,141110,1
65791,34603,50315,100394,116106,84918,1
62455,92273,76671,154728,139126,168944,1
16857,98121,73098,114978,89955,171219,0
2004,16416,44158,18420,46162,60574,0
78866,24859,4159,103725,83025,29018,0
35743,88458,3912,124201,39655,92370,0
43680,95686,41477,139366,85157,137163,0
24020,70313,87592,94333,111612,157905,1
46563,22737,2103,69300,48666,24840,0
48017,76369,5203,124386,53220,81572,0
11162,97795,34177,108957,45339,131972,0
31075,28215,88575,59290,119650,116790,0
3486,28419,23849,31905,27335,52268,0
46241,78560,55610,124801,101851,134170,1
63483,10053,13680,73536,77163,23733,0
39241,84114,14674,123355,53915,98788,0
88212,94166,66929,182378,155141,161095,1
39753,70702,88462,110455,128215,159164,1
18593,66533,15940,85126,34533,82473,0
42631,35937,2563,78568,45194,38500,0
40006,44564,33549,84570,73555,78113,1
64037,77314,27645,141351,91682,104959,1
58481,22709,68211,81190,126692,90920,1
62611,5360,93988,67971,156599,99348,0
33777,20890,98919,54667,132696,119809,0
56053,98455,49904,154508,105957,148359,1
86499,13806,31135,100305,117634,44941,0
49125,3913,14929,53038,64054,18842,0
13378,78925,5590,92303,18968,84515,0
80076,43567,5766,123643,85842,49333,0
44127,91620,87462,135747,131589,179082,1
60451,76644,82503,137095,142954,159147,1
56627,89468,85738,146095,142365,175206,1
12318,59116,22872,71434,35190,81988,0
55753,17056,65265,72809,121018,82321,1
11659,62850,59098,74509,70757,121948,1
60730,92243,5412,152973,66142,97655,0
2168,30326,53932,32494,56100,84258,0
46772,73119,58931,119891,105703,132050,1
22266,4935,27919,27201,50185,32854,0
85285,96712,2747,181997,88032,99459,0
10951,92115,1884,103066,12835,93999,0
75125,59580,81336,134705,156461,140916,1
92039,3899,92297,95938,184336,96196,1
23939,75398,12396,99337,36335,87794,0
3018,80653,59432,83671,62450,140085,0
93051,47415,45969,140466,139020,93384,1
47096,55601,97325,102697,144421,152926,1
44817,92822,17603,137639,62420,110425,0
91352,1671,5621,93023,96973,7292,0
3419,22316,96442,25735,99861,118758,0
22951,30882,32969,53833,55920,63851,1
81594,65224,17088,146818,98682,82312,1
71060,13934,60411,84994,131471,74345,1
67867,44734,96230,112601,164097,140964,1
32687,57035,2729,89722,35416,59764,0
5716,22783,7894,28499,13610,30677,0
33152,72271,21629,105423,54781,93900,0
87012,21739,33646,108751,120658,55385,0
71850,16529,73474,88379,145324,90003,1
77122,5809,42894,82931,120016,48703,0
46877,74703,36250,121580,83127,110953,1
71584,29760,32177,101344,103761,61937,0
80502,2904,75845,83406,156347,78749,0
22756,4556,76980,27312,99736,81536,0
92402,67682,54289,160084,146691,121971,1
83199,11955,77928,95154,161127,89883,1
96577,65744,42530,162321,139107,108274,1
75587,28909,51819,104496,127406,80728,1
25069,27439,38665,52508,63734,66104,1
13687,84337,80705,98024,94392,165042,1
42714,53036,79603,95750,122317,132639,1
79909,91770,24381,171679,104290,116151,1
24510,17076,95917,41586,120427,112993,0
77978,84837,58034,162815,136012,142871,1
95042,69199,56269,164241,151311,125468,1
27880,9731,8188,37611,36068,17919,0
59375,40957,44496,100332,103871,85453,1
4845,82240,72556,87085,77401,154796,0
27393,46971,41681,74364,69074,88652,1
46872,12414,16265,59286,63137,28679,0
41398,31605,42604,73003,84002,74209,1
36953,8344,375,45297,37328,8719,0
82714,76460,15703,159174,98417,92163,1
99657,94630,8323,194287,107980,102953,1
55306,2769,65749,58075,121055,68518,0
15441,14439,87688,29880,103129,102127,0
762,19570,94776,20332,95538,114346,0
29472,87890,42010,117362,71482,129900,0
65966,87386,82993,153352,148959,170379,1
33509,95179,26430,128688,59939,121609,0
91725,30974,1908,122699,93633,32882,0
79590,88217,45070,167807,124660,133287,1
89543,4612,88257,94155,177800,92869,1
27615,17533,28411,45148,56026,45944,1
48623,11042,83384,59665,132007,94426,0
86597,29483,42133,116080,128730,71616,0
61142,41174,48658,102316,109800,89832,1
42390,41409,24007,83799,66397,65416,1
25227,66029,1304,91256,26531,67333,0
21514,43332,78057,64846,99571,121389,0
65675,24325,83521,90000,149196,107846,1
8407,99795,415,108202,8822,100210,0
95363,16902,30750,112265,126113,47652,0
71661,30768,16156,102429,87817,46924,0
42605,37997,73736,80602,116341,111733,1
21837,99850,2668,121687,24505,102518,0
9339,45932,50305,55271,59644,96237,1
2734,458,75211,3192,77945,75669,0
50563,48018,81610,98581,132173,129628,1
64603,12444,83520,77047,148123,95964,0
57796,3460,70890,61256,128686,74350,0
62980,6199,76252,69179,139232,82451,0
93300,18879,10834,112179,104134,29713,0
48975,11711,9660,60686,58635,21371,0
30005,69576,91674,99581,121679,161250,1
94093,86974,92016,181067,186109,178990,1
16108,48967,19793,65075,35901,68760,0
41329,53635,95958,94964,137287,149593,0
45205,74179,36400,119384,81605,110579,1
76923,25540,98529,102463,175452,124069,1
43770,49968,64807,93738,108577,114775,1
50395,49702,10469,100097,60864,60171,1
62842,6541,54936,69383,117778,61477,0
57810,67015,75980,124825,133790,142995,1
70643,1051,99222,71694,169865,100273,0
77337,2741,25188,80078,102525,27929,0
93778,65563,40616,159341,134394,106179,1
44040,92645,62882,136685,106922,155527,1
8717,95586,33127,104303,41844,128713,0
69550,50255,53358,119805,122908,103613,1
39222,1143,80528,40365,119750,81671,0
28839,55329,787,84168,29626,56116,0
32057,47202,55922,79259,87979,103124,1
6113,33609,47067,39722,53180,80676,0
22202,89378,58653,111580,80855,148031,0
75875,90764,23212,166639,99087,113976,1
82686,3869,92253,86555,174939,96122,0
62561,20650,33670,83211,96231,54320,0
60404,50401,63214,110805,123618,113615,1
2392,14711,11074,17103,13466,25785,0
85862,74358,53677,160220,139539,128035,1
66970,27140,28476,94110,95446,55616,0
49400,57563,56722,106963,106122,114285,1
32828,62673,54744,95501,87572,117417,1
32994,82159,22976,115153,55970,105135,0
46319,19887,94876,66206,141195,114763,0
23888,59099,11343,82987,35231,70442,0
61497,21367,49506,82864,111003,70873,1
34617,39348,23487,73965,58104,62835,1
5814,68707,41140,74521,46954,109847,0
56314,68772,97147,125086,153461,165919,1
37651,18477,93312,56128,130963,111789,0
42810,60428,50450,103238,93260,110878,1
62736,89110,8569,151846,71305,97679,0
27042,31457,77747,58499,104789,109204,0
33280,32279,70991,65559,104271,103270,0
9327,84339,96863,93666,106190,181202,0
32813,21692,16474,54505,49287,38166,1
91088,95416,5560,186504,96648,100976,1
77579,64652,4927,142231,82506,69579,0
27500,15429,272,42929,27772,15701,0
66435,58957,81879,125392,148314,140836,1
18471,72011,94524,90482,112995,166535,0
25926,82219,10190,108145,36116,92409,0
21398,92859,1993,114257,23391,94852,0
22971,56920,62706,79891,85677,119626,1
972,24955,92072,25927,93044,117027,0
43581,9554,42581,53135,86162,52135,1
40544,4925,82390,45469,122934,87315,0
22479,9472,8311,31951,30790,17783,0
47945,24913,66127,72858,114072,91040,1
14494,18616,81858,33110,96352,100474,0
2463,42228,76809,44691,79272,119037,0
11263,40215,34627,51478,45890,74842,1
52781,51247,77809,104028,130590,129056,1
86672,54540,42846,141212,129518,97386,1
37542,50538,58271,88080,95813,108809,1
64915,56179,2587,121094,67502,58766,0
29544,65650,47479,95194,77023,113129,1
25361,94122,29590,119483,54951,123712,0
82392,76800,41431,159192,123823,118231,1
73479,65050,71048,138529,144527,136098,1
6613,53212,26535,59825,33148,79747,0
29390,10731,37986,40121,67376,48717,1
93572,73434,26178,167006,119750,99612,1
70773,97812,49962,168585,120735,147774,1
8644,35865,35325,44509,43969,71190,1
35770,10976,52247,46746,88017,63223,0
30471,98232,73716,128703,104187,171948,1
25723,98904,33385,124627,59108,132289,0
78085,8945,70110,87030,148195,79055,1
69074,61548,40854,130622,109928,102402,1
21499,6234,78601,27733,100100,84835,0
69278,20677,80616,89955,149894,101293,1
32919,17078,55117,49997,88036,72195,0
65404,92746,88074,158150,153478,180820,1
44735,91496,62613,136231,107348,154109,1
4884,5789,99367,10673,104251,105156,0
16865,43833,86420,60698,103285,130253,0
38843,39620,60680,78463,99523,100300,1
47434,97579,31817,145013,79251,129396,0
44265,4746,20140,49011,64405,24886,0
76932,70555,13868,147487,90800,84423,1
27371,11545,60387,38916,87758,71932,0
84189,79797,59974,163986,144163,139771,1
41256,11221,28887,52477,70143,40108,0
57200,28643,82749,85843,139949,111392,1
40874,60631,32487,101505,73361,93118,1
8984,27480,66019,36464,75003,93499,0
35099,20883,20272,55982,55371,41155,1
39321,29310,99069,68631,138390,128379,0
73273,68481,84428,141754,157701,152909,1
14809,27655,72539,42464,87348,100194,0
35093,66596,10263,101689,45356,76859,0
8565,42754,91902,51319,100467,134656,0
95422,44520,72176,139942,167598,116696,1
21780,66048,77770,87828,99550,143818,1
7182,94268,41733,101450,48915,136001,0
60778,72728,58677,133506,119455,131405,1
15000,7427,5191,22427,20191,12618,0
92331,98751,14800,191082,107131,113551,1
26782,98992,49442,125774,76224,148434,0
13390,39198,96858,52588,110248,136056,0
56373,39829,36649,96202,93022,76478,1
72590,91292,51542,163882,124132,142834,1
77486,64210,63014,141696,140500,127224,1
54653,12021,11207,66674,65860,23228,0
95300,2852,33010,98152,128310,35862,0
21176,348,54722,21524,75898,55070,0
13810,99392,52188,113202,65998,151580,0
38832,7171,47737,46003,86569,54908,0
56269,72390,16369,128659,72638,88759,1
12158,4469,66220,16627,78378,70689,0
1018,1036,1706,2054,2724,2742,1
96212,27663,7633,123875,103845,35296,0
36481,59263,77560,95744,114041,136823,1
42584,546,76450,43130,119034,76996,0
29103,99635,49676,128738,78779,149311,0
44066,23714,46846,67780,90912,70560,1
92570,58937,97283,151507,189853,156220,1
67574,62043,55154,129617,122728,117197,1
12994,59826,84525,72820,97519,144351,0
5519,54163,98308,59682,103827,152471,0
6828,45282,5900,52110,12728,51182,0
12760,86754,83105,99514,95865,169859,1
97743,9764,60084,107507,157827,69848,0
78883,15160,58508,94043,137391,73668,0
2227,51124,51376,53351,53603,102500,1
50879,20483,15355,71362,66234,35838,0
36866,51737,76249,88603,113115,127986,1
73116,40039,84404,113155,157520,124443,1
72658,14763,14225,87421,86883,28988,0
22960,87186,57795,110146,80755,144981,0
88155,63622,12189,151777,100344,75811,0
45102,44778,26222,89880,71324,71000,1
69296,98636,79937,167932,149233,178573,1
79228,37302,21628,116530,100856,58930,0
75731,81440,21260,157171,96991,102700,1
63385,90066,28575,153451,91960,118641,1
39320,5359,65352,44679,104672,70711,0
45224,58785,45705,104009,90929,104490,1
9762,72394,12866,82156,22628,85260,0
8567,89810,63700,98377,72267,153510,0
45535,29967,50796,75502,96331,80763,1
62879,87438,58949,150317,121828,146387,1
48048,72584,20936,120632,68984,93520,0
75196,31018,80030,106214,155226,111048,1
80290,68101,58532,148391,138822,126633,1
47743,49500,51952,97243,99695,101452,1
36271,9926,62930,46197,99201,72856,0
9862,67821,99090,77683,108952,166911,0
44433,65574,35917,110007,80350,101491,1
38843,14645,63781,53488,102624,78426,0
22675,55939,54446,78614,77121,110385,1
29409,7947,90502,37356,119911,98449,0
86138,83871,56189,170009,142327,140060,1
96658,28675,19841,125333,116499,48516,0
26100,77489,24034,103589,50134,101523,0
98116,5226,39736,103342,137852,44962,0
60616,1589,72550,62205,133166,74139,0
15415,86096,71930,101511,87345,158026,1
18734,90762,37431,109496,56165,128193,0
30400,6765,6210,37165,36610,12975,0
57650,37692,8122,95342,65772,45814,0
4041,80214,36349,84255,40390,116563,0
64644,3076,26377,67720,91021,29453,0
37004,48784,74978,85788,111982,123762,1
86558,28949,50667,115507,137225,79616,0
77650,63362,82963,141012,160613,146325,1
11727,37253,54331,48980,66058,91584,0
20362,40057,5176,60419,25538,45233,0
94521,3634,79039,98155,173560,82673,0
31716,1324,32601,33040,64317,33925,1
71977,7951,82861,79928,154838,90812,0
23923,67473,9276,91396,33199,76749,0
91015,87496,55097,178511,146112,142593,1
78614,30279,33034,108893,111648,63313,0
94736,76836,30709,171572,125445,107545,1
5497,78653,74824,84150,80321,153477,1
80855,6141,98427,86996,179282,104568,0
57154,40166,33868,97320,91022,74034,1
770,41675,50553,42445,51323,92228,0
76300,2831,96432,79131,172732,99263,0
7339,66799,49260,74138,56599,116059,0
67518,23533,53927,91051,121445,77460,1
61163,34470,53276,95633,114439,87746,1
33872,78312,23642,112184,57514,101954,0
64650,61125,6563,125775,71213,67688,1
37353,7105,97631,44458,134984,104736,0
96439,47934,28810,144373,125249,76744,0
87175,57831,97277,145006,184452,155108,1
14244,20640,86963,34884,101207,107603,0
99784,47167,62884,146951,162668,110051,1
97488,9454,69316,106942,166804,78770,0
1153,95764,19083,96917,20236,114847,0
64690,62437,41199,127127,105889,103636,1
70906,18022,81181,88928,152087,99203,1
19635,39502,98450,59137,118085,137952,0
36677,62270,38346,98947,75023,100616,1
76037,68131,86705,144168,162742,154836,1
19530,25353,44373,44883,63903,69726,1
92314,96769,63926,189083,156240,160695,1
92012,73557,34714,165569,126726,108271,1
10953,69925,50978,80878,61931,120903,0
7980,46423,72840,54403,80820,119263,0
32680,21318,63071,53998,95751,84389,0
47124,83934,31670,131058,78794,115604,0
88519,1504,11371,90023,99890,12875,0
32042,65365,74096,97407,106138,139461,1
40786,72435,83987,113221,124773,156422,1
65120,69202,54258,134322,119378,123460,1
25088,48934,48857,74022,73945,97791,1
99714,85262,69690,184976,169404,154952,1
64645,910,98970,65555,163615,99880,0
67747,95723,67677,163470,135424,163400,1
83615,75709,94117,159324,177732,169826,1
92371,39429,32661,131800,125032,72090,0
71016,61362,3820,132378,74836,65182,0
64930,65702,52182,130632,117112,117884,1
54306,44578,57346,98884,111652,101924,1
28237,92385,72354,120622,100591,164739,1
62334,18712,96890,81046,159224,115602,0
1146,99975,67993,101121,69139,167968,0
81682,63948,14521,145630,96203,78469,0
99545,42472,77688,142017,177233,120160,1
97090,73395,32724,170485,129814,106119,1
14099,73566,38134,87665,52233,111700,0
5267,15497,82309,20764,87576,97806,0
90149,5990,13550,96139,103699,19540,0
43727,45982,39143,89709,82870,85125,1
24588,12587,56443,37175,81031,69030,0
31915,49767,9962,81682,41877,59729,0
70669,55297,47743,125966,118412,103040,1
22479,60753,35549,83232,58028,96302,0
7577,65509,68962,73086,76539,134471,1
25158,57663,33573,82821,58731,91236,1
66107,4906,534,71013,66641,5440,0
34026,50480,43927,84506,77953,94407,1
36258,50236,33270,86494,69528,83506,1
16806,83204,14630,100010,31436,97834,0
70194,56287,81280,126481,151474,137567,1
75238,58602,12741,133840,87979,71343,0
4533,76976,25815,81509,30348,102791,0
616,29566,96396,30182,97012,125962,0
8986,86899,89219,95885,98205,176118,1
17582,55712,55264,73294,72846,110976,1
95573,51020,93423,146593,188996,144443,1
49710,2286,63717,51996,113427,66003,0
23295,4281,14825,27576,38120,19106,0
96199,72215,95236,168414,191435,167451,1
59473,19494,20256,78967,79729,39750,0
20174,51654,12372,71828,32546,64026,0
87278,33550,41051,120828,128329,74601,0
40076,69140,74915,109216,114991,144055,1
77914,74364,81747,152278,159661,156111,1
50664,28468,19563,79132,70227,48031,0
10964,61690,56457,72654,67421,118147,1
91732,65517,76477,157249,168209,141994,1
97595,95238,80626,192833,178221,175864,1
73033,14074,40067,87107,113100,54141,0
20039,69808,33180,89847,53219,102988,0
98773,44147,6192,142920,104965,50339,0
95363,23359,94825,118722,190188,118184,1
45593,50623,78939,96216,124532,129562,1
90453,39699,8235,130152,98688,47934,0
71683,59631,51623,131314,123306,111254,1
31801,83167,72567,114968,104368,155734,1
70551,92220,77908,162771,148459,170128,1
17539,77743,45939,95282,63478,123682,0
61369,60081,16297,121450,77666,76378,1
67846,18539,34265,86385,102111,52804,0
53627,90653,86253,144280,139880,176906,1
60263,53418,73130,113681,133393,126548,1
39146,8709,12630,47855,51776,21339,0
38870,74117,37746,112987,76616,111863,1
35524,33143,28816,68667,64340,61959,1
89144,68902,70696,158046,159840,139598,1
29244,15125,87917,44369,117161,103042,0
42764,96621,23541,139385,66305,120162,0
51804,97031,51249,148835,103053,148280,1
53066,62131,85729,115197,138795,147860,1
25780,79959,31866,105739,57646,111825,0
75163,22391,68588,97554,143751,90979,1
42840,18526,83500,61366,126340,102026,0
92669,14898,6292,107567,98961,21190,0
38178,33566,24757,71744,62935,58323,1
25262,54913,84203,80175,109465,139116,0
72995,86341,99497,159336,172492,185838,1
49694,88839,59627,138533,109321,148466,1
86754,12443,48894,99197,135648,61337,0
79139,7491,89116,86630,168255,96607,0
55476,64075,22864,119551,78340,86939,1
54952,75492,29978,130444,84930,105470,1
74067,47538,24794,121605,98861,72332,0
76591,21111,99034,97702,175625,120145,0
96756,50265,84089,147021,180845,134354,1
56407,12780,87719,69187,144126,100499,0
56403,24329,37970,80732,94373,62299,1
79412,83195,41548,162607,120960,124743,1
96773,83579,28774,180352,125547,112353,1
16713,71449,77085,88162,93798,148534,1
57375,22068,8847,79443,66222,30915,0
8625,25250,23871,33875,32496,49121,1
74305,39323,47111,113628,121416,86434,1
68217,9953,5274,78170,73491,15227,0
12318,27843,46377,40161,58695,74220,0
2296,44520,45696,46816,47992,90216,1
18377,43397,5713,61774,24090,49110,0
16211,93278,18663,109489,34874,111941,0
54762,8654,55296,63416,110058,63950,1
93489,96452,26832,189941,120321,123284,1
67187,69050,12934,136237,80121,81984,1
82956,7908,46851,90864,129807,54759,0
73115,15797,18633,88912,91748,34430,0
76969,57223,27159,134192,104128,84382,1
80362,20622,34479,100984,114841,55101,0
45632,4273,43520,49905,89152,47793,1
88793,40354,26410,129147,115203,66764,0
23691,92205,22390,115896,46081,114595,0
45347,45765,501,91112,45848,46266,1
12563,71167,84920,83730,97483,156087,0
91119,80170,4967,171289,96086,85137,0
15714,10985,9122,26699,24836,20107,1
70145,29832,90222,99977,160367,120054,1
91491,1469,73930,92960,165421,75399,0
90683,38198,26459,128881,117142,64657,0
69716,46357,93356,116073,163072,139713,1
65708,3024,83421,68732,149129,86445,0
2114,1031,24532,3145,26646,25563,0
38879,66764,75961,105643,114840,142725,1
25239,74193,293,99432,25532,74486,0
78605,1975,7189,80580,85794,9164,0
57867,39389,53487,97256,111354,92876,1
7405,31643,20465,39048,27870,52108,0
6175,4762,476,10937,6651,5238,0
17881,74586,2831,92467,20712,77417,0
29004,55696,30767,84700,59771,86463,1
81897,89710,66547,171607,148444,156257,1
6156,14709,39454,20865,45610,54163,0
46705,76079,36772,122784,83477,112851,1
71845,85862,21982,157707,93827,107844,1
67652,65086,91661,132738,159313,156747,1
20798,38135,42866,58933,63664,81001,1
80851,75943,34613,156794,115464,110556,1
58275,73995,78765,132270,137040,152760,1
95031,53589,6984,148620,102015,60573,0
33800,60450,68034,94250,101834,128484,1
3257,5790,35,9047,3292,5825,0
93211,54574,27484,147785,120695,82058,0
34125,80943,68809,115068,102934,149752,1
63372,73339,25724,136711,89096,99063,1
11057,2094,12296,13151,23353,14390,1
9988,50386,68352,60374,78340,118738,0
49343,7332,57107,56675,106450,64439,0
32088,11011,46581,43099,78669,57592,0
67194,70397,15853,137591,83047,86250,1
62211,40819,75342,103030,137553,116161,1
70311,77993,88946,148304,159257,166939,1
97542,86269,79323,183811,176865,165592,1
7582,50299,77252,57881,84834,127551,0
68428,24183,87429,92611,155857,111612,1
56475,37565,38632,94040,95107,76197,1
67480,30175,14019,97655,81499,44194,0
51789,10666,36964,62455,88753,47630,0
44815,73239,19809,118054,64624,93048,0
84301,34589,92062,118890,176363,126651,1
29813,34878,24039,64691,53852,58917,1
32616,48945,51864,81561,84480,100809,1
44356,50978,88900,95334,133256,139878,1
43163,17691,24862,60854,68025,42553,0
68222,85680,80680,153902,148902,166360,1
77975,93984,8034,171959,86009,102018,0
49596,82102,72956,131698,122552,155058,1
2552,13369,43495,15921,46047,56864,0
10632,2439,57049,13071,67681,59488,0
64808,57617,51392,122425,116200,109009,1
31654,91812,81237,123466,112891,173049,1
80500,22044,93353,102544,173853,115397,1
41832,19204,14974,61036,56806,34178,0
19996,16093,53694,36089,73690,69787,0
81152,66115,29356,147267,110508,95471,1
30227,53084,66098,83311,96325,119182,1
43562,82536,57495,126098,101057,140031,1
91226,88460,43461,179686,134687,131921,1
75541,67813,67904,143354,143445,135717,1
72450,54643,38826,127093,111276,93469,1
88759,8524,84751,97283,173510,93275,1
41830,76093,10602,117923,52432,86695,0
43973,22870,69733,66843,113706,92603,0
15188,81527,26560,96715,41748,108087,0
14263,476,99349,14739,113612,99825,0
39461,57504,79555,96965,119016,137059,1
72417,54102,28211,126519,100628,82313,1
14612,52996,84805,67608,99417,137801,0
12215,31518,81764,43733,93979,113282,0
67703,63165,61333,130868,129036,124498,1
80277,12837,19044,93114,99321,31881,0
72613,13722,56198,86335,128811,69920,0
94703,30753,37875,125456,132578,68628,0
6643,5391,44600,12034,51243,49991,0
79426,96176,13300,175602,92726,109476,0
92264,56828,84414,149092,176678,141242,1
90965,64538,881,155503,91846,65419,0
91465,54107,93178,145572,184643,147285,1
93887,26303,94836,120190,188723,121139,1
93624,72696,11344,166320,104968,84040,0
90589,85570,98721,176159,189310,184291,1
67662,57953,28645,125615,96307,86598,1
34628,2751,73058,37379,107686,75809,0
27884,35443,59376,63327,87260,94819,1
73539,99220,88844,172759,162383,188064,1
66005,8790,4089,74795,70094,12879,0
2321,75861,17873,78182,20194,93734,0
76972,5574,14995,82546,91967,20569,0
82563,29813,36411,112376,118974,66224,0
96965,17651,13974,114616,110939,31625,0
55283,43423,15054,98706,70337,58477,1
85906,4705,39770,90611,125676,44475,0
70142,89577,57833,159719,127975,147410,1
49997,85376,13139,135373,63136,98515,0
77137,34045,10188,111182,87325,44233,0
20029,88387,8694,108416,28723,97081,0
9659,13095,98560,22754,108219,111655,0
38282,97758,51006,136040,89288,148764,0
52662,6283,63018,58945,115680,69301,0
69174,1946,17118,71120,86292,19064,0
17813,4689,57992,22502,75805,62681,0
85092,81612,39903,166704,124995,121515,1
29057,7845,40678,36902,69735,48523,0
64396,5989,3596,70385,67992,9585,0
92317,88164,64996,180481,157313,153160,1
39777,45673,24334,85450,64111,70007,1
60206,90000,23317,150206,83523,113317,0
16426,7924,97265,24350,113691,105189,0
80901,6783,61878,87684,142779,68661,0
56820,27625,26608,84445,83428,54233,0
93772,41765,46516,135537,140288,88281,0
88330,71714,65435,160044,153765,137149,1
11350,34769,30509,46119,41859,65278,1
23276,68840,35123,92116,58399,103963,0
37949,23575,35235,61524,73184,58810,1
57845,45996,26357,103841,84202,72353,1
7965,83512,25664,91477,33629,109176,0
79076,14637,57411,93713,136487,72048,0
8721,9891,24762,18612,33483,34653,0
84314,17562,50979,101876,135293,68541,0
76918,13921,52278,90839,129196,66199,0
1656,17551,62135,19207,63791,79686,0
31723,11907,36629,43630,68352,48536,1
73207,32565,44866,105772,118073,77431,1
14522,55722,45270,70244,59792,100992,1
42072,75946,46744,118018,88816,122690,1
97068,5691,87516,102759,184584,93207,0
62126,36703,56934,98829,119060,93637,1
25962,19762,11579,45724,37541,31341,1
59789,59163,13542,118952,73331,72705,1
44636,6606,26629,51242,71265,33235,0
53927,62016,85957,115943,139884,147973,1
60332,73061,50454,133393,110786,123515,1
2687,28102,67153,30789,69840,95255,0
50209,11414,73350,61623,123559,84764,0
60228,6620,48258,66848,108486,54878,0
69560,67617,73917,137177,143477,141534,1
68279,91278,20138,159557,88417,111416,0
38815,5073,7402,43888,46217,12475,0
50496,18984,5412,69480,55908,24396,0
50361,19704,2903,70065,53264,22607,0
93401,30452,50548,123853,143949,81000,0
41959,84422,11711,126381,53670,96133,0
23120,85381,49698,108501,72818,135079,0
58343,17819,9845,76162,68188,27664,0
54849,18614,71949,73463,126798,90563,1
24051,46138,83370,70189,107421,129508,0
10134,47837,7016,57971,17150,54853,0
55462,28840,16657,84302,72119,45497,0
71955,50431,37511,122386,109466,87942,1
28886,55314,5150,84200,34036,60464,0
6366,96174,11927,102540,18293,108101,0
96389,94642,55993,191031,152382,150635,1
9087,64150,67975,73237,77062,132125,1
83203,57972,44399,141175,127602,102371,1
80738,90625,89375,171363,170113,180000,1
38874,23957,24950,62831,63824,48907,1
19532,88823,93862,108355,113394,182685,1
79516,77936,42867,157452,122383,120803,1
38727,99345,7671,138072,46398,107016,0
72459,11830,2252,84289,74711,14082,0
97526,16902,10955,114428,108481,27857,0
58628,79664,342,138292,58970,80006,0
56174,37307,1186,93481,57360,38493,0
21074,67667,79962,88741,101036,147629,1
5095,52820,41130,57915,46225,93950,0
18645,85639,70872,104284,89517,156511,1
50925,71372,22647,122297,73572,94019,1
22342,90484,5869,112826,28211,96353,0
38291,31176,89725,69467,128016,120901,0
28445,20533,74057,48978,102502,94590,0
80242,26971,42838,107213,123080,69809,0
62732,48521,48448,111253,111180,96969,1
80932,88488,34030,169420,114962,122518,1
94376,26488,14316,120864,108692,40804,0
46823,87908,38367,134731,85190,126275,0
2264,75698,12822,77962,15086,88520,0
14934,66803,58126,81737,73060,124929,1
46628,17691,55295,64319,101923,72986,1
67989,42660,45959,110649,113948,88619,1
54407,12063,1911,66470,56318,13974,0
60387,91345,53674,151732,114061,145019,1
45151,46399,89677,91550,134828,136076,1
5780,8732,42471,14512,48251,51203,0
44902,77025,10068,121927,54970,87093,0
99541,40429,78016,139970,177557,118445,1
61480,28937,9803,90417,71283,38740,0
86656,9087,36867,95743,123523,45954,0
96503,59593,3874,156096,100377,63467,0
36794,3541,82463,40335,119257,86004,0
38228,48775,79504,87003,117732,128279,1
9182,40437,39580,49619,48762,80017,1
26118,46557,34285,72675,60403,80842,1
27201,29330,94314,56531,121515,123644,0
54748,33529,45575,88277,100323,79104,1
89181,60889,76169,150070,165350,137058,1
59530,50653,79901,110183,139431,130554,1
42871,90375,3985,133246,46856,94360,0
77381,29621,68702,107002,146083,98323,1
69476,89123,86789,158599,156265,175912,1
69045,16788,31182,85833,100227,47970,0
48528,56008,70247,104536,118775,126255,1
93132,83545,53446,176677,146578,136991,1
17437,79733,43152,97170,60589,122885,0
44222,37216,40967,81438,85189,78183,1
30855,576,9247,31431,40102,9823,0
5789,15571,92651,21360,98440,108222,0
94752,38816,55825,133568,150577,94641,0
9906,74153,78081,84059,87987,152234,1
49146,67078,55256,116224,104402,122334,1
60871,74411,75046,135282,135917,149457,1
66724,45213,64144,111937,130868,109357,1
34824,74960,68182,109784,103006,143142,1
88493,31334,69508,119827,158001,100842,1
28323,55920,32465,84243,60788,88385,1
61838,45301,53694,107139,115532,98995,1
4072,45077,47759,49149,51831,92836,1
56646,68090,25058,124736,81704,93148,1
74597,72837,26611,147434,101208,99448,1
9288,30103,54311,39391,63599,84414,0
61191,2236,27854,63427,89045,30090,0
93811,41916,18107,135727,111918,60023,0
26006,62724,84115,88730,110121,146839,1
60293,78705,38248,138998,98541,116953,1
90728,8064,11440,98792,102168,19504,0
52053,80390,23574,132443,75627,103964,0
81265,41630,90156,122895,171421,131786,1
50990,53951,39546,104941,90536,93497,1
34261,47633,92809,81894,127070,140442,0
3681,4476,48968,8157,52649,53444,0
32407,26249,91918,58656,124325,118167,0
92375,68406,61058,160781,153433,129464,1
56447,11127,30875,67574,87322,42002,0
71964,60409,69455,132373,141419,129864,1
45961,54758,19093,100719,65054,73851,1
70871,18613,19466,89484,90337,38079,0
50785,68976,91760,119761,142545,160736,1
85277,19570,37955,104847,123232,57525,0
81687,41795,12675,123482,94362,54470,0
73080,57735,36707,130815,109787,94442,1
57278,91195,25545,148473,82823,116740,0
18525,75072,65094,93597,83619,140166,1
81397,53689,45056,135086,126453,98745,1
38058,91819,53683,129877,91741,145502,0
22004,28885,65695,50889,87699,94580,0
58360,93487,94216,151847,152576,187703,1
69769,91733,97070,161502,166839,188803,1
21478,45063,46352,66541,67830,91415,1
55093,97804,72525,152897,127618,170329,1
54040,45130,97202,99170,151242,142332,1
46728,62367,54662,109095,101390,117029,1
88887,73390,3336,162277,92223,76726,0
28738,31621,43368,60359,72106,74989,1
63696,43540,54835,107236,118531,98375,1
71954,40442,59974,112396,131928,100416,1
48988,53495,97024,102483,146012,150519,1
7578,61665,33658,69243,41236,95323,0
2116,61498,22092,63614,24208,83590,0
47661,77947,72196,125608,119857,150143,1
13941,39808,54326,53749,68267,94134,0
16155,97917,45966,114072,62121,143883,0
69364,79314,93332,148678,162696,172646,1
93274,18335,78999,111609,172273,97334,1
27977,78829,57550,106806,85527,136379,1
31868,35182,73587,67050,105455,108769,0
21241,41813,75480,63054,96721,117293,0
69855,57906,80370,127761,150225,138276,1
63832,26042,53967,89874,117799,80009,1
61892,67245,75370,129137,137262,142615,1
63987,62557,98,126544,64085,62655,0
72881,41381,50716,114262,123597,92097,1
68282,32571,24618,100853,92900,57189,0
24907,93923,11051,118830,35958,104974,0
28483,41085,10175,69568,38658,51260,0
87913,92415,87884,180328,175797,180299,1
52080,76936,38499,129016,90579,115435,1
33272,30611,13183,63883,46455,43794,1
19850,33612,80406,53462,100256,114018,0
16276,11413,61178,27689,77454,72591,0
99674,33164,42681,132838,142355,75845,0
60578,83976,99224,144554,159802,183200,1
41203,9634,64414,50837,105617,74048,0
28609,25436,94256,54045,122865,119692,0
60494,45594,85704,106088,146198,131298,1
24246,21040,25736,45286,49982,46776,1
67994,52811,67126,120805,135120,119937,1
88387,31508,59883,119895,148270,91391,1
56035,55477,27707,111512,83742,83184,1
4509,92623,4519,97132,9028,97142,0
42567,76322,57142,118889,99709,133464,1
58001,65864,80281,123865,138282,146145,1
71476,95602,23525,167078,95001,119127,0
55561,7233,95045,62794,150606,102278,0
16782,57447,13680,74229,30462,71127,0
15548,29667,58994,45215,74542,88661,0
94009,3274,13266,97283,107275,16540,0
43325,63435,16914,106760,60239,80349,0
35368,11293,72407,46661,107775,83700,0
55796,44439,18357,100235,74153,62796,1
79452,99095,19285,178547,98737,118380,0
61214,81935,22823,143149,84037,104758,1
89799,74488,86100,164287,175899,160588,1
69336,22302,10778,91638,80114,33080,0
88974,65843,79812,154817,168786,145655,1
25221,61532,34751,86753,59972,96283,0
86551,50421,57482,136972,144033,107903,1
22294,52599,79389,74893,101683,131988,0
93246,88429,891,181675,94137,89320,0
1969,21401,41535,23370,43504,62936,0
54114,66244,52290,120358,106404,118534,1
44571,33051,57572,77622,102143,90623,1
838,32775,79578,33613,80416,112353,0
62669,1576,85435,64245,148104,87011,0
85490,25579,94218,111069,179708,119797,1
79290,79809,46251,159099,125541,126060,1
47136,33385,23067,80521,70203,56452,1
23426,1666,4693,25092,28119,6359,0
38685,89086,15168,127771,53853,104254,0
28731,92430,98943,121161,127674,191373,1
10450,68427,86941,78877,97391,155368,0
41633,28411,55817,70044,97450,84228,1
52717,13656,22540,66373,75257,36196,0
60486,35589,29091,96075,89577,64680,1
45765,63480,32027,109245,77792,95507,1
41564,10676,27868,52240,69432,38544,0
58516,10029,13512,68545,72028,23541,0
79660,78488,58368,158148,138028,136856,1
68291,88425,92570,156716,160861,180995,1
19215,26238,45064,45453,64279,71302,1
4037,87050,79698,91087,83735,166748,0
33524,8106,62983,41630,96507,71089,0
50524,59807,40990,110331,91514,100797,1
89379,73957,19450,163336,108829,93407,1
34404,14621,39827,49025,74231,54448,1
76617,128,38297,76745,114914,38425,0
92766,74135,85964,166901,178730,160099,1
36217,48342,36982,84559,73199,85324,1
9764,89987,1919,99751,11683,91906,0
77394,71529,62940,148923,140334,134469,1
46134,76365,16811,122499,62945,93176,0
64404,91585,6394,155989,70798,97979,0
54116,86247,68764,140363,122880,155011,1
46316,86092,49714,132408,96030,135806,1
29506,1871,88435,31377,117941,90306,0
10143,91560,55522,101703,65665,147082,0
84385,88961,99656,173346,184041,188617,1
2361,38524,4556,40885,6917,43080,0
66202,70931,81483,137133,147685,152414,1
28352,29888,22603,58240,50955,52491,1
27575,70455,16778,98030,44353,87233,0
35206,1222,68910,36428,104116,70132,0
77917,8197,69179,86114,147096,77376,0
15391,8539,37847,23930,53238,46386,0
8968,12303,22560,21271,31528,34863,0
83512,3617,58880,87129,142392,62497,0
53767,62007,6244,115774,60011,68251,0
6803,80201,86669,87004,93472,166870,1
82645,57607,85580,140252,168225,143187,1
50207,69580,66254,119787,116461,135834,1
19746,93056,52018,112802,71764,145074,0
94156,9335,87312,103491,181468,96647,1
13956,45534,31965,59490,45921,77499,1
37140,29812,42778,66952,79918,72590,1
4463,49874,23010,54337,27473,72884,0
55152,63093,27741,118245,82893,90834,1
86415,53268,19245,139683,105660,72513,0
74890,21052,29216,95942,104106,50268,0
39345,71644,48200,110989,87545,119844,1
78280,31040,26420,109320,104700,57460,0
4013,28859,61876,32872,65889,90735,0
96329,82945,35994,179274,132323,118939,1
1082,26254,31142,27336,32224,57396,0
2670,28489,23251,31159,25921,51740,0
67074,10935,67026,78009,134100,77961,1
28899,60512,43666,89411,72565,104178,1
37654,78782,28775,116436,66429,107557,0
88084,57455,81837,145539,169921,139292,1
21922,38432,19304,60354,41226,57736,1
66046,96136,56072,162182,122118,152208,1
46152,61231,67682,107383,113834,128913,1
87132,97286,57542,184418,144674,154828,1
70983,66853,10396,137836,81379,77249,1
85615,20375,29529,105990,115144,49904,0
84170,65834,62878,150004,147048,128712,1
47420,63247,41922,110667,89342,105169,1
28315,79657,19892,107972,48207,99549,0
93753,84363,82636,178116,176389,166999,1
49770,25723,27523,75493,77293,53246,1
67990,19849,31547,87839,99537,51396,0
81163,98588,74253,179751,155416,172841,1
30032,78980,76552,109012,106584,155532,1
10897,6609,21692,17506,32589,28301,0
12246,33364,6991,45610,19237,40355,0
60784,35376,41757,96160,102541,77133,1
13970,89208,5197,103178,19167,94405,0
30810,81045,47986,111855,78796,129031,0
69568,97844,2355,167412,71923,100199,0
30022,61871,40119,91893,70141,101990,1
37139,11455,6994,48594,44133,18449,0
57210,16301,31817,73511,89027,48118,0
85366,97197,10904,182563,96270,108101,0
38795,48822,4857,87617,43652,53679,0
91453,14851,86628,106304,178081,101479,1
4749,53722,49324,58471,54073,103046,1
55534,9846,67632,65380,123166,77478,0
93094,77346,73750,170440,166844,151096,1
43515,41771,97589,85286,141104,139360,0
44624,85259,37814,129883,82438,123073,0
52592,88044,93422,140636,146014,181466,1
73174,44164,15849,117338,89023,60013,0
28394,92596,96510,120990,124904,189106,1
48981,17865,98323,66846,147304,116188,0
21479,52560,16016,74039,37495,68576,0
80359,80668,48363,161027,128722,129031,1
32190,95666,81115,127856,113305,176781,1
14908,66643,71652,81551,86560,138295,1
36442,41223,75964,77665,112406,117187,1
95886,98692,55302,194578,151188,153994,1
40869,41667,21596,82536,62465,63263,1
9437,47526,2639,56963,12076,50165,0
10268,89304,15134,99572,25402,104438,0
13508,79296,22252,92804,35760,101548,0
1137,82065,13941,83202,15078,96006,0
95081,3127,92242,98208,187323,95369,1
52935,70730,48318,123665,101253,119048,1
93691,21677,82590,115368,176281,104267,1
45100,51507,39112,96607,84212,90619,1
95481,49200,86171,144681,181652,135371,1
73949,69340,15021,143289,88970,84361,1
61820,90688,39608,152508,101428,130296,1
78148,11982,34309,90130,112457,46291,0
32828,84926,6639,117754,39467,91565,0
82719,49370,17373,132089,100092,66743,0
2892,64540,33101,67432,35993,97641,0
27699,57687,39443,85386,67142,97130,1
3153,55885,47238,59038,50391,103123,0
50860,2762,69528,53622,120388,72290,0
42932,73205,4782,116137,47714,77987,0
17018,25435,1613,42453,18631,27048,0
87704,38321,51374,126025,139078,89695,1
89161,32495,71205,121656,160366,103700,1
77785,95957,20898,173742,98683,116855,1
5380,63364,6501,68744,11881,69865,0
83150,76723,95070,159873,178220,171793,1
30100,73944,73220,104044,103320,147164,1
40036,4097,18769,44133,58805,22866,0
59887,70327,40193,130214,100080,110520,1
11326,92626,30174,103952,41500,122800,0
24457,70722,40474,95179,64931,111196,0
39334,38643,80208,77977,119542,118851,0
60272,20291,14733,80563,75005,35024,0
96749,38147,69652,134896,166401,107799,1
66409,17371,33054,83780,99463,50425,0
60465,56999,93354,117464,153819,150353,1
53177,18787,49029,71964,102206,67816,1
77259,35595,77156,112854,154415,112751,1
81181,13160,34682,94341,115863,47842,0
58069,70931,23088,129000,81157,94019,1
9000,33654,13093,42654,22093,46747,0
44862,18309,40347,63171,85209,58656,1
33560,24240,55033,57800,88593,79273,1
26286,46803,11555,73089,37841,58358,0
4701,64245,66591,68946,71292,130836,1
35329,38096,63559,73425,98888,101655,1
49117,75538,96223,124655,145340,171761,1
53992,49191,3307,103183,57299,52498,0
39982,36006,91815,75988,131797,127821,0
36641,3667,91837,40308,128478,95504,0
59673,28100,88625,87773,148298,116725,0
7055,74612,38329,81667,45384,112941,0
46224,43694,93407,89918,139631,137101,0
88378,67606,67122,155984,155500,134728,1
36158,94601,20908,130759,57066,115509,0
56597,21852,11715,78449,68312,33567,0
48311,97827,79871,146138,128182,177698,1
44426,55450,50331,99876,94757,105781,1
76874,18171,44934,95045,121808,63105,0
33060,99764,3005,132824,36065,102769,0
35126,7204,32170,42330,67296,39374,1
86537,57583,94916,144120,181453,152499,1
93881,37674,362,131555,94243,38036,0
44157,65561,64470,109718,108627,130031,1
77616,60726,63559,138342,141175,124285,1
39903,68956,3220,108859,43123,72176,0
8737,43502,59918,52239,68655,103420,0
53278,88438,64611,141716,117889,153049,1
96046,63318,96245,159364,192291,159563,1
60626,4105,77324,64731,137950,81429,0
13760,90464,9445,104224,23205,99909,0
93010,83313,84452,176323,177462,167765,1
24031,96566,6176,120597,30207,102742,0
20894,97486,24742,118380,45636,122228,0
58548,92145,34778,150693,93326,126923,1
62868,6380,71669,69248,134537,78049,0
24650,96249,55812,120899,80462,152061,0
968,37349,47757,38317,48725,85106,0
79874,36238,44659,116112,124533,80897,1
39810,24546,61995,64356,101805,86541,1
39704,97807,60087,137511,99791,157894,1
64467,16076,99727,80543,164194,115803,0
15668,74037,64077,89705,79745,138114,1
1170,32609,64630,33779,65800,97239,0
91815,64464,80543,156279,172358,145007,1
45436,61073,65497,106509,110933,126570,1
70508,27503,19434,98011,89942,46937,0
3605,56656,74360,60261,77965,131016,0
76299,10867,33883,87166,110182,44750,0
63824,4268,6965,68092,70789,11233,0
57051,34604,17796,91655,74847,52400,0
45187,51510,17178,96697,62365,68688,1
90948,77085,58367,168033,149315,135452,1
53307,76955,27752,130262,81059,104707,1
9291,29702,92774,38993,102065,122476,0
42371,2686,51962,45057,94333,54648,0
60336,13513,67912,73849,128248,81425,1
78361,24883,22779,103244,101140,47662,0
67557,70452,31356,138009,98913,101808,1
27879,69842,43816,97721,71695,113658,1
98002,21240,15527,119242,113529,36767,0
5928,72525,62959,78453,68887,135484,0
6083,16137,3561,22220,9644,19698,0
35493,31348,68167,66841,103660,99515,0
44725,27907,61130,72632,105855,89037,1
12703,40970,99686,53673,112389,140656,0
29227,40893,97117,70120,126344,138010,0
94756,73768,80182,168524,174938,153950,1
32377,52849,14148,85226,46525,66997,0
10932,87772,40283,98704,51215,128055,0
58570,39994,24464,98564,83034,64458,1
59837,43701,86923,103538,146760,130624,1
49669,80274,69048,129943,118717,149322,1
6750,5528,50906,12278,57656,56434,0
30904,36754,98392,67658,129296,135146,0
62246,87925,17268,150171,79514,105193,0
53761,61954,85692,115715,139453,147646,1
82294,60429,72662,142723,154956,133091,1
32342,20522,95626,52864,127968,116148,0
57054,68226,28444,125280,85498,96670,1
99618,95336,57071,194954,156689,152407,1
90675,19523,8722,110198,99397,28245,0
2551,60392,22725,62943,25276,83117,0
1217,4214,10543,5431,11760,14757,0
30709,45497,14089,76206,44798,59586,0
5055,83087,45120,88142,50175,128207,0
86523,21334,9588,107857,96111,30922,0
5966,16843,97765,22809,103731,114608,0
81071,8323,7984,89394,89055,16307,0
22347,31037,274,53384,22621,31311,0
88471,74276,33939,162747,122410,108215,1
30280,64685,58755,94965,89035,123440,1
50645,11317,61061,61962,111706,72378,1
14720,78010,53859,92730,68579,131869,0
23323,82727,16833,106050,40156,99560,0
24623,58169,84418,82792,109041,142587,0
58871,72001,50539,130872,109410,122540,1
90753,83597,47896,174350,138649,131493,1
75192,84044,17958,159236,93150,102002,1
51908,56332,52669,108240,104577,109001,1
22901,55102,1287,78003,24188,56389,0
10402,45103,78502,55505,88904,123605,0
61167,13890,30788,75057,91955,44678,0
9237,20894,84868,30131,94105,105762,0
89656,10519,44324,100175,133980,54843,0
32222,15054,91118,47276,123340,106172,0
28002,1841,6611,29843,34613,8452,0
21617,26310,83565,47927,105182,109875,0
20415,46830,57077,67245,77492,103907,1
35811,32156,11970,67967,47781,44126,1
32865,99996,86632,132861,119497,186628,1
66252,92718,17122,158970,83374,109840,0
54262,69405,12637,123667,66899,82042,0
81476,29635,55717,111111,137193,85352,1
19863,21539,20861,41402,40724,42400,1
39162,29882,17596,69044,56758,47478,1
49816,46391,78559,96207,128375,124950,1
16776,69917,98271,86693,115047,168188,0
5565,75622,66005,81187,71570,141627,0
77167,66052,23366,143219,100533,89418,1
68718,69545,30336,138263,99054,99881,1
99887,80121,93370,180008,193257,173491,1
46845,89722,41536,136567,88381,131258,0
434,82049,3536,82483,3970,85585,0
51501,47318,74756,98819,126257,122074,1
87197,61865,37247,149062,124444,99112,1
49205,9937,86436,59142,135641,96373,0
75979,92389,58977,168368,134956,151366,1
98748,83589,91811,182337,190559,175400,1
19824,23954,64544,43778,84368,88498,0
16896,83379,48350,100275,65246,131729,0
22244,82392,46000,104636,68244,128392,0
3337,62022,60770,65359,64107,122792,1
63385,20044,95992,83429,159377,116036,0
20023,63923,74348,83946,94371,138271,1
29725,47392,70611,77117,100336,118003,1
84342,7533,31986,91875,116328,39519,0
72111,75367,5281,147478,77392,80648,1
74500,23488,53592,97988,128092,77080,1
87393,44275,27572,131668,114965,71847,0
31766,5821,11466,37587,43232,17287,0
47825,39051,11545,86876,59370,50596,1
5217,55026,72974,60243,78191,128000,0
35753,23342,80540,59095,116293,103882,0
41352,1358,12209,42710,53561,13567,0
90884,53970,69878,144854,160762,123848,1
86021,28618,17333,114639,103354,45951,0
45237,76396,96829,121633,142066,173225,1
4113,8155,30039,12268,34152,38194,0
25114,67719,21224,92833,46338,88943,0
94967,8577,49046,103544,144013,57623,0
18349,93094,35872,111443,54221,128966,0
96151,49874,4886,146025,101037,54760,0
88933,9096,21397,98029,110330,30493,0
87029,42712,86660,129741,173689,129372,1
23016,14651,42182,37667,65198,56833,0
7650,30162,49990,37812,57640,80152,0
84032,19098,86593,103130,170625,105691,1
72070,62348,31571,134418,103641,93919,1
75262,45928,31736,121190,106998,77664,1
1325,70164,38565,71489,39890,108729,0
40329,89904,15827,130233,56156,105731,0
27451,60626,37946,88077,65397,98572,1
18265,78707,98364,96972,116629,177071,0
25709,29964,85656,55673,111365,115620,0
33985,33074,36864,67059,70849,69938,1
92310,57883,97895,150193,190205,155778,1
81580,45859,69017,127439,150597,114876,1
32378,40522,82367,72900,114745,122889,0
73659,79573,99765,153232,173424,179338,1
25912,99131,72178,125043,98090,171309,0
8228,55618,11583,63846,19811,67201,0
34357,67455,35759,101812,70116,103214,1
84653,99183,77517,183836,162170,176700,1
42260,56255,5234,98515,47494,61489,0
7015,84730,88153,91745,95168,172883,1
72327,37586,78536,109913,150863,116122,1
92825,92420,93073,185245,185898,185493,1
70389,10751,6496,81140,76885,17247,0
1846,64755,25164,66601,27010,89919,0
17447,67562,95124,85009,112571,162686,0
69698,7288,98694,76986,168392,105982,0
61971,67770,6255,129741,68226,74025,1
44956,20709,94846,65665,139802,115555,0
98717,23590,8095,122307,106812,31685,0
93375,52228,83314,145603,176689,135542,1
17191,61275,6224,78466,23415,67499,0
72592,8202,18555,80794,91147,26757,0
26700,70274,1096,96974,27796,71370,0
23139,78643,1616,101782,24755,80259,0
40211,46651,91026,86862,131237,137677,0
48366,23459,67572,71825,115938,91031,1
35458,83295,80080,118753,115538,163375,1
22960,27486,24539,50446,47499,52025,1
28280,12465,65614,40745,93894,78079,0
47238,93435,43064,140673,90302,136499,0
66256,83842,8243,150098,74499,92085,0
40392,51918,60234,92310,100626,112152,1
67022,33638,36983,100660,104005,70621,1
88915,66024,69775,154939,158690,135799,1
63498,53824,54542,117322,118040,108366,1
6279,69131,32765,75410,39044,101896,0
92828,90411,95373,183239,188201,185784,1
37958,62020,24713,99978,62671,86733,1
71955,9757,59777,81712,131732,69534,0
49049,54217,51841,103266,100890,106058,1
83222,8058,52131,91280,135353,60189,0
27427,97868,84857,125295,112284,182725,1
11235,88304,60795,99539,72030,149099,0
57702,77658,40374,135360,98076,118032,1
73387,79145,37101,152532,110488,116246,1
10274,57316,78058,67590,88332,135374,0
20624,46072,53004,66696,73628,99076,1
91695,65282,42315,156977,134010,107597,1
8066,95739,13446,103805,21512,109185,0
20380,37390,3649,57770,24029,41039,0
5360,20719,97660,26079,103020,118379,0
76948,99390,21260,176338,98208,120650,0
34813,54513,37488,89326,72301,92001,1
98868,4888,7429,103756,106297,12317,0
40351,74581,41124,114932,81475,115705,1
14168,74166,77774,88334,91942,151940,1
80401,30642,68754,111043,149155,99396,1
47421,64496,26607,111917,74028,91103,1
23224,50744,55747,73968,78971,106491,1
15733,85150,18836,100883,34569,103986,0
90329,54977,16411,145306,106740,71388,0
25785,42832,2982,68617,28767,45814,0
42735,42489,2801,85224,45536,45290,1
3163,59835,31474,62998,34637,91309,0
59206,13410,31954,72616,91160,45364,0
39170,86029,98729,125199,137899,184758,1
86067,56702,75105,142769,161172,131807,1
31674,13212,50211,44886,81885,63423,0
91995,32281,19134,124276,111129,51415,0
7747,10590,93262,18337,101009,103852,0
8739,93554,24990,102293,33729,118544,0
42161,69240,13259,111401,55420,82499,0
46834,1468,24076,48302,70910,25544,0
93128,62967,4289,156095,97417,67256,0
81527,55,39427,81582,120954,39482,0
3446,50439,56871,53885,60317,107310,0
4305,77806,83385,82111,87690,161191,0
34016,67028,77550,101044,111566,144578,1
67125,701,91075,67826,158200,91776,0
12256,28719,38461,40975,50717,67180,1
32309,46357,21796,78666,54105,68153,1
88704,17801,93396,106505,182100,111197,1
46118,26841,67951,72959,114069,94792,1
90955,71642,61163,162597,152118,132805,1
33318,88603,62176,121921,95494,150779,1
44029,46544,96335,90573,140364,142879,0
76459,91601,60100,168060,136559,151701,1
37866,32698,84714,70564,122580,117412,0
9475,48153,74184,57628,83659,122337,0
8052,47894,57735,55946,65787,105629,0
73810,80311,59910,154121,133720,140221,1
67139,42752,75066,109891,142205,117818,1
72952,34519,62814,107471,135766,97333,1
67543,69492,2159,137035,69702,71651,1
42741,63597,46512,106338,89253,110109,1
40758,76392,27039,117150,67797,103431,0
99041,34581,63052,133622,162093,97633,0
43404,64861,72742,108265,116146,137603,1
22270,19568,58444,41838,80714,78012,0
13007,34458,44536,47465,57543,78994,1
46191,61650,34342,107841,80533,95992,1
1916,23996,60267,25912,62183,84263,0
33945,87140,16293,121085,50238,103433,0
20166,38597,11453,58763,31619,50050,0
76903,26378,36627,103281,113530,63005,0
96874,40179,15456,137053,112330,55635,0
2493,12883,79768,15376,82261,92651,0
43522,60357,57121,103879,100643,117478,1
51565,42018,49145,93583,100710,91163,1
3198,43808,16961,47006,20159,60769,0
74963,38815,63767,113778,138730,102582,1
74750,26949,55193,101699,129943,82142,1
48684,10009,45573,58693,94257,55582,1
13151,54082,18821,67233,31972,72903,0
6516,23350,21371,29866,27887,44721,1
5367,69328,67234,74695,72601,136562,1
44156,87732,21863,131888,66019,109595,0
22517,77078,61817,99595,84334,138895,1
93348,74484,20423,167832,113771,94907,1
98169,93471,57778,191640,155947,151249,1
84657,54952,31620,139609,116277,86572,1
22386,58330,50878,80716,73264,109208,1
53965,16260,28261,70225,82226,44521,0
4904,91583,31404,96487,36308,122987,0
44618,36,44410,44654,89028,44446,0
85787,32956,81631,118743,167418,114587,1
42208,63989,16809,106197,59017,80798,0
84561,53686,86312,138247,170873,139998,1
96239,35491,68320,131730,164559,103811,1
39915,40998,69757,80913,109672,110755,1
49340,62994,64022,112334,113362,127016,1
42931,42688,21689,85619,64620,64377,1
68763,91500,47272,160263,116035,138772,1
30468,4054,7042,34522,37510,11096,0
38897,29490,26111,68387,65008,55601,1
15281,30617,19318,45898,34599,49935,1
74091,2984,46287,77075,120378,49271,0
45800,89754,13481,135554,59281,103235,0
60650,37291,77969,97941,138619,115260,1
67725,46513,89965,114238,157690,136478,1
24486,44416,88699,68902,113185,133115,0
41807,16857,24461,58664,66268,41318,0
75458,20408,82768,95866,158226,103176,1
56039,82973,88437,139012,144476,171410,1
71610,2475,44460,74085,116070,46935,0
35671,71219,40925,106890,76596,112144,1
70896,64657,96397,135553,167293,161054,1
21024,22588,6823,43612,27847,29411,1
72960,99210,39025,172170,111985,138235,1
65322,7636,60854,72958,126176,68490,1
22346,32347,78523,54693,100869,110870,0
92525,58796,91858,151321,184383,150654,1
3361,14362,24756,17723,28117,39118,0
36202,43702,13664,79904,49866,57366,1
78267,29946,13912,108213,92179,43858,0
1727,74626,61144,76353,62871,135770,0
19925,25565,69497,45490,89422,95062,0
88640,19750,65780,108390,154420,85530,0
10073,96243,11655,106316,21728,107898,0
75370,11613,71496,86983,146866,83109,1
39079,16380,6338,55459,45417,22718,0
44427,44809,95534,89236,139961,140343,0
10391,9367,96634,19758,107025,106001,0
65684,87110,6440,152794,72124,93550,0
5056,93231,50087,98287,55143,143318,0
26881,13647,72823,40528,99704,86470,0
14161,23930,98179,38091,112340,122109,0
68965,73469,82661,142434,151626,156130,1
54913,2031,78208,56944,133121,80239,0
18822,59134,2594,77956,21416,61728,0
65565,67123,67992,132688,133557,135115,1
44026,42368,39365,86394,83391,81733,1
55231,12622,39374,67853,94605,51996,0
87298,81386,52874,168684,140172,134260,1
64355,18331,5870,82686,70225,24201,0
37376,27986,25567,65362,62943,53553,1
95382,4003,29630,99385,125012,33633,0
37698,87473,42662,125171,80360,130135,0
10932,51164,14861,62096,25793,66025,0
36897,76533,13895,113430,50792,90428,0
22452,16197,30083,38649,52535,46280,1
65649,7802,32971,73451,98620,40773,0
79799,92594,55407,172393,135206,148001,1
76639,19438,60025,96077,136664,79463,1
99981,74243,43486,174224,143467,117729,1
79877,40921,60949,120798,140826,101870,1
88054,15052,73901,103106,161955,88953,1
93659,49524,34721,143183,128380,84245,0
68566,62508,9955,131074,78521,72463,1
42541,11210,69,53751,42610,11279,0
93975,4039,23622,98014,117597,27661,0
14570,87434,70087,102004,84657,157521,0
54822,29967,63490,84789,118312,93457,1
69223,57510,66378,126733,135601,123888,1
72866,63596,13716,136462,86582,77312,1
86862,83179,54711,170041,141573,137890,1
88538,64929,71206,153467,159744,136135,1
2883,79696,9015,82579,11898,88711,0
36867,52741,55719,89608,92586,108460,1
48291,89636,31352,137927,79643,120988,0
97876,25579,78684,123455,176560,104263,1
81500,98088,96870,179588,178370,194958,1
58035,36839,83112,94874,141147,119951,1
56665,93185,54952,149850,111617,148137,1
74169,27312,53417,101481,127586,80729,1
1714,1846,43119,3560,44833,44965,0
10568,21601,8600,32169,19168,30201,0
5776,65001,99904,70777,105680,164905,0
20610,4190,64216,24800,84826,68406,0
25775,10585,9902,36360,35677,20487,0
29823,55815,70542,85638,100365,126357,1
17029,43465,7333,60494,24362,50798,0
38344,61221,92509,99565,130853,153730,1
61169,78416,13748,139585,74917,92164,0
94899,15961,77158,110860,172057,93119,0
87635,90809,80858,178444,168493,171667,1
63016,78949,65325,141965,128341,144274,1
34641,11907,38389,46548,73030,50296,1
59418,37098,85258,96516,144676,122356,1
38703,50863,65394,89566,104097,116257,1
43526,29950,54785,73476,98311,84735,1
27464,17592,59555,45056,87019,77147,0
21762,61965,83165,83727,104927,145130,1
60071,26504,84405,86575,144476,110909,1
92093,52064,1808,144157,93901,53872,0
81572,95015,44250,176587,125822,139265,1
79081,10057,10603,89138,89684,20660,0
52819,84715,94924,137534,147743,179639,1
45362,52706,87904,98068,133266,140610,1
16375,36576,30724,52951,47099,67300,1
65760,79592,35026,145352,100786,114618,1
86173,61245,44325,147418,130498,105570,1
28365,66717,5382,95082,33747,72099,0
30651,22213,84087,52864,114738,106300,0
45732,12618,23290,58350,69022,35908,0
67308,23760,32345,91068,99653,56105,0
28863,44223,11815,73086,40678,56038,0
11153,20280,2503,31433,13656,22783,0
87370,60142,41887,147512,129257,102029,1
83436,16554,7461,99990,90897,24015,0
47120,35459,29341,82579,76461,64800,1
32278,15399,32726,47677,65004,48125,1
11297,65503,15997,76800,27294,81500,0
60682,75960,47075,136642,107757,123035,1
65198,49952,48994,115150,114192,98946,1
55626,41708,77974,97334,133600,119682,1
72236,93418,27461,165654,99697,120879,1
35612,37082,98060,72694,133672,135142,0
96926,10764,58880,107690,155806,69644,0
23966,87125,25699,111091,49665,112824,0
17394,52985,4818,70379,22212,57803,0
72535,88123,93770,160658,166305,181893,1
95140,50258,84042,145398,179182,134300,1
50328,73517,9463,123845,59791,82980,0
74494,12841,96037,87335,170531,108878,0
23354,80114,18973,103468,42327,99087,0
84489,32801,10158,117290,94647,42959,0
25683,91347,11434,117030,37117,102781,0
96131,15628,56806,111759,152937,72434,0
72149,13661,56975,85810,129124,70636,0
85087,27453,20858,112540,105945,48311,0
31794,46629,83157,78423,114951,129786,0
80257,17314,11729,97571,91986,29043,0
72420,86095,38825,158515,111245,124920,1
86461,82902,54934,169363,141395,137836,1
24725,96968,82268,121693,106993,179236,1
29637,51769,37073,81406,66710,88842,1
39938,82678,75674,122616,115612,158352,1
42898,39491,80085,82389,122983,119576,1
62503,60054,23981,122557,86484,84035,1
53212,71479,47947,124691,101159,119426,1
31058,86653,35372,117711,66430,122025,0
37026,69934,54109,106960,91135,124043,1
11642,65128,67338,76770,78980,132466,1
29613,62007,63343,91620,92956,125350,1
77025,71263,5052,148288,82077,76315,0
54484,57274,30537,111758,85021,87811,1
42713,77456,44207,120169,86920,121663,1
80908,88847,88070,169755,168978,176917,1
82923,89807,26604,172730,109527,116411,1
63276,90823,39348,154099,102624,130171,1
44244,59033,10141,103277,54385,69174,0
10095,18828,82791,28923,92886,101619,0
640,15835,77156,16475,77796,92991,0
1884,957,56876,2841,58760,57833,0
26581,81303,19058,107884,45639,100361,0
4303,88393,47462,92696,51765,135855,0
5134,4882,98751,10016,103885,103633,0
90245,31073,5380,121318,95625,36453,0
25686,45961,31781,71647,57467,77742,1
39836,1442,97797,41278,137633,99239,0
67595,41848,56953,109443,124548,98801,1
55561,91418,89959,146979,145520,181377,1
81025,85846,29217,166871,110242,115063,1
30820,28098,29909,58918,60729,58007,1
77449,92896,62335,170345,139784,155231,1
57268,98023,80107,155291,137375,178130,1
59549,56414,38398,115963,97947,94812,1
62730,18662,58910,81392,121640,77572,1
70278,4549,98787,74827,169065,103336,0
61129,45191,7442,106320,68571,52633,0
3003,22478,15857,25481,18860,38335,0
57592,76321,40980,133913,98572,117301,1
21918,34535,15430,56453,37348,49965,1
22191,97871,50788,120062,72979,148659,0
75812,48496,50294,124308,126106,98790,1
88901,6339,20975,95240,109876,27314,0
96953,51150,5272,148103,102225,56422,0
59435,79480,87698,138915,147133,167178,1
18830,95269,33716,114099,52546,128985,0
38938,4907,41201,43845,80139,46108,1
47617,17949,43813,65566,91430,61762,1
81140,16128,9795,97268,90935,25923,0
31651,23913,44933,55564,76584,68846,1
30621,70256,51921,100877,82542,122177,1
19658,62165,52525,81823,72183,114690,1
67883,12421,41916,80304,109799,54337,0
90869,31776,57253,122645,148122,89029,0
48587,73448,457,122035,49044,73905,0
70519,76656,28873,147175,99392,105529,1
96156,62840,88063,158996,184219,150903,1
51240,40470,56201,91710,107441,96671,1
3903,80081,31807,83984,35710,111888,0
99597,35989,76241,135586,175838,112230,1
89098,75258,52934,164356,142032,128192,1
1264,52347,37332,53611,38596,89679,0
30000,84590,60145,114590,90145,144735,1
98041,7692,9718,105733,107759,17410,0
68200,80592,60115,148792,128315,140707,1
46333,78644,64595,124977,110928,143239,1
8488,63541,38907,72029,47395,102448,0
284,47825,92141,48109,92425,139966,0
13177,62369,94552,75546,107729,156921,0
4805,35673,24971,40478,29776,60644,0
19867,45569,69539,65436,89406,115108,0
9801,91370,62557,101171,72358,153927,0
57136,32339,76047,89475,133183,108386,1
69395,71908,98738,141303,168133,170646,1
44274,85417,6448,129691,50722,91865,0
10745,62608,49950,73353,60695,112558,0
27404,50576,91370,77980,118774,141946,0
6165,67132,19702,73297,25867,86834,0
30476,93060,85031,123536,115507,178091,1
43344,89165,90909,132509,134253,180074,1
68465,76611,53616,145076,122081,130227,1
31873,87163,3223,119036,35096,90386,0
55688,28890,22679,84578,78367,51569,0
41309,9074,85308,50383,126617,94382,0
21904,20378,67383,42282,89287,87761,0
423,86218,68551,86641,68974,154769,0
65537,63495,20335,129032,85872,83830,1
61055,45360,76633,106415,137688,121993,1
52578,37720,63971,90298,116549,101691,1
55766,80598,9766,136364,65532,90364,0
36170,55415,76651,91585,112821,132066,1
66987,46612,79461,113599,146448,126073,1
64908,43369,80059,108277,144967,123428,1
66381,66219,55831,132600,122212,122050,1
53449,55452,11725,108901,65174,67177,1
59789,62982,95016,122771,154805,157998,1
24887,28495,41815,53382,66702,70310,1
31027,67884,80572,98911,111599,148456,1
32981,95186,67250,128167,100231,162436,1
16121,49846,3186,65967,19307,53032,0
8710,30671,93062,39381,101772,123733,0
9661,8417,68327,18078,77988,76744,0
88797,36794,11435,125591,100232,48229,0
46793,33458,16928,80251,63721,50386,1
48790,64935,44868,113725,93658,109803,1
95808,54329,53419,150137,149227,107748,1
89808,2836,55669,92644,145477,58505,0
80151,44649,18037,124800,98188,62686,0
54424,51382,56624,105806,111048,108006,1
27052,40477,98948,67529,126000,139425,0
61877,43547,70228,105424,132105,113775,1
91411,77478,34447,168889,125858,111925,1
7136,76994,78991,84130,86127,155985,1
62491,94179,79671,156670,142162,173850,1
58718,28223,44357,86941,103075,72580,1
22322,30119,84300,52441,106622,114419,0
76303,73513,95049,149816,171352,168562,1
14268,30082,7874,44350,22142,37956,0
32861,46219,11275,79080,44136,57494,0
33171,20393,50987,53564,84158,71380,1
50585,46231,73168,96816,123753,119399,1
77989,62097,34045,140086,112034,96142,1
77519,92794,11662,170313,89181,104456,0
1409,16505,38683,17914,40092,55188,0
68852,92579,90233,161431,159085,182812,1
46058,73428,69305,119486,115363,142733,1
93125,66123,68238,159248,161363,134361,1
52988,73231,25350,126219,78338,98581,1
41045,76802,65149,117847,106194,141951,1
87179,48957,82814,136136,169993,131771,1
6862,8558,32058,15420,38920,40616,0
7882,34072,77393,41954,85275,111465,0
61604,22366,37755,83970,99359,60121,0
80068,24553,94260,104621,174328,118813,1
23328,78854,78281,102182,101609,157135,1
13068,68158,44300,81226,57368,112458,0
76322,91515,78718,167837,155040,170233,1
80733,47002,50597,127735,131330,97599,1
97914,46966,97839,144880,195753,144805,1
15641,99669,93950,115310,109591,193619,1
89585,44121,16984,133706,106569,61105,0
25542,56734,14186,82276,39728,70920,0
78178,44452,90807,122630,168985,135259,1
7954,70427,80078,78381,88032,150505,0
18050,23982,33064,42032,51114,57046,1
63418,93348,82683,156766,146101,176031,1
73043,64392,11667,137435,84710,76059,1
27545,49672,94428,77217,121973,144100,0
12498,76615,59231,89113,71729,135846,0
19462,19047,41851,38509,61313,60898,0
77848,53642,89508,131490,167356,143150,1
56852,26889,18078,83741,74930,44967,0
66148,63447,32417,129595,98565,95864,1
67917,61527,12930,129444,80847,74457,1
77150,16462,73221,93612,150371,89683,1
17914,16949,70352,34863,88266,87301,0
20651,92669,5430,113320,26081,98099,0
46344,8426,14630,54770,60974,23056,0
90679,3446,83569,94125,174248,87015,0
51843,36363,76072,88206,127915,112435,1
29144,40916,61186,70060,90330,102102,1
71383,99470,33859,170853,105242,133329,1
73890,30839,7637,104729,81527,38476,0
381,48038,32690,48419,33071,80728,0
47098,72781,32171,119879,79269,104952,1
42129,13333,74988,55462,117117,88321,0
94076,68165,33371,162241,127447,101536,1
28002,43785,15210,71787,43212,58995,0
98123,95440,11612,193563,109735,107052,1
17144,94483,9717,111627,26861,104200,0
52081,71221,78904,123302,130985,150125,1
29202,85756,35045,114958,64247,120801,0
6971,48025,69701,54996,76672,117726,0
25212,45526,43856,70738,69068,89382,1
15064,88228,91716,103292,106780,179944,1
83635,42651,26756,126286,110391,69407,0
38083,1348,85002,39431,123085,86350,0
22793,66496,95391,89289,118184,161887,0
61720,33626,77159,95346,138879,110785,1
81342,7903,56748,89245,138090,64651,0
20602,26300,82384,46902,102986,108684,0
65800,10836,45495,76636,111295,56331,0
97323,55407,75346,152730,172669,130753,1
68859,11700,65042,80559,133901,76742,1
28811,32138,95338,60949,124149,127476,0
71897,3478,77797,75375,149694,81275,0
90056,40996,86765,131052,176821,127761,1
75313,74987,98808,150300,174121,173795,1
30385,46694,65603,77079,95988,112297,1
71920,92248,40578,164168,112498,132826,1
70192,70575,61704,140767,131896,132279,1
6975,38301,93205,45276,100180,131506,0
62618,35836,84889,98454,147507,120725,1
7356,61606,14390,68962,21746,75996,0
56166,25014,74896,81180,131062,99910,1
20691,33843,34231,54534,54922,68074,1
72341,72885,80657,145226,152998,153542,1
82883,86553,14769,169436,97652,101322,1
614,41873,50954,42487,51568,92827,0
74265,65375,4993,139640,79258,70368,0
23073,12744,96027,35817,119100,108771,0
15650,80784,1154,96434,16804,81938,0
50430,23965,14985,74395,65415,38950,0
84627,5814,98472,90441,183099,104286,0
15900,34702,83202,50602,99102,117904,0
27516,54956,14781,82472,42297,69737,0
52556,36668,51160,89224,103716,87828,1
90834,66419,50589,157253,141423,117008,1
12882,27211,18603,40093,31485,45814,1
31960,33847,28324,65807,60284,62171,1
53940,38990,72493,92930,126433,111483,1
73309,1427,58685,74736,131994,60112,0
31285,98293,73852,129578,105137,172145,1
88357,81020,86944,169377,175301,167964,1
87117,49156,4397,136273,91514,53553,0
41124,46259,49260,87383,90384,95519,1
46894,95961,9706,142855,56600,105667,0
60649,53422,24607,114071,85256,78029,1
79580,80802,27129,160382,106709,107931,1
91349,64436,21333,155785,112682,85769,0
29016,22569,69401,51585,98417,91970,0
21896,42017,9414,63913,31310,51431,0
21802,93704,61338,115506,83140,155042,0
79735,70807,59292,150542,139027,130099,1
89486,15447,61663,104933,151149,77110,0
21751,90740,75353,112491,97104,166093,1
73489,55711,19339,129200,92828,75050,1
21907,48910,87055,70817,108962,135965,0
86805,60015,50462,146820,137267,110477,1
25351,27537,80815,52888,106166,108352,0
30473,70586,18309,101059,48782,88895,0
7289,42435,68348,49724,75637,110783,0
9851,34485,37066,44336,46917,71551,1
13908,72574,13874,86482,27782,86448,0
71304,66614,20320,137918,91624,86934,1
12985,57702,10657,70687,23642,68359,0
68696,32759,38510,101455,107206,71269,1
93631,29767,364,123398,93995,30131,0
72387,37589,56741,109976,129128,94330,1
23565,31140,91112,54705,114677,122252,0
37091,11347,47937,48438,85028,59284,1
93313,28646,8280,121959,101593,36926,0
70072,64259,16109,134331,86181,80368,1
32047,80010,55152,112057,87199,135162,1
20680,92879,16338,113559,37018,109217,0
51422,23668,93063,75090,144485,116731,0
72061,77324,47660,149385,119721,124984,1
5983,14039,50736,20022,56719,64775,0
97660,49060,11262,146720,108922,60322,0
73062,46170,84471,119232,157533,130641,1
16423,58892,15803,75315,32226,74695,0
34364,53080,22244,87444,56608,75324,1
58415,16262,95205,74677,153620,111467,0
9381,64103,28792,73484,38173,92895,0
9954,27978,70242,37932,80196,98220,0
29714,8769,90168,38483,119882,98937,0
88193,50177,22765,138370,110958,72942,0
44227,98074,58155,142301,102382,156229,1
55461,7282,66188,62743,121649,73470,0
62785,4664,86039,67449,148824,90703,0
75170,93630,16554,168800,91724,110184,0
41089,2863,58138,43952,99227,61001,0
34596,93574,76659,128170,111255,170233,1
69883,30974,92301,100857,162184,123275,1
66877,17928,57013,84805,123890,74941,1
58112,98265,1231,156377,59343,99496,0
43747,91905,43092,135652,86839,134997,0
67805,18245,85824,86050,153629,104069,1
70743,80343,20009,151086,90752,100352,1
35335,10583,32179,45918,67514,42762,1
5243,38902,49884,44145,55127,88786,0
82421,31040,5503,113461,87924,36543,0
11515,54893,33268,66408,44783,88161,0
97694,49248,41537,146942,139231,90785,0
37083,33281,90824,70364,127907,124105,0
4741,51000,76360,55741,81101,127360,0
90793,10629,15582,101422,106375,26211,0
64743,62414,90281,127157,155024,152695,1
51190,31670,79642,82860,130832,111312,1
99146,85755,62582,184901,161728,148337,1
61897,53369,39410,115266,101307,92779,1
49031,20768,67491,69799,116522,88259,1
41978,730,5223,42708,47201,5953,0
73544,7034,83354,80578,156898,90388,0
28518,60249,2501,88767,31019,62750,0
13975,64998,91056,78973,105031,156054,0
30280,25200,62104,55480,92384,87304,0
63467,15150,32419,78617,95886,47569,0
12222,97352,6638,109574,18860,103990,0
55879,43129,49879,99008,105758,93008,1
81749,33178,38976,114927,120725,72154,0
87034,74260,71915,161294,158949,146175,1
41576,80548,43656,122124,85232,124204,1
57661,1595,65998,59256,123659,67593,0
94605,85954,86113,180559,180718,172067,1
75349,86185,76447,161534,151796,162632,1
33641,41579,12666,75220,46307,54245,1
32314,73186,73999,105500,106313,147185,1
99077,90998,87785,190075,186862,178783,1
60631,29829,23274,90460,83905,53103,0
13981,82962,61043,96943,75024,144005,0
97361,68060,26165,165421,123526,94225,0
35433,61816,60016,97249,95449,121832,1
86145,32671,46401,118816,132546,79072,0
73142,52047,36566,125189,109708,88613,1
92510,58511,12367,151021,104877,70878,0
97998,99404,20250,197402,118248,119654,1
7869,30579,35640,38448,43509,66219,1
34720,18512,45839,53232,80559,64351,1
45633,62509,15908,108142,61541,78417,0
86637,25511,15252,112148,101889,40763,0
54853,41727,25277,96580,80130,67004,1
93205,82246,98672,175451,191877,180918,1
62525,20666,75666,83191,138191,96332,1
40450,16242,24072,56692,64522,40314,0
79658,75001,62131,154659,141789,137132,1
93185,3768,61866,96953,155051,65634,0
15750,72473,83538,88223,99288,156011,1
4058,27872,96504,31930,100562,124376,0
73930,89917,37888,163847,111818,127805,1
3090,55161,93311,58251,96401,148472,0
7830,3487,97774,11317,105604,101261,0
40027,4423,9491,44450,49518,13914,0
48238,29284,34070,77522,82308,63354,1
80120,62930,48558,143050,128678,111488,1
12306,47061,46569,59367,58875,93630,1
66275,26917,12283,93192,78558,39200,0
26251,66932,72669,93183,98920,139601,1
89135,62686,63438,151821,152573,126124,1
984,24133,61534,25117,62518,85667,0
42088,1648,1061,43736,43149,2709,0
93794,31392,75900,125186,169694,107292,1
45147,61223,36732,106370,81879,97955,1
29780,67573,58562,97353,88342,126135,1
80990,19601,80121,100591,161111,99722,1
81973,53187,53947,135160,135920,107134,1
32237,28595,18919,60832,51156,47514,1
27395,19232,20313,46627,47708,39545,1
27976,75559,92690,103535,120666,168249,1
66623,82429,51435,149052,118058,133864,1
1936,10980,7355,12916,9291,18335,0
22425,90614,96949,113039,119374,187563,1
62272,60021,40844,122293,103116,100865,1
29328,11721,89107,41049,118435,100828,0
856,83175,28171,84031,29027,111346,0
34610,39357,33259,73967,67869,72616,1
70884,63202,77680,134086,148564,140882,1
41888,74419,94586,116307,136474,169005,1
24937,81962,18877,106899,43814,100839,0
12750,99172,93582,111922,106332,192754,1
97063,79418,2676,176481,99739,82094,0
38205,88773,16038,126978,54243,104811,0
84567,49490,6425,134057,90992,55915,0
13374,25021,45506,38395,58880,70527,0
74263,48892,85240,123155,159503,134132,1
20185,73227,56805,93412,76990,130032,1
35566,52309,30882,87875,66448,83191,1
94093,76416,72826,170509,166919,149242,1
78289,27349,56803,105638,135092,84152,1
11374,72050,78134,83424,89508,150184,1
86118,21909,48506,108027,134624,70415,0
1285,85229,49313,86514,50598,134542,0
3378,49644,27580,53022,30958,77224,0
17732,99498,30037,117230,47769,129535,0
10579,54728,9389,65307,19968,64117,0
85964,37481,45394,123445,131358,82875,0
33420,60958,90332,94378,123752,151290,1
60876,90261,99534,151137,160410,189795,1
57112,18327,7626,75439,64738,25953,0
54297,27984,10992,82281,65289,38976,0
77493,50019,65746,127512,143239,115765,1
999,94191,48663,95190,49662,142854,0
64948,79641,98024,144589,162972,177665,1
57990,52894,97120,110884,155110,150014,1
76118,50637,55049,126755,131167,105686,1
44583,4724,5350,49307,49933,10074,0
76798,32189,45444,108987,122242,77633,1
89149,9492,24683,98641,113832,34175,0
32513,69696,87897,102209,120410,157593,1
5900,8950,72480,14850,78380,81430,0
46465,38310,81876,84775,128341,120186,1
99313,53386,23336,152699,122649,76722,0
13775,81384,66865,95159,80640,148249,0
35616,41073,96839,76689,132455,137912,0
12161,8837,35534,20998,47695,44371,0
35192,82968,25423,118160,60615,108391,0
86898,20374,2695,107272,89593,23069,0
51037,13975,79794,65012,130831,93769,0
44564,50490,86284,95054,130848,136774,1
88509,7015,15335,95524,103844,22350,0
70826,51616,32901,122442,103727,84517,1
95338,9240,49982,104578,145320,59222,0
6499,45527,4040,52026,10539,49567,0
96748,16794,17822,113542,114570,34616,0
65991,89326,82368,155317,148359,171694,1
39479,99177,18291,138656,57770,117468,0
3649,84224,13483,87873,17132,97707,0
73613,44935,29924,118548,103537,74859,1
53927,3337,13862,57264,67789,17199,0
43003,15441,55268,58444,98271,70709,1
40655,48314,50071,88969,90726,98385,1
91315,627,83321,91942,174636,83948,0
35321,52146,86778,87467,122099,138924,1
56364,80900,669,137264,57033,81569,0
334,2324,49590,2658,49924,51914,0
31211,74805,10683,106016,41894,85488,0
9667,78700,4988,88367,14655,83688,0
95626,255,42679,95881,138305,42934,0
71477,50720,58779,122197,130256,109499,1
76274,14652,72563,90926,148837,87215,1
5184,6528,58123,11712,63307,64651,0
84580,68160,27319,152740,111899,95479,1
61804,4864,71337,66668,133141,76201,0
71828,55615,73285,127443,145113,128900,1
47861,19978,43217,67839,91078,63195,1
69459,66944,22024,136403,91483,88968,1
35398,79370,29919,114768,65317,109289,0
21822,13086,7694,34908,29516,20780,0
30248,31209,7703,61457,37951,38912,1
94669,99052,37361,193721,132030,136413,1
79396,33478,2152,112874,81548,35630,0
12820,4913,74684,17733,87504,79597,0
19622,58057,53556,77679,73178,111613,1
75202,98096,82398,173298,157600,180494,1
34372,85551,30780,119923,65152,116331,0
44365,50646,12848,95011,57213,63494,1
38588,83575,54229,122163,92817,137804,1
83958,25057,79627,109015,163585,104684,1
30883,53160,64120,84043,95003,117280,1
3045,74695,70944,77740,73989,145639,0
87310,84061,72022,171371,159332,156083,1
14875,64762,5895,79637,20770,70657,0
75710,76817,5631,152527,81341,82448,1
87553,88071,87027,175624,174580,175098,1
23394,594,89172,23988,112566,89766,0
16972,39175,33301,56147,50273,72476,1
4485,42202,47416,46687,51901,89618,0
86516,66446,61723,152962,148239,128169,1
14554,28318,56090,42872,70644,84408,0
45202,60300,31057,105502,76259,91357,1
36139,65804,66789,101943,102928,132593,1
19001,49592,50169,68593,69170,99761,1
79413,59830,37277,139243,116690,97107,1
95528,8619,5070,104147,100598,13689,0
5048,34133,40943,39181,45991,75076,0
81765,70669,43744,152434,125509,114413,1
32421,45633,69994,78054,102415,115627,1
95324,74247,5432,169571,100756,79679,0
97460,29826,73826,127286,171286,103652,1
99504,92333,27987,191837,127491,120320,1
79441,17909,64575,97350,144016,82484,1
97165,68017,79457,165182,176622,147474,1
86726,36145,66979,122871,153705,103124,1
21864,31491,7686,53355,29550,39177,0
92537,28042,34876,120579,127413,62918,0
62578,63803,19862,126381,82440,83665,1
24798,25722,51413,50520,76211,77135,0
80735,72589,70042,153324,150777,142631,1
1557,64714,31632,66271,33189,96346,0
70506,91911,96721,162417,167227,188632,1
43601,87358,10871,130959,54472,98229,0
35381,15341,77514,50722,112895,92855,0
91255,2667,34737,93922,125992,37404,0
30428,16273,12432,46701,42860,28705,0
66351,4474,36503,70825,102854,40977,0
82647,91046,21589,173693,104236,112635,1
95489,54358,6345,149847,101834,60703,0
20147,31836,15106,51983,35253,46942,1
32507,90432,82546,122939,115053,172978,1
6437,60887,91600,67324,98037,152487,0
56799,61360,61452,118159,118251,122812,1
83802,89596,54105,173398,137907,143701,1
26207,50440,40758,76647,66965,91198,1
16579,53652,82933,70231,99512,136585,0
147,60139,39276,60286,39423,99415,0
25382,48316,84092,73698,109474,132408,0
22507,73381,62198,95888,84705,135579,1
88420,90270,90259,178690,178679,180529,1
21666,86586,32698,108252,54364,119284,0
22868,16588,61851,39456,84719,78439,0
24188,46933,40059,71121,64247,86992,1
35002,54595,22746,89597,57748,77341,1
65013,29391,31256,94404,96269,60647,0
70373,48507,12235,118880,82608,60742,0
54461,55518,49636,109979,104097,105154,1
783,95294,58136,96077,58919,153430,0
89229,48768,80267,137997,169496,129035,1
28760,72792,60862,101552,89622,133654,1
30916,47521,94497,78437,125413,142018,0
6139,80091,5359,86230,11498,85450,0
9743,67060,70965,76803,80708,138025,1
70731,76632,56017,147363,126748,132649,1
61297,48907,60822,110204,122119,109729,1
20891,83270,92656,104161,113547,175926,1
88619,11497,35302,100116,123921,46799,0
75984,86780,85788,162764,161772,172568,1
31710,79071,11400,110781,43110,90471,0
33649,43097,85362,76746,119011,128459,0
61022,73788,57984,134810,119006,131772,1
74089,33257,46442,107346,120531,79699,1
98042,80118,99434,178160,197476,179552,1
42152,35477,94122,77629,136274,129599,0
60019,97739,3295,157758,63314,101034,0
78896,8995,24390,87891,103286,33385,0
57148,11025,59591,68173,116739,70616,1
9849,45395,90397,55244,100246,135792,0
57789,55272,14014,113061,71803,69286,1
53046,9131,54865,62177,107911,63996,1
78165,50323,75524,128488,153689,125847,1
91389,36495,19138,127884,110527,55633,0
33570,78387,56987,111957,90557,135374,1
88205,59863,93372,148068,181577,153235,1
69268,25899,1698,95167,70966,27597,0
81057,22597,45029,103654,126086,67626,0
16764,94737,56230,111501,72994,150967,0
38868,48364,55766,87232,94634,104130,1
11888,15626,74728,27514,86616,90354,0
74662,98065,9803,172727,84465,107868,0
39445,16376,16820,55821,56265,33196,0
16258,340,46292,16598,62550,46632,0
95079,98475,55508,193554,150587,153983,1
39619,18285,95244,57904,134863,113529,0
25737,77817,84595,103554,110332,162412,1
93957,65779,38498,159736,132455,104277,1
98515,76930,68456,175445,166971,145386,1
51339,19501,45427,70840,96766,64928,1
70353,16090,66422,86443,136775,82512,1
95011,27206,90180,122217,185191,117386,1
61377,30658,25395,92035,86772,56053,0
44203,30612,85221,74815,129424,115833,0
75260,99672,36726,174932,111986,136398,1
93015,73076,54239,166091,147254,127315,1
82016,11793,58229,93809,140245,70022,0
34222,76091,12178,110313,46400,88269,0
81409,19183,85271,100592,166680,104454,1
73205,72293,91257,145498,164462,163550,1
47456,80604,97785,128060,145241,178389,1
71946,39597,31640,111543,103586,71237,0
11990,43028,6150,55018,18140,49178,0
74038,57644,12051,131682,86089,69695,0
81843,6750,56951,88593,138794,63701,0
55575,10673,83253,66248,138828,93926,0
54760,47155,69789,101915,124549,116944,1
71161,78862,1676,150023,72837,80538,0
7074,97041,23962,104115,31036,121003,0
83200,36434,58565,119634,141765,94999,1
12831,74105,58121,86936,70952,132226,0
92132,22242,4393,114374,96525,26635,0
38141,7507,12129,45648,50270,19636,0
14477,96726,97768,111203,112245,194494,1
44077,5734,24024,49811,68101,29758,0
93442,39180,703,132622,94145,39883,0
11438,30742,73387,42180,84825,104129,0
92517,19717,1327,112234,93844,21044,0
79257,80788,15753,160045,95010,96541,1
87070,70326,85184,157396,172254,155510,1
60558,34665,9534,95223,70092,44199,0
35178,98293,11107,133471,46285,109400,0
39098,7854,48340,46952,87438,56194,0
106,5134,57819,5240,57925,62953,0
849,92464,72242,93313,73091,164706,0
95958,80374,52035,176332,147993,132409,1
12453,60089,45242,72542,57695,105331,0
48298,86212,93479,134510,141777,179691,1
51616,81318,28789,132934,80405,110107,0
38383,30134,26885,68517,65268,57019,1
96616,8610,47879,105226,144495,56489,0
37580,36633,41911,74213,79491,78544,1
91700,44107,8566,135807,100266,52673,0
76775,67406,84674,144181,161449,152080,1
80132,49736,18981,129868,99113,68717,0
38023,86386,55615,124409,93638,142001,1
42413,43108,71387,85521,113800,114495,1
73748,66824,18407,140572,92155,85231,1
57695,9680,16148,67375,73843,25828,0
858,50974,28016,51832,28874,78990,0
98588,59622,77741,158210,176329,137363,1
30210,43124,32287,73334,62497,75411,1
6890,7339,81004,14229,87894,88343,0
55222,68999,633,124221,55855,69632,0
84856,77938,67200,162794,152056,145138,1
3662,79950,90123,83612,93785,170073,0
86815,92622,51756,179437,138571,144378,1
697,29466,92638,30163,93335,122104,0
33445,89458,14063,122903,47508,103521,0
71871,17268,16296,89139,88167,33564,0
45194,73866,94063,119060,139257,167929,1
93858,55973,41957,149831,135815,97930,1
51984,15029,19101,67013,71085,34130,0
43972,94894,78283,138866,122255,173177,1
32099,37152,48055,69251,80154,85207,1
35547,8484,73314,44031,108861,81798,0
20586,6951,86701,27537,107287,93652,0
2473,74071,77236,76544,79709,151307,0
35249,15320,9336,50569,44585,24656,0
12991,99769,68330,112760,81321,168099,0
42005,53783,25738,95788,67743,79521,1
71727,14431,37655,86158,109382,52086,0
4811,44512,28164,49323,32975,72676,0
88727,12326,95525,101053,184252,107851,1
40901,89816,31613,130717,72514,121429,0
23948,82587,60126,106535,84074,142713,1
56054,32977,51841,89031,107895,84818,1
8982,23241,9244,32223,18226,32485,0
23013,76468,51967,99481,74980,128435,0
63530,28138,142,91668,63672,28280,0
9860,96121,12031,105981,21891,108152,0
81439,89792,69209,171231,150648,159001,1
21734,73172,73535,94906,95269,146707,1
63552,94182,93795,157734,157347,187977,1
46298,38097,43196,84395,89494,81293,1
89456,39203,53528,128659,142984,92731,1
74200,83346,27612,157546,101812,110958,1
82207,67403,33089,149610,115296,100492,1
51284,16581,61322,67865,112606,77903,1
45015,66037,42013,111052,87028,108050,1
34843,78522,13288,113365,48131,91810,0
84221,45529,64300,129750,148521,109829,1
64407,62895,59105,127302,123512,122000,1
20290,99052,1889,119342,22179,100941,0
50499,20616,17491,71115,67990,38107,0
11402,43158,64789,54560,76191,107947,0
47238,94142,1347,141380,48585,95489,0
65196,31047,88570,96243,153766,119617,1
19036,14420,76130,33456,95166,90550,0
24130,9043,17858,33173,41988,26901,1
6547,30222,81664,36769,88211,111886,0
58298,17346,57559,75644,115857,74905,1
42007,26144,24881,68151,66888,51025,1
41554,21804,81918,63358,123472,103722,0
72458,33540,26647,105998,99105,60187,0
62306,38542,40842,100848,103148,79384,1
41465,27336,54462,68801,95927,81798,1
56010,60435,22217,116445,78227,82652,1
55180,44156,30143,99336,85323,74299,1
47635,78538,75656,126173,123291,154194,1
27262,32668,49389,59930,76651,82057,1
9999,75851,86819,85850,96818,162670,0
11957,38976,72359,50933,84316,111335,0
67922,11565,48321,79487,116243,59886,0
93690,99824,24872,193514,118562,124696,1
31023,40600,74700,71623,105723,115300,0
60191,55464,50305,115655,110496,105769,1
71697,39701,65376,111398,137073,105077,1
89710,37384,62236,127094,151946,99620,1
38948,11916,42548,50864,81496,54464,1
72931,84906,18292,157837,91223,103198,1
7413,20974,28368,28387,35781,49342,1
39639,11245,9212,50884,48851,20457,0
81264,59977,87722,141241,168986,147699,1
76531,67818,4550,144349,81081,72368,0
47173,23715,50156,70888,97329,73871,1
92852,6610,57061,99462,149913,63671,0
49285,16280,2542,65565,51827,18822,0
49062,86502,56487,135564,105549,142989,1
67608,89267,67527,156875,135135,156794,1
50401,75050,5051,125451,55452,80101,0
48730,43332,71668,92062,120398,115000,1
735,18282,90964,19017,91699,109246,0
90010,38239,61941,128249,151951,100180,1
75975,40832,5594,116807,81569,46426,0
66545,80478,94284,147023,160829,174762,1
26131,96742,14071,122873,40202,110813,0
42831,57030,93670,99861,136501,150700,1
89116,43132,46009,132248,135125,89141,1
97699,67104,64660,164803,162359,131764,1
85356,99133,3060,184489,88416,102193,0
99281,88257,5485,187538,104766,93742,0
12289,5629,1823,17918,14112,7452,0
3377,41016,36146,44393,39523,77162,0
10921,96693,17385,107614,28306,114078,0
97013,67703,8491,164716,105504,76194,0
50212,63884,78343,114096,128555,142227,1
94916,13931,10839,108847,105755,24770,0
10800,44055,19384,54855,30184,63439,0
38534,11966,27294,50500,65828,39260,1
14716,22238,48475,36954,63191,70713,0
41549,28213,36059,69762,77608,64272,1
21583,20029,37470,41612,59053,57499,1
78167,16682,42992,94849,121159,59674,0
72841,91481,88921,164322,161762,180402,1
76582,92326,90097,168908,166679,182423,1
9388,35726,6888,45114,16276,42614,0
81841,81109,52607,162950,134448,133716,1
65116,74608,53992,139724,119108,128600,1
43834,25670,43954,69504,87788,69624,1
83595,1134,71407,84729,155002,72541,0
45260,74306,44412,119566,89672,118718,1
26210,9075,89771,35285,115981,98846,0
71474,40719,39933,112193,111407,80652,1
51121,70682,63158,121803,114279,133840,1
45858,53190,30352,99048,76210,83542,1
43212,15235,53028,58447,96240,68263,1
61864,826,42649,62690,104513,43475,0
72109,11507,79238,83616,151347,90745,1
51383,92240,27503,143623,78886,119743,0
7272,64432,24301,71704,31573,88733,0
89549,22126,31895,111675,121444,54021,0
9486,76654,1099,86140,10585,77753,0
44429,28276,41258,72705,85687,69534,1
70194,9249,76942,79443,147136,86191,1
4609,66808,53641,71417,58250,120449,0
48719,70785,33056,119504,81775,103841,1
90911,49919,61616,140830,152527,111535,1
43068,23729,14625,66797,57693,38354,0
6318,605,12651,6923,18969,13256,0
86373,81181,89224,167554,175597,170405,1
18794,91622,92800,110416,111594,184422,1
56497,80503,88102,137000,144599,168605,1
29116,71089,18035,100205,47151,89124,0
2197,93596,98352,95793,100549,191948,0
70685,23937,59387,94622,130072,83324,1
51104,50088,75984,101192,127088,126072,1
32807,6673,46926,39480,79733,53599,0
7962,94590,8201,102552,16163,102791,0
10028,87392,97193,97420,107221,184585,1
69891,15973,42413,85864,112304,58386,0
36608,47095,25631,83703,62239,72726,1
56257,56492,16332,112749,72589,72824,1
37907,93770,75523,131677,113430,169293,1
27132,81086,48752,108218,75884,129838,0
80853,62481,89814,143334,170667,152295,1
14119,11954,6573,26073,20692,18527,1
59618,4474,8460,64092,68078,12934,0
49153,66399,24434,115552,73587,90833,1
55096,47506,95442,102602,150538,142948,1
8422,61401,25008,69823,33430,86409,0
4150,97370,94313,101520,98463,191683,1
37519,32506,49472,70025,86991,81978,1
41797,16268,48554,58065,90351,64822,1
1153,52847,52167,54000,53320,105014,1
73895,2875,11919,76770,85814,14794,0
13172,6026,91792,19198,104964,97818,0
11736,15363,24110,27099,35846,39473,1
14979,78873,2036,93852,17015,80909,0
99584,25656,62824,125240,162408,88480,0
31050,88910,5118,119960,36168,94028,0
90458,20602,64938,111060,155396,85540,0
92139,56940,48533,149079,140672,105473,1
93810,16972,36043,110782,129853,53015,0
50165,72725,82756,122890,132921,155481,1
14436,51462,69361,65898,83797,120823,0
37906,27948,51782,65854,89688,79730,1
70847,559,30377,71406,101224,30936,0
73840,57218,6080,131058,79920,63298,0
73490,57450,24400,130940,97890,81850,1
46813,14055,14069,60868,60882,28124,0
37494,44936,35602,82430,73096,80538,1
55574,63021,56582,118595,112156,119603,1
29688,88864,21417,118552,51105,110281,0
27192,78297,7794,105489,34986,86091,0
11432,13861,84731,25293,96163,98592,0
40367,70813,23739,111180,64106,94552,0
70868,69902,74179,140770,145047,144081,1
41864,61326,83422,103190,125286,144748,1
95347,26120,99619,121467,194966,125739,1
75672,18835,51581,94507,127253,70416,0
33846,37026,95695,70872,129541,132721,0
9568,39144,29405,48712,38973,68549,0
32777,62187,10176,94964,42953,72363,0
26478,66059,17528,92537,44006,83587,0
49962,84850,3409,134812,53371,88259,0
74628,76307,72557,150935,147185,148864,1
78690,33539,37752,112229,116442,71291,0
77477,44034,57782,121511,135259,101816,1
4010,61604,532,65614,4542,62136,0
59013,57052,62079,116065,121092,119131,1
36617,77864,69122,114481,105739,146986,1
43919,81527,321,125446,44240,81848,0
90461,86030,61244,176491,151705,147274,1
39065,70272,82152,109337,121217,152424,1
85527,43962,43648,129489,129175,87610,1
45272,10993,60087,56265,105359,71080,0
59242,39642,32385,98884,91627,72027,1
83359,55102,13878,138461,97237,68980,0
27361,57864,69790,85225,97151,127654,1
20253,44554,26888,64807,47141,71442,1
51505,21892,45034,73397,96539,66926,1
96121,49072,89668,145193,185789,138740,1
47552,5309,12121,52861,59673,17430,0
51808,3173,8410,54981,60218,11583,0
85015,75538,25993,160553,111008,101531,1
42633,32761,87377,75394,130010,120138,0
6451,97787,2550,104238,9001,100337,0
17634,51535,99486,69169,117120,151021,0
11422,80048,30212,91470,41634,110260,0
14978,16523,93622,31501,108600,110145,0
12686,35616,96276,48302,108962,131892,0
9947,28080,85032,38027,94979,113112,0
37713,18325,2067,56038,39780,20392,0
42686,8783,86441,51469,129127,95224,0
67789,25470,79310,93259,147099,104780,1
18653,51953,29394,70606,48047,81347,0
50638,802,43493,51440,94131,44295,0
16338,84738,5260,101076,21598,89998,0
76999,3082,74727,80081,151726,77809,1
23932,7920,49173,31852,73105,57093,0
32846,8271,80414,41117,113260,88685,0
51072,93181,49877,144253,100949,143058,1
48426,91384,97304,139810,145730,188688,1
24591,24278,96996,48869,121587,121274,0
97115,15775,75757,112890,172872,91532,0
57795,28439,11044,86234,68839,39483,0
61086,15793,17479,76879,78565,33272,0
45342,67381,67563,112723,112905,134944,1
7711,12526,57986,20237,65697,70512,0
42341,16044,6393,58385,48734,22437,0
87536,60673,99184,148209,186720,159857,1
86992,99539,67232,186531,154224,166771,1
62282,39749,28741,102031,91023,68490,1
83230,26539,75706,109769,158936,102245,1
84338,73656,10828,157994,95166,84484,1
71622,6826,832,78448,72454,7658,0
70098,46812,76008,116910,146106,122820,1
65679,96049,3163,161728,68842,99212,0
77723,87853,30290,165576,108013,118143,1
1094,24328,49549,25422,50643,73877,0
12668,58671,62220,71339,74888,120891,1
86016,144,33372,86160,119388,33516,0
19626,62126,18145,81752,37771,80271,0
82292,61067,34939,143359,117231,96006,1
69683,53557,92798,123240,162481,146355,1
50042,43865,99823,93907,149865,143688,0
2617,53256,48554,55873,51171,101810,0
42921,71024,21376,113945,64297,92400,0
64055,10628,63519,74683,127574,74147,1
9188,10476,25113,19664,34301,35589,0
27592,8514,82157,36106,109749,90671,0
24022,64920,38786,88942,62808,103706,0
43434,56788,58487,100222,101921,115275,1
97235,29878,98527,127113,195762,128405,1
58646,85250,23813,143896,82459,109063,0
1832,35882,21922,37714,23754,57804,0
6132,54850,58571,60982,64703,113421,1
27614,93537,16803,121151,44417,110340,0
59378,34254,82585,93632,141963,116839,1
38678,93176,90992,131854,129670,184168,1
47689,15442,20123,63131,67812,35565,0
21616,5029,4823,26645,26439,9852,0
34973,73413,80709,108386,115682,154122,1
53596,78453,73192,132049,126788,151645,1
47537,5892,51658,53429,99195,57550,1
33474,55252,92265,88726,125739,147517,0
38322,88114,39667,126436,77989,127781,0
7219,97140,71485,104359,78704,168625,0
18061,85886,97655,103947,115716,183541,1
97985,15473,41900,113458,139885,57373,0
74991,51170,91199,126161,166190,142369,1
33445,6475,96159,39920,129604,102634,0
11379,32967,90821,44346,102200,123788,0
72683,27638,54550,100321,127233,82188,1
16807,16343,28546,33150,45353,44889,1
37351,74940,2007,112291,39358,76947,0
23950,80368,4133,104318,28083,84501,0
74590,29890,51386,104480,125976,81276,1
32361,96800,38490,129161,70851,135290,0
79660,70731,95224,150391,174884,165955,1
13537,53006,33162,66543,46699,86168,0
44029,12379,66006,56408,110035,78385,0
5134,66550,27299,71684,32433,93849,0
24374,77776,36896,102150,61270,114672,0
24208,65217,68772,89425,92980,133989,1
63615,56729,80937,120344,144552,137666,1
16794,21673,62266,38467,79060,83939,0
60034,53502,13667,113536,73701,67169,1
6920,24200,67759,31120,74679,91959,0
25563,30068,91124,55631,116687,121192,0
43793,9154,65211,52947,109004,74365,0
50877,82427,87190,133304,138067,169617,1
96552,45461,34311,142013,130863,79772,0
91605,15788,97304,107393,188909,113092,1
48310,37513,98629,85823,146939,136142,0
4167,51950,45762,56117,49929,97712,0
46532,99966,68480,146498,115012,168446,1
15284,17518,16144,32802,31428,33662,1
14974,60246,74155,75220,89129,134401,1
4075,65366,65060,69441,69135,130426,1
35604,83289,8654,118893,44258,91943,0
36210,86666,89837,122876,126047,176503,1
24401,75209,59510,99610,83911,134719,1
28985,9171,94136,38156,123121,103307,0
67580,16375,43970,83955,111550,60345,0
25743,90941,77633,116684,103376,168574,1
67938,7245,97785,75183,165723,105030,0
78018,21973,18082,99991,96100,40055,0
28750,70874,57316,99624,86066,128190,1
16073,62960,11888,79033,27961,74848,0
52021,94066,31276,146087,83297,125342,0
52164,59881,56591,112045,108755,116472,1
21661,41169,39301,62830,60962,80470,1
95330,52451,26333,147781,121663,78784,0
87183,13406,13234,100589,100417,26640,0
65916,45802,11102,111718,77018,56904,0
99049,81672,16037,180721,115086,97709,0
3502,87936,38316,91438,41818,126252,0
17026,76328,30353,93354,47379,106681,0
72168,97879,20515,170047,92683,118394,0
14774,85448,53040,100222,67814,138488,0
3913,56246,12455,60159,16368,68701,0
7597,95925,40336,103522,47933,136261,0
26052,78676,3138,104728,29190,81814,0
10997,89088,16893,100085,27890,105981,0
44631,52176,89260,96807,133891,141436,1
58392,83300,4622,141692,63014,87922,0
70844,81555,81937,152399,152781,163492,1
53613,18502,43808,72115,97421,62310,1
91157,3821,35987,94978,127144,39808,0
42852,75515,22692,118367,65544,98207,0
61508,7891,59691,69399,121199,67582,1
60240,46211,45634,106451,105874,91845,1
82545,47035,64533,129580,147078,111568,1
69565,64664,60175,134229,129740,124839,1
34376,82273,85006,116649,119382,167279,1
73768,75640,93356,149408,167124,168996,1
41300,5603,74568,46903,115868,80171,0
96788,91574,62435,188362,159223,154009,1
16633,70943,46321,87576,62954,117264,0
29928,85291,54046,115219,83974,139337,0
61732,52285,82979,114017,144711,135264,1
6350,27777,1345,34127,7695,29122,0
44549,18550,81153,63099,125702,99703,0
10354,61311,83386,71665,93740,144697,0
99332,37078,30496,136410,129828,67574,0
58542,25365,16220,83907,74762,41585,0
61496,80526,37904,142022,99400,118430,1
63444,24808,48548,88252,111992,73356,1
27791,33705,79460,61496,107251,113165,0
96267,60323,29184,156590,125451,89507,0
48956,80591,64828,129547,113784,145419,1
67193,47,76162,67240,143355,76209,0
12781,32618,94173,45399,106954,126791,0
30278,24142,58959,54420,89237,83101,0
60463,29099,30975,89562,91438,60074,0
28907,41981,20742,70888,49649,62723,1
27003,66448,63374,93451,90377,129822,1
37081,90276,84842,127357,121923,175118,1
94216,35943,50113,130159,144329,86056,0
72099,67293,35385,139392,107484,102678,1
9569,2659,30466,12228,40035,33125,0
52737,78647,63218,131384,115955,141865,1
41041,63361,88104,104402,129145,151465,1
52126,3817,71119,55943,123245,74936,0
75907,70998,5837,146905,81744,76835,1
43898,86091,96288,129989,140186,182379,1
54272,82189,36027,136461,90299,118216,1
12108,8689,35391,20797,47499,44080,0
40493,62141,19653,102634,60146,81794,0
21313,71990,58581,93303,79894,130571,1
40948,4369,89451,45317,130399,93820,0
15317,98340,11131,113657,26448,109471,0
95021,26905,65870,121926,160891,92775,0
31462,27040,49792,58502,81254,76832,1
57503,40586,54219,98089,111722,94805,1
11148,42995,66420,54143,77568,109415,0
95282,85675,94227,180957,189509,179902,1
46523,61379,14117,107902,60640,75496,0
96900,86572,95495,183472,192395,182067,1
97099,98289,22334,195388,119433,120623,1
40494,93559,37747,134053,78241,131306,0
7069,76417,11568,83486,18637,87985,0
81431,98250,61551,179681,142982,159801,1
33938,33497,14342,67435,48280,47839,1
26948,65667,25743,92615,52691,91410,0
89779,69785,59116,159564,148895,128901,1
63544,7818,9480,71362,73024,17298,0
92061,70270,77232,162331,169293,147502,1
69924,48925,54094,118849,124018,103019,1
80958,858,5177,81816,86135,6035,0
15884,34537,81889,50421,97773,116426,0
59430,27770,48244,87200,107674,76014,1
42147,83624,56280,125771,98427,139904,1
80408,46689,11742,127097,92150,58431,0
88848,20151,42745,108999,131593,62896,0
98046,8285,15807,106331,113853,24092,0
62920,23047,65878,85967,128798,88925,1
71990,75734,33696,147724,105686,109430,1
10870,77037,88886,87907,99756,165923,0
87263,37877,60126,125140,147389,98003,1
29342,27751,95660,57093,125002,123411,0
88931,54266,5946,143197,94877,60212,0
53079,93694,37678,146773,90757,131372,0
75978,33212,57761,109190,133739,90973,1
12134,66600,53461,78734,65595,120061,0
26380,55557,44356,81937,70736,99913,1
78264,1830,14474,80094,92738,16304,0
62644,88019,37164,150663,99808,125183,1
13852,86742,51755,100594,65607,138497,0
87473,89297,13851,176770,101324,103148,1
56806,88458,30657,145264,87463,119115,0
28000,75477,19076,103477,47076,94553,0
74907,95291,57820,170198,132727,153111,1
71604,52781,38441,124385,110045,91222,1
68121,70189,21054,138310,89175,91243,1
92285,43303,53200,135588,145485,96503,1
19894,62689,4644,82583,24538,67333,0
27277,1749,46672,29026,73949,48421,0
91094,76057,94506,167151,185600,170563,1
10144,66624,31315,76768,41459,97939,0
78781,30603,97513,109384,176294,128116,1
50163,11160,59637,61323,109800,70797,1
49257,22517,49830,71774,99087,72347,1
64355,18085,51414,82440,115769,69499,1
39792,84475,76466,124267,116258,160941,1
84358,22825,27195,107183,111553,50020,0
65950,36020,33021,101970,98971,69041,1
14313,71219,21641,85532,35954,92860,0
6445,38871,413,45316,6858,39284,0
39099,6278,43420,45377,82519,49698,1
74237,68246,94942,142483,169179,163188,1
66272,13633,76713,79905,142985,90346,1
93646,92324,80848,185970,174494,173172,1
97007,94454,78311,191461,175318,172765,1
71208,81867,91079,153075,162287,172946,1
80105,56558,97396,136663,177501,153954,1
23041,97413,38971,120454,62012,136384,0
56744,66481,3417,123225,60161,69898,0
32570,85968,95285,118538,127855,181253,1
8722,79851,67259,88573,75981,147110,0
75090,4863,17334,79953,92424,22197,0
16477,11332,70075,27809,86552,81407,0
38371,55684,65974,94055,104345,121658,1
41795,66982,22710,108777,64505,89692,0
19382,14315,35773,33697,55155,50088,0
52708,30258,88025,82966,140733,118283,0
85262,89152,40340,174414,125602,129492,1
17497,25697,83196,43194,100693,108893,0
92345,44649,90227,136994,182572,134876,1
10215,8352,8773,18567,18988,17125,1
59606,69624,55741,129230,115347,125365,1
46983,36207,68921,83190,115904,105128,1
8104,17597,73641,25701,81745,91238,0
45495,9518,16215,55013,61710,25733,0
88942,11412,19404,100354,108346,30816,0
72471,36263,31916,108734,104387,68179,0
85949,18012,94884,103961,180833,112896,1
49243,76160,56852,125403,106095,133012,1
32013,74071,52045,106084,84058,126116,1
2237,34611,20521,36848,22758,55132,0
44600,37003,93991,81603,138591,130994,0
76033,88977,71864,165010,147897,160841,1
85678,5145,72909,90823,158587,78054,0
48073,30323,87820,78396,135893,118143,0
36453,544,55772,36997,92225,56316,0
21899,18262,66367,40161,88266,84629,0
25699,75816,6358,101515,32057,82174,0
38182,62787,42975,100969,81157,105762,1
24455,82366,41233,106821,65688,123599,0
6671,97326,66006,103997,72677,163332,0
29620,88272,5087,117892,34707,93359,0
410,67323,84381,67733,84791,151704,0
9013,57204,31342,66217,40355,88546,0
47070,29168,35070,76238,82140,64238,1
30653,74591,70734,105244,101387,145325,1
54330,10015,67337,64345,121667,77352,0
98653,47135,11598,145788,110251,58733,0
55561,19964,52826,75525,108387,72790,1
26821,80773,67609,107594,94430,148382,1
6687,52086,6847,58773,13534,58933,0
6697,13976,84737,20673,91434,98713,0
9074,167,84713,9241,93787,84880,0
77223,58456,11436,135679,88659,69892,0
14571,30716,414,45287,14985,31130,0
84338,88128,94053,172466,178391,182181,1
8135,78758,76345,86893,84480,155103,1
58932,65609,92510,124541,151442,158119,1
73851,23683,36614,97534,110465,60297,0
40903,10525,67269,51428,108172,77794,0
50385,41500,69222,91885,119607,110722,1
41663,62008,22485,103671,64148,84493,1
2620,12370,8458,14990,11078,20828,0
87040,65013,46761,152053,133801,111774,1
48691,41499,55698,90190,104389,97197,1
90090,38465,10741,128555,100831,49206,0
26418,22460,4094,48878,30512,26554,1
18307,63827,72698,82134,91005,136525,1
68635,32808,41004,101443,109639,73812,1
96858,97917,9866,194775,106724,107783,1
7607,97796,33839,105403,41446,131635,0
20227,89292,80441,109519,100668,169733,1
48125,15993,87444,64118,135569,103437,0
69726,75973,23432,145699,93158,99405,1
71873,62972,41742,134845,113615,104714,1
66031,2472,44209,68503,110240,46681,0
32808,52010,15116,84818,47924,67126,0
69079,34266,1792,103345,70871,36058,0
32780,39749,73119,72529,105899,112868,0
85433,57408,7998,142841,93431,65406,0
15319,90848,51437,106167,66756,142285,0
85872,42150,44491,128022,130363,86641,1
72080,56501,85170,128581,157250,141671,1
23090,58039,53204,81129,76294,111243,1
6059,88094,87272,94153,93331,175366,1
69938,40906,48009,110844,117947,88915,1
7687,79857,5012,87544,12699,84869,0
3958,13430,570,17388,4528,14000,0
87949,6226,72638,94175,160587,78864,0
69940,45852,78185,115792,148125,124037,1
85455,47016,8122,132471,93577,55138,0
67877,53160,65319,121037,133196,118479,1
53182,50720,47755,103902,100937,98475,1
42325,97907,24521,140232,66846,122428,0
68398,10202,4372,78600,72770,14574,0
34345,9673,59629,44018,93974,69302,0
1244,66138,34473,67382,35717,100611,0
11277,21484,79983,32761,91260,101467,0
16363,57099,37604,73462,53967,94703,0
1447,92202,46607,93649,48054,138809,0
23371,41985,34532,65356,57903,76517,1
98321,20176,36286,118497,134607,56462,0
28351,98631,90276,126982,118627,188907,1
66713,1098,68485,67811,135198,69583,0
19102,56805,81762,75907,100864,138567,0
33928,97590,36531,131518,70459,134121,0
58775,18181,22748,76956,81523,40929,0
80396,4351,33700,84747,114096,38051,0
45902,88101,40766,134003,86668,128867,0
670,85537,6859,86207,7529,92396,0
69937,64058,78885,133995,148822,142943,1
17351,84796,42909,102147,60260,127705,0
95318,1479,95072,96797,190390,96551,1
12807,55398,65986,68205,78793,121384,1
1235,42291,99330,43526,100565,141621,0
41242,61297,61082,102539,102324,122379,1
51198,50491,53183,101689,104381,103674,1
29983,37838,49565,67821,79548,87403,1
97242,28181,88507,125423,185749,116688,1
30595,65189,88067,95784,118662,153256,1
88961,22921,86305,111882,175266,109226,1
39797,61290,10806,101087,50603,72096,0
80211,13070,48564,93281,128775,61634,0
95784,45708,34307,141492,130091,80015,0
60139,31465,12986,91604,73125,44451,0
9258,23836,63219,33094,72477,87055,0
20330,45505,92551,65835,112881,138056,0
78685,30618,81986,109303,160671,112604,1
25934,3190,35117,29124,61051,38307,0
33300,42860,67417,76160,100717,110277,1
73639,71384,69924,145023,143563,141308,1
78454,16892,75988,95346,154442,92880,1
49938,1646,57454,51584,107392,59100,0
79228,75910,5750,155138,84978,81660,1
35333,20855,31882,56188,67215,52737,1
97090,72079,18248,169169,115338,90327,0
80730,75916,57460,156646,138190,133376,1
68367,91450,13306,159817,81673,104756,0
77173,26846,74379,104019,151552,101225,1
21833,98157,18351,119990,40184,116508,0
66346,52667,99579,119013,165925,152246,1
93440,19139,94471,112579,187911,113610,1
88361,33139,12436,121500,100797,45575,0
30098,76799,92515,106897,122613,169314,1
51741,18468,72212,70209,123953,90680,0
20442,5118,78573,25560,99015,83691,0
23156,9459,64612,32615,87768,74071,0
42267,40507,2567,82774,44834,43074,1
46028,92824,27944,138852,73972,120768,0
34284,77562,23305,111846,57589,100867,0
60329,56167,9203,116496,69532,65370,1
39210,55076,51115,94286,90325,106191,1
38997,46073,69023,85070,108020,115096,1
41697,46427,35529,88124,77226,81956,1
80168,68514,63488,148682,143656,132002,1
22882,34699,24281,57581,47163,58980,1
15553,78976,10521,94529,26074,89497,0
53038,68681,17478,121719,70516,86159,1
63816,89243,65309,153059,129125,154552,1
30350,73075,4418,103425,34768,77493,0
33237,12398,31102,45635,64339,43500,1
92927,53614,22364,146541,115291,75978,0
13326,879,88117,14205,101443,88996,0
32744,82243,88875,114987,121619,171118,1
94409,90750,86970,185159,181379,177720,1
81911,64324,54634,146235,136545,118958,1
27877,17092,96125,44969,124002,113217,0
41859,69376,60495,111235,102354,129871,1
65876,6098,84790,71974,150666,90888,0
25894,19528,96347,45422,122241,115875,0
60104,92638,54781,152742,114885,147419,1
16922,7981,81446,24903,98368,89427,0
13152,92080,47452,105232,60604,139532,0
85449,8572,88529,94021,173978,97101,1
43598,3522,13501,47120,57099,17023,0
97610,78166,8463,175776,106073,86629,0
36499,36068,41324,72567,77823,77392,1
56291,27212,10857,83503,67148,38069,0
89096,86818,49403,175914,138499,136221,1
30733,23497,25522,54230,56255,49019,1
81814,87796,31668,169610,113482,119464,1
59579,37518,4670,97097,64249,42188,0
9382,22205,56321,31587,65703,78526,0
23921,87327,43797,111248,67718,131124,0
19828,76886,73150,96714,92978,150036,1
34406,24211,92812,58617,127218,117023,0
1124,54043,75385,55167,76509,129428,0
87789,84474,55482,172263,143271,139956,1
11819,56951,7523,68770,19342,64474,0
26857,31061,9948,57918,36805,41009,1
91910,43322,18631,135232,110541,61953,0
98295,95085,97632,193380,195927,192717,1
77103,78370,67582,155473,144685,145952,1
8059,61835,10957,69894,19016,72792,0
49750,15947,288,65697,50038,16235,0
36065,71855,99978,107920,136043,171833,1
37625,14528,42994,52153,80619,57522,1
53207,33732,75233,86939,128440,108965,1
82509,47319,94556,129828,177065,141875,1
29406,38572,38195,67978,67601,76767,1
58850,11461,62195,70311,121045,73656,1
41398,89937,80882,131335,122280,170819,1
37111,62466,93904,99577,131015,156370,1
39636,56892,17324,96528,56960,74216,1
68935,2394,65301,71329,134236,67695,0
43903,85013,58712,128916,102615,143725,1
35476,48819,81579,84295,117055,130398,1
66023,29398,33071,95421,99094,62469,0
55309,5258,30818,60567,86127,36076,0
30409,33857,90821,64266,121230,124678,0
75532,46163,27696,121695,103228,73859,0
1199,5488,64753,6687,65952,70241,0
3982,45368,79245,49350,83227,124613,0
77992,36122,62884,114114,140876,99006,1
42404,45092,57996,87496,100400,103088,1
38698,36377,66315,75075,105013,102692,1
42225,84929,58707,127154,100932,143636,1
34162,39611,6941,73773,41103,46552,1
95348,34933,3076,130281,98424,38009,0
34644,46506,41581,81150,76225,88087,1
23980,18763,33991,42743,57971,52754,1
70834,6764,73316,77598,144150,80080,1
43157,22643,22817,65800,65974,45460,1
94438,55542,80054,149980,174492,135596,1
72643,59643,4498,132286,77141,64141,0
73024,11520,90353,84544,163377,101873,0
64269,2649,23770,66918,88039,26419,0
78457,57439,27013,135896,105470,84452,1
3004,38634,10369,41638,13373,49003,0
34970,23856,97409,58826,132379,121265,0
23977,13064,57588,37041,81565,70652,0
5707,42258,61571,47965,67278,103829,0
61827,83553,19733,145380,81560,103286,0
96094,11148,90517,107242,186611,101665,1
24253,92948,42967,117201,67220,135915,0
9883,86070,22382,95953,32265,108452,0
33113,2100,18051,35213,51164,20151,0
69813,82715,67419,152528,137232,150134,1
66531,9987,63345,76518,129876,73332,1
96237,7746,39462,103983,135699,47208,0
47067,93275,6560,140342,53627,99835,0
45355,67392,3557,112747,48912,70949,0
55347,12553,94903,67900,150250,107456,0
84263,74155,24964,158418,109227,99119,1
25577,41868,18098,67445,43675,59966,1
49045,3726,8298,52771,57343,12024,0
42144,33688,58223,75832,100367,91911,1
96525,35803,88657,132328,185182,124460,1
1156,97806,23433,98962,24589,121239,0
29429,70264,84689,99693,114118,154953,1
99239,34840,50475,134079,149714,85315,0
30255,98400,57049,128655,87304,155449,0
4769,81914,64984,86683,69753,146898,0
12926,15515,16306,28441,29232,31821,1
92621,61295,62834,153916,155455,124129,1
68878,29244,59585,98122,128463,88829,1
97655,50902,90988,148557,188643,141890,1
47198,66200,46203,113398,93401,112403,1
84510,90445,62244,174955,146754,152689,1
49699,56557,66610,106256,116309,123167,1
26905,42214,37092,69119,63997,79306,1
25434,780,34237,26214,59671,35017,0
29651,7104,55436,36755,85087,62540,0
43147,91246,49773,134393,92920,141019,1
53634,9081,97006,62715,150640,106087,0
13024,65586,26020,78610,39044,91606,0
38260,18820,64110,57080,102370,82930,0
59257,41891,41884,101148,101141,83775,1
78249,77198,64092,155447,142341,141290,1
7794,40988,24446,48782,32240,65434,0
63460,98193,79516,161653,142976,177709,1
69082,57455,99302,126537,168384,156757,1
81129,32169,51438,113298,132567,83607,1
49472,36730,62603,86202,112075,99333,1
25170,60375,93943,85545,119113,154318,0
75304,86532,78366,161836,153670,164898,1
82567,88423,92625,170990,175192,181048,1
34411,25453,13581,59864,47992,39034,1
68830,69649,88916,138479,157746,158565,1
27231,5898,96281,33129,123512,102179,0
77789,71490,79228,149279,157017,150718,1
27086,75874,40966,102960,68052,116840,0
27306,99780,13130,127086,40436,112910,0
19758,49571,72537,69329,92295,122108,0
40529,86001,27387,126530,67916,113388,0
64615,41878,27929,106493,92544,69807,1
95782,75107,93223,170889,189005,168330,1
22534,2670,82800,25204,105334,85470,0
70444,12616,86346,83060,156790,98962,0
41889,32951,1588,74840,43477,34539,0
38,16588,42868,16626,42906,59456,0
70827,81317,48985,152144,119812,130302,1
15288,41685,31298,56973,46586,72983,1
80967,20341,53964,101308,134931,74305,0
24387,44268,18840,68655,43227,63108,0
62240,20603,63990,82843,126230,84593,1
60911,77704,76510,138615,137421,154214,1
53403,19392,94049,72795,147452,113441,0
58422,12979,44735,71401,103157,57714,0
29388,76649,74304,106037,103692,150953,1
40779,17183,29544,57962,70323,46727,1
7167,3166,18986,10333,26153,22152,0
82647,63102,27672,145749,110319,90774,1
95513,99781,25235,195294,120748,125016,1
40645,3470,46040,44115,86685,49510,0
60623,77077,77407,137700,138030,154484,1
82981,87235,43322,170216,126303,130557,1
27032,78718,93871,105750,120903,172589,1
15578,82637,22228,98215,37806,104865,0
54469,11687,92263,66156,146732,103950,0
6511,38117,77714,44628,84225,115831,0
70325,80083,36462,150408,106787,116545,1
69135,31115,50287,100250,119422,81402,1
75332,80210,36609,155542,111941,116819,1
7193,93835,38365,101028,45558,132200,0
59224,5430,12172,64654,71396,17602,0
16112,94624,62906,110736,79018,157530,0
61391,68953,1983,130344,63374,70936,0
83659,3557,15263,87216,98922,18820,0
14663,16978,14298,31641,28961,31276,1
37657,87124,2627,124781,40284,89751,0
22465,23341,21752,45806,44217,45093,1
71645,7030,6281,78675,77926,13311,0
23765,94504,83602,118269,107367,178106,1
54866,38423,71764,93289,126630,110187,1
36276,53001,90411,89277,126687,143412,0
90428,37161,18098,127589,108526,55259,0
9034,3071,94594,12105,103628,97665,0
16938,26147,91916,43085,108854,118063,0
34147,800,95087,34947,129234,95887,0
16879,8478,51556,25357,68435,60034,0
74814,77071,19647,151885,94461,96718,1
68169,19871,53552,88040,121721,73423,1
95906,61808,73121,157714,169027,134929,1
99300,56513,44498,155813,143798,101011,1
27917,17777,35536,45694,63453,53313,1
92971,17942,18647,110913,111618,36589,0
62706,78792,40056,141498,102762,118848,1
9299,60801,56901,70100,66200,117702,1
5047,47136,37649,52183,42696,84785,0
21402,45188,98275,66590,119677,143463,0
35892,52436,49078,88328,84970,101514,1
98621,46284,40753,144905,139374,87037,0
92339,79983,11150,172322,103489,91133,0
12618,32655,44655,45273,57273,77310,1
5136,12731,94146,17867,99282,106877,0
10273,40059,20897,50332,31170,60956,0
10133,46643,71775,56776,81908,118418,0
39872,57602,61442,97474,101314,119044,1
93419,56407,59054,149826,152473,115461,1
91604,51116,77665,142720,169269,128781,1
22861,91852,31087,114713,53948,122939,0
89934,67389,93061,157323,182995,160450,1
14307,84551,27120,98858,41427,111671,0
81221,61006,95017,142227,176238,156023,1
18498,53721,60264,72219,78762,113985,1
55819,17502,64140,73321,119959,81642,1
9031,80074,22648,89105,31679,102722,0
12758,72248,4414,85006,17172,76662,0
38754,28129,53293,66883,92047,81422,1
75398,51509,46767,126907,122165,98276,1
23933,263,41858,24196,65791,42121,0
28782,33364,24073,62146,52855,57437,1
11703,8206,66385,19909,78088,74591,0
26081,73954,69148,100035,95229,143102,1
58557,27435,29681,85992,88238,57116,0
27643,28432,28149,56075,55792,56581,1
53724,7282,48741,61006,102465,56023,1
8759,8168,40116,16927,48875,48284,0
58013,29079,110,87092,58123,29189,0
5031,28135,27210,33166,32241,55345,1
9021,46449,53692,55470,62713,100141,1
87518,62023,10218,149541,97736,72241,0
69041,16692,78135,85733,147176,94827,1
35941,96486,46021,132427,81962,142507,0
87450,903,12761,88353,100211,13664,0
56271,12143,55037,68414,111308,67180,1
19119,44042,87,63161,19206,44129,0
67271,99434,44778,166705,112049,144212,1
8274,86260,63360,94534,71634,149620,0
23490,36294,54038,59784,77528,90332,1
15016,51124,9722,66140,24738,60846,0
8693,86607,47660,95300,56353,134267,0
18106,41491,64676,59597,82782,106167,0
47828,72735,18659,120563,66487,91394,0
72662,48406,96427,121068,169089,144833,1
85664,14718,60891,100382,146555,75609,0
29908,45337,19285,75245,49193,64622,1
62360,3884,88945,66244,151305,92829,0
8575,25045,55813,33620,64388,80858,0
50447,62758,99295,113205,149742,162053,1
80502,91500,23272,172002,103774,114772,1
16407,96533,38238,112940,54645,134771,0
13114,18438,40441,31552,53555,58879,0
74539,37628,42646,112167,117185,80274,1
18577,7981,26658,26558,45235,34639,0
77930,24458,65540,102388,143470,89998,1
86265,18474,3025,104739,89290,21499,0
22043,38276,40448,60319,62491,78724,1
90098,38135,50711,128233,140809,88846,0
23865,84794,49246,108659,73111,134040,0
69268,55386,51162,124654,120430,106548,1
51289,29415,30812,80704,82101,60227,1
1127,83821,36382,84948,37509,120203,0
24545,26119,74124,50664,98669,100243,0
36038,12436,60802,48474,96840,73238,0
3157,51543,77922,54700,81079,129465,0
41976,55895,49516,97871,91492,105411,1
23903,6589,72871,30492,96774,79460,0
81204,86116,14142,167320,95346,100258,1
22973,99563,61260,122536,84233,160823,0
35963,84195,47848,120158,83811,132043,0
20318,88227,49835,108545,70153,138062,0
28441,57509,7151,85950,35592,64660,0
67018,37947,33795,104965,100813,71742,1
84566,23032,95303,107598,179869,118335,1
24844,89181,97724,114025,122568,186905,1
23528,51657,59791,75185,83319,111448,1
29447,80587,23983,110034,53430,104570,0
28286,48061,86849,76347,115135,134910,0
96180,4079,5836,100259,102016,9915,0
53236,64441,97487,117677,150723,161928,1
59155,67863,17809,127018,76964,85672,1
93610,32413,87412,126023,181022,119825,1
2267,18613,72414,20880,74681,91027,0
68584,187,90790,68771,159374,90977,0
78754,10939,12460,89693,91214,23399,0
44572,53168,92738,97740,137310,145906,1
34983,76264,24318,111247,59301,100582,0
86377,83830,37682,170207,124059,121512,1
27545,82211,46109,109756,73654,128320,0
71232,5677,51121,76909,122353,56798,0
75345,49090,49533,124435,124878,98623,1
66223,82582,10622,148805,76845,93204,0
12139,85324,72822,97463,84961,158146,0
17680,77190,1302,94870,18982,78492,0
47559,35506,92455,83065,140014,127961,0
87241,62173,95441,149414,182682,157614,1
19328,46210,68553,65538,87881,114763,0
66396,54286,8451,120682,74847,62737,0
54537,76565,7792,131102,62329,84357,0
79639,59958,6985,139597,86624,66943,0
33080,23222,5244,56302,38324,28466,0
54399,7624,88678,62023,143077,96302,0
775,51599,3713,52374,4488,55312,0
21775,15492,72742,37267,94517,88234,0
12125,9725,70220,21850,82345,79945,0
43309,74698,5557,118007,48866,80255,0
64528,122,59632,64650,124160,59754,0
84640,11977,55384,96617,140024,67361,0
57688,4799,82705,62487,140393,87504,0
77561,87319,71268,164880,148829,158587,1
58002,86530,91018,144532,149020,177548,1
79043,32043,1269,111086,80312,33312,0
92515,96725,95821,189240,188336,192546,1
55715,51595,15706,107310,71421,67301,1
14157,57532,71224,71689,85381,128756,1
7085,54924,38241,62009,45326,93165,0
70044,34802,55778,104846,125822,90580,1
42332,37130,32340,79462,74672,69470,1
93198,68723,82321,161921,175519,151044,1
17831,31989,25495,49820,43326,57484,1
3537,18999,93989,22536,97526,112988,0
12686,20594,82934,33280,95620,103528,0
7896,48505,80629,56401,88525,129134,0
38232,60462,46753,98694,84985,107215,1
45520,34443,9627,79963,55147,44070,0
21859,72545,25822,94404,47681,98367,0
84752,20586,8247,105338,92999,28833,0
17227,15043,83932,32270,101159,98975,0
18221,58113,64277,76334,82498,122390,1
65073,34458,85150,99531,150223,119608,1
27685,92696,88377,120381,116062,181073,1
86058,72097,70780,158155,156838,142877,1
19679,42860,59403,62539,79082,102263,1
78414,97017,4081,175431,82495,101098,0
56182,123,43619,56305,99801,43742,0
14452,27491,63457,41943,77909,90948,0
44041,12706,14819,56747,58860,27525,0
595,53778,96008,54373,96603,149786,0
74113,86817,82627,160930,156740,169444,1
34781,98568,87563,133349,122344,186131,1
37299,11300,65233,48599,102532,76533,0
6131,18422,53760,24553,59891,72182,0
93796,31238,55382,125034,149178,86620,0
64249,67987,51111,132236,115360,119098,1
81570,4024,57087,85594,138657,61111,0
74181,69720,26386,143901,100567,96106,1
62137,22834,67853,84971,129990,90687,1
46568,53243,16036,99811,62604,69279,1
14409,68847,35686,83256,50095,104533,0
70594,33443,20387,104037,90981,53830,0
21522,57682,64791,79204,86313,122473,1
29319,87945,90604,117264,119923,178549,1
6856,98722,66011,105578,72867,164733,0
62584,12612,75520,75196,138104,88132,0
63014,394,37242,63408,100256,37636,0
55883,41487,75902,97370,131785,117389,1
99592,86236,20056,185828,119648,106292,1
43776,5107,53759,48883,97535,58866,0
76340,85391,58939,161731,135279,144330,1
6802,3592,39643,10394,46445,43235,0
23270,38936,1048,62206,24318,39984,0
25676,42599,96288,68275,121964,138887,0
79922,90441,7524,170363,87446,97965,0
5612,90368,20125,95980,25737,110493,0
55743,97293,66147,153036,121890,163440,1
8089,76487,82696,84576,90785,159183,1
62410,89457,5259,151867,67669,94716,0
52035,3843,26581,55878,78616,30424,0
5428,85946,1965,91374,7393,87911,0
65610,75683,99556,141293,165166,175239,1
64360,36424,82637,100784,146997,119061,1
32302,71945,51375,104247,83677,123320,1
1770,96815,77179,98585,78949,173994,0
78472,4095,2449,82567,80921,6544,0
58946,87158,30192,146104,89138,117350,1
47213,20786,7210,67999,54423,27996,0
78947,10166,54963,89113,133910,65129,0
38435,5160,89031,43595,127466,94191,0
44679,98497,2642,143176,47321,101139,0
84912,93779,67400,178691,152312,161179,1
99268,78590,54960,177858,154228,133550,1
36598,92452,20983,129050,57581,113435,0
65587,53490,10404,119077,75991,63894,0
11869,69244,51384,81113,63253,120628,0
76281,89125,19833,165406,96114,108958,1
92039,90247,86539,182286,178578,176786,1
75111,97426,26117,172537,101228,123543,1
12935,71491,52739,84426,65674,124230,0
40504,99959,38000,140463,78504,137959,0
7287,73883,78852,81170,86139,152735,1
33799,31106,94767,64905,128566,125873,0
77249,24086,64319,101335,141568,88405,1
56287,6550,37683,62837,93970,44233,0
16820,54482,26089,71302,42909,80571,0
26490,99706,15434,126196,41924,115140,0
93754,14413,29099,108167,122853,43512,0
80094,79789,92526,159883,172620,172315,1
30228,89515,68664,119743,98892,158179,1
94438,1842,41736,96280,136174,43578,0
43718,6147,98999,49865,142717,105146,0
9772,56702,63577,66474,73349,120279,1
10806,21416,85696,32222,96502,107112,0
60960,52578,87281,113538,148241,139859,1
27569,25519,59740,53088,87309,85259,0
8529,31671,87473,40200,96002,119144,0
30564,53648,55479,84212,86043,109127,1
48460,42185,11067,90645,59527,53252,1
58212,13764,8996,71976,67208,22760,0
26249,6585,14758,32834,41007,21343,0
16451,54790,23866,71241,40317,78656,0
10476,49938,13940,60414,24416,63878,0
60823,89295,62592,150118,123415,151887,1
98929,94172,27897,193101,126826,122069,1
26771,47845,64661,74616,91432,112506,1
79211,56760,30925,135971,110136,87685,1
48444,7789,50957,56233,99401,58746,1
60667,78065,64020,138732,124687,142085,1
6509,96629,32014,103138,38523,128643,0
49630,24577,7745,74207,57375,32322,0
43322,8217,96476,51539,139798,104693,0
92442,57665,37828,150107,130270,95493,1
11310,14057,63661,25367,74971,77718,0
826,62464,48776,63290,49602,111240,0
57224,53666,90621,110890,147845,144287,1
71196,49371,77183,120567,148379,126554,1
22585,37524,42674,60109,65259,80198,1
74521,57416,46608,131937,121129,104024,1
71634,47660,68294,119294,139928,115954,1
32950,34417,88882,67367,121832,123299,0
19708,83392,76471,103100,96179,159863,1
34106,17724,65130,51830,99236,82854,0
9791,68998,92490,78789,102281,161488,0
22928,40873,23650,63801,46578,64523,1
86770,71953,22713,158723,109483,94666,1
5769,91922,80561,97691,86330,172483,0
27839,67389,2314,95228,30153,69703,0
63655,81529,21247,145184,84902,102776,1
24641,82448,73423,107089,98064,155871,1
94414,33931,85980,128345,180394,119911,1
77066,94723,21450,171789,98516,116173,1
71616,12219,40263,83835,111879,52482,0
96555,2450,90567,99005,187122,93017,0
36893,76845,91922,113738,128815,168767,1
43946,8654,86475,52600,130421,95129,0
64484,5751,14039,70235,78523,19790,0
59099,27595,88124,86694,147223,115719,0
41841,97759,21740,139600,63581,119499,0
54665,60389,15238,115054,69903,75627,1
93316,7282,17569,100598,110885,24851,0
49288,75741,44719,125029,94007,120460,1
80458,78901,47694,159359,128152,126595,1
61087,67463,25537,128550,86624,93000,1
38022,31639,5614,69661,43636,37253,0
72400,19131,61041,91531,133441,80172,1
37010,14131,50405,51141,87415,64536,1
71965,69669,63867,141634,135832,133536,1
11464,67857,75078,79321,86542,142935,1
16890,86182,83038,103072,99928,169220,1
4464,89398,29222,93862,33686,118620,0
57580,91018,64093,148598,121673,155111,1
68754,87403,70361,156157,139115,157764,1
70014,62159,39205,132173,109219,101364,1
54806,26373,29341,81179,84147,55714,1
57239,61851,98644,119090,155883,160495,1
78400,59909,27734,138309,106134,87643,1
72522,77529,95424,150051,167946,172953,1
90103,87995,2811,178098,92914,90806,1
47548,38480,80183,86028,127731,118663,1
96803,1773,5620,98576,102423,7393,0
48971,52130,50070,101101,99041,102200,1
96287,28508,29456,124795,125743,57964,0
50939,27302,48123,78241,99062,75425,1
55186,73954,29700,129140,84886,103654,1
66711,16652,91646,83363,158357,108298,0
86099,2683,15550,88782,101649,18233,0
65614,92085,42975,157699,108589,135060,1
30280,78772,44151,109052,74431,122923,0
1006,85731,58080,86737,59086,143811,0
55503,83842,98514,139345,154017,182356,1
525,51939,19999,52464,20524,71938,0
70361,25291,42704,95652,113065,67995,0
4947,76692,76784,81639,81731,153476,1
92030,70800,68511,162830,160541,139311,1
37701,24291,81969,61992,119670,106260,0
7192,84746,42290,91938,49482,127036,0
34982,87389,27742,122371,62724,115131,0
65786,34642,42031,100428,107817,76673,1
38921,56879,48073,95800,86994,104952,1
77049,21578,82332,98627,159381,103910,1
51891,67306,67758,119197,119649,135064,1
34424,37613,5443,72037,39867,43056,1
44673,50083,91528,94756,136201,141611,1
98708,34551,20258,133259,118966,54809,0
52757,18202,30356,70959,83113,48558,0
48255,8636,32640,56891,80895,41276,0
21861,43526,98053,65387,119914,141579,0
26955,67217,86309,94172,113264,153526,1
24846,98648,44729,123494,69575,143377,0
26126,44372,61408,70498,87534,105780,1
15228,57022,89875,72250,105103,146897,0
20399,46993,54860,67392,75259,101853,1
18337,86925,50750,105262,69087,137675,0
3405,7858,41345,11263,44750,49203,0
23526,46192,23739,69718,47265,69931,1
51258,93179,78737,144437,129995,171916,1
57371,84336,57308,141707,114679,141644,1
53659,26252,23316,79911,76975,49568,0
98999,90986,42030,189985,141029,133016,1
61319,53094,27516,114413,88835,80610,1
14852,16920,12881,31772,27733,29801,1
34586,23285,80367,57871,114953,103652,0
87455,5239,73111,92694,160566,78350,0
83708,52418,19235,136126,102943,71653,0
2496,96458,45570,98954,48066,142028,0
61911,16638,8003,78549,69914,24641,0
56313,26782,83741,83095,140054,110523,0
64837,10133,14331,74970,79168,24464,0
57913,90060,47018,147973,104931,137078,1
79234,34952,73449,114186,152683,108401,1
19607,11934,27900,31541,47507,39834,1
39415,56156,64116,95571,103531,120272,1
49170,48401,14682,97571,63852,63083,1
49239,66132,93410,115371,142649,159542,1
63851,57408,26303,121259,90154,83711,1
28225,66979,69586,95204,97811,136565,1
17158,75603,45640,92761,62798,121243,0
92451,84426,44998,176877,137449,129424,1
92579,92550,13464,185129,106043,106014,1
40369,30416,71696,70785,112065,102112,0
48983,58964,8825,107947,57808,67789,0
82533,48419,57329,130952,139862,105748,1
71833,58901,49491,130734,121324,108392,1
13107,83065,28816,96172,41923,111881,0
96356,50230,8446,146586,104802,58676,0
35710,26830,91911,62540,127621,118741,0
89864,86572,82340,176436,172204,168912,1
66424,76456,77072,142880,143496,153528,1
59650,8552,76715,68202,136365,85267,0
35736,35750,36005,71486,71741,71755,1
46182,99998,95069,146180,141251,195067,1
87438,36606,12770,124044,100208,49376,0
6229,64761,93348,70990,99577,158109,0
40145,93419,7534,133564,47679,100953,0
26094,49549,27420,75643,53514,76969,1
76620,95081,39911,171701,116531,134992,1
16096,54601,77333,70697,93429,131934,0
52109,44364,92062,96473,144171,136426,1
14973,47454,72631,62427,87604,120085,0
48924,39326,77434,88250,126358,116760,1
11734,32167,23026,43901,34760,55193,1
8067,61248,63816,69315,71883,125064,1
68698,89984,11122,158682,79820,101106,0
7827,81176,27964,89003,35791,109140,0
14092,69376,27684,83468,41776,97060,0
27504,14870,25942,42374,53446,40812,1
92156,15450,8011,107606,100167,23461,0
53148,39991,7934,93139,61082,47925,0
85574,646,74854,86220,160428,75500,0
91273,95558,62476,186831,153749,158034,1
71960,16967,29046,88927,101006,46013,0
12928,81580,7801,94508,20729,89381,0
65721,4495,62203,70216,127924,66698,1
26418,69471,1326,95889,27744,70797,0
60731,29853,23472,90584,84203,53325,0
25911,6190,94158,32101,120069,100348,0
57044,77140,8163,134184,65207,85303,0
85247,80846,67751,166093,152998,148597,1
41581,34248,8282,75829,49863,42530,1
77514,52845,21500,130359,99014,74345,0
88152,19154,71081,107306,159233,90235,1
51009,89786,2890,140795,53899,92676,0
77629,10460,10907,88089,88536,21367,0
34866,55356,39754,90222,74620,95110,1
83129,87506,45953,170635,129082,133459,1
81384,50711,32569,132095,113953,83280,1
38742,27878,83951,66620,122693,111829,0
4574,45002,55215,49576,59789,100217,0
59443,72109,55309,131552,114752,127418,1
44547,13885,51954,58432,96501,65839,1
72080,10951,69642,83031,141722,80593,1
62684,52193,16212,114877,78896,68405,1
61948,91094,70543,153042,132491,161637,1
51382,92280,86267,143662,137649,178547,1
17986,74038,38370,92024,56356,112408,0
43772,41820,77199,85592,120971,119019,1
20840,83752,70559,104592,91399,154311,1
97636,47042,24996,144678,122632,72038,0
66917,53614,2595,120531,69512,56209,0
38018,98184,16739,136202,54757,114923,0
88113,31858,39886,119971,127999,71744,0
19084,64866,37281,83950,56365,102147,0
59409,64660,57267,124069,116676,121927,1
84613,17082,80058,101695,164671,97140,1
59275,78722,52388,137997,111663,131110,1
32868,31355,46620,64223,79488,77975,1
62212,33007,17916,95219,80128,50923,0
46652,25536,10436,72188,57088,35972,0
31817,68066,98717,99883,130534,166783,1
76243,35885,4514,112128,80757,40399,0
57414,16495,94852,73909,152266,111347,0
64840,86772,30851,151612,95691,117623,1
84518,58756,29323,143274,113841,88079,1
90116,36422,69970,126538,160086,106392,1
93651,9714,98084,103365,191735,107798,1
47861,84270,88542,132131,136403,172812,1
79395,59745,31111,139140,110506,90856,1
26358,30242,8755,56600,35113,38997,1
4707,41557,44564,46264,49271,86121,1
89214,81765,83324,170979,172538,165089,1
66349,75415,67460,141764,133809,142875,1
33728,63300,18188,97028,51916,81488,0
37658,10162,35719,47820,73377,45881,1
96091,56468,89530,152559,185621,145998,1
96942,38871,33787,135813,130729,72658,0
83484,12581,60275,96065,143759,72856,0
77249,24699,86750,101948,163999,111449,1
20055,76636,78938,96691,98993,155574,1
48249,99305,43322,147554,91571,142627,0
93497,76806,13339,170303,106836,90145,0
68014,30940,48051,98954,116065,78991,1
63189,77256,32501,140445,95690,109757,1
17373,908,81623,18281,98996,82531,0
90834,98553,12200,189387,103034,110753,1
32304,12335,55876,44639,88180,68211,0
2191,49091,32574,51282,34765,81665,0
40760,65396,47476,106156,88236,112872,1
17071,71535,81188,88606,98259,152723,1
65946,48208,68404,114154,134350,116612,1
56695,93467,89797,150162,146492,183264,1
66480,2860,64571,69340,131051,67431,1
16207,69550,1880,85757,18087,71430,0
89645,44633,83013,134278,172658,127646,1
44272,70802,5679,115074,49951,76481,0
17285,91093,24603,108378,41888,115696,0
41734,87459,22707,129193,64441,110166,0
85490,662,57720,86152,143210,58382,0
85984,80510,26400,166494,112384,106910,1
30712,40949,13603,71661,44315,54552,1
4103,31304,77565,35407,81668,108869,0
17976,3097,73427,21073,91403,76524,0
76325,56959,8214,133284,84539,65173,0
57801,60216,98312,118017,156113,158528,1
69816,3982,4207,73798,74023,8189,0
68592,3011,19992,71603,88584,23003,0
82889,30185,80221,113074,163110,110406,1
20757,19377,78961,40134,99718,98338,0
78414,6728,27178,85142,105592,33906,0
41645,63352,78858,104997,120503,142210,1
8939,35794,72074,44733,81013,107868,0
52560,98519,50339,151079,102899,148858,1
85494,66630,31757,152124,117251,98387,1
46712,58920,92083,105632,138795,151003,1
44967,56277,55064,101244,100031,111341,1
93332,69636,88167,162968,181499,157803,1
15083,41709,92084,56792,107167,133793,0
13217,59485,69575,72702,82792,129060,1
4865,5067,23275,9932,28140,28342,0
26582,71958,79238,98540,105820,151196,1
21408,32982,63846,54390,85254,96828,0
78550,68056,58277,146606,136827,126333,1
16837,81537,22901,98374,39738,104438,0
74723,56907,93689,131630,168412,150596,1
90211,65251,50496,155462,140707,115747,1
16639,49550,39327,66189,55966,88877,1
96125,20580,54698,116705,150823,75278,0
52494,81546,93437,134040,145931,174983,1
77097,12332,218,89429,77315,12550,0
46397,44850,53391,91247,99788,98241,1
66552,41936,43870,108488,110422,85806,1
72705,71759,57110,144464,129815,128869,1
70245,3788,29418,74033,99663,33206,0
92998,18023,5691,111021,98689,23714,0
65379,30604,12129,95983,77508,42733,0
79819,53782,31866,133601,111685,85648,1
63628,69921,62948,133549,126576,132869,1
54827,88260,70284,143087,125111,158544,1
8994,38525,96483,47519,105477,135008,0
10731,15333,63178,26064,73909,78511,0
15115,94403,17420,109518,32535,111823,0
64909,43104,30118,108013,95027,73222,1
25454,84488,14037,109942,39491,98525,0
37794,3148,11774,40942,49568,14922,0
43906,13854,41637,57760,85543,55491,1
64446,86580,75272,151026,139718,161852,1
77100,73785,24995,150885,102095,98780,1
94802,30410,90719,125212,185521,121129,1
63216,71477,65055,134693,128271,136532,1
13000,89901,77521,102901,90521,167422,1
27047,62086,14053,89133,41100,76139,0
90009,2781,63604,92790,153613,66385,0
15025,99823,36647,114848,51672,136470,0
19791,26579,23395,46370,43186,49974,1
72536,91426,47274,163962,119810,138700,1
38047,3696,94080,41743,132127,97776,0
97778,24248,16677,122026,114455,40925,0
5374,12645,89552,18019,94926,102197,0
67070,23868,16122,90938,83192,39990,0
27887,86953,76669,114840,104556,163622,1
81328,92543,25667,173871,106995,118210,1
15636,10206,5938,25842,21574,16144,1
61984,98912,99923,160896,161907,198835,1
44802,6450,70484,51252,115286,76934,0
68585,24843,11593,93428,80178,36436,0
52520,47158,64414,99678,116934,111572,1
92543,30347,5707,122890,98250,36054,0
4824,96919,97048,101743,101872,193967,1
83307,67312,5435,150619,88742,72747,0
52358,62459,53550,114817,105908,116009,1
84271,48003,88425,132274,172696,136428,1
4639,30317,39136,34956,43775,69453,0
76474,64129,23499,140603,99973,87628,1
82038,15670,87797,97708,169835,103467,1
43060,98727,85376,141787,128436,184103,1
80080,23155,11945,103235,92025,35100,0
3706,35966,79063,39672,82769,115029,0
93594,1231,53075,94825,146669,54306,0
32898,92101,36882,124999,69780,128983,0
17514,51583,61316,69097,78830,112899,1
11590,17620,48870,29210,60460,66490,0
42327,8197,20339,50524,62666,28536,0
12387,16536,57311,28923,69698,73847,0
51325,23926,54606,75251,105931,78532,1
41594,40927,68983,82521,110577,109910,1
32984,60422,71140,93406,104124,131562,1
83678,93173,28256,176851,111934,121429,1
2012,37919,98983,39931,100995,136902,0
12483,22171,91190,34654,103673,113361,0
67319,52183,42910,119502,110229,95093,1
60039,90411,51250,150450,111289,141661,1
68215,14339,64336,82554,132551,78675,1
97587,58675,50413,156262,148000,109088,1
50667,38990,61551,89657,112218,100541,1
800,6802,86707,7602,87507,93509,0
66798,28919,60931,95717,127729,89850,1
53796,16650,317,70446,54113,16967,0
57229,3201,92019,60430,149248,95220,0
71570,79082,16508,150652,88078,95590,1
45227,10837,13261,56064,58488,24098,0
88996,10760,39803,99756,128799,50563,0
29036,4651,55771,33687,84807,60422,0
47549,87985,96860,135534,144409,184845,1
21392,52272,49992,73664,71384,102264,1
83915,96665,24958,180580,108873,121623,1
48021,91146,74251,139167,122272,165397,1
67724,25989,65731,93713,133455,91720,1
8259,40788,95851,49047,104110,136639,0
33364,8230,29231,41594,62595,37461,1
84867,60045,77569,144912,162436,137614,1
30425,12801,78175,43226,108600,90976,0
46961,31611,77040,78572,124001,108651,1
37602,89376,82135,126978,119737,171511,1
96509,12747,61472,109256,157981,74219,0
87307,16542,4534,103849,91841,21076,0
74252,65243,55709,139495,129961,120952,1
38048,71980,61319,110028,99367,133299,1
28035,34395,37811,62430,65846,72206,1
77980,11685,17688,89665,95668,29373,0
41714,50623,37172,92337,78886,87795,1
79600,81420,156,161020,79756,81576,0
26500,55201,22311,81701,48811,77512,0
63651,18734,30250,82385,93901,48984,0
99906,38788,85630,138694,185536,124418,1
64754,65080,62811,129834,127565,127891,1
45549,4487,12977,50036,58526,17464,0
70645,6132,96421,76777,167066,102553,0
44956,74195,89385,119151,134341,163580,1
88393,93022,85371,181415,173764,178393,1
69867,96795,52631,166662,122498,149426,1
29307,93861,28484,123168,57791,122345,0
68129,88376,21612,156505,89741,109988,1
92031,30147,14997,122178,107028,45144,0
17642,87821,96257,105463,113899,184078,1
79115,30867,96333,109982,175448,127200,1
23810,84624,91491,108434,115301,176115,1
76937,75437,48865,152374,125802,124302,1
68562,10118,61713,78680,130275,71831,1
37332,15642,8335,52974,45667,23977,0
3825,23940,36071,27765,39896,60011,0
43979,93638,94671,137617,138650,188309,1
15746,99745,23056,115491,38802,122801,0
87394,84841,39181,172235,126575,124022,1
68702,5048,79775,73750,148477,84823,0
57208,34089,74324,91297,131532,108413,1
43178,53665,62654,96843,105832,116319,1
20099,41753,21783,61852,41882,63536,1
60241,25346,17236,85587,77477,42582,0
93285,71420,99198,164705,192483,170618,1
77951,52461,5380,130412,83331,57841,0
71400,9349,96480,80749,167880,105829,0
23355,25413,18205,48768,41560,43618,1
12760,25914,92082,38674,104842,117996,0
57898,4302,95420,62200,153318,99722,0
25401,33906,97141,59307,122542,131047,0
63835,67091,60852,130926,124687,127943,1
98731,99714,53219,198445,151950,152933,1
25940,32451,69656,58391,95596,102107,0
97283,74703,52808,171986,150091,127511,1
39801,43879,13646,83680,53447,57525,1
77442,59902,71363,137344,148805,131265,1
89308,77280,20014,166588,109322,97294,1
22531,44233,3580,66764,26111,47813,0
83106,68697,97595,151803,180701,166292,1
87296,72843,31389,160139,118685,104232,1
11876,1028,90194,12904,102070,91222,0
38246,75530,81897,113776,120143,157427,1
20709,65888,45151,86597,65860,111039,0
69591,42634,95048,112225,164639,137682,1
72344,49014,63738,121358,136082,112752,1
51517,88401,33768,139918,85285,122169,0
11428,54115,40978,65543,52406,95093,0
16942,91798,50967,108740,67909,142765,0
52743,13181,14271,65924,67014,27452,0
5985,76698,28749,82683,34734,105447,0
20090,24896,47969,44986,68059,72865,0
43274,15868,94603,59142,137877,110471,0
78549,16089,57684,94638,136233,73773,0
67421,51532,84815,118953,152236,136347,1
61359,74983,15722,136342,77081,90705,1
83063,88461,11435,171524,94498,99896,1
86414,98451,26650,184865,113064,125101,1
7642,55212,39593,62854,47235,94805,0
86251,16101,63640,102352,149891,79741,0
67043,72922,75118,139965,142161,148040,1
34425,74924,19694,109349,54119,94618,0
55839,83256,94971,139095,150810,178227,1
7995,36697,26569,44692,34564,63266,0
76103,9123,91941,85226,168044,101064,0
49690,85330,4795,135020,54485,90125,0
3943,5218,18606,9161,22549,23824,0
10111,11761,36554,21872,46665,48315,0
73177,27298,49529,100475,122706,76827,1
75676,74357,7161,150033,82837,81518,1
75834,58477,62851,134311,138685,121328,1
64853,81431,85088,146284,149941,166519,1
7009,84380,74091,91389,81100,158471,0
32759,44179,45300,76938,78059,89479,1
11411,11292,20271,22703,31682,31563,1
90060,29279,95900,119339,185960,125179,1
83831,51229,60885,135060,144716,112114,1
2657,69767,51850,72424,54507,121617,0
24676,72689,69101,97365,93777,141790,1
78939,23318,58282,102257,137221,81600,1
49985,97223,98889,147208,148874,196112,1
72502,79313,55901,151815,128403,135214,1
83082,59332,16466,142414,99548,75798,0
23573,90894,58875,114467,82448,149769,0
26618,54324,11636,80942,38254,65960,0
62367,41943,64305,104310,126672,106248,1
7442,58230,96661,65672,104103,154891,0
2181,91289,66672,93470,68853,157961,0
89644,28247,33959,117891,123603,62206,0
89968,49788,83741,139756,173709,133529,1
20162,29049,36922,49211,57084,65971,1
6346,97711,24506,104057,30852,122217,0
96408,93692,29050,190100,125458,122742,1
63225,20163,97728,83388,160953,117891,0
47936,30598,58294,78534,106230,88892,1
97412,37402,40367,134814,137779,77769,0
20374,17111,22400,37485,42774,39511,1
88837,49737,75297,138574,164134,125034,1
33318,58089,50451,91407,83769,108540,1
56739,3470,70954,60209,127693,74424,0
41793,67794,71070,109587,112863,138864,1
21149,41170,61332,62319,82481,102502,1
54176,10848,23683,65024,77859,34531,0
36205,28360,74431,64565,110636,102791,0
91328,59033,81191,150361,172519,140224,1
86637,76704,44256,163341,130893,120960,1
68897,95960,78844,164857,147741,174804,1
6004,304,67736,6308,73740,68040,0
67770,79809,26541,147579,94311,106350,1
36398,8677,71868,45075,108266,80545,0
92809,441,49475,93250,142284,49916,0
3458,84462,83253,87920,86711,167715,1
61309,95181,10952,156490,72261,106133,0
70112,60463,70686,130575,140798,131149,1
80540,7412,33154,87952,113694,40566,0
73815,57614,98727,131429,172542,156341,1
23771,16454,25919,40225,49690,42373,1
30575,32851,94652,63426,125227,127503,0
83392,99658,90889,183050,174281,190547,1
36737,44445,15265,81182,52002,59710,1
50454,98969,56430,149423,106884,155399,1
82800,21189,37570,103989,120370,58759,0
34841,18996,22773,53837,57614,41769,1
12484,86115,8342,98599,20826,94457,0
13554,61901,19107,75455,32661,81008,0
3418,97938,6479,101356,9897,104417,0
77003,31210,25658,108213,102661,56868,0
54823,23479,72849,78302,127672,96328,1
19403,64550,71935,83953,91338,136485,1
42659,64820,54962,107479,97621,119782,1
62362,69969,71849,132331,134211,141818,1
47863,34384,97591,82247,145454,131975,0
73539,3363,60019,76902,133558,63382,0
82107,68370,21797,150477,103904,90167,1
85391,90932,31576,176323,116967,122508,1
34000,14562,83451,48562,117451,98013,0
22647,48764,56128,71411,78775,104892,1
64719,40651,75383,105370,140102,116034,1
60242,28691,50608,88933,110850,79299,1
39001,62726,24453,101727,63454,87179,1
42062,54127,86108,96189,128170,140235,1
89326,38611,75262,127937,164588,113873,1
78852,13908,47245,92760,126097,61153,0
58926,22403,20317,81329,79243,42720,0
19692,97489,63715,117181,83407,161204,0
74218,51299,68550,125517,142768,119849,1
10219,57277,20338,67496,30557,77615,0
98779,80544,79990,179323,178769,160534,1
54404,29283,30509,83687,84913,59792,1
99114,70142,72438,169256,171552,142580,1
92206,79780,94633,171986,186839,174413,1
54516,81639,95624,136155,150140,177263,1
78663,49864,98301,128527,176964,148165,1
12167,25715,98595,37882,110762,124310,0
63186,38255,10890,101441,74076,49145,0
34949,35828,38765,70777,73714,74593,1
95442,93602,3715,189044,99157,97317,1
47747,77162,81493,124909,129240,158655,1
78948,89656,19801,168604,98749,109457,1
97032,82489,93314,179521,190346,175803,1
57106,93604,94534,150710,151640,188138,1
73742,26387,34804,100129,108546,61191,0
20697,10482,38140,31179,58837,48622,0
77188,27412,35488,104600,112676,62900,0
38964,63912,29536,102876,68500,93448,1
2084,50912,45128,52996,47212,96040,0
42736,82201,36417,124937,79153,118618,0
14004,48298,73579,62302,87583,121877,0
27496,70671,5965,98167,33461,76636,0
25163,90085,32387,115248,57550,122472,0
59971,52892,55280,112863,115251,108172,1
47224,56441,45892,103665,93116,102333,1
78255,1295,95604,79550,173859,96899,0
13656,63697,46617,77353,60273,110314,0
48074,14715,28694,62789,76768,43409,0
36426,24313,50467,60739,86893,74780,1
33241,73406,86910,106647,120151,160316,1
88854,5583,8175,94437,97029,13758,0
49451,61665,65047,111116,114498,126712,1
88975,61938,45548,150913,134523,107486,1
72537,81365,36206,153902,108743,117571,1
50805,19192,52802,69997,103607,71994,1
20978,57968,16475,78946,37453,74443,0
34497,7458,11712,41955,46209,19170,0
48729,75809,33521,124538,82250,109330,1
75772,9189,12648,84961,88420,21837,0
9952,29409,58172,39361,68124,87581,0
60244,95042,41172,155286,101416,136214,1
50542,79821,39285,130363,89827,119106,1
67073,44025,99133,111098,166206,143158,1
3429,24161,24887,27590,28316,49048,1
63445,4131,61763,67576,125208,65894,1
67405,42881,49536,110286,116941,92417,1
29815,98906,97996,128721,127811,196902,1
15563,81722,12450,97285,28013,94172,0
79753,60361,79743,140114,159496,140104,1
22423,57666,37810,80089,60233,95476,1
80010,9560,91365,89570,171375,100925,0
25414,13153,3224,38567,28638,16377,0
51789,7201,41775,58990,93564,48976,0
35602,45319,7281,80921,42883,52600,0
45770,38536,90035,84306,135805,128571,0
84591,39118,89677,123709,174268,128795,1
134,91295,74792,91429,74926,166087,0
88575,84913,61493,173488,150068,146406,1
18901,40905,81217,59806,100118,122122,0
13002,50712,26045,63714,39047,76757,0
23888,95080,98924,118968,122812,194004,1
10994,47437,20457,58431,31451,67894,0
83336,50549,21493,133885,104829,72042,0
66867,1610,813,68477,67680,2423,0
35177,70595,55967,105772,91144,126562,1
20785,44593,80842,65378,101627,125435,0
90576,5367,12528,95943,103104,17895,0
14487,73381,75892,87868,90379,149273,1
75561,18900,30659,94461,106220,49559,0
76307,37064,74167,113371,150474,111231,1
72427,85037,39185,157464,111612,124222,1
8752,52325,6557,61077,15309,58882,0
98332,83941,83842,182273,182174,167783,1
64091,93180,80162,157271,144253,173342,1
38389,98886,75076,137275,113465,173962,1
71796,57157,78203,128953,149999,135360,1
83642,13889,22286,97531,105928,36175,0
20104,44544,9960,64648,30064,54504,0
79036,83641,93045,162677,172081,176686,1
41914,43704,31330,85618,73244,75034,1
433,60417,47314,60850,47747,107731,0
43016,51199,42237,94215,85253,93436,1
61868,6608,33567,68476,95435,40175,0
42168,21531,24801,63699,66969,46332,1
19747,1398,39462,21145,59209,40860,0
59609,30358,23721,89967,83330,54079,0
91714,92124,9994,183838,101708,102118,1
68471,23650,82365,92121,150836,106015,1
72442,17331,52025,89773,124467,69356,0
31083,26191,76301,57274,107384,102492,0
55742,21241,62554,76983,118296,83795,1
80308,86724,81490,167032,161798,168214,1
99879,66978,55884,166857,155763,122862,1
52609,85575,4858,138184,57467,90433,0
25005,6221,94066,31226,119071,100287,0
85236,98362,69488,183598,154724,167850,1
99932,37688,92075,137620,192007,129763,1
26370,74627,74524,100997,100894,149151,1
28270,88125,29741,116395,58011,117866,0
46638,91358,37554,137996,84192,128912,0
10336,12223,10506,22559,20842,22729,1
17330,82518,34570,99848,51900,117088,0
21825,20189,60123,42014,81948,80312,0
21605,10755,82728,32360,104333,93483,0
89913,58723,52528,148636,142441,111251,1
97814,8477,52063,106291,149877,60540,0
4293,92248,79487,96541,83780,171735,0
6586,81747,65199,88333,71785,146946,0
30483,40036,63221,70519,93704,103257,1
41665,11629,48928,53294,90593,60557,1
1490,30337,30713,31827,32203,61050,1
91447,21360,63641,112807,155088,85001,0
70295,66402,98105,136697,168400,164507,1
41420,51146,45397,92566,86817,96543,1
62714,41322,84127,104036,146841,125449,1
93465,14179,69671,107644,163136,83850,0
91151,32466,28393,123617,119544,60859,0
33747,45378,14099,79125,47846,59477,1
77970,24559,53947,102529,131917,78506,1
93183,99149,87568,192332,180751,186717,1
5004,33176,41292,38180,46296,74468,0
66981,78110,80383,145091,147364,158493,1
72601,24397,33010,96998,105611,57407,0
43770,18487,15902,62257,59672,34389,0
8962,97721,21880,106683,30842,119601,0
74489,52561,33722,127050,108211,86283,1
23892,21298,20360,45190,44252,41658,1
53200,77041,23341,130241,76541,100382,0
64057,2759,86052,66816,150109,88811,0
90465,83673,27514,174138,117979,111187,1
20380,84661,60452,105041,80832,145113,0
21803,63975,47894,85778,69697,111869,1
44275,31002,42111,75277,86386,73113,1
91452,44681,91426,136133,182878,136107,1
43661,59615,85975,103276,129636,145590,1
19717,72520,73316,92237,93033,145836,1
21454,7661,22432,29115,43886,30093,1
24860,94324,39656,119184,64516,133980,0
84358,4561,16874,88919,101232,21435,0
7682,24845,16123,32527,23805,40968,0
23026,52285,43386,75311,66412,95671,1
16749,16602,37208,33351,53957,53810,0
41205,15449,19503,56654,60708,34952,0
15716,62656,56324,78372,72040,118980,1
96539,88710,50646,185249,147185,139356,1
55863,15884,98441,71747,154304,114325,0
51049,48956,77932,100005,128981,126888,1
97385,66512,91590,163897,188975,158102,1
90,40874,58092,40964,58182,98966,0
19334,26246,51968,45580,71302,78214,0
11784,27500,94076,39284,105860,121576,0
11297,75740,23259,87037,34556,98999,0
61507,37823,65420,99330,126927,103243,1
83404,89396,89252,172800,172656,178648,1
83075,63393,34986,146468,118061,98379,1
38267,50894,32847,89161,71114,83741,1
69616,12756,11532,82372,81148,24288,0
32567,71419,49246,103986,81813,120665,1
24762,36800,13539,61562,38301,50339,1
19855,78678,45719,98533,65574,124397,0
9510,93237,51645,102747,61155,144882,0
32119,16941,97520,49060,129639,114461,0
58121,22674,51033,80795,109154,73707,1
89755,42719,81367,132474,171122,124086,1
59494,33169,86508,92663,146002,119677,1
37286,97829,41914,135115,79200,139743,0
31932,83394,72715,115326,104647,156109,1
72540,34100,82869,106640,155409,116969,1
44526,9724,91633,54250,136159,101357,0
17127,96353,95468,113480,112595,191821,1
46210,30622,5276,76832,51486,35898,0
24395,77539,27830,101934,52225,105369,0
69207,31936,79470,101143,148677,111406,1
52149,67061,66131,119210,118280,133192,1
54916,48214,55159,103130,110075,103373,1
88699,19842,30583,108541,119282,50425,0
81803,92574,98615,174377,180418,191189,1
40074,28570,91475,68644,131549,120045,0
77092,52835,78452,129927,155544,131287,1
25571,5572,96768,31143,122339,102340,0
45394,29765,27889,75159,73283,57654,1
57494,21486,24789,78980,82283,46275,0
97867,25815,8816,123682,106683,34631,0
17448,11717,57859,29165,75307,69576,0
41129,80131,41886,121260,83015,122017,1
87171,13823,62260,100994,149431,76083,0
13185,84009,16763,97194,29948,100772,0
76224,46897,31670,123121,107894,78567,1
30187,971,31542,31158,61729,32513,0
66666,20171,57756,86837,124422,77927,1
82854,97772,67067,180626,149921,164839,1
6192,3495,23366,9687,29558,26861,0
59693,50610,63209,110303,122902,113819,1
43551,30785,7609,74336,51160,38394,0
32400,24641,87697,57041,120097,112338,0
97572,30371,94686,127943,192258,125057,1
98773,50020,24241,148793,123014,74261,0
35998,86944,13624,122942,49622,100568,0
58525,30647,33541,89172,92066,64188,1
39033,92076,27190,131109,66223,119266,0
2266,33936,10528,36202,12794,44464,0
64502,28261,24616,92763,89118,52877,0
44835,5961,25590,50796,70425,31551,0
12207,83616,52870,95823,65077,136486,0
52837,88693,59264,141530,112101,147957,1
56937,92062,60463,148999,117400,152525,1
99887,55327,70816,155214,170703,126143,1
43759,19928,20699,63687,64458,40627,0
15937,33544,78110,49481,94047,111654,0
67149,38693,54783,105842,121932,93476,1
36848,51048,93404,87896,130252,144452,0
13678,55150,31896,68828,45574,87046,0
98271,75658,93540,173929,191811,169198,1
30825,92792,85321,123617,116146,178113,1
79926,0,88774,79926,168700,88774,0
43149,38033,39972,81182,83121,78005,1
47502,5477,4797,52979,52299,10274,0
44659,24770,8390,69429,53049,33160,0
48164,54039,19255,102203,67419,73294,1
78354,6597,86802,84951,165156,93399,0
24531,37367,80111,61898,104642,117478,0
1384,69195,35049,70579,36433,104244,0
70078,79113,74777,149191,144855,153890,1
95797,59056,29640,154853,125437,88696,0
97644,35527,82237,133171,179881,117764,1
47086,17991,86788,65077,133874,104779,0
16936,50339,51347,67275,68283,101686,1
50789,56377,45292,107166,96081,101669,1
62487,97659,14582,160146,77069,112241,0
46226,87840,37383,134066,83609,125223,0
80927,36012,70774,116939,151701,106786,1
6258,53446,52258,59704,58516,105704,1
63743,27651,87445,91394,151188,115096,1
23147,26270,36182,49417,59329,62452,1
95902,94855,42610,190757,138512,137465,1
66834,13480,57382,80314,124216,70862,1
54726,13262,36975,67988,91701,50237,0
27881,71527,8677,99408,36558,80204,0
9287,52832,75748,62119,85035,128580,0
84793,58963,50891,143756,135684,109854,1
73672,43963,91431,117635,165103,135394,1
17377,40633,41315,58010,58692,81948,1
36988,92844,24664,129832,61652,117508,0
15621,43575,46473,59196,62094,90048,1
47738,37959,20381,85697,68119,58340,1
81926,74967,60192,156893,142118,135159,1
87374,45491,2208,132865,89582,47699,0
61512,21730,91586,83242,153098,113316,0
77592,8970,33178,86562,110770,42148,0
42441,4690,44521,47131,86962,49211,1
5637,90880,52588,96517,58225,143468,0
8176,43651,92671,51827,100847,136322,0
95829,99907,31669,195736,127498,131576,1
56242,9708,14602,65950,70844,24310,0
88293,52351,40059,140644,128352,92410,1
59013,51022,86010,110035,145023,137032,1
84318,9836,38500,94154,122818,48336,0
66892,83026,48275,149918,115167,131301,1
10511,62690,13815,73201,24326,76505,0
45793,56378,47003,102171,92796,103381,1
82631,15974,87115,98605,169746,103089,1
9914,68526,35425,78440,45339,103951,0
89817,52441,61338,142258,151155,113779,1
84103,27486,7187,111589,91290,34673,0
53494,65374,3166,118868,56660,68540,0
1557,94244,62526,95801,64083,156770,0
15127,90883,5336,106010,20463,96219,0
71117,97659,30070,168776,101187,127729,1
43184,98041,66931,141225,110115,164972,1
88630,3405,6192,92035,94822,9597,0
24962,28300,73016,53262,97978,101316,0
55507,25897,11121,81404,66628,37018,0
91596,89032,77842,180628,169438,166874,1
35640,53417,6250,89057,41890,59667,0
83825,56939,92649,140764,176474,149588,1
23818,52128,13207,75946,37025,65335,0
60692,96635,95164,157327,155856,191799,1
53845,60802,16751,114647,70596,77553,1
86263,37124,96459,123387,182722,133583,1
83011,31652,62378,114663,145389,94030,1
80957,51551,43014,132508,123971,94565,1
72579,11804,33484,84383,106063,45288,0
536,75338,25765,75874,26301,101103,0
98502,30043,19763,128545,118265,49806,0
52578,6756,10177,59334,62755,16933,0
22374,87686,52177,110060,74551,139863,0
72331,78686,38958,151017,111289,117644,1
21625,43308,81311,64933,102936,124619,0
35162,69682,7464,104844,42626,77146,0
34084,72277,65009,106361,99093,137286,1
21993,85520,19990,107513,41983,105510,0
77895,35566,63614,113461,141509,99180,1
4685,26168,67020,30853,71705,93188,0
25770,30621,71560,56391,97330,102181,0
40530,18414,70612,58944,111142,89026,0
75405,337,23900,75742,99305,24237,0
67164,89379,42597,156543,109761,131976,1
56097,58705,37420,114802,93517,96125,1
20611,82852,54737,103463,75348,137589,0
90598,8778,99972,99376,190570,108750,0
83538,23141,21460,106679,104998,44601,0
34124,23254,50649,57378,84773,73903,1
42284,7720,69822,50004,112106,77542,0
81007,44111,1384,125118,82391,45495,0
13050,10549,55506,23599,68556,66055,0
59194,11697,29210,70891,88404,40907,0
6831,40792,47685,47623,54516,88477,0
31614,77470,86561,109084,118175,164031,1
89652,68176,85562,157828,175214,153738,1
44801,6465,8244,51266,53045,14709,0
60315,35651,14612,95966,74927,50263,0
66029,98060,46753,164089,112782,144813,1
94659,82691,20573,177350,115232,103264,1
26852,23331,36373,50183,63225,59704,1
72096,9881,89691,81977,161787,99572,0
98436,24794,27080,123230,125516,51874,0
68323,72965,20087,141288,88410,93052,1
57045,71098,1049,128143,58094,72147,0
49271,84312,15212,133583,64483,99524,0
14010,73335,66633,87345,80643,139968,1
64430,54297,12499,118727,76929,66796,1
40650,17046,6160,57696,46810,23206,0
59776,14958,91377,74734,151153,106335,0
78111,17430,89286,95541,167397,106716,1
3906,65829,26581,69735,30487,92410,0
53523,47184,36661,100707,90184,83845,1
61177,59701,8345,120878,69522,68046,1
6510,42843,12270,49353,18780,55113,0
6210,6472,35470,12682,41680,41942,0
59468,76201,96609,135669,156077,172810,1
14845,11178,42379,26023,57224,53557,0
10494,23271,22155,33765,32649,45426,1
32385,10952,60604,43337,92989,71556,0
84108,4391,17994,88499,102102,22385,0
70227,98310,20973,168537,91200,119283,0
30867,71954,3678,102821,34545,75632,0
54423,69893,83107,124316,137530,153000,1
1550,36616,26648,38166,28198,63264,0
21275,79902,43224,101177,64499,123126,0
63935,19820,47058,83755,110993,66878,1
43187,80389,18565,123576,61752,98954,0
7752,42686,33250,50438,41002,75936,0
75058,47023,79770,122081,154828,126793,1
90291,96726,54323,187017,144614,151049,1
47739,91055,23136,138794,70875,114191,0
82892,23726,65529,106618,148421,89255,1
56983,62644,89946,119627,146929,152590,1
20485,21458,22689,41943,43174,44147,1
12878,28554,2641,41432,15519,31195,0
71202,86524,91608,157726,162810,178132,1
12802,73761,18386,86563,31188,92147,0
20769,30109,32150,50878,52919,62259,1
22609,66950,94561,89559,117170,161511,0
79275,83544,62060,162819,141335,145604,1
72204,74579,74029,146783,146233,148608,1
40847,18435,37920,59282,78767,56355,1
37068,37890,46579,74958,83647,84469,1
25129,9480,77487,34609,102616,86967,0
48270,67658,18114,115928,66384,85772,0
71701,47277,86439,118978,158140,133716,1
44540,81308,6746,125848,51286,88054,0
22918,6137,60459,29055,83377,66596,0
34353,67343,59116,101696,93469,126459,1
7787,12148,10357,19935,18144,22505,1
12077,193,32785,12270,44862,32978,0
40393,15505,22010,55898,62403,37515,0
63925,65921,8194,129846,72119,74115,1
32384,3101,64259,35485,96643,67360,0
75472,94130,68548,169602,144020,162678,1
8290,5979,60422,14269,68712,66401,0
36227,18391,35798,54618,72025,54189,1
92681,94753,17861,187434,110542,112614,1
93971,32687,95253,126658,189224,127940,1
27482,81678,94520,109160,122002,176198,1
14705,72045,30878,86750,45583,102923,0
46713,46709,91295,93422,138008,138004,1
16142,31224,26441,47366,42583,57665,1
78387,47802,11244,126189,89631,59046,0
78385,31784,93555,110169,171940,125339,1
12300,18515,64112,30815,76412,82627,0
22371,2878,61100,25249,83471,63978,0
39491,15365,86736,54856,126227,102101,0
80474,87846,47290,168320,127764,135136,1
56735,44156,43139,100891,99874,87295,1
94137,77764,51474,171901,145611,129238,1
41312,46473,59124,87785,100436,105597,1
34392,67919,16605,102311,50997,84524,0
84616,21948,78610,106564,163226,100558,1
48970,25769,92490,74739,141460,118259,0
4072,27589,87031,31661,91103,114620,0
69284,36581,17572,105865,86856,54153,0
65810,73160,56408,138970,122218,129568,1
62528,9116,62140,71644,124668,71256,1
53454,25957,48659,79411,102113,74616,1
65340,83312,64351,148652,129691,147663,1
86214,8600,33080,94814,119294,41680,0
9422,6920,81373,16342,90795,88293,0
69165,14603,37136,83768,106301,51739,0
20775,60482,35016,81257,55791,95498,0
78123,41664,5505,119787,83628,47169,0
368,39725,7869,40093,8237,47594,0
814,10310,32376,11124,33190,42686,0
73094,94730,65105,167824,138199,159835,1
68197,55919,99592,124116,167789,155511,1
69643,579,72569,70222,142212,73148,0
82307,84141,96345,166448,178652,180486,1
31099,89221,18066,120320,49165,107287,0
39490,98313,19876,137803,59366,118189,0
49455,58908,55534,108363,104989,114442,1
53740,43360,56426,97100,110166,99786,1
12783,7858,50137,20641,62920,57995,0
9815,32202,86636,42017,96451,118838,0
90826,14157,73941,104983,164767,88098,0
43419,61299,51696,104718,95115,112995,1
82149,57893,60507,140042,142656,118400,1
745,15570,91569,16315,92314,107139,0
40286,5696,58357,45982,98643,64053,0
57925,29034,37968,86959,95893,67002,1
58326,39228,10201,97554,68527,49429,0
1127,55356,59376,56483,60503,114732,0
923,78512,5372,79435,6295,83884,0
37233,98789,95964,136022,133197,194753,1
85199,32035,3096,117234,88295,35131,0
59982,16896,85858,76878,145840,102754,0
13709,38486,69047,52195,82756,107533,0
60085,23577,20614,83662,80699,44191,0
25448,84121,75710,109569,101158,159831,1
51796,63976,21107,115772,72903,85083,1
93162,72235,26985,165397,120147,99220,1
32936,27722,75512,60658,108448,103234,0
69141,12688,12848,81829,81989,25536,0
81718,53832,86942,135550,168660,140774,1
27433,37041,21906,64474,49339,58947,1
79629,1683,33796,81312,113425,35479,0
71640,70118,990,141758,72630,71108,0
64995,1986,45935,66981,110930,47921,0
67939,69306,38527,137245,106466,107833,1
21203,18712,54316,39915,75519,73028,0
65379,24353,86366,89732,151745,110719,1
98529,85948,66905,184477,165434,152853,1
92781,9348,38416,102129,131197,47764,0
11928,77571,15816,89499,27744,93387,0
9214,61294,10644,70508,19858,71938,0
45895,16816,60624,62711,106519,77440,1
82624,3831,94729,86455,177353,98560,0
64716,15147,33319,79863,98035,48466,0
59509,7358,43717,66867,103226,51075,0
1108,15414,23713,16522,24821,39127,0
59374,71648,90420,131022,149794,162068,1
13993,89525,15756,103518,29749,105281,0
2458,91763,81171,94221,83629,172934,0
65959,31324,32013,97283,97972,63337,0
16907,37996,5368,54903,22275,43364,0
61163,9584,77537,70747,138700,87121,0
40801,20414,6720,61215,47521,27134,0
51479,73033,85827,124512,137306,158860,1
62517,54453,28842,116970,91359,83295,1
16041,45556,15391,61597,31432,60947,0
70333,45338,81252,115671,151585,126590,1
75977,76919,23121,152896,99098,100040,1
28158,52589,33656,80747,61814,86245,1
90802,3650,13496,94452,104298,17146,0
42060,78774,58794,120834,100854,137568,1
73262,12632,19652,85894,92914,32284,0
92862,88408,29180,181270,122042,117588,1
5986,89754,12201,95740,18187,101955,0
61896,52617,64705,114513,126601,117322,1
96700,33765,97426,130465,194126,131191,1
87282,31231,4803,118513,92085,36034,0
21841,1561,63570,23402,85411,65131,0
65551,16698,81470,82249,147021,98168,1
90245,72105,50251,162350,140496,122356,1
62952,77297,13637,140249,76589,90934,0
42120,39227,80937,81347,123057,120164,1
92744,42008,45551,134752,138295,87559,0
60787,27942,45812,88729,106599,73754,1
25804,90446,75029,116250,100833,165475,1
39792,60941,68502,100733,108294,129443,1
93386,34882,1777,128268,95163,36659,0
9342,77990,98443,87332,107785,176433,0
12720,31798,28965,44518,41685,60763,1
51586,69905,5906,121491,57492,75811,0
79164,39012,13142,118176,92306,52154,0
3327,16858,95597,20185,98924,112455,0
23156,46394,3427,69550,26583,49821,0
2752,88941,42420,91693,45172,131361,0
5329,85458,74341,90787,79670,159799,0
85977,8939,68650,94916,154627,77589,0
93431,74244,53163,167675,146594,127407,1
86424,30897,3491,117321,89915,34388,0
61333,8031,4062,69364,65395,12093,0
72368,62245,18929,134613,91297,81174,1
13976,57523,73371,71499,87347,130894,0
81763,34734,95975,116497,177738,130709,1
388,10914,49578,11302,49966,60492,0
16232,38122,21485,54354,37717,59607,0
74111,46158,51978,120269,126089,98136,1
6123,3605,71260,9728,77383,74865,0
15463,68161,82490,83624,97953,150651,1
51377,34128,69761,85505,121138,103889,1
99520,93219,34892,192739,134412,128111,1
21131,32928,39413,54059,60544,72341,1
79191,88371,84311,167562,163502,172682,1
76524,29813,23734,106337,100258,53547,0
42979,5485,84708,48464,127687,90193,0
98504,55462,41314,153966,139818,96776,0
31866,36425,29338,68291,61204,65763,1
40460,91726,86061,132186,126521,177787,1
8574,31591,30808,40165,39382,62399,1
51636,25776,57340,77412,108976,83116,1
18002,61358,74804,79360,92806,136162,1
34674,11302,92717,45976,127391,104019,0
53342,25155,35593,78497,88935,60748,1
83133,19010,13018,102143,96151,32028,0
63803,90884,45451,154687,109254,136335,1
55894,29080,6747,84974,62641,35827,0
61426,16879,15946,78305,77372,32825,0
87850,93699,86971,181549,174821,180670,1
37117,43784,61374,80901,98491,105158,1
54617,64064,69935,118681,124552,133999,1
6010,62846,59758,68856,65768,122604,1
61987,14827,39865,76814,101852,54692,0
92172,57450,87486,149622,179658,144936,1
37384,26,85236,37410,122620,85262,0
31441,18012,14242,49453,45683,32254,1
61251,38495,51619,99746,112870,90114,1
91408,94428,79387,185836,170795,173815,1
30874,99591,79140,130465,110014,178731,1
33492,38844,66469,72336,99961,105313,1
23339,53533,7309,76872,30648,60842,0
65276,73079,3493,138355,68769,76572,0
49920,11553,63549,61473,113469,75102,0
36913,17045,59658,53958,96571,76703,0
63669,57989,78054,121658,141723,136043,1
70319,28397,85257,98716,155576,113654,1
53973,98979,25452,152952,79425,124431,0
92201,34844,84386,127045,176587,119230,1
31497,19978,18870,51475,50367,38848,1
6108,82973,81036,89081,87144,164009,1
96344,43303,38747,139647,135091,82050,0
79499,1848,11570,81347,91069,13418,0
46094,16288,44219,62382,90313,60507,1
14469,28238,962,42707,15431,29200,0
41208,96730,42911,137938,84119,139641,0
45045,60938,46645,105983,91690,107583,1
16764,61985,20144,78749,36908,82129,0
8092,72788,32829,80880,40921,105617,0
74531,18177,56160,92708,130691,74337,0
48183,30543,53337,78726,101520,83880,1
56358,99432,14695,155790,71053,114127,0
50967,69741,28671,120708,79638,98412,1
98394,23624,67064,122018,165458,90688,0
7247,62784,11327,70031,18574,74111,0
44906,84725,7671,129631,52577,92396,0
49469,34194,14926,83663,64395,49120,0
7233,65005,52417,72238,59650,117422,0
83873,24382,38814,108255,122687,63196,0
40412,32437,81868,72849,122280,114305,0
63399,93483,90402,156882,153801,183885,1
55095,21930,55852,77025,110947,77782,1
50621,10612,37022,61233,87643,47634,0
29094,21140,51461,50234,80555,72601,0
40798,27911,33403,68709,74201,61314,1
27042,53102,85811,80144,112853,138913,0
91322,15696,77746,107018,169068,93442,1
66410,88521,37660,154931,104070,126181,1
24292,33101,33981,57393,58273,67082,1
43757,44434,8516,88191,52273,52950,1
92918,83301,21585,176219,114503,104886,1
4664,53068,47276,57732,51940,100344,0
80289,54173,70861,134462,151150,125034,1
72086,32096,41681,104182,113767,73777,1
77810,22533,33111,100343,110921,55644,0
88110,33621,90292,121731,178402,123913,1
15025,252,84894,15277,99919,85146,0
49692,81294,74065,130986,123757,155359,1
49355,36282,39035,85637,88390,75317,1
40430,26931,15454,67361,55884,42385,1
48074,94829,67153,142903,115227,161982,1
82015,32527,44559,114542,126574,77086,0
90101,11624,52378,101725,142479,64002,0
35216,91556,30371,126772,65587,121927,0
92361,5114,27104,97475,119465,32218,0
31287,34957,64087,66244,95374,99044,1
76571,95202,31967,171773,108538,127169,1
46821,47690,33332,94511,80153,81022,1
91691,24245,19548,115936,111239,43793,0
83921,27300,62244,111221,146165,89544,1
54228,72364,70667,126592,124895,143031,1
34686,55369,11458,90055,46144,66827,0
98891,48163,73717,147054,172608,121880,1
10699,37122,22517,47821,33216,59639,0
86465,78235,27375,164700,113840,105610,1
18389,59471,74498,77860,92887,133969,1
26350,77415,71997,103765,98347,149412,1
36012,24620,66838,60632,102850,91458,0
89747,84891,41063,174638,130810,125954,1
69753,79972,41421,149725,111174,121393,1
71964,59399,29693,131363,101657,89092,1
22565,50795,53428,73360,75993,104223,1
18273,17410,66795,35683,85068,84205,0
98141,36880,90953,135021,189094,127833,1
68403,89420,96106,157823,164509,185526,1
55949,8285,11479,64234,67428,19764,0
34194,10917,96862,45111,131056,107779,0
12571,85635,87224,98206,99795,172859,1
97882,26787,49162,124669,147044,75949,0
27700,58334,95715,86034,123415,154049,0
7365,44728,33123,52093,40488,77851,0
70286,76281,52854,146567,123140,129135,1
83258,65488,61742,148746,145000,127230,1
98571,35115,29199,133686,127770,64314,0
49405,54564,30295,103969,79700,84859,1
43960,9056,3958,53016,47918,13014,0
90284,99857,55371,190141,145655,155228,1
78332,6128,14598,84460,92930,20726,0
41146,87027,61629,128173,102775,148656,1
77686,75694,10140,153380,87826,85834,1
641,64826,32174,65467,32815,97000,0
89742,26962,53835,116704,143577,80797,0
20576,61131,42453,81707,63029,103584,1
28296,98308,41218,126604,69514,139526,0
37668,48048,77551,85716,115219,125599,1
43505,1083,92949,44588,136454,94032,0
57847,37695,81275,95542,139122,118970,1
56256,49682,29258,105938,85514,78940,1
98843,50249,42776,149092,141619,93025,0
57086,94890,89100,151976,146186,183990,1
79372,18253,46040,97625,125412,64293,0
27813,73738,90295,101551,118108,164033,1
3284,13058,22936,16342,26220,35994,0
30623,93312,97480,123935,128103,190792,1
33942,37245,54164,71187,88106,91409,1
41287,95115,41469,136402,82756,136584,0
88796,65551,73514,154347,162310,139065,1
48816,13288,62494,62104,111310,75782,0
79670,52636,73259,132306,152929,125895,1
23664,56300,36875,79964,60539,93175,1
68610,10029,12601,78639,81211,22630,0
39806,15597,83751,55403,123557,99348,0
17015,23526,45116,40541,62131,68642,0
57575,14652,63192,72227,120767,77844,1
6114,36298,86117,42412,92231,122415,0
25111,61067,64192,86178,89303,125259,1
13876,98104,25061,111980,38937,123165,0
41837,10131,37274,51968,79111,47405,1
29048,54686,83888,83734,112936,138574,0
49593,99732,61918,149325,111511,161650,1
47453,27816,63154,75269,110607,90970,1
57579,73418,21165,130997,78744,94583,1
17783,45843,82120,63626,99903,127963,0
74016,57420,75030,131436,149046,132450,1
81536,38031,42390,119567,123926,80421,0
62046,74914,29817,136960,91863,104731,1
46194,85673,19209,131867,65403,104882,0
75579,69586,48770,145165,124349,118356,1
39122,25722,74101,64844,113223,99823,0
86848,97874,60903,184722,147751,158777,1
45451,11429,97002,56880,142453,108431,0
57767,73133,3124,130900,60891,76257,0
60712,77879,21760,138591,82472,99639,1
15201,28267,90416,43468,105617,118683,0
87984,21175,8412,109159,96396,29587,0
9749,34286,62234,44035,71983,96520,0
64003,93329,92161,157332,156164,185490,1
93130,43617,3070,136747,96200,46687,0
3172,81197,88278,84369,91450,169475,0
45847,29445,82847,75292,128694,112292,0
29436,17477,80786,46913,110222,98263,0
14192,98681,85183,112873,99375,183864,1
29275,91038,98419,120313,127694,189457,1
87636,26658,21731,114294,109367,48389,0
97552,16631,18068,114183,115620,34699,0
46964,72748,11829,119712,58793,84577,0
8624,51162,15676,59786,24300,66838,0
93596,53021,59003,146617,152599,112024,1
38562,77473,73161,116035,111723,150634,1
48174,61585,72794,109759,120968,134379,1
78774,51902,13289,130676,92063,65191,0
12731,97183,38063,109914,50794,135246,0
80140,94894,9786,175034,89926,104680,0
86273,17906,70722,104179,156995,88628,1
97906,33223,2002,131129,99908,35225,0
43502,12523,95984,56025,139486,108507,0
32108,93157,58498,125265,90606,151655,0
86493,34150,8664,120643,95157,42814,0
55649,27759,45285,83408,100934,73044,1
54144,9388,49522,63532,103666,58910,1
75038,13527,52554,88565,127592,66081,0
24238,13809,50381,38047,74619,64190,0
14309,91717,67726,106026,82035,159443,0
33828,56321,11611,90149,45439,67932,0
14533,4844,98124,19377,112657,102968,0
22933,6828,93653,29761,116586,100481,0
26518,93644,23333,120162,49851,116977,0
9380,88506,54785,97886,64165,143291,0
72625,54152,77093,126777,149718,131245,1
39784,61963,54123,101747,93907,116086,1
17849,7371,10657,25220,28506,18028,1
87107,53533,68823,140640,155930,122356,1
98318,71575,41835,169893,140153,113410,1
139,14389,14594,14528,14733,28983,0
26854,74737,5413,101591,32267,80150,0
61969,96990,19671,158959,81640,116661,0
22806,72818,25308,95624,48114,98126,0
25988,25792,87802,51780,113790,113594,0
18796,1925,7939,20721,26735,9864,0
20700,69079,55707,89779,76407,124786,1
15637,52725,71207,68362,86844,123932,0
38960,33380,46500,72340,85460,79880,1
70818,75927,2503,146745,73321,78430,0
56614,46010,67146,102624,123760,113156,1
2248,65960,32009,68208,34257,97969,0
31396,51038,85947,82434,117343,136985,0
41328,3950,90889,45278,132217,94839,0
78725,70697,45076,149422,123801,115773,1
66852,27449,48061,94301,114913,75510,1
54731,5902,14159,60633,68890,20061,0
34091,3123,32890,37214,66981,36013,1
67977,3335,44886,71312,112863,48221,0
22028,777,10650,22805,32678,11427,0
93654,56555,54760,150209,148414,111315,1
26740,41584,51186,68324,77926,92770,1
10376,57871,60365,68247,70741,118236,1
10761,86679,70989,97440,81750,157668,0
40205,23372,40020,63577,80225,63392,1
87819,7320,2029,95139,89848,9349,0
70058,92132,23233,162190,93291,115365,1
64597,52979,2006,117576,66603,54985,0
56904,27456,35361,84360,92265,62817,1
63832,77525,48359,141357,112191,125884,1
72698,9063,47111,81761,119809,56174,0
80109,7938,7071,88047,87180,15009,0
44066,27875,19764,71941,63830,47639,1
48471,37319,5702,85790,54173,43021,0
68172,2390,10341,70562,78513,12731,0
20097,3694,32924,23791,53021,36618,0
966,76246,91306,77212,92272,167552,0
91868,4790,16978,96658,108846,21768,0
9403,43051,30260,52454,39663,73311,0
54414,33841,32764,88255,87178,66605,1
2598,18290,3390,20888,5988,21680,0
73708,86792,10165,160500,83873,96957,0
18409,6635,70335,25044,88744,76970,0
78479,15520,39275,93999,117754,54795,0
16589,99656,23878,116245,40467,123534,0
93427,81201,37266,174628,130693,118467,1
76551,13034,20875,89585,97426,33909,0
37584,68473,30173,106057,67757,98646,0
59545,29362,65844,88907,125389,95206,1
14896,30528,9739,45424,24635,40267,0
92923,91005,75920,183928,168843,166925,1
17352,21741,90422,39093,107774,112163,0
8523,51300,52085,59823,60608,103385,1
38575,166,19660,38741,58235,19826,0
40328,9055,6091,49383,46419,15146,0
45843,62771,47379,108614,93222,110150,1
14283,73846,72254,88129,86537,146100,1
22694,47611,14241,70305,36935,61852,0
51072,83673,63845,134745,114917,147518,1
30118,90247,3709,120365,33827,93956,0
73640,59665,64476,133305,138116,124141,1
45430,27149,29824,72579,75254,56973,1
66001,38678,54604,104679,120605,93282,1
17212,570,3918,17782,21130,4488,0
50687,80598,98912,131285,149599,179510,1
99946,96670,26378,196616,126324,123048,1
92135,6580,73426,98715,165561,80006,0
86428,61244,24423,147672,110851,85667,0
38436,22386,51446,60822,89882,73832,1
97404,9190,33454,106594,130858,42644,0
90650,74667,85600,165317,176250,160267,1
79272,25965,87771,105237,167043,113736,1
50429,29391,4708,79820,55137,34099,0
70043,40512,98210,110555,168253,138722,1
12384,42717,7847,55101,20231,50564,0
67389,57082,32905,124471,100294,89987,1
49902,76222,39049,126124,88951,115271,1
23859,69931,32311,93790,56170,102242,0
83072,37542,71767,120614,154839,109309,1
49711,17724,98347,67435,148058,116071,0
36487,77732,60800,114219,97287,138532,1
66599,64071,87237,130670,153836,151308,1
75712,15354,79375,91066,155087,94729,1
80831,51853,67439,132684,148270,119292,1
52792,11615,38753,64407,91545,50368,0
52230,17128,34323,69358,86553,51451,0
17210,68409,63344,85619,80554,131753,1
53838,86898,16205,140736,70043,103103,0
46131,3658,73078,49789,119209,76736,0
4656,84285,93813,88941,98469,178098,0
84198,47713,5034,131911,89232,52747,0
41002,20928,53916,61930,94918,74844,1
19607,17555,89994,37162,109601,107549,0
31617,82564,4045,114181,35662,86609,0
95168,70146,9540,165314,104708,79686,0
6147,49226,45325,55373,51472,94551,1
49755,4103,90014,53858,139769,94117,0
48674,25623,10922,74297,59596,36545,0
79387,55488,16823,134875,96210,72311,0
98895,25409,61804,124304,160699,87213,0
96290,23589,70341,119879,166631,93930,0
52063,95900,54557,147963,106620,150457,1
16176,92372,85313,108548,101489,177685,1
48953,50337,30997,99290,79950,81334,1
64848,50882,76677,115730,141525,127559,1
30728,11124,21564,41852,52292,32688,1
27625,7101,50369,34726,77994,57470,0
75517,77898,10779,153415,86296,88677,1
22285,13466,53773,35751,76058,67239,0
55483,37416,3664,92899,59147,41080,0
15821,10738,95813,26559,111634,106551,0
77245,66056,87300,143301,164545,153356,1
4810,56231,42858,61041,47668,99089,0
95751,43087,75255,138838,171006,118342,1
53188,21258,23196,74446,76384,44454,0
65107,74878,98953,139985,164060,173831,1
14016,84957,11967,98973,25983,96924,0
34123,5753,43715,39876,77838,49468,0
33487,13535,97389,47022,130876,110924,0
69196,27189,65004,96385,134200,92193,1
88118,97824,14362,185942,102480,112186,1
30229,95027,7958,125256,38187,102985,0
3486,5152,12405,8638,15891,17557,0
24321,86490,31277,110811,55598,117767,0
3950,98601,74636,102551,78586,173237,0
74067,48584,5106,122651,79173,53690,0
53961,95524,36044,149485,90005,131568,0
42679,59303,17885,101982,60564,77188,1
84948,60363,15247,145311,100195,75610,0
48674,48483,36174,97157,84848,84657,1
41454,16765,93394,58219,134848,110159,0
44684,28869,34648,73553,79332,63517,1
71631,9083,89411,80714,161042,98494,0
82761,31644,24672,114405,107433,56316,0
58303,91308,32353,149611,90656,123661,0
52564,21033,60248,73597,112812,81281,1
58727,82012,51684,140739,110411,133696,1
259,58295,41995,58554,42254,100290,0
90948,36305,11644,127253,102592,47949,0
32253,11806,33738,44059,65991,45544,1
984,91057,18459,92041,19443,109516,0
21786,64217,82753,86003,104539,146970,1
48336,63376,60216,111712,108552,123592,1
74522,51859,53226,126381,127748,105085,1
5465,82391,339,87856,5804,82730,0
73585,39247,53695,112832,127280,92942,1
81687,26307,33703,107994,115390,60010,0
38491,80108,22768,118599,61259,102876,0
15730,32266,67718,47996,83448,99984,0
74077,11971,75826,86048,149903,87797,1
66529,87983,73258,154512,139787,161241,1
93657,38070,45153,131727,138810,83223,0
14895,18187,43412,33082,58307,61599,0
8319,18146,25473,26465,33792,43619,1
53237,68093,38495,121330,91732,106588,1
32848,31321,95260,64169,128108,126581,0
23748,40366,84264,64114,108012,124630,0
79107,52250,93445,131357,172552,145695,1
92877,21682,84029,114559,176906,105711,1
96709,93410,18002,190119,114711,111412,1
71486,55006,81486,126492,152972,136492,1
46373,86510,29312,132883,75685,115822,0
64129,5974,33569,70103,97698,39543,0
93241,39390,25375,132631,118616,64765,0
3697,29466,72299,33163,75996,101765,0
36184,888,43820,37072,80004,44708,0
97102,74501,93860,171603,190962,168361,1
96623,69491,36157,166114,132780,105648,1
60599,34267,87373,94866,147972,121640,1
10439,6776,41992,17215,52431,48768,0
77531,21102,31346,98633,108877,52448,0
74412,33290,93519,107702,167931,126809,1
38236,12651,95207,50887,133443,107858,0
83902,88143,37640,172045,121542,125783,1
70654,96446,79314,167100,149968,175760,1
16954,94096,65619,111050,82573,159715,0
60092,94468,29977,154560,90069,124445,0
19204,27093,47917,46297,67121,75010,0
46876,96965,43821,143841,90697,140786,0
25966,54416,57642,80382,83608,112058,1
83269,70467,60839,153736,144108,131306,1
9006,55602,53543,64608,62549,109145,1
62108,33593,6386,95701,68494,39979,0
87721,72395,24502,160116,112223,96897,1
10816,171,81328,10987,92144,81499,0
21866,85292,9665,107158,31531,94957,0
48997,41194,33435,90191,82432,74629,1
65884,47586,71973,113470,137857,119559,1
13977,36250,78494,50227,92471,114744,0
81232,1814,85347,83046,166579,87161,0
74503,56445,97761,130948,172264,154206,1
89636,4190,33591,93826,123227,37781,0
47300,89951,4820,137251,52120,94771,0
34026,20302,85357,54328,119383,105659,0
99551,68342,1838,167893,101389,70180,0
95069,87604,55874,182673,150943,143478,1
54603,21094,75926,75697,130529,97020,0
85390,27149,45060,112539,130450,72209,0
27494,57857,27053,85351,54547,84910,0
57849,2752,35752,60601,93601,38504,0
88844,97213,1417,186057,90261,98630,0
85910,35935,30913,121845,116823,66848,0
13494,73247,67221,86741,80715,140468,1
22945,45174,61105,68119,84050,106279,1
18719,3768,32395,22487,51114,36163,0
25944,91581,66504,117525,92448,158085,1
51620,14525,78646,66145,130266,93171,0
95264,4739,63972,100003,159236,68711,0
39410,95613,88714,135023,128124,184327,1
31514,62405,19830,93919,51344,82235,0
31246,81271,70219,112517,101465,151490,1
19205,56306,55384,75511,74589,111690,1
73993,58393,60862,132386,134855,119255,1
32830,26046,92822,58876,125652,118868,0
34762,75084,75442,109846,110204,150526,1
34083,52540,1457,86623,35540,53997,0
98142,37769,43286,135911,141428,81055,0
12479,35236,52031,47715,64510,87267,0
35385,64729,32605,100114,67990,97334,1
58300,57949,84144,116249,142444,142093,1
70249,54660,92557,124909,162806,147217,1
38681,9595,58676,48276,97357,68271,0
69948,85117,22983,155065,92931,108100,1
39488,93384,67338,132872,106826,160722,1
3760,32288,48260,36048,52020,80548,0
30361,50120,95652,80481,126013,145772,0
67522,3657,901,71179,68423,4558,0
62453,88387,51118,150840,113571,139505,1
42689,70545,17904,113234,60593,88449,0
2657,16781,33963,19438,36620,50744,0
68272,42304,77879,110576,146151,120183,1
87224,22885,98663,110109,185887,121548,1
76973,27854,4429,104827,81402,32283,0
19729,84746,38728,104475,58457,123474,0
78442,65354,74474,143796,152916,139828,1
54435,59989,44438,114424,98873,104427,1
34170,61812,94173,95982,128343,155985,1
48809,94421,49166,143230,97975,143587,1
5933,53584,41852,59517,47785,95436,0
16079,67155,1453,83234,17532,68608,0
7811,81184,34317,88995,42128,115501,0
50468,79932,19628,130400,70096,99560,0
76486,77197,14293,153683,90779,91490,1
17390,93575,66187,110965,83577,159762,0
78711,35753,22138,114464,100849,57891,0
58945,1228,88365,60173,147310,89593,0
98965,30829,40750,129794,139715,71579,0
96272,40563,63174,136835,159446,103737,1
95389,39616,68779,135005,164168,108395,1
26994,92308,17755,119302,44749,110063,0
15585,1511,1321,17096,16906,2832,0
69099,12088,47504,81187,116603,59592,0
18508,5282,62463,23790,80971,67745,0
9152,47129,29123,56281,38275,76252,0
80410,93213,74399,173623,154809,167612,1
95550,33630,12354,129180,107904,45984,0
79557,43733,82120,123290,161677,125853,1
92404,97374,8893,189778,101297,106267,1
24806,8232,49625,33038,74431,57857,0
77347,16162,73411,93509,150758,89573,1
77761,92362,40665,170123,118426,133027,1
85749,71932,92728,157681,178477,164660,1
53049,39531,31069,92580,84118,70600,1
85636,65838,86210,151474,171846,152048,1
97407,73079,40897,170486,138304,113976,1
84989,31201,73674,116190,158663,104875,1
64053,7086,76241,71139,140294,83327,0
99141,83554,93535,182695,192676,177089,1
75309,67991,98661,143300,173970,166652,1
58775,93611,29059,152386,87834,122670,0
66051,92120,65312,158171,131363,157432,1
54792,65899,6805,120691,61597,72704,0
62264,30634,30963,92898,93227,61597,0
96503,51964,16922,148467,113425,68886,0
93566,21824,37967,115390,131533,59791,0
61442,96673,11092,158115,72534,107765,0
64857,7873,34453,72730,99310,42326,0
87891,62790,41103,150681,128994,103893,1
89219,83253,21541,172472,110760,104794,1
78171,19313,46021,97484,124192,65334,0
99806,42871,13902,142677,113708,56773,0
45122,82311,65108,127433,110230,147419,1
93410,61854,65336,155264,158746,127190,1
65743,60822,71446,126565,137189,132268,1
19516,55457,70141,74973,89657,125598,1
57955,16244,86332,74199,144287,102576,0
34938,38501,45464,73439,80402,83965,1
72333,7722,65900,80055,138233,73622,1
66203,58196,48192,124399,114395,106388,1
76092,28952,69392,105044,145484,98344,1
78618,55128,53188,133746,131806,108316,1
62503,94208,9465,156711,71968,103673,0
400,80257,48647,80657,49047,128904,0
797,44469,94570,45266,95367,139039,0
46010,31011,34997,77021,81007,66008,1
36844,91032,41701,127876,78545,132733,0
91594,37903,57563,129497,149157,95466,1
9104,75771,49439,84875,58543,125210,0
30408,28148,30321,58556,60729,58469,1
26428,41642,38039,68070,64467,79681,1
19085,56970,60383,76055,79468,117353,1
18614,46759,41338,65373,59952,88097,1
25265,49383,75383,74648,100648,124766,0
6730,28776,73448,35506,80178,102224,0
73929,19404,44264,93333,118193,63668,0
4885,7940,14924,12825,19809,22864,0
12814,28691,67009,41505,79823,95700,0
60448,17732,11194,78180,71642,28926,0
41329,72635,42958,113964,84287,115593,1
80895,6821,4898,87716,85793,11719,0
27135,69261,26122,96396,53257,95383,0
35733,91086,69577,126819,105310,160663,1
83527,86968,49103,170495,132630,136071,1
26972,3104,18333,30076,45305,21437,0
38659,43372,38095,82031,76754,81467,1
52631,3537,2598,56168,55229,6135,0
85837,33829,35533,119666,121370,69362,0
54798,73618,18490,128416,73288,92108,0
51716,99676,32222,151392,83938,131898,0
3166,48832,32059,51998,35225,80891,0
49488,70839,35733,120327,85221,106572,1
37631,98297,66325,135928,103956,164622,1
2223,28769,90132,30992,92355,118901,0
51205,57721,5671,108926,56876,63392,0
57375,68113,62579,125488,119954,130692,1
26223,97915,5158,124138,31381,103073,0
86286,77936,65711,164222,151997,143647,1
30065,66115,6536,96180,36601,72651,0
33764,79217,92879,112981,126643,172096,1
30961,22873,40234,53834,71195,63107,1
78526,28086,45099,106612,123625,73185,0
489,96453,22656,96942,23145,119109,0
62212,38342,67491,100554,129703,105833,1
91431,93533,24549,184964,115980,118082,1
97574,33054,2610,130628,100184,35664,0
55751,20325,12092,76076,67843,32417,0
73682,15614,95541,89296,169223,111155,0
4618,5265,89770,9883,94388,95035,0
65396,83426,88637,148822,154033,172063,1
90013,35656,55043,125669,145056,90699,1
64280,24235,28185,88515,92465,52420,0
53316,28728,89090,82044,142406,117818,0
49395,11719,18425,61114,67820,30144,0
95137,26277,40010,121414,135147,66287,0
59137,92922,63709,152059,122846,156631,1
3129,65679,68719,68808,71848,134398,1
5700,3387,50689,9087,56389,54076,0
50723,68720,65454,119443,116177,134174,1
64223,55646,78311,119869,142534,133957,1
20970,56521,75058,77491,96028,131579,1
92534,21869,64094,114403,156628,85963,0
25923,25364,29340,51287,55263,54704,1
36158,31192,78118,67350,114276,109310,0
94749,84601,85450,179350,180199,170051,1
27938,59272,68879,87210,96817,128151,1
60301,39436,9137,99737,69438,48573,0
67431,54500,13030,121931,80461,67530,1
96079,8321,98049,104400,194128,106370,1
62375,69533,17315,131908,79690,86848,1
53920,72572,36146,126492,90066,108718,1
94870,45878,74628,140748,169498,120506,1
5554,43030,73871,48584,79425,116901,0
41150,49038,54481,90188,95631,103519,1
24433,26684,66951,51117,91384,93635,0
14688,15891,35766,30579,50454,51657,0
77379,86017,41571,163396,118950,127588,1
35970,16458,35343,52428,71313,51801,1
97182,13413,18,110595,97200,13431,0
74204,93957,92939,168161,167143,186896,1
7988,2122,97594,10110,105582,99716,0
88540,6721,52503,95261,141043,59224,0
89056,32673,53647,121729,142703,86320,0
6373,29159,17624,35532,23997,46783,0
23868,6823,64443,30691,88311,71266,0
22897,30286,68525,53183,91422,98811,0
80006,14366,86237,94372,166243,100603,1
23666,56358,22069,80024,45735,78427,0
3154,27408,19325,30562,22479,46733,0
5593,71648,94568,77241,100161,166216,0
88098,85229,15133,173327,103231,100362,1
94502,98984,16049,193486,110551,115033,1
40609,90956,55860,131565,96469,146816,1
85041,15627,10823,100668,95864,26450,0
5846,33131,52961,38977,58807,86092,0
63213,58321,24543,121534,87756,82864,1
93928,61907,55688,155835,149616,117595,1
82038,90944,42862,172982,124900,133806,1
62993,24229,91553,87222,154546,115782,0
98249,16420,94317,114669,192566,110737,1
87962,27201,90599,115163,178561,117800,1
52962,28908,22128,81870,75090,51036,0
71764,88812,8423,160576,80187,97235,0
49743,77941,56315,127684,106058,134256,1
1715,89080,51890,90795,53605,140970,0
32314,83910,50199,116224,82513,134109,0
50157,94725,59808,144882,109965,154533,1
99947,44820,54789,144767,154736,99609,0
25604,61409,27206,87013,52810,88615,0
24556,41051,94919,65607,119475,135970,0
63886,61601,48976,125487,112862,110577,1
93784,36049,48625,129833,142409,84674,0
2132,48555,77590,50687,79722,126145,0
91198,31916,99939,123114,191137,131855,1
32467,64261,6326,96728,38793,70587,0
8454,39374,61306,47828,69760,100680,0
44886,44849,24180,89735,69066,69029,1
56644,83656,91530,140300,148174,175186,1
30134,38852,96138,68986,126272,134990,0
63222,81927,85646,145149,148868,167573,1
53886,9589,88221,63475,142107,97810,0
13599,4578,31389,18177,44988,35967,0
65505,75572,16446,141077,81951,92018,1
36555,16437,60478,52992,97033,76915,0
49479,69173,87144,118652,136623,156317,1
52640,75915,9490,128555,62130,85405,0
37158,89663,71233,126821,108391,160896,1
48880,60873,25648,109753,74528,86521,1
82838,35487,55799,118325,138637,91286,1
23669,12202,46520,35871,70189,58722,0
6020,58021,78802,64041,84822,136823,0
85742,86487,8462,172229,94204,94949,1
56570,75548,12371,132118,68941,87919,0
85928,13437,91360,99365,177288,104797,1
48143,82935,24229,131078,72372,107164,0
65017,57706,28964,122723,93981,86670,1
88795,35053,68733,123848,157528,103786,1
40876,86196,39335,127072,80211,125531,0
70224,81330,36117,151554,106341,117447,1
67157,59664,94887,126821,162044,154551,1
3231,51984,40107,55215,43338,92091,0
20343,45397,29870,65740,50213,75267,1
29436,80588,49946,110024,79382,130534,0
89128,7190,98832,96318,187960,106022,0
16430,52515,97556,68945,113986,150071,0
74445,59383,81751,133828,156196,141134,1
82773,84781,80858,167554,163631,165639,1
40489,60993,39549,101482,80038,100542,1
76221,61114,22802,137335,99023,83916,1
97954,16230,67325,114184,165279,83555,0
60460,4803,50486,65263,110946,55289,0
89300,97681,90791,186981,180091,188472,1
26814,63435,30436,90249,57250,93871,0
9847,49716,60393,59563,70240,110109,0
96015,46956,19142,142971,115157,66098,0
90159,71489,42306,161648,132465,113795,1
30894,5859,8768,36753,39662,14627,0
73605,94464,63982,168069,137587,158446,1
10504,53980,59175,64484,69679,113155,1
83987,89543,62837,173530,146824,152380,1
56900,50104,65111,107004,122011,115215,1
18573,29364,71585,47937,90158,100949,0
19611,2351,23680,21962,43291,26031,0
22822,13049,22935,35871,45757,35984,1
50800,38434,56831,89234,107631,95265,1
46415,96041,31308,142456,77723,127349,0
45554,58094,17723,103648,63277,75817,1
51247,1153,76193,52400,127440,77346,0
78347,80666,84071,159013,162418,164737,1
81278,83125,96987,164403,178265,180112,1
1624,78287,17968,79911,19592,96255,0
45609,39325,42503,84934,88112,81828,1
36734,44931,36198,81665,72932,81129,1
68798,68656,61279,137454,130077,129935,1
46100,24097,64899,70197,110999,88996,1
73849,40929,68245,114778,142094,109174,1
46186,25111,28960,71297,75146,54071,1
95597,16331,17697,111928,113294,34028,0
6462,24156,83266,30618,89728,107422,0
8327,43622,59233,51949,67560,102855,0
62201,7302,27420,69503,89621,34722,0
14205,83964,56100,98169,70305,140064,0
53216,60080,73982,113296,127198,134062,1
53344,50233,47315,103577,100659,97548,1
50549,69059,72746,119608,123295,141805,1
85358,21162,58317,106520,143675,79479,0
86454,70409,4602,156863,91056,75011,0
16474,517,84961,16991,101435,85478,0
97090,65221,94287,162311,191377,159508,1
35612,8767,6551,44379,42163,15318,0
8602,20284,77553,28886,86155,97837,0
15824,66225,48713,82049,64537,114938,0
41493,50891,92086,92384,133579,142977,1
95380,91672,8560,187052,103940,100232,1
55448,66913,39647,122361,95095,106560,1
38567,13966,89430,52533,127997,103396,0
52208,27554,12652,79762,64860,40206,0
99756,71108,25915,170864,125671,97023,0
47128,89928,11760,137056,58888,101688,0
13445,75574,93136,89019,106581,168710,0
17058,42811,51601,59869,68659,94412,1
1828,25684,22233,27512,24061,47917,0
77253,10376,37407,87629,114660,47783,0
62566,5784,39959,68350,102525,45743,0
26293,38286,30767,64579,57060,69053,1
16231,57575,7554,73806,23785,65129,0
10499,83504,16609,94003,27108,100113,0
23154,96685,33989,119839,57143,130674,0
69879,54676,26044,124555,95923,80720,1
80559,91002,63020,171561,143579,154022,1
59143,37391,38435,96534,97578,75826,1
87291,98226,95019,185517,182310,193245,1
16425,74133,75270,90558,91695,149403,1
48607,41101,90234,89708,138841,131335,0
71843,30181,32894,102024,104737,63075,0
41533,31277,18477,72810,60010,49754,1
37731,59628,9986,97359,47717,69614,0
87202,77792,16326,164994,103528,94118,1
50142,23627,48271,73769,98413,71898,1
53582,43913,26909,97495,80491,70822,1
47928,82193,35966,130121,83894,118159,1
8591,92597,19531,101188,28122,112128,0
23368,22769,20123,46137,43491,42892,1
64733,91832,56990,156565,121723,148822,1
94324,19820,24351,114144,118675,44171,0
36368,1140,15522,37508,51890,16662,0
13089,44398,46853,57487,59942,91251,1
18230,76004,97038,94234,115268,173042,0
71794,81303,13841,153097,85635,95144,1
69231,23299,20898,92530,90129,44197,0
35152,11603,39438,46755,74590,51041,1
3632,80879,36035,84511,39667,116914,0
66090,58748,60742,124838,126832,119490,1
8584,33191,71424,41775,80008,104615,0
99411,80202,39109,179613,138520,119311,1
68947,67015,75035,135962,143982,142050,1
82503,83162,53516,165665,136019,136678,1
61590,80672,91812,142262,153402,172484,1
90347,36387,91840,126734,182187,128227,1
64186,43051,54055,107237,118241,97106,1
20665,86287,50933,106952,71598,137220,0
13584,89147,31097,102731,44681,120244,0
84707,57096,56583,141803,141290,113679,1
97192,55284,60037,152476,157229,115321,1
37908,26335,23064,64243,60972,49399,1
62377,22667,33071,85044,95448,55738,0
1841,38072,31737,39913,33578,69809,0
14301,18529,85397,32830,99698,103926,0
72618,75300,75478,147918,148096,150778,1
67947,3891,74120,71838,142067,78011,0
77929,94262,427,172191,78356,94689,0
82963,61570,36488,144533,119451,98058,1
55704,57066,53880,112770,109584,110946,1
3396,10000,62049,13396,65445,72049,0
98885,14820,50038,113705,148923,64858,0
21347,55246,33182,76593,54529,88428,0
98151,83599,27392,181750,125543,110991,1
85479,84181,18228,169660,103707,102409,1
67005,14163,54591,81168,121596,68754,1
4403,24056,93674,28459,98077,117730,0
44299,65335,4902,109634,49201,70237,0
52800,53783,30666,106583,83466,84449,1
78334,14099,98048,92433,176382,112147,0
24526,58820,9083,83346,33609,67903,0
65233,23996,24439,89229,89672,48435,0
9525,29398,99318,38923,108843,128716,0
83211,401,29721,83612,112932,30122,0
97464,64250,49381,161714,146845,113631,1
87121,67933,99817,155054,186938,167750,1
66249,74162,31469,140411,97718,105631,1
75769,88925,77588,164694,153357,166513,1
84012,13445,58713,97457,142725,72158,0
49919,44556,54064,94475,103983,98620,1
72273,34696,8912,106969,81185,43608,0
8881,43164,94154,52045,103035,137318,0
49720,23646,89893,73366,139613,113539,0
15432,59459,76287,74891,91719,135746,0
8154,5053,29327,13207,37481,34380,0
8970,85757,97707,94727,106677,183464,0
65656,51218,20000,116874,85656,71218,1
43662,50952,82890,94614,126552,133842,1
74161,19756,58017,93917,132178,77773,1
26454,51061,34012,77515,60466,85073,1
92617,7655,92243,100272,184860,99898,1
23254,73854,7599,97108,30853,81453,0
98226,9568,16356,107794,114582,25924,0
20425,19259,76442,39684,96867,95701,0
93044,6049,73572,99093,166616,79621,0
95298,42507,99355,137805,194653,141862,1
97635,21985,77877,119620,175512,99862,1
60290,39266,47533,99556,107823,86799,1
75663,44932,12308,120595,87971,57240,0
90849,98668,34115,189517,124964,132783,1
72998,99900,40418,172898,113416,140318,1
66361,73588,50521,139949,116882,124109,1
78516,38199,28710,116715,107226,66909,0
4158,76163,83123,80321,87281,159286,0
26227,20332,43382,46559,69609,63714,1
6898,92503,15673,99401,22571,108176,0
64041,90337,76817,154378,140858,167154,1
81417,33707,84956,115124,166373,118663,1
69887,78160,13414,148047,83301,91574,1
97249,88057,29103,185306,126352,117160,1
75975,60426,38036,136401,114011,98462,1
17517,77716,4021,95233,21538,81737,0
68709,44449,9848,113158,78557,54297,0
71391,21379,21562,92770,92953,42941,0
70888,33079,18109,103967,88997,51188,0
40385,78520,41764,118905,82149,120284,1
31400,97420,19542,128820,50942,116962,0
68994,93841,25026,162835,94020,118867,1
87049,43398,49808,130447,136857,93206,1
45940,52546,67121,98486,113061,119667,1
17332,45982,71708,63314,89040,117690,0
89613,54983,43314,144596,132927,98297,1
71567,19110,81351,90677,152918,100461,1
64466,23157,40286,87623,104752,63443,0
92815,69657,28965,162472,121780,98622,1
40343,84821,287,125164,40630,85108,0
83478,66908,87506,150386,170984,154414,1
26678,28941,83889,55619,110567,112830,0
38037,90829,57271,128866,95308,148100,1
29350,3048,10244,32398,39594,13292,0
76631,63680,90538,140311,167169,154218,1
34835,52089,99208,86924,134043,151297,0
85868,12696,77448,98564,163316,90144,1
35722,98602,12797,134324,48519,111399,0
54195,74923,14926,129118,69121,89849,0
71809,54147,68991,125956,140800,123138,1
26073,20286,10608,46359,36681,30894,1
59200,88132,24177,147332,83377,112309,0
88865,57769,50329,146634,139194,108098,1
62035,9500,6157,71535,68192,15657,0
37549,89077,12851,126626,50400,101928,0
6707,90562,98703,97269,105410,189265,0
70808,3105,9946,73913,80754,13051,0
81574,70476,72626,152050,154200,143102,1
36748,88916,12757,125664,49505,101673,0
83422,94321,32340,177743,115762,126661,1
72854,74855,76195,147709,149049,151050,1
32470,25529,33584,57999,66054,59113,1
10367,36419,14268,46786,24635,50687,0
48165,33174,95876,81339,144041,129050,0
15945,80714,7554,96659,23499,88268,0
41155,79267,50034,120422,91189,129301,1
92900,2768,91234,95668,184134,94002,1
59905,1128,46736,61033,106641,47864,0
6279,61016,34625,67295,40904,95641,0
67259,80696,66324,147955,133583,147020,1
64569,97056,53333,161625,117902,150389,1
39860,73732,22660,113592,62520,96392,0
9273,90460,42509,99733,51782,132969,0
2655,51702,24275,54357,26930,75977,0
1428,23291,20481,24719,21909,43772,0
52855,59579,43596,112434,96451,103175,1
80493,71975,86769,152468,167262,158744,1
38168,80338,39650,118506,77818,119988,0
30551,95008,86847,125559,117398,181855,1
3606,93940,9443,97546,13049,103383,0
68702,21316,28067,90018,96769,49383,0
60328,54052,80271,114380,140599,134323,1
32974,22980,6085,55954,39059,29065,0
8023,24709,55759,32732,63782,80468,0
30127,67360,66198,97487,96325,133558,1
31504,72074,92197,103578,123701,164271,1
5085,83107,56577,88192,61662,139684,0
97252,86873,42593,184125,139845,129466,1
99814,12076,34114,111890,133928,46190,0
30066,44039,73829,74105,103895,117868,1
24786,93853,14137,118639,38923,107990,0
10522,60913,61277,71435,71799,122190,1
38115,8556,65150,46671,103265,73706,0
1000,15310,27899,16310,28899,43209,0
64594,41160,79336,105754,143930,120496,1
7320,53768,89576,61088,96896,143344,0
80249,15933,86153,96182,166402,102086,1
4271,10759,94393,15030,98664,105152,0
47011,87051,58911,134062,105922,145962,1
51421,31401,27659,82822,79080,59060,1
48217,29557,63071,77774,111288,92628,1
46336,79073,55390,125409,101726,134463,1
3707,26156,93762,29863,97469,119918,0
22561,90081,51935,112642,74496,142016,0
68336,41460,16002,109796,84338,57462,0
60647,42834,2712,103481,63359,45546,0
19097,99891,9968,118988,29065,109859,0
17163,14400,63422,31563,80585,77822,0
40875,21973,21290,62848,62165,43263,1
38378,20354,19639,58732,58017,39993,1
27416,51671,58303,79087,85719,109974,1
77784,72618,4727,150402,82511,77345,0
13172,39778,53764,52950,66936,93542,0
9247,51573,34998,60820,44245,86571,0
75564,74232,38325,149796,113889,112557,1
88227,15921,21379,104148,109606,37300,0
46728,55896,1166,102624,47894,57062,0
66826,98331,25826,165157,92652,124157,0
32173,82601,26730,114774,58903,109331,0
13092,8443,470,21535,13562,8913,0
10616,50857,14018,61473,24634,64875,0
18297,13035,24225,31332,42522,37260,1
7147,52172,71217,59319,78364,123389,0
88604,54650,45979,143254,134583,100629,1
21980,42305,58187,64285,80167,100492,1
69460,23451,89340,92911,158800,112791,1
15447,35618,31109,51065,46556,66727,1
66261,45003,63291,111264,129552,108294,1
47077,76707,6266,123784,53343,82973,0
72943,15649,43326,88592,116269,58975,0
2573,94773,59087,97346,61660,153860,0
74340,41586,98124,115926,172464,139710,1
56393,16738,44134,73131,100527,60872,1
44486,41399,1305,85885,45791,42704,0
44347,56285,46636,100632,90983,102921,1
90776,13707,1246,104483,92022,14953,0
65068,23736,49831,88804,114899,73567,1
68216,42178,97683,110394,165899,139861,1
63625,52245,61644,115870,125269,113889,1
94728,76923,53706,171651,148434,130629,1
47160,9591,8209,56751,55369,17800,0
12337,77827,43919,90164,56256,121746,0
73584,4881,85607,78465,159191,90488,0
15588,73456,63620,89044,79208,137076,1
1702,25898,46406,27600,48108,72304,0
13785,69947,50616,83732,64401,120563,0
93645,17561,30420,111206,124065,47981,0
8656,31577,62051,40233,70707,93628,0
93090,7262,48132,100352,141222,55394,0
90291,57345,80046,147636,170337,137391,1
25070,6759,78728,31829,103798,85487,0
22752,8574,38976,31326,61728,47550,0
17023,73627,80203,90650,97226,153830,1
83640,76630,38889,160270,122529,115519,1
89587,71169,85350,160756,174937,156519,1
76691,65322,54317,142013,131008,119639,1
71628,3293,64563,74921,136191,67856,0
13919,51719,59443,65638,73362,111162,1
26454,17064,83253,43518,109707,100317,0
79308,69748,84950,149056,164258,154698,1
10458,97948,6986,108406,17444,104934,0
93109,30937,88671,124046,181780,119608,1
98493,94441,92621,192934,191114,187062,1
47649,87428,2382,135077,50031,89810,0
94610,90837,75365,185447,169975,166202,1
86464,20177,57623,106641,144087,77800,0
32730,21904,28800,54634,61530,50704,1
31384,66604,61598,97988,92982,128202,1
38687,99357,95154,138044,133841,194511,1
81521,84395,42112,165916,123633,126507,1
55193,86674,95966,141867,151159,182640,1
3499,97523,22598,101022,26097,120121,0
65317,30725,64054,96042,129371,94779,1
43202,62756,15574,105958,58776,78330,0
14533,19307,35940,33840,50473,55247,0
86617,87837,39555,174454,126172,127392,1
83804,85565,52038,169369,135842,137603,1
51687,62814,81833,114501,133520,144647,1
42753,70697,65856,113450,108609,136553,1
50880,99764,7676,150644,58556,107440,0
93881,73919,18255,167800,112136,92174,0
4847,92618,29733,97465,34580,122351,0
24379,46795,36535,71174,60914,83330,1
26612,33590,45801,60202,72413,79391,1
82599,8916,13789,91515,96388,22705,0
84877,62198,4770,147075,89647,66968,0
51797,62515,16505,114312,68302,79020,1
91425,56362,32260,147787,123685,88622,0
48875,41158,49446,90033,98321,90604,1
85145,59544,44226,144689,129371,103770,1
83942,22984,92440,106926,176382,115424,1
46552,41868,64791,88420,111343,106659,1
64823,4221,13077,69044,77900,17298,0
88067,6338,73508,94405,161575,79846,0
78678,62155,75699,140833,154377,137854,1
32826,44643,51782,77469,84608,96425,1
93728,95398,45981,189126,139709,141379,1
90314,50015,76881,140329,167195,126896,1
85146,8089,90172,93235,175318,98261,1
29777,75456,61555,105233,91332,137011,1
42784,4720,83985,47504,126769,88705,0
65429,24718,42467,90147,107896,67185,1
63330,92285,12471,155615,75801,104756,0
61920,77844,80073,139764,141993,157917,1
2573,46264,7645,48837,10218,53909,0
48079,58716,47730,106795,95809,106446,1
71023,19122,39042,90145,110065,58164,0
46469,48643,13866,95112,60335,62509,1
23709,69472,82088,93181,105797,151560,1
97310,65572,9159,162882,106469,74731,0
50315,84441,55073,134756,105388,139514,1
1037,90571,39200,91608,40237,129771,0
15349,56640,84383,71989,99732,141023,0
20916,4830,30603,25746,51519,35433,0
50920,25455,21489,76375,72409,46944,0
55282,22771,25206,78053,80488,47977,0
91271,27232,78569,118503,169840,105801,1
3186,25774,47894,28960,51080,73668,0
14704,38699,76770,53403,91474,115469,0
73208,86556,93828,159764,167036,180384,1
31097,74927,65773,106024,96870,140700,1
50617,94686,54373,145303,104990,149059,1
93452,17597,18686,111049,112138,36283,0
227,20406,16893,20633,17120,37299,0
16931,38479,18901,55410,35832,57380,0
96758,12109,2071,108867,98829,14180,0
24688,86813,84480,111501,109168,171293,1
51409,29846,12694,81255,64103,42540,0
35036,6765,20447,41801,55483,27212,0
89979,23491,24804,113470,114783,48295,0
26358,68495,27348,94853,53706,95843,0
15459,51456,79787,66915,95246,131243,0
90084,92739,49972,182823,140056,142711,1
11078,41677,92538,52755,103616,134215,0
10534,11,26224,10545,36758,26235,0
8387,97088,19376,105475,27763,116464,0
480,76484,62588,76964,63068,139072,0
10388,57634,76836,68022,87224,134470,0
20449,21963,13483,42412,33932,35446,1
14330,22178,73916,36508,88246,96094,0
98153,13541,60601,111694,158754,74142,0
64714,20796,38891,85510,103605,59687,0
67091,66866,98233,133957,165324,165099,1
2366,95367,37433,97733,39799,132800,0
96247,53441,37738,149688,133985,91179,0
76546,14990,22894,91536,99440,37884,0
99876,34165,84544,134041,184420,118709,1
37717,96043,87928,133760,125645,183971,1
51981,87304,30922,139285,82903,118226,0
88410,8284,52373,96694,140783,60657,0
43242,90164,89816,133406,133058,179980,1
38218,84572,6124,122790,44342,90696,0
1862,72189,53697,74051,55559,125886,0
56667,32327,58550,88994,115217,90877,1
78228,51140,95805,129368,174033,146945,1
72587,9864,46485,82451,119072,56349,0
202,77656,3097,77858,3299,80753,0
37438,10418,95729,47856,133167,106147,0
87470,29199,20359,116669,107829,49558,0
87892,70663,34529,158555,122421,105192,1
99710,48622,80096,148332,179806,128718,1
97815,52459,36846,150274,134661,89305,0
98449,64852,5581,163301,104030,70433,0
20746,61650,89934,82396,110680,151584,0
22087,717,22691,22804,44778,23408,1
341,17574,58789,17915,59130,76363,0
95200,90179,52103,185379,147303,142282,1
81292,60656,47915,141948,129207,108571,1
17756,63975,33804,81731,51560,97779,0
38435,35389,9464,73824,47899,44853,1
70761,3772,63832,74533,134593,67604,0
67201,86092,45431,153293,112632,131523,1
91569,60963,67376,152532,158945,128339,1
14223,42572,83344,56795,97567,125916,0
70803,38335,72542,109138,143345,110877,1
77895,63013,4123,140908,82018,67136,0
45137,8377,88488,53514,133625,96865,0
84938,81487,72361,166425,157299,153848,1
13150,80797,9144,93947,22294,89941,0
8153,31833,11219,39986,19372,43052,0
21437,54847,85905,76284,107342,140752,0
29406,28070,96905,57476,126311,124975,0
51016,69149,31708,120165,82724,100857,1
79373,91622,88308,170995,167681,179930,1
61068,12398,65252,73466,126320,77650,1
32683,75348,96717,108031,129400,172065,1
67267,56608,52741,123875,120008,109349,1
83530,20453,28692,103983,112222,49145,0
20433,35319,67917,55752,88350,103236,0
96526,1769,39646,98295,136172,41415,0
15073,35218,96286,50291,111359,131504,0
55450,74821,84086,130271,139536,158907,1
83278,73156,78022,156434,161300,151178,1
46922,43635,74866,90557,121788,118501,1
56053,43104,56978,99157,113031,100082,1
72923,74901,93377,147824,166300,168278,1
8976,31878,96626,40854,105602,128504,0
2142,20468,1353,22610,3495,21821,0
65326,42900,14555,108226,79881,57455,0
60690,61779,29387,122469,90077,91166,1
70211,5243,23990,75454,94201,29233,0
46329,66221,71491,112550,117820,137712,1
54311,17347,60406,71658,114717,77753,1
9326,86155,27199,95481,36525,113354,0
98217,70674,60302,168891,158519,130976,1
47164,10779,55104,57943,102268,65883,1
88714,52489,70237,141203,158951,122726,1
93535,95,80710,93630,174245,80805,0
83028,68578,35968,151606,118996,104546,1
2532,15489,8069,18021,10601,23558,0
14393,61744,53266,76137,67659,115010,1
44374,11807,21828,56181,66202,33635,0
21782,8430,61009,30212,82791,69439,0
49168,78358,32334,127526,81502,110692,1
35298,20982,41650,56280,76948,62632,1
41675,29477,57000,71152,98675,86477,1
72541,39401,93001,111942,165542,132402,1
91112,74096,57089,165208,148201,131185,1
92077,10083,67256,102160,159333,77339,0
47715,45676,90990,93391,138705,136666,1
4472,85811,60075,90283,64547,145886,0
29009,66625,74235,95634,103244,140860,1
33920,2639,78661,36559,112581,81300,0
40405,71911,35596,112316,76001,107507,1
40438,30542,81284,70980,121722,111826,0
19828,93478,17202,113306,37030,110680,0
33915,64039,50239,97954,84154,114278,1
64963,18988,10038,83951,75001,29026,0
80396,57900,86942,138296,167338,144842,1
68978,2700,85424,71678,154402,88124,0
10659,35790,42822,46449,53481,78612,1
3968,18558,67790,22526,71758,86348,0
5955,5724,25374,11679,31329,31098,0
65970,12235,54362,78205,120332,66597,1
48960,46586,61427,95546,110387,108013,1
19057,81405,143,100462,19200,81548,0
39645,45181,85535,84826,125180,130716,0
95128,61534,29332,156662,124460,90866,0
57311,29060,15559,86371,72870,44619,0
14373,77546,29892,91919,44265,107438,0
84528,81351,87509,165879,172037,168860,1
14132,23803,2223,37935,16355,26026,0
65483,71532,90613,137015,156096,162145,1
54105,37732,50092,91837,104197,87824,1
57765,28567,69042,86332,126807,97609,1
59347,30548,5710,89895,65057,36258,0
67327,79349,42255,146676,109582,121604,1
78734,46028,81534,124762,160268,127562,1
10608,98629,14855,109237,25463,113484,0
11878,80277,64063,92155,75941,144340,0
30215,60265,75366,90480,105581,135631,1
89213,82538,51713,171751,140926,134251,1
47273,59330,46570,106603,93843,105900,1
16916,84703,70149,101619,87065,154852,1
1266,61771,65673,63037,66939,127444,0
28868,8106,81178,36974,110046,89284,0
91071,17541,4215,108612,95286,21756,0
97270,21847,30757,119117,128027,52604,0
39896,62290,11572,102186,51468,73862,0
39304,84364,97673,123668,136977,182037,1
93781,28560,99598,122341,193379,128158,1
67248,43690,38468,110938,105716,82158,1
31759,4065,16630,35824,48389,20695,0
19888,14809,70131,34697,90019,84940,0
90227,78634,80651,168861,170878,159285,1
81759,44009,14466,125768,96225,58475,0
23919,66923,11575,90842,35494,78498,0
27708,86980,3371,114688,31079,90351,0
96854,76575,43978,173429,140832,120553,1
10525,13820,63099,24345,73624,76919,0
76677,63923,86853,140600,163530,150776,1
15160,7196,95486,22356,110646,102682,0
39581,41321,82016,80902,121597,123337,0
4068,61965,55415,66033,59483,117380,0
91902,10228,42836,102130,134738,53064,0
39661,91395,70606,131056,110267,162001,1
34328,67488,33253,101816,67581,100741,1
25715,31854,71368,57569,97083,103222,0
35568,77695,37534,113263,73102,115229,0
80859,13492,71394,94351,152253,84886,1
10132,41106,19037,51238,29169,60143,0
35558,22879,52147,58437,87705,75026,1
77324,46928,14417,124252,91741,61345,0
68858,94755,53703,163613,122561,148458,1
52733,9434,88939,62167,141672,98373,0
95343,50976,53693,146319,149036,104669,1
91007,85103,97818,176110,188825,182921,1
6133,33123,55670,39256,61803,88793,0
59146,96150,34152,155296,93298,130302,0
14715,19903,29646,34618,44361,49549,1
7030,44261,96306,51291,103336,140567,0
53530,48090,15552,101620,69082,63642,1
59843,58523,70317,118366,130160,128840,1
13169,2385,40370,15554,53539,42755,0
68104,58866,82826,126970,150930,141692,1
85421,24819,50286,110240,135707,75105,0
39428,32350,55429,71778,94857,87779,1
11957,37078,91273,49035,103230,128351,0
91430,26779,11665,118209,103095,38444,0
58804,18904,56859,77708,115663,75763,1
4109,5638,45498,9747,49607,51136,0
29126,7580,16726,36706,45852,24306,0
46674,10814,34698,57488,81372,45512,0
43650,69185,3094,112835,46744,72279,0
57847,43972,19712,101819,77559,63684,1
96399,4299,3242,100698,99641,7541,0
17408,55740,39654,73148,57062,95394,1
13325,86060,41737,99385,55062,127797,0
12846,14314,1865,27160,14711,16179,1
45844,47834,81760,93678,127604,129594,1
86713,16033,63719,102746,150432,79752,0
17597,67919,32266,85516,49863,100185,0
7602,1115,21835,8717,29437,22950,0
64084,30847,29211,94931,93295,60058,0
23298,76895,42370,100193,65668,119265,0
39286,14400,90999,53686,130285,105399,0
13771,26973,44940,40744,58711,71913,0
43921,29042,64254,72963,108175,93296,1
6237,61922,72135,68159,78372,134057,0
46942,6063,18155,53005,65097,24218,0
53677,41598,14304,95275,67981,55902,1
53563,86652,60934,140215,114497,147586,1
13932,27162,96455,41094,110387,123617,0
87075,77620,63644,164695,150719,141264,1
49302,72729,4648,122031,53950,77377,0
52215,77257,45344,129472,97559,122601,1
92295,11077,68400,103372,160695,79477,0
90922,3759,31470,94681,122392,35229,0
70061,3648,62899,73709,132960,66547,0
94350,53427,24344,147777,118694,77771,0
40531,34179,23674,74710,64205,57853,1
63974,68511,77258,132485,141232,145769,1
83311,55019,17900,138330,101211,72919,0
68696,46109,22210,114805,90906,68319,0
84338,88632,18360,172970,102698,106992,1
78294,61954,86537,140248,164831,148491,1
91567,3491,31055,95058,122622,34546,0
99679,34043,93327,133722,193006,127370,1
71621,87656,94824,159277,166445,182480,1
73870,91000,15472,164870,89342,106472,0
72685,81471,39283,154156,111968,120754,1
23654,46474,92836,70128,116490,139310,0
47479,83560,40066,131039,87545,123626,1
561,39157,80042,39718,80603,119199,0
79752,36396,41340,116148,121092,77736,0
52634,70530,25062,123164,77696,95592,1
99150,95159,74487,194309,173637,169646,1
51475,3081,86674,54556,138149,89755,0
64395,58906,59417,123301,123812,118323,1
13725,11461,78526,25186,92251,89987,0
72885,2305,97741,75190,170626,100046,0
34036,18360,15102,52396,49138,33462,0
34299,18431,4255,52730,38554,22686,0
738,47316,78460,48054,79198,125776,0
73182,28690,4383,101872,77565,33073,0
85957,77947,36781,163904,122738,114728,1
34469,49460,53246,83929,87715,102706,1
3313,3196,40788,6509,44101,43984,0
88675,37078,31541,125753,120216,68619,0
78360,21200,31575,99560,109935,52775,0
36461,32619,79830,69080,116291,112449,0
3032,94047,93010,97079,96042,187057,1
54705,50562,58822,105267,113527,109384,1
92367,70566,55313,162933,147680,125879,1
7527,48823,21840,56350,29367,70663,0
53009,24147,90461,77156,143470,114608,0
44605,63645,74816,108250,119421,138461,1
82037,93218,40888,175255,122925,134106,1
92861,81353,94356,174214,187217,175709,1
14214,53510,43275,67724,57489,96785,1
40610,27588,37361,68198,77971,64949,1
93348,60685,33070,154033,126418,93755,1
64781,17256,71836,82037,136617,89092,1
6684,20322,74644,27006,81328,94966,0
25665,63044,98640,88709,124305,161684,0
19929,26942,94862,46871,114791,121804,0
59080,44856,35127,103936,94207,79983,1
86359,47172,58752,133531,145111,105924,1
88840,62847,61301,151687,150141,124148,1
56592,10207,27451,66799,84043,37658,0
56035,91348,81435,147383,137470,172783,1
52001,88262,67476,140263,119477,155738,1
85647,7277,1386,92924,87033,8663,0
58053,65006,28678,123059,86731,93684,1
11898,78383,79973,90281,91871,158356,1
83102,72901,46218,156003,129320,119119,1
74830,24358,57059,99188,131889,81417,1
23482,69204,22884,92686,46366,92088,0
73655,40914,93899,114569,167554,134813,1
73028,95324,70847,168352,143875,166171,1
14579,81081,36183,95660,50762,117264,0
31858,46215,36978,78073,68836,83193,1
35993,12632,45748,48625,81741,58380,1
26369,71092,66805,97461,93174,137897,1
58851,18318,52169,77169,111020,70487,1
45356,53190,11190,98546,56546,64380,1
92574,79249,92088,171823,184662,171337,1
46868,23233,18340,70101,65208,41573,0
32554,12131,86182,44685,118736,98313,0
80622,22807,25229,103429,105851,48036,0
31687,50551,57014,82238,88701,107565,1
959,39833,19419,40792,20378,59252,0
18625,50247,47344,68872,65969,97591,1
77721,48721,15620,126442,93341,64341,0
48827,51076,69082,99903,117909,120158,1
25245,46722,72260,71967,97505,118982,0
47661,98357,68212,146018,115873,166569,1
79552,26708,24537,106260,104089,51245,0
97787,74971,9010,172758,106797,83981,0
15406,90389,80110,105795,95516,170499,1
62965,21262,75277,84227,138242,96539,1
28789,87723,25629,116512,54418,113352,0
52228,24874,41097,77102,93325,65971,1
78198,15077,1911,93275,80109,16988,0
82150,94520,83732,176670,165882,178252,1
34019,15198,16720,49217,50739,31918,0
6305,12688,66304,18993,72609,78992,0
2873,42128,1773,45001,4646,43901,0
69550,18667,25135,88217,94685,43802,0
75170,87382,7457,162552,82627,94839,0
43844,54732,59519,98576,103363,114251,1
28545,5893,1710,34438,30255,7603,0
17768,14118,17078,31886,34846,31196,1
20428,32345,66556,52773,86984,98901,0
56231,48866,56152,105097,112383,105018,1
50367,81085,32856,131452,83223,113941,1
31228,12849,60116,44077,91344,72965,0
14908,5398,81623,20306,96531,87021,0
55424,41861,72978,97285,128402,114839,1
86960,85569,30378,172529,117338,115947,1
73694,46992,80219,120686,153913,127211,1
29512,19359,50693,48871,80205,70052,0
3948,7140,86444,11088,90392,93584,0
89503,8910,22234,98413,111737,31144,0
26915,42197,77358,69112,104273,119555,0
63385,94691,60248,158076,123633,154939,1
86590,5502,5595,92092,92185,11097,0
23359,61829,30737,85188,54096,92566,0
88502,51187,31413,139689,119915,82600,0
38720,21634,47534,60354,86254,69168,1
65607,47031,7897,112638,73504,54928,0
88669,94679,21157,183348,109826,115836,1
28170,42087,75354,70257,103524,117441,0
36918,45424,56766,82342,93684,102190,1
69450,70253,45826,139703,115276,116079,1
58859,17177,63427,76036,122286,80604,1
87892,15880,18612,103772,106504,34492,0
23601,52136,762,75737,24363,52898,0
32945,12116,47738,45061,80683,59854,0
22045,24571,62574,46616,84619,87145,0
43605,29416,3069,73021,46674,32485,0
71940,29210,4673,101150,76613,33883,0
9767,67035,15648,76802,25415,82683,0
67192,53048,34807,120240,101999,87855,1
19069,75844,84838,94913,103907,160682,1
35895,96772,82815,132667,118710,179587,1
79321,91438,73103,170759,152424,164541,1
99282,65994,29018,165276,128300,95012,0
63799,19662,24462,83461,88261,44124,0
92887,40531,39420,133418,132307,79951,0
76857,19867,2795,96724,79652,22662,0
92994,53655,57445,146649,150439,111100,1
58183,49158,49203,107341,107386,98361,1
28219,19976,46157,48195,74376,66133,1
32994,11100,64590,44094,97584,75690,0
2327,82530,78018,84857,80345,160548,0
64407,16911,3435,81318,67842,20346,0
32435,40768,47661,73203,80096,88429,1
51979,83285,88221,135264,140200,171506,1
56671,88077,57697,144748,114368,145774,1
39265,43723,90391,82988,129656,134114,0
75789,1666,65342,77455,141131,67008,0
47429,96057,35001,143486,82430,131058,0
58071,64872,68918,122943,126989,133790,1
81782,5636,34321,87418,116103,39957,0
81869,34998,77039,116867,158908,112037,1
78378,1520,98605,79898,176983,100125,0
98624,16378,26913,115002,125537,43291,0
19887,2181,64369,22068,84256,66550,0
31446,91351,8595,122797,40041,99946,0
45903,23649,76681,69552,122584,100330,0
6737,23235,86671,29972,93408,109906,0
67461,42244,52229,109705,119690,94473,1
98008,91162,82981,189170,180989,174143,1
33867,93264,96813,127131,130680,190077,1
72664,21260,55988,93924,128652,77248,1
61298,81015,96648,142313,157946,177663,1
54414,14195,28569,68609,82983,42764,0
2915,534,51621,3449,54536,52155,0
85551,34297,35791,119848,121342,70088,0
40042,18175,7664,58217,47706,25839,0
76698,32102,11333,108800,88031,43435,0
58143,53803,7140,111946,65283,60943,1
53743,85698,69075,139441,122818,154773,1
68200,45429,5083,113629,73283,50512,0
57637,31407,69580,89044,127217,100987,1
53929,57592,97833,111521,151762,155425,1
89747,58458,6274,148205,96021,64732,0
22065,97073,81756,119138,103821,178829,1
47402,66128,77145,113530,124547,143273,1
37139,95500,38201,132639,75340,133701,0
48846,73508,30835,122354,79681,104343,1
30426,63243,15236,93669,45662,78479,0
74703,10758,33982,85461,108685,44740,0
26846,57360,70774,84206,97620,128134,1
23505,49089,84161,72594,107666,133250,0
77723,12720,92840,90443,170563,105560,0
68337,72872,50388,141209,118725,123260,1
42928,85599,14730,128527,57658,100329,0
56314,20076,77819,76390,134133,97895,0
37874,21038,45968,58912,83842,67006,1
22561,67354,85890,89915,108451,153244,1
75199,42378,23151,117577,98350,65529,0
22201,9952,47992,32153,70193,57944,0
838,88170,63642,89008,64480,151812,0
17870,40625,42472,58495,60342,83097,1
74871,15096,41404,89967,116275,56500,0
25301,65141,60092,90442,85393,125233,1
26107,59832,78108,85939,104215,137940,1
76291,4064,77433,80355,153724,81497,1
5728,50187,40276,55915,46004,90463,0
38399,67707,15832,106106,54231,83539,0
14497,27324,34858,41821,49355,62182,1
14468,16661,86630,31129,101098,103291,0
42854,34961,86932,77815,129786,121893,0
19006,95363,32128,114369,51134,127491,0
90447,88877,91813,179324,182260,180690,1
27451,45615,61266,73066,88717,106881,1
53663,50403,57584,104066,111247,107987,1
7230,92571,36904,99801,44134,129475,0
93446,57641,73921,151087,167367,131562,1
78164,61707,73821,139871,151985,135528,1
75084,11944,60406,87028,135490,72350,0
22443,26377,25275,48820,47718,51652,1
27658,62671,44280,90329,71938,106951,1
28039,65856,59403,93895,87442,125259,1
3790,27369,52182,31159,55972,79551,0
8593,14003,98003,22596,106596,112006,0
9398,86495,57062,95893,66460,143557,0
52509,65039,53544,117548,106053,118583,1
31187,49708,49603,80895,80790,99311,1
96405,41663,19248,138068,115653,60911,0
92160,56745,36579,148905,128739,93324,1
91939,82043,59473,173982,151412,141516,1
11694,11929,89890,23623,101584,101819,0
46280,93325,57575,139605,103855,150900,1
15931,29365,14230,45296,30161,43595,1
1091,93171,27398,94262,28489,120569,0
44540,27616,80823,72156,125363,108439,0
86296,32794,57951,119090,144247,90745,1
76121,265,3414,76386,79535,3679,0
26779,89784,5633,116563,32412,95417,0
62881,77474,88084,140355,150965,165558,1
20287,30635,23874,50922,44161,54509,1
30512,62182,85346,92694,115858,147528,1
9574,12449,91422,22023,100996,103871,0
10426,33857,83742,44283,94168,117599,0
84619,9825,75879,94444,160498,85704,1
72881,23830,58228,96711,131109,82058,1
34085,8906,43090,42991,77175,51996,0
63905,94764,49489,158669,113394,144253,1
95680,9210,95936,104890,191616,105146,1
68306,90958,44109,159264,112415,135067,1
99507,23299,72911,122806,172418,96210,0
14354,57052,43690,71406,58044,100742,1
51530,78492,6996,130022,58526,85488,0
21599,93542,34799,115141,56398,128341,0
68938,69649,17381,138587,86319,87030,1
48944,5459,50203,54403,99147,55662,1
79829,47103,88568,126932,168397,135671,1
96828,44229,96600,141057,193428,140829,1
37897,289,9893,38186,47790,10182,0
97936,4946,30905,102882,128841,35851,0
51792,47002,71211,98794,123003,118213,1
77063,16024,13545,93087,90608,29569,0
26598,98026,36329,124624,62927,134355,0
22809,61979,69766,84788,92575,131745,1
37602,83277,70982,120879,108584,154259,1
51605,79023,97742,130628,149347,176765,1
61129,39784,35823,100913,96952,75607,1
43341,88760,27465,132101,70806,116225,0
89609,78414,33750,168023,123359,112164,1
40095,38395,79416,78490,119511,117811,0
55738,11778,19334,67516,75072,31112,0
35589,3192,64439,38781,100028,67631,0
46944,79589,85672,126533,132616,165261,1
82870,68717,53324,151587,136194,122041,1
76181,26916,69972,103097,146153,96888,1
85686,13854,39403,99540,125089,53257,0
23882,46801,94556,70683,118438,141357,0
94488,65462,45743,159950,140231,111205,1
53567,30154,81189,83721,134756,111343,1
69827,36869,83693,106696,153520,120562,1
60648,74022,88044,134670,148692,162066,1
32022,3750,80859,35772,112881,84609,0
76228,23404,62590,99632,138818,85994,1
58446,80154,78095,138600,136541,158249,1
32003,12910,18737,44913,50740,31647,0
7926,94352,73340,102278,81266,167692,0
72972,14496,23894,87468,96866,38390,0
5144,75848,32216,80992,37360,108064,0
39749,42362,40268,82111,80017,82630,1
30158,53370,54644,83528,84802,108014,1
86806,77033,26845,163839,113651,103878,1
16587,34223,96868,50810,113455,131091,0
31652,76855,95623,108507,127275,172478,1
21073,6791,2043,27864,23116,8834,0
29834,88471,86784,118305,116618,175255,1
70806,56202,72927,127008,143733,129129,1
82574,5817,34955,88391,117529,40772,0
73510,72128,99160,145638,172670,171288,1
81606,64570,75372,146176,156978,139942,1
44993,96653,28148,141646,73141,124801,0
4208,83197,21494,87405,25702,104691,0
24075,17153,62192,41228,86267,79345,0
24268,62150,24437,86418,48705,86587,0
86654,3777,46481,90431,133135,50258,0
78740,20325,32526,99065,111266,52851,0
1889,9019,13635,10908,15524,22654,0
56037,80769,15798,136806,71835,96567,0
34298,15419,15297,49717,49595,30716,0
56148,42452,14367,98600,70515,56819,1
36466,94941,52236,131407,88702,147177,0
57928,52840,21920,110768,79848,74760,1
63717,99566,59096,163283,122813,158662,1
34503,90752,31658,125255,66161,122410,0
37257,93716,42741,130973,79998,136457,0
58919,88685,90681,147604,149600,179366,1
26902,99594,32035,126496,58937,131629,0
68627,69097,51141,137724,119768,120238,1
7612,5338,27493,12950,35105,32831,0
85798,47539,42195,133337,127993,89734,1
68191,44442,47708,112633,115899,92150,1
44856,93862,15431,138718,60287,109293,0
63450,23274,25691,86724,89141,48965,0
15471,32319,8048,47790,23519,40367,0
73876,86742,41487,160618,115363,128229,1
67404,6229,49463,73633,116867,55692,0
60367,34999,94464,95366,154831,129463,1
87124,50930,2784,138054,89908,53714,0
29593,31239,51392,60832,80985,82631,1
12392,34395,39209,46787,51601,73604,1
50623,26787,86426,77410,137049,113213,0
48121,77006,15469,125127,63590,92475,0
54472,4201,37969,58673,92441,42170,0
83309,59342,32890,142651,116199,92232,1
74013,43120,36131,117133,110144,79251,1
87593,31146,86298,118739,173891,117444,1
46852,1602,59306,48454,106158,60908,0
70003,72834,30838,142837,100841,103672,1
49784,25402,17154,75186,66938,42556,0
88454,37855,66730,126309,155184,104585,1
69991,55801,36055,125792,106046,91856,1
26973,81573,40641,108546,67614,122214,0
1602,11497,85319,13099,86921,96816,0
89582,94178,61060,183760,150642,155238,1
42026,33337,220,75363,42246,33557,0
84534,91020,36224,175554,120758,127244,1
51798,34895,58953,86693,110751,93848,1
53608,77127,59515,130735,113123,136642,1
61412,14037,57248,75449,118660,71285,1
44049,87632,36894,131681,80943,124526,0
56218,26584,95067,82802,151285,121651,0
65472,90925,82790,156397,148262,173715,1
81490,63788,76869,145278,158359,140657,1
21458,64223,93526,85681,114984,157749,0
70280,2212,81912,72492,152192,84124,0
62230,75870,53222,138100,115452,129092,1
77758,75736,62981,153494,140739,138717,1
92018,58872,65269,150890,157287,124141,1
80266,3745,27380,84011,107646,31125,0
81100,36389,92558,117489,173658,128947,1
53378,7019,58645,60397,112023,65664,1
93092,56605,36610,149697,129702,93215,1
54122,90302,76024,144424,130146,166326,1
71786,7771,22935,79557,94721,30706,0
75797,11710,19798,87507,95595,31508,0
66034,19611,94118,85645,160152,113729,0
14787,48469,40973,63256,55760,89442,1
20594,53012,80047,73606,100641,133059,0
36723,81228,16597,117951,53320,97825,0
40520,5378,7599,45898,48119,12977,0
86547,75263,35220,161810,121767,110483,1
83218,73010,78984,156228,162202,151994,1
63580,50936,84856,114516,148436,135792,1
94419,61035,84535,155454,178954,145570,1
9949,76528,40471,86477,50420,116999,0
86681,36203,86261,122884,172942,122464,1
41980,70864,1523,112844,43503,72387,0
28055,97687,53248,125742,81303,150935,0
7512,32330,16861,39842,24373,49191,0
37204,71375,48737,108579,85941,120112,1
19751,99743,97197,119494,116948,196940,1
51766,77290,8294,129056,60060,85584,0
12476,33396,33316,45872,45792,66712,1
14947,75242,37085,90189,52032,112327,0
73616,27323,71184,100939,144800,98507,1
62479,22794,22206,85273,84685,45000,0
54034,18316,28282,72350,82316,46598,0
5792,11754,49044,17546,54836,60798,0
15297,47442,69978,62739,85275,117420,0
41142,68056,62727,109198,103869,130783,1
43959,66675,51600,110634,95559,118275,1
39089,18261,27529,57350,66618,45790,1
62977,25984,16983,88961,79960,42967,0
90145,372,30559,90517,120704,30931,0
84933,96615,42952,181548,127885,139567,1
80189,4131,52065,84320,132254,56196,0
6528,43654,45983,50182,52511,89637,1
28769,79528,63324,108297,92093,142852,1
68690,92043,51542,160733,120232,143585,1
47326,70626,94523,117952,141849,165149,1
61620,16359,19632,77979,81252,35991,0
98590,13016,15220,111606,113810,28236,0
67929,2738,31604,70667,99533,34342,0
68317,52242,77469,120559,145786,129711,1
39885,97017,42666,136902,82551,139683,0
52299,32686,82100,84985,134399,114786,1
50370,69776,61980,120146,112350,131756,1
73410,36175,61446,109585,134856,97621,1
89799,47239,70488,137038,160287,117727,1
66033,84786,95604,150819,161637,180390,1
41047,70691,91733,111738,132780,162424,1
56087,27889,63081,83976,119168,90970,1
24017,16444,54915,40461,78932,71359,0
90939,54608,59042,145547,149981,113650,1
87405,38291,73030,125696,160435,111321,1
2225,40996,13147,43221,15372,54143,0
27207,15601,70002,42808,97209,85603,0
89058,78127,57333,167185,146391,135460,1
69335,54966,31122,124301,100457,86088,1
82907,1056,30162,83963,113069,31218,0
81136,49919,17482,131055,98618,67401,0
46176,11277,11745,57453,57921,23022,0
8301,80531,15686,88832,23987,96217,0
31581,72557,90814,104138,122395,163371,1
67720,59406,45825,127126,113545,105231,1
64279,51285,62814,115564,127093,114099,1
71098,51848,75177,122946,146275,127025,1
53646,31752,37935,85398,91581,69687,1
87998,46314,34550,134312,122548,80864,0
80946,87557,31688,168503,112634,119245,1
77537,56485,78184,134022,155721,134669,1
23939,2332,55769,26271,79708,58101,0
61202,18730,70663,79932,131865,89393,1
13498,24026,18452,37524,31950,42478,1
595,6486,4633,7081,5228,11119,0
60721,5357,89538,66078,150259,94895,0
37946,31342,31231,69288,69177,62573,1
66054,8128,65667,74182,131721,73795,1
77352,9931,86359,87283,163711,96290,1
21272,12791,19876,34063,41148,32667,1
43185,29592,68574,72777,111759,98166,1
81314,10852,52213,92166,133527,63065,0
84595,78762,8543,163357,93138,87305,1
48446,18787,1239,67233,49685,20026,0
25106,19875,37379,44981,62485,57254,1
65369,22405,27676,87774,93045,50081,0
8285,2289,66697,10574,74982,68986,0
81906,10807,10966,92713,92872,21773,0
32791,75181,30439,107972,63230,105620,0
8431,21482,70365,29913,78796,91847,0
56503,5602,86089,62105,142592,91691,0
37502,30163,8117,67665,45619,38280,1
13503,60277,35066,73780,48569,95343,0
49188,22804,88852,71992,138040,111656,0
35730,4266,51698,39996,87428,55964,0
17692,8206,31545,25898,49237,39751,0
86083,64599,38722,150682,124805,103321,1
25780,118,62821,25898,88601,62939,0
63324,83602,81642,146926,144966,165244,1
25638,63398,27493,89036,53131,90891,0
82129,19217,52029,101346,134158,71246,0
59323,59263,51328,118586,110651,110591,1
27834,94279,92261,122113,120095,186540,1
49326,68459,9788,117785,59114,78247,0
86989,77333,15876,164322,102865,93209,1
76550,28178,94712,104728,171262,122890,1
39715,60984,7859,100699,47574,68843,0
36430,39149,81331,75579,117761,120480,0
42438,46704,2256,89142,44694,48960,0
17055,28832,81809,45887,98864,110641,0
4317,82098,47061,86415,51378,129159,0
21949,66517,32886,88466,54835,99403,0
91386,10167,30968,101553,122354,41135,0
37186,37203,42761,74389,79947,79964,1
86503,84314,67374,170817,153877,151688,1
68983,11366,21456,80349,90439,32822,0
28317,39257,7737,67574,36054,46994,0
93240,64612,3963,157852,97203,68575,0
31598,74581,87189,106179,118787,161770,1
38069,45175,54400,83244,92469,99575,1
74471,89732,58426,164203,132897,148158,1
36722,16302,72058,53024,108780,88360,0
95780,71788,73638,167568,169418,145426,1
63516,11263,66556,74779,130072,77819,1
19905,35578,94770,55483,114675,130348,0
98186,30221,3614,128407,101800,33835,0
18398,29467,57827,47865,76225,87294,0
54025,12686,90741,66711,144766,103427,0
53224,317,97690,53541,150914,98007,0
19076,76029,6683,95105,25759,82712,0
97002,90140,6613,187142,103615,96753,0
40901,402,37482,41303,78383,37884,0
77593,97416,34981,175009,112574,132397,1
23642,17090,54480,40732,78122,71570,0
29876,60662,64087,90538,93963,124749,1
109,59459,17596,59568,17705,77055,0
42297,5474,68197,47771,110494,73671,0
80957,89267,89014,170224,169971,178281,1
54014,42493,25739,96507,79753,68232,1
43405,22330,57441,65735,100846,79771,1
41473,20493,76423,61966,117896,96916,0
79107,63362,82981,142469,162088,146343,1
36853,71873,54232,108726,91085,126105,1
39663,34499,72833,74162,112496,107332,1
2131,30183,29625,32314,31756,59808,1
77405,93160,70741,170565,148146,163901,1
98162,15455,73960,113617,172122,89415,0
14811,16216,93172,31027,107983,109388,0
10214,71935,68814,82149,79028,140749,1
45864,98231,84350,144095,130214,182581,1
23876,10633,16551,34509,40427,27184,1
73920,76351,96946,150271,170866,173297,1
84574,5639,32214,90213,116788,37853,0
81364,47335,97512,128699,178876,144847,1
73188,42266,95615,115454,168803,137881,1
15302,47525,34650,62827,49952,82175,1
40532,53832,67408,94364,107940,121240,1
96784,94521,26761,191305,123545,121282,1
16034,33194,88418,49228,104452,121612,0
56687,82441,13781,139128,70468,96222,0
7046,16940,33091,23986,40137,50031,0
44104,34442,29315,78546,73419,63757,1
74287,85011,30243,159298,104530,115254,1
96736,71178,38624,167914,135360,109802,1
32510,40948,7498,73458,40008,48446,0
67762,99502,86716,167264,154478,186218,1
77996,62411,21660,140407,99656,84071,1
19568,23315,61527,42883,81095,84842,0
68719,21524,81358,90243,150077,102882,1
53403,6215,95722,59618,149125,101937,0
90317,84061,37772,174378,128089,121833,1
13608,44623,91361,58231,104969,135984,0
61597,29339,53575,90936,115172,82914,1
81191,31444,97681,112635,178872,129125,1
5464,37149,16273,42613,21737,53422,0
30141,86023,18960,116164,49101,104983,0
54118,87333,5560,141451,59678,92893,0
43697,10254,88760,53951,132457,99014,0
36953,94778,60241,131731,97194,155019,1
6801,85776,21528,92577,28329,107304,0
27244,88221,44885,115465,72129,133106,0
34917,50971,11796,85888,46713,62767,0
73460,64283,58020,137743,131480,122303,1
56102,67904,52088,124006,108190,119992,1
87577,93703,44749,181280,132326,138452,1
24936,20078,14863,45014,39799,34941,1
33226,52780,93874,86006,127100,146654,0
63637,75669,83531,139306,147168,159200,1
48611,95214,21812,143825,70423,117026,0
82772,45557,4265,128329,87037,49822,0
90353,29817,86016,120170,176369,115833,1
17060,62808,91884,79868,108944,154692,0
63254,72265,32356,135519,95610,104621,1
18375,41920,67852,60295,86227,109772,0
80372,77742,98196,158114,178568,175938,1
8206,58835,31517,67041,39723,90352,0
98322,85795,9995,184117,108317,95790,0
10004,11693,16011,21697,26015,27704,1
17701,68322,6002,86023,23703,74324,0
30403,52671,67292,83074,97695,119963,1
29376,45987,41088,75363,70464,87075,1
993,42215,88981,43208,89974,131196,0
6495,30439,45007,36934,51502,75446,0
92922,40293,22386,133215,115308,62679,0
19478,2895,75846,22373,95324,78741,0
37931,1846,85879,39777,123810,87725,0
51229,84674,62156,135903,113385,146830,1
69877,41240,6496,111117,76373,47736,0
38048,88622,2164,126670,40212,90786,0
65728,85801,80802,151529,146530,166603,1
49348,36449,36428,85797,85776,72877,1
17310,48087,60184,65397,77494,108271,1
77303,3973,4126,81276,81429,8099,0
64568,96174,74251,160742,138819,170425,1
44209,80810,26607,125019,70816,107417,0
69080,23674,28384,92754,97464,52058,0
8881,92557,57076,101438,65957,149633,0
1488,19326,46063,20814,47551,65389,0
17887,45312,43296,63199,61183,88608,1
67745,48984,94598,116729,162343,143582,1
64288,98464,34101,162752,98389,132565,0
11427,64814,49459,76241,60886,114273,0
50068,33956,11579,84024,61647,45535,0
11733,89096,59007,100829,70740,148103,0
91847,57059,40461,148906,132308,97520,1
4993,77857,3221,82850,8214,81078,0
97803,29891,22773,127694,120576,52664,0
75818,46567,30702,122385,106520,77269,1
71578,28868,17641,100446,89219,46509,0
79852,40968,80554,120820,160406,121522,1
37254,43902,53010,81156,90264,96912,1
90964,40189,52173,131153,143137,92362,1
71502,35768,68887,107270,140389,104655,1
32881,58929,52264,91810,85145,111193,1
2612,28805,33033,31417,35645,61838,0
34332,60936,52438,95268,86770,113374,1
34236,91406,90005,125642,124241,181411,1
7692,48093,44529,55785,52221,92622,1
52773,32082,32886,84855,85659,64968,1
4170,60755,66577,64925,70747,127332,0
50618,73445,34180,124063,84798,107625,1
46712,13028,62543,59740,109255,75571,0
51881,25346,28049,77227,79930,53395,1
21474,22504,45422,43978,66896,67926,0
51069,96221,6552,147290,57621,102773,0
91129,420,72542,91549,163671,72962,0
14327,18064,89390,32391,103717,107454,0
21194,54687,47781,75881,68975,102468,1
85975,36966,92616,122941,178591,129582,1
70972,48520,69104,119492,140076,117624,1
4414,21102,73784,25516,78198,94886,0
15328,70756,59865,86084,75193,130621,1
94406,92980,8096,187386,102502,101076,1
48883,89376,18419,138259,67302,107795,0
91948,19388,28681,111336,120629,48069,0
41511,47580,78441,89091,119952,126021,1
6492,46625,20551,53117,27043,67176,0
58155,7395,69503,65550,127658,76898,0
99605,2300,44029,101905,143634,46329,0
57976,2922,64016,60898,121992,66938,0
17109,44255,17436,61364,34545,61691,0
91441,69147,76970,160588,168411,146117,1
53781,90824,52820,144605,106601,143644,1
94535,4804,78180,99339,172715,82984,0
16090,45795,18685,61885,34775,64480,0
39926,69917,13921,109843,53847,83838,0
63517,56848,3005,120365,66522,59853,0
47016,58466,4693,105482,51709,63159,0
97008,10240,88485,107248,185493,98725,1
19941,36938,90696,56879,110637,127634,0
67109,77717,90783,144826,157892,168500,1
72509,62127,19924,134636,92433,82051,1
22779,86151,10835,108930,33614,96986,0
22707,24781,1101,47488,23808,25882,0
90454,44482,47891,134936,138345,92373,1
21049,65528,4545,86577,25594,70073,0
70864,60456,81621,131320,152485,142077,1
66172,33992,47218,100164,113390,81210,1
66931,64954,44310,131885,111241,109264,1
43427,46037,43129,89464,86556,89166,1
27092,943,70678,28035,97770,71621,0
98226,30415,1340,128641,99566,31755,0
13995,23489,11651,37484,25646,35140,1
37534,32430,7047,69964,44581,39477,1
97981,14104,50706,112085,148687,64810,0
35219,9719,56356,44938,91575,66075,0
56609,56354,30543,112963,87152,86897,1
85035,96181,42631,181216,127666,138812,1
37391,41491,37785,78882,75176,79276,1
30446,84914,59887,115360,90333,144801,1
37284,25802,92153,63086,129437,117955,0
57695,83294,1464,140989,59159,84758,0
24102,23364,30319,47466,54421,53683,1
95119,78495,12279,173614,107398,90774,0
6871,95664,34912,102535,41783,130576,0
48058,50499,43382,98557,91440,93881,1
90688,75962,2061,166650,92749,78023,0
9242,14797,38687,24039,47929,53484,0
27373,6166,85787,33539,113160,91953,0
26372,48071,67993,74443,94365,116064,1
94489,32594,38298,127083,132787,70892,0
95976,98087,48807,194063,144783,146894,1
85598,19939,60145,105537,145743,80084,0
69887,32581,97441,102468,167328,130022,1
39452,60367,53247,99819,92699,113614,1
5801,31192,34892,36993,40693,66084,1
79164,14647,79954,93811,159118,94601,1
45201,96680,33200,141881,78401,129880,0
11216,99742,35125,110958,46341,134867,0
82871,43629,78151,126500,161022,121780,1
68846,93099,47397,161945,116243,140496,1
85043,41297,44504,126340,129547,85801,1
13640,86313,22129,99953,35769,108442,0
78535,69428,22694,147963,101229,92122,1
31927,20912,66398,52839,98325,87310,0
87191,1392,40704,88583,127895,42096,0
9433,707,19132,10140,28565,19839,0
82609,65217,69982,147826,152591,135199,1
49279,40729,58,90008,49337,40787,0
64028,3035,89845,67063,153873,92880,0
94145,34195,98881,128340,193026,133076,1
15744,7850,85848,23594,101592,93698,0
64598,44028,39610,108626,104208,83638,1
45933,99950,18479,145883,64412,118429,0
99098,98554,39184,197652,138282,137738,1
32858,79905,81610,112763,114468,161515,1
24410,54584,3630,78994,28040,58214,0
24440,65422,90884,89862,115324,156306,0
12159,76838,84955,88997,97114,161793,1
12828,25581,11558,38409,24386,37139,0
22390,22245,14696,44635,37086,36941,1
24800,66346,83067,91146,107867,149413,1
62490,95705,7252,158195,69742,102957,0
19200,38590,59301,57790,78501,97891,0
50907,11471,93386,62378,144293,104857,0
43987,43440,77351,87427,121338,120791,1
92231,46211,4186,138442,96417,50397,0
82008,13590,17851,95598,99859,31441,0
62185,72595,92490,134780,154675,165085,1
1535,38185,71996,39720,73531,110181,0
31701,97828,96275,129529,127976,194103,1
23474,23868,5947,47342,29421,29815,1
59772,14480,11791,74252,71563,26271,0
82934,33374,710,116308,83644,34084,0
28546,12048,3204,40594,31750,15252,0
90796,90505,53578,181301,144374,144083,1
80921,47959,80521,128880,161442,128480,1
21125,16586,20617,37711,41742,37203,1
86512,2471,31659,88983,118171,34130,0
54601,38891,63345,93492,117946,102236,1
7020,91253,72765,98273,79785,164018,0
35642,33064,97125,68706,132767,130189,0
53554,53305,50587,106859,104141,103892,1
98540,77272,87310,175812,185850,164582,1
63793,13105,69105,76898,132898,82210,1
82491,71001,49385,153492,131876,120386,1
3310,28889,84902,32199,88212,113791,0
16857,20926,25510,37783,42367,46436,1
45144,51187,10781,96331,55925,61968,1
31922,52613,26159,84535,58081,78772,1
31223,11230,35127,42453,66350,46357,1
59519,36196,96503,95715,156022,132699,0
25299,28846,90451,54145,115750,119297,0
83315,78823,53430,162138,136745,132253,1
72644,97257,89966,169901,162610,187223,1
90192,27575,47799,117767,137991,75374,0
57700,38991,62466,96691,120166,101457,1
85331,20847,1143,106178,86474,21990,0
12339,32419,33361,44758,45700,65780,1
59412,16098,65830,75510,125242,81928,1
28745,35453,22957,64198,51702,58410,1
65913,17527,8106,83440,74019,25633,0
74333,67797,37652,142130,111985,105449,1
7347,95766,24075,103113,31422,119841,0
89040,57969,68601,147009,157641,126570,1
17564,46804,89226,64368,106790,136030,0
64234,88625,72845,152859,137079,161470,1
710,19414,38936,20124,39646,58350,0
61377,92052,87453,153429,148830,179505,1
13280,74887,98994,88167,112274,173881,0
50972,20130,63850,71102,114822,83980,1
10661,20301,23099,30962,33760,43400,1
10325,68433,55691,78758,66016,124124,0
37404,94526,32709,131930,70113,127235,0
56812,18712,1131,75524,57943,19843,0
48872,28630,28270,77502,77142,56900,1
21314,57534,54128,78848,75442,111662,1
80250,34811,14110,115061,94360,48921,0
86709,95419,96554,182128,183263,191973,1
18106,9300,53246,27406,71352,62546,0
66039,4655,31788,70694,97827,36443,0
53598,87943,77354,141541,130952,165297,1
30131,15349,56727,45480,86858,72076,0
63615,14768,49216,78383,112831,63984,1
96445,61805,16410,158250,112855,78215,0
36252,31291,65843,67543,102095,97134,1
69018,28793,52384,97811,121402,81177,1
22320,29659,57857,51979,80177,87516,0
43367,29690,71246,73057,114613,100936,1
4225,12656,75015,16881,79240,87671,0
18755,70954,99943,89709,118698,170897,0
11404,84339,79757,95743,91161,164096,1
12516,87400,8976,99916,21492,96376,0
25427,62829,91212,88256,116639,154041,0
70181,8933,45807,79114,115988,54740,0
45150,43210,29558,88360,74708,72768,1
56985,37045,78241,94030,135226,115286,1
4725,8707,43554,13432,48279,52261,0
43393,45145,89031,88538,132424,134176,0
30830,21476,19025,52306,49855,40501,1
99776,52569,88495,152345,188271,141064,1
5355,99176,61319,104531,66674,160495,0
65674,94980,18107,160654,83781,113087,0
29794,99300,49283,129094,79077,148583,0
68056,55720,17000,123776,85056,72720,1
54256,46136,34912,100392,89168,81048,1
98083,33385,34655,131468,132738,68040,0
91848,14117,53112,105965,144960,67229,0
41036,73855,25584,114891,66620,99439,0
40561,66652,14690,107213,55251,81342,0
97213,86534,76594,183747,173807,163128,1
40610,51355,45397,91965,86007,96752,1
68978,67440,1159,136418,70137,68599,0
4172,95208,22864,99380,27036,118072,0
27832,148,22,27980,27854,170,0
51736,75818,13775,127554,65511,89593,0
98760,17125,30856,115885,129616,47981,0
39826,61315,85814,101141,125640,147129,1
59547,48849,89817,108396,149364,138666,1
53503,20296,90790,73799,144293,111086,0
91687,1098,74983,92785,166670,76081,0
15210,41155,24274,56365,39484,65429,0
84025,94477,63123,178502,147148,157600,1
55737,63537,68158,119274,123895,131695,1
39097,10895,92962,49992,132059,103857,0
14223,25581,89110,39804,103333,114691,0
9400,62231,41977,71631,51377,104208,0
58245,41598,90625,99843,148870,132223,1
63013,3386,79438,66399,142451,82824,0
19922,35464,35508,55386,55430,70972,1
49419,81980,84815,131399,134234,166795,1
26340,99305,80335,125645,106675,179640,1
61882,52365,91446,114247,153328,143811,1
41687,5839,1248,47526,42935,7087,0
52246,48790,65760,101036,118006,114550,1
68295,46688,41849,114983,110144,88537,1
37457,45592,31896,83049,69353,77488,1
190,85125,32924,85315,33114,118049,0
34798,20435,39658,55233,74456,60093,1
50446,54485,92284,104931,142730,146769,1
25940,71455,16670,97395,42610,88125,0
11222,60808,45643,72030,56865,106451,0
29351,85726,38567,115077,67918,124293,0
90350,50116,63398,140466,153748,113514,1
62665,71835,21882,134500,84547,93717,1
11679,3219,82935,14898,94614,86154,0
79808,56264,70558,136072,150366,126822,1
80597,75101,83689,155698,164286,158790,1
53262,62851,21084,116113,74346,83935,1
99037,33149,36972,132186,136009,70121,0
69941,46826,24881,116767,94822,71707,1
95641,94284,53576,189925,149217,147860,1
55167,98588,63087,153755,118254,161675,1
94121,81601,63301,175722,157422,144902,1
14195,20534,22612,34729,36807,43146,1
18306,73073,77094,91379,95400,150167,1
12184,39025,61791,51209,73975,100816,0
18895,51797,98399,70692,117294,150196,0
36877,24433,4419,61310,41296,28852,0
22783,57341,74285,80124,97068,131626,1
44466,11512,65637,55978,110103,77149,0
38739,2342,44634,41081,83373,46976,0
28338,11343,33609,39681,61947,44952,1
12596,13520,68783,26116,81379,82303,0
19760,94685,66871,114445,86631,161556,0
43073,89104,73736,132177,116809,162840,1
60621,60781,71932,121402,132553,132713,1
21056,41792,68720,62848,89776,110512,0
52651,64834,44910,117485,97561,109744,1
60023,84411,35872,144434,95895,120283,1
5549,3805,12730,9354,18279,16535,0
71645,67667,61865,139312,133510,129532,1
21129,11236,30396,32365,51525,41632,1
89617,17689,31452,107306,121069,49141,0
27282,51562,40419,78844,67701,91981,1
72074,30887,74909,102961,146983,105796,1
19535,24017,45395,43552,64930,69412,0
60586,25451,44630,86037,105216,70081,1
66635,49759,83382,116394,150017,133141,1
53752,74659,48667,128411,102419,123326,1
34568,8786,31084,43354,65652,39870,1
46946,65659,64252,112605,111198,129911,1
41290,34486,6906,75776,48196,41392,1
78898,39455,47611,118353,126509,87066,1
74697,82648,88168,157345,162865,170816,1
78772,16964,92709,95736,171481,109673,1
75288,79700,86055,154988,161343,165755,1
53066,21142,22015,74208,75081,43157,0
21239,95643,57642,116882,78881,153285,0
85815,90581,38236,176396,124051,128817,1
88398,85571,31230,173969,119628,116801,1
79222,12142,39360,91364,118582,51502,0
971,40613,422,41584,1393,41035,0
87025,33523,64614,120548,151639,98137,1
86897,83566,43969,170463,130866,127535,1
58463,53046,77318,111509,135781,130364,1
9617,20946,19467,30563,29084,40413,1
66348,3069,43867,69417,110215,46936,0
75326,66784,88634,142110,163960,155418,1
55814,98395,5769,154209,61583,104164,0
70708,19890,93962,90598,164670,113852,0
58668,69509,14280,128177,72948,83789,1
88551,76412,33593,164963,122144,110005,1
93966,59756,57352,153722,151318,117108,1
8681,28139,41610,36820,50291,69749,0
65960,17098,77848,83058,143808,94946,1
32058,28131,20506,60189,52564,48637,1
83993,58511,45214,142504,129207,103725,1
35358,3313,70578,38671,105936,73891,0
50276,24667,97050,74943,147326,121717,0
42611,22325,14342,64936,56953,36667,0
87574,29007,41518,116581,129092,70525,0
1305,55464,97198,56769,98503,152662,0
37226,20334,42838,57560,80064,63172,1
54501,81413,43556,135914,98057,124969,1
39176,12509,18941,51685,58117,31450,0
69935,68938,75012,138873,144947,143950,1
73223,18141,68804,91364,142027,86945,1
54945,62576,50393,117521,105338,112969,1
93520,88975,38804,182495,132324,127779,1
33799,37181,25616,70980,59415,62797,1
38634,17632,82296,56266,120930,99928,0
89198,21898,44461,111096,133659,66359,0
9093,45035,50373,54128,59466,95408,1
23455,15279,90475,38734,113930,105754,0
14800,72515,28753,87315,43553,101268,0
38350,34731,21308,73081,59658,56039,1
75515,43424,84654,118939,160169,128078,1
14575,45509,59132,60084,73707,104641,1
36289,30658,22159,66947,58448,52817,1
52764,92590,25810,145354,78574,118400,0
58670,18436,2049,77106,60719,20485,0
59759,3287,29262,63046,89021,32549,0
53681,34972,75583,88653,129264,110555,1
36131,67325,18924,103456,55055,86249,0
85347,98191,92037,183538,177384,190228,1
95514,74102,91189,169616,186703,165291,1
60517,48027,63488,108544,124005,111515,1
1888,56762,22089,58650,23977,78851,0
56522,46850,20728,103372,77250,67578,1
73220,99333,40139,172553,113359,139472,1
46062,49568,25076,95630,71138,74644,1
77925,26803,94958,104728,172883,121761,1
97204,1680,77333,98884,174537,79013,0
41443,91001,44909,132444,86352,135910,0
11787,3903,46146,15690,57933,50049,0
5213,32826,31679,38039,36892,64505,1
19781,32611,22362,52392,42143,54973,1
27691,46914,90354,74605,118045,137268,0
43756,18657,36249,62413,80005,54906,1
83996,93283,41955,177279,125951,135238,1
39075,91299,28204,130374,67279,119503,0
78870,28409,94799,107279,173669,123208,1
94866,21440,82259,116306,177125,103699,1
64684,78208,91039,142892,155723,169247,1
92300,14882,21105,107182,113405,35987,0
58372,60368,40370,118740,98742,100738,1
86207,17445,61213,103652,147420,78658,0
96511,20,86813,96531,183324,86833,0
40605,47416,33290,88021,73895,80706,1
58279,63277,28588,121556,86867,91865,1
98399,96806,62806,195205,161205,159612,1
89177,88043,64189,177220,153366,152232,1
69640,61850,99807,131490,169447,161657,1
18395,85866,85775,104261,104170,171641,1
98403,13656,80649,112059,179052,94305,0
47153,36606,16991,83759,64144,53597,1
40065,84197,94124,124262,134189,178321,1
95853,56349,21960,152202,117813,78309,0
62516,15540,46702,78056,109218,62242,0
94955,69901,60146,164856,155101,130047,1
58631,47877,33542,106508,92173,81419,1
61024,99479,46422,160503,107446,145901,1
16183,74951,31913,91134,48096,106864,0
51359,24205,33866,75564,85225,58071,1
76061,88674,72121,164735,148182,160795,1
87603,25726,19551,113329,107154,45277,0
21620,90510,76047,112130,97667,166557,1
36536,8934,42810,45470,79346,51744,1
18362,20443,27348,38805,45710,47791,1
31096,48128,61143,79224,92239,109271,1
32121,43753,1856,75874,33977,45609,0
11500,49086,76557,60586,88057,125643,0
96963,13638,57034,110601,153997,70672,0
5324,61160,33938,66484,39262,95098,0
56381,53288,7504,109669,63885,60792,1
82378,29617,15749,111995,98127,45366,0
75357,84798,82141,160155,157498,166939,1
87502,26550,9559,114052,97061,36109,0
40338,78951,40495,119289,80833,119446,1
55614,32045,82765,87659,138379,114810,1
93413,43610,14310,137023,107723,57920,0
63871,81686,87808,145557,151679,169494,1
36516,25479,26021,61995,62537,51500,1
10992,60998,98984,71990,109976,159982,0
40244,61070,99387,101314,139631,160457,1
26229,94334,65716,120563,91945,160050,0
9493,69519,57699,79012,67192,127218,0
80207,22557,92262,102764,172469,114819,1
74160,498,90970,74658,165130,91468,0
34649,55128,879,89777,35528,56007,0
82697,79608,60961,162305,143658,140569,1
63480,83644,77439,147124,140919,161083,1
77758,10195,9043,87953,86801,19238,0
18591,89333,87029,107924,105620,176362,1
48138,56188,65688,104326,113826,121876,1
24930,4982,63334,29912,88264,68316,0
42895,98680,82492,141575,125387,181172,1
78694,45858,32156,124552,110850,78014,0
23483,85359,47104,108842,70587,132463,0
91197,94362,36952,185559,128149,131314,1
22660,36970,28804,59630,51464,65774,1
70706,51954,35475,122660,106181,87429,1
75052,78025,9434,153077,84486,87459,1
17398,24650,40643,42048,58041,65293,1
63650,63109,39508,126759,103158,102617,1
49550,74106,12423,123656,61973,86529,0
42241,57415,81687,99656,123928,139102,1
83430,49856,25497,133286,108927,75353,0
251,25701,21036,25952,21287,46737,0
24650,98597,81188,123247,105838,179785,1
71313,61575,18464,132888,89777,80039,1
63784,79001,71671,142785,135455,150672,1
64654,69858,40174,134512,104828,110032,1
85936,39978,22315,125914,108251,62293,0
46169,89857,23472,136026,69641,113329,0
51053,52666,71745,103719,122798,124411,1
59192,11172,37251,70364,96443,48423,0
76186,50968,70390,127154,146576,121358,1
53451,99678,42603,153129,96054,142281,0
96179,68367,75534,164546,171713,143901,1
38018,36114,74007,74132,112025,110121,1
87712,8789,27851,96501,115563,36640,0
13638,8331,43534,21969,57172,51865,0
13750,25750,86727,39500,100477,112477,0
4409,78916,60831,83325,65240,139747,0
96158,82171,74361,178329,170519,156532,1
62639,46148,19736,108787,82375,65884,1
64429,93308,53457,157737,117886,146765,1
26104,58206,75100,84310,101204,133306,1
74099,14622,90262,88721,164361,104884,0
8711,2563,82829,11274,91540,85392,0
32506,82817,3751,115323,36257,86568,0
53947,76632,56065,130579,110012,132697,1
42104,13460,98444,55564,140548,111904,0
61483,51296,55960,112779,117443,107256,1
9292,35146,86516,44438,95808,121662,0
32243,67853,71007,100096,103250,138860,1
76541,39120,27316,115661,103857,66436,0
37071,32624,18773,69695,55844,51397,1
95000,12425,54064,107425,149064,66489,0
78091,33010,97988,111101,176079,130998,1
24575,78222,13124,102797,37699,91346,0
19704,74680,6137,94384,25841,80817,0
41089,78979,44068,120068,85157,123047,1
18460,2713,34072,21173,52532,36785,0
93108,97276,45960,190384,139068,143236,1
12872,70425,91872,83297,104744,162297,0
81413,26080,4211,107493,85624,30291,0
66710,48420,65994,115130,132704,114414,1
16867,63843,87607,80710,104474,151450,0
20838,6902,19412,27740,40250,26314,1
42083,22220,56055,64303,98138,78275,1
24396,64657,97201,89053,121597,161858,0
13315,52084,17636,65399,30951,69720,0
8150,56598,24668,64748,32818,81266,0
13789,13959,82038,27748,95827,95997,0
22008,98150,34412,120158,56420,132562,0
92867,8788,60882,101655,153749,69670,0
98788,47596,51901,146384,150689,99497,1
78767,23994,63688,102761,142455,87682,1
33744,74839,5697,108583,39441,80536,0
72179,67767,78513,139946,150692,146280,1
59715,52467,31981,112182,91696,84448,1
16505,13937,37103,30442,53608,51040,0
62880,33722,35668,96602,98548,69390,1
90941,67766,2360,158707,93301,70126,0
97772,19392,86027,117164,183799,105419,1
62378,98452,68887,160830,131265,167339,1
95681,66851,60863,162532,156544,127714,1
97636,43610,69286,141246,166922,112896,1
58043,97949,39087,155992,97130,137036,0
24574,38854,1281,63428,25855,40135,0
57140,29815,34222,86955,91362,64037,1
21249,32670,18671,53919,39920,51341,1
80434,21217,8264,101651,88698,29481,0
15250,21250,41407,36500,56657,62657,0
60898,13000,28066,73898,88964,41066,0
91781,23443,48596,115224,140377,72039,0
93864,11362,65505,105226,159369,76867,0
29793,69284,741,99077,30534,70025,0
98279,32767,25445,131046,123724,58212,0
18633,61756,26148,80389,44781,87904,0
54489,13620,8826,68109,63315,22446,0
39761,43115,29565,82876,69326,72680,1
65386,87056,53699,152442,119085,140755,1
94967,39640,9791,134607,104758,49431,0
23352,47932,11676,71284,35028,59608,0
21008,59345,38254,80353,59262,97599,0
14983,77225,2365,92208,17348,79590,0
65032,14781,96952,79813,161984,111733,0
37111,55134,64115,92245,101226,119249,1
56051,3367,29404,59418,85455,32771,0
55314,64820,94827,120134,150141,159647,1
80333,88866,12908,169199,93241,101774,1
29505,24441,72178,53946,101683,96619,0
27755,14251,9004,42006,36759,23255,0
316,37122,16097,37438,16413,53219,0
40890,51787,7118,92677,48008,58905,0
2876,66674,13390,69550,16266,80064,0
31494,71255,8252,102749,39746,79507,0
83447,84624,17156,168071,100603,101780,1
61424,57615,58498,119039,119922,116113,1
52738,41899,2291,94637,55029,44190,0
92002,42356,79446,134358,171448,121802,1
33218,31513,90112,64731,123330,121625,0
50855,46341,45315,97196,96170,91656,1
49821,95284,52287,145105,102108,147571,1
34969,95496,27164,130465,62133,122660,0
77916,93670,71922,171586,149838,165592,1
83076,70383,18180,153459,101256,88563,1
69786,66436,38554,136222,108340,104990,1
14842,39447,5911,54289,20753,45358,0
70613,48807,47000,119420,117613,95807,1
94701,11072,93616,105773,188317,104688,1
21763,56199,85095,77962,106858,141294,0
41315,69254,57231,110569,98546,126485,1
95457,75181,82703,170638,178160,157884,1
38070,45422,82776,83492,120846,128198,1
43892,62688,34233,106580,78125,96921,1
34818,26313,62857,61131,97675,89170,0
32517,86592,24545,119109,57062,111137,0
94354,30008,29472,124362,123826,59480,0
67676,43176,48494,110852,116170,91670,1
7665,99309,2215,106974,9880,101524,0
80521,71880,94287,152401,174808,166167,1
65123,63103,24516,128226,89639,87619,1
56529,71445,65010,127974,121539,136455,1
6499,71597,31393,78096,37892,102990,0
43276,43060,11411,86336,54687,54471,1
63505,33673,80514,97178,144019,114187,1
15945,79314,68882,95259,84827,148196,1
35501,32882,98484,68383,133985,131366,0
1438,22239,306,23677,1744,22545,0
52591,80790,3356,133381,55947,84146,0
34132,82430,39158,116562,73290,121588,0
31425,75073,75783,106498,107208,150856,1
81153,70869,54009,152022,135162,124878,1
22879,80130,71384,103009,94263,151514,1
13228,82455,86188,95683,99416,168643,1
6127,29224,35304,35351,41431,64528,1
36208,74074,71956,110282,108164,146030,1
93637,74281,41807,167918,135444,116088,1
17805,63873,76921,81678,94726,140794,1
6696,72145,83467,78841,90163,155612,0
34704,3650,50576,38354,85280,54226,0
16650,37949,23076,54599,39726,61025,1
9811,63280,81781,73091,91592,145061,0
68521,28173,46552,96694,115073,74725,1
96022,70008,94518,166030,190540,164526,1
91628,61933,98097,153561,189725,160030,1
58870,19660,70193,78530,129063,89853,1
34871,63405,72002,98276,106873,135407,1
87564,98038,62196,185602,149760,160234,1
14266,59380,99783,73646,114049,159163,0
78471,69204,60509,147675,138980,129713,1
9420,78226,70544,87646,79964,148770,1
20098,58440,64583,78538,84681,123023,1
98972,59680,3155,158652,102127,62835,0
81085,43431,58780,124516,139865,102211,1
39167,85944,83828,125111,122995,169772,1
67482,34195,40406,101677,107888,74601,1
83031,48941,74796,131972,157827,123737,1
10632,80766,61962,91398,72594,142728,0
37367,13441,1148,50808,38515,14589,0
49441,24721,21730,74162,71171,46451,0
41887,17188,47865,59075,89752,65053,1
1680,38608,66685,40288,68365,105293,0
10560,78777,55846,89337,66406,134623,0
63244,30218,40183,93462,103427,70401,1
79069,24651,89013,103720,168082,113664,1
53511,84925,35041,138436,88552,119966,1
72562,2074,3294,74636,75856,5368,0
46845,35663,24338,82508,71183,60001,1
29897,53095,35928,82992,65825,89023,1
83030,72605,10295,155635,93325,82900,0
86410,96109,29591,182519,116001,125700,1
25266,6632,43846,31898,69112,50478,0
28819,39476,95212,68295,124031,134688,0
29235,22594,9042,51829,38277,31636,1
55321,22528,27184,77849,82505,49712,0
72321,5448,33567,77769,105888,39015,0
68639,79304,86064,147943,154703,165368,1
16658,3509,25736,20167,42394,29245,0
11281,59274,59759,70555,71040,119033,1
59792,711,39552,60503,99344,40263,0
6217,13359,90203,19576,96420,103562,0
69069,68628,18240,137697,87309,86868,1
29107,40050,20221,69157,49328,60271,1
15632,15556,2429,31188,18061,17985,1
27813,7800,82772,35613,110585,90572,0
34170,97496,16313,131666,50483,113809,0
32660,42008,96350,74668,129010,138358,0
19130,43444,71107,62574,90237,114551,0
29566,20113,88998,49679,118564,109111,0
85353,64152,25535,149505,110888,89687,1
20184,93541,42957,113725,63141,136498,0
86885,63964,10529,150849,97414,74493,0
87839,78967,48146,166806,135985,127113,1
45337,83842,9261,129179,54598,93103,0
41141,2837,79492,43978,120633,82329,0
18130,94954,29976,113084,48106,124930,0
10208,51540,4713,61748,14921,56253,0
86061,63111,34630,149172,120691,97741,1
59488,98239,70319,157727,129807,168558,1
97835,55839,2324,153674,100159,58163,0
71954,71251,8686,143205,80640,79937,1
64503,29264,67500,93767,132003,96764,1
41205,33235,29779,74440,70984,63014,1
89218,69690,80528,158908,169746,150218,1
34464,4720,54304,39184,88768,59024,0
89132,98844,6846,187976,95978,105690,0
81237,80315,41320,161552,122557,121635,1
46046,2675,372,48721,46418,3047,0
46556,90239,77067,136795,123623,167306,1
95158,84470,87797,179628,182955,172267,1
50877,13336,68899,64213,119776,82235,0
9478,87311,47635,96789,57113,134946,0
87635,15683,8688,103318,96323,24371,0
88055,67132,9190,155187,97245,76322,0
82761,39260,67825,122021,150586,107085,1
76332,46282,91919,122614,168251,138201,1
71983,28768,4583,100751,76566,33351,0
99519,92698,36262,192217,135781,128960,1
15746,40518,35766,56264,51512,76284,1
37847,78910,97435,116757,135282,176345,1
42069,59328,60112,101397,102181,119440,1
55776,39244,69010,95020,124786,108254,1
86356,22600,21102,108956,107458,43702,0
67399,11672,33336,79071,100735,45008,0
64233,34171,30456,98404,94689,64627,1
72789,20524,77991,93313,150780,98515,1
33228,33651,26411,66879,59639,60062,1
92575,29380,39125,121955,131700,68505,0
82210,34752,94401,116962,176611,129153,1
27092,33636,66993,60728,94085,100629,0
86440,52598,15271,139038,101711,67869,0
45277,41273,20912,86550,66189,62185,1
99582,65216,8586,164798,108168,73802,0
96546,36975,46610,133521,143156,83585,0
52236,74762,68894,126998,121130,143656,1
85067,21831,73016,106898,158083,94847,1
65978,39538,41946,105516,107924,81484,1
88370,32408,1668,120778,90038,34076,0
58601,27116,88502,85717,147103,115618,0
99551,28455,9961,128006,109512,38416,0
84060,79084,91610,163144,175670,170694,1
32522,78283,52182,110805,84704,130465,1
53799,87991,27987,141790,81786,115978,0
12938,15923,46869,28861,59807,62792,0
13187,41427,24389,54614,37576,65816,0
55539,31273,52343,86812,107882,83616,1
50931,8480,96397,59411,147328,104877,0
33160,43456,41400,76616,74560,84856,1
55889,93299,94963,149188,150852,188262,1
71477,15773,59639,87250,131116,75412,1
73967,51344,85225,125311,159192,136569,1
76394,57335,46463,133729,122857,103798,1
61793,10089,70167,71882,131960,80256,1
86629,27017,97229,113646,183858,124246,1
74095,1646,34971,75741,109066,36617,0
99703,5230,51949,104933,151652,57179,0
38878,16240,64012,55118,102890,80252,0
25983,539,32016,26522,57999,32555,0
82255,45051,45063,127306,127318,90114,1
84977,32049,29196,117026,114173,61245,0
57949,26087,88504,84036,146453,114591,0
8053,72578,21101,80631,29154,93679,0
35220,36195,29142,71415,64362,65337,1
62776,13810,79752,76586,142528,93562,0
53301,20203,30387,73504,83688,50590,0
85098,8584,15475,93682,100573,24059,0
93277,49034,82110,142311,175387,131144,1
25721,24015,50205,49736,75926,74220,0
392,49858,21688,50250,22080,71546,0
3705,84901,62433,88606,66138,147334,0
924,47806,8372,48730,9296,56178,0
44237,80098,33414,124335,77651,113512,0
15518,44340,79862,59858,95380,124202,0
22540,92542,44471,115082,67011,137013,0
97393,64140,81995,161533,179388,146135,1
8932,26007,49470,34939,58402,75477,0
34220,76330,98151,110550,132371,174481,1
3215,87360,49448,90575,52663,136808,0
71371,39308,6454,110679,77825,45762,0
64408,6940,69773,71348,134181,76713,1
50234,30401,58023,80635,108257,88424,1
18941,32832,40684,51773,59625,73516,1
52040,52665,31186,104705,83226,83851,1
91996,37105,1854,129101,93850,38959,0
17425,17580,11106,35005,28531,28686,1
81610,83265,18562,164875,100172,101827,1
96310,51464,2544,147774,98854,54008,0
8092,69912,40039,78004,48131,109951,0
84566,14446,99133,99012,183699,113579,0
84317,20169,86828,104486,171145,106997,1
63242,96582,27688,159824,90930,124270,0
78416,90362,98756,168778,177172,189118,1
38696,62483,2062,101179,40758,64545,0
4899,45987,99913,50886,104812,145900,0
4093,9020,57185,13113,61278,66205,0
48091,64074,72717,112165,120808,136791,1
90586,57268,69332,147854,159918,126600,1
17900,32066,21727,49966,39627,53793,1
78936,18756,12429,97692,91365,31185,0
83988,31523,47409,115511,131397,78932,0
23021,96835,73739,119856,96760,170574,0
29145,12395,78001,41540,107146,90396,0
86767,43506,88308,130273,175075,131814,1
56706,57616,51978,114322,108684,109594,1
56767,27232,19825,83999,76592,47057,0
71731,66922,37661,138653,109392,104583,1
77470,51431,82147,128901,159617,133578,1
76158,68202,34724,144360,110882,102926,1
53777,44783,39220,98560,92997,84003,1
52216,66371,15795,118587,68011,82166,1
37191,64503,21187,101694,58378,85690,0
63287,45937,79082,109224,142369,125019,1
35754,45974,22654,81728,58408,68628,1
13654,1766,25770,15420,39424,27536,0
45295,28077,31179,73372,76474,59256,1
23679,70623,70740,94302,94419,141363,1
62633,46625,80692,109258,143325,127317,1
62473,12012,53269,74485,115742,65281,1
82247,8641,28558,90888,110805,37199,0
36362,34379,50377,70741,86739,84756,1
48657,37964,90000,86621,138657,127964,0
97980,94682,89015,192662,186995,183697,1
43753,5573,23321,49326,67074,28894,0
55745,62172,73460,117917,129205,135632,1
5247,43953,34091,49200,39338,78044,0
31486,65487,52797,96973,84283,118284,1
41567,90231,9202,131798,50769,99433,0
4849,889,83902,5738,88751,84791,0
16882,77655,14996,94537,31878,92651,0
95908,91264,68743,187172,164651,160007,1
16823,50270,38346,67093,55169,88616,1
34081,17246,16722,51327,50803,33968,0
61586,71629,79499,133215,141085,151128,1
47349,43925,92165,91274,139514,136090,0
25598,51674,16425,77272,42023,68099,0
60265,62612,66994,122877,127259,129606,1
33103,77717,50228,110820,83331,127945,1
76074,72119,31545,148193,107619,103664,1
47336,97345,49171,144681,96507,146516,0
85359,6742,85952,92101,171311,92694,1
45974,18897,71266,64871,117240,90163,0
3659,34122,96322,37781,99981,130444,0
50981,80370,8797,131351,59778,89167,0
99065,17620,95167,116685,194232,112787,1
4911,29896,20598,34807,25509,50494,0
43288,80969,39489,124257,82777,120458,1
76955,85138,58623,162093,135578,143761,1
72786,99534,62228,172320,135014,161762,1
40346,50803,38378,91149,78724,89181,1
71376,52879,60517,124255,131893,113396,1
93799,42025,68947,135824,162746,110972,1
28001,42396,48873,70397,76874,91269,1
54327,47696,97111,102023,151438,144807,1
8318,97643,34543,105961,42861,132186,0
30408,87402,40589,117810,70997,127991,0
52978,57063,57219,110041,110197,114282,1
16521,18324,5720,34845,22241,24044,1
69791,41834,5755,111625,75546,47589,0
35790,21501,84323,57291,120113,105824,0
44422,83630,73074,128052,117496,156704,1
55209,17252,46862,72461,102071,64114,1
71067,40066,2591,111133,73658,42657,0
49066,77102,16037,126168,65103,93139,0
84689,77329,47058,162018,131747,124387,1
71120,23869,56181,94989,127301,80050,1
29888,49221,4395,79109,34283,53616,0
92281,81907,80820,174188,173101,162727,1
90157,85030,61150,175187,151307,146180,1
80081,47307,42810,127388,122891,90117,1
38103,80594,32582,118697,70685,113176,0
40070,73714,52983,113784,93053,126697,1
41838,98308,97160,140146,138998,195468,1
27084,23009,9590,50093,36674,32599,1
44074,36912,39631,80986,83705,76543,1
53274,73588,74959,126862,128233,148547,1
3174,30397,94736,33571,97910,125133,0
29155,21884,41057,51039,70212,62941,1
14663,51310,78585,65973,93248,129895,0
63920,52042,55133,115962,119053,107175,1
37129,25319,90229,62448,127358,115548,0
99346,17778,20244,117124,119590,38022,0
30160,28789,80550,58949,110710,109339,0
39778,52389,9512,92167,49290,61901,0
67704,6584,68693,74288,136397,75277,1
52783,99767,14810,152550,67593,114577,0
53796,1252,12361,55048,66157,13613,0
33692,21568,95544,55260,129236,117112,0
36409,38605,71004,75014,107413,109609,1
56104,80027,49303,136131,105407,129330,1
56834,40223,61708,97057,118542,101931,1
28941,17888,33283,46829,62224,51171,1
73054,61818,77484,134872,150538,139302,1
14481,27829,535,42310,15016,28364,0
24594,99516,91285,124110,115879,190801,1
39669,21673,79836,61342,119505,101509,0
24283,60258,29817,84541,54100,90075,0
83648,68370,40089,152018,123737,108459,1
16302,28139,52893,44441,69195,81032,0
61208,36945,60002,98153,121210,96947,1
58586,5108,23435,63694,82021,28543,0
55247,71427,24164,126674,79411,95591,1
47612,68377,99111,115989,146723,167488,1
72366,52490,78771,124856,151137,131261,1
61135,73581,42931,134716,104066,116512,1
52428,87355,39677,139783,92105,127032,1
31931,80018,25274,111949,57205,105292,0
18394,44454,24934,62848,43328,69388,0
89004,59901,30596,148905,119600,90497,1
70006,53199,30359,123205,100365,83558,1
54841,96934,93881,151775,148722,190815,1
8793,40851,30538,49644,39331,71389,0
93427,17994,53874,111421,147301,71868,0
1185,96347,31,97532,1216,96378,0
39055,80086,90001,119141,129056,170087,1
12004,24510,59639,36514,71643,84149,0
63213,81444,44117,144657,107330,125561,1
92596,97460,92895,190056,185491,190355,1
98273,22749,48939,121022,147212,71688,0
37153,75800,90615,112953,127768,166415,1
38774,28444,3018,67218,41792,31462,0
72559,56728,94827,129287,167386,151555,1
68579,37207,91718,105786,160297,128925,1
52153,82589,56171,134742,108324,138760,1
24769,41445,43944,66214,68713,85389,1
30640,82377,15901,113017,46541,98278,0
41899,9415,53192,51314,95091,62607,0
11691,91581,95936,103272,107627,187517,1
33207,85024,54871,118231,88078,139895,1
3432,49092,97408,52524,100840,146500,0
51492,93535,75231,145027,126723,168766,1
24589,18903,23084,43492,47673,41987,1
66574,99788,82416,166362,148990,182204,1
87494,36253,46550,123747,134044,82803,0
48162,98819,43578,146981,91740,142397,0
41187,63781,32148,104968,73335,95929,1
63112,43185,34323,106297,97435,77508,1
7085,77600,54906,84685,61991,132506,0
50141,58040,71956,108181,122097,129996,1
86950,53198,87683,140148,174633,140881,1
34370,75210,56302,109580,90672,131512,1
54391,15798,37429,70189,91820,53227,0
78242,74284,68130,152526,146372,142414,1
52683,66660,452,119343,53135,67112,0
61108,19487,14773,80595,75881,34260,0
50265,6038,87363,56303,137628,93401,0
46839,7548,17578,54387,64417,25126,0
68930,22058,6207,90988,75137,28265,0
5129,65086,52985,70215,58114,118071,0
61826,4813,11398,66639,73224,16211,0
78386,12209,73857,90595,152243,86066,1
81377,75044,64677,156421,146054,139721,1
48298,16564,42935,64862,91233,59499,1
87373,46467,13333,133840,100706,59800,0
53277,82559,96102,135836,149379,178661,1
64813,55096,44274,119909,109087,99370,1
5604,95261,93155,100865,98759,188416,1
27259,79514,58182,106773,85441,137696,1
99076,25501,2450,124577,101526,27951,0
93086,96907,61600,189993,154686,158507,1
15637,80363,36965,96000,52602,117328,0
47102,35418,23401,82520,70503,58819,1
20380,99860,43909,120240,64289,143769,0
699,70102,40855,70801,41554,110957,0
54770,96297,51182,151067,105952,147479,1
45986,48424,66062,94410,112048,114486,1
20680,34885,84164,55565,104844,119049,0
4830,46016,98499,50846,103329,144515,0
33516,64406,1672,97922,35188,66078,0
65252,49168,5170,114420,70422,54338,0
60341,23830,98397,84171,158738,122227,0
41437,68001,93470,109438,134907,161471,1
49304,42741,38245,92045,87549,80986,1
43067,48735,98484,91802,141551,147219,0
32342,8551,90500,40893,122842,99051,0
89115,19156,32775,108271,121890,51931,0
1489,63292,28136,64781,29625,91428,0
19482,7238,41576,26720,61058,48814,0
66983,75171,34107,142154,101090,109278,1
36282,62174,54231,98456,90513,116405,1
62214,73667,42554,135881,104768,116221,1
79684,49185,89695,128869,169379,138880,1
28623,50445,61193,79068,89816,111638,1
76187,84270,85208,160457,161395,169478,1
92735,75405,5637,168140,98372,81042,0
68156,90653,6612,158809,74768,97265,0
1114,21656,71294,22770,72408,92950,0
80462,62435,24259,142897,104721,86694,1
23377,30739,76803,54116,100180,107542,0
46127,40779,75649,86906,121776,116428,1
413,37121,50632,37534,51045,87753,0
9817,70685,29205,80502,39022,99890,0
61790,63053,24926,124843,86716,87979,1
98147,31155,78616,129302,176763,109771,1
35257,45971,13496,81228,48753,59467,1
78984,17252,22768,96236,101752,40020,0
41741,80595,83436,122336,125177,164031,1
55918,46848,1532,102766,57450,48380,0
17279,40595,83182,57874,100461,123777,0
17018,14595,12911,31613,29929,27506,1
13996,94586,95923,108582,109919,190509,1
84225,95903,71966,180128,156191,167869,1
65520,95244,21114,160764,86634,116358,0
66522,71401,99438,137923,165960,170839,1
52266,94624,59093,146890,111359,153717,1
24122,86270,9691,110392,33813,95961,0
54358,45747,33796,100105,88154,79543,1
64923,18284,36425,83207,101348,54709,0
88690,47679,31635,136369,120325,79314,0
97927,66896,29873,164823,127800,96769,0
972,17068,85390,18040,86362,102458,0
26987,74240,39393,101227,66380,113633,0
73123,47442,8957,120565,82080,56399,0
80437,91134,83849,171571,164286,174983,1
72806,21373,24288,94179,97094,45661,0
22138,6785,51329,28923,73467,58114,0
6850,74734,3749,81584,10599,78483,0
74373,59030,40384,133403,114757,99414,1
48981,16261,35325,65242,84306,51586,1
62530,2476,16140,65006,78670,18616,0
62120,7665,32656,69785,94776,40321,0
71067,45841,61287,116908,132354,107128,1
74101,13099,86220,87200,160321,99319,1
49263,59561,48802,108824,98065,108363,1
30926,20964,33939,51890,64865,54903,1
45446,11486,2004,56932,47450,13490,0
61938,30777,87437,92715,149375,118214,1
71485,29330,21607,100815,93092,50937,0
195,37622,43309,37817,43504,80931,0
30137,82825,79787,112962,109924,162612,1
5812,51813,45575,57625,51387,97388,0
6911,60164,17280,67075,24191,77444,0
91357,99449,88135,190806,179492,187584,1
11209,1476,19524,12685,30733,21000,0
9659,89154,93925,98813,103584,183079,1
22659,80105,55154,102764,77813,135259,0
83979,69562,90541,153541,174520,160103,1
91711,57455,54936,149166,146647,112391,1
43497,92866,10169,136363,53666,103035,0
37624,67473,34127,105097,71751,101600,1
18563,52029,10813,70592,29376,62842,0
15626,70031,14601,85657,30227,84632,0
7441,36142,13450,43583,20891,49592,0
45972,45957,42179,91929,88151,88136,1
23044,8738,68080,31782,91124,76818,0
48453,21972,75413,70425,123866,97385,0
81984,26531,88462,108515,170446,114993,1
53440,34602,14171,88042,67611,48773,0
37080,72026,93924,109106,131004,165950,1
90197,67972,28500,158169,118697,96472,1
75088,68861,43980,143949,119068,112841,1
87231,40415,52671,127646,139902,93086,1
83382,73881,50772,157263,134154,124653,1
95387,76712,48949,172099,144336,125661,1
40277,31845,76633,72122,116910,108478,0
78258,50975,99324,129233,177582,150299,1
46395,40836,50681,87231,97076,91517,1
57688,68088,67857,125776,125545,135945,1
91440,62136,13843,153576,105283,75979,0
19033,59774,77087,78807,96120,136861,1
96599,60617,52873,157216,149472,113490,1
92938,52062,46214,145000,139152,98276,1
86617,19869,19238,106486,105855,39107,0
27855,11,53102,27866,80957,53113,0
1826,97591,61165,99417,62991,158756,0
80443,51257,54131,131700,134574,105388,1
34176,30749,37308,64925,71484,68057,1
46384,59717,56773,106101,103157,116490,1
22780,47631,17571,70411,40351,65202,0
14479,66982,53387,81461,67866,120369,1
77284,2790,67784,80074,145068,70574,0
9633,74684,26519,84317,36152,101203,0
1371,30984,86729,32355,88100,117713,0
77317,2866,87476,80183,164793,90342,0
52592,82857,77653,135449,130245,160510,1
28188,13014,33048,41202,61236,46062,1
46561,12415,98342,58976,144903,110757,0
68841,22866,60844,91707,129685,83710,1
87763,30252,38837,118015,126600,69089,0
82005,55151,92630,137156,174635,147781,1
67491,83389,22053,150880,89544,105442,1
29360,65954,13538,95314,42898,79492,0
31204,88739,98068,119943,129272,186807,1
65841,95116,34904,160957,100745,130020,1
55097,78535,59603,133632,114700,138138,1
53401,60220,44973,113621,98374,105193,1
51439,19157,79050,70596,130489,98207,0
30119,66743,74238,96862,104357,140981,1
74685,16380,35001,91065,109686,51381,0
19399,2158,16362,21557,35761,18520,0
18687,14207,57075,32894,75762,71282,0
99050,61273,29823,160323,128873,91096,0
60357,57217,71768,117574,132125,128985,1
81483,11496,18287,92979,99770,29783,0
35228,97085,94420,132313,129648,191505,1
27917,82816,11753,110733,39670,94569,0
2888,77111,35562,79999,38450,112673,0
85010,4864,2627,89874,87637,7491,0
95851,22507,79003,118358,174854,101510,1
69800,67538,50015,137338,119815,117553,1
81092,13633,23434,94725,104526,37067,0
35134,23905,33635,59039,68769,57540,1
8322,68093,29552,76415,37874,97645,0
93923,81882,24141,175805,118064,106023,1
59656,25112,59142,84768,118798,84254,1
91804,90220,73365,182024,165169,163585,1
69853,32553,11365,102406,81218,43918,0
64810,41176,50738,105986,115548,91914,1
874,4706,29529,5580,30403,34235,0
11638,60146,87225,71784,98863,147371,0
9762,50559,88620,60321,98382,139179,0
89012,20473,56537,109485,145549,77010,0
52730,81519,54374,134249,107104,135893,1
76532,42899,75796,119431,152328,118695,1
77574,26174,95785,103748,173359,121959,1
74618,57715,15698,132333,90316,73413,0
67968,39490,13309,107458,81277,52799,0
68659,67994,48151,136653,116810,116145,1
15659,83016,41698,98675,57357,124714,0
58403,50518,58474,108921,116877,108992,1
14873,3733,27514,18606,42387,31247,0
22680,67982,49509,90662,72189,117491,1
95614,3160,15742,98774,111356,18902,0
42698,40499,96530,83197,139228,137029,0
51802,30248,94272,82050,146074,124520,0
63300,80322,94037,143622,157337,174359,1
35344,96214,3607,131558,38951,99821,0
86527,12282,6645,98809,93172,18927,0
46378,46926,85708,93304,132086,132634,1
15431,69096,57645,84527,73076,126741,1
78121,59078,46668,137199,124789,105746,1
46165,95094,18530,141259,64695,113624,0
68047,41371,91483,109418,159530,132854,1
50540,62495,16157,113035,66697,78652,1
49950,29030,27383,78980,77333,56413,1
80359,94997,2707,175356,83066,97704,0
38855,11207,48738,50062,87593,59945,1
41843,68623,27435,110466,69278,96058,1
15641,48524,95497,64165,111138,144021,0
27110,74040,53023,101150,80133,127063,1
50814,66842,61975,117656,112789,128817,1
41720,84493,9234,126213,50954,93727,0
25925,90960,90807,116885,116732,181767,1
69793,48804,10912,118597,80705,59716,0
21295,71158,7922,92453,29217,79080,0
55614,38204,3537,93818,59151,41741,0
32408,1507,47959,33915,80367,49466,0
87649,26066,69417,113715,157066,95483,1
51826,8997,16822,60823,68648,25819,0
62132,61133,29652,123265,91784,90785,1
25762,45109,73359,70871,99121,118468,0
5861,89380,17754,95241,23615,107134,0
60959,13481,4183,74440,65142,17664,0
24062,12422,73597,36484,97659,86019,0
79729,60279,73449,140008,153178,133728,1
6201,34090,45235,40291,51436,79325,0
1326,42317,51088,43643,52414,93405,0
93249,66099,1166,159348,94415,67265,0
45657,66200,96484,111857,142141,162684,1
11819,67342,7850,79161,19669,75192,0
5072,45880,76693,50952,81765,122573,0
67472,22576,22849,90048,90321,45425,0
9312,84523,66333,93835,75645,150856,0
33350,77114,90682,110464,124032,167796,1
37739,8159,76475,45898,114214,84634,0
7617,71486,50924,79103,58541,122410,0
93511,41462,6915,134973,100426,48377,0
95189,26759,41834,121948,137023,68593,0
27093,44941,33227,72034,60320,78168,1
40843,58276,92623,99119,133466,150899,1
6965,85582,28736,92547,35701,114318,0
37772,59806,77171,97578,114943,136977,1
30371,91498,32754,121869,63125,124252,0
35105,31118,11028,66223,46133,42146,1
51246,5076,63797,56322,115043,68873,0
83680,53452,1768,137132,85448,55220,0
42778,63520,28566,106298,71344,92086,1
20340,51618,18353,71958,38693,69971,0
91925,24409,82367,116334,174292,106776,1
60696,9143,84221,69839,144917,93364,0
79766,9969,82479,89735,162245,92448,1
28469,68059,5754,96528,34223,73813,0
91778,17898,8675,109676,100453,26573,0
12654,38268,43941,50922,56595,82209,1
24626,35201,96392,59827,121018,131593,0
587,60247,28068,60834,28655,88315,0
47338,69301,19323,116639,66661,88624,0
96939,78119,52522,175058,149461,130641,1
24886,80503,24889,105389,49775,105392,0
93987,16931,5876,110918,99863,22807,0
15255,25961,18502,41216,33757,44463,1
42784,15838,73968,58622,116752,89806,0
93715,45335,64765,139050,158480,110100,1
33053,35479,60449,68532,93502,95928,1
37422,20560,69896,57982,107318,90456,0
72163,40143,53846,112306,126009,93989,1
63001,41665,19668,104666,82669,61333,0
80390,46682,68328,127072,148718,115010,1
18202,60149,7837,78351,26039,67986,0
56673,48238,42048,104911,98721,90286,1
32151,35501,39439,67652,71590,74940,1
33368,35995,20090,69363,53458,56085,1
31091,42148,43270,73239,74361,85418,1
30166,2095,14170,32261,44336,16265,0
45946,90342,55288,136288,101234,145630,1
48118,80936,71107,129054,119225,152043,1
17474,77421,7910,94895,25384,85331,0
91975,36040,81410,128015,173385,117450,1
4204,5878,36820,10082,41024,42698,0
81390,31129,66773,112519,148163,97902,1
73945,70341,87564,144286,161509,157905,1
36997,18398,43963,55395,80960,62361,1
91113,89688,78834,180801,169947,168522,1
824,15022,9465,15846,10289,24487,0
88971,9565,55889,98536,144860,65454,0
28379,54785,69935,83164,98314,124720,1
63076,84490,71143,147566,134219,155633,1
93114,31336,87846,124450,180960,119182,1
1584,78763,65750,80347,67334,144513,0
67801,50385,13029,118186,80830,63414,0
75840,10873,31424,86713,107264,42297,0
43279,47967,62866,91246,106145,110833,1
33089,74156,72902,107245,105991,147058,1
97347,34127,18187,131474,115534,52314,0
57627,10907,74507,68534,132134,85414,0
86666,87719,70380,174385,157046,158099,1
98955,46199,10829,145154,109784,57028,0
73993,51745,68545,125738,142538,120290,1
8876,93990,22342,102866,31218,116332,0
64001,84300,24251,148301,88252,108551,1
62587,4071,95697,66658,158284,99768,0
93358,9884,48466,103242,141824,58350,0
43811,22860,25924,66671,69735,48784,1
69410,76456,55672,145866,125082,132128,1
10239,46388,51429,56627,61668,97817,1
18434,97128,19459,115562,37893,116587,0
38284,22560,64201,60844,102485,86761,0
55688,83427,65615,139115,121303,149042,1
97384,58485,29338,155869,126722,87823,0
90592,38481,78071,129073,168663,116552,1
34530,89572,61475,124102,96005,151047,1
7877,24593,51688,32470,59565,76281,0
79906,86850,39723,166756,119629,126573,1
98422,58688,6566,157110,104988,65254,0
33643,96601,43414,130244,77057,140015,0
3235,65589,56939,68824,60174,122528,0
83563,18455,70011,102018,153574,88466,1
15621,69048,56007,84669,71628,125055,1
30025,65560,33604,95585,63629,99164,0
1225,34445,36371,35670,37596,70816,0
96803,3663,19743,100466,116546,23406,0
30718,92189,5786,122907,36504,97975,0
55039,1614,798,56653,55837,2412,0
7212,91953,18749,99165,25961,110702,0
55742,2518,2463,58260,58205,4981,0
20154,55622,96201,75776,116355,151823,0
17261,37348,23429,54609,40690,60777,1
62266,16723,55994,78989,118260,72717,1
71567,49148,59144,120715,130711,108292,1
36357,22062,17589,58419,53946,39651,1
6068,50786,1762,56854,7830,52548,0
19425,88641,54845,108066,74270,143486,0
44007,89393,39396,133400,83403,128789,0
77870,17300,6294,95170,84164,23594,0
34987,12177,89371,47164,124358,101548,0
36839,27502,34544,64341,71383,62046,1
73607,69046,33706,142653,107313,102752,1
59041,59067,56177,118108,115218,115244,1
21580,50749,94593,72329,116173,145342,0
94861,1846,3016,96707,97877,4862,0
20806,5489,56893,26295,77699,62382,0
81946,86020,48223,167966,130169,134243,1
48288,21611,84809,69899,133097,106420,0
93132,82039,57804,175171,150936,139843,1
58616,90966,34130,149582,92746,125096,1
5182,93491,34760,98673,39942,128251,0
36788,47183,31618,83971,68406,78801,1
6943,48838,19846,55781,26789,68684,0
85088,80380,24314,165468,109402,104694,1
67226,81792,40956,149018,108182,122748,1
80277,70378,16676,150655,96953,87054,1
168,72522,84459,72690,84627,156981,0
12399,74960,48305,87359,60704,123265,0
98808,96751,50661,195559,149469,147412,1
52658,12823,11125,65481,63783,23948,0
6007,98468,22376,104475,28383,120844,0
69615,37045,38423,106660,108038,75468,1
27378,53156,27123,80534,54501,80279,1
2452,26258,23656,28710,26108,49914,0
64739,35984,75653,100723,140392,111637,1
22998,53222,17214,76220,40212,70436,0
2368,73734,72584,76102,74952,146318,1
42080,37842,87059,79922,129139,124901,0
67166,42805,34638,109971,101804,77443,1
60027,78780,94641,138807,154668,173421,1
78802,83886,71164,162688,149966,155050,1
17430,25794,59980,43224,77410,85774,0
8488,87935,84728,96423,93216,172663,1
96353,17814,3438,114167,99791,21252,0
44464,13665,72870,58129,117334,86535,0
807,67521,74659,68328,75466,142180,0
26744,95840,12798,122584,39542,108638,0
44448,21461,56946,65909,101394,78407,1
57371,81593,40830,138964,98201,122423,1
11242,47500,29963,58742,41205,77463,0
80828,34523,17310,115351,98138,51833,0
6260,78318,59824,84578,66084,138142,0
81570,61180,77021,142750,158591,138201,1
34235,81409,35097,115644,69332,116506,0
18119,49353,28242,67472,46361,77595,0
94803,86660,36070,181463,130873,122730,1
70803,96135,45325,166938,116128,141460,1
17751,24628,88549,42379,106300,113177,0
84953,11995,34402,96948,119355,46397,0
10613,77056,40216,87669,50829,117272,0
53666,48060,16163,101726,69829,64223,1
12944,41831,58102,54775,71046,99933,0
11224,21028,56397,32252,67621,77425,0
87615,88753,88172,176368,175787,176925,1
57334,59572,7554,116906,64888,67126,1
38354,51421,14884,89775,53238,66305,1
37112,45601,26805,82713,63917,72406,1
97255,84641,3642,181896,100897,88283,0
70479,43824,54461,114303,124940,98285,1
41859,73937,21059,115796,62918,94996,0
7855,15647,48793,23502,56648,64440,0
11514,87647,94884,99161,106398,182531,1
32039,40284,50107,72323,82146,90391,1
66399,74397,46894,140796,113293,121291,1
25516,64250,62185,89766,87701,126435,1
9627,37453,48160,47080,57787,85613,0
83835,67325,84005,151160,167840,151330,1
59544,75240,57410,134784,116954,132650,1
19266,15113,84763,34379,104029,99876,0
48902,19724,55143,68626,104045,74867,1
38727,98443,46210,137170,84937,144653,0
45420,8286,98298,53706,143718,106584,0
69900,16181,65034,86081,134934,81215,1
1734,98614,73993,100348,75727,172607,0
24623,65694,80387,90317,105010,146081,1
19563,73628,30529,93191,50092,104157,0
1557,23225,62065,24782,63622,85290,0
6617,61993,98214,68610,104831,160207,0
7439,30023,61627,37462,69066,91650,0
97081,11302,27151,108383,124232,38453,0
83475,96480,30395,179955,113870,126875,1
97980,45808,91815,143788,189795,137623,1
36369,38768,71222,75137,107591,109990,1
32808,15680,60075,48488,92883,75755,0
14455,92526,86895,106981,101350,179421,1
152,86212,31844,86364,31996,118056,0
77384,64773,58268,142157,135652,123041,1
86779,57641,53088,144420,139867,110729,1
71604,94617,82961,166221,154565,177578,1
26657,29458,15690,56115,42347,45148,1
67483,78275,24158,145758,91641,102433,1
97766,94833,14384,192599,112150,109217,1
97645,27425,3756,125070,101401,31181,0
29336,20592,93019,49928,122355,113611,0
96438,68077,84662,164515,181100,152739,1
9282,2757,43136,12039,52418,45893,0
85162,60591,76966,145753,162128,137557,1
40537,89401,96997,129938,137534,186398,1
15986,6474,23058,22460,39044,29532,0
27759,23803,93484,51562,121243,117287,0
87342,89491,16065,176833,103407,105556,1
65700,66759,22097,132459,87797,88856,1
14178,71687,78163,85865,92341,149850,1
93560,53895,5516,147455,99076,59411,0
71422,70311,49108,141733,120530,119419,1
36566,33804,31325,70370,67891,65129,1
81741,7037,80730,88778,162471,87767,1
28442,74251,27916,102693,56358,102167,0
55713,50978,42157,106691,97870,93135,1
55550,69800,28718,125350,84268,98518,1
95180,36724,81985,131904,177165,118709,1
86358,70449,3021,156807,89379,73470,0
39872,14665,11991,54537,51863,26656,0
81630,31280,44772,112910,126402,76052,0
93582,25025,49121,118607,142703,74146,0
87138,58686,59772,145824,146910,118458,1
74674,15974,47291,90648,121965,63265,0
90285,62241,46438,152526,136723,108679,1
32396,89056,49892,121452,82288,138948,0
78298,82200,1087,160498,79385,83287,0
55472,28144,90610,83616,146082,118754,0
45885,62457,41771,108342,87656,104228,1
74908,64278,41318,139186,116226,105596,1
93835,97949,5922,191784,99757,103871,1
94373,28816,67490,123189,161863,96306,1
77431,2987,16908,80418,94339,19895,0
2678,89035,57909,91713,60587,146944,0
58573,40284,30034,98857,88607,70318,1
94250,24791,64888,119041,159138,89679,0
58200,98268,74771,156468,132971,173039,1
83116,19878,65100,102994,148216,84978,1
17054,77298,4367,94352,21421,81665,0
91293,96841,52605,188134,143898,149446,1
62024,48046,28069,110070,90093,76115,1
756,37669,66842,38425,67598,104511,0
59837,73853,87956,133690,147793,161809,1
66682,46710,79881,113392,146563,126591,1
37114,43733,23658,80847,60772,67391,1
83182,79322,97156,162504,180338,176478,1
93261,88592,52671,181853,145932,141263,1
4167,9620,35478,13787,39645,45098,0
48799,27330,20017,76129,68816,47347,0
52250,86839,54059,139089,106309,140898,1
30490,83275,32536,113765,63026,115811,0
19050,51511,69623,70561,88673,121134,1
24169,72778,91757,96947,115926,164535,1
54756,58449,22564,113205,77320,81013,1
89077,12210,62599,101287,151676,74809,0
20402,22621,94170,43023,114572,116791,0
65319,98034,33491,163353,98810,131525,1
50114,76780,68575,126894,118689,145355,1
45915,58602,45680,104517,91595,104282,1
12942,50523,45114,63465,58056,95637,1
41991,19769,76512,61760,118503,96281,0
80323,7044,50603,87367,130926,57647,0
85806,11372,41493,97178,127299,52865,0
32699,43095,43299,75794,75998,86394,1
36586,48580,99239,85166,135825,147819,0
91441,20392,3610,111833,95051,24002,0
27814,14189,49038,42003,76852,63227,0
64281,58655,29462,122936,93743,88117,1
65949,52481,18921,118430,84870,71402,1
53377,74070,94785,127447,148162,168855,1
9651,66645,52108,76296,61759,118753,0
51524,93317,47068,144841,98592,140385,1
30440,32359,4297,62799,34737,36656,1
73262,90012,24807,163274,98069,114819,1
70722,61778,13140,132500,83862,74918,1
25782,2132,17738,27914,43520,19870,0
90574,74199,13550,164773,104124,87749,0
29531,83164,60840,112695,90371,144004,1
85602,20517,46077,106119,131679,66594,0
7638,63489,71835,71127,79473,135324,0
16672,22312,82483,38984,99155,104795,0
26591,52472,1934,79063,28525,54406,0
29710,70596,19006,100306,48716,89602,0
31581,83554,77370,115135,108951,160924,1
10179,29693,72768,39872,82947,102461,0
36929,94686,48179,131615,85108,142865,0
32270,66033,79942,98303,112212,145975,1
8592,30164,7298,38756,15890,37462,0
5009,32450,32884,37459,37893,65334,1
56834,88481,37587,145315,94421,126068,1
67180,50326,76440,117506,143620,126766,1
71339,12155,60169,83494,131508,72324,1
36493,46354,54310,82847,90803,100664,1
61293,51146,39861,112439,101154,91007,1
92734,3318,5534,96052,98268,8852,0
11838,99576,63391,111414,75229,162967,0
87938,27398,77995,115336,165933,105393,1
56496,49085,75293,105581,131789,124378,1
92020,54543,21953,146563,113973,76496,0
18609,58478,24206,77087,42815,82684,0
58985,24263,75883,83248,134868,100146,1
21329,69149,59423,90478,80752,128572,1
98651,84875,20829,183526,119480,105704,1
34061,3127,42266,37188,76327,45393,0
8857,41289,12129,50146,20986,53418,0
96123,75688,78588,171811,174711,154276,1
10983,71436,39612,82419,50595,111048,0
29529,47950,44261,77479,73790,92211,1
97310,12529,92524,109839,189834,105053,1
69870,1835,94343,71705,164213,96178,0
57610,11953,37953,69563,95563,49906,0
43832,43626,33375,87458,77207,77001,1
77834,47751,37366,125585,115200,85117,1
49855,89376,73698,139231,123553,163074,1
7950,42538,9998,50488,17948,52536,0
40892,65014,18888,105906,59780,83902,0
99924,29960,13667,129884,113591,43627,0
93512,15362,26499,108874,120011,41861,0
36927,45257,2975,82184,39902,48232,0
15265,51720,14108,66985,29373,65828,0
40877,84413,62472,125290,103349,146885,1
4435,68756,50157,73191,54592,118913,0
66437,21967,33038,88404,99475,55005,0
55050,3904,33800,58954,88850,37704,0
40614,8594,16423,49208,57037,25017,0
31981,57922,26641,89903,58622,84563,1
81341,79641,82575,160982,163916,162216,1
87936,19912,31168,107848,119104,51080,0
41134,47764,40746,88898,81880,88510,1
8876,59415,22892,68291,31768,82307,0
61250,35239,77874,96489,139124,113113,1
45567,558,34239,46125,79806,34797,0
95265,56615,48475,151880,143740,105090,1
54827,8148,97571,62975,152398,105719,0
55544,88960,13309,144504,68853,102269,0
77320,83913,54674,161233,131994,138587,1
39073,29106,64153,68179,103226,93259,1
43968,7532,28829,51500,72797,36361,0
41265,41944,87379,83209,128644,129323,0
33513,59021,82191,92534,115704,141212,1
48858,96416,58400,145274,107258,154816,1
10135,40991,35908,51126,46043,76899,1
56360,51520,96235,107880,152595,147755,1
30693,53201,76629,83894,107322,129830,1
63301,89166,61592,152467,124893,150758,1
41009,23877,75224,64886,116233,99101,0
8483,21268,45667,29751,54150,66935,0
89725,67976,63816,157701,153541,131792,1
65463,75227,8954,140690,74417,84181,0
29942,77037,66803,106979,96745,143840,1
99599,69480,48462,169079,148061,117942,1
44385,60076,23751,104461,68136,83827,1
23208,30153,80174,53361,103382,110327,0
63339,11095,82101,74434,145440,93196,0
7799,44009,35901,51808,43700,79910,0
52391,30612,16376,83003,68767,46988,0
85319,7156,4672,92475,89991,11828,0
85674,8487,70337,94161,156011,78824,0
18175,61220,36803,79395,54978,98023,0
13261,76760,56462,90021,69723,133222,0
67612,25577,5503,93189,73115,31080,0
19250,25337,64299,44587,83549,89636,0
46665,13252,79566,59917,126231,92818,0
80112,74946,50988,155058,131100,125934,1
35920,77714,66816,113634,102736,144530,1
31744,99278,99139,131022,130883,198417,1
18468,60962,79317,79430,97785,140279,1
6760,12261,93221,19021,99981,105482,0
69497,50467,39245,119964,108742,89712,1
92475,28942,39008,121417,131483,67950,0
75352,69065,29876,144417,105228,98941,1
90664,17713,50630,108377,141294,68343,0
90373,68054,94313,158427,184686,162367,1
40565,29778,3421,70343,43986,33199,0
69755,11662,87784,81417,157539,99446,0
26393,94038,5570,120431,31963,99608,0
29917,62518,84360,92435,114277,146878,1
89865,48189,26056,138054,115921,74245,0
53701,47676,17455,101377,71156,65131,1
91497,36642,78687,128139,170184,115329,1
37735,5549,54929,43284,92664,60478,0
6544,60922,81384,67466,87928,142306,0
89597,63927,34203,153524,123800,98130,1
56373,81110,67301,137483,123674,148411,1
13847,45109,29422,58956,43269,74531,0
88442,55214,43828,143656,132270,99042,1
97406,28041,69307,125447,166713,97348,0
29618,77417,81371,107035,110989,158788,1
31690,72059,66436,103749,98126,138495,1
75057,11928,90493,86985,165550,102421,0
48026,94844,21540,142870,69566,116384,0
1731,57090,1005,58821,2736,58095,0
76619,45109,53638,121728,130257,98747,1
91715,76414,77005,168129,168720,153419,1
14940,67623,70329,82563,85269,137952,1
95105,64784,31233,159889,126338,96017,1
92013,8477,98646,100490,190659,107123,1
39519,60879,84715,100398,124234,145594,1
23277,81846,70720,105123,93997,152566,1
3504,99253,1422,102757,4926,100675,0
75621,84780,60941,160401,136562,145721,1
42393,74120,59282,116513,101675,133402,1
41823,94834,76068,136657,117891,170902,1
88940,40709,92629,129649,181569,133338,1
40811,42042,80870,82853,121681,122912,1
10135,23603,6150,33738,16285,29753,0
11126,110,81258,11236,92384,81368,0
47508,31309,25609,78817,73117,56918,1
63617,72668,11962,136285,75579,84630,1
40057,89406,31390,129463,71447,120796,0
17732,53951,46235,71683,63967,100186,1
68846,56263,27820,125109,96666,84083,1
17419,36018,46348,53437,63767,82366,1
2010,10174,45069,12184,47079,55243,0
19227,39318,48454,58545,67681,87772,1
60402,39559,68209,99961,128611,107768,1
10851,79882,16945,90733,27796,96827,0
20857,71074,31791,91931,52648,102865,0
14703,88039,47254,102742,61957,135293,0
57154,12650,39241,69804,96395,51891,0
20971,79638,61635,100609,82606,141273,1
78692,54014,52163,132706,130855,106177,1
1376,69005,78914,70381,80290,147919,0
39303,57643,28557,96946,67860,86200,1
93243,10731,62280,103974,155523,73011,0
88329,70928,15797,159257,104126,86725,0
66207,42227,83594,108434,149801,125821,1
82981,17083,57565,100064,140546,74648,0
58827,99689,48157,158516,106984,147846,1
22060,33897,57441,55957,79501,91338,0
64108,13752,27089,77860,91197,40841,0
42877,44288,55600,87165,98477,99888,1
16890,47428,9477,64318,26367,56905,0
79871,91820,25592,171691,105463,117412,1
85223,92112,17044,177335,102267,109156,1
66079,64865,21289,130944,87368,86154,1
35511,19883,59436,55394,94947,79319,0
51554,35846,4276,87400,55830,40122,0
33128,49513,15922,82641,49050,65435,0
41795,15158,89751,56953,131546,104909,0
79773,50180,28968,129953,108741,79148,0
84027,47648,36419,131675,120446,84067,1
32700,8474,53232,41174,85932,61706,0
51517,39965,38090,91482,89607,78055,1
20077,82837,72162,102914,92239,154999,1
6017,93965,47985,99982,54002,141950,0
58973,95579,81367,154552,140340,176946,1
87468,64150,98195,151618,185663,162345,1
95258,25528,48748,120786,144006,74276,0
64654,99380,5620,164034,70274,105000,0
68629,26991,75810,95620,144439,102801,1
15508,62798,45504,78306,61012,108302,0
73325,7726,84292,81051,157617,92018,0
27455,73991,44053,101446,71508,118044,0
61196,11893,85310,73089,146506,97203,0
8298,5410,61506,13708,69804,66916,0
74283,2373,80668,76656,154951,83041,0
11465,34593,74654,46058,86119,109247,0
90382,69517,35135,159899,125517,104652,1
50926,96603,8627,147529,59553,105230,0
14788,16443,32267,31231,47055,48710,0
27732,84075,64225,111807,91957,148300,1
86246,23840,88129,110086,174375,111969,1
6168,91527,51788,97695,57956,143315,0
50119,88941,81438,139060,131557,170379,1
16957,91371,67676,108328,84633,159047,0
43083,76092,82966,119175,126049,159058,1
41239,54315,70188,95554,111427,124503,1
81360,9964,87827,91324,169187,97791,1
88589,21125,42061,109714,130650,63186,0
21304,80430,40904,101734,62208,121334,0
46844,64615,81749,111459,128593,146364,1
58347,37822,35027,96169,93374,72849,1
67534,74928,90267,142462,157801,165195,1
58882,60460,84581,119342,143463,145041,1
32860,97563,42674,130423,75534,140237,0
41887,72410,47553,114297,89440,119963,1
78661,82325,62727,160986,141388,145052,1
7979,2447,46656,10426,54635,49103,0
73993,58476,88853,132469,162846,147329,1
39713,35111,22736,74824,62449,57847,1
85521,22269,19374,107790,104895,41643,0
11510,76307,50075,87817,61585,126382,0
13417,43972,71377,57389,84794,115349,0
49832,23413,33190,73245,83022,56603,1
92240,50917,23832,143157,116072,74749,0
3594,81374,84029,84968,87623,165403,1
55723,93210,16116,148933,71839,109326,0
9653,38861,49913,48514,59566,88774,0
32762,8700,39302,41462,72064,48002,1
71407,45313,19372,116720,90779,64685,0
18131,87676,998,105807,19129,88674,0
48123,26372,31844,74495,79967,58216,1
12266,80153,97477,92419,109743,177630,0
90986,69387,25652,160373,116638,95039,1
7952,98982,27349,106934,35301,126331,0
492,509,45147,1001,45639,45656,0
89898,96038,54394,185936,144292,150432,1
44676,47814,27380,92490,72056,75194,1
49906,67561,11736,117467,61642,79297,0
53979,55201,57674,109180,111653,112875,1
8038,57398,93020,65436,101058,150418,0
13110,3803,62417,16913,75527,66220,0
12960,19189,98779,32149,111739,117968,0
22272,29132,28455,51404,50727,57587,1
31755,68964,48125,100719,79880,117089,1
56049,87155,79827,143204,135876,166982,1
58430,80259,24836,138689,83266,105095,1
70515,14389,86773,84904,157288,101162,0
80458,66285,8761,146743,89219,75046,0
56501,40420,54,96921,56555,40474,0
15439,73493,2627,88932,18066,76120,0
64707,81183,43592,145890,108299,124775,1
61633,45893,14337,107526,75970,60230,0
71125,86318,73225,157443,144350,159543,1
60181,49904,51341,110085,111522,101245,1
1641,99750,75595,101391,77236,175345,0
98617,28482,43159,127099,141776,71641,0
33340,50745,31579,84085,64919,82324,1
80413,92103,27296,172516,107709,119399,1
4069,286,99679,4355,103748,99965,0
74805,7111,27895,81916,102700,35006,0
4887,45204,73170,50091,78057,118374,0
11858,68692,24243,80550,36101,92935,0
77433,92112,33731,169545,111164,125843,1
62334,82896,74514,145230,136848,157410,1
23418,48233,32909,71651,56327,81142,1
65784,52013,8309,117797,74093,60322,0
46557,21807,70459,68364,117016,92266,0
24555,28244,61775,52799,86330,90019,0
29779,27448,78148,57227,107927,105596,0
80185,20162,53052,100347,133237,73214,0
3218,68238,87138,71456,90356,155376,0
32021,63333,76194,95354,108215,139527,1
96971,45601,27150,142572,124121,72751,0
94995,65838,94902,160833,189897,160740,1
60122,95420,55228,155542,115350,150648,1
28637,17615,53097,46252,81734,70712,0
37490,46968,61821,84458,99311,108789,1
26160,82278,90461,108438,116621,172739,1
23014,58428,10856,81442,33870,69284,0
92700,1474,69334,94174,162034,70808,0
13073,83527,13509,96600,26582,97036,0
17323,42707,91401,60030,108724,134108,0
38618,939,26460,39557,65078,27399,0
90291,44317,55322,134608,145613,99639,1
87483,64864,54459,152347,141942,119323,1
49000,16815,77131,65815,126131,93946,0
56920,68579,76075,125499,132995,144654,1
81043,99010,46069,180053,127112,145079,1
56001,85857,26805,141858,82806,112662,0
47230,44803,7016,92033,54246,51819,1
87629,72309,14576,159938,102205,86885,0
96094,94223,49425,190317,145519,143648,1
67052,5299,44218,72351,111270,49517,0
21253,11519,75233,32772,96486,86752,0
92348,15572,61649,107920,153997,77221,0
34222,85881,28888,120103,63110,114769,0
67316,62601,54003,129917,121319,116604,1
48368,88983,12266,137351,60634,101249,0
38043,20927,5564,58970,43607,26491,0
12362,67206,44944,79568,57306,112150,0
54777,64038,81637,118815,136414,145675,1
57735,95378,57993,153113,115728,153371,1
85591,3816,45829,89407,131420,49645,0
71376,59222,94327,130598,165703,153549,1
61857,4041,39852,65898,101709,43893,0
73496,20176,79583,93672,153079,99759,1
58199,3218,68649,61417,126848,71867,0
7587,70327,84966,77914,92553,155293,0
38329,6963,61929,45292,100258,68892,0
83785,77553,6227,161338,90012,83780,0
87124,38427,58586,125551,145710,97013,1
96236,15336,64243,111572,160479,79579,0
74540,31832,73389,106372,147929,105221,1
9075,80214,23022,89289,32097,103236,0
98738,1420,45689,100158,144427,47109,0
26391,35722,99945,62113,126336,135667,0
40817,65265,39605,106082,80422,104870,1
45383,18644,62602,64027,107985,81246,1
61743,33741,5649,95484,67392,39390,0
43359,59054,8532,102413,51891,67586,0
28006,73840,6399,101846,34405,80239,0
13532,95525,42677,109057,56209,138202,0
85677,47177,24038,132854,109715,71215,0
13806,58095,2520,71901,16326,60615,0
96718,25591,94259,122309,190977,119850,1
96166,1186,58836,97352,155002,60022,0
63121,45201,14042,108322,77163,59243,0
45524,26028,53242,71552,98766,79270,1
10434,3711,45385,14145,55819,49096,0
9731,37869,10483,47600,20214,48352,0
44536,71646,86943,116182,131479,158589,1
57617,77254,26187,134871,83804,103441,1
7281,52721,79339,60002,86620,132060,0
45077,6691,96340,51768,141417,103031,0
26871,42660,8486,69531,35357,51146,0
54832,71847,50452,126679,105284,122299,1
16079,90620,28494,106699,44573,119114,0
37507,99202,66245,136709,103752,165447,1
34488,44151,53792,78639,88280,97943,1
69305,56921,92523,126226,161828,149444,1
73479,47273,55109,120752,128588,102382,1
35694,62301,73379,97995,109073,135680,1
42376,92969,29260,135345,71636,122229,0
78842,63171,54840,142013,133682,118011,1
55815,49513,60811,105328,116626,110324,1
33233,96841,42324,130074,75557,139165,0
93418,90503,48570,183921,141988,139073,1
91757,10424,59808,102181,151565,70232,0
8516,32147,90798,40663,99314,122945,0
30355,22989,60540,53344,90895,83529,0
15023,30978,66228,46001,81251,97206,0
48993,50059,98585,99052,147578,148644,1
46073,89597,29649,135670,75722,119246,0
91953,60996,13051,152949,105004,74047,0
50585,13846,41626,64431,92211,55472,1
70723,58165,30097,128888,100820,88262,1
65000,68201,26354,133201,91354,94555,1
17131,96557,9077,113688,26208,105634,0
21655,29403,85646,51058,107301,115049,0
95712,26094,1158,121806,96870,27252,0
25202,56015,54840,81217,80042,110855,1
60588,51522,16847,112110,77435,68369,1
3922,87717,61424,91639,65346,149141,0
97587,89932,38215,187519,135802,128147,1
67142,38601,82311,105743,149453,120912,1
89533,72349,23242,161882,112775,95591,1
88608,69019,31773,157627,120381,100792,1
10465,81190,55314,91655,65779,136504,0
99848,52749,70116,152597,169964,122865,1
65081,65837,85964,130918,151045,151801,1
10870,78980,531,89850,11401,79511,0
54599,78137,27498,132736,82097,105635,1
90947,22351,52408,113298,143355,74759,0
9271,10893,56864,20164,66135,67757,0
98187,69600,16527,167787,114714,86127,0
14555,94961,51668,109516,66223,146629,0
81747,23346,64924,105093,146671,88270,1
40486,52179,33050,92665,73536,85229,1
50960,71153,23872,122113,74832,95025,1
17208,59100,36172,76308,53380,95272,0
28955,12168,77384,41123,106339,89552,0
30871,76839,94886,107710,125757,171725,1
65958,50230,30437,116188,96395,80667,1
95534,60256,70678,155790,166212,130934,1
28741,10483,69028,39224,97769,79511,0
40580,93922,80927,134502,121507,174849,1
26315,7182,60101,33497,86416,67283,0
54279,30867,13775,85146,68054,44642,0
95952,80329,28443,176281,124395,108772,1
54834,39818,57819,94652,112653,97637,1
52984,81040,82554,134024,135538,163594,1
37713,68636,72391,106349,110104,141027,1
51334,99156,56751,150490,108085,155907,1
1192,25912,6365,27104,7557,32277,0
38951,93867,20462,132818,59413,114329,0
98675,92865,9546,191540,108221,102411,1
6449,14536,22806,20985,29255,37342,0
12964,2181,55915,15145,68879,58096,0
88174,21407,20249,109581,108423,41656,0
24031,32741,99423,56772,123454,132164,0
20110,67404,64326,87514,84436,131730,1
98868,70268,12063,169136,110931,82331,0
63581,83867,56373,147448,119954,140240,1
63622,12417,6403,76039,70025,18820,0
86524,88784,94475,175308,180999,183259,1
93149,36055,32112,129204,125261,68167,0
80800,36348,7122,117148,87922,43470,0
93122,96487,16457,189609,109579,112944,1
90162,61054,68805,151216,158967,129859,1
73498,59133,80073,132631,153571,139206,1
92939,86238,55862,179177,148801,142100,1
38399,76602,3196,115001,41595,79798,0
17263,27268,99109,44531,116372,126377,0
25407,71608,59914,97015,85321,131522,1
96498,39405,75617,135903,172115,115022,1
93453,53351,26368,146804,119821,79719,0
70752,82605,2539,153357,73291,85144,0
45365,68222,59568,113587,104933,127790,1
90403,51370,67644,141773,158047,119014,1
97836,21612,42821,119448,140657,64433,0
67266,44313,23007,111579,90273,67320,1
9778,69317,35195,79095,44973,104512,0
40856,84529,80050,125385,120906,164579,1
94503,6839,14834,101342,109337,21673,0
49333,82473,12555,131806,61888,95028,0
90954,46806,35468,137760,126422,82274,0
41748,48556,39272,90304,81020,87828,1
85033,83380,66861,168413,151894,150241,1
72259,66851,63431,139110,135690,130282,1
23574,41090,74414,64664,97988,115504,0
49907,46455,21762,96362,71669,68217,1
32436,29315,19542,61751,51978,48857,1
31887,95234,58571,127121,90458,153805,0
36199,5047,43889,41246,80088,48936,0
14530,99779,98383,114309,112913,198162,1
19853,30936,13597,50789,33450,44533,1
42523,18188,50391,60711,92914,68579,1
86291,33593,84244,119884,170535,117837,1
92637,20668,70746,113305,163383,91414,0
3204,72870,41647,76074,44851,114517,0
89169,80344,74127,169513,163296,154471,1
85177,40209,67801,125386,152978,108010,1
52682,22761,81800,75443,134482,104561,0
93514,74406,18175,167920,111689,92581,0
38967,16538,28967,55505,67934,45505,1
92895,94709,50972,187604,143867,145681,1
83249,10820,61877,94069,145126,72697,0
72193,86860,15252,159053,87445,102112,1
48126,55108,26447,103234,74573,81555,1
65579,73822,56690,139401,122269,130512,1
89405,5761,28128,95166,117533,33889,0
74019,66736,55399,140755,129418,122135,1
19649,44586,99942,64235,119591,144528,0
62174,2067,52188,64241,114362,54255,0
86795,46699,23994,133494,110789,70693,0
67130,13636,34469,80766,101599,48105,0
27420,9791,46436,37211,73856,56227,0
34686,16252,10651,50938,45337,26903,0
10187,43437,694,53624,10881,44131,0
19384,46578,62152,65962,81536,108730,1
29678,88431,76632,118109,106310,165063,1
36989,37849,34264,74838,71253,72113,1
97100,54657,93714,151757,190814,148371,1
18445,23339,85857,41784,104302,109196,0
3205,72324,88170,75529,91375,160494,0
57222,96250,18844,153472,76066,115094,0
42930,14556,2044,57486,44974,16600,0
57427,34695,93115,92122,150542,127810,0
15744,99291,91456,115035,107200,190747,1
84768,29062,49915,113830,134683,78977,0
94247,80675,3679,174922,97926,84354,0
56785,18520,22113,75305,78898,40633,0
22928,3335,2276,26263,25204,5611,0
54193,1330,34394,55523,88587,35724,0
27281,61882,9639,89163,36920,71521,0
38963,88173,97539,127136,136502,185712,1
91365,17763,24530,109128,115895,42293,0
52074,28810,72343,80884,124417,101153,1
3268,61614,86044,64882,89312,147658,0
72329,91176,29191,163505,101520,120367,1
33632,39055,82247,72687,115879,121302,0
9074,18574,31434,27648,40508,50008,0
23513,40296,72061,63809,95574,112357,0
71320,4622,15872,75942,87192,20494,0
10715,56316,60523,67031,71238,116839,1
94552,43429,26310,137981,120862,69739,0
68985,52990,58398,121975,127383,111388,1
59975,46015,19377,105990,79352,65392,1
73584,7641,42205,81225,115789,49846,0
82098,79899,80885,161997,162983,160784,1
72091,16891,11360,88982,83451,28251,0
6104,63808,50680,69912,56784,114488,0
13842,193,66193,14035,80035,66386,0
25437,25310,30063,50747,55500,55373,1
66016,60860,96841,126876,162857,157701,1
96215,74828,5668,171043,101883,80496,0
24543,34339,43517,58882,68060,77856,1
17222,42797,40160,60019,57382,82957,1
9737,39631,36722,49368,46459,76353,1
28800,45327,37037,74127,65837,82364,1
43591,10650,89226,54241,132817,99876,0
97022,36971,22494,133993,119516,59465,0
83795,257,41055,84052,124850,41312,0
46109,70679,17692,116788,63801,88371,0
67187,89321,35839,156508,103026,125160,1
32951,29724,19705,62675,52656,49429,1
91422,45809,62745,137231,154167,108554,1
43212,20917,80160,64129,123372,101077,0
98733,64766,60835,163499,159568,125601,1
75031,78281,67561,153312,142592,145842,1
54343,69797,90262,124140,144605,160059,1
15856,37711,52200,53567,68056,89911,1
15533,68519,63575,84052,79108,132094,1
18880,35576,63743,54456,82623,99319,0
10820,23352,6077,34172,16897,29429,0
41940,82558,16234,124498,58174,98792,0
45747,9854,97191,55601,142938,107045,0
60373,30777,35047,91150,95420,65824,1
30402,46292,50337,76694,80739,96629,1
90700,70428,94789,161128,185489,165217,1
52147,96900,53591,149047,105738,150491,1
75051,60448,20624,135499,95675,81072,1
67748,79521,93044,147269,160792,172565,1
50783,88182,50076,138965,100859,138258,1
79218,29224,67779,108442,146997,97003,1
89900,83490,68001,173390,157901,151491,1
71442,42196,40888,113638,112330,83084,1
2699,56171,91990,58870,94689,148161,0
66823,31774,35670,98597,102493,67444,1
8147,50819,82288,58966,90435,133107,0
44127,70440,2691,114567,46818,73131,0
24766,48547,2965,73313,27731,51512,0
24506,22963,68383,47469,92889,91346,0
52359,57709,15788,110068,68147,73497,1
86223,17205,1284,103428,87507,18489,0
39848,29057,69941,68905,109789,98998,0
18755,39810,76133,58565,94888,115943,0
46054,33834,39067,79888,85121,72901,1
17131,14304,98592,31435,115723,112896,0
23514,79903,25133,103417,48647,105036,0
77265,85726,42521,162991,119786,128247,1
88450,7580,49223,96030,137673,56803,0
3618,34282,63983,37900,67601,98265,0
42295,86996,68788,129291,111083,155784,1
89065,15257,91219,104322,180284,106476,1
9617,46694,93837,56311,103454,140531,0
65968,34714,495,100682,66463,35209,0
25942,2718,70982,28660,96924,73700,0
30522,88136,29664,118658,60186,117800,0
92561,8904,61828,101465,154389,70732,0
22218,4255,5618,26473,27836,9873,0
24165,5652,29668,29817,53833,35320,1
32467,45437,55376,77904,87843,100813,1
895,3849,5079,4744,5974,8928,0
80917,74067,58200,154984,139117,132267,1
13435,21500,80002,34935,93437,101502,0
97763,85971,43587,183734,141350,129558,1
27642,80086,65644,107728,93286,145730,1
64574,35084,70134,99658,134708,105218,1
35918,68714,91585,104632,127503,160299,1
85013,56038,40404,141051,125417,96442,1
20647,55467,96687,76114,117334,152154,0
2253,2608,17733,4861,19986,20341,0
71106,97795,96536,168901,167642,194331,1
82870,29675,64183,112545,147053,93858,1
71309,58579,20222,129888,91531,78801,1
53199,3322,87746,56521,140945,91068,0
31324,68030,84521,99354,115845,152551,1
38170,63876,85270,102046,123440,149146,1
94364,40977,57279,135341,151643,98256,1
46588,77291,25359,123879,71947,102650,0
82430,88834,62198,171264,144628,151032,1
67211,89702,93675,156913,160886,183377,1
94532,81432,23601,175964,118133,105033,1
50933,10976,98069,61909,149002,109045,0
45465,47383,77598,92848,123063,124981,1
70240,95194,30867,165434,101107,126061,1
58042,38103,60545,96145,118587,98648,1
15096,84465,18743,99561,33839,103208,0
21985,44120,33344,66105,55329,77464,1
42256,49828,38841,92084,81097,88669,1
76076,29085,99084,105161,175160,128169,1
78630,26582,2955,105212,81585,29537,0
72269,36454,71278,108723,143547,107732,1
88998,83966,89456,172964,178454,173422,1
94106,84877,72199,178983,166305,157076,1
12592,55131,52715,67723,65307,107846,1
40783,14259,89319,55042,130102,103578,0
75331,13114,19719,88445,95050,32833,0
19255,94086,55020,113341,74275,149106,0
58731,70531,58943,129262,117674,129474,1
48355,57313,61870,105668,110225,119183,1
51427,6976,93628,58403,145055,100604,0
86996,13826,32153,100822,119149,45979,0
30946,57952,24026,88898,54972,81978,0
11886,39337,20452,51223,32338,59789,0
46162,75237,31284,121399,77446,106521,1
74398,17877,4363,92275,78761,22240,0
11491,90831,3604,102322,15095,94435,0
60087,32137,19105,92224,79192,51242,0
46966,55033,11,101999,46977,55044,0
17783,60682,96004,78465,113787,156686,0
4571,76324,71446,80895,76017,147770,0
9903,72230,8415,82133,18318,80645,0
12070,64126,82695,76196,94765,146821,0
20976,74274,53526,95250,74502,127800,1
89333,14001,61857,103334,151190,75858,0
74730,60931,28207,135661,102937,89138,1
60848,80889,97031,141737,157879,177920,1
89121,78100,30570,167221,119691,108670,1
43376,38257,23155,81633,66531,61412,1
15635,16012,41367,31647,57002,57379,0
27538,79680,96817,107218,124355,176497,1
93283,42660,68152,135943,161435,110812,1
78923,50711,89708,129634,168631,140419,1
6859,81624,63333,88483,70192,144957,0
53069,17114,35905,70183,88974,53019,0
77979,95190,33622,173169,111601,128812,1
25299,66907,27558,92206,52857,94465,0
15045,7155,86607,22200,101652,93762,0
38285,10144,85058,48429,123343,95202,0
70904,78612,90063,149516,160967,168675,1
93215,50565,62442,143780,155657,113007,1
93928,17306,6908,111234,100836,24214,0
11534,89873,58855,101407,70389,148728,0
36450,87270,23815,123720,60265,111085,0
72094,99134,2759,171228,74853,101893,0
99677,47010,66227,146687,165904,113237,1
40714,8638,12015,49352,52729,20653,0
45232,38787,48300,84019,93532,87087,1
66217,16669,3121,82886,69338,19790,0
28966,11182,94318,40148,123284,105500,0
41806,19423,18274,61229,60080,37697,0
50342,18093,57653,68435,107995,75746,1
95989,67470,9482,163459,105471,76952,0
80490,22883,67416,103373,147906,90299,1
77780,33089,44437,110869,122217,77526,0
32000,27708,69680,59708,101680,97388,0
97962,72082,84317,170044,182279,156399,1
20294,53137,94614,73431,114908,147751,0
96843,8664,17733,105507,114576,26397,0
34658,62973,89220,97631,123878,152193,1
72723,47177,31086,119900,103809,78263,1
57932,76118,82097,134050,140029,158215,1
18901,81042,64839,99943,83740,145881,1
74000,28175,35446,102175,109446,63621,0
7006,59845,84161,66851,91167,144006,0
61703,53445,67719,115148,129422,121164,1
43508,55416,98042,98924,141550,153458,1
94752,2123,58110,96875,152862,60233,0
1306,38681,74369,39987,75675,113050,0
48815,20352,7214,69167,56029,27566,0
93648,33260,79396,126908,173044,112656,1
4861,13304,89102,18165,93963,102406,0
51280,6344,73119,57624,124399,79463,0
67337,40888,87820,108225,155157,128708,1
52653,24358,89904,77011,142557,114262,0
25569,4458,88667,30027,114236,93125,0
44588,9229,47632,53817,92220,56861,1
94487,66092,15142,160579,109629,81234,0
26850,72633,84518,99483,111368,157151,1
41118,23168,95446,64286,136564,118614,0
76338,77518,48421,153856,124759,125939,1
26694,70588,35604,97282,62298,106192,0
51070,14145,77698,65215,128768,91843,0
42128,20979,91796,63107,133924,112775,0
33124,45379,19966,78503,53090,65345,1
24921,40052,3375,64973,28296,43427,0
14208,68119,41094,82327,55302,109213,0
25499,37931,39846,63430,65345,77777,1
70905,46846,81732,117751,152637,128578,1
49259,81043,73289,130302,122548,154332,1
85792,58790,66782,144582,152574,125572,1
25427,61036,76559,86463,101986,137595,1
59947,49290,10533,109237,70480,59823,0
53352,51069,93596,104421,146948,144665,1
70515,71432,42460,141947,112975,113892,1
73607,26552,99651,100159,173258,126203,1
64116,41422,96729,105538,160845,138151,1
29336,330,93919,29666,123255,94249,0
38264,19222,89960,57486,128224,109182,0
70532,47032,476,117564,71008,47508,0
15072,49080,67729,64152,82801,116809,0
90662,30212,20443,120874,111105,50655,0
98809,56984,27611,155793,126420,84595,0
39087,75025,45765,114112,84852,120790,1
7745,57764,71815,65509,79560,129579,0
13953,45483,94890,59436,108843,140373,0
54063,35380,97263,89443,151326,132643,0
99057,85102,80225,184159,179282,165327,1
90647,26112,66664,116759,157311,92776,1
46377,73010,57845,119387,104222,130855,1
48774,97404,96785,146178,145559,194189,1
90901,57646,34219,148547,125120,91865,1
62564,19063,32962,81627,95526,52025,0
34452,10087,57182,44539,91634,67269,0
25216,81660,35058,106876,60274,116718,0
85913,43809,64615,129722,150528,108424,1
36338,4064,86993,40402,123331,91057,0
99906,59503,22489,159409,122395,81992,0
51717,33773,83604,85490,135321,117377,1
18607,91570,27251,110177,45858,118821,0
50389,1271,92563,51660,142952,93834,0
418,84481,60250,84899,60668,144731,0
90500,56427,30188,146927,120688,86615,0
35788,46964,99565,82752,135353,146529,0
21226,61003,77831,82229,99057,138834,1
33335,79079,4520,112414,37855,83599,0
8348,19763,17761,28111,26109,37524,1
4515,12680,35419,17195,39934,48099,0
50333,64049,62625,114382,112958,126674,1
58091,61593,43173,119684,101264,104766,1
82921,79642,92357,162563,175278,171999,1
25137,14999,54992,40136,80129,69991,0
59211,36377,3308,95588,62519,39685,0
88859,93852,60758,182711,149617,154610,1
69334,88040,96435,157374,165769,184475,1
59114,99546,33358,158660,92472,132904,0
73831,9699,33226,83530,107057,42925,0
16833,30528,7058,47361,23891,37586,0
25845,6198,86451,32043,112296,92649,0
79720,31802,73721,111522,153441,105523,1
90717,34802,2935,125519,93652,37737,0
31456,87896,68218,119352,99674,156114,1
11527,89171,98153,100698,109680,187324,1
33857,94985,24081,128842,57938,119066,0
74026,3075,26167,77101,100193,29242,0
1999,52690,50279,54689,52278,102969,0
80797,84482,76581,165279,157378,161063,1
13465,41684,6534,55149,19999,48218,0
83527,33756,55529,117283,139056,89285,1
82599,97280,50368,179879,132967,147648,1
18958,64956,21545,83914,40503,86501,0
88828,44053,32126,132881,120954,76179,0
28822,24182,11558,53004,40380,35740,1
36125,99465,87722,135590,123847,187187,1
50603,58466,90749,109069,141352,149215,1
28070,81205,23892,109275,51962,105097,0
26120,43376,7898,69496,34018,51274,0
32087,7970,14766,40057,46853,22736,0
71164,33089,28060,104253,99224,61149,0
61317,52636,40564,113953,101881,93200,1
66020,67117,44444,133137,110464,111561,1
43473,15863,10971,59336,54444,26834,0
58332,23932,28137,82264,86469,52069,0
19448,53311,92168,72759,111616,145479,0
25934,20771,33053,46705,58987,53824,1
61218,58958,59870,120176,121088,118828,1
11083,14993,50926,26076,62009,65919,0
13253,14362,13961,27615,27214,28323,1
40293,41584,93155,81877,133448,134739,0
85022,38945,96950,123967,181972,135895,1
87086,78022,27772,165108,114858,105794,1
97669,78025,69970,175694,167639,147995,1
93344,10935,5267,104279,98611,16202,0
55427,2543,25564,57970,80991,28107,0
57537,31690,75271,89227,132808,106961,1
6645,77549,84459,84194,91104,162008,0
35392,2769,75862,38161,111254,78631,0
65543,28636,56649,94179,122192,85285,1
56303,39273,32119,95576,88422,71392,1
88661,21815,43441,110476,132102,65256,0
65219,83518,92956,148737,158175,176474,1
20102,75064,68187,95166,88289,143251,1
46568,50480,14238,97048,60806,64718,1
45946,99692,90540,145638,136486,190232,1
61505,27333,31213,88838,92718,58546,0
40293,80354,24782,120647,65075,105136,0
15575,52086,40810,67661,56385,92896,1
31452,20124,15113,51576,46565,35237,1
68019,59745,38136,127764,106155,97881,1
21929,23845,11795,45774,33724,35640,1
9558,92488,58562,102046,68120,151050,0
77241,98207,19147,175448,96388,117354,0
12552,39842,47900,52394,60452,87742,1
29029,71306,86057,100335,115086,157363,1
44464,28800,52568,73264,97032,81368,1
88778,11160,30243,99938,119021,41403,0
13434,52475,42265,65909,55699,94740,1
8674,41603,16527,50277,25201,58130,0
40700,81001,74118,121701,114818,155119,1
93156,7987,83335,101143,176491,91322,0
84878,89892,6159,174770,91037,96051,1
48983,31527,56227,80510,105210,87754,1
17932,7669,57981,25601,75913,65650,0
29360,89270,44552,118630,73912,133822,0
13976,82787,65604,96763,79580,148391,0
82043,19760,83615,101803,165658,103375,1
26732,13036,40360,39768,67092,53396,0
10412,11668,96682,22080,107094,108350,0
84577,83546,29329,168123,113906,112875,1
35091,51924,54102,87015,89193,106026,1
20926,32423,38290,53349,59216,70713,1
21571,53950,97459,75521,119030,151409,0
22250,23184,71277,45434,93527,94461,0
80498,8506,72864,89004,153362,81370,1
23303,29384,12526,52687,35829,41910,1
65775,31082,64405,96857,130180,95487,1
49569,20824,63410,70393,112979,84234,1
88759,23722,93030,112481,181789,116752,1
93769,17910,90103,111679,183872,108013,1
7601,50900,76518,58501,84119,127418,0
2711,10536,11660,13247,14371,22196,1
51892,10664,6142,62556,58034,16806,0
32628,15935,37466,48563,70094,53401,1
89049,60111,3848,149160,92897,63959,0
9865,9367,53482,19232,63347,62849,0
85700,83859,3514,169559,89214,87373,1
31826,7812,43740,39638,75566,51552,0
6994,1914,86482,8908,93476,88396,0
7010,76663,36016,83673,43026,112679,0
84857,92161,24656,177018,109513,116817,1
88856,7263,59370,96119,148226,66633,0
47234,44342,58787,91576,106021,103129,1
40430,26373,86093,66803,126523,112466,0
60582,85527,56973,146109,117555,142500,1
92831,14859,69093,107690,161924,83952,0
18599,58609,96355,77208,114954,154964,0
5244,98696,12339,103940,17583,111035,0
60443,29276,44458,89719,104901,73734,1
85516,77041,3942,162557,89458,80983,0
27124,50049,10311,77173,37435,60360,0
61676,80454,13126,142130,74802,93580,0
70202,66078,94936,136280,165138,161014,1
57406,81064,92501,138470,149907,173565,1
92429,72916,81943,165345,174372,154859,1
23936,3896,42044,27832,65980,45940,0
77606,67590,99893,145196,177499,167483,1
86006,49218,52587,135224,138593,101805,1
28992,27560,92393,56552,121385,119953,0
32497,42006,76521,74503,109018,118527,0
63912,79897,5045,143809,68957,84942,0
76910,1974,9785,78884,86695,11759,0
63492,17158,50845,80650,114337,68003,1
7212,10636,97094,17848,104306,107730,0
16425,27718,59682,44143,76107,87400,0
17398,9629,15185,27027,32583,24814,1
1450,12734,47541,14184,48991,60275,0
72446,41829,34742,114275,107188,76571,1
82572,13021,63204,95593,145776,76225,0
78738,98595,78664,177333,157402,177259,1
92831,38475,45876,131306,138707,84351,0
89636,82806,10733,172442,100369,93539,1
43120,77355,91731,120475,134851,169086,1
67265,80332,48560,147597,115825,128892,1
67814,32151,10676,99965,78490,42827,0
34570,89134,68027,123704,102597,157161,1
49060,96674,15011,145734,64071,111685,0
62623,22088,27181,84711,89804,49269,0
36876,87625,6442,124501,43318,94067,0
93724,58727,83734,152451,177458,142461,1
97327,11900,23165,109227,120492,35065,0
68614,15514,13661,84128,82275,29175,0
28436,4210,20849,32646,49285,25059,0
57875,86536,68774,144411,126649,155310,1
72256,51384,1062,123640,73318,52446,0
42775,82921,45223,125696,87998,128144,1
32579,4942,94422,37521,127001,99364,0
4674,44447,80236,49121,84910,124683,0
78907,44651,31813,123558,110720,76464,0
78489,40870,42423,119359,120912,83293,1
15591,10190,52252,25781,67843,62442,0
32005,30874,36552,62879,68557,67426,1
798,96799,93460,97597,94258,190259,0
16175,26028,7864,42203,24039,33892,0
33628,64317,45853,97945,79481,110170,1
34418,25695,18061,60113,52479,43756,1
75313,42243,64563,117556,139876,106806,1
11098,61427,77661,72525,88759,139088,0
98701,78284,54217,176985,152918,132501,1
9935,50892,78194,60827,88129,129086,0
99888,46356,13234,146244,113122,59590,0
70199,93094,70105,163293,140304,163199,1
41199,70677,88880,111876,130079,159557,1
55408,79961,25436,135369,80844,105397,1
10463,39394,59600,49857,70063,98994,0
52883,64276,12255,117159,65138,76531,1
46196,29906,56611,76102,102807,86517,1
61061,74359,85468,135420,146529,159827,1
21493,62052,58330,83545,79823,120382,1
95438,43022,24904,138460,120342,67926,0
73077,80357,5730,153434,78807,86087,0
13257,69675,88721,82932,101978,158396,0
35438,68573,5972,104011,41410,74545,0
72775,85622,959,158397,73734,86581,0
96895,27283,30362,124178,127257,57645,0
5409,72044,16682,77453,22091,88726,0
53303,59545,59305,112848,112608,118850,1
97013,28112,59729,125125,156742,87841,0
83057,15760,89351,98817,172408,105111,1
17714,79292,90728,97006,108442,170020,1
52991,54373,20961,107364,73952,75334,1
49989,99419,64896,149408,114885,164315,1
74947,63723,64786,138670,139733,128509,1
18133,25836,13297,43969,31430,39133,1
17204,39534,69441,56738,86645,108975,0
3754,15211,18019,18965,21773,33230,1
1252,48127,30730,49379,31982,78857,0
18941,89499,51963,108440,70904,141462,0
1654,60143,37951,61797,39605,98094,0
50175,35618,98284,85793,148459,133902,0
323,97227,10195,97550,10518,107422,0
71839,98251,32502,170090,104341,130753,1
28226,80971,63555,109197,91781,144526,1
3743,9200,1943,12943,5686,11143,0
13349,858,95687,14207,109036,96545,0
69773,28608,35369,98381,105142,63977,0
12975,68489,20544,81464,33519,89033,0
28059,1004,92157,29063,120216,93161,0
24616,68929,70826,93545,95442,139755,1
58282,97256,44064,155538,102346,141320,1
64856,23988,48865,88844,113721,72853,1
49007,73745,13919,122752,62926,87664,0
82522,16253,1871,98775,84393,18124,0
5274,4917,12140,10191,17414,17057,0
89378,30380,75104,119758,164482,105484,1
43724,66134,43185,109858,86909,109319,1
97950,84416,98134,182366,196084,182550,1
46852,12935,62620,59787,109472,75555,0
39463,99705,92597,139168,132060,192302,1
33234,8810,68909,42044,102143,77719,0
60908,77472,46974,138380,107882,124446,1
39721,61328,64778,101049,104499,126106,1
88695,26293,75178,114988,163873,101471,1
78331,92493,95568,170824,173899,188061,1
23123,71669,87119,94792,110242,158788,1
19615,1220,19872,20835,39487,21092,1
54690,46591,83753,101281,138443,130344,1
60249,82231,40018,142480,100267,122249,1
34694,66287,7300,100981,41994,73587,0
80207,28601,36571,108808,116778,65172,0
35234,87159,64047,122393,99281,151206,1
63271,46316,12659,109587,75930,58975,0
33773,60125,45391,93898,79164,105516,1
45548,20233,88344,65781,133892,108577,0
92201,22094,38385,114295,130586,60479,0
19496,63369,12829,82865,32325,76198,0
84404,11457,40746,95861,125150,52203,0
82801,34225,59465,117026,142266,93690,1
44839,92286,23172,137125,68011,115458,0
59782,88697,62346,148479,122128,151043,1
27114,68987,35322,96101,62436,104309,0
68759,64953,35936,133712,104695,100889,1
63017,83851,98589,146868,161606,182440,1
13298,6640,53038,19938,66336,59678,0
51389,82290,65417,133679,116806,147707,1
26477,76347,86704,102824,113181,163051,1
56268,34773,10953,91041,67221,45726,0
28259,50344,84692,78603,112951,135036,0
72673,31,23171,72704,95844,23202,0
50061,92808,20429,142869,70490,113237,0
49515,56078,45682,105593,95197,101760,1
60718,15813,41148,76531,101866,56961,0
89761,11636,76381,101397,166142,88017,0
57080,66440,85291,123520,142371,151731,1
36527,59679,68412,96206,104939,128091,1
64696,28182,19440,92878,84136,47622,0
81427,11028,81668,92455,163095,92696,1
85864,26964,79126,112828,164990,106090,1
59181,93276,87477,152457,146658,180753,1
98550,37924,5902,136474,104452,43826,0
69372,29614,41087,98986,110459,70701,1
86120,87661,67259,173781,153379,154920,1
57119,29351,85911,86470,143030,115262,1
36888,29338,73684,66226,110572,103022,0
81682,37322,10227,119004,91909,47549,0
73878,6775,3763,80653,77641,10538,0
99973,28474,87797,128447,187770,116271,1
35120,83592,4981,118712,40101,88573,0
98099,46145,89375,144244,187474,135520,1
45651,87376,18388,133027,64039,105764,0
68648,53336,25919,121984,94567,79255,1
78283,42844,24822,121127,103105,67666,0
9876,63467,27647,73343,37523,91114,0
51901,53210,14970,105111,66871,68180,1
45933,25672,73345,71605,119278,99017,0
13566,62580,34365,76146,47931,96945,0
17133,90444,59061,107577,76194,149505,0
61433,27940,99490,89373,160923,127430,0
462,24944,3973,25406,4435,28917,0
5644,91311,3295,96955,8939,94606,0
24953,67378,73252,92331,98205,140630,1
96864,81522,94110,178386,190974,175632,1
22733,62569,6751,85302,29484,69320,0
25776,48003,2555,73779,28331,50558,0
61176,31258,20959,92434,82135,52217,0
12737,50249,30495,62986,43232,80744,0
91142,18288,34624,109430,125766,52912,0
3594,96473,49427,100067,53021,145900,0
97914,83766,63147,181680,161061,146913,1
63625,19856,43886,83481,107511,63742,1
23768,17680,37458,41448,61226,55138,1
52821,50161,88580,102982,141401,138741,1
7718,57884,51331,65602,59049,109215,1
85195,82816,71587,168011,156782,154403,1
26001,90096,98653,116097,124654,188749,1
40277,62517,6483,102794,46760,69000,0
60369,8489,91971,68858,152340,100460,0
14252,33423,40325,47675,54577,73748,1
69405,89368,54320,158773,123725,143688,1
19199,99368,48140,118567,67339,147508,0
78449,33193,78883,111642,157332,112076,1
4654,55774,80205,60428,84859,135979,0
9430,90814,11962,100244,21392,102776,0
72697,31357,78884,104054,151581,110241,1
88616,54892,40771,143508,129387,95663,1
19358,49810,69915,69168,89273,119725,0
73167,41179,17483,114346,90650,58662,0
70256,59514,75668,129770,145924,135182,1
79411,63952,27987,143363,107398,91939,1
61170,64108,57442,125278,118612,121550,1
82578,16985,20912,99563,103490,37897,0
22843,18232,1845,41075,24688,20077,0
63369,37488,42196,100857,105565,79684,1
41001,62174,58302,103175,99303,120476,1
81154,833,83963,81987,165117,84796,0
449,57825,90163,58274,90612,147988,0
7631,31401,57896,39032,65527,89297,0
21814,85421,49091,107235,70905,134512,0
83132,29562,50297,112694,133429,79859,0
84802,62898,58265,147700,143067,121163,1
25793,24712,59965,50505,85758,84677,0
80354,27522,23352,107876,103706,50874,0
90863,17801,74059,108664,164922,91860,1
66965,56110,76579,123075,143544,132689,1
89014,65308,73511,154322,162525,138819,1
20306,3064,12953,23370,33259,16017,0
19819,11059,78992,30878,98811,90051,0
43769,51038,1336,94807,45105,52374,0
75958,77072,89459,153030,165417,166531,1
4634,34208,96453,38842,101087,130661,0
20659,7955,77558,28614,98217,85513,0
44257,67073,12881,111330,57138,79954,0
72070,92271,57014,164341,129084,149285,1
95806,937,24710,96743,120516,25647,0
6674,71301,18205,77975,24879,89506,0
74432,72114,34173,146546,108605,106287,1
95763,96385,58669,192148,154432,155054,1
51633,29929,68837,81562,120470,98766,1
80278,50385,43943,130663,124221,94328,1
79664,46064,61868,125728,141532,107932,1
7054,57180,88724,64234,95778,145904,0
5768,69658,85467,75426,91235,155125,0
59857,13209,70209,73066,130066,83418,1
28878,30474,35222,59352,64100,65696,1
11061,81364,86351,92425,97412,167715,1
52286,66303,10153,118589,62439,76456,0
11888,58142,70930,70030,82818,129072,0
47141,77807,850,124948,47991,78657,0
84579,89344,50523,173923,135102,139867,1
21077,74877,95066,95954,116143,169943,1
39583,29225,56438,68808,96021,85663,1
56014,26652,56231,82666,112245,82883,1
26452,93165,33948,119617,60400,127113,0
62953,6365,18908,69318,81861,25273,0
63500,71056,8500,134556,72000,79556,1
29534,4400,72015,33934,101549,76415,0
13792,89105,26004,102897,39796,115109,0
59490,3958,5385,63448,64875,9343,0
95139,32307,27004,127446,122143,59311,0
13140,75027,68098,88167,81238,143125,1
84712,46730,39745,131442,124457,86475,1
21267,12511,55164,33778,76431,67675,0
12560,74333,96459,86893,109019,170792,0
90348,4953,89781,95301,180129,94734,1
72884,14425,32935,87309,105819,47360,0
64012,29699,66594,93711,130606,96293,1
19636,69184,61135,88820,80771,130319,1
27786,22513,84306,50299,112092,106819,0
36876,51391,72312,88267,109188,123703,1
37012,73969,67890,110981,104902,141859,1
10078,57589,85647,67667,95725,143236,0
19802,96378,45419,116180,65221,141797,0
33333,43954,97827,77287,131160,141781,0
77444,26003,72168,103447,149612,98171,1
55683,89605,38359,145288,94042,127964,1
30224,12659,84517,42883,114741,97176,0
50969,60690,85806,111659,136775,146496,1
27090,98755,49334,125845,76424,148089,0
70784,78771,59067,149555,129851,137838,1
17492,83527,7500,101019,24992,91027,0
1595,18020,34720,19615,36315,52740,0
73604,22400,80045,96004,153649,102445,1
25786,48593,98328,74379,124114,146921,0
40938,92797,15089,133735,56027,107886,0
58161,7556,28630,65717,86791,36186,0
45907,98378,27853,144285,73760,126231,0
11841,25476,64300,37317,76141,89776,0
84604,64924,24242,149528,108846,89166,1
88671,99532,65522,188203,154193,165054,1
22569,66960,62883,89529,85452,129843,1
44945,8259,73810,53204,118755,82069,0
60927,52764,91738,113691,152665,144502,1
41228,3604,10418,44832,51646,14022,0
49372,24864,12640,74236,62012,37504,0
37301,31101,91411,68402,128712,122512,0
41033,27828,89713,68861,130746,117541,0
69228,63546,16550,132774,85778,80096,1
38472,32567,17595,71039,56067,50162,1
23467,69491,15660,92958,39127,85151,0
41095,96582,56691,137677,97786,153273,1
43542,13672,31844,57214,75386,45516,1
58743,58595,59885,117338,118628,118480,1
42573,75348,1281,117921,43854,76629,0
84656,65050,78,149706,84734,65128,0
4128,25548,33679,29676,37807,59227,0
354,343,31632,697,31986,31975,0
71903,68860,45534,140763,117437,114394,1
52437,24936,53269,77373,105706,78205,1
65973,78938,96076,144911,162049,175014,1
53831,64494,82293,118325,136124,146787,1
99246,18060,58148,117306,157394,76208,0
18712,82852,6387,101564,25099,89239,0
2605,76721,32524,79326,35129,109245,0
95854,38496,20638,134350,116492,59134,0
85757,88914,69477,174671,155234,158391,1
47069,61269,65706,108338,112775,126975,1
57533,80123,31890,137656,89423,112013,1
46350,60643,20513,106993,66863,81156,1
94169,99662,12713,193831,106882,112375,1
55962,34736,83233,90698,139195,117969,1
53271,22399,3491,75670,56762,25890,0
26477,22633,78751,49110,105228,101384,0
81637,65567,29400,147204,111037,94967,1
27483,57658,91277,85141,118760,148935,0
74090,93537,68352,167627,142442,161889,1
41997,11345,30782,53342,72779,42127,1
738,56441,21674,57179,22412,78115,0
18246,76587,65782,94833,84028,142369,1
39147,41697,52317,80844,91464,94014,1
86162,94065,6831,180227,92993,100896,0
14954,73577,54585,88531,69539,128162,0
28756,84481,2937,113237,31693,87418,0
52575,37927,51888,90502,104463,89815,1
29942,17659,99775,47601,129717,117434,0
29535,13231,23154,42766,52689,36385,1
1306,88509,94657,89815,95963,183166,0
56222,52447,50890,108669,107112,103337,1
26895,92226,73632,119121,100527,165858,1
78281,38658,99075,116939,177356,137733,1
48490,15250,45172,63740,93662,60422,1
98356,62190,52346,160546,150702,114536,1
39688,59547,61068,99235,100756,120615,1
53970,55186,95638,109156,149608,150824,1
48559,41405,42913,89964,91472,84318,1
55156,26389,38375,81545,93531,64764,1
38816,36236,16915,75052,55731,53151,1
92979,4418,53701,97397,146680,58119,0
95027,42764,17780,137791,112807,60544,0
9980,21556,83104,31536,93084,104660,0
71340,96304,29392,167644,100732,125696,1
17598,4726,58624,22324,76222,63350,0
59643,39826,52374,99469,112017,92200,1
97920,4662,68216,102582,166136,72878,0
91022,49824,66051,140846,157073,115875,1
50795,32359,91907,83154,142702,124266,0
85822,60237,45674,146059,131496,105911,1
33691,94713,55614,128404,89305,150327,0
72098,46110,99071,118208,171169,145181,1
22595,19017,20405,41612,43000,39422,1
75388,55909,95629,131297,171017,151538,1
66541,15696,88752,82237,155293,104448,0
98303,91034,24166,189337,122469,115200,1
60440,55329,95849,115769,156289,151178,1
24317,35812,20302,60129,44619,56114,1
8686,91519,27820,100205,36506,119339,0
64000,88986,66855,152986,130855,155841,1
33673,31502,63634,65175,97307,95136,1
68986,20800,93766,89786,162752,114566,0
86965,7658,77196,94623,164161,84854,0
97466,65492,59819,162958,157285,125311,1
66334,53555,82231,119889,148565,135786,1
55285,20727,44083,76012,99368,64810,1
71961,82601,27025,154562,98986,109626,1
22324,60660,33062,82984,55386,93722,0
81586,87836,32461,169422,114047,120297,1
79069,19872,95499,98941,174568,115371,1
62777,75119,45439,137896,108216,120558,1
83218,95183,52333,178401,135551,147516,1
20461,67564,15437,88025,35898,83001,0
66716,89166,69983,155882,136699,159149,1
82705,67644,68483,150349,151188,136127,1
1241,47111,54991,48352,56232,102102,0
18947,20774,34474,39721,53421,55248,1
24757,26845,35891,51602,60648,62736,1
33522,29207,18364,62729,51886,47571,1
7257,24243,54234,31500,61491,78477,0
43553,43918,10306,87471,53859,54224,1
90472,31551,49733,122023,140205,81284,0
12344,74692,99923,87036,112267,174615,0
56219,65934,21896,122153,78115,87830,1
48570,17948,12763,66518,61333,30711,0
98666,23517,89894,122183,188560,113411,1
52483,79444,55651,131927,108134,135095,1
40731,86065,40222,126796,80953,126287,0
34681,15491,18616,50172,53297,34107,0
29903,84878,61074,114781,90977,145952,1
65814,92007,14763,157821,80577,106770,0
74440,70190,80933,144630,155373,151123,1
39228,94970,58556,134198,97784,153526,1
60647,388,95094,61035,155741,95482,0
72741,39906,82008,112647,154749,121914,1
74913,97282,73663,172195,148576,170945,1
3242,12042,73367,15284,76609,85409,0
6022,71854,22244,77876,28266,94098,0
55720,98070,59163,153790,114883,157233,1
99986,20520,4878,120506,104864,25398,0
94709,22994,96991,117703,191700,119985,1
55286,49738,95643,105024,150929,145381,1
37737,33356,99007,71093,136744,132363,0
65049,63220,48512,128269,113561,111732,1
22813,53125,59423,75938,82236,112548,1
50500,92389,87282,142889,137782,179671,1
21889,98851,46751,120740,68640,145602,0
52013,42954,29979,94967,81992,72933,1
55774,11158,67820,66932,123594,78978,0
2661,94786,84607,97447,87268,179393,0
79190,41089,34430,120279,113620,75519,0
72606,3322,41527,75928,114133,44849,0
43683,83158,61673,126841,105356,144831,1
59753,94396,59929,154149,119682,154325,1
31553,32648,24834,64201,56387,57482,1
83386,49642,62668,133028,146054,112310,1
51928,3311,33408,55239,85336,36719,0
26269,34650,88520,60919,114789,123170,0
67106,1289,31738,68395,98844,33027,0
49124,17373,4427,66497,53551,21800,0
28059,85585,62632,113644,90691,148217,1
65771,54913,61257,120684,127028,116170,1
19905,20792,77355,40697,97260,98147,0
73539,82300,17369,155839,90908,99669,1
31502,34265,94342,65767,125844,128607,0
42478,65162,19425,107640,61903,84587,0
43556,84688,83520,128244,127076,168208,1
46874,85785,80326,132659,127200,166111,1
85214,59092,11780,144306,96994,70872,0
2750,1436,43570,4186,46320,45006,0
21635,66603,84211,88238,105846,150814,1
58585,69225,30125,127810,88710,99350,1
94980,75054,27279,170034,122259,102333,1
35996,35764,19709,71760,55705,55473,1
94880,31351,23089,126231,117969,54440,0
11288,69969,86765,81257,98053,156734,0
25559,28225,84587,53784,110146,112812,0
1043,92974,52146,94017,53189,145120,0
77445,31187,41365,108632,118810,72552,0
76987,99871,71616,176858,148603,171487,1
21305,96341,67377,117646,88682,163718,0
61663,93069,95177,154732,156840,188246,1
12054,46422,91535,58476,103589,137957,0
88694,5792,9451,94486,98145,15243,0
94187,29255,84786,123442,178973,114041,1
34814,99007,86130,133821,120944,185137,1
6828,61754,50555,68582,57383,112309,0
58974,8878,79355,67852,138329,88233,0
94635,58409,66589,153044,161224,124998,1
1958,456,26645,2414,28603,27101,0
47940,98754,25697,146694,73637,124451,0
77536,63771,39550,141307,117086,103321,1
625,92009,70787,92634,71412,162796,0
68313,68417,62492,136730,130805,130909,1
21108,70322,9270,91430,30378,79592,0
42525,89279,49283,131804,91808,138562,1
80719,82415,7158,163134,87877,89573,1
46514,83493,38627,130007,85141,122120,1
54596,38362,93033,92958,147629,131395,0
26895,66548,85018,93443,111913,151566,1
49611,78740,8055,128351,57666,86795,0
57241,38886,65735,96127,122976,104621,1
40308,65752,77917,106060,118225,143669,1
87898,73493,60393,161391,148291,133886,1
95963,16177,44072,112140,140035,60249,0
62805,19951,88569,82756,151374,108520,0
32074,89768,60433,121842,92507,150201,1
10532,83755,54327,94287,64859,138082,0
47641,73640,89452,121281,137093,163092,1
37243,44945,88161,82188,125404,133106,0
94883,38270,82439,133153,177322,120709,1
35308,43197,22682,78505,57990,65879,1
68460,54775,61380,123235,129840,116155,1
17553,57683,15650,75236,33203,73333,0
44934,34828,55907,79762,100841,90735,1
53689,51857,58268,105546,111957,110125,1
64405,83385,10258,147790,74663,93643,0
60529,28453,18790,88982,79319,47243,0
84776,43931,69809,128707,154585,113740,1
24735,90551,41429,115286,66164,131980,0
65442,37389,61946,102831,127388,99335,1
35048,45014,91687,80062,126735,136701,0
51402,94577,99904,145979,151306,194481,1
34563,74759,86557,109322,121120,161316,1
88134,81266,96643,169400,184777,177909,1
55762,66045,49972,121807,105734,116017,1
41921,91599,79400,133520,121321,170999,1
31767,73764,41547,105531,73314,115311,0
51318,34947,54813,86265,106131,89760,1
90418,92254,66572,182672,156990,158826,1
48930,28474,20283,77404,69213,48757,0
45351,84317,25253,129668,70604,109570,0
41509,46964,72082,88473,113591,119046,1
71982,98670,62063,170652,134045,160733,1
25840,37181,81241,63021,107081,118422,0
91155,33938,74341,125093,165496,108279,1
29034,17846,77227,46880,106261,95073,0
94117,59210,91356,153327,185473,150566,1
82117,56916,97906,139033,180023,154822,1
97136,79736,70874,176872,168010,150610,1
97480,86911,23399,184391,120879,110310,1
43825,23471,22104,67296,65929,45575,1
87080,85927,33185,173007,120265,119112,1
97903,24621,31813,122524,129716,56434,0
61064,14606,12949,75670,74013,27555,0
73691,76413,61298,150104,134989,137711,1
31938,98056,4830,129994,36768,102886,0
6327,87335,44088,93662,50415,131423,0
54349,7015,40013,61364,94362,47028,0
53446,72562,77740,126008,131186,150302,1
13391,29397,99573,42788,112964,128970,0
58134,34313,63364,92447,121498,97677,1
19553,80032,79067,99585,98620,159099,1
73866,29889,42409,103755,116275,72298,0
94984,48702,34842,143686,129826,83544,0
61242,48603,45910,109845,107152,94513,1
12912,53872,49909,66784,62821,103781,1
19731,3672,31200,23403,50931,34872,0
57758,40178,61445,97936,119203,101623,1
1965,89666,17494,91631,19459,107160,0
59929,70252,66761,130181,126690,137013,1
54464,28995,89665,83459,144129,118660,0
83056,61274,34074,144330,117130,95348,1
69637,48075,84043,117712,153680,132118,1
7226,85673,64787,92899,72013,150460,0
1948,32722,62428,34670,64376,95150,0
67497,62184,89949,129681,157446,152133,1
54350,81817,25193,136167,79543,107010,0
60990,62277,93066,123267,154056,155343,1
73925,87838,46135,161763,120060,133973,1
4121,45395,12796,49516,16917,58191,0
46228,13023,87092,59251,133320,100115,0
37542,83911,42431,121453,79973,126342,0
85733,8978,9204,94711,94937,18182,0
15746,16482,63512,32228,79258,79994,0
79857,54396,24265,134253,104122,78661,0
71391,62446,83488,133837,154879,145934,1
2324,53366,75552,55690,77876,128918,0
90476,48798,10056,139274,100532,58854,0
17028,84015,69292,101043,86320,153307,1
2195,94299,95998,96494,98193,190297,1
8960,10415,80468,19375,89428,90883,0
26147,33733,84337,59880,110484,118070,0
46922,31307,65899,78229,112821,97206,1
28501,48056,23097,76557,51598,71153,1
81267,48450,87556,129717,168823,136006,1
7343,62539,82852,69882,90195,145391,0
32518,56828,95494,89346,128012,152322,0
91116,96228,92140,187344,183256,188368,1
62492,41600,90953,104092,153445,132553,1
57667,92112,65858,149779,123525,157970,1
49260,42687,39030,91947,88290,81717,1
15388,2747,2107,18135,17495,4854,0
36160,44627,61322,80787,97482,105949,1
99309,39947,78861,139256,178170,118808,1
22047,83758,62954,105805,85001,146712,1
42967,23025,33251,65992,76218,56276,1
59757,23268,64468,83025,124225,87736,1
42259,12120,12690,54379,54949,24810,0
26724,74481,9434,101205,36158,83915,0
71502,32734,74136,104236,145638,106870,1
99656,21167,89546,120823,189202,110713,1
27226,20033,30531,47259,57757,50564,1
9007,31686,77517,40693,86524,109203,0
22920,91255,36945,114175,59865,128200,0
28117,31161,19109,59278,47226,50270,1
49044,13626,38631,62670,87675,52257,1
59961,23941,17773,83902,77734,41714,0
15685,61987,75714,77672,91399,137701,1
40246,39962,47694,80208,87940,87656,1
42105,14627,19846,56732,61951,34473,0
93886,32895,30323,126781,124209,63218,0
9165,14457,42864,23622,52029,57321,0
20806,75350,62117,96156,82923,137467,1
45501,71710,56209,117211,101710,127919,1
32476,86979,50558,119455,83034,137537,0
7628,93944,44526,101572,52154,138470,0
58910,48639,68174,107549,127084,116813,1
76257,88465,3946,164722,80203,92411,0
42413,88899,99162,131312,141575,188061,1
68112,33574,78701,101686,146813,112275,1
32171,91007,24102,123178,56273,115109,0
7903,18590,52958,26493,60861,71548,0
56034,98797,22666,154831,78700,121463,0
26464,30772,59006,57236,85470,89778,0
55827,37991,48364,93818,104191,86355,1
32892,18945,69568,51837,102460,88513,0
25861,46363,31933,72224,57794,78296,1
47068,65415,37460,112483,84528,102875,1
20976,53191,68985,74167,89961,122176,1
57896,28079,41536,85975,99432,69615,1
55441,76442,39312,131883,94753,115754,1
2003,34573,34688,36576,36691,69261,1
10805,50177,55046,60982,65851,105223,1
50434,93282,58656,143716,109090,151938,1
95471,25620,11876,121091,107347,37496,0
6179,49372,25279,55551,31458,74651,0
12646,16928,36204,29574,48850,53132,0
71773,24021,95959,95794,167732,119980,0
34806,20867,44645,55673,79451,65512,1
26957,63909,47445,90866,74402,111354,1
2318,31358,37839,33676,40157,69197,0
41272,14291,1342,55563,42614,15633,0
12704,16854,38543,29558,51247,55397,0
22453,72836,61746,95289,84199,134582,1
56376,66919,58200,123295,114576,125119,1
7498,36747,72989,44245,80487,109736,0
10793,26530,71446,37323,82239,97976,0
17427,94932,60230,112359,77657,155162,0
22745,41262,73944,64007,96689,115206,0
6607,13984,71747,20591,78354,85731,0
95854,32225,58264,128079,154118,90489,0
48391,38557,4170,86948,52561,42727,0
19697,35928,44669,55625,64366,80597,1
91239,12730,20893,103969,112132,33623,0
87400,55264,64374,142664,151774,119638,1
72833,23874,91311,96707,164144,115185,1
60583,24309,16157,84892,76740,40466,0
55401,1037,15168,56438,70569,16205,0
86300,64897,58900,151197,145200,123797,1
89601,76990,94393,166591,183994,171383,1
67617,21693,9873,89310,77490,31566,0
67569,29042,12997,96611,80566,42039,0
6175,84853,52030,91028,58205,136883,0
86265,18690,57248,104955,143513,75938,0
86083,63183,82052,149266,168135,145235,1
10440,62257,26946,72697,37386,89203,0
87185,8442,15352,95627,102537,23794,0
89774,17157,25358,106931,115132,42515,0
96490,41299,98458,137789,194948,139757,1
13893,95230,81040,109123,94933,176270,0
93231,10338,53439,103569,146670,63777,0
93772,85315,54784,179087,148556,140099,1
99250,19185,31267,118435,130517,50452,0
15969,74016,32858,89985,48827,106874,0
20942,59801,57804,80743,78746,117605,1
5206,55928,47846,61134,53052,103774,0
22636,27280,77884,49916,100520,105164,0
68573,61059,1464,129632,70037,62523,0
16922,30043,53816,46965,70738,83859,0
25402,13632,14927,39034,40329,28559,1
87788,49469,67455,137257,155243,116924,1
54754,71510,45760,126264,100514,117270,1
19985,84953,4519,104938,24504,89472,0
19347,43356,42745,62703,62092,86101,1
76110,69798,29351,145908,105461,99149,1
11613,31910,82561,43523,94174,114471,0
44897,51227,30154,96124,75051,81381,1
35275,13282,65005,48557,100280,78287,0
32482,12453,67715,44935,100197,80168,0
66733,92017,46877,158750,113610,138894,1
80212,20304,85641,100516,165853,105945,1
29766,86945,71558,116711,101324,158503,1
29981,64745,40321,94726,70302,105066,1
62440,96217,14499,158657,76939,110716,0
59188,59750,69757,118938,128945,129507,1
19386,51927,51235,71313,70621,103162,1
59273,77402,20150,136675,79423,97552,1
16945,99825,8311,116770,25256,108136,0
71491,97180,11590,168671,83081,108770,0
29633,7887,87498,37520,117131,95385,0
43076,795,97043,43871,140119,97838,0
22157,35691,49063,57848,71220,84754,1
60054,4509,76092,64563,136146,80601,0
19963,34483,98421,54446,118384,132904,0
24296,62580,229,86876,24525,62809,0
15710,70292,44077,86002,59787,114369,0
63050,90442,2573,153492,65623,93015,0
12209,18335,75962,30544,88171,94297,0
84891,57540,89127,142431,174018,146667,1
5307,67146,83779,72453,89086,150925,0
4857,34976,27175,39833,32032,62151,0
60146,3976,8392,64122,68538,12368,0
32102,43729,49076,75831,81178,92805,1
29880,23124,4093,53004,33973,27217,0
67906,61434,77182,129340,145088,138616,1
56568,32515,67658,89083,124226,100173,1
98327,89518,17569,187845,115896,107087,1
66544,8259,33314,74803,99858,41573,0
96663,60108,36605,156771,133268,96713,1
5414,85888,63735,91302,69149,149623,0
28422,59121,51375,87543,79797,110496,1
24772,49462,27154,74234,51926,76616,1
77461,33709,76003,111170,153464,109712,1
75012,66612,18099,141624,93111,84711,1
30529,97494,63701,128023,94230,161195,0
15631,63007,28441,78638,44072,91448,0
14671,74269,25795,88940,40466,100064,0
72186,33467,11990,105653,84176,45457,0
96342,99241,29908,195583,126250,129149,1
34303,308,89,34611,34392,397,0
40137,40521,15139,80658,55276,55660,1
58400,50216,87887,108616,146287,138103,1
19034,7623,7135,26657,26169,14758,0
77014,52557,48454,129571,125468,101011,1
52037,65771,52850,117808,104887,118621,1
52942,77893,11067,130835,64009,88960,0
43468,65704,755,109172,44223,66459,0
6849,58149,11846,64998,18695,69995,0
81630,29869,64357,111499,145987,94226,1
372,32778,47637,33150,48009,80415,0
33715,97043,48109,130758,81824,145152,0
10418,8010,24308,18428,34726,32318,0
22986,33979,5280,56965,28266,39259,0
3087,43066,90683,46153,93770,133749,0
68423,6114,46555,74537,114978,52669,0
78056,20807,98569,98863,176625,119376,1
59158,54130,35058,113288,94216,89188,1
81464,23297,87579,104761,169043,110876,1
58040,57526,25953,115566,83993,83479,1
10039,92183,41901,102222,51940,134084,0
35774,98211,77572,133985,113346,175783,1
81024,85060,60151,166084,141175,145211,1
14776,91723,65687,106499,80463,157410,0
98567,81855,50662,180422,149229,132517,1
76474,3152,33111,79626,109585,36263,0
83698,25189,90169,108887,173867,115358,1
46080,3923,49429,50003,95509,53352,1
77303,58256,5087,135559,82390,63343,0
82000,41990,62999,123990,144999,104989,1
17492,79819,90173,97311,107665,169992,1
75473,40656,9340,116129,84813,49996,0
82798,26286,36181,109084,118979,62467,0
25243,36304,18876,61547,44119,55180,1
73525,64914,84120,138439,157645,149034,1
61950,74055,54351,136005,116301,128406,1
68278,69945,27707,138223,95985,97652,1
78509,53156,65740,131665,144249,118896,1
75724,41106,14040,116830,89764,55146,0
95976,54544,53222,150520,149198,107766,1
31584,55877,90521,87461,122105,146398,0
78303,80366,6783,158669,85086,87149,1
86265,78816,86098,165081,172363,164914,1
55771,80429,8521,136200,64292,88950,0
7838,48778,39879,56616,47717,88657,0
44954,38060,55486,83014,100440,93546,1
73242,47606,21659,120848,94901,69265,0
95563,14883,29110,110446,124673,43993,0
2067,38102,80109,40169,82176,118211,0
41616,34648,60580,76264,102196,95228,1
92040,27839,54877,119879,146917,82716,0
3451,71915,24506,75366,27957,96421,0
58214,30580,18283,88794,76497,48863,0
57985,19576,29602,77561,87587,49178,0
79833,15060,68923,94893,148756,83983,1
76160,51387,54710,127547,130870,106097,1
86640,69098,24080,155738,110720,93178,1
74558,96590,58589,171148,133147,155179,1
42600,61223,25833,103823,68433,87056,1
28140,18192,96287,46332,124427,114479,0
57066,66060,78339,123126,135405,144399,1
30917,15890,71808,46807,102725,87698,0
86851,51604,46776,138455,133627,98380,1
44004,40219,81334,84223,125338,121553,1
52596,91790,77700,144386,130296,169490,1
1417,88132,79528,89549,80945,167660,0
56572,61777,11576,118349,68148,73353,1
74766,2057,54028,76823,128794,56085,0
95755,65615,69278,161370,165033,134893,1
19884,33726,91052,53610,110936,124778,0
32622,29717,89434,62339,122056,119151,0
8801,95397,12209,104198,21010,107606,0
73177,67206,77166,140383,150343,144372,1
73137,83010,54517,156147,127654,137527,1
20609,49345,91596,69954,112205,140941,0
81661,75746,80224,157407,161885,155970,1
68048,68318,60269,136366,128317,128587,1
69721,62193,77675,131914,147396,139868,1
65033,34354,25233,99387,90266,59587,0
35943,96973,24083,132916,60026,121056,0
81910,9000,52893,90910,134803,61893,0
55652,14172,92780,69824,148432,106952,0
19379,88313,36443,107692,55822,124756,0
48360,14027,38651,62387,87011,52678,1
62129,73326,89140,135455,151269,162466,1
74051,26941,85424,100992,159475,112365,1
97961,44730,57167,142691,155128,101897,1
97896,49265,44067,147161,141963,93332,0
31369,47179,92001,78548,123370,139180,0
31987,22837,35653,54824,67640,58490,1
47688,14812,4026,62500,51714,18838,0
53701,40240,7445,93941,61146,47685,0
71760,71414,87597,143174,159357,159011,1
38106,7987,42367,46093,80473,50354,1
78705,31929,45426,110634,124131,77355,0
7888,95306,60013,103194,67901,155319,0
23398,51144,49530,74542,72928,100674,1
99862,78095,5586,177957,105448,83681,0
46662,49626,42373,96288,89035,91999,1
40180,22546,15443,62726,55623,37989,0
49307,50410,86167,99717,135474,136577,1
70488,73103,63895,143591,134383,136998,1
47957,46792,80411,94749,128368,127203,1
78783,20492,7275,99275,86058,27767,0
49398,87599,93771,136997,143169,181370,1
73587,36364,99945,109951,173532,136309,1
33477,53858,7308,87335,40785,61166,0
12895,39052,74915,51947,87810,113967,0
76430,54282,71791,130712,148221,126073,1
85129,62028,53292,147157,138421,115320,1
5197,31833,65205,37030,70402,97038,0
62895,33363,68626,96258,131521,101989,1
28841,77013,88767,105854,117608,165780,1
87252,87458,38018,174710,125270,125476,1
15455,14509,38067,29964,53522,52576,0
13480,78709,24047,92189,37527,102756,0
75110,14619,70208,89729,145318,84827,1
57340,65338,15885,122678,73225,81223,1
51983,64968,8985,116951,60968,73953,0
59723,40312,2947,100035,62670,43259,0
68164,69090,68508,137254,136672,137598,1
44181,17829,67327,62010,111508,85156,0
86964,40799,38151,127763,125115,78950,0
52001,8427,5250,60428,57251,13677,0
18781,6757,77204,25538,95985,83961,0
78349,87473,62858,165822,141207,150331,1
69895,96142,64156,166037,134051,160298,1
71195,1912,18273,73107,89468,20185,0
98494,55035,90336,153529,188830,145371,1
6720,50238,50279,56958,56999,100517,1
99432,18786,12747,118218,112179,31533,0
66322,93443,22622,159765,88944,116065,0
77660,60889,8824,138549,86484,69713,0
39421,17263,16786,56684,56207,34049,0
82542,99476,31552,182018,114094,131028,1
62608,27299,74025,89907,136633,101324,1
23288,372,36859,23660,60147,37231,0
5510,97831,43232,103341,48742,141063,0
90108,30082,12288,120190,102396,42370,0
67428,43145,4502,110573,71930,47647,0
46284,53904,42030,100188,88314,95934,1
76797,12211,14808,89008,91605,27019,0
41376,83448,35473,124824,76849,118921,0
94564,47841,47124,142405,141688,94965,1
50128,89713,3083,139841,53211,92796,0
89623,86572,36232,176195,125855,122804,1
25642,88431,15179,114073,40821,103610,0
50717,58417,22271,109134,72988,80688,1
68023,81713,17773,149736,85796,99486,1
25805,23009,85406,48814,111211,108415,0
64853,83500,49136,148353,113989,132636,1
18385,45789,45008,64174,63393,90797,1
59339,50244,10318,109583,69657,60562,1
88718,34086,23670,122804,112388,57756,0
91114,18250,69582,109364,160696,87832,0
62730,14026,27400,76756,90130,41426,0
59778,52392,32442,112170,92220,84834,1
25284,35866,77503,61150,102787,113369,0
89499,9273,94522,98772,184021,103795,1
19531,67010,40987,86541,60518,107997,0
68579,31008,57139,99587,125718,88147,1
23960,39655,94464,63615,118424,134119,0
21075,856,88715,21931,109790,89571,0
55273,7840,31565,63113,86838,39405,0
5643,37445,85039,43088,90682,122484,0
32086,82066,15346,114152,47432,97412,0
14086,94863,56144,108949,70230,151007,0
21907,808,47808,22715,69715,48616,0
29517,37963,42412,67480,71929,80375,1
434,34897,72911,35331,73345,107808,0
40421,35515,751,75936,41172,36266,0
84382,14845,90144,99227,174526,104989,1
59395,78946,41135,138341,100530,120081,1
71816,44213,69393,116029,141209,113606,1
52406,95777,19704,148183,72110,115481,0
44722,88698,85505,133420,130227,174203,1
53322,14127,18653,67449,71975,32780,0
63636,41079,86484,104715,150120,127563,1
91667,13787,66058,105454,157725,79845,0
80445,15772,71074,96217,151519,86846,1
22073,11793,86279,33866,108352,98072,0
14758,40418,4538,55176,19296,44956,0
95531,14424,46009,109955,141540,60433,0
59611,47929,80809,107540,140420,128738,1
10302,94466,86018,104768,96320,180484,1
87015,56323,45194,143338,132209,101517,1
88571,11033,84807,99604,173378,95840,1
14095,70339,43085,84434,57180,113424,0
91138,13368,10995,104506,102133,24363,0
97707,62156,72806,159863,170513,134962,1
37292,77863,86012,115155,123304,163875,1
24880,93819,16665,118699,41545,110484,0
48402,9159,74580,57561,122982,83739,0
94361,25849,29413,120210,123774,55262,0
65894,15279,26954,81173,92848,42233,0
20594,23252,45519,43846,66113,68771,0
99873,1961,15387,101834,115260,17348,0
47526,30514,86183,78040,133709,116697,0
45967,32213,15107,78180,61074,47320,1
82390,8012,20548,90402,102938,28560,0
88306,74554,46537,162860,134843,121091,1
38390,18099,21208,56489,59598,39307,1
41049,20764,55730,61813,96779,76494,1
84023,3882,3936,87905,87959,7818,0
41909,60057,38390,101966,80299,98447,1
15438,82912,71708,98350,87146,154620,1
5071,20082,61173,25153,66244,81255,0
55201,96753,7732,151954,62933,104485,0
90314,4286,91570,94600,181884,95856,1
76154,3510,97998,79664,174152,101508,0
82439,10063,35465,92502,117904,45528,0
13847,70544,19709,84391,33556,90253,0
77393,30912,28421,108305,105814,59333,0
968,75893,60702,76861,61670,136595,0
17863,75706,96616,93569,114479,172322,0
51518,1737,51429,53255,102947,53166,1
36841,87939,53387,124780,90228,141326,1
69166,12116,33428,81282,102594,45544,0
23583,50777,81813,74360,105396,132590,0
60060,42196,57750,102256,117810,99946,1
59283,20064,31027,79347,90310,51091,0
24258,89949,42630,114207,66888,132579,0
29722,85787,26382,115509,56104,112169,0
46375,56543,25513,102918,71888,82056,1
86667,3321,43141,89988,129808,46462,0
92000,56631,95972,148631,187972,152603,1
95672,28227,77713,123899,173385,105940,1
63580,57915,9050,121495,72630,66965,1
886,29354,18161,30240,19047,47515,0
62053,48354,33192,110407,95245,81546,1
23078,84363,53555,107441,76633,137918,0
33457,1997,16557,35454,50014,18554,0
33501,44667,37226,78168,70727,81893,1
33554,36599,2209,70153,35763,38808,0
18317,40362,49375,58679,67692,89737,1
945,3581,84378,4526,85323,87959,0
50009,5714,56458,55723,106467,62172,0
5247,92421,67842,97668,73089,160263,0
13384,1607,75402,14991,88786,77009,0
95072,16739,96792,111811,191864,113531,1
95256,90240,83211,185496,178467,173451,1
51113,69077,86618,120190,137731,155695,1
94573,42970,9862,137543,104435,52832,0
16374,68155,86982,84529,103356,155137,0
41980,792,40184,42772,82164,40976,0
44289,24633,39874,68922,84163,64507,1
89518,77896,41322,167414,130840,119218,1
71701,58591,69862,130292,141563,128453,1
46027,93856,69645,139883,115672,163501,1
15058,34007,6254,49065,21312,40261,0
80363,45535,18603,125898,98966,64138,0
23445,25852,26923,49297,50368,52775,1
96202,72976,75779,169178,171981,148755,1
37609,2797,83994,40406,121603,86791,0
27544,43058,87570,70602,115114,130628,0
54840,57538,89166,112378,144006,146704,1
2289,94294,79467,96583,81756,173761,0
94482,79087,4134,173569,98616,83221,0
14131,30187,16385,44318,30516,46572,1
7226,890,88809,8116,96035,89699,0
22445,52662,43027,75107,65472,95689,1
62949,92476,15032,155425,77981,107508,0
6026,86761,58533,92787,64559,145294,0
77423,35256,19541,112679,96964,54797,0
78055,29123,94628,107178,172683,123751,1
15709,53207,72251,68916,87960,125458,0
13667,49553,69260,63220,82927,118813,0
20484,19389,79940,39873,100424,99329,0
34083,39206,27116,73289,61199,66322,1
45139,79646,72497,124785,117636,152143,1
11245,37249,55121,48494,66366,92370,0
68378,82597,27596,150975,95974,110193,1
47883,59826,44988,107709,92871,104814,1
83690,73989,89643,157679,173333,163632,1
71410,55051,10954,126461,82364,66005,0
56285,49682,56106,105967,112391,105788,1
97708,50189,99930,147897,197638,150119,1
27914,47914,63268,75828,91182,111182,1
53282,84478,55281,137760,108563,139759,1
94612,693,21679,95305,116291,22372,0
70699,87731,92286,158430,162985,180017,1
6440,69902,30835,76342,37275,100737,0
32145,65117,87197,97262,119342,152314,1
48532,91107,99155,139639,147687,190262,1
36775,17440,8125,54215,44900,25565,0
59541,21382,46182,80923,105723,67564,1
6740,78694,307,85434,7047,79001,0
85977,47660,58167,133637,144144,105827,1
27837,93986,34273,121823,62110,128259,0
68120,48885,27575,117005,95695,76460,1
84731,58759,46056,143490,130787,104815,1
34464,42271,12633,76735,47097,54904,1
79290,28709,82926,107999,162216,111635,1
9235,61660,34060,70895,43295,95720,0
37727,15957,37401,53684,75128,53358,1
83973,2084,94400,86057,178373,96484,0
15333,84774,68045,100107,83378,152819,0
73700,45884,44440,119584,118140,90324,1
48497,84361,1763,132858,50260,86124,0
97641,31325,45588,128966,143229,76913,0
55685,67899,32183,123584,87868,100082,1
68322,71706,81863,140028,150185,153569,1
3001,40401,46176,43402,49177,86577,0
40895,83268,93224,124163,134119,176492,1
7181,98292,27588,105473,34769,125880,0
11404,30277,95575,41681,106979,125852,0
27841,44604,63135,72445,90976,107739,1
22865,78217,28293,101082,51158,106510,0
83295,57255,44037,140550,127332,101292,1
20509,21042,16404,41551,36913,37446,1
71592,36546,51484,108138,123076,88030,1
5811,42753,38279,48564,44090,81032,1
23594,63683,13665,87277,37259,77348,0
37886,39331,38885,77217,76771,78216,1
23049,39408,15959,62457,39008,55367,0
89292,23604,92662,112896,181954,116266,1
77371,64349,10168,141720,87539,74517,0
64746,33593,50591,98339,115337,84184,1
40722,49758,37805,90480,78527,87563,1
11467,14434,39403,25901,50870,53837,0
92875,1147,97125,94022,190000,98272,0
35947,35244,93003,71191,128950,128247,0
5462,41610,90320,47072,95782,131930,0
34975,61165,1591,96140,36566,62756,0
46073,74578,79449,120651,125522,154027,1
33341,31802,59414,65143,92755,91216,1
85737,25904,92523,111641,178260,118427,1
72026,98048,57560,170074,129586,155608,1
54912,73473,24418,128385,79330,97891,1
57918,33234,2860,91152,60778,36094,0
70427,23692,62267,94119,132694,85959,1
46803,59943,91241,106746,138044,151184,1
96316,34715,7435,131031,103751,42150,0
13677,93768,80784,107445,94461,174552,1
15084,31007,6642,46091,21726,37649,0
66368,4037,87610,70405,153978,91647,0
26221,80949,4131,107170,30352,85080,0
28599,33391,4255,61990,32854,37646,0
98593,63752,31430,162345,130023,95182,0
27393,27349,71118,54742,98511,98467,0
24263,72294,73187,96557,97450,145481,1
90079,70160,63109,160239,153188,133269,1
86731,1220,24149,87951,110880,25369,0
87727,54655,20247,142382,107974,74902,0
51001,42459,53019,93460,104020,95478,1
45737,92008,86364,137745,132101,178372,1
17580,19775,54615,37355,72195,74390,0
2783,78382,69320,81165,72103,147702,0
7687,8593,33570,16280,41257,42163,0
12336,41004,94159,53340,106495,135163,0
54056,99416,87609,153472,141665,187025,1
61859,14776,29774,76635,91633,44550,0
18716,50281,23262,68997,41978,73543,0
12265,43602,19901,55867,32166,63503,0
76867,41380,78233,118247,155100,119613,1
65045,11407,88091,76452,153136,99498,0
8034,9163,3598,17197,11632,12761,1
57786,96279,62048,154065,119834,158327,1
88212,21678,98317,109890,186529,119995,1
7432,55348,27350,62780,34782,82698,0
45011,46675,84581,91686,129592,131256,1
17251,34370,46328,51621,63579,80698,1
89472,16546,61391,106018,150863,77937,0
87905,62898,11078,150803,98983,73976,0
69367,32989,48029,102356,117396,81018,1
43790,75359,97107,119149,140897,172466,1
73021,21897,31439,94918,104460,53336,0
10360,93014,46449,103374,56809,139463,0
64583,8842,969,73425,65552,9811,0
48228,55607,12025,103835,60253,67632,1
62474,65854,71891,128328,134365,137745,1
84545,95076,39939,179621,124484,135015,1
30719,9364,16519,40083,47238,25883,0
74285,41725,37771,116010,112056,79496,1
78907,76420,55034,155327,133941,131454,1
83485,74318,92987,157803,176472,167305,1
88886,88733,34607,177619,123493,123340,1
62934,14739,32101,77673,95035,46840,0
40482,8807,40168,49289,80650,48975,1
28789,95407,13833,124196,42622,109240,0
6543,13586,28627,20129,35170,42213,0
79471,90241,63213,169712,142684,153454,1
50213,8107,35490,58320,85703,43597,0
47309,97094,68299,144403,115608,165393,1
32107,31479,20526,63586,52633,52005,1
14409,14810,27289,29219,41698,42099,1
18551,54997,68869,73548,87420,123866,1
8701,77320,2148,86021,10849,79468,0
54857,20301,21334,75158,76191,41635,0
46917,56550,56366,103467,103283,112916,1
35081,25085,22049,60166,57130,47134,1
80515,61706,46215,142221,126730,107921,1
2701,64178,61486,66879,64187,125664,1
24308,69102,50833,93410,75141,119935,1
14489,32958,86793,47447,101282,119751,0
79714,22379,72353,102093,152067,94732,1
28196,7427,37226,35623,65422,44653,0
495,94300,56546,94795,57041,150846,0
56223,17960,45168,74183,101391,63128,1
60092,86147,60059,146239,120151,146206,1
86747,97393,33788,184140,120535,131181,1
37422,9809,94392,47231,131814,104201,0
69451,20031,78428,89482,147879,98459,1
50653,30845,95179,81498,145832,126024,0
84318,9882,76214,94200,160532,86096,1
90412,48409,60302,138821,150714,108711,1
66060,72601,54688,138661,120748,127289,1
35964,47821,99110,83785,135074,146931,0
29333,36153,99924,65486,129257,136077,0
84349,33729,94602,118078,178951,128331,1
75390,27701,28885,103091,104275,56586,0
51541,97813,76031,149354,127572,173844,1
57216,45342,86033,102558,143249,131375,1
77318,73363,32541,150681,109859,105904,1
3562,9566,27384,13128,30946,36950,0
87483,32822,69144,120305,156627,101966,1
41328,39069,18126,80397,59454,57195,1
52900,98025,9296,150925,62196,107321,0
37646,35417,48567,73063,86213,83984,1
40579,52807,90116,93386,130695,142923,1
24273,11105,79055,35378,103328,90160,0
47627,31144,72426,78771,120053,103570,1
44262,25956,58003,70218,102265,83959,1
98609,53304,59193,151913,157802,112497,1
10443,14197,64780,24640,75223,78977,0
32422,22020,97478,54442,129900,119498,0
25736,19475,7719,45211,33455,27194,1
31530,34308,15081,65838,46611,49389,1
97439,77953,64847,175392,162286,142800,1
22547,95065,88569,117612,111116,183634,1
21043,64102,12876,85145,33919,76978,0
91683,64944,73872,156627,165555,138816,1
83984,36257,31512,120241,115496,67769,0
40980,77653,40267,118633,81247,117920,1
87367,2640,1156,90007,88523,3796,0
18508,12880,78504,31388,97012,91384,0
40570,48996,43402,89566,83972,92398,1
51277,48509,12709,99786,63986,61218,1
8139,17318,90936,25457,99075,108254,0
83438,63576,43135,147014,126573,106711,1
81920,20306,51098,102226,133018,71404,0
47851,2874,65085,50725,112936,67959,0
57506,78411,81748,135917,139254,160159,1
65385,64618,41548,130003,106933,106166,1
83079,81668,63338,164747,146417,145006,1
45313,81678,32301,126991,77614,113979,0
45378,65010,37527,110388,82905,102537,1
35043,60285,40787,95328,75830,101072,1
47555,30360,94374,77915,141929,124734,0
61945,66234,67239,128179,129184,133473,1
33659,37911,51098,71570,84757,89009,1
70152,88501,59401,158653,129553,147902,1
74909,84692,95362,159601,170271,180054,1
15901,57261,58030,73162,73931,115291,1
97225,15019,83414,112244,180639,98433,1
37040,71992,96965,109032,134005,168957,1
49635,24411,69774,74046,119409,94185,1
68441,79260,44914,147701,113355,124174,1
49122,23844,61967,72966,111089,85811,1
33521,16312,34853,49833,68374,51165,1
89958,32501,22157,122459,112115,54658,0
96231,92396,80726,188627,176957,173122,1
18377,25037,61181,43414,79558,86218,0
31113,8976,9024,40089,40137,18000,0
67958,54835,23206,122793,91164,78041,1
37146,24258,38221,61404,75367,62479,1
68888,51072,4331,119960,73219,55403,0
62301,7503,37514,69804,99815,45017,0
96214,63104,81419,159318,177633,144523,1
45974,28483,58055,74457,104029,86538,1
1467,98774,79285,100241,80752,178059,0
95501,71277,34942,166778,130443,106219,1
60913,18480,41263,79393,102176,59743,0
49782,64826,76718,114608,126500,141544,1
76178,8927,18922,85105,95100,27849,0
61216,49243,73533,110459,134749,122776,1
33461,72236,68973,105697,102434,141209,1
59388,96473,78432,155861,137820,174905,1
20227,89156,35638,109383,55865,124794,0
56558,21104,20814,77662,77372,41918,0
97557,2526,37966,100083,135523,40492,0
93236,81230,6027,174466,99263,87257,0
87707,26245,32829,113952,120536,59074,0
7568,85818,74431,93386,81999,160249,0
38265,3667,22288,41932,60553,25955,0
20415,65329,93682,85744,114097,159011,0
7525,13773,37567,21298,45092,51340,0
77895,24993,27448,102888,105343,52441,0
6555,59657,39266,66212,45821,98923,0
50870,2437,31625,53307,82495,34062,0
11328,84518,16966,95846,28294,101484,0
97319,48691,54555,146010,151874,103246,1
24035,44890,84026,68925,108061,128916,0
27338,89656,41644,116994,68982,131300,0
23804,76115,61098,99919,84902,137213,1
55823,46449,63574,102272,119397,110023,1
85277,87090,84184,172367,169461,171274,1
61255,90510,371,151765,61626,90881,0
97927,43131,94383,141058,192310,137514,1
61674,40662,83909,102336,145583,124571,1
32805,26137,50339,58942,83144,76476,1
76610,68056,90938,144666,167548,158994,1
16521,50148,25661,66669,42182,75809,0
93099,99755,78596,192854,171695,178351,1
89111,51574,35816,140685,124927,87390,0
91925,12154,36575,104079,128500,48729,0
92434,5397,92302,97831,184736,97699,1
36980,60831,68745,97811,105725,129576,1
96063,28864,74916,124927,170979,103780,1
71910,34560,98343,106470,170253,132903,1
66468,43021,41430,109489,107898,84451,1
28150,47457,61214,75607,89364,108671,1
37378,37825,75696,75203,113074,113521,0
20230,5979,57656,26209,77886,63635,0
53650,8026,70952,61676,124602,78978,0
51102,46132,52671,97234,103773,98803,1
73204,50679,12768,123883,85972,63447,0
34991,8925,12323,43916,47314,21248,0
49983,12302,11177,62285,61160,23479,0
30819,54788,25532,85607,56351,80320,1
22341,41216,49636,63557,71977,90852,1
19850,79122,27664,98972,47514,106786,0
79451,60593,7314,140044,86765,67907,0
45561,19631,86381,65192,131942,106012,0
53451,55947,87469,109398,140920,143416,1
35883,19235,42373,55118,78256,61608,1
70461,50501,63954,120962,134415,114455,1
33331,20991,70969,54322,104300,91960,0
45252,36826,6154,82078,51406,42980,0
42808,61099,55175,103907,97983,116274,1
2287,14005,49019,16292,51306,63024,0
57818,65584,48437,123402,106255,114021,1
7592,27829,48882,35421,56474,76711,0
9364,14570,45400,23934,54764,59970,0
92325,42600,91270,134925,183595,133870,1
31240,51005,47163,82245,78403,98168,1
6766,27594,4189,34360,10955,31783,0
97221,85262,83087,182483,180308,168349,1
3340,24201,1678,27541,5018,25879,0
30738,99189,99577,129927,130315,198766,1
68181,23794,72014,91975,140195,95808,1
38442,96650,20661,135092,59103,117311,0
42974,90091,14175,133065,57149,104266,0
66214,74737,894,140951,67108,75631,0
65223,70027,86825,135250,152048,156852,1
32307,32008,35016,64315,67323,67024,1
14611,59298,55230,73909,69841,114528,1
31877,34357,67481,66234,99358,101838,0
95117,51492,7654,146609,102771,59146,0
84414,58608,58210,143022,142624,116818,1
5446,23237,34722,28683,40168,57959,0
81307,63192,65317,144499,146624,128509,1
98820,55011,6469,153831,105289,61480,0
3209,49530,10700,52739,13909,60230,0
19597,95932,99968,115529,119565,195900,1
17368,45687,41371,63055,58739,87058,1
8682,4475,49943,13157,58625,54418,0
45525,30993,63245,76518,108770,94238,1
74507,49796,10144,124303,84651,59940,0
16318,40938,15750,57256,32068,56688,0
95351,27128,20864,122479,116215,47992,0
62207,95182,47865,157389,110072,143047,1
93347,35849,74195,129196,167542,110044,1
99350,7461,32437,106811,131787,39898,0
39529,36568,42877,76097,82406,79445,1
80084,30197,47095,110281,127179,77292,0
99352,32187,17726,131539,117078,49913,0
33158,92011,26238,125169,59396,118249,0
40144,25255,13613,65399,53757,38868,0
56115,47509,85898,103624,142013,133407,1
83148,31124,96524,114272,179672,127648,1
74480,68280,42859,142760,117339,111139,1
54983,17914,87637,72897,142620,105551,0
73202,31707,95028,104909,168230,126735,1
78736,3638,55434,82374,134170,59072,0
16945,21049,43833,37994,60778,64882,0
24594,64247,52125,88841,76719,116372,1
76294,89126,71616,165420,147910,160742,1
21047,68116,96080,89163,117127,164196,0
89778,44868,13214,134646,102992,58082,0
82068,73600,32414,155668,114482,106014,1
61223,3358,20093,64581,81316,23451,0
85272,91804,12954,177076,98226,104758,1
88593,42878,48319,131471,136912,91197,1
31140,45025,82162,76165,113302,127187,0
49232,92035,54504,141267,103736,146539,1
93837,63282,59275,157119,153112,122557,1
60465,3988,87706,64453,148171,91694,0
88412,20227,81339,108639,169751,101566,1
2649,1043,90107,3692,92756,91150,0
8840,84324,22767,93164,31607,107091,0
75469,45597,38452,121066,113921,84049,1
95251,880,39141,96131,134392,40021,0
46635,54266,36970,100901,83605,91236,1
97186,27776,1644,124962,98830,29420,0
23564,73081,15048,96645,38612,88129,0
741,77332,48996,78073,49737,126328,0
12826,77045,25452,89871,38278,102497,0
49922,42835,11287,92757,61209,54122,1
27971,1695,78242,29666,106213,79937,0
19317,70411,66119,89728,85436,136530,1
65105,26385,90184,91490,155289,116569,1
73552,18219,92395,91771,165947,110614,0
66403,80126,14256,146529,80659,94382,1
23056,1210,6311,24266,29367,7521,0
84334,90296,94566,174630,178900,184862,1
65824,6923,75370,72747,141194,82293,0
66953,82922,15087,149875,82040,98009,0
19285,96800,58825,116085,78110,155625,0
21117,43308,61533,64425,82650,104841,1
2873,8601,86495,11474,89368,95096,0
33028,76023,65577,109051,98605,141600,1
29680,54327,11449,84007,41129,65776,0
18714,84041,54077,102755,72791,138118,0
24889,51082,55518,75971,80407,106600,1
32561,70848,52024,103409,84585,122872,1
95091,41520,79540,136611,174631,121060,1
31531,75393,660,106924,32191,76053,0
21198,15861,38674,37059,59872,54535,0
21523,11064,50415,32587,71938,61479,0
35161,82768,30544,117929,65705,113312,0
43990,83731,72226,127721,116216,155957,1
80065,58403,5511,138468,85576,63914,0
63544,81456,38559,145000,102103,120015,1
34218,99647,88909,133865,123127,188556,1
13283,11525,47192,24808,60475,58717,0
29737,92770,45,122507,29782,92815,0
82484,27904,18098,110388,100582,46002,0
40263,55008,61941,95271,102204,116949,1
60346,15166,59797,75512,120143,74963,1
2737,40242,66605,42979,69342,106847,0
79338,79863,22225,159201,101563,102088,1
14807,5396,27580,20203,42387,32976,0
52873,51392,97820,104265,150693,149212,1
28083,13484,75400,41567,103483,88884,0
34645,952,50605,35597,85250,51557,0
56384,17821,23889,74205,80273,41710,0
8093,26273,35091,34366,43184,61364,0
81768,66558,16630,148326,98398,83188,1
8194,75925,62947,84119,71141,138872,0
26562,94405,82246,120967,108808,176651,1
55405,17821,22058,73226,77463,39879,0
71994,68605,60306,140599,132300,128911,1
15157,1804,54065,16961,69222,55869,0
23713,2562,27766,26275,51479,30328,0
69879,97201,36961,167080,106840,134162,1
69090,66930,27131,136020,96221,94061,1
89912,61598,49742,151510,139654,111340,1
62384,17204,51127,79588,113511,68331,1
64498,96697,5954,161195,70452,102651,0
40277,4363,47648,44640,87925,52011,0
37929,2196,16438,40125,54367,18634,0
86033,53828,52112,139861,138145,105940,1
15977,24217,89376,40194,105353,113593,0
43991,90562,6757,134553,50748,97319,0
39661,59333,78574,98994,118235,137907,1
99130,98045,89330,197175,188460,187375,1
12710,97533,45482,110243,58192,143015,0
77225,50703,65791,127928,143016,116494,1
11354,8115,56559,19469,67913,64674,0
43353,98522,77639,141875,120992,176161,1
3992,20785,72197,24777,76189,92982,0
56652,85170,89308,141822,145960,174478,1
70934,5038,33673,75972,104607,38711,0
40331,99490,89508,139821,129839,188998,1
10838,49489,77513,60327,88351,127002,0
4022,55907,2221,59929,6243,58128,0
10423,52725,203,63148,10626,52928,0
55835,98653,54789,154488,110624,153442,1
61813,34282,93378,96095,155191,127660,1
17662,77998,66568,95660,84230,144566,1
89813,61318,58450,151131,148263,119768,1
802,74218,54632,75020,55434,128850,0
62858,84037,44445,146895,107303,128482,1
22681,61068,20837,83749,43518,81905,0
14207,74478,14234,88685,28441,88712,0
14439,4037,88616,18476,103055,92653,0
28925,76436,29483,105361,58408,105919,0
49765,61971,21525,111736,71290,83496,1
54813,16286,62163,71099,116976,78449,1
69668,80175,31948,149843,101616,112123,1
74241,56154,77057,130395,151298,133211,1
72379,84644,49776,157023,122155,134420,1
46067,34053,34337,80120,80404,68390,1
10949,57798,26461,68747,37410,84259,0
54410,57403,68557,111813,122967,125960,1
32684,43121,83291,75805,115975,126412,0
19046,48041,67487,67087,86533,115528,0
73688,90913,57773,164601,131461,148686,1
86095,97684,99396,183779,185491,197080,1
65708,69279,20768,134987,86476,90047,1
85029,30137,95446,115166,180475,125583,1
92197,86400,17622,178597,109819,104022,1
53049,57408,72296,110457,125345,129704,1
79417,12609,11523,92026,90940,24132,0
89955,55274,40103,145229,130058,95377,1
13026,82397,17968,95423,30994,100365,0
34165,22751,95696,56916,129861,118447,0
48606,36097,93327,84703,141933,129424,0
26425,29784,7352,56209,33777,37136,1
45429,30454,47173,75883,92602,77627,1
59829,95376,18693,155205,78522,114069,0
94873,62558,44819,157431,139692,107377,1
1519,67489,46839,69008,48358,114328,0
2208,88292,89986,90500,92194,178278,1
79075,82757,23773,161832,102848,106530,1
80864,72760,54294,153624,135158,127054,1
58077,15657,66650,73734,124727,82307,1
75964,44729,99395,120693,175359,144124,1
41641,25135,94709,66776,136350,119844,0
65393,62427,41396,127820,106789,103823,1
93884,5903,93252,99787,187136,99155,1
23434,12181,20561,35615,43995,32742,1
57585,54758,5340,112343,62925,60098,1
51318,31964,54028,83282,105346,85992,1
5639,96314,47495,101953,53134,143809,0
59314,55852,18012,115166,77326,73864,1
41580,35008,53312,76588,94892,88320,1
30049,91351,70633,121400,100682,161984,1
22162,22825,99392,44987,121554,122217,0
64376,75926,24825,140302,89201,100751,1
4133,62928,10658,67061,14791,73586,0
79902,95246,77361,175148,157263,172607,1
34409,36000,20897,70409,55306,56897,1
94061,53034,98946,147095,193007,151980,1
46142,95434,98377,141576,144519,193811,1
8650,99483,31371,108133,40021,130854,0
88485,65043,8645,153528,97130,73688,0
69605,32888,60312,102493,129917,93200,1
39379,11832,50162,51211,89541,61994,1
79672,29171,78083,108843,157755,107254,1
82762,27704,77297,110466,160059,105001,1
41151,58272,62514,99423,103665,120786,1
87803,43755,28309,131558,116112,72064,0
59998,52350,13311,112348,73309,65661,1
85975,95820,9237,181795,95212,105057,0
34762,25697,64664,60459,99426,90361,0
92076,56671,18740,148747,110816,75411,0
41503,90173,12784,131676,54287,102957,0
34041,69889,35882,103930,69923,105771,1
5332,75269,93827,80601,99159,169096,0
95528,90216,35258,185744,130786,125474,1
14685,67667,10695,82352,25380,78362,0
82942,94680,13885,177622,96827,108565,1
24961,13600,64283,38561,89244,77883,0
85298,46342,46743,131640,132041,93085,1
45640,2987,23044,48627,68684,26031,0
55893,27422,77716,83315,133609,105138,1
91296,16610,63218,107906,154514,79828,0
99829,16286,73746,116115,173575,90032,0
66137,2289,5022,68426,71159,7311,0
19169,66296,33436,85465,52605,99732,0
38076,24643,91927,62719,130003,116570,0
43227,22135,72439,65362,115666,94574,0
46633,92030,15224,138663,61857,107254,0
26416,7747,44391,34163,70807,52138,0
76299,90848,19527,167147,95826,110375,1
34721,90406,98059,125127,132780,188465,1
48551,25705,86425,74256,134976,112130,0
21104,64203,3830,85307,24934,68033,0
30753,60685,53536,91438,84289,114221,1
54929,60573,98729,115502,153658,159302,1
28591,70502,45026,99093,73617,115528,1
98866,75185,71298,174051,170164,146483,1
68314,92858,11668,161172,79982,104526,0
27204,64978,5278,92182,32482,70256,0
79438,72440,49372,151878,128810,121812,1
90303,49950,58364,140253,148667,108314,1
93461,66503,95572,159964,189033,162075,1
66345,3718,53670,70063,120015,57388,0
63497,33036,22795,96533,86292,55831,0
59192,23528,85632,82720,144824,109160,0
31137,59150,41803,90287,72940,100953,1
17533,83209,92012,100742,109545,175221,1
11195,8804,63640,19999,74835,72444,0
91478,10996,19359,102474,110837,30355,0
15205,77918,51307,93123,66512,129225,0
25973,79165,41943,105138,67916,121108,0
5843,43033,91954,48876,97797,134987,0
97355,97330,21505,194685,118860,118835,1
78343,27932,78921,106275,157264,106853,1
21620,65638,3225,87258,24845,68863,0
41620,47114,21146,88734,62766,68260,1
72653,22347,65226,95000,137879,87573,1
8306,13254,95356,21560,103662,108610,0
72915,99807,15270,172722,88185,115077,0
1966,5037,37520,7003,39486,42557,0
58016,73187,34556,131203,92572,107743,1
15724,53619,32389,69343,48113,86008,0
98716,80782,16126,179498,114842,96908,0
70383,8761,23586,79144,93969,32347,0
23836,50745,698,74581,24534,51443,0
29868,14628,11884,44496,41752,26512,0
92731,88724,72888,181455,165619,161612,1
35107,56192,91530,91299,126637,147722,0
98034,59852,73516,157886,171550,133368,1
33361,69449,97742,102810,131103,167191,1
22839,36983,15369,59822,38208,52352,1
28837,64416,23266,93253,52103,87682,0
50039,65738,62143,115777,112182,127881,1
53141,25842,76273,78983,129414,102115,1
2068,43418,40879,45486,42947,84297,0
79103,2963,53134,82066,132237,56097,0
64750,28648,87321,93398,152071,115969,1
46650,70409,97109,117059,143759,167518,1
21677,71732,95620,93409,117297,167352,0
74896,37464,20355,112360,95251,57819,0
15272,79384,11052,94656,26324,90436,0
82203,18727,20333,100930,102536,39060,0
15024,65491,25493,80515,40517,90984,0
97867,45186,60169,143053,158036,105355,1
14406,67196,57119,81602,71525,124315,1
21275,68009,771,89284,22046,68780,0
80735,72254,92119,152989,172854,164373,1
28860,89381,29245,118241,58105,118626,0
38249,45246,35883,83495,74132,81129,1
4348,88450,93260,92798,97608,181710,0
51729,3174,21934,54903,73663,25108,0
35524,58669,73398,94193,108922,132067,1
57244,18976,19266,76220,76510,38242,0
62872,27828,4220,90700,67092,32048,0
42471,93149,8567,135620,51038,101716,0
93972,20117,95918,114089,189890,116035,1
53630,60880,17465,114510,71095,78345,1
13076,30024,6743,43100,19819,36767,0
11281,3665,9957,14946,21238,13622,1
38024,63330,11127,101354,49151,74457,0
21714,81360,64774,103074,86488,146134,1
23064,42480,63355,65544,86419,105835,1
39679,8708,8790,48387,48469,17498,0
39139,40797,13207,79936,52346,54004,1
93967,34616,32470,128583,126437,67086,0
36041,97746,99225,133787,135266,196971,1
61308,12231,38803,73539,100111,51034,0
69580,89401,55753,158981,125333,145154,1
11322,51889,70738,63211,82060,122627,0
74993,99784,56922,174777,131915,156706,1
98680,2210,63646,100890,162326,65856,0
91185,33472,66337,124657,157522,99809,1
14464,6531,20230,20995,34694,26761,1
34221,364,2143,34585,36364,2507,0
31430,4660,58742,36090,90172,63402,0
79539,92094,28097,171633,107636,120191,1
46769,84632,8951,131401,55720,93583,0
88005,67758,57116,155763,145121,124874,1
30823,81426,54341,112249,85164,135767,1
4605,40820,56292,45425,60897,97112,0
7933,61389,21223,69322,29156,82612,0
60914,44285,35582,105199,96496,79867,1
86267,50135,47214,136402,133481,97349,1
11466,4170,80934,15636,92400,85104,0
73913,73848,3590,147761,77503,77438,1
34036,87181,1082,121217,35118,88263,0
89189,67513,68196,156702,157385,135709,1
15310,77671,92807,92981,108117,170478,1
83787,22664,52495,106451,136282,75159,0
4495,22918,75563,27413,80058,98481,0
74912,34108,4921,109020,79833,39029,0
60392,53508,66729,113900,127121,120237,1
19591,3480,59394,23071,78985,62874,0
14981,11215,15446,26196,30427,26661,1
54296,26622,64954,80918,119250,91576,1
98123,89475,72336,187598,170459,161811,1
12010,75987,30480,87997,42490,106467,0
7674,43459,41073,51133,48747,84532,1
50388,73746,55773,124134,106161,129519,1
93928,87462,96582,181390,190510,184044,1
42408,28820,18560,71228,60968,47380,1
67280,88797,22353,156077,89633,111150,1
20478,20097,31141,40575,51619,51238,1
8325,25252,56444,33577,64769,81696,0
86240,59051,74817,145291,161057,133868,1
36493,8235,61923,44728,98416,70158,0
51455,91391,48926,142846,100381,140317,1
66682,29401,21523,96083,88205,50924,0
40473,54720,34518,95193,74991,89238,1
87749,43701,83523,131450,171272,127224,1
20079,25028,31571,45107,51650,56599,1
15267,79822,87065,95089,102332,166887,1
12166,42816,93890,54982,106056,136706,0
98900,35277,15151,134177,114051,50428,0
9984,56379,47698,66363,57682,104077,1
21681,83278,89207,104959,110888,172485,1
6169,82903,14439,89072,20608,97342,0
65561,77631,56922,143192,122483,134553,1
5083,646,87258,5729,92341,87904,0
50696,8782,32554,59478,83250,41336,0
87733,83332,40755,171065,128488,124087,1
58761,20185,98538,78946,157299,118723,0
31873,17744,50172,49617,82045,67916,0
11237,38832,79334,50069,90571,118166,0
18938,21013,26801,39951,45739,47814,1
47337,85606,50825,132943,98162,136431,1
69417,95680,46492,165097,115909,142172,1
75655,47567,6664,123222,82319,54231,0
90763,65247,44346,156010,135109,109593,1
14419,22904,99773,37323,114192,122677,0
7132,40294,90113,47426,97245,130407,0
39260,74415,27929,113675,67189,102344,0
11568,48011,7996,59579,19564,56007,0
62627,39500,20494,102127,83121,59994,0
89358,30747,17963,120105,107321,48710,0
51314,94419,47027,145733,98341,141446,1
22371,40637,40793,63008,63164,81430,1
41407,53846,90248,95253,131655,144094,1
88607,77167,39303,165774,127910,116470,1
82982,12629,88951,95611,171933,101580,1
19864,58701,39873,78565,59737,98574,1
65788,8332,12550,74120,78338,20882,0
38822,84399,71173,123221,109995,155572,1
78145,87507,98604,165652,176749,186111,1
16092,71419,27057,87511,43149,98476,0
62827,43143,93798,105970,156625,136941,1
31067,72447,84023,103514,115090,156470,1
54363,66129,31070,120492,85433,97199,1
65741,30726,86756,96467,152497,117482,1
59948,90588,30398,150536,90346,120986,0
13499,87639,27535,101138,41034,115174,0
63470,78378,71460,141848,134930,149838,1
53492,56653,60202,110145,113694,116855,1
45096,6947,15828,52043,60924,22775,0
55744,96087,53578,151831,109322,149665,1
45806,40308,42813,86114,88619,83121,1
63124,91419,95989,154543,159113,187408,1
8241,71988,54721,80229,62962,126709,0
22477,81565,48689,104042,71166,130254,0
12947,96047,83636,108994,96583,179683,1
84116,45583,47261,129699,131377,92844,1
79709,38153,74369,117862,154078,112522,1
11186,24568,37194,35754,48380,61762,0
10100,21055,90062,31155,100162,111117,0
46938,25598,12196,72536,59134,37794,0
8460,50534,62644,58994,71104,113178,0
35395,94139,22051,129534,57446,116190,0
67088,90837,41045,157925,108133,131882,1
84710,96121,71843,180831,156553,167964,1
38004,45768,36227,83772,74231,81995,1
29034,66802,60227,95836,89261,127029,1
87688,67285,88831,154973,176519,156116,1
18005,18475,52772,36480,70777,71247,0
20402,29604,48977,50006,69379,78581,1
10968,13449,83508,24417,94476,96957,0
69798,76014,89751,145812,159549,165765,1
18645,35342,52261,53987,70906,87603,1
22359,22238,60743,44597,83102,82981,0
27780,95780,77785,123560,105565,173565,1
62993,89946,68428,152939,131421,158374,1
34828,91114,82016,125942,116844,173130,1
9760,17512,87058,27272,96818,104570,0
24526,34697,77542,59223,102068,112239,0
1011,75263,64087,76274,65098,139350,0
36438,49656,57051,86094,93489,106707,1
1657,9120,15322,10777,16979,24442,0
65046,73405,11176,138451,76222,84581,1
44458,38405,74472,82863,118930,112877,1
7847,83717,80150,91564,87997,163867,1
45215,29456,73604,74671,118819,103060,1
34818,4221,15608,39039,50426,19829,0
83081,99235,12819,182316,95900,112054,0
54182,74060,76921,128242,131103,150981,1
89779,98622,46747,188401,136526,145369,1
6313,23423,3738,29736,10051,27161,0
13082,46347,19049,59429,32131,65396,0
61257,66439,18445,127696,79702,84884,1
29018,98558,7945,127576,36963,106503,0
38949,35934,43177,74883,82126,79111,1
46355,35059,84453,81414,130808,119512,0
65073,26754,20550,91827,85623,47304,0
29114,87245,65741,116359,94855,152986,1
79803,31495,88767,111298,168570,120262,1
98775,90647,98360,189422,197135,189007,1
64427,39003,37907,103430,102334,76910,1
31508,11341,2923,42849,34431,14264,0
84994,78448,14422,163442,99416,92870,1
92297,97980,57820,190277,150117,155800,1
3504,51264,53698,54768,57202,104962,1
57390,4191,54121,61581,111511,58312,1
85704,30662,25665,116366,111369,56327,0
80075,67577,15751,147652,95826,83328,1
32203,72212,22885,104415,55088,95097,0
8543,26309,54405,34852,62948,80714,0
45626,51100,97648,96726,143274,148748,0
24598,63492,86365,88090,110963,149857,1
36826,92331,1817,129157,38643,94148,0
47696,20249,3854,67945,51550,24103,0
79976,40403,31442,120379,111418,71845,0
32113,20936,28827,53049,60940,49763,1
17215,7046,70425,24261,87640,77471,0
47581,56437,73632,104018,121213,130069,1
91125,81965,79413,173090,170538,161378,1
34132,47567,32166,81699,66298,79733,1
50584,36876,43764,87460,94348,80640,1
79992,53047,31104,133039,111096,84151,1
93961,48410,49049,142371,143010,97459,1
28438,46195,11622,74633,40060,57817,0
6100,13192,26199,19292,32299,39391,0
45562,36735,39134,82297,84696,75869,1
7383,69186,3340,76569,10723,72526,0
33235,58310,47997,91545,81232,106307,1
20312,90234,98075,110546,118387,188309,1
70564,22057,55233,92621,125797,77290,1
50658,30111,19431,80769,70089,49542,0
74280,31335,59363,105615,133643,90698,1
11102,93480,5647,104582,16749,99127,0
45692,9351,62052,55043,107744,71403,0
50849,20956,8370,71805,59219,29326,0
10011,93050,51984,103061,61995,145034,0
50282,30067,74866,80349,125148,104933,1
43960,23424,83438,67384,127398,106862,0
49710,30881,38462,80591,88172,69343,1
40102,71973,81813,112075,121915,153786,1
59896,81238,73856,141134,133752,155094,1
71238,76649,52130,147887,123368,128779,1
52200,19307,28835,71507,81035,48142,0
42487,90652,4834,133139,47321,95486,0
77443,31178,62477,108621,139920,93655,1
7588,79002,9290,86590,16878,88292,0
21442,96637,9840,118079,31282,106477,0
90550,52016,63580,142566,154130,115596,1
10456,44562,51135,55018,61591,95697,1
1261,824,20113,2085,21374,20937,0
6127,86002,38700,92129,44827,124702,0
29706,10521,26096,40227,55802,36617,1
11317,93329,24520,104646,35837,117849,0
68658,12648,50848,81306,119506,63496,0
92975,89481,23449,182456,116424,112930,1
64420,96355,18300,160775,82720,114655,0
13105,79754,17017,92859,30122,96771,0
42930,21643,34012,64573,76942,55655,1
56405,61248,88263,117653,144668,149511,1
74202,48886,42033,123088,116235,90919,1
32836,35988,7727,68824,40563,43715,1
57738,17802,59861,75540,117599,77663,1
57590,21410,94024,79000,151614,115434,0
27013,29391,56317,56404,83330,85708,1
53989,20602,40786,74591,94775,61388,1
1964,65125,48339,67089,50303,113464,0
51522,75591,66922,127113,118444,142513,1
88191,49556,15436,137747,103627,64992,0
78792,1595,24055,80387,102847,25650,0
35526,96301,18590,131827,54116,114891,0
57304,42177,45972,99481,103276,88149,1
22523,89247,14720,111770,37243,103967,0
34408,67299,28610,101707,63018,95909,0
64675,14280,35676,78955,100351,49956,0
89068,27614,38547,116682,127615,66161,0
7325,39856,59866,47181,67191,99722,0
74907,54233,93202,129140,168109,147435,1
16463,62019,1093,78482,17556,63112,0
34833,77015,24263,111848,59096,101278,0
6478,98391,26164,104869,32642,124555,0
25491,34677,53676,60168,79167,88353,1
68453,18716,33020,87169,101473,51736,0
84062,72974,92386,157036,176448,165360,1
52133,72054,7548,124187,59681,79602,0
9371,83805,23938,93176,33309,107743,0
20219,49611,34189,69830,54408,83800,1
98265,6518,60974,104783,159239,67492,0
74643,69199,70321,143842,144964,139520,1
63649,74256,43025,137905,106674,117281,1
18854,25984,24402,44838,43256,50386,1
90389,91001,68734,181390,159123,159735,1
31132,23152,3107,54284,34239,26259,0
20060,89293,8869,109353,28929,98162,0
46026,31218,44380,77244,90406,75598,1
44213,45365,94507,89578,138720,139872,0
27123,81152,91269,108275,118392,172421,1
38056,7425,82862,45481,120918,90287,0
36205,45383,34285,81588,70490,79668,1
32055,12845,31072,44900,63127,43917,1
82046,74821,80316,156867,162362,155137,1
47285,83233,72695,130518,119980,155928,1
76654,50236,65386,126890,142040,115622,1
91091,39987,80240,131078,171331,120227,1
35981,32133,26663,68114,62644,58796,1
95165,57114,77056,152279,172221,134170,1
5146,66799,3802,71945,8948,70601,0
32791,77998,34721,110789,67512,112719,0
75805,2551,82071,78356,157876,84622,0
11559,39441,22989,51000,34548,62430,0
96160,22764,70475,118924,166635,93239,0
17417,88752,808,106169,18225,89560,0
49213,41331,33946,90544,83159,75277,1
75385,63799,97486,139184,172871,161285,1
55830,54580,96270,110410,152100,150850,1
38532,94271,45794,132803,84326,140065,0
50396,33399,47190,83795,97586,80589,1
19281,86213,51536,105494,70817,137749,0
45769,46605,45251,92374,91020,91856,1
10110,78349,65561,88459,75671,143910,0
59426,41593,40407,101019,99833,82000,1
73575,89735,28364,163310,101939,118099,1
31154,76468,10237,107622,41391,86705,0
37793,47070,78723,84863,116516,125793,1
53435,52548,77583,105983,131018,130131,1
64879,42836,668,107715,65547,43504,0
40800,96464,6199,137264,46999,102663,0
56740,67606,20927,124346,77667,88533,1
66924,84577,24967,151501,91891,109544,1
79338,87029,71991,166367,151329,159020,1
23773,74455,84684,98228,108457,159139,1
16616,2586,28591,19202,45207,31177,0
39058,62414,65348,101472,104406,127762,1
11961,42756,96485,54717,108446,139241,0
39172,45310,27878,84482,67050,73188,1
62022,85917,98402,147939,160424,184319,1
34020,77728,57181,111748,91201,134909,1
94211,15254,45604,109465,139815,60858,0
26982,5508,96412,32490,123394,101920,0
57066,36801,51923,93867,108989,88724,1
88885,52738,26246,141623,115131,78984,0
72195,36263,95645,108458,167840,131908,1
75287,93595,31033,168882,106320,124628,1
73799,18151,2723,91950,76522,20874,0
72199,92028,1292,164227,73491,93320,0
81020,24346,61296,105366,142316,85642,1
7683,11781,50873,19464,58556,62654,0
35090,34984,3269,70074,38359,38253,1
43653,55775,9083,99428,52736,64858,0
29652,58100,53693,87752,83345,111793,1
23258,82713,12929,105971,36187,95642,0
8793,97296,38574,106089,47367,135870,0
70909,38273,55043,109182,125952,93316,1
57260,86756,86677,144016,143937,173433,1
67842,95793,89967,163635,157809,185760,1
12433,47603,28801,60036,41234,76404,0
61664,46131,82427,107795,144091,128558,1
39297,6304,760,45601,40057,7064,0
43920,72539,59998,116459,103918,132537,1
84256,29255,50543,113511,134799,79798,0
69825,7839,13852,77664,83677,21691,0
76467,41061,37540,117528,114007,78601,1
31817,4515,45153,36332,76970,49668,0
7375,84421,32650,91796,40025,117071,0
48241,34343,57380,82584,105621,91723,1
65878,27040,55511,92918,121389,82551,1
80773,43210,16048,123983,96821,59258,0
95049,41459,52047,136508,147096,93506,0
49546,34058,18913,83604,68459,52971,1
25834,40020,68440,65854,94274,108460,0
66924,54379,22639,121303,89563,77018,1
86672,20467,93486,107139,180158,113953,1
95424,42380,34059,137804,129483,76439,0
83120,94772,68697,177892,151817,163469,1
75299,96168,38704,171467,114003,134872,1
86066,91261,36211,177327,122277,127472,1
31110,74743,34895,105853,66005,109638,0
89953,28376,72429,118329,162382,100805,1
71568,79125,16384,150693,87952,95509,1
83730,97398,81141,181128,164871,178539,1
51186,1506,39477,52692,90663,40983,0
17880,71325,60587,89205,78467,131912,1
10671,23554,61808,34225,72479,85362,0
92067,98543,97198,190610,189265,195741,1
11316,44652,50375,55968,61691,95027,1
19564,64887,65058,84451,84622,129945,1
41366,31843,44949,73209,86315,76792,1
61867,64753,61484,126620,123351,126237,1
11923,46328,47207,58251,59130,93535,1
10095,1237,86721,11332,96816,87958,0
51279,80164,86458,131443,137737,166622,1
15808,38766,53614,54574,69422,92380,1
27942,45762,67920,73704,95862,113682,1
42050,82252,30948,124302,72998,113200,0
37733,34413,58359,72146,96092,92772,1
33287,77776,85703,111063,118990,163479,1
48104,81033,45900,129137,94004,126933,1
30462,39734,64519,70196,94981,104253,1
82320,64387,24891,146707,107211,89278,1
67295,2329,50662,69624,117957,52991,0
90662,1269,29691,91931,120353,30960,0
70185,39339,2274,109524,72459,41613,0
30046,24549,60167,54595,90213,84716,0
66865,33231,67564,100096,134429,100795,1
71384,82307,509,153691,71893,82816,0
55479,61720,34530,117199,90009,96250,1
90569,94111,87914,184680,178483,182025,1
98087,8273,96847,106360,194934,105120,1
54669,78518,35770,133187,90439,114288,1
96247,42404,79826,138651,176073,122230,1
83829,29817,69626,113646,153455,99443,1
57411,78140,92188,135551,149599,170328,1
63090,34602,80141,97692,143231,114743,1
98598,53445,68909,152043,167507,122354,1
49037,53539,97014,102576,146051,150553,1
72641,32373,72832,105014,145473,105205,1
68207,51105,25780,119312,93987,76885,1
79367,87940,25249,167307,104616,113189,1
92593,41737,15856,134330,108449,57593,0
60971,52404,94184,113375,155155,146588,1
78218,40505,62643,118723,140861,103148,1
68324,2015,96477,70339,164801,98492,0
92379,22557,48240,114936,140619,70797,0
34862,49789,72639,84651,107501,122428,1
43036,63360,83288,106396,126324,146648,1
88233,59387,46804,147620,135037,106191,1
11519,55096,18872,66615,30391,73968,0
59948,24741,74375,84689,134323,99116,1
98642,52541,11838,151183,110480,64379,0
46379,79147,22684,125526,69063,101831,0
58466,10461,73110,68927,131576,83571,0
78109,76087,37822,154196,115931,113909,1
63096,86006,84502,149102,147598,170508,1
69142,67927,48027,137069,117169,115954,1
96105,30946,73145,127051,169250,104091,1
18461,21286,70040,39747,88501,91326,0
98518,55499,25771,154017,124289,81270,0
25481,79765,11341,105246,36822,91106,0
33376,85542,16159,118918,49535,101701,0
99410,26671,53297,126081,152707,79968,0
83064,44525,78365,127589,161429,122890,1
62393,42274,4771,104667,67164,47045,0
89292,77825,21914,167117,111206,99739,1
10770,9360,465,20130,11235,9825,0
43841,5974,45331,49815,89172,51305,1
72933,69372,3563,142305,76496,72935,1
1095,96072,51457,97167,52552,147529,0
58118,63961,37466,122079,95584,101427,1
40433,33444,95411,73877,135844,128855,0
84267,84982,48587,169249,132854,133569,1
29305,69709,28251,99014,57556,97960,0
195,38915,84490,39110,84685,123405,0
47165,53896,89784,101061,136949,143680,1
93883,6009,54739,99892,148622,60748,0
6246,5671,97091,11917,103337,102762,0
18075,66200,63803,84275,81878,130003,1
75147,25739,44680,100886,119827,70419,0
12591,85359,52154,97950,64745,137513,0
65353,89317,66386,154670,131739,155703,1
46123,99641,49264,145764,95387,148905,0
43055,52974,92436,96029,135491,145410,1
45901,2800,40237,48701,86138,43037,0
51705,18982,52262,70687,103967,71244,1
81935,72630,4439,154565,86374,77069,0
34041,34492,8908,68533,42949,43400,1
10924,60190,21646,71114,32570,81836,0
41634,17843,59775,59477,101409,77618,0
89911,70373,51575,160284,141486,121948,1
30167,68683,23268,98850,53435,91951,0
36283,13263,26908,49546,63191,40171,1
24818,32596,11759,57414,36577,44355,1
13470,26982,79818,40452,93288,106800,0
91847,96297,3237,188144,95084,99534,0
10436,36672,88596,47108,99032,125268,0
24391,61965,49520,86356,73911,111485,1
91227,46351,30785,137578,122012,77136,0
86435,9083,40241,95518,126676,49324,0
43926,55699,82847,99625,126773,138546,1
71012,32872,45772,103884,116784,78644,1
72757,93266,91026,166023,163783,184292,1
86994,24408,32329,111402,119323,56737,0
28403,89234,89704,117637,118107,178938,1
47727,83042,19402,130769,67129,102444,0
86647,42264,12551,128911,99198,54815,0
64373,5044,90816,69417,155189,95860,0
22605,7637,80808,30242,103413,88445,0
44090,3737,85137,47827,129227,88874,0
35530,80524,67095,116054,102625,147619,1
1308,26976,2908,28284,4216,29884,0
9383,37920,44199,47303,53582,82119,1
61173,74093,16034,135266,77207,90127,1
36283,38505,33349,74788,69632,71854,1
43305,24437,48920,67742,92225,73357,1
81569,49104,43147,130673,124716,92251,1
98907,92142,63686,191049,162593,155828,1
79298,41011,57732,120309,137030,98743,1
16885,60585,44382,77470,61267,104967,1
67383,57176,59677,124559,127060,116853,1
23289,70204,19070,93493,42359,89274,0
72270,32429,90457,104699,162727,122886,1
30030,38953,36173,68983,66203,75126,1
36417,11952,22040,48369,58457,33992,0
11490,52221,61185,63711,72675,113406,1
82757,30550,82458,113307,165215,113008,1
47764,43026,50230,90790,97994,93256,1
8585,80535,36064,89120,44649,116599,0
40352,69043,22212,109395,62564,91255,0
82660,12880,77898,95540,160558,90778,1
59899,9152,32082,69051,91981,41234,0
48094,30992,2867,79086,50961,33859,0
84160,55258,62549,139418,146709,117807,1
87237,13736,3242,100973,90479,16978,0
24624,17466,84022,42090,108646,101488,0
79696,82257,57985,161953,137681,140242,1
57581,9985,17595,67566,75176,27580,0
48558,17280,72092,65838,120650,89372,0
64705,94744,63744,159449,128449,158488,1
20373,55971,42698,76344,63071,98669,1
48859,98252,65740,147111,114599,163992,1
93017,19246,29208,112263,122225,48454,0
68901,68700,67387,137601,136288,136087,1
65122,75338,59058,140460,124180,134396,1
40383,36389,73171,76772,113554,109560,1
38475,93244,86960,131719,125435,180204,1
81767,13514,49600,95281,131367,63114,0
50218,97061,99693,147279,149911,196754,1
76987,30578,16861,107565,93848,47439,0
88580,94422,97340,183002,185920,191762,1
96697,34586,4610,131283,101307,39196,0
43873,30468,98935,74341,142808,129403,0
48800,92349,98821,141149,147621,191170,1
26473,16343,76416,42816,102889,92759,0
4215,11103,14358,15318,18573,25461,1
4967,77867,13479,82834,18446,91346,0
10692,40678,63169,51370,73861,103847,0
9753,77814,58889,87567,68642,136703,0
72545,55238,30266,127783,102811,85504,1
5819,74989,30814,80808,36633,105803,0
63534,53065,59041,116599,122575,112106,1
19321,66193,52192,85514,71513,118385,1
76216,73752,74131,149968,150347,147883,1
34863,95047,67997,129910,102860,163044,1
2654,69545,38726,72199,41380,108271,0
67598,16752,32552,84350,100150,49304,0
47269,7572,559,54841,47828,8131,0
71620,81955,1606,153575,73226,83561,0
9387,89105,14000,98492,23387,103105,0
22700,40710,22092,63410,44792,62802,1
54362,45373,30859,99735,85221,76232,1
44321,25246,38498,69567,82819,63744,1
13519,33689,48299,47208,61818,81988,0
36236,39090,29321,75326,65557,68411,1
98389,84086,27421,182475,125810,111507,1
38925,88714,43092,127639,82017,131806,0
2990,95843,99320,98833,102310,195163,0
31793,53774,28723,85567,60516,82497,1
4084,45247,62187,49331,66271,107434,0
74122,753,63800,74875,137922,64553,0
74086,89522,43789,163608,117875,133311,1
41886,10021,35724,51907,77610,45745,1
19829,62393,19574,82222,39403,81967,0
79403,7613,68347,87016,147750,75960,0
69974,68355,19533,138329,89507,87888,1
15789,47049,35603,62838,51392,82652,1
52127,80109,3166,132236,55293,83275,0
63465,31537,42448,95002,105913,73985,1
25479,79544,27612,105023,53091,107156,0
27675,43507,35701,71182,63376,79208,1
6379,10978,57658,17357,64037,68636,0
51742,31248,14559,82990,66301,45807,0
86465,73558,88092,160023,174557,161650,1
3408,74954,24423,78362,27831,99377,0
53562,23226,70655,76788,124217,93881,1
20655,54724,13670,75379,34325,68394,0
32022,74751,77982,106773,110004,152733,1
50639,82735,30107,133374,80746,112842,0
91906,35198,58266,127104,150172,93464,1
89858,99207,57933,189065,147791,157140,1
58249,34965,68353,93214,126602,103318,1
87717,77944,7748,165661,95465,85692,0
10696,56996,81167,67692,91863,138163,0
37458,88140,62528,125598,99986,150668,1
25000,50172,76380,75172,101380,126552,0
7518,97069,62651,104587,70169,159720,0
39790,29615,26139,69405,65929,55754,1
53426,19092,18282,72518,71708,37374,0
53167,76649,57586,129816,110753,134235,1
57141,40712,41483,97853,98624,82195,1
6162,68577,73539,74739,79701,142116,1
81659,329,74675,81988,156334,75004,0
63153,71579,25330,134732,88483,96909,1
28695,25731,97845,54426,126540,123576,0
66659,50515,58764,117174,125423,109279,1
62704,40522,34158,103226,96862,74680,1
44040,23719,19394,67759,63434,43113,0
87374,46369,53153,133743,140527,99522,1
33948,4330,94852,38278,128800,99182,0
12945,98435,75918,111380,88863,174353,0
21609,25453,90912,47062,112521,116365,0
46115,59531,76490,105646,122605,136021,1
57242,46646,70306,103888,127548,116952,1
4186,53785,37883,57971,42069,91668,0
58934,73916,34132,132850,93066,108048,1
4469,56072,15814,60541,20283,71886,0
55663,43091,42438,98754,98101,85529,1
64593,76113,33074,140706,97667,109187,1
46511,73061,48795,119572,95306,121856,1
11606,28399,57833,40005,69439,86232,0
64458,71083,69379,135541,133837,140462,1
6057,84919,69509,90976,75566,154428,0
57050,69358,3407,126408,60457,72765,0
29066,57593,723,86659,29789,58316,0
85354,66932,28975,152286,114329,95907,1
64387,6686,32,71073,64419,6718,0
82291,23847,17966,106138,100257,41813,0
69323,21688,54992,91011,124315,76680,1
88161,62868,69366,151029,157527,132234,1
92050,25220,48896,117270,140946,74116,0
55729,40899,94970,96628,150699,135869,1
35119,69746,64522,104865,99641,134268,1
66790,42484,68782,109274,135572,111266,1
46811,47440,42586,94251,89397,90026,1
18839,90623,30993,109462,49832,121616,0
90142,18494,5394,108636,95536,23888,0
83970,31214,33991,115184,117961,65205,0
18245,70536,76576,88781,94821,147112,1
99266,46875,27425,146141,126691,74300,0
88844,1771,31491,90615,120335,33262,0
75363,6513,48789,81876,124152,55302,0
87440,88208,63494,175648,150934,151702,1
40003,75846,88803,115849,128806,164649,1
39206,10522,67327,49728,106533,77849,0
68073,58225,76846,126298,144919,135071,1
60334,15590,58295,75924,118629,73885,1
85436,28036,3252,113472,88688,31288,0
42899,37462,28618,80361,71517,66080,1
68939,34363,33697,103302,102636,68060,0
81260,43168,3699,124428,84959,46867,0
35138,41044,73144,76182,108282,114188,1
84258,43175,31324,127433,115582,74499,0
27115,67915,55858,95030,82973,123773,1
11698,46801,30191,58499,41889,76992,0
65865,2175,50974,68040,116839,53149,0
95020,43780,20084,138800,115104,63864,0
53147,83202,22178,136349,75325,105380,0
32679,24414,97179,57093,129858,121593,0
88003,83210,69194,171213,157197,152404,1
49162,76907,60541,126069,109703,137448,1
91557,38952,98391,130509,189948,137343,1
32189,68105,7470,100294,39659,75575,0
97469,67017,87258,164486,184727,154275,1
47706,22927,54920,70633,102626,77847,1
68633,49137,73732,117770,142365,122869,1
3806,6720,99176,10526,102982,105896,0
43128,52665,57074,95793,100202,109739,1
11050,80281,51635,91331,62685,131916,0
74834,94124,96231,168958,171065,190355,1
22741,48124,95613,70865,118354,143737,0
8448,76730,89868,85178,98316,166598,0
51773,12429,8193,64202,59966,20622,0
27382,85230,80575,112612,107957,165805,1
95274,89536,1051,184810,96325,90587,0
9405,17931,61184,27336,70589,79115,0
87808,24868,11554,112676,99362,36422,0
90583,95352,51427,185935,142010,146779,1
76284,81220,67803,157504,144087,149023,1
18438,46304,51719,64742,70157,98023,1
94588,80079,87969,174667,182557,168048,1
29719,59594,97585,89313,127304,157179,0
31837,88128,65349,119965,97186,153477,1
78389,5369,27091,83758,105480,32460,0
90822,1015,75203,91837,166025,76218,0
1250,42596,49744,43846,50994,92340,0
28240,96163,41760,124403,70000,137923,0
3721,15301,56765,19022,60486,72066,0
25919,46903,13021,72822,38940,59924,0
76767,33276,9380,110043,86147,42656,0
87309,63011,80372,150320,167681,143383,1
81473,97775,5250,179248,86723,103025,0
53290,19664,77216,72954,130506,96880,0
51714,65711,32274,117425,83988,97985,1
93466,4562,52526,98028,145992,57088,0
34772,79546,48633,114318,83405,128179,1
86373,55135,96629,141508,183002,151764,1
23867,11929,54833,35796,78700,66762,0
54632,40338,45292,94970,99924,85630,1
10634,83445,92314,94079,102948,175759,1
10944,65928,62391,76872,73335,128319,1
58361,66903,16666,125264,75027,83569,1
91873,8335,66603,100208,158476,74938,0
72534,10534,85172,83068,157706,95706,0
43165,1453,52668,44618,95833,54121,0
71168,24409,9936,95577,81104,34345,0
6042,79193,21332,85235,27374,100525,0
50859,86831,65309,137690,116168,152140,1
78487,86969,68766,165456,147253,155735,1
61379,33020,63353,94399,124732,96373,1
28437,44792,81633,73229,110070,126425,0
85066,39613,23140,124679,108206,62753,0
88294,73878,43683,162172,131977,117561,1
36301,43691,92347,79992,128648,136038,0
48808,17441,49419,66249,98227,66860,1
73998,37553,8531,111551,82529,46084,0
56260,68248,83154,124508,139414,151402,1
6656,70662,2658,77318,9314,73320,0
24003,20682,26962,44685,50965,47644,1
82557,6436,67007,88993,149564,73443,0
11014,11065,44802,22079,55816,55867,0
1663,63797,65234,65460,66897,129031,1
92719,16483,27603,109202,120322,44086,0
98926,18302,27265,117228,126191,45567,0
168,93295,78507,93463,78675,171802,0
47269,58790,65784,106059,113053,124574,1
55914,35704,60956,91618,116870,96660,1
34417,71195,39062,105612,73479,110257,1
86883,99043,28477,185926,115360,127520,1
92879,66494,80573,159373,173452,147067,1
94524,96573,98658,191097,193182,195231,1
90002,64768,48134,154770,138136,112902,1
49472,39245,65962,88717,115434,105207,1
87063,27647,34408,114710,121471,62055,0
78683,86662,94776,165345,173459,181438,1
64260,47422,64350,111682,128610,111772,1
19891,32159,96029,52050,115920,128188,0
15285,51397,31432,66682,46717,82829,0
13493,97329,23600,110822,37093,120929,0
82863,28509,87028,111372,169891,115537,1
51145,974,99942,52119,151087,100916,0
56995,71029,50504,128024,107499,121533,1
96274,26558,40701,122832,136975,67259,0
78457,66607,82971,145064,161428,149578,1
37292,74942,68174,112234,105466,143116,1
36116,28559,13977,64675,50093,42536,1
85912,39783,39290,125695,125202,79073,0
7349,11469,57113,18818,64462,68582,0
28717,14544,48108,43261,76825,62652,0
73832,47992,53273,121824,127105,101265,1
35753,55820,92594,91573,128347,148414,0
11433,34429,98723,45862,110156,133152,0
29276,29528,16423,58804,45699,45951,1
85113,50679,22702,135792,107815,73381,0
71859,35806,46751,107665,118610,82557,1
51631,982,83202,52613,134833,84184,0
39290,23918,42185,63208,81475,66103,1
19394,25070,92250,44464,111644,117320,0
42370,90069,71717,132439,114087,161786,1
51467,87634,80299,139101,131766,167933,1
13372,25824,42996,39196,56368,68820,0
41136,73945,99309,115081,140445,173254,1
50069,31930,5680,81999,55749,37610,0
91781,34406,67946,126187,159727,102352,1
10338,38405,47695,48743,58033,86100,1
6190,41374,30460,47564,36650,71834,0
91260,53087,78465,144347,169725,131552,1
30707,49043,29787,79750,60494,78830,1
14141,28509,71666,42650,85807,100175,0
74977,21917,43675,96894,118652,65592,0
85910,42892,13344,128802,99254,56236,0
35548,2898,21160,38446,56708,24058,0
43550,10792,96383,54342,139933,107175,0
84999,73012,43841,158011,128840,116853,1
74391,24207,60752,98598,135143,84959,1
53217,19115,36815,72332,90032,55930,1
5683,48916,64615,54599,70298,113531,0
6780,17140,46597,23920,53377,63737,0
44221,489,95192,44710,139413,95681,0
75085,35103,99336,110188,174421,134439,1
83532,38659,37388,122191,120920,76047,0
85359,20921,81059,106280,166418,101980,1
48477,92008,37153,140485,85630,129161,0
51993,43658,30290,95651,82283,73948,1
51394,35931,76687,87325,128081,112618,1
56864,85041,54506,141905,111370,139547,1
95997,43123,58614,139120,154611,101737,1
85448,44412,10277,129860,95725,54689,0
83203,11881,60316,95084,143519,72197,0
70472,7733,44224,78205,114696,51957,0
15368,44643,8430,60011,23798,53073,0
64164,13536,92241,77700,156405,105777,0
29628,3741,59660,33369,89288,63401,0
65023,21596,69467,86619,134490,91063,1
15552,1302,74544,16854,90096,75846,0
46224,40302,31049,86526,77273,71351,1
55339,88639,42544,143978,97883,131183,1
75852,78154,39195,154006,115047,117349,1
45758,98869,98129,144627,143887,196998,1
61978,89196,88204,151174,150182,177400,1
43217,48542,75594,91759,118811,124136,1
19437,88692,71493,108129,90930,160185,1
56398,19942,92946,76340,149344,112888,0
66349,19578,59308,85927,125657,78886,1
12194,47466,18575,59660,30769,66041,0
51385,72759,35731,124144,87116,108490,1
25802,10331,79542,36133,105344,89873,0
80824,68524,47214,149348,128038,115738,1
86632,56392,87300,143024,173932,143692,1
40037,90935,81630,130972,121667,172565,1
66011,26697,58974,92708,124985,85671,1
39019,73025,83519,112044,122538,156544,1
23065,66531,99284,89596,122349,165815,0
75374,74308,89123,149682,164497,163431,1
22099,3716,23305,25815,45404,27021,1
9254,98065,94192,107319,103446,192257,1
4461,11648,41553,16109,46014,53201,0
27734,68023,59729,95757,87463,127752,1
49297,60833,9558,110130,58855,70391,0
98200,2462,42308,100662,140508,44770,0
25073,84071,13133,109144,38206,97204,0
72318,97759,90726,170077,163044,188485,1
15067,66852,58389,81919,73456,125241,1
24666,10130,65353,34796,90019,75483,0
84283,94914,94098,179197,178381,189012,1
80112,18897,36,99009,80148,18933,0
49509,83111,31224,132620,80733,114335,0
76316,6134,97924,82450,174240,104058,0
6385,51933,20771,58318,27156,72704,0
65261,78514,18382,143775,83643,96896,1
78694,72492,21774,151186,100468,94266,1
14855,58619,44440,73474,59295,103059,1
63699,24708,70291,88407,133990,94999,1
44768,60573,68652,105341,113420,129225,1
20555,41518,52449,62073,73004,93967,1
18521,55953,66419,74474,84940,122372,1
91746,41765,63061,133511,154807,104826,1
50376,13585,17327,63961,67703,30912,0
96021,94626,28954,190647,124975,123580,1
5582,55308,98754,60890,104336,154062,0
48431,36091,28134,84522,76565,64225,1
7456,149,12030,7605,19486,12179,0
31168,37718,64722,68886,95890,102440,1
47149,74470,84802,121619,131951,159272,1
80608,51810,10600,132418,91208,62410,0
73995,8950,82726,82945,156721,91676,1
29452,92931,65436,122383,94888,158367,1
99761,83781,30534,183542,130295,114315,1
71787,82622,90532,154409,162319,173154,1
8380,92605,27252,100985,35632,119857,0
89298,81351,70241,170649,159539,151592,1
76740,40901,44112,117641,120852,85013,1
59670,61249,41172,120919,100842,102421,1
37532,42728,82978,80260,120510,125706,0
85641,40103,98528,125744,184169,138631,1
61109,22759,10673,83868,71782,33432,0
15232,95958,85494,111190,100726,181452,1
29059,73315,2293,102374,31352,75608,0
55467,46575,45222,102042,100689,91797,1
65819,4874,75609,70693,141428,80483,0
44659,77577,99165,122236,143824,176742,1
89234,53507,14868,142741,104102,68375,0
39628,79703,54624,119331,94252,134327,1
21506,71873,25677,93379,47183,97550,0
72255,82958,25120,155213,97375,108078,1
66505,98615,90463,165120,156968,189078,1
64520,83597,82752,148117,147272,166349,1
57796,88531,9389,146327,67185,97920,0
41799,51968,70801,93767,112600,122769,1
9456,97285,35614,106741,45070,132899,0
25437,80401,75341,105838,100778,155742,1
16104,96554,39024,112658,55128,135578,0
76230,5378,53199,81608,129429,58577,0
77714,92798,17455,170512,95169,110253,1
13968,79157,60546,93125,74514,139703,0
30981,48297,98467,79278,129448,146764,0
99592,3681,57988,103273,157580,61669,0
26144,8154,4170,34298,30314,12324,0
98607,34014,92540,132621,191147,126554,1
3317,20158,29414,23475,32731,49572,0
55023,71924,99489,126947,154512,171413,1
14801,39931,80366,54732,95167,120297,0
74235,6547,47761,80782,121996,54308,0
91055,60638,49640,151693,140695,110278,1
95266,52748,45286,148014,140552,98034,1
41179,27837,8333,69016,49512,36170,0
43675,99758,44391,143433,88066,144149,0
53690,35227,38808,88917,92498,74035,1
62507,22100,70118,84607,132625,92218,1
43412,64051,62769,107463,106181,126820,1
74367,16912,98193,91279,172560,115105,0
76908,3557,81953,80465,158861,85510,0
96249,20005,51057,116254,147306,71062,0
27571,75705,46761,103276,74332,122466,0
90348,32274,46583,122622,136931,78857,0
58528,52270,5354,110798,63882,57624,0
18598,8783,5111,27381,23709,13894,0
89656,64914,3409,154570,93065,68323,0
11926,56796,6084,68722,18010,62880,0
1342,10916,10603,12258,11945,21519,1
93331,65497,95388,158828,188719,160885,1
76666,43725,29257,120391,105923,72982,0
12408,53034,91682,65442,104090,144716,0
82759,35734,75297,118493,158056,111031,1
20289,8939,31959,29228,52248,40898,0
16757,33700,67602,50457,84359,101302,0
35628,69091,60772,104719,96400,129863,1
34924,35008,32802,69932,67726,67810,1
10339,7196,8959,17535,19298,16155,1
98331,22446,97415,120777,195746,119861,1
94330,7640,34413,101970,128743,42053,0
45416,55881,10096,101297,55512,65977,0
77623,28952,24527,106575,102150,53479,0
12455,80770,97058,93225,109513,177828,0
64153,27761,53384,91914,117537,81145,1
29572,30200,59885,59772,89457,90085,0
54441,52313,80915,106754,135356,133228,1
64735,12724,32478,77459,97213,45202,0
37524,13443,63278,50967,100802,76721,0
48030,68416,37565,116446,85595,105981,1
10464,87913,23810,98377,34274,111723,0
6446,69294,78357,75740,84803,147651,0
6652,70826,48834,77478,55486,119660,0
20086,96486,35151,116572,55237,131637,0
34949,68736,2430,103685,37379,71166,0
29512,81257,27505,110769,57017,108762,0
48518,38197,80834,86715,129352,119031,1
50458,30389,52527,80847,102985,82916,1
17170,99347,10462,116517,27632,109809,0
6469,97340,35393,103809,41862,132733,0
14447,63690,26452,78137,40899,90142,0
80411,23431,29598,103842,110009,53029,0
45358,50518,44688,95876,90046,95206,1
35210,70701,78858,105911,114068,149559,1
54283,8347,5248,62630,59531,13595,0
88187,6653,6702,94840,94889,13355,0
39784,97465,56489,137249,96273,153954,0
69137,59286,9785,128423,78922,69071,0
68321,68251,71335,136572,139656,139586,1
1364,45007,72294,46371,73658,117301,0
77091,83180,40358,160271,117449,123538,1
78125,71003,90032,149128,168157,161035,1
68306,2520,1124,70826,69430,3644,0
62676,58886,92681,121562,155357,151567,1
59851,8706,33964,68557,93815,42670,0
60075,59859,89757,119934,149832,149616,1
25393,2431,26702,27824,52095,29133,1
96261,20103,54149,116364,150410,74252,0
80441,85330,71878,165771,152319,157208,1
80560,86064,46849,166624,127409,132913,1
68958,7174,78176,76132,147134,85350,0
67598,19649,24905,87247,92503,44554,0
93325,25987,85404,119312,178729,111391,1
80970,50951,26419,131921,107389,77370,0
69584,31584,6631,101168,76215,38215,0
23030,93073,32414,116103,55444,125487,0
33694,93084,72372,126778,106066,165456,1
1768,84941,46583,86709,48351,131524,0
87854,15422,86558,103276,174412,101980,1
19787,64359,66319,84146,86106,130678,1
10201,99356,43941,109557,54142,143297,0
19390,10803,39610,30193,59000,50413,0
72670,34182,28434,106852,101104,62616,0
84922,21212,85284,106134,170206,106496,1
48070,39926,49622,87996,97692,89548,1
41079,95391,41084,136470,82163,136475,0
37414,43121,50535,80535,87949,93656,1
22608,48316,58522,70924,81130,106838,1
77858,71729,53983,149587,131841,125712,1
97709,78600,25790,176309,123499,104390,1
77014,92354,93678,169368,170692,186032,1
82111,90075,38573,172186,120684,128648,1
35488,84444,76183,119932,111671,160627,1
53229,70754,3598,123983,56827,74352,0
62897,12626,2378,75523,65275,15004,0
54210,85459,42324,139669,96534,127783,1
10223,28703,9720,38926,19943,38423,0
48907,65930,45759,114837,94666,111689,1
18700,2687,39732,21387,58432,42419,0
14186,55813,63219,69999,77405,119032,1
84530,16795,19564,101325,104094,36359,0
31325,91542,2095,122867,33420,93637,0
73845,91631,81471,165476,155316,173102,1
50392,87684,6127,138076,56519,93811,0
90208,86551,36626,176759,126834,123177,1
81401,76513,51218,157914,132619,127731,1
75941,25660,29313,101601,105254,54973,0
62527,89388,32785,151915,95312,122173,1
37305,85697,29869,123002,67174,115566,0
5706,76527,25544,82233,31250,102071,0
8478,49270,81735,57748,90213,131005,0
85281,78634,60326,163915,145607,138960,1
32758,44827,10342,77585,43100,55169,0
792,45048,86251,45840,87043,131299,0
44058,97033,88300,141091,132358,185333,1
64912,8992,49078,73904,113990,58070,0
18146,54214,15710,72360,33856,69924,0
17447,35354,32991,52801,50438,68345,1
95813,55251,34836,151064,130649,90087,0
97057,75152,69802,172209,166859,144954,1
21162,3602,69086,24764,90248,72688,0
41124,98886,19625,140010,60749,118511,0
81353,88641,47102,169994,128455,135743,1
90272,38424,28284,128696,118556,66708,0
46834,98559,6692,145393,53526,105251,0
19686,78064,4616,97750,24302,82680,0
80940,28669,69247,109609,150187,97916,1
21536,42856,6273,64392,27809,49129,0
39290,16264,40604,55554,79894,56868,1
41078,74573,67547,115651,108625,142120,1
50649,35701,74689,86350,125338,110390,1
1677,25739,68286,27416,69963,94025,0
40974,56002,31033,96976,72007,87035,1
17024,57406,75065,74430,92089,132471,0
27844,93947,32447,121791,60291,126394,0
65751,66912,23689,132663,89440,90601,1
55783,49443,156,105226,55939,49599,0
92305,61098,75290,153403,167595,136388,1
58172,94592,55575,152764,113747,150167,1
37385,26897,84387,64282,121772,111284,0
25460,70664,36178,96124,61638,106842,0
11680,69038,62938,80718,74618,131976,1
56849,84782,90482,141631,147331,175264,1
20350,73869,8800,94219,29150,82669,0
57682,45089,68980,102771,126662,114069,1
10422,6543,71211,16965,81633,77754,0
57318,31047,64669,88365,121987,95716,1
96790,27608,52300,124398,149090,79908,0
40555,28880,97293,69435,137848,126173,0
29214,87589,19477,116803,48691,107066,0
93458,28735,22232,122193,115690,50967,0
19537,28944,7544,48481,27081,36488,0
65182,46487,97444,111669,162626,143931,1
2672,58659,19518,61331,22190,78177,0
80189,43721,59145,123910,139334,102866,1
35019,4883,20606,39902,55625,25489,0
71107,66076,32060,137183,103167,98136,1
71492,96932,86708,168424,158200,183640,1
62642,66068,64791,128710,127433,130859,1
24161,20573,59097,44734,83258,79670,0
86593,70144,94969,156737,181562,165113,1
81330,62889,73961,144219,155291,136850,1
31957,36370,10201,68327,42158,46571,1
77160,35242,22789,112402,99949,58031,0
41159,46227,29827,87386,70986,76054,1
27783,99100,75626,126883,103409,174726,1
63881,59922,23867,123803,87748,83789,1
74835,17012,85690,91847,160525,102702,1
20221,89912,18838,110133,39059,108750,0
61632,52805,40923,114437,102555,93728,1
17721,74474,72971,92195,90692,147445,1
45391,49239,736,94630,46127,49975,0
25114,53222,50402,78336,75516,103624,1
81355,83199,16344,164554,97699,99543,1
21205,39926,94749,61131,115954,134675,0
97610,17310,13323,114920,110933,30633,0
45452,84128,80588,129580,126040,164716,1
21569,35630,80950,57199,102519,116580,0
98081,90563,32662,188644,130743,123225,1
98680,97301,20508,195981,119188,117809,1
13457,20353,63976,33810,77433,84329,0
91156,12338,3577,103494,94733,15915,0
20350,15029,85670,35379,106020,100699,0
36778,83589,71000,120367,107778,154589,1
65150,36090,33071,101240,98221,69161,1
33496,88428,5496,121924,38992,93924,0
99698,44703,4509,144401,104207,49212,0
2219,65494,10029,67713,12248,75523,0
53869,83640,45332,137509,99201,128972,1
53130,36149,87595,89279,140725,123744,1
681,5531,80041,6212,80722,85572,0
16956,37232,50853,54188,67809,88085,1
33375,65211,27587,98586,60962,92798,0
51975,5171,86527,57146,138502,91698,0
84764,41361,28708,126125,113472,70069,0
45230,12455,40217,57685,85447,52672,1
99435,23427,10276,122862,109711,33703,0
58125,41247,27441,99372,85566,68688,1
51191,79895,2534,131086,53725,82429,0
47659,24584,62284,72243,109943,86868,1
45353,7112,89300,52465,134653,96412,0
84223,87305,70582,171528,154805,157887,1
82019,57388,84206,139407,166225,141594,1
44287,35760,3927,80047,48214,39687,0
48400,14386,31371,62786,79771,45757,0
56838,56873,41139,113711,97977,98012,1
30511,52666,26812,83177,57323,79478,1
81166,72456,50357,153622,131523,122813,1
54,6284,70077,6338,70131,76361,0
79516,97399,3341,176915,82857,100740,0
54923,45111,92994,100034,147917,138105,1
54761,2217,40682,56978,95443,42899,0
13613,12770,42090,26383,55703,54860,0
62995,28659,44406,91654,107401,73065,1
13134,18890,24773,32024,37907,43663,1
2501,58981,7186,61482,9687,66167,0
25823,5074,85237,30897,111060,90311,0
92249,8845,16269,101094,108518,25114,0
24253,67206,87468,91459,111721,154674,1
72669,48706,39933,121375,112602,88639,1
73592,88972,29827,162564,103419,118799,1
19411,72983,45523,92394,64934,118506,0
4354,3819,26799,8173,31153,30618,0
57899,82016,31218,139915,89117,113234,1
8786,48710,38333,57496,47119,87043,0
86838,25653,65369,112491,152207,91022,1
79369,35628,70687,114997,150056,106315,1
27267,53787,49916,81054,77183,103703,1
77454,33674,52308,111128,129762,85982,1
60131,79275,8859,139406,68990,88134,0
90899,82813,46884,173712,137783,129697,1
70795,6172,48130,76967,118925,54302,0
96195,65927,99545,162122,195740,165472,1
21968,26260,71692,48228,93660,97952,0
29782,35097,23047,64879,52829,58144,1
92312,88572,84418,180884,176730,172990,1
37407,1560,70577,38967,107984,72137,0
93265,60719,45872,153984,139137,106591,1
63600,58352,25323,121952,88923,83675,1
20289,88242,45314,108531,65603,133556,0
42131,37204,49097,79335,91228,86301,1
2277,9286,40922,11563,43199,50208,0
96398,78086,74127,174484,170525,152213,1
86992,89550,68955,176542,155947,158505,1
15218,31997,69515,47215,84733,101512,0
68826,73524,19208,142350,88034,92732,1
43135,26760,16534,69895,59669,43294,1
31987,98975,55185,130962,87172,154160,0
72699,77428,68757,150127,141456,146185,1
15259,73730,52311,88989,67570,126041,0
82012,66837,15788,148849,97800,82625,1
69104,61144,50470,130248,119574,111614,1
24330,88088,43658,112418,67988,131746,0
33310,54505,20591,87815,53901,75096,0
88311,31158,71093,119469,159404,102251,1
91114,8059,45801,99173,136915,53860,0
26226,40272,30476,66498,56702,70748,1
3580,85230,24620,88810,28200,109850,0
14780,97017,21748,111797,36528,118765,0
69270,38028,92533,107298,161803,130561,1
7572,80624,80885,88196,88457,161509,1
86089,85803,77989,171892,164078,163792,1
37184,25996,4022,63180,41206,30018,0
48504,14246,36143,62750,84647,50389,1
6988,54392,75091,61380,82079,129483,0
48730,6286,63584,55016,112314,69870,0
30589,1871,25251,32460,55840,27122,0
85248,86178,4567,171426,89815,90745,1
7826,4929,8526,12755,16352,13455,1
59325,38699,65585,98024,124910,104284,1
98564,96182,55110,194746,153674,151292,1
54314,99609,73519,153923,127833,173128,1
23017,65722,5158,88739,28175,70880,0
18221,73140,83560,91361,101781,156700,1
77616,82322,22351,159938,99967,104673,1
58358,31167,76344,89525,134702,107511,1
45619,33832,6807,79451,52426,40639,0
93688,2429,94774,96117,188462,97203,1
10527,52547,44577,63074,55104,97124,1
96058,89310,63412,185368,159470,152722,1
28294,81158,23671,109452,51965,104829,0
37453,34826,98690,72279,136143,133516,0
79511,27145,63842,106656,143353,90987,1
82031,16618,68178,98649,150209,84796,1
21977,69565,64370,91542,86347,133935,1
60973,75938,58001,136911,118974,133939,1
41700,47700,14489,89400,56189,62189,1
65109,36108,47746,101217,112855,83854,1
79471,15024,34454,94495,113925,49478,0
45373,60089,44568,105462,89941,104657,1
56103,4688,87603,60791,143706,92291,0
67098,2603,15026,69701,82124,17629,0
99235,54932,90627,154167,189862,145559,1
8101,12317,583,20418,8684,12900,0
60651,87886,3794,148537,64445,91680,0
77090,44768,96494,121858,173584,141262,1
90277,51682,87716,141959,177993,139398,1
27820,38758,75102,66578,102922,113860,0
69044,24390,98226,93434,167270,122616,0
58745,82938,88713,141683,147458,171651,1
51979,23781,93935,75760,145914,117716,0
56964,937,35237,57901,92201,36174,0
28925,93242,22403,122167,51328,115645,0
73602,30937,9527,104539,83129,40464,0
66293,40232,45716,106525,112009,85948,1
56819,68469,10176,125288,66995,78645,0
33855,38615,94723,72470,128578,133338,0
13539,4809,47594,18348,61133,52403,0
60731,83059,28124,143790,88855,111183,1
26426,99267,35415,125693,61841,134682,0
76554,58961,46781,135515,123335,105742,1
18397,52210,30358,70607,48755,82568,0
97622,67936,11491,165558,109113,79427,0
19789,94896,17497,114685,37286,112393,0
25243,89041,21431,114284,46674,110472,0
18575,76514,31802,95089,50377,108316,0
30725,14382,77864,45107,108589,92246,0
6150,6539,58189,12689,64339,64728,0
44393,96381,90756,140774,135149,187137,1
52050,6944,9945,58994,61995,16889,0
84958,66240,985,151198,85943,67225,0
46803,99576,84644,146379,131447,184220,1
69562,4320,37227,73882,106789,41547,0
17432,41209,81057,58641,98489,122266,0
97507,73292,67503,170799,165010,140795,1
72247,41587,18476,113834,90723,60063,0
37975,36247,87741,74222,125716,123988,0
98534,56453,1817,154987,100351,58270,0
6068,49792,12315,55860,18383,62107,0
51128,98574,1540,149702,52668,100114,0
97923,71990,18536,169913,116459,90526,0
35784,3284,83604,39068,119388,86888,0
77094,40645,23146,117739,100240,63791,0
50470,33672,13228,84142,63698,46900,0
95183,50665,82504,145848,177687,133169,1
97952,82127,48347,180079,146299,130474,1
79805,10192,13996,89997,93801,24188,0
76938,64854,15824,141792,92762,80678,1
66651,86154,77743,152805,144394,163897,1
50212,7526,62613,57738,112825,70139,0
41001,19769,63155,60770,104156,82924,0
38918,4470,85748,43388,124666,90218,0
10853,27870,94467,38723,105320,122337,0
75350,54676,28269,130026,103619,82945,1
69259,1406,47253,70665,116512,48659,0
53366,26611,29330,79977,82696,55941,1
28375,48412,91595,76787,119970,140007,0
83784,21964,59124,105748,142908,81088,0
74738,70636,35588,145374,110326,106224,1
93674,77384,33915,171058,127589,111299,1
13459,55238,332,68697,13791,55570,0
90587,22119,37660,112706,128247,59779,0
75641,75280,25821,150921,101462,101101,1
41371,31544,38558,72915,79929,70102,1
5258,26519,19637,31777,24895,46156,0
3479,54357,98478,57836,101957,152835,0
78326,12427,49008,90753,127334,61435,0
82086,84386,37658,166472,119744,122044,1
44311,86055,10899,130366,55210,96954,0
81208,11122,20013,92330,101221,31135,0
84208,93370,67077,177578,151285,160447,1
22194,82521,59462,104715,81656,141983,0
53019,26165,54402,79184,107421,80567,1
46834,10826,89670,57660,136504,100496,0
30984,95109,19159,126093,50143,114268,0
48908,52873,28512,101781,77420,81385,1
70498,42051,10483,112549,80981,52534,0
36031,49104,450,85135,36481,49554,0
89549,22422,24517,111971,114066,46939,0
53348,78781,40984,132129,94332,119765,1
4022,14931,99468,18953,103490,114399,0
91695,97782,60953,189477,152648,158735,1
92176,36918,28796,129094,120972,65714,0
69256,44104,90153,113360,159409,134257,1
36330,38687,13490,75017,49820,52177,1
14219,76781,17255,91000,31474,94036,0
46631,81419,2087,128050,48718,83506,0
23728,39063,58687,62791,82415,97750,1
20735,99496,36596,120231,57331,136092,0
65636,34963,82458,100599,148094,117421,1
489,24725,61836,25214,62325,86561,0
49369,67456,25748,116825,75117,93204,1
69741,37284,59462,107025,129203,96746,1
12118,88175,61132,100293,73250,149307,0
37423,92811,53327,130234,90750,146138,0
82536,23652,68738,106188,151274,92390,1
82283,43212,59344,125495,141627,102556,1
1585,40087,17959,41672,19544,58046,0
68460,71733,16449,140193,84909,88182,1
93254,60752,25561,154006,118815,86313,0
1505,59376,67403,60881,68908,126779,0
98939,12254,73313,111193,172252,85567,0
44813,84263,94302,129076,139115,178565,1
15033,15857,94203,30890,109236,110060,0
36079,52797,46897,88876,82976,99694,1
11154,60979,31131,72133,42285,92110,0
84813,2793,14752,87606,99565,17545,0
38681,57446,29225,96127,67906,86671,1
29798,96786,14034,126584,43832,110820,0
35598,94471,76321,130069,111919,170792,1
71342,99688,39335,171030,110677,139023,1
82234,98080,92732,180314,174966,190812,1
79518,10647,60103,90165,139621,70750,0
25377,12939,32422,38316,57799,45361,1
7939,72551,77100,80490,85039,149651,1
79479,83541,33494,163020,112973,117035,1
40679,6804,27734,47483,68413,34538,0
12521,62766,36360,75287,48881,99126,0
19912,19248,12055,39160,31967,31303,1
33682,10428,72542,44110,106224,82970,0
71118,29347,27954,100465,99072,57301,0
63280,88713,74650,151993,137930,163363,1
76393,57934,687,134327,77080,58621,0
79685,41445,88500,121130,168185,129945,1
82459,41602,16876,124061,99335,58478,0
75935,47411,3300,123346,79235,50711,0
27969,55100,1726,83069,29695,56826,0
15789,14895,30934,30684,46723,45829,0
33540,93185,78039,126725,111579,171224,1
18631,30994,36280,49625,54911,67274,1
99079,33120,32516,132199,131595,65636,0
90056,86481,11213,176537,101269,97694,1
25837,63083,29421,88920,55258,92504,0
74698,1148,31374,75846,106072,32522,0
40994,46328,14089,87322,55083,60417,1
34030,9626,88269,43656,122299,97895,0
34482,39697,87625,74179,122107,127322,0
45968,54972,96437,100940,142405,151409,1
79146,94211,22677,173357,101823,116888,1
71787,5008,36299,76795,108086,41307,0
26461,91847,84031,118308,110492,175878,1
82886,73731,89,156617,82975,73820,0
98662,79727,11085,178389,109747,90812,0
16583,56118,59498,72701,76081,115616,1
34195,69375,47300,103570,81495,116675,1
60490,22205,62110,82695,122600,84315,1
82479,67717,25991,150196,108470,93708,1
69739,85377,50012,155116,119751,135389,1
46970,68222,54223,115192,101193,122445,1
69672,65492,53234,135164,122906,118726,1
57795,34552,93701,92347,151496,128253,0
12519,61782,72767,74301,85286,134549,1
85200,84880,97064,170080,182264,181944,1
83093,63987,44417,147080,127510,108404,1
28079,97701,16550,125780,44629,114251,0
67095,94843,92712,161938,159807,187555,1
93195,37659,76770,130854,169965,114429,1
87521,28429,41738,115950,129259,70167,0
30036,18433,40472,48469,70508,58905,1
78619,7884,18709,86503,97328,26593,0
74550,96195,81173,170745,155723,177368,1
94213,45912,49491,140125,143704,95403,1
19701,43667,16806,63368,36507,60473,0
59012,68256,33849,127268,92861,102105,1
48003,30106,34484,78109,82487,64590,1
29780,35,81146,29815,110926,81181,0
52592,60947,48655,113539,101247,109602,1
32026,27930,50208,59956,82234,78138,1
9438,76923,4527,86361,13965,81450,0
73066,15752,20269,88818,93335,36021,0
69119,27062,58825,96181,127944,85887,1
74991,3904,86891,78895,161882,90795,0
70395,2756,6030,73151,76425,8786,0
72199,53083,48397,125282,120596,101480,1
96823,92902,80946,189725,177769,173848,1
73636,48961,74750,122597,148386,123711,1
41695,70499,44497,112194,86192,114996,1
56895,90230,93309,147125,150204,183539,1
91493,71123,89668,162616,181161,160791,1
36785,72635,40403,109420,77188,113038,1
67081,20630,1278,87711,68359,21908,0
57394,41140,48901,98534,106295,90041,1
76195,31432,39836,107627,116031,71268,0
80851,10109,21249,90960,102100,31358,0
44874,84488,48143,129362,93017,132631,1
23849,58855,38429,82704,62278,97284,1
57958,6258,75539,64216,133497,81797,0
29500,37809,61519,67309,91019,99328,1
96981,28218,26348,125199,123329,54566,0
48049,9162,67047,57211,115096,76209,0
17524,79905,42771,97429,60295,122676,0
51284,55052,71580,106336,122864,126632,1
95652,24863,15590,120515,111242,40453,0
87979,63588,14315,151567,102294,77903,0
55508,8766,69219,64274,124727,77985,0
93977,44208,25187,138185,119164,69395,0
7175,98689,64562,105864,71737,163251,0
22587,22992,5699,45579,28286,28691,1
99279,24590,22781,123869,122060,47371,0
27510,60311,86668,87821,114178,146979,1
47283,13485,24477,60768,71760,37962,0
93272,53531,38221,146803,131493,91752,0
8549,15071,66927,23620,75476,81998,0
19222,52915,92656,72137,111878,145571,0
14501,95124,32769,109625,47270,127893,0
31963,68896,51042,100859,83005,119938,1
82040,33383,6234,115423,88274,39617,0
45849,91605,29270,137454,75119,120875,0
51558,17175,98297,68733,149855,115472,0
89567,98455,79382,188022,168949,177837,1
34616,94002,5423,128618,40039,99425,0
84362,69902,17831,154264,102193,87733,1
99716,96139,32699,195855,132415,128838,1
73406,70266,22967,143672,96373,93233,1
187,75121,31460,75308,31647,106581,0
62049,66047,421,128096,62470,66468,0
53524,61974,6425,115498,59949,68399,0
11037,6693,50820,17730,61857,57513,0
57512,92034,45979,149546,103491,138013,1
15896,31179,35372,47075,51268,66551,1
83179,20398,62482,103577,145661,82880,0
27463,91517,92612,118980,120075,184129,1
48256,20188,28903,68444,77159,49091,1
77054,39299,35301,116353,112355,74600,0
87587,54023,45819,141610,133406,99842,1
38086,71604,16202,109690,54288,87806,0
37319,22766,61064,60085,98383,83830,0
15572,93974,68407,109546,83979,162381,0
32636,2030,28346,34666,60982,30376,0
74970,38617,56617,113587,131587,95234,1
62257,68635,53792,130892,116049,122427,1
9294,842,70945,10136,80239,71787,0
38676,20367,32006,59043,70682,52373,1
34705,44850,99644,79555,134349,144494,0
97087,8779,91987,105866,189074,100766,1
56645,82654,2107,139299,58752,84761,0
83609,44104,70892,127713,154501,114996,1
87296,30699,80018,117995,167314,110717,1
14203,54131,11097,68334,25300,65228,0
40471,63249,34684,103720,75155,97933,1
53531,20747,65042,74278,118573,85789,1
39478,58227,73202,97705,112680,131429,1
81933,73596,21977,155529,103910,95573,1
21602,10376,53074,31978,74676,63450,0
94265,89059,58659,183324,152924,147718,1
71197,91694,44943,162891,116140,136637,1
48505,69164,36467,117669,84972,105631,1
3418,53495,56925,56913,60343,110420,0
92948,94797,76412,187745,169360,171209,1
16216,61164,49379,77380,65595,110543,1
46636,83511,66808,130147,113444,150319,1
17760,60120,31909,77880,49669,92029,0
23685,66206,57308,89891,80993,123514,1
87708,79325,28286,167033,115994,107611,1
44588,98134,86784,142722,131372,184918,1
98110,57692,46241,155802,144351,103933,1
67576,79486,58353,147062,125929,137839,1
8964,96431,93358,105395,102322,189789,1
91042,87835,42443,178877,133485,130278,1
78306,4480,97267,82786,175573,101747,0
40468,14121,4001,54589,44469,18122,0
85200,1923,69418,87123,154618,71341,0
3262,97032,59134,100294,62396,156166,0
42801,30953,84531,73754,127332,115484,0
8775,60987,5460,69762,14235,66447,0
52485,41904,72543,94389,125028,114447,1
21810,45259,16930,67069,38740,62189,0
72001,30479,78272,102480,150273,108751,1
90853,66845,99104,157698,189957,165949,1
88344,3834,69403,92178,157747,73237,0
67030,87528,41563,154558,108593,129091,1
9702,38386,83958,48088,93660,122344,0
40022,66075,41135,106097,81157,107210,1
59285,54515,55332,113800,114617,109847,1
70995,9750,20372,80745,91367,30122,0
4289,67449,98602,71738,102891,166051,0
83251,20954,29015,104205,112266,49969,0
62746,87752,78801,150498,141547,166553,1
27285,55885,60099,83170,87384,115984,1
36659,66042,74416,102701,111075,140458,1
39991,78965,62015,118956,102006,140980,1
34486,46297,95917,80783,130403,142214,0
17504,78433,86055,95937,103559,164488,1
16012,69505,80978,85517,96990,150483,1
11555,48041,7338,59596,18893,55379,0
95111,94647,49111,189758,144222,143758,1
14952,29823,81699,44775,96651,111522,0
85722,16859,46179,102581,131901,63038,0
84486,53076,38246,137562,122732,91322,1
88861,66787,20718,155648,109579,87505,0
90076,98343,35066,188419,125142,133409,1
8619,21571,75594,30190,84213,97165,0
97150,49286,82080,146436,179230,131366,1
55808,91179,65509,146987,121317,156688,1
48846,88471,33863,137317,82709,122334,0
49390,28859,94386,78249,143776,123245,0
22458,9386,2567,31844,25025,11953,0
68245,65350,582,133595,68827,65932,0
37052,2471,88878,39523,125930,91349,0
87124,49082,54212,136206,141336,103294,1
45192,42676,4092,87868,49284,46768,1
30293,41458,22287,71751,52580,63745,1
81154,13449,89142,94603,170296,102591,1
30210,37321,33642,67531,63852,70963,1
47366,71270,92302,118636,139668,163572,1
86404,67975,56,154379,86460,68031,0
47441,3204,86855,50645,134296,90059,0
90590,3055,97909,93645,188499,100964,0
69374,79735,19341,149109,88715,99076,1
5964,2860,28218,8824,34182,31078,0
64137,54362,1615,118499,65752,55977,0
33657,61193,60366,94850,94023,121559,1
29443,96044,35894,125487,65337,131938,0
10158,34076,50792,44234,60950,84868,0
6985,78533,46439,85518,53424,124972,0
23043,41548,20761,64591,43804,62309,1
72280,9396,63103,81676,135383,72499,1
41565,16185,63893,57750,105458,80078,0
14699,51872,75640,66571,90339,127512,0
2696,81865,12980,84561,15676,94845,0
22298,61009,90379,83307,112677,151388,0
50393,3538,9080,53931,59473,12618,0
66962,74341,80146,141303,147108,154487,1
2743,68850,34376,71593,37119,103226,0
32136,44262,73336,76398,105472,117598,1
55011,89711,49053,144722,104064,138764,1
46242,12127,59284,58369,105526,71411,0
11555,61814,78260,73369,89815,140074,0
73503,68003,1047,141506,74550,69050,0
98264,92479,54712,190743,152976,147191,1
73007,23677,5630,96684,78637,29307,0
2767,44341,41887,47108,44654,86228,1
5127,56459,92370,61586,97497,148829,0
80353,61489,78622,141842,158975,140111,1
50538,25885,67897,76423,118435,93782,1
62249,84255,14852,146504,77101,99107,0
35623,92241,62022,127864,97645,154263,1
76663,22028,13692,98691,90355,35720,0
3834,14770,8353,18604,12187,23123,0
6485,915,89083,7400,95568,89998,0
54835,11801,20744,66636,75579,32545,0
87636,70120,54948,157756,142584,125068,1
2218,9894,63780,12112,65998,73674,0
21934,69860,24421,91794,46355,94281,0
38680,40459,71478,79139,110158,111937,1
5049,4737,20333,9786,25382,25070,0
5138,70310,29649,75448,34787,99959,0
46937,13504,43041,60441,89978,56545,1
26995,39211,16040,66206,43035,55251,1
46674,17248,56773,63922,103447,74021,1
91774,47758,85012,139532,176786,132770,1
88169,12680,92163,100849,180332,104843,1
15619,2940,79090,18559,94709,82030,0
94769,10146,31250,104915,126019,41396,0
43101,58159,13749,101260,56850,71908,0
64372,16454,85064,80826,149436,101518,0
50045,83354,79531,133399,129576,162885,1
20679,86693,63168,107372,83847,149861,0
81151,4661,26854,85812,108005,31515,0
92733,44722,7264,137455,99997,51986,0
56668,71555,91969,128223,148637,163524,1
24026,41689,64427,65715,88453,106116,1
28513,31031,83210,59544,111723,114241,0
8972,26641,37338,35613,46310,63979,0
47947,25822,90710,73769,138657,116532,0
16113,82669,45646,98782,61759,128315,0
3560,19460,53237,23020,56797,72697,0
15125,74442,55576,89567,70701,130018,0
25330,95788,38963,121118,64293,134751,0
63170,40080,91988,103250,155158,132068,1
37396,92439,99165,129835,136561,191604,1
24542,86337,7962,110879,32504,94299,0
20934,40111,14767,61045,35701,54878,0
82175,62482,21017,144657,103192,83499,1
39869,51370,62770,91239,102639,114140,1
43580,19340,76231,62920,119811,95571,0
5304,21145,44803,26449,50107,65948,0
26667,37986,71988,64653,98655,109974,0
57779,77072,3681,134851,61460,80753,0
99266,16634,74826,115900,174092,91460,0
53196,36924,14459,90120,67655,51383,0
55072,39057,99781,94129,154853,138838,0
51707,4815,44062,56522,95769,48877,0
62032,4046,55435,66078,117467,59481,0
22430,63542,86818,85972,109248,150360,0
66092,69212,31541,135304,97633,100753,1
68767,27434,77256,96201,146023,104690,1
21703,81216,40196,102919,61899,121412,0
22996,21146,34436,44142,57432,55582,1
8777,77716,90340,86493,99117,168056,0
87446,71288,13106,158734,100552,84394,0
10612,87178,73998,97790,84610,161176,0
69396,45069,88149,114465,157545,133218,1
91165,22137,27383,113302,118548,49520,0
24352,96646,10901,120998,35253,107547,0
97674,4237,12338,101911,110012,16575,0
79119,51411,62430,130530,141549,113841,1
8687,77563,99676,86250,108363,177239,0
82878,6297,44870,89175,127748,51167,0
28261,26053,13290,54314,41551,39343,1
50930,36203,5470,87133,56400,41673,0
47434,73143,75776,120577,123210,148919,1
12273,42721,63079,54994,75352,105800,0
4130,45118,31070,49248,35200,76188,0
74615,58006,96920,132621,171535,154926,1
82400,75335,71582,157735,153982,146917,1
29393,63997,39808,93390,69201,103805,1
1635,151,92764,1786,94399,92915,0
40464,83282,10169,123746,50633,93451,0
66611,47473,18156,114084,84767,65629,0
92610,91052,64042,183662,156652,155094,1
24082,24156,44969,48238,69051,69125,1
20706,48409,97817,69115,118523,146226,0
22419,94679,48531,117098,70950,143210,0
87572,64690,63510,152262,151082,128200,1
55787,28422,97908,84209,153695,126330,0
68913,78626,39856,147539,108769,118482,1
19078,89808,15360,108886,34438,105168,0
3216,24836,57407,28052,60623,82243,0
48577,18604,85127,67181,133704,103731,0
49293,8926,71205,58219,120498,80131,0
20923,47102,59326,68025,80249,106428,1
57435,3642,17983,61077,75418,21625,0
39690,92574,39554,132264,79244,132128,0
99974,24119,89958,124093,189932,114077,1
84484,86203,56387,170687,140871,142590,1
69694,53982,52910,123676,122604,106892,1
53970,56243,81623,110213,135593,137866,1
99287,43533,63235,142820,162522,106768,1
723,91117,8479,91840,9202,99596,0
66654,99615,47798,166269,114452,147413,1
61549,28339,70346,89888,131895,98685,1
6822,80603,47475,87425,54297,128078,0
77391,30471,66574,107862,143965,97045,1
83612,92515,40983,176127,124595,133498,1
39142,18633,20274,57775,59416,38907,0
2912,52760,29918,55672,32830,82678,0
94097,71173,26641,165270,120738,97814,1
32078,59921,91928,91999,124006,151849,1
57294,21553,52448,78847,109742,74001,1
27085,57585,20979,84670,48064,78564,0
24386,79518,10071,103904,34457,89589,0
64342,84177,56786,148519,121128,140963,1
67062,9703,31174,76765,98236,40877,0
65975,22137,59991,88112,125966,82128,1
65875,41930,50812,107805,116687,92742,1
65629,66437,91440,132066,157069,157877,1
30438,895,52271,31333,82709,53166,0
3178,15414,52204,18592,55382,67618,0
48066,74735,88506,122801,136572,163241,1
32431,21468,76626,53899,109057,98094,0
49717,37363,85295,87080,135012,122658,1
3032,86532,77224,89564,80256,163756,0
33924,32919,62348,66843,96272,95267,1
12969,33168,54143,46137,67112,87311,0
19318,94387,1347,113705,20665,95734,0
50290,48089,52409,98379,102699,100498,1
25515,71168,15205,96683,40720,86373,0
74328,39060,39744,113388,114072,78804,1
86128,4290,66820,90418,152948,71110,0
20942,99350,6010,120292,26952,105360,0
69986,34466,53102,104452,123088,87568,1
10635,77624,9348,88259,19983,86972,0
84831,71300,95327,156131,180158,166627,1
3789,57467,33958,61256,37747,91425,0
83602,29336,65743,112938,149345,95079,1
46173,9784,11413,55957,57586,21197,0
38964,29826,94482,68790,133446,124308,0
52875,3294,75561,56169,128436,78855,0
59153,9167,65016,68320,124169,74183,1
48833,83256,5986,132089,54819,89242,0
94921,34632,16194,129553,111115,50826,0
456,71567,77381,72023,77837,148948,0
3960,72582,75518,76542,79478,148100,1
81253,54389,30770,135642,112023,85159,1
23256,1480,67218,24736,90474,68698,0
78491,99779,4258,178270,82749,104037,0
99178,47937,6198,147115,105376,54135,0
82896,51266,49481,134162,132377,100747,1
34011,41336,50688,75347,84699,92024,1
89515,17970,66460,107485,155975,84430,0
8451,57019,1355,65470,9806,58374,0
13135,83902,48117,97037,61252,132019,0
76910,44327,53225,121237,130135,97552,1
91410,29630,37210,121040,128620,66840,0
81064,39714,31814,120778,112878,71528,0
72327,21845,96238,94172,168565,118083,0
93125,67048,85479,160173,178604,152527,1
13394,89013,54733,102407,68127,143746,0
37019,84274,25162,121293,62181,109436,0
69649,77637,33696,147286,103345,111333,1
29074,38191,78967,67265,108041,117158,0
95014,73876,19264,168890,114278,93140,0
82174,13891,27962,96065,110136,41853,0
46320,1266,4104,47586,50424,5370,0
92985,69879,88710,162864,181695,158589,1
23130,94835,6467,117965,29597,101302,0
32783,261,95170,33044,127953,95431,0
56896,73244,5691,130140,62587,78935,0
17746,45109,49435,62855,67181,94544,1
5825,75392,3056,81217,8881,78448,0
81981,36135,47857,118116,129838,83992,1
26380,2072,36260,28452,62640,38332,0
17870,53285,19724,71155,37594,73009,0
52796,53023,74032,105819,126828,127055,1
63300,16582,36204,79882,99504,52786,0
26429,53205,41462,79634,67891,94667,1
35057,72655,59312,107712,94369,131967,1
30003,31063,53996,61066,83999,85059,1
46886,17828,48048,64714,94934,65876,1
83142,27824,53321,110966,136463,81145,0
57067,12878,64204,69945,121271,77082,1
87340,98020,61177,185360,148517,159197,1
3167,20067,95064,23234,98231,115131,0
74649,93545,51651,168194,126300,145196,1
24944,59707,66541,84651,91485,126248,1
35680,90707,21827,126387,57507,112534,0
5807,7023,8672,12830,14479,15695,1
12347,9967,50981,22314,63328,60948,0
14476,3262,88262,17738,102738,91524,0
41690,5066,22885,46756,64575,27951,0
66384,31593,95547,97977,161931,127140,1
34150,64975,56477,99125,90627,121452,1
865,56839,14720,57704,15585,71559,0
85742,96059,16604,181801,102346,112663,1
28491,1311,40597,29802,69088,41908,0
72772,98834,28783,171606,101555,127617,1
97881,97854,7094,195735,104975,104948,1
952,16042,40067,16994,41019,56109,0
82928,63328,50013,146256,132941,113341,1
75638,35154,82009,110792,157647,117163,1
9341,33851,20548,43192,29889,54399,0
48663,39076,68487,87739,117150,107563,1
3402,5778,26957,9180,30359,32735,0
50202,75099,41191,125301,91393,116290,1
21290,29687,6758,50977,28048,36445,0
69153,28095,23215,97248,92368,51310,0
65238,66518,1101,131756,66339,67619,0
85977,89904,30391,175881,116368,120295,1
33302,69254,90953,102556,124255,160207,1
96255,90525,74109,186780,170364,164634,1
39446,10255,54475,49701,93921,64730,0
74112,285,79663,74397,153775,79948,0
54356,11028,71659,65384,126015,82687,0
4505,14553,49634,19058,54139,64187,0
54940,88622,4595,143562,59535,93217,0
74672,11061,1454,85733,76126,12515,0
73423,56297,63085,129720,136508,119382,1
76758,10791,93978,87549,170736,104769,0
67435,62127,94714,129562,162149,156841,1
43726,67885,57143,111611,100869,125028,1
70530,84087,67259,154617,137789,151346,1
92163,48225,58737,140388,150900,106962,1
17050,45515,7188,62565,24238,52703,0
17443,95827,60391,113270,77834,156218,0
52656,31701,13849,84357,66505,45550,0
45849,1163,281,47012,46130,1444,0
35158,98414,60068,133572,95226,158482,0
88679,2686,8848,91365,97527,11534,0
18426,32120,26383,50546,44809,58503,1
1653,63786,1817,65439,3470,65603,0
79040,22003,63565,101043,142605,85568,1
88673,56089,4108,144762,92781,60197,0
38232,58180,43396,96412,81628,101576,1
78240,97584,37485,175824,115725,135069,1
57776,62609,19938,120385,77714,82547,1
32119,38562,857,70681,32976,39419,0
79281,3688,81578,82969,160859,85266,1
38531,59996,94625,98527,133156,154621,1
36559,3606,55682,40165,92241,59288,0
54707,69619,58420,124326,113127,128039,1
53530,39502,49793,93032,103323,89295,1
55777,55986,50362,111763,106139,106348,1
17713,77926,81113,95639,98826,159039,1
10725,75135,47500,85860,58225,122635,0
22491,29438,3866,51929,26357,33304,0
21474,20893,50544,42367,72018,71437,0
27823,72814,75437,100637,103260,148251,1
65620,80098,39701,145718,105321,119799,1
79510,86816,82607,166326,162117,169423,1
76285,25332,12703,101617,88988,38035,0
88691,59440,1938,148131,90629,61378,0
74610,89178,11603,163788,86213,100781,0
63304,35900,96872,99204,160176,132772,1
88813,55093,54708,143906,143521,109801,1
3413,35496,99637,38909,103050,135133,0
27060,66020,67892,93080,94952,133912,1
99492,78858,47397,178350,146889,126255,1
27498,47513,89753,75011,117251,137266,0
40630,92667,18815,133297,59445,111482,0
89688,23740,94195,113428,183883,117935,1
53164,51112,87181,104276,140345,138293,1
63742,42818,53367,106560,117109,96185,1
99413,74682,90267,174095,189680,164949,1
34715,32803,6397,67518,41112,39200,1
88051,17074,66648,105125,154699,83722,0
18843,18359,95259,37202,114102,113618,0
28339,84266,20158,112605,48497,104424,0
3799,35993,53025,39792,56824,89018,0
93915,79562,38051,173477,131966,117613,1
79427,17141,78599,96568,158026,95740,1
15994,72975,37615,88969,53609,110590,0
80534,71189,81135,151723,161669,152324,1
87626,65142,96106,152768,183732,161248,1
35068,2554,1894,37622,36962,4448,0
54194,16990,53113,71184,107307,70103,1
58011,61317,42744,119328,100755,104061,1
86794,10051,78704,96845,165498,88755,1
86864,9438,39412,96302,126276,48850,0
48702,58927,92810,107629,141512,151737,1
49143,56580,833,105723,49976,57413,0
65242,38633,83473,103875,148715,122106,1
93363,59079,90691,152442,184054,149770,1
5951,50432,74139,56383,80090,124571,0
29546,37248,25580,66794,55126,62828,1
55625,31649,64443,87274,120068,96092,1
60342,37557,99361,97899,159703,136918,0
80014,37521,24836,117535,104850,62357,0
16347,19595,73677,35942,90024,93272,0
68602,7550,52598,76152,121200,60148,0
80008,78473,66560,158481,146568,145033,1
23403,87926,45990,111329,69393,133916,0
99275,56349,1062,155624,100337,57411,0
38022,98907,63959,136929,101981,162866,1
43730,56256,75837,99986,119567,132093,1
86753,98714,28063,185467,114816,126777,1
6379,6951,55094,13330,61473,62045,0
26448,37138,51097,63586,77545,88235,1
26766,45723,17046,72489,43812,62769,0
15013,44512,45226,59525,60239,89738,1
1028,29685,48652,30713,49680,78337,0
5722,20461,17650,26183,23372,38111,1
83999,99718,39286,183717,123285,139004,1
82646,95768,3922,178414,86568,99690,0
9477,76976,3960,86453,13437,80936,0
68127,96119,96980,164246,165107,193099,1
2889,79579,24195,82468,27084,103774,0
12504,99718,87869,112222,100373,187587,1
13363,95112,77123,108475,90486,172235,0
16552,75439,1200,91991,17752,76639,0
69190,95279,87400,164469,156590,182679,1
81090,58132,68279,139222,149369,126411,1
16613,79291,62304,95904,78917,141595,0
271,26961,56039,27232,56310,83000,0
15291,4291,85029,19582,100320,89320,0
65048,59758,42428,124806,107476,102186,1
49167,32400,88277,81567,137444,120677,0
85708,18071,76278,103779,161986,94349,1
34965,20537,98454,55502,133419,118991,0
6719,11227,15235,17946,21954,26462,1
60588,12266,49935,72854,110523,62201,1
469,18101,93065,18570,93534,111166,0
94406,35165,83183,129571,177589,118348,1
73340,67223,20526,140563,93866,87749,1
74146,23513,18398,97659,92544,41911,0
3596,21420,3805,25016,7401,25225,0
96599,28513,13937,125112,110536,42450,0
5968,18353,13181,24321,19149,31534,1
79731,7202,96229,86933,175960,103431,0
37141,55790,72788,92931,109929,128578,1
72602,68881,73258,141483,145860,142139,1
26974,78624,76060,105598,103034,154684,1
98366,93084,68441,191450,166807,161525,1
38826,82727,40337,121553,79163,123064,0
44642,12875,43728,57517,88370,56603,1
61640,54636,74782,116276,136422,129418,1
18530,17444,28610,35974,47140,46054,1
83013,8265,50946,91278,133959,59211,0
56317,54823,64118,111140,120435,118941,1
96557,16009,34741,112566,131298,50750,0
79906,7301,66551,87207,146457,73852,0
97142,5329,19829,102471,116971,25158,0
76991,69085,26320,146076,103311,95405,1
93858,63530,15318,157388,109176,78848,0
82130,9087,18538,91217,100668,27625,0
17277,40718,58755,57995,76032,99473,0
58561,49231,486,107792,59047,49717,0
56100,22810,20972,78910,77072,43782,0
80296,1872,36440,82168,116736,38312,0
64545,65739,93635,130284,158180,159374,1
15436,83511,26979,98947,42415,110490,0
50558,61187,56183,111745,106741,117370,1
31521,85473,71711,116994,103232,157184,1
41585,62232,78654,103817,120239,140886,1
71944,37537,3289,109481,75233,40826,0
538,55901,8521,56439,9059,64422,0
47271,35089,4714,82360,51985,39803,0
6620,86026,28541,92646,35161,114567,0
44121,47792,90749,91913,134870,138541,1
73010,36938,45826,109948,118836,82764,1
45054,7350,27934,52404,72988,35284,0
14432,77556,4305,91988,18737,81861,0
443,81282,11961,81725,12404,93243,0
69643,52344,58710,121987,128353,111054,1
45287,62761,40205,108048,85492,102966,1
56582,26275,18549,82857,75131,44824,0
40055,8284,59044,48339,99099,67328,0
65251,95887,36572,161138,101823,132459,1
37505,12585,5105,50090,42610,17690,0
34191,82239,9022,116430,43213,91261,0
57700,79289,67496,136989,125196,146785,1
80522,5717,5869,86239,86391,11586,0
5318,2923,46256,8241,51574,49179,0
26819,4986,6877,31805,33696,11863,0
41278,38293,28684,79571,69962,66977,1
81326,67742,26491,149068,107817,94233,1
86866,80747,76717,167613,163583,157464,1
4030,28198,88689,32228,92719,116887,0
19967,62141,74408,82108,94375,136549,1
30152,78573,39277,108725,69429,117850,0
62250,87110,66503,149360,128753,153613,1
89318,83518,71220,172836,160538,154738,1
88259,32839,99121,121098,187380,131960,1
48307,89778,51281,138085,99588,141059,1
34163,5678,15085,39841,49248,20763,0
39918,76025,5799,115943,45717,81824,0
43453,43131,85802,86584,129255,128933,1
40178,76991,23184,117169,63362,100175,0
14516,53235,61603,67751,76119,114838,1
46075,23452,54139,69527,100214,77591,1
49608,46184,73948,95792,123556,120132,1
59204,82512,40689,141716,99893,123201,1
68025,22512,20188,90537,88213,42700,0
43055,49306,46675,92361,89730,95981,1
52293,47983,36298,100276,88591,84281,1
36112,68742,83781,104854,119893,152523,1
79977,32180,46370,112157,126347,78550,0
67328,43548,74191,110876,141519,117739,1
12200,90137,132,102337,12332,90269,0
96058,83016,54292,179074,150350,137308,1
13114,23951,61994,37065,75108,85945,0
66783,38930,82111,105713,148894,121041,1
68432,63519,31873,131951,100305,95392,1
62734,97313,76598,160047,139332,173911,1
16871,20782,34663,37653,51534,55445,1
43418,29175,49423,72593,92841,78598,1
25200,72712,51401,97912,76601,124113,1
91939,63299,63857,155238,155796,127156,1
71658,12227,78236,83885,149894,90463,1
69011,22222,17012,91233,86023,39234,0
98136,43405,28214,141541,126350,71619,0
34811,25340,49852,60151,84663,75192,1
41675,14859,88337,56534,130012,103196,0
43219,67167,38390,110386,81609,105557,1
93080,61072,7394,154152,100474,68466,0
18106,14770,10277,32876,28383,25047,1
67657,82699,93017,150356,160674,175716,1
89759,78071,16584,167830,106343,94655,1
87216,32529,90485,119745,177701,123014,1
56982,50692,93264,107674,150246,143956,1
56051,64152,55873,120203,111924,120025,1
53904,61396,15769,115300,69673,77165,1
54243,46573,81225,100816,135468,127798,1
65054,95388,60472,160442,125526,155860,1
99306,5865,36540,105171,135846,42405,0
50578,55097,82375,105675,132953,137472,1
301,97724,17803,98025,18104,115527,0
41460,55993,83013,97453,124473,139006,1
22787,26309,49111,49096,71898,75420,0
47659,12175,13633,59834,61292,25808,0
41133,70799,48845,111932,89978,119644,1
83522,81401,34157,164923,117679,115558,1
98388,76082,23614,174470,122002,99696,1
12617,49826,79054,62443,91671,128880,0
75846,31883,15021,107729,90867,46904,0
17356,18760,7017,36116,24373,25777,1
56666,66238,63854,122904,120520,130092,1
74677,87066,38863,161743,113540,125929,1
67933,76183,35370,144116,103303,111553,1
69638,6616,78336,76254,147974,84952,0
55854,41167,49577,97021,105431,90744,1
20590,21618,62136,42208,82726,83754,0
40753,64226,56047,104979,96800,120273,1
44,83544,29836,83588,29880,113380,0
4749,32707,22810,37456,27559,55517,0
56291,66275,94681,122566,150972,160956,1
66260,71214,57118,137474,123378,128332,1
65279,88286,2486,153565,67765,90772,0
71251,40250,27496,111501,98747,67746,0
66370,91717,94409,158087,160779,186126,1
99606,67037,91956,166643,191562,158993,1
63771,35119,16132,98890,79903,51251,0
40353,71905,61300,112258,101653,133205,1
37570,11353,60117,48923,97687,71470,0
98354,57031,36082,155385,134436,93113,0
4995,17930,98965,22925,103960,116895,0
483,89258,33986,89741,34469,123244,0
4091,61259,56840,65350,60931,118099,0
66055,71515,95588,137570,161643,167103,1
75923,22832,29266,98755,105189,52098,0
59384,58129,71875,117513,131259,130004,1
51527,37340,42815,88867,94342,80155,1
34545,32774,96109,67319,130654,128883,0
18611,33909,5785,52520,24396,39694,0
18675,2849,17087,21524,35762,19936,1
23562,65122,64502,88684,88064,129624,1
7394,16421,74272,23815,81666,90693,0
72636,8852,11019,81488,83655,19871,0
96508,29758,52807,126266,149315,82565,0
5906,11737,67537,17643,73443,79274,0
72051,79117,16220,151168,88271,95337,1
88417,75846,60847,164263,149264,136693,1
87697,90205,64756,177902,152453,154961,1
28942,57200,98611,86142,127553,155811,0
49558,79273,59819,128831,109377,139092,1
51180,60032,7561,111212,58741,67593,0
39825,42075,92033,81900,131858,134108,0
38514,6446,12056,44960,50570,18502,0
28281,61025,89452,89306,117733,150477,0
90818,49907,7176,140725,97994,57083,0
72818,7230,98230,80048,171048,105460,0
23043,49540,76688,72583,99731,126228,0
13731,98062,4398,111793,18129,102460,0
72345,61457,73857,133802,146202,135314,1
87711,1012,49483,88723,137194,50495,0
41892,3441,17493,45333,59385,20934,0
21236,11138,45768,32374,67004,56906,0
94399,85177,32752,179576,127151,117929,1
60005,70227,4565,130232,64570,74792,0
28915,22947,38507,51862,67422,61454,1
52550,88331,20322,140881,72872,108653,0
43770,12421,31058,56191,74828,43479,0
23032,20873,22848,43905,45880,43721,1
27755,39598,49808,67353,77563,89406,1
48679,54213,26851,102892,75530,81064,1
11316,66183,67660,77499,78976,133843,1
81566,40240,78916,121806,160482,119156,1
18669,61444,24285,80113,42954,85729,0
41902,86022,87361,127924,129263,173383,1
21208,68524,47398,89732,68606,115922,1
64516,3802,86472,68318,150988,90274,0
91653,69488,42602,161141,134255,112090,1
3881,20421,84011,24302,87892,104432,0
93486,76813,37517,170299,131003,114330,1
99004,78840,96241,177844,195245,175081,1
18709,22497,8101,41206,26810,30598,1
56728,75411,65860,132139,122588,141271,1
18315,393,30251,18708,48566,30644,0
72849,12847,69654,85696,142503,82501,1
39245,47984,38908,87229,78153,86892,1
45303,15528,99553,60831,144856,115081,0
38722,79231,8760,117953,47482,87991,0
16781,29276,20734,46057,37515,50010,1
3734,55291,31915,59025,35649,87206,0
91462,26248,76524,117710,167986,102772,1
69246,32234,48307,101480,117553,80541,1
28332,78531,81001,106863,109333,159532,1
74777,25579,97279,100356,172056,122858,1
77517,26736,9761,104253,87278,36497,0
70921,1550,87908,72471,158829,89458,0
21957,73248,70831,95205,92788,144079,1
34714,81152,57814,115866,92528,138966,1
86730,28592,38363,115322,125093,66955,0
80951,33083,59428,114034,140379,92511,1
92022,85663,91364,177685,183386,177027,1
23900,67230,42479,91130,66379,109709,0
96288,7854,53785,104142,150073,61639,0
77570,91808,57381,169378,134951,149189,1
77045,79652,42937,156697,119982,122589,1
17869,42496,67614,60365,85483,110110,0
96347,96304,86370,192651,182717,182674,1
97021,13163,62443,110184,159464,75606,0
7925,21040,61308,28965,69233,82348,0
81668,80951,6088,162619,87756,87039,1
28441,35548,47232,63989,75673,82780,1
78558,52535,74125,131093,152683,126660,1
30259,90866,93013,121125,123272,183879,1
1287,52810,55217,54097,56504,108027,0
39319,83729,76085,123048,115404,159814,1
57508,62045,34813,119553,92321,96858,1
4755,62237,68139,66992,72894,130376,0
68207,82512,48828,150719,117035,131340,1
27946,74124,98034,102070,125980,172158,1
56436,40382,14260,96818,70696,54642,0
78098,74824,6676,152922,84774,81500,1
22643,83372,77575,106015,100218,160947,1
78827,28821,80810,107648,159637,109631,1
85437,25266,18057,110703,103494,43323,0
37021,46294,20145,83315,57166,66439,1
90172,64,72574,90236,162746,72638,0
15414,77733,42391,93147,57805,120124,0
79158,67000,48145,146158,127303,115145,1
84498,16009,73741,100507,158239,89750,1
28000,5151,97481,33151,125481,102632,0
25610,52442,78039,78052,103649,130481,1
96911,72533,82709,169444,179620,155242,1
98228,65919,9424,164147,107652,75343,0
10620,49086,5806,59706,16426,54892,0
9645,35055,86197,44700,95842,121252,0
31670,6414,48849,38084,80519,55263,0
22698,65030,64476,87728,87174,129506,1
23728,64907,16529,88635,40257,81436,0
83307,57242,7749,140549,91056,64991,0
91373,96512,37509,187885,128882,134021,1
78737,45874,3900,124611,82637,49774,0
50679,49500,53909,100179,104588,103409,1
7509,52288,73025,59797,80534,125313,0
10177,40274,55204,50451,65381,95478,0
10124,83987,16883,94111,27007,100870,0
5220,95184,64205,100404,69425,159389,0
78915,99250,65933,178165,144848,165183,1
84985,95584,38145,180569,123130,133729,1
92277,17576,42277,109853,134554,59853,0
6578,1073,40467,7651,47045,41540,0
70144,67642,1619,137786,71763,69261,0
6717,93205,37640,99922,44357,130845,0
25980,72759,46253,98739,72233,119012,0
11568,11396,22891,22964,34459,34287,1
7440,24413,73290,31853,80730,97703,0
74594,44093,83825,118687,158419,127918,1
20981,23152,93140,44133,114121,116292,0
7385,82447,40331,89832,47716,122778,0
87287,69623,836,156910,88123,70459,0
47215,29400,15912,76615,63127,45312,0
55585,10819,42683,66404,98268,53502,0
42163,84790,79176,126953,121339,163966,1
65435,63141,13852,128576,79287,76993,1
99241,35455,70587,134696,169828,106042,1
5860,49143,42741,55003,48601,91884,0
62359,20299,61316,82658,123675,81615,1
57560,25334,36238,82894,93798,61572,1
37571,33730,25900,71301,63471,59630,1
8331,33975,25189,42306,33520,59164,0
83207,64358,20317,147565,103524,84675,1
17950,45351,68690,63301,86640,114041,0
58129,78561,51614,136690,109743,130175,1
11759,39991,9498,51750,21257,49489,0
61735,14167,5256,75902,66991,19423,0
88900,89612,58290,178512,147190,147902,1
12952,51608,22852,64560,35804,74460,0
25506,35554,88094,61060,113600,123648,0
91556,50123,59217,141679,150773,109340,1
35601,33423,50814,69024,86415,84237,1
76587,18879,23221,95466,99808,42100,0
99532,70771,62090,170303,161622,132861,1
54308,53589,5950,107897,60258,59539,1
92777,49597,39440,142374,132217,89037,0
83690,31158,90143,114848,173833,121301,1
23029,84480,84228,107509,107257,168708,1
98752,12190,14330,110942,113082,26520,0
88329,10765,60052,99094,148381,70817,0
65097,56343,53149,121440,118246,109492,1
10638,70061,55798,80699,66436,125859,0
94881,24742,90497,119623,185378,115239,1
54768,96119,72058,150887,126826,168177,1
47615,92905,72370,140520,119985,165275,1
60878,47379,36774,108257,97652,84153,1
47166,24312,4443,71478,51609,28755,0
85817,71643,96514,157460,182331,168157,1
73370,93446,12479,166816,85849,105925,0
56274,72703,31744,128977,88018,104447,1
80735,86056,576,166791,81311,86632,0
74908,67143,93689,142051,168597,160832,1
32612,59643,5452,92255,38064,65095,0
851,46951,44451,47802,45302,91402,0
37445,53573,48640,91018,86085,102213,1
54376,7119,62830,61495,117206,69949,0
83920,81176,2781,165096,86701,83957,1
43232,74193,37160,117425,80392,111353,1
37832,35373,3434,73205,41266,38807,1
38148,13389,7324,51537,45472,20713,0
57457,54799,17533,112256,74990,72332,1
62653,1023,41938,63676,104591,42961,0
56457,57057,46690,113514,103147,103747,1
48151,72643,64988,120794,113139,137631,1
91953,93167,58749,185120,150702,151916,1
37752,94538,70416,132290,108168,164954,1
3063,3520,86889,6583,89952,90409,0
13841,62945,43071,76786,56912,106016,0
46683,98568,93836,145251,140519,192404,1
76158,62523,39293,138681,115451,101816,1
57077,13785,43715,70862,100792,57500,1
1651,89583,98067,91234,99718,187650,0
99975,41968,81074,141943,181049,123042,1
74391,64914,87697,139305,162088,152611,1
68649,57527,35552,126176,104201,93079,1
41110,61356,87246,102466,128356,148602,1
71816,59051,26542,130867,98358,85593,1
16202,94222,80904,110424,97106,175126,1
46584,17291,95054,63875,141638,112345,0
47923,73589,51666,121512,99589,125255,1
76966,86526,51858,163492,128824,138384,1
83870,21459,36175,105329,120045,57634,0
39732,39736,52244,79468,91976,91980,1
2243,11465,41145,13708,43388,52610,0
74214,38930,23700,113144,97914,62630,0
54540,36039,4521,90579,59061,40560,0
83955,92647,875,176602,84830,93522,0
54491,79095,68485,133586,122976,147580,1
17806,62005,48966,79811,66772,110971,1
55948,31030,60296,86978,116244,91326,1
20233,75086,17675,95319,37908,92761,0
32866,19232,86925,52098,119791,106157,0
72719,29516,68132,102235,140851,97648,1
45862,87810,23034,133672,68896,110844,0
92126,95254,2717,187380,94843,97971,0
9695,20262,98278,29957,107973,118540,0
52114,51527,87970,103641,140084,139497,1
88191,5419,80563,93610,168754,85982,0
74802,73082,59073,147884,133875,132155,1
97402,32857,95474,130259,192876,128331,1
95487,12853,79786,108340,175273,92639,0
62319,47942,80526,110261,142845,128468,1
53972,38327,54650,92299,108622,92977,1
45310,33814,14771,79124,60081,48585,1
87750,65335,46194,153085,133944,111529,1
51558,51677,14274,103235,65832,65951,1
24875,15761,17018,40636,41893,32779,1
30778,47459,73756,78237,104534,121215,1
33902,66339,3247,100241,37149,69586,0
31643,31962,18178,63605,49821,50140,1
8802,20718,24909,29520,33711,45627,1
72269,956,99089,73225,171358,100045,0
51307,47104,8488,98411,59795,55592,1
23301,49875,26865,73176,50166,76740,1
29439,85246,89248,114685,118687,174494,1
2909,19866,14703,22775,17612,34569,0
66307,25482,64995,91789,131302,90477,1
44249,74672,89344,118921,133593,164016,1
1574,95455,73785,97029,75359,169240,0
8718,29295,74763,38013,83481,104058,0
51860,22110,65612,73970,117472,87722,1
21582,27563,76614,49145,98196,104177,0
51407,28434,4893,79841,56300,33327,0
77952,61671,14124,139623,92076,75795,0
60828,42240,29663,103068,90491,71903,1
41341,52080,4418,93421,45759,56498,0
99805,24498,34745,124303,134550,59243,0
34205,52856,44328,87061,78533,97184,1
31096,6089,81381,37185,112477,87470,0
8060,76104,55822,84164,63882,131926,0
50659,47375,93237,98034,143896,140612,1
11128,15399,36067,26527,47195,51466,0
71154,75802,33109,146956,104263,108911,1
83909,31746,2675,115655,86584,34421,0
50927,99794,75168,150721,126095,174962,1
402,65535,13746,65937,14148,79281,0
81426,98306,45802,179732,127228,144108,1
86868,65991,86207,152859,173075,152198,1
72208,12989,48590,85197,120798,61579,0
46760,63914,4001,110674,50761,67915,0
48696,59633,31107,108329,79803,90740,1
40404,40946,90572,81350,130976,131518,0
75058,36329,30564,111387,105622,66893,0
11116,3139,31622,14255,42738,34761,0
36635,71936,23459,108571,60094,95395,0
3643,27908,67513,31551,71156,95421,0
50322,77014,12793,127336,63115,89807,0
42756,74986,13452,117742,56208,88438,0
88709,85967,20830,174676,109539,106797,1
82734,15519,92209,98253,174943,107728,1
36005,22268,51216,58273,87221,73484,1
21023,99965,43965,120988,64988,143930,0
82446,35682,90593,118128,173039,126275,1
14720,71251,12237,85971,26957,83488,0
3447,62843,63852,66290,67299,126695,1
65333,23915,67071,89248,132404,90986,1
41564,61166,35529,102730,77093,96695,1
97358,18903,37099,116261,134457,56002,0
74910,12437,28047,87347,102957,40484,0
50397,16365,48958,66762,99355,65323,1
28714,69767,53813,98481,82527,123580,1
99031,14749,447,113780,99478,15196,0
40372,59754,30787,100126,71159,90541,1
50111,10426,99852,60537,149963,110278,0
3555,22051,39904,25606,43459,61955,0
42976,18834,86171,61810,129147,105005,0
68649,98609,24205,167258,92854,122814,0
24258,25856,87720,50114,111978,113576,0
66927,56726,28795,123653,95722,85521,1
39634,47665,85108,87299,124742,132773,1
98217,77831,87208,176048,185425,165039,1
40234,45132,41512,85366,81746,86644,1
95492,4283,58282,99775,153774,62565,0
4887,36081,19729,40968,24616,55810,0
40084,55620,51115,95704,91199,106735,1
77593,8548,95026,86141,172619,103574,0
61529,80211,71773,141740,133302,151984,1
48519,57880,43496,106399,92015,101376,1
94101,55453,26254,149554,120355,81707,0
474,75158,77270,75632,77744,152428,0
49578,94929,71995,144507,121573,166924,1
8611,99598,63708,108209,72319,163306,0
10928,42691,62027,53619,72955,104718,0
73199,42649,86869,115848,160068,129518,1
87765,5971,9183,93736,96948,15154,0
57356,85251,76442,142607,133798,161693,1
29208,51782,40378,80990,69586,92160,1
31045,52447,75726,83492,106771,128173,1
47494,7830,82985,55324,130479,90815,0
46397,79121,23966,125518,70363,103087,0
12988,15234,72558,28222,85546,87792,0
84130,46021,91808,130151,175938,137829,1
90604,93047,74959,183651,165563,168006,1
17476,7951,66977,25427,84453,74928,0
48348,20051,34440,68399,82788,54491,1
94218,79957,76402,174175,170620,156359,1
70223,48310,45890,118533,116113,94200,1
33014,85754,82103,118768,115117,167857,1
4597,34452,95387,39049,99984,129839,0
81989,4804,15790,86793,97779,20594,0
42657,9305,91545,51962,134202,100850,0
62820,77772,76199,140592,139019,153971,1
27067,35979,81686,63046,108753,117665,0
98705,45645,28803,144350,127508,74448,0
78738,52741,77853,131479,156591,130594,1
80839,13292,29481,94131,110320,42773,0
35282,96298,35064,131580,70346,131362,0
38428,30309,10689,68737,49117,40998,1
97302,15577,4349,112879,101651,19926,0
43907,38155,16512,82062,60419,54667,1
71306,29893,23431,101199,94737,53324,0
59695,11759,14321,71454,74016,26080,0
5848,13782,96943,19630,102791,110725,0
29266,82750,27048,112016,56314,109798,0
73362,28829,74629,102191,147991,103458,1
62625,82561,71052,145186,133677,153613,1
55032,46217,6517,101249,61549,52734,0
46236,95878,9373,142114,55609,105251,0
68411,18438,10895,86849,79306,29333,0
36279,84016,47407,120295,83686,131423,0
84688,79118,38090,163806,122778,117208,1
9249,7923,17708,17172,26957,25631,0
82399,27913,1989,110312,84388,29902,0
11306,17126,68700,28432,80006,85826,0
24635,29020,30360,53655,54995,59380,1
54759,54527,24141,109286,78900,78668,1
82391,11381,52435,93772,134826,63816,0
17257,35916,35179,53173,52436,71095,1
65072,35371,73458,100443,138530,108829,1
31544,14480,96661,46024,128205,111141,0
3559,91199,73525,94758,77084,164724,0
65009,41266,56801,106275,121810,98067,1
84683,85019,19256,169702,103939,104275,1
93605,69852,16438,163457,110043,86290,0
48890,12312,93823,61202,142713,106135,0
17301,13142,15260,30443,32561,28402,1
61062,68788,8148,129850,69210,76936,1
17233,57835,32301,75068,49534,90136,0
29484,52184,83760,81668,113244,135944,0
63777,7963,78159,71740,141936,86122,0
21751,47361,171,69112,21922,47532,0
50853,98465,94846,149318,145699,193311,1
59890,4267,5583,64157,65473,9850,0
75961,79746,82221,155707,158182,161967,1
56739,39153,97190,95892,153929,136343,0
20456,24611,55940,45067,76396,80551,0
19465,47315,99537,66780,119002,146852,0
5717,99797,21554,105514,27271,121351,0
63928,88573,32699,152501,96627,121272,1
78263,63221,21476,141484,99739,84697,1
6245,16135,16410,22380,22655,32545,1
81836,24905,89253,106741,171089,114158,1
79794,59160,90925,138954,170719,150085,1
22838,46720,6788,69558,29626,53508,0
18082,90005,35460,108087,53542,125465,0
21158,8679,49717,29837,70875,58396,0
69304,95937,19428,165241,88732,115365,0
9816,71634,72530,81450,82346,144164,1
94510,59658,14893,154168,109403,74551,0
53857,80927,19831,134784,73688,100758,0
40647,70663,83525,111310,124172,154188,1
44904,3786,86330,48690,131234,90116,0
43086,63523,95546,106609,138632,159069,1
60864,27645,33791,88509,94655,61436,1
26493,43925,82816,70418,109309,126741,0
17557,82243,38,99800,17595,82281,0
47959,44109,68834,92068,116793,112943,1
76775,5501,4710,82276,81485,10211,0
82867,1920,52544,84787,135411,54464,0
68415,55947,29362,124362,97777,85309,1
935,56860,71885,57795,72820,128745,0
87816,54306,59172,142122,146988,113478,1
90776,63703,81095,154479,171871,144798,1
26112,78192,67463,104304,93575,145655,1
74594,57737,98536,132331,173130,156273,1
61992,99770,3542,161762,65534,103312,0
83592,46327,89397,129919,172989,135724,1
56681,14026,79942,70707,136623,93968,0
85896,73599,86942,159495,172838,160541,1
88060,39667,1342,127727,89402,41009,0
75428,19418,16694,94846,92122,36112,0
10774,52517,43527,63291,54301,96044,1
5586,53027,68081,58613,73667,121108,0
38780,55704,13158,94484,51938,68862,0
96039,34678,34730,130717,130769,69408,0
41226,33554,82271,74780,123497,115825,0
8775,34591,45072,43366,53847,79663,0
82903,18959,58068,101862,140971,77027,0
2357,73525,80875,75882,83232,154400,0
13565,66690,21810,80255,35375,88500,0
54141,56979,92905,111120,147046,149884,1
68735,96267,62619,165002,131354,158886,1
69419,74283,69608,143702,139027,143891,1
82597,76126,13135,158723,95732,89261,1
43972,2092,83182,46064,127154,85274,0
20247,1148,77848,21395,98095,78996,0
65348,87168,58104,152516,123452,145272,1
54973,52483,2245,107456,57218,54728,0
95503,82482,19471,177985,114974,101953,1
98880,60317,3292,159197,102172,63609,0
55771,88510,33982,144281,89753,122492,1
10893,31920,4603,42813,15496,36523,0
65625,2127,49558,67752,115183,51685,0
47309,58886,48053,106195,95362,106939,1
77632,31353,7648,108985,85280,39001,0
24033,57191,76105,81224,100138,133296,1
15291,71792,61145,87083,76436,132937,1
85075,82084,46202,167159,131277,128286,1
11847,17222,62080,29069,73927,79302,0
70895,10052,87418,80947,158313,97470,0
91666,35646,72633,127312,164299,108279,1
35639,15888,29274,51527,64913,45162,1
55085,88863,28846,143948,83931,117709,0
55860,88561,36805,144421,92665,125366,1
73295,63325,30107,136620,103402,93432,1
81494,21686,74955,103180,156449,96641,1
24467,69433,67780,93900,92247,137213,1
20760,23486,65565,44246,86325,89051,0
35601,98216,80945,133817,116546,179161,1
40698,77283,99818,117981,140516,177101,1
24781,66193,22645,90974,47426,88838,0
79868,75457,18106,155325,97974,93563,1
28652,56339,28453,84991,57105,84792,1
78698,44056,86860,122754,165558,130916,1
75337,15568,88156,90905,163493,103724,1
34097,67477,26349,101574,60446,93826,0
60657,80794,59431,141451,120088,140225,1
41648,10641,26720,52289,68368,37361,0
84759,11909,17310,96668,102069,29219,0
8987,86655,92972,95642,101959,179627,1
77862,26808,30277,104670,108139,57085,0
33468,11525,5180,44993,38648,16705,0
21753,20230,41674,41983,63427,61904,1
90906,25074,68711,115980,159617,93785,1
32677,52674,64444,85351,97121,117118,1
99295,90526,174,189821,99469,90700,0
93322,33391,48617,126713,141939,82008,0
21480,54784,40152,76264,61632,94936,1
79219,42168,9174,121387,88393,51342,0
83576,52334,21195,135910,104771,73529,0
20195,6863,46306,27058,66501,53169,0
48646,77393,7305,126039,55951,84698,0
87103,99163,21427,186266,108530,120590,1
29310,73060,59774,102370,89084,132834,1
54070,70512,43067,124582,97137,113579,1
51656,19830,35299,71486,86955,55129,1
69082,83421,28966,152503,98048,112387,1
8637,25260,24787,33897,33424,50047,1
88825,47215,25200,136040,114025,72415,0
38387,49820,88731,88207,127118,138551,0
28180,22487,57005,50667,85185,79492,0
94288,72276,66039,166564,160327,138315,1
64891,32535,50611,97426,115502,83146,1
78018,82378,79087,160396,157105,161465,1
67025,71943,38888,138968,105913,110831,1
12385,81932,94541,94317,106926,176473,0
13917,87549,90515,101466,104432,178064,1
82853,60747,77533,143600,160386,138280,1
63097,53054,31800,116151,94897,84854,1
74675,67752,40405,142427,115080,108157,1
42535,22803,33557,65338,76092,56360,1
85628,95852,54102,181480,139730,149954,1
42972,40267,47655,83239,90627,87922,1
2289,51945,50429,54234,52718,102374,1
1176,70669,39651,71845,40827,110320,0
61717,95156,14753,156873,76470,109909,0
76721,70162,35126,146883,111847,105288,1
1409,22957,4956,24366,6365,27913,0
81435,81310,10952,162745,92387,92262,1
43822,52254,10740,96076,54562,62994,1
23708,12121,4915,35829,28623,17036,0
9251,33870,81143,43121,90394,115013,0
23528,73626,36926,97154,60454,110552,0
99563,50987,68756,150550,168319,119743,1
94117,53711,71630,147828,165747,125341,1
87702,9490,53267,97192,140969,62757,0
56279,34266,52451,90545,108730,86717,1
76675,80775,1597,157450,78272,82372,0
40057,92703,49231,132760,89288,141934,0
87303,47195,28556,134498,115859,75751,0
27935,27782,86961,55717,114896,114743,0
29160,51905,17026,81065,46186,68931,0
4732,6653,14942,11385,19674,21595,0
60761,86349,49540,147110,110301,135889,1
96496,93674,33113,190170,129609,126787,1
42790,93541,97190,136331,139980,190731,1
3389,29164,84193,32553,87582,113357,0
96947,16669,39216,113616,136163,55885,0
49489,80368,22752,129857,72241,103120,0
26189,16555,71465,42744,97654,88020,0
44644,15300,98137,59944,142781,113437,0
98306,51592,20125,149898,118431,71717,0
45008,87329,92113,132337,137121,179442,1
65562,90678,5164,156240,70726,95842,0
13440,16090,99417,29530,112857,115507,0
84792,61550,91648,146342,176440,153198,1
6317,21022,9129,27339,15446,30151,0
75448,3915,77287,79363,152735,81202,1
44038,8518,45204,52556,89242,53722,1
53782,32826,87173,86608,140955,119999,0
94692,52313,20697,147005,115389,73010,0
73407,30284,97329,103691,170736,127613,1
77324,54279,50025,131603,127349,104304,1
63801,63901,371,127702,64172,64272,1
29152,67013,9034,96165,38186,76047,0
68717,7087,5762,75804,74479,12849,0
83244,70949,19428,154193,102672,90377,1
34263,52043,45689,86306,79952,97732,1
83706,43213,28836,126919,112542,72049,0
46861,57269,19187,104130,66048,76456,1
88350,52163,54167,140513,142517,106330,1
34915,61764,78484,96679,113399,140248,1
22199,2569,44720,24768,66919,47289,0
63977,95802,78353,159779,142330,174155,1
24876,361,73763,25237,98639,74124,0
48120,11458,96081,59578,144201,107539,0
33283,75214,86837,108497,120120,162051,1
8214,2472,65251,10686,73465,67723,0
98619,25544,90927,124163,189546,116471,1
39203,96323,85997,135526,125200,182320,1
8312,69275,48590,77587,56902,117865,0
14052,2669,8305,16721,22357,10974,0
19127,19394,53060,38521,72187,72454,0
20833,98005,87005,118838,107838,185010,1
57641,98387,48811,156028,106452,147198,1
58850,99480,26889,158330,85739,126369,0
72583,69891,8130,142474,80713,78021,1
41748,45315,17748,87063,59496,63063,1
71264,6122,34147,77386,105411,40269,0
46833,45119,32839,91952,79672,77958,1
20173,89424,73309,109597,93482,162733,1
20792,92883,71590,113675,92382,164473,0
13289,35614,1159,48903,14448,36773,0
57595,58773,82065,116368,139660,140838,1
10252,72256,89003,82508,99255,161259,0
51666,74159,45747,125825,97413,119906,1
82287,60649,1177,142936,83464,61826,0
96,64114,29255,64210,29351,93369,0
78655,99394,8221,178049,86876,107615,0
5500,42248,83266,47748,88766,125514,0
71859,38384,67007,110243,138866,105391,1
90432,73330,49132,163762,139564,122462,1
29297,39469,70594,68766,99891,110063,0
62686,3406,43665,66092,106351,47071,0
32352,40629,69121,72981,101473,109750,1
18345,42323,66624,60668,84969,108947,0
4081,12956,60874,17037,64955,73830,0
82670,83461,81203,166131,163873,164664,1
2239,2029,41071,4268,43310,43100,0
74179,227,43941,74406,118120,44168,0
45307,19460,44641,64767,89948,64101,1
64486,95681,27890,160167,92376,123571,0
76503,92391,91545,168894,168048,183936,1
38576,93970,60783,132546,99359,154753,1
19886,51105,36881,70991,56767,87986,1
19443,2094,44297,21537,63740,46391,0
15621,90835,34767,106456,50388,125602,0
95024,55651,47743,150675,142767,103394,1
76834,64416,38539,141250,115373,102955,1
74355,94066,81437,168421,155792,175503,1
75425,75957,92583,151382,168008,168540,1
2708,68386,73655,71094,76363,142041,0
7923,17074,77953,24997,85876,95027,0
73083,58580,59644,131663,132727,118224,1
75905,53746,74014,129651,149919,127760,1
93916,21611,36793,115527,130709,58404,0
44598,34520,12265,79118,56863,46785,1
38826,35361,41030,74187,79856,76391,1
43826,30062,46918,73888,90744,76980,1
63822,28410,51431,92232,115253,79841,1
75622,56273,92780,131895,168402,149053,1
680,43590,92934,44270,93614,136524,0
73144,43931,62827,117075,135971,106758,1
99606,20175,34572,119781,134178,54747,0
62075,18606,33025,80681,95100,51631,0
77318,61586,30041,138904,107359,91627,1
43214,52435,90067,95649,133281,142502,1
60658,76086,24268,136744,84926,100354,1
427,62612,78625,63039,79052,141237,0
87854,67104,94864,154958,182718,161968,1
32222,39065,82158,71287,114380,121223,0
10277,61446,68682,71723,78959,130128,1
53673,99274,57147,152947,110820,156421,1
61600,21483,22576,83083,84176,44059,0
17857,89734,88461,107591,106318,178195,1
71366,70373,69130,141739,140496,139503,1
18230,8508,73501,26738,91731,82009,0
10100,25401,82759,35501,92859,108160,0
52914,59885,51686,112799,104600,111571,1
43788,52025,94859,95813,138647,146884,1
7767,71183,28082,78950,35849,99265,0
39481,77344,11401,116825,50882,88745,0
75744,1936,96405,77680,172149,98341,0
13084,3618,12271,16702,25355,15889,1
89779,40407,61699,130186,151478,102106,1
30758,68203,15854,98961,46612,84057,0
5311,62864,64617,68175,69928,127481,1
20948,49142,4257,70090,25205,53399,0
24298,53342,57209,77640,81507,110551,1
2483,37152,92524,39635,95007,129676,0
98381,48004,37004,146385,135385,85008,0
96236,73170,74306,169406,170542,147476,1
59863,38387,97487,98250,157350,135874,1
3034,16025,39611,19059,42645,55636,0
69189,49795,5268,118984,74457,55063,0
20671,13346,22861,34017,43532,36207,1
54583,31066,76665,85649,131248,107731,1
28502,10538,69068,39040,97570,79606,0
68153,53617,28159,121770,96312,81776,1
48093,84769,62772,132862,110865,147541,1
91909,93353,94497,185262,186406,187850,1
26408,17578,35753,43986,62161,53331,1
99105,94194,79481,193299,178586,173675,1
58303,3612,57152,61915,115455,60764,1
82570,39809,65835,122379,148405,105644,1
90531,78367,48974,168898,139505,127341,1
25668,62664,81261,88332,106929,143925,1
46584,98633,97334,145217,143918,195967,1
66160,91564,53408,157724,119568,144972,1
21551,47346,95533,68897,117084,142879,0
5837,90266,17382,96103,23219,107648,0
92481,81656,75042,174137,167523,156698,1
30618,75529,53191,106147,83809,128720,1
64140,24659,55428,88799,119568,80087,1
68013,2851,35312,70864,103325,38163,0
83489,98189,95097,181678,178586,193286,1
31431,544,44514,31975,75945,45058,0
34026,93070,53365,127096,87391,146435,0
73171,83349,72279,156520,145450,155628,1
28229,53420,88233,81649,116462,141653,0
33106,94074,83126,127180,116232,177200,1
8190,91728,45098,99918,53288,136826,0
91564,25115,36281,116679,127845,61396,0
92062,1791,62041,93853,154103,63832,0
78589,83430,73638,162019,152227,157068,1
39198,7356,19915,46554,59113,27271,0
5235,39624,75998,44859,81233,115622,0
41684,25418,61789,67102,103473,87207,1
87645,1957,24204,89602,111849,26161,0
11652,23583,94488,35235,106140,118071,0
30774,32684,15044,63458,45818,47728,1
30187,86746,34640,116933,64827,121386,0
74632,37452,18903,112084,93535,56355,0
62897,70802,74852,133699,137749,145654,1
27595,78872,55930,106467,83525,134802,1
54708,10491,76160,65199,130868,86651,0
42679,64593,83692,107272,126371,148285,1
22469,34048,53874,56517,76343,87922,1
73538,31099,52933,104637,126471,84032,1
60210,93443,75690,153653,135900,169133,1
50095,91317,4270,141412,54365,95587,0
63782,63371,8964,127153,72746,72335,1
88704,41071,37064,129775,125768,78135,0
23727,57399,97601,81126,121328,155000,0
48614,48367,64977,96981,113591,113344,1
56049,49846,97149,105895,153198,146995,1
13726,947,14516,14673,28242,15463,1
6667,48428,74828,55095,81495,123256,0
13601,44238,44347,57839,57948,88585,1
19032,37431,40095,56463,59127,77526,1
5639,63600,23818,69239,29457,87418,0
96704,7764,16588,104468,113292,24352,0
16842,49413,97102,66255,113944,146515,0
5562,24833,31287,30395,36849,56120,0
10829,61729,89832,72558,100661,151561,0
85050,18612,17678,103662,102728,36290,0
76330,40186,28478,116516,104808,68664,0
97141,89177,87049,186318,184190,176226,1
74882,89021,77138,163903,152020,166159,1
35322,6441,49848,41763,85170,56289,0
73795,57579,27621,131374,101416,85200,1
7079,17878,35434,24957,42513,53312,0
81293,63767,58582,145060,139875,122349,1
13052,35617,50854,48669,63906,86471,0
18665,66567,21585,85232,40250,88152,0
95344,6917,98522,102261,193866,105439,1
21261,56236,59112,77497,80373,115348,1
27502,43865,13032,71367,40534,56897,0
50144,5851,94644,55995,144788,100495,0
88067,72669,46246,160736,134313,118915,1
96638,3087,40791,99725,137429,43878,0
94612,48430,75100,143042,169712,123530,1
31358,40603,1886,71961,33244,42489,0
90101,12035,68048,102136,158149,80083,0
7246,8714,61132,15960,68378,69846,0
56302,69960,37777,126262,94079,107737,1
41367,8680,72894,50047,114261,81574,0
15743,1608,80319,17351,96062,81927,0
93387,50930,12647,144317,106034,63577,0
18251,98420,42467,116671,60718,140887,0
77647,51837,32833,129484,110480,84670,1
95741,66377,74200,162118,169941,140577,1
88429,90264,97705,178693,186134,187969,1
37460,96630,70464,134090,107924,167094,1
72324,25874,13527,98198,85851,39401,0
3431,87861,94244,91292,97675,182105,0
31193,2972,92802,34165,123995,95774,0
4248,7462,87824,11710,92072,95286,0
74612,82206,297,156818,74909,82503,0
92406,88901,27101,181307,119507,116002,1
30789,49696,3980,80485,34769,53676,0
33726,25979,8130,59705,41856,34109,1
50852,36795,99960,87647,150812,136755,0
30796,27082,50303,57878,81099,77385,1
27712,90960,21082,118672,48794,112042,0
2192,35429,84988,37621,87180,120417,0
68671,88729,19888,157400,88559,108617,0
13746,71046,44783,84792,58529,115829,0
51255,44342,74662,95597,125917,119004,1
14481,47463,18485,61944,32966,65948,0
95168,97640,10905,192808,106073,108545,1
63649,29358,85676,93007,149325,115034,1
72630,93950,68410,166580,141040,162360,1
48391,5665,69017,54056,117408,74682,0
58628,90723,444,149351,59072,91167,0
1541,78453,35063,79994,36604,113516,0
11894,2776,52910,14670,64804,55686,0
36470,31429,76057,67899,112527,107486,0
52335,42835,95532,95170,147867,138367,0
78618,70319,15034,148937,93652,85353,1
78620,49946,51790,128566,130410,101736,1
74157,71947,95805,146104,169962,167752,1
75423,75253,58533,150676,133956,133786,1
81214,88102,15200,169316,96414,103302,1
19987,76391,58960,96378,78947,135351,1
65134,45013,18806,110147,83940,63819,0
17199,72256,82621,89455,99820,154877,1
17070,82029,40413,99099,57483,122442,0
25907,44547,56462,70454,82369,101009,1
40951,21204,13346,62155,54297,34550,0
12075,17831,36352,29906,48427,54183,0
33641,31644,87558,65285,121199,119202,0
58775,90996,43834,149771,102609,134830,1
7183,15674,8027,22857,15210,23701,0
90350,59996,78483,150346,168833,138479,1
96296,80487,27508,176783,123804,107995,1
72373,31855,59320,104228,131693,91175,1
76327,97853,31388,174180,107715,129241,1
43320,80876,67931,124196,111251,148807,1
83056,47217,412,130273,83468,47629,0
24021,68214,18156,92235,42177,86370,0
9677,53452,16704,63129,26381,70156,0
65503,52110,44064,117613,109567,96174,1
61036,40689,7042,101725,68078,47731,0
18846,98082,41373,116928,60219,139455,0
86268,29350,33202,115618,119470,62552,0
10782,59549,63214,70331,73996,122763,1
20519,59528,31952,80047,52471,91480,0
98851,13744,97299,112595,196150,111043,1
94030,26607,66280,120637,160310,92887,0
73443,78384,4614,151827,78057,82998,0
37818,50646,50522,88464,88340,101168,1
15796,96251,7052,112047,22848,103303,0
93104,44473,35700,137577,128804,80173,0
72775,64210,72111,136985,144886,136321,1
97649,43651,80006,141300,177655,123657,1
61807,3061,85113,64868,146920,88174,0
98847,44081,35745,142928,134592,79826,0
18057,14284,23192,32341,41249,37476,1
48715,22559,61738,71274,110453,84297,1
56284,5532,2415,61816,58699,7947,0
30452,68017,10546,98469,40998,78563,0
1705,21768,29337,23473,31042,51105,0
36308,49501,17960,85809,54268,67461,1
59093,50071,94523,109164,153616,144594,1
16868,23004,15624,39872,32492,38628,1
97921,78396,26677,176317,124598,105073,1
30113,84136,7434,114249,37547,91570,0
6112,38012,27614,44124,33726,65626,0
87488,29220,99660,116708,187148,128880,1
83307,88468,65852,171775,149159,154320,1
76487,14457,72387,90944,148874,86844,1
23995,97239,89978,121234,113973,187217,1
14493,12698,63369,27191,77862,76067,0
57066,75162,77251,132228,134317,152413,1
84504,65071,43763,149575,128267,108834,1
24941,12014,35141,36955,60082,47155,1
92574,91355,88072,183929,180646,179427,1
36722,67922,80931,104644,117653,148853,1
78897,26337,18282,105234,97179,44619,0
75928,31712,54058,107640,129986,85770,1
49275,38284,83381,87559,132656,121665,1
20387,24380,43041,44767,63428,67421,1
31818,60917,69323,92735,101141,130240,1
66338,38580,28691,104918,95029,67271,1
38902,39535,71811,78437,110713,111346,1
26860,30655,31705,57515,58565,62360,1
18504,523,58838,19027,77342,59361,0
61394,42507,24967,103901,86361,67474,1
8971,71883,38980,80854,47951,110863,0
15994,79148,32674,95142,48668,111822,0
68426,46667,33475,115093,101901,80142,1
70342,33759,22414,104101,92756,56173,0
63143,1859,75969,65002,139112,77828,0
21443,29550,62906,50993,84349,92456,0
66836,76718,48827,143554,115663,125545,1
85802,25571,86841,111373,172643,112412,1
91040,79046,99649,170086,190689,178695,1
16945,89999,12475,106944,29420,102474,0
35906,49161,11533,85067,47439,60694,0
80843,38089,68107,118932,148950,106196,1
82470,71631,26941,154101,109411,98572,1
13324,8196,49232,21520,62556,57428,0
5428,6586,84832,12014,90260,91418,0
40132,55942,73650,96074,113782,129592,1
27523,30295,36122,57818,63645,66417,1
94753,90340,79640,185093,174393,169980,1
5772,63484,43854,69256,49626,107338,0
10893,51574,22918,62467,33811,74492,0
65947,6018,32653,71965,98600,38671,0
26349,84404,48772,110753,75121,133176,0
34793,73740,63205,108533,97998,136945,1
56047,70827,30038,126874,86085,100865,1
96975,32803,27869,129778,124844,60672,0
61869,29577,29685,91446,91554,59262,0
92948,87816,17249,180764,110197,105065,1
88763,73375,91090,162138,179853,164465,1
22883,11932,75768,34815,98651,87700,0
35392,5336,25151,40728,60543,30487,0
33066,3417,68375,36483,101441,71792,0
70737,73293,68099,144030,138836,141392,1
99235,64675,93724,163910,192959,158399,1
36743,75692,4786,112435,41529,80478,0
2951,62405,83489,65356,86440,145894,0
34151,79841,62532,113992,96683,142373,1
33286,7049,25923,40335,59209,32972,0
89145,14356,57332,103501,146477,71688,0
86089,74297,83671,160386,169760,157968,1
36028,52599,37203,88627,73231,89802,1
41534,69409,92621,110943,134155,162030,1
13591,60739,31633,74330,45224,92372,0
4107,39519,79327,43626,83434,118846,0
65624,76154,58442,141778,124066,134596,1
30833,73037,70062,103870,100895,143099,1
87642,39894,39595,127536,127237,79489,0
12195,92459,68949,104654,81144,161408,0
76859,15303,39667,92162,116526,54970,0
12273,63328,28693,75601,40966,92021,0
96524,84793,94488,181317,191012,179281,1
49922,40396,43878,90318,93800,84274,1
19425,54376,31942,73801,51367,86318,0
70227,44128,20928,114355,91155,65056,0
25357,64024,60196,89381,85553,124220,1
46312,37393,48879,83705,95191,86272,1
44745,35688,29167,80433,73912,64855,1
84852,28824,25317,113676,110169,54141,0
45505,33155,33837,78660,79342,66992,1
63168,13279,87167,76447,150335,100446,0
99695,12979,63938,112674,163633,76917,0
80589,9922,86232,90511,166821,96154,1
75758,17568,20920,93326,96678,38488,0
66077,70662,67606,136739,133683,138268,1
64105,22855,27687,86960,91792,50542,0
85005,49739,69293,134744,154298,119032,1
91299,13799,30136,105098,121435,43935,0
13510,50327,10832,63837,24342,61159,0
31324,93388,59415,124712,90739,152803,0
46980,25821,92693,72801,139673,118514,0
45168,16564,63555,61732,108723,80119,0
19457,92844,95775,112301,115232,188619,1
55667,31596,25264,87263,80931,56860,1
57881,35722,44876,93603,102757,80598,1
16895,24015,34056,40910,50951,58071,1
84357,10682,4363,95039,88720,15045,0
20063,95680,22910,115743,42973,118590,0
80580,29485,77633,110065,158213,107118,1
61359,41888,43355,103247,104714,85243,1
4255,99728,66793,103983,71048,166521,0
19834,70778,25436,90612,45270,96214,0
15366,70873,78471,86239,93837,149344,1
10703,70676,79128,81379,89831,149804,1
31,64438,41951,64469,41982,106389,0
4018,33226,64751,37244,68769,97977,0
66265,19008,70977,85273,137242,89985,1
81482,85737,86625,167219,168107,172362,1
21984,741,68054,22725,90038,68795,0
79886,15313,66431,95199,146317,81744,1
64714,55296,53998,120010,118712,109294,1
73512,18466,75500,91978,149012,93966,1
68020,22024,3367,90044,71387,25391,0
58163,94834,93980,152997,152143,188814,1
79700,96269,15640,175969,95340,111909,0
99129,18752,38808,117881,137937,57560,0
42559,45628,54385,88187,96944,100013,1
87093,18027,13701,105120,100794,31728,0
66339,46207,84939,112546,151278,131146,1
91369,28193,30032,119562,121401,58225,0
90586,35818,63228,126404,153814,99046,1
34493,33150,75748,67643,110241,108898,0
59290,21109,87123,80399,146413,108232,0
95028,7955,69677,102983,164705,77632,0
59120,45694,69813,104814,128933,115507,1
83524,44154,30668,127678,114192,74822,0
12274,67596,22415,79870,34689,90011,0
16758,2729,47031,19487,63789,49760,0
58303,33678,31995,91981,90298,65673,1
9030,56768,73995,65798,83025,130763,0
12947,16507,97354,29454,110301,113861,0
88761,50016,56044,138777,144805,106060,1
25568,95634,36505,121202,62073,132139,0
97994,46431,14188,144425,112182,60619,0
5570,68647,48076,74217,53646,116723,0
21836,56553,84905,78389,106741,141458,0
9606,61314,27313,70920,36919,88627,0
25157,69851,96406,95008,121563,166257,0
77459,58506,25108,135965,102567,83614,1
56625,74596,49853,131221,106478,124449,1
60675,88276,7217,148951,67892,95493,0
8444,21511,94017,29955,102461,115528,0
39301,90430,7576,129731,46877,98006,0
19665,88185,43406,107850,63071,131591,0
83658,42684,66186,126342,149844,108870,1
54552,90340,6927,144892,61479,97267,0
16178,13265,29766,29443,45944,43031,0
33114,18496,28352,51610,61466,46848,1
30936,42368,51197,73304,82133,93565,1
86721,93382,61918,180103,148639,155300,1
7000,81753,58572,88753,65572,140325,0
80811,18011,94022,98822,174833,112033,1
30369,30129,55998,60498,86367,86127,1
91814,85321,77356,177135,169170,162677,1
67118,19980,56052,87098,123170,76032,1
36986,58204,90858,95190,127844,149062,1
89999,4066,21694,94065,111693,25760,0
46793,51665,10889,98458,57682,62554,1
89798,69328,81533,159126,171331,150861,1
85444,27007,69311,112451,154755,96318,1
6050,88048,93150,94098,99200,181198,1
68891,77505,96682,146396,165573,174187,1
89732,27235,74787,116967,164519,102022,1
88437,48179,55312,136616,143749,103491,1
63621,25275,2778,88896,66399,28053,0
88187,37459,43515,125646,131702,80974,0
16589,95448,32118,112037,48707,127566,0
38786,77483,56693,116269,95479,134176,1
18920,75199,55493,94119,74413,130692,0
70863,60000,72429,130863,143292,132429,1
57918,25132,64376,83050,122294,89508,1
54803,70812,34778,125615,89581,105590,1
23214,62215,56636,85429,79850,118851,1
94378,86260,12003,180638,106381,98263,1
5667,89597,6276,95264,11943,95873,0
4545,36890,10448,41435,14993,47338,0
48139,78155,5974,126294,54113,84129,0
47549,68372,11615,115921,59164,79987,0
53791,12477,21563,66268,75354,34040,0
55913,37950,89228,93863,145141,127178,1
44469,76354,19810,120823,64279,96164,0
39396,97010,26245,136406,65641,123255,0
46477,77425,51581,123902,98058,129006,1
11803,88807,24793,100610,36596,113600,0
62805,89659,56653,152464,119458,146312,1
54009,80437,20764,134446,74773,101201,0
35597,11636,19856,47233,55453,31492,0
61003,52373,32659,113376,93662,85032,1
70836,50142,74871,120978,145707,125013,1
85682,73338,61061,159020,146743,134399,1
8696,99614,47996,108310,56692,147610,0
64616,23267,39995,87883,104611,63262,0
86521,63161,5948,149682,92469,69109,0
2598,63204,91401,65802,93999,154605,0
12712,20992,22784,33704,35496,43776,1
18972,48366,43902,67338,62874,92268,1
33440,50932,89047,84372,122487,139979,0
50981,50352,79958,101333,130939,130310,1
27857,9640,82896,37497,110753,92536,0
6593,43201,92752,49794,99345,135953,0
36176,59086,37795,95262,73971,96881,1
53698,17793,72531,71491,126229,90324,0
97870,7715,9327,105585,107197,17042,0
97910,80005,35799,177915,133709,115804,1
45519,2955,55556,48474,101075,58511,0
75759,89656,77307,165415,153066,166963,1
65216,67566,6159,132782,71375,73725,1
18514,20486,33192,39000,51706,53678,1
61112,16407,19667,77519,80779,36074,0
61939,93249,87219,155188,149158,180468,1
67990,34689,41678,102679,109668,76367,1
82956,16687,27839,99643,110795,44526,0
43665,97333,15401,140998,59066,112734,0
33670,7015,66540,40685,100210,73555,0
37057,48498,26433,85555,63490,74931,1
93437,25823,4014,119260,97451,29837,0
60816,16370,17376,77186,78192,33746,0
16681,42146,55165,58827,71846,97311,1
6511,2486,67009,8997,73520,69495,0
89773,57170,15214,146943,104987,72384,0
60023,25156,9478,85179,69501,34634,0
65403,20422,73862,85825,139265,94284,1
76944,98006,46405,174950,123349,144411,1
82579,46038,12551,128617,95130,58589,0
56829,59615,52723,116444,109552,112338,1
47555,88411,19729,135966,67284,108140,0
912,45334,88466,46246,89378,133800,0
50690,84503,32968,135193,83658,117471,0
38221,38074,42981,76295,81202,81055,1
37714,89956,40479,127670,78193,130435,0
49017,3523,52349,52540,101366,55872,1
79113,40945,83692,120058,162805,124637,1
52385,17046,60592,69431,112977,77638,1
28348,49451,48501,77799,76849,97952,1
91217,80169,83509,171386,174726,163678,1
49058,54735,41346,103793,90404,96081,1
88955,39992,72136,128947,161091,112128,1
91716,71276,80623,162992,172339,151899,1
1505,38151,83124,39656,84629,121275,0
22816,86224,22485,109040,45301,108709,0
34504,93026,43257,127530,77761,136283,0
9613,61308,37993,70921,47606,99301,0
28905,95034,22783,123939,51688,117817,0
80098,86836,89472,166934,169570,176308,1
12916,19013,28144,31929,41060,47157,1
58907,32432,14859,91339,73766,47291,0
89869,52191,26136,142060,116005,78327,0
13169,87056,23719,100225,36888,110775,0
71822,52967,55138,124789,126960,108105,1
70396,96332,95680,166728,166076,192012,1
6508,70861,64717,77369,71225,135578,1
16736,53097,71843,69833,88579,124940,0
25538,57528,20935,83066,46473,78463,0
23265,62738,74792,86003,98057,137530,1
15199,40390,37864,55589,53063,78254,1
16232,91543,73994,107775,90226,165537,0
7562,63197,10386,70759,17948,73583,0
21728,22157,35526,43885,57254,57683,1
3023,37534,57921,40557,60944,95455,0
13001,97550,75223,110551,88224,172773,0
3881,64312,22957,68193,26838,87269,0
29309,86128,63803,115437,93112,149931,1
58786,90580,72722,149366,131508,163302,1
66131,37801,18876,103932,85007,56677,0
68055,79241,3840,147296,71895,83081,0
34269,21263,45516,55532,79785,66779,1
44367,78649,86911,123016,131278,165560,1
50047,20020,93016,70067,143063,113036,0
24137,43268,75261,67405,99398,118529,0
67329,17852,63759,85181,131088,81611,1
65916,36013,91981,101929,157897,127994,1
27043,18521,93788,45564,120831,112309,0
65179,4065,4767,69244,69946,8832,0
22587,12328,61388,34915,83975,73716,0
39343,95470,69908,134813,109251,165378,1
48653,56624,48073,105277,96726,104697,1
59357,86921,1682,146278,61039,88603,0
14759,38350,71681,53109,86440,110031,0
28413,57344,44145,85757,72558,101489,1
77608,97020,1368,174628,78976,98388,0
21683,46942,62593,68625,84276,109535,1
88508,63051,2037,151559,90545,65088,0
30109,92291,19474,122400,49583,111765,0
57869,5756,62071,63625,119940,67827,1
55037,32156,69095,87193,124132,101251,1
42627,51183,63666,93810,106293,114849,1
57770,43018,63631,100788,121401,106649,1
4842,94856,46436,99698,51278,141292,0
89521,15531,93633,105052,183154,109164,1
74805,2097,88524,76902,163329,90621,0
3821,39718,8920,43539,12741,48638,0
56753,15643,90807,72396,147560,106450,0
87277,86505,49265,173782,136542,135770,1
24861,63325,448,88186,25309,63773,0
61125,36601,25190,97726,86315,61791,1
39758,78255,62550,118013,102308,140805,1
94483,84503,67037,178986,161520,151540,1
21689,65841,60116,87530,81805,125957,1
62398,22095,57977,84493,120375,80072,1
68925,48467,66526,117392,135451,114993,1
81574,31478,40549,113052,122123,72027,0
21073,76636,83208,97709,104281,159844,1
73327,11468,67216,84795,140543,78684,1
94115,27050,95496,121165,189611,122546,1
12192,41730,45725,53922,57917,87455,1
95881,82118,92931,177999,188812,175049,1
37423,85960,75464,123383,112887,161424,1
50333,70733,522,121066,50855,71255,0
95510,76152,96365,171662,191875,172517,1
1015,75652,14442,76667,15457,90094,0
36583,4336,18271,40919,54854,22607,0
40907,93057,76699,133964,117606,169756,1
9509,19769,51287,29278,60796,71056,0
35431,61448,53649,96879,89080,115097,1
81495,31367,82662,112862,164157,114029,1
7255,6170,59345,13425,66600,65515,0
39103,48270,19057,87373,58160,67327,1
18916,95503,85572,114419,104488,181075,1
84668,6974,60352,91642,145020,67326,0
64534,61887,98140,126421,162674,160027,1
89985,22302,67395,112287,157380,89697,0
18339,90332,67312,108671,85651,157644,0
72415,28598,59907,101013,132322,88505,1
78247,85162,46244,163409,124491,131406,1
59511,95946,42829,155457,102340,138775,1
57562,66478,10389,124040,67951,76867,1
32348,46327,82635,78675,114983,128962,0
80734,40567,85932,121301,166666,126499,1
66519,36247,79130,102766,145649,115377,1
88141,53018,66735,141159,154876,119753,1
92037,63387,7806,155424,99843,71193,0
16024,23481,12226,39505,28250,35707,1
10416,5124,7850,15540,18266,12974,1
36393,33177,8047,69570,44440,41224,1
13379,84313,1821,97692,15200,86134,0
47299,71436,66866,118735,114165,138302,1
4139,77215,39208,81354,43347,116423,0
40448,86379,90092,126827,130540,176471,1
83188,70123,20422,153311,103610,90545,1
28670,42617,38341,71287,67011,80958,1
80932,63610,9393,144542,90325,73003,0
50646,49577,14305,100223,64951,63882,1
40698,89028,23469,129726,64167,112497,0
14743,31596,51367,46339,66110,82963,0
45940,47825,25704,93765,71644,73529,1
91768,63845,37397,155613,129165,101242,1
8696,4499,35985,13195,44681,40484,0
70532,7218,67255,77750,137787,74473,1
25304,32325,9416,57629,34720,41741,1
87980,84414,67655,172394,155635,152069,1
12793,14972,11197,27765,23990,26169,1
22451,86203,36453,108654,58904,122656,0
89032,92671,58287,181703,147319,150958,1
12036,28993,83450,41029,95486,112443,0
93880,95925,12911,189805,106791,108836,1
89937,12918,31438,102855,121375,44356,0
95427,407,87948,95834,183375,88355,0
78823,21994,38503,100817,117326,60497,0
12960,92014,18732,104974,31692,110746,0
62395,58730,58013,121125,120408,116743,1
31336,500,21545,31836,52881,22045,0
42745,91346,48762,134091,91507,140108,1
776,59483,13507,60259,14283,72990,0
41094,1852,72842,42946,113936,74694,0
1676,39547,84448,41223,86124,123995,0
26138,86798,80575,112936,106713,167373,1
57832,95928,61381,153760,119213,157309,1
17634,43892,8017,61526,25651,51909,0
31743,65061,76337,96804,108080,141398,1
87052,99535,59370,186587,146422,158905,1
54019,48359,78120,102378,132139,126479,1
46804,83471,42749,130275,89553,126220,1
76928,81941,55781,158869,132709,137722,1
85864,38515,26486,124379,112350,65001,0
12676,57893,60682,70569,73358,118575,1
68880,29287,93570,98167,162450,122857,1
73405,37702,46371,111107,119776,84073,1
53355,28326,21397,81681,74752,49723,0
6961,93710,55612,100671,62573,149322,0
88762,47545,23480,136307,112242,71025,0
99281,97377,23024,196658,122305,120401,1
90421,47427,58618,137848,149039,106045,1
4810,59512,24647,64322,29457,84159,0
28337,39905,43241,68242,71578,83146,1
66058,47698,99412,113756,165470,147110,1
63652,26606,14073,90258,77725,40679,0
95408,62554,31495,157962,126903,94049,0
80147,45142,22800,125289,102947,67942,0
5269,71048,92736,76317,98005,163784,0
35745,56958,89833,92703,125578,146791,1
46204,32431,61246,78635,107450,93677,1
65706,99240,99465,164946,165171,198705,1
32584,1736,29505,34320,62089,31241,0
52398,85267,60733,137665,113131,146000,1
81172,42447,12022,123619,93194,54469,0
53580,10188,72283,63768,125863,82471,0
73941,33397,7850,107338,81791,41247,0
24340,58576,82262,82916,106602,140838,1
95444,8907,99990,104351,195434,108897,1
28649,29219,53444,57868,82093,82663,1
71809,58649,25465,130458,97274,84114,1
12306,95139,45242,107445,57548,140381,0
78554,1730,91751,80284,170305,93481,0
91136,91567,4247,182703,95383,95814,1
24259,7760,27146,32019,51405,34906,1
31935,66518,57660,98453,89595,124178,1
13471,94195,75423,107666,88894,169618,0
321,93655,27541,93976,27862,121196,0
57835,38019,99297,95854,157132,137316,0
28402,68736,25316,97138,53718,94052,0
277,7050,22701,7327,22978,29751,0
12969,97878,21885,110847,34854,119763,0
44126,32298,56696,76424,100822,88994,1
79850,25620,90030,105470,169880,115650,1
11800,25989,57480,37789,69280,83469,0
21169,80834,17144,102003,38313,97978,0
36216,27272,96448,63488,132664,123720,0
50160,44919,79624,95079,129784,124543,1
28401,64711,13536,93112,41937,78247,0
17599,57700,17152,75299,34751,74852,0
52418,68173,93798,120591,146216,161971,1
47210,71474,24199,118684,71409,95673,0
93581,24203,15578,117784,109159,39781,0
36023,72217,80716,108240,116739,152933,1
66619,61983,27454,128602,94073,89437,1
94689,37113,59628,131802,154317,96741,1
63115,95698,39748,158813,102863,135446,1
26509,75068,22858,101577,49367,97926,0
45981,90479,73624,136460,119605,164103,1
58425,96250,25067,154675,83492,121317,0
74475,58212,27534,132687,102009,85746,1
54957,18506,71395,73463,126352,89901,1
21083,30351,32368,51434,53451,62719,1
31542,45981,23460,77523,55002,69441,1
57916,20533,49745,78449,107661,70278,1
96875,33892,87744,130767,184619,121636,1
88817,24291,89022,113108,177839,113313,1
30950,53476,68608,84426,99558,122084,1
23935,62330,74897,86265,98832,137227,1
48309,25724,80108,74033,128417,105832,0
25367,62667,24801,88034,50168,87468,0
9278,40397,16029,49675,25307,56426,0
25037,46001,67910,71038,92947,113911,1
90526,48924,10023,139450,100549,58947,0
76209,40439,79543,116648,155752,119982,1
26681,44607,71414,71288,98095,116021,0
73449,21448,86270,94897,159719,107718,1
88209,34501,86615,122710,174824,121116,1
90807,38317,84081,129124,174888,122398,1
33996,58937,10948,92933,44944,69885,0
20019,63590,100,83609,20119,63690,0
8973,77740,81046,86713,90019,158786,1
91713,47347,15951,139060,107664,63298,0
26114,26364,87986,52478,114100,114350,0
64310,52598,84067,116908,148377,136665,1
73814,21974,28985,95788,102799,50959,0
83597,82011,24520,165608,108117,106531,1
52788,6855,14514,59643,67302,21369,0
65586,39561,43930,105147,109516,83491,1
53357,41589,55261,94946,108618,96850,1
66747,96043,67766,162790,134513,163809,1
821,25060,21797,25881,22618,46857,0
71599,37075,90001,108674,161600,127076,1
93083,36697,30804,129780,123887,67501,0
33995,3959,58841,37954,92836,62800,0
33993,43466,89137,77459,123130,132603,0
9691,45992,63818,55683,73509,109810,0
99895,49901,1164,149796,101059,51065,0
27413,95473,52087,122886,79500,147560,0
10445,56319,99219,66764,109664,155538,0
29326,37031,75160,66357,104486,112191,0
38259,72112,90421,110371,128680,162533,1
70830,97780,99349,168610,170179,197129,1
13331,7497,84919,20828,98250,92416,0
70976,77592,8890,148568,79866,86482,1
76007,51420,61500,127427,137507,112920,1
62145,33753,93390,95898,155535,127143,1
82656,31264,12357,113920,95013,43621,0
4184,13043,52784,17227,56968,65827,0
14938,65961,94419,80899,109357,160380,0
26114,88715,57633,114829,83747,146348,0
58787,25863,6744,84650,65531,32607,0
26809,43847,52333,70656,79142,96180,1
72113,6248,91464,78361,163577,97712,0
52316,37446,66374,89762,118690,103820,1
21294,75378,67633,96672,88927,143011,1
47300,99344,28037,146644,75337,127381,0
46611,74895,14151,121506,60762,89046,0
28055,77129,18716,105184,46771,95845,0
79078,43981,62915,123059,141993,106896,1
85795,34722,3797,120517,89592,38519,0
77261,19951,5142,97212,82403,25093,0
15833,29926,35809,45759,51642,65735,1
17400,20171,39722,37571,57122,59893,0
82303,93397,37376,175700,119679,130773,1
7931,82666,97376,90597,105307,180042,0
6681,71917,20003,78598,26684,91920,0
5733,16448,20933,22181,26666,37381,1
53367,36048,453,89415,53820,36501,0
99545,85191,56484,184736,156029,141675,1
36948,50548,32867,87496,69815,83415,1
40934,3100,68373,44034,109307,71473,0
47166,42279,78239,89445,125405,120518,1
62095,9976,13622,72071,75717,23598,0
6943,36981,23451,43924,30394,60432,0
79179,75777,59381,154956,138560,135158,1
89229,98062,71337,187291,160566,169399,1
57410,37563,5077,94973,62487,42640,0
24761,56574,45239,81335,70000,101813,1
43358,70335,79941,113693,123299,150276,1
9682,99445,61503,109127,71185,160948,0
65709,69823,8831,135532,74540,78654,1
42897,38762,1088,81659,43985,39850,0
22038,62393,37719,84431,59757,100112,0
40150,68455,80194,108605,120344,148649,1
77704,22477,17662,100181,95366,40139,0
37874,57532,63004,95406,100878,120536,1
6507,42414,89866,48921,96373,132280,0
74097,19144,88852,93241,162949,107996,1
49935,65553,23641,115488,73576,89194,1
81565,16510,65237,98075,146802,81747,1
10559,31709,61072,42268,71631,92781,0
87248,85974,44113,173222,131361,130087,1
53318,69035,4303,122353,57621,73338,0
81725,88704,1943,170429,83668,90647,0
34495,85992,73900,120487,108395,159892,1
19841,48925,94381,68766,114222,143306,0
54267,16580,40754,70847,95021,57334,1
18989,6860,51527,25849,70516,58387,0
37546,46551,54390,84097,91936,100941,1
93869,7149,62388,101018,156257,69537,0
5604,43202,71842,48806,77446,115044,0
5203,76508,26122,81711,31325,102630,0
91224,55308,17828,146532,109052,73136,0
44839,1676,67593,46515,112432,69269,0
74860,9517,86584,84377,161444,96101,0
2598,70328,42399,72926,44997,112727,0
56952,75901,83020,132853,139972,158921,1
38958,33868,82226,72826,121184,116094,0
19888,99424,74094,119312,93982,173518,0
23690,14547,80100,38237,103790,94647,0
55972,25348,45777,81320,101749,71125,1
45014,38784,22333,83798,67347,61117,1
57778,38011,77103,95789,134881,115114,1
8986,63341,29761,72327,38747,93102,0
19075,62709,91415,81784,110490,154124,0
67839,93538,36610,161377,104449,130148,1
1511,7385,53270,8896,54781,60655,0
46977,46749,56105,93726,103082,102854,1
25273,39587,33446,64860,58719,73033,1
8422,10047,25115,18469,33537,35162,0
64266,95706,32127,159972,96393,127833,1
61578,77317,29077,138895,90655,106394,1
81861,46239,49524,128100,131385,95763,1
56491,23615,29044,80106,85535,52659,0
93359,38420,32382,131779,125741,70802,0
83183,33891,73137,117074,156320,107028,1
84526,92840,81832,177366,166358,174672,1
96088,89115,83318,185203,179406,172433,1
99164,85241,2878,184405,102042,88119,0
89849,42485,19871,132334,109720,62356,0
28624,40079,76702,68703,105326,116781,0
84897,88160,37367,173057,122264,125527,1
92149,36837,12011,128986,104160,48848,0
71185,11960,26988,83145,98173,38948,0
13156,18738,8485,31894,21641,27223,1
14933,66247,71972,81180,86905,138219,1
51388,64794,47107,116182,98495,111901,1
8183,68007,96678,76190,104861,164685,0
62876,33191,11065,96067,73941,44256,0
10032,1774,62763,11806,72795,64537,0
36987,99799,82679,136786,119666,182478,1
32379,49763,50460,82142,82839,100223,1
10518,1722,69615,12240,80133,71337,0
91850,40694,15011,132544,106861,55705,0
17104,32292,94442,49396,111546,126734,0
7440,12398,62072,19838,69512,74470,0
42203,51635,65401,93838,107604,117036,1
16632,41809,92335,58441,108967,134144,0
88928,32290,52019,121218,140947,84309,0
55526,23542,23473,79068,78999,47015,0
11537,22655,35859,34192,47396,58514,0
31172,62597,39627,93769,70799,102224,1
18774,61174,23811,79948,42585,84985,0
4183,84516,24821,88699,29004,109337,0
28410,80430,42289,108840,70699,122719,0
62549,23987,44590,86536,107139,68577,1
58815,6638,91431,65453,150246,98069,0
90926,21468,31207,112394,122133,52675,0
25219,76180,72952,101399,98171,149132,1
56504,60599,67939,117103,124443,128538,1
77413,66349,98306,143762,175719,164655,1
93169,68709,3368,161878,96537,72077,0
2476,46531,71552,49007,74028,118083,0
21979,8353,20190,30332,42169,28543,1
52324,84974,44039,137298,96363,129013,1
37984,41373,78114,79357,116098,119487,1
45240,60613,56047,105853,101287,116660,1
47275,19142,16232,66417,63507,35374,0
99680,97137,66956,196817,166636,164093,1
11605,18053,75467,29658,87072,93520,0
35026,18859,71616,53885,106642,90475,0
65361,6073,98239,71434,163600,104312,0
60934,78436,32265,139370,93199,110701,1
97435,47814,1395,145249,98830,49209,0
80642,76636,77217,157278,157859,153853,1
38239,81405,94391,119644,132630,175796,1
58300,25081,64122,83381,122422,89203,1
55257,73870,13874,129127,69131,87744,0
72413,49610,82038,122023,154451,131648,1
31099,41842,52844,72941,83943,94686,1
14825,15664,89633,30489,104458,105297,0
45824,66899,76029,112723,121853,142928,1
6031,4712,32067,10743,38098,36779,0
89986,67770,70578,157756,160564,138348,1
40607,76001,7329,116608,47936,83330,0
34527,39305,99693,73832,134220,138998,0
16453,64461,62012,80914,78465,126473,1
79502,76798,27979,156300,107481,104777,1
61358,90166,33115,151524,94473,123281,1
38554,27642,29914,66196,68468,57556,1
8184,28274,80794,36458,88978,109068,0
89467,10536,82265,100003,171732,92801,1
51569,2073,38597,53642,90166,40670,0
78083,60311,5989,138394,84072,66300,0
62633,97939,16979,160572,79612,114918,0
1994,53348,17410,55342,19404,70758,0
76210,66717,30980,142927,107190,97697,1
19091,81889,62691,100980,81782,144580,0
13343,59538,3118,72881,16461,62656,0
95556,64757,44003,160313,139559,108760,1
41421,55088,31719,96509,73140,86807,1
56085,48062,91029,104147,147114,139091,1
56536,491,51101,57027,107637,51592,0
29835,69608,30233,99443,60068,99841,0
89649,60007,9797,149656,99446,69804,0
97870,40381,14761,138251,112631,55142,0
53635,82125,92094,135760,145729,174219,1
43973,16110,18518,60083,62491,34628,0
8032,67479,16935,75511,24967,84414,0
69051,41057,68240,110108,137291,109297,1
95174,4354,23461,99528,118635,27815,0
16533,59416,22231,75949,38764,81647,0
32965,50413,25298,83378,58263,75711,1
21338,90654,42973,111992,64311,133627,0
48864,98032,71273,146896,120137,169305,1
43881,74116,26143,117997,70024,100259,0
94390,8084,70268,102474,164658,78352,0
53459,76758,32118,130217,85577,108876,1
14667,69444,8476,84111,23143,77920,0
9714,21610,79738,31324,89452,101348,0
12505,88567,9707,101072,22212,98274,0
20367,3833,15818,24200,36185,19651,0
57134,99411,70754,156545,127888,170165,1
4812,58715,51054,63527,55866,109769,0
18560,1626,83594,20186,102154,85220,0
27287,63338,11295,90625,38582,74633,0
11080,69947,27719,81027,38799,97666,0
16780,14044,66196,30824,82976,80240,0
17973,4710,26520,22683,44493,31230,0
74055,57892,40397,131947,114452,98289,1
70213,5130,62281,75343,132494,67411,0
43262,87810,82309,131072,125571,170119,1
34392,10489,65070,44881,99462,75559,0
42036,86034,95796,128070,137832,181830,1
63825,88452,83906,152277,147731,172358,1
89991,44028,70067,134019,160058,114095,1
99498,60016,69302,159514,168800,129318,1
34529,56912,39246,91441,73775,96158,1
82883,55743,78096,138626,160979,133839,1
71203,42813,66602,114016,137805,109415,1
80666,8173,61650,88839,142316,69823,0
84526,92862,95799,177388,180325,188661,1
12686,17460,18204,30146,30890,35664,1
64075,86043,46468,150118,110543,132511,1
40892,38644,55981,79536,96873,94625,1
86365,59674,98085,146039,184450,157759,1
42926,97426,65883,140352,108809,163309,1
25158,36653,2699,61811,27857,39352,0
48800,74638,17438,123438,66238,92076,0
88609,55720,48991,144329,137600,104711,1
25634,98997,69715,124631,95349,168712,0
81563,7844,60522,89407,142085,68366,0
56589,28970,81829,85559,138418,110799,1
62304,35413,74089,97717,136393,109502,1
81407,7416,36806,88823,118213,44222,0
23200,74505,31736,97705,54936,106241,0
68616,17675,50078,86291,118694,67753,0
69396,59698,39296,129094,108692,98994,1
79873,28496,85695,108369,165568,114191,1
83011,73948,72474,156959,155485,146422,1
74003,74205,95202,148208,169205,169407,1
61165,86230,38766,147395,99931,124996,1
87548,15644,81704,103192,169252,97348,1
51157,36335,65478,87492,116635,101813,1
59295,74950,79234,134245,138529,154184,1
70248,11719,47603,81967,117851,59322,0
34855,12891,94084,47746,128939,106975,0
74332,6461,41346,80793,115678,47807,0
59664,20314,44526,79978,104190,64840,1
52116,74352,52920,126468,105036,127272,1
37181,47005,32241,84186,69422,79246,1
73016,30454,31757,103470,104773,62211,0
19337,33627,56533,52964,75870,90160,0
90784,39380,68253,130164,159037,107633,1
37400,82318,85071,119718,122471,167389,1
66328,98335,86104,164663,152432,184439,1
99649,74493,52927,174142,152576,127420,1
97175,46461,93320,143636,190495,139781,1
76713,33943,20453,110656,97166,54396,0
3941,15991,35928,19932,39869,51919,0
49156,98507,51457,147663,100613,149964,1
62389,99697,56011,162086,118400,155708,1
31476,91252,69533,122728,101009,160785,1
64400,81222,51575,145622,115975,132797,1
55772,45540,60204,101312,115976,105744,1
1503,72927,44521,74430,46024,117448,0
24899,59157,66,84056,24965,59223,0
82988,31307,8638,114295,91626,39945,0
75747,32525,94854,108272,170601,127379,1
46352,63719,23069,110071,69421,86788,1
46003,16487,80529,62490,126532,97016,0
32408,31068,22501,63476,54909,53569,1
67972,23350,79153,91322,147125,102503,1
46086,29796,73291,75882,119377,103087,1
32755,75848,54379,108603,87134,130227,1
31913,96717,88693,128630,120606,185410,1
82497,99150,16728,181647,99225,115878,1
15446,23917,69039,39363,84485,92956,0
41285,26243,70253,67528,111538,96496,0
43380,23602,8284,66982,51664,31886,0
3987,40132,44007,44119,47994,84139,1
79260,83561,13953,162821,93213,97514,1
93562,90315,12216,183877,105778,102531,1
38608,92189,6823,130797,45431,99012,0
44974,82515,59697,127489,104671,142212,1
39230,53433,29268,92663,68498,82701,1
95908,73773,80040,169681,175948,153813,1
37937,41731,53848,79668,91785,95579,1
11378,8312,98857,19690,110235,107169,0
7547,82559,88875,90106,96422,171434,1
1176,63889,73918,65065,75094,137807,0
65421,53798,29758,119219,95179,83556,1
80252,37957,85821,118209,166073,123778,1
72400,53698,49580,126098,121980,103278,1
27300,53224,46678,80524,73978,99902,1
70843,55700,27863,126543,98706,83563,1
35354,32813,38971,68167,74325,71784,1
26763,99874,58137,126637,84900,158011,0
95348,47782,93719,143130,189067,141501,1
47604,85142,8632,132746,56236,93774,0
87333,41802,24262,129135,111595,66064,0
65795,2284,64585,68079,130380,66869,1
93208,40540,7525,133748,100733,48065,0
60851,7453,61423,68304,122274,68876,1
70745,94969,20068,165714,90813,115037,0
22701,4793,77777,27494,100478,82570,0
72775,73370,69641,146145,142416,143011,1
54896,54069,51751,108965,106647,105820,1
11009,27216,94037,38225,105046,121253,0
28433,93054,48768,121487,77201,141822,0
37354,25215,8596,62569,45950,33811,0
41735,55052,81500,96787,123235,136552,1
5193,19658,93354,24851,98547,113012,0
26357,96244,49751,122601,76108,145995,0
30994,13638,70257,44632,101251,83895,0
70192,22141,84076,92333,154268,106217,1
76137,75959,22848,152096,98985,98807,1
55820,32026,39704,87846,95524,71730,1
84406,82137,30654,166543,115060,112791,1
67115,73446,24900,140561,92015,98346,1
83691,36193,25134,119884,108825,61327,0
11193,82050,66346,93243,77539,148396,0
80184,83339,86766,163523,166950,170105,1
90039,59802,86374,149841,176413,146176,1
98083,30489,95259,128572,193342,125748,1
25947,17744,55167,43691,81114,72911,0
29010,19253,49524,48263,78534,68777,0
90229,39473,5644,129702,95873,45117,0
46121,3371,61327,49492,107448,64698,0
15794,15368,34116,31162,49910,49484,0
34888,51854,99449,86742,134337,151303,0
16659,9145,73048,25804,89707,82193,0
38267,84747,74102,123014,112369,158849,1
58074,9519,67876,67593,125950,77395,0
59798,58512,89895,118310,149693,148407,1
89540,88085,79854,177625,169394,167939,1
47019,13197,60294,60216,107313,73491,0
87726,17665,63370,105391,151096,81035,0
1121,71504,52575,72625,53696,124079,0
19839,8443,33119,28282,52958,41562,0
36116,69711,87139,105827,123255,156850,1
18477,7553,73535,26030,92012,81088,0
68906,86625,4159,155531,73065,90784,0
17516,51342,802,68858,18318,52144,0
49617,7111,89996,56728,139613,97107,0
7156,15617,83778,22773,90934,99395,0
60597,99065,5810,159662,66407,104875,0
9603,11871,6171,21474,15774,18042,1
51684,17108,46320,68792,98004,63428,1
51874,13902,9086,65776,60960,22988,0
49385,41906,94932,91291,144317,136838,0
17829,34402,46209,52231,64038,80611,1
11500,95787,28213,107287,39713,124000,0
84748,12686,82247,97434,166995,94933,1
75980,25012,37589,100992,113569,62601,0
89652,62748,11833,152400,101485,74581,0
18836,14647,54208,33483,73044,68855,0
8355,81956,28632,90311,36987,110588,0
17837,55824,8098,73661,25935,63922,0
96848,33480,26565,130328,123413,60045,0
29822,79899,15500,109721,45322,95399,0
81380,46418,76614,127798,157994,123032,1
94655,6452,24494,101107,119149,30946,0
95630,32088,80137,127718,175767,112225,1
22392,32229,2672,54621,25064,34901,0
8800,31193,58911,39993,67711,90104,0
68033,97176,36038,165209,104071,133214,1
93969,3040,64497,97009,158466,67537,0
38723,97875,6348,136598,45071,104223,0
4095,64219,53004,68314,57099,117223,0
41923,70262,90289,112185,132212,160551,1
16025,20924,61058,36949,77083,81982,0
23642,69597,16344,93239,39986,85941,0
41811,38397,61692,80208,103503,100089,1
50702,39337,93943,90039,144645,133280,0
56648,25972,44823,82620,101471,70795,1
14193,39372,81553,53565,95746,120925,0
15765,40582,40164,56347,55929,80746,1
87,72948,28072,73035,28159,101020,0
7934,85977,47964,93911,55898,133941,0
66097,31591,52199,97688,118296,83790,1
26546,65091,59158,91637,85704,124249,1
5781,33262,88225,39043,94006,121487,0
67721,53597,71237,121318,138958,124834,1
78195,14314,36254,92509,114449,50568,0
42693,66866,98983,109559,141676,165849,1
8897,81845,79818,90742,88715,161663,1
85124,74830,46480,159954,131604,121310,1
83374,29128,69989,112502,153363,99117,1
88942,86214,76179,175156,165121,162393,1
63233,22747,74539,85980,137772,97286,1
81467,54934,93687,136401,175154,148621,1
23156,56224,34701,79380,57857,90925,1
16301,73672,50294,89973,66595,123966,0
77952,87991,88512,165943,166464,176503,1
76114,37570,15122,113684,91236,52692,0
26814,17206,32673,44020,59487,49879,1
31626,96529,17573,128155,49199,114102,0
21259,44149,16560,65408,37819,60709,0
92646,3342,70977,95988,163623,74319,0
95378,45561,1797,140939,97175,47358,0
10714,51619,35363,62333,46077,86982,0
67321,71172,3857,138493,71178,75029,1
73629,75202,40484,148831,114113,115686,1
96213,91488,67675,187701,163888,159163,1
67820,29654,65005,97474,132825,94659,1
32181,19197,93324,51378,125505,112521,0
80027,36781,65022,116808,145049,101803,1
14888,19589,22279,34477,37167,41868,1
15817,69228,67331,85045,83148,136559,1
71456,66093,76749,137549,148205,142842,1
57107,44457,28732,101564,85839,73189,1
48998,60398,9793,109396,58791,70191,0
53018,5966,77545,58984,130563,83511,0
48338,73593,38055,121931,86393,111648,1
64291,96405,97657,160696,161948,194062,1
82413,16822,29660,99235,112073,46482,0
68814,94489,25779,163303,94593,120268,1
7336,11527,26846,18863,34182,38373,0
47512,90567,66667,138079,114179,157234,1
58822,52110,88207,110932,147029,140317,1
13217,48924,48513,62141,61730,97437,1
19394,86775,60032,106169,79426,146807,0
68047,92822,4165,160869,72212,96987,0
39821,88297,33593,128118,73414,121890,0
54476,32771,54084,87247,108560,86855,1
46696,62646,31467,109342,78163,94113,1
39491,26263,39598,65754,79089,65861,1
59420,49771,59224,109191,118644,108995,1
62229,85293,3063,147522,65292,88356,0
22020,83970,94589,105990,116609,178559,1
73852,25302,87782,99154,161634,113084,1
43415,33414,65322,76829,108737,98736,1
53879,10043,79599,63922,133478,89642,0
61902,9714,63021,71616,124923,72735,1
62760,84748,95103,147508,157863,179851,1
87049,62234,99460,149283,186509,161694,1
59441,71738,35254,131179,94695,106992,1
58806,33265,99861,92071,158667,133126,0
19935,74364,93062,94299,112997,167426,1
11109,21502,52304,32611,63413,73806,0
723,63948,80608,64671,81331,144556,0
91229,62969,47835,154198,139064,110804,1
37700,45531,39941,83231,77641,85472,1
99133,23894,36600,123027,135733,60494,0
29607,94496,8580,124103,38187,103076,0
8526,54097,94671,62623,103197,148768,0
746,13785,62022,14531,62768,75807,0
24640,33953,33230,58593,57870,67183,1
24855,24628,90323,49483,115178,114951,0
76624,11687,38357,88311,114981,50044,0
584,76682,99558,77266,100142,176240,0
35383,6933,88664,42316,124047,95597,0
78300,47994,78905,126294,157205,126899,1
28284,86887,69071,115171,97355,155958,1
76406,22312,2855,98718,79261,25167,0
73916,60792,28073,134708,101989,88865,1
17775,63842,82040,81617,99815,145882,0
78929,90924,64547,169853,143476,155471,1
3524,62199,96362,65723,99886,158561,0
45421,4277,42448,49698,87869,46725,1
34391,13134,21534,47525,55925,34668,1
56913,66003,77409,122916,134322,143412,1
46586,55726,58010,102312,104596,113736,1
17756,94556,65494,112312,83250,160050,0
58463,94510,66796,152973,125259,161306,1
34017,23852,78450,57869,112467,102302,0
2654,26563,68532,29217,71186,95095,0
58653,23243,63260,81896,121913,86503,1
9658,97311,81861,106969,91519,179172,0
61206,43126,82804,104332,144010,125930,1
3472,9194,20832,12666,24304,30026,0
28364,86765,47398,115129,75762,134163,0
91381,99438,90263,190819,181644,189701,1
53926,70311,71605,124237,125531,141916,1
98861,81485,77533,180346,176394,159018,1
16044,11838,13551,27882,29595,25389,1
44532,75375,37827,119907,82359,113202,1
86228,53597,17570,139825,103798,71167,0
58127,34125,61419,92252,119546,95544,1
46836,24015,41099,70851,87935,65114,1
8492,47531,67841,56023,76333,115372,0
84798,29228,82778,114026,167576,112006,1
25022,37722,85307,62744,110329,123029,0
19621,46392,95347,66013,114968,141739,0
21939,23220,81207,45159,103146,104427,0
3767,49770,11497,53537,15264,61267,0
20612,42156,36411,62768,57023,78567,1
13067,46872,62966,59939,76033,109838,0
35125,88560,54156,123685,89281,142716,1
81832,69525,86425,151357,168257,155950,1
80415,68855,21182,149270,101597,90037,1
72893,33449,21197,106342,94090,54646,0
54332,46831,24109,101163,78441,70940,1
83341,27261,71953,110602,155294,99214,1
47258,16760,64798,64018,112056,81558,0
79861,84033,66351,163894,146212,150384,1
98611,22592,5703,121203,104314,28295,0
95033,18508,30910,113541,125943,49418,0
70457,43176,82070,113633,152527,125246,1
20849,63648,79626,84497,100475,143274,1
23598,15119,32637,38717,56235,47756,1
91806,21951,10407,113757,102213,32358,0
50307,29952,24971,80259,75278,54923,1
99449,90032,76686,189481,176135,166718,1
81054,96577,60233,177631,141287,156810,1
13418,18759,12656,32177,26074,31415,1
32814,85399,82625,118213,115439,168024,1
91371,95259,46369,186630,137740,141628,1
35099,32743,75836,67842,110935,108579,0
71364,18870,97141,90234,168505,116011,0
44125,82162,79389,126287,123514,161551,1
67962,86191,30141,154153,98103,116332,1
25905,60645,44518,86550,70423,105163,1
62245,69658,46943,131903,109188,116601,1
92325,17169,67303,109494,159628,84472,0
22604,57891,27757,80495,50361,85648,0
5641,68061,32472,73702,38113,100533,0
77830,54197,84521,132027,162351,138718,1
16498,93465,51688,109963,68186,145153,0
62633,58359,57197,120992,119830,115556,1
13272,5512,6448,18784,19720,11960,0
48062,10643,11334,58705,59396,21977,0
4462,20148,17821,24610,22283,37969,1
42352,84089,29604,126441,71956,113693,0
5786,51913,1155,57699,6941,53068,0
18689,44639,95299,63328,113988,139938,0
98338,19150,9351,117488,107689,28501,0
95468,15565,84087,111033,179555,99652,1
80651,32867,79633,113518,160284,112500,1
200,13998,64742,14198,64942,78740,0
34225,73194,21954,107419,56179,95148,0
77201,87414,29988,164615,107189,117402,1
27610,63531,10907,91141,38517,74438,0
54149,28345,98151,82494,152300,126496,0
59165,88777,19161,147942,78326,107938,0
57433,35732,69924,93165,127357,105656,1
57655,21259,70910,78914,128565,92169,1
39269,42543,77454,81812,116723,119997,1
74826,41333,84438,116159,159264,125771,1
49965,67196,72280,117161,122245,139476,1
57342,90632,40948,147974,98290,131580,1
71174,21873,19734,93047,90908,41607,0
40898,33507,53092,74405,93990,86599,1
22188,13891,90601,36079,112789,104492,0
33052,63854,24485,96906,57537,88339,0
19067,76536,88397,95603,107464,164933,1
86387,93247,11783,179634,98170,105030,1
15393,73402,65604,88795,80997,139006,1
9989,72880,28,82869,10017,72908,0
59680,26734,32711,86414,92391,59445,0
24245,54509,15271,78754,39516,69780,0
56009,63298,98547,119307,154556,161845,1
32323,60323,44820,92646,77143,105143,1
97296,12726,39693,110022,136989,52419,0
69568,79730,8525,149298,78093,88255,0
34753,55096,68152,89849,102905,123248,1
64861,50610,77611,115471,142472,128221,1
11421,62418,48860,73839,60281,111278,0
57683,64195,92335,121878,150018,156530,1
99342,19946,21924,119288,121266,41870,0
4659,72881,36744,77540,41403,109625,0
61356,15829,23334,77185,84690,39163,0
87393,27133,56366,114526,143759,83499,0
75835,22713,51104,98548,126939,73817,0
13330,52234,2362,65564,15692,54596,0
43583,34770,23843,78353,67426,58613,1
91317,86099,89868,177416,181185,175967,1
55197,68288,73144,123485,128341,141432,1
9096,58636,69925,67732,79021,128561,0
21223,75071,76740,96294,97963,151811,1
13409,73556,29695,86965,43104,103251,0
26973,43357,78827,70330,105800,122184,0
84495,34028,23741,118523,108236,57769,0
70632,31437,7638,102069,78270,39075,0
63992,37801,53587,101793,117579,91388,1
49252,78747,39263,127999,88515,118010,1
17344,32305,21948,49649,39292,54253,1
99076,96102,27252,195178,126328,123354,1
23612,3533,73451,27145,97063,76984,0
11085,63971,68895,75056,79980,132866,1
18791,8789,37538,27580,56329,46327,0
4964,69966,56726,74930,61690,126692,0
87374,81051,44219,168425,131593,125270,1
39085,52852,24913,91937,63998,77765,1
28572,8957,23127,37529,51699,32084,1
3191,70464,92965,73655,96156,163429,0
30228,74207,38641,104435,68869,112848,0
52266,20098,58230,72364,110496,78328,1
42326,51109,56306,93435,98632,107415,1
30854,13384,62667,44238,93521,76051,0
64704,89400,39879,154104,104583,129279,1
94836,28823,81696,123659,176532,110519,1
40326,97664,64870,137990,105196,162534,1
75380,1156,31754,76536,107134,32910,0
90955,61705,22751,152660,113706,84456,0
4038,91530,33680,95568,37718,125210,0
84964,46561,82606,131525,167570,129167,1
30728,72463,54119,103191,84847,126582,1
26486,28435,74852,54921,101338,103287,0
98401,11578,1171,109979,99572,12749,0
61586,53093,83454,114679,145040,136547,1
75692,4002,2302,79694,77994,6304,0
67458,38215,64437,105673,131895,102652,1
34490,75210,24883,109700,59373,100093,0
68645,53238,65280,121883,133925,118518,1
59680,18695,41500,78375,101180,60195,1
80653,51623,42430,132276,123083,94053,1
59440,20782,39259,80222,98699,60041,1
8870,5455,32467,14325,41337,37922,0
81845,68679,19532,150524,101377,88211,1
75281,87268,22200,162549,97481,109468,1
42394,99669,39244,142063,81638,138913,0
13416,29323,27628,42739,41044,56951,1
94223,61815,12960,156038,107183,74775,0
61137,98070,2548,159207,63685,100618,0
88875,27991,82801,116866,171676,110792,1
31864,16385,66867,48249,98731,83252,0
75509,50518,68393,126027,143902,118911,1
92597,20171,42458,112768,135055,62629,0
42198,56991,95674,99189,137872,152665,1
72485,40778,11320,113263,83805,52098,0
25303,47391,83117,72694,108420,130508,0
23811,93963,37928,117774,61739,131891,0
20589,54773,87816,75362,108405,142589,0
55507,45672,34170,101179,89677,79842,1
7705,70549,87282,78254,94987,157831,0
67880,91852,35838,159732,103718,127690,1
59089,50375,57949,109464,117038,108324,1
76203,11028,77631,87231,153834,88659,1
39787,70016,57320,109803,97107,127336,1
68341,54812,44409,123153,112750,99221,1
45903,46097,59082,92000,104985,105179,1
8671,32133,94104,40804,102775,126237,0
81487,96408,5090,177895,86577,101498,0
58554,35192,56814,93746,115368,92006,1
56373,40992,15068,97365,71441,56060,0
57589,35411,22724,93000,80313,58135,1
66171,82607,68838,148778,135009,151445,1
78452,50663,22786,129115,101238,73449,0
66680,52516,17046,119196,83726,69562,1
57843,37126,65011,94969,122854,102137,1
24533,8262,70028,32795,94561,78290,0
93520,49501,86400,143021,179920,135901,1
88565,68611,37694,157176,126259,106305,1
73806,43073,70469,116879,144275,113542,1
83941,19640,39415,103581,123356,59055,0
5282,34269,41299,39551,46581,75568,0
44723,25047,27086,69770,71809,52133,1
22546,21181,96155,43727,118701,117336,0
2923,11725,10347,14648,13270,22072,1
45027,42502,8296,87529,53323,50798,1
60997,63803,52256,124800,113253,116059,1
3595,85435,87920,89030,91515,173355,1
21323,48797,87747,70120,109070,136544,0
8939,65911,81733,74850,90672,147644,0
51615,25533,5634,77148,57249,31167,0
71156,60015,49776,131171,120932,109791,1
68756,19321,7545,88077,76301,26866,0
6406,27552,26317,33958,32723,53869,1
19294,93480,46907,112774,66201,140387,0
79377,72493,80635,151870,160012,153128,1
20158,49545,86217,69703,106375,135762,0
33875,7728,68571,41603,102446,76299,0
53134,15680,11465,68814,64599,27145,0
83613,68908,98688,152521,182301,167596,1
89141,45917,61046,135058,150187,106963,1
60465,71772,89776,132237,150241,161548,1
84230,59935,88094,144165,172324,148029,1
11651,29121,71520,40772,83171,100641,0
88445,32347,25077,120792,113522,57424,0
97684,99741,88152,197425,185836,187893,1
26094,59632,95346,85726,121440,154978,0
26112,24949,71329,51061,97441,96278,0
70771,44240,34159,115011,104930,78399,1
78756,12304,60292,91060,139048,72596,0
15891,27790,73632,43681,89523,101422,0
93207,68972,18729,162179,111936,87701,0
83889,33718,59215,117607,143104,92933,1
59015,56719,17919,115734,76934,74638,1
46011,19376,92529,65387,138540,111905,0
29217,99239,60489,128456,89706,159728,0
9945,6638,37184,16583,47129,43822,0
68478,4471,65137,72949,133615,69608,1
64777,54940,85620,119717,150397,140560,1
32432,86381,43359,118813,75791,129740,0
94739,36522,31383,131261,126122,67905,0
79023,8525,70269,87548,149292,78794,0
8967,96251,53781,105218,62748,150032,0
99888,20509,15534,120397,115422,36043,0
97477,99995,66624,197472,164101,166619,1
55309,56706,76572,112015,131881,133278,1
9145,11870,27674,21015,36819,39544,0
68992,57667,23317,126659,92309,80984,1
19110,85056,72386,104166,91496,157442,1
83110,10538,4142,93648,87252,14680,0
14263,16124,12302,30387,26565,28426,1
85222,53377,58637,138599,143859,112014,1
75919,47686,29844,123605,105763,77530,1
27001,6593,5303,33594,32304,11896,0
11085,46173,17185,57258,28270,63358,0
48840,86143,3343,134983,52183,89486,0
43424,31712,50238,75136,93662,81950,1
27679,88982,85168,116661,112847,174150,1
12951,65,99805,13016,112756,99870,0
99269,17852,43984,117121,143253,61836,0
24439,77432,76176,101871,100615,153608,1
82703,68350,88791,151053,171494,157141,1
89444,75151,76827,164595,166271,151978,1
62786,60403,75054,123189,137840,135457,1
50801,9178,11396,59979,62197,20574,0
1162,74538,6191,75700,7353,80729,0
2783,7459,13726,10242,16509,21185,0
96265,57318,3953,153583,100218,61271,0
67418,74344,7495,141762,74913,81839,1
59221,70091,57761,129312,116982,127852,1
67485,8149,90349,75634,157834,98498,0
58097,91098,76972,149195,135069,168070,1
8922,69589,77849,78511,86771,147438,1
12063,77483,74397,89546,86460,151880,1
73879,36791,30989,110670,104868,67780,0
6974,46205,68180,53179,75154,114385,0
27243,70019,73346,97262,100589,143365,1
99938,13909,57022,113847,156960,70931,0
62637,67962,58147,130599,120784,126109,1
11093,80050,36134,91143,47227,116184,0
71155,15641,34666,86796,105821,50307,0
90041,11694,29381,101735,119422,41075,0
65977,89282,95563,155259,161540,184845,1
62680,88125,30936,150805,93616,119061,1
26097,84931,93607,111028,119704,178538,1
27703,70766,3641,98469,31344,74407,0
75536,1005,82162,76541,157698,83167,0
99776,20661,36821,120437,136597,57482,0
22503,90826,41849,113329,64352,132675,0
21896,8390,86592,30286,108488,94982,0
63674,50342,99511,114016,163185,149853,1
10252,67442,713,77694,10965,68155,0
20171,46959,47443,67130,67614,94402,1
83465,97817,4613,181282,88078,102430,0
91832,95477,67463,187309,159295,162940,1
55045,83045,30554,138090,85599,113599,1
31461,51896,68191,83357,99652,120087,1
72819,36977,39396,109796,112215,76373,1
94305,46891,18772,141196,113077,65663,0
29474,56052,39816,85526,69290,95868,1
24920,43973,89506,68893,114426,133479,0
52391,92804,30869,145195,83260,123673,0
39202,19540,35769,58742,74971,55309,1
85871,44039,36390,129910,122261,80429,0
7075,61116,634,68191,7709,61750,0
34233,7470,2689,41703,36922,10159,0
9758,252,31984,10010,41742,32236,0
29191,85980,96582,115171,125773,182562,1
87211,18442,27705,105653,114916,46147,0
51910,3363,40099,55273,92009,43462,0
14212,45676,73377,59888,87589,119053,0
80751,1552,5251,82303,86002,6803,0
99339,78145,49760,177484,149099,127905,1
3856,22570,38668,26426,42524,61238,0
11025,53092,93135,64117,104160,146227,0
76440,15029,35897,91469,112337,50926,0
21661,55463,86460,77124,108121,141923,0
67199,56045,52071,123244,119270,108116,1
96672,92432,38130,189104,134802,130562,1
10680,96510,61857,107190,72537,158367,0
85717,90027,90205,175744,175922,180232,1
36491,28570,27646,65061,64137,56216,1
18629,11811,33277,30440,51906,45088,0
58202,7872,97997,66074,156199,105869,0
2695,97627,35915,100322,38610,133542,0
26768,82226,73163,108994,99931,155389,1
31214,43101,66855,74315,98069,109956,1
77604,11027,30492,88631,108096,41519,0
50116,90150,55676,140266,105792,145826,1
79893,55497,55183,135390,135076,110680,1
56094,19502,64549,75596,120643,84051,1
3012,28058,10040,31070,13052,38098,0
18182,14204,48571,32386,66753,62775,0
66102,10100,91425,76202,157527,101525,0
62997,5635,28052,68632,91049,33687,0
44905,43116,84576,88021,129481,127692,1
55986,95380,68914,151366,124900,164294,1
91868,98201,35304,190069,127172,133505,1
30482,68224,41118,98706,71600,109342,1
91571,17850,11936,109421,103507,29786,0
66013,82449,26808,148462,92821,109257,1
24241,19527,93579,43768,117820,113106,0
43936,36584,69274,80520,113210,105858,1
15289,31507,1781,46796,17070,33288,0
70964,43090,59970,114054,130934,103060,1
22806,83059,28556,105865,51362,111615,0
27614,18155,84836,45769,112450,102991,0
23599,73397,42821,96996,66420,116218,0
89985,10640,70101,100625,160086,80741,0
43530,8828,23872,52358,67402,32700,0
51411,89666,18069,141077,69480,107735,0
95336,97649,74199,192985,169535,171848,1
82414,31626,76808,114040,159222,108434,1
70176,61487,99594,131663,169770,161081,1
51433,31345,67267,82778,118700,98612,1
6831,36629,12910,43460,19741,49539,0
13721,61225,48876,74946,62597,110101,1
31395,16332,53865,47727,85260,70197,0
27960,31435,18678,59395,46638,50113,1
9186,5517,11335,14703,20521,16852,1
57989,61600,45985,119589,103974,107585,1
39993,73207,31996,113200,71989,105203,0
9876,74752,54021,84628,63897,128773,0
72792,99496,18293,172288,91085,117789,0
11545,87438,83372,98983,94917,170810,1
134,25833,20881,25967,21015,46714,0
39494,28458,99991,67952,139485,128449,0
64893,42862,47334,107755,112227,90196,1
88819,12487,80125,101306,168944,92612,1
13837,94266,37855,108103,51692,132121,0
7556,11155,11715,18711,19271,22870,1
24925,92756,21917,117681,46842,114673,0
64918,75471,4673,140389,69591,80144,0
23560,39220,83497,62780,107057,122717,0
68535,88964,4697,157499,73232,93661,0
1761,78573,57826,80334,59587,136399,0
7090,86676,16708,93766,23798,103384,0
99407,18075,42454,117482,141861,60529,0
65034,59776,5780,124810,70814,65556,1
24779,50685,66552,75464,91331,117237,1
89836,93083,61371,182919,151207,154454,1
1577,35811,42906,37388,44483,78717,0
83668,99890,83789,183558,167457,183679,1
92361,93472,72077,185833,164438,165549,1
39359,96298,17118,135657,56477,113416,0
34158,19658,39038,53816,73196,58696,1
13379,44814,29611,58193,42990,74425,0
38657,518,35346,39175,74003,35864,0
85189,94601,7801,179790,92990,102402,0
78124,20526,318,98650,78442,20844,0
13318,4209,69959,17527,83277,74168,0
86138,93375,75060,179513,161198,168435,1
63424,91290,98801,154714,162225,190091,1
33750,12377,10055,46127,43805,22432,0
12073,76328,54036,88401,66109,130364,0
75267,96752,87174,172019,162441,183926,1
29701,80571,76819,110272,106520,157390,1
21912,81176,89269,103088,111181,170445,1
93054,14243,83956,107297,177010,98199,1
40698,40648,5897,81346,46595,46545,1
33032,21007,83181,54039,116213,104188,0
58944,90221,91166,149165,150110,181387,1
85425,97978,36995,183403,122420,134973,1
81114,49102,19675,130216,100789,68777,0
80864,81295,32912,162159,113776,114207,1
43631,51029,56399,94660,100030,107428,1
37975,61619,55286,99594,93261,116905,1
60489,88054,82791,148543,143280,170845,1
29668,60971,46074,90639,75742,107045,1
90185,30151,16077,120336,106262,46228,0
10801,54528,71313,65329,82114,125841,0
17797,54387,77140,72184,94937,131527,0
40968,25755,11798,66723,52766,37553,0
43985,8671,37489,52656,81474,46160,1
87047,40494,38443,127541,125490,78937,0
33992,92904,48655,126896,82647,141559,0
41991,78851,84428,120842,126419,163279,1
56315,85883,31678,142198,87993,117561,1
55366,66826,25505,122192,80871,92331,1
18488,10003,9690,28491,28178,19693,1
59470,81475,81051,140945,140521,162526,1
95597,36655,2516,132252,98113,39171,0
51622,49119,44417,100741,96039,93536,1
77214,93160,90779,170374,167993,183939,1
37978,66448,21718,104426,59696,88166,0
53982,16342,89944,70324,143926,106286,0
66387,11597,41318,77984,107705,52915,0
34449,70414,89481,104863,123930,159895,1
38763,4559,51360,43322,90123,55919,0
78405,43706,23184,122111,101589,66890,0
54350,98881,20744,153231,75094,119625,0
32884,40295,36132,73179,69016,76427,1
73449,41598,27387,115047,100836,68985,0
38123,6824,61115,44947,99238,67939,0
66209,64690,47750,130899,113959,112440,1
69122,6851,22471,75973,91593,29322,0
66998,6554,6508,73552,73506,13062,0
84387,8709,45479,93096,129866,54188,0
32164,164,4777,32328,36941,4941,0
41558,83747,77113,125305,118671,160860,1
11117,77313,35725,88430,46842,113038,0
21959,29786,36412,51745,58371,66198,1
70151,87525,64150,157676,134301,151675,1
17747,61500,9293,79247,27040,70793,0
6680,49258,70177,55938,76857,119435,0
34233,84959,70168,119192,104401,155127,1
51023,39505,21223,90528,72246,60728,1
13674,62839,54837,76513,68511,117676,1
25164,8847,45660,34011,70824,54507,0
22936,86752,92338,109688,115274,179090,1
34917,55753,80514,90670,115431,136267,1
91874,91663,33637,183537,125511,125300,1
54323,35903,95676,90226,149999,131579,0
46720,73004,25306,119724,72026,98310,0
12741,46712,25059,59453,37800,71771,0
93735,63074,38686,156809,132421,101760,1
72060,9936,99718,81996,171778,109654,0
2153,85790,3421,87943,5574,89211,0
37853,22320,26459,60173,64312,48779,1
2899,65272,46024,68171,48923,111296,0
66506,43905,35164,110411,101670,79069,1
19706,76147,86120,95853,105826,162267,1
47186,28442,36248,75628,83434,64690,1
82877,4082,50009,86959,132886,54091,0
31431,76272,5557,107703,36988,81829,0
4627,9774,60353,14401,64980,70127,0
74443,76684,15940,151127,90383,92624,1
4136,67443,3602,71579,7738,71045,0
11705,70239,83905,81944,95610,154144,0
931,21898,11198,22829,12129,33096,0
6481,18726,83335,25207,89816,102061,0
89063,45279,79881,134342,168944,125160,1
43669,68900,96050,112569,139719,164950,1
69242,97646,10591,166888,79833,108237,0
32645,27941,30266,60586,62911,58207,1
75017,89127,4429,164144,79446,93556,0
12586,87363,57389,99949,69975,144752,0
87922,38186,49691,126108,137613,87877,0
68208,55498,35717,123706,103925,91215,1
58243,48744,3560,106987,61803,52304,0
61119,30387,75562,91506,136681,105949,1
31850,22887,21800,54737,53650,44687,1
21129,54479,63494,75608,84623,117973,1
74141,3897,50418,78038,124559,54315,0
84641,43244,5610,127885,90251,48854,0
43257,50760,96747,94017,140004,147507,0
19771,50438,67224,70209,86995,117662,1
19707,42432,8898,62139,28605,51330,0
71570,51398,70355,122968,141925,121753,1
47625,73195,90408,120820,138033,163603,1
39585,46000,63713,85585,103298,109713,1
23451,44965,55573,68416,79024,100538,1
79626,87031,54769,166657,134395,141800,1
55815,82887,99512,138702,155327,182399,1
34763,78800,20256,113563,55019,99056,0
58039,88356,66959,146395,124998,155315,1
76836,41578,47628,118414,124464,89206,1
9543,18055,23075,27598,32618,41130,1
21893,56478,74490,78371,96383,130968,1
30735,14495,78672,45230,109407,93167,0
34089,48129,1726,82218,35815,49855,0
59308,32323,34001,91631,93309,66324,1
96659,94231,46265,190890,142924,140496,1
88715,62455,25532,151170,114247,87987,0
5619,29999,62446,35618,68065,92445,0
11855,70145,12005,82000,23860,82150,0
88274,60965,7251,149239,95525,68216,0
34085,97778,24859,131863,58944,122637,0
87360,59062,74640,146422,162000,133702,1
72617,97392,64753,170009,137370,162145,1
37987,42444,37977,80431,75964,80421,1
1841,41538,65225,43379,67066,106763,0
82833,32000,53612,114833,136445,85612,1
10233,81497,44359,91730,54592,125856,0
53656,68528,55886,122184,109542,124414,1
52749,35888,92834,88637,145583,128722,0
52101,94364,27783,146465,79884,122147,0
66439,47937,44201,114376,110640,92138,1
67646,33313,28505,100959,96151,61818,0
5751,74829,69195,80580,74946,144024,1
66362,72310,56975,138672,123337,129285,1
12079,53822,15199,65901,27278,69021,0
21866,19746,20369,41612,42235,40115,1
25498,98090,73874,123588,99372,171964,1
90918,27189,9535,118107,100453,36724,0
22856,61741,51385,84597,74241,113126,1
18658,18585,12849,37243,31507,31434,1
40530,9414,37410,49944,77940,46824,1
18621,42353,92315,60974,110936,134668,0
18300,78317,22195,96617,40495,100512,0
63403,26769,76275,90172,139678,103044,1
91718,37485,41480,129203,133198,78965,0
64323,18199,29226,82522,93549,47425,0
92540,79585,22308,172125,114848,101893,1
3112,9818,74623,12930,77735,84441,0
54823,74342,97159,129165,151982,171501,1
11139,73041,21767,84180,32906,94808,0
20331,26499,90666,46830,110997,117165,0
30413,31663,77092,62076,107505,108755,0
45493,89321,3199,134814,48692,92520,0
12630,90676,57351,103306,69981,148027,0
76203,87533,17437,163736,93640,104970,1
91423,773,6293,92196,97716,7066,0
61253,79385,15052,140638,76305,94437,0
5644,49723,71688,55367,77332,121411,0
3518,25767,93107,29285,96625,118874,0
8971,65342,94402,74313,103373,159744,0
83205,80191,84870,163396,168075,165061,1
29104,25148,49909,54252,79013,75057,1
74822,93480,24395,168302,99217,117875,1
51941,11196,12636,63137,64577,23832,0
75222,52055,64980,127277,140202,117035,1
59359,79716,30684,139075,90043,110400,1
16515,45996,1824,62511,18339,47820,0
5525,6944,85433,12469,90958,92377,0
61782,85576,33120,147358,94902,118696,1
24359,45925,39134,70284,63493,85059,1
85349,25410,66757,110759,152106,92167,1
78357,61277,17609,139634,95966,78886,1
10518,88151,33893,98669,44411,122044,0
81185,29619,37378,110804,118563,66997,0
75981,65656,90776,141637,166757,156432,1
41415,19058,98457,60473,139872,117515,0
20065,6707,34192,26772,54257,40899,0
33612,48033,18214,81645,51826,66247,1
2090,25038,98791,27128,100881,123829,0
94017,97375,15025,191392,109042,112400,1
97233,55349,31194,152582,128427,86543,0
83098,47025,30328,130123,113426,77353,0
2413,44191,28075,46604,30488,72266,0
69997,13173,37736,83170,107733,50909,0
30202,12092,63859,42294,94061,75951,0
70985,72963,18324,143948,89309,91287,1
94271,44197,54631,138468,148902,98828,1
91106,96731,52492,187837,143598,149223,1
24113,23267,80481,47380,104594,103748,0
36244,22518,33493,58762,69737,56011,1
72930,96655,40769,169585,113699,137424,1
95384,14089,30207,109473,125591,44296,0
70656,61212,27578,131868,98234,88790,1
95119,34627,84279,129746,179398,118906,1
16406,80238,98547,96644,114953,178785,0
33786,88179,51555,121965,85341,139734,0
34249,49095,86594,83344,120843,135689,0
3400,62385,46442,65785,49842,108827,0
22728,77708,71333,100436,94061,149041,1
50502,63003,42054,113505,92556,105057,1
48259,1866,80525,50125,128784,82391,0
10183,70032,55653,80215,65836,125685,0
38627,50255,78317,88882,116944,128572,1
76244,44676,6640,120920,82884,51316,0
63255,30769,68530,94024,131785,99299,1
55719,7713,99433,63432,155152,107146,0
33033,98286,69792,131319,102825,168078,1
27541,62586,20085,90127,47626,82671,0
96108,42577,70714,138685,166822,113291,1
52413,36452,44904,88865,97317,81356,1
43115,88731,50403,131846,93518,139134,1
26791,89860,36726,116651,63517,126586,0
78649,65815,92539,144464,171188,158354,1
59719,40616,36117,100335,95836,76733,1
89177,84074,50237,173251,139414,134311,1
99165,68502,78591,167667,177756,147093,1
80657,56942,58948,137599,139605,115890,1
94215,36080,71795,130295,166010,107875,1
82842,65626,34113,148468,116955,99739,1
56822,22692,35386,79514,92208,58078,1
22492,9176,99333,31668,121825,108509,0
9813,34590,93361,44403,103174,127951,0
74499,82159,79014,156658,153513,161173,1
550,644,53566,1194,54116,54210,0
91958,70763,93587,162721,185545,164350,1
99287,95428,50883,194715,150170,146311,1
95445,7733,97269,103178,192714,105002,1
32660,4482,23127,37142,55787,27609,0
14992,53552,19241,68544,34233,72793,0
51811,58530,46134,110341,97945,104664,1
69226,29096,76040,98322,145266,105136,1
55467,77786,43347,133253,98814,121133,1
30674,36544,52062,67218,82736,88606,1
76182,16165,78004,92347,154186,94169,1
76438,28884,18817,105322,95255,47701,0
96622,26688,76238,123310,172860,102926,1
58993,45729,83624,104722,142617,129353,1
10363,43510,20539,53873,30902,64049,0
90447,90987,99570,181434,190017,190557,1
9084,12373,43653,21457,52737,56026,0
99391,3581,82626,102972,182017,86207,0
2142,47564,65251,49706,67393,112815,0
15709,33990,81186,49699,96895,115176,0
7672,22160,21154,29832,28826,43314,1
39320,46578,71880,85898,111200,118458,1
56349,30703,49228,87052,105577,79931,1
54705,69374,39854,124079,94559,109228,1
4930,37619,91549,42549,96479,129168,0
33750,84668,25576,118418,59326,110244,0
55307,27064,79279,82371,134586,106343,1
15685,4965,85699,20650,101384,90664,0
10338,16545,292,26883,10630,16837,0
1313,55113,21584,56426,22897,76697,0
91677,9305,30335,100982,122012,39640,0
92739,67307,15022,160046,107761,82329,0
63583,5039,13543,68622,77126,18582,0
96620,1507,54288,98127,150908,55795,0
75109,81549,77064,156658,152173,158613,1
19052,74284,88600,93336,107652,162884,1
41604,44972,1077,86576,42681,46049,0
81958,53906,91138,135864,173096,145044,1
90944,21208,8590,112152,99534,29798,0
82158,66053,10135,148211,92293,76188,0
60621,29115,20035,89736,80656,49150,0
13477,51544,94297,65021,107774,145841,0
29422,93697,74409,123119,103831,168106,1
60694,59360,44689,120054,105383,104049,1
19821,36352,49464,56173,69285,85816,1
91522,8919,49673,100441,141195,58592,0
4142,49990,47374,54132,51516,97364,1
17717,53163,83617,70880,101334,136780,0
61431,87181,17851,148612,79282,105032,0
1537,46242,99956,47779,101493,146198,0
40982,76283,88433,117265,129415,164716,1
97718,35467,81856,133185,179574,117323,1
76488,82698,83148,159186,159636,165846,1
90548,28392,9850,118940,100398,38242,0
64397,40192,95351,104589,159748,135543,1
6074,87429,87768,93503,93842,175197,1
75130,30812,57452,105942,132582,88264,1
89343,2551,73471,91894,162814,76022,0
97671,89299,96934,186970,194605,186233,1
73511,25442,85151,98953,158662,110593,1
8039,85385,54026,93424,62065,139411,0
34164,71567,74326,105731,108490,145893,1
15437,66567,62623,82004,78060,129190,1
77003,86271,795,163274,77798,87066,0
4107,44344,34058,48451,38165,78402,0
8034,65224,735,73258,8769,65959,0
65598,48882,93479,114480,159077,142361,1
82346,50477,809,132823,83155,51286,0
36882,48522,45977,85404,82859,94499,1
64105,18339,35384,82444,99489,53723,0
38417,16261,66717,54678,105134,82978,0
63155,16166,60773,79321,123928,76939,1
74532,43137,17545,117669,92077,60682,0
66199,31577,88913,97776,155112,120490,1
32159,16789,90599,48948,122758,107388,0
46020,46144,62973,92164,108993,109117,1
62633,7122,62955,69755,125588,70077,1
19527,43658,10416,63185,29943,54074,0
29727,50853,2102,80580,31829,52955,0
35442,55575,31232,91017,66674,86807,1
58128,91010,87687,149138,145815,178697,1
37851,17480,40933,55331,78784,58413,1
77168,18233,36566,95401,113734,54799,0
69811,53610,91782,123421,161593,145392,1
79242,33060,60994,112302,140236,94054,1
78449,39685,55630,118134,134079,95315,1
52829,82848,19169,135677,71998,102017,0
1314,1514,30659,2828,31973,32173,0
18089,53145,67023,71234,85112,120168,1
44126,74917,49003,119043,93129,123920,1
33226,13297,85073,46523,118299,98370,0
95632,19550,64679,115182,160311,84229,0
21576,73179,53037,94755,74613,126216,1
19626,84438,26762,104064,46388,111200,0
20307,13001,35069,33308,55376,48070,0
25775,78897,82551,104672,108326,161448,1
83953,26138,76319,110091,160272,102457,1
52936,42626,24139,95562,77075,66765,1
11355,7672,14286,19027,25641,21958,1
89636,20592,40506,110228,130142,61098,0
35914,31250,92654,67164,128568,123904,0
29796,67883,78782,97679,108578,146665,1
64772,82582,40715,147354,105487,123297,1
21376,98401,78229,119777,99605,176630,1
34610,64826,30275,99436,64885,95101,1
54616,99697,71137,154313,125753,170834,1
86562,46369,73328,132931,159890,119697,1
14251,92919,37117,107170,51368,130036,0
90731,58094,67550,148825,158281,125644,1
42767,74436,58840,117203,101607,133276,1
49053,34862,48296,83915,97349,83158,1
22547,4257,60387,26804,82934,64644,0
46313,7506,7066,53819,53379,14572,0
66590,20073,18818,86663,85408,38891,0
61471,42880,1056,104351,62527,43936,0
17292,54602,62003,71894,79295,116605,1
35606,26167,62661,61773,98267,88828,0
96721,10878,76768,107599,173489,87646,0
81354,76953,16268,158307,97622,93221,1
90860,84094,90316,174954,181176,174410,1
75072,64880,61206,139952,136278,126086,1
44831,14575,91209,59406,136040,105784,0
62370,16054,8294,78424,70664,24348,0
18957,4139,80061,23096,99018,84200,0
19466,45936,3688,65402,23154,49624,0
28443,22948,31622,51391,60065,54570,1
99030,88572,64390,187602,163420,152962,1
6387,34034,58073,40421,64460,92107,0
89829,1153,59703,90982,149532,60856,0
19023,61486,6070,80509,25093,67556,0
71243,55208,92802,126451,164045,148010,1
26128,34781,7789,60909,33917,42570,0
96961,14617,23300,111578,120261,37917,0
62855,81965,34139,144820,96994,116104,1
8234,82236,19873,90470,28107,102109,0
70075,9205,26360,79280,96435,35565,0
67568,54966,48392,122534,115960,103358,1
17725,21561,11515,39286,29240,33076,1
67477,60571,15771,128048,83248,76342,1
1097,3610,47871,4707,48968,51481,0
99835,34858,69073,134693,168908,103931,1
84773,79333,95995,164106,180768,175328,1
28594,21668,70068,50262,98662,91736,0
603,53026,34287,53629,34890,87313,0
4697,53614,80088,58311,84785,133702,0
92696,3167,13153,95863,105849,16320,0
27908,30540,20976,58448,48884,51516,1
65819,7689,54166,73508,119985,61855,0
11113,96873,26585,107986,37698,123458,0
41475,16738,49682,58213,91157,66420,1
56112,30928,99251,87040,155363,130179,0
16777,34656,44505,51433,61282,79161,1
36996,69952,86436,106948,123432,156388,1
32999,6675,55120,39674,88119,61795,0
34113,77644,7848,111757,41961,85492,0
70442,62956,21243,133398,91685,84199,1
70517,22915,17032,93432,87549,39947,0
16235,85992,33337,102227,49572,119329,0
59271,85226,33602,144497,92873,118828,1
95449,98845,55315,194294,150764,154160,1
32329,57720,66690,90049,99019,124410,1
53590,16748,75163,70338,128753,91911,0
26988,5901,72073,32889,99061,77974,0
8491,88123,89862,96614,98353,177985,1
81718,62421,84327,144139,166045,146748,1
52713,87198,49905,139911,102618,137103,1
65354,54480,45669,119834,111023,100149,1
16662,62274,99912,78936,116574,162186,0
40040,47079,27370,87119,67410,74449,1
45200,37504,84634,82704,129834,122138,0
12545,83670,62609,96215,75154,146279,0
66775,50071,49865,116846,116640,99936,1
70140,9347,73041,79487,143181,82388,1
48633,96598,36934,145231,85567,133532,0
23517,96357,75280,119874,98797,171637,1
29454,48700,81712,78154,111166,130412,0
35037,52082,42322,87119,77359,94404,1
40963,60664,42618,101627,83581,103282,1
48138,54442,8182,102580,56320,62624,1
46870,11756,94494,58626,141364,106250,0
7246,91644,1516,98890,8762,93160,0
47877,56505,43985,104382,91862,100490,1
11052,37165,67676,48217,78728,104841,0
14147,39050,2016,53197,16163,41066,0
99563,52878,25195,152441,124758,78073,0
63641,61913,25703,125554,89344,87616,1
3715,71450,85164,75165,88879,156614,0
8230,1300,28410,9530,36640,29710,0
84502,80765,21512,165267,106014,102277,1
21612,67976,12563,89588,34175,80539,0
75519,76449,47842,151968,123361,124291,1
3816,44666,49889,48482,53705,94555,0
15667,38400,90692,54067,106359,129092,0
32553,16288,9562,48841,42115,25850,0
43339,15153,925,58492,44264,16078,0
36544,9564,63277,46108,99821,72841,0
68388,47199,26643,115587,95031,73842,1
85830,38368,7744,124198,93574,46112,0
8185,44083,8066,52268,16251,52149,0
41729,54476,14028,96205,55757,68504,1
22739,91514,42959,114253,65698,134473,0
83133,40655,44478,123788,127611,85133,1
21659,46920,29231,68579,50890,76151,1
46965,51190,51501,98155,98466,102691,1
22486,65314,6863,87800,29349,72177,0
74172,61971,87709,136143,161881,149680,1
23681,72916,53761,96597,77442,126677,1
43556,55238,8485,98794,52041,63723,0
39417,45264,62773,84681,102190,108037,1
2650,73066,2879,75716,5529,75945,0
70757,43412,71818,114169,142575,115230,1
78124,89196,66884,167320,145008,156080,1
73815,1448,20549,75263,94364,21997,0
55169,24804,65147,79973,120316,89951,1
17732,11920,35641,29652,53373,47561,0
26499,23465,59198,49964,85697,82663,0
79461,24544,3145,104005,82606,27689,0
22224,27938,3551,50162,25775,31489,0
77524,59052,6414,136576,83938,65466,0
31659,95761,59498,127420,91157,155259,0
21203,15588,1535,36791,22738,17123,0
91909,69630,86108,161539,178017,155738,1
90082,6975,54527,97057,144609,61502,0
11954,83380,23244,95334,35198,106624,0
33617,25506,94375,59123,127992,119881,0
63397,42484,13794,105881,77191,56278,0
35914,47770,61613,83684,97527,109383,1
99274,19389,40789,118663,140063,60178,0
22523,3869,74070,26392,96593,77939,0
50195,73644,6873,123839,57068,80517,0
73334,47257,71337,120591,144671,118594,1
51916,34411,49556,86327,101472,83967,1
98328,28050,27944,126378,126272,55994,0
61590,56230,72957,117820,134547,129187,1
2274,20809,68271,23083,70545,89080,0
90324,28269,59508,118593,149832,87777,0
73198,50188,21616,123386,94814,71804,0
35478,75623,71635,111101,107113,147258,1
12967,45363,74458,58330,87425,119821,0
45372,91849,32935,137221,78307,124784,0
63415,83438,27094,146853,90509,110532,1
72366,42211,67711,114577,140077,109922,1
80958,32233,44570,113191,125528,76803,0
5533,84199,94400,89732,99933,178599,0
32760,55693,10287,88453,43047,65980,0
73999,21533,76238,95532,150237,97771,1
10538,68571,88672,79109,99210,157243,0
40044,22610,46373,62654,86417,68983,1
68236,44699,32952,112935,101188,77651,1
71815,8271,27804,80086,99619,36075,0
24287,7043,83136,31330,107423,90179,0
13686,28545,18808,42231,32494,47353,1
30920,55858,48689,86778,79609,104547,1
86098,53988,29587,140086,115685,83575,0
10637,48060,49814,58697,60451,97874,1
99998,28237,73759,128235,173757,101996,1
97995,53607,36452,151602,134447,90059,0
55285,55276,79900,110561,135185,135176,1
5506,16534,57534,22040,63040,74068,0
47976,12145,45412,60121,93388,57557,1
94905,48496,89103,143401,184008,137599,1
58183,12641,23627,70824,81810,36268,0
68019,41069,86776,109088,154795,127845,1
24572,84246,67639,108818,92211,151885,1
32619,60534,91902,93153,124521,152436,1
46319,30720,77587,77039,123906,108307,0
6993,62714,48549,69707,55542,111263,0
68344,62318,38990,130662,107334,101308,1
10556,16190,960,26746,11516,17150,0
91399,26308,11622,117707,103021,37930,0
5347,52723,82633,58070,87980,135356,0
82909,13069,25538,95978,108447,38607,0
28829,93867,83824,122696,112653,177691,1
48222,35388,56688,83610,104910,92076,1
77071,62063,24767,139134,101838,86830,1
78203,63950,38569,142153,116772,102519,1
35293,15912,85050,51205,120343,100962,0
62664,9239,87249,71903,149913,96488,0
34091,86366,84082,120457,118173,170448,1
11146,16753,13802,27899,24948,30555,1
28835,61211,27171,90046,56006,88382,0
63321,3771,40514,67092,103835,44285,0
38075,51381,30047,89456,68122,81428,1
82512,58113,68101,140625,150613,126214,1
50953,69764,40073,120717,91026,109837,1
14668,91167,85138,105835,99806,176305,1
87983,16405,79602,104388,167585,96007,1
41825,43624,61328,85449,103153,104952,1
85246,30611,75059,115857,160305,105670,1
39703,99678,92005,139381,131708,191683,1
41285,76887,62479,118172,103764,139366,1
25966,1952,83557,27918,109523,85509,0
67935,22312,29101,90247,97036,51413,0
2014,44818,55736,46832,57750,100554,0
47675,33749,4538,81424,52213,38287,0
39436,8417,47857,47853,87293,56274,0
62967,87153,21783,150120,84750,108936,0
37070,52027,4242,89097,41312,56269,0
33899,96658,35919,130557,69818,132577,0
20216,38323,94129,58539,114345,132452,0
36267,38368,44444,74635,80711,82812,1
72975,10224,96272,83199,169247,106496,0
74574,2950,3973,77524,78547,6923,0
60968,38066,1270,99034,62238,39336,0
93104,64916,29058,158020,122162,93974,1
77884,15925,54224,93809,132108,70149,0
45261,30611,59267,75872,104528,89878,1
7638,98482,49391,106120,57029,147873,0
23133,16498,33392,39631,56525,49890,1
85906,29304,4107,115210,90013,33411,0
20486,62117,21494,82603,41980,83611,0
42042,95289,38408,137331,80450,133697,0
86315,54114,28258,140429,114573,82372,0
46893,21208,76629,68101,123522,97837,0
37025,98049,90129,135074,127154,188178,1
8611,54105,92645,62716,101256,146750,0
35966,87399,6948,123365,42914,94347,0
6318,61814,72828,68132,79146,134642,0
36860,31966,45852,68826,82712,77818,1
96077,97207,9690,193284,105767,106897,1
12281,42665,84776,54946,97057,127441,0
11131,27066,73522,38197,84653,100588,0
5960,40576,71774,46536,77734,112350,0
39415,91038,24138,130453,63553,115176,0
39917,11902,37631,51819,77548,49533,1
80446,44477,67974,124923,148420,112451,1
9271,22311,61059,31582,70330,83370,0
90290,19039,5608,109329,95898,24647,0
59596,44083,85462,103679,145058,129545,1
11569,18565,10112,30134,21681,28677,1
83180,43209,67829,126389,151009,111038,1
63349,44401,14660,107750,78009,59061,0
34898,78903,34063,113801,68961,112966,0
37388,32158,19910,69546,57298,52068,1
56636,59071,18995,115707,75631,78066,1
71411,93180,9380,164591,80791,102560,0
66640,42117,83835,108757,150475,125952,1
25479,49229,4467,74708,29946,53696,0
54208,16264,61900,70472,116108,78164,1
31558,26133,27444,57691,59002,53577,1
20593,44776,79212,65369,99805,123988,0
79120,92004,56075,171124,135195,148079,1
55464,68740,82776,124204,138240,151516,1
78553,212,95058,78765,173611,95270,0
26682,8588,42648,35270,69330,51236,0
27969,62953,83855,90922,111824,146808,1
90089,96882,74825,186971,164914,171707,1
1184,75712,24196,76896,25380,99908,0
78041,98400,73332,176441,151373,171732,1
73571,17604,93552,91175,167123,111156,0
29791,66692,2566,96483,32357,69258,0
75577,67364,50923,142941,126500,118287,1
72065,33360,57389,105425,129454,90749,1
20386,69612,33295,89998,53681,102907,0
36714,86397,4646,123111,41360,91043,0
84051,84085,65934,168136,149985,150019,1
28529,78315,14414,106844,42943,92729,0
6514,26776,23059,33290,29573,49835,1
90856,59621,30182,150477,121038,89803,0
31920,24740,53924,56660,85844,78664,1
72110,15416,94445,87526,166555,109861,0
80837,66903,1265,147740,82102,68168,0
85981,37932,42134,123913,128115,80066,0
54489,18361,70963,72850,125452,89324,1
95331,25855,59104,121186,154435,84959,0
38871,60465,4738,99336,43609,65203,0
89299,16786,58470,106085,147769,75256,0
59369,22757,10675,82126,70044,33432,0
46944,2025,86848,48969,133792,88873,0
71828,33252,54597,105080,126425,87849,1
10356,41066,89999,51422,100355,131065,0
5122,37558,84096,42680,89218,121654,0
10260,46601,3576,56861,13836,50177,0
61685,10015,46188,71700,107873,56203,0
89674,79209,216,168883,89890,79425,0
13248,23436,30169,36684,43417,53605,1
23366,63315,69033,86681,92399,132348,1
14115,14004,63514,28119,77629,77518,0
30970,40133,50651,71103,81621,90784,1
21395,31628,13795,53023,35190,45423,1
53570,89881,67604,143451,121174,157485,1
38196,60489,82069,98685,120265,142558,1
56118,59771,90361,115889,146479,150132,1
72418,63566,85005,135984,157423,148571,1
99304,27942,8833,127246,108137,36775,0
60417,28098,53911,88515,114328,82009,1
96940,53670,83419,150610,180359,137089,1
87059,77494,48867,164553,135926,126361,1
23734,41374,51626,65108,75360,93000,1
33085,51485,89926,84570,123011,141411,0
9480,94989,72076,104469,81556,167065,0
15107,76713,83613,91820,98720,160326,1
5749,33924,75445,39673,81194,109369,0
35116,30062,85464,65178,120580,115526,0
43609,2030,98859,45639,142468,100889,0
20485,58836,73483,79321,93968,132319,1
5014,53187,54602,58201,59616,107789,1
48353,50601,35076,98954,83429,85677,1
23936,6024,49650,29960,73586,55674,0
96847,11639,75273,108486,172120,86912,0
1343,45259,97980,46602,99323,143239,0
73665,22275,92305,95940,165970,114580,1
11488,97144,32480,108632,43968,129624,0
68030,40212,70844,108242,138874,111056,1
4919,80309,4291,85228,9210,84600,0
26785,53274,10584,80059,37369,63858,0
92812,85540,20768,178352,113580,106308,1
560,61265,97000,61825,97560,158265,0
78804,89153,98200,167957,177004,187353,1
92257,21949,446,114206,92703,22395,0
59156,94068,2716,153224,61872,96784,0
34667,21581,58282,56248,92949,79863,0
99702,98271,72652,197973,172354,170923,1
23673,67581,40952,91254,64625,108533,0
42693,10635,88065,53328,130758,98700,0
72637,71757,96995,144394,169632,168752,1
65498,73676,19032,139174,84530,92708,1
42129,2362,49264,44491,91393,51626,0
78903,35248,82109,114151,161012,117357,1
9538,34158,14979,43696,24517,49137,0
71398,77426,48975,148824,120373,126401,1
69087,97682,20154,166769,89241,117836,0
58082,17899,8824,75981,66906,26723,0
7196,36999,49557,44195,56753,86556,0
81851,64934,64615,146785,146466,129549,1
73702,24992,19737,98694,93439,44729,0
9789,5211,8721,15000,18510,13932,1
67575,26849,72158,94424,139733,99007,1
91770,46081,53189,137851,144959,99270,1
48912,2923,44958,51835,93870,47881,0
85220,76992,17161,162212,102381,94153,1
61644,72866,98110,134510,159754,170976,1
18717,70262,26005,88979,44722,96267,0
9729,38180,29351,47909,39080,67531,1
9111,3039,14807,12150,23918,17846,0
42006,56873,29811,98879,71817,86684,1
40910,20931,76534,61841,117444,97465,0
19414,23142,86990,42556,106404,110132,0
26631,99806,33819,126437,60450,133625,0
48100,73388,65741,121488,113841,139129,1
6395,51441,14763,57836,21158,66204,0
42826,46329,26278,89155,69104,72607,1
24414,79324,91007,103738,115421,170331,1
79601,80624,49477,160225,129078,130101,1
8639,43367,71113,52006,79752,114480,0
10768,20473,31934,31241,42702,52407,0
74977,68410,47730,143387,122707,116140,1
77099,50209,2942,127308,80041,53151,0
92695,30636,2039,123331,94734,32675,0
67152,46456,45274,113608,112426,91730,1
97968,23422,633,121390,98601,24055,0
11984,53206,94871,65190,106855,148077,0
53546,63951,30699,117497,84245,94650,1
81519,973,36708,82492,118227,37681,0
63364,6245,34557,69609,97921,40802,0
3856,76917,71502,80773,75358,148419,0
13930,29600,13644,43530,27574,43244,0
21643,4874,31602,26517,53245,36476,0
90598,96774,86499,187372,177097,183273,1
55004,82823,82374,137827,137378,165197,1
52800,74435,18330,127235,71130,92765,0
63847,77259,81008,141106,144855,158267,1
57377,77059,19602,134436,76979,96661,0
70951,66666,59347,137617,130298,126013,1
29040,81526,78007,110566,107047,159533,1
36108,37475,59669,73583,95777,97144,1
8567,44281,59939,52848,68506,104220,0
59369,84121,10748,143490,70117,94869,0
74128,90271,85723,164399,159851,175994,1
14108,56261,42224,70369,56332,98485,1
68843,28984,76094,97827,144937,105078,1
65753,7841,78706,73594,144459,86547,0
98707,86396,3164,185103,101871,89560,0
66104,36770,69754,102874,135858,106524,1
16734,1503,56080,18237,72814,57583,0
11713,18226,3415,29939,15128,21641,0
10441,69790,49565,80231,60006,119355,0
88842,86421,29202,175263,118044,115623,1
81199,54560,70166,135759,151365,124726,1
58755,87846,14115,146601,72870,101961,0
97129,65987,49072,163116,146201,115059,1
79680,77991,28312,157671,107992,106303,1
75377,60364,51761,135741,127138,112125,1
76206,49931,4258,126137,80464,54189,0
7253,31777,40683,39030,47936,72460,0
24942,38018,46649,62960,71591,84667,1
5391,44602,8449,49993,13840,53051,0
99678,63688,69060,163366,168738,132748,1
516,27046,94585,27562,95101,121631,0
74998,39695,53580,114693,128578,93275,1
92221,57818,61053,150039,153274,118871,1
60960,14845,86968,75805,147928,101813,0
55962,71097,31065,127059,87027,102162,1
23183,87552,80958,110735,104141,168510,1
53173,64430,32353,117603,85526,96783,1
56053,89936,57553,145989,113606,147489,1
57496,33994,84468,91490,141964,118462,1
4483,14831,77389,19314,81872,92220,0
35780,68736,1876,104516,37656,70612,0
3161,52528,28658,55689,31819,81186,0
28537,51700,16053,80237,44590,67753,0
94721,84249,6358,178970,101079,90607,0
25624,4241,54908,29865,80532,59149,0
57776,80107,11416,137883,69192,91523,0
3387,469,36464,3856,39851,36933,0
89711,30914,56764,120625,146475,87678,0
55746,23514,10402,79260,66148,33916,0
91509,97878,81488,189387,172997,179366,1
50345,38343,28523,88688,78868,66866,1
68632,83116,35196,151748,103828,118312,1
13459,31427,16487,44886,29946,47914,0
79210,9853,93147,89063,172357,103000,0
3578,23123,41573,26701,45151,64696,0
62500,37066,96022,99566,158522,133088,1
95036,88804,26686,183840,121722,115490,1
45242,2263,25511,47505,70753,27774,0
99033,24721,79891,123754,178924,104612,1
99140,43008,99952,142148,199092,142960,1
5428,62611,16813,68039,22241,79424,0
15656,79706,76998,95362,92654,156704,1
5277,40104,16795,45381,22072,56899,0
90978,4520,7816,95498,98794,12336,0
4154,23347,32176,27501,36330,55523,0
10149,3285,1653,13434,11802,4938,0
64166,57823,95903,121989,160069,153726,1
49663,29569,46171,79232,95834,75740,1
40035,13045,97878,53080,137913,110923,0
88716,37924,66950,126640,155666,104874,1
48126,5517,78750,53643,126876,84267,0
75961,3850,55262,79811,131223,59112,0
80963,14011,66400,94974,147363,80411,0
86133,13675,17228,99808,103361,30903,0
3295,13365,15381,16660,18676,28746,1
33776,32507,42128,66283,75904,74635,1
62014,19839,25766,81853,87780,45605,0
34696,12622,36444,47318,71140,49066,1
66429,53413,38773,119842,105202,92186,1
98413,98543,24050,196956,122463,122593,1
24675,62886,47926,87561,72601,110812,1
67704,25347,6922,93051,74626,32269,0
64233,10123,44119,74356,108352,54242,0
44120,5124,15050,49244,59170,20174,0
36552,63751,29540,100303,66092,93291,1
22336,97262,72810,119598,95146,170072,0
76375,28847,50270,105222,126645,79117,1
35616,40714,74688,76330,110304,115402,1
40396,19636,88937,60032,129333,108573,0
64885,81620,80896,146505,145781,162516,1
54474,31617,50248,86091,104722,81865,1
47993,88230,15689,136223,63682,103919,0
14073,37121,73725,51194,87798,110846,0
29518,99632,93624,129150,123142,193256,1
775,13871,43646,14646,44421,57517,0
90236,88882,26716,179118,116952,115598,1
6096,3770,41202,9866,47298,44972,0
78470,79365,37441,157835,115911,116806,1
89896,32614,1367,122510,91263,33981,0
14947,93290,9754,108237,24701,103044,0
77120,68271,20205,145391,97325,88476,1
92579,17841,38476,110420,131055,56317,0
71055,72292,39084,143347,110139,111376,1
10978,37402,48039,48380,59017,85441,1
70920,5048,36371,75968,107291,41419,0
20384,46389,81770,66773,102154,128159,0
99782,72412,31820,172194,131602,104232,1
67272,31763,41930,99035,109202,73693,1
648,78700,82075,79348,82723,160775,0
12840,53007,26921,65847,39761,79928,0
78156,29214,45401,107370,123557,74615,0
92250,80703,75410,172953,167660,156113,1
93083,14262,864,107345,93947,15126,0
1187,58938,97521,60125,98708,156459,0
7566,15405,47319,22971,54885,62724,0
71896,70308,90366,142204,162262,160674,1
35264,40844,82255,76108,117519,123099,0
38603,79892,52488,118495,91091,132380,1
23022,31744,27130,54766,50152,58874,1
54466,46133,6086,100599,60552,52219,0
19870,90425,68329,110295,88199,158754,0
41187,97235,446,138422,41633,97681,0
87210,72946,37976,160156,125186,110922,1
24352,7934,6949,32286,31301,14883,0
77251,44277,61501,121528,138752,105778,1
81114,44078,22943,125192,104057,67021,0
44450,37023,87235,81473,131685,124258,0
84058,70001,19151,154059,103209,89152,1
2751,22986,67447,25737,70198,90433,0
49553,59281,60701,108834,110254,119982,1
50514,8571,94521,59085,145035,103092,0
98995,23449,94651,122444,193646,118100,1
35540,94126,46523,129666,82063,140649,0
15313,83801,74411,99114,89724,158212,1
45800,90638,47928,136438,93728,138566,1
25707,43193,62537,68900,88244,105730,1
79198,55233,74289,134431,153487,129522,1
95599,34927,54420,130526,150019,89347,0
74704,21914,86340,96618,161044,108254,1
65748,65164,80175,130912,145923,145339,1
8747,86142,72310,94889,81057,158452,0
80467,845,76610,81312,157077,77455,0
22387,78369,6437,100756,28824,84806,0
19230,84285,59164,103515,78394,143449,0
94546,27250,65069,121796,159615,92319,0
29190,86556,11591,115746,40781,98147,0
39788,88245,70079,128033,109867,158324,1
41789,20755,1299,62544,43088,22054,0
38156,85082,78616,123238,116772,163698,1
86371,75256,62593,161627,148964,137849,1
88738,13251,9686,101989,98424,22937,0
4520,49727,48154,54247,52674,97881,1
66524,1501,31122,68025,97646,32623,0
54458,7572,48734,62030,103192,56306,1
61878,91704,40637,153582,102515,132341,1
28268,16244,77664,44512,105932,93908,0
39289,19355,82604,58644,121893,101959,0
66104,9772,80147,75876,146251,89919,0
90868,52645,28576,143513,119444,81221,0
66915,3330,12777,70245,79692,16107,0
99757,55014,41645,154771,141402,96659,0
74418,97562,9386,171980,83804,106948,0
1030,60636,25968,61666,26998,86604,0
25374,88988,81425,114362,106799,170413,1
83506,46810,28450,130316,111956,75260,0
89674,40502,32007,130176,121681,72509,0
32735,86384,91302,119119,124037,177686,1
67640,60132,26712,127772,94352,86844,1
60420,57006,35133,117426,95553,92139,1
24706,60031,59481,84737,84187,119512,1
90539,23656,45424,114195,135963,69080,0
16516,18274,45314,34790,61830,63588,0
31963,2680,30677,34643,62640,33357,1
34327,53113,62898,87440,97225,116011,1
73794,1058,29493,74852,103287,30551,0
22699,92971,58401,115670,81100,151372,0
82831,34997,47239,117828,130070,82236,0
56075,53681,46892,109756,102967,100573,1
48234,57191,97161,105425,145395,154352,1
50193,97227,5364,147420,55557,102591,0
34015,47116,48656,81131,82671,95772,1
39567,59836,56573,99403,96140,116409,1
2348,50268,86658,52616,89006,136926,0
9882,84035,41390,93917,51272,125425,0
81740,99676,70750,181416,152490,170426,1
43939,95761,57356,139700,101295,153117,1
80137,15074,30860,95211,110997,45934,0
39556,44563,22278,84119,61834,66841,1
46584,94264,37835,140848,84419,132099,0
87578,45454,54476,133032,142054,99930,1
19982,47331,3996,67313,23978,51327,0
51194,86374,62469,137568,113663,148843,1
79953,28370,15846,108323,95799,44216,0
13410,29221,96050,42631,109460,125271,0
45474,12573,6549,58047,52023,19122,0
54490,79785,24126,134275,78616,103911,0
87467,70581,66803,158048,154270,137384,1
61176,84702,20867,145878,82043,105569,0
18326,93349,49844,111675,68170,143193,0
19344,64358,52218,83702,71562,116576,1
81746,6095,65961,87841,147707,72056,0
94856,42102,80675,136958,175531,122777,1
39099,62281,70391,101380,109490,132672,1
4854,20604,43667,25458,48521,64271,0
67849,43530,85597,111379,153446,129127,1
56615,39808,99093,96423,155708,138901,0
66139,96581,62057,162720,128196,158638,1
45728,98911,76250,144639,121978,175161,1
7011,75026,41837,82037,48848,116863,0
88883,31730,14611,120613,103494,46341,0
70945,29405,62722,100350,133667,92127,1
50202,87516,47651,137718,97853,135167,1
5076,66528,95676,71604,100752,162204,0
30817,2103,12048,32920,42865,14151,0
48017,72414,1033,120431,49050,73447,0
85431,16896,4126,102327,89557,21022,0
50207,21763,56818,71970,107025,78581,1
67634,62079,49998,129713,117632,112077,1
18819,22182,50858,41001,69677,73040,0
20660,4537,9828,25197,30488,14365,0
53875,18161,71083,72036,124958,89244,1
26904,55591,42872,82495,69776,98463,1
83869,50748,98346,134617,182215,149094,1
58126,11076,4685,69202,62811,15761,0
10492,10310,10707,20802,21199,21017,1
37488,64348,48225,101836,85713,112573,1
25211,18395,11284,43606,36495,29679,1
56683,2994,77894,59677,134577,80888,0
14490,12407,29603,26897,44093,42010,0
2981,27329,70274,30310,73255,97603,0
98784,46905,17781,145689,116565,64686,0
78088,83715,83717,161803,161805,167432,1
32789,21488,11228,54277,44017,32716,0
16114,64165,70938,80279,87052,135103,1
49454,20174,61322,69628,110776,81496,1
50879,96873,73165,147752,124044,170038,1
39592,4918,91100,44510,130692,96018,0
18720,31607,4614,50327,23334,36221,0
60403,34733,74030,95136,134433,108763,1
84346,89855,66861,174201,151207,156716,1
31097,90048,68217,121145,99314,158265,1
54680,16491,97450,71171,152130,113941,0
14250,62566,31072,76816,45322,93638,0
41434,48719,68645,90153,110079,117364,1
54021,33922,98932,87943,152953,132854,0
44730,75553,93133,120283,137863,168686,1
16222,18880,55861,35102,72083,74741,0
11039,55495,70168,66534,81207,125663,0
13935,81045,25561,94980,39496,106606,0
2412,54202,87555,56614,89967,141757,0
36700,79055,5991,115755,42691,85046,0
52386,14191,33580,66577,85966,47771,0
17180,31059,10614,48239,27794,41673,0
46155,38649,84354,84804,130509,123003,1
45387,86079,49404,131466,94791,135483,1
6639,1972,35480,8611,42119,37452,0
53134,33616,40743,86750,93877,74359,1
42258,81853,46958,124111,89216,128811,1
65301,1788,62506,67089,127807,64294,0
95479,98072,33621,193551,129100,131693,1
97238,98861,68208,196099,165446,167069,1
14369,52538,45102,66907,59471,97640,1
66131,51100,79920,117231,146051,131020,1
89068,59268,82961,148336,172029,142229,1
5321,66700,5526,72021,10847,72226,0
21049,74525,47124,95574,68173,121649,0
87340,17381,30880,104721,118220,48261,0
31428,13217,72426,44645,103854,85643,0
46058,93464,58562,139522,104620,152026,1
34174,21726,18350,55900,52524,40076,1
28465,4354,71378,32819,99843,75732,0
44805,67591,93748,112396,138553,161339,1
34896,40146,59657,75042,94553,99803,1
88428,88338,34394,176766,122822,122732,1
18532,81626,84118,100158,102650,165744,1
22279,50225,68172,72504,90451,118397,1
10122,21422,75446,31544,85568,96868,0
91455,514,27802,91969,119257,28316,0
87645,25223,18959,112868,106604,44182,0
78383,40524,53785,118907,132168,94309,1
47710,54427,80579,102137,128289,135006,1
5913,25605,12146,31518,18059,37751,0
35756,91932,3855,127688,39611,95787,0
45257,99908,43919,145165,89176,143827,0
15252,53736,97324,68988,112576,151060,0
37071,35305,32210,72376,69281,67515,1
78931,3434,36370,82365,115301,39804,0
57443,29756,93396,87199,150839,123152,0
63200,41569,22463,104769,85663,64032,1
81607,26253,92567,107860,174174,118820,1
3807,58321,5177,62128,8984,63498,0
25144,23909,53905,49053,79049,77814,0
2476,32467,63097,34943,65573,95564,0
96975,41032,28502,138007,125477,69534,0
1542,5321,28564,6863,30106,33885,0
97113,68621,24467,165734,121580,93088,0
17538,86255,67338,103793,84876,153593,0
97410,92300,85725,189710,183135,178025,1
97176,56716,32858,153892,130034,89574,0
52584,3982,88657,56566,141241,92639,0
84062,27819,39385,111881,123447,67204,0
6041,95911,71833,101952,77874,167744,0
38297,37941,63208,76238,101505,101149,1
88124,9539,21749,97663,109873,31288,0
51514,70944,29787,122458,81301,100731,1
89887,88726,85055,178613,174942,173781,1
33634,98893,22245,132527,55879,121138,0
16315,21917,63646,38232,79961,85563,0
25475,31694,80595,57169,106070,112289,0
2214,41831,69006,44045,71220,110837,0
47679,85396,32780,133075,80459,118176,0
1324,24360,4560,25684,5884,28920,0
58040,96724,57957,154764,115997,154681,1
29016,6814,46398,35830,75414,53212,0
40072,8429,65777,48501,105849,74206,0
98023,573,71416,98596,169439,71989,0
87909,66294,31113,154203,119022,97407,1
11808,65254,91514,77062,103322,156768,0
456,21558,16697,22014,17153,38255,0
1239,10297,35554,11536,36793,45851,0
28500,70315,36988,98815,65488,107303,0
60108,74152,23480,134260,83588,97632,1
35911,60467,77150,96378,113061,137617,1
35463,39542,53810,75005,89273,93352,1
58080,57781,65779,115861,123859,123560,1
10028,14836,98941,24864,108969,113777,0
50994,66891,94511,117885,145505,161402,1
97011,85799,56963,182810,153974,142762,1
27651,81245,10783,108896,38434,92028,0
8094,53562,24908,61656,33002,78470,0
17457,38455,76026,55912,93483,114481,0
49042,37029,6145,86071,55187,43174,0
88299,71563,7335,159862,95634,78898,0
71326,76354,63034,147680,134360,139388,1
8547,9496,25943,18043,34490,35439,0
49606,45282,57391,94888,106997,102673,1
89935,16539,76964,106474,166899,93503,1
73683,9930,47642,83613,121325,57572,0
27014,73000,79956,100014,106970,152956,1
36183,40190,43920,76373,80103,84110,1
52856,98428,63259,151284,116115,161687,1
23022,25034,18198,48056,41220,43232,1
73610,51574,20180,125184,93790,71754,0
59422,63667,14183,123089,73605,77850,1
93765,74635,43761,168400,137526,118396,1
13058,17945,75238,31003,88296,93183,0
63465,58310,94162,121775,157627,152472,1
78614,71759,91868,150373,170482,163627,1
61305,48486,15637,109791,76942,64123,1
97078,64511,98617,161589,195695,163128,1
47909,58419,37741,106328,85650,96160,1
18557,31165,69146,49722,87703,100311,0
91835,6111,69291,97946,161126,75402,0
63617,20219,13855,83836,77472,34074,0
88330,1186,86154,89516,174484,87340,0
16911,16575,26998,33486,43909,43573,1
47033,57425,86780,104458,133813,144205,1
20995,41303,43182,62298,64177,84485,1
7328,61607,98858,68935,106186,160465,0
79207,37791,60072,116998,139279,97863,1
74688,13642,89380,88330,164068,103022,0
6377,37670,73442,44047,79819,111112,0
7302,17807,77483,25109,84785,95290,0
99814,79433,57147,179247,156961,136580,1
55812,71212,65724,127024,121536,136936,1
26778,79424,86833,106202,113611,166257,1
63252,72263,74605,135515,137857,146868,1
11097,5858,21404,16955,32501,27262,0
37074,39665,57505,76739,94579,97170,1
42327,40095,87414,82422,129741,127509,0
21745,27368,59784,49113,81529,87152,0
6872,79189,36667,86061,43539,115856,0
60056,30797,17538,90853,77594,48335,0
36691,81177,15393,117868,52084,96570,0
29893,39406,40516,69299,70409,79922,1
57596,94634,9426,152230,67022,104060,0
59999,45290,26301,105289,86300,71591,1
56005,80021,74693,136026,130698,154714,1
28925,70900,54121,99825,83046,125021,1
5554,68634,89492,74188,95046,158126,0
28617,23959,82726,52576,111343,106685,0
55729,95658,11027,151387,66756,106685,0
1783,62074,47006,63857,48789,109080,0
1061,12959,14959,14020,16020,27918,0
65510,12728,97806,78238,163316,110534,0
72117,92810,88139,164927,160256,180949,1
65179,22122,91839,87301,157018,113961,0
63925,22026,25612,85951,89537,47638,0
84880,81383,38941,166263,123821,120324,1
10023,68465,94963,78488,104986,163428,0
63698,44387,16140,108085,79838,60527,0
86590,40671,16874,127261,103464,57545,0
31109,76627,71204,107736,102313,147831,1
73858,94417,95256,168275,169114,189673,1
98856,28063,38656,126919,137512,66719,0
63913,68478,45551,132391,109464,114029,1
65003,65862,15368,130865,80371,81230,1
81599,90144,35079,171743,116678,125223,1
66282,24337,15627,90619,81909,39964,0
84528,49583,40280,134111,124808,89863,1
55054,71043,63000,126097,118054,134043,1
82001,64853,33999,146854,116000,98852,1
45951,48380,88958,94331,134909,137338,1
45196,90546,43557,135742,88753,134103,0
6511,75106,80169,81617,86680,155275,1
53448,81605,29246,135053,82694,110851,1
60066,46393,92494,106459,152560,138887,1
52441,95009,2337,147450,54778,97346,0
87801,98182,32359,185983,120160,130541,1
10885,91353,64498,102238,75383,155851,0
52858,67884,47013,120742,99871,114897,1
71143,80856,28741,151999,99884,109597,1
80657,3913,73518,84570,154175,77431,0
91794,95668,501,187462,92295,96169,0
86413,27609,87178,114022,173591,114787,1
80799,70495,93242,151294,174041,163737,1
39130,4785,49701,43915,88831,54486,0
33418,98714,43977,132132,77395,142691,0
10176,55884,29646,66060,39822,85530,0
71376,24957,57579,96333,128955,82536,1
67176,26339,34131,93515,101307,60470,0
59594,29485,57282,89079,116876,86767,1
74331,93273,80163,167604,154494,173436,1
67695,58124,29122,125819,96817,87246,1
53047,47379,10468,100426,63515,57847,1
13687,5442,88125,19129,101812,93567,0
74328,54029,91512,128357,165840,145541,1
47193,56619,61093,103812,108286,117712,1
57869,50062,55129,107931,112998,105191,1
6952,62604,70781,69556,77733,133385,0
99831,95850,83200,195681,183031,179050,1
96007,95599,57926,191606,153933,153525,1
87163,48292,28141,135455,115304,76433,0
67697,67481,53623,135178,121320,121104,1
76550,90623,65157,167173,141707,155780,1
8960,97410,98897,106370,107857,196307,1
34743,76039,65374,110782,100117,141413,1
74737,12301,84683,87038,159420,96984,1
45874,7992,70553,53866,116427,78545,0
49405,54317,46358,103722,95763,100675,1
2583,9825,1842,12408,4425,11667,0
37612,74697,99972,112309,137584,174669,1
4129,61747,89536,65876,93665,151283,0
66490,26969,87075,93459,153565,114044,1
36249,95683,73150,131932,109399,168833,1
25037,15658,93080,40695,118117,108738,0
71644,88900,6623,160544,78267,95523,0
88183,68472,38477,156655,126660,106949,1
37283,78510,10556,115793,47839,89066,0
72360,78327,98443,150687,170803,176770,1
77645,42222,92328,119867,169973,134550,1
68569,14743,87543,83312,156112,102286,0
34532,26705,33109,61237,67641,59814,1
86116,54615,14973,140731,101089,69588,0
56514,34806,94265,91320,150779,129071,0
19903,94139,49846,114042,69749,143985,0
25746,31275,12728,57021,38474,44003,1
42851,7771,75475,50622,118326,83246,0
30693,40659,98526,71352,129219,139185,0
11936,34547,39357,46483,51293,73904,1
64774,32930,2592,97704,67366,35522,0
64494,90380,72540,154874,137034,162920,1
80526,79217,73247,159743,153773,152464,1
95261,59649,49015,154910,144276,108664,1
86675,69032,710,155707,87385,69742,0
84132,32982,26335,117114,110467,59317,0
20037,9830,64821,29867,84858,74651,0
55356,96580,3543,151936,58899,100123,0
12500,68975,24703,81475,37203,93678,0
54744,22052,67605,76796,122349,89657,1
39378,96326,33324,135704,72702,129650,0
26313,73842,20327,100155,46640,94169,0
55634,24600,61798,80234,117432,86398,1
88649,41025,66843,129674,155492,107868,1
43604,61486,55400,105090,99004,116886,1
67161,96801,56096,163962,123257,152897,1
84593,12549,76715,97142,161308,89264,1
62514,17579,17477,80093,79991,35056,0
32865,72577,60514,105442,93379,133091,1
77587,71586,17894,149173,95481,89480,1
60345,23500,83844,83845,144189,107344,1
42080,29652,43161,71732,85241,72813,1
59262,99740,49446,159002,108708,149186,1
76142,13935,9595,90077,85737,23530,0
36641,47062,8346,83703,44987,55408,0
40852,23314,21886,64166,62738,45200,1
96201,70888,12422,167089,108623,83310,0
98543,46376,14520,144919,113063,60896,0
92589,27261,33883,119850,126472,61144,0
47162,43779,53037,90941,100199,96816,1
60853,3512,83651,64365,144504,87163,0
17493,34437,24611,51930,42104,59048,1
56080,49895,65923,105975,122003,115818,1
14551,85185,14609,99736,29160,99794,0
63856,49794,75791,113650,139647,125585,1
16209,37608,49027,53817,65236,86635,1
93392,15319,15256,108711,108648,30575,0
70347,26761,326,97108,70673,27087,0
26399,87178,69383,113577,95782,156561,1
35861,96382,57044,132243,92905,153426,0
17819,2443,52216,20262,70035,54659,0
91593,23512,55610,115105,147203,79122,0
67124,24190,84719,91314,151843,108909,1
62237,91377,41548,153614,103785,132925,1
69245,41153,89615,110398,158860,130768,1
38848,35887,67413,74735,106261,103300,1
92865,52612,1592,145477,94457,54204,0
66098,4049,1409,70147,67507,5458,0
65164,78653,72301,143817,137465,150954,1
52266,93133,86158,145399,138424,179291,1
98230,3460,51737,101690,149967,55197,0
96510,65557,32116,162067,128626,97673,1
97879,85637,32068,183516,129947,117705,1
76325,52871,84261,129196,160586,137132,1
47904,43528,23327,91432,71231,66855,1
25742,64104,66948,89846,92690,131052,1
56042,7862,8748,63904,64790,16610,0
74104,57657,99388,131761,173492,157045,1
32502,13671,89031,46173,121533,102702,0
27243,39887,75060,67130,102303,114947,0
6765,34314,92952,41079,99717,127266,0
26020,77577,83811,103597,109831,161388,1
60096,98478,59356,158574,119452,157834,1
79170,18513,39946,97683,119116,58459,0
46592,65400,67101,111992,113693,132501,1
30281,23039,28774,53320,59055,51813,1
63731,90105,26065,153836,89796,116170,0
60091,58288,99328,118379,159419,157616,1
7297,40207,14015,47504,21312,54222,0
75955,64376,60210,140331,136165,124586,1
71736,27751,60089,99487,131825,87840,1
6389,47505,64543,53894,70932,112048,0
74400,54747,87400,129147,161800,142147,1
73665,72852,97964,146517,171629,170816,1
96243,33982,47201,130225,143444,81183,0
59751,36089,22527,95840,82278,58616,0
5828,77197,37650,83025,43478,114847,0
80254,79511,10897,159765,91151,90408,1
32777,93191,34931,125968,67708,128122,0
82716,21895,88715,104611,171431,110610,1
92982,94902,72174,187884,165156,167076,1
44908,40888,63123,85796,108031,104011,1
45205,93333,88920,138538,134125,182253,1
47797,49767,3877,97564,51674,53644,1
64340,16225,79070,80565,143410,95295,1
46168,18320,20544,64488,66712,38864,0
30358,94538,675,124896,31033,95213,0
2556,14326,54458,16882,57014,68784,0
89862,61350,2534,151212,92396,63884,0
16782,40323,45505,57105,62287,85828,1
433,10686,68883,11119,69316,79569,0
27454,9978,3397,37432,30851,13375,0
15274,38227,2039,53501,17313,40266,0
35190,57746,22308,92936,57498,80054,0
67272,43690,93356,110962,160628,137046,1
98245,9374,82405,107619,180650,91779,0
75738,88854,50879,164592,126617,139733,1
53241,70494,63907,123735,117148,134401,1
5082,68891,88060,73973,93142,156951,0
4346,96450,80549,100796,84895,176999,0
75553,34338,67665,109891,143218,102003,1
84617,5484,59441,90101,144058,64925,0
34438,33850,36385,68288,70823,70235,1
56652,24529,19035,81181,75687,43564,0
87451,28459,4005,115910,91456,32464,0
27507,79229,43192,106736,70699,122421,0
56615,41684,67683,98299,124298,109367,1
59145,11201,57304,70346,116449,68505,1
44327,5422,33231,49749,77558,38653,0
3331,14387,66769,17718,70100,81156,0
43729,76149,88712,119878,132441,164861,1
57050,57238,31054,114288,88104,88292,1
58580,31116,38342,89696,96922,69458,1
97650,76696,18676,174346,116326,95372,0
84514,69548,93470,154062,177984,163018,1
4763,87154,11157,91917,15920,98311,0
11613,99630,65868,111243,77481,165498,0
53370,48324,63922,101694,117292,112246,1
22801,27898,43732,50699,66533,71630,1
6584,3706,24473,10290,31057,28179,0
6490,52598,91038,59088,97528,143636,0
66094,12173,42578,78267,108672,54751,0
90744,13027,97654,103771,188398,110681,1
33086,86629,47774,119715,80860,134403,0
55471,83703,68217,139174,123688,151920,1
34065,22596,2407,56661,36472,25003,0
75688,27230,68588,102918,144276,95818,1
80509,72706,86118,153215,166627,158824,1
3787,18974,2757,22761,6544,21731,0
20703,19129,26021,39832,46724,45150,1
87164,6626,26990,93790,114154,33616,0
50589,49975,15640,100564,66229,65615,1
80184,32759,28931,112943,109115,61690,0
42088,40516,35200,82604,77288,75716,1
53684,90787,22804,144471,76488,113591,0
49629,24448,96789,74077,146418,121237,0
80496,86802,58171,167298,138667,144973,1
1147,83473,44592,84620,45739,128065,0
5394,2868,97773,8262,103167,100641,0
79323,61865,77982,141188,157305,139847,1
60855,86284,13267,147139,74122,99551,0
93170,82436,44771,175606,137941,127207,1
40832,91373,36236,132205,77068,127609,0
34650,16555,2008,51205,36658,18563,0
2133,92044,62646,94177,64779,154690,0
69943,74011,26850,143954,96793,100861,1
65886,50676,18330,116562,84216,69006,1
46425,68034,27055,114459,73480,95089,1
56541,6967,14450,63508,70991,21417,0
44459,30419,250,74878,44709,30669,0
89720,60694,94884,150414,184604,155578,1
17796,65731,4823,83527,22619,70554,0
40276,75632,62480,115908,102756,138112,1
27901,1342,79659,29243,107560,81001,0
79493,41266,56051,120759,135544,97317,1
32770,50479,1810,83249,34580,52289,0
16468,42820,87493,59288,103961,130313,0
87706,73549,48937,161255,136643,122486,1
34307,83293,5823,117600,40130,89116,0
67313,8845,15025,76158,82338,23870,0
46979,63978,7857,110957,54836,71835,0
76007,79127,2919,155134,78926,82046,0
65530,64989,96405,130519,161935,161394,1
31722,97591,71896,129313,103618,169487,1
12511,8447,7848,20958,20359,16295,1
1931,85470,27321,87401,29252,112791,0
4574,99617,27251,104191,31825,126868,0
55191,34441,79974,89632,135165,114415,1
18420,75939,61791,94359,80211,137730,1
43175,59667,27785,102842,70960,87452,1
15447,27529,93842,42976,109289,121371,0
2291,41770,87992,44061,90283,129762,0
45537,26090,44455,71627,89992,70545,1
78843,4382,37864,83225,116707,42246,0
41228,62055,85581,103283,126809,147636,1
41228,57073,79342,98301,120570,136415,1
57450,44194,33842,101644,91292,78036,1
40577,71124,3950,111701,44527,75074,0
66455,90936,20234,157391,86689,111170,0
98075,24342,64664,122417,162739,89006,0
39551,71594,42289,111145,81840,113883,1
18087,31669,65862,49756,83949,97531,0
27883,63596,2195,91479,30078,65791,0
41730,9801,22920,51531,64650,32721,0
91248,83413,39240,174661,130488,122653,1
75453,3349,8282,78802,83735,11631,0
42021,40251,26849,82272,68870,67100,1
67097,53464,74217,120561,141314,127681,1
210,89756,48382,89966,48592,138138,0
13800,2910,53470,16710,67270,56380,0
95192,13405,75217,108597,170409,88622,0
71458,9534,40559,80992,112017,50093,0
87695,71871,23385,159566,111080,95256,1
51475,58838,27141,110313,78616,85979,1
24965,28464,4638,53429,29603,33102,1
87444,61498,47929,148942,135373,109427,1
81202,22514,4606,103716,85808,27120,0
27554,69691,15088,97245,42642,84779,0
567,22292,90178,22859,90745,112470,0
59119,52968,12811,112087,71930,65779,1
12792,31271,94871,44063,107663,126142,0
94500,7008,53739,101508,148239,60747,0
59115,83365,74904,142480,134019,158269,1
79853,9226,8790,89079,88643,18016,0
59256,11247,64406,70503,123662,75653,1
57685,85369,46228,143054,103913,131597,1
19014,99457,3962,118471,22976,103419,0
26536,99504,87172,126040,113708,186676,1
31811,46142,10673,77953,42484,56815,0
60642,59129,32671,119771,93313,91800,1
53708,87346,58240,141054,111948,145586,1
94096,43106,95225,137202,189321,138331,1
18879,51180,30846,70059,49725,82026,0
70606,40667,10112,111273,80718,50779,0
30535,61155,12435,91690,42970,73590,0
26270,65446,66305,91716,92575,131751,1
1806,63422,18254,65228,20060,81676,0
88925,89480,85212,178405,174137,174692,1
10950,92746,16504,103696,27454,109250,0
30197,62195,15433,92392,45630,77628,0
17309,11840,19600,29149,36909,31440,1
43349,10749,34946,54098,78295,45695,1
36175,73547,65245,109722,101420,138792,1
56695,83582,42498,140277,99193,126080,1
91003,37536,17742,128539,108745,55278,0
12563,39876,97931,52439,110494,137807,0
86739,11682,13724,98421,100463,25406,0
90674,40856,24585,131530,115259,65441,0
60498,75179,52539,135677,113037,127718,1
23150,90449,28423,113599,51573,118872,0
57769,40824,43843,98593,101612,84667,1
19826,69035,61251,88861,81077,130286,1
65125,88101,41783,153226,106908,129884,1
17515,62641,71214,80156,88729,133855,1
84309,31317,92223,115626,176532,123540,1
91275,95144,69416,186419,160691,164560,1
77422,73476,38280,150898,115702,111756,1
38570,37140,13107,75710,51677,50247,1
47826,79766,60102,127592,107928,139868,1
89414,95430,74504,184844,163918,169934,1
15618,39144,92037,54762,107655,131181,0
3128,37663,56352,40791,59480,94015,0
65589,36201,55513,101790,121102,91714,1
96312,12080,42156,108392,138468,54236,0
70867,668,29905,71535,100772,30573,0
90250,67221,36067,157471,126317,103288,1
32424,21582,11456,54006,43880,33038,1
74594,21493,10981,96087,85575,32474,0
10648,85368,95111,96016,105759,180479,1
3783,9788,33615,13571,37398,43403,0
85527,38513,61655,124040,147182,100168,1
63707,44747,60471,108454,124178,105218,1
19840,64251,78755,84091,98595,143006,1
83956,99248,92953,183204,176909,192201,1
73303,64106,45721,137409,119024,109827,1
88064,33517,81814,121581,169878,115331,1
96196,78615,66960,174811,163156,145575,1
40226,55424,73100,95650,113326,128524,1
60838,12294,38675,73132,99513,50969,0
41034,76391,93196,117425,134230,169587,1
80196,28215,93587,108411,173783,121802,1
34743,92362,52701,127105,87444,145063,0
73438,2199,28916,75637,102354,31115,0
76642,60742,9030,137384,85672,69772,0
78405,72052,78946,150457,157351,150998,1
10419,80182,38664,90601,49083,118846,0
92784,41702,37183,134486,129967,78885,0
83588,99280,3702,182868,87290,102982,0
21802,92078,83721,113880,105523,175799,1
51513,13046,30520,64559,82033,43566,0
63813,16742,28261,80555,92074,45003,0
93674,46060,66937,139734,160611,112997,1
86056,46543,52270,132599,138326,98813,1
62184,19897,86530,82081,148714,106427,0
60702,310,86152,61012,146854,86462,0
24356,35205,58257,59561,82613,93462,1
76455,89275,42860,165730,119315,132135,1
7890,16452,49302,24342,57192,65754,0
44251,79341,61852,123592,106103,141193,1
33651,43043,47337,76694,80988,90380,1
35439,49118,54662,84557,90101,103780,1
74480,29628,6695,104108,81175,36323,0
70099,93430,74438,163529,144537,167868,1
80747,33690,82706,114437,163453,116396,1
84331,64384,17957,148715,102288,82341,0
29982,13005,46606,42987,76588,59611,0
96428,66968,10515,163396,106943,77483,0
23919,58697,11937,82616,35856,70634,0
31231,42037,62432,73268,93663,104469,1
27371,64488,70528,91859,97899,135016,1
39214,84599,59328,123813,98542,143927,1
43283,51159,82710,94442,125993,133869,1
10302,81510,82303,91812,92605,163813,1
81006,70091,19023,151097,100029,89114,1
40428,93165,88461,133593,128889,181626,1
37598,67981,56368,105579,93966,124349,1
1500,84230,23577,85730,25077,107807,0
2093,49498,72803,51591,74896,122301,0
87924,31756,83075,119680,170999,114831,1
28807,78700,91623,107507,120430,170323,1
5812,18273,76237,24085,82049,94510,0
71765,50338,72624,122103,144389,122962,1
64362,99832,40075,164194,104437,139907,1
78803,24896,21085,103699,99888,45981,0
72876,9837,95143,82713,168019,104980,0
51161,92476,48781,143637,99942,141257,1
20739,16375,59704,37114,80443,76079,0
97021,65639,39696,162660,136717,105335,1
94407,87572,85089,181979,179496,172661,1
4639,11301,91021,15940,95660,102322,0
87687,45044,77247,132731,164934,122291,1
8468,68428,65369,76896,73837,133797,1
37701,22855,75269,60556,112970,98124,0
98652,84340,79951,182992,178603,164291,1
18247,95842,284,114089,18531,96126,0
88032,52144,90135,140176,178167,142279,1
85023,73686,16904,158709,101927,90590,1
6735,72185,23967,78920,30702,96152,0
74487,18362,31699,92849,106186,50061,0
30126,43344,10982,73470,41108,54326,0
86704,19282,69984,105986,156688,89266,1
18963,38683,41136,57646,60099,79819,1
79797,64063,2876,143860,82673,66939,0
69162,80123,22420,149285,91582,102543,1
34850,25985,30399,60835,65249,56384,1
12359,39824,17025,52183,29384,56849,0
94686,21003,83482,115689,178168,104485,1
38268,86136,22583,124404,60851,108719,0
14193,35029,52393,49222,66586,87422,0
55992,30062,46988,86054,102980,77050,1
28569,70505,47289,99074,75858,117794,1
33243,19005,62511,52248,95754,81516,0
25041,7012,25275,32053,50316,32287,1
90463,81780,66167,172243,156630,147947,1
14000,59343,19461,73343,33461,78804,0
65450,30259,13195,95709,78645,43454,0
15189,67029,70258,82218,85447,137287,1
47050,91453,74030,138503,121080,165483,1
22115,53911,19772,76026,41887,73683,0
12087,66339,35920,78426,48007,102259,0
43345,71667,63295,115012,106640,134962,1
4434,82460,27590,86894,32024,110050,0
19925,96068,91310,115993,111235,187378,1
86042,85653,36193,171695,122235,121846,1
73471,8660,39102,82131,112573,47762,0
54754,8138,51233,62892,105987,59371,1
24059,34312,61392,58371,85451,95704,0
535,38032,18881,38567,19416,56913,0
18138,44008,96961,62146,115099,140969,0
11451,52020,14422,63471,25873,66442,0
15050,42616,72219,57666,87269,114835,0
28554,47190,69937,75744,98491,117127,1
15439,39617,55235,55056,70674,94852,0
98194,34018,4057,132212,102251,38075,0
35445,64654,40253,100099,75698,104907,1
70919,7206,29812,78125,100731,37018,0
82718,26588,43195,109306,125913,69783,0
7460,42186,76152,49646,83612,118338,0
97250,8119,77420,105369,174670,85539,0
97195,62199,92129,159394,189324,154328,1
13188,21205,26795,34393,39983,48000,1
54846,88391,6129,143237,60975,94520,0
52239,65955,92059,118194,144298,158014,1
54612,36235,38317,90847,92929,74552,1
13495,24951,78290,38446,91785,103241,0
89520,56586,59370,146106,148890,115956,1
90752,22357,48489,113109,139241,70846,0
87993,69403,19979,157396,107972,89382,1
49665,83503,53077,133168,102742,136580,1
52964,30735,84728,83699,137692,115463,0
90159,73312,45744,163471,135903,119056,1
17766,29330,50635,47096,68401,79965,0
12942,67212,4228,80154,17170,71440,0
28354,20300,59764,48654,88118,80064,0
66242,91718,34271,157960,100513,125989,1
89872,52538,71185,142410,161057,123723,1
33032,51689,58162,84721,91194,109851,1
82153,13989,52603,96142,134756,66592,0
40931,13313,60681,54244,101612,73994,0
83255,67775,21846,151030,105101,89621,1
43367,45322,90873,88689,134240,136195,0
77732,35233,1022,112965,78754,36255,0
62975,55880,58345,118855,121320,114225,1
42813,52780,81317,95593,124130,134097,1
16429,58224,32182,74653,48611,90406,0
24143,4826,23025,28969,47168,27851,1
12000,68712,49276,80712,61276,117988,0
41478,34489,27272,75967,68750,61761,1
26750,30680,92401,57430,119151,123081,0
15181,27100,21585,42281,36766,48685,1
76022,6968,71761,82990,147783,78729,1
7957,63780,85107,71737,93064,148887,0
50090,9226,27167,59316,77257,36393,0
81324,13821,90011,95145,171335,103832,1
61148,42886,54282,104034,115430,97168,1
46294,93021,76372,139315,122666,169393,1
58383,2848,63047,61231,121430,65895,0
24584,50164,33668,74748,58252,83832,1
36166,15596,19139,51762,55305,34735,0
78735,44669,51015,123404,129750,95684,1
23796,54856,60553,78652,84349,115409,1
57867,73185,57166,131052,115033,130351,1
57636,39267,98297,96903,155933,137564,0
2138,85284,72120,87422,74258,157404,0
59500,52780,43772,112280,103272,96552,1
442,7406,61675,7848,62117,69081,0
95037,47260,3356,142297,98393,50616,0
43681,44049,73328,87730,117009,117377,1
25308,17764,32984,43072,58292,50748,1
66729,75402,24522,142131,91251,99924,1
1722,43238,8215,44960,9937,51453,0
25833,16269,62369,42102,88202,78638,0
23563,33728,39103,57291,62666,72831,1
53325,38716,74010,92041,127335,112726,1
12921,78725,94638,91646,107559,173363,0
7177,58162,59450,65339,66627,117612,1
96819,69783,9584,166602,106403,79367,0
84076,78086,81329,162162,165405,159415,1
33273,30542,55713,63815,88986,86255,1
4409,62689,65569,67098,69978,128258,1
820,27311,76484,28131,77304,103795,0
42392,33821,42064,76213,84456,75885,1
59259,77202,14691,136461,73950,91893,0
97623,93748,67151,191371,164774,160899,1
88932,58,79019,88990,167951,79077,0
63150,39609,81665,102759,144815,121274,1
27085,78400,53677,105485,80762,132077,1
3465,19094,51347,22559,54812,70441,0
8224,16844,46333,25068,54557,63177,0
32077,1788,20592,33865,52669,22380,0
44953,9891,97520,54844,142473,107411,0
36584,28984,51975,65568,88559,80959,1
28514,41266,36526,69780,65040,77792,1
43402,31331,27046,74733,70448,58377,1
7555,2417,53018,9972,60573,55435,0
89213,57853,82207,147066,171420,140060,1
71978,13856,78549,85834,150527,92405,1
14063,29463,95705,43526,109768,125168,0
63514,88224,98310,151738,161824,186534,1
47155,9339,68385,56494,115540,77724,0
26375,71957,13770,98332,40145,85727,0
99328,44873,57448,144201,156776,102321,1
63528,58559,53769,122087,117297,112328,1
68121,96226,16067,164347,84188,112293,0
84242,47082,35164,131324,119406,82246,0
2770,61197,80531,63967,83301,141728,0
58277,29911,71049,88188,129326,100960,1
67511,16142,22851,83653,90362,38993,0
44763,54403,1369,99166,46132,55772,0
66220,36774,57058,102994,123278,93832,1
77882,53298,93104,131180,170986,146402,1
62329,3992,52077,66321,114406,56069,0
53953,34051,49325,88004,103278,83376,1
61375,54912,25943,116287,87318,80855,1
51771,73290,45143,125061,96914,118433,1
3662,56914,93703,60576,97365,150617,0
65908,77014,39660,142922,105568,116674,1
9741,86227,46253,95968,55994,132480,0
11774,24908,46243,36682,58017,71151,0
39185,52770,67848,91955,107033,120618,1
59386,98799,77532,158185,136918,176331,1
40812,84880,41892,125692,82704,126772,0
58866,48732,52346,107598,111212,101078,1
65349,16045,37382,81394,102731,53427,0
60874,31827,80352,92701,141226,112179,1
88600,51532,25697,140132,114297,77229,0
96297,53547,60632,149844,156929,114179,1
46102,97455,45597,143557,91699,143052,0
80196,27538,43870,107734,124066,71408,0
30077,67410,7858,97487,37935,75268,0
82726,490,10873,83216,93599,11363,0
93248,65585,10847,158833,104095,76432,0
9025,94356,5870,103381,14895,100226,0
48522,4188,81343,52710,129865,85531,0
71185,25997,4388,97182,75573,30385,0
90276,95274,10346,185550,100622,105620,1
98501,89665,84844,188166,183345,174509,1
44992,94304,38776,139296,83768,133080,0
28965,33666,23185,62631,52150,56851,1
12605,61515,12230,74120,24835,73745,0
21641,17585,43978,39226,65619,61563,0
95415,23828,11645,119243,107060,35473,0
13940,54796,4095,68736,18035,58891,0
15853,8619,87417,24472,103270,96036,0
81607,21026,62892,102633,144499,83918,1
4943,58139,76937,63082,81880,135076,0
42601,48639,7419,91240,50020,56058,1
59443,56248,60049,115691,119492,116297,1
4478,92872,4461,97350,8939,97333,0
17402,66214,95564,83616,112966,161778,0
73416,93712,94724,167128,168140,188436,1
25086,30659,63297,55745,88383,93956,0
97949,246,49896,98195,147845,50142,0
30394,46333,61041,76727,91435,107374,1
38403,2958,92096,41361,130499,95054,0
75282,71435,77622,146717,152904,149057,1
41302,73393,74847,114695,116149,148240,1
21321,3245,80809,24566,102130,84054,0
10211,5606,42172,15817,52383,47778,0
81576,40395,37173,121971,118749,77568,0
6116,92692,5502,98808,11618,98194,0
53456,55819,92186,109275,145642,148005,1
82879,58051,51073,140930,133952,109124,1
3724,95434,82348,99158,86072,177782,0
90335,79634,32275,169969,122610,111909,1
36758,23335,28935,60093,65693,52270,1
227,89763,76613,89990,76840,166376,0
7049,42276,76897,49325,83946,119173,0
90755,19237,85706,109992,176461,104943,1
95234,68297,19649,163531,114883,87946,0
66436,59918,79483,126354,145919,139401,1
60891,67451,1176,128342,62067,68627,0
14542,6081,74685,20623,89227,80766,0
67562,87274,93060,154836,160622,180334,1
88005,16704,63439,104709,151444,80143,0
47136,40660,24101,87796,71237,64761,1
50194,10908,29609,61102,79803,40517,0
22422,52221,50040,74643,72462,102261,1
85814,47704,97379,133518,183193,145083,1
73486,52501,95616,125987,169102,148117,1
44010,63504,96854,107514,140864,160358,1
77566,80998,30947,158564,108513,111945,1
97443,94985,7000,192428,104443,101985,1
40409,24371,96342,64780,136751,120713,0
91528,72631,52788,164159,144316,125419,1
52105,31472,88694,83577,140799,120166,0
40560,14398,31539,54958,72099,45937,1
21873,3513,55798,25386,77671,59311,0
51203,46452,7418,97655,58621,53870,1
74572,5139,50566,79711,125138,55705,0
14129,99941,81221,114070,95350,181162,0
87556,13922,47848,101478,135404,61770,0
97654,40953,26148,138607,123802,67101,0
90459,59727,65151,150186,155610,124878,1
87491,9760,60997,97251,148488,70757,0
41457,87335,25095,128792,66552,112430,0
39210,5600,29178,44810,68388,34778,0
53279,69229,95656,122508,148935,164885,1
39731,44842,5919,84573,45650,50761,1
85683,95073,11875,180756,97558,106948,1
75849,16283,24881,92132,100730,41164,0
76643,70014,85105,146657,161748,155119,1
32639,27592,29610,60231,62249,57202,1
66012,42762,20592,108774,86604,63354,0
55021,31497,75124,86518,130145,106621,1
4893,37021,35755,41914,40648,72776,1
50556,86653,43507,137209,94063,130160,1
50646,26080,1407,76726,52053,27487,0
36548,64104,70102,100652,106650,134206,1
49202,34140,44286,83342,93488,78426,1
41631,4902,80850,46533,122481,85752,0
5018,237,3498,5255,8516,3735,0
71800,75146,61569,146946,133369,136715,1
55173,58242,96981,113415,152154,155223,1
48836,77270,77728,126106,126564,154998,1
67630,22567,79429,90197,147059,101996,1
28989,13841,39093,42830,68082,52934,1
23996,18491,94647,42487,118643,113138,0
962,22500,92211,23462,93173,114711,0
47763,9977,49900,57740,97663,59877,1
46496,2473,97760,48969,144256,100233,0
72899,35335,92985,108234,165884,128320,1
81457,11425,92428,92882,173885,103853,1
87648,84270,67247,171918,154895,151517,1
25216,11818,74778,37034,99994,86596,0
6559,21625,67275,28184,73834,88900,0
87464,46621,86997,134085,174461,133618,1
6680,74811,90096,81491,96776,164907,0
24217,26710,78691,50927,102908,105401,0
16108,65373,61259,81481,77367,126632,1
903,49062,50180,49965,51083,99242,0
19615,54451,61457,74066,81072,115908,1
45252,33548,57963,78800,103215,91511,1
78264,37966,93453,116230,171717,131419,1
87730,21071,17620,108801,105350,38691,0
55887,29372,43039,85259,98926,72411,1
16213,79462,97914,95675,114127,177376,0
98515,90095,1005,188610,99520,91100,0
98403,82605,80511,181008,178914,163116,1
14059,27370,67650,41429,81709,95020,0
98705,30834,57819,129539,156524,88653,0
83380,91941,63204,175321,146584,155145,1
84786,83330,89628,168116,174414,172958,1
224,41995,79341,42219,79565,121336,0
30662,10741,8634,41403,39296,19375,0
86443,60197,755,146640,87198,60952,0
15957,71642,19499,87599,35456,91141,0
26939,94122,39720,121061,66659,133842,0
76220,74305,68586,150525,144806,142891,1
89432,22437,96460,111869,185892,118897,1
38209,52750,15394,90959,53603,68144,1
91446,2026,7539,93472,98985,9565,0
70146,25668,39120,95814,109266,64788,0
89337,53854,74609,143191,163946,128463,1
42379,11076,29160,53455,71539,40236,0
86311,71051,51184,157362,137495,122235,1
81339,23345,50294,104684,131633,73639,0
75765,15731,323,91496,76088,16054,0
54660,31607,54632,86267,109292,86239,1
25312,3846,23700,29158,49012,27546,1
65725,5500,76333,71225,142058,81833,0
50223,28415,36659,78638,86882,65074,1
67896,41695,13659,109591,81555,55354,0
91517,59682,29296,151199,120813,88978,0
24384,3060,58156,27444,82540,61216,0
39393,46926,38390,86319,77783,85316,1
46355,3501,50406,49856,96761,53907,0
28745,95107,47847,123852,76592,142954,0
44419,82293,50649,126712,95068,132942,1
15841,74969,69821,90810,85662,144790,1
1611,41039,37861,42650,39472,78900,0
1898,17263,44393,19161,46291,61656,0
62080,50902,66868,112982,128948,117770,1
65122,54577,70836,119699,135958,125413,1
18853,50118,61236,68971,80089,111354,1
81236,47242,55054,128478,136290,102296,1
39762,36575,45549,76337,85311,82124,1
20243,80670,76447,100913,96690,157117,1
13661,47080,8414,60741,22075,55494,0
73850,10571,11501,84421,85351,22072,0
13138,99593,72778,112731,85916,172371,0
82476,55047,58568,137523,141044,113615,1
30885,26441,62079,57326,92964,88520,0
21689,29883,46671,51572,68360,76554,1
16326,87856,77090,104182,93416,164946,1
36405,40566,43527,76971,79932,84093,1
44569,39017,32198,83586,76767,71215,1
97279,93380,22867,190659,120146,116247,1
68732,48968,85591,117700,154323,134559,1
34534,66380,86224,100914,120758,152604,1
93639,44680,83386,138319,177025,128066,1
76735,31296,57454,108031,134189,88750,1
5401,97104,91710,102505,97111,188814,1
83669,26630,30404,110299,114073,57034,0
95190,74250,92653,169440,187843,166903,1
79515,18836,6507,98351,86022,25343,0
93501,524,40997,94025,134498,41521,0
51113,98637,26921,149750,78034,125558,0
18147,54794,47855,72941,66002,102649,1
91440,28540,5691,119980,97131,34231,0
47043,21496,73988,68539,121031,95484,0
93031,29718,89084,122749,182115,118802,1
75254,89180,8301,164434,83555,97481,0
89654,76867,43696,166521,133350,120563,1
85770,9771,92668,95541,178438,102439,1
70160,18835,89242,88995,159402,108077,0
16561,16965,54166,33526,70727,71131,0
71804,9223,73364,81027,145168,82587,1
25295,71951,86673,97246,111968,158624,1
36216,76308,23588,112524,59804,99896,0
17667,64658,53974,82325,71641,118632,1
44410,20249,90888,64659,135298,111137,0
24706,2004,24989,26710,49695,26993,1
91944,85708,2241,177652,94185,87949,0
29028,60567,16960,89595,45988,77527,0
1427,54202,88458,55629,89885,142660,0
90253,75056,15211,165309,105464,90267,1
27291,68575,34354,95866,61645,102929,0
96791,25647,58070,122438,154861,83717,0
93631,77413,42718,171044,136349,120131,1
95578,19173,29562,114751,125140,48735,0
16676,30896,46324,47572,63000,77220,1
35490,81026,8809,116516,44299,89835,0
89999,83010,73073,173009,163072,156083,1
23445,1936,2182,25381,25627,4118,0
90964,90199,22088,181163,113052,112287,1
79995,96979,39848,176974,119843,136827,1
32969,82665,62558,115634,95527,145223,1
18850,96037,52456,114887,71306,148493,0
61105,14465,91110,75570,152215,105575,0
22381,16654,74442,39035,96823,91096,0
3767,21993,76014,25760,79781,98007,0
79187,36428,9002,115615,88189,45430,0
91888,27998,81535,119886,173423,109533,1
66968,65289,80637,132257,147605,145926,1
97490,59810,47922,157300,145412,107732,1
43617,96897,71814,140514,115431,168711,1
24233,52864,35886,77097,60119,88750,1
70613,68790,72315,139403,142928,141105,1
61831,3521,21240,65352,83071,24761,0
46456,25576,47627,72032,94083,73203,1
46933,43811,26978,90744,73911,70789,1
12777,69459,95212,82236,107989,164671,0
51598,85679,46326,137277,97924,132005,1
22546,16278,95726,38824,118272,112004,0
17087,92948,89727,110035,106814,182675,1
45322,9555,75289,54877,120611,84844,0
48417,62043,44553,110460,92970,106596,1
35652,13079,2523,48731,38175,15602,0
71640,47,29875,71687,101515,29922,0
87688,90939,51502,178627,139190,142441,1
41094,60802,95923,101896,137017,156725,1
30004,87659,26741,117663,56745,114400,0
29576,46456,63382,76032,92958,109838,1
47131,13205,4074,60336,51205,17279,0
80139,13009,47280,93148,127419,60289,0
50472,7427,76476,57899,126948,83903,0
64770,6256,98806,71026,163576,105062,0
55991,79572,36720,135563,92711,116292,1
27931,19784,952,47715,28883,20736,0
65082,61200,5173,126282,70255,66373,1
26601,13060,7012,39661,33613,20072,0
14996,41213,28543,56209,43539,69756,1
49664,45608,88824,95272,138488,134432,1
16065,71858,19637,87923,35702,91495,0
56168,2681,43119,58849,99287,45800,0
47070,43167,94387,90237,141457,137554,0
1107,18180,81423,19287,82530,99603,0
19864,64463,46664,84327,66528,111127,1
87309,85652,40360,172961,127669,126012,1
41779,70604,70677,112383,112456,141281,1
77338,23540,80600,100878,157938,104140,1
667,50577,28821,51244,29488,79398,0
18268,62944,68192,81212,86460,131136,1
6959,10556,36752,17515,43711,47308,0
74380,26943,78758,101323,153138,105701,1
88000,99807,15483,187807,103483,115290,1
19515,34179,49313,53694,68828,83492,1
35394,58168,28702,93562,64096,86870,1
33534,72247,33690,105781,67224,105937,0
25029,33077,55716,58106,80745,88793,1
48999,34767,25908,83766,74907,60675,1
22713,91081,6795,113794,29508,97876,0
357,34980,83470,35337,83827,118450,0
9452,83180,58109,92632,67561,141289,0
76857,57092,49873,133949,126730,106965,1
83313,78250,56455,161563,139768,134705,1
3330,33554,92829,36884,96159,126383,0
70954,8654,3250,79608,74204,11904,0
55087,54600,45947,109687,101034,100547,1
52445,80906,1458,133351,53903,82364,0
4801,17927,96065,22728,100866,113992,0
14197,68687,71877,82884,86074,140564,1
55513,93545,89840,149058,145353,183385,1
78936,10446,89909,89382,168845,100355,0
17946,3420,49347,21366,67293,52767,0
40686,81950,10499,122636,51185,92449,0
51693,29543,62980,81236,114673,92523,1
77247,13234,44605,90481,121852,57839,0
84734,1720,60396,86454,145130,62116,0
45194,91221,2194,136415,47388,93415,0
16510,52102,55372,68612,71882,107474,1
66691,99409,67925,166100,134616,167334,1
47948,83524,18601,131472,66549,102125,0
85017,17981,15055,102998,100072,33036,0
26516,81405,96470,107921,122986,177875,1
61237,20827,35690,82064,96927,56517,0
99938,34992,35125,134930,135063,70117,0
49485,64012,11885,113497,61370,75897,0
99469,20513,27659,119982,127128,48172,0
1051,79325,60105,80376,61156,139430,0
80860,34574,75363,115434,156223,109937,1
95948,76329,80795,172277,176743,157124,1
84006,39082,31173,123088,115179,70255,0
65608,94528,12269,160136,77877,106797,0
79850,53128,1102,132978,80952,54230,0
42741,77858,1901,120599,44642,79759,0
1686,33780,47149,35466,48835,80929,0
10392,63756,63178,74148,73570,126934,1
22095,37974,72452,60069,94547,110426,0
68218,48710,80727,116928,148945,129437,1
6241,72665,246,78906,6487,72911,0
43438,99008,4298,142446,47736,103306,0
51672,76002,30199,127674,81871,106201,1
5133,28001,79855,33134,84988,107856,0
83888,82176,86036,166064,169924,168212,1
81883,96655,52167,178538,134050,148822,1
97124,24933,39578,122057,136702,64511,0
20416,49112,98178,69528,118594,147290,0
21077,16014,8483,37091,29560,24497,1
75292,59773,96846,135065,172138,156619,1
77000,7970,63816,84970,140816,71786,0
46518,31984,9517,78502,56035,41501,0
61789,70049,12399,131838,74188,82448,1
17409,58001,32316,75410,49725,90317,0
34243,61750,24615,95993,58858,86365,0
22125,39280,24901,61405,47026,64181,1
51973,3608,88155,55581,140128,91763,0
56252,85785,58128,142037,114380,143913,1
40960,40720,65875,81680,106835,106595,1
34893,76725,77235,111618,112128,153960,1
56120,44761,5690,100881,61810,50451,0
34378,25317,59374,59695,93752,84691,1
62468,88726,66625,151194,129093,155351,1
44594,92347,58961,136941,103555,151308,1
80455,72060,60782,152515,141237,132842,1
38445,91357,52102,129802,90547,143459,0
19703,61820,71754,81523,91457,133574,1
68160,11163,25726,79323,93886,36889,0
81319,96271,67518,177590,148837,163789,1
44681,74191,34349,118872,79030,108540,1
48674,65771,3571,114445,52245,69342,0
87838,66775,85008,154613,172846,151783,1
96360,41801,25597,138161,121957,67398,0
35472,27983,17582,63455,53054,45565,1
65916,30294,28065,96210,93981,58359,0
40410,42183,95867,82593,136277,138050,0
6017,22463,88480,28480,94497,110943,0
85449,8295,85313,93744,170762,93608,1
26140,94539,95183,120679,121323,189722,1
26387,23508,95004,49895,121391,118512,0
90261,97240,66868,187501,157129,164108,1
67581,77621,41987,145202,109568,119608,1
79992,9457,98260,89449,178252,107717,0
16318,40402,53358,56720,69676,93760,1
10962,38490,75465,49452,86427,113955,0
90275,95951,50962,186226,141237,146913,1
74005,2452,53203,76457,127208,55655,0
54908,83796,70381,138704,125289,154177,1
46761,40880,11497,87641,58258,52377,1
82112,68073,12878,150185,94990,80951,0
27873,69835,92354,97708,120227,162189,1
36863,58666,44385,95529,81248,103051,1
25865,29187,48273,55052,74138,77460,1
62869,34886,20130,97755,82999,55016,0
22333,42068,3342,64401,25675,45410,0
20691,45049,35571,65740,56262,80620,1
12537,3922,89883,16459,102420,93805,0
66491,54775,15987,121266,82478,70762,1
68245,61614,14483,129859,82728,76097,1
78837,55067,1915,133904,80752,56982,0
42044,62257,30440,104301,72484,92697,1
87053,88458,4523,175511,91576,92981,1
6522,73807,17137,80329,23659,90944,0
54035,31143,9089,85178,63124,40232,0
51923,19126,77640,71049,129563,96766,0
88447,41898,65634,130345,154081,107532,1
90011,91421,78968,181432,168979,170389,1
91073,2117,56494,93190,147567,58611,0
39063,785,47460,39848,86523,48245,0
20411,86985,86189,107396,106600,173174,1
70651,28601,30795,99252,101446,59396,0
67963,26618,8037,94581,76000,34655,0
76047,83859,73687,159906,149734,157546,1
51317,21031,74276,72348,125593,95307,0
36960,64497,60647,101457,97607,125144,1
26218,36669,92560,62887,118778,129229,0
72417,81434,69878,153851,142295,151312,1
84899,92448,58249,177347,143148,150697,1
14448,26597,89711,41045,104159,116308,0
64929,9276,37083,74205,102012,46359,0
46001,36575,71265,82576,117266,107840,1
93268,14452,10861,107720,104129,25313,0
38897,11801,72677,50698,111574,84478,0
94451,19170,9817,113621,104268,28987,0
59871,24507,8145,84378,68016,32652,0
93178,4639,97246,97817,190424,101885,1
63590,78048,95683,141638,159273,173731,1
12555,332,49693,12887,62248,50025,0
11305,56823,91108,68128,102413,147931,0
52131,35099,86374,87230,138505,121473,1
33179,95687,88304,128866,121483,183991,1
86072,66223,88713,152295,174785,154936,1
23348,8837,7825,32185,31173,16662,0
9664,48825,35471,58489,45135,84296,0
5498,98432,19634,103930,25132,118066,0
4041,45682,32344,49723,36385,78026,0
12568,88331,89644,100899,102212,177975,1
32709,6313,60040,39022,92749,66353,0
94245,46304,54139,140549,148384,100443,1
25227,88724,2606,113951,27833,91330,0
70642,83532,45705,154174,116347,129237,1
37363,60964,44307,98327,81670,105271,1
56154,47184,13257,103338,69411,60441,1
729,14623,43243,15352,43972,57866,0
46391,6118,63674,52509,110065,69792,0
97376,82606,3662,179982,101038,86268,0
1959,39391,95471,41350,97430,134862,0
83185,21936,11684,105121,94869,33620,0
2457,71797,92488,74254,94945,164285,0
248,95448,90344,95696,90592,185792,0
20347,49603,22774,69950,43121,72377,0
76575,42681,7277,119256,83852,49958,0
36481,21498,53811,57979,90292,75309,1
3505,26842,680,30347,4185,27522,0
17691,89444,89109,107135,106800,178553,1
25899,10749,94488,36648,120387,105237,0
87632,31236,63317,118868,150949,94553,1
47859,4545,87284,52404,135143,91829,0
93605,21847,40329,115452,133934,62176,0
7755,61506,41362,69261,49117,102868,0
87888,21854,83371,109742,171259,105225,1
6691,48141,5081,54832,11772,53222,0
98919,93005,25973,191924,124892,118978,1
81110,61160,88013,142270,169123,149173,1
10339,743,30133,11082,40472,30876,0
59890,81679,67952,141569,127842,149631,1
54676,68705,43646,123381,98322,112351,1
41210,61009,18853,102219,60063,79862,0
17531,20211,59316,37742,76847,79527,0
15408,17985,52550,33393,67958,70535,0
96700,79991,85119,176691,181819,165110,1
59218,12883,95002,72101,154220,107885,0
7882,4777,12220,12659,20102,16997,1
77864,82073,68951,159937,146815,151024,1
73933,62177,37696,136110,111629,99873,1
56003,27477,16595,83480,72598,44072,0
42191,18125,26349,60316,68540,44474,1
26588,96467,25189,123055,51777,121656,0
45636,93402,44488,139038,90124,137890,0
25184,85868,15284,111052,40468,101152,0
29352,19243,90500,48595,119852,109743,0
57409,26590,84848,83999,142257,111438,0
16419,97242,8086,113661,24505,105328,0
43182,65708,97783,108890,140965,163491,1
20100,37107,47378,57207,67478,84485,1
23287,7176,9534,30463,32821,16710,0
83618,90783,96956,174401,180574,187739,1
30092,45056,81180,75148,111272,126236,0
82389,31956,43758,114345,126147,75714,0
74968,18859,56108,93827,131076,74967,0
28094,94469,10244,122563,38338,104713,0
36115,3404,78272,39519,114387,81676,0
66519,411,61823,66930,128342,62234,0
85605,60652,19885,146257,105490,80537,0
13116,49191,42908,62307,56024,92099,1
16942,84021,51406,100963,68348,135427,0
136,74015,29632,74151,29768,103647,0
1,54551,71442,54552,71443,125993,0
12584,90062,80231,102646,92815,170293,1
21451,21140,55570,42591,77021,76710,0
6699,19497,92340,26196,99039,111837,0
4987,34591,7776,39578,12763,42367,0
90304,12153,89661,102457,179965,101814,1
87731,76663,47284,164394,135015,123947,1
24216,89789,29346,114005,53562,119135,0
9173,53806,77174,62979,86347,130980,0
96576,19021,73437,115597,170013,92458,0
74524,50385,21652,124909,96176,72037,0
82631,28829,68186,111460,150817,97015,1
34756,16946,55349,51702,90105,72295,0
9138,24695,21140,33833,30278,45835,1
66194,25165,76285,91359,142479,101450,1
41801,17722,47682,59523,89483,65404,1
75149,74169,81082,149318,156231,155251,1
30989,16336,32764,47325,63753,49100,1
5096,41641,81261,46737,86357,122902,0
52427,84515,90052,136942,142479,174567,1
40129,30418,46592,70547,86721,77010,1
17272,16559,48754,33831,66026,65313,0
17646,8081,87729,25727,105375,95810,0
61292,90443,44448,151735,105740,134891,1
30547,34480,7983,65027,38530,42463,1
5621,29229,53496,34850,59117,82725,0
81143,55879,51403,137022,132546,107282,1
76997,2917,20721,79914,97718,23638,0
21562,46704,44026,68266,65588,90730,1
33601,29284,25131,62885,58732,54415,1
95347,20461,73425,115808,168772,93886,0
28227,95765,18343,123992,46570,114108,0
44033,35885,82947,79918,126980,118832,0
77918,61473,18438,139391,96356,79911,1
73651,61252,8663,134903,82314,69915,0
87524,83439,24079,170963,111603,107518,1
76174,6435,59097,82609,135271,65532,0
85866,5922,15525,91788,101391,21447,0
74735,73538,22117,148273,96852,95655,1
54575,14179,36748,68754,91323,50927,0
12425,43638,94938,56063,107363,138576,0
46296,18779,97225,65075,143521,116004,0
41760,94739,99069,136499,140829,193808,1
84450,38131,52215,122581,136665,90346,1
79940,70545,10147,150485,90087,80692,1
59827,62038,56075,121865,115902,118113,1
67505,49724,36816,117229,104321,86540,1
49076,95985,19178,145061,68254,115163,0
76625,12997,51347,89622,127972,64344,0
67088,65661,38713,132749,105801,104374,1
72301,36854,39373,109155,111674,76227,1
47108,83746,91195,130854,138303,174941,1
66275,99169,36916,165444,103191,136085,1
52688,32413,33312,85101,86000,65725,1
13289,3708,14000,16997,27289,17708,1
73895,61278,219,135173,74114,61497,0
65436,21215,34343,86651,99779,55558,0
82399,36769,13648,119168,96047,50417,0
23355,82436,92692,105791,116047,175128,1
9285,81177,31707,90462,40992,112884,0
44600,26147,51940,70747,96540,78087,1
34242,12954,35112,47196,69354,48066,1
16454,55515,61405,71969,77859,116920,1
11957,29924,84944,41881,96901,114868,0
84995,73110,67787,158105,152782,140897,1
18379,68033,56535,86412,74914,124568,1
47888,9754,51182,57642,99070,60936,1
79657,94758,71556,174415,151213,166314,1
43663,71774,82918,115437,126581,154692,1
66837,55898,88621,122735,155458,144519,1
34089,97774,32043,131863,66132,129817,0
53881,10684,90571,64565,144452,101255,0
68933,1515,60422,70448,129355,61937,0
15901,50750,74715,66651,90616,125465,0
51564,83536,88454,135100,140018,171990,1
42842,57399,82279,100241,125121,139678,1
96815,93910,85572,190725,182387,179482,1
8040,84551,1111,92591,9151,85662,0
26071,91497,47761,117568,73832,139258,0
60186,43124,92389,103310,152575,135513,1
85691,83189,90191,168880,175882,173380,1
61988,57565,70442,119553,132430,128007,1
93199,11340,41941,104539,135140,53281,0
93819,67165,36124,160984,129943,103289,1
55288,6480,5419,61768,60707,11899,0
41275,89400,85382,130675,126657,174782,1
45079,32679,97875,77758,142954,130554,0
5531,50485,95146,56016,100677,145631,0
25065,65428,52183,90493,77248,117611,1
96766,97881,3463,194647,100229,101344,1
26167,66029,15923,92196,42090,81952,0
48508,41509,55742,90017,104250,97251,1
24024,5466,74598,29490,98622,80064,0
67047,88833,50064,155880,117111,138897,1
42258,75645,69083,117903,111341,144728,1
37012,48600,10426,85612,47438,59026,0
946,56043,21434,56989,22380,77477,0
99312,12008,68737,111320,168049,80745,0
26817,45552,27532,72369,54349,73084,1
19477,46342,39714,65819,59191,86056,1
63824,97176,13948,161000,77772,111124,0
37243,93389,51789,130632,89032,145178,0
52812,43738,28757,96550,81569,72495,1
91458,87640,86426,179098,177884,174066,1
86066,85548,17155,171614,103221,102703,1
9455,72367,76297,81822,85752,148664,1
12837,32622,61398,45459,74235,94020,0
63702,90380,12930,154082,76632,103310,0
34942,48585,90992,83527,125934,139577,0
88175,2453,66773,90628,154948,69226,0
85019,36029,40770,121048,125789,76799,0
91395,49277,9223,140672,100618,58500,0
69242,82014,32943,151256,102185,114957,1
68259,99087,11311,167346,79570,110398,0
75164,39694,24285,114858,99449,63979,0
76938,28838,94534,105776,171472,123372,1
69572,12031,15686,81603,85258,27717,0
9738,96383,90139,106121,99877,186522,1
95124,82463,94540,177587,189664,177003,1
68060,76059,20956,144119,89016,97015,1
6543,22392,21728,28935,28271,44120,1
58185,59237,60220,117422,118405,119457,1
28346,57344,58382,85690,86728,115726,1
57284,33320,21235,90604,78519,54555,0
518,70067,22140,70585,22658,92207,0
89460,98145,46509,187605,135969,144654,1
46402,64868,34236,111270,80638,99104,1
51406,3409,81182,54815,132588,84591,0
97145,78377,89475,175522,186620,167852,1
6679,50838,67527,57517,74206,118365,0
29828,42379,23780,72207,53608,66159,1
26324,19979,32124,46303,58448,52103,1
88946,43542,4614,132488,93560,48156,0
9430,77049,48188,86479,57618,125237,0
23921,3501,42358,27422,66279,45859,0
71728,13719,66266,85447,137994,79985,1
91842,18179,42857,110021,134699,61036,0
65922,43672,84621,109594,150543,128293,1
80322,62895,10395,143217,90717,73290,0
77603,61352,72914,138955,150517,134266,1
16657,84429,42178,101086,58835,126607,0
63838,23821,74841,87659,138679,98662,1
81575,40190,9758,121765,91333,49948,0
18218,80889,70480,99107,88698,151369,1
89727,22264,26103,111991,115830,48367,0
92298,53234,52295,145532,144593,105529,1
88048,89992,88579,178040,176627,178571,1
24879,86231,81016,111110,105895,167247,1
2682,70957,28182,73639,30864,99139,0
12815,28451,68975,41266,81790,97426,0
939,10628,23603,11567,24542,34231,0
91870,22685,7166,114555,99036,29851,0
35740,46277,83412,82017,119152,129689,0
59064,31832,70853,90896,129917,102685,1
92105,88766,50477,180871,142582,139243,1
41477,92426,39298,133903,80775,131724,0
40482,5954,18565,46436,59047,24519,0
98929,98376,12506,197305,111435,110882,1
14875,39947,25498,54822,40373,65445,1
33271,38407,10781,71678,44052,49188,1
90810,52169,28412,142979,119222,80581,0
94773,58317,42722,153090,137495,101039,1
62766,99657,45735,162423,108501,145392,1
4882,99950,41649,104832,46531,141599,0
24888,59552,49417,84440,74305,108969,1
22200,84797,25373,106997,47573,110170,0
31993,76324,6204,108317,38197,82528,0
30603,47745,56393,78348,86996,104138,1
55441,22498,28011,77939,83452,50509,0
45771,42547,96980,88318,142751,139527,0
86661,70056,45136,156717,131797,115192,1
95812,20970,47748,116782,143560,68718,0
10219,93271,30765,103490,40984,124036,0
12357,56232,12618,68589,24975,68850,0
11121,54411,91693,65532,102814,146104,0
3107,27780,56887,30887,59994,84667,0
43528,11186,25783,54714,69311,36969,0
2644,90747,15765,93391,18409,106512,0
96970,87095,50066,184065,147036,137161,1
50661,67470,34685,118131,85346,102155,1
45638,21833,21654,67471,67292,43487,0
42564,81440,78366,124004,120930,159806,1
8342,82997,45242,91339,53584,128239,0
55917,67794,52337,123711,108254,120131,1
34440,41053,90590,75493,125030,131643,0
93451,76732,96052,170183,189503,172784,1
12437,15416,90433,27853,102870,105849,0
6566,33083,36011,39649,42577,69094,1
47052,44203,89937,91255,136989,134140,1
90293,33134,79107,123427,169400,112241,1
48754,58359,86382,107113,135136,144741,1
83141,26149,65436,109290,148577,91585,1
80043,1949,13598,81992,93641,15547,0
9630,21080,51115,30710,60745,72195,0
71602,2440,53346,74042,124948,55786,0
97186,98709,18573,195895,115759,117282,1
30629,54919,31443,85548,62072,86362,1
87765,49460,38946,137225,126711,88406,1
39961,87288,55388,127249,95349,142676,1
1245,4110,64677,5355,65922,68787,0
10436,97486,96368,107922,106804,193854,1
99529,54448,90130,153977,189659,144578,1
16028,17871,3554,33899,19582,21425,1
77846,22823,71214,100669,149060,94037,1
95379,61877,13641,157256,109020,75518,0
15553,52827,52375,68380,67928,105202,1
5697,41716,64083,47413,69780,105799,0
95404,11260,20514,106664,115918,31774,0
16846,23189,55088,40035,71934,78277,0
72274,425,75065,72699,147339,75490,0
91981,65143,56318,157124,148299,121461,1
55582,99508,17979,155090,73561,117487,0
24001,5875,4947,29876,28948,10822,0
39602,38881,87327,78483,126929,126208,0
93461,42018,8914,135479,102375,50932,0
66890,92925,33314,159815,100204,126239,1
23272,28233,59803,51505,83075,88036,0
64935,9315,62543,74250,127478,71858,1
93507,46913,13408,140420,106915,60321,0
40671,49607,96181,90278,136852,145788,0
4987,57851,29210,62838,34197,87061,0
41811,53540,10796,95351,52607,64336,0
33377,74710,53180,108087,86557,127890,1
45040,80168,91696,125208,136736,171864,1
77936,84225,82671,162161,160607,166896,1
70660,89524,69029,160184,139689,158553,1
77072,83657,56680,160729,133752,140337,1
29654,97663,74146,127317,103800,171809,1
87409,92431,60978,179840,148387,153409,1
1354,61820,42575,63174,43929,104395,0
56443,18714,43700,75157,100143,62414,1
12088,9400,81209,21488,93297,90609,0
64078,65506,68329,129584,132407,133835,1
36811,58929,4585,95740,41396,63514,0
48076,59331,85228,107407,133304,144559,1
5626,29581,93916,35207,99542,123497,0
89377,37132,23243,126509,112620,60375,0
59628,53225,61714,112853,121342,114939,1
65130,51387,73396,116517,138526,124783,1
51281,59547,9597,110828,60878,69144,1
36412,81090,73336,117502,109748,154426,1
41925,92393,93199,134318,135124,185592,1
43508,74176,57894,117684,101402,132070,1
89893,20436,79100,110329,168993,99536,1
84658,48885,21046,133543,105704,69931,0
57425,7215,31711,64640,89136,38926,0
2509,87869,38879,90378,41388,126748,0
93236,16942,54126,110178,147362,71068,0
42147,48456,75401,90603,117548,123857,1
65430,11029,87322,76459,152752,98351,0
29068,52852,50428,81920,79496,103280,1
3804,92485,99717,96289,103521,192202,0
1217,22885,93605,24102,94822,116490,0
71877,4721,61286,76598,133163,66007,0
70303,83470,23260,153773,93563,106730,1
55179,22965,80914,78144,136093,103879,0
33668,18876,99196,52544,132864,118072,0
29026,57242,50860,86268,79886,108102,1
28291,1467,37361,29758,65652,38828,0
51969,30129,44254,82098,96223,74383,1
43363,47636,48305,90999,91668,95941,1
27239,60165,16361,87404,43600,76526,0
94311,82898,33665,177209,127976,116563,1
98189,88980,16233,187169,114422,105213,1
23609,43004,70904,66613,94513,113908,0
17643,78253,99913,95896,117556,178166,0
19507,13262,35563,32769,55070,48825,0
70993,23555,71632,94548,142625,95187,1
12858,7051,48539,19909,61397,55590,0
34170,81885,21122,116055,55292,103007,0
63814,82190,73415,146004,137229,155605,1
77706,40348,37038,118054,114744,77386,0
23396,6196,42708,29592,66104,48904,0
50825,19493,23674,70318,74499,43167,0
87352,25007,44032,112359,131384,69039,0
68162,94387,57927,162549,126089,152314,1
37578,3236,57196,40814,94774,60432,0
24052,99221,37634,123273,61686,136855,0
58346,56761,7688,115107,66034,64449,1
46240,30911,38265,77151,84505,69176,1
71707,20732,32347,92439,104054,53079,0
4584,42954,19499,47538,24083,62453,0
87409,13182,8022,100591,95431,21204,0
92450,60558,24889,153008,117339,85447,0
49142,85680,32252,134822,81394,117932,0
26952,87504,76101,114456,103053,163605,1
62204,5979,54213,68183,116417,60192,0
12482,74687,83285,87169,95767,157972,1
83659,5,46573,83664,130232,46578,0
34489,67157,95003,101646,129492,162160,1
36957,18179,25905,55136,62862,44084,1
4309,67408,96046,71717,100355,163454,0
26731,61833,81203,88564,107934,143036,1
17970,32482,31618,50452,49588,64100,1
5966,62585,19661,68551,25627,82246,0
48838,74334,17366,123172,66204,91700,0
30605,67503,31656,98108,62261,99159,0
87153,3278,42092,90431,129245,45370,0
30852,19565,89662,50417,120514,109227,0
54482,74818,66235,129300,120717,141053,1
17218,23685,87280,40903,104498,110965,0
25422,23161,88839,48583,114261,112000,0
60957,37267,94913,98224,155870,132180,1
38233,71608,23559,109841,61792,95167,0
17211,74717,53903,91928,71114,128620,0
72101,60765,6438,132866,78539,67203,0
64520,94288,90097,158808,154617,184385,1
56943,41453,82248,98396,139191,123701,1
85693,64640,42690,150333,128383,107330,1
83432,5792,10703,89224,94135,16495,0
26976,37513,75974,64489,102950,113487,0
53767,67328,56693,121095,110460,124021,1
66728,18278,65719,85006,132447,83997,1
63138,70364,37282,133502,100420,107646,1
23219,596,40837,23815,64056,41433,0
57095,58328,44173,115423,101268,102501,1
22547,45998,20647,68545,43194,66645,0
67109,5711,77717,72820,144826,83428,0
596,45370,62959,45966,63555,108329,0
67887,43562,23374,111449,91261,66936,0
86268,32538,86654,118806,172922,119192,1
41515,32304,54170,73819,95685,86474,1
85873,22446,44149,108319,130022,66595,0
12833,12789,11951,25622,24784,24740,1
97278,51570,76230,148848,173508,127800,1
16291,3010,40007,19301,56298,43017,0
53985,9013,40650,62998,94635,49663,0
75852,98683,37076,174535,112928,135759,1
74247,65732,38347,139979,112594,104079,1
15361,66736,51031,82097,66392,117767,0
33543,42540,13926,76083,47469,56466,1
2189,63802,87662,65991,89851,151464,0
87167,71341,73271,158508,160438,144612,1
32903,80375,74899,113278,107802,155274,1
33700,51369,5497,85069,39197,56866,0
10079,13778,99765,23857,109844,113543,0
71934,32960,73506,104894,145440,106466,1
27103,82368,1781,109471,28884,84149,0
79648,63296,36810,142944,116458,100106,1
16176,97771,35441,113947,51617,133212,0
11239,43643,33928,54882,45167,77571,1
14305,56117,43295,70422,57600,99412,1
98531,61617,30270,160148,128801,91887,0
87352,66668,23887,154020,111239,90555,1
8128,83348,85698,91476,93826,169046,1
96856,17638,30805,114494,127661,48443,0
84421,69521,20883,153942,105304,90404,1
22453,33018,64651,55471,87104,97669,0
97427,85894,18772,183321,116199,104666,1
35226,58465,83900,93691,119126,142365,1
15563,440,82708,16003,98271,83148,0
63250,83074,22672,146324,85922,105746,1
68942,76464,63056,145406,131998,139520,1
57209,73412,52342,130621,109551,125754,1
76851,99659,95964,176510,172815,195623,1
7653,11972,49821,19625,57474,61793,0
74289,72791,81725,147080,156014,154516,1
7622,42671,56886,50293,64508,99557,0
16178,41843,18033,58021,34211,59876,0
47621,53033,27910,100654,75531,80943,1
1717,34559,28723,36276,30440,63282,0
79285,91151,25704,170436,104989,116855,1
99296,37340,63912,136636,163208,101252,1
95924,95155,71937,191079,167861,167092,1
26731,27923,13129,54654,39860,41052,1
60507,79044,17631,139551,78138,96675,0
56348,29611,44141,85959,100489,73752,1
10344,62004,7808,72348,18152,69812,0
23652,91049,27518,114701,51170,118567,0
71636,85969,63157,157605,134793,149126,1
14225,65997,42416,80222,56641,108413,0
4176,4976,13231,9152,17407,18207,0
44087,23702,72400,67789,116487,96102,0
7199,14433,25275,21632,32474,39708,0
97931,71317,54507,169248,152438,125824,1
28394,97741,99036,126135,127430,196777,1
34883,32472,19897,67355,54780,52369,1
63681,13468,36149,77149,99830,49617,0
79992,90480,32596,170472,112588,123076,1
13192,81020,3092,94212,16284,84112,0
90629,42583,25472,133212,116101,68055,0
42637,52228,73816,94865,116453,126044,1
11175,47079,74957,58254,86132,122036,0
86660,85512,74780,172172,161440,160292,1
55533,9781,49603,65314,105136,59384,1
35450,29209,17321,64659,52771,46530,1
35128,73709,94894,108837,130022,168603,1
50524,65614,34565,116138,85089,100179,1
61570,8978,69297,70548,130867,78275,1
37489,58784,55024,96273,92513,113808,1
46631,17464,1390,64095,48021,18854,0
29201,35618,1260,64819,30461,36878,0
94665,43268,85655,137933,180320,128923,1
46008,57177,97207,103185,143215,154384,1
92955,79455,67092,172410,160047,146547,1
82394,91689,46805,174083,129199,138494,1
84927,78252,51078,163179,136005,129330,1
81327,22644,34297,103971,115624,56941,0
67142,87469,27689,154611,94831,115158,1
15903,92413,90698,108316,106601,183111,1
37123,33082,23853,70205,60976,56935,1
84756,58370,78004,143126,162760,136374,1
76559,71259,96277,147818,172836,167536,1
52920,47413,6082,100333,59002,53495,1
43734,70717,21729,114451,65463,92446,0
82362,56483,61675,138845,144037,118158,1
49812,72109,36339,121921,86151,108448,1
13862,1740,87033,15602,100895,88773,0
51424,89880,57999,141304,109423,147879,1
83166,12059,47451,95225,130617,59510,0
763,29097,41786,29860,42549,70883,0
5620,78512,9889,84132,15509,88401,0
82102,50273,22512,132375,104614,72785,0
53233,89005,93388,142238,146621,182393,1
99774,78257,69814,178031,169588,148071,1
80168,65112,67869,145280,148037,132981,1
57309,27915,59675,85224,116984,87590,1
44870,81551,55477,126421,100347,137028,1
32627,11642,29259,44269,61886,40901,1
97134,75748,67675,172882,164809,143423,1
42513,84738,89224,127251,131737,173962,1
58594,59608,16470,118202,75064,76078,1
50277,34976,81278,85253,131555,116254,1
5418,80900,83235,86318,88653,164135,1
22320,41384,57601,63704,79921,98985,1
38621,82964,38897,121585,77518,121861,0
54721,11448,79882,66169,134603,91330,0
57308,42405,13903,99713,71211,56308,0
8204,27324,15156,35528,23360,42480,0
65119,36132,82318,101251,147437,118450,1
40816,34053,71214,74869,112030,105267,1
64716,82126,45204,146842,109920,127330,1
9512,85941,40053,95453,49565,125994,0
27359,13559,51902,40918,79261,65461,0
31196,797,34273,31993,65469,35070,0
44621,90671,36322,135292,80943,126993,0
54198,6666,63854,60864,118052,70520,0
40800,92440,79566,133240,120366,172006,1
16545,71517,44328,88062,60873,115845,0
15697,75426,60141,91123,75838,135567,1
12860,23588,44439,36448,57299,68027,0
81536,18828,70376,100364,151912,89204,1
41312,88880,6361,130192,47673,95241,0
8588,74237,64747,82825,73335,138984,0
37147,30063,98025,67210,135172,128088,0
96862,37361,49966,134223,146828,87327,0
32832,46499,46764,79331,79596,93263,1
9149,68660,18117,77809,27266,86777,0
41340,35568,80800,76908,122140,116368,0
73464,45193,58870,118657,132334,104063,1
14668,30305,8520,44973,23188,38825,0
19687,86372,13898,106059,33585,100270,0
70966,55802,19352,126768,90318,75154,1
7652,14618,16205,22270,23857,30823,1
40691,94330,71596,135021,112287,165926,1
97812,59877,7975,157689,105787,67852,0
60197,42786,58424,102983,118621,101210,1
85387,48703,94683,134090,180070,143386,1
47832,84622,50614,132454,98446,135236,1
82486,8776,23571,91262,106057,32347,0
38476,86072,26265,124548,64741,112337,0
89120,74287,85486,163407,174606,159773,1
9379,27685,21888,37064,31267,49573,1
92812,62815,88715,155627,181527,151530,1
80051,97050,22421,177101,102472,119471,1
12882,94009,29402,106891,42284,123411,0
17474,20743,36077,38217,53551,56820,1
90625,95575,97087,186200,187712,192662,1
94685,20859,74324,115544,169009,95183,1
21932,51918,24485,73850,46417,76403,0
50053,43044,68425,93097,118478,111469,1
30625,63128,81030,93753,111655,144158,1
30600,68883,67581,99483,98181,136464,1
16129,9317,20638,25446,36767,29955,1
80886,28933,2584,109819,83470,31517,0
46494,22547,65231,69041,111725,87778,1
77383,26451,27565,103834,104948,54016,0
22987,83478,15725,106465,38712,99203,0
70266,21882,30270,92148,100536,52152,0
32415,52788,27653,85203,60068,80441,1
96424,17964,72192,114388,168616,90156,0
8135,39855,7687,47990,15822,47542,0
411,81681,66121,82092,66532,147802,0
13093,38882,29067,51975,42160,67949,1
27859,208,94687,28067,122546,94895,0
75322,12871,78223,88193,153545,91094,1
76022,87244,36508,163266,112530,123752,1
78420,58001,82469,136421,160889,140470,1
82441,87046,74648,169487,157089,161694,1
71970,97864,32815,169834,104785,130679,1
94595,14160,41077,108755,135672,55237,0
83488,11703,2529,95191,86017,14232,0
14453,88,105,14541,14558,193,0
50406,64217,43904,114623,94310,108121,1
86456,35242,49311,121698,135767,84553,0
69866,61061,17542,130927,87408,78603,1
57135,68548,94904,125683,152039,163452,1
59517,77356,58422,136873,117939,135778,1
48315,70321,73156,118636,121471,143477,1
87136,20562,5846,107698,92982,26408,0
71761,56932,11710,128693,83471,68642,0
87415,61566,82505,148981,169920,144071,1
33027,33078,64950,66105,97977,98028,1
52154,67092,4998,119246,57152,72090,0
33867,32182,31173,66049,65040,63355,1
70248,86711,45577,156959,115825,132288,1
6046,82632,74635,88678,80681,157267,0
93957,99434,44327,193391,138284,143761,1
39760,7313,60874,47073,100634,68187,0
87052,21569,56440,108621,143492,78009,0
51739,67021,37629,118760,89368,104650,1
40942,3917,21533,44859,62475,25450,0
24370,37271,41065,61641,65435,78336,1
79024,70856,78657,149880,157681,149513,1
25275,75193,47040,100468,72315,122233,0
30460,71358,58088,101818,88548,129446,1
52243,52010,15274,104253,67517,67284,1
45499,24570,50192,70069,95691,74762,1
84195,87064,42521,171259,126716,129585,1
95705,88793,81202,184498,176907,169995,1
84169,83329,76818,167498,160987,160147,1
75356,81533,46044,156889,121400,127577,1
25117,89722,84589,114839,109706,174311,1
81148,87613,72768,168761,153916,160381,1
94071,31053,75037,125124,169108,106090,1
15667,88343,96225,104010,111892,184568,1
57084,53011,75667,110095,132751,128678,1
94879,40100,75786,134979,170665,115886,1
74059,74190,89473,148249,163532,163663,1
19528,75891,51156,95419,70684,127047,0
22710,85506,58610,108216,81320,144116,0
93216,27475,22170,120691,115386,49645,0
90385,97764,82891,188149,173276,180655,1
8538,2422,61797,10960,70335,64219,0
29150,35399,25214,64549,54364,60613,1
92168,50566,87141,142734,179309,137707,1
94285,77685,20583,171970,114868,98268,1
16901,61440,32090,78341,48991,93530,0
40045,21650,9397,61695,49442,31047,0
12896,15227,88758,28123,101654,103985,0
47987,25789,23081,73776,71068,48870,1
47699,18909,75584,66608,123283,94493,0
77342,78586,34905,155928,112247,113491,1
62655,2456,40263,65111,102918,42719,0
21494,23901,36300,45395,57794,60201,1
2531,33350,45788,35881,48319,79138,0
17874,38895,87796,56769,105670,126691,0
57522,81617,7913,139139,65435,89530,0
2489,86980,36104,89469,38593,123084,0
2512,69752,20564,72264,23076,90316,0
24680,3130,60407,27810,85087,63537,0
27445,3744,34061,31189,61506,37805,0
55447,63240,18051,118687,73498,81291,1
99234,60944,60303,160178,159537,121247,1
6287,88470,53614,94757,59901,142084,0
11719,88701,96005,100420,107724,184706,1
44133,19274,16721,63407,60854,35995,0
99604,92401,1026,192005,100630,93427,0
74475,28323,41332,102798,115807,69655,0
56185,16258,3126,72443,59311,19384,0
12248,57227,61657,69475,73905,118884,1
57660,16339,82591,73999,140251,98930,0
35278,94361,61521,129639,96799,155882,1
10135,23546,89484,33681,99619,113030,0
83238,55116,88195,138354,171433,143311,1
85265,84346,10791,169611,96056,95137,1
22461,1499,69826,23960,92287,71325,0
2122,89411,59548,91533,61670,148959,0
78121,74523,67771,152644,145892,142294,1
17832,56108,81316,73940,99148,137424,0
61375,19781,33743,81156,95118,53524,0
70333,84474,10694,154807,81027,95168,0
57454,89629,84581,147083,142035,174210,1
72324,4885,37131,77209,109455,42016,0
55303,38166,75507,93469,130810,113673,1
27370,14219,11762,41589,39132,25981,0
11752,39013,70611,50765,82363,109624,0
41382,5017,2970,46399,44352,7987,0
73287,34817,31660,108104,104947,66477,0
49999,60769,79262,110768,129261,140031,1
27855,75920,59884,103775,87739,135804,1
75434,4557,44062,79991,119496,48619,0
72853,50233,41404,123086,114257,91637,1
1254,40158,28176,41412,29430,68334,0
57886,61791,21651,119677,79537,83442,1
31532,42106,8530,73638,40062,50636,0
20766,26888,72764,47654,93530,99652,0
12562,42267,125,54829,12687,42392,0
57111,63576,10132,120687,67243,73708,1
79243,20018,25059,99261,104302,45077,0
59478,99798,71366,159276,130844,171164,1
40562,76434,57394,116996,97956,133828,1
70475,97078,33086,167553,103561,130164,1
81698,80889,14202,162587,95900,95091,1
88041,72734,83328,160775,171369,156062,1
58977,12431,1591,71408,60568,14022,0
21921,37368,55853,59289,77774,93221,1
86258,72895,66868,159153,153126,139763,1
94006,28141,15182,122147,109188,43323,0
83759,49705,32815,133464,116574,82520,0
18459,94128,97419,112587,115878,191547,1
28187,90957,68342,119144,96529,159299,1
65161,38719,45271,103880,110432,83990,1
48296,37979,70507,86275,118803,108486,1
32945,71244,53834,104189,86779,125078,1
83147,1084,26041,84231,109188,27125,0
50213,74227,4569,124440,54782,78796,0
51711,8745,42945,60456,94656,51690,0
16391,90293,86853,106684,103244,177146,1
4774,6388,74494,11162,79268,80882,0
66239,33928,95096,100167,161335,129024,1
83541,8291,99962,91832,183503,108253,0
70708,53336,36382,124044,107090,89718,1
19962,94684,7933,114646,27895,102617,0
91903,2993,15572,94896,107475,18565,0
51104,64283,87163,115387,138267,151446,1
23688,47089,55815,70777,79503,102904,1
30517,19140,37270,49657,67787,56410,1
87615,30223,26267,117838,113882,56490,0
59348,56661,30110,116009,89458,86771,1
53792,26070,24899,79862,78691,50969,0
56163,42807,7288,98970,63451,50095,0
78194,19983,75262,98177,153456,95245,1
82930,72400,96506,155330,179436,168906,1
43122,62426,69032,105548,112154,131458,1
32788,26678,95859,59466,128647,122537,0
19843,7377,42139,27220,61982,49516,0
88466,48167,40278,136633,128744,88445,0
45266,74963,78121,120229,123387,153084,1
60771,95260,84157,156031,144928,179417,1
12345,18278,52012,30623,64357,70290,0
24226,76583,86343,100809,110569,162926,1
98217,44946,8744,143163,106961,53690,0
48311,98404,41585,146715,89896,139989,0
4322,49754,97709,54076,102031,147463,0
11739,62934,36691,74673,48430,99625,0
93082,5263,96707,98345,189789,101970,1
48662,50844,44583,99506,93245,95427,1
47866,25498,32125,73364,79991,57623,1
64149,78582,36411,142731,100560,114993,1
77960,69253,56553,147213,134513,125806,1
36672,96264,48669,132936,85341,144933,0
17270,74997,88635,92267,105905,163632,1
94470,23912,34826,118382,129296,58738,0
21739,90025,73714,111764,95453,163739,1
13213,53625,60241,66838,73454,113866,1
88699,11247,56064,99946,144763,67311,0
60104,4115,15463,64219,75567,19578,0
75584,38147,28904,113731,104488,67051,0
45230,41619,73982,86849,119212,115601,1
617,43171,91357,43788,91974,134528,0
12769,86997,60895,99766,73664,147892,0
63188,32379,53804,95567,116992,86183,1
7418,2204,38866,9622,46284,41070,0
36102,12033,2610,48135,38712,14643,0
92433,77357,70496,169790,162929,147853,1
94556,59933,82154,154489,176710,142087,1
22826,94291,98615,117117,121441,192906,1
2723,16571,7166,19294,9889,23737,0
748,29508,45616,30256,46364,75124,0
16742,64951,89681,81693,106423,154632,0
27603,44270,86332,71873,113935,130602,0
61835,71362,78989,133197,140824,150351,1
61409,32487,94007,93896,155416,126494,0
25883,9436,16804,35319,42687,26240,1
62005,74359,93424,136364,155429,167783,1
34279,92462,67400,126741,101679,159862,1
57749,54079,36055,111828,93804,90134,1
86599,93790,66923,180389,153522,160713,1
49227,72724,76936,121951,126163,149660,1
28837,67578,75580,96415,104417,143158,1
86367,81245,49537,167612,135904,130782,1
71730,52024,46483,123754,118213,98507,1
31842,9485,31567,41327,63409,41052,1
45307,45607,94685,90914,139992,140292,0
47699,64816,51198,112515,98897,116014,1
33678,2534,96575,36212,130253,99109,0
64305,56905,11169,121210,75474,68074,1
67592,82236,81174,149828,148766,163410,1
55471,67556,86866,123027,142337,154422,1
79425,34409,89247,113834,168672,123656,1
55577,85884,31877,141461,87454,117761,1
15727,54552,20106,70279,35833,74658,0
25795,89777,75448,115572,101243,165225,1
88149,86101,82744,174250,170893,168845,1
36848,96070,87872,132918,124720,183942,1
34625,38430,65136,73055,99761,103566,1
85873,61873,21579,147746,107452,83452,0
44455,96123,32985,140578,77440,129108,0
11033,93818,98545,104851,109578,192363,1
68068,15404,81596,83472,149664,97000,1
71615,6554,82313,78169,153928,88867,0
35459,869,23298,36328,58757,24167,0
77785,74768,42342,152553,120127,117110,1
91562,99101,9025,190663,100587,108126,1
69353,35873,69674,105226,139027,105547,1
10833,85614,68305,96447,79138,153919,0
30611,89758,36692,120369,67303,126450,0
29724,78949,65144,108673,94868,144093,1
85119,66292,82333,151411,167452,148625,1
9653,95650,47894,105303,57547,143544,0
20543,78190,70810,98733,91353,149000,1
34219,34781,56293,69000,90512,91074,1
36836,23974,604,60810,37440,24578,0
26784,7517,98307,34301,125091,105824,0
47236,40975,29412,88211,76648,70387,1
36227,48776,22757,85003,58984,71533,1
53612,32882,44796,86494,98408,77678,1
92560,35314,85470,127874,178030,120784,1
88186,43959,48795,132145,136981,92754,1
42029,20572,82731,62601,124760,103303,0
35897,50934,41827,86831,77724,92761,1
90869,49384,5159,140253,96028,54543,0
50709,82915,96909,133624,147618,179824,1
76469,30983,50939,107452,127408,81922,1
75826,8510,87666,84336,163492,96176,0
63986,51702,94425,115688,158411,146127,1
92817,87168,83626,179985,176443,170794,1
20662,22334,63529,42996,84191,85863,0
33185,81965,97926,115150,131111,179891,1
3722,68478,48618,72200,52340,117096,0
93200,60982,4612,154182,97812,65594,0
76439,28185,10098,104624,86537,38283,0
34279,81294,61256,115573,95535,142550,1
31234,78040,10360,109274,41594,88400,0
4520,45268,84024,49788,88544,129292,0
71430,2224,91453,73654,162883,93677,0
77524,91536,49367,169060,126891,140903,1
2238,56009,65386,58247,67624,121395,0
5078,42397,71,47475,5149,42468,0
59271,27276,19783,86547,79054,47059,0
13626,24719,47365,38345,60991,72084,0
67682,43508,72734,111190,140416,116242,1
1500,55055,63389,56555,64889,118444,0
14304,93361,79101,107665,93405,172462,1
69226,25047,97886,94273,167112,122933,0
22292,2273,78059,24565,100351,80332,0
68432,94500,42293,162932,110725,136793,1
41144,50579,50878,91723,92022,101457,1
45879,3638,36237,49517,82116,39875,0
8592,67792,19992,76384,28584,87784,0
58756,33410,68809,92166,127565,102219,1
53404,26244,79409,79648,132813,105653,1
95383,81317,47559,176700,142942,128876,1
86725,63442,79710,150167,166435,143152,1
52304,82607,73379,134911,125683,155986,1
93964,73881,64110,167845,158074,137991,1
9544,96350,55602,105894,65146,151952,0
88748,94539,79228,183287,167976,173767,1
59269,40318,14578,99587,73847,54896,0
917,92925,76994,93842,77911,169919,0
70865,65392,65699,136257,136564,131091,1
88889,25921,4012,114810,92901,29933,0
69020,9964,20475,78984,89495,30439,0
25326,86449,47422,111775,72748,133871,0
99286,42846,6431,142132,105717,49277,0
14817,46258,98018,61075,112835,144276,0
14601,31637,48139,46238,62740,79776,0
79120,10054,6398,89174,85518,16452,0
25269,75681,11944,100950,37213,87625,0
11363,5572,93511,16935,104874,99083,0
73637,99298,99731,172935,173368,199029,1
95652,76385,78658,172037,174310,155043,1
63583,52456,90217,116039,153800,142673,1
40495,62072,15028,102567,55523,77100,0
56822,11622,95094,68444,151916,106716,0
66898,24325,79237,91223,146135,103562,1
2791,12763,71881,15554,74672,84644,0
16014,2812,81701,18826,97715,84513,0
79623,34779,21425,114402,101048,56204,0
99518,33043,64603,132561,164121,97646,0
30196,55684,46571,85880,76767,102255,1
89095,23190,85217,112285,174312,108407,1
59822,69818,62146,129640,121968,131964,1
9563,77033,93751,86596,103314,170784,0
48931,57508,35316,106439,84247,92824,1
54244,12089,44260,66333,98504,56349,1
72231,9090,44121,81321,116352,53211,0
47498,22647,9181,70145,56679,31828,0
65332,1627,80592,66959,145924,82219,0
13519,77731,4581,91250,18100,82312,0
28699,98060,53397,126759,82096,151457,0
15213,82686,10547,97899,25760,93233,0
67234,61806,54876,129040,122110,116682,1
12540,44144,9720,56684,22260,53864,0
32077,75191,43212,107268,75289,118403,1
73811,87819,14303,161630,88114,102122,1
42364,25689,37669,68053,80033,63358,1
61928,39023,18716,100951,80644,57739,0
36260,14426,92114,50686,128374,106540,0
95586,59761,93437,155347,189023,153198,1
17868,25276,89173,43144,107041,114449,0
46612,77215,34862,123827,81474,112077,1
29178,26692,9611,55870,38789,36303,1
68169,23040,68610,91209,136779,91650,1
4713,72400,17289,77113,22002,89689,0
73518,12822,76400,86340,149918,89222,1
13373,70494,32540,83867,45913,103034,0
32240,9438,8874,41678,41114,18312,0
12482,19573,59639,32055,72121,79212,0
61184,69256,4550,130440,65734,73806,0
98967,47931,77846,146898,176813,125777,1
7760,14326,74099,22086,81859,88425,0
83322,98381,47951,181703,131273,146332,1
46280,63582,43033,109862,89313,106615,1
56553,39824,58655,96377,115208,98479,1
12634,76880,62451,89514,75085,139331,0
57359,13049,39463,70408,96822,52512,0
91382,20792,21399,112174,112781,42191,0
42039,48201,58373,90240,100412,106574,1
15546,77307,27315,92853,42861,104622,0
57011,37224,36921,94235,93932,74145,1
64852,7396,3881,72248,68733,11277,0
98322,62269,83172,160591,181494,145441,1
73286,95920,36473,169206,109759,132393,1
8571,87088,32520,95659,41091,119608,0
96006,98473,83191,194479,179197,181664,1
20748,83448,65602,104196,86350,149050,1
93876,91544,57459,185420,151335,149003,1
85486,44048,1462,129534,86948,45510,0
78517,58486,38891,137003,117408,97377,1
3330,1526,77737,4856,81067,79263,0
61066,76903,54643,137969,115709,131546,1
54288,5967,64869,60255,119157,70836,0
53467,32744,52320,86211,105787,85064,1
72254,19644,7732,91898,79986,27376,0
2405,81442,82197,83847,84602,163639,1
28409,66824,23867,95233,52276,90691,0
93469,73276,53446,166745,146915,126722,1
14715,75184,64366,89899,79081,139550,1
70929,19020,39600,89949,110529,58620,0
69019,93344,85138,162363,154157,178482,1
95152,91442,11998,186594,107150,103440,1
45670,40716,56987,86386,102657,97703,1
14800,91843,37433,106643,52233,129276,0
65213,90644,35976,155857,101189,126620,1
43602,26357,84373,69959,127975,110730,0
7514,49510,96836,57024,104350,146346,0
40890,44699,14309,85589,55199,59008,1
29043,98772,26979,127815,56022,125751,0
54255,74679,6827,128934,61082,81506,0
14712,3630,13933,18342,28645,17563,1
9091,73933,35725,83024,44816,109658,0
9975,3377,98757,13352,108732,102134,0
49853,39053,24449,88906,74302,63502,1
35408,82634,7915,118042,43323,90549,0
26816,88054,72920,114870,99736,160974,1
49686,54233,72092,103919,121778,126325,1
4388,43163,60780,47551,65168,103943,0
11351,34593,79717,45944,91068,114310,0
42951,47077,27894,90028,70845,74971,1
97157,1254,42313,98411,139470,43567,0
64927,86800,49173,151727,114100,135973,1
88619,19342,99055,107961,187674,118397,1
88884,63905,83019,152789,171903,146924,1
45288,25167,3304,70455,48592,28471,0
77408,22595,1163,100003,78571,23758,0
19561,93903,95871,113464,115432,189774,1
51980,25391,57480,77371,109460,82871,1
58545,82957,86709,141502,145254,169666,1
79761,69511,51133,149272,130894,120644,1
69603,55662,76592,125265,146195,132254,1
30635,70049,68642,100684,99277,138691,1
39086,42832,78651,81918,117737,121483,1
15887,84511,53573,100398,69460,138084,0
94298,13082,89525,107380,183823,102607,1
6118,72409,82989,78527,89107,155398,0
72420,4333,55690,76753,128110,60023,0
43362,84540,47903,127902,91265,132443,1
16688,97385,29072,114073,45760,126457,0
82100,83903,82282,166003,164382,166185,1
87171,18875,65570,106046,152741,84445,0
8600,65673,41486,74273,50086,107159,0
82944,32032,47900,114976,130844,79932,0
77771,1148,93715,78919,171486,94863,0
24968,8196,37480,33164,62448,45676,0
61188,49528,8150,110716,69338,57678,0
93204,69491,95607,162695,188811,165098,1
37250,21766,16355,59016,53605,38121,1
18645,8733,20061,27378,38706,28794,1
59469,9553,53708,69022,113177,63261,1
70437,39537,83055,109974,153492,122592,1
7638,64297,87987,71935,95625,152284,0
77525,9364,4713,86889,82238,14077,0
94204,62129,22774,156333,116978,84903,0
17905,90588,19849,108493,37754,110437,0
65357,25099,64929,90456,130286,90028,1
34848,2902,63779,37750,98627,66681,0
45217,74131,31581,119348,76798,105712,1
86297,17731,30841,104028,117138,48572,0
85276,10948,35869,96224,121145,46817,0
23621,48211,84355,71832,107976,132566,0
31252,34746,75964,65998,107216,110710,0
88308,36271,49289,124579,137597,85560,0
45918,97948,55734,143866,101652,153682,1
19015,48849,43109,67864,62124,91958,1
84145,64294,62443,148439,146588,126737,1
65797,59669,94670,125466,160467,154339,1
56508,75086,92996,131594,149504,168082,1
88884,63846,9132,152730,98016,72978,0
89518,71609,58433,161127,147951,130042,1
14536,11230,24354,25766,38890,35584,1
69074,51797,38828,120871,107902,90625,1
39594,36620,16517,76214,56111,53137,1
62560,51470,13474,114030,76034,64944,1
84379,74154,39734,158533,124113,113888,1
91206,90980,24385,182186,115591,115365,1
34926,82016,54118,116942,89044,136134,1
76679,3302,60480,79981,137159,63782,0
63709,74195,7925,137904,71634,82120,0
17862,38811,41947,56673,59809,80758,1
68830,99164,21784,167994,90614,120948,0
88635,79901,67858,168536,156493,147759,1
67198,90780,17903,157978,85101,108683,0
80912,63284,77899,144196,158811,141183,1
87832,60049,11484,147881,99316,71533,0
47376,1886,56825,49262,104201,58711,0
62133,15583,96882,77716,159015,112465,0
47112,90579,60934,137691,108046,151513,1
25960,23422,94842,49382,120802,118264,0
64481,45736,48488,110217,112969,94224,1
12721,91131,87770,103852,100491,178901,1
56830,43603,17288,100433,74118,60891,1
9682,74344,82387,84026,92069,156731,1
47871,82644,42570,130515,90441,125214,1
10811,43040,72274,53851,83085,115314,0
99097,94585,92844,193682,191941,187429,1
29081,53944,32655,83025,61736,86599,1
63684,27214,23630,90898,87314,50844,0
18545,62897,69226,81442,87771,132123,1
76664,79337,71540,156001,148204,150877,1
63059,26154,94674,89213,157733,120828,0
61769,83656,35863,145425,97632,119519,1
61402,27159,98873,88561,160275,126032,0
68061,60131,16776,128192,84837,76907,1
30343,9451,77126,39794,107469,86577,0
67335,14278,65924,81613,133259,80202,1
75197,18701,29859,93898,105056,48560,0
70701,69506,65723,140207,136424,135229,1
2624,62371,60876,64995,63500,123247,1
20071,49418,8082,69489,28153,57500,0
23856,57998,47040,81854,70896,105038,1
85172,25611,13842,110783,99014,39453,0
18105,92677,42125,110782,60230,134802,0
13979,10515,60386,24494,74365,70901,0
66430,65591,57639,132021,124069,123230,1
13416,99168,66418,112584,79834,165586,0
79322,94410,47398,173732,126720,141808,1
80110,26898,94916,107008,175026,121814,1
76903,60779,88993,137682,165896,149772,1
89347,103,52311,89450,141658,52414,0
9278,39965,20847,49243,30125,60812,0
28874,89561,53403,118435,82277,142964,0
85046,17901,70790,102947,155836,88691,1
91239,33204,52849,124443,144088,86053,0
13102,56948,6114,70050,19216,63062,0
96003,91984,25174,187987,121177,117158,1
27782,70351,30434,98133,58216,100785,0
64000,27937,18103,91937,82103,46040,0
121,80006,2520,80127,2641,82526,0
79400,19130,79990,98530,159390,99120,1
72536,54307,45296,126843,117832,99603,1
67627,61190,91727,128817,159354,152917,1
45853,85384,16234,131237,62087,101618,0
3972,43723,96369,47695,100341,140092,0
35138,73989,99831,109127,134969,173820,1
25972,59783,1593,85755,27565,61376,0
3973,40688,15143,44661,19116,55831,0
97575,32957,95080,130532,192655,128037,1
91446,44133,29233,135579,120679,73366,0
90791,18285,65697,109076,156488,83982,0
59293,68623,3098,127916,62391,71721,0
42446,27190,19794,69636,62240,46984,1
54585,71273,37418,125858,92003,108691,1
13708,53089,56890,66797,70598,109979,1
18280,79508,45982,97788,64262,125490,0
65774,92985,98862,158759,164636,191847,1
87340,39083,62247,126423,149587,101330,1
62307,65182,56043,127489,118350,121225,1
21815,74898,53072,96713,74887,127970,0
11470,31535,75360,43005,86830,106895,0
91821,94322,72867,186143,164688,167189,1
17742,70540,76994,88282,94736,147534,1
18435,73438,59835,91873,78270,133273,1
36628,60932,14727,97560,51355,75659,0
1592,48326,84939,49918,86531,133265,0
90886,60556,91504,151442,182390,152060,1
15635,28098,60130,43733,75765,88228,0
44609,59553,38705,104162,83314,98258,1
96516,35170,69108,131686,165624,104278,1
30812,56617,43016,87429,73828,99633,1
37736,36131,34049,73867,71785,70180,1
54767,79653,37365,134420,92132,117018,1
27905,65809,76616,93714,104521,142425,1
98382,83807,14775,182189,113157,98582,1
42670,17938,70057,60608,112727,87995,0
69885,266,53144,70151,123029,53410,0
87002,12344,71872,99346,158874,84216,0
45431,48311,63741,93742,109172,112052,1
62700,75345,4648,138045,67348,79993,0
31152,12253,42290,43405,73442,54543,1
25336,46361,7724,71697,33060,54085,0
36686,3260,68691,39946,105377,71951,0
69589,66132,37330,135721,106919,103462,1
1141,77802,61995,78943,63136,139797,0
5187,4165,37618,9352,42805,41783,0
74766,67082,65096,141848,139862,132178,1
20935,65701,47714,86636,68649,113415,1
26521,4267,88199,30788,114720,92466,0
335,16727,6660,17062,6995,23387,0
9716,9693,63846,19409,73562,73539,0
43380,66417,66941,109797,110321,133358,1
57596,38145,89469,95741,147065,127614,1
62359,12755,57299,75114,119658,70054,1
84715,3106,39885,87821,124600,42991,0
87229,95989,34360,183218,121589,130349,1
84130,70535,99481,154665,183611,170016,1
81282,87275,94856,168557,176138,182131,1
20367,69782,49183,90149,69550,118965,0
672,64941,42065,65613,42737,107006,0
56267,38038,58791,94305,115058,96829,1
25364,66138,20241,91502,45605,86379,0
26534,33688,75162,60222,101696,108850,0
7315,22614,36942,29929,44257,59556,0
69667,13836,33119,83503,102786,46955,0
28556,51784,69929,80340,98485,121713,1
88087,18771,33657,106858,121744,52428,0
49516,8062,76296,57578,125812,84358,0
29430,35236,73923,64666,103353,109159,0
15848,10491,5095,26339,20943,15586,0
86800,6841,68062,93641,154862,74903,0
82211,91512,57280,173723,139491,148792,1
67953,40034,57302,107987,125255,97336,1
52056,71682,6337,123738,58393,78019,0
82898,33409,95661,116307,178559,129070,1
18893,86832,2803,105725,21696,89635,0
23088,99961,39577,123049,62665,139538,0
82090,17823,37504,99913,119594,55327,0
75834,3541,78643,79375,154477,82184,1
7586,6701,25513,14287,33099,32214,0
19306,89610,56097,108916,75403,145707,0
99232,68847,20666,168079,119898,89513,0
65785,66292,82171,132077,147956,148463,1
10171,16415,4588,26586,14759,21003,0
66811,27074,30783,93885,97594,57857,0
83304,47375,33148,130679,116452,80523,0
83403,87088,94251,170491,177654,181339,1
31953,59488,24806,91441,56759,84294,0
2822,14929,95987,17751,98809,110916,0
35338,39666,24696,75004,60034,64362,1
2227,36992,97922,39219,100149,134914,0
42460,38577,26345,81037,68805,64922,1
16985,6072,18983,23057,35968,25055,1
22765,48822,97873,71587,120638,146695,0
99764,73151,48190,172915,147954,121341,1
63226,7575,41277,70801,104503,48852,0
59301,97408,67412,156709,126713,164820,1
57709,8073,38705,65782,96414,46778,0
55564,24260,2447,79824,58011,26707,0
54063,57322,81656,111385,135719,138978,1
57302,22592,51215,79894,108517,73807,1
8488,41247,15445,49735,23933,56692,0
87855,42395,67803,130250,155658,110198,1
93964,94539,66035,188503,159999,160574,1
22536,58455,60409,80991,82945,118864,1
55271,97984,51259,153255,106530,149243,1
44243,48744,64881,92987,109124,113625,1
30375,27973,10124,58348,40499,38097,1
54057,4298,41910,58355,95967,46208,0
68869,37109,4559,105978,73428,41668,0
62049,90106,90942,152155,152991,181048,1
81949,67954,84501,149903,166450,152455,1
62690,20531,15674,83221,78364,36205,0
58097,73805,72820,131902,130917,146625,1
12197,1116,9604,13313,21801,10720,0
9260,77832,77828,87092,87088,155660,1
84647,88003,26907,172650,111554,114910,1
97672,96945,55984,194617,153656,152929,1
37343,80866,78163,118209,115506,159029,1
13198,5712,48146,18910,61344,53858,0
36163,73759,18395,109922,54558,92154,0
43677,14624,3394,58301,47071,18018,0
95288,40939,23277,136227,118565,64216,0
90167,76795,4814,166962,94981,81609,0
2293,8433,79055,10726,81348,87488,0
12798,94816,1993,107614,14791,96809,0
12329,39403,72740,51732,85069,112143,0
43171,62818,69335,105989,112506,132153,1
679,90578,16753,91257,17432,107331,0
11851,66436,67989,78287,79840,134425,1
55456,98729,18481,154185,73937,117210,0
75942,43539,69319,119481,145261,112858,1
87435,15988,75176,103423,162611,91164,1
7401,20763,52196,28164,59597,72959,0
65983,98053,50538,164036,116521,148591,1
87225,76754,33770,163979,120995,110524,1
46254,39513,34046,85767,80300,73559,1
62301,90877,25165,153178,87466,116042,0
46924,90568,42012,137492,88936,132580,0
9580,63435,80822,73015,90402,144257,0
61273,66843,86672,128116,147945,153515,1
38146,47304,22387,85450,60533,69691,1
62088,5116,3970,67204,66058,9086,0
40803,4627,94042,45430,134845,98669,0
22428,96030,79384,118458,101812,175414,1
26478,66127,66473,92605,92951,132600,1
12783,81673,21010,94456,33793,102683,0
58165,64183,66036,122348,124201,130219,1
26569,96152,20499,122721,47068,116651,0
46984,61864,8708,108848,55692,70572,0
28239,81897,30226,110136,58465,112123,0
74958,79657,82316,154615,157274,161973,1
89117,79935,94495,169052,183612,174430,1
97793,63579,21736,161372,119529,85315,0
63303,29318,62913,92621,126216,92231,1
4265,46763,56228,51028,60493,102991,0
68818,76728,85126,145546,153944,161854,1
8593,40838,11943,49431,20536,52781,0
53098,70303,74305,123401,127403,144608,1
2590,97954,51902,100544,54492,149856,0
60953,62407,73769,123360,134722,136176,1
39708,1089,53080,40797,92788,54169,0
38443,65648,90129,104091,128572,155777,1
33974,85693,89598,119667,123572,175291,1
67266,23571,39497,90837,106763,63068,0
58314,29733,8441,88047,66755,38174,0
47018,95560,75389,142578,122407,170949,1
64624,33887,57910,98511,122534,91797,1
41887,69659,33973,111546,75860,103632,1
12889,73965,17223,86854,30112,91188,0
30838,48657,17835,79495,48673,66492,1
88556,3709,90951,92265,179507,94660,1
29318,8169,80406,37487,109724,88575,0
53231,88849,51322,142080,104553,140171,1
72562,24692,34606,97254,107168,59298,0
55300,94517,3233,149817,58533,97750,0
9624,26949,2396,36573,12020,29345,0
99174,5906,98474,105080,197648,104380,1
21627,71232,71497,92859,93124,142729,1
47246,50219,89476,97465,136722,139695,1
84496,43022,9057,127518,93553,52079,0
9970,86130,57284,96100,67254,143414,0
63937,47873,59870,111810,123807,107743,1
45862,74700,99082,120562,144944,173782,1
58660,34934,36182,93594,94842,71116,1
85776,19427,2433,105203,88209,21860,0
29894,50684,65867,80578,95761,116551,1
96963,15932,21326,112895,118289,37258,0
3885,84056,31110,87941,34995,115166,0
8141,12376,79315,20517,87456,91691,0
11176,79276,35890,90452,47066,115166,0
44892,14587,72968,59479,117860,87555,0
38059,4177,4167,42236,42226,8344,0
78529,16228,19817,94757,98346,36045,0
26504,99472,65376,125976,91880,164848,0
60457,64473,90365,124930,150822,154838,1
51757,40502,62415,92259,114172,102917,1
70923,21909,35895,92832,106818,57804,0
12000,20040,86544,32040,98544,106584,0
71649,30928,57425,102577,129074,88353,1
22639,93190,65772,115829,88411,158962,0
60362,71368,72938,131730,133300,144306,1
47343,81891,41675,129234,89018,123566,1
51025,16566,93892,67591,144917,110458,0
39519,84252,12839,123771,52358,97091,0
25416,50400,54010,75816,79426,104410,1
19928,46079,11917,66007,31845,57996,0
78026,93927,69880,171953,147906,163807,1
47218,51230,12543,98448,59761,63773,1
55260,72342,43752,127602,99012,116094,1
21362,66165,49204,87527,70566,115369,1
85974,41298,12408,127272,98382,53706,0
39557,15719,58796,55276,98353,74515,0
53498,22806,92664,76304,146162,115470,0
55211,57520,77960,112731,133171,135480,1
38640,8644,86752,47284,125392,95396,0
32392,45686,75924,78078,108316,121610,1
16629,38606,74893,55235,91522,113499,0
93096,43194,10659,136290,103755,53853,0
86841,72451,21659,159292,108500,94110,1
55470,67366,33484,122836,88954,100850,1
64852,34668,20507,99520,85359,55175,0
32996,22749,39696,55745,72692,62445,1
93969,67004,69675,160973,163644,136679,1
77500,52420,55698,129920,133198,108118,1
64700,88763,92132,153463,156832,180895,1
13685,38785,47894,52470,61579,86679,1
23901,13556,88421,37457,112322,101977,0
70397,33028,9593,103425,79990,42621,0
89306,47408,13929,136714,103235,61337,0
34860,52124,70045,86984,104905,122169,1
66853,44796,84003,111649,150856,128799,1
6344,33084,97775,39428,104119,130859,0
74629,9091,66264,83720,140893,75355,1
95308,29690,28433,124998,123741,58123,0
53110,30666,31780,83776,84890,62446,1
17260,91986,19543,109246,36803,111529,0
96838,54973,99620,151811,196458,154593,1
95428,67397,32300,162825,127728,99697,1
7235,94016,51051,101251,58286,145067,0
59751,64297,99084,124048,158835,163381,1
23070,71668,9388,94738,32458,81056,0
89525,70451,10116,159976,99641,80567,0
81670,82882,92224,164552,173894,175106,1
18262,57839,6665,76101,24927,64504,0
66431,79253,44129,145684,110560,123382,1
12415,76081,65880,88496,78295,141961,1
93877,85799,44700,179676,138577,130499,1
91134,40767,34566,131901,125700,75333,0
78299,28620,4408,106919,82707,33028,0
99344,63000,81148,162344,180492,144148,1
96954,13426,94537,110380,191491,107963,1
71053,52510,75359,123563,146412,127869,1
29818,65627,29961,95445,59779,95588,0
15513,62936,14278,78449,29791,77214,0
75377,65475,46515,140852,121892,111990,1
59929,97743,26385,157672,86314,124128,0
82169,36175,94927,118344,177096,131102,1
2264,33576,91700,35840,93964,125276,0
24443,54604,5082,79047,29525,59686,0
30113,93193,51903,123306,82016,145096,0
35340,39759,62454,75099,97794,102213,1
8331,45848,43900,54179,52231,89748,1
9947,11846,18825,21793,28772,30671,1
87177,43878,96044,131055,183221,139922,1
77531,56855,40317,134386,117848,97172,1
24222,97115,40281,121337,64503,137396,0
54155,33173,5719,87328,59874,38892,0
21389,56527,77000,77916,98389,133527,1
18873,44353,5669,63226,24542,50022,0
41197,77436,54914,118633,96111,132350,1
54196,99918,67994,154114,122190,167912,1
58622,96763,87776,155385,146398,184539,1
40193,29494,11476,69687,51669,40970,1
56086,18959,28066,75045,84152,47025,0
32379,16583,91439,48962,123818,108022,0
40010,55964,47879,95974,87889,103843,1
85403,86805,76491,172208,161894,163296,1
21544,86856,12374,108400,33918,99230,0
47607,68045,53480,115652,101087,121525,1
59411,96019,19483,155430,78894,115502,0
77558,92436,95609,169994,173167,188045,1
54848,43356,38083,98204,92931,81439,1
38346,43265,40665,81611,79011,83930,1
63749,22068,91145,85817,154894,113213,0
96009,65109,7831,161118,103840,72940,0
25669,1215,97962,26884,123631,99177,0
53383,26041,97882,79424,151265,123923,0
42381,88947,42501,131328,84882,131448,0
88482,46558,33989,135040,122471,80547,0
34143,76628,55806,110771,89949,132434,1
67390,13554,55166,80944,122556,68720,1
34661,31113,75618,65774,110279,106731,0
70083,65438,22748,135521,92831,88186,1
63762,61397,71684,125159,135446,133081,1
41893,49954,54946,91847,96839,104900,1
38140,12143,61666,50283,99806,73809,0
99868,10933,56153,110801,156021,67086,0
49598,42798,15807,92396,65405,58605,1
53334,73433,30595,126767,83929,104028,1
19484,15938,75401,35422,94885,91339,0
54431,73846,33685,128277,88116,107531,1
59821,12270,31031,72091,90852,43301,0
65414,78358,15604,143772,81018,93962,1
60353,12258,44672,72611,105025,56930,0
70955,47269,98942,118224,169897,146211,1
72255,95013,47710,167268,119965,142723,1
51377,38399,16261,89776,67638,54660,1
52206,70418,57214,122624,109420,127632,1
73379,79657,3221,153036,76600,82878,0
94049,75998,25878,170047,119927,101876,1
90557,36445,88632,127002,179189,125077,1
84646,21867,42235,106513,126881,64102,0
82067,55608,54514,137675,136581,110122,1
66974,62356,306,129330,67280,62662,0
93977,24463,93160,118440,187137,117623,1
12394,71183,94166,83577,106560,165349,0
62928,37929,64406,100857,127334,102335,1
67256,516,13437,67772,80693,13953,0
93681,16306,71993,109987,165674,88299,0
72710,17701,27094,90411,99804,44795,0
86295,24412,20552,110707,106847,44964,0
33115,47457,79798,80572,112913,127255,1
30277,37125,54759,67402,85036,91884,1
45326,50139,26139,95465,71465,76278,1
28514,49718,73095,78232,101609,122813,1
25234,58839,23507,84073,48741,82346,0
88017,81920,34500,169937,122517,116420,1
26799,37199,94779,63998,121578,131978,0
40249,53111,39326,93360,79575,92437,1
74037,24176,64342,98213,138379,88518,1
17642,56985,46227,74627,63869,103212,1
50665,29797,49542,80462,100207,79339,1
87328,58808,70688,146136,158016,129496,1
98007,57227,26782,155234,124789,84009,0
24279,71711,71168,95990,95447,142879,1
21517,67877,37384,89394,58901,105261,0
85516,24274,85204,109790,170720,109478,1
69585,74294,89319,143879,158904,163613,1
8472,29376,33935,37848,42407,63311,1
41159,70485,78525,111644,119684,149010,1
90457,37649,69067,128106,159524,106716,1
31974,54342,55241,86316,87215,109583,1
56877,29503,31570,86380,88447,61073,1
31296,95604,8669,126900,39965,104273,0
36200,93154,91029,129354,127229,184183,1
72477,91209,11598,163686,84075,102807,0
16973,89975,7287,106948,24260,97262,0
52270,61330,84172,113600,136442,145502,1
50638,33732,76697,84370,127335,110429,1
90040,45081,71398,135121,161438,116479,1
66399,69653,34723,136052,101122,104376,1
89955,50868,45909,140823,135864,96777,1
8119,73079,38921,81198,47040,112000,0
89813,41396,11448,131209,101261,52844,0
41885,8352,15023,50237,56908,23375,0
44831,69494,82222,114325,127053,151716,1
50288,6141,74656,56429,124944,80797,0
29013,45170,22942,74183,51955,68112,1
84268,67135,32312,151403,116580,99447,1
71180,94600,76792,165780,147972,171392,1
8466,786,89237,9252,97703,90023,0
85889,54932,67816,140821,153705,122748,1
67310,81647,62617,148957,129927,144264,1
36076,72235,27872,108311,63948,100107,0
90026,98593,75782,188619,165808,174375,1
97902,16272,46527,114174,144429,62799,0
69470,12427,49646,81897,119116,62073,0
42119,74073,63747,116192,105866,137820,1
76079,23519,66518,99598,142597,90037,1
76903,74251,69796,151154,146699,144047,1
33657,10989,25492,44646,59149,36481,1
19923,18845,75970,38768,95893,94815,0
82012,1028,69171,83040,151183,70199,0
6692,75084,43953,81776,50645,119037,0
97871,38191,58286,136062,156157,96477,0
24001,25463,76345,49464,100346,101808,0
5546,22183,59773,27729,65319,81956,0
53354,84739,56112,138093,109466,140851,1
47533,65626,80544,113159,128077,146170,1
70021,83395,71575,153416,141596,154970,1
86521,40959,13959,127480,100480,54918,0
95584,9641,8475,105225,104059,18116,0
68236,36190,44665,104426,112901,80855,1
44017,54833,66924,98850,110941,121757,1
964,87381,40532,88345,41496,127913,0
63783,98207,67664,161990,131447,165871,1
46447,24082,5382,70529,51829,29464,0
94211,94358,52223,188569,146434,146581,1
27688,7491,41178,35179,68866,48669,0
62130,41031,88416,103161,150546,129447,1
31120,84237,85949,115357,117069,170186,1
13399,47622,63775,61021,77174,111397,0
43066,64171,26326,107237,69392,90497,1
32549,14531,58498,47080,91047,73029,0
67651,5949,41997,73600,109648,47946,0
78197,70220,54236,148417,132433,124456,1
47719,23932,66369,71651,114088,90301,1
13354,61942,26102,75296,39456,88044,0
5506,18151,71283,23657,76789,89434,0
55236,44125,87055,99361,142291,131180,1
57935,25545,49230,83480,107165,74775,1
77894,71275,83090,149169,160984,154365,1
46715,70536,73300,117251,120015,143836,1
77974,17872,65156,95846,143130,83028,1
8047,70428,23333,78475,31380,93761,0
58513,41878,69357,100391,127870,111235,1
55061,41558,44374,96619,99435,85932,1
83159,39421,84903,122580,168062,124324,1
74517,51430,27387,125947,101904,78817,1
50500,83970,45216,134470,95716,129186,1
75696,54715,621,130411,76317,55336,0
92412,84579,49462,176991,141874,134041,1
96625,17545,21025,114170,117650,38570,0
62920,22777,14276,85697,77196,37053,0
19133,4984,88539,24117,107672,93523,0
68287,75441,33215,143728,101502,108656,1
88439,13953,97342,102392,185781,111295,1
79117,94621,1506,173738,80623,96127,0
57141,59366,68887,116507,126028,128253,1
70713,80461,18519,151174,89232,98980,1
34135,32473,5193,66608,39328,37666,1
35707,29709,42221,65416,77928,71930,1
46350,26993,52871,73343,99221,79864,1
36406,38762,72787,75168,109193,111549,1
58267,92644,89185,150911,147452,181829,1
36253,79714,97831,115967,134084,177545,1
29175,71529,24340,100704,53515,95869,0
57884,59676,77983,117560,135867,137659,1
64128,16575,76416,80703,140544,92991,1
165,12725,20894,12890,21059,33619,0
44587,83571,16571,128158,61158,100142,0
20280,24536,11521,44816,31801,36057,1
3502,21844,22254,25346,25756,44098,1
43126,53352,28385,96478,71511,81737,1
8283,87613,1130,95896,9413,88743,0
66386,99051,25966,165437,92352,125017,0
37844,46961,57059,84805,94903,104020,1
30505,49706,99661,80211,130166,149367,0
25719,20798,52797,46517,78516,73595,0
79516,32259,58416,111775,137932,90675,1
52642,20992,54948,73634,107590,75940,1
44441,78810,5109,123251,49550,83919,0
61051,90404,22008,151455,83059,112412,0
62576,61391,65621,123967,128197,127012,1
89940,17637,15646,107577,105586,33283,0
18916,97446,23566,116362,42482,121012,0
67014,84490,55378,151504,122392,139868,1
89429,12685,49002,102114,138431,61687,0
60744,37309,52797,98053,113541,90106,1
96662,92028,21295,188690,117957,113323,1
44190,56618,74581,100808,118771,131199,1
53047,93578,56172,146625,109219,149750,1
51210,89979,21597,141189,72807,111576,0
33889,21474,96773,55363,130662,118247,0
52686,95554,77000,148240,129686,172554,1
20106,53230,84287,73336,104393,137517,0
71205,57101,77178,128306,148383,134279,1
8574,20944,68577,29518,77151,89521,0
88667,15076,70737,103743,159404,85813,0
47361,4902,63295,52263,110656,68197,0
64518,76323,34791,140841,99309,111114,1
76805,90858,29344,167663,106149,120202,1
87077,85428,58162,172505,145239,143590,1
48659,19259,32292,67918,80951,51551,1
83459,48814,90710,132273,174169,139524,1
48638,54783,2567,103421,51205,57350,0
41699,29006,37611,70705,79310,66617,1
92630,82250,36356,174880,128986,118606,1
59480,51416,85606,110896,145086,137022,1
15659,84628,47886,100287,63545,132514,0
89834,59640,27321,149474,117155,86961,0
30238,48335,45189,78573,75427,93524,1
31037,50086,24595,81123,55632,74681,1
50028,58682,76659,108710,126687,135341,1
47909,91558,93080,139467,140989,184638,1
42132,74855,72247,116987,114379,147102,1
55432,74999,67860,130431,123292,142859,1
75061,62976,15255,138037,90316,78231,1
21519,724,27918,22243,49437,28642,0
67786,73391,24396,141177,92182,97787,1
58607,61248,21636,119855,80243,82884,1
71891,23866,56908,95757,128799,80774,1
86757,8181,92241,94938,178998,100422,1
85630,40219,87008,125849,172638,127227,1
86224,97681,78988,183905,165212,176669,1
31873,3750,8560,35623,40433,12310,0
5707,81656,26372,87363,32079,108028,0
25115,72806,93327,97921,118442,166133,1
11504,55113,27512,66617,39016,82625,0
85675,51055,8589,136730,94264,59644,0
61124,56563,80049,117687,141173,136612,1
93877,79812,64222,173689,158099,144034,1
95397,69247,16799,164644,112196,86046,0
99753,91582,52214,191335,151967,143796,1
45598,89969,52614,135567,98212,142583,1
40705,36523,30002,77228,70707,66525,1
90873,20144,73865,111017,164738,94009,1
1743,29650,67325,31393,69068,96975,0
62156,93824,79020,155980,141176,172844,1
63031,77026,1731,140057,64762,78757,0
32587,8980,32872,41567,65459,41852,1
67889,74391,25027,142280,92916,99418,1
74751,4330,76496,79081,151247,80826,1
27128,15535,40894,42663,68022,56429,1
44176,5457,48818,49633,92994,54275,1
1942,81975,59673,83917,61615,141648,0
34130,55887,46977,90017,81107,102864,1
36810,6822,22849,43632,59659,29671,0
74210,30734,3579,104944,77789,34313,0
39364,43889,47023,83253,86387,90912,1
95527,48925,82697,144452,178224,131622,1
46425,15380,16009,61805,62434,31389,0
13617,74311,27839,87928,41456,102150,0
7747,66259,79755,74006,87502,146014,0
57769,40481,41806,98250,99575,82287,1
60848,9482,52304,70330,113152,61786,1
97511,45372,7096,142883,104607,52468,0
5405,26227,70788,31632,76193,97015,0
18744,56869,62020,75613,80764,118889,1
62944,42888,15750,105832,78694,58638,0
26604,59497,12865,86101,39469,72362,0
61268,32936,68914,94204,130182,101850,1
89501,5504,40595,95005,130096,46099,0
7345,31464,57270,38809,64615,88734,0
26022,50617,29582,76639,55604,80199,1
32632,99214,98753,131846,131385,197967,1
51517,59244,46667,110761,98184,105911,1
37421,39779,6859,77200,44280,46638,1
36731,42910,48507,79641,85238,91417,1
94106,98363,42440,192469,136546,140803,1
88491,81281,86800,169772,175291,168081,1
52006,66249,69750,118255,121756,135999,1
20576,89707,44944,110283,65520,134651,0
10916,84735,63980,95651,74896,148715,0
18992,20373,58488,39365,77480,78861,0
23440,10160,57200,33600,80640,67360,0
4629,63371,55053,68000,59682,118424,0
2886,33289,59967,36175,62853,93256,0
18333,64376,45828,82709,64161,110204,0
15066,96709,90741,111775,105807,187450,1
28806,59939,14202,88745,43008,74141,0
24584,29887,14829,54471,39413,44716,1
52828,59014,23960,111842,76788,82974,1
2500,9821,11332,12321,13832,21153,1
66857,77067,15927,143924,82784,92994,1
34763,98466,73950,133229,108713,172416,1
2147,79118,56876,81265,59023,135994,0
85413,71825,56770,157238,142183,128595,1
56486,63911,22223,120397,78709,86134,1
73183,56688,86124,129871,159307,142812,1
86035,74823,38613,160858,124648,113436,1
10009,27199,93323,37208,103332,120522,0
32420,66986,45856,99406,78276,112842,1
47613,98072,2475,145685,50088,100547,0
77277,54841,75638,132118,152915,130479,1
87251,95074,71451,182325,158702,166525,1
45569,28823,97962,74392,143531,126785,0
21391,51016,40663,72407,62054,91679,1
85800,91013,13958,176813,99758,104971,1
33773,26719,68457,60492,102230,95176,0
36088,12171,73674,48259,109762,85845,0
21949,79688,75088,101637,97037,154776,1
98923,1940,38274,100863,137197,40214,0
86156,34777,96002,120933,182158,130779,1
92842,96167,75295,189009,168137,171462,1
95115,22769,69149,117884,164264,91918,0
58110,60773,28519,118883,86629,89292,1
2293,61273,46563,63566,48856,107836,0
31762,48815,79551,80577,111313,128366,1
62549,94576,99149,157125,161698,193725,1
74954,77689,46143,152643,121097,123832,1
34431,59345,68222,93776,102653,127567,1
6743,91911,23586,98654,30329,115497,0
39291,50071,17288,89362,56579,67359,1
69977,13859,34324,83836,104301,48183,0
45481,91854,65479,137335,110960,157333,1
17976,57117,90738,75093,108714,147855,0
52166,22091,79595,74257,131761,101686,0
65282,45755,30999,111037,96281,76754,1
54250,5085,41266,59335,95516,46351,0
72181,18368,28972,90549,101153,47340,0
30671,27398,37848,58069,68519,65246,1
64037,20482,67829,84519,131866,88311,1
28331,39848,14005,68179,42336,53853,1
18418,81850,45877,100268,64295,127727,0
24288,93323,75838,117611,100126,169161,1
79336,7235,31019,86571,110355,38254,0
16408,32868,96137,49276,112545,129005,0
78083,76817,49820,154900,127903,126637,1
51244,76993,44384,128237,95628,121377,1
46886,43606,23665,90492,70551,67271,1
81966,13267,87975,95233,169941,101242,1
26604,30399,70154,57003,96758,100553,0
87723,27731,32454,115454,120177,60185,0
73880,86341,16726,160221,90606,103067,1
80998,74175,21713,155173,102711,95888,1
60052,41822,23241,101874,83293,65063,1
81708,99588,58286,181296,139994,157874,1
55566,92709,30397,148275,85963,123106,0
84286,61481,60083,145767,144369,121564,1
45938,21115,64664,67053,110602,85779,1
90462,6159,5981,96621,96443,12140,0
86704,73572,51999,160276,138703,125571,1
80930,37265,96941,118195,177871,134206,1
79291,91359,96387,170650,175678,187746,1
9487,6840,2507,16327,11994,9347,0
83071,8348,47328,91419,130399,55676,0
66884,21077,28817,87961,95701,49894,0
35693,52182,29081,87875,64774,81263,1
54934,29622,53877,84556,108811,83499,1
40908,55427,11436,96335,52344,66863,0
50398,52304,72559,102702,122957,124863,1
68825,24361,57355,93186,126180,81716,1
53408,52378,96942,105786,150350,149320,1
53214,14042,61479,67256,114693,75521,1
7050,910,47621,7960,54671,48531,0
26815,81555,54942,108370,81757,136497,1
48793,88399,31981,137192,80774,120380,0
91328,19422,11039,110750,102367,30461,0
44413,40243,15711,84656,60124,55954,1
9815,10570,43375,20385,53190,53945,0
46545,94516,39425,141061,85970,133941,0
38726,81402,17546,120128,56272,98948,0
24953,5574,21090,30527,46043,26664,1
58380,56423,68554,114803,126934,124977,1
99772,58097,7652,157869,107424,65749,0
29955,2686,4096,32641,34051,6782,0
33186,65914,17946,99100,51132,83860,0
64108,65218,96821,129326,160929,162039,1
3805,53085,31340,56890,35145,84425,0
66304,89172,32668,155476,98972,121840,1
33507,30801,91744,64308,125251,122545,0
5617,51506,42135,57123,47752,93641,0
57762,64070,19411,121832,77173,83481,1
5124,90847,18361,95971,23485,109208,0
80659,44458,4902,125117,85561,49360,0
87227,98960,5265,186187,92492,104225,0
13172,81961,90063,95133,103235,172024,1
91420,36689,33078,128109,124498,69767,0
14271,28082,19942,42353,34213,48024,1
71665,62323,12777,133988,84442,75100,1
38611,95828,47927,134439,86538,143755,0
92552,57887,73395,150439,165947,131282,1
21375,59436,25639,80811,47014,85075,0
27524,16180,25936,43704,53460,42116,1
72738,43243,34287,115981,107025,77530,1
42186,34382,24691,76568,66877,59073,1
32375,59516,12525,91891,44900,72041,0
16702,55186,62559,71888,79261,117745,1
76293,85547,32565,161840,108858,118112,1
8468,27894,41551,36362,50019,69445,0
7644,20018,61886,27662,69530,81904,0
9362,24726,24017,34088,33379,48743,1
69362,49146,33241,118508,102603,82387,1
79513,38481,67995,117994,147508,106476,1
6089,35645,99392,41734,105481,135037,0
72250,12986,48616,85236,120866,61602,0
67255,77021,8643,144276,75898,85664,0
86821,72901,61841,159722,148662,134742,1
26214,27812,88516,54026,114730,116328,0
21681,58958,44673,80639,66354,103631,1
76059,35118,34011,111177,110070,69129,0
87079,48869,17843,135948,104922,66712,0
76726,18172,85161,94898,161887,103333,1
58730,70488,5565,129218,64295,76053,0
85655,48215,42015,133870,127670,90230,1
97274,7798,55597,105072,152871,63395,0
79497,46619,79501,126116,158998,126120,1
11163,1367,84213,12530,95376,85580,0
60119,54900,84680,115019,144799,139580,1
69508,88979,68641,158487,138149,157620,1
69321,70205,39512,139526,108833,109717,1
92080,41607,88155,133687,180235,129762,1
64081,12294,66873,76375,130954,79167,1
25911,86311,58287,112222,84198,144598,0
44829,63741,79223,108570,124052,142964,1
91268,6292,34350,97560,125618,40642,0
25941,86642,23322,112583,49263,109964,0
18378,61231,78243,79609,96621,139474,1
91237,81953,28748,173190,119985,110701,1
42485,62666,29614,105151,72099,92280,1
128,78439,23821,78567,23949,102260,0
80354,68243,64472,148597,144826,132715,1
97622,48941,50828,146563,148450,99769,1
12216,62248,2031,74464,14247,64279,0
36557,90480,94275,127037,130832,184755,1
63074,36892,70785,99966,133859,107677,1
1297,55666,31975,56963,33272,87641,0
95873,87693,48544,183566,144417,136237,1
20734,95130,98253,115864,118987,193383,1
89992,65612,92903,155604,182895,158515,1
84729,69055,50106,153784,134835,119161,1
9815,90852,83713,100667,93528,174565,1
32742,75812,96698,108554,129440,172510,1
37018,70287,75750,107305,112768,146037,1
23324,42140,80755,65464,104079,122895,0
6850,6472,7695,13322,14545,14167,1
60580,92702,41374,153282,101954,134076,1
21880,71523,72374,93403,94254,143897,1
57109,46968,63993,104077,121102,110961,1
47937,82346,97884,130283,145821,180230,1
65586,76423,25321,142009,90907,101744,1
91335,7375,4187,98710,95522,11562,0
7637,14357,11459,21994,19096,25816,1
52707,43668,44793,96375,97500,88461,1
51790,2152,51121,53942,102911,53273,1
97278,86813,35291,184091,132569,122104,1
15253,16812,73157,32065,88410,89969,0
17494,67475,56196,84969,73690,123671,1
65848,30595,35456,96443,101304,66051,1
65772,17739,24254,83511,90026,41993,0
12950,28293,5637,41243,18587,33930,0
86417,6294,53998,92711,140415,60292,0
85575,82539,50348,168114,135923,132887,1
96394,71055,97014,167449,193408,168069,1
75193,62600,25556,137793,100749,88156,1
81264,69678,76273,150942,157537,145951,1
49453,29426,56401,78879,105854,85827,1
68385,14017,50597,82402,118982,64614,0
47898,83713,84503,131611,132401,168216,1
38242,8424,64028,46666,102270,72452,0
59675,86925,48422,146600,108097,135347,1
57379,94662,47174,152041,104553,141836,1
89159,40006,37630,129165,126789,77636,0
28571,22991,25992,51562,54563,48983,1
42690,56585,89425,99275,132115,146010,1
456,86311,82734,86767,83190,169045,0
63834,12210,14741,76044,78575,26951,0
32031,23598,57928,55629,89959,81526,0
88543,67421,196,155964,88739,67617,0
75365,53461,54932,128826,130297,108393,1
68478,88781,35561,157259,104039,124342,1
23283,8489,63687,31772,86970,72176,0
36201,6740,30191,42941,66392,36931,1
98491,11271,42588,109762,141079,53859,0
52338,51159,32541,103497,84879,83700,1
5031,18065,75779,23096,80810,93844,0
41696,28780,18685,70476,60381,47465,1
74271,60783,4967,135054,79238,65750,0
15380,89409,42155,104789,57535,131564,0
33378,32937,69465,66315,102843,102402,0
66269,33484,16788,99753,83057,50272,0
7284,85161,81071,92445,88355,166232,1
96238,97354,1633,193592,97871,98987,1
19751,52547,35258,72298,55009,87805,1
29872,21243,68524,51115,98396,89767,0
83916,88018,63387,171934,147303,151405,1
68990,77568,78792,146558,147782,156360,1
70743,3853,96136,74596,166879,99989,0
78782,14571,63128,93353,141910,77699,0
43418,53651,32118,97069,75536,85769,1
35914,82627,91856,118541,127770,174483,1
66413,40984,28782,107397,95195,69766,1
4517,54732,90031,59249,94548,144763,0
5205,67115,84629,72320,89834,151744,0
32208,80932,81960,113140,114168,162892,1
73142,80076,44703,153218,117845,124779,1
87786,85551,73564,173337,161350,159115,1
82041,35928,53108,117969,135149,89036,1
48195,23556,16893,71751,65088,40449,0
48062,93159,30758,141221,78820,123917,0
55035,94937,7278,149972,62313,102215,0
46079,71696,21145,117775,67224,92841,0
90258,50209,45255,140467,135513,95464,1
76198,6387,97378,82585,173576,103765,0
90495,26751,56156,117246,146651,82907,0
78435,79251,20626,157686,99061,99877,1
17388,1218,87273,18606,104661,88491,0
69960,92767,73508,162727,143468,166275,1
68189,84262,91347,152451,159536,175609,1
9050,17099,73743,26149,82793,90842,0
23840,31345,48944,55185,72784,80289,1
67802,34755,60464,102557,128266,95219,1
34363,96841,91231,131204,125594,188072,1
66078,59744,9800,125822,75878,69544,1
41278,22209,52810,63487,94088,75019,1
65201,28298,46661,93499,111862,74959,1
26880,67208,2199,94088,29079,69407,0
4970,450,96595,5420,101565,97045,0
59566,79313,12820,138879,72386,92133,0
42619,12995,32522,55614,75141,45517,1
33830,39571,72466,73401,106296,112037,1
11416,61220,79061,72636,90477,140281,0
16720,78577,71173,95297,87893,149750,1
60681,84539,89478,145220,150159,174017,1
12378,94734,69705,107112,82083,164439,0
64193,53584,57101,117777,121294,110685,1
92625,8212,99453,100837,192078,107665,1
8266,88614,85674,96880,93940,174288,1
66350,931,55727,67281,122077,56658,0
19265,34484,88509,53749,107774,122993,0
65358,61710,48711,127068,114069,110421,1
27267,77151,58498,104418,85765,135649,1
92787,51151,13653,143938,106440,64804,0
7549,10545,61609,18094,69158,72154,0
29799,81318,11392,111117,41191,92710,0
91863,43983,17266,135846,109129,61249,0
44831,26165,80463,70996,125294,106628,0
1823,62725,77792,64548,79615,140517,0
99873,21789,28921,121662,128794,50710,0
48955,52448,7303,101403,56258,59751,1
42847,98225,93894,141072,136741,192119,1
55596,72126,86520,127722,142116,158646,1
72339,12399,58405,84738,130744,70804,0
49329,39589,18699,88918,68028,58288,1
22655,26001,2831,48656,25486,28832,0
81154,75341,7185,156495,88339,82526,1
19831,96117,80364,115948,100195,176481,1
76547,88001,38221,164548,114768,126222,1
74833,13648,63035,88481,137868,76683,1
72244,54076,97097,126320,169341,151173,1
54665,9204,87712,63869,142377,96916,0
34936,2423,84322,37359,119258,86745,0
3488,83686,11770,87174,15258,95456,0
41832,84034,31185,125866,73017,115219,0
20994,48436,15990,69430,36984,64426,0
45747,87875,66635,133622,112382,154510,1
94545,55279,51792,149824,146337,107071,1
63274,67995,91018,131269,154292,159013,1
13983,35001,87293,48984,101276,122294,0
12631,19468,87700,32099,100331,107168,0
56090,35430,32252,91520,88342,67682,1
1163,57966,81087,59129,82250,139053,0
16604,39272,12780,55876,29384,52052,0
33676,42797,31537,76473,65213,74334,1
5409,77692,51517,83101,56926,129209,0
89858,86301,35806,176159,125664,122107,1
69160,52352,90912,121512,160072,143264,1
43053,61255,96616,104308,139669,157871,1
92425,46591,48840,139016,141265,95431,1
37927,86573,92164,124500,130091,178737,1
44845,58276,51710,103121,96555,109986,1
75154,65809,80585,140963,155739,146394,1
45139,16333,51700,61472,96839,68033,1
75887,92447,79747,168334,155634,172194,1
80614,61060,18448,141674,99062,79508,0
24243,43478,88871,67721,113114,132349,0
59080,41138,9985,100218,69065,51123,0
52224,67342,97970,119566,150194,165312,1
54341,3786,12812,58127,67153,16598,0
50050,63187,55330,113237,105380,118517,1
40543,39192,51070,79735,91613,90262,1
62168,19615,34763,81783,96931,54378,0
41812,90081,91784,131893,133596,181865,1
41216,21033,67492,62249,108708,88525,0
78890,26385,86123,105275,165013,112508,1
31112,56932,11880,88044,42992,68812,0
26612,63400,95381,90012,121993,158781,0
15048,29864,12242,44912,27290,42106,0
64043,78403,80659,142446,144702,159062,1
78400,22261,84504,100661,162904,106765,1
26795,80015,71937,106810,98732,151952,1
9773,13117,20887,22890,30660,34004,1
20957,93192,18165,114149,39122,111357,0
35001,67682,71023,102683,106024,138705,1
40794,79007,86843,119801,127637,165850,1
43744,75472,14993,119216,58737,90465,0
15430,96363,11114,111793,26544,107477,0
5763,10491,72525,16254,78288,83016,0
41866,69028,39622,110894,81488,108650,1
28091,5956,20042,34047,48133,25998,0
19111,75413,26599,94524,45710,102012,0
68452,15208,12775,83660,81227,27983,0
90094,9074,36863,99168,126957,45937,0
50553,62790,44259,113343,94812,107049,1
16185,86387,26430,102572,42615,112817,0
63365,32982,25886,96347,89251,58868,0
31695,72378,53019,104073,84714,125397,1
82284,38969,23272,121253,105556,62241,0
19981,98088,98766,118069,118747,196854,1
54748,51266,27608,106014,82356,78874,1
76987,89506,70494,166493,147481,160000,1
50441,98021,34005,148462,84446,132026,0
12959,35194,24912,48153,37871,60106,1
77314,52410,65551,129724,142865,117961,1
6055,97605,69371,103660,75426,166976,0
80708,47687,5773,128395,86481,53460,0
82298,19786,4518,102084,86816,24304,0
15236,69123,32837,84359,48073,101960,0
6118,44550,60851,50668,66969,105401,0
96577,15110,18603,111687,115180,33713,0
81173,15757,47910,96930,129083,63667,0
16549,99057,83894,115606,100443,182951,1
23878,88296,37519,112174,61397,125815,0
94712,74236,91997,168948,186709,166233,1
98287,68490,60353,166777,158640,128843,1
18826,58864,64258,77690,83084,123122,1
683,74354,4054,75037,4737,78408,0
42928,73951,23738,116879,66666,97689,0
14833,63913,21112,78746,35945,85025,0
98256,32953,62557,131209,160813,95510,0
90073,8310,70217,98383,160290,78527,0
87117,51639,61191,138756,148308,112830,1
43329,27223,43285,70552,86614,70508,1
93766,14829,11837,108595,105603,26666,0
52268,64537,42653,116805,94921,107190,1
19217,15822,63905,35039,83122,79727,0
6697,1905,34837,8602,41534,36742,0
46469,70804,69344,117273,115813,140148,1
358,98900,54660,99258,55018,153560,0
30653,75467,58539,106120,89192,134006,1
50355,27812,808,78167,51163,28620,0
90743,21614,66858,112357,157601,88472,0
35793,27489,3908,63282,39701,31397,0
68595,7797,48687,76392,117282,56484,0
1279,72110,53465,73389,54744,125575,0
73603,49431,32233,123034,105836,81664,1
88658,35986,19409,124644,108067,55395,0
49189,23650,78999,72839,128188,102649,0
16839,80599,44403,97438,61242,125002,0
70970,14964,96635,85934,167605,111599,0
46746,64637,24273,111383,71019,88910,1
35829,7002,3559,42831,39388,10561,0
72051,76123,53591,148174,125642,129714,1
6286,70767,69282,77053,75568,140049,1
35266,74588,68660,109854,103926,143248,1
50587,37594,39512,88181,90099,77106,1
18707,68754,69481,87461,88188,138235,1
31627,69877,32003,101504,63630,101880,0
52940,62895,96239,115835,149179,159134,1
28948,38834,52551,67782,81499,91385,1
34631,72426,32757,107057,67388,105183,0
95784,49943,54573,145727,150357,104516,1
42328,17344,34333,59672,76661,51677,1
66328,18649,722,84977,67050,19371,0
98094,82159,78512,180253,176606,160671,1
31600,25220,41087,56820,72687,66307,1
82750,42513,26751,125263,109501,69264,0
98579,88848,34359,187427,132938,123207,1
8154,29350,28107,37504,36261,57457,1
37907,51257,41652,89164,79559,92909,1
72392,83206,3530,155598,75922,86736,0
86340,52210,8948,138550,95288,61158,0
65278,18082,22453,83360,87731,40535,0
1870,35652,70446,37522,72316,106098,0
50462,1960,40210,52422,90672,42170,0
24379,37327,69954,61706,94333,107281,0
40073,271,73359,40344,113432,73630,0
62302,53979,21943,116281,84245,75922,1
41971,54999,5943,96970,47914,60942,0
58365,15069,93805,73434,152170,108874,0
78423,31055,33764,109478,112187,64819,0
6304,83277,9547,89581,15851,92824,0
81840,68372,55694,150212,137534,124066,1
40316,1705,23675,42021,63991,25380,0
89359,97912,64443,187271,153802,162355,1
89007,95582,65259,184589,154266,160841,1
56604,91454,69100,148058,125704,160554,1
62449,23194,56185,85643,118634,79379,1
13468,12727,5549,26195,19017,18276,1
54579,24071,44209,78650,98788,68280,1
46272,9247,54073,55519,100345,63320,1
43599,85663,36767,129262,80366,122430,0
76835,23450,48975,100285,125810,72425,0
3820,99783,74915,103603,78735,174698,0
2636,35912,1204,38548,3840,37116,0
96053,23881,17917,119934,113970,41798,0
62928,42290,60637,105218,123565,102927,1
85018,62873,60463,147891,145481,123336,1
93743,11116,69452,104859,163195,80568,0
46090,81296,13348,127386,59438,94644,0
99616,67539,26074,167155,125690,93613,0
47254,37724,77258,84978,124512,114982,1
37368,62789,96680,100157,134048,159469,1
16524,55233,93831,71757,110355,149064,0
89627,98960,83446,188587,173073,182406,1
67366,86417,35041,153783,102407,121458,1
96807,70959,31608,167766,128415,102567,1
54099,40903,14831,95002,68930,55734,1
62641,34930,43351,97571,105992,78281,1
74651,24838,28429,99489,103080,53267,0
21857,35131,29078,56988,50935,64209,1
43860,15617,13955,59477,57815,29572,0
44864,22856,55842,67720,100706,78698,1
55957,78771,80453,134728,136410,159224,1
64417,28826,92730,93243,157147,121556,1
72043,98467,29463,170510,101506,127930,1
32580,63824,21595,96404,54175,85419,0
93420,48178,84108,141598,177528,132286,1
51572,57531,3867,109103,55439,61398,0
73829,37064,63051,110893,136880,100115,1
55022,55511,5751,110533,60773,61262,1
25332,75778,29682,101110,55014,105460,0
91292,6503,36579,97795,127871,43082,0
89108,94752,46781,183860,135889,141533,1
25508,21504,19907,47012,45415,41411,1
10717,15456,30937,26173,41654,46393,0
53423,83294,66846,136717,120269,150140,1
78321,87854,60441,166175,138762,148295,1
49806,65913,7738,115719,57544,73651,0
51898,56048,613,107946,52511,56661,0
92939,18513,98523,111452,191462,117036,1
71386,81353,11587,152739,82973,92940,1
7535,9892,11682,17427,19217,21574,1
80423,62116,11546,142539,91969,73662,0
71084,70138,33590,141222,104674,103728,1
67213,4666,26045,71879,93258,30711,0
60280,51794,44528,112074,104808,96322,1
66566,8851,75807,75417,142373,84658,0
91200,39094,8058,130294,99258,47152,0
55310,39541,29764,94851,85074,69305,1
31598,68430,99073,100028,130671,167503,1
13196,43702,91164,56898,104360,134866,0
11995,41430,70064,53425,82059,111494,0
15962,96428,68485,112390,84447,164913,0
76476,69224,50688,145700,127164,119912,1
7307,1987,79652,9294,86959,81639,0
33945,70366,88222,104311,122167,158588,1
93221,8446,64052,101667,157273,72498,0
4261,59942,95650,64203,99911,155592,0
96242,61462,12980,157704,109222,74442,0
8978,74427,78445,83405,87423,152872,1
17020,77796,19055,94816,36075,96851,0
70073,53243,63520,123316,133593,116763,1
70886,69893,51409,140779,122295,121302,1
69713,94289,85845,164002,155558,180134,1
42341,12753,42738,55094,85079,55491,1
25677,18293,36191,43970,61868,54484,1
35178,48153,81741,83331,116919,129894,1
12195,91742,4168,103937,16363,95910,0
47133,21985,12263,69118,59396,34248,0
97855,60068,44738,157923,142593,104806,1
31209,72133,35926,103342,67135,108059,0
15187,98651,68608,113838,83795,167259,0
6749,27630,82837,34379,89586,110467,0
67330,64783,73421,132113,140751,138204,1
38418,32154,81898,70572,120316,114052,0
89962,75710,64136,165672,154098,139846,1
50297,89810,31993,140107,82290,121803,0
13338,99272,1964,112610,15302,101236,0
9474,11878,70296,21352,79770,82174,0
19994,88771,86262,108765,106256,175033,1
30131,88917,12458,119048,42589,101375,0
53008,26699,60668,79707,113676,87367,1
96826,63651,85361,160477,182187,149012,1
96923,72757,6347,169680,103270,79104,0
92515,77597,24540,170112,117055,102137,1
11907,15567,6170,27474,18077,21737,1
69752,15825,37967,85577,107719,53792,0
74208,62607,54771,136815,128979,117378,1
80610,49381,52177,129991,132787,101558,1
96544,26189,60916,122733,157460,87105,0
46197,28961,97957,75158,144154,126918,0
97270,55243,99487,152513,196757,154730,1
75027,2462,68683,77489,143710,71145,0
71661,72840,97864,144501,169525,170704,1
41284,22068,24984,63352,66268,47052,1
32623,17133,50005,49756,82628,67138,0
73129,82948,14201,156077,87330,97149,1
37471,43631,34568,81102,72039,78199,1
86938,10290,28865,97228,115803,39155,0
17377,23641,77128,41018,94505,100769,0
95353,68997,92848,164350,188201,161845,1
78806,27494,25282,106300,104088,52776,0
3602,68765,38622,72367,42224,107387,0
65723,75654,52209,141377,117932,127863,1
94416,91062,97492,185478,191908,188554,1
39992,46487,10253,86479,50245,56740,1
98359,97335,40578,195694,138937,137913,1
55108,69532,12461,124640,67569,81993,0
98636,66628,35437,165264,134073,102065,1
93864,47391,14421,141255,108285,61812,0
72290,38235,64813,110525,137103,103048,1
62461,45734,329,108195,62790,46063,0
43715,35747,12250,79462,55965,47997,1
98764,22887,49201,121651,147965,72088,0
68801,1595,6620,70396,75421,8215,0
24802,25931,84546,50733,109348,110477,0
20596,8015,64167,28611,84763,72182,0
27580,27769,28672,55349,56252,56441,1
14289,75875,19955,90164,34244,95830,0
62932,47740,46165,110672,109097,93905,1
83108,42362,36527,125470,119635,78889,0
20191,61525,94859,81716,115050,156384,0
96282,25969,9015,122251,105297,34984,0
11054,93295,56813,104349,67867,150108,0
63682,49269,26686,112951,90368,75955,1
64308,37055,39316,101363,103624,76371,1
3888,5681,73009,9569,76897,78690,0
36720,83456,49429,120176,86149,132885,1
81017,71900,83693,152917,164710,155593,1
85419,70411,96621,155830,182040,167032,1
45631,3531,85142,49162,130773,88673,0
32092,31395,9355,63487,41447,40750,1
32196,50991,22471,83187,54667,73462,1
23958,96463,7505,120421,31463,103968,0
97614,66432,10758,164046,108372,77190,0
50306,84462,3423,134768,53729,87885,0
49265,58100,1164,107365,50429,59264,0
10974,45681,83529,56655,94503,129210,0
85036,39722,98916,124758,183952,138638,1
95833,90304,31008,186137,126841,121312,1
17906,16536,34991,34442,52897,51527,0
3093,7813,19595,10906,22688,27408,0
87163,81013,15637,168176,102800,96650,1
81549,27953,19493,109502,101042,47446,0
38237,79821,40635,118058,78872,120456,0
74397,35676,27981,110073,102378,63657,0
77447,13969,61582,91416,139029,75551,0
16593,94604,35219,111197,51812,129823,0
12073,6514,49204,18587,61277,55718,0
41016,39670,958,80686,41974,40628,0
84111,99254,33019,183365,117130,132273,1
28688,60816,41442,89504,70130,102258,1
66856,10684,39948,77540,106804,50632,0
16128,26264,70748,42392,86876,97012,0
38418,4049,30971,42467,69389,35020,0
43684,27476,27586,71160,71270,55062,1
98526,50976,51081,149502,149607,102057,1
91076,90775,47041,181851,138117,137816,1
56390,38615,64789,95005,121179,103404,1
52803,2385,4675,55188,57478,7060,0
41616,10193,41158,51809,82774,51351,1
68973,61945,78863,130918,147836,140808,1
79949,55354,37837,135303,117786,93191,1
54389,8066,45425,62455,99814,53491,0
53326,66430,64114,119756,117440,130544,1
98527,61688,96473,160215,195000,158161,1
96730,90591,84528,187321,181258,175119,1
63571,97115,37521,160686,101092,134636,1
99904,39816,51909,139720,151813,91725,0
6024,73286,43345,79310,49369,116631,0
51269,29385,57011,80654,108280,86396,1
11807,85743,35348,97550,47155,121091,0
38131,42491,70040,80622,108171,112531,1
87551,45720,48994,133271,136545,94714,1
29759,2495,6959,32254,36718,9454,0
90291,73548,30500,163839,120791,104048,1
45416,94746,51546,140162,96962,146292,1
72066,46698,77881,118764,149947,124579,1
93396,99493,39720,192889,133116,139213,1
44682,34062,31519,78744,76201,65581,1
33973,26433,43867,60406,77840,70300,1
90916,5909,27994,96825,118910,33903,0
65407,36863,68320,102270,133727,105183,1
21523,74235,67324,95758,88847,141559,1
33276,86566,37511,119842,70787,124077,0
87875,23315,3485,111190,91360,26800,0
86002,52629,20412,138631,106414,73041,0
40957,66943,7908,107900,48865,74851,0
42597,86504,65726,129101,108323,152230,1
86473,31857,33329,118330,119802,65186,0
18212,13606,78916,31818,97128,92522,0
22505,75585,56746,98090,79251,132331,1
3300,91874,22001,95174,25301,113875,0
15017,50737,40120,65754,55137,90857,1
57422,73225,38603,130647,96025,111828,1
45100,77684,56829,122784,101929,134513,1
33865,85899,7289,119764,41154,93188,0
74621,65855,36770,140476,111391,102625,1
53023,45743,21215,98766,74238,66958,1
96463,52047,13335,148510,109798,65382,0
2572,96387,15022,98959,17594,111409,0
31311,65477,6859,96788,38170,72336,0
34670,54017,76275,88687,110945,130292,1
97262,80300,38855,177562,136117,119155,1
50252,40163,50716,90415,100968,90879,1
90474,89252,21381,179726,111855,110633,1
98513,81354,64466,179867,162979,145820,1
1355,96246,8394,97601,9749,104640,0
39943,6403,52124,46346,92067,58527,0
19963,84244,74065,104207,94028,158309,1
30421,46197,94900,76618,125321,141097,0
65503,38434,10452,103937,75955,48886,0
67891,56726,59535,124617,127426,116261,1
46425,60265,72295,106690,118720,132560,1
2284,23088,75364,25372,77648,98452,0
33047,77968,3444,111015,36491,81412,0
24958,78746,30760,103704,55718,109506,0
65115,27425,1450,92540,66565,28875,0
90475,28303,35932,118778,126407,64235,0
36237,29942,66394,66179,102631,96336,0
32156,55295,36384,87451,68540,91679,1
70019,68121,47637,138140,117656,115758,1
89218,66053,92283,155271,181501,158336,1
87569,77105,35564,164674,123133,112669,1
59929,77145,72192,137074,132121,149337,1
59135,35213,59978,94348,119113,95191,1
23559,90503,35793,114062,59352,126296,0
44262,22555,83010,66817,127272,105565,0
58400,55308,84191,113708,142591,139499,1
41962,71508,9560,113470,51522,81068,0
96529,87989,14661,184518,111190,102650,1
4917,36960,2822,41877,7739,39782,0
60892,20911,84914,81803,145806,105825,0
22080,4976,56787,27056,78867,61763,0
63282,45457,8959,108739,72241,54416,0
50714,68835,55592,119549,106306,124427,1
93395,86450,55665,179845,149060,142115,1
79392,3486,50163,82878,129555,53649,0
95631,18919,62919,114550,158550,81838,0
15305,31002,10258,46307,25563,41260,0
95020,83073,73051,178093,168071,156124,1
80617,21624,5665,102241,86282,27289,0
36612,46229,61474,82841,98086,107703,1
59344,98911,47109,158255,106453,146020,1
86747,13098,92696,99845,179443,105794,1
2416,16872,96389,19288,98805,113261,0
24447,65084,48324,89531,72771,113408,1
9426,72867,6391,82293,15817,79258,0
50292,12226,61034,62518,111326,73260,1
79117,96141,34412,175258,113529,130553,1
77033,79150,6852,156183,83885,86002,1
36258,43049,36238,79307,72496,79287,1
96249,14852,91908,111101,188157,106760,1
29684,76629,8417,106313,38101,85046,0
67908,65373,96767,133281,164675,162140,1
47096,82391,72372,129487,119468,154763,1
28730,51850,16216,80580,44946,68066,0
40432,61614,36111,102046,76543,97725,1
29102,53389,1340,82491,30442,54729,0
22215,81080,80647,103295,102862,161727,1
71848,58989,3280,130837,75128,62269,0
41491,59652,50546,101143,92037,110198,1
79719,4782,16239,84501,95958,21021,0
75780,27796,70378,103576,146158,98174,1
31548,12418,38958,43966,70506,51376,1
65856,71087,17961,136943,83817,89048,1
68684,81654,47342,150338,116026,128996,1
37168,26824,58185,63992,95353,85009,1
92625,52649,45313,145274,137938,97962,1
16076,23158,92150,39234,108226,115308,0
92634,24256,88693,116890,181327,112949,1
36788,51955,7735,88743,44523,59690,0
20256,44199,13082,64455,33338,57281,0
99971,16596,8226,116567,108197,24822,0
72858,18851,85127,91709,157985,103978,1
38424,75495,45829,113919,84253,121324,1
25159,8851,17409,34010,42568,26260,1
3634,79798,6293,83432,9927,86091,0
36343,93676,3917,130019,40260,97593,0
98149,94167,64726,192316,162875,158893,1
16215,52020,34114,68235,50329,86134,0
34799,40460,55102,75259,89901,95562,1
48354,14065,67872,62419,116226,81937,0
83850,37921,63397,121771,147247,101318,1
42495,27656,82435,70151,124930,110091,0
96594,98131,42129,194725,138723,140260,1
98307,98519,85632,196826,183939,184151,1
47861,98088,23615,145949,71476,121703,0
86732,64355,41824,151087,128556,106179,1
14525,38142,86485,52667,101010,124627,0
26382,59943,21207,86325,47589,81150,0
5517,86812,90746,92329,96263,177558,1
5851,25754,43364,31605,49215,69118,0
71819,70277,12554,142096,84373,82831,1
85324,49645,62418,134969,147742,112063,1
21712,38153,65824,59865,87536,103977,0
80825,44892,67647,125717,148472,112539,1
13421,14156,73406,27577,86827,87562,0
92774,96462,63616,189236,156390,160078,1
66653,5685,36359,72338,103012,42044,0
56591,24375,43303,80966,99894,67678,1
12676,83929,76954,96605,89630,160883,1
95616,87552,25003,183168,120619,112555,1
88132,68532,21033,156664,109165,89565,1
98370,12226,30405,110596,128775,42631,0
38743,8746,31241,47489,69984,39987,1
50863,70008,45717,120871,96580,115725,1
73797,77895,59964,151692,133761,137859,1
22235,57643,56426,79878,78661,114069,1
53352,25501,91283,78853,144635,116784,0
89021,76418,66286,165439,155307,142704,1
56481,29032,24545,85513,81026,53577,0
43315,55320,78705,98635,122020,134025,1
35122,45649,58842,80771,93964,104491,1
69816,43941,92521,113757,162337,136462,1
29412,22731,69714,52143,99126,92445,0
11247,99080,88310,110327,99557,187390,1
87859,55581,52301,143440,140160,107882,1
63233,97948,24190,161181,87423,122138,0
39303,8629,73007,47932,112310,81636,0
96792,577,92544,97369,189336,93121,0
43772,7438,95270,51210,139042,102708,0
42207,45285,4,87492,42211,45289,0
89115,79454,34736,168569,123851,114190,1
73987,65726,68428,139713,142415,134154,1
92681,27674,27582,120355,120263,55256,0
77131,76424,96743,153555,173874,173167,1
53442,63386,80193,116828,133635,143579,1
41706,20736,98208,62442,139914,118944,0
25131,9172,87903,34303,113034,97075,0
72611,93171,43453,165782,116064,136624,1
98732,9361,53675,108093,152407,63036,0
72539,71271,9509,143810,82048,80780,1
11379,47933,25186,59312,36565,73119,0
77709,17935,90607,95644,168316,108542,1
32354,28480,18475,60834,50829,46955,1
66819,27269,84291,94088,151110,111560,1
84600,60292,28509,144892,113109,88801,1
57161,4135,96163,61296,153324,100298,0
77035,10625,18940,87660,95975,29565,0
82082,41401,97138,123483,179220,138539,1
30261,88761,15716,119022,45977,104477,0
48418,57133,3883,105551,52301,61016,0
2498,96151,24502,98649,27000,120653,0
37093,95306,55841,132399,92934,151147,0
19131,40234,58920,59365,78051,99154,1
46974,95902,75878,142876,122852,171780,1
52212,78527,76488,130739,128700,155015,1
60653,13390,68746,74043,129399,82136,1
16550,44410,68796,60960,85346,113206,0
34789,25551,56133,60340,90922,81684,1
68021,66995,76657,135016,144678,143652,1
21496,55357,16085,76853,37581,71442,0
86100,48428,55549,134528,141649,103977,1
61877,84302,23013,146179,84890,107315,1
66877,95289,79197,162166,146074,174486,1
43527,37603,16938,81130,60465,54541,1
8329,68379,40774,76708,49103,109153,0
16534,49724,86512,66258,103046,136236,0
94203,90633,79710,184836,173913,170343,1
48208,68337,6554,116545,54762,74891,0
798,49385,13822,50183,14620,63207,0
38590,99401,21265,137991,59855,120666,0
12279,16736,12903,29015,25182,29639,1
93879,96811,54875,190690,148754,151686,1
18304,23634,13409,41938,31713,37043,1
66294,98015,18469,164309,84763,116484,0
14943,52757,77177,67700,92120,129934,0
67632,39153,32233,106785,99865,71386,1
40959,56258,24283,97217,65242,80541,1
15222,47807,77898,63029,93120,125705,0
50340,84766,6752,135106,57092,91518,0
39731,55504,90759,95235,130490,146263,1
61652,76912,65430,138564,127082,142342,1
66250,62669,38027,128919,104277,100696,1
88540,38605,89693,127145,178233,128298,1
59384,64311,88099,123695,147483,152410,1
73196,83973,81003,157169,154199,164976,1
90450,94547,3379,184997,93829,97926,0
86902,91256,71652,178158,158554,162908,1
27109,38704,69250,65813,96359,107954,0
53462,8032,62640,61494,116102,70672,0
20885,40017,80291,60902,101176,120308,0
32189,36035,27838,68224,60027,63873,1
39036,80750,34696,119786,73732,115446,0
24987,12741,32968,37728,57955,45709,1
71747,38209,43198,109956,114945,81407,1
48518,12469,31900,60987,80418,44369,0
28375,42380,95035,70755,123410,137415,0
799,12819,15586,13618,16385,28405,0
88918,92508,72257,181426,161175,164765,1
13354,69431,48150,82785,61504,117581,0
90060,38930,41684,128990,131744,80614,0
11397,4323,44190,15720,55587,48513,0
89067,16415,53142,105482,142209,69557,0
75146,67702,32352,142848,107498,100054,1
38568,62097,72447,100665,111015,134544,1
12735,56772,95588,69507,108323,152360,0
85440,51540,91664,136980,177104,143204,1
27231,44963,53355,72194,80586,98318,1
66914,80809,76451,147723,143365,157260,1
71459,14359,46312,85818,117771,60671,0
48111,56348,42613,104459,90724,98961,1
67258,37642,94984,104900,162242,132626,1
37335,57957,96036,95292,133371,153993,0
79788,55328,89141,135116,168929,144469,1
84066,87479,32862,171545,116928,120341,1
13323,46483,57442,59806,70765,103925,1
60162,86666,64105,146828,124267,150771,1
82860,13229,27062,96089,109922,40291,0
77319,3522,7090,80841,84409,10612,0
78722,17066,71299,95788,150021,88365,1
93677,77486,81697,171163,175374,159183,1
389,93767,4865,94156,5254,98632,0
18101,13024,54705,31125,72806,67729,0
61606,39159,52801,100765,114407,91960,1
9144,19814,68162,28958,77306,87976,0
15778,15008,60872,30786,76650,75880,0
1294,15193,94080,16487,95374,109273,0
38495,86266,59204,124761,97699,145470,1
5098,14298,40302,19396,45400,54600,0
13718,58950,46175,72668,59893,105125,1
86849,35960,86378,122809,173227,122338,1
20807,21559,82432,42366,103239,103991,0
16539,64125,44056,80664,60595,108181,0
42642,38338,12547,80980,55189,50885,1
18989,68179,70258,87168,89247,138437,1
41693,49066,56434,90759,98127,105500,1
82264,36229,29683,118493,111947,65912,0
17118,95202,60936,112320,78054,156138,0
50178,52307,6351,102485,56529,58658,1
77859,95387,69285,173246,147144,164672,1
33865,79465,44569,113330,78434,124034,0
77520,5221,14838,82741,92358,20059,0
61241,98368,9323,159609,70564,107691,0
89501,79369,58767,168870,148268,138136,1
37345,53504,62017,90849,99362,115521,1
81492,19663,71491,101155,152983,91154,1
85770,11866,38217,97636,123987,50083,0
43472,13786,55469,57258,98941,69255,1
43439,46851,20934,90290,64373,67785,1
76928,29205,92439,106133,169367,121644,1
71267,11343,98325,82610,169592,109668,0
65599,20004,85540,85603,151139,105544,1
35372,20790,85194,56162,120566,105984,0
93698,11922,86482,105620,180180,98404,1
93237,75969,10097,169206,103334,86066,0
52089,17170,81656,69259,133745,98826,0
4886,7040,24636,11926,29522,31676,0
64970,1945,13476,66915,78446,15421,0
43973,17645,98718,61618,142691,116363,0
94453,55294,18804,149747,113257,74098,0
42234,79854,65234,122088,107468,145088,1
12094,18342,75537,30436,87631,93879,0
55074,85119,54429,140193,109503,139548,1
7815,95647,49400,103462,57215,145047,0
40205,57847,46556,98052,86761,104403,1
18025,67225,74896,85250,92921,142121,1
80232,43613,24676,123845,104908,68289,0
24551,51256,19353,75807,43904,70609,0
31565,61168,57861,92733,89426,119029,1
97076,60335,8923,157411,105999,69258,0
75182,64124,5325,139306,80507,69449,0
75794,49880,10740,125674,86534,60620,0
44380,22272,64207,66652,108587,86479,1
17449,21979,42505,39428,59954,64484,0
71519,6610,22674,78129,94193,29284,0
93357,636,64398,93993,157755,65034,0
85198,97473,16344,182671,101542,113817,1
77311,42609,57304,119920,134615,99913,1
47137,90146,15338,137283,62475,105484,0
64776,2538,31211,67314,95987,33749,0
60533,20023,11691,80556,72224,31714,0
94407,99232,99827,193639,194234,199059,1
20260,31257,88773,51517,109033,120030,0
43587,44360,54531,87947,98118,98891,1
48475,25240,52426,73715,100901,77666,1
98411,66525,34820,164936,133231,101345,1
60692,23471,5938,84163,66630,29409,0
61874,65503,35669,127377,97543,101172,1
79081,85585,6175,164666,85256,91760,0
5916,75894,39230,81810,45146,115124,0
1112,61744,61292,62856,62404,123036,1
28001,9063,48253,37064,76254,57316,0
7812,64907,51954,72719,59766,116861,0
47965,34112,43118,82077,91083,77230,1
90767,34143,52755,124910,143522,86898,0
48826,89690,25016,138516,73842,114706,0
17930,70816,53910,88746,71840,124726,1
82677,69900,38652,152577,121329,108552,1
46635,78357,94147,124992,140782,172504,1
33833,27690,56817,61523,90650,84507,1
44424,49476,42728,93900,87152,92204,1
83165,72452,82598,155617,165763,155050,1
55214,11863,37417,67077,92631,49280,0
90549,70988,31868,161537,122417,102856,1
18749,89611,78432,108360,97181,168043,1
96761,65456,46704,162217,143465,112160,1
90804,96800,68175,187604,158979,164975,1
66736,94992,4597,161728,71333,99589,0
84946,55495,56416,140441,141362,111911,1
42364,36173,86644,78537,129008,122817,0
19453,7385,89055,26838,108508,96440,0
9079,83706,55498,92785,64577,139204,0
9704,34235,73253,43939,82957,107488,0
89237,93331,5456,182568,94693,98787,1
96183,73939,67521,170122,163704,141460,1
59005,48894,74747,107899,133752,123641,1
19680,19535,27032,39215,46712,46567,1
79607,26624,50078,106231,129685,76702,0
3407,97742,70565,101149,73972,168307,0
79768,94916,83568,174684,163336,178484,1
63897,84217,99439,148114,163336,183656,1
19611,21163,10621,40774,30232,31784,1
33563,29509,574,63072,34137,30083,0
21299,54643,73473,75942,94772,128116,1
63485,74303,60680,137788,124165,134983,1
46619,79801,95120,126420,141739,174921,1
54343,52667,83005,107010,137348,135672,1
84654,58724,95807,143378,180461,154531,1
59096,9706,66982,68802,126078,76688,1
29021,75100,40314,104121,69335,115414,0
11721,67137,90708,78858,102429,157845,0
17110,88024,90291,105134,107401,178315,1
84557,61692,80122,146249,164679,141814,1
88816,33034,47102,121850,135918,80136,0
9611,93075,69467,102686,79078,162542,0
7392,50992,21505,58384,28897,72497,0
83150,63770,29844,146920,112994,93614,1
68399,77078,29026,145477,97425,106104,1
48141,12824,87005,60965,135146,99829,0
6357,2878,2722,9235,9079,5600,0
50014,3111,75345,53125,125359,78456,0
88172,2576,18340,90748,106512,20916,0
7735,5937,17112,13672,24847,23049,0
85210,57039,32231,142249,117441,89270,1
35240,67269,68873,102509,104113,136142,1
62144,88876,96110,151020,158254,184986,1
56319,35629,37146,91948,93465,72775,1
84927,7997,34202,92924,119129,42199,0
12507,81655,3417,94162,15924,85072,0
82543,34132,33629,116675,116172,67761,0
47609,36238,84342,83847,131951,120580,0
83819,88239,3552,172058,87371,91791,0
27909,25077,86100,52986,114009,111177,0
2042,64766,17793,66808,19835,82559,0
14976,63599,51300,78575,66276,114899,1
28955,54908,6023,83863,34978,60931,0
15910,92596,61406,108506,77316,154002,0
55017,95029,70259,150046,125276,165288,1
99189,87024,60263,186213,159452,147287,1
47288,8180,41122,55468,88410,49302,1
18485,393,14196,18878,32681,14589,0
35143,54339,59043,89482,94186,113382,1
83481,73614,95117,157095,178598,168731,1
84613,26202,53231,110815,137844,79433,0
114,53747,66236,53861,66350,119983,0
110,22642,89114,22752,89224,111756,0
66751,80763,10494,147514,77245,91257,0
33531,45127,73941,78658,107472,119068,1
28286,47932,50440,76218,78726,98372,1
91036,18719,94792,109755,185828,113511,1
79745,80727,45966,160472,125711,126693,1
28918,48494,86962,77412,115880,135456,0
90029,11146,21173,101175,111202,32319,0
18365,11567,98519,29932,116884,110086,0
84580,24809,27939,109389,112519,52748,0
89263,46844,4408,136107,93671,51252,0
99894,70803,99742,170697,199636,170545,1
52038,67398,41204,119436,93242,108602,1
43879,63394,84370,107273,128249,147764,1
36878,26356,86259,63234,123137,112615,0
60893,17935,63521,78828,124414,81456,1
12220,88862,36866,101082,49086,125728,0
31297,73979,84389,105276,115686,158368,1
41818,61158,60308,102976,102126,121466,1
52889,68902,20669,121791,73558,89571,1
21190,35895,60598,57085,81788,96493,0
51360,93913,76113,145273,127473,170026,1
64480,43397,94531,107877,159011,137928,1
46899,34794,7720,81693,54619,42514,0
88734,28405,64265,117139,152999,92670,1
83151,5022,86292,88173,169443,91314,1
23860,19733,47012,43593,70872,66745,0
56650,95218,53675,151868,110325,148893,1
93170,85970,71827,179140,164997,157797,1
87550,18060,12324,105610,99874,30384,0
65380,24599,54385,89979,119765,78984,1
6403,78684,12337,85087,18740,91021,0
27881,47553,63311,75434,91192,110864,1
82405,65300,60480,147705,142885,125780,1
81530,19085,53125,100615,134655,72210,0
87010,83972,32295,170982,119305,116267,1
36342,81713,45545,118055,81887,127258,1
38440,77922,71956,116362,110396,149878,1
18750,33070,42065,51820,60815,75135,1
77551,97303,53949,174854,131500,151252,1
6881,40056,80484,46937,87365,120540,0
80094,24116,66244,104210,146338,90360,1
88620,85793,75394,174413,164014,161187,1
49042,22378,94017,71420,143059,116395,0
68614,7765,87545,76379,156159,95310,0
95580,43571,20290,139151,115870,63861,0
79200,89641,8083,168841,87283,97724,0
58153,52733,91042,110886,149195,143775,1
61674,87682,13275,149356,74949,100957,0
21328,94137,85097,115465,106425,179234,1
91193,22631,55097,113824,146290,77728,0
41763,49772,43981,91535,85744,93753,1
53612,79196,22626,132808,76238,101822,0
63993,27588,70613,91581,134606,98201,1
68177,16077,29696,84254,97873,45773,0
62186,60926,38431,123112,100617,99357,1
15483,13993,42216,29476,57699,56209,0
21639,50935,32346,72574,53985,83281,1
27770,16338,17480,44108,45250,33818,1
66334,33034,12907,99368,79241,45941,0
47665,10055,48343,57720,96008,58398,1
94227,1319,20410,95546,114637,21729,0
49622,89755,85851,139377,135473,175606,1
5766,11324,87511,17090,93277,98835,0
93060,94950,93164,188010,186224,188114,1
33782,35587,88426,69369,122208,124013,0
23626,26963,74519,50589,98145,101482,0
26658,67434,27326,94092,53984,94760,0
30688,59413,60786,90101,91474,120199,1
43041,60906,27866,103947,70907,88772,1
26517,21775,32550,48292,59067,54325,1
54480,60675,79758,115155,134238,140433,1
96522,39190,77265,135712,173787,116455,1
31434,56531,4875,87965,36309,61406,0
4707,85094,73249,89801,77956,158343,0
94225,74421,62088,168646,156313,136509,1
80691,41231,41971,121922,122662,83202,1
62555,12487,2073,75042,64628,14560,0
10132,81141,72097,91273,82229,153238,1
80285,20572,7389,100857,87674,27961,0
92344,98287,58295,190631,150639,156582,1
91391,46227,39785,137618,131176,86012,0
4354,97982,55349,102336,59703,153331,0
18108,86445,50918,104553,69026,137363,0
4458,14183,52343,18641,56801,66526,0
92891,11438,8455,104329,101346,19893,0
80000,30124,84547,110124,164547,114671,1
99260,17368,28089,116628,127349,45457,0
89812,69367,86736,159179,176548,156103,1
83044,91234,95099,174278,178143,186333,1
52054,26980,54072,79034,106126,81052,1
72523,66642,36159,139165,108682,102801,1
33911,43782,12801,77693,46712,56583,1
67017,51282,27273,118299,94290,78555,1
47748,87376,38681,135124,86429,126057,0
61199,86606,94947,147805,156146,181553,1
31776,59814,15128,91590,46904,74942,0
54897,93954,84993,148851,139890,178947,1
27467,28118,17347,55585,44814,45465,1
39339,58250,57289,97589,96628,115539,1
76213,64640,97628,140853,173841,162268,1
98958,97436,56697,196394,155655,154133,1
31427,98290,59052,129717,90479,157342,0
49901,46824,68477,96725,118378,115301,1
24188,90990,12321,115178,36509,103311,0
1546,15709,16866,17255,18412,32575,1
51069,44245,75733,95314,126802,119978,1
1896,34905,76079,36801,77975,110984,0
87839,7735,22993,95574,110832,30728,0
60831,91559,99496,152390,160327,191055,1
34125,22278,54337,56403,88462,76615,1
13994,77400,32671,91394,46665,110071,0
68141,37203,97781,105344,165922,134984,1
59278,79090,42299,138368,101577,121389,1
95246,10929,28057,106175,123303,38986,0
28141,51589,52261,79730,80402,103850,1
47167,18813,55839,65980,103006,74652,1
67638,44035,74428,111673,142066,118463,1
50865,25080,96860,75945,147725,121940,0
68735,18118,74211,86853,142946,92329,1
89706,46938,43006,136644,132712,89944,1
20583,47934,39095,68517,59678,87029,1
61816,94505,50348,156321,112164,144853,1
57330,76097,45002,133427,102332,121099,1
90258,52433,41287,142691,131545,93720,1
79758,61594,96693,141352,176451,158287,1
74808,13087,88568,87895,163376,101655,0
50102,99045,90415,149147,140517,189460,1
62484,40600,72849,103084,135333,113449,1
49462,59857,65842,109319,115304,125699,1
81762,52042,49775,133804,131537,101817,1
7539,37312,57604,44851,65143,94916,0
20854,52564,18965,73418,39819,71529,0
95908,14867,70573,110775,166481,85440,0
26168,76942,29717,103110,55885,106659,0
64406,79127,28635,143533,93041,107762,1
92014,76453,25020,168467,117034,101473,1
16415,66377,77935,82792,94350,144312,1
10197,4832,18579,15029,28776,23411,0
17953,16328,5494,34281,23447,21822,1
13484,62067,58869,75551,72353,120936,1
15551,33267,84914,48818,100465,118181,0
97337,40791,87865,138128,185202,128656,1
74824,34779,36491,109603,111315,71270,0
9594,44003,8319,53597,17913,52322,0
29662,55933,72632,85595,102294,128565,1
31941,31740,67511,63681,99452,99251,0
76489,69250,11190,145739,87679,80440,1
33147,7080,78702,40227,111849,85782,0
78885,67982,30501,146867,109386,98483,1
18683,63605,84292,82288,102975,147897,0
70585,3569,9820,74154,80405,13389,0
58274,95195,30590,153469,88864,125785,0
59221,67396,28419,126617,87640,95815,1
63703,79873,42266,143576,105969,122139,1
71216,43793,82299,115009,153515,126092,1
83259,95138,65936,178397,149195,161074,1
56277,84435,18218,140712,74495,102653,0
56291,66058,81108,122349,137399,147166,1
64157,12711,57266,76868,121423,69977,1
5930,44115,25486,50045,31416,69601,0
63758,14462,16601,78220,80359,31063,0
38612,56021,93339,94633,131951,149360,1
97717,33180,31101,130897,128818,64281,0
55205,37345,51864,92550,107069,89209,1
46300,11484,32887,57784,79187,44371,0
8506,74044,35059,82550,43565,109103,0
74859,29659,89934,104518,164793,119593,1
30715,78566,87468,109281,118183,166034,1
73593,38476,61411,112069,135004,99887,1
58008,95172,64756,153180,122764,159928,1
64406,72837,48444,137243,112850,121281,1
26814,9907,82829,36721,109643,92736,0
9669,21128,61221,30797,70890,82349,0
73653,88829,49276,162482,122929,138105,1
39731,90663,18753,130394,58484,109416,0
97529,79709,66445,177238,163974,146154,1
9692,82904,38408,92596,48100,121312,0
85676,12890,53727,98566,139403,66617,0
27394,42700,56905,70094,84299,99605,1
85821,58022,66917,143843,152738,124939,1
86877,82249,38828,169126,125705,121077,1
87368,35857,67624,123225,154992,103481,1
28315,20751,32395,49066,60710,53146,1
49189,58552,45196,107741,94385,103748,1
1812,94221,13244,96033,15056,107465,0
54661,50930,25900,105591,80561,76830,1
62552,43981,59360,106533,121912,103341,1
46112,62012,38809,108124,84921,100821,1
89183,43284,96482,132467,185665,139766,1
47547,99782,38559,147329,86106,138341,0
5647,14156,82974,19803,88621,97130,0
46897,2939,1054,49836,47951,3993,0
32811,63177,76853,95988,109664,140030,1
13358,38095,3692,51453,17050,41787,0
50527,4009,71847,54536,122374,75856,0
31277,12353,52918,43630,84195,65271,0
1386,76483,33093,77869,34479,109576,0
5543,33215,85186,38758,90729,118401,0
57550,1115,66448,58665,123998,67563,0
59208,65883,54490,125091,113698,120373,1
73784,92708,42584,166492,116368,135292,1
70266,37492,82957,107758,153223,120449,1
44176,2715,53238,46891,97414,55953,0
68558,81336,92655,149894,161213,173991,1
97992,41590,36257,139582,134249,77847,0
36708,1177,22023,37885,58731,23200,0
6264,88492,96032,94756,102296,184524,0
87219,18578,54411,105797,141630,72989,0
30984,33067,71321,64051,102305,104388,0
27099,77956,43294,105055,70393,121250,0
82662,63896,48190,146558,130852,112086,1
29149,19390,29905,48539,59054,49295,1
84604,53381,6101,137985,90705,59482,0
68922,23547,56563,92469,125485,80110,1
69176,82350,39889,151526,109065,122239,1
5400,38240,85506,43640,90906,123746,0
91087,41627,50350,132714,141437,91977,1
3119,73364,80403,76483,83522,153767,0
66388,11304,56101,77692,122489,67405,1
5086,19436,29165,24522,34251,48601,0
81214,12235,30091,93449,111305,42326,0
42358,23062,96856,65420,139214,119918,0
92665,40508,80678,133173,173343,121186,1
58238,35835,95777,94073,154015,131612,0
31648,63332,28556,94980,60204,91888,0
61580,1823,68145,63403,129725,69968,0
30590,33938,48926,64528,79516,82864,1
20629,13941,65422,34570,86051,79363,0
21736,68291,46244,90027,67980,114535,0
73238,49631,47215,122869,120453,96846,1
12503,41111,21608,53614,34111,62719,0
64130,16528,90715,80658,154845,107243,0
66556,12001,87741,78557,154297,99742,0
64605,76537,7266,141142,71871,83803,0
29985,91910,25312,121895,55297,117222,0
79443,17060,14404,96503,93847,31464,0
38634,86279,14620,124913,53254,100899,0
67989,72972,3808,140961,71797,76780,0
56258,32852,83342,89110,139600,116194,1
57021,21783,89107,78804,146128,110890,0
408,46634,18408,47042,18816,65042,0
71278,65785,11430,137063,82708,77215,1
98581,18382,54607,116963,153188,72989,0
69166,91303,44327,160469,113493,135630,1
7905,83302,36670,91207,44575,119972,0
13721,26753,73964,40474,87685,100717,0
46023,24005,20365,70028,66388,44370,0
20883,60681,61988,81564,82871,122669,1
68153,12470,16303,80623,84456,28773,0
42994,14581,52067,57575,95061,66648,1
33530,35231,28785,68761,62315,64016,1
91463,84174,40659,175637,132122,124833,1
59899,57063,4781,116962,64680,61844,1
86701,72575,9279,159276,95980,81854,0
64307,19966,8915,84273,73222,28881,0
3965,4871,666,8836,4631,5537,0
56615,64635,3456,121250,60071,68091,0
93616,19237,55261,112853,148877,74498,0
77292,59347,60234,136639,137526,119581,1
98785,56299,1237,155084,100022,57536,0
90710,36353,50048,127063,140758,86401,0
33975,33158,80389,67133,114364,113547,0
54955,9403,59700,64358,114655,69103,1
70444,68731,96140,139175,166584,164871,1
11001,40470,54274,51471,65275,94744,0
29024,68518,63791,97542,92815,132309,1
85191,88887,48339,174078,133530,137226,1
72966,14749,86057,87715,159023,100806,1
38136,26667,3407,64803,41543,30074,0
57535,7071,52766,64606,110301,59837,1
87574,56177,52272,143751,139846,108449,1
55777,42505,64177,98282,119954,106682,1
65410,37236,45890,102646,111300,83126,1
94634,62628,41890,157262,136524,104518,1
45401,75383,44174,120784,89575,119557,1
51691,1765,76255,53456,127946,78020,0
92348,24624,65901,116972,158249,90525,0
87606,98893,20423,186499,108029,119316,1
3387,23334,90624,26721,94011,113958,0
15926,46360,97301,62286,113227,143661,0
19070,13099,30924,32169,49994,44023,1
44599,41340,49343,85939,93942,90683,1
93657,37576,42000,131233,135657,79576,0
38115,69167,4039,107282,42154,73206,0
52361,55376,24142,107737,76503,79518,1
21937,9889,18841,31826,40778,28730,1
13541,65543,58665,79084,72206,124208,1
58336,43244,45186,101580,103522,88430,1
11108,2643,72759,13751,83867,75402,0
16267,52063,32772,68330,49039,84835,0
39170,30713,77982,69883,117152,108695,0
13824,5754,1795,19578,15619,7549,0
47457,90747,29019,138204,76476,119766,0
61133,43373,96943,104506,158076,140316,1
18394,62355,43161,80749,61555,105516,0
61438,86256,64637,147694,126075,150893,1
61978,23485,32332,85463,94310,55817,0
36786,13821,45832,50607,82618,59653,1
64602,24592,50228,89194,114830,74820,1
81868,3074,13443,84942,95311,16517,0
41356,10246,41909,51602,83265,52155,1
54970,54450,93579,109420,148549,148029,1
54342,35744,58231,90086,112573,93975,1
69926,87333,97232,157259,167158,184565,1
54720,92703,53762,147423,108482,146465,1
33622,82025,51358,115647,84980,133383,1
39276,40538,96487,79814,135763,137025,0
75812,91749,96855,167561,172667,188604,1
81809,15238,63926,97047,145735,79164,0
65306,97278,74841,162584,140147,172119,1
73844,25222,81933,99066,155777,107155,1
93605,65808,26502,159413,120107,92310,0
54008,2324,52781,56332,106789,55105,1
30019,56730,47580,86749,77599,104310,1
36667,66968,53974,103635,90641,120942,1
31894,29116,11230,61010,43124,40346,1
41979,54203,44236,96182,86215,98439,1
99621,33281,88408,132902,188029,121689,1
66324,24012,45798,90336,112122,69810,1
31408,81423,69475,112831,100883,150898,1
86937,19653,99777,106590,186714,119430,1
36421,64299,57241,100720,93662,121540,1
33057,16480,69953,49537,103010,86433,0
6609,19191,18993,25800,25602,38184,1
95394,29200,63653,124594,159047,92853,0
57900,51738,65572,109638,123472,117310,1
66444,38532,9373,104976,75817,47905,0
99095,20190,34468,119285,133563,54658,0
85811,48651,34044,134462,119855,82695,0
74282,5494,69133,79776,143415,74627,1
55069,1950,65034,57019,120103,66984,0
93834,11093,13713,104927,107547,24806,0
41921,2144,96929,44065,138850,99073,0
16675,28337,52714,45012,69389,81051,0
30644,9091,7917,39735,38561,17008,0
67862,98703,13319,166565,81181,112022,0
19597,41270,6382,60867,25979,47652,0
63658,82791,65088,146449,128746,147879,1
32686,3282,27430,35968,60116,30712,0
19941,85208,56901,105149,76842,142109,0
61231,92257,14472,153488,75703,106729,0
14880,9674,44588,24554,59468,54262,0
78353,66419,95178,144772,173531,161597,1
35786,15406,68346,51192,104132,83752,0
4333,32224,15705,36557,20038,47929,0
98321,23670,57677,121991,155998,81347,0
93406,96614,14470,190020,107876,111084,1
24729,52504,68282,77233,93011,120786,1
23175,89995,67660,113170,90835,157655,1
97845,92958,52527,190803,150372,145485,1
49606,68926,23199,118532,72805,92125,1
39941,57195,94282,97136,134223,151477,1
35583,1091,53511,36674,89094,54602,0
38623,94446,23923,133069,62546,118369,0
57013,3332,19634,60345,76647,22966,0
4632,5689,38827,10321,43459,44516,0
40532,91908,78917,132440,119449,170825,1
14042,57294,33077,71336,47119,90371,0
98552,3189,56020,101741,154572,59209,0
31835,98830,83975,130665,115810,182805,1
66355,58610,42293,124965,108648,100903,1
5561,82643,78989,88204,84550,161632,1
72350,36116,21273,108466,93623,57389,0
41775,66403,67591,108178,109366,133994,1
35749,75411,11988,111160,47737,87399,0
44609,58930,71571,103539,116180,130501,1
95321,37002,35441,132323,130762,72443,0
91681,67772,28088,159453,119769,95860,1
29144,5333,68278,34477,97422,73611,0
44596,22946,88536,67542,133132,111482,0
51590,37098,3663,88688,55253,40761,0
3400,16045,11334,19445,14734,27379,0
61266,33713,10355,94979,71621,44068,0
62448,77498,76199,139946,138647,153697,1
61568,88883,86570,150451,148138,175453,1
9586,62275,63596,71861,73182,125871,1
13951,71277,16290,85228,30241,87567,0
33361,15375,60037,48736,93398,75412,0
15125,29697,42966,44822,58091,72663,1
79174,38113,76554,117287,155728,114667,1
80793,66091,94329,146884,175122,160420,1
32471,2824,71435,35295,103906,74259,0
49038,50831,33741,99869,82779,84572,1
64218,90888,72823,155106,137041,163711,1
19495,36886,74213,56381,93708,111099,0
29173,95139,53206,124312,82379,148345,0
42879,49484,98834,92363,141713,148318,0
67738,85480,3614,153218,71352,89094,0
38424,95936,46261,134360,84685,142197,0
8151,54189,86430,62340,94581,140619,0
52811,90931,9654,143742,62465,100585,0
89331,46026,31459,135357,120790,77485,0
86336,39144,13530,125480,99866,52674,0
77882,88848,71297,166730,149179,160145,1
72129,79338,88171,151467,160300,167509,1
78451,75272,72283,153723,150734,147555,1
60754,62021,50211,122775,110965,112232,1
38655,93133,45882,131788,84537,139015,0
75919,18461,29220,94380,105139,47681,0
60780,56120,80996,116900,141776,137116,1
61814,79709,4755,141523,66569,84464,0
86967,39995,48625,126962,135592,88620,1
25545,56658,62824,82203,88369,119482,1
73777,23366,52539,97143,126316,75905,1
75761,44831,55100,120592,130861,99931,1
61290,99342,68518,160632,129808,167860,1
49866,3622,35014,53488,84880,38636,0
96811,84929,30418,181740,127229,115347,1
69568,13485,9437,83053,79005,22922,0
46953,39999,88388,86952,135341,128387,0
78318,24096,79267,102414,157585,103363,1
59492,58996,59545,118488,119037,118541,1
95924,4199,40369,100123,136293,44568,0
68059,84708,17908,152767,85967,102616,1
28328,91992,58657,120320,86985,150649,0
6733,41814,85151,48547,91884,126965,0
67258,4382,76610,71640,143868,80992,0
7160,89599,50319,96759,57479,139918,0
84095,81555,57871,165650,141966,139426,1
58705,11653,88060,70358,146765,99713,0
56959,46604,89257,103563,146216,135861,1
14337,57962,12093,72299,26430,70055,0
93605,27060,90639,120665,184244,117699,1
69606,879,93418,70485,163024,94297,0
67423,29491,27186,96914,94609,56677,0
77358,38117,21277,115475,98635,59394,0
73876,10711,63586,84587,137462,74297,1
52430,98620,80352,151050,132782,178972,1
79684,54520,94315,134204,173999,148835,1
60595,25579,93566,86174,154161,119145,0
88370,54537,65756,142907,154126,120293,1
16606,170,4079,16776,20685,4249,0
82386,87922,86157,170308,168543,174079,1
66058,48212,84561,114270,150619,132773,1
10037,15058,95506,25095,105543,110564,0
28600,14943,8192,43543,36792,23135,0
25760,29786,32539,55546,58299,62325,1
49668,64981,17750,114649,67418,82731,1
76147,59784,28338,135931,104485,88122,1
26288,98071,93986,124359,120274,192057,1
8645,84653,50120,93298,58765,134773,0
71831,70710,52641,142541,124472,123351,1
48147,50825,28714,98972,76861,79539,1
30585,22848,21354,53433,51939,44202,1
92824,4589,25680,97413,118504,30269,0
65822,53856,57284,119678,123106,111140,1
47613,31767,25331,79380,72944,57098,1
90967,7953,86285,98920,177252,94238,1
53655,37800,59175,91455,112830,96975,1
97459,32789,30080,130248,127539,62869,0
80262,51214,32565,131476,112827,83779,1
4022,187,24733,4209,28755,24920,0
78418,63929,98708,142347,177126,162637,1
91614,56440,68868,148054,160482,125308,1
37748,18610,25985,56358,63733,44595,1
77085,25241,51651,102326,128736,76892,0
65945,15832,67404,81777,133349,83236,1
61158,36113,6876,97271,68034,42989,0
3663,27522,31768,31185,35431,59290,0
79620,39707,24901,119327,104521,64608,0
61121,36661,53328,97782,114449,89989,1
90712,30206,49018,120918,139730,79224,0
29425,88204,64260,117629,93685,152464,1
700,46080,33232,46780,33932,79312,0
32903,72476,33914,105379,66817,106390,0
43526,16328,87271,59854,130797,103599,0
80381,24478,12560,104859,92941,37038,0
72600,73490,29934,146090,102534,103424,1
65790,84872,62093,150662,127883,146965,1
99507,20672,87897,120179,187404,108569,1
63283,69547,87722,132830,151005,157269,1
45706,49269,53585,94975,99291,102854,1
46815,2760,95233,49575,142048,97993,0
95905,12779,12798,108684,108703,25577,0
22591,5179,23374,27770,45965,28553,1
60250,30293,21115,90543,81365,51408,0
13493,58016,12048,71509,25541,70064,0
35301,48463,50242,83764,85543,98705,1
32570,21602,96133,54172,128703,117735,0
30277,73716,22694,103993,52971,96410,0
78951,670,7328,79621,86279,7998,0
42839,31114,90069,73953,132908,121183,0
76397,79117,75154,155514,151551,154271,1
72774,9253,31520,82027,104294,40773,0
78128,33891,6814,112019,84942,40705,0
9659,43945,86019,53604,95678,129964,0
71605,64560,30383,136165,101988,94943,1
83937,39004,23052,122941,106989,62056,0
72016,78377,87897,150393,159913,166274,1
35357,70682,46049,106039,81406,116731,1
64011,23377,45761,87388,109772,69138,1
42529,69107,20816,111636,63345,89923,0
59766,22273,8838,82039,68604,31111,0
68069,97981,43991,166050,112060,141972,1
64984,7788,64150,72772,129134,71938,1
27840,1198,25897,29038,53737,27095,0
11205,72736,73623,83941,84828,146359,1
32971,20795,17842,53766,50813,38637,1
27177,478,69015,27655,96192,69493,0
25073,4335,45323,29408,70396,49658,0
62802,35406,93913,98208,156715,129319,1
43603,77222,92342,120825,135945,169564,1
69285,27985,7949,97270,77234,35934,0
13166,54930,3873,68096,17039,58803,0
94324,31599,18003,125923,112327,49602,0
80896,10421,87752,91317,168648,98173,1
72529,11534,48497,84063,121026,60031,0
55899,23300,21201,79199,77100,44501,0
17334,92973,19455,110307,36789,112428,0
15185,98085,77980,113270,93165,176065,0
21117,60847,3568,81964,24685,64415,0
98571,13907,6738,112478,105309,20645,0
15095,79420,69190,94515,84285,148610,1
24814,79880,97224,104694,122038,177104,1
48633,97742,98497,146375,147130,196239,1
50386,4015,48527,54401,98913,52542,1
38767,92680,72732,131447,111499,165412,1
31011,20707,93909,51718,124920,114616,0
51594,60483,54579,112077,106173,115062,1
50955,86489,63927,137444,114882,150416,1
94403,84762,46246,179165,140649,131008,1
34685,6346,86738,41031,121423,93084,0
97885,22714,82928,120599,180813,105642,1
33167,26142,79021,59309,112188,105163,0
23978,6824,26467,30802,50445,33291,1
94792,59004,58505,153796,153297,117509,1
56575,60655,78454,117230,135029,139109,1
40564,71795,63727,112359,104291,135522,1
40969,55728,89173,96697,130142,144901,1
16475,64062,13756,80537,30231,77818,0
25223,86371,78083,111594,103306,164454,1
28676,64300,70610,92976,99286,134910,1
57892,90940,32368,148832,90260,123308,0
39027,92921,98385,131948,137412,191306,1
89763,64551,88459,154314,178222,153010,1
57376,36470,65232,93846,122608,101702,1
97173,33670,32890,130843,130063,66560,0
80650,27930,76293,108580,156943,104223,1
60979,6973,6270,67952,67249,13243,0
53178,4219,33884,57397,87062,38103,0
77314,13550,55122,90864,132436,68672,0
30445,88727,80229,119172,110674,168956,1
38487,87411,34481,125898,72968,121892,0
10379,80919,94643,91298,105022,175562,0
40273,56492,83283,96765,123556,139775,1
21473,90988,92541,112461,114014,183529,1
31288,83642,17690,114930,48978,101332,0
44447,23597,42424,68044,86871,66021,1
16509,62542,23170,79051,39679,85712,0
52829,76114,85784,128943,138613,161898,1
34934,78058,53764,112992,88698,131822,1
61588,95464,59905,157052,121493,155369,1
87826,77513,60735,165339,148561,138248,1
48583,63941,23215,112524,71798,87156,1
92484,4846,11291,97330,103775,16137,0
70279,54355,17592,124634,87871,71947,1
53938,71076,46523,125014,100461,117599,1
6134,44406,98398,50540,104532,142804,0
50270,70922,52836,121192,103106,123758,1
43971,20490,8437,64461,52408,28927,0
57081,90843,34245,147924,91326,125088,1
9372,32573,79984,41945,89356,112557,0
17124,4056,27000,21180,44124,31056,0
82352,26544,19583,108896,101935,46127,0
99479,38400,97774,137879,197253,136174,1
32897,78412,22132,111309,55029,100544,0
85287,4508,29707,89795,114994,34215,0
13409,85465,21665,98874,35074,107130,0
18490,34896,73809,53386,92299,108705,0
47881,68041,6327,115922,54208,74368,0
8658,51283,77079,59941,85737,128362,0
75112,69137,96008,144249,171120,165145,1
56150,44202,54657,100352,110807,98859,1
53812,70365,20863,124177,74675,91228,1
57850,12391,1147,70241,58997,13538,0
87099,69292,30068,156391,117167,99360,1
10774,16189,14496,26963,25270,30685,1
34691,41367,44436,76058,79127,85803,1
58931,29053,62815,87984,121746,91868,1
41075,23333,76186,64408,117261,99519,0
52263,96203,28594,148466,80857,124797,0
64676,45784,50225,110460,114901,96009,1
8718,6278,64928,14996,73646,71206,0
92680,78160,20614,170840,113294,98774,1
41480,29544,44941,71024,86421,74485,1
95013,85589,48116,180602,143129,133705,1
57684,18724,69308,76408,126992,88032,1
98224,68555,24230,166779,122454,92785,0
92666,35589,68164,128255,160830,103753,1
68706,77959,78025,146665,146731,155984,1
8954,68252,13946,77206,22900,82198,0
17307,17890,60858,35197,78165,78748,0
24279,17925,43640,42204,67919,61565,0
54921,59819,94715,114740,149636,154534,1
22271,62092,37562,84363,59833,99654,0
78963,18981,15740,97944,94703,34721,0
13863,83186,47175,97049,61038,130361,0
17212,77882,58322,95094,75534,136204,0
55650,68386,32489,124036,88139,100875,1
43527,13448,57668,56975,101195,71116,0
44232,49870,76146,94102,120378,126016,1
39402,58423,83622,97825,123024,142045,1
74701,42635,46941,117336,121642,89576,1
29384,74036,69378,103420,98762,143414,1
83693,73927,77515,157620,161208,151442,1
50370,57932,33816,108302,84186,91748,1
57397,81219,79451,138616,136848,160670,1
90654,67222,6860,157876,97514,74082,0
39896,82783,76757,122679,116653,159540,1
69229,59810,39676,129039,108905,99486,1
44919,78068,11470,122987,56389,89538,0
20120,62787,14158,82907,34278,76945,0
17780,65209,57361,82989,75141,122570,1
87822,95091,90524,182913,178346,185615,1
15505,12225,11596,27730,27101,23821,1
58549,754,60073,59303,118622,60827,0
97695,40520,83255,138215,180950,123775,1
30925,38647,10804,69572,41729,49451,1
17449,24451,30328,41900,47777,54779,1
48274,29298,36131,77572,84405,65429,1
2264,20300,13140,22564,15404,33440,0
33426,13670,86568,47096,119994,100238,0
77735,86159,98229,163894,175964,184388,1
98454,33679,14953,132133,113407,48632,0
48866,40685,10284,89551,59150,50969,1
15836,99802,77624,115638,93460,177426,0
58570,21353,6419,79923,64989,27772,0
30821,41014,60278,71835,91099,101292,1
28807,7566,81637,36373,110444,89203,0
2728,29468,44155,32196,46883,73623,0
36934,20624,17631,57558,54565,38255,1
43989,35365,2139,79354,46128,37504,0
58039,4654,90540,62693,148579,95194,0
98163,20869,60940,119032,159103,81809,0
79990,47187,54377,127177,134367,101564,1
35973,93565,22520,129538,58493,116085,0
56889,9355,75814,66244,132703,85169,0
12464,49826,78361,62290,90825,128187,0
99166,63051,41764,162217,140930,104815,1
44356,96051,63307,140407,107663,159358,1
62521,82824,55144,145345,117665,137968,1
4626,24832,54408,29458,59034,79240,0
84657,35893,24352,120550,109009,60245,0
57522,24343,57141,81865,114663,81484,1
39139,80105,47906,119244,87045,128011,1
54728,28936,26007,83664,80735,54943,1
56960,72988,21125,129948,78085,94113,1
806,71458,98842,72264,99648,170300,0
68730,2017,41944,70747,110674,43961,0
51384,59503,50414,110887,101798,109917,1
37576,1720,29312,39296,66888,31032,0
69758,33647,53599,103405,123357,87246,1
44563,27564,24324,72127,68887,51888,1
43572,58316,43909,101888,87481,102225,1
66010,31272,61232,97282,127242,92504,1
11058,76078,31706,87136,42764,107784,0
38980,2374,43157,41354,82137,45531,0
93438,81138,2855,174576,96293,83993,0
32302,46332,75855,78634,108157,122187,1
3147,86732,12707,89879,15854,99439,0
40559,29754,64197,70313,104756,93951,1
86838,50763,64499,137601,151337,115262,1
7792,23245,77328,31037,85120,100573,0
44558,88332,61926,132890,106484,150258,1
1885,9067,69397,10952,71282,78464,0
75959,49952,75300,125911,151259,125252,1
8722,17613,27128,26335,35850,44741,0
77864,61292,72220,139156,150084,133512,1
38188,18619,28862,56807,67050,47481,1
5211,31942,71593,37153,76804,103535,0
98007,92287,15822,190294,113829,108109,1
86762,69296,58325,156058,145087,127621,1
36363,21915,69588,58278,105951,91503,0
24847,97287,24001,122134,48848,121288,0
6808,19368,83768,26176,90576,103136,0
10625,45530,75809,56155,86434,121339,0
60763,47166,42467,107929,103230,89633,1
74151,23493,28293,97644,102444,51786,0
20893,38546,50098,59439,70991,88644,1
95734,84533,15720,180267,111454,100253,1
75831,62558,99396,138389,175227,161954,1
2615,52994,47356,55609,49971,100350,0
50617,4442,72171,55059,122788,76613,0
99118,67330,42080,166448,141198,109410,1
30407,42462,38429,72869,68836,80891,1
21036,39222,4293,60258,25329,43515,0
14041,28679,9093,42720,23134,37772,0
77895,11309,82632,89204,160527,93941,1
90041,46550,41332,136591,131373,87882,0
42588,23147,73629,65735,116217,96776,0
49694,18300,379,67994,50073,18679,0
9612,5494,33681,15106,43293,39175,0
77059,76421,90276,153480,167335,166697,1
20323,31980,3317,52303,23640,35297,0
7569,27931,85645,35500,93214,113576,0
35887,53770,45808,89657,81695,99578,1
80609,70919,34768,151528,115377,105687,1
12425,9286,48630,21711,61055,57916,0
37147,60558,3454,97705,40601,64012,0
47021,86755,54605,133776,101626,141360,1
87206,28322,23561,115528,110767,51883,0
90549,60063,66962,150612,157511,127025,1
45692,32958,85622,78650,131314,118580,0
4946,97717,16935,102663,21881,114652,0
10730,32247,46264,42977,56994,78511,0
3064,39125,97933,42189,100997,137058,0
12804,89161,91901,101965,104705,181062,1
13809,92907,41418,106716,55227,134325,0
83539,26033,97989,109572,181528,124022,1
98164,93656,62528,191820,160692,156184,1
73284,43417,26866,116701,100150,70283,0
77801,77344,91421,155145,169222,168765,1
87857,2354,7178,90211,95035,9532,0
55560,20661,23929,76221,79489,44590,0
92303,6120,1233,98423,93536,7353,0
24040,15535,11682,39575,35722,27217,1
53968,12219,68706,66187,122674,80925,0
74429,29931,45006,104360,119435,74937,1
90900,73779,84641,164679,175541,158420,1
71323,25164,62977,96487,134300,88141,1
60608,32687,45736,93295,106344,78423,1
21813,86643,46239,108456,68052,132882,0
11961,57263,43753,69224,55714,101016,0
85024,91317,23645,176341,108669,114962,1
47608,94319,83505,141927,131113,177824,1
70415,93154,56083,163569,126498,149237,1
32723,43600,33902,76323,66625,77502,1
40332,19530,94196,59862,134528,113726,0
3940,45696,67835,49636,71775,113531,0
34754,36223,4269,70977,39023,40492,1
99940,95142,13401,195082,113341,108543,1
76453,59732,24436,136185,100889,84168,1
35802,53036,48449,88838,84251,101485,1
23514,68075,27883,91589,51397,95958,0
48094,98513,24894,146607,72988,123407,0
63665,38010,4259,101675,67924,42269,0
18293,49520,69077,67813,87370,118597,0
61549,38712,52608,100261,114157,91320,1
1015,1556,58194,2571,59209,59750,0
41509,88044,57553,129553,99062,145597,1
56634,92089,53262,148723,109896,145351,1
86342,23262,90009,109604,176351,113271,1
48355,55014,66324,103369,114679,121338,1
76548,55018,47162,131566,123710,102180,1
90340,96244,33593,186584,123933,129837,1
19148,27170,14228,46318,33376,41398,1
70398,58259,15116,128657,85514,73375,1
19977,86051,1790,106028,21767,87841,0
73693,16585,83509,90278,157202,100094,1
64004,55823,98372,119827,162376,154195,1
97271,54633,90126,151904,187397,144759,1
604,95023,51805,95627,52409,146828,0
18181,43344,50700,61525,68881,94044,1
27520,63917,55111,91437,82631,119028,1
9162,16768,16023,25930,25185,32791,1
16452,1070,5176,17522,21628,6246,0
26090,12760,94067,38850,120157,106827,0
99581,95355,37622,194936,137203,132977,1
28158,19311,18007,47469,46165,37318,1
84089,68464,98111,152553,182200,166575,1
62649,11419,12456,74068,75105,23875,0
42328,55385,22214,97713,64542,77599,1
28192,42766,77474,70958,105666,120240,0
29452,51113,14006,80565,43458,65119,0
85418,25268,42533,110686,127951,67801,0
91678,66983,1836,158661,93514,68819,0
69965,39735,50000,109700,119965,89735,1
68596,15817,92167,84413,160763,107984,0
8800,19932,22562,28732,31362,42494,1
37094,23015,49878,60109,86972,72893,1
23169,81454,91915,104623,115084,173369,1
61287,99852,16917,161139,78204,116769,0
2708,3489,63776,6197,66484,67265,0
91749,37264,62444,129013,154193,99708,1
15622,84685,63448,100307,79070,148133,0
56040,29874,15998,85914,72038,45872,0
18238,32826,27886,51064,46124,60712,1
56771,68530,2831,125301,59602,71361,0
33550,57033,14472,90583,48022,71505,0
62248,25779,3736,88027,65984,29515,0
68748,92501,81994,161249,150742,174495,1
4484,88419,44821,92903,49305,133240,0
33765,8932,2842,42697,36607,11774,0
18532,34313,37750,52845,56282,72063,1
23734,96582,35813,120316,59547,132395,0
41701,6599,7757,48300,49458,14356,0
45782,6508,25612,52290,71394,32120,0
10292,32925,56905,43217,67197,89830,0
45687,15755,37794,61442,83481,53549,1
20886,31666,46196,52552,67082,77862,1
75222,86895,65614,162117,140836,152509,1
63784,36689,2782,100473,66566,39471,0
53499,40827,33868,94326,87367,74695,1
43981,5549,35598,49530,79579,41147,0
5728,54201,87299,59929,93027,141500,0
32202,87769,34002,119971,66204,121771,0
68741,37411,96257,106152,164998,133668,1
31714,37090,31788,68804,63502,68878,1
92368,11865,24987,104233,117355,36852,0
52822,81650,77087,134472,129909,158737,1
73849,67410,27829,141259,101678,95239,1
55708,4496,38737,60204,94445,43233,0
83875,24253,39837,108128,123712,64090,0
64354,85925,86013,150279,150367,171938,1
95138,8548,41592,103686,136730,50140,0
81123,17751,14473,98874,95596,32224,0
80248,20409,59081,100657,139329,79490,0
36836,26114,25916,62950,62752,52030,1
85185,62443,44969,147628,130154,107412,1
45903,69839,18523,115742,64426,88362,0
90587,51105,87677,141692,178264,138782,1
63520,35323,43588,98843,107108,78911,1
51238,54637,18253,105875,69491,72890,1
4422,44475,20627,48897,25049,65102,0
47000,24710,29331,71710,76331,54041,1
57737,4908,67039,62645,124776,71947,0
29576,21959,22883,51535,52459,44842,1
88491,4857,45655,93348,134146,50512,0
520,38319,84011,38839,84531,122330,0
63177,79663,48553,142840,111730,128216,1
90277,18610,56643,108887,146920,75253,0
51957,28913,57439,80870,109396,86352,1
72207,48793,95667,121000,167874,144460,1
19609,58856,22822,78465,42431,81678,0
41448,68187,71904,109635,113352,140091,1
77771,37248,79479,115019,157250,116727,1
18877,36381,20318,55258,39195,56699,1
90473,52336,60117,142809,150590,112453,1
21392,74712,12498,96104,33890,87210,0
57937,49080,29628,107017,87565,78708,1
2732,35811,75988,38543,78720,111799,0
41114,94701,49076,135815,90190,143777,0
21339,66153,68067,87492,89406,134220,1
36613,10572,97116,47185,133729,107688,0
8830,69493,84867,78323,93697,154360,0
98494,26815,73313,125309,171807,100128,1
14562,97774,926,112336,15488,98700,0
50224,86563,33632,136787,83856,120195,0
17600,38816,67706,56416,85306,106522,0
2027,72275,54802,74302,56829,127077,0
88030,51561,76175,139591,164205,127736,1
97286,15237,14692,112523,111978,29929,0
66271,27939,37868,94210,104139,65807,0
62305,21222,97202,83527,159507,118424,0
10380,97244,79231,107624,89611,176475,0
98497,66427,83910,164924,182407,150337,1
16420,21530,40285,37950,56705,61815,0
52276,60584,78953,112860,131229,139537,1
88948,59789,86893,148737,175841,146682,1
3315,31492,74418,34807,77733,105910,0
41815,69869,43815,111684,85630,113684,1
90337,81998,79064,172335,169401,161062,1
55900,86408,28883,142308,84783,115291,0
58008,18533,21921,76541,79929,40454,0
35285,78286,27850,113571,63135,106136,0
33870,77433,29277,111303,63147,106710,0
70966,33609,40207,104575,111173,73816,1
35181,43765,17954,78946,53135,61719,1
80103,54313,73087,134416,153190,127400,1
91415,26682,65445,118097,156860,92127,1
7751,83754,26211,91505,33962,109965,0
37363,57760,75887,95123,113250,133647,1
78283,19034,23675,97317,101958,42709,0
70019,40915,8487,110934,78506,49402,0
2955,73321,51317,76276,54272,124638,0
86183,99636,28488,185819,114671,128124,1
84232,67211,36283,151443,120515,103494,1
54725,63086,2903,117811,57628,65989,0
61504,56381,55984,117885,117488,112365,1
63184,40068,90084,103252,153268,130152,1
42193,47672,8553,89865,50746,56225,1
597,92361,53853,92958,54450,146214,0
45800,42340,38746,88140,84546,81086,1
81159,72728,97454,153887,178613,170182,1
84377,58410,98485,142787,182862,156895,1
65589,32187,1523,97776,67112,33710,0
10030,51922,82917,61952,92947,134839,0
51592,1445,86270,53037,137862,87715,0
36276,42114,39155,78390,75431,81269,1
94748,50067,47535,144815,142283,97602,1
24764,42679,27055,67443,51819,69734,1
75734,4299,49350,80033,125084,53649,0
57655,11232,28896,68887,86551,40128,0
73598,3659,98189,77257,171787,101848,0
11628,61921,57072,73549,68700,118993,1
50402,45539,47365,95941,97767,92904,1
9625,86088,10158,95713,19783,96246,0
15193,70418,30218,85611,45411,100636,0
28909,60129,39572,89038,68481,99701,1
6267,23520,99185,29787,105452,122705,0
50775,48744,33708,99519,84483,82452,1
81076,3813,11680,84889,92756,15493,0
7559,64471,93275,72030,100834,157746,0
36555,98571,22609,135126,59164,121180,0
51650,77330,64302,128980,115952,141632,1
10414,22093,79146,32507,89560,101239,0
30306,80515,19436,110821,49742,99951,0
3905,24366,97970,28271,101875,122336,0
96945,16903,24156,113848,121101,41059,0
27490,96567,38393,124057,65883,134960,0
17355,66393,29800,83748,47155,96193,0
53826,89097,76723,142923,130549,165820,1
89225,66321,64452,155546,153677,130773,1
80346,45093,93455,125439,173801,138548,1
7398,8708,62885,16106,70283,71593,0
2214,70084,85768,72298,87982,155852,0
87465,85926,65133,173391,152598,151059,1
93342,58546,44851,151888,138193,103397,1
84013,92559,28134,176572,112147,120693,1
60766,63133,15309,123899,76075,78442,1
54087,23914,19107,78001,73194,43021,0
99287,14268,19195,113555,118482,33463,0
49073,30484,59413,79557,108486,89897,1
30846,13335,76102,44181,106948,89437,0
731,48657,95314,49388,96045,143971,0
55657,24187,33708,79844,89365,57895,1
21442,37778,46526,59220,67968,84304,1
45835,37846,12943,83681,58778,50789,1
7893,54697,59772,62590,67665,114469,1
25029,26947,61308,51976,86337,88255,0
24458,17778,56070,42236,80528,73848,0
9957,61169,68906,71126,78863,130075,1
3738,41407,44963,45145,48701,86370,1
67112,50789,2054,117901,69166,52843,0
71878,15986,47184,87864,119062,63170,0
29978,41107,65588,71085,95566,106695,1
68978,1746,11302,70724,80280,13048,0
26340,25359,75316,51699,101656,100675,0
63249,25403,12968,88652,76217,38371,0
99794,74825,6357,174619,106151,81182,0
67167,16558,37951,83725,105118,54509,0
85454,50784,94333,136238,179787,145117,1
17916,42092,33789,60008,51705,75881,1
93986,31806,96886,125792,190872,128692,1
80928,68081,9102,149009,90030,77183,0
36337,19997,17973,56334,54310,37970,1
91306,29033,58094,120339,149400,87127,0
25195,59613,40694,84808,65889,100307,1
32691,10686,93352,43377,126043,104038,0
1357,8526,83312,9883,84669,91838,0
89644,58456,29603,148100,119247,88059,0
84538,83164,3074,167702,87612,86238,1
83494,84288,21985,167782,105479,106273,1
48159,54877,25050,103036,73209,79927,1
78781,1670,63262,80451,142043,64932,0
53311,99487,86138,152798,139449,185625,1
15652,58114,58607,73766,74259,116721,1
31720,18075,89500,49795,121220,107575,0
32654,65311,44074,97965,76728,109385,1
33898,46232,73104,80130,107002,119336,1
87801,31650,63564,119451,151365,95214,1
79868,51221,79113,131089,158981,130334,1
54533,18348,88714,72881,143247,107062,0
46058,42534,57812,88592,103870,100346,1
51771,48473,1364,100244,53135,49837,0
37451,82560,96476,120011,133927,179036,1
73643,17107,71318,90750,144961,88425,1
20277,39631,37823,59908,58100,77454,1
4354,64523,88231,68877,92585,152754,0
75219,82071,1436,157290,76655,83507,0
13697,82094,65722,95791,79419,147816,0
4088,54614,29127,58702,33215,83741,0
40138,70620,27526,110758,67664,98146,0
59037,10178,31191,69215,90228,41369,0
74954,93618,85352,168572,160306,178970,1
84264,58993,73987,143257,158251,132980,1
21804,79372,518,101176,22322,79890,0
37513,45187,73073,82700,110586,118260,1
98794,89496,52535,188290,151329,142031,1
35675,99057,355,134732,36030,99412,0
794,49931,171,50725,965,50102,0
96168,18760,683,114928,96851,19443,0
52452,54280,79895,106732,132347,134175,1
80747,4868,78776,85615,159523,83644,1
17449,94825,58268,112274,75717,153093,0
66243,27107,70093,93350,136336,97200,1
89299,23972,35682,113271,124981,59654,0
95851,76956,23221,172807,119072,100177,1
73874,95692,58169,169566,132043,153861,1
99217,29211,40375,128428,139592,69586,0
81915,25669,36921,107584,118836,62590,0
5189,95072,83959,100261,89148,179031,0
46071,16467,54907,62538,100978,71374,1
47011,47715,83919,94726,130930,131634,1
59308,33983,38831,93291,98139,72814,1
48058,65514,55798,113572,103856,121312,1
70174,16682,64198,86856,134372,80880,1
10696,732,18637,11428,29333,19369,0
15059,68941,13556,84000,28615,82497,0
38647,77276,27882,115923,66529,105158,0
14849,16843,27217,31692,42066,44060,1
91111,34362,35605,125473,126716,69967,0
93643,94479,37747,188122,131390,132226,1
80240,95479,95662,175719,175902,191141,1
51557,36669,42418,88226,93975,79087,1
84350,60305,97708,144655,182058,158013,1
6737,35916,57528,42653,64265,93444,0
65851,69717,77694,135568,143545,147411,1
22113,74734,25939,96847,48052,100673,0
70353,5873,88644,76226,158997,94517,0
20921,4846,13872,25767,34793,18718,0
92108,27344,9069,119452,101177,36413,0
86321,51876,94342,138197,180663,146218,1
16847,49895,46043,66742,62890,95938,1
76843,79012,76279,155855,153122,155291,1
17322,15692,46868,33014,64190,62560,0
61837,20716,44869,82553,106706,65585,1
53243,18022,55805,71265,109048,73827,1
93040,26655,36777,119695,129817,63432,0
2298,64790,76191,67088,78489,140981,0
18298,37623,57424,55921,75722,95047,0
51456,80458,425,131914,51881,80883,0
79157,99558,57933,178715,137090,157491,1
33974,30347,33022,64321,66996,63369,1
50517,58690,84978,109207,135495,143668,1
71689,61687,1221,133376,72910,62908,0
42090,7144,51055,49234,93145,58199,0
53032,91048,60098,144080,113130,151146,1
92169,89034,59635,181203,151804,148669,1
3710,53027,50181,56737,53891,103208,1
41085,16288,37454,57373,78539,53742,1
37852,54392,77581,92244,115433,131973,1
60213,29147,991,89360,61204,30138,0
9590,37110,12972,46700,22562,50082,0
25350,52311,24991,77661,50341,77302,0
93207,39208,93128,132415,186335,132336,1
87295,82765,71679,170060,158974,154444,1
24741,94857,73597,119598,98338,168454,1
51065,77784,13192,128849,64257,90976,0
7198,4994,63905,12192,71103,68899,0
50540,86957,27137,137497,77677,114094,0
8922,41364,73641,50286,82563,115005,0
26969,37534,1553,64503,28522,39087,0
64104,71699,79533,135803,143637,151232,1
97760,62073,54794,159833,152554,116867,1
78046,48190,53563,126236,131609,101753,1
5186,11081,91340,16267,96526,102421,0
37202,86112,3247,123314,40449,89359,0
96092,47519,29797,143611,125889,77316,0
58258,77716,20041,135974,78299,97757,1
91486,14006,14528,105492,106014,28534,0
94644,32613,24209,127257,118853,56822,0
39547,55331,43005,94878,82552,98336,1
34480,11944,27971,46424,62451,39915,1
50518,45160,68882,95678,119400,114042,1
20738,33598,99205,54336,119943,132803,0
96823,72932,63083,169755,159906,136015,1
62605,373,93485,62978,156090,93858,0
63760,96186,81794,159946,145554,177980,1
71854,75247,93455,147101,165309,168702,1
65666,73378,8723,139044,74389,82101,1
29353,36945,42364,66298,71717,79309,1
53890,66311,35703,120201,89593,102014,1
22169,16875,73237,39044,95406,90112,0
81549,13201,88486,94750,170035,101687,1
75047,23190,32851,98237,107898,56041,0
68541,68630,5745,137171,74286,74375,1
42948,60000,20185,102948,63133,80185,1
62179,66758,68102,128937,130281,134860,1
56235,81424,21660,137659,77895,103084,0
14900,60442,4695,75342,19595,65137,0
80155,62630,47284,142785,127439,109914,1
35254,90557,86221,125811,121475,176778,1
37083,81848,18022,118931,55105,99870,0
24975,93892,48250,118867,73225,142142,0
72843,1366,99649,74209,172492,101015,0
2102,66561,91605,68663,93707,158166,0
19462,33621,61963,53083,81425,95584,0
79023,81385,64284,160408,143307,145669,1
74105,69650,70573,143755,144678,140223,1
78335,69554,48444,147889,126779,117998,1
15717,72619,54010,88336,69727,126629,0
60221,93010,34631,153231,94852,127641,1
88357,21009,82985,109366,171342,103994,1
36790,53494,54898,90284,91688,108392,1
8920,29458,27938,38378,36858,57396,1
30303,790,90335,31093,120638,91125,0
12779,99841,75348,112620,88127,175189,0
18919,57740,61538,76659,80457,119278,1
61495,54390,60573,115885,122068,114963,1
2705,5816,92839,8521,95544,98655,0
24482,16036,90190,40518,114672,106226,0
51496,96648,16257,148144,67753,112905,0
74215,9586,6505,83801,80720,16091,0
91345,47505,91435,138850,182780,138940,1
54772,11183,83462,65955,138234,94645,0
46187,48237,34427,94424,80614,82664,1
15692,9914,86051,25606,101743,95965,0
92684,79666,86218,172350,178902,165884,1
37725,80495,60822,118220,98547,141317,1
46555,12814,71879,59369,118434,84693,0
71683,47386,7156,119069,78839,54542,0
76274,52178,34214,128452,110488,86392,1
81494,11947,43079,93441,124573,55026,0
81132,79511,12551,160643,93683,92062,1
43556,39212,85401,82768,128957,124613,0
58549,52949,43581,111498,102130,96530,1
33254,95891,92989,129145,126243,188880,1
24147,33460,34724,57607,58871,68184,1
72756,60374,3303,133130,76059,63677,0
29979,9870,12827,39849,42806,22697,0
87321,16894,77443,104215,164764,94337,1
10049,83991,29642,94040,39691,113633,0
10613,66587,94510,77200,105123,161097,0
91471,5756,47276,97227,138747,53032,0
19103,26950,36621,46053,55724,63571,1
41848,63246,74003,105094,115851,137249,1
32126,87594,44345,119720,76471,131939,0
32517,17152,69538,49669,102055,86690,0
18594,56361,62134,74955,80728,118495,1
67794,43489,23222,111283,91016,66711,0
72603,44820,14542,117423,87145,59362,0
91938,16145,49088,108083,141026,65233,0
79387,91497,89811,170884,169198,181308,1
1872,75759,29867,77631,31739,105626,0
37690,72553,67550,110243,105240,140103,1
92293,96755,65722,189048,158015,162477,1
90000,88470,54307,178470,144307,142777,1
52535,10587,70703,63122,123238,81290,0
94140,60384,96109,154524,190249,156493,1
53118,13131,84603,66249,137721,97734,0
64539,78426,47700,142965,112239,126126,1
41591,18564,23527,60155,65118,42091,1
18854,80553,50239,99407,69093,130792,0
80658,78068,48851,158726,129509,126919,1
13673,74655,63855,88328,77528,138510,1
25920,73901,34664,99821,60584,108565,0
44716,55796,55608,100512,100324,111404,1
36314,40968,5594,77282,41908,46562,1
28273,40704,38979,68977,67252,79683,1
6833,40698,94089,47531,100922,134787,0
87168,22022,45254,109190,132422,67276,0
29447,35083,42861,64530,72308,77944,1
77484,6976,14297,84460,91781,21273,0
58093,27850,55307,85943,113400,83157,1
72280,35892,40706,108172,112986,76598,1
57973,45976,32818,103949,90791,78794,1
98653,42820,37116,141473,135769,79936,0
64158,62399,55171,126557,119329,117570,1
66671,46929,53003,113600,119674,99932,1
12282,82894,39512,95176,51794,122406,0
93464,24210,17538,117674,111002,41748,0
96505,48228,1402,144733,97907,49630,0
43020,50732,73779,93752,116799,124511,1
67982,90602,51638,158584,119620,142240,1
27194,59267,71633,86461,98827,130900,1
7815,89658,94627,97473,102442,184285,1
50935,41037,87797,91972,138732,128834,1
52195,20183,21032,72378,73227,41215,0
81720,98039,47675,179759,129395,145714,1
58459,37533,25130,95992,83589,62663,1
8472,87611,9374,96083,17846,96985,0
26185,23695,65893,49880,92078,89588,0
60428,29532,21096,89960,81524,50628,0
23576,87461,43051,111037,66627,130512,0
84139,43746,29262,127885,113401,73008,0
42593,73448,81101,116041,123694,154549,1
92331,22103,93603,114434,185934,115706,1
35527,85773,52589,121300,88116,138362,1
51331,88538,64596,139869,115927,153134,1
67772,64690,24433,132462,92205,89123,1
80428,93118,28538,173546,108966,121656,1
46704,21589,80851,68293,127555,102440,0
77490,68283,91677,145773,169167,159960,1
10366,35513,21484,45879,31850,56997,0
68369,81126,69100,149495,137469,150226,1
38498,32838,58886,71336,97384,91724,1
58679,49521,17503,108200,76182,67024,1
27549,47339,28315,74888,55864,75654,1
79694,27176,85644,106870,165338,112820,1
10686,59498,72276,70184,82962,131774,0
41535,87485,78526,129020,120061,166011,1
9606,65125,51510,74731,61116,116635,0
64763,78094,82094,142857,146857,160188,1
16930,8190,48815,25120,65745,57005,0
67362,78193,11745,145555,79107,89938,1
43829,50866,70495,94695,114324,121361,1
685,78731,48635,79416,49320,127366,0
96666,51431,98780,148097,195446,150211,1
81939,34343,96410,116282,178349,130753,1
79077,67968,13154,147045,92231,81122,1
10704,70652,83714,81356,94418,154366,0
87421,2943,86683,90364,174104,89626,1
30317,27639,50035,57956,80352,77674,1
33150,88358,58640,121508,91790,146998,1
81106,25736,87669,106842,168775,113405,1
7523,33932,1041,41455,8564,34973,0
6303,84189,5764,90492,12067,89953,0
43395,35222,36005,78617,79400,71227,1
3197,34013,22504,37210,25701,56517,0
14813,26002,35099,40815,49912,61101,1
35626,37592,83576,73218,119202,121168,0
20576,49323,79277,69899,99853,128600,0
90301,49764,41435,140065,131736,91199,1
34469,12319,74804,46788,109273,87123,0
24965,78716,26469,103681,51434,105185,0
95713,32461,11151,128174,106864,43612,0
87254,4728,24518,91982,111772,29246,0
97617,83678,82728,181295,180345,166406,1
38031,82552,21314,120583,59345,103866,0
51628,43027,19164,94655,70792,62191,1
34442,58279,19883,92721,54325,78162,0
41429,17105,90134,58534,131563,107239,0
97725,91115,23198,188840,120923,114313,1
24606,96104,69458,120710,94064,165562,0
77225,34645,87514,111870,164739,122159,1
31004,38849,63173,69853,94177,102022,1
89167,1269,74779,90436,163946,76048,0
6680,54331,46957,61011,53637,101288,0
54019,76875,6460,130894,60479,83335,0
46674,44260,79589,90934,126263,123849,1
57429,57522,94798,114951,152227,152320,1
48091,36127,38578,84218,86669,74705,1
58472,64405,27696,122877,86168,92101,1
29890,69379,41095,99269,70985,110474,1
4478,71125,61891,75603,66369,133016,0
82535,33523,25479,116058,108014,59002,0
25799,53375,19199,79174,44998,72574,0
47053,46242,50851,93295,97904,97093,1
73376,41424,7526,114800,80902,48950,0
21797,3724,21195,25521,42992,24919,1
86465,83934,20399,170399,106864,104333,1
1795,87929,14934,89724,16729,102863,0
3979,97054,85987,101033,89966,183041,0
44436,47469,57653,91905,102089,105122,1
90184,57574,89901,147758,180085,147475,1
45146,78636,6904,123782,52050,85540,0
92039,98890,70532,190929,162571,169422,1
68705,97154,56728,165859,125433,153882,1
71463,69974,12696,141437,84159,82670,1
34275,47660,31678,81935,65953,79338,1
82890,86588,31748,169478,114638,118336,1
66467,97397,54268,163864,120735,151665,1
60395,67983,70879,128378,131274,138862,1
2749,18769,70855,21518,73604,89624,0
83318,69652,3107,152970,86425,72759,0
42374,78842,82498,121216,124872,161340,1
59276,6148,77698,65424,136974,83846,0
3152,62356,45482,65508,48634,107838,0
9572,67499,81519,77071,91091,149018,0
73472,34645,96712,108117,170184,131357,1
1862,63000,55404,64862,57266,118404,0
77016,44738,83411,121754,160427,128149,1
2272,73742,51575,76014,53847,125317,0
3980,51999,93216,55979,97196,145215,0
60936,81820,43561,142756,104497,125381,1
51422,38585,11954,90007,63376,50539,0
32781,5790,36107,38571,68888,41897,1
76501,85662,45552,162163,122053,131214,1
17481,44556,22945,62037,40426,67501,0
23121,72981,14076,96102,37197,87057,0
76785,66606,20104,143391,96889,86710,1
58567,29328,33388,87895,91955,62716,1
53585,31085,78758,84670,132343,109843,1
18036,78301,69943,96337,87979,148244,1
21703,84064,97282,105767,118985,181346,1
36143,67967,11327,104110,47470,79294,0
72020,20779,80893,92799,152913,101672,1
39356,68223,91473,107579,130829,159696,1
54160,31120,36782,85280,90942,67902,1
87379,62373,80176,149752,167555,142549,1
42974,98471,70603,141445,113577,169074,1
85336,98231,83305,183567,168641,181536,1
88415,28142,95100,116557,183515,123242,1
22662,68156,17922,90818,40584,86078,0
68803,86342,92558,155145,161361,178900,1
18384,52268,22723,70652,41107,74991,0
72385,14112,41502,86497,113887,55614,0
16154,99442,22059,115596,38213,121501,0
29929,45629,44127,75558,74056,89756,1
9340,1164,87113,10504,96453,88277,0
79836,76952,31047,156788,110883,107999,1
21868,19611,4116,41479,25984,23727,1
19738,55963,37511,75701,57249,93474,1
3099,39104,28006,42203,31105,67110,0
65413,13877,31592,79290,97005,45469,0
39493,8347,43535,47840,83028,51882,1
30104,18882,36623,48986,66727,55505,1
67000,42713,61873,109713,128873,104586,1
45188,93245,12888,138433,58076,106133,0
20034,34177,91662,54211,111696,125839,0
33888,18371,92802,52259,126690,111173,0
45931,64768,31636,110699,77567,96404,1
88461,20357,22909,108818,111370,43266,0
36682,97311,53262,133993,89944,150573,0
69273,51133,10362,120406,79635,61495,0
35436,62917,6145,98353,41581,69062,0
510,52132,55064,52642,55574,107196,0
18766,47018,48470,65784,67236,95488,1
24092,14629,51343,38721,75435,65972,0
58049,33589,58343,91638,116392,91932,1
70540,45804,60792,116344,131332,106596,1
16864,13852,46375,30716,63239,60227,0
78057,12639,80290,90696,158347,92929,1
7894,2763,84195,10657,92089,86958,0
37810,19996,18166,57806,55976,38162,1
40961,50158,50957,91119,91918,101115,1
53817,21343,59657,75160,113474,81000,1
86047,24555,4109,110602,90156,28664,0
10538,2785,45131,13323,55669,47916,0
30045,10436,5716,40481,35761,16152,0
79794,90313,82044,170107,161838,172357,1
83969,58641,63457,142610,147426,122098,1
33736,66143,24881,99879,58617,91024,0
97892,67313,61955,165205,159847,129268,1
74111,86850,28991,160961,103102,115841,1
17087,77782,85741,94869,102828,163523,1
5846,51404,41017,57250,46863,92421,0
90200,96976,44966,187176,135166,141942,1
99540,65500,73790,165040,173330,139290,1
42350,12618,7066,54968,49416,19684,0
33111,97617,11158,130728,44269,108775,0
96600,85590,40406,182190,137006,125996,1
21372,30247,687,51619,22059,30934,0
3139,27199,10802,30338,13941,38001,0
13652,20375,52009,34027,65661,72384,0
51767,22423,87387,74190,139154,109810,0
75323,96028,21330,171351,96653,117358,1
27573,22222,64664,49795,92237,86886,0
25146,41428,64321,66574,89467,105749,1
87126,80991,55822,168117,142948,136813,1
15595,48275,64322,63870,79917,112597,0
68100,80260,56986,148360,125086,137246,1
41250,75682,89969,116932,131219,165651,1
3442,79644,18857,83086,22299,98501,0
17570,95695,73491,113265,91061,169186,0
88934,31161,32411,120095,121345,63572,0
91557,60816,62421,152373,153978,123237,1
52871,90196,29779,143067,82650,119975,0
34958,17094,22151,52052,57109,39245,1
95714,34628,13777,130342,109491,48405,0
8950,61081,23287,70031,32237,84368,0
60144,48042,66931,108186,127075,114973,1
94654,25279,83802,119933,178456,109081,1
76679,23163,14188,99842,90867,37351,0
27236,87005,21638,114241,48874,108643,0
30303,5627,65138,35930,95441,70765,0
66526,92907,39074,159433,105600,131981,1
75537,7320,6099,82857,81636,13419,0
47311,4100,15450,51411,62761,19550,0
34536,27322,12088,61858,46624,39410,1
50347,98396,44192,148743,94539,142588,0
47993,57814,55672,105807,103665,113486,1
38486,8770,81471,47256,119957,90241,0
29259,58444,20364,87703,49623,78808,0
31903,40287,85887,72190,117790,126174,0
67895,87520,11426,155415,79321,98946,0
74112,10264,9720,84376,83832,19984,0
58201,10453,91752,68654,149953,102205,0
60268,57669,91296,117937,151564,148965,1
19583,4655,8513,24238,28096,13168,0
43322,62052,40930,105374,84252,102982,1
11303,57784,63190,69087,74493,120974,1
53771,2899,7653,56670,61424,10552,0
60115,4269,62286,64384,122401,66555,1
31057,88171,73053,119228,104110,161224,1
63806,94245,12875,158051,76681,107120,0
97724,55581,8416,153305,106140,63997,0
65116,23502,80388,88618,145504,103890,1
89871,82786,49088,172657,138959,131874,1
63424,55334,39575,118758,102999,94909,1
4320,86641,98043,90961,102363,184684,0
26183,2301,55566,28484,81749,57867,0
10656,1352,9122,12008,19778,10474,0
48138,26889,81651,75027,129789,108540,0
98187,92474,44459,190661,142646,136933,1
98242,22668,94702,120910,192944,117370,1
3850,93850,23952,97700,27802,117802,0
50543,48667,64546,99210,115089,113213,1
32858,55970,32640,88828,65498,88610,1
51645,45444,11670,97089,63315,57114,1
70565,18046,408,88611,70973,18454,0
92097,20873,94290,112970,186387,115163,1
1836,67366,58351,69202,60187,125717,0
90755,67212,41310,157967,132065,108522,1
63279,23009,1249,86288,64528,24258,0
20421,13657,88729,34078,109150,102386,0
75880,99240,48309,175120,124189,147549,1
10281,42972,9670,53253,19951,52642,0
14860,5367,74,20227,14934,5441,0
17870,11848,84661,29718,102531,96509,0
82979,89151,30786,172130,113765,119937,1
21677,95603,91915,117280,113592,187518,1
84120,89405,120,173525,84240,89525,0
53621,78833,30556,132454,84177,109389,1
31354,58788,61069,90142,92423,119857,1
25821,7613,94869,33434,120690,102482,0
11284,17285,42340,28569,53624,59625,0
59788,89543,10960,149331,70748,100503,0
82517,43025,53006,125542,135523,96031,1
68678,39722,74533,108400,143211,114255,1
47965,31013,58014,78978,105979,89027,1
92549,64804,20701,157353,113250,85505,0
88779,49588,66169,138367,154948,115757,1
44277,53384,27440,97661,71717,80824,1
53820,25621,72923,79441,126743,98544,1
69666,65464,42660,135130,112326,108124,1
77345,61237,41200,138582,118545,102437,1
73781,78930,96306,152711,170087,175236,1
95180,31541,62188,126721,157368,93729,0
54866,49549,36778,104415,91644,86327,1
17136,3218,19785,20354,36921,23003,1
42990,99570,53369,142560,96359,152939,0
5257,50851,88045,56108,93302,138896,0
46004,22630,84266,68634,130270,106896,0
66920,57497,38808,124417,105728,96305,1
70966,65302,20687,136268,91653,85989,1
71109,26150,18606,97259,89715,44756,0
52701,37270,18744,89971,71445,56014,1
85683,81470,66504,167153,152187,147974,1
53918,4848,81241,58766,135159,86089,0
53283,51868,56115,105151,109398,107983,1
10521,47973,51639,58494,62160,99612,1
80872,55110,10050,135982,90922,65160,0
20740,33765,20265,54505,41005,54030,1
981,89078,28053,90059,29034,117131,0
63309,13944,16208,77253,79517,30152,0
65691,16577,92693,82268,158384,109270,0
30060,92534,80097,122594,110157,172631,1
24415,30794,60503,55209,84918,91297,0
94061,88099,34379,182160,128440,122478,1
76857,2422,60840,79279,137697,63262,0
74033,6850,57911,80883,131944,64761,0
88642,26477,95973,115119,184615,122450,1
37943,36872,45705,74815,83648,82577,1
35998,56587,62999,92585,98997,119586,1
54341,70605,19524,124946,73865,90129,1
27330,39306,16674,66636,44004,55980,1
64989,40507,24563,105496,89552,65070,1
3406,74640,52981,78046,56387,127621,0
85585,29034,64407,114619,149992,93441,1
52181,53588,12933,105769,65114,66521,1
39107,60776,55587,99883,94694,116363,1
96612,25731,81742,122343,178354,107473,1
86266,76022,33759,162288,120025,109781,1
44817,98939,70020,143756,114837,168959,1
98506,90760,23608,189266,122114,114368,1
66002,58035,49608,124037,115610,107643,1
69615,60903,74302,130518,143917,135205,1
54251,43185,55124,97436,109375,98309,1
6635,51977,35282,58612,41917,87259,0
10916,72387,36270,83303,47186,108657,0
81317,91224,63445,172541,144762,154669,1
24986,77109,63394,102095,88380,140503,1
36290,53622,45872,89912,82162,99494,1
40742,20900,10480,61642,51222,31380,0
24387,41452,7953,65839,32340,49405,0
63104,300,88575,63404,151679,88875,0
58731,86198,4589,144929,63320,90787,0
61810,30664,26766,92474,88576,57430,0
9340,55817,64064,65157,73404,119881,1
51844,59778,90856,111622,142700,150634,1
45821,50419,79311,96240,125132,129730,1
86562,43633,32488,130195,119050,76121,0
14146,43720,92188,57866,106334,135908,0
10109,14866,41424,24975,51533,56290,0
18335,64267,36567,82602,54902,100834,0
40367,43016,57644,83383,98011,100660,1
11950,15163,45437,27113,57387,60600,0
31483,81894,86512,113377,117995,168406,1
21215,57176,2518,78391,23733,59694,0
68646,65504,29902,134150,98548,95406,1
81309,10694,37284,92003,118593,47978,0
51634,60284,13797,111918,65431,74081,1
7680,2597,74440,10277,82120,77037,0
5280,44177,15454,49457,20734,59631,0
62846,56389,14272,119235,77118,70661,1
33319,17481,4253,50800,37572,21734,0
70238,47146,58310,117384,128548,105456,1
48854,29527,26036,78381,74890,55563,1
40384,7777,8777,48161,49161,16554,0
75003,46572,39660,121575,114663,86232,1
15927,48577,54736,64504,70663,103313,1
7464,22933,62911,30397,70375,85844,0
63238,65510,2474,128748,65712,67984,1
35257,43982,51477,79239,86734,95459,1
52142,55550,51366,107692,103508,106916,1
18244,16055,23484,34299,41728,39539,1
60866,94188,26076,155054,86942,120264,0
59423,34538,2469,93961,61892,37007,0
64857,20031,36091,84888,100948,56122,0
17807,59453,4817,77260,22624,64270,0
34464,89249,69484,123713,103948,158733,1
16016,97973,21466,113989,37482,119439,0
63056,91706,22459,154762,85515,114165,0
25989,7961,82918,33950,108907,90879,0
555,90095,30435,90650,30990,120530,0
84125,52025,96494,136150,180619,148519,1
59334,5380,6944,64714,66278,12324,0
68966,22949,91733,91915,160699,114682,1
29994,95751,1470,125745,31464,97221,0
53704,68471,25878,122175,79582,94349,1
98119,49117,46874,147236,144993,95991,0
87392,99609,79937,187001,167329,179546,1
30626,88539,3653,119165,34279,92192,0
6176,9902,14382,16078,20558,24284,1
45480,32281,56360,77761,101840,88641,1
72349,35545,76652,107894,149001,112197,1
24700,96159,99280,120859,123980,195439,1
82960,76853,75304,159813,158264,152157,1
5490,15701,83673,21191,89163,99374,0
76857,51089,36836,127946,113693,87925,1
92388,57085,81101,149473,173489,138186,1
98042,13296,47849,111338,145891,61145,0
81105,2032,43728,83137,124833,45760,0
87755,96852,633,184607,88388,97485,0
38146,84791,32444,122937,70590,117235,0
56261,37577,1179,93838,57440,38756,0
51407,36153,99737,87560,151144,135890,0
12458,21639,72422,34097,84880,94061,0
62412,48086,83849,110498,146261,131935,1
6841,19610,68253,26451,75094,87863,0
9916,13699,43961,23615,53877,57660,0
43758,2944,82911,46702,126669,85855,0
95991,21365,47685,117356,143676,69050,0
41122,39414,26548,80536,67670,65962,1
59094,61664,48529,120758,107623,110193,1
87387,31880,23715,119267,111102,55595,0
49144,65568,16934,114712,66078,82502,1
49827,25818,10596,75645,60423,36414,0
75035,25900,51050,100935,126085,76950,1
23247,69873,33943,93120,57190,103816,0
62200,87143,77835,149343,140035,164978,1
74847,36041,51798,110888,126645,87839,1
99748,35308,52768,135056,152516,88076,0
34664,58082,3257,92746,37921,61339,0
21455,23709,96999,45164,118454,120708,0
12152,48760,88371,60912,100523,137131,0
34919,76904,76450,111823,111369,153354,1
63314,73798,90172,137112,153486,163970,1
35419,21949,80972,57368,116391,102921,0
61829,64316,91717,126145,153546,156033,1
61877,8354,18784,70231,80661,27138,0
94894,22668,25060,117562,119954,47728,0
59948,45769,62811,105717,122759,108580,1
14965,46775,39451,61740,54416,86226,1
87834,1325,74924,89159,162758,76249,0
84059,50726,49060,134785,133119,99786,1
35140,86867,2800,122007,37940,89667,0
38140,83382,89892,121522,128032,173274,1
93873,36506,78142,130379,172015,114648,1
14000,84524,38019,98524,52019,122543,0
21815,29254,21451,51069,43266,50705,1
60046,94518,23683,154564,83729,118201,0
54272,16358,21859,70630,76131,38217,0
27297,19691,17759,46988,45056,37450,1
77668,59116,4924,136784,82592,64040,0
10314,85289,86668,95603,96982,171957,1
45462,15169,19576,60631,65038,34745,0
54384,41085,82704,95469,137088,123789,1
58188,99852,36812,158040,95000,136664,0
90236,46884,10332,137120,100568,57216,0
82176,85412,84757,167588,166933,170169,1
93829,27720,41687,121549,135516,69407,0
74409,94154,23735,168563,98144,117889,1
39006,16094,87353,55100,126359,103447,0
13588,32743,87957,46331,101545,120700,0
25305,34824,84104,60129,109409,118928,0
64442,98861,2154,163303,66596,101015,0
3476,9017,52889,12493,56365,61906,0
33701,11902,71096,45603,104797,82998,0
1017,38264,2303,39281,3320,40567,0
69986,17108,63319,87094,133305,80427,1
49729,47556,68791,97285,118520,116347,1
10219,72250,63321,82469,73540,135571,1
52627,46402,30193,99029,82820,76595,1
99794,48771,28738,148565,128532,77509,0
98807,21076,85218,119883,184025,106294,1
70932,37853,15847,108785,86779,53700,0
64277,66064,35618,130341,99895,101682,1
31210,70759,82871,101969,114081,153630,1
20056,46270,51021,66326,71077,97291,1
39923,79524,90735,119447,130658,170259,1
47110,25340,41433,72450,88543,66773,1
64234,54814,67041,119048,131275,121855,1
19173,42704,99330,61877,118503,142034,0
26926,96583,80529,123509,107455,177112,1
49051,83083,87734,132134,136785,170817,1
15166,27385,38290,42551,53456,65675,1
25800,10787,76557,36587,102357,87344,0
46262,84272,34993,130534,81255,119265,0
22395,83381,18509,105776,40904,101890,0
5777,32214,53068,37991,58845,85282,0
49742,45834,15759,95576,65501,61593,1
27066,93658,76177,120724,103243,169835,1
75374,73141,70403,148515,145777,143544,1
94492,23617,40000,118109,134492,63617,0
23858,38161,69709,62019,93567,107870,0
32706,22999,77008,55705,109714,100007,0
27482,10550,99093,38032,126575,109643,0
34574,6492,57329,41066,91903,63821,0
3344,60866,12827,64210,16171,73693,0
17839,52998,54755,70837,72594,107753,1
11818,74095,77846,85913,89664,151941,1
46077,10796,7133,56873,53210,17929,0
13879,84822,54816,98701,68695,139638,0
68104,75226,37859,143330,105963,113085,1
75176,50151,61613,125327,136789,111764,1
29934,97100,431,127034,30365,97531,0
18032,77230,21456,95262,39488,98686,0
27392,73152,33075,100544,60467,106227,0
79073,68280,26720,147353,105793,95000,1
65082,82930,10102,148012,75184,93032,0
80674,43766,13512,124440,94186,57278,0
20730,92182,42249,112912,62979,134431,0
59246,90712,39889,149958,99135,130601,1
65918,23920,4341,89838,70259,28261,0
66655,65909,86660,132564,153315,152569,1
55097,54599,301,109696,55398,54900,0
64050,53259,90407,117309,154457,143666,1
60867,36657,66292,97524,127159,102949,1
78797,31398,74626,110195,153423,106024,1
69963,95812,69024,165775,138987,164836,1
753,96305,87265,97058,88018,183570,0
63603,35540,7828,99143,71431,43368,0
89790,40354,80073,130144,169863,120427,1
47633,66569,14974,114202,62607,81543,0
93968,69709,76032,163677,170000,145741,1
91947,95865,86711,187812,178658,182576,1
40325,696,89455,41021,129780,90151,0
66131,11700,65322,77831,131453,77022,1
74172,46968,76818,121140,150990,123786,1
40359,77694,86151,118053,126510,163845,1
9658,61247,10674,70905,20332,71921,0
40776,63536,19788,104312,60564,83324,0
55188,92528,34952,147716,90140,127480,0
93160,88861,30082,182021,123242,118943,1
57318,6707,78020,64025,135338,84727,0
87212,3246,85875,90458,173087,89121,1
33723,81299,13041,115022,46764,94340,0
80439,3993,29639,84432,110078,33632,0
51388,78394,45784,129782,97172,124178,1
4859,16861,86470,21720,91329,103331,0
66317,55845,14793,122162,81110,70638,1
91908,32343,91611,124251,183519,123954,1
97716,37933,12685,135649,110401,50618,0
16111,71608,66482,87719,82593,138090,1
27372,32552,61296,59924,88668,93848,0
17798,30679,22231,48477,40029,52910,1
83577,28703,72818,112280,156395,101521,1
26836,4230,62006,31066,88842,66236,0
2953,95155,77953,98108,80906,173108,0
59350,57644,70467,116994,129817,128111,1
43360,2553,27229,45913,70589,29782,0
66435,82632,63629,149067,130064,146261,1
86183,96629,940,182812,87123,97569,0
84609,96933,89335,181542,173944,186268,1
3140,5314,61325,8454,64465,66639,0
79664,9166,22331,88830,101995,31497,0
72118,82294,98229,154412,170347,180523,1
92529,39064,25374,131593,117903,64438,0
46038,87019,47014,133057,93052,134033,1
61282,84363,26222,145645,87504,110585,1
90579,79093,53339,169672,143918,132432,1
84830,98565,86294,183395,171124,184859,1
58671,8375,30756,67046,89427,39131,0
2372,64863,68031,67235,70403,132894,0
1118,5824,45175,6942,46293,50999,0
67212,99846,77575,167058,144787,177421,1
71987,58443,72301,130430,144288,130744,1
63148,66260,40364,129408,103512,106624,1
89657,96176,45234,185833,134891,141410,1
34638,18359,35,52997,34673,18394,0
72171,66684,21746,138855,93917,88430,1
51984,57169,56126,109153,108110,113295,1
12910,35949,49681,48859,62591,85630,0
49293,66150,3309,115443,52602,69459,0
9197,83976,5864,93173,15061,89840,0
84038,99004,89044,183042,173082,188048,1
61115,49151,60760,110266,121875,109911,1
99002,82444,98286,181446,197288,180730,1
882,56506,57522,57388,58404,114028,0
57525,86934,39550,144459,97075,126484,1
51490,82315,98264,133805,149754,180579,1
49834,46218,40154,96052,89988,86372,1
99396,1309,26408,100705,125804,27717,0
4513,68470,70453,72983,74966,138923,1
6573,71427,46987,78000,53560,118414,0
44492,34624,34484,79116,78976,69108,1
95137,68190,74489,163327,169626,142679,1
68508,61635,27616,130143,96124,89251,1
53918,60995,56075,114913,109993,117070,1
78571,9672,2020,88243,80591,11692,0
69865,48602,92117,118467,161982,140719,1
26077,67608,36504,93685,62581,104112,0
65332,27535,47779,92867,113111,75314,1
88268,88849,3698,177117,91966,92547,1
97182,46513,6460,143695,103642,52973,0
53417,47319,99908,100736,153325,147227,1
51283,34596,35363,85879,86646,69959,1
29017,11272,56895,40289,85912,68167,0
84327,12872,43588,97199,127915,56460,0
86217,21411,56225,107628,142442,77636,0
54323,34356,75876,88679,130199,110232,1
19001,93677,53667,112678,72668,147344,0
1400,15905,7470,17305,8870,23375,0
66331,73413,45958,139744,112289,119371,1
50211,79134,62059,129345,112270,141193,1
40496,926,4358,41422,44854,5284,0
44224,90127,99954,134351,144178,190081,1
82759,49290,20812,132049,103571,70102,0
46513,40780,80167,87293,126680,120947,1
96392,17208,33492,113600,129884,50700,0
97571,99736,67912,197307,165483,167648,1
76510,37775,29087,114285,105597,66862,0
5923,24049,5021,29972,10944,29070,0
86660,87168,93500,173828,180160,180668,1
90018,54630,36726,144648,126744,91356,1
46096,80568,58232,126664,104328,138800,1
80143,47747,16956,127890,97099,64703,0
59071,71449,74657,130520,133728,146106,1
14521,52121,95745,66642,110266,147866,0
67290,41938,76089,109228,143379,118027,1
4118,7549,82758,11667,86876,90307,0
67484,73734,41222,141218,108706,114956,1
29148,26497,2814,55645,31962,29311,1
72698,90198,48801,162896,121499,138999,1
31610,5853,26114,37463,57724,31967,1
22563,94489,44603,117052,67166,139092,0
23570,44602,24473,68172,48043,69075,1
64297,98429,5784,162726,70081,104213,0
11697,88645,16433,100342,28130,105078,0
98434,49095,88703,147529,187137,137798,1
37348,18288,52486,55636,89834,70774,1
51350,19149,25384,70499,76734,44533,0
5623,48734,32228,54357,37851,80962,0
48548,542,49573,49090,98121,50115,0
83927,25646,23852,109573,107779,49498,0
78843,5713,18452,84556,97295,24165,0
39589,2038,26009,41627,65598,28047,0
17969,28202,25436,46171,43405,53638,1
76449,4149,42559,80598,119008,46708,0
61048,76883,5848,137931,66896,82731,0
58623,51293,89648,109916,148271,140941,1
77785,8607,17105,86392,94890,25712,0
55397,87425,16685,142822,72082,104110,0
23756,84771,72385,108527,96141,157156,1
52855,84213,53832,137068,106687,138045,1
48682,99568,50091,148250,98773,149659,0
33877,23555,65700,57432,99577,89255,0
85066,9693,18289,94759,103355,27982,0
63454,95597,55365,159051,118819,150962,1
57865,81884,22236,139749,80101,104120,0
29395,71749,81640,101144,111035,153389,1
30855,99898,9693,130753,40548,109591,0
24402,71056,53571,95458,77973,124627,1
80458,6672,24817,87130,105275,31489,0
24086,34459,36049,58545,60135,70508,1
72604,13316,37796,85920,110400,51112,0
89903,73645,18963,163548,108866,92608,1
21817,83453,40873,105270,62690,124326,0
28940,83906,28485,112846,57425,112391,0
94212,48181,12428,142393,106640,60609,0
56831,37248,75333,94079,132164,112581,1
1260,24479,98221,25739,99481,122700,0
99486,40461,77721,139947,177207,118182,1
62074,32654,88226,94728,150300,120880,1
21416,56651,29420,78067,50836,86071,0
81305,19469,71820,100774,153125,91289,1
70748,66297,69472,137045,140220,135769,1
68754,97316,95038,166070,163792,192354,1
22717,54603,54189,77320,76906,108792,1
17133,40251,99821,57384,116954,140072,0
89510,36318,11213,125828,100723,47531,0
38633,69369,45756,108002,84389,115125,1
82105,93176,43500,175281,125605,136676,1
28790,64361,14704,93151,43494,79065,0
12268,87819,89479,100087,101747,177298,1
33682,92816,58521,126498,92203,151337,0
14971,82243,76364,97214,91335,158607,1
32962,55184,83038,88146,116000,138222,1
51498,66449,11180,117947,62678,77629,0
74257,86382,93315,160639,167572,179697,1
54573,64393,88126,118966,142699,152519,1
84947,19686,57777,104633,142724,77463,0
97432,79174,35378,176606,132810,114552,1
96812,48715,20570,145527,117382,69285,0
24685,81784,66173,106469,90858,147957,1
48200,93096,48674,141296,96874,141770,1
28018,21218,54978,49236,82996,76196,0
17875,65394,9163,83269,27038,74557,0
15233,8345,69380,23578,84613,77725,0
20985,42919,5901,63904,26886,48820,0
27299,12176,48912,39475,76211,61088,0
94494,91449,52504,185943,146998,143953,1
60057,90242,66701,150299,126758,156943,1
8999,38339,28505,47338,37504,66844,0
2812,49029,28712,51841,31524,77741,0
58419,37146,10487,95565,68906,47633,0
36673,16459,42460,53132,79133,58919,1
8827,16982,51118,25809,59945,68100,0
94940,96932,95740,191872,190680,192672,1
23272,39416,88,62688,23360,39504,0
74732,27709,55352,102441,130084,83061,1
56479,77504,69326,133983,125805,146830,1
13305,74739,53961,88044,67266,128700,0
33643,61848,19789,95491,53432,81637,0
7566,22010,52416,29576,59982,74426,0
90530,38997,32651,129527,123181,71648,0
1678,7091,36518,8769,38196,43609,0
88048,53036,82292,141084,170340,135328,1
48021,82326,30810,130347,78831,113136,0
67934,40123,29681,108057,97615,69804,1
23917,75701,5126,99618,29043,80827,0
72669,56089,98212,128758,170881,154301,1
18561,90236,12955,108797,31516,103191,0
42052,9752,62737,51804,104789,72489,0
53212,16926,79872,70138,133084,96798,0
81608,31780,90899,113388,172507,122679,1
81832,37203,79870,119035,161702,117073,1
37989,92445,90684,130434,128673,183129,1
37145,94941,85571,132086,122716,180512,1
53715,47963,65152,101678,118867,113115,1
79517,11165,40340,90682,119857,51505,0
40312,94627,58434,134939,98746,153061,1
49029,70541,49150,119570,98179,119691,1
64044,6823,76195,70867,140239,83018,0
37746,65283,28898,103029,66644,94181,1
8065,85621,13062,93686,21127,98683,0
50508,78470,19101,128978,69609,97571,0
48009,79156,56258,127165,104267,135414,1
70859,89542,11985,160401,82844,101527,0
39000,44080,461,83080,39461,44541,0
38438,71301,58865,109739,97303,130166,1
58838,58376,58039,117214,116877,116415,1
31801,5855,35891,37656,67692,41746,1
11237,71055,52425,82292,63662,123480,0
29586,62671,99972,92257,129558,162643,0
59297,14833,28296,74130,87593,43129,0
65869,76163,29250,142032,95119,105413,1
31747,20194,43306,51941,75053,63500,1
46218,44473,52575,90691,98793,97048,1
63913,63662,67424,127575,131337,131086,1
86979,7353,16656,94332,103635,24009,0
71962,67167,34935,139129,106897,102102,1
81944,1096,17099,83040,99043,18195,0
32085,37628,54762,69713,86847,92390,1
40941,77927,97725,118868,138666,175652,1
62187,75278,64346,137465,126533,139624,1
98075,46826,48013,144901,146088,94839,0
99341,86532,78751,185873,178092,165283,1
90517,26731,10275,117248,100792,37006,0
64805,94913,13696,159718,78501,108609,0
5524,52036,91115,57560,96639,143151,0
10709,30264,4607,40973,15316,34871,0
83522,3617,73053,87139,156575,76670,0
10032,50620,78146,60652,88178,128766,0
27854,59644,18159,87498,46013,77803,0
24776,45988,92161,70764,116937,138149,0
60742,38553,93711,99295,154453,132264,1
62866,58725,80064,121591,142930,138789,1
35057,50908,75984,85965,111041,126892,1
51862,12909,58447,64771,110309,71356,1
52246,66121,85848,118367,138094,151969,1
55889,77365,68735,133254,124624,146100,1
2221,61629,74099,63850,76320,135728,0
70276,2679,15712,72955,85988,18391,0
40325,50549,26154,90874,66479,76703,1
20546,10990,10231,31536,30777,21221,1
98003,3984,86645,101987,184648,90629,0
20738,85150,43961,105888,64699,129111,0
86165,89077,86173,175242,172338,175250,1
28122,77578,10984,105700,39106,88562,0
10361,94864,25930,105225,36291,120794,0
88409,50010,76824,138419,165233,126834,1
50262,95654,55464,145916,105726,151118,1
24848,27169,61403,52017,86251,88572,0
27160,45809,3160,72969,30320,48969,0
93283,245,61544,93528,154827,61789,0
43000,6101,94483,49101,137483,100584,0
39676,32897,98309,72573,137985,131206,0
80631,93894,97554,174525,178185,191448,1
3495,50855,60048,54350,63543,110903,0
85347,46361,56165,131708,141512,102526,1
98833,48736,73653,147569,172486,122389,1
39383,81559,34802,120942,74185,116361,0
70421,10684,85409,81105,155830,96093,0
76313,61480,65265,137793,141578,126745,1
21084,1659,57750,22743,78834,59409,0
76724,34788,74527,111512,151251,109315,1
77164,15538,52821,92702,129985,68359,0
21036,27214,47654,48250,68690,74868,1
58808,61132,18016,119940,76824,79148,1
11601,30253,54277,41854,65878,84530,0
80029,56894,52419,136923,132448,109313,1
59408,84982,87949,144390,147357,172931,1
31281,24818,76640,56099,107921,101458,0
19845,7928,83392,27773,103237,91320,0
3607,14008,56025,17615,59632,70033,0
62648,81205,95986,143853,158634,177191,1
32478,58413,1022,90891,33500,59435,0
44114,72103,7790,116217,51904,79893,0
35781,98650,80251,134431,116032,178901,1
8410,19846,7664,28256,16074,27510,0
73001,50308,7135,123309,80136,57443,0
28608,76351,29616,104959,58224,105967,0
19558,53580,51311,73138,70869,104891,1
21905,88577,96610,110482,118515,185187,1
86088,80241,40693,166329,126781,120934,1
4303,26122,58186,30425,62489,84308,0
49228,23865,2119,73093,51347,25984,0
17457,9445,79108,26902,96565,88553,0
97201,65295,35554,162496,132755,100849,1
89794,27259,98892,117053,188686,126151,1
33053,62090,93490,95143,126543,155580,1
95474,88151,32095,183625,127569,120246,1
97819,70976,82508,168795,180327,153484,1
52952,26184,97055,79136,150007,123239,0
27132,90022,87130,117154,114262,177152,1
42456,78478,76894,120934,119350,155372,1
6461,17149,59470,23610,65931,76619,0
51663,21001,90390,72664,142053,111391,0
45259,71166,45161,116425,90420,116327,1
44113,7329,71184,51442,115297,78513,0
99022,17670,15020,116692,114042,32690,0
98820,56693,57376,155513,156196,114069,1
17018,50866,66633,67884,83651,117499,1
40574,73384,75711,113958,116285,149095,1
2719,66274,63582,68993,66301,129856,1
48284,94186,64606,142470,112890,158792,1
56198,23210,14932,79408,71130,38142,0
21331,570,39965,21901,61296,40535,0
37303,29975,4900,67278,42203,34875,0
5111,11244,44235,16355,49346,55479,0
40593,52178,70732,92771,111325,122910,1
2107,40025,54153,42132,56260,94178,0
14407,12817,28430,27224,42837,41247,0
30443,69625,80066,100068,110509,149691,1
86562,29732,7941,116294,94503,37673,0
76509,53986,30538,130495,107047,84524,1
7338,89514,33668,96852,41006,123182,0
85528,31401,73003,116929,158531,104404,1
21369,92093,43297,113462,64666,135390,0
25929,17886,8803,43815,34732,26689,1
43992,44116,24585,88108,68577,68701,1
52614,77161,66718,129775,119332,143879,1
8381,14726,56939,23107,65320,71665,0
77350,14024,21055,91374,98405,35079,0
9329,15839,1266,25168,10595,17105,0
47098,45419,31451,92517,78549,76870,1
52604,8288,67039,60892,119643,75327,0
62723,80502,5716,143225,68439,86218,0
8741,84644,17025,93385,25766,101669,0
40751,2070,74205,42821,114956,76275,0
82418,66500,12855,148918,95273,79355,0
18319,2626,71182,20945,89501,73808,0
78066,62560,84259,140626,162325,146819,1
24872,51262,96889,76134,121761,148151,0
51968,35176,7405,87144,59373,42581,0
49176,93652,25413,142828,74589,119065,0
78589,798,20911,79387,99500,21709,0
66638,5482,41747,72120,108385,47229,0
23414,64254,79907,87668,103321,144161,1
94785,8773,43321,103558,138106,52094,0
54836,80384,47337,135220,102173,127721,1
38231,96530,85777,134761,124008,182307,1
97237,44758,68481,141995,165718,113239,1
30161,40552,55136,70713,85297,95688,1
7584,89397,37039,96981,44623,126436,0
24781,57063,77050,81844,101831,134113,1
1624,27103,55443,28727,57067,82546,0
13024,51376,1046,64400,14070,52422,0
85584,47266,8720,132850,94304,55986,0
30810,76456,66636,107266,97446,143092,1
25855,3980,16258,29835,42113,20238,0
27868,6166,5525,34034,33393,11691,0
88295,34253,30886,122548,119181,65139,0
34547,89824,65377,124371,99924,155201,1
31216,23053,92811,54269,124027,115864,0
93547,85829,53987,179376,147534,139816,1
12632,26969,67756,39601,80388,94725,0
22988,30429,13639,53417,36627,44068,1
3333,60322,99350,63655,102683,159672,0
91406,18803,10688,110209,102094,29491,0
63220,40975,14136,104195,77356,55111,0
52476,35694,94544,88170,147020,130238,0
60509,93883,87088,154392,147597,180971,1
37382,26830,64105,64212,101487,90935,1
85939,3670,87066,89609,173005,90736,1
89955,67834,89125,157789,179080,156959,1
49440,81507,6182,130947,55622,87689,0
82472,15343,36484,97815,118956,51827,0
34731,73994,56962,108725,91693,130956,1
50105,44087,68008,94192,118113,112095,1
96615,83827,91226,180442,187841,175053,1
66903,25185,38571,92088,105474,63756,0
99678,2703,29366,102381,129044,32069,0
6337,28063,92481,34400,98818,120544,0
59638,26100,29229,85738,88867,55329,0
13173,97772,46928,110945,60101,144700,0
40366,67068,28327,107434,68693,95395,1
11749,19381,89957,31130,101706,109338,0
47981,10048,54770,58029,102751,64818,1
7311,78107,67008,85418,74319,145115,0
95028,44213,15450,139241,110478,59663,0
83601,49461,14744,133062,98345,64205,0
53344,85464,44279,138808,97623,129743,1
43273,73361,7114,116634,50387,80475,0
40271,23907,68022,64178,108293,91929,0
46045,35581,99749,81626,145794,135330,0
25303,27528,46473,52831,71776,74001,1
96358,18960,19314,115318,115672,38274,0
58117,96866,72320,154983,130437,169186,1
89209,14659,29685,103868,118894,44344,0
56345,97465,3134,153810,59479,100599,0
49941,35688,90256,85629,140197,125944,0
36944,44363,63996,81307,100940,108359,1
9208,99457,89169,108665,98377,188626,0
10629,73631,80417,84260,91046,154048,1
12122,68136,78919,80258,91041,147055,1
46301,38663,39129,84964,85430,77792,1
16715,9221,96541,25936,113256,105762,0
30964,93144,50281,124108,81245,143425,0
43235,77814,65584,121049,108819,143398,1
17162,73575,1595,90737,18757,75170,0
32265,97211,30934,129476,63199,128145,0
69964,22032,42874,91996,112838,64906,0
26291,687,66187,26978,92478,66874,0
36183,17082,22922,53265,59105,40004,1
16278,92428,44028,108706,60306,136456,0
14021,67787,93306,81808,107327,161093,0
78868,86240,14596,165108,93464,100836,1
14049,9880,39354,23929,53403,49234,0
28999,38770,25484,67769,54483,64254,1
46005,55779,85379,101784,131384,141158,1
62047,5372,43087,67419,105134,48459,0
14239,63742,9324,77981,23563,73066,0
31861,66762,79416,98623,111277,146178,1
39156,31254,84866,70410,124022,116120,0
58298,37851,78727,96149,137025,116578,1
44980,62304,4268,107284,49248,66572,0
53854,82230,80009,136084,133863,162239,1
36022,49878,37441,85900,73463,87319,1
1828,97287,12273,99115,14101,109560,0
12453,51053,62000,63506,74453,113053,1
64840,91024,17306,155864,82146,108330,0
22138,99331,43720,121469,65858,143051,0
20896,42057,11670,62953,32566,53727,0
5443,85487,72091,90930,77534,157578,0
4511,96925,68216,101436,72727,165141,0
25964,8893,15864,34857,41828,24757,0
39210,30973,15051,70183,54261,46024,1
84212,73788,89529,158000,173741,163317,1
24497,65197,32596,89694,57093,97793,0
35140,96994,73639,132134,108779,170633,1
47641,4963,73760,52604,121401,78723,0
46805,73744,23443,120549,70248,97187,0
16606,39381,83792,55987,100398,123173,0
48015,97482,39669,145497,87684,137151,0
14343,58318,35436,72661,49779,93754,0
67958,2345,12386,70303,80344,14731,0
66136,1795,4882,67931,71018,6677,0
31253,67450,48356,98703,79609,115806,1
51263,70763,56673,122026,107936,127436,1
83235,78827,74151,162062,157386,152978,1
71053,14746,92455,85799,163508,107201,0
22051,92836,80263,114887,102314,173099,1
65847,72624,40077,138471,105924,112701,1
24148,90340,65314,114488,89462,155654,0
94190,79019,33205,173209,127395,112224,1
65329,1958,22545,67287,87874,24503,0
28979,70916,94040,99895,123019,164956,1
64455,54962,82769,119417,147224,137731,1
37958,40512,11852,78470,49810,52364,1
73600,23086,40401,96686,114001,63487,0
56689,64919,61204,121608,117893,126123,1
79848,14472,86062,94320,165910,100534,1
78590,38841,64275,117431,142865,103116,1
77154,35131,17696,112285,94850,52827,0
76698,79355,67639,156053,144337,146994,1
11235,70861,64070,82096,75305,134931,1
39884,4190,36698,44074,76582,40888,1
12069,79669,93097,91738,105166,172766,0
14644,57252,33229,71896,47873,90481,0
19382,68383,48626,87765,68008,117009,0
38965,40174,80551,79139,119516,120725,0
93380,41687,82134,135067,175514,123821,1
98874,5309,51405,104183,150279,56714,0
73449,8933,14395,82382,87844,23328,0
58366,26007,67396,84373,125762,93403,1
82660,31998,23578,114658,106238,55576,0
47194,84842,11848,132036,59042,96690,0
91665,53187,27269,144852,118934,80456,0
94839,22652,50302,117491,145141,72954,0
9318,84569,50710,93887,60028,135279,0
38836,71794,86117,110630,124953,157911,1
19496,47812,54743,67308,74239,102555,1
87734,92202,90575,179936,178309,182777,1
18794,29634,50100,48428,68894,79734,0
34471,55534,23392,90005,57863,78926,1
34381,89468,52983,123849,87364,142451,0
12064,52299,66429,64363,78493,118728,0
38057,77798,9056,115855,47113,86854,0
50007,23113,94457,73120,144464,117570,0
34412,16914,74744,51326,109156,91658,0
12437,87777,62542,100214,74979,150319,0
16317,11213,12491,27530,28808,23704,1
96845,63012,82593,159857,179438,145605,1
73488,89137,76381,162625,149869,165518,1
25436,69190,62564,94626,88000,131754,1
93938,81097,67155,175035,161093,148252,1
33805,65047,34461,98852,68266,99508,1
78380,72892,29786,151272,108166,102678,1
91055,50029,38358,141084,129413,88387,0
47362,73357,34984,120719,82346,108341,1
39182,13938,48444,53120,87626,62382,1
56351,63342,24081,119693,80432,87423,1
22081,35815,47808,57896,69889,83623,1
81829,49432,60708,131261,142537,110140,1
9311,66884,81254,76195,90565,148138,0
43865,58260,17862,102125,61727,76122,1
4158,35482,94888,39640,99046,130370,0
45782,83525,97201,129307,142983,180726,1
7917,96852,81520,104769,89437,178372,0
8307,31235,50849,39542,59156,82084,0
93579,46418,63689,139997,157268,110107,1
70306,47788,61817,118094,132123,109605,1
94153,31795,95188,125948,189341,126983,1
72857,24231,15612,97088,88469,39843,0
72546,36925,20179,109471,92725,57104,0
92749,30787,71581,123536,164330,102368,1
84396,98353,71798,182749,156194,170151,1
40882,18936,60991,59818,101873,79927,0
1660,86175,26763,87835,28423,112938,0
46294,98734,15156,145028,61450,113890,0
49567,17513,97939,67080,147506,115452,0
83694,62725,74360,146419,158054,137085,1
54493,95213,95058,149706,149551,190271,1
94747,42374,95736,137121,190483,138110,1
98394,70745,90110,169139,188504,160855,1
44860,39351,95172,84211,140032,134523,0
57327,35336,88773,92663,146100,124109,1
11194,95014,52196,106208,63390,147210,0
12607,21139,43546,33746,56153,64685,0
3771,12110,57488,15881,61259,69598,0
36715,81737,52435,118452,89150,134172,1
43709,15810,34659,59519,78368,50469,1
90362,50609,93028,140971,183390,143637,1
59025,65866,86745,124891,145770,152611,1
30289,43972,39316,74261,69605,83288,1
25087,77945,15471,103032,40558,93416,0
84285,71695,30,155980,84315,71725,0
77375,41558,27262,118933,104637,68820,0
14514,92545,63627,107059,78141,156172,0
60677,18463,44010,79140,104687,62473,1
48007,47759,21579,95766,69586,69338,1
93312,14886,22900,108198,116212,37786,0
7821,67101,60355,74922,68176,127456,1
60385,54588,57494,114973,117879,112082,1
80217,29681,34867,109898,115084,64548,0
83403,88103,26480,171506,109883,114583,1
75850,51898,21659,127748,97509,73557,0
40942,36053,38703,76995,79645,74756,1
86162,40590,50523,126752,136685,91113,1
97050,83258,76838,180308,173888,160096,1
61133,77490,83807,138623,144940,161297,1
23927,29322,68563,53249,92490,97885,0
56185,4565,47053,60750,103238,51618,0
41455,6777,30673,48232,72128,37450,0
8706,43194,52784,51900,61490,95978,0
59019,40228,91756,99247,150775,131984,1
99025,6076,28324,105101,127349,34400,0
75122,28830,58009,103952,133131,86839,1
97546,52016,14600,149562,112146,66616,0
88556,17046,20760,105602,109316,37806,0
71266,36206,62242,107472,133508,98448,1
23807,41833,64904,65640,88711,106737,1
15753,63153,90766,78906,106519,153919,0
57642,61599,67842,119241,125484,129441,1
56075,6889,71598,62964,127673,78487,0
43822,72708,82205,116530,126027,154913,1
28433,99281,73065,127714,101498,172346,1
76402,64664,99079,141066,175481,163743,1
33917,59530,95433,93447,129350,154963,0
39121,50557,27853,89678,66974,78410,1
3557,70880,31534,74437,35091,102414,0
58876,73874,73462,132750,132338,147336,1
56417,72746,89177,129163,145594,161923,1
97119,7070,89356,104189,186475,96426,0
70759,73944,27557,144703,98316,101501,1
8585,48284,20203,56869,28788,68487,0
56430,62677,95250,119107,151680,157927,1
12014,3779,99537,15793,111551,103316,0
6540,40192,8923,46732,15463,49115,0
92061,31600,430,123661,92491,32030,0
88416,93444,87763,181860,176179,181207,1
97344,35265,13986,132609,111330,49251,0
68093,19959,47541,88052,115634,67500,0
70367,77224,14810,147591,85177,92034,1
41908,65129,8074,107037,49982,73203,0
49956,84159,79551,134115,129507,163710,1
82490,63985,2381,146475,84871,66366,0
2748,89112,23348,91860,26096,112460,0
95587,94609,92591,190196,188178,187200,1
63667,83047,37692,146714,101359,120739,1
84025,18127,82839,102152,166864,100966,1
12472,98006,35124,110478,47596,133130,0
95871,78894,51667,174765,147538,130561,1
40488,38526,5256,79014,45744,43782,1
18364,98605,37522,116969,55886,136127,0
91299,689,50937,91988,142236,51626,0
94103,44376,56487,138479,150590,100863,1
60328,86673,63497,147001,123825,150170,1
50909,26993,99320,77902,150229,126313,0
69480,45052,9891,114532,79371,54943,0
58334,91093,75588,149427,133922,166681,1
78741,60827,75656,139568,154397,136483,1
38694,36486,89040,75180,127734,125526,0
84686,91458,34213,176144,118899,125671,1
17095,80390,28653,97485,45748,109043,0
37913,57639,46454,95552,84367,104093,1
43064,45683,47112,88747,90176,92795,1
39459,17568,20002,57027,59461,37570,0
48248,36998,96557,85246,144805,133555,0
26851,4650,73319,31501,100170,77969,0
64922,58481,26743,123403,91665,85224,1
23998,35066,16154,59064,40152,51220,1
52264,17620,72037,69884,124301,89657,0
32223,31589,75650,63812,107873,107239,0
46942,92439,47563,139381,94505,140002,1
28472,46063,56953,74535,85425,103016,1
23878,62751,94687,86629,118565,157438,0
49147,35344,7633,84491,56780,42977,0
63481,14034,81773,77515,145254,95807,0
13549,61096,10666,74645,24215,71762,0
90783,79240,17876,170023,108659,97116,1
29400,44615,96384,74015,125784,140999,0
27415,53684,37482,81099,64897,91166,1
82184,95284,72730,177468,154914,168014,1
67840,39096,90168,106936,158008,129264,1
89627,12994,79095,102621,168722,92089,1
57826,5108,73418,62934,131244,78526,0
22065,91980,70062,114045,92127,162042,1
77225,69480,79974,146705,157199,149454,1
30947,99887,64474,130834,95421,164361,0
24769,91936,97028,116705,121797,188964,1
94032,2660,27784,96692,121816,30444,0
42197,71230,12416,113427,54613,83646,0
83984,29819,71716,113803,155700,101535,1
97114,55053,73592,152167,170706,128645,1
79723,35053,35206,114776,114929,70259,0
93028,66971,85350,159999,178378,152321,1
89076,14976,48667,104052,137743,63643,0
43722,86783,74210,130505,117932,160993,1
34184,45492,21750,79676,55934,67242,1
91136,81004,14370,172140,105506,95374,1
52572,82389,4191,134961,56763,86580,0
24054,73483,828,97537,24882,74311,0
25777,65209,53330,90986,79107,118539,1
82275,84703,20856,166978,103131,105559,1
9141,76085,34009,85226,43150,110094,0
60377,77689,45460,138066,105837,123149,1
12822,92734,36788,105556,49610,129522,0
16256,79204,99040,95460,115296,178244,0
93910,17558,45613,111468,139523,63171,0
61884,8052,36293,69936,98177,44345,0
78374,3634,82454,82008,160828,86088,0
67738,16701,76212,84439,143950,92913,1
51264,16002,73384,67266,124648,89386,0
65563,46371,84681,111934,150244,131052,1
83228,67063,1285,150291,84513,68348,0
58323,22064,37891,80387,96214,59955,1
35962,19900,14206,55862,50168,34106,0
86601,59533,29839,146134,116440,89372,1
4067,37343,49871,41410,53938,87214,0
17575,81532,68229,99107,85804,149761,1
31992,44166,71776,76158,103768,115942,1
61097,19664,33798,80761,94895,53462,0
51243,68354,66704,119597,117947,135058,1
51829,55199,1645,107028,53474,56844,0
73371,74399,63772,147770,137143,138171,1
8829,169,79403,8998,88232,79572,0
57026,62288,93750,119314,150776,156038,1
83418,28642,7862,112060,91280,36504,0
40047,12583,68811,52630,108858,81394,0
93276,10204,35182,103480,128458,45386,0
6780,93595,60672,100375,67452,154267,0
61894,50167,16354,112061,78248,66521,1
2390,69069,19398,71459,21788,88467,0
17441,61179,64605,78620,82046,125784,1
52037,94873,62570,146910,114607,157443,1
52515,18263,31952,70778,84467,50215,0
23594,2669,85560,26263,109154,88229,0
84083,6904,12552,90987,96635,19456,0
25786,21761,27537,47547,53323,49298,1
40541,51088,35608,91629,76149,86696,1
76818,18715,60242,95533,137060,78957,1
3227,46676,6298,49903,9525,52974,0
43474,33683,40157,77157,83631,73840,1
82959,63862,22339,146821,105298,86201,1
81595,62339,9813,143934,91408,72152,0
87743,61298,82675,149041,170418,143973,1
71572,39910,82268,111482,153840,122178,1
39029,59746,60393,98775,99422,120139,1
34886,76776,7058,111662,41944,83834,0
17223,82742,23284,99965,40507,106026,0
23470,90467,654,113937,24124,91121,0
16760,65302,31722,82062,48482,97024,0
67064,65645,1884,132709,68948,67529,1
29713,152,74684,29865,104397,74836,0
81198,27343,26207,108541,107405,53550,0
87542,97270,73974,184812,161516,171244,1
1967,87103,8629,89070,10596,95732,0
63390,25911,30139,89301,93529,56050,0
77562,96620,74449,174182,152011,171069,1
96909,51316,7695,148225,104604,59011,0
46500,43768,97260,90268,143760,141028,0
82819,49538,72303,132357,155122,121841,1
46865,75734,63954,122599,110819,139688,1
62416,15854,97844,78270,160260,113698,0
19235,98234,1848,117469,21083,100082,0
53640,60547,74403,114187,128043,134950,1
38414,25974,37997,64388,76411,63971,1
37555,97029,42526,134584,80081,139555,0
56926,36171,74706,93097,131632,110877,1
93733,76923,44062,170656,137795,120985,1
96848,65828,35689,162676,132537,101517,1
37389,78326,37473,115715,74862,115799,0
94332,66422,42705,160754,137037,109127,1
85508,14198,20833,99706,106341,35031,0
71917,31932,35066,103849,106983,66998,0
12733,64413,51650,77146,64383,116063,0
96130,34853,43793,130983,139923,78646,0
80318,26579,83423,106897,163741,110002,1
11042,54294,78562,65336,89604,132856,0
20564,25331,88576,45895,109140,113907,0
34036,73151,65408,107187,99444,138559,1
76100,22158,27158,98258,103258,49316,0
31639,83867,75336,115506,106975,159203,1
17789,24087,20676,41876,38465,44763,1
54482,81849,82218,136331,136700,164067,1
62487,57566,42110,120053,104597,99676,1
61903,15364,89878,77267,151781,105242,0
93201,32721,84228,125922,177429,116949,1
31505,80815,57918,112320,89423,138733,1
95972,16281,24764,112253,120736,41045,0
62910,24688,86024,87598,148934,110712,1
86092,64873,56298,150965,142390,121171,1
71897,66858,27764,138755,99661,94622,1
16199,30414,7908,46613,24107,38322,0
93453,60102,6316,153555,99769,66418,0
11493,77972,36134,89465,47627,114106,0
88144,22391,15590,110535,103734,37981,0
96733,33459,19797,130192,116530,53256,0
87505,71061,88038,158566,175543,159099,1
54419,42163,25309,96582,79728,67472,1
2795,10944,87813,13739,90608,98757,0
85813,78212,88752,164025,174565,166964,1
35280,96533,22899,131813,58179,119432,0
17372,83383,3217,100755,20589,86600,0
75201,33022,67029,108223,142230,100051,1
12659,34871,7304,47530,19963,42175,0
48792,90430,90860,139222,139652,181290,1
25,18779,45548,18804,45573,64327,0
37476,42328,9511,79804,46987,51839,1
33468,23521,48150,56989,81618,71671,1
28090,11552,59651,39642,87741,71203,0
84015,47080,63077,131095,147092,110157,1
18732,8644,8541,27376,27273,17185,0
42143,74585,36643,116728,78786,111228,1
36272,36661,88806,72933,125078,125467,0
81627,6994,2577,88621,84204,9571,0
84319,38408,21831,122727,106150,60239,0
69131,12561,35099,81692,104230,47660,0
18151,88973,79586,107124,97737,168559,1
18624,88966,46714,107590,65338,135680,0
88522,62116,90616,150638,179138,152732,1
94991,94441,37584,189432,132575,132025,1
85212,81462,82426,166674,167638,163888,1
81357,85201,71059,166558,152416,156260,1
59290,48434,76179,107724,135469,124613,1
58010,25973,71657,83983,129667,97630,1
57395,53637,17874,111032,75269,71511,1
2867,77536,702,80403,3569,78238,0
29029,93383,49798,122412,78827,143181,0
38475,61448,15420,99923,53895,76868,0
11407,30594,13283,42001,24690,43877,0
6569,8717,27700,15286,34269,36417,0
68607,80771,51713,149378,120320,132484,1
47496,29460,85065,76956,132561,114525,0
187,98292,26386,98479,26573,124678,0
33236,6440,17273,39676,50509,23713,0
62214,75323,13504,137537,75718,88827,1
90960,33055,18723,124015,109683,51778,0
10095,16075,23821,26170,33916,39896,1
61590,17183,67994,78773,129584,85177,1
11428,37275,29062,48703,40490,66337,1
86753,98338,97462,185091,184215,195800,1
41793,81233,17324,123026,59117,98557,0
14046,91775,61297,105821,75343,153072,0
54083,52237,51495,106320,105578,103732,1
29554,74827,18995,104381,48549,93822,0
27537,2432,6730,29969,34267,9162,0
32410,54867,98286,87277,130696,153153,0
47024,32678,56790,79702,103814,89468,1
71120,77833,68092,148953,139212,145925,1
23691,16391,97751,40082,121442,114142,0
30987,72972,58784,103959,89771,131756,1
34260,56583,95935,90843,130195,152518,0
73197,48126,23550,121323,96747,71676,0
541,8410,89599,8951,90140,98009,0
39988,84684,46758,124672,86746,131442,1
53698,70566,79549,124264,133247,150115,1
98875,3460,62731,102335,161606,66191,0
65179,57184,98918,122363,164097,156102,1
54844,48430,31668,103274,86512,80098,1
28341,28240,16439,56581,44780,44679,1
11365,64367,83426,75732,94791,147793,0
25198,99135,31770,124333,56968,130905,0
16578,79331,58644,95909,75222,137975,0
10980,2724,95618,13704,106598,98342,0
76979,43370,18787,120349,95766,62157,0
66038,92724,36462,158762,102500,129186,1
59245,36028,35040,95273,94285,71068,1
4910,60991,7778,65901,12688,68769,0
66993,63642,2626,130635,69619,66268,0
29147,9427,15661,38574,44808,25088,0
45779,66330,71330,112109,117109,137660,1
97063,89985,89823,187048,186886,179808,1
2511,31541,16238,34052,18749,47779,0
71913,63680,23186,135593,95099,86866,1
99003,81493,72262,180496,171265,153755,1
92667,29420,80364,122087,173031,109784,1
18858,39200,32216,58058,51074,71416,1
31711,65217,82448,96928,114159,147665,1
47933,16184,73042,64117,120975,89226,0
59251,51338,38811,110589,98062,90149,1
80631,5799,65505,86430,146136,71304,0
97568,78028,36234,175596,133802,114262,1
41800,85172,32607,126972,74407,117779,0
52845,92467,52765,145312,105610,145232,1
76782,88258,39884,165040,116666,128142,1
39555,65991,20322,105546,59877,86313,0
40566,48992,99141,89558,139707,148133,0
42741,51927,23309,94668,66050,75236,1
73799,37665,41200,111464,114999,78865,1
13064,30738,99935,43802,112999,130673,0
51206,60687,57190,111893,108396,117877,1
74508,21824,64787,96332,139295,86611,1
30531,99283,13432,129814,43963,112715,0
98429,50260,91252,148689,189681,141512,1
42512,8222,45202,50734,87714,53424,1
43298,12223,43755,55521,87053,55978,1
72598,92395,27106,164993,99704,119501,1
46316,48974,29809,95290,76125,78783,1
34544,11236,52632,45780,87176,63868,0
35720,53828,82794,89548,118514,136622,1
80194,24962,95854,105156,176048,120816,1
22769,29753,86772,52522,109541,116525,0
57836,64690,5009,122526,62845,69699,0
86859,23484,20504,110343,107363,43988,0
16696,79158,1534,95854,18230,80692,0
64805,31234,56134,96039,120939,87368,1
98691,55578,44637,154269,143328,100215,1
56081,2443,78641,58524,134722,81084,0
50482,19095,11599,69577,62081,30694,0
48855,87266,72498,136121,121353,159764,1
27518,18030,65378,45548,92896,83408,0
8356,83467,8951,91823,17307,92418,0
54651,41144,86283,95795,140934,127427,1
59649,97903,9217,157552,68866,107120,0
77238,48780,32396,126018,109634,81176,1
14310,9315,14127,23625,28437,23442,1
73409,49645,40041,123054,113450,89686,1
40698,56404,74215,97102,114913,130619,1
32347,75634,91652,107981,123999,167286,1
431,7963,57619,8394,58050,65582,0
1076,75914,53767,76990,54843,129681,0
41147,92972,11396,134119,52543,104368,0
90238,9133,47067,99371,137305,56200,0
94290,85249,25482,179539,119772,110731,1
90090,54420,35031,144510,125121,89451,0
57119,34452,16397,91571,73516,50849,0
10017,1082,34376,11099,44393,35458,0
84939,23908,12520,108847,97459,36428,0
71023,63314,25305,134337,96328,88619,1
91595,15722,47860,107317,139455,63582,0
82789,26807,32681,109596,115470,59488,0
10204,83028,18433,93232,28637,101461,0
76274,92728,82787,169002,159061,175515,1
81377,30379,61343,111756,142720,91722,1
32740,53262,90285,86002,123025,143547,0
61982,38668,42578,100650,104560,81246,1
27506,41669,23593,69175,51099,65262,1
69640,86558,62362,156198,132002,148920,1
80724,74135,45864,154859,126588,119999,1
91123,53473,28590,144596,119713,82063,0
36618,27255,12892,63873,49510,40147,1
16330,67,55280,16397,71610,55347,0
56107,5852,69848,61959,125955,75700,0
88837,93082,75057,181919,163894,168139,1
37997,11125,52236,49122,90233,63361,0
80209,53249,15516,133458,95725,68765,0
33021,97496,48713,130517,81734,146209,0
69313,87888,38634,157201,107947,126522,1
70491,1529,10525,72020,81016,12054,0
26849,8873,23419,35722,50268,32292,1
66797,64595,64576,131392,131373,129171,1
24698,97501,87312,122199,112010,184813,1
22765,6607,17660,29372,40425,24267,1
6456,27150,80425,33606,86881,107575,0
48578,794,22204,49372,70782,22998,0
22577,24881,7665,47458,30242,32546,1
5622,61269,83483,66891,89105,144752,0
96468,19282,97072,115750,193540,116354,1
72145,73038,41325,145183,113470,114363,1
99639,14553,48807,114192,148446,63360,0
18445,805,26988,19250,45433,27793,0
47818,28792,34159,76610,81977,62951,1
97863,66029,16651,163892,114514,82680,0
79912,50821,28932,130733,108844,79753,0
92367,93429,43101,185796,135468,136530,1
84827,15889,94222,100716,179049,110111,1
87493,85071,4717,172564,92210,89788,1
44888,48957,51620,93845,96508,100577,1
89389,1730,18717,91119,108106,20447,0
62835,59855,80216,122690,143051,140071,1
39913,90631,3585,130544,43498,94216,0
19742,1445,92845,21187,112587,94290,0
48181,69624,95490,117805,143671,165114,1
10025,49329,87094,59354,97119,136423,0
75462,53221,51654,128683,127116,104875,1
59344,89294,88460,148638,147804,177754,1
48338,68877,1638,117215,49976,70515,0
86940,74247,69967,161187,156907,144214,1
96987,60517,11305,157504,108292,71822,0
66931,70924,31646,137855,98577,102570,1
42296,18937,6772,61233,49068,25709,0
48155,19568,98916,67723,147071,118484,0
72393,24257,8490,96650,80883,32747,0
46390,43645,35151,90035,81541,78796,1
97190,18008,10047,115198,107237,28055,0
38308,91871,45551,130179,83859,137422,0
83537,68478,6522,152015,90059,75000,0
8119,66879,38260,74998,46379,105139,0
4454,27185,57892,31639,62346,85077,0
24542,97132,17155,121674,41697,114287,0
77195,3344,25796,80539,102991,29140,0
45528,83126,16321,128654,61849,99447,0
15917,27678,98257,43595,114174,125935,0
59214,32580,25858,91794,85072,58438,0
43867,55102,65979,98969,109846,121081,1
66427,12768,67079,79195,133506,79847,1
71669,31772,4277,103441,75946,36049,0
8612,66865,24376,75477,32988,91241,0
37358,76286,68353,113644,105711,144639,1
1977,89742,10019,91719,11996,99761,0
49712,61361,60098,111073,109810,121459,1
32438,64825,25568,97263,58006,90393,0
29352,39551,83632,68903,112984,123183,0
55606,76948,62587,132554,118193,139535,1
89048,95509,65278,184557,154326,160787,1
10735,16863,17278,27598,28013,34141,1
48955,3362,18190,52317,67145,21552,0
62281,54937,79734,117218,142015,134671,1
92118,79370,52603,171488,144721,131973,1
93093,21269,54256,114362,147349,75525,0
63128,19790,12983,82918,76111,32773,0
42682,5560,80189,48242,122871,85749,0
10308,17631,30879,27939,41187,48510,0
44253,85534,54876,129787,99129,140410,1
86795,87498,95083,174293,181878,182581,1
5978,31246,8346,37224,14324,39592,0
17946,31094,68710,49040,86656,99804,0
65612,19610,68999,85222,134611,88609,1
7676,20753,2964,28429,10640,23717,0
65459,53221,68753,118680,134212,121974,1
2566,57295,98433,59861,100999,155728,0
39802,33979,97555,73781,137357,131534,0
76934,19971,97388,96905,174322,117359,0
56757,95946,69726,152703,126483,165672,1
11562,27671,8935,39233,20497,36606,0
41342,1466,94938,42808,136280,96404,0
54879,93483,94557,148362,149436,188040,1
5741,45313,16872,51054,22613,62185,0
33682,60812,99169,94494,132851,159981,0
52719,39355,8306,92074,61025,47661,0
51108,19226,73246,70334,124354,92472,0
49589,4382,38669,53971,88258,43051,0
79412,38661,74890,118073,154302,113551,1
22328,81308,51034,103636,73362,132342,0
95953,99108,19805,195061,115758,118913,1
96393,96150,27338,192543,123731,123488,1
45506,85535,31434,131041,76940,116969,0
85478,95611,29841,181089,115319,125452,1
51062,57449,171,108511,51233,57620,0
24474,53759,26354,78233,50828,80113,0
70150,63291,28783,133441,98933,92074,1
29391,65301,86515,94692,115906,151816,1
67487,88322,63850,155809,131337,152172,1
72452,97345,2072,169797,74524,99417,0
4796,50263,50592,55059,55388,100855,1
62118,70156,53771,132274,115889,123927,1
7796,66304,83989,74100,91785,150293,0
38305,60272,66313,98577,104618,126585,1
89809,56750,52391,146559,142200,109141,1
51588,84501,97611,136089,149199,182112,1
60366,87471,79091,147837,139457,166562,1
92781,47197,71553,139978,164334,118750,1
93441,95972,7359,189413,100800,103331,1
20371,97897,80085,118268,100456,177982,1
30186,72195,81117,102381,111303,153312,1
64718,62665,9627,127383,74345,72292,1
90293,12765,20350,103058,110643,33115,0
75471,22547,51745,98018,127216,74292,0
40700,4615,83679,45315,124379,88294,0
1141,66600,39318,67741,40459,105918,0
22053,55534,41730,77587,63783,97264,1
70969,27570,30686,98539,101655,58256,0
48247,88415,29074,136662,77321,117489,0
38290,95746,94466,134036,132756,190212,1
70984,49068,46359,120052,117343,95427,1
30585,10163,55575,40748,86160,65738,0
99634,26475,49331,126109,148965,75806,0
39646,65187,76576,104833,116222,141763,1
52408,26320,23324,78728,75732,49644,0
73935,94216,87393,168151,161328,181609,1
39414,62583,28113,101997,67527,90696,1
27077,80439,83087,107516,110164,163526,1
25113,96985,1443,122098,26556,98428,0
10900,18832,49599,29732,60499,68431,0
2212,87855,64473,90067,66685,152328,0
69710,70934,41809,140644,111519,112743,1
54295,57102,82210,111397,136505,139312,1
53849,31118,82886,84967,136735,114004,1
86121,57565,81674,143686,167795,139239,1
49767,69174,5979,118941,55746,75153,0
22230,76791,34991,99021,57221,111782,0
41104,18770,97891,59874,138995,116661,0
78064,16076,67060,94140,145124,83136,1
9486,18450,15755,27936,25241,34205,1
10301,17405,94285,27706,104586,111690,0
9610,42417,43990,52027,53600,86407,1
71354,97184,38177,168538,109531,135361,1
37900,46879,72652,84779,110552,119531,1
12628,23909,42664,36537,55292,66573,0
30693,39714,86006,70407,116699,125720,0
90111,62739,49495,152850,139606,112234,1
89820,80982,52235,170802,142055,133217,1
41546,1025,36769,42571,78315,37794,0
78359,78930,4472,157289,82831,83402,1
51852,62156,94052,114008,145904,156208,1
85954,92405,33477,178359,119431,125882,1
91039,40880,24830,131919,115869,65710,0
78350,36421,24114,114771,102464,60535,0
41419,10439,94030,51858,135449,104469,0
97933,25259,89597,123192,187530,114856,1
37434,51572,19002,89006,56436,70574,1
19179,95518,60484,114697,79663,156002,0
38323,22862,25765,61185,64088,48627,1
82098,51812,94057,133910,176155,145869,1
19511,48401,5132,67912,24643,53533,0
83640,20287,40518,103927,124158,60805,0
52320,61031,14449,113351,66769,75480,1
19364,74788,85276,94152,104640,160064,1
71549,37440,29805,108989,101354,67245,0
36703,12094,41652,48797,78355,53746,1
10915,75741,84003,86656,94918,159744,1
27346,43033,52266,70379,79612,95299,1
53458,41602,5268,95060,58726,46870,0
45692,34041,54630,79733,100322,88671,1
39466,64831,56123,104297,95589,120954,1
89572,99481,76060,189053,165632,175541,1
29593,59408,62583,89001,92176,121991,1
50588,14396,71420,64984,122008,85816,0
16482,25293,35495,41775,51977,60788,1
48106,9220,32701,57326,80807,41921,0
43129,91615,34307,134744,77436,125922,0
95414,18304,85082,113718,180496,103386,1
61400,23201,65194,84601,126594,88395,1
9491,89250,35782,98741,45273,125032,0
8680,32211,37080,40891,45760,69291,1
13014,83637,20391,96651,33405,104028,0
99361,881,14275,100242,113636,15156,0
82285,50411,62729,132696,145014,113140,1
93992,88461,2804,182453,96796,91265,0
97600,51415,37109,149015,134709,88524,0
86696,62097,62737,148793,149433,124834,1
21530,31715,26079,53245,47609,57794,1
25092,19539,59249,44631,84341,78788,0
44026,77564,45695,121590,89721,123259,1
67704,86311,43586,154015,111290,129897,1
19695,1964,38767,21659,58462,40731,0
94059,36378,51281,130437,145340,87659,0
43014,79811,6741,122825,49755,86552,0
87737,51386,65536,139123,153273,116922,1
50374,56137,27960,106511,78334,84097,1
93176,13625,17478,106801,110654,31103,0
67446,96650,5248,164096,72694,101898,0
66283,37282,70391,103565,136674,107673,1
11512,23325,25275,34837,36787,48600,1
66950,13692,13528,80642,80478,27220,0
73681,32283,84459,105964,158140,116742,1
44259,48728,27668,92987,71927,76396,1
20461,17766,81524,38227,101985,99290,0
28782,31864,60363,60646,89145,92227,1
86848,80841,85985,167689,172833,166826,1
69104,8646,26003,77750,95107,34649,0
51044,71444,32087,122488,83131,103531,1
17639,53156,5419,70795,23058,58575,0
55490,28536,20679,84026,76169,49215,0
9338,6619,44820,15957,54158,51439,0
56313,49025,3041,105338,59354,52066,0
2030,73796,26736,75826,28766,100532,0
73914,58717,42656,132631,116570,101373,1
50006,13969,34911,63975,84917,48880,0
70075,44130,64605,114205,134680,108735,1
44881,96079,74294,140960,119175,170373,1
20201,40023,60309,60224,80510,100332,0
56769,46556,328,103325,57097,46884,0
40697,13941,13457,54638,54154,27398,0
12121,15039,4337,27160,16458,19376,1
58144,91630,96728,149774,154872,188358,1
81623,77162,96335,158785,177958,173497,1
94152,22709,37599,116861,131751,60308,0
21768,39717,29717,61485,51485,69434,1
22525,86690,94340,109215,116865,181030,1
16342,50235,39122,66577,55464,89357,1
26599,24968,46261,51567,72860,71229,1
4381,29866,73107,34247,77488,102973,0
10574,65452,53381,76026,63955,118833,0
10306,57706,54733,68012,65039,112439,1
10342,34040,41692,44382,52034,75732,1
36831,62183,74040,99014,110871,136223,1
9051,55105,49836,64156,58887,104941,1
37405,29758,24631,67163,62036,54389,1
64588,24407,65155,88995,129743,89562,1
51796,70684,11700,122480,63496,82384,0
79310,47904,89739,127214,169049,137643,1
79853,40467,965,120320,80818,41432,0
18303,6407,27255,24710,45558,33662,0
37074,56544,10371,93618,47445,66915,0
90546,25491,67625,116037,158171,93116,1
91299,90013,18483,181312,109782,108496,1
45965,12857,50236,58822,96201,63093,1
10210,15950,95187,26160,105397,111137,0
67207,45783,48163,112990,115370,93946,1
75209,98253,83130,173462,158339,181383,1
43281,3284,83333,46565,126614,86617,0
87758,92046,36565,179804,124323,128611,1
61149,79215,20908,140364,82057,100123,1
46333,74455,2515,120788,48848,76970,0
64684,62980,43214,127664,107898,106194,1
52658,49023,15708,101681,68366,64731,1
39508,42283,73587,81791,113095,115870,1
37396,56309,54821,93705,92217,111130,1
8304,27438,15474,35742,23778,42912,0
90840,46639,20238,137479,111078,66877,0
81580,80786,9625,162366,91205,90411,1
98367,91285,14076,189652,112443,105361,1
8928,60545,79901,69473,88829,140446,0
19239,91520,9605,110759,28844,101125,0
79939,65881,22184,145820,102123,88065,1
66519,92020,21615,158539,88134,113635,0
90357,97497,75378,187854,165735,172875,1
58216,3972,97182,62188,155398,101154,0
92434,46310,5537,138744,97971,51847,0
28658,74765,26087,103423,54745,100852,0
95331,24045,54856,119376,150187,78901,0
21993,98192,86304,120185,108297,184496,1
66996,27983,62833,94979,129829,90816,1
13075,87054,11052,100129,24127,98106,0
54446,93245,82988,147691,137434,176233,1
80847,54934,73760,135781,154607,128694,1
13876,43161,93848,57037,107724,137009,0
50656,43441,51642,94097,102298,95083,1
99635,52193,51949,151828,151584,104142,1
77167,98855,5991,176022,83158,104846,0
32392,97135,42494,129527,74886,139629,0
56089,63242,19451,119331,75540,82693,1
11814,66086,41624,77900,53438,107710,0
1771,70809,3115,72580,4886,73924,0
85923,41898,60514,127821,146437,102412,1
48660,30872,50751,79532,99411,81623,1
8844,83342,30536,92186,39380,113878,0
37066,44110,92696,81176,129762,136806,0
90653,97134,39212,187787,129865,136346,1
63229,12607,98252,75836,161481,110859,0
36322,43992,69014,80314,105336,113006,1
90365,63552,77607,153917,167972,141159,1
61089,47280,26702,108369,87791,73982,1
70634,42647,93446,113281,164080,136093,1
88877,46231,15588,135108,104465,61819,0
15367,39079,63889,54446,79256,102968,0
80425,24587,39440,105012,119865,64027,0
19630,95183,69476,114813,89106,164659,0
85991,5849,53907,91840,139898,59756,0
6911,59868,17568,66779,24479,77436,0
68801,48103,55954,116904,124755,104057,1
49484,29061,39398,78545,88882,68459,1
59119,53857,57300,112976,116419,111157,1
23521,6348,99353,29869,122874,105701,0
40430,53576,97899,94006,138329,151475,0
2574,77612,64393,80186,66967,142005,0
16902,56647,90255,73549,107157,146902,0
35416,13332,79971,48748,115387,93303,0
75936,44675,34551,120611,110487,79226,1
98315,46653,83086,144968,181401,129739,1
1705,48280,187,49985,1892,48467,0
51745,45054,56184,96799,107929,101238,1
32519,70554,92287,103073,124806,162841,1
62281,73063,45588,135344,107869,118651,1
22737,38934,58696,61671,81433,97630,1
18927,77666,25860,96593,44787,103526,0
58631,481,67015,59112,125646,67496,0
15581,18726,59832,34307,75413,78558,0
68237,15150,22081,83387,90318,37231,0
92144,41390,74160,133534,166304,115550,1
62875,27407,79105,90282,141980,106512,1
13569,26815,53225,40384,66794,80040,0
57213,52808,40837,110021,98050,93645,1
87625,22900,5687,110525,93312,28587,0
30068,77162,42304,107230,72372,119466,0
40738,26119,1130,66857,41868,27249,0
5034,32887,78855,37921,83889,111742,0
20060,663,86861,20723,106921,87524,0
81731,86676,8264,168407,89995,94940,1
46977,77933,94374,124910,141351,172307,1
58183,18530,91860,76713,150043,110390,0
3301,58265,96664,61566,99965,154929,0
3301,40212,75273,43513,78574,115485,0
34872,55101,53861,89973,88733,108962,1
41238,77787,26549,119025,67787,104336,0
72305,60861,40060,133166,112365,100921,1
87340,25377,16967,112717,104307,42344,0
39819,36815,39472,76634,79291,76287,1
55340,38578,28178,93918,83518,66756,1
52418,4062,84769,56480,137187,88831,0
17437,85092,13423,102529,30860,98515,0
26422,40903,6792,67325,33214,47695,0
67578,57013,10386,124591,77964,67399,0
78557,5981,32136,84538,110693,38117,0
88432,77626,17947,166058,106379,95573,1
69323,78815,73565,148138,142888,152380,1
5307,70827,18848,76134,24155,89675,0
70848,16841,10980,87689,81828,27821,0
8220,82429,42498,90649,50718,124927,0
49431,84856,76735,134287,126166,161591,1
58460,6,81945,58466,140405,81951,0
94551,94901,2426,189452,96977,97327,1
67090,826,726,67916,67816,1552,0
54035,75135,32350,129170,86385,107485,1
72516,94647,66324,167163,138840,160971,1
67795,84656,74192,152451,141987,158848,1
30430,73698,53163,104128,83593,126861,1
70763,24404,28797,95167,99560,53201,0
36581,77430,84252,114011,120833,161682,1
21080,54687,52735,75767,73815,107422,1
93353,22767,42877,116120,136230,65644,0
47021,92576,78618,139597,125639,171194,1
40151,63357,40888,103508,81039,104245,1
28977,64379,68861,93356,97838,133240,1
48424,12483,76947,60907,125371,89430,0
44065,20611,78814,64676,122879,99425,0
45656,7271,88405,52927,134061,95676,0
6856,67271,51918,74127,58774,119189,0
2145,48252,88715,50397,90860,136967,0
50289,30794,28333,81083,78622,59127,1
65855,814,37608,66669,103463,38422,0
73042,48431,85093,121473,158135,133524,1
61479,23647,14906,85126,76385,38553,0
28049,41648,47577,69697,75626,89225,1
32539,65736,86947,98275,119486,152683,1
75400,5329,29658,80729,105058,34987,0
79993,19353,166,99346,80159,19519,0
12017,2015,55237,14032,67254,57252,0
84012,50688,59165,134700,143177,109853,1
98439,57954,36789,156393,135228,94743,0
69548,36845,94838,106393,164386,131683,1
458,13090,7870,13548,8328,20960,0
77915,11273,35349,89188,113264,46622,0
88987,7255,70750,96242,159737,78005,0
94201,85763,79611,179964,173812,165374,1
80958,23488,36120,104446,117078,59608,0
8039,31876,77068,39915,85107,108944,0
72347,11606,44732,83953,117079,56338,0
37227,74650,43659,111877,80886,118309,1
14467,7078,92189,21545,106656,99267,0
86770,85936,17648,172706,104418,103584,1
41270,69243,95111,110513,136381,164354,1
16268,46841,13741,63109,30009,60582,0
28776,40471,18698,69247,47474,59169,1
38686,75203,83342,113889,122028,158545,1
13621,28011,92169,41632,105790,120180,0
61554,80364,8765,141918,70319,89129,0
16562,53349,97309,69911,113871,150658,0
10240,71647,24314,81887,34554,95961,0
42392,85087,11152,127479,53544,96239,0
33235,3234,10325,36469,43560,13559,0
47792,29807,50009,77599,97801,79816,1
10360,17848,67942,28208,78302,85790,0
31196,84968,64079,116164,95275,149047,1
84291,91658,56627,175949,140918,148285,1
79798,40306,34614,120104,114412,74920,0
36485,64453,71434,100938,107919,135887,1
65783,82451,10882,148234,76665,93333,0
42064,71042,57001,113106,99065,128043,1
43754,52113,16819,95867,60573,68932,1
24791,43363,35100,68154,59891,78463,1
30231,59611,67820,89842,98051,127431,1
74133,67400,41620,141533,115753,109020,1
26389,69986,45401,96375,71790,115387,1
80966,27750,85284,108716,166250,113034,1
48536,20357,4838,68893,53374,25195,0
43913,75314,58730,119227,102643,134044,1
91216,2977,11189,94193,102405,14166,0
84535,7682,52973,92217,137508,60655,0
68271,97858,48176,166129,116447,146034,1
35015,99715,78652,134730,113667,178367,1
69996,94564,37925,164560,107921,132489,1
22875,95722,80831,118597,103706,176553,1
21955,17185,29173,39140,51128,46358,1
19208,68501,94591,87709,113799,163092,0
84169,96206,53467,180375,137636,149673,1
14481,1438,9022,15919,23503,10460,0
77959,11205,28933,89164,106892,40138,0
43376,60739,61911,104115,105287,122650,1
19915,20750,91615,40665,111530,112365,0
90589,59151,64804,149740,155393,123955,1
47889,20471,77384,68360,125273,97855,0
24889,59343,9068,84232,33957,68411,0
75425,58492,58278,133917,133703,116770,1
29015,16456,31985,45471,61000,48441,1
88332,87021,90411,175353,178743,177432,1
49325,50809,35421,100134,84746,86230,1
30297,95946,15037,126243,45334,110983,0
32719,17276,45376,49995,78095,62652,1
73662,80782,29763,154444,103425,110545,1
90923,68756,95109,159679,186032,163865,1
93610,72174,32581,165784,126191,104755,1
49370,75194,40807,124564,90177,116001,1
74080,74310,56998,148390,131078,131308,1
69097,51813,15665,120910,84762,67478,0
72901,29476,93754,102377,166655,123230,1
93384,54209,36110,147593,129494,90319,0
30626,12352,52097,42978,82723,64449,0
71700,72680,51799,144380,123499,124479,1
30780,12071,7535,42851,38315,19606,0
42128,59639,7721,101767,49849,67360,0
88434,71493,96328,159927,184762,167821,1
59634,81327,90724,140961,150358,172051,1
81165,23148,2095,104313,83260,25243,0
10801,51755,30440,62556,41241,82195,0
939,29903,80181,30842,81120,110084,0
49657,70779,43877,120436,93534,114656,1
64379,55903,35755,120282,100134,91658,1
57323,57210,16992,114533,74315,74202,1
62453,4681,14462,67134,76915,19143,0
19982,89971,8724,109953,28706,98695,0
27784,84668,30274,112452,58058,114942,0
71286,79400,95773,150686,167059,175173,1
10588,23892,84602,34480,95190,108494,0
60935,62174,50358,123109,111293,112532,1
81800,99396,86927,181196,168727,186323,1
17433,78641,87535,96074,104968,166176,1
59853,32739,67271,92592,127124,100010,1
33801,8191,44666,41992,78467,52857,0
41736,47643,81500,89379,123236,129143,1
80167,81915,11458,162082,91625,93373,1
69734,90596,64230,160330,133964,154826,1
5925,53756,44202,59681,50127,97958,0
80186,15387,17579,95573,97765,32966,0
72320,2687,16460,75007,88780,19147,0
2891,16491,15715,19382,18606,32206,1
96059,93813,98650,189872,194709,192463,1
85811,65053,51146,150864,136957,116199,1
47935,56363,29349,104298,77284,85712,1
999,51810,53366,52809,54365,105176,0
20719,66347,31576,87066,52295,97923,0
62078,68599,5288,130677,67366,73887,0
81662,792,53438,82454,135100,54230,0
30206,33594,17300,63800,47506,50894,1
85814,27973,27209,113787,113023,55182,0
26416,1082,40578,27498,66994,41660,0
84622,42348,62754,126970,147376,105102,1
80074,84761,44797,164835,124871,129558,1
39409,41165,66155,80574,105564,107320,1
73171,92337,32192,165508,105363,124529,1
62903,98785,35854,161688,98757,134639,0
32606,40617,68151,73223,100757,108768,1
9254,67131,59730,76385,68984,126861,1
51513,23226,84133,74739,135646,107359,0
14446,64060,70064,78506,84510,134124,1
31127,90543,58796,121670,89923,149339,0
88641,34733,26886,123374,115527,61619,0
89824,87046,97061,176870,186885,184107,1
14712,66759,23633,81471,38345,90392,0
95910,79703,79673,175613,175583,159376,1
13139,84070,11738,97209,24877,95808,0
40136,53747,28846,93883,68982,82593,1
48115,2105,6077,50220,54192,8182,0
94253,47797,54124,142050,148377,101921,1
71646,29960,45523,101606,117169,75483,1
28893,98935,61320,127828,90213,160255,0
38917,98541,65124,137458,104041,163665,1
59769,99673,62082,159442,121851,161755,1
95586,33631,29921,129217,125507,63552,0
24538,86134,58381,110672,82919,144515,0
49076,62113,89684,111189,138760,151797,1
35364,16175,22864,51539,58228,39039,1
27511,4598,76548,32109,104059,81146,0
17774,28973,18190,46747,35964,47163,1
25367,38567,63029,63934,88396,101596,1
78976,94434,14672,173410,93648,109106,0
4668,52513,6847,57181,11515,59360,0
63778,13779,45653,77557,109431,59432,0
7509,39864,8172,47373,15681,48036,0
72080,86369,72290,158449,144370,158659,1
90730,97137,15452,187867,106182,112589,1
93989,87009,50240,180998,144229,137249,1
99237,24245,21939,123482,121176,46184,0
95975,50560,94058,146535,190033,144618,1
98182,10809,51058,108991,149240,61867,0
26942,22453,89601,49395,116543,112054,0
90232,72014,37127,162246,127359,109141,1
21160,74223,64372,95383,85532,138595,1
42627,63736,8075,106363,50702,71811,0
65262,9662,68378,74924,133640,78040,1
98569,87949,61590,186518,160159,149539,1
22450,75840,60676,98290,83126,136516,1
44745,81581,45773,126326,90518,127354,1
27,56308,84329,56335,84356,140637,0
45555,2649,61696,48204,107251,64345,0
47833,33580,49223,81413,97056,82803,1
66394,43828,59078,110222,125472,102906,1
64566,14643,701,79209,65267,15344,0
33983,35657,19768,69640,53751,55425,1
26488,28808,12292,55296,38780,41100,1
24129,37038,4450,61167,28579,41488,0
42563,39122,8193,81685,50756,47315,1
1659,66300,46269,67959,47928,112569,0
88189,24681,48115,112870,136304,72796,0
35992,14317,22537,50309,58529,36854,1
20758,88421,79811,109179,100569,168232,1
93246,36997,34254,130243,127500,71251,0
46547,82010,37191,128557,83738,119201,1
67549,18738,74613,86287,142162,93351,1
44399,17046,73507,61445,117906,90553,0
22953,45297,66893,68250,89846,112190,1
39451,26685,48667,66136,88118,75352,1
65052,28633,5958,93685,71010,34591,0
9080,83072,13748,92152,22828,96820,0
94455,67573,2370,162028,96825,69943,0
95912,74409,18993,170321,114905,93402,0
60049,66451,61525,126500,121574,127976,1
18160,75920,90695,94080,108855,166615,1
91490,37726,84706,129216,176196,122432,1
77100,89507,55756,166607,132856,145263,1
57770,98197,47130,155967,104900,145327,1
59524,17507,35585,77031,95109,53092,0
91261,66793,33565,158054,124826,100358,1
92159,96701,61549,188860,153708,158250,1
86032,40285,36816,126317,122848,77101,0
55756,63104,48795,118860,104551,111899,1
13350,72999,50991,86349,64341,123990,0
60043,58603,14963,118646,75006,73566,1
28360,75174,39675,103534,68035,114849,0
39573,40395,36536,79968,76109,76931,1
88658,21801,57916,110459,146574,79717,0
30392,31714,28145,62106,58537,59859,1
22655,85970,63743,108625,86398,149713,1
98801,12933,84438,111734,183239,97371,0
82042,51476,35034,133518,117076,86510,1
10752,59477,11742,70229,22494,71219,0
89430,23505,90076,112935,179506,113581,1
57521,1646,62962,59167,120483,64608,0
88808,85754,6862,174562,95670,92616,1
43420,63690,92927,107110,136347,156617,1
87502,86385,96212,173887,183714,182597,1
39320,87400,58345,126720,97665,145745,1
67005,51505,81091,118510,148096,132596,1
94938,85330,89418,180268,184356,174748,1
7301,43728,38102,51029,45403,81830,1
59771,28695,45272,88466,105043,73967,1
93165,41442,39049,134607,132214,80491,0
8136,38364,40886,46500,49022,79250,1
45092,6967,80138,52059,125230,87105,0
81190,12244,56701,93434,137891,68945,0
86479,70313,84077,156792,170556,154390,1
83276,62402,86689,145678,169965,149091,1
58786,53432,67909,112218,126695,121341,1
35978,54246,31067,90224,67045,85313,1
48327,83176,75758,131503,124085,158934,1
28621,77602,31112,106223,59733,108714,0
30494,67484,85721,97978,116215,153205,1
43677,87320,51547,130997,95224,138867,1
95139,63170,68743,158309,163882,131913,1
30294,80487,87283,110781,117577,167770,1
55295,26874,26408,82169,81703,53282,0
76213,59353,1557,135566,77770,60910,0
23368,79637,7673,103005,31041,87310,0
90100,12983,23537,103083,113637,36520,0
78348,75077,10526,153425,88874,85603,1
11347,95620,80658,106967,92005,176278,0
53314,50751,78629,104065,131943,129380,1
39390,17992,83147,57382,122537,101139,0
41119,88073,12647,129192,53766,100720,0
4125,33399,65056,37524,69181,98455,0
86789,50266,81152,137055,167941,131418,1
61243,53772,50694,115015,111937,104466,1
43506,58374,97978,101880,141484,156352,1
48270,57101,2839,105371,51109,59940,0
80543,39416,70058,119959,150601,109474,1
67667,61887,92177,129554,159844,154064,1
546,19757,73378,20303,73924,93135,0
27980,2434,34860,30414,62840,37294,0
63759,25585,46397,89344,110156,71982,1
68270,29066,74255,97336,142525,103321,1
23591,92815,17338,116406,40929,110153,0
21144,77850,2341,98994,23485,80191,0
99881,48715,2083,148596,101964,50798,0
30678,19742,269,50420,30947,20011,0
50403,89379,49195,139782,99598,138574,1
45665,28117,61445,73782,107110,89562,1
28059,67849,99276,95908,127335,167125,0
56735,66371,77303,123106,134038,143674,1
21856,15417,59037,37273,80893,74454,0
61218,42704,35394,103922,96612,78098,1
80630,19454,95852,100084,176482,115306,1
15171,66116,67648,81287,82819,133764,1
63434,82535,5292,145969,68726,87827,0
91183,41026,68579,132209,159762,109605,1
96870,91382,24391,188252,121261,115773,1
47986,53408,85711,101394,133697,139119,1
45325,55998,91547,101323,136872,147545,1
85613,44980,15403,130593,101016,60383,0
94945,55253,30210,150198,125155,85463,0
21003,7552,4685,28555,25688,12237,0
28796,43591,51031,72387,79827,94622,1
12943,58438,31622,71381,44565,90060,0
78862,62260,13421,141122,92283,75681,0
96225,52845,64255,149070,160480,117100,1
82745,26822,59086,109567,141831,85908,1
59158,3729,55220,62887,114378,58949,0
61834,13181,64598,75015,126432,77779,1
83203,89695,25966,172898,109169,115661,1
31683,90016,72144,121699,103827,162160,1
24037,26034,47938,50071,71975,73972,1
57921,30640,44798,88561,102719,75438,1
13105,8421,35345,21526,48450,43766,0
98680,73140,29462,171820,128142,102602,1
16678,984,98968,17662,115646,99952,0
62379,66227,9548,128606,71927,75775,1
10065,25800,6630,35865,16695,32430,0
80190,35728,69553,115918,149743,105281,1
71653,28617,30489,100270,102142,59106,0
21163,98384,34835,119547,55998,133219,0
2750,91082,60387,93832,63137,151469,0
64338,99780,25341,164118,89679,125121,0
1191,38347,72055,39538,73246,110402,0
67715,15898,11370,83613,79085,27268,0
7598,53871,43718,61469,51316,97589,0
20285,3389,39623,23674,59908,43012,0
17587,81393,58127,98980,75714,139520,0
33178,1918,524,35096,33702,2442,0
10018,62957,78618,72975,88636,141575,0
48164,43389,99686,91553,147850,143075,0
75975,43395,68016,119370,143991,111411,1
51493,32150,76065,83643,127558,108215,1
1578,32380,99452,33958,101030,131832,0
88831,68135,7544,156966,96375,75679,0
89918,85313,58640,175231,148558,143953,1
13118,15318,34500,28436,47618,49818,0
28438,68796,54300,97234,82738,123096,1
76682,89848,34231,166530,110913,124079,1
16736,40236,39186,56972,55922,79422,1
61001,45632,25024,106633,86025,70656,1
18713,85683,31837,104396,50550,117520,0
51442,6266,67176,57708,118618,73442,0
63548,50120,13296,113668,76844,63416,0
72298,60536,42545,132834,114843,103081,1
4938,57715,81543,62653,86481,139258,0
74220,24740,49523,98960,123743,74263,1
35634,71085,20666,106719,56300,91751,0
75353,69286,30653,144639,106006,99939,1
68386,60764,17203,129150,85589,77967,1
42346,49939,34829,92285,77175,84768,1
6712,84482,97264,91194,103976,181746,0
41592,14857,25265,56449,66857,40122,0
6174,51980,7389,58154,13563,59369,0
32070,42425,31727,74495,63797,74152,1
50802,25927,64193,76729,114995,90120,1
53797,86856,2932,140653,56729,89788,0
86650,9748,18997,96398,105647,28745,0
40052,17737,40310,57789,80362,58047,1
10882,18806,51798,29688,62680,70604,0
51977,95271,60418,147248,112395,155689,1
81857,88093,23819,169950,105676,111912,1
93034,16225,90262,109259,183296,106487,1
53096,3182,67391,56278,120487,70573,0
79357,49432,58778,128789,138135,108210,1
74298,94518,39632,168816,113930,134150,1
60010,41424,33334,101434,93344,74758,1
699,38852,34061,39551,34760,72913,0
3996,37268,48838,41264,52834,86106,0
47039,35464,85726,82503,132765,121190,0
40649,71599,67393,112248,108042,138992,1
92106,64794,28778,156900,120884,93572,1
11714,12560,88975,24274,100689,101535,0
43533,22308,48484,65841,92017,70792,1
8836,77355,39422,86191,48258,116777,0
82605,42441,32003,125046,114608,74444,0
38890,93145,43684,132035,82574,136829,0
84544,91836,2236,176380,86780,94072,0
24438,91659,56114,116097,80552,147773,0
39129,17597,18125,56726,57254,35722,0
62852,87861,21257,150713,84109,109118,0
76609,12579,9371,89188,85980,21950,0
403,40252,52834,40655,53237,93086,0
32767,23177,42437,55944,75204,65614,1
84116,19942,51473,104058,135589,71415,0
55270,27658,84115,82928,139385,111773,0
30239,10205,70203,40444,100442,80408,0
67432,33895,32399,101327,99831,66294,0
65989,46120,4404,112109,70393,50524,0
92359,23922,78255,116281,170614,102177,1
33276,18918,68231,52194,101507,87149,0
80187,1610,19256,81797,99443,20866,0
10575,66815,95430,77390,106005,162245,0
72184,24342,87347,96526,159531,111689,1
63126,82057,8729,145183,71855,90786,0
81919,83368,76254,165287,158173,159622,1
33433,1381,47402,34814,80835,48783,0
42379,33650,90378,76029,132757,124028,0
57074,32303,32845,89377,89919,65148,1
11590,12756,67456,24346,79046,80212,0
28630,72349,54600,100979,83230,126949,1
55554,96286,58902,151840,114456,155188,1
86013,32581,20841,118594,106854,53422,0
71713,21926,34261,93639,105974,56187,0
73873,51205,65834,125078,139707,117039,1
25495,49099,85722,74594,111217,134821,0
92674,29943,80517,122617,173191,110460,1
36886,47613,83241,84499,120127,130854,1
37141,30234,9998,67375,47139,40232,1
90127,59883,49274,150010,139401,109157,1
23946,77156,48755,101102,72701,125911,0
76954,2539,11846,79493,88800,14385,0
74242,68650,26332,142892,100574,94982,1
19292,21365,77187,40657,96479,98552,0
54623,49336,60664,103959,115287,110000,1
73017,56262,55675,129279,128692,111937,1
78827,58993,80359,137820,159186,139352,1
44580,64234,21032,108814,65612,85266,1
55017,203,52882,55220,107899,53085,0
32115,75100,92349,107215,124464,167449,1
57896,86827,78927,144723,136823,165754,1
11573,2481,5278,14054,16851,7759,0
46067,20862,62785,66929,108852,83647,1
27867,30508,33839,58375,61706,64347,1
76168,93805,81161,169973,157329,174966,1
31445,77002,60192,108447,91637,137194,1
7948,20086,35063,28034,43011,55149,0
63317,85933,82654,149250,145971,168587,1
92103,36537,47023,128640,139126,83560,0
40153,94617,18134,134770,58287,112751,0
74612,12025,58100,86637,132712,70125,0
65777,98909,39693,164686,105470,138602,1
31434,58779,67380,90213,98814,126159,1
34211,38990,52458,73201,86669,91448,1
35427,65533,40385,100960,75812,105918,1
65934,52915,88899,118849,154833,141814,1
37017,5861,19724,42878,56741,25585,0
75901,65525,9628,141426,85529,75153,0
86571,87121,83601,173692,170172,170722,1
34498,32886,77460,67384,111958,110346,0
60584,44895,37181,105479,97765,82076,1
67235,53609,17016,120844,84251,70625,1
47351,28800,68674,76151,116025,97474,1
38910,93526,50408,132436,89318,143934,0
16779,19107,24507,35886,41286,43614,1
90580,77999,29542,168579,120122,107541,1
16245,74875,46781,91120,63026,121656,0
89310,37925,18579,127235,107889,56504,0
32545,27551,18877,60096,51422,46428,1
80196,43662,3931,123858,84127,47593,0
3756,52718,50643,56474,54399,103361,1
1300,87030,51720,88330,53020,138750,0
33508,45363,98717,78871,132225,144080,0
45697,14021,148,59718,45845,14169,0
43944,35710,50171,79654,94115,85881,1
85379,47848,58879,133227,144258,106727,1
37724,53617,94979,91341,132703,148596,0
26216,71546,88829,97762,115045,160375,1
21787,77312,73860,99099,95647,151172,1
34211,83565,34662,117776,68873,118227,0
89140,26965,66726,116105,155866,93691,1
9940,64975,61302,74915,71242,126277,1
97996,84741,87493,182737,185489,172234,1
19237,73643,71627,92880,90864,145270,1
40701,27480,58359,68181,99060,85839,1
59247,56804,65939,116051,125186,122743,1
80144,65173,65580,145317,145724,130753,1
37401,18774,46973,56175,84374,65747,1
20344,32867,98136,53211,118480,131003,0
37621,57785,90584,95406,128205,148369,1
99629,8854,12985,108483,112614,21839,0
71457,86506,91956,157963,163413,178462,1
35382,20108,98023,55490,133405,118131,0
27793,50136,82914,77929,110707,133050,0
79902,26285,12326,106187,92228,38611,0
13014,66524,15690,79538,28704,82214,0
91937,2053,24914,93990,116851,26967,0
2982,69168,87759,72150,90741,156927,0
67897,85707,13648,153604,81545,99355,0
74871,3054,41556,77925,116427,44610,0
81190,44061,40823,125251,122013,84884,1
98905,15658,46417,114563,145322,62075,0
98211,40073,87768,138284,185979,127841,1
34309,48828,77369,83137,111678,126197,1
7752,6075,38670,13827,46422,44745,0
5180,24007,23568,29187,28748,47575,1
2951,32188,7055,35139,10006,39243,0
23930,11068,69089,34998,93019,80157,0
87419,95068,71392,182487,158811,166460,1
4668,15526,14474,20194,19142,30000,1
77295,11723,93850,89018,171145,105573,0
49237,7402,8683,56639,57920,16085,0
22101,41417,88580,63518,110681,129997,0
44320,43451,12997,87771,57317,56448,1
65216,2658,85266,67874,150482,87924,0
3342,60687,16160,64029,19502,76847,0
69011,42691,62751,111702,131762,105442,1
6549,63079,4512,69628,11061,67591,0
10998,32290,44164,43288,55162,76454,0
59725,80356,44982,140081,104707,125338,1
1919,6413,35614,8332,37533,42027,0
37723,90931,9345,128654,47068,100276,0
49188,77046,65941,126234,115129,142987,1
74536,17783,10244,92319,84780,28027,0
66607,93476,95194,160083,161801,188670,1
59359,1375,55081,60734,114440,56456,0
78490,27742,57492,106232,135982,85234,1
75369,51695,11055,127064,86424,62750,0
10476,38384,74862,48860,85338,113246,0
95383,72700,50863,168083,146246,123563,1
39636,99010,93957,138646,133593,192967,1
57042,37583,61184,94625,118226,98767,1
22680,98786,54106,121466,76786,152892,0
86132,35402,3064,121534,89196,38466,0
81437,10156,91058,91593,172495,101214,1
95870,49893,42138,145763,138008,92031,0
37647,39301,61158,76948,98805,100459,1
15649,9343,64958,24992,80607,74301,0
52447,30989,91952,83436,144399,122941,0
16197,87414,52384,103611,68581,139798,0
50046,95528,72908,145574,122954,168436,1
66862,72528,25564,139390,92426,98092,1
1712,73704,43419,75416,45131,117123,0
49445,70505,2856,119950,52301,73361,0
89944,69976,55183,159920,145127,125159,1
61131,72176,71827,133307,132958,144003,1
71131,36280,90652,107411,161783,126932,1
65608,19658,20740,85266,86348,40398,0
32485,32680,79831,65165,112316,112511,0
98362,77693,77992,176055,176354,155685,1
98152,85311,65717,183463,163869,151028,1
85513,70852,91423,156365,176936,162275,1
8629,57871,20116,66500,28745,77987,0
51088,52684,26119,103772,77207,78803,1
47859,87787,42069,135646,89928,129856,1
13331,57101,39705,70432,53036,96806,0
17173,66894,6383,84067,23556,73277,0
20136,41826,3569,61962,23705,45395,0
65081,65077,87662,130158,152743,152739,1
39494,68649,28440,108143,67934,97089,0
68070,34008,68950,102078,137020,102958,1
8004,4554,98339,12558,106343,102893,0
57748,64710,64692,122458,122440,129402,1
9068,94937,80276,104005,89344,175213,0
64881,97042,10534,161923,75415,107576,0
46970,53771,43035,100741,90005,96806,1
52470,80749,3865,133219,56335,84614,0
28622,71065,84284,99687,112906,155349,1
41960,60896,20060,102856,62020,80956,1
26451,80828,30794,107279,57245,111622,0
17668,86097,96477,103765,114145,182574,1
65445,71490,29065,136935,94510,100555,1
67110,49523,51053,116633,118163,100576,1
96143,76250,19966,172393,116109,96216,1
96798,38795,68097,135593,164895,106892,1
33234,27855,37815,61089,71049,65670,1
87438,73439,26528,160877,113966,99967,1
47763,19368,82301,67131,130064,101669,0
35127,72977,12080,108104,47207,85057,0
2294,77837,29398,80131,31692,107235,0
5075,85006,23541,90081,28616,108547,0
64102,57652,83261,121754,147363,140913,1
38483,9387,19437,47870,57920,28824,0
80608,6341,22777,86949,103385,29118,0
51766,29992,92300,81758,144066,122292,0
17153,12846,63813,29999,80966,76659,0
65600,79901,70591,145501,136191,150492,1
34603,99538,83736,134141,118339,183274,1
94204,42510,34774,136714,128978,77284,0
16004,86412,99398,102416,115402,185810,1
90758,81682,63982,172440,154740,145664,1
96108,36853,64318,132961,160426,101171,1
12291,19139,44007,31430,56298,63146,0
8871,92622,70493,101493,79364,163115,0
17566,8359,46866,25925,64432,55225,0
55867,51207,71249,107074,127116,122456,1
77471,15171,74394,92642,151865,89565,1
51110,34441,91314,85551,142424,125755,0
45956,72469,67484,118425,113440,139953,1
86144,98223,36001,184367,122145,134224,1
57276,12505,56139,69781,113415,68644,1
7473,14052,63104,21525,70577,77156,0
2907,34495,6110,37402,9017,40605,0
34374,25216,94896,59590,129270,120112,0
46395,77793,22177,124188,68572,99970,0
50302,34125,11846,84427,62148,45971,0
8444,18859,1512,27303,9956,20371,0
5736,51532,72661,57268,78397,124193,0
12171,31514,76089,43685,88260,107603,0
75104,55469,47251,130573,122355,102720,1
56992,51718,26504,108710,83496,78222,1
61778,67372,60543,129150,122321,127915,1
43250,98342,92826,141592,136076,191168,1
36052,42437,72037,78489,108089,114474,1
48525,21412,94044,69937,142569,115456,0
59453,43803,20348,103256,79801,64151,1
97696,51293,99198,148989,196894,150491,1
42288,71322,73384,113610,115672,144706,1
79385,82399,49477,161784,128862,131876,1
69076,85127,68157,154203,137233,153284,1
16152,22524,73481,38676,89633,96005,0
2550,75418,51941,77968,54491,127359,0
16102,93328,84352,109430,100454,177680,1
78151,51028,54143,129179,132294,105171,1
72292,94463,57381,166755,129673,151844,1
76965,3911,94119,80876,171084,98030,0
29819,79740,86943,109559,116762,166683,1
76543,53025,14099,129568,90642,67124,0
57555,9030,81151,66585,138706,90181,0
90783,26439,4766,117222,95549,31205,0
20085,88958,34272,109043,54357,123230,0
83517,1412,48355,84929,131872,49767,0
71222,81200,85000,152422,156222,166200,1
46018,74012,53848,120030,99866,127860,1
53556,6086,94502,59642,148058,100588,0
60207,19421,8236,79628,68443,27657,0
47551,32140,95426,79691,142977,127566,0
70503,75174,17610,145677,88113,92784,1
29468,72312,32837,101780,62305,105149,0
95930,3544,9889,99474,105819,13433,0
75667,54045,47496,129712,123163,101541,1
36755,8319,47284,45074,84039,55603,0
13072,40942,1659,54014,14731,42601,0
72222,75076,18654,147298,90876,93730,1
96979,84273,75238,181252,172217,159511,1
97223,41431,3437,138654,100660,44868,0
74562,1249,23633,75811,98195,24882,0
12724,54066,33455,66790,46179,87521,0
28193,76677,6376,104870,34569,83053,0
33544,20249,68171,53793,101715,88420,0
8696,79580,69942,88276,78638,149522,0
79564,15844,11354,95408,90918,27198,0
17385,93578,19169,110963,36554,112747,0
64438,98814,75491,163252,139929,174305,1
13216,56850,29803,70066,43019,86653,0
63730,65574,20528,129304,84258,86102,1
28429,92277,56143,120706,84572,148420,0
15900,42983,83564,58883,99464,126547,0
30859,57819,66156,88678,97015,123975,1
98526,66188,78647,164714,177173,144835,1
11090,61761,54773,72851,65863,116534,1
9707,36302,45572,46009,55279,81874,1
14986,31419,32618,46405,47604,64037,1
18558,62602,89651,81160,108209,152253,0
24618,61919,75661,86537,100279,137580,1
77697,76643,90631,154340,168328,167274,1
21825,39144,57245,60969,79070,96389,1
39497,97166,99530,136663,139027,196696,1
72780,83936,9180,156716,81960,93116,0
41594,88547,30056,130141,71650,118603,0
36923,29149,93524,66072,130447,122673,0
4938,30243,89567,35181,94505,119810,0
22228,25353,1107,47581,23335,26460,0
14099,53,37620,14152,51719,37673,0
33747,37704,6564,71451,40311,44268,1
66840,81305,92432,148145,159272,173737,1
91474,55823,31778,147297,123252,87601,0
10156,63087,86113,73243,96269,149200,0
79338,40612,52584,119950,131922,93196,1
55434,20297,3792,75731,59226,24089,0
87737,60350,4822,148087,92559,65172,0
58445,75600,41235,134045,99680,116835,1
78665,85644,13507,164309,92172,99151,1
64928,27638,1448,92566,66376,29086,0
72193,12610,45837,84803,118030,58447,0
86585,52227,3975,138812,90560,56202,0
610,49224,75449,49834,76059,124673,0
59376,67397,30069,126773,89445,97466,1
71810,5440,75002,77250,146812,80442,1
50612,78471,87255,129083,137867,165726,1
5559,9800,27155,15359,32714,36955,0
10205,47537,76424,57742,86629,123961,0
65416,46022,81607,111438,147023,127629,1
91759,2069,23943,93828,115702,26012,0
23640,52312,70820,75952,94460,123132,1
88238,97783,78413,186021,166651,176196,1
56657,87179,3172,143836,59829,90351,0
77349,57971,31603,135320,108952,89574,1
54129,82563,78015,136692,132144,160578,1
33580,39308,71531,72888,105111,110839,1
55284,98352,88068,153636,143352,186420,1
59956,82564,91741,142520,151697,174305,1
61329,57242,86492,118571,147821,143734,1
77489,37244,42600,114733,120089,79844,1
42597,17028,90742,59625,133339,107770,0
87695,50456,52778,138151,140473,103234,1
51737,44612,66806,96349,118543,111418,1
48088,8376,96371,56464,144459,104747,0
52378,86001,74016,138379,126394,160017,1
55683,72940,11552,128623,67235,84492,0
93343,55013,78211,148356,171554,133224,1
66440,29322,50423,95762,116863,79745,1
39835,90278,44634,130113,84469,134912,0
45321,11680,70298,57001,115619,81978,0
66948,33415,50057,100363,117005,83472,1
40503,15894,96703,56397,137206,112597,0
84377,61201,18844,145578,103221,80045,0
22209,96003,32375,118212,54584,128378,0
36121,24302,35528,60423,71649,59830,1
90683,57440,66137,148123,156820,123577,1
86709,98707,32870,185416,119579,131577,1
99976,2361,72348,102337,172324,74709,0
17872,87715,29563,105587,47435,117278,0
21326,34293,42905,55619,64231,77198,1
49870,17134,65692,67004,115562,82826,1
85483,96336,80765,181819,166248,177101,1
24800,52605,30802,77405,55602,83407,1
56622,14563,15539,71185,72161,30102,0
31730,23492,12821,55222,44551,36313,1
87058,53820,97963,140878,185021,151783,1
75040,26357,95711,101397,170751,122068,1
74216,68962,86246,143178,160462,155208,1
8049,74056,60419,82105,68468,134475,0
36860,66551,97301,103411,134161,163852,1
74069,16887,84917,90956,158986,101804,1
57746,54980,92503,112726,150249,147483,1
38276,49310,6239,87586,44515,55549,0
64857,32100,51212,96957,116069,83312,1
17789,88313,96271,106102,114060,184584,1
15517,7911,64870,23428,80387,72781,0
75664,18341,59856,94005,135520,78197,1
79186,26534,61854,105720,141040,88388,1
87702,39863,27820,127565,115522,67683,0
48005,43779,47033,91784,95038,90812,1
33353,67955,21747,101308,55100,89702,0
52072,44317,89304,96389,141376,133621,1
38439,50758,6425,89197,44864,57183,0
90051,83817,86454,173868,176505,170271,1
29047,11013,52638,40060,81685,63651,0
42706,47056,38642,89762,81348,85698,1
66789,11009,86771,77798,153560,97780,0
48126,86331,25413,134457,73539,111744,0
75632,22311,87689,97943,163321,110000,1
1874,36147,21529,38021,23403,57676,0
99946,22285,67550,122231,167496,89835,0
56960,32395,64779,89355,121739,97174,1
59363,29330,47200,88693,106563,76530,1
11481,22848,15969,34329,27450,38817,1
52053,24500,40798,76553,92851,65298,1
87249,83529,73771,170778,161020,157300,1
9150,56628,27215,65778,36365,83843,0
85010,35374,14296,120384,99306,49670,0
14393,59406,78634,73799,93027,138040,0
77631,75219,81900,152850,159531,157119,1
34391,7756,65852,42147,100243,73608,0
86473,49743,81019,136216,167492,130762,1
36805,86194,48999,122999,85804,135193,0
47715,84433,80167,132148,127882,164600,1
14542,88563,81667,103105,96209,170230,1
57374,33578,95505,90952,152879,129083,0
47836,55622,31560,103458,79396,87182,1
20062,80308,76710,100370,96772,157018,1
42956,60804,84558,103760,127514,145362,1
65553,61840,69923,127393,135476,131763,1
42077,87844,41487,129921,83564,129331,0
41255,48464,74502,89719,115757,122966,1
11189,30459,94623,41648,105812,125082,0
51941,5701,18885,57642,70826,24586,0
43066,1032,36349,44098,79415,37381,0
43264,14096,68007,57360,111271,82103,0
34577,93207,38875,127784,73452,132082,0
24265,9878,76217,34143,100482,86095,0
40827,6894,12918,47721,53745,19812,0
89376,58044,91042,147420,180418,149086,1
92369,28908,54580,121277,146949,83488,0
57288,35773,61144,93061,118432,96917,1
31478,30153,29568,61631,61046,59721,1
18140,28602,10296,46742,28436,38898,0
51663,25900,48775,77563,100438,74675,1
56092,16155,73167,72247,129259,89322,0
84863,16810,38532,101673,123395,55342,0
55263,78014,86557,133277,141820,164571,1
28833,11562,91663,40395,120496,103225,0
24263,92463,41110,116726,65373,133573,0
21738,94487,84418,116225,106156,178905,1
62079,5701,12384,67780,74463,18085,0
10534,51945,45209,62479,55743,97154,1
74524,67634,34884,142158,109408,102518,1
97274,6812,68849,104086,166123,75661,0
58670,46643,2355,105313,61025,48998,0
38960,95787,36439,134747,75399,132226,0
26756,62407,50341,89163,77097,112748,1
16990,28527,43113,45517,60103,71640,1
86707,30613,10750,117320,97457,41363,0
46589,38418,35646,85007,82235,74064,1
25382,32373,35877,57755,61259,68250,1
869,81060,32835,81929,33704,113895,0
79137,55205,35915,134342,115052,91120,1
86864,73586,7951,160450,94815,81537,0
6973,4749,71451,11722,78424,76200,0
74564,78103,39761,152667,114325,117864,1
76605,34699,37438,111304,114043,72137,0
61760,90605,34460,152365,96220,125065,1
60586,4459,10334,65045,70920,14793,0
2527,87221,40675,89748,43202,127896,0
24386,20515,50546,44901,74932,71061,0
51143,65445,93370,116588,144513,158815,1
90607,23515,30146,114122,120753,53661,0
16244,62799,9904,79043,26148,72703,0
82485,22092,69180,104577,151665,91272,1
62077,25024,98584,87101,160661,123608,0
97910,36360,11817,134270,109727,48177,0
94321,11267,58999,105588,153320,70266,0
10363,99829,28550,110192,38913,128379,0
69288,55632,90534,124920,159822,146166,1
4542,77213,21020,81755,25562,98233,0
84910,12891,30778,97801,115688,43669,0
24319,86138,43082,110457,67401,129220,0
52061,63866,54723,115927,106784,118589,1
78067,9527,24317,87594,102384,33844,0
780,42616,92384,43396,93164,135000,0
49546,62409,19072,111955,68618,81481,1
16506,39971,10338,56477,26844,50309,0
70826,26311,41985,97137,112811,68296,0
87544,69759,48519,157303,136063,118278,1
97069,96239,45332,193308,142401,141571,1
61110,65646,53659,126756,114769,119305,1
41567,25497,48981,67064,90548,74478,1
16852,35689,90196,52541,107048,125885,0
4715,93467,82127,98182,86842,175594,0
7428,51143,55559,58571,62987,106702,1
27964,62402,51555,90366,79519,113957,1
96246,65029,99382,161275,195628,164411,1
28109,47351,33700,75460,61809,81051,1
27355,25514,41930,52869,69285,67444,1
22741,25689,7094,48430,29835,32783,1
86386,52885,66904,139271,153290,119789,1
33181,2764,14632,35945,47813,17396,0
85124,81895,82923,167019,168047,164818,1
67956,46583,37220,114539,105176,83803,1
1222,71131,54497,72353,55719,125628,0
78589,64186,17126,142775,95715,81312,1
56433,45516,58848,101949,115281,104364,1
93534,807,2248,94341,95782,3055,0
82014,99046,61357,181060,143371,160403,1
55400,64763,69756,120163,125156,134519,1
23053,28131,51745,51184,74798,79876,0
45915,39704,5437,85619,51352,45141,0
43492,75035,14219,118527,57711,89254,0
38362,71064,10361,109426,48723,81425,0
6634,78966,56705,85600,63339,135671,0
84864,37060,57436,121924,142300,94496,1
1761,96501,22808,98262,24569,119309,0
82104,78915,64414,161019,146518,143329,1
60602,71274,99049,131876,159651,170323,1
76493,25963,90074,102456,166567,116037,1
65119,36187,68809,101306,133928,104996,1
5563,57182,71246,62745,76809,128428,0
33662,24096,13008,57758,46670,37104,1
97559,74966,4901,172525,102460,79867,0
75274,14976,48815,90250,124089,63791,0
35855,14214,69614,50069,105469,83828,0
84871,94278,71000,179149,155871,165278,1
16038,65532,70998,81570,87036,136530,1
11135,35951,52882,47086,64017,88833,0
63263,56349,65803,119612,129066,122152,1
17434,31737,48078,49171,65512,79815,1
19439,3552,66781,22991,86220,70333,0
10408,32731,57131,43139,67539,89862,0
44727,18063,82869,62790,127596,100932,0
27875,5266,36227,33141,64102,41493,0
12345,79340,96039,91685,108384,175379,0
39021,59797,72170,98818,111191,131967,1
5183,51161,51243,56344,56426,102404,1
91654,41251,92100,132905,183754,133351,1
1974,47354,32787,49328,34761,80141,0
73984,84969,43875,158953,117859,128844,1
71726,33160,29281,104886,101007,62441,0
75014,1772,75698,76786,150712,77470,1
59130,92802,96410,151932,155540,189212,1
36239,69862,47416,106101,83655,117278,1
65633,8702,83977,74335,149610,92679,0
79277,86146,66616,165423,145893,152762,1
32722,14336,79864,47058,112586,94200,0
50628,68518,27732,119146,78360,96250,1
70664,8687,33361,79351,104025,42048,0
78186,63938,61088,142124,139274,125026,1
16096,41281,82945,57377,99041,124226,0
96683,52663,30005,149346,126688,82668,0
62857,49583,48939,112440,111796,98522,1
49687,71778,56692,121465,106379,128470,1
44137,99419,72811,143556,116948,172230,1
70112,39756,49606,109868,119718,89362,1
26690,6772,48303,33462,74993,55075,0
82390,75918,13396,158308,95786,89314,1
78780,25075,28487,103855,107267,53562,0
53747,93931,67191,147678,120938,161122,1
13053,44583,10624,57636,23677,55207,0
40282,59317,37560,99599,77842,96877,1
54034,37042,14576,91076,68610,51618,0
70744,88998,43792,159742,114536,132790,1
2947,93653,3066,96600,6013,96719,0
10615,84775,85085,95390,95700,169860,1
93108,88525,1501,181633,94609,90026,0
58966,98472,22851,157438,81817,121323,0
82480,16278,86579,98758,169059,102857,1
95515,17800,87034,113315,182549,104834,1
30342,34212,17362,64554,47704,51574,1
26546,66824,94563,93370,121109,161387,0
900,4300,76533,5200,77433,80833,0
91627,27875,44381,119502,136008,72256,0
37353,84167,5364,121520,42717,89531,0
86386,80609,10343,166995,96729,90952,1
45207,87051,26588,132258,71795,113639,0
82867,89881,35249,172748,118116,125130,1
85321,35827,1697,121148,87018,37524,0
87018,87677,79749,174695,166767,167426,1
44812,54532,96533,99344,141345,151065,1
2524,30683,25282,33207,27806,55965,0
45329,85606,60175,130935,105504,145781,1
20658,26237,50753,46895,71411,76990,0
43113,17157,94952,60270,138065,112109,0
29406,79933,37915,109339,67321,117848,0
30224,40435,41262,70659,71486,81697,1
15950,17447,88683,33397,104633,106130,0
26434,17912,69273,44346,95707,87185,0
26758,92637,45189,119395,71947,137826,0
39729,78703,93703,118432,133432,172406,1
48299,54605,824,102904,49123,55429,0
92144,71364,82027,163508,174171,153391,1
43669,44595,29253,88264,72922,73848,1
19143,36095,30381,55238,49524,66476,1
55101,97524,72836,152625,127937,170360,1
50197,33702,75978,83899,126175,109680,1
95584,42848,17174,138432,112758,60022,0
60969,85814,36962,146783,97931,122776,1
95047,85875,86377,180922,181424,172252,1
14170,19251,5390,33421,19560,24641,1
55774,78979,33095,134753,88869,112074,1
95511,74856,5220,170367,100731,80076,0
68939,318,64779,69257,133718,65097,0
97758,80563,48405,178321,146163,128968,1
24851,87877,98380,112728,123231,186257,1
19855,5911,93779,25766,113634,99690,0
947,13592,21298,14539,22245,34890,0
92416,45574,44325,137990,136741,89899,0
27676,25996,32756,53672,60432,58752,1
47906,91065,44475,138971,92381,135540,1
7247,39212,25182,46459,32429,64394,0
96916,43420,67691,140336,164607,111111,1
33323,40140,21046,73463,54369,61186,1
13473,63266,27794,76739,41267,91060,0
65007,26365,33323,91372,98330,59688,0
14754,86590,41010,101344,55764,127600,0
71534,25226,23967,96760,95501,49193,0
13,38713,15631,38726,15644,54344,0
51132,59176,98681,110308,149813,157857,1
36871,43687,99082,80558,135953,142769,0
63973,92737,9038,156710,73011,101775,0
33954,4373,17361,38327,51315,21734,0
94821,61759,77221,156580,172042,138980,1
25736,95022,87472,120758,113208,182494,1
99825,59040,40823,158865,140648,99863,1
65472,82169,71236,147641,136708,153405,1
76875,32267,80791,109142,157666,113058,1
85818,60095,29964,145913,115782,90059,1
91271,34779,18996,126050,110267,53775,0
68357,48213,53400,116570,121757,101613,1
10189,75147,87249,85336,97438,162396,0
95041,27695,92426,122736,187467,120121,1
91347,12124,37130,103471,128477,49254,0
83049,13781,30328,96830,113377,44109,0
97836,36639,3027,134475,100863,39666,0
83163,60567,21300,143730,104463,81867,0
71699,94641,89612,166340,161311,184253,1
52071,10532,37919,62603,89990,48451,0
13308,60429,39576,73737,52884,100005,0
62692,89109,67759,151801,130451,156868,1
25103,65461,34466,90564,59569,99927,0
11091,74485,5593,85576,16684,80078,0
14541,14373,57748,28914,72289,72121,0
77730,40363,33236,118093,110966,73599,0
20897,70170,76708,91067,97605,146878,1
1940,35477,50935,37417,52875,86412,0
16944,30388,5963,47332,22907,36351,0
41792,736,60884,42528,102676,61620,0
40586,35370,63989,75956,104575,99359,1
30734,61852,82562,92586,113296,144414,1
64650,74204,45848,138854,110498,120052,1
43368,67520,88220,110888,131588,155740,1
91693,55136,49917,146829,141610,105053,1
12071,50024,26900,62095,38971,76924,0
65203,7395,61507,72598,126710,68902,1
42842,16276,60073,59118,102915,76349,0
65921,87030,27998,152951,93919,115028,1
27231,78230,82421,105461,109652,160651,1
19779,55922,12826,75701,32605,68748,0
92311,92389,7702,184700,100013,100091,1
38816,3091,15094,41907,53910,18185,0
88811,73011,99594,161822,188405,172605,1
71522,48813,58786,120335,130308,107599,1
41160,52420,19576,93580,60736,71996,1
24276,7786,15212,32062,39488,22998,0
51599,9732,63038,61331,114637,72770,0
14432,61994,8184,76426,22616,70178,0
25715,29667,91274,55382,116989,120941,0
11372,71184,14992,82556,26364,86176,0
54146,25930,59727,80076,113873,85657,1
59108,20588,3466,79696,62574,24054,0
44813,78429,96822,123242,141635,175251,1
12831,92400,52952,105231,65783,145352,0
84065,20151,94436,104216,178501,114587,1
90404,53260,81466,143664,171870,134726,1
84444,74654,40687,159098,125131,115341,1
39203,91800,47789,131003,86992,139589,0
54906,5783,91578,60689,146484,97361,0
15547,77587,79807,93134,95354,157394,1
36389,59294,34022,95683,70411,93316,1
29384,34885,32593,64269,61977,67478,1
5487,47887,48432,53374,53919,96319,1
45265,43431,77400,88696,122665,120831,1
76519,58016,82226,134535,158745,140242,1
14656,84926,18707,99582,33363,103633,0
14209,26190,49567,40399,63776,75757,0
15036,90851,92293,105887,107329,183144,1
86595,56306,73569,142901,160164,129875,1
17681,85005,85342,102686,103023,170347,1
33814,49902,19076,83716,52890,68978,1
35368,87507,39990,122875,75358,127497,0
16206,98420,79166,114626,95372,177586,0
79475,89688,9655,169163,89130,99343,0
92818,84367,90572,177185,183390,174939,1
24189,93830,35325,118019,59514,129155,0
45577,33432,58665,79009,104242,92097,1
20826,8485,4705,29311,25531,13190,0
48263,80450,76058,128713,124321,156508,1
86385,87572,32072,173957,118457,119644,1
79192,64148,85960,143340,165152,150108,1
65775,52863,39263,118638,105038,92126,1
19732,54259,70881,73991,90613,125140,1
95227,57700,48091,152927,143318,105791,1
16517,59836,4837,76353,21354,64673,0
48347,3686,54491,52033,102838,58177,0
6198,94092,91443,100290,97641,185535,1
31761,84722,64822,116483,96583,149544,1
6435,41461,13324,47896,19759,54785,0
83492,65260,94275,148752,177767,159535,1
38146,29935,85204,68081,123350,115139,0
22245,61874,983,84119,23228,62857,0
43349,9187,47867,52536,91216,57054,1
58675,65748,32014,124423,90689,97762,1
93611,90448,15056,184059,108667,105504,1
20035,52204,45565,72239,65600,97769,1
62375,14931,98084,77306,160459,113015,0
77577,44011,572,121588,78149,44583,0
64297,23971,74192,88268,138489,98163,1
87150,7972,46762,95122,133912,54734,0
77962,52080,52165,130042,130127,104245,1
63050,7032,57243,70082,120293,64275,1
18781,12906,75468,31687,94249,88374,0
24679,49100,86963,73779,111642,136063,0
96974,8690,71901,105664,168875,80591,0
83739,35996,52444,119735,136183,88440,1
92132,90366,27129,182498,119261,117495,1
73651,82973,36505,156624,110156,119478,1
58995,96399,32513,155394,91508,128912,0
69535,29957,79084,99492,148619,109041,1
64840,35717,29218,100557,94058,64935,1
1960,7749,22800,9709,24760,30549,0
65974,1592,80504,67566,146478,82096,0
54967,60356,22141,115323,77108,82497,1
13566,4040,64242,17606,77808,68282,0
40949,58534,18597,99483,59546,77131,1
7306,15831,23796,23137,31102,39627,0
37632,3235,50962,40867,88594,54197,0
26970,59629,80068,86599,107038,139697,1
45380,76395,89310,121775,134690,165705,1
62372,91172,74872,153544,137244,166044,1
6849,96500,23416,103349,30265,119916,0
17177,47801,55593,64978,72770,103394,1
29614,78234,34995,107848,64609,113229,0
87370,61147,64523,148517,151893,125670,1
16073,52342,8906,68415,24979,61248,0
82667,26699,62041,109366,144708,88740,1
6810,82787,20167,89597,26977,102954,0
89530,40447,86855,129977,176385,127302,1
10238,48881,92578,59119,102816,141459,0
20175,27000,44087,47175,64262,71087,1
11246,70756,67908,82002,79154,138664,1
30114,50460,63655,80574,93769,114115,1
79909,15123,80715,95032,160624,95838,1
52549,96082,30752,148631,83301,126834,0
46941,57335,66646,104276,113587,123981,1
88283,78203,20225,166486,108508,98428,1
32496,54662,94710,87158,127206,149372,0
55419,91134,39374,146553,94793,130508,1
95265,8943,32360,104208,127625,41303,0
92754,49905,43693,142659,136447,93598,1
66887,98197,59156,165084,126043,157353,1
7885,953,30653,8838,38538,31606,0
13798,84402,27042,98200,40840,111444,0
86134,61588,34560,147722,120694,96148,1
58030,80391,81274,138421,139304,161665,1
58365,96993,40917,155358,99282,137910,1
36819,52463,35269,89282,72088,87732,1
11297,75760,17955,87057,29252,93715,0
83980,28594,99579,112574,183559,128173,1
84325,36945,22392,121270,106717,59337,0
50659,91555,30350,142214,81009,121905,0
76698,80452,8289,157150,84987,88741,1
32927,40701,51789,73628,84716,92490,1
90810,94204,77136,185014,167946,171340,1
3092,75356,45308,78448,48400,120664,0
72800,69408,90152,142208,162952,159560,1
91845,76622,76429,168467,168274,153051,1
30940,67837,80445,98777,111385,148282,1
19815,5626,45589,25441,65404,51215,0
59687,50547,67653,110234,127340,118200,1
43382,62316,35491,105698,78873,97807,1
2663,54083,33725,56746,36388,87808,0
92480,42309,11582,134789,104062,53891,0
34966,90907,3880,125873,38846,94787,0
40722,31691,65045,72413,105767,96736,1
12685,41280,78932,53965,91617,120212,0
21488,10797,6128,32285,27616,16925,0
49953,34678,66789,84631,116742,101467,1
82692,4624,5021,87316,87713,9645,0
77150,348,45007,77498,122157,45355,0
50283,24428,92661,74711,142944,117089,0
9089,28675,37361,37764,46450,66036,1
36293,1424,65130,37717,101423,66554,0
21277,56354,33063,77631,54340,89417,0
25213,77302,98752,102515,123965,176054,1
80677,76294,60253,156971,140930,136547,1
15389,84146,94914,99535,110303,179060,1
54213,36659,89,90872,54302,36748,0
92691,66513,61079,159204,153770,127592,1
64309,85801,66836,150110,131145,152637,1
15404,94547,45265,109951,60669,139812,0
68776,74165,63288,142941,132064,137453,1
73828,97458,19426,171286,93254,116884,0
70175,82124,32055,152299,102230,114179,1
94775,95368,70001,190143,164776,165369,1
75513,38217,48769,113730,124282,86986,1
50127,85067,37339,135194,87466,122406,1
35525,51850,2187,87375,37712,54037,0
43141,63869,1598,107010,44739,65467,0
21917,9147,85968,31064,107885,95115,0
93673,56913,61828,150586,155501,118741,1
94290,81803,59185,176093,153475,140988,1
87733,88296,51618,176029,139351,139914,1
89791,98035,81595,187826,171386,179630,1
28804,33524,46938,62328,75742,80462,1
21450,69364,51616,90814,73066,120980,1
7560,74879,12251,82439,19811,87130,0
2416,73772,43280,76188,45696,117052,0
90915,72974,41669,163889,132584,114643,1
21328,72269,97096,93597,118424,169365,0
83264,87571,95120,170835,178384,182691,1
93085,21398,51154,114483,144239,72552,0
49001,18080,77252,67081,126253,95332,0
25793,28835,30674,54628,56467,59509,1
59647,55039,14490,114686,74137,69529,1
61020,93546,41857,154566,102877,135403,1
43917,71914,67576,115831,111493,139490,1
89505,3466,17194,92971,106699,20660,0
62535,29665,80094,92200,142629,109759,1
13638,85633,12935,99271,26573,98568,0
29307,92940,91963,122247,121270,184903,1
51985,17775,43545,69760,95530,61320,1
33578,90916,27100,124494,60678,118016,0
25332,45991,21899,71323,47231,67890,1
40155,58468,51074,98623,91229,109542,1
56568,5172,47921,61740,104489,53093,0
38893,77269,63832,116162,102725,141101,1
58402,13984,70352,72386,128754,84336,1
80426,87653,31264,168079,111690,118917,1
46376,65429,52623,111805,98999,118052,1
88645,3614,47498,92259,136143,51112,0
82986,61559,16001,144545,98987,77560,0
26899,9761,61580,36660,88479,71341,0
65714,99439,73042,165153,138756,172481,1
90150,26699,96927,116849,187077,123626,1
44000,82122,69836,126122,113836,151958,1
31325,63413,77310,94738,108635,140723,1
53572,80726,32185,134298,85757,112911,1
64819,82890,16973,147709,81792,99863,0
84399,75842,4844,160241,89243,80686,0
61325,68220,4983,129545,66308,73203,0
47562,33220,94386,80782,141948,127606,0
71218,50043,70004,121261,141222,120047,1
93679,78739,12599,172418,106278,91338,0
25134,38646,32212,63780,57346,70858,1
22800,81560,12034,104360,34834,93594,0
14542,50487,49888,65029,64430,100375,1
59733,23644,71386,83377,131119,95030,1
86669,41429,76766,128098,163435,118195,1
23368,19138,61314,42506,84682,80452,0
44496,12999,68060,57495,112556,81059,0
14525,3809,31502,18334,46027,35311,0
14176,48827,72979,63003,87155,121806,0
9448,87267,16434,96715,25882,103701,0
51570,7543,19162,59113,70732,26705,0
72203,90273,33780,162476,105983,124053,1
41878,87450,31720,129328,73598,119170,0
8979,67919,16974,76898,25953,84893,0
18319,93577,3434,111896,21753,97011,0
34109,14756,33638,48865,67747,48394,1
39242,89815,81112,129057,120354,170927,1
31961,99172,68583,131133,100544,167755,1
25491,53582,56476,79073,81967,110058,1
77410,1895,37689,79305,115099,39584,0
18286,11989,67853,30275,86139,79842,0
38935,85990,12295,124925,51230,98285,0
55483,87604,65437,143087,120920,153041,1
8876,80450,28563,89326,37439,109013,0
95953,48122,87471,144075,183424,135593,1
2694,88498,37836,91192,40530,126334,0
66453,82092,67283,148545,133736,149375,1
34177,15952,29357,50129,63534,45309,1
59792,29859,19997,89651,79789,49856,0
86056,58172,84921,144228,170977,143093,1
40427,49238,15799,89665,56226,65037,1
26979,31679,54325,58658,81304,86004,1
54217,22181,69922,76398,124139,92103,1
24418,87800,90957,112218,115375,178757,1
84123,21603,85754,105726,169877,107357,1
46983,42240,74918,89223,121901,117158,1
18785,95740,58548,114525,77333,154288,0
42471,17069,45100,59540,87571,62169,1
86504,1998,44964,88502,131468,46962,0
50172,48019,63452,98191,113624,111471,1
89280,36872,80530,126152,169810,117402,1
22757,63874,65758,86631,88515,129632,1
67825,94043,69387,161868,137212,163430,1
23643,26500,65273,50143,88916,91773,0
85667,67988,62255,153655,147922,130243,1
38679,44426,85520,83105,124199,129946,0
45857,24597,46445,70454,92302,71042,1
86183,89697,67428,175880,153611,157125,1
58273,67552,47256,125825,105529,114808,1
39977,37265,72579,77242,112556,109844,1
71687,35079,74960,106766,146647,110039,1
13524,92492,49158,106016,62682,141650,0
47050,90587,12124,137637,59174,102711,0
72400,38175,18459,110575,90859,56634,0
84122,16612,36660,100734,120782,53272,0
4287,63145,51235,67432,55522,114380,0
37829,24813,54861,62642,92690,79674,1
92428,11677,67468,104105,159896,79145,0
44411,56328,60353,100739,104764,116681,1
15450,28769,64903,44219,80353,93672,0
39667,6595,26808,46262,66475,33403,0
32733,26970,63030,59703,95763,90000,0
73395,54395,19822,127790,93217,74217,1
53089,56315,81819,109404,134908,138134,1
73067,71581,24872,144648,97939,96453,1
54051,58094,43691,112145,97742,101785,1
38447,55793,32556,94240,71003,88349,1
37014,95952,45110,132966,82124,141062,0
88761,36782,94247,125543,183008,131029,1
83494,67723,7770,151217,91264,75493,0
17495,77277,21482,94772,38977,98759,0
52737,63395,39772,116132,92509,103167,1
54235,76438,34304,130673,88539,110742,1
30321,75826,24425,106147,54746,100251,0
69818,55124,63661,124942,133479,118785,1
38242,39582,65448,77824,103690,105030,1
83669,98524,16329,182193,99998,114853,1
4185,70624,15918,74809,20103,86542,0
39208,46003,46706,85211,85914,92709,1
14963,79337,40987,94300,55950,120324,0
35943,43812,20976,79755,56919,64788,1
73698,6753,92238,80451,165936,98991,0
24858,89660,70376,114518,95234,160036,1
50880,51305,71640,102185,122520,122945,1
1343,14590,92302,15933,93645,106892,0
35071,13047,36160,48118,71231,49207,1
62960,62216,22206,125176,85166,84422,1
23873,15728,57759,39601,81632,73487,0
71765,19097,20646,90862,92411,39743,0
43678,45107,45028,88785,88706,90135,1
37062,98470,22650,135532,59712,121120,0
50815,21343,98632,72158,149447,119975,0
67540,70691,87733,138231,155273,158424,1
93285,29978,45755,123263,139040,75733,0
71523,38177,36782,109700,108305,74959,1
53019,36729,45131,89748,98150,81860,1
11990,57595,43691,69585,55681,101286,0
48257,37768,52913,86025,101170,90681,1
71000,9944,95703,80944,166703,105647,0
56863,2597,2801,59460,59664,5398,0
68103,4049,22330,72152,90433,26379,0
99543,21737,23954,121280,123497,45691,0
31374,49049,47668,80423,79042,96717,1
83680,83077,54909,166757,138589,137986,1
96564,82199,18327,178763,114891,100526,1
67210,11064,1595,78274,68805,12659,0
65647,9295,91960,74942,157607,101255,0
78625,4565,48348,83190,126973,52913,0
94946,81444,74194,176390,169140,155638,1
68077,57714,97246,125791,165323,154960,1
66396,18107,70366,84503,136762,88473,1
9193,23359,13709,32552,22902,37068,0
50188,41446,75540,91634,125728,116986,1
16011,66049,41878,82060,57889,107927,0
47772,69048,30960,116820,78732,100008,1
39642,13854,86167,53496,125809,100021,0
40965,12174,59295,53139,100260,71469,0
58702,75639,59655,134341,118357,135294,1
60295,55932,12617,116227,72912,68549,1
64924,22344,54995,87268,119919,77339,1
77473,92577,94300,170050,171773,186877,1
5989,41407,76070,47396,82059,117477,0
95995,63084,51386,159079,147381,114470,1
49316,201,88677,49517,137993,88878,0
8453,71340,3434,79793,11887,74774,0
38639,49676,46767,88315,85406,96443,1
50554,17587,66199,68141,116753,83786,1
13908,96090,22769,109998,36677,118859,0
45588,75020,78708,120608,124296,153728,1
386,94336,47750,94722,48136,142086,0
81666,23812,2800,105478,84466,26612,0
51263,53827,92511,105090,143774,146338,1
40311,14069,96341,54380,136652,110410,0
31163,68254,53907,99417,85070,122161,1
22809,8651,96020,31460,118829,104671,0
70321,75411,68923,145732,139244,144334,1
24704,81460,32671,106164,57375,114131,0
42922,69128,31434,112050,74356,100562,1
6018,42352,65635,48370,71653,107987,0
76298,98510,3104,174808,79402,101614,0
9261,36559,70743,45820,80004,107302,0
6382,22172,9786,28554,16168,31958,0
7526,82365,26864,89891,34390,109229,0
70222,12285,83156,82507,153378,95441,0
65184,60883,84169,126067,149353,145052,1
76846,71664,18218,148510,95064,89882,1
87589,28113,61621,115702,149210,89734,1
56477,13297,94784,69774,151261,108081,0
96388,28579,7989,124967,104377,36568,0
87775,83302,28936,171077,116711,112238,1
38574,19731,68176,58305,106750,87907,0
85371,24182,19245,109553,104616,43427,0
41579,39533,84266,81112,125845,123799,0
98086,43213,7328,141299,105414,50541,0
52790,35966,79631,88756,132421,115597,1
78983,38888,74794,117871,153777,113682,1
91951,57323,19745,149274,111696,77068,0
369,52901,98628,53270,98997,151529,0
41315,50917,2989,92232,44304,53906,0
95020,70867,94437,165887,189457,165304,1
29975,1336,25856,31311,55831,27192,0
96068,65367,74456,161435,170524,139823,1
57951,14940,59170,72891,117121,74110,1
60496,37177,10358,97673,70854,47535,0
28253,98238,24795,126491,53048,123033,0
27418,36768,98687,64186,126105,135455,0
45702,123,6907,45825,52609,7030,0
9473,69968,20523,79441,29996,90491,0
34817,68362,34626,103179,69443,102988,1
25781,67898,91688,93679,117469,159586,1
36394,63444,22035,99838,58429,85479,0
99955,7159,70466,107114,170421,77625,0
63345,78780,40723,142125,104068,119503,1
26075,59916,31479,85991,57554,91395,0
48494,12211,75801,60705,124295,88012,0
26158,20197,75355,46355,101513,95552,0
1794,93181,56637,94975,58431,149818,0
40053,72363,64303,112416,104356,136666,1
92254,22356,54667,114610,146921,77023,0
24929,37442,91864,62371,116793,129306,0
40989,90726,51043,131715,92032,141769,1
21207,24958,50835,46165,72042,75793,0
13309,15464,58513,28773,71822,73977,0
5841,73454,30526,79295,36367,103980,0
43310,74091,55285,117401,98595,129376,1
41595,75577,6276,117172,47871,81853,0
77381,25936,85803,103317,163184,111739,1
62365,21930,4080,84295,66445,26010,0
98112,2450,35595,100562,133707,38045,0
22370,45836,86092,68206,108462,131928,0
76096,84125,33283,160221,109379,117408,1
64502,81260,49414,145762,113916,130674,1
55106,4568,83529,59674,138635,88097,0
73109,39137,84473,112246,157582,123610,1
82137,15822,64688,97959,146825,80510,0
64796,94111,7948,158907,72744,102059,0
18000,21265,88044,39265,106044,109309,0
74142,2460,6373,76602,80515,8833,0
20220,54612,87838,74832,108058,142450,0
16196,10407,7043,26603,23239,17450,1
43280,51318,36541,94598,79821,87859,1
95371,54991,18383,150362,113754,73374,0
9754,41662,85690,51416,95444,127352,0
17855,6909,21451,24764,39306,28360,1
20089,33644,94435,53733,114524,128079,0
80485,59775,52600,140260,133085,112375,1
80492,71398,16945,151890,97437,88343,1
66326,38636,40689,104962,107015,79325,1
9191,22742,51104,31933,60295,73846,0
64456,64957,81184,129413,145640,146141,1
65475,39283,29068,104758,94543,68351,1
15938,88492,24958,104430,40896,113450,0
96254,26395,87959,122649,184213,114354,1
56448,27805,36285,84253,92733,64090,1
29162,56126,6098,85288,35260,62224,0
35328,55981,87314,91309,122642,143295,1
81218,3498,45639,84716,126857,49137,0
5428,89175,57233,94603,62661,146408,0
30123,39836,49286,69959,79409,89122,1
19165,29050,43483,48215,62648,72533,1
34616,15642,87090,50258,121706,102732,0
442,92712,13499,93154,13941,106211,0
6973,57094,67245,64067,74218,124339,0
67538,792,95812,68330,163350,96604,0
43407,90466,73105,133873,116512,163571,1
58689,22292,11057,80981,69746,33349,0
22608,29411,95467,52019,118075,124878,0
14763,89532,24429,104295,39192,113961,0
60497,22490,71954,82987,132451,94444,1
84123,81828,24922,165951,109045,106750,1
91026,2613,70427,93639,161453,73040,0
21319,26812,66418,48131,87737,93230,0
57906,49029,53390,106935,111296,102419,1
48026,53373,72093,101399,120119,125466,1
67618,5972,16904,73590,84522,22876,0
78772,15191,23003,93963,101775,38194,0
23895,48142,7074,72037,30969,55216,0
48261,77172,92836,125433,141097,170008,1
50704,35129,8671,85833,59375,43800,0
63602,15918,42381,79520,105983,58299,0
33140,11725,67929,44865,101069,79654,0
17966,41977,91904,59943,109870,133881,0
45674,74693,61195,120367,106869,135888,1
32459,85309,39685,117768,72144,124994,0
68238,96574,71825,164812,140063,168399,1
77748,64593,552,142341,78300,65145,0
56150,32379,20253,88529,76403,52632,0
30439,92544,50784,122983,81223,143328,0
4527,24452,27947,28979,32474,52399,1
14589,30229,2617,44818,17206,32846,0
24813,51046,21404,75859,46217,72450,0
7625,17287,68908,24912,76533,86195,0
14132,29583,50477,43715,64609,80060,0
27267,84117,61099,111384,88366,145216,1
44476,15940,54532,60416,99008,70472,1
86520,80839,1179,167359,87699,82018,0
68049,4982,8686,73031,76735,13668,0
19564,75210,84384,94774,103948,159594,1
94823,91663,33369,186486,128192,125032,1
52221,14828,86944,67049,139165,101772,0
79477,53461,86595,132938,166072,140056,1
77132,87691,55569,164823,132701,143260,1
38570,57770,80917,96340,119487,138687,1
97,32448,41517,32545,41614,73965,0
44964,44987,51175,89951,96139,96162,1
43373,47514,21536,90887,64909,69050,1
99531,81838,41596,181369,141127,123434,1
78218,53631,62334,131849,140552,115965,1
47116,44377,95863,91493,142979,140240,0
26096,29053,90130,55149,116226,119183,0
53870,16463,45611,70333,99481,62074,1
84173,71923,44590,156096,128763,116513,1
41689,43905,97739,85594,139428,141644,0
37230,71692,55183,108922,92413,126875,1
16906,40791,42462,57697,59368,83253,1
36209,26848,60453,63057,96662,87301,1
97697,29031,22234,126728,119931,51265,0
837,16506,49034,17343,49871,65540,0
18139,30632,96213,48771,114352,126845,0
6991,43918,24656,50909,31647,68574,0
37013,75018,86073,112031,123086,161091,1
21335,16727,6487,38062,27822,23214,1
86463,7683,23000,94146,109463,30683,0
11927,161,80957,12088,92884,81118,0
9440,7834,86454,17274,95894,94288,0
5238,9624,16060,14862,21298,25684,0
3782,25426,77238,29208,81020,102664,0
40088,21767,8773,61855,48861,30540,0
61549,78880,13843,140429,75392,92723,0
92261,84778,86458,177039,178719,171236,1
92641,53376,72040,146017,164681,125416,1
70886,46593,73333,117479,144219,119926,1
35171,22325,50172,57496,85343,72497,1
2460,65173,80186,67633,82646,145359,0
79826,3714,64263,83540,144089,67977,0
5795,4829,83667,10624,89462,88496,0
50416,67656,22614,118072,73030,90270,1
63245,1015,63534,64260,126779,64549,1
1765,88007,6705,89772,8470,94712,0
78876,19702,12455,98578,91331,32157,0
36168,15454,70128,51622,106296,85582,0
5785,3314,27887,9099,33672,31201,0
74488,63180,92200,137668,166688,155380,1
52301,69470,98272,121771,150573,167742,1
53785,70531,96392,124316,150177,166923,1
53752,19957,14950,73709,68702,34907,0
41152,65620,36632,106772,77784,102252,1
43760,93930,4458,137690,48218,98388,0
91389,98972,89106,190361,180495,188078,1
29503,62768,82047,92271,111550,144815,1
73177,70745,69273,143922,142450,140018,1
23962,64482,8939,88444,32901,73421,0
71501,23538,61378,95039,132879,84916,1
32047,32622,62363,64669,94410,94985,1
97681,26945,95324,124626,193005,122269,1
25672,15610,40618,41282,66290,56228,1
97371,19922,67778,117293,165149,87700,0
80406,6550,62300,86956,142706,68850,0
58622,47636,16711,106258,75333,64347,1
63817,27889,49038,91706,112855,76927,1
6666,23030,89576,29696,96242,112606,0
80094,90136,98,170230,80192,90234,0
94602,48775,9332,143377,103934,58107,0
10,91917,97874,91927,97884,189791,0
15047,76562,19407,91609,34454,95969,0
60632,88826,57086,149458,117718,145912,1
71912,86886,14268,158798,86180,101154,0
51648,73875,77212,125523,128860,151087,1
32281,95223,85065,127504,117346,180288,1
56604,68032,35607,124636,92211,103639,1
72208,96846,82291,169054,154499,179137,1
97011,84860,1200,181871,98211,86060,0
70790,56891,2639,127681,73429,59530,0
63930,30646,73130,94576,137060,103776,1
40545,28494,97041,69039,137586,125535,0
15821,96295,28327,112116,44148,124622,0
17446,94174,76039,111620,93485,170213,0
46743,5393,40685,52136,87428,46078,0
68024,80698,94052,148722,162076,174750,1
21674,92250,78671,113924,100345,170921,1
37452,53657,53141,91109,90593,106798,1
2181,57453,85238,59634,87419,142691,0
61402,52820,52853,114222,114255,105673,1
1967,52190,48790,54157,50757,100980,0
97397,89274,4910,186671,102307,94184,0
90327,98815,40861,189142,131188,139676,1
55594,65785,54165,121379,109759,119950,1
11486,99607,60631,111093,72117,160238,0
53215,98004,98499,151219,151714,196503,1
42263,75786,16254,118049,58517,92040,0
47220,61910,98199,109130,145419,160109,1
53700,98356,36522,152056,90222,134878,0
36651,70436,36650,107087,73301,107086,1
4508,94585,80544,99093,85052,175129,0
31943,39993,24713,71936,56656,64706,1
76612,66472,54353,143084,130965,120825,1
30068,54580,9708,84648,39776,64288,0
32290,88618,42948,120908,75238,131566,0
17931,42239,95607,60170,113538,137846,0
67853,80119,97626,147972,165479,177745,1
16433,36247,96457,52680,112890,132704,0
20104,62522,43274,82626,63378,105796,1
53000,55498,60237,108498,113237,115735,1
93016,19750,60225,112766,153241,79975,0
87086,23660,65434,110746,152520,89094,1
16800,10431,24797,27231,41597,35228,1
56055,18496,34602,74551,90657,53098,0
8400,47909,92030,56309,100430,139939,0
28528,88924,64603,117452,93131,153527,1
97223,48210,6883,145433,104106,55093,0
31262,6068,10255,37330,41517,16323,0
57522,84718,76362,142240,133884,161080,1
62890,67380,41896,130270,104786,109276,1
83425,84678,22206,168103,105631,106884,1
44760,64736,489,109496,45249,65225,0
98055,80462,49133,178517,147188,129595,1
80167,81940,49242,162107,129409,131182,1
18661,43373,71271,62034,89932,114644,0
98827,86808,76753,185635,175580,163561,1
56317,47767,58420,104084,114737,106187,1
46196,66282,61815,112478,108011,128097,1
39991,92188,25682,132179,65673,117870,0
3477,3456,2697,6933,6174,6153,1
91804,417,86967,92221,178771,87384,0
23745,47730,12557,71475,36302,60287,0
26987,45741,12670,72728,39657,58411,0
77852,88477,69201,166329,147053,157678,1
66453,59184,45506,125637,111959,104690,1
7362,62161,50537,69523,57899,112698,0
66868,12937,203,79805,67071,13140,0
91824,77816,22046,169640,113870,99862,1
26718,23070,23848,49788,50566,46918,1
45485,8250,82503,53735,127988,90753,0
52090,94067,30464,146157,82554,124531,0
76013,26950,44401,102963,120414,71351,0
62875,2122,46018,64997,108893,48140,0
91483,81459,17400,172942,108883,98859,1
47472,18638,16648,66110,64120,35286,0
17688,24168,43008,41856,60696,67176,0
83057,75126,49932,158183,132989,125058,1
20794,6118,78417,26912,99211,84535,0
81442,30146,92197,111588,173639,122343,1
68397,37982,69849,106379,138246,107831,1
8957,68048,98291,77005,107248,166339,0
50214,72720,86287,122934,136501,159007,1
71852,89980,47101,161832,118953,137081,1
14187,92410,83996,106597,98183,176406,1
77610,55793,39615,133403,117225,95408,1
34206,15263,65507,49469,99713,80770,0
46151,15853,50763,62004,96914,66616,1
45704,76685,64100,122389,109804,140785,1
72854,29629,44093,102483,116947,73722,1
2856,84258,3786,87114,6642,88044,0
19620,16597,99292,36217,118912,115889,0
34033,99855,35351,133888,69384,135206,0
4399,85758,35619,90157,40018,121377,0
89946,22745,60132,112691,150078,82877,0
33382,2638,84068,36020,117450,86706,0
94552,98119,96674,192671,191226,194793,1
75316,9475,31930,84791,107246,41405,0
65217,57089,34965,122306,100182,92054,1
32143,80086,52858,112229,85001,132944,1
40721,58320,91242,99041,131963,149562,1
23487,14182,43487,37669,66974,57669,0
10568,56480,62451,67048,73019,118931,1
25035,57661,41180,82696,66215,98841,1
31657,90331,90455,121988,122112,180786,1
76379,68284,34549,144663,110928,102833,1
16141,64920,1180,81061,17321,66100,0
57668,40434,96046,98102,153714,136480,1
37900,76717,8603,114617,46503,85320,0
43745,58007,97873,101752,141618,155880,1
59715,85719,85307,145434,145022,171026,1
53831,56849,84036,110680,137867,140885,1
7806,21714,69122,29520,76928,90836,0
79248,61267,63937,140515,143185,125204,1
59967,36132,37368,96099,97335,73500,1
10419,81209,15256,91628,25675,96465,0
66304,81084,21421,147388,87725,102505,1
32089,9859,3676,41948,35765,13535,0
47178,20615,19909,67793,67087,40524,0
7301,23489,90415,30790,97716,113904,0
39143,62856,24282,101999,63425,87138,1
8625,43441,32226,52066,40851,75667,0
36086,28511,30208,64597,66294,58719,1
98154,50028,23302,148182,121456,73330,0
10021,78696,63797,88717,73818,142493,0
68414,8624,22453,77038,90867,31077,0
84848,72310,76346,157158,161194,148656,1
45248,33762,24795,79010,70043,58557,1
95171,49950,93076,145121,188247,143026,1
84650,75206,50350,159856,135000,125556,1
27608,36176,4867,63784,32475,41043,0
73746,33688,17304,107434,91050,50992,0
77069,15022,42078,92091,119147,57100,0
47186,78913,31861,126099,79047,110774,1
95844,91929,58164,187773,154008,150093,1
24288,55234,50302,79522,74590,105536,1
44290,54420,85862,98710,130152,140282,1
19559,619,65575,20178,85134,66194,0
44350,45749,45924,90099,90274,91673,1
33794,3642,39284,37436,73078,42926,0
10757,24465,2718,35222,13475,27183,0
45648,68382,16837,114030,62485,85219,0
13922,79173,65961,93095,79883,145134,1
97741,19200,55847,116941,153588,75047,0
98899,79589,92502,178488,191401,172091,1
33574,47064,70942,80638,104516,118006,1
70697,85893,27900,156590,98597,113793,1
11889,71255,59999,83144,71888,131254,1
74414,25017,94256,99431,168670,119273,1
77060,59517,70520,136577,147580,130037,1
16628,16592,58727,33220,75355,75319,0
56947,85,17969,57032,74916,18054,0
55863,78460,25756,134323,81619,104216,1
46616,46095,45277,92711,91893,91372,1
13923,47451,97376,61374,111299,144827,0
5692,3768,51065,9460,56757,54833,0
76405,98824,53771,175229,130176,152595,1
24429,26775,28966,51204,53395,55741,1
70615,44247,10759,114862,81374,55006,0
62808,39170,79291,101978,142099,118461,1
78084,82998,88038,161082,166122,171036,1
14143,56262,5205,70405,19348,61467,0
24982,28243,93452,53225,118434,121695,0
68281,3382,36552,71663,104833,39934,0
86818,87876,63804,174694,150622,151680,1
17860,30033,28520,47893,46380,58553,1
37495,66013,33361,103508,70856,99374,1
55289,6125,9269,61414,64558,15394,0
36796,6613,78313,43409,115109,84926,0
59620,19472,5853,79092,65473,25325,0
85531,81262,60360,166793,145891,141622,1
82178,19180,70849,101358,153027,90029,1
85700,8238,93882,93938,179582,102120,1
80588,36839,26927,117427,107515,63766,0
87154,53227,7718,140381,94872,60945,0
83322,80623,47717,163945,131039,128340,1
94087,44227,58652,138314,152739,102879,1
39396,22127,99779,61523,139175,121906,0
56775,31109,73040,87884,129815,104149,1
79148,88691,34617,167839,113765,123308,1
63436,74782,61180,138218,124616,135962,1
35984,21875,60408,57859,96392,82283,0
20887,1203,14591,22090,35478,15794,0
9972,87392,83782,97364,93754,171174,1
41192,49551,37709,90743,78901,87260,1
91428,87850,71680,179278,163108,159530,1
36190,61135,95521,97325,131711,156656,1
63883,49056,79779,112939,143662,128835,1
51981,75510,93892,127491,145873,169402,1
66848,6213,97493,73061,164341,103706,0
88748,27381,21974,116129,110722,49355,0
85504,33090,66244,118594,151748,99334,1
53860,69430,69871,123290,123731,139301,1
47018,12440,23651,59458,70669,36091,0
27225,64155,20398,91380,47623,84553,0
77255,17155,57731,94410,134986,74886,0
1628,8264,52460,9892,54088,60724,0
88401,68964,10653,157365,99054,79617,0
83885,28242,93333,112127,177218,121575,1
22881,13736,2238,36617,25119,15974,0
93922,97080,45494,191002,139416,142574,1
606,15908,8309,16514,8915,24217,0
30280,4108,31142,34388,61422,35250,1
71379,26122,93623,97501,165002,119745,1
48431,50208,31825,98639,80256,82033,1
56547,57090,29645,113637,86192,86735,1
92654,79998,28236,172652,120890,108234,1
66189,87934,28018,154123,94207,115952,1
24626,15191,93474,39817,118100,108665,0
66486,56377,47919,122863,114405,104296,1
99693,40553,57648,140246,157341,98201,0
941,36528,98981,37469,99922,135509,0
72172,13364,92241,85536,164413,105605,0
16736,27256,74447,43992,91183,101703,0
236,43200,38953,43436,39189,82153,0
26615,35711,71485,62326,98100,107196,0
46135,40292,13926,86427,60061,54218,1
11805,89611,31969,101416,43774,121580,0
1404,72880,51058,74284,52462,123938,0
28467,77110,28313,105577,56780,105423,0
98801,56669,66273,155470,165074,122942,1
51964,96304,15410,148268,67374,111714,0
88013,35899,19842,123912,107855,55741,0
20990,94517,67184,115507,88174,161701,0
44268,19065,94330,63333,138598,113395,0
69565,86029,40566,155594,110131,126595,1
60716,50681,15389,111397,76105,66070,1
99837,44229,60228,144066,160065,104457,1
37043,1122,29031,38165,66074,30153,0
85606,81902,10040,167508,95646,91942,1
64619,1331,22564,65950,87183,23895,0
11125,26503,22590,37628,33715,49093,1
10136,15491,11451,25627,21587,26942,1
82914,69485,16650,152399,99564,86135,1
45891,88335,38278,134226,84169,126613,0
41720,42422,1486,84142,43206,43908,1
99868,75647,5159,175515,105027,80806,0
65129,29131,21449,94260,86578,50580,0
3327,46765,89365,50092,92692,136130,0
97455,25152,75817,122607,173272,100969,1
75475,58135,43234,133610,118709,101369,1
22588,84396,64016,106984,86604,148412,1
95313,62056,60332,157369,155645,122388,1
17574,62468,48500,80042,66074,110968,1
9458,71576,20241,81034,29699,91817,0
83369,42152,91805,125521,175174,133957,1
41733,7336,43902,49069,85635,51238,1
66236,35018,93029,101254,159265,128047,1
85159,26079,65026,111238,150185,91105,1
89845,26258,24864,116103,114709,51122,0
21904,10690,25110,32594,47014,35800,1
96250,48742,34044,144992,130294,82786,0
631,13570,35391,14201,36022,48961,0
48539,9052,82443,57591,130982,91495,0
56149,77916,1271,134065,57420,79187,0
8010,47186,92578,55196,100588,139764,0
27327,61152,24173,88479,51500,85325,0
96469,73739,68333,170208,164802,142072,1
46816,7072,2537,53888,49353,9609,0
76224,92946,366,169170,76590,93312,0
83859,20019,15744,103878,99603,35763,0
8609,66588,26170,75197,34779,92758,0
91002,19408,53614,110410,144616,73022,0
25181,29406,75918,54587,101099,105324,0
63959,45842,17192,109801,81151,63034,0
27718,51232,9679,78950,37397,60911,0
89242,87794,52363,177036,141605,140157,1
72705,39394,12179,112099,84884,51573,0
79322,80434,73232,159756,152554,153666,1
41244,96232,96960,137476,138204,193192,1
67872,87989,61885,155861,129757,149874,1
96054,65032,74031,161086,170085,139063,1
35126,70304,48375,105430,83501,118679,1
22749,45811,32736,68560,55485,78547,1
89815,93457,87549,183272,177364,181006,1
73355,26298,65791,99653,139146,92089,1
88911,38937,60007,127848,148918,98944,1
90617,677,46980,91294,137597,47657,0
5564,65849,17605,71413,23169,83454,0
33571,37719,16619,71290,50190,54338,1
46035,62605,37434,108640,83469,100039,1
38205,90220,86601,128425,124806,176821,1
22287,36388,97004,58675,119291,133392,0
48820,52638,46440,101458,95260,99078,1
85575,70283,18515,155858,104090,88798,1
11053,70882,78662,81935,89715,149544,1
50674,62218,38286,112892,88960,100504,1
95567,22645,19566,118212,115133,42211,0
8624,39572,67826,48196,76450,107398,0
68566,54950,8208,123516,76774,63158,0
22432,14486,9624,36918,32056,24110,1
23858,53097,81490,76955,105348,134587,0
19583,66705,55630,86288,75213,122335,1
54429,75240,38528,129669,92957,113768,1
51181,8257,24291,59438,75472,32548,0
74485,31983,76057,106468,150542,108040,1
58215,69525,74999,127740,133214,144524,1
9751,82120,38832,91871,48583,120952,0
42410,4368,9476,46778,51886,13844,0
6374,92656,40365,99030,46739,133021,0
87200,6081,92372,93281,179572,98453,1
64594,50509,77311,115103,141905,127820,1
42476,79521,12180,121997,54656,91701,0
43329,21288,4607,64617,47936,25895,0
16391,72441,80283,88832,96674,152724,1
1006,93003,92723,94009,93729,185726,1
61472,31999,37730,93471,99202,69729,1
88278,3154,23900,91432,112178,27054,0
59020,16781,52549,75801,111569,69330,1
90084,23432,42752,113516,132836,66184,0
74656,66615,21966,141271,96622,88581,1
28545,12513,12552,41058,41097,25065,0
35598,85039,87511,120637,123109,172550,1
84220,18460,32095,102680,116315,50555,0
4200,1321,77282,5521,81482,78603,0
23421,83175,3679,106596,27100,86854,0
6007,82948,99653,88955,105660,182601,0
7360,24515,95871,31875,103231,120386,0
23940,14603,82183,38543,106123,96786,0
50671,75960,5098,126631,55769,81058,0
92903,50267,27467,143170,120370,77734,0
54751,77044,45479,131795,100230,122523,1
81062,37088,42666,118150,123728,79754,0
74039,44353,39356,118392,113395,83709,1
62619,96455,71488,159074,134107,167943,1
195,87106,26160,87301,26355,113266,0
49004,49811,10884,98815,59888,60695,1
81221,45259,65226,126480,146447,110485,1
22496,83711,41408,106207,63904,125119,0
11268,778,39683,12046,50951,40461,0
77934,19727,91586,97661,169520,111313,1
92612,93692,54648,186304,147260,148340,1
67498,26365,86299,93863,153797,112664,1
5523,14660,30720,20183,36243,45380,0
69029,12238,1355,81267,70384,13593,0
45059,42227,70757,87286,115816,112984,1
10566,76439,55014,87005,65580,131453,0
40948,9625,82510,50573,123458,92135,0
72488,90039,8024,162527,80512,98063,0
71681,85618,72942,157299,144623,158560,1
30482,96980,83906,127462,114388,180886,1
20558,68080,47566,88638,68124,115646,1
57998,3665,67934,61663,125932,71599,0
93415,77016,1281,170431,94696,78297,0
25028,74401,46473,99429,71501,120874,0
6691,8494,15852,15185,22543,24346,0
37762,54251,54524,92013,92286,108775,1
24223,29377,37433,53600,61656,66810,1
61152,50730,42169,111882,103321,92899,1
47509,42615,22101,90124,69610,64716,1
44643,20782,27099,65425,71742,47881,1
599,21702,61081,22301,61680,82783,0
70266,9812,25682,80078,95948,35494,0
75117,18886,51033,94003,126150,69919,0
79065,69434,11147,148499,90212,80581,1
63872,56519,66331,120391,130203,122850,1
33873,12586,72149,46459,106022,84735,0
58294,51234,82050,109528,140344,133284,1
99097,12485,56357,111582,155454,68842,0
35670,6810,65302,42480,100972,72112,0
94159,25935,83524,120094,177683,109459,1
38110,63752,69739,101862,107849,133491,1
62541,29271,47874,91812,110415,77145,1
98314,15312,59263,113626,157577,74575,0
26438,53465,89931,79903,116369,143396,0
41011,3820,12186,44831,53197,16006,0
5409,91409,31689,96818,37098,123098,0
42445,19994,48200,62439,90645,68194,1
43935,95970,14995,139905,58930,110965,0
82965,72571,19891,155536,102856,92462,1
63862,5606,26517,69468,90379,32123,0
53286,22912,75513,76198,128799,98425,1
56379,16407,49931,72786,106310,66338,1
65746,37188,77834,102934,143580,115022,1
10458,11938,97832,22396,108290,109770,0
77007,52722,54908,129729,131915,107630,1
69208,63437,39332,132645,108540,102769,1
11172,49176,18060,60348,29232,67236,0
75623,94386,73421,170009,149044,167807,1
80863,93086,62383,173949,143246,155469,1
4051,52857,70503,56908,74554,123360,0
27479,4312,7604,31791,35083,11916,0
59833,21490,56149,81323,115982,77639,1
22228,92910,90856,115138,113084,183766,1
60206,19627,40403,79833,100609,60030,0
57063,39545,5379,96608,62442,44924,0
91379,61193,59871,152572,151250,121064,1
1399,82859,57574,84258,58973,140433,0
74928,60516,68153,135444,143081,128669,1
35821,60387,3988,96208,39809,64375,0
64479,71783,96447,136262,160926,168230,1
54215,9101,33503,63316,87718,42604,0
60732,77058,34675,137790,95407,111733,1
8836,58289,98708,67125,107544,156997,0
4778,81996,61946,86774,66724,143942,0
74320,72235,12560,146555,86880,84795,1
85977,98541,88015,184518,173992,186556,1
74751,89733,8246,164484,82997,97979,0
77740,27560,91087,105300,168827,118647,1
8728,91870,77732,100598,86460,169602,0
57548,95668,57320,153216,114868,152988,1
67368,7982,51013,75350,118381,58995,0
60224,3242,94713,63466,154937,97955,0
26779,93204,26961,119983,53740,120165,0
21792,25498,91201,47290,112993,116699,0
93262,68885,85604,162147,178866,154489,1
21503,22726,34336,44229,55839,57062,1
32576,72245,31669,104821,64245,103914,0
9741,793,49237,10534,58978,50030,0
4700,28610,22283,33310,26983,50893,0
40255,6353,74645,46608,114900,80998,0
95055,6096,94224,101151,189279,100320,1
36084,59834,48533,95918,84617,108367,1
66501,67100,94357,133601,160858,161457,1
34042,32994,8299,67036,42341,41293,1
88357,91419,6425,179776,94782,97844,1
29551,20327,88069,49878,117620,108396,0
86074,48054,36997,134128,123071,85051,0
21101,26524,22384,47625,43485,48908,1
35186,33265,69946,68451,105132,103211,0
9139,5410,13581,14549,22720,18991,1
59208,92798,42872,152006,102080,135670,1
63392,48023,47761,111415,111153,95784,1
41647,78027,83799,119674,125446,161826,1
38810,53856,19000,92666,57810,72856,1
36888,33670,11539,70558,48427,45209,1
7046,6553,66681,13599,73727,73234,0
96482,84842,65880,181324,162362,150722,1
49203,63274,24803,112477,74006,88077,1
63629,90800,10490,154429,74119,101290,0
45541,520,54703,46061,100244,55223,0
61833,25041,87468,86874,149301,112509,0
67782,3595,93563,71377,161345,97158,0
49188,80569,36282,129757,85470,116851,1
52217,3791,23152,56008,75369,26943,0
69098,25098,8113,94196,77211,33211,0
55221,8377,27528,63598,82749,35905,0
55349,21744,11782,77093,67131,33526,0
59687,74464,44628,134151,104315,119092,1
75149,42362,92650,117511,167799,135012,1
32669,664,16429,33333,49098,17093,0
29750,21100,35894,50850,65644,56994,1
73531,26166,13857,99697,87388,40023,0
38291,74047,3578,112338,41869,77625,0
72287,15065,59267,87352,131554,74332,1
88743,9303,11547,98046,100290,20850,0
80604,35789,69495,116393,150099,105284,1
34893,2068,36843,36961,71736,38911,1
84092,25205,55368,109297,139460,80573,0
8535,59412,40235,67947,48770,99647,0
78198,73456,99183,151654,177381,172639,1
13309,46243,72029,59552,85338,118272,0
30024,37121,22021,67145,52045,59142,1
53431,88176,6876,141607,60307,95052,0
4413,70437,28270,74850,32683,98707,0
23420,82582,75138,106002,98558,157720,1
34383,81139,72423,115522,106806,153562,1
52766,85084,56869,137850,109635,141953,1
34998,41664,39502,76662,74500,81166,1
71665,65525,51734,137190,123399,117259,1
36374,34588,32314,70962,68688,66902,1
80166,45899,69298,126065,149464,115197,1
43861,72830,95582,116691,139443,168412,1
87286,14071,25875,101357,113161,39946,0
96039,17537,13710,113576,109749,31247,0
19034,61242,24961,80276,43995,86203,0
78795,73823,55452,152618,134247,129275,1
42686,35011,82051,77697,124737,117062,0
50378,15847,92275,66225,142653,108122,0
31329,68144,13210,99473,44539,81354,0
87139,43738,77403,130877,164542,121141,1
73002,90456,33452,163458,106454,123908,1
41441,56892,70202,98333,111643,127094,1
66698,29877,57500,96575,124198,87377,1
47006,7110,60606,54116,107612,67716,0
50443,57767,44478,108210,94921,102245,1
85255,94523,73377,179778,158632,167900,1
55165,97420,59101,152585,114266,156521,1
92091,34587,2102,126678,94193,36689,0
38295,82955,30356,121250,68651,113311,0
63687,66746,65266,130433,128953,132012,1
87644,6335,16501,93979,104145,22836,0
41817,14831,40407,56648,82224,55238,1
8549,18069,47275,26618,55824,65344,0
37760,94348,8284,132108,46044,102632,0
34845,64697,2728,99542,37573,67425,0
40698,80292,99754,120990,140452,180046,1
74137,2852,42025,76989,116162,44877,0
65063,93286,35221,158349,100284,128507,1
36718,51396,58997,88114,95715,110393,1
89537,16123,7361,105660,96898,23484,0
95918,34543,92087,130461,188005,126630,1
57306,49016,87171,106322,144477,136187,1
57224,97189,8290,154413,65514,105479,0
85615,65192,90535,150807,176150,155727,1
26068,82441,24625,108509,50693,107066,0
69600,17353,59576,86953,129176,76929,1
7802,38217,6590,46019,14392,44807,0
47159,9056,27928,56215,75087,36984,0
17747,35780,62563,53527,80310,98343,0
90682,28771,95537,119453,186219,124308,1
83274,5766,56603,89040,139877,62369,0
23389,33421,49007,56810,72396,82428,1
33256,49320,58665,82576,91921,107985,1
34519,79932,85129,114451,119648,165061,1
38681,87969,72545,126650,111226,160514,1
9058,28821,12442,37879,21500,41263,0
23368,54677,94852,78045,118220,149529,0
79160,95865,2274,175025,81434,98139,0
58997,1360,47289,60357,106286,48649,0
21135,20911,24202,42046,45337,45113,1
50080,73548,6139,123628,56219,79687,0
61046,19928,64015,80974,125061,83943,1
1979,16983,59848,18962,61827,76831,0
74251,50170,16269,124421,90520,66439,0
55099,2516,32761,57615,87860,35277,0
3064,66930,60733,69994,63797,127663,0
13014,8484,75080,21498,88094,83564,0
8911,43822,37521,52733,46432,81343,1
35434,12129,34788,47563,70222,46917,1
75449,39134,22923,114583,98372,62057,0
90755,79006,33896,169761,124651,112902,1
67945,6023,96013,73968,163958,102036,0
45804,58727,13533,104531,59337,72260,1
22778,27792,91830,50570,114608,119622,0
16505,39283,28942,55788,45447,68225,1
20925,44133,64557,65058,85482,108690,1
69299,34429,82584,103728,151883,117013,1
40396,42390,54810,82786,95206,97200,1
83782,84071,55927,167853,139709,139998,1
36528,96236,82966,132764,119494,179202,1
77312,57652,91296,134964,168608,148948,1
75024,29547,46287,104571,121311,75834,1
80295,31051,14204,111346,94499,45255,0
83319,48375,109,131694,83428,48484,0
35587,69051,42856,104638,78443,111907,1
21881,42565,12647,64446,34528,55212,0
91193,66648,56387,157841,147580,123035,1
98742,67299,68814,166041,167556,136113,1
43124,48731,43686,91855,86810,92417,1
23362,75814,84394,99176,107756,160208,1
46652,38543,43983,85195,90635,82526,1
61062,78904,74772,139966,135834,153676,1
9578,65444,11670,75022,21248,77114,0
9289,60608,86689,69897,95978,147297,0
81541,11825,30574,93366,112115,42399,0
33824,84678,64363,118502,98187,149041,1
54194,81651,90885,135845,145079,172536,1
2488,56588,27440,59076,29928,84028,0
32345,65983,92146,98328,124491,158129,1
81796,74170,35135,155966,116931,109305,1
13491,37155,34482,50646,47973,71637,1
41371,73832,24523,115203,65894,98355,0
78515,3973,22878,82488,101393,26851,0
23358,49044,65604,72402,88962,114648,1
14748,12873,33078,27621,47826,45951,0
23288,10733,18917,34021,42205,29650,1
2667,94779,93572,97446,96239,188351,1
95724,76561,45813,172285,141537,122374,1
2272,4162,19957,6434,22229,24119,0
23895,33475,69935,57370,93830,103410,0
56853,11670,39178,68523,96031,50848,0
1525,37672,98363,39197,99888,136035,0
13563,53353,20081,66916,33644,73434,0
35068,87221,22908,122289,57976,110129,0
2279,38787,66491,41066,68770,105278,0
79841,43286,2665,123127,82506,45951,0
49387,74750,29569,124137,78956,104319,1
40579,1669,3811,42248,44390,5480,0
8978,38985,49161,47963,58139,88146,0
81253,82588,8834,163841,90087,91422,1
44958,50731,69807,95689,114765,120538,1
78336,31679,49038,110015,127374,80717,1
82319,83778,30505,166097,112824,114283,1
83862,47844,91606,131706,175468,139450,1
96302,72799,81862,169101,178164,154661,1
87416,35462,54294,122878,141710,89756,1
21708,992,78280,22700,99988,79272,0
53267,3815,96420,57082,149687,100235,0
46588,43080,72276,89668,118864,115356,1
24416,99016,99355,123432,123771,198371,1
38133,73211,39890,111344,78023,113101,1
36151,64627,52958,100778,89109,117585,1
10925,65730,32287,76655,43212,98017,0
70600,96449,21575,167049,92175,118024,0
34107,19770,26481,53877,60588,46251,1
20248,50052,97896,70300,118144,147948,0
86626,77498,39544,164124,126170,117042,1
38049,74519,86353,112568,124402,160872,1
8082,1166,40092,9248,48174,41258,0
25055,55408,46209,80463,71264,101617,1
39572,71254,95765,110826,135337,167019,1
9714,72558,35461,82272,45175,108019,0
92346,19491,9771,111837,102117,29262,0
26896,19278,29628,46174,56524,48906,1
9781,29795,23124,39576,32905,52919,1
28093,28579,90327,56672,118420,118906,0
59531,89218,79035,148749,138566,168253,1
66692,74874,37050,141566,103742,111924,1
10315,42527,78540,52842,88855,121067,0
48069,64980,4467,113049,52536,69447,0
3275,45423,54947,48698,58222,100370,0
23860,94082,61287,117942,85147,155369,0
5716,73052,87378,78768,93094,160430,0
90430,91958,18762,182388,109192,110720,1
5845,3174,11479,9019,17324,14653,0
24869,59375,83351,84244,108220,142726,1
74545,887,39341,75432,113886,40228,0
5277,15271,62962,20548,68239,78233,0
80768,35271,38969,116039,119737,74240,0
78294,60462,76582,138756,154876,137044,1
71952,67329,61349,139281,133301,128678,1
53310,45750,60940,99060,114250,106690,1
15919,55219,43912,71138,59831,99131,1
88914,14244,65185,103158,154099,79429,0
79210,50363,46031,129573,125241,96394,1
57274,4896,75572,62170,132846,80468,0
21968,55215,38497,77183,60465,93712,1
25295,51127,53877,76422,79172,105004,1
38495,2147,94714,40642,133209,96861,0
75742,86854,48229,162596,123971,135083,1
51877,40834,70856,92711,122733,111690,1
47291,25100,9691,72391,56982,34791,0
93665,28596,3752,122261,97417,32348,0
83160,65697,8051,148857,91211,73748,0
12690,98661,60963,111351,73653,159624,0
51214,32516,61426,83730,112640,93942,1
4200,92348,77708,96548,81908,170056,0
76271,57440,22161,133711,98432,79601,1
10846,52803,81396,63649,92242,134199,0
54611,55930,25889,110541,80500,81819,1
16213,80190,98658,96403,114871,178848,0
19170,8468,82322,27638,101492,90790,0
16868,49960,32746,66828,49614,82706,0
60319,13606,14800,73925,75119,28406,0
121,40050,2536,40171,2657,42586,0
30655,78686,11267,109341,41922,89953,0
12032,4837,75435,16869,87467,80272,0
93733,5635,8849,99368,102582,14484,0
4242,31340,96612,35582,100854,127952,0
27800,73663,10330,101463,38130,83993,0
53134,31329,93888,84463,147022,125217,0
11893,22169,97855,34062,109748,120024,0
32190,39869,26190,72059,58380,66059,1
80927,43435,30064,124362,110991,73499,0
63557,23381,61793,86938,125350,85174,1
49806,17804,34608,67610,84414,52412,1
35588,45166,90230,80754,125818,135396,0
10652,2481,51882,13133,62534,54363,0
31127,9029,46207,40156,77334,55236,0
99477,24201,38687,123678,138164,62888,0
2178,34996,70268,37174,72446,105264,0
24733,35231,75764,59964,100497,110995,0
20551,2472,43257,23023,63808,45729,0
23610,78216,18776,101826,42386,96992,0
86146,71180,88839,157326,174985,160019,1
80131,71362,63998,151493,144129,135360,1
19402,83406,68556,102808,87958,151962,1
51348,22208,99560,73556,150908,121768,0
46220,67664,1291,113884,47511,68955,0
3806,60739,78642,64545,82448,139381,0
2756,15112,70157,17868,72913,85269,0
16794,45224,74301,62018,91095,119525,0
49705,97181,70511,146886,120216,167692,1
65066,20122,84789,85188,149855,104911,1
86809,67380,45845,154189,132654,113225,1
8597,79356,49906,87953,58503,129262,0
72184,20509,18728,92693,90912,39237,0
51157,33822,71766,84979,122923,105588,1
9598,14811,36880,24409,46478,51691,0
59203,35067,9385,94270,68588,44452,0
27817,43246,34142,71063,61959,77388,1
36469,74592,1256,111061,37725,75848,0
36367,30504,71800,66871,108167,102304,0
47875,48431,16301,96306,64176,64732,1
22397,77469,43949,99866,66346,121418,0
9363,5022,40295,14385,49658,45317,0
94940,92300,81642,187240,176582,173942,1
1739,95842,63854,97581,65593,159696,0
98634,45964,2441,144598,101075,48405,0
91124,74549,62659,165673,153783,137208,1
81293,42740,99324,124033,180617,142064,1
22730,60321,40501,83051,63231,100822,1
12404,99040,68420,111444,80824,167460,0
57807,62430,97070,120237,154877,159500,1
96870,85981,14899,182851,111769,100880,1
82132,55167,16336,137299,98468,71503,0
62274,46368,82359,108642,144633,128727,1
23273,9440,33229,32713,56502,42669,0
28916,32117,92868,61033,121784,124985,0
85944,68426,10859,154370,96803,79285,0
31795,8021,96810,39816,128605,104831,0
33828,77389,19192,111217,53020,96581,0
88532,39930,34538,128462,123070,74468,0
51421,98051,80859,149472,132280,178910,1
43748,64901,46818,108649,90566,111719,1
31702,96710,95259,128412,126961,191969,1
30295,27118,46976,57413,77271,74094,1
46436,36955,92733,83391,139169,129688,0
13687,23318,16418,37005,30105,39736,1
79956,56397,9860,136353,89816,66257,0
772,10853,4333,11625,5105,15186,0
92237,11823,42251,104060,134488,54074,0
8280,87257,22921,95537,31201,110178,0
69408,326,83468,69734,152876,83794,0
6162,47736,50632,53898,56794,98368,1
11096,54653,56594,65749,67690,111247,1
20280,39722,7209,60002,27489,46931,0
96883,51235,70362,148118,167245,121597,1
28689,11126,50551,39815,79240,61677,0
93448,81863,40300,175311,133748,122163,1
99748,40320,50243,140068,149991,90563,0
80573,49015,97536,129588,178109,146551,1
78077,32331,38308,110408,116385,70639,0
25164,99545,77213,124709,102377,176758,1
97897,75809,15450,173706,113347,91259,0
18213,96155,16772,114368,34985,112927,0
23528,52448,69665,75976,93193,122113,1
39640,19885,87332,59525,126972,107217,0
98258,50413,70075,148671,168333,120488,1
36664,7829,51623,44493,88287,59452,0
85436,60495,78011,145931,163447,138506,1
75071,67380,88014,142451,163085,155394,1
50166,29036,18925,79202,69091,47961,0
52094,77097,43306,129191,95400,120403,1
96084,71740,99124,167824,195208,170864,1
35640,24433,74271,60073,109911,98704,0
91429,73654,97520,165083,188949,171174,1
52305,52049,73655,104354,125960,125704,1
43791,77656,19686,121447,63477,97342,0
32793,22795,17727,55588,50520,40522,1
41627,95568,40925,137195,82552,136493,0
97218,1171,35554,98389,132772,36725,0
12306,11053,61088,23359,73394,72141,0
69863,87359,98777,157222,168640,186136,1
39844,73895,62740,113739,102584,136635,1
99893,49671,59546,149564,159439,109217,1
9449,95138,90592,104587,100041,185730,1
71016,83575,89728,154591,160744,173303,1
8135,81922,37883,90057,46018,119805,0
160,86488,27918,86648,28078,114406,0
35015,99989,55047,135004,90062,155036,0
90573,41357,99687,131930,190260,141044,1
83457,83502,19733,166959,103190,103235,1
72924,89656,13283,162580,86207,102939,0
65625,76417,90498,142042,156123,166915,1
54043,77562,33405,131605,87448,110967,1
58319,55582,89323,113901,147642,144905,1
38982,83156,35150,122138,74132,118306,0
24274,85792,9875,110066,34149,95667,0
54273,88822,16187,143095,70460,105009,0
79861,30202,94943,110063,174804,125145,1
88372,64998,3592,153370,91964,68590,0
43768,53012,21079,96780,64847,74091,1
58103,33625,41547,91728,99650,75172,1
37872,53694,9558,91566,47430,63252,0
28431,98664,31369,127095,59800,130033,0
57620,52785,78278,110405,135898,131063,1
14070,37441,86391,51511,100461,123832,0
92511,3680,69206,96191,161717,72886,0
31857,86803,96819,118660,128676,183622,1
77907,35534,69753,113441,147660,105287,1
21626,41117,82749,62743,104375,123866,0
12610,6279,74871,18889,87481,81150,0
99574,72859,68590,172433,168164,141449,1
97381,98443,3918,195824,101299,102361,1
63771,88566,64417,152337,128188,152983,1
91884,93621,31762,185505,123646,125383,1
63006,48611,13494,111617,76500,62105,0
42235,21787,79277,64022,121512,101064,0
42057,11094,45271,53151,87328,56365,1
86200,96897,7500,183097,93700,104397,0
78926,66532,69948,145458,148874,136480,1
55477,19281,81015,74758,136492,100296,0
60027,55719,93182,115746,153209,148901,1
58582,53812,44078,112394,102660,97890,1
16425,58277,75523,74702,91948,133800,0
61486,75836,55206,137322,116692,131042,1
99214,5722,44997,104936,144211,50719,0
5993,22880,15911,28873,21904,38791,0
98232,2550,85939,100782,184171,88489,0
35707,4376,43481,40083,79188,47857,0
21866,55066,44664,76932,66530,99730,1
69932,40542,70267,110474,140199,110809,1
37537,33804,61917,71341,99454,95721,1
78593,78088,22400,156681,100993,100488,1
85272,44542,86296,129814,171568,130838,1
81974,49141,77390,131115,159364,126531,1
7389,53594,14384,60983,21773,67978,0
45939,41307,11411,87246,57350,52718,1
50325,44248,8430,94573,58755,52678,1
60552,23910,35075,84462,95627,58985,0
60616,57813,80078,118429,140694,137891,1
40522,15689,42133,56211,82655,57822,1
22573,87767,93281,110340,115854,181048,1
4326,29721,32867,34047,37193,62588,1
83938,47904,85376,131842,169314,133280,1
46690,38358,30643,85048,77333,69001,1
9131,38201,53719,47332,62850,91920,0
60707,57325,7309,118032,68016,64634,1
31015,82694,92658,113709,123673,175352,1
98470,89867,77813,188337,176283,167680,1
92649,76452,30862,169101,123511,107314,1
58785,47964,68357,106749,127142,116321,1
77853,30701,93908,108554,171761,124609,1
20285,43504,49303,63789,69588,92807,1
81009,94615,15487,175624,96496,110102,1
62235,25854,7657,88089,69892,33511,0
40668,9678,26108,50346,66776,35786,0
54711,76726,16178,131437,70889,92904,0
90986,42066,8148,133052,99134,50214,0
26258,89927,4827,116185,31085,94754,0
91133,84665,26737,175798,117870,111402,1
28221,79966,16885,108187,45106,96851,0
99655,87254,38303,186909,137958,125557,1
71192,93355,41862,164547,113054,135217,1
87143,84971,87540,172114,174683,172511,1
44958,40712,30531,85670,75489,71243,1
5915,84110,33557,90025,39472,117667,0
20373,73561,22201,93934,42574,95762,0
24582,88663,53661,113245,78243,142324,0
27080,28432,8242,55512,35322,36674,1
93000,2091,14970,95091,107970,17061,0
35069,16908,80306,51977,115375,97214,0
26304,53666,16565,79970,42869,70231,0
35126,49331,74008,84457,109134,123339,1
38045,18169,79584,56214,117629,97753,0
22820,87839,20557,110659,43377,108396,0
98619,41589,46555,140208,145174,88144,0
38560,60325,41544,98885,80104,101869,1
66711,54442,41146,121153,107857,95588,1
92045,22503,57063,114548,149108,79566,0
70860,47927,64361,118787,135221,112288,1
70984,43804,62287,114788,133271,106091,1
62994,17931,8963,80925,71957,26894,0
72582,23541,71691,96123,144273,95232,1
98806,48341,24305,147147,123111,72646,0
43748,57539,7661,101287,51409,65200,0
27529,48098,67220,75627,94749,115318,1
87804,64232,22668,152036,110472,86900,0
41094,21419,69895,62513,110989,91314,0
5309,30355,44891,35664,50200,75246,0
53473,80828,31656,134301,85129,112484,1
48258,34898,34617,83156,82875,69515,1
52715,71405,20294,124120,73009,91699,1
94054,1108,29690,95162,123744,30798,0
52082,23865,93996,75947,146078,117861,0
14232,50675,49677,64907,63909,100352,1
73661,82618,89460,156279,163121,172078,1
55471,81144,72045,136615,127516,153189,1
25195,65309,52756,90504,77951,118065,1
54386,77405,51938,131791,106324,129343,1
40808,6575,16538,47383,57346,23113,0
34826,33263,81836,68089,116662,115099,0
24807,46965,31503,71772,56310,78468,1
23247,62691,83464,85938,106711,146155,1
67074,93340,73492,160414,140566,166832,1
98480,86068,82895,184548,181375,168963,1
80608,98895,41384,179503,121992,140279,1
82845,22714,71960,105559,154805,94674,1
94238,41513,82743,135751,176981,124256,1
16134,59383,81845,75517,97979,141228,0
85031,74235,62214,159266,147245,136449,1
65442,81300,43593,146742,109035,124893,1
84061,37306,19544,121367,103605,56850,0
58007,49829,9545,107836,67552,59374,1
67489,53140,91917,120629,159406,145057,1
46792,23834,97650,70626,144442,121484,0
87634,47814,56745,135448,144379,104559,1
19457,87734,57550,107191,77007,145284,0
34824,64045,89847,98869,124671,153892,1
92583,85266,92837,177849,185420,178103,1
16426,86221,84825,102647,101251,171046,1
96475,4921,80201,101396,176676,85122,0
6379,28164,85710,34543,92089,113874,0
76682,54308,79712,130990,156394,134020,1
82068,60486,94453,142554,176521,154939,1
79673,27659,86769,107332,166442,114428,1
46324,93218,49595,139542,95919,142813,1
93969,97281,1058,191250,95027,98339,0
72267,70840,30892,143107,103159,101732,1
26374,42271,99426,68645,125800,141697,0
16782,73139,51719,89921,68501,124858,0
44973,27495,52128,72468,97101,79623,1
92280,61205,25541,153485,117821,86746,0
61701,27791,85118,89492,146819,112909,1
56343,68557,11166,124900,67509,79723,0
294,46957,63980,47251,64274,110937,0
35117,66774,10756,101891,45873,77530,0
28438,2664,99513,31102,127951,102177,0
6213,30337,69135,36550,75348,99472,0
6141,11196,28,17337,6169,11224,0
61957,63538,25568,125495,87525,89106,1
92809,20871,26122,113680,118931,46993,0
50133,22806,76026,72939,126159,98832,0
84582,1525,95532,86107,180114,97057,0
27385,43875,27701,71260,55086,71576,1
16114,51709,95940,67823,112054,147649,0
10268,31400,4335,41668,14603,35735,0
49184,21158,74439,70342,123623,95597,0
57543,3234,25642,60777,83185,28876,0
64861,45080,3520,109941,68381,48600,0
57367,76044,83446,133411,140813,159490,1
52862,44756,97840,97618,150702,142596,0
9578,5710,2351,15288,11929,8061,0
92259,56744,81272,149003,173531,138016,1
30969,34786,26305,65755,57274,61091,1
33991,224,82961,34215,116952,83185,0
53554,44021,12777,97575,66331,56798,1
54506,94466,97367,148972,151873,191833,1
64478,23645,47614,88123,112092,71259,1
54338,54623,64112,108961,118450,118735,1
69587,95061,79879,164648,149466,174940,1
50442,85724,30402,136166,80844,116126,0
30683,23728,61836,54411,92519,85564,0
6379,62429,53697,68808,60076,116126,0
11579,18100,15253,29679,26832,33353,1
69714,69389,80026,139103,149740,149415,1
23672,88881,35612,112553,59284,124493,0
96118,95843,48560,191961,144678,144403,1
27515,79519,18002,107034,45517,97521,0
47115,87715,71841,134830,118956,159556,1
89942,23172,91709,113114,181651,114881,1
95484,67853,33242,163337,128726,101095,1
26932,99873,98573,126805,125505,198446,1
78157,90491,14957,168648,93114,105448,1
63763,52685,13255,116448,77018,65940,1
99046,21039,65261,120085,164307,86300,0
77915,97893,48026,175808,125941,145919,1
30107,74555,52188,104662,82295,126743,1
40700,60384,35417,101084,76117,95801,1
26006,58106,32119,84112,58125,90225,1
89873,69146,16686,159019,106559,85832,0
15368,31831,93905,47199,109273,125736,0
39557,64540,33953,104097,73510,98493,1
93585,2486,16947,96071,110532,19433,0
91696,93808,20534,185504,112230,114342,1
2775,52942,37730,55717,40505,90672,0
81255,77421,49872,158676,131127,127293,1
97914,73186,67700,171100,165614,140886,1
71840,72640,53231,144480,125071,125871,1
86110,94305,24278,180415,110388,118583,1
52646,31063,98980,83709,151626,130043,0
19539,53334,75286,72873,94825,128620,0
31004,72655,77075,103659,108079,149730,1
68613,8710,11495,77323,80108,20205,0
28315,80860,84275,109175,112590,165135,1
93278,63242,60814,156520,154092,124056,1
62080,36448,56649,98528,118729,93097,1
41023,78935,48932,119958,89955,127867,1
13477,42189,72625,55666,86102,114814,0
82866,17379,3064,100245,85930,20443,0
84757,25105,13626,109862,98383,38731,0
55445,73164,24730,128609,80175,97894,1
31712,46945,79830,78657,111542,126775,0
61825,1254,19275,63079,81100,20529,0
5561,70000,81565,75561,87126,151565,0
80980,86216,29185,167196,110165,115401,1
88705,95708,67674,184413,156379,163382,1
78949,65072,96035,144021,174984,161107,1
6702,74367,94367,81069,101069,168734,0
29063,47887,75816,76950,104879,123703,1
12052,20955,76720,33007,88772,97675,0
68492,99746,57620,168238,126112,157366,1
36393,52477,61248,88870,97641,113725,1
43080,31866,5915,74946,48995,37781,0
48878,25019,20135,73897,69013,45154,0
47358,15730,42337,63088,89695,58067,1
95318,86386,39734,181704,135052,126120,1
96015,24097,90428,120112,186443,114525,1
3002,26044,36553,29046,39555,62597,0
61704,36200,26584,97904,88288,62784,1
14175,44305,98045,58480,112220,142350,0
60916,90960,39821,151876,100737,130781,1
96936,53780,19721,150716,116657,73501,0
95425,5800,22170,101225,117595,27970,0
90539,50928,64330,141467,154869,115258,1
29358,16121,53112,45479,82470,69233,0
17812,65119,55362,82931,73174,120481,1
33241,58939,26831,92180,60072,85770,1
94280,37056,74185,131336,168465,111241,1
68887,76777,27238,145664,96125,104015,1
46974,88311,64377,135285,111351,152688,1
298,75788,15559,76086,15857,91347,0
41774,54310,22721,96084,64495,77031,1
27858,21785,80137,49643,107995,101922,0
65832,12308,51112,78140,116944,63420,0
92631,5233,64278,97864,156909,69511,0
56762,73643,94650,130405,151412,168293,1
80727,77117,21292,157844,102019,98409,1
80417,64333,82327,144750,162744,146660,1
66913,22045,50688,88958,117601,72733,1
14628,26493,6264,41121,20892,32757,0
75721,43637,72306,119358,148027,115943,1
54065,61409,88487,115474,142552,149896,1
29670,24832,53603,54502,83273,78435,1
89195,41682,10559,130877,99754,52241,0
94212,30846,3796,125058,98008,34642,0
717,90525,94355,91242,95072,184880,0
95781,25249,91966,121030,187747,117215,1
90550,55269,69938,145819,160488,125207,1
90927,71081,31279,162008,122206,102360,1
46451,95137,94372,141588,140823,189509,1
21393,88914,84052,110307,105445,172966,1
35426,23262,6387,58688,41813,29649,0
59898,93760,21659,153658,81557,115419,0
7522,84024,30435,91546,37957,114459,0
60401,85891,66135,146292,126536,152026,1
62242,36089,54524,98331,116766,90613,1
50346,63913,50532,114259,100878,114445,1
41449,8829,41345,50278,82794,50174,1
53063,16388,8098,69451,61161,24486,0
37307,8521,95661,45828,132968,104182,0
9503,32233,42049,41736,51552,74282,0
38353,91681,40417,130034,78770,132098,0
85618,49797,68244,135415,153862,118041,1
20667,76758,97513,97425,118180,174271,0
36361,30932,41631,67293,77992,72563,1
93524,19828,14371,113352,107895,34199,0
96028,18511,97713,114539,193741,116224,1
68700,64675,79569,133375,148269,144244,1
81431,61530,67782,142961,149213,129312,1
74892,93699,59816,168591,134708,153515,1
97366,98779,87480,196145,184846,186259,1
63249,20488,22904,83737,86153,43392,0
56386,81154,33702,137540,90088,114856,1
72943,59767,30942,132710,103885,90709,1
16648,1814,5716,18462,22364,7530,0
98364,57831,25206,156195,123570,83037,0
70590,74481,28818,145071,99408,103299,1
82447,52598,96981,135045,179428,149579,1
91173,79956,68083,171129,159256,148039,1
27904,76805,28324,104709,56228,105129,0
38421,88362,78763,126783,117184,167125,1
36055,27417,83715,63472,119770,111132,0
58251,57861,45517,116112,103768,103378,1
16908,38147,59106,55055,76014,97253,0
79772,82774,68453,162546,148225,151227,1
82279,52862,70998,135141,153277,123860,1
1299,25827,79639,27126,80938,105466,0
51013,79518,97900,130531,148913,177418,1
76952,82535,32831,159487,109783,115366,1
42767,31846,84711,74613,127478,116557,0
53027,14196,31071,67223,84098,45267,0
36953,77491,32756,114444,69709,110247,0
14393,60759,11044,75152,25437,71803,0
57000,57542,95230,114542,152230,152772,1
49646,83565,53193,133211,102839,136758,1
18566,16240,98588,34806,117154,114828,0
2311,47160,2912,49471,5223,50072,0
69688,71037,49055,140725,118743,120092,1
27770,79063,88190,106833,115960,167253,1
25597,40052,37445,65649,63042,77497,1
95160,70171,47582,165331,142742,117753,1
49164,71462,11577,120626,60741,83039,0
46236,16164,10573,62400,56809,26737,0
98503,18700,93470,117203,191973,112170,1
52383,32833,9516,85216,61899,42349,0
27743,59169,55556,86912,83299,114725,1
99628,24172,96479,123800,196107,120651,1
54197,45554,92018,99751,146215,137572,1
29618,39370,56390,68988,86008,95760,1
34404,5463,74786,39867,109190,80249,0
28814,1168,2620,29982,31434,3788,0
39407,56251,78369,95658,117776,134620,1
49305,80487,25217,129792,74522,105704,0
15831,20346,67657,36177,83488,88003,0
61902,66923,52798,128825,114700,119721,1
72567,2985,25408,75552,97975,28393,0
24366,62866,41993,87232,66359,104859,1
16651,9381,14306,26032,30957,23687,1
72389,832,71251,73221,143640,72083,0
24037,79281,33039,103318,57076,112320,0
82569,85203,41427,167772,123996,126630,1
23213,75427,80049,98640,103262,155476,1
32302,58873,85262,91175,117564,144135,1
20272,84303,69843,104575,90115,154146,1
86503,71176,48929,157679,135432,120105,1
77843,86307,8705,164150,86548,95012,1
35356,54819,15124,90175,50480,69943,0
38742,96670,55709,135412,94451,152379,0
31296,14754,52767,46050,84063,67521,0
12122,33107,82246,45229,94368,115353,0
29476,65168,49040,94644,78516,114208,1
18533,54775,92898,73308,111431,147673,0
61629,15334,83394,76963,145023,98728,0
51257,20984,63260,72241,114517,84244,1
56279,48647,8344,104926,64623,56991,1
39483,22349,35506,61832,74989,57855,1
6036,16420,84222,22456,90258,100642,0
95273,23483,24196,118756,119469,47679,0
35933,80683,64695,116616,100628,145378,1
84771,80863,61571,165634,146342,142434,1
6440,18156,90430,24596,96870,108586,0
99728,75894,57009,175622,156737,132903,1
86904,22045,75998,108949,162902,98043,1
75479,99344,71629,174823,147108,170973,1
57626,52734,83169,110360,140795,135903,1
63379,92960,91906,156339,155285,184866,1
2004,95149,62373,97153,64377,157522,0
68147,51603,99233,119750,167380,150836,1
42120,86875,30057,128995,72177,116932,0
87688,71232,45358,158920,133046,116590,1
62486,10594,21593,73080,84079,32187,0
52690,80108,95612,132798,148302,175720,1
82878,98083,20200,180961,103078,118283,1
15246,80167,61907,95413,77153,142074,0
10274,35199,6118,45473,16392,41317,0
46529,23818,95428,70347,141957,119246,0
90481,35652,30919,126133,121400,66571,0
90126,89315,16188,179441,106314,105503,1
11344,20599,39628,31943,50972,60227,0
25824,54700,90774,80524,116598,145474,0
90314,43067,81644,133381,171958,124711,1
60906,51904,30566,112810,91472,82470,1
77122,80068,14016,157190,91138,94084,1
3459,41937,55614,45396,59073,97551,0
75778,55080,77112,130858,152890,132192,1
44985,107,36874,45092,81859,36981,0
55203,5358,82447,60561,137650,87805,0
91656,74276,54787,165932,146443,129063,1
57459,4687,53305,62146,110764,57992,1
69879,31213,58871,101092,128750,90084,1
11243,67563,14080,78806,25323,81643,0
86788,12924,80643,99712,167431,93567,1
74759,7499,80753,82258,155512,88252,1
54859,64207,20537,119066,75396,84744,1
84762,56078,18674,140840,103436,74752,0
40597,45539,35840,86136,76437,81379,1
23996,22746,13640,46742,37636,36386,1
82826,4944,62829,87770,145655,67773,0
24013,26582,73933,50595,97946,100515,0
93074,94899,4222,187973,97296,99121,1
85979,84959,614,170938,86593,85573,0
54670,20466,42909,75136,97579,63375,1
43229,80288,16564,123517,59793,96852,0
63227,60094,8698,123321,71925,68792,1
3377,99611,13328,102988,16705,112939,0
7223,84633,9570,91856,16793,94203,0
11756,91605,88263,103361,100019,179868,1
5515,68746,35602,74261,41117,104348,0
55819,51528,61002,107347,116821,112530,1
61709,57741,90120,119450,151829,147861,1
25649,44145,29589,69794,55238,73734,1
35477,66242,82023,101719,117500,148265,1
84407,77000,89136,161407,173543,166136,1
84982,27271,36065,112253,121047,63336,0
8353,13708,47554,22061,55907,61262,0
65718,47447,34770,113165,100488,82217,1
48008,27771,20474,75779,68482,48245,1
96719,41531,50324,138250,147043,91855,0
22949,17806,49941,40755,72890,67747,0
41720,60533,71830,102253,113550,132363,1
55518,77565,91358,133083,146876,168923,1
5456,38113,2260,43569,7716,40373,0
92131,6910,55749,99041,147880,62659,0
64899,64017,14279,128916,79178,78296,1
49274,74009,71170,123283,120444,145179,1
12864,43345,26466,56209,39330,69811,0
28388,14826,13649,43214,42037,28475,1
58185,98233,91392,156418,149577,189625,1
92892,47195,91306,140087,184198,138501,1
29098,51926,69163,81024,98261,121089,1
8109,14975,49725,23084,57834,64700,0
41332,89784,45640,131116,86972,135424,0
720,52404,89744,53124,90464,142148,0
4711,48592,42664,53303,47375,91256,0
95671,26126,72425,121797,168096,98551,1
70077,10627,50033,80704,120110,60660,0
19659,76985,32761,96644,52420,109746,0
99829,67007,24715,166836,124544,91722,0
39553,28820,67740,68373,107293,96560,1
76492,46221,15800,122713,92292,62021,0
34471,56214,92078,90685,126549,148292,0
39423,27955,62324,67378,101747,90279,1
1349,79223,72461,80572,73810,151684,0
21324,97775,4486,119099,25810,102261,0
21421,89330,85501,110751,106922,174831,1
18925,62788,15402,81713,34327,78190,0
5488,71418,80245,76906,85733,151663,0
4881,70071,95371,74952,100252,165442,0
5437,59035,80858,64472,86295,139893,0
98547,18059,27177,116606,125724,45236,0
92522,99804,91692,192326,184214,191496,1
41578,66614,19793,108192,61371,86407,0
24174,92286,65067,116460,89241,157353,0
62503,78312,70270,140815,132773,148582,1
46800,13391,78078,60191,124878,91469,0
81082,21830,71491,102912,152573,93321,1
73904,99685,60152,173589,134056,159837,1
33684,29237,5930,62921,39614,35167,1
51629,88468,39257,140097,90886,127725,1
41841,13855,92051,55696,133892,105906,0
26858,46989,12046,73847,38904,59035,0
23701,95702,98359,119403,122060,194061,1
80578,77109,20500,157687,101078,97609,1
1175,34607,27288,35782,28463,61895,0
18013,49545,66840,67558,84853,116385,1
44464,65186,85909,109650,130373,151095,1
84077,69925,68646,154002,152723,138571,1
62807,39298,94730,102105,157537,134028,1
24299,47768,34393,72067,58692,82161,1
31190,15559,33619,46749,64809,49178,1
80593,56816,30451,137409,111044,87267,1
88796,71205,59755,160001,148551,130960,1
23880,83012,15659,106892,39539,98671,0
20274,28802,59701,49076,79975,88503,0
54082,6406,24716,60488,78798,31122,0
42375,35686,64491,78061,106866,100177,1
3386,19373,76183,22759,79569,95556,0
20989,67008,41884,87997,62873,108892,0
83903,55006,45316,138909,129219,100322,1
14389,97154,23967,111543,38356,121121,0
21107,68209,25393,89316,46500,93602,0
5148,20776,63724,25924,68872,84500,0
60620,44024,50893,104644,111513,94917,1
87404,38429,86740,125833,174144,125169,1
84412,29094,76398,113506,160810,105492,1
37977,57311,79598,95288,117575,136909,1
93126,14566,91504,107692,184630,106070,1
56832,64487,85126,121319,141958,149613,1
85306,12910,48879,98216,134185,61789,0
61059,52807,67657,113866,128716,120464,1
30569,92984,64185,123553,94754,157169,1
85607,91430,46743,177037,132350,138173,1
76327,57852,14813,134179,91140,72665,0
4363,45161,27404,49524,31767,72565,0
75844,57729,42559,133573,118403,100288,1
79614,10289,43260,89903,122874,53549,0
3494,73695,85208,77189,88702,158903,0
19556,69467,44139,89023,63695,113606,0
61899,58593,86249,120492,148148,144842,1
66603,68973,9538,135576,76141,78511,1
40385,47152,95617,87537,136002,142769,0
75821,64144,26693,139965,102514,90837,1
91547,61742,76862,153289,168409,138604,1
57536,13629,80416,71165,137952,94045,0
18839,57414,64392,76253,83231,121806,1
28370,36717,83606,65087,111976,120323,0
24709,75889,24822,100598,49531,100711,0
54974,12164,2174,67138,57148,14338,0
62079,68469,78069,130548,140148,146538,1
2695,93688,23737,96383,26432,117425,0
58891,30531,78466,89422,137357,108997,1
26339,71463,49791,97802,76130,121254,1
28598,55895,87631,84493,116229,143526,0
89343,34884,5667,124227,95010,40551,0
10250,67175,80556,77425,90806,147731,0
4225,94365,4457,98590,8682,98822,0
57490,44604,12371,102094,69861,56975,0
2058,82307,23543,84365,25601,105850,0
88887,16234,31416,105121,120303,47650,0
46880,68353,33591,115233,80471,101944,1
4426,9141,44786,13567,49212,53927,0
13703,88578,71689,102281,85392,160267,0
70171,21191,98344,91362,168515,119535,0
12987,24754,46448,37741,59435,71202,0
41558,96888,7585,138446,49143,104473,0
21052,27446,68372,48498,89424,95818,0
65596,81721,10403,147317,75999,92124,0
23405,83250,30292,106655,53697,113542,0
75646,98407,82230,174053,157876,180637,1
83240,94519,20001,177759,103241,114520,1
54827,77118,58532,131945,113359,135650,1
78668,82226,35824,160894,114492,118050,1
7092,82936,41628,90028,48720,124564,0
79920,98540,77484,178460,157404,176024,1
92812,49448,70377,142260,163189,119825,1
28115,44581,58892,72696,87007,103473,1
46435,78061,89055,124496,135490,167116,1
72606,78088,76719,150694,149325,154807,1
15610,94441,29897,110051,45507,124338,0
62758,47157,45085,109915,107843,92242,1
24277,50057,88251,74334,112528,138308,0
52114,72552,70194,124666,122308,142746,1
38200,71229,81089,109429,119289,152318,1
289,13043,10840,13332,11129,23883,0
7601,94845,93575,102446,101176,188420,1
63022,65491,54831,128513,117853,120322,1
68501,83270,22456,151771,90957,105726,1
13385,46104,89380,59489,102765,135484,0
10785,42622,6437,53407,17222,49059,0
65587,99989,56251,165576,121838,156240,1
65523,34001,70541,99524,136064,104542,1
9345,27536,65088,36881,74433,92624,0
54034,26162,73040,80196,127074,99202,1
5367,11203,72108,16570,77475,83311,0
11594,96231,84613,107825,96207,180844,0
48393,11219,38491,59612,86884,49710,1
42178,92029,70065,134207,112243,162094,1
35634,2239,62201,37873,97835,64440,0
89328,80069,29388,169397,118716,109457,1
16082,82435,56467,98517,72549,138902,0
70266,13093,38193,83359,108459,51286,0
54981,96534,51022,151515,106003,147556,1
14270,32511,80968,46781,95238,113479,0
50717,30440,43058,81157,93775,73498,1
41078,7981,93831,49059,134909,101812,0
63838,2955,89510,66793,153348,92465,0
18332,19658,91036,37990,109368,110694,0
93505,86134,47815,179639,141320,133949,1
44260,37953,43101,82213,87361,81054,1
31346,89069,97480,120415,128826,186549,1
56831,87479,58440,144310,115271,145919,1
11431,96207,96240,107638,107671,192447,1
80621,18375,24045,98996,104666,42420,0
13284,96245,56350,109529,69634,152595,0
94985,52357,17756,147342,112741,70113,0
64748,5777,20645,70525,85393,26422,0
8365,36074,4767,44439,13132,40841,0
25842,95129,99047,120971,124889,194176,1
88622,6555,79077,95177,167699,85632,0
29675,16271,55548,45946,85223,71819,0
39497,61112,77769,100609,117266,138881,1
48109,30413,53436,78522,101545,83849,1
44903,75608,43369,120511,88272,118977,1
76835,16791,8349,93626,85184,25140,0
35121,18787,87797,53908,122918,106584,0
48112,67080,4244,115192,52356,71324,0
2056,96398,62574,98454,64630,158972,0
2468,70840,35134,73308,37602,105974,0
25013,14680,67010,39693,92023,81690,0
90573,99498,38749,190071,129322,138247,1
11379,15728,44136,27107,55515,59864,0
67520,95939,35157,163459,102677,131096,1
22044,41961,1651,64005,23695,43612,0
767,39403,9155,40170,9922,48558,0
56448,19916,46825,76364,103273,66741,1
92246,86077,45753,178323,137999,131830,1
10923,2825,25096,13748,36019,27921,0
64594,93635,33672,158229,98266,127307,1
8685,36587,27991,45272,36676,64578,1
79367,3958,25359,83325,104726,29317,0
12626,6957,96175,19583,108801,103132,0
93486,96456,45451,189942,138937,141907,1
10168,87388,45813,97556,55981,133201,0
79664,47885,33566,127549,113230,81451,1
99365,24511,85741,123876,185106,110252,1
17761,50628,94758,68389,112519,145386,0
72978,75578,73883,148556,146861,149461,1
44709,38486,95640,83195,140349,134126,0
57350,39319,19100,96669,76450,58419,1
97442,48042,82132,145484,179574,130174,1
39761,38529,90910,78290,130671,129439,0
99097,34253,58808,133350,157905,93061,0
94091,19909,96420,114000,190511,116329,1
60532,64361,2401,124893,62933,66762,0
13406,42192,14037,55598,27443,56229,0
11142,46604,59382,57746,70524,105986,0
84157,89254,19023,173411,103180,108277,1
91425,65699,88518,157124,179943,154217,1
54229,74128,22011,128357,76240,96139,1
17709,94916,36770,112625,54479,131686,0
29345,88884,61451,118229,90796,150335,1
36542,46979,77094,83521,113636,124073,1
18372,30275,7910,48647,26282,38185,0
23281,67604,52484,90885,75765,120088,1
2864,3992,40984,6856,43848,44976,0
34011,69133,84699,103144,118710,153832,1
84566,3865,16586,88431,101152,20451,0
25372,29761,11368,55133,36740,41129,1
22228,61485,93330,83713,115558,154815,0
60330,96528,82392,156858,142722,178920,1
64339,3709,24596,68048,88935,28305,0
98507,56411,61004,154918,159511,117415,1
26375,68052,31256,94427,57631,99308,0
65185,65002,69142,130187,134327,134144,1
18352,381,81011,18733,99363,81392,0
70492,51036,34629,121528,105121,85665,1
56394,67774,69630,124168,126024,137404,1
97347,39747,64764,137094,162111,104511,1
70658,33400,53305,104058,123963,86705,1
29214,11515,25928,40729,55142,37443,1
50034,22936,11852,72970,61886,34788,0
3732,300,94224,4032,97956,94524,0
96381,37602,25368,133983,121749,62970,0
58389,38465,47830,96854,106219,86295,1
39887,81279,44751,121166,84638,126030,1
35294,67470,82743,102764,118037,150213,1
97364,61811,94936,159175,192300,156747,1
70659,25699,78910,96358,149569,104609,1
57022,37081,60284,94103,117306,97365,1
47990,77804,76093,125794,124083,153897,1
58795,8749,42853,67544,101648,51602,0
32364,80848,25398,113212,57762,106246,0
88498,23049,2120,111547,90618,25169,0
2323,49104,77951,51427,80274,127055,0
71198,79182,45085,150380,116283,124267,1
76789,75678,90727,152467,167516,166405,1
60023,10660,93971,70683,153994,104631,0
13687,17461,80502,31148,94189,97963,0
96563,70486,26612,167049,123175,97098,1
64860,26596,23901,91456,88761,50497,0
802,19853,217,20655,1019,20070,0
97161,51507,31710,148668,128871,83217,0
93197,57998,60756,151195,153953,118754,1
26786,57339,37169,84125,63955,94508,1
35833,68378,4912,104211,40745,73290,0
15610,20051,45662,35661,61272,65713,0
6346,24640,41997,30986,48343,66637,0
93635,98953,67670,192588,161305,166623,1
40061,36489,9116,76550,49177,45605,1
4034,28558,631,32592,4665,29189,0
31295,25626,82806,56921,114101,108432,0
61692,57165,45283,118857,106975,102448,1
91564,45162,64895,136726,156459,110057,1
17307,66691,55330,83998,72637,122021,1
11212,81725,94482,92937,105694,176207,0
82559,26057,91366,108616,173925,117423,1
19043,40598,36034,59641,55077,76632,1
39232,82821,27423,122053,66655,110244,0
91878,96425,54364,188303,146242,150789,1
34743,92735,76083,127478,110826,168818,1
55648,93184,79490,148832,135138,172674,1
65259,90299,78512,155558,143771,168811,1
62980,95770,48317,158750,111297,144087,1
25781,45274,90310,71055,116091,135584,0
84699,22852,24665,107551,109364,47517,0
36908,1579,77784,38487,114692,79363,0
22768,60107,60707,82875,83475,120814,1
45049,19420,82031,64469,127080,101451,0
2850,77248,34875,80098,37725,112123,0
74823,13536,90301,88359,165124,103837,0
66205,27831,26978,94036,93183,54809,0
95234,10450,99712,105684,194946,110162,1
95608,47208,66300,142816,161908,113508,1
42994,54815,85589,97809,128583,140404,1
43916,74655,38011,118571,81927,112666,1
68612,48972,73055,117584,141667,122027,1
98467,25170,42826,123637,141293,67996,0
4380,52693,87393,57073,91773,140086,0
67422,251,64726,67673,132148,64977,0
47942,70383,90003,118325,137945,160386,1
81209,56492,11987,137701,93196,68479,0
79993,9141,56817,89134,136810,65958,0
62421,96904,21882,159325,84303,118786,0
32052,86785,43086,118837,75138,129871,0
71940,19142,8031,91082,79971,27173,0
62840,61893,64206,124733,127046,126099,1
85240,73201,66158,158441,151398,139359,1
31820,78491,35175,110311,66995,113666,0
75189,79373,97999,154562,173188,177372,1
91043,86704,69967,177747,161010,156671,1
30439,62821,2315,93260,32754,65136,0
20237,1287,46275,21524,66512,47562,0
40115,19043,6720,59158,46835,25763,0
20668,25198,50152,45866,70820,75350,0
80931,94934,55532,175865,136463,150466,1
28848,38663,64991,67511,93839,103654,1
85925,19975,36091,105900,122016,56066,0
1537,94908,79289,96445,80826,174197,0
9357,43454,599,52811,9956,44053,0
36268,50429,33748,86697,70016,84177,1
42006,97800,77964,139806,119970,175764,1
80260,97874,72669,178134,152929,170543,1
6310,49962,73386,56272,79696,123348,0
48396,37005,57921,85401,106317,94926,1
75686,85989,58796,161675,134482,144785,1
7769,18023,83152,25792,90921,101175,0
17503,26094,44139,43597,61642,70233,0
17989,81350,26055,99339,44044,107405,0
33508,75559,24969,109067,58477,100528,0
25459,63709,88887,89168,114346,152596,1
48215,48295,29025,96510,77240,77320,1
83279,51322,77797,134601,161076,129119,1
76639,85235,42415,161874,119054,127650,1
17567,38031,92014,55598,109581,130045,0
7192,22418,92763,29610,99955,115181,0
75433,18318,49222,93751,124655,67540,0
52210,49107,59681,101317,111891,108788,1
5777,68972,96175,74749,101952,165147,0
41158,88669,57480,129827,98638,146149,1
48843,32969,25466,81812,74309,58435,1
42821,61062,67855,103883,110676,128917,1
88209,11539,69375,99748,157584,80914,0
66958,84854,92293,151812,159251,177147,1
18697,78705,76632,97402,95329,155337,1
38322,95110,74182,133432,112504,169292,1
43384,99199,14547,142583,57931,113746,0
69053,3043,81812,72096,150865,84855,0
26019,74852,98467,100871,124486,173319,1
18920,32271,86826,51191,105746,119097,0
64596,19563,89126,84159,153722,108689,0
64835,37603,20703,102438,85538,58306,0
82405,56055,80698,138460,163103,136753,1
25311,15047,27773,40358,53084,42820,1
60842,39807,58748,100649,119590,98555,1
73289,23798,10378,97087,83667,34176,0
16035,28974,73871,45009,89906,102845,0
46572,88527,85228,135099,131800,173755,1
36989,76556,70215,113545,107204,146771,1
92144,11882,76152,104026,168296,88034,0
8177,6675,74758,14852,82935,81433,0
36531,61631,40633,98162,77164,102264,1
92256,91147,87812,183403,180068,178959,1
13609,7413,37949,21022,51558,45362,0
54162,43089,84740,97251,138902,127829,1
94627,86004,39743,180631,134370,125747,1
65226,25802,57857,91028,123083,83659,1
80984,52696,98806,133680,179790,151502,1
494,43755,82686,44249,83180,126441,0
24866,90495,34355,115361,59221,124850,0
73859,55288,5906,129147,79765,61194,0
63845,18441,95501,82286,159346,113942,0
89675,17051,65837,106726,155512,82888,0
13712,32653,35517,46365,49229,68170,1
96012,837,99189,96849,195201,100026,0
38999,5655,94146,44654,133145,99801,0
70371,92472,42550,162843,112921,135022,1
9145,92258,25321,101403,34466,117579,0
40322,69833,98281,110155,138603,168114,1
71935,52855,16753,124790,88688,69608,0
94000,4488,26810,98488,120810,31298,0
93146,77675,34071,170821,127217,111746,1
13675,12488,20406,26163,34081,32894,1
23478,32167,70956,55645,94434,103123,0
30288,90956,52294,121244,82582,143250,0
4350,94804,29878,99154,34228,124682,0
25970,89867,7966,115837,33936,97833,0
14302,5129,790,19431,15092,5919,0
80675,47011,8962,127686,89637,55973,0
23354,32666,606,56020,23960,33272,0
47415,84269,69921,131684,117336,154190,1
9245,15561,87534,24806,96779,103095,0
608,19659,3200,20267,3808,22859,0
24850,96433,3181,121283,28031,99614,0
25718,6694,35099,32412,60817,41793,0
67000,84841,17805,151841,84805,102646,0
38238,63104,23760,101342,61998,86864,0
40641,29927,70807,70568,111448,100734,0
34575,86516,57487,121091,92062,144003,1
56111,88577,40669,144688,96780,129246,1
31079,15659,48125,46738,79204,63784,0
83307,26925,4487,110232,87794,31412,0
61696,97315,14290,159011,75986,111605,0
17926,28592,20026,46518,37952,48618,1
55121,94397,83245,149518,138366,177642,1
1213,15327,80165,16540,81378,95492,0
56972,36130,59436,93102,116408,95566,1
5389,16690,86041,22079,91430,102731,0
14394,93021,3942,107415,18336,96963,0
80492,19307,38195,99799,118687,57502,0
13841,57388,58795,71229,72636,116183,1
59537,5901,22015,65438,81552,27916,0
91293,19781,39799,111074,131092,59580,0
61236,7878,87012,69114,148248,94890,0
87260,36484,31243,123744,118503,67727,0
46963,4485,12888,51448,59851,17373,0
41026,13371,44010,54397,85036,57381,1
45797,90418,8936,136215,54733,99354,0
2002,89945,26179,91947,28181,116124,0
4353,92563,37058,96916,41411,129621,0
45444,62662,9038,108106,54482,71700,0
41901,21319,17984,63220,59885,39303,0
25101,62271,86368,87372,111469,148639,1
21260,71257,25273,92517,46533,96530,0
899,96957,29212,97856,30111,126169,0
13354,49440,54065,62794,67419,103505,1
82839,65545,481,148384,83320,66026,0
40088,23260,59483,63348,99571,82743,1
84418,63990,21663,148408,106081,85653,1
63075,33871,98316,96946,161391,132187,0
29303,38626,93339,67929,122642,131965,0
85632,98052,28364,183684,113996,126416,1
11083,25513,51310,36596,62393,76823,0
51582,54190,29343,105772,80925,83533,1
93023,50556,34734,143579,127757,85290,0
55265,80728,92500,135993,147765,173228,1
34348,49278,76048,83626,110396,125326,1
66685,93424,93515,160109,160200,186939,1
76724,67530,70649,144254,147373,138179,1
87103,8162,42602,95265,129705,50764,0
57437,60803,14584,118240,72021,75387,1
51480,13744,3490,65224,54970,17234,0
67039,44819,75132,111858,142171,119951,1
62900,18133,67025,81033,129925,85158,1
47143,32070,69151,79213,116294,101221,1
80387,73644,40313,154031,120700,113957,1
92066,3307,20699,95373,112765,24006,0
96336,42316,94687,138652,191023,137003,1
82898,97255,78228,180153,161126,175483,1
6636,81869,32119,88505,38755,113988,0
23175,2021,95899,25196,119074,97920,0
27955,96498,60521,124453,88476,157019,0
27172,12019,60538,39191,87710,72557,0
3570,61325,20126,64895,23696,81451,0
38900,89574,63203,128474,102103,152777,1
90952,96487,33977,187439,124929,130464,1
41073,92892,12374,133965,53447,105266,0
73568,60342,89897,133910,163465,150239,1
94775,31886,61376,126661,156151,93262,0
6267,58515,68351,64782,74618,126866,0
27861,31310,16124,59171,43985,47434,1
27381,56146,234,83527,27615,56380,0
3864,48935,16466,52799,20330,65401,0
63276,45801,16467,109077,79743,62268,0
89598,23109,69435,112707,159033,92544,1
1858,56455,34436,58313,36294,90891,0
27778,6856,82430,34634,110208,89286,0
21462,29085,7438,50547,28900,36523,0
10356,90185,36737,100541,47093,126922,0
31811,85331,35918,117142,67729,121249,0
39017,56726,41354,95743,80371,98080,1
58455,20864,50142,79319,108597,71006,1
178,65802,21585,65980,21763,87387,0
55453,11555,79469,67008,134922,91024,0
22939,6900,98240,29839,121179,105140,0
3322,29081,14496,32403,17818,43577,0
53282,62853,57478,116135,110760,120331,1
15892,30516,66562,46408,82454,97078,0
22768,59898,29349,82666,52117,89247,0
91705,42307,81508,134012,173213,123815,1
52899,49205,91002,102104,143901,140207,1
38929,99899,59349,138828,98278,159248,0
65305,52032,65454,117337,130759,117486,1
20244,19581,9553,39825,29797,29134,1
69947,11412,17689,81359,87636,29101,0
65743,90435,90576,156178,156319,181011,1
31872,11517,75544,43389,107416,87061,0
28239,91584,60874,119823,89113,152458,0
63926,1627,95464,65553,159390,97091,0
64541,5516,95296,70057,159837,100812,0
9663,52601,45721,62264,55384,98322,1
77203,80228,70304,157431,147507,150532,1
14555,91019,63240,105574,77795,154259,0
70576,7885,74106,78461,144682,81991,1
81253,25379,52325,106632,133578,77704,0
88943,7150,40605,96093,129548,47755,0
25728,12459,53426,38187,79154,65885,0
92042,67622,31892,159664,123934,99514,1
69221,27827,54084,97048,123305,81911,1
83917,27348,1276,111265,85193,28624,0
32939,56465,89350,89404,122289,145815,1
94227,56858,94611,151085,188838,151469,1
12213,33238,90383,45451,102596,123621,0
94409,53676,16162,148085,110571,69838,0
75803,93478,19292,169281,95095,112770,1
92558,59435,28341,151993,120899,87776,0
42742,36987,58769,79729,101511,95756,1
33147,67708,82758,100855,115905,150466,1
72679,25847,91631,98526,164310,117478,1
44099,73459,21782,117558,65881,95241,0
54331,93907,49597,148238,103928,143504,1
14879,23417,85256,38296,100135,108673,0
38863,97160,79413,136023,118276,176573,1
11265,72585,9762,83850,21027,82347,0
44234,62049,70016,106283,114250,132065,1
16706,14673,93022,31379,109728,107695,0
60960,25720,97696,86680,158656,123416,0
11305,99149,7229,110454,18534,106378,0
4619,35512,47023,40131,51642,82535,0
15774,74870,10189,90644,25963,85059,0
75380,5664,40865,81044,116245,46529,0
77513,90959,64218,168472,141731,155177,1
71084,2393,3615,73477,74699,6008,0
71958,21387,67741,93345,139699,89128,1
30587,67632,36903,98219,67490,104535,0
82909,21233,27275,104142,110184,48508,0
70973,95198,67896,166171,138869,163094,1
48111,47573,58989,95684,107100,106562,1
97783,30416,15521,128199,113304,45937,0
82812,80362,54634,163174,137446,134996,1
51406,81106,75738,132512,127144,156844,1
10519,8766,92238,19285,102757,101004,0
59819,9965,37086,69784,96905,47051,0
15938,88722,78154,104660,94092,166876,1
67731,9838,42526,77569,110257,52364,0
96705,99071,62052,195776,158757,161123,1
99339,97019,60414,196358,159753,157433,1
60798,89254,96367,150052,157165,185621,1
64777,62253,72998,127030,137775,135251,1
35351,60074,18684,95425,54035,78758,0
15027,84881,63874,99908,78901,148755,0
86687,80318,88338,167005,175025,168656,1
3666,34276,76238,37942,79904,110514,0
63249,99221,45692,162470,108941,144913,1
47189,13684,65492,60873,112681,79176,0
36911,61526,24372,98437,61283,85898,0
62586,8591,60308,71177,122894,68899,1
70472,60008,53950,130480,124422,113958,1
36317,19685,19984,56002,56301,39669,1
81956,11292,7974,93248,89930,19266,0
35582,82012,80394,117594,115976,162406,1
11599,65722,97335,77321,108934,163057,0
34770,48546,78765,83316,113535,127311,1
38521,54151,85031,92672,123552,139182,1
9083,61266,59706,70349,68789,120972,1
11265,20648,32723,31913,43988,53371,0
15269,98462,3914,113731,19183,102376,0
23034,99483,23635,122517,46669,123118,0
3132,76674,76633,79806,79765,153307,1
87564,99158,19313,186722,106877,118471,1
46828,84223,88183,131051,135011,172406,1
67365,2055,82176,69420,149541,84231,0
7673,13999,17160,21672,24833,31159,1
50422,32720,18432,83142,68854,51152,1
33470,57768,58394,91238,91864,116162,1
76656,76995,47211,153651,123867,124206,1
35597,21120,9417,56717,45014,30537,0
33288,93139,58871,126427,92159,152010,0
74804,32582,13604,107386,88408,46186,0
58839,38863,86289,97702,145128,125152,1
34924,1199,31535,36123,66459,32734,0
39784,26637,14392,66421,54176,41029,1
95341,6289,69211,101630,164552,75500,0
25,82109,58449,82134,58474,140558,0
3883,41283,19118,45166,23001,60401,0
23442,7131,97020,30573,120462,104151,0
40034,3335,5495,43369,45529,8830,0
31733,44657,14429,76390,46162,59086,1
85004,80420,37441,165424,122445,117861,1
29477,31177,74756,60654,104233,105933,0
13188,49670,36265,62858,49453,85935,0
31896,65292,71307,97188,103203,136599,1
54337,62441,29896,116778,84233,92337,1
6267,2367,9268,8634,15535,11635,0
35050,94828,18107,129878,53157,112935,0
97593,50667,9099,148260,106692,59766,0
69898,68116,89423,138014,159321,157539,1
3621,68078,34654,71699,38275,102732,0
13098,39893,59396,52991,72494,99289,0
10496,37436,6150,47932,16646,43586,0
32692,21451,61081,54143,93773,82532,0
23731,31911,27489,55642,51220,59400,1
12203,33350,34758,45553,46961,68108,1
44927,62484,25191,107411,70118,87675,1
85273,81199,9322,166472,94595,90521,1
96510,31542,96954,128052,193464,128496,1
60054,35308,23356,95362,83410,58664,0
61479,97334,29451,158813,90930,126785,0
91697,40452,16230,132149,107927,56682,0
55742,4993,63666,60735,119408,68659,0
9765,63837,6597,73602,16362,70434,0
19815,83732,92223,103547,112038,175955,1
16216,83024,79831,99240,96047,162855,1
69059,90175,98772,159234,167831,188947,1
92133,69979,44397,162112,136530,114376,1
38493,86888,57937,125381,96430,144825,1
55662,74110,35496,129772,91158,109606,1
281,45936,95361,46217,95642,141297,0
60722,66975,42579,127697,103301,109554,1
62619,52421,8202,115040,70821,60623,0
55378,73110,44014,128488,99392,117124,1
24749,57904,62863,82653,87612,120767,1
47881,27342,8230,75223,56111,35572,0
14040,42298,65458,56338,79498,107756,0
85556,39573,22241,125129,107797,61814,0
67025,70633,54476,137658,121501,125109,1
56627,58476,96827,115103,153454,155303,1
16197,10469,13773,26666,29970,24242,1
30910,7160,28200,38070,59110,35360,1
224,24855,62927,25079,63151,87782,0
24336,34739,104,59075,24440,34843,0
7687,82959,59115,90646,66802,142074,0
91784,77768,68122,169552,159906,145890,1
90909,71701,63783,162610,154692,135484,1
61806,37594,59139,99400,120945,96733,1
77319,25266,81054,102585,158373,106320,1
93187,39396,91020,132583,184207,130416,1
3895,92703,52212,96598,56107,144915,0
98258,96328,65782,194586,164040,162110,1
28193,24938,72489,53131,100682,97427,0
30963,93265,90274,124228,121237,183539,1
72840,19115,48710,91955,121550,67825,0
34610,33415,76379,68025,110989,109794,0
20869,40533,83844,61402,104713,124377,0
77208,31937,6819,109145,84027,38756,0
91057,62180,29473,153237,120530,91653,1
86801,20533,18786,107334,105587,39319,0
67476,88928,14467,156404,81943,103395,0
42082,12277,67072,54359,109154,79349,0
76136,89332,33720,165468,109856,123052,1
37699,35486,21292,73185,58991,56778,1
49201,87846,17995,137047,67196,105841,0
33221,71340,39089,104561,72310,110429,1
3216,56357,98685,59573,101901,155042,0
74683,38320,30609,113003,105292,68929,0
2897,96204,40548,99101,43445,136752,0
68501,62421,75890,130922,144391,138311,1
4379,33754,94204,38133,98583,127958,0
76303,16843,76111,93146,152414,92954,1
9040,88749,81307,97789,90347,170056,1
93336,33561,55626,126897,148962,89187,0
86783,71158,30131,157941,116914,101289,1
57486,89034,57227,146520,114713,146261,1
70451,57069,20802,127520,91253,77871,1
8419,73155,78346,81574,86765,151501,1
29723,74028,86231,103751,115954,160259,1
82631,77362,43544,159993,126175,120906,1
79444,8675,67561,88119,147005,76236,0
15383,89625,10881,105008,26264,100506,0
25897,32874,16515,58771,42412,49389,1
20781,31527,80570,52308,101351,112097,0
54802,12357,78821,67159,133623,91178,0
70156,57709,93116,127865,163272,150825,1
11394,29440,97631,40834,109025,127071,0
41461,99479,31343,140940,72804,130822,0
54423,74636,92568,129059,146991,167204,1
88848,64949,67483,153797,156331,132432,1
36868,92937,11163,129805,48031,104100,0
9813,11124,48973,20937,58786,60097,0
62201,53609,90691,115810,152892,144300,1
86378,29936,28836,116314,115214,58772,0
19596,56425,5929,76021,25525,62354,0
24722,2836,76001,27558,100723,78837,0
906,41136,44338,42042,45244,85474,0
92520,58623,55690,151143,148210,114313,1
64868,65879,13923,130747,78791,79802,1
60408,45407,37930,105815,98338,83337,1
89077,28002,21848,117079,110925,49850,0
8300,91583,14857,99883,23157,106440,0
72854,8405,57014,81259,129868,65419,0
97141,21303,42458,118444,139599,63761,0
45198,16432,92059,61630,137257,108491,0
97599,808,98063,98407,195662,98871,1
56023,76004,80384,132027,136407,156388,1
22576,88410,70916,110986,93492,159326,1
53462,69140,38160,122602,91622,107300,1
15626,42741,69720,58367,85346,112461,0
38489,60177,76708,98666,115197,136885,1
3552,4279,3084,7831,6636,7363,1
19548,98786,61477,118334,81025,160263,0
50823,89937,38839,140760,89662,128776,0
52474,61153,95581,113627,148055,156734,1
8877,35598,98269,44475,107146,133867,0
90890,13586,49361,104476,140251,62947,0
47466,75443,98062,122909,145528,173505,1
90732,79797,61360,170529,152092,141157,1
99273,59461,28350,158734,127623,87811,0
92347,63779,78060,156126,170407,141839,1
98955,37699,60965,136654,159920,98664,0
78156,22571,79454,100727,157610,102025,1
88197,62464,31973,150661,120170,94437,1
28410,56610,11125,85020,39535,67735,0
30280,73748,31920,104028,62200,105668,0
18605,13256,92909,31861,111514,106165,0
48996,57792,33570,106788,82566,91362,1
65461,53841,73436,119302,138897,127277,1
99104,21572,28242,120676,127346,49814,0
69880,69244,98304,139124,168184,167548,1
52663,12748,5594,65411,58257,18342,0
24898,47970,3031,72868,27929,51001,0
92045,31563,46481,123608,138526,78044,0
81732,45467,40770,127199,122502,86237,1
88331,90698,19839,179029,108170,110537,1
89114,5809,67923,94923,157037,73732,0
84814,40658,72761,125472,157575,113419,1
93348,80790,76242,174138,169590,157032,1
50752,70608,29807,121360,80559,100415,1
72936,19484,33709,92420,106645,53193,0
75485,30292,32264,105777,107749,62556,0
39234,24444,18361,63678,57595,42805,1
96058,91736,98013,187794,194071,189749,1
74473,7629,52647,82102,127120,60276,0
17907,70413,70152,88320,88059,140565,1
79945,87555,39898,167500,119843,127453,1
16070,61049,36797,77119,52867,97846,0
41515,58220,98961,99735,140476,157181,1
78736,32891,25370,111627,104106,58261,0
79323,36084,62642,115407,141965,98726,1
4662,6652,46399,11314,51061,53051,0
42224,53116,22680,95340,64904,75796,1
45233,5258,97009,50491,142242,102267,0
7050,13506,72357,20556,79407,85863,0
53685,17445,18006,71130,71691,35451,0
37784,26594,33217,64378,71001,59811,1
88760,66356,23156,155116,111916,89512,1
85357,49564,56373,134921,141730,105937,1
14035,26848,96995,40883,111030,123843,0
65579,60870,90389,126449,155968,151259,1
35586,69954,66012,105540,101598,135966,1
70890,34757,2302,105647,73192,37059,0
59989,12014,12923,72003,72912,24937,0
74359,37967,7332,112326,81691,45299,0
40550,41551,90209,82101,130759,131760,0
17294,74336,44243,91630,61537,118579,0
3842,51193,47144,55035,50986,98337,0
47992,93201,30603,141193,78595,123804,0
27910,92231,2977,120141,30887,95208,0
54275,47680,96186,101955,150461,143866,1
92092,672,49109,92764,141201,49781,0
5644,3118,5087,8762,10731,8205,1
90877,88529,20484,179406,111361,109013,1
14212,34783,95488,48995,109700,130271,0
42731,56059,25471,98790,68202,81530,1
15676,74789,31344,90465,47020,106133,0
30609,25767,89089,56376,119698,114856,0
24554,10898,7668,35452,32222,18566,0
70484,99925,2786,170409,73270,102711,0
26627,34728,88713,61355,115340,123441,0
86625,94511,25067,181136,111692,119578,1
70585,49945,1522,120530,72107,51467,0
37874,13754,72067,51628,109941,85821,0
71825,45182,21109,117007,92934,66291,0
84348,84115,41632,168463,125980,125747,1
40443,42029,8950,82472,49393,50979,1
82264,79543,52842,161807,135106,132385,1
65540,19552,11681,85092,77221,31233,0
14545,12779,90306,27324,104851,103085,0
59284,16591,73090,75875,132374,89681,1
111,16934,24900,17045,25011,41834,0
50481,24360,89118,74841,139599,113478,0
33079,83309,51003,116388,84082,134312,1
71776,63911,1430,135687,73206,65341,0
34430,9184,31973,43614,66403,41157,1
70152,34171,58535,104323,128687,92706,1
93885,76662,77406,170547,171291,154068,1
35307,33446,3562,68753,38869,37008,1
47149,11728,59292,58877,106441,71020,0
63778,51782,52009,115560,115787,103791,1
75519,7249,43445,82768,118964,50694,0
11797,19568,27545,31365,39342,47113,1
19853,4061,96605,23914,116458,100666,0
4025,40695,40935,44720,44960,81630,1
92188,34084,57391,126272,149579,91475,0
30365,5227,1185,35592,31550,6412,0
27646,15692,69842,43338,97488,85534,0
77549,49459,34237,127008,111786,83696,1
84841,31881,77282,116722,162123,109163,1
25085,47529,24537,72614,49622,72066,1
5979,48602,29005,54581,34984,77607,0
13208,15522,21895,28730,35103,37417,1
77759,15799,80740,93558,158499,96539,1
3214,67406,32316,70620,35530,99722,0
1678,96127,22924,97805,24602,119051,0
3401,39212,55227,42613,58628,94439,0
58268,43931,62208,102199,120476,106139,1
89749,98078,49337,187827,139086,147415,1
47323,61291,16821,108614,64144,78112,1
10195,45173,66764,55368,76959,111937,0
18782,25803,75746,44585,94528,101549,0
41847,11718,11146,53565,52993,22864,0
54609,72437,95548,127046,150157,167985,1
76201,71433,47551,147634,123752,118984,1
34534,51813,77582,86347,112116,129395,1
19983,34972,25422,54955,45405,60394,1
56922,56664,20963,113586,77885,77627,1
73596,74603,42234,148199,115830,116837,1
91987,4739,37896,96726,129883,42635,0
89808,26283,48639,116091,138447,74922,0
40456,38975,75017,79431,115473,113992,1
54591,90676,56614,145267,111205,147290,1
25268,31894,67328,57162,92596,99222,0
11946,70104,32548,82050,44494,102652,0
73396,11011,9581,84407,82977,20592,0
57611,86463,61880,144074,119491,148343,1
85281,32356,22137,117637,107418,54493,0
90369,28175,20432,118544,110801,48607,0
68424,63578,67173,132002,135597,130751,1
95930,6058,56079,101988,152009,62137,0
1560,81120,79566,82680,81126,160686,1
34270,2483,34321,36753,68591,36804,1
60938,90329,35633,151267,96571,125962,1
84522,82527,77459,167049,161981,159986,1
1911,50661,19109,52572,21020,69770,0
10870,73544,12868,84414,23738,86412,0
85069,14660,31561,99729,116630,46221,0
17683,15568,1521,33251,19204,17089,0
37672,34725,89936,72397,127608,124661,0
30135,89691,11847,119826,41982,101538,0
91377,14110,35148,105487,126525,49258,0
83575,69144,98126,152719,181701,167270,1
19758,12539,53899,32297,73657,66438,0
239,1807,75180,2046,75419,76987,0
85368,29251,7302,114619,92670,36553,0
39530,71471,98219,111001,137749,169690,1
32017,15960,64191,47977,96208,80151,0
26461,65307,71884,91768,98345,137191,1
53565,47985,91681,101550,145246,139666,1
51514,97857,11354,149371,62868,109211,0
29115,77200,33289,106315,62404,110489,0
15202,7965,76079,23167,91281,84044,0
89537,60228,27461,149765,116998,87689,0
34269,10890,95551,45159,129820,106441,0
78264,41147,89884,119411,168148,131031,1
89730,59538,33522,149268,123252,93060,1
14009,32589,66399,46598,80408,98988,0
97626,12144,56610,109770,154236,68754,0
28814,45077,69239,73891,98053,114316,1
63908,26445,97201,90353,161109,123646,0
80632,2069,36280,82701,116912,38349,0
2828,43659,77778,46487,80606,121437,0
97885,23011,83909,120896,181794,106920,1
28742,36838,82151,65580,110893,118989,0
90834,40927,71555,131761,162389,112482,1
36741,6604,8109,43345,44850,14713,0
54110,72049,28678,126159,82788,100727,1
91027,80534,45188,171561,136215,125722,1
78227,9386,53237,87613,131464,62623,0
59233,77418,29507,136651,88740,106925,1
72312,11985,75015,84297,147327,87000,1
27362,89443,66738,116805,94100,156181,1
31103,42111,10014,73214,41117,52125,0
44293,87816,12331,132109,56624,100147,0
46417,99306,52892,145723,99309,152198,1
18754,84335,1615,103089,20369,85950,0
66657,94126,35791,160783,102448,129917,1
11883,25037,25463,36920,37346,50500,1
11475,10551,93137,22026,104612,103688,0
34289,14244,10543,48533,44832,24787,0
56733,75320,91082,132053,147815,166402,1
86145,43184,5542,129329,91687,48726,0
50981,23583,30623,74564,81604,54206,1
85405,64642,500,150047,85905,65142,0
30569,33673,43771,64242,74340,77444,1
15840,88594,20433,104434,36273,109027,0
58839,588,59189,59427,118028,59777,1
6059,79604,55849,85663,61908,135453,0
66766,43796,40900,110562,107666,84696,1
12529,23112,28934,35641,41463,52046,1
4536,42169,24380,46705,28916,66549,0
75994,83473,73462,159467,149456,156935,1
48128,24935,12031,73063,60159,36966,0
4510,1800,25607,6310,30117,27407,0
69147,40160,72766,109307,141913,112926,1
77103,79968,40550,157071,117653,120518,1
68886,17547,81551,86433,150437,99098,1
84814,33992,72839,118806,157653,106831,1
10934,90330,64521,101264,75455,154851,0
56564,4722,87161,61286,143725,91883,0
51228,39320,3771,90548,54999,43091,0
29923,74779,61950,104702,91873,136729,1
86787,42828,51827,129615,138614,94655,1
9557,37221,8370,46778,17927,45591,0
65948,7316,71673,73264,137621,78989,1
38556,77653,62748,116209,101304,140401,1
6982,72794,46677,79776,53659,119471,0
58189,93761,75881,151950,134070,169642,1
15351,24428,65668,39779,81019,90096,0
34098,38400,60581,72498,94679,98981,1
13957,49575,73006,63532,86963,122581,0
92423,58530,86567,150953,178990,145097,1
63181,87779,52092,150960,115273,139871,1
74926,58883,94939,133809,169865,153822,1
60880,18710,3935,79590,64815,22645,0
88714,52748,94875,141462,183589,147623,1
47834,68282,46750,116116,94584,115032,1
33411,89301,46814,122712,80225,136115,0
67087,98880,74338,165967,141425,173218,1
62708,44196,66752,106904,129460,110948,1
56505,30484,31835,86989,88340,62319,1
48197,55936,69735,104133,117932,125671,1
6703,74079,54679,80782,61382,128758,0
85026,43366,85344,128392,170370,128710,1
56866,94403,2959,151269,59825,97362,0
33444,58011,78815,91455,112259,136826,1
31900,76749,45617,108649,77517,122366,1
66756,4948,48648,71704,115404,53596,0
87295,59040,11818,146335,99113,70858,0
35982,507,92955,36489,128937,93462,0
72149,83588,69542,155737,141691,153130,1
51100,87718,59220,138818,110320,146938,1
54397,15,14941,54412,69338,14956,0
41382,96389,47904,137771,89286,144293,0
25997,45794,27584,71791,53581,73378,1
32537,18558,51450,51095,83987,70008,0
82627,92458,74539,175085,157166,166997,1
41594,73338,51745,114932,93339,125083,1
70018,94730,62307,164748,132325,157037,1
85418,64832,40249,150250,125667,105081,1
97472,59912,52917,157384,150389,112829,1
48556,20570,34115,69126,82671,54685,1
75556,79182,6247,154738,81803,85429,1
31588,80918,60999,112506,92587,141917,1
95507,23828,94572,119335,190079,118400,1
61653,80479,43812,142132,105465,124291,1
18234,81531,29172,99765,47406,110703,0
13803,28468,34071,42271,47874,62539,1
33187,35942,66911,69129,100098,102853,1
67568,42303,79307,109871,146875,121610,1
9137,51692,22666,60829,31803,74358,0
21006,87198,37557,108204,58563,124755,0
81819,13485,66159,95304,147978,79644,0
36102,13196,72871,49298,108973,86067,0
81912,88392,37119,170304,119031,125511,1
65993,21728,13339,87721,79332,35067,0
96650,45625,25983,142275,122633,71608,0
72924,42349,70363,115273,143287,112712,1
15007,22484,17551,37491,32558,40035,1
88466,82387,19421,170853,107887,101808,1
25667,15192,81108,40859,106775,96300,0
22949,81948,51148,104897,74097,133096,0
55153,97569,69617,152722,124770,167186,1
33438,24293,21300,57731,54738,45593,1
73042,43705,21511,116747,94553,65216,0
96392,35315,71312,131707,167704,106627,1
48254,26688,65382,74942,113636,92070,1
29975,52581,27092,82556,57067,79673,1
80988,80780,64480,161768,145468,145260,1
32457,6661,59052,39118,91509,65713,0
56658,88293,45232,144951,101890,133525,1
63699,8921,26406,72620,90105,35327,0
53636,5728,76729,59364,130365,82457,0
3659,93100,24362,96759,28021,117462,0
29844,59959,29972,89803,59816,89931,0
99395,84749,88459,184144,187854,173208,1
3630,87854,78112,91484,81742,165966,0
67520,67586,22146,135106,89666,89732,1
37947,51968,24442,89915,62389,76410,1
24201,8754,53712,32955,77913,62466,0
12785,49588,11206,62373,23991,60794,0
84274,928,81481,85202,165755,82409,0
36087,85044,72776,121131,108863,157820,1
90042,84202,31788,174244,121830,115990,1
49243,51288,21751,100531,70994,73039,1
38867,56805,42800,95672,81667,99605,1
82897,33011,50136,115908,133033,83147,1
23524,10339,54115,33863,77639,64454,0
17188,15677,39723,32865,56911,55400,0
46362,67529,66230,113891,112592,133759,1
92655,84057,13264,176712,105919,97321,1
95544,98737,41418,194281,136962,140155,1
10136,77935,92765,88071,102901,170700,0
35192,67019,38841,102211,74033,105860,1
78223,93481,75567,171704,153790,169048,1
12481,15552,53229,28033,65710,68781,0
8204,27434,2432,35638,10636,29866,0
96026,95451,38835,191477,134861,134286,1
6836,70293,52836,77129,59672,123129,0
25796,14783,30767,40579,56563,45550,1
94484,38301,79710,132785,174194,118011,1
27142,68639,93243,95781,120385,161882,1
64608,19699,66278,84307,130886,85977,1
99076,36312,42124,135388,141200,78436,0
42938,66687,52878,109625,95816,119565,1
67336,96065,73401,163401,140737,169466,1
4172,93479,76060,97651,80232,169539,0
31270,40103,7369,71373,38639,47472,0
39113,69261,87494,108374,126607,156755,1
71150,6280,93846,77430,164996,100126,0
26316,65336,28584,91652,54900,93920,0
5135,19761,25779,24896,30914,45540,0
98292,32694,84897,130986,183189,117591,1
83352,52669,29422,136021,112774,82091,0
18644,57758,63027,76402,81671,120785,1
89665,51907,5284,141572,94949,57191,0
19265,11255,13219,30520,32484,24474,1
7560,87222,36926,94782,44486,124148,0
87252,8132,77656,95384,164908,85788,0
44100,2262,19285,46362,63385,21547,0
40040,25223,20219,65263,60259,45442,1
84661,14597,22927,99258,107588,37524,0
62294,81708,85574,144002,147868,167282,1
82061,14085,522,96146,82583,14607,0
98330,5417,31347,103747,129677,36764,0
35165,58174,85334,93339,120499,143508,1
56567,73794,36059,130361,92626,109853,1
39027,39140,10869,78167,49896,50009,1
23616,55257,84551,78873,108167,139808,0
6694,66667,25776,73361,32470,92443,0
61885,5811,33223,67696,95108,39034,0
50277,10142,26925,60419,77202,37067,0
50323,76871,64226,127194,114549,141097,1
72532,65169,35986,137701,108518,101155,1
20940,8897,39809,29837,60749,48706,0
29468,40347,78513,69815,107981,118860,0
69635,8569,43431,78204,113066,52000,0
88804,10979,29936,99783,118740,40915,0
82478,10040,39967,92518,122445,50007,0
76370,53083,85739,129453,162109,138822,1
58179,58562,57218,116741,115397,115780,1
90321,79980,82920,170301,173241,162900,1
25275,95929,37137,121204,62412,133066,0
75761,44037,8638,119798,84399,52675,0
82019,27574,86496,109593,168515,114070,1
67931,78944,37370,146875,105301,116314,1
19443,89439,69673,108882,89116,159112,0
36860,97107,71210,133967,108070,168317,1
93734,84985,29788,178719,123522,114773,1
64173,36863,38144,101036,102317,75007,1
77210,4103,73907,81313,151117,78010,1
56601,6780,32796,63381,89397,39576,0
71404,39114,99017,110518,170421,138131,1
64196,90055,68965,154251,133161,159020,1
24922,2428,31116,27350,56038,33544,0
8875,28628,28377,37503,37252,57005,1
57341,19890,88393,77231,145734,108283,0
57457,86619,8467,144076,65924,95086,0
36127,63002,36288,99129,72415,99290,1
58349,71110,49250,129459,107599,120360,1
45747,25877,32589,71624,78336,58466,1
93845,79390,60697,173235,154542,140087,1
26502,43181,4967,69683,31469,48148,0
90875,48866,24805,139741,115680,73671,0
51098,22218,79836,73316,130934,102054,0
9466,76910,99901,86376,109367,176811,0
95495,70339,9916,165834,105411,80255,0
48177,66355,8849,114532,57026,75204,0
25432,39982,30901,65414,56333,70883,1
58960,88438,44261,147398,103221,132699,1
30978,8044,43806,39022,74784,51850,0
41643,79181,70847,120824,112490,150028,1
74806,57651,36494,132457,111300,94145,1
21967,19455,76650,41422,98617,96105,0
68331,42263,39710,110594,108041,81973,1
97017,44336,52577,141353,149594,96913,0
4356,56290,9359,60646,13715,65649,0
81485,27947,17412,109432,98897,45359,0
29373,51666,63115,81039,92488,114781,1
61817,77133,39086,138950,100903,116219,1
10650,7996,399,18646,11049,8395,0
78082,74261,28302,152343,106384,102563,1
21248,76474,42771,97722,64019,119245,0
50428,21688,87131,72116,137559,108819,0
24047,20481,46169,44528,70216,66650,0
61221,19950,6722,81171,67943,26672,0
98123,50639,77249,148762,175372,127888,1
44508,4876,65250,49384,109758,70126,0
82861,18650,38802,101511,121663,57452,0
80947,86784,12539,167731,93486,99323,1
50904,80643,51545,131547,102449,132188,1
56711,84813,27553,141524,84264,112366,0
71840,95467,28851,167307,100691,124318,1
5681,26443,81413,32124,87094,107856,0
37995,12638,16788,50633,54783,29426,0
35657,72308,53819,107965,89476,126127,1
28673,52097,36254,80770,64927,88351,1
55683,18011,38697,73694,94380,56708,1
22946,58156,26998,81102,49944,85154,0
78019,43714,84625,121733,162644,128339,1
94715,60257,55968,154972,150683,116225,1
43730,16385,72038,60115,115768,88423,0
63714,41802,48473,105516,112187,90275,1
73968,74993,28869,148961,102837,103862,1
24651,99259,20235,123910,44886,119494,0
75764,77097,25427,152861,101191,102524,1
37754,30984,66186,68738,103940,97170,1
59673,58478,43948,118151,103621,102426,1
14105,11947,62289,26052,76394,74236,0
35345,68846,93677,104191,129022,162523,1
72135,78281,13499,150416,85634,91780,1
46952,9908,6705,56860,53657,16613,0
39028,63344,26091,102372,65119,89435,1
23962,36256,45274,60218,69236,81530,1
28875,7017,3568,35892,32443,10585,0
63315,57774,99758,121089,163073,157532,1
9654,87010,71469,96664,81123,158479,0
31101,83862,2772,114963,33873,86634,0
92492,88929,60518,181421,153010,149447,1
64180,96477,95219,160657,159399,191696,1
36903,51154,98739,88057,135642,149893,0
5826,97830,98977,103656,104803,196807,1
1152,71802,38838,72954,39990,110640,0
94611,99301,13964,193912,108575,113265,1
72714,38643,92447,111357,165161,131090,1
99074,89256,61777,188330,160851,151033,1
87317,75237,25737,162554,113054,100974,1
37843,70870,24309,108713,62152,95179,0
25268,77902,20948,103170,46216,98850,0
11607,60103,38435,71710,50042,98538,0
76181,91310,69660,167491,145841,160970,1
86036,42270,11681,128306,97717,53951,0
8356,90444,53559,98800,61915,144003,0
72576,31675,60841,104251,133417,92516,1
40897,74798,83007,115695,123904,157805,1
53755,61931,41,115686,53796,61972,0
39151,7067,48839,46218,87990,55906,0
17586,65659,29960,83245,47546,95619,0
54677,80228,31396,134905,86073,111624,1
54735,6410,635,61145,55370,7045,0
99256,11566,89273,110822,188529,100839,1
57908,82285,48635,140193,106543,130920,1
82165,40738,63674,122903,145839,104412,1
52101,26550,54018,78651,106119,80568,1
23306,24370,91208,47676,114514,115578,0
85787,49044,76372,134831,162159,125416,1
77063,8126,41468,85189,118531,49594,0
39765,49097,73583,88862,113348,122680,1
18959,59000,38830,77959,57789,97830,0
48373,98684,7672,147057,56045,106356,0
93983,16956,13070,110939,107053,30026,0
33981,67058,10266,101039,44247,77324,0
45800,61156,97979,106956,143779,159135,1
90520,30535,23012,121055,113532,53547,0
26391,80938,30471,107329,56862,111409,0
90824,12318,53460,103142,144284,65778,0
94152,89330,8342,183482,102494,97672,1
8914,87138,37927,96052,46841,125065,0
33405,69103,79887,102508,113292,148990,1
9529,6237,20237,15766,29766,26474,0
12750,36171,92645,48921,105395,128816,0
92680,10427,94872,103107,187552,105299,1
42704,24320,80677,67024,123381,104997,0
43159,25138,30166,68297,73325,55304,1
24178,2660,49277,26838,73455,51937,0
38908,44366,59744,83274,98652,104110,1
85157,44350,69096,129507,154253,113446,1
64120,56475,17073,120595,81193,73548,1
91697,50717,98860,142414,190557,149577,1
93330,60368,57204,153698,150534,117572,1
2597,46605,39768,49202,42365,86373,0
92402,71100,22288,163502,114690,93388,1
73842,83570,70331,157412,144173,153901,1
14076,55832,56717,69908,70793,112549,1
2079,36594,81149,38673,83228,117743,0
60174,56049,32252,116223,92426,88301,1
40666,649,94827,41315,135493,95476,0
46362,13749,83090,60111,129452,96839,0
64675,21751,57899,86426,122574,79650,1
89953,47156,9748,137109,99701,56904,0
92936,96053,49083,188989,142019,145136,1
38779,23682,61259,62461,100038,84941,1
28170,56214,52698,84384,80868,108912,1
1442,78521,27708,79963,29150,106229,0
31673,80804,55424,112477,87097,136228,1
48862,41649,31828,90511,80690,73477,1
9021,14894,40212,23915,49233,55106,0
94348,96851,12819,191199,107167,109670,1
7199,37102,24291,44301,31490,61393,0
71042,91238,54013,162280,125055,145251,1
45968,53467,38336,99435,84304,91803,1
41308,8331,92791,49639,134099,101122,0
24663,19660,28256,44323,52919,47916,1
68814,67634,30993,136448,99807,98627,1
59285,32827,47412,92112,106697,80239,1
76622,38815,69347,115437,145969,108162,1
96452,67551,80046,164003,176498,147597,1
16435,86379,93121,102814,109556,179500,1
37783,58151,47885,95934,85668,106036,1
84322,76208,22319,160530,106641,98527,1
42662,29319,54714,71981,97376,84033,1
23681,18396,24788,42077,48469,43184,1
85872,83611,14513,169483,100385,98124,1
59385,21445,64845,80830,124230,86290,1
7364,15906,22926,23270,30290,38832,1
18513,31893,62258,50406,80771,94151,0
65193,23770,28247,88963,93440,52017,0
88781,27604,99008,116385,187789,126612,1
40982,64465,41104,105447,82086,105569,1
92837,84896,49808,177733,142645,134704,1
11481,88687,28616,100168,40097,117303,0
93094,48648,46455,141742,139549,95103,1
46764,23860,73615,70624,120379,97475,0
11219,40996,59191,52215,70410,100187,0
72112,35722,20873,107834,92985,56595,0
2431,37200,47940,39631,50371,85140,0
11777,5892,7011,17669,18788,12903,1
79202,29182,94757,108384,173959,123939,1
57403,88328,579,145731,57982,88907,0
89912,34922,58484,124834,148396,93406,1
54978,1712,74333,56690,129311,76045,0
20317,87112,71669,107429,91986,158781,1
88274,91518,77313,179792,165587,168831,1
68781,27006,2371,95787,71152,29377,0
80394,90527,39740,170921,120134,130267,1
33920,16818,57835,50738,91755,74653,0
93625,49554,68368,143179,161993,117922,1
91199,88187,88524,179386,179723,176711,1
82100,69689,57492,151789,139592,127181,1
99966,78037,57868,178003,157834,135905,1
43255,92865,93810,136120,137065,186675,1
67709,33125,34528,100834,102237,67653,0
77203,22210,92064,99413,169267,114274,1
79570,10853,3704,90423,83274,14557,0
72083,15900,88250,87983,160333,104150,0
815,11180,75324,11995,76139,86504,0
27192,63312,97369,90504,124561,160681,0
15459,94103,61850,109562,77309,155953,0
49981,39020,6969,89001,56950,45989,0
28836,50688,75527,79524,104363,126215,1
28008,5193,99606,33201,127614,104799,0
37631,86942,38205,124573,75836,125147,0
47404,87556,39407,134960,86811,126963,0
48820,93066,85846,141886,134666,178912,1
97785,7716,1022,105501,98807,8738,0
69981,98632,77275,168613,147256,175907,1
84040,51588,23441,135628,107481,75029,0
21903,55093,2192,76996,24095,57285,0
93579,16941,66361,110520,159940,83302,0
16207,71548,12673,87755,28880,84221,0
2708,87134,47521,89842,50229,134655,0
31954,27503,15424,59457,47378,42927,1
10326,95752,74228,106078,84554,169980,0
95763,44074,83156,139837,178919,127230,1
14108,66085,8293,80193,22401,74378,0
34473,75322,96975,109795,131448,172297,1
99575,74907,59633,174482,159208,134540,1
65615,6736,25317,72351,90932,32053,0
47437,26471,50454,73908,97891,76925,1
60086,2623,81377,62709,141463,84000,0
30784,88400,93978,119184,124762,182378,1
45648,92019,51760,137667,97408,143779,1
48985,27909,43459,76894,92444,71368,1
68021,46090,37668,114111,105689,83758,1
23217,5232,58715,28449,81932,63947,0
12955,75117,54202,88072,67157,129319,0
34311,61901,13645,96212,47956,75546,0
3089,51584,13268,54673,16357,64852,0
17998,18918,19170,36916,37168,38088,1
51181,60107,1426,111288,52607,61533,0
76769,57753,27293,134522,104062,85046,1
17988,54412,33954,72400,51942,88366,0
82747,7571,94330,90318,177077,101901,0
67856,31357,19946,99213,87802,51303,0
55303,67564,31494,122867,86797,99058,1
72394,10458,77386,82852,149780,87844,1
71064,66511,75341,137575,146405,141852,1
33596,80735,82828,114331,116424,163563,1
7426,10339,8176,17765,15602,18515,1
35832,47755,39027,83587,74859,86782,1
27164,31110,16230,58274,43394,47340,1
69131,56298,88850,125429,157981,145148,1
39288,48161,62029,87449,101317,110190,1
24943,24420,70389,49363,95332,94809,0
52470,59544,30996,112014,83466,90540,1
40829,23668,8804,64497,49633,32472,0
55295,84315,67249,139610,122544,151564,1
99427,59505,78844,158932,178271,138349,1
35581,3479,79703,39060,115284,83182,0
75958,34929,29329,110887,105287,64258,0
94530,49344,37176,143874,131706,86520,0
88458,96529,26785,184987,115243,123314,1
80718,61391,15974,142109,96692,77365,0
52283,77188,75672,129471,127955,152860,1
32050,42970,19643,75020,51693,62613,1
2758,41607,80716,44365,83474,122323,0
9269,82746,77353,92015,86622,160099,1
60316,16317,43695,76633,104011,60012,0
55126,53040,96823,108166,151949,149863,1
45164,40228,48527,85392,93691,88755,1
92588,96083,52456,188671,145044,148539,1
68865,76327,78914,145192,147779,155241,1
22460,81598,64024,104058,86484,145622,1
96320,99066,62588,195386,158908,161654,1
72608,7495,65442,80103,138050,72937,1
15313,66339,65572,81652,80885,131911,1
59951,84422,89173,144373,149124,173595,1
67391,44327,38359,111718,105750,82686,1
62346,14609,34587,76955,96933,49196,0
99185,88185,20039,187370,119224,108224,1
56450,77901,38238,134351,94688,116139,1
92039,18902,38448,110941,130487,57350,0
8632,37867,52543,46499,61175,90410,0
18859,51334,12555,70193,31414,63889,0
506,71762,34442,72268,34948,106204,0
14107,33474,81336,47581,95443,114810,0
89423,90361,22814,179784,112237,113175,1
14524,13479,46364,28003,60888,59843,0
44795,40732,32867,85527,77662,73599,1
42528,41070,45551,83598,88079,86621,1
81360,12547,99577,93907,180937,112124,0
48773,91483,48021,140256,96794,139504,1
99411,41136,16901,140547,116312,58037,0
79762,61023,59466,140785,139228,120489,1
17571,96143,50605,113714,68176,146748,0
11906,21162,50170,33068,62076,71332,0
40824,89802,15789,130626,56613,105591,0
93099,7148,76229,100247,169328,83377,0
72641,74908,50070,147549,122711,124978,1
56419,12822,98493,69241,154912,111315,0
6069,18064,50846,24133,56915,68910,0
3201,47155,63768,50356,66969,110923,0
45915,43871,24733,89786,70648,68604,1
18167,97200,63022,115367,81189,160222,0
79049,99090,92971,178139,172020,192061,1
40279,52446,15189,92725,55468,67635,1
23202,77837,54400,101039,77602,132237,0
39162,39977,54228,79139,93390,94205,1
99890,38788,14707,138678,114597,53495,0
60408,93672,21309,154080,81717,114981,0
61018,94205,19228,155223,80246,113433,0
80349,60815,98204,141164,178553,159019,1
51031,46795,13551,97826,64582,60346,1
40699,28415,853,69114,41552,29268,0
14995,3399,97352,18394,112347,100751,0
42976,14300,66223,57276,109199,80523,0
42085,94143,96395,136228,138480,190538,1
94873,34735,66595,129608,161468,101330,1
58708,43394,95320,102102,154028,138714,1
47002,27452,61115,74454,108117,88567,1
70076,14597,21777,84673,91853,36374,0
16159,60899,54271,77058,70430,115170,1
49637,23482,66,73119,49703,23548,0
14772,61310,50432,76082,65204,111742,1
56061,73992,58045,130053,114106,132037,1
32748,57474,39170,90222,71918,96644,1
30661,64105,29951,94766,60612,94056,0
50311,61498,11414,111809,61725,72912,1
66502,21961,36671,88463,103173,58632,0
87018,20296,19044,107314,106062,39340,0
36946,90730,26616,127676,63562,117346,0
8787,92285,51441,101072,60228,143726,0
12229,81264,87642,93493,99871,168906,1
62368,34414,27485,96782,89853,61899,0
14871,32519,92196,47390,107067,124715,0
44745,68580,23800,113325,68545,92380,0
71170,55146,63244,126316,134414,118390,1
88932,54530,60563,143462,149495,115093,1
92914,64873,3796,157787,96710,68669,0
49548,65420,69765,114968,119313,135185,1
95656,97647,47079,193303,142735,144726,1
22346,35074,46313,57420,68659,81387,1
62711,8944,3582,71655,66293,12526,0
79778,32849,84270,112627,164048,117119,1
65802,94988,48940,160790,114742,143928,1
24261,49268,29584,73529,53845,78852,1
70842,84127,8670,154969,79512,92797,0
13949,11495,68277,25444,82226,79772,0
4420,77560,41771,81980,46191,119331,0
5263,13424,80137,18687,85400,93561,0
78034,25317,33152,103351,111186,58469,0
36621,29199,37187,65820,73808,66386,1
47924,32843,7326,80767,55250,40169,0
26595,57290,54156,83885,80751,111446,1
27526,35780,97381,63306,124907,133161,0
16198,15048,78331,31246,94529,93379,0
71017,50169,46981,121186,117998,97150,1
55892,42445,3236,98337,59128,45681,0
81859,95475,3729,177334,85588,99204,0
85760,82767,45871,168527,131631,128638,1
417,42416,66958,42833,67375,109374,0
25057,62745,2225,87802,27282,64970,0
28130,19408,92490,47538,120620,111898,0
71870,20861,69904,92731,141774,90765,1
58154,33569,28816,91723,86970,62385,1
45815,35290,85318,81105,131133,120608,0
95176,34649,85049,129825,180225,119698,1
92576,97727,39822,190303,132398,137549,1
86398,34015,94304,120413,180702,128319,1
30074,74228,17440,104302,47514,91668,0
71945,72251,38838,144196,110783,111089,1
81828,84467,46180,166295,128008,130647,1
49814,33156,50849,82970,100663,84005,1
11175,17507,68412,28682,79587,85919,0
38384,98360,12105,136744,50489,110465,0
59953,89883,91508,149836,151461,181391,1
9536,81931,44376,91467,53912,126307,0
31270,84249,76625,115519,107895,160874,1
11424,49701,19143,61125,30567,68844,0
37327,87529,40160,124856,77487,127689,0
73939,5907,56239,79846,130178,62146,0
85029,30546,94248,115575,179277,124794,1
95122,22811,88236,117933,183358,111047,1
12957,9182,90333,22139,103290,99515,0
17855,80496,86522,98351,104377,167018,1
20123,77881,41194,98004,61317,119075,0
17273,35015,7049,52288,24322,42064,0
57096,36590,30890,93686,87986,67480,1
63252,89603,96248,152855,159500,185851,1
39031,39212,64859,78243,103890,104071,1
35995,65248,20617,101243,56612,85865,0
23452,83929,88239,107381,111691,172168,1
12874,3898,46441,16772,59315,50339,0
12346,11907,69703,24253,82049,81610,0
19771,25271,24924,45042,44695,50195,1
29133,29580,9579,58713,38712,39159,1
63315,92264,81165,155579,144480,173429,1
23555,35019,55906,58574,79461,90925,1
56349,6692,60867,63041,117216,67559,1
26462,63867,88165,90329,114627,152032,1
39648,87592,28245,127240,67893,115837,0
86963,54247,87171,141210,174134,141418,1
56297,63672,15028,119969,71325,78700,1
20662,43849,92423,64511,113085,136272,0
38099,45533,32350,83632,70449,77883,1
23921,91020,64331,114941,88252,155351,0
64099,92097,84990,156196,149089,177087,1
19227,60351,67450,79578,86677,127801,1
51999,89630,18146,141629,70145,107776,0
49029,8821,7781,57850,56810,16602,0
68991,77926,89758,146917,158749,167684,1
20795,97338,79000,118133,99795,176338,1
49491,29420,62407,78911,111898,91827,1
92950,71036,10534,163986,103484,81570,0
88222,22789,11326,111011,99548,34115,0
13440,30700,43777,44140,57217,74477,1
96947,58091,81748,155038,178695,139839,1
83564,50383,90725,133947,174289,141108,1
77209,49275,51861,126484,129070,101136,1
95248,70569,29295,165817,124543,99864,1
8601,66575,45917,75176,54518,112492,0
14381,3802,16458,18183,30839,20260,1
52604,42172,34185,94776,86789,76357,1
40110,53582,31201,93692,71311,84783,1
59787,48057,34412,107844,94199,82469,1
77819,6912,58291,84731,136110,65203,0
92785,30296,64722,123081,157507,95018,1
2260,89989,57184,92249,59444,147173,0
26739,7784,75775,34523,102514,83559,0
61638,95269,61581,156907,123219,156850,1
99454,90911,47492,190365,146946,138403,1
33350,82405,74203,115755,107553,156608,1
85567,32548,43811,118115,129378,76359,0
53301,17329,91026,70630,144327,108355,0
43181,42758,79362,85939,122543,122120,1
78356,87386,42485,165742,120841,129871,1
30814,22707,113,53521,30927,22820,0
99983,53936,70832,153919,170815,124768,1
41084,38664,64093,79748,105177,102757,1
75559,35767,45985,111326,121544,81752,1
10181,73634,97102,83815,107283,170736,0
31160,38751,52986,69911,84146,91737,1
12663,2480,52102,15143,64765,54582,0
22586,58749,50044,81335,72630,108793,1
21924,58762,12429,80686,34353,71191,0
99805,12078,70649,111883,170454,82727,0
28973,42351,88340,71324,117313,130691,0
63390,654,89112,64044,152502,89766,0
38341,39416,62567,77757,100908,101983,1
27482,23812,58176,51294,85658,81988,0
41263,78069,65369,119332,106632,143438,1
42806,96057,59787,138863,102593,155844,1
47262,45484,21446,92746,68708,66930,1
35881,75366,98272,111247,134153,173638,1
30522,28900,32206,59422,62728,61106,1
96472,28872,21048,125344,117520,49920,0
87352,14376,96218,101728,183570,110594,1
80844,67113,65928,147957,146772,133041,1
50281,70243,59456,120524,109737,129699,1
46427,66749,36428,113176,82855,103177,1
84258,11970,33767,96228,118025,45737,0
99388,1811,40940,101199,140328,42751,0
1185,18560,15694,19745,16879,34254,0
45833,27814,16348,73647,62181,44162,0
39857,56403,74675,96260,114532,131078,1
45365,15928,33919,61293,79284,49847,1
79537,35008,23602,114545,103139,58610,0
52589,31297,60871,83886,113460,92168,1
97744,52537,67824,150281,165568,120361,1
61428,7866,79787,69294,141215,87653,0
75200,80538,20348,155738,95548,100886,1
22007,58306,93462,80313,115469,151768,0
37824,56680,87410,94504,125234,144090,1
46051,94677,37503,140728,83554,132180,0
70755,17472,13322,88227,84077,30794,0
45651,25744,96541,71395,142192,122285,0
58934,91154,46570,150088,105504,137724,1
36502,9785,18315,46287,54817,28100,0
77619,97067,34500,174686,112119,131567,1
61848,65587,61723,127435,123571,127310,1
99595,77605,67014,177200,166609,144619,1
49803,16268,4986,66071,54789,21254,0
44076,95897,85590,139973,129666,181487,1
58704,77508,76570,136212,135274,154078,1
80437,92556,40210,172993,120647,132766,1
58663,10092,43774,68755,102437,53866,0
64160,66103,39976,130263,104136,106079,1
87339,33240,72206,120579,159545,105446,1
4213,68242,41020,72455,45233,109262,0
98141,56206,54741,154347,152882,110947,1
4493,53328,77227,57821,81720,130555,0
30855,92305,34586,123160,65441,126891,0
6617,39230,77365,45847,83982,116595,0
27429,77109,44010,104538,71439,121119,0
2630,45164,87885,47794,90515,133049,0
46999,36972,26171,83971,73170,63143,1
87233,44749,87445,131982,174678,132194,1
97737,25582,65649,123319,163386,91231,0
44413,42242,69089,86655,113502,111331,1
20378,81891,27307,102269,47685,109198,0
66984,77704,63694,144688,130678,141398,1
35219,98627,23161,133846,58380,121788,0
94661,24815,66581,119476,161242,91396,0
42545,43347,45446,85892,87991,88793,1
49832,4482,48416,54314,98248,52898,1
55227,43070,76674,98297,131901,119744,1
57149,42769,87491,99918,144640,130260,1
25282,98113,8315,123395,33597,106428,0
59061,24189,31169,83250,90230,55358,0
23647,94638,34349,118285,57996,128987,0
82963,18977,3417,101940,86380,22394,0
178,35789,36841,35967,37019,72630,0
14529,89166,45640,103695,60169,134806,0
83402,14272,2150,97674,85552,16422,0
14255,34355,97737,48610,111992,132092,0
50370,31399,53618,81769,103988,85017,1
81486,51885,71072,133371,152558,122957,1
30459,58835,7217,89294,37676,66052,0
95232,64494,74507,159726,169739,139001,1
27165,74071,65102,101236,92267,139173,1
96425,16235,79129,112660,175554,95364,0
55760,7134,57390,62894,113150,64524,1
47682,92574,44207,140256,91889,136781,0
15744,86523,63965,102267,79709,150488,0
35810,4770,96285,40580,132095,101055,0
73733,5249,27708,78982,101441,32957,0
86029,68299,25812,154328,111841,94111,1
79848,28285,90144,108133,169992,118429,1
6309,6745,8418,13054,14727,15163,1
51717,92454,20472,144171,72189,112926,0
54229,89196,90901,143425,145130,180097,1
6624,16573,48949,23197,55573,65522,0
81294,3941,94081,85235,175375,98022,0
14828,70270,56110,85098,70938,126380,1
54988,44601,53650,99589,108638,98251,1
91739,62667,49985,154406,141724,112652,1
20057,42485,43318,62542,63375,85803,1
53989,713,67944,54702,121933,68657,0
72539,19471,94214,92010,166753,113685,0
34987,61199,34826,96186,69813,96025,1
61025,92778,45422,153803,106447,138200,1
76023,26005,33583,102028,109606,59588,0
64390,73141,14466,137531,78856,87607,1
11522,519,70475,12041,81997,70994,0
27351,35368,83940,62719,111291,119308,0
89019,71609,39873,160628,128892,111482,1
32114,66794,2933,98908,35047,69727,0
53824,38644,99517,92468,153341,138161,0
42905,43306,92807,86211,135712,136113,0
46726,32024,75575,78750,122301,107599,1
46262,44413,51284,90675,97546,95697,1
18306,88249,4654,106555,22960,92903,0
85000,429,11720,85429,96720,12149,0
37440,80101,83316,117541,120756,163417,1
27530,77849,94379,105379,121909,172228,1
17546,17325,24579,34871,42125,41904,1
7550,57575,16607,65125,24157,74182,0
46362,65120,1255,111482,47617,66375,0
66060,95638,24262,161698,90322,119900,0
52007,86391,38350,138398,90357,124741,1
30450,86083,32447,116533,62897,118530,0
83523,50216,85006,133739,168529,135222,1
66388,7114,10263,73502,76651,17377,0
21077,16392,66848,37469,87925,83240,0
3523,7176,95061,10699,98584,102237,0
18091,40423,39431,58514,57522,79854,1
42281,56371,63101,98652,105382,119472,1
14369,82298,72581,96667,86950,154879,1
6274,37507,78315,43781,84589,115822,0
10775,92337,70646,103112,81421,162983,0
51205,94288,81908,145493,133113,176196,1
82944,97346,26768,180290,109712,124114,1
72658,46040,45561,118698,118219,91601,1
70369,84383,44493,154752,114862,128876,1
3532,10597,29715,14129,33247,40312,0
19358,34679,57956,54037,77314,92635,0
26658,35349,82453,62007,109111,117802,0
20643,60599,9811,81242,30454,70410,0
20903,58449,38911,79352,59814,97360,1
97262,12351,87454,109613,184716,99805,1
62288,93666,52729,155954,115017,146395,1
69847,28936,2835,98783,72682,31771,0
86208,31264,36896,117472,123104,68160,0
81953,28567,6317,110520,88270,34884,0
67686,42036,21533,109722,89219,63569,0
18328,64420,41372,82748,59700,105792,0
5884,34878,19265,40762,25149,54143,0
92153,64571,87601,156724,179754,152172,1
62817,96740,53838,159557,116655,150578,1
16753,93052,20213,109805,36966,113265,0
5375,19503,98316,24878,103691,117819,0
31305,22611,35022,53916,66327,57633,1
11032,73671,20601,84703,31633,94272,0
42603,44854,67213,87457,109816,112067,1
74085,39802,23849,113887,97934,63651,0
49237,84989,90006,134226,139243,174995,1
36258,33829,45487,70087,81745,79316,1
26052,43040,95497,69092,121549,138537,0
58059,7085,96516,65144,154575,103601,0
22286,93096,58853,115382,81139,151949,0
99678,5250,19572,104928,119250,24822,0
33673,17538,90078,51211,123751,107616,0
86324,24646,21235,110970,107559,45881,0
36467,62413,52825,98880,89292,115238,1
16382,23261,64987,39643,81369,88248,0
39182,97993,70910,137175,110092,168903,1
90807,6263,38205,97070,129012,44468,0
78518,80399,9629,158917,88147,90028,1
69099,10290,53578,79389,122677,63868,0
72584,14098,2476,86682,75060,16574,0
46305,66658,95899,112963,142204,162557,1
64782,89301,39385,154083,104167,128686,1
22155,43954,34018,66109,56173,77972,1
8743,56577,12834,65320,21577,69411,0
71703,80295,7086,151998,78789,87381,0
31276,84515,62118,115791,93394,146633,1
68553,53561,93595,122114,162148,147156,1
12788,38021,4770,50809,17558,42791,0
2857,42814,16793,45671,19650,59607,0
52815,325,90169,53140,142984,90494,0
8876,62862,75642,71738,84518,138504,0
14340,39507,75449,53847,89789,114956,0
77053,61841,90534,138894,167587,152375,1
7237,33169,55654,40406,62891,88823,0
5181,35439,70009,40620,75190,105448,0
34159,33706,10528,67865,44687,44234,1
51298,77506,94577,128804,145875,172083,1
59235,25073,97017,84308,156252,122090,0
25816,40861,2758,66677,28574,43619,0
40152,62129,44528,102281,84680,106657,1
56930,66379,93476,123309,150406,159855,1
10781,15268,35176,26049,45957,50444,0
64295,26467,36338,90762,100633,62805,0
96813,47286,91295,144099,188108,138581,1
1317,65524,42582,66841,43899,108106,0
14160,37468,86608,51628,100768,124076,0
9199,88612,16084,97811,25283,104696,0
98486,98454,16052,196940,114538,114506,1
82106,78388,8102,160494,90208,86490,1
15057,33240,51428,48297,66485,84668,0
42452,17618,7322,60070,49774,24940,0
34836,50742,59943,85578,94779,110685,1
70909,71062,76151,141971,147060,147213,1
45784,40006,87485,85790,133269,127491,0
86493,94509,156,181002,86649,94665,0
71349,75743,3779,147092,75128,79522,0
93612,23266,3245,116878,96857,26511,0
86823,46289,84423,133112,171246,130712,1
58359,80083,63996,138442,122355,144079,1
28742,72322,33005,101064,61747,105327,0
5884,38640,39412,44524,45296,78052,1
71106,98483,5864,169589,76970,104347,0
80340,34875,84098,115215,164438,118973,1
33791,92343,86245,126134,120036,178588,1
11663,76606,38388,88269,50051,114994,0
66295,11256,598,77551,66893,11854,0
55560,15961,45447,71521,101007,61408,1
37709,22685,15153,60394,52862,37838,1
40285,22457,30589,62742,70874,53046,1
65710,53388,20552,119098,86262,73940,1
70566,30529,64398,101095,134964,94927,1
59199,93472,24901,152671,84100,118373,0
47079,25017,22115,72096,69194,47132,1
51646,25659,90905,77305,142551,116564,0
66726,66032,84167,132758,150893,150199,1
36328,98135,80070,134463,116398,178205,1
23565,18187,36213,41752,59778,54400,1
77237,55718,95133,132955,172370,150851,1
96590,88903,87117,185493,183707,176020,1
15619,81011,72571,96630,88190,153582,1
23730,40923,45788,64653,69518,86711,1
11294,60331,63324,71625,74618,123655,1
12394,30954,77174,43348,89568,108128,0
28541,77452,2251,105993,30792,79703,0
49911,18809,40937,68720,90848,59746,1
19996,99649,48800,119645,68796,148449,0
64060,39615,21136,103675,85196,60751,0
42562,97418,56099,139980,98661,153517,1
46604,91407,6819,138011,53423,98226,0
41625,90529,91815,132154,133440,182344,1
71340,83619,48210,154959,119550,131829,1
26945,83537,21747,110482,48692,105284,0
35836,40425,46117,76261,81953,86542,1
42280,89178,41472,131458,83752,130650,0
65659,76831,43684,142490,109343,120515,1
44716,76574,79346,121290,124062,155920,1
11601,89645,27362,101246,38963,117007,0
90965,2346,57496,93311,148461,59842,0
17838,38283,2851,56121,20689,41134,0
50858,57455,54811,108313,105669,112266,1
93435,53613,50973,147048,144408,104586,1
35799,3268,28965,39067,64764,32233,0
27308,59555,74957,86863,102265,134512,1
20557,81253,58853,101810,79410,140106,0
15429,9159,31592,24588,47021,40751,0
39331,87888,84376,127219,123707,172264,1
57908,82639,28507,140547,86415,111146,1
1107,33966,55935,35073,57042,89901,0
32348,4457,91643,36805,123991,96100,0
36067,47431,41653,83498,77720,89084,1
74219,64435,18857,138654,93076,83292,1
90447,18025,39054,108472,129501,57079,0
68517,29848,94657,98365,163174,124505,1
4058,39777,35253,43835,39311,75030,0
40803,4163,68691,44966,109494,72854,0
43745,93110,66974,136855,110719,160084,1
8653,79061,64154,87714,72807,143215,0
31983,6677,35873,38660,67856,42550,1
56648,59994,74904,116642,131552,134898,1
7023,83383,72198,90406,79221,155581,0
616,30616,33945,31232,34561,64561,0
59926,16468,84501,76394,144427,100969,0
26776,65131,2240,91907,29016,67371,0
86899,9953,85822,96852,172721,95775,1
70641,58508,49263,129149,119904,107771,1
58049,21267,52184,79316,110233,73451,1
82000,28279,18173,110279,100173,46452,0
13291,36463,58827,49754,72118,95290,0
87611,98723,17103,186334,104714,115826,1
41113,14528,5404,55641,46517,19932,0
61348,46607,82184,107955,143532,128791,1
40978,42519,83819,83497,124797,126338,0
75759,85330,97749,161089,173508,183079,1
32048,30933,47910,62981,79958,78843,1
51327,58236,44903,109563,96230,103139,1
72036,39769,22140,111805,94176,61909,0
93453,45865,75125,139318,168578,120990,1
7192,32055,65510,39247,72702,97565,0
47788,29280,81250,77068,129038,110530,0
81004,57304,49236,138308,130240,106540,1
91982,19370,26336,111352,118318,45706,0
15483,34980,52411,50463,67894,87391,0
41961,94518,22807,136479,64768,117325,0
72043,74942,26936,146985,98979,101878,1
83463,59190,64501,142653,147964,123691,1
7610,40752,87995,48362,95605,128747,0
1526,55658,92136,57184,93662,147794,0
56567,25864,84009,82431,140576,109873,0
72718,98159,75993,170877,148711,174152,1
32104,1511,95281,33615,127385,96792,0
98739,54881,7315,153620,106054,62196,0
84514,70553,27167,155067,111681,97720,1
54163,13175,87361,67338,141524,100536,0
55503,49753,36813,105256,92316,86566,1
50805,10964,84868,61769,135673,95832,0
78547,16413,90285,94960,168832,106698,1
97710,60439,3679,158149,101389,64118,0
71161,56186,5702,127347,76863,61888,0
90767,14530,39488,105297,130255,54018,0
55418,15948,30789,71366,86207,46737,0
44204,69152,98706,113356,142910,167858,1
52277,63984,37464,116261,89741,101448,1
19531,6434,90272,25965,109803,96706,0
9114,35281,67552,44395,76666,102833,0
11680,73068,64638,84748,76318,137706,1
27603,28588,47089,56191,74692,75677,1
14858,3270,41420,18128,56278,44690,0
96164,49615,57084,145779,153248,106699,1
53753,37939,15453,91692,69206,53392,0
89220,59749,40356,148969,129576,100105,1
54083,16273,75881,70356,129964,92154,0
7893,87862,63437,95755,71330,151299,0
80485,46470,99555,126955,180040,146025,1
2650,79894,75737,82544,78387,155631,0
48292,21080,50169,69372,98461,71249,1
5421,73151,38383,78572,43804,111534,0
63621,73044,90317,136665,153938,163361,1
67573,87070,35652,154643,103225,122722,1
46850,26485,57792,73335,104642,84277,1
53657,16554,18967,70211,72624,35521,0
87871,14201,23858,102072,111729,38059,0
69062,60338,92093,129400,161155,152431,1
96285,39467,34639,135752,130924,74106,0
49962,26608,54110,76570,104072,80718,1
90917,10684,66751,101601,157668,77435,0
34702,17609,94916,52311,129618,112525,0
84781,43983,70063,128764,154844,114046,1
58643,48825,83646,107468,142289,132471,1
46680,10963,81428,57643,128108,92391,0
54888,57909,33470,112797,88358,91379,1
39321,11258,13541,50579,52862,24799,0
72837,76205,82939,149042,155776,159144,1
51853,83180,19582,135033,71435,102762,0
74235,34878,16182,109113,90417,51060,0
58475,22322,57866,80797,116341,80188,1
63923,20203,769,84126,64692,20972,0
73125,26763,2732,99888,75857,29495,0
17386,79514,6505,96900,23891,86019,0
84716,53042,12532,137758,97248,65574,0
88412,73330,40205,161742,128617,113535,1
23955,65398,67266,89353,91221,132664,1
45393,51812,2859,97205,48252,54671,0
40350,42512,37772,82862,78122,80284,1
44034,17217,53495,61251,97529,70712,1
55632,30872,90461,86504,146093,121333,0
33871,33163,4169,67034,38040,37332,1
50319,91504,93645,141823,143964,185149,1
29246,13124,1709,42370,30955,14833,0
51814,41466,89236,93280,141050,130702,1
37255,79440,50077,116695,87332,129517,1
10417,99780,58963,110197,69380,158743,0
20204,35340,65153,55544,85357,100493,0
37402,46680,10388,84082,47790,57068,1
71986,70671,84181,142657,156167,154852,1
50933,82476,38493,133409,89426,120969,1
20550,34721,50306,55271,70856,85027,1
77412,27636,40577,105048,117989,68213,0
74088,47577,98295,121665,172383,145872,1
75704,49976,32447,125680,108151,82423,1
21293,98912,15686,120205,36979,114598,0
49306,10706,48982,60012,98288,59688,1
31623,45971,77439,77594,109062,123410,1
12076,89395,72677,101471,84753,162072,0
14172,3249,89487,17421,103659,92736,0
46083,1907,98468,47990,144551,100375,0
17939,22232,71506,40171,89445,93738,0
80706,64853,90812,145559,171518,155665,1
79070,92402,43215,171472,122285,135617,1
94987,78600,66835,173587,161822,145435,1
38869,58985,91453,97854,130322,150438,1
90042,39639,4311,129681,94353,43950,0
32812,60764,36778,93576,69590,97542,1
14156,50237,93653,64393,107809,143890,0
61078,26025,66052,87103,127130,92077,1
39862,63759,31147,103621,71009,94906,1
79705,16358,76576,96063,156281,92934,1
81339,49201,63488,130540,144827,112689,1
92586,14233,20265,106819,112851,34498,0
53899,63986,99990,117885,153889,163976,1
20559,77651,59445,98210,80004,137096,1
44833,75881,4988,120714,49821,80869,0
51113,66496,50517,117609,101630,117013,1
7506,67559,91459,75065,98965,159018,0
29605,880,57202,30485,86807,58082,0
56377,27201,4402,83578,60779,31603,0
22604,28643,59936,51247,82540,88579,0
44145,45265,9584,89410,53729,54849,1
19668,92169,88848,111837,108516,181017,1
30767,70129,51927,100896,82694,122056,1
34607,54239,62237,88846,96844,116476,1
59696,72744,1474,132440,61170,74218,0
59599,43077,32119,102676,91718,75196,1
4067,4290,341,8357,4408,4631,1
65821,94254,37044,160075,102865,131298,1
96828,4694,34474,101522,131302,39168,0
30197,9588,47913,39785,78110,57501,0
4325,7282,58348,11607,62673,65630,0
56676,73838,31024,130514,87700,104862,1
90731,16428,31197,107159,121928,47625,0
10870,87880,61307,98750,72177,149187,0
97399,23558,99053,120957,196452,122611,1
8415,12987,76219,21402,84634,89206,0
90923,24938,13054,115861,103977,37992,0
41821,36697,50039,78518,91860,86736,1
58896,64180,45504,123076,104400,109684,1
10921,35524,56186,46445,67107,91710,0
16227,74172,60409,90399,76636,134581,1
77250,81193,93576,158443,170826,174769,1
94708,78663,22476,173371,117184,101139,1
46655,32174,91607,78829,138262,123781,0
14383,90150,64609,104533,78992,154759,0
82881,66242,52755,149123,135636,118997,1
70464,7086,55687,77550,126151,62773,0
7544,84158,81182,91702,88726,165340,1
58801,13934,66070,72735,124871,80004,1
86204,43563,24281,129767,110485,67844,0
42442,48441,63963,90883,106405,112404,1
51915,34022,89389,85937,141304,123411,0
3271,21791,43401,25062,46672,65192,0
83857,99393,54695,183250,138552,154088,1
75780,35268,8733,111048,84513,44001,0
56786,94349,67335,151135,124121,161684,1
97413,89083,1953,186496,99366,91036,0
16541,73830,69368,90371,85909,143198,1
47619,44431,33048,92050,80667,77479,1
50065,96497,68750,146562,118815,165247,1
93727,26349,81897,120076,175624,108246,1
90448,24635,79409,115083,169857,104044,1
7760,65364,19699,73124,27459,85063,0
53623,4708,44566,58331,98189,49274,0
8508,55648,63085,64156,71593,118733,1
96901,97354,82009,194255,178910,179363,1
92021,39272,69277,131293,161298,108549,1
67019,57401,93826,124420,160845,151227,1
33961,65212,6591,99173,40552,71803,0
14537,60602,21273,75139,35810,81875,0
37831,67352,52681,105183,90512,120033,1
78072,54088,39917,132160,117989,94005,1
23275,47815,33163,71090,56438,80978,1
30377,10034,54374,40411,84751,64408,0
17460,30591,61626,48051,79086,92217,0
68095,50559,63546,118654,131641,114105,1
46975,30672,23136,77647,70111,53808,1
12438,14332,91782,26770,104220,106114,0
91410,14140,78668,105550,170078,92808,1
56905,76358,30685,133263,87590,107043,1
63833,59805,93590,123638,157423,153395,1
71144,42899,65639,114043,136783,108538,1
50095,86799,27871,136894,77966,114670,0
46485,90415,8132,136900,54617,98547,0
9412,64066,64385,73478,73797,128451,1
36130,31965,93128,68095,129258,125093,0
51344,44801,82427,96145,133771,127228,1
82243,16985,35901,99228,118144,52886,0
41929,30876,71658,72805,113587,102534,1
90026,14554,72684,104580,162710,87238,0
96675,19589,60319,116264,156994,79908,0
15287,52890,4726,68177,20013,57616,0
55520,63771,90627,119291,146147,154398,1
29472,96609,18945,126081,48417,115554,0
17915,70349,62955,88264,80870,133304,1
695,18010,32068,18705,32763,50078,0
52051,71665,36133,123716,88184,107798,1
42748,52579,74666,95327,117414,127245,1
96801,88091,78317,184892,175118,166408,1
72763,89852,5207,162615,77970,95059,0
26623,60874,95010,87497,121633,155884,0
53563,40900,31142,94463,84705,72042,1
28914,10755,75677,39669,104591,86432,0
50647,13766,99483,64413,150130,113249,0
39670,31053,51670,70723,91340,82723,1
67986,96696,35016,164682,103002,131712,1
78099,74394,92428,152493,170527,166822,1
76377,49219,15938,125596,92315,65157,0
22151,58262,41904,80413,64055,100166,1
77409,74053,1003,151462,78412,75056,0
56295,9277,85210,65572,141505,94487,0
93348,36865,64153,130213,157501,101018,1
54863,16292,66616,71155,121479,82908,1
77660,74527,83365,152187,161025,157892,1
74987,78274,49016,153261,124003,127290,1
79039,63693,74718,142732,153757,138411,1
71493,54370,14246,125863,85739,68616,0
20910,1501,84055,22411,104965,85556,0
84749,82730,64815,167479,149564,147545,1
66157,81715,88276,147872,154433,169991,1
78442,90198,15764,168640,94206,105962,1
8917,4606,76009,13523,84926,80615,0
85457,72831,80196,158288,165653,153027,1
74395,15211,20527,89606,94922,35738,0
94526,1123,25335,95649,119861,26458,0
43107,76067,91022,119174,134129,167089,1
33977,10437,66762,44414,100739,77199,0
8594,54088,10124,62682,18718,64212,0
75361,62288,99819,137649,175180,162107,1
90794,75853,16518,166647,107312,92371,1
73410,87134,15932,160544,89342,103066,1
12750,42567,97248,55317,109998,139815,0
36572,69309,16298,105881,52870,85607,0
43188,83271,32226,126459,75414,115497,0
98049,45359,68809,143408,166858,114168,1
44319,32782,78512,77101,122831,111294,0
65213,41673,87032,106886,152245,128705,1
72717,29942,75280,102659,147997,105222,1
87311,10356,93869,97667,181180,104225,1
4669,2578,64783,7247,69452,67361,0
79697,56491,49951,136188,129648,106442,1
31038,88753,18085,119791,49123,106838,0
43644,69381,38889,113025,82533,108270,1
32450,68735,66408,101185,98858,135143,1
3886,10507,70342,14393,74228,80849,0
12932,33351,55066,46283,67998,88417,0
89259,61038,96913,150297,186172,157951,1
64456,33333,64739,97789,129195,98072,1
67681,94963,54878,162644,122559,149841,1
94486,4904,57558,99390,152044,62462,0
55664,90546,57847,146210,113511,148393,1
96396,81582,31112,177978,127508,112694,1
49181,7804,47159,56985,96340,54963,1
56610,11652,47557,68262,104167,59209,1
49096,37805,37617,86901,86713,75422,1
95205,32015,33879,127220,129084,65894,0
29700,20633,18561,50333,48261,39194,1
27114,37182,27813,64296,54927,64995,1
67983,21653,55919,89636,123902,77572,1
50001,83508,5572,133509,55573,89080,0
54389,95844,17411,150233,71800,113255,0
77091,72581,60592,149672,137683,133173,1
58121,84956,91130,143077,149251,176086,1
11944,72103,21399,84047,33343,93502,0
93103,52790,5178,145893,98281,57968,0
63090,55785,34874,118875,97964,90659,1
15142,85086,31393,100228,46535,116479,0
18204,39543,23795,57747,41999,63338,1
10580,24014,49165,34594,59745,73179,0
62030,85691,34591,147721,96621,120282,1
79451,37804,44027,117255,123478,81831,1
96611,42922,42215,139533,138826,85137,0
94199,58524,22857,152723,117056,81381,0
52599,49618,32668,102217,85267,82286,1
73529,34832,28594,108361,102123,63426,0
97721,22048,95382,119769,193103,117430,1
47095,71583,42915,118678,90010,114498,1
46677,91082,85651,137759,132328,176733,1
55583,92583,10737,148166,66320,103320,0
33246,62624,37475,95870,70721,100099,1
32033,69610,44277,101643,76310,113887,1
77775,28101,81682,105876,159457,109783,1
19307,50508,57548,69815,76855,108056,1
14253,20248,27036,34501,41289,47284,1
59188,98954,43771,158142,102959,142725,1
38440,40550,98370,78990,136810,138920,0
33259,99524,12910,132783,46169,112434,0
40313,28146,68222,68459,108535,96368,1
57967,13078,37567,71045,95534,50645,0
97186,5197,74572,102383,171758,79769,0
97970,48915,67191,146885,165161,116106,1
62566,70329,40543,132895,103109,110872,1
62270,54723,44983,116993,107253,99706,1
30910,21513,92454,52423,123364,113967,0
84361,62069,39301,146430,123662,101370,1
71999,87676,39378,159675,111377,127054,1
89693,95699,51617,185392,141310,147316,1
86022,76375,25883,162397,111905,102258,1
2610,70631,27573,73241,30183,98204,0
7216,9616,67230,16832,74446,76846,0
71751,99632,90771,171383,162522,190403,1
82212,37786,22269,119998,104481,60055,0
68384,63152,46540,131536,114924,109692,1
50006,54870,58998,104876,109004,113868,1
57666,43875,38508,101541,96174,82383,1
76320,53330,7116,129650,83436,60446,0
59107,9436,77337,68543,136444,86773,0
69058,55509,77184,124567,146242,132693,1
19640,52123,25316,71763,44956,77439,0
30961,37247,308,68208,31269,37555,0
90001,32211,95978,122212,185979,128189,1
24103,1003,29125,25106,53228,30128,0
56568,29014,36387,85582,92955,65401,1
34037,89419,91036,123456,125073,180455,1
34780,89920,59781,124700,94561,149701,1
87198,24168,8177,111366,95375,32345,0
21835,57423,38894,79258,60729,96317,1
32613,45323,60357,77936,92970,105680,1
34488,20056,62876,54544,97364,82932,0
10068,23984,18861,34052,28929,42845,1
39965,27849,13129,67814,53094,40978,1
18472,82656,39476,101128,57948,122132,0
30186,92879,11098,123065,41284,103977,0
28591,85648,80057,114239,108648,165705,1
32494,78051,41533,110545,74027,119584,0
62425,73636,51592,136061,114017,125228,1
86707,65142,67202,151849,153909,132344,1
41880,1597,35181,43477,77061,36778,0
96659,57960,21410,154619,118069,79370,0
76853,58569,70672,135422,147525,129241,1
700,72998,57875,73698,58575,130873,0
69044,11148,43014,80192,112058,54162,0
33775,57531,10390,91306,44165,67921,0
3131,72624,47912,75755,51043,120536,0
67442,87737,66123,155179,133565,153860,1
99739,24462,89650,124201,189389,114112,1
70638,74983,3440,145621,74078,78423,0
69890,46375,92074,116265,161964,138449,1
36281,52705,57399,88986,93680,110104,1
97343,78975,8806,176318,106149,87781,0
75858,20779,75453,96637,151311,96232,1
97085,33921,81301,131006,178386,115222,1
36703,23941,27521,60644,64224,51462,1
58736,90164,40869,148900,99605,131033,1
21817,64794,77229,86611,99046,142023,1
16742,14582,93977,31324,110719,108559,0
82232,62490,37451,144722,119683,99941,1
62173,3077,24912,65250,87085,27989,0
77523,76781,54192,154304,131715,130973,1
17818,48604,90343,66422,108161,138947,0
49920,51299,35497,101219,85417,86796,1
42749,11059,32183,53808,74932,43242,1
59930,77123,64005,137053,123935,141128,1
84061,88243,92455,172304,176516,180698,1
17466,596,25264,18062,42730,25860,0
72185,45573,18416,117758,90601,63989,0
60161,55387,28966,115548,89127,84353,1
87944,22546,34462,110490,122406,57008,0
93093,56286,92706,149379,185799,148992,1
92279,15056,67673,107335,159952,82729,0
80318,15490,35322,95808,115640,50812,0
44331,78615,65907,122946,110238,144522,1
10477,89220,12607,99697,23084,101827,0
54592,28008,56199,82600,110791,84207,1
42312,1912,88368,44224,130680,90280,0
52273,57192,79596,109465,131869,136788,1
85071,29003,57842,114074,142913,86845,1
46369,14837,9679,61206,56048,24516,0
83046,69509,5310,152555,88356,74819,0
4523,66100,80665,70623,85188,146765,0
72388,56424,8842,128812,81230,65266,0
38451,85665,29469,124116,67920,115134,0
48945,917,93838,49862,142783,94755,0
86295,18909,69932,105204,156227,88841,1
70194,18637,61086,88831,131280,79723,1
94048,61977,87798,156025,181846,149775,1
13858,807,7151,14665,21009,7958,0
7081,14195,92467,21276,99548,106662,0
46351,9204,98409,55555,144760,107613,0
79160,28782,55132,107942,134292,83914,1
72020,3297,88879,75317,160899,92176,0
84093,55470,41862,139563,125955,97332,1
26964,81545,73374,108509,100338,154919,1
8165,31432,38851,39597,47016,70283,1
28708,32779,16062,61487,44770,48841,1
8611,41377,73346,49988,81957,114723,0
96429,2815,85632,99244,182061,88447,0
69532,86378,96108,155910,165640,182486,1
56380,31444,82877,87824,139257,114321,1
14058,27116,14727,41174,28785,41843,1
88339,43393,66037,131732,154376,109430,1
12282,22108,47795,34390,60077,69903,0
77070,55384,79605,132454,156675,134989,1
32347,34038,84290,66385,116637,118328,0
2627,84663,3375,87290,6002,88038,0
16626,16553,445,33179,17071,16998,1
37941,33603,43992,71544,81933,77595,1
13991,3277,72856,17268,86847,76133,0
5762,86455,40370,92217,46132,126825,0
56941,73840,34019,130781,90960,107859,1
55581,61894,53512,117475,109093,115406,1
73126,96095,47844,169221,120970,143939,1
19842,87613,27155,107455,46997,114768,0
68547,88183,44824,156730,113371,133007,1
25336,85654,80384,110990,105720,166038,1
88246,46748,56761,134994,145007,103509,1
32743,41893,82184,74636,114927,124077,0
28426,87435,49065,115861,77491,136500,0
54196,79015,61187,133211,115383,140202,1
24499,9821,46645,34320,71144,56466,0
16047,17873,23801,33920,39848,41674,1
31890,77864,95372,109754,127262,173236,1
28063,90850,41233,118913,69296,132083,0
10309,59073,24242,69382,34551,83315,0
26212,4201,5424,30413,31636,9625,0
95238,72751,1087,167989,96325,73838,0
31298,87422,28002,118720,59300,115424,0
38017,18590,3441,56607,41458,22031,0
16619,32333,37061,48952,53680,69394,1
50488,46116,31654,96604,82142,77770,1
10070,22199,29738,32269,39808,51937,1
47483,89942,34572,137425,82055,124514,0
66386,72847,57117,139233,123503,129964,1
85525,72236,19954,157761,105479,92190,1
63227,99151,5435,162378,68662,104586,0
58937,48094,18679,107031,77616,66773,1
78730,54362,49144,133092,127874,103506,1
10631,77383,84257,88014,94888,161640,1
36981,11710,75000,48691,111981,86710,0
51352,50061,37905,101413,89257,87966,1
74655,43545,84457,118200,159112,128002,1
24012,49990,46642,74002,70654,96632,1
57221,54678,15948,111899,73169,70626,1
739,58154,7388,58893,8127,65542,0
37056,16893,73002,53949,110058,89895,0
66867,4140,5174,71007,72041,9314,0
80811,34534,46938,115345,127749,81472,1
99693,21863,81753,121556,181446,103616,1
61073,96914,85270,157987,146343,182184,1
83534,96505,98067,180039,181601,194572,1
60587,64710,55609,125297,116196,120319,1
35305,29057,65808,64362,101113,94865,0
68833,98946,47825,167779,116658,146771,1
82124,31828,70792,113952,152916,102620,1
32345,77136,69954,109481,102299,147090,1
81100,59805,37095,140905,118195,96900,1
23408,84798,22196,108206,45604,106994,0
57214,77515,51735,134729,108949,129250,1
66797,35283,30381,102080,97178,65664,0
8738,60922,31503,69660,40241,92425,0
78053,87283,55141,165336,133194,142424,1
54017,72667,60415,126684,114432,133082,1
33047,41516,36739,74563,69786,78255,1
75794,88981,77425,164775,153219,166406,1
82664,10467,19020,93131,101684,29487,0
62014,86053,19930,148067,81944,105983,0
20485,77064,5465,97549,25950,82529,0
71283,56996,90547,128279,161830,147543,1
63098,69062,53700,132160,116798,122762,1
55586,36798,44039,92384,99625,80837,1
97422,79222,22182,176644,119604,101404,1
93861,60111,66544,153972,160405,126655,1
67937,36693,50882,104630,118819,87575,1
3962,3096,59629,7058,63591,62725,0
7355,49430,2894,56785,10249,52324,0
28822,95176,70845,123998,99667,166021,1
82721,95498,46121,178219,128842,141619,1
24465,35502,55490,59967,79955,90992,1
95917,772,72967,96689,168884,73739,0
24211,95129,78151,119340,102362,173280,1
95427,27418,24906,122845,120333,52324,0
32742,15566,46470,48308,79212,62036,1
94699,28599,54073,123298,148772,82672,0
57699,73620,35801,131319,93500,109421,1
8585,99215,52777,107800,61362,151992,0
31169,61993,7804,93162,38973,69797,0
53188,70331,8577,123519,61765,78908,0
84181,8683,40540,92864,124721,49223,0
22446,81101,53832,103547,76278,134933,0
76554,39358,41763,115912,118317,81121,1
69087,72272,30198,141359,99285,102470,1
82888,17344,55789,100232,138677,73133,0
65925,49314,88943,115239,154868,138257,1
30142,85911,69646,116053,99788,155557,1
76054,61469,43019,137523,119073,104488,1
403,64011,17740,64414,18143,81751,0
71951,52356,2973,124307,74924,55329,0
39656,32773,68980,72429,108636,101753,1
66529,19171,55935,85700,122464,75106,1
35295,34307,43101,69602,78396,77408,1
10629,46538,74661,57167,85290,121199,0
23470,82014,92026,105484,115496,174040,1
46202,92627,95688,138829,141890,188315,1
88367,6307,53809,94674,142176,60116,0
31205,37383,50137,68588,81342,87520,1
18797,185,51113,18982,69910,51298,0
21342,12325,70006,33667,91348,82331,0
58128,558,1145,58686,59273,1703,0
33251,4142,87155,37393,120406,91297,0
59016,60595,34221,119611,93237,94816,1
1800,25120,89209,26920,91009,114329,0
50251,13565,83871,63816,134122,97436,0
70801,11069,58047,81870,128848,69116,0
99503,30042,89994,129545,189497,120036,1
59150,64669,55541,123819,114691,120210,1
91675,6722,24298,98397,115973,31020,0
3177,99475,58568,102652,61745,158043,0
91075,25899,10955,116974,102030,36854,0
20724,73951,13481,94675,34205,87432,0
7212,10112,57235,17324,64447,67347,0
61678,11799,60598,73477,122276,72397,1
8379,5310,45391,13689,53770,50701,0
53954,2879,80831,56833,134785,83710,0
3558,30286,16049,33844,19607,46335,0
42633,33174,48016,75807,90649,81190,1
87536,87220,91189,174756,178725,178409,1
43681,77498,27388,121179,71069,104886,0
13726,1048,17891,14774,31617,18939,0
71766,6439,38385,78205,110151,44824,0
46420,50343,48049,96763,94469,98392,1
44788,80523,90744,125311,135532,171267,1
17964,21449,67082,39413,85046,88531,0
1030,77600,92457,78630,93487,170057,0
74015,16763,1094,90778,75109,17857,0
99504,56780,89911,156284,189415,146691,1
9234,1174,12004,10408,21238,13178,0
96895,51539,6217,148434,103112,57756,0
24434,6683,89982,31117,114416,96665,0
47832,99926,81540,147758,129372,181466,1
77661,10952,89955,88613,167616,100907,0
79265,57519,58700,136784,137965,116219,1
80788,29808,19158,110596,99946,48966,0
34898,51797,60898,86695,95796,112695,1
67115,23563,50755,90678,117870,74318,1
16213,66047,84563,82260,100776,150610,0
81045,90980,78908,172025,159953,169888,1
63574,45643,91631,109217,155205,137274,1
72636,78679,9080,151315,81716,87759,1
6629,10879,67888,17508,74517,78767,0
52900,66634,64645,119534,117545,131279,1
16940,39213,10305,56153,27245,49518,0
16482,59846,96467,76328,112949,156313,0
85959,62827,82606,148786,168565,145433,1
70862,35874,49608,106736,120470,85482,1
79210,30194,36848,109404,116058,67042,0
77698,83452,35880,161150,113578,119332,1
84427,14594,73883,99021,158310,88477,1
6131,25700,30609,31831,36740,56309,1
5099,43145,14058,48244,19157,57203,0
91223,69970,51203,161193,142426,121173,1
24924,68309,26691,93233,51615,95000,0
78019,45104,61914,123123,139933,107018,1
38537,4522,47631,43059,86168,52153,0
71305,29804,289,101109,71594,30093,0
19191,44155,37122,63346,56313,81277,1
98715,19747,28524,118462,127239,48271,0
59103,62563,75711,121666,134814,138274,1
3826,19150,57531,22976,61357,76681,0
50253,91537,52329,141790,102582,143866,1
94042,82697,8824,176739,102866,91521,0
14866,42942,34813,57808,49679,77755,1
26685,68676,72713,95361,99398,141389,1
22651,87590,92324,110241,114975,179914,1
44443,15383,80885,59826,125328,96268,0
48591,79859,44565,128450,93156,124424,1
11180,19739,92686,30919,103866,112425,0
68852,94250,95507,163102,164359,189757,1
96598,93732,44724,190330,141322,138456,1
93213,86963,39293,180176,132506,126256,1
19197,31185,9852,50382,29049,41037,0
73778,32548,13351,106326,87129,45899,0
84794,77883,86906,162677,171700,164789,1
87875,32833,24504,120708,112379,57337,0
60958,67921,33194,128879,94152,101115,1
4257,34746,13556,39003,17813,48302,0
96713,20694,48934,117407,145647,69628,0
31982,47790,58136,79772,90118,105926,1
69323,94855,19833,164178,89156,114688,0
6152,57999,12492,64151,18644,70491,0
97750,62651,77298,160401,175048,139949,1
61514,60710,78930,122224,140444,139640,1
21113,99045,71556,120158,92669,170601,0
53566,39864,29216,93430,82782,69080,1
65322,12680,3891,78002,69213,16571,0
3027,11452,39206,14479,42233,50658,0
84710,90710,40826,175420,125536,131536,1
67010,90165,71523,157175,138533,161688,1
37978,88336,88006,126314,125984,176342,1
60208,56998,90739,117206,150947,147737,1
17394,80552,25788,97946,43182,106340,0
20837,46689,98232,67526,119069,144921,0
52453,40996,92391,93449,144844,133387,1
9491,43900,7929,53391,17420,51829,0
95379,45745,75913,141124,171292,121658,1
94671,7352,8092,102023,102763,15444,0
2245,196,65373,2441,67618,65569,0
57808,23109,69184,80917,126992,92293,1
77619,47437,20903,125056,98522,68340,0
93284,95820,49647,189104,142931,145467,1
95467,57314,69091,152781,164558,126405,1
15616,80804,95440,96420,111056,176244,1
97923,79333,64649,177256,162572,143982,1
73724,59712,35242,133436,108966,94954,1
42156,6120,85016,48276,127172,91136,0
79207,10901,11558,90108,90765,22459,0
30336,44695,11419,75031,41755,56114,0
33732,91597,46504,125329,80236,138101,0
61267,26086,14094,87353,75361,40180,0
47179,53770,89689,100949,136868,143459,1
31055,38371,49437,69426,80492,87808,1
4099,22368,81315,26467,85414,103683,0
85928,99174,6329,185102,92257,105503,0
97109,68351,24592,165460,121701,92943,0
79622,33287,32917,112909,112539,66204,0
50986,14312,79071,65298,130057,93383,0
26471,8777,81471,35248,107942,90248,0
37197,55351,69786,92548,106983,125137,1
51399,20454,11084,71853,62483,31538,0
96104,77049,77106,173153,173210,154155,1
91293,93501,65156,184794,156449,158657,1
34461,91595,5213,126056,39674,96808,0
13273,29016,23155,42289,36428,52171,1
12865,68167,36830,81032,49695,104997,0
49602,7644,78147,57246,127749,85791,0
68421,16557,22877,84978,91298,39434,0
28154,55165,54547,83319,82701,109712,1
8811,15136,60843,23947,69654,75979,0
69881,44635,81610,114516,151491,126245,1
59815,55708,49172,115523,108987,104880,1
76216,58058,30963,134274,107179,89021,1
36206,56494,87280,92700,123486,143774,1
12546,2041,42738,14587,55284,44779,0
56161,34114,83840,90275,140001,117954,1
71005,71594,27171,142599,98176,98765,1
95987,86468,95618,182455,191605,182086,1
79326,28592,36273,107918,115599,64865,0
63387,18215,75127,81602,138514,93342,1
126,2720,800,2846,926,3520,0
83450,18667,37473,102117,120923,56140,0
88755,86593,83351,175348,172106,169944,1
22944,57965,1813,80909,24757,59778,0
8228,93451,12391,101679,20619,105842,0
18807,92559,19791,111366,38598,112350,0
39271,2936,7263,42207,46534,10199,0
10253,73893,87933,84146,98186,161826,0
35453,82558,36427,118011,71880,118985,0
86027,79738,89779,165765,175806,169517,1
66815,75408,18962,142223,85777,94370,1
82822,84585,61442,167407,144264,146027,1
47129,26504,78984,73633,126113,105488,0
19106,96820,22031,115926,41137,118851,0
80405,99869,12498,180274,92903,112367,0
49892,67872,33966,117764,83858,101838,1
44565,49572,64259,94137,108824,113831,1
90607,28465,15185,119072,105792,43650,0
20505,73968,83739,94473,104244,157707,1
2473,47450,36937,49923,39410,84387,0
23752,9629,62943,33381,86695,72572,0
11468,65373,26208,76841,37676,91581,0
47660,98249,57483,145909,105143,155732,1
30635,97595,7260,128230,37895,104855,0
30747,38090,67012,68837,97759,105102,1
53534,88659,77656,142193,131190,166315,1
78881,28959,84190,107840,163071,113149,1
6530,10843,8715,17373,15245,19558,1
60668,66824,89950,127492,150618,156774,1
69227,2268,68297,71495,137524,70565,1
64070,80229,24029,144299,88099,104258,1
23214,9039,27020,32253,50234,36059,1
14998,10962,14962,25960,29960,25924,1
13786,2938,19419,16724,33205,22357,0
92661,46303,18865,138964,111526,65168,0
38836,75859,42030,114695,80866,117889,1
28780,12726,77877,41506,106657,90603,0
56379,45641,53903,102020,110282,99544,1
30905,93300,46138,124205,77043,139438,0
19543,59430,83319,78973,102862,142749,0
56968,34598,73741,91566,130709,108339,1
90115,83207,65521,173322,155636,148728,1
99916,48450,42844,148366,142760,91294,0
36751,98233,47427,134984,84178,145660,0
87422,57336,87904,144758,175326,145240,1
36002,46105,16489,82107,52491,62594,1
46301,82618,14441,128919,60742,97059,0
6392,83189,52533,89581,58925,135722,0
68428,29801,69713,98229,138141,99514,1
64579,97470,41255,162049,105834,138725,1
72604,7406,45976,80010,118580,53382,0
9405,65942,86093,75347,95498,152035,0
81368,46968,93865,128336,175233,140833,1
20909,88535,62621,109444,83530,151156,0
37467,86353,31253,123820,68720,117606,0
26559,54664,84574,81223,111133,139238,0
46069,93950,77572,140019,123641,171522,1
69780,16010,27380,85790,97160,43390,0
92099,14604,86460,106703,178559,101064,1
51712,86854,54335,138566,106047,141189,1
21675,20381,75780,42056,97455,96161,0
10820,47090,74106,57910,84926,121196,0
4615,60457,16732,65072,21347,77189,0
99852,54937,50449,154789,150301,105386,1
31146,86516,40519,117662,71665,127035,0
3977,12370,76633,16347,80610,89003,0
79265,32330,7108,111595,86373,39438,0
73746,72678,50479,146424,124225,123157,1
16933,93143,87519,110076,104452,180662,1
75789,47002,27113,122791,102902,74115,0
1499,70082,24433,71581,25932,94515,0
73986,28578,91513,102564,165499,120091,1
44864,36459,41464,81323,86328,77923,1
21327,10019,43116,31346,64443,53135,0
4122,15003,21108,19125,25230,36111,0
63729,54557,50205,118286,113934,104762,1
7707,46678,73975,54385,81682,120653,0
57880,91652,97335,149532,155215,188987,1
63527,70976,85171,134503,148698,156147,1
95622,53767,92722,149389,188344,146489,1
17322,82935,13195,100257,30517,96130,0
71093,98444,28836,169537,99929,127280,1
29876,54722,46321,84598,76197,101043,1
45015,30252,94661,75267,139676,124913,0
91546,56101,7645,147647,99191,63746,0
34374,91737,84665,126111,119039,176402,1
31843,12738,54193,44581,86036,66931,0
1279,39573,7593,40852,8872,47166,0
90978,72359,54000,163337,144978,126359,1
82160,52343,12717,134503,94877,65060,0
67685,11346,3203,79031,70888,14549,0
82886,2149,75382,85035,158268,77531,0
25948,45624,52101,71572,78049,97725,1
42,36967,17780,37009,17822,54747,0
81303,57240,27953,138543,109256,85193,1
91412,32564,44367,123976,135779,76931,0
67871,84948,83730,152819,151601,168678,1
49554,78462,8390,128016,57944,86852,0
67486,79354,47699,146840,115185,127053,1
1379,63087,43029,64466,44408,106116,0
28923,6945,17134,35868,46057,24079,0
89424,9651,5350,99075,94774,15001,0
92363,95618,42324,187981,134687,137942,1
97214,70996,75424,168210,172638,146420,1
95140,76922,12450,172062,107590,89372,0
96386,49702,57756,146088,154142,107458,1
11694,55742,78980,67436,90674,134722,0
22592,33132,42192,55724,64784,75324,1
50236,21897,40451,72133,90687,62348,1
78666,55075,39441,133741,118107,94516,1
77094,43025,5291,120119,82385,48316,0
72707,52321,20945,125028,93652,73266,1
87766,413,82856,88179,170622,83269,0
69656,44084,61571,113740,131227,105655,1
27419,24602,10310,52021,37729,34912,1
48046,27182,7056,75228,55102,34238,0
18940,47553,14780,66493,33720,62333,0
95717,15075,95788,110792,191505,110863,1
96272,32778,17762,129050,114034,50540,0
58602,96765,80250,155367,138852,177015,1
88663,90805,1205,179468,89868,92010,0
68097,91560,42169,159657,110266,133729,1
76352,74112,77411,150464,153763,151523,1
99738,13969,16533,113707,116271,30502,0
49549,80419,60016,129968,109565,140435,1
49870,60744,84990,110614,134860,145734,1
68978,62891,50355,131869,119333,113246,1
62295,70434,72994,132729,135289,143428,1
78466,62078,94219,140544,172685,156297,1
42551,8181,85019,50732,127570,93200,0
86068,93126,18083,179194,104151,111209,1
94875,47414,22867,142289,117742,70281,0
74832,85047,75098,159879,149930,160145,1
80316,49220,77940,129536,158256,127160,1
96536,74675,35192,171211,131728,109867,1
30956,58977,74450,89933,105406,133427,1
93746,59229,68806,152975,162552,128035,1
70558,66633,21935,137191,92493,88568,1
99964,2807,41983,102771,141947,44790,0
65537,71329,99968,136866,165505,171297,1
42055,43293,47752,85348,89807,91045,1
37895,77253,6208,115148,44103,83461,0
33413,44048,65776,77461,99189,109824,1
10917,16641,98931,27558,109848,115572,0
91436,83987,60251,175423,151687,144238,1
66593,34624,93246,101217,159839,127870,1
49212,47869,48101,97081,97313,95970,1
71727,50175,72836,121902,144563,123011,1
88084,33859,30768,121943,118852,64627,0
45179,39881,57742,85060,102921,97623,1
95296,99985,13106,195281,108402,113091,1
59323,38424,65987,97747,125310,104411,1
36796,57199,39923,93995,76719,97122,1
72711,40655,11909,113366,84620,52564,0
70503,74342,99628,144845,170131,173970,1
93825,18499,94479,112324,188304,112978,1
20787,30129,42673,50916,63460,72802,1
9400,74633,85695,84033,95095,160328,0
55586,86896,2684,142482,58270,89580,0
32336,96667,45215,129003,77551,141882,0
57776,24797,29212,82573,86988,54009,0
23465,96608,9676,120073,33141,106284,0
35568,37164,93629,72732,129197,130793,0
8056,84399,53311,92455,61367,137710,0
91783,13253,98330,105036,190113,111583,1
20178,20571,6008,40749,26186,26579,1
67174,21189,88721,88363,155895,109910,0
40581,63459,80417,104040,120998,143876,1
96113,57935,20379,154048,116492,78314,0
18106,7159,89448,25265,107554,96607,0
44253,82862,61106,127115,105359,143968,1
86925,44116,88205,131041,175130,132321,1
17777,5293,55870,23070,73647,61163,0
712,67629,68665,68341,69377,136294,0
65067,12636,81322,77703,146389,93958,0
35330,83215,38835,118545,74165,122050,0
47906,38102,34193,86008,82099,72295,1
59307,45199,90375,104506,149682,135574,1
16054,87915,25503,103969,41557,113418,0
95366,21889,11884,117255,107250,33773,0
27113,52514,96972,79627,124085,149486,0
32300,99515,60160,131815,92460,159675,0
27608,99481,89894,127089,117502,189375,1
72354,7552,64272,79906,136626,71824,0
91188,4798,66947,95986,158135,71745,0
94695,67451,26480,162146,121175,93931,0
93045,78212,29051,171257,122096,107263,1
77984,67519,61926,145503,139910,129445,1
95074,27790,238,122864,95312,28028,0
30362,35171,25258,65533,55620,60429,1
64864,8422,30617,73286,95481,39039,0
95613,75131,37865,170744,133478,112996,1
15611,84103,7391,99714,23002,91494,0
76723,49698,43996,126421,120719,93694,1
1268,66822,24875,68090,26143,91697,0
39197,89863,34454,129060,73651,124317,0
63326,51930,44523,115256,107849,96453,1
80902,14731,90144,95633,171046,104875,1
32260,24564,64326,56824,96586,88890,0
62228,55038,86348,117266,148576,141386,1
60334,86285,90372,146619,150706,176657,1
48897,26775,36077,75672,84974,62852,1
82402,39782,18790,122184,101192,58572,0
89519,85214,40428,174733,129947,125642,1
80044,10846,57576,90890,137620,68422,0
57907,19794,96809,77701,154716,116603,0
84045,32228,94673,116273,178718,126901,1
49003,85498,83414,134501,132417,168912,1
10785,74378,72841,85163,83626,147219,1
36437,46562,64710,82999,101147,111272,1
94970,92752,97231,187722,192201,189983,1
26773,62068,84222,88841,110995,146290,1
97681,18616,97148,116297,194829,115764,1
19007,90478,56685,109485,75692,147163,0
93318,84643,50808,177961,144126,135451,1
1670,50767,13467,52437,15137,64234,0
92245,32434,81312,124679,173557,113746,1
78502,34427,49688,112929,128190,84115,1
48251,32692,74252,80943,122503,106944,1
10568,61988,6806,72556,17374,68794,0
30611,45572,98756,76183,129367,144328,0
26426,39211,27287,65637,53713,66498,1
62580,21462,12609,84042,75189,34071,0
63424,68846,79609,132270,143033,148455,1
21108,15646,99409,36754,120517,115055,0
1579,38628,19313,40207,20892,57941,0
19477,51740,71929,71217,91406,123669,0
97602,86696,81492,184298,179094,168188,1
51426,95060,61494,146486,112920,156554,1
2241,3339,41616,5580,43857,44955,0
38650,32482,23150,71132,61800,55632,1
15557,80653,57932,96210,73489,138585,0
65135,62349,91742,127484,156877,154091,1
71849,97061,75180,168910,147029,172241,1
11594,30388,76332,41982,87926,106720,0
50458,4688,54634,55146,105092,59322,1
52642,60720,31502,113362,84144,92222,1
53972,13359,42866,67331,96838,56225,1
33654,45462,99897,79116,133551,145359,0
95422,33690,53073,129112,148495,86763,0
78085,21938,48968,100023,127053,70906,0
52802,91082,95620,143884,148422,186702,1
36969,69344,54109,106313,91078,123453,1
22214,73173,83450,95387,105664,156623,1
24540,65769,97274,90309,121814,163043,0
11101,69466,6983,80567,18084,76449,0
4051,59180,68307,63231,72358,127487,0
54486,9800,71890,64286,126376,81690,0
3556,10250,81210,13806,84766,91460,0
97199,84761,30914,181960,128113,115675,1
31834,61406,88924,93240,120758,150330,1
8200,40215,42289,48415,50489,82504,1
30205,74191,60924,104396,91129,135115,1
96029,71558,1288,167587,97317,72846,0
70344,82106,52396,152450,122740,134502,1
92066,10578,58829,102644,150895,69407,0
55882,26232,65068,82114,120950,91300,1
86272,44697,79561,130969,165833,124258,1
71052,81148,2328,152200,73380,83476,0
27665,4282,13197,31947,40862,17479,0
49655,69951,36400,119606,86055,106351,1
37625,76163,17638,113788,55263,93801,0
34993,32403,12078,67396,47071,44481,1
69624,15649,25562,85273,95186,41211,0
37871,19719,18193,57590,56064,37912,1
61715,78678,75789,140393,137504,154467,1
51218,9244,14571,60462,65789,23815,0
37567,44655,80019,82222,117586,124674,1
39378,53067,46783,92445,86161,99850,1
88250,61903,99580,150153,187830,161483,1
82747,25754,26443,108501,109190,52197,0
95824,57792,78133,153616,173957,135925,1
42076,76141,98512,118217,140588,174653,1
77256,24461,23045,101717,100301,47506,0
55873,77165,92612,133038,148485,169777,1
69049,71215,79324,140264,148373,150539,1
28241,56775,68097,85016,96338,124872,1
29104,23281,72889,52385,101993,96170,0
53118,9127,65534,62245,118652,74661,0
95112,39769,16692,134881,111804,56461,0
3149,65000,93206,68149,96355,158206,0
67687,33259,93434,100946,161121,126693,1
47735,51805,74101,99540,121836,125906,1
55638,42536,6631,98174,62269,49167,0
51565,55607,16152,107172,67717,71759,1
98699,45290,58774,143989,157473,104064,1
61218,55979,40921,117197,102139,96900,1
59627,24956,40944,84583,100571,65900,1
53759,89067,68997,142826,122756,158064,1
15061,61108,30711,76169,45772,91819,0
65233,28705,64407,93938,129640,93112,1
33577,36717,86409,70294,119986,123126,0
15763,98388,98188,114151,113951,196576,1
19118,15717,11898,34835,31016,27615,1
28167,92616,90934,120783,119101,183550,1
76740,10415,68104,87155,144844,78519,1
5763,5744,22553,11507,28316,28297,0
71283,15905,10090,87188,81373,25995,0
45324,34935,6430,80259,51754,41365,0
29898,83732,86933,113630,116831,170665,1
91820,82324,1750,174144,93570,84074,0
32368,82988,31574,115356,63942,114562,0
62672,58500,50125,121172,112797,108625,1
47474,6240,84432,53714,131906,90672,0
71522,71800,2246,143322,73768,74046,1
28377,72576,91140,100953,119517,163716,1
89100,45247,25091,134347,114191,70338,0
76882,36421,63787,113303,140669,100208,1
57592,17295,5724,74887,63316,23019,0
38443,26301,98302,64744,136745,124603,0
16907,95362,67940,112269,84847,163302,0
79150,95858,68025,175008,147175,163883,1
68828,41360,47878,110188,116706,89238,1
87957,32972,99672,120929,187629,132644,1
25863,86558,57274,112421,83137,143832,0
17471,78793,54890,96264,72361,133683,0
89285,17091,14122,106376,103407,31213,0
48670,49269,31230,97939,79900,80499,1
39301,97885,82920,137186,122221,180805,1
74579,59571,52222,134150,126801,111793,1
3741,64837,39210,68578,42951,104047,0
42265,88443,97074,130708,139339,185517,1
93370,54422,23059,147792,116429,77481,0
58322,54552,68258,112874,126580,122810,1
19470,17271,94646,36741,114116,111917,0
71817,83130,82141,154947,153958,165271,1
37436,40858,41591,78294,79027,82449,1
3196,70300,35853,73496,39049,106153,0
91568,5366,60875,96934,152443,66241,0
70816,27919,36658,98735,107474,64577,0
82754,18886,77271,101640,160025,96157,1
35166,51165,86558,86331,121724,137723,0
66045,40652,80056,106697,146101,120708,1
74970,83772,75390,158742,150360,159162,1
27918,43675,40732,71593,68650,84407,1
3856,9771,45207,13627,49063,54978,0
84244,14670,50670,98914,134914,65340,0
56437,96539,75303,152976,131740,171842,1
92440,79030,18675,171470,111115,97705,1
1095,45756,61920,46851,63015,107676,0
94736,60087,54022,154823,148758,114109,1
11059,88995,55284,100054,66343,144279,0
85723,97753,10156,183476,95879,107909,0
60115,29597,7450,89712,67565,37047,0
39953,67278,34570,107231,74523,101848,1
50685,42286,36452,92971,87137,78738,1
8786,81955,20376,90741,29162,102331,0
13435,71403,30399,84838,43834,101802,0
42741,7309,29598,50050,72339,36907,0
75676,85793,3560,161469,79236,89353,0
96859,61801,63360,158660,160219,125161,1
47245,75858,59393,123103,106638,135251,1
9652,88131,13459,97783,23111,101590,0
83778,13654,38798,97432,122576,52452,0
454,39350,95981,39804,96435,135331,0
41773,78585,71976,120358,113749,150561,1
58452,67355,23961,125807,82413,91316,1
55402,31992,57176,87394,112578,89168,1
31346,76711,20623,108057,51969,97334,0
74334,42371,98587,116705,172921,140958,1
8913,56558,1323,65471,10236,57881,0
89991,15775,1617,105766,91608,17392,0
73416,62350,84990,135766,158406,147340,1
94774,36134,44073,130908,138847,80207,0
20719,24364,27937,45083,48656,52301,1
17103,41268,37837,58371,54940,79105,1
99237,82255,45214,181492,144451,127469,1
62954,31288,63708,94242,126662,94996,1
28970,6114,29040,35084,58010,35154,1
14176,8703,3959,22879,18135,12662,0
22967,98426,28111,121393,51078,126537,0
83584,5708,90921,89292,174505,96629,0
46732,47664,70130,94396,116862,117794,1
32357,34155,38318,66512,70675,72473,1
61460,43117,22608,104577,84068,65725,1
76246,97877,55218,174123,131464,153095,1
77995,8455,65409,86450,143404,73864,0
40028,18080,40928,58108,80956,59008,1
92928,45925,75496,138853,168424,121421,1
39447,61014,19705,100461,59152,80719,0
95373,962,86452,96335,181825,87414,0
86730,43440,88981,130170,175711,132421,1
73855,48214,45236,122069,119091,93450,1
43169,54115,63162,97284,106331,117277,1
88899,87532,19408,176431,108307,106940,1
2932,12317,55991,15249,58923,68308,0
91665,70611,2868,162276,94533,73479,0
87046,81337,98874,168383,185920,180211,1
4855,41838,37340,46693,42195,79178,1
57614,26584,84327,84198,141941,110911,0
88703,4859,62767,93562,151470,67626,0
6707,2545,18375,9252,25082,20920,0
17057,53945,50379,71002,67436,104324,1
25666,67873,95061,93539,120727,162934,0
46218,51372,87338,97590,133556,138710,1
80086,7493,30499,87579,110585,37992,0
99118,25929,46208,125047,145326,72137,0
93651,39630,46994,133281,140645,86624,0
57155,41672,80222,98827,137377,121894,1
6058,67280,1926,73338,7984,69206,0
78634,80791,71971,159425,150605,152762,1
69434,56682,22378,126116,91812,79060,1
85461,23785,38078,109246,123539,61863,0
20036,52396,41042,72432,61078,93438,1
48400,89848,68516,138248,116916,158364,1
64054,49460,52937,113514,116991,102397,1
96485,69143,72076,165628,168561,141219,1
79008,29616,74335,108624,153343,103951,1
830,85234,84917,86064,85747,170151,1
75230,75805,50155,151035,125385,125960,1
98142,5477,97937,103619,196079,103414,1
61160,62993,39731,124153,100891,102724,1
97105,87326,12415,184431,109520,99741,1
1912,98758,50490,100670,52402,149248,0
78688,15837,65424,94525,144112,81261,1
23095,29891,60492,52986,83587,90383,0
36490,17025,27869,53515,64359,44894,1
7610,61872,91931,69482,99541,153803,0
65991,918,61979,66909,127970,62897,0
97699,47098,16514,144797,114213,63612,0
46932,62244,98436,109176,145368,160680,1
97085,44305,37135,141390,134220,81440,0
18351,39326,61812,57677,80163,101138,0
52116,49393,46022,101509,98138,95415,1
38480,98805,59939,137285,98419,158744,0
58870,70711,42795,129581,101665,113506,1
85696,28167,45635,113863,131331,73802,0
70443,60327,53409,130770,123852,113736,1
24241,33280,58291,57521,82532,91571,0
84961,37939,5039,122900,90000,42978,0
99600,56065,56753,155665,156353,112818,1
3548,95209,87706,98757,91254,182915,0
78235,20968,87506,99203,165741,108474,1
31221,49655,27779,80876,59000,77434,1
75175,11847,88664,87022,163839,100511,0
71914,25926,96372,97840,168286,122298,1
16909,32801,36628,49710,53537,69429,1
45671,72201,30550,117872,76221,102751,1
45656,13919,36042,59575,81698,49961,1
48947,88935,24645,137882,73592,113580,0
39208,10988,57865,50196,97073,68853,0
60280,58710,16263,118990,76543,74973,1
66547,93098,69549,159645,136096,162647,1
53887,19838,61289,73725,115176,81127,1
40140,44915,5283,85055,45423,50198,1
27408,13862,17716,41270,45124,31578,1
17786,72883,79818,90669,97604,152701,1
26376,54938,79938,81314,106314,134876,1
33581,36996,9428,70577,43009,46424,1
3365,71220,20235,74585,23600,91455,0
10539,909,84324,11448,94863,85233,0
84323,89225,77235,173548,161558,166460,1
4297,18281,52100,22578,56397,70381,0
74563,87846,75093,162409,149656,162939,1
12388,44495,22240,56883,34628,66735,0
55404,95619,91169,151023,146573,186788,1
99934,79927,22946,179861,122880,102873,1
35204,21467,70465,56671,105669,91932,0
22707,12891,19107,35598,41814,31998,1
95244,70469,89355,165713,184599,159824,1
9028,21843,44334,30871,53362,66177,0
22646,22139,23590,44785,46236,45729,1
28866,14497,49831,43363,78697,64328,0
75363,7857,45738,83220,121101,53595,0
15155,2868,9213,18023,24368,12081,0
54430,84306,66844,138736,121274,151150,1
91098,73002,62336,164100,153434,135338,1
35872,19715,77328,55587,113200,97043,0
49426,47322,15280,96748,64706,62602,1
6498,3970,96141,10468,102639,100111,0
46723,75676,60912,122399,107635,136588,1
76503,65972,4664,142475,81167,70636,0
93105,30862,6089,123967,99194,36951,0
26655,26217,289,52872,26944,26506,0
82510,80371,69044,162881,151554,149415,1
83607,79298,13355,162905,96962,92653,1
18563,75715,96088,94278,114651,171803,0
81955,64031,85172,145986,167127,149203,1
72514,16060,52334,88574,124848,68394,0
43920,53796,87422,97716,131342,141218,1
48483,88042,8250,136525,56733,96292,0
33586,50210,52106,83796,85692,102316,1
83829,52082,80883,135911,164712,132965,1
10172,15570,19461,25742,29633,35031,1
65496,90773,25860,156269,91356,116633,1
88804,16009,91815,104813,180619,107824,1
96904,60866,93216,157770,190120,154082,1
78329,86565,26381,164894,104710,112946,1
14039,54390,53687,68429,67726,108077,1
62114,4819,44437,66933,106551,49256,0
97519,65690,23893,163209,121412,89583,0
3759,60361,84135,64120,87894,144496,0
94262,7763,95938,102025,190200,103701,1
58781,36179,58823,94960,117604,95002,1
91025,5676,26555,96701,117580,32231,0
53458,68220,41614,121678,95072,109834,1
23500,30916,30958,54416,54458,61874,1
94356,98717,96851,193073,191207,195568,1
20256,12609,78637,32865,98893,91246,0
5651,48501,50434,54152,56085,98935,1
22230,14726,23447,36956,45677,38173,1
96757,31531,89538,128288,186295,121069,1
59412,20554,96053,79966,155465,116607,0
23593,76252,56768,99845,80361,133020,1
63265,18087,73201,81352,136466,91288,1
2319,96836,5915,99155,8234,102751,0
80219,7155,31907,87374,112126,39062,0
17273,64227,78992,81500,96265,143219,1
67131,92593,57568,159724,124699,150161,1
86128,12156,81029,98284,167157,93185,1
62726,14904,20273,77630,82999,35177,0
58207,67031,83092,125238,141299,150123,1
90678,93313,42690,183991,133368,136003,1
81591,5852,98320,87443,179911,104172,0
788,57444,7423,58232,8211,64867,0
8188,40293,71151,48481,79339,111444,0
6311,41504,38561,47815,44872,80065,1
50213,31892,85537,82105,135750,117429,0
12282,56198,16005,68480,28287,72203,0
73666,51487,36013,125153,109679,87500,1
39707,30093,43271,69800,82978,73364,1
27296,82041,45973,109337,73269,128014,0
47927,43299,75288,91226,123215,118587,1
32301,78204,14058,110505,46359,92262,0
55505,7835,50263,63340,105768,58098,1
3114,98973,89109,102087,92223,188082,0
35149,47596,29293,82745,64442,76889,1
86374,74854,89007,161228,175381,163861,1
16898,77467,27508,94365,44406,104975,0
72746,41332,72975,114078,145721,114307,1
89085,6501,83392,95586,172477,89893,1
63020,36647,93408,99667,156428,130055,1
59335,99159,2590,158494,61925,101749,0
17655,46085,49688,63740,67343,95773,1
78707,89953,90325,168660,169032,180278,1
45865,53408,51433,99273,97298,104841,1
65362,7790,38227,73152,103589,46017,0
65631,95651,16731,161282,82362,112382,0
5951,79423,78337,85374,84288,157760,1
29323,61977,1360,91300,30683,63337,0
87580,58183,80764,145763,168344,138947,1
62848,65593,887,128441,63735,66480,0
32246,60142,97649,92388,129895,157791,0
4607,21869,27250,26476,31857,49119,0
63735,11507,94045,75242,157780,105552,0
59444,91030,92038,150474,151482,183068,1
24238,21814,7241,46052,31479,29055,1
1586,46926,63076,48512,64662,110002,0
34889,5070,27251,39959,62140,32321,0
29520,51977,44469,81497,73989,96446,1
31687,95231,48664,126918,80351,143895,0
25602,54441,9087,80043,34689,63528,0
12706,11517,35209,24223,47915,46726,0
81926,33269,56748,115195,138674,90017,1
45799,71431,73530,117230,119329,144961,1
48758,95147,34669,143905,83427,129816,0
55216,78282,87532,133498,142748,165814,1
14192,83468,24124,97660,38316,107592,0
76288,37082,92705,113370,168993,129787,1
63382,80891,80872,144273,144254,161763,1
75558,45020,85422,120578,160980,130442,1
3388,79011,95899,82399,99287,174910,0
35188,14221,87070,49409,122258,101291,0
95415,41311,85412,136726,180827,126723,1
1462,36091,88408,37553,89870,124499,0
16029,92639,13669,108668,29698,106308,0
30608,19315,72898,49923,103506,92213,0
34678,10977,19350,45655,54028,30327,0
88492,50780,51381,139272,139873,102161,1
17948,29276,67903,47224,85851,97179,0
93974,82254,60938,176228,154912,143192,1
86203,51097,77197,137300,163400,128294,1
37898,41335,43295,79233,81193,84630,1
34540,26731,67069,61271,101609,93800,0
85614,728,12011,86342,97625,12739,0
17315,46263,39548,63578,56863,85811,1
36588,20809,61326,57397,97914,82135,0
6780,20408,30500,27188,37280,50908,0
95757,44489,30811,140246,126568,75300,0
92167,91817,55177,183984,147344,146994,1
36054,78913,37722,114967,73776,116635,0
53526,81899,61704,135425,115230,143603,1
2403,31688,22534,34091,24937,54222,0
84638,91563,31834,176201,116472,123397,1
79971,13085,24635,93056,104606,37720,0
10229,40713,41963,50942,52192,82676,1
59180,94658,58034,153838,117214,152692,1
3342,61799,74533,65141,77875,136332,0
93930,82110,18473,176040,112403,100583,1
63372,62404,19810,125776,83182,82214,1
89663,95390,28202,185053,117865,123592,1
21323,68080,71202,89403,92525,139282,1
80806,26586,82643,107392,163449,109229,1
22961,72904,10871,95865,33832,83775,0
40978,51624,18368,92602,59346,69992,1
80079,45154,45072,125233,125151,90226,1
33789,63852,45653,97641,79442,109505,1
23817,79229,96945,103046,120762,176174,1
58201,86314,50861,144515,109062,137175,1
85534,53806,30587,139340,116121,84393,0
49193,19750,49514,68943,98707,69264,1
81593,29120,59751,110713,141344,88871,1
73951,95456,88157,169407,162108,183613,1
80701,95177,46088,175878,126789,141265,1
8321,9213,44574,17534,52895,53787,0
38298,43268,79700,81566,117998,122968,1
30778,57900,55829,88678,86607,113729,1
48010,18170,6319,66180,54329,24489,0
21566,18474,48669,40040,70235,67143,0
78425,76946,7466,155371,85891,84412,1
51931,82945,85670,134876,137601,168615,1
40087,31734,90343,71821,130430,122077,0
83224,87772,65673,170996,148897,153445,1
27935,28409,14128,56344,42063,42537,1
76114,20473,12328,96587,88442,32801,0
45521,94314,7540,139835,53061,101854,0
22741,77592,69583,100333,92324,147175,1
7585,6970,85245,14555,92830,92215,0
27617,72884,99737,100501,127354,172621,1
8057,43328,81121,51385,89178,124449,0
44820,19728,26087,64548,70907,45815,1
50014,90445,17897,140459,67911,108342,0
9833,53175,18403,63008,28236,71578,0
974,26428,86018,27402,86992,112446,0
36202,76805,76322,113007,112524,153127,1
10671,33192,56790,43863,67461,89982,0
2645,3366,29491,6011,32136,32857,0
12586,55846,40629,68432,53215,96475,0
95822,2380,93106,98202,188928,95486,0
96592,9398,91580,105990,188172,100978,1
50201,62994,1615,113195,51816,64609,0
70720,10597,36224,81317,106944,46821,0
94816,77322,2988,172138,97804,80310,0
20336,11678,63383,32014,83719,75061,0
97540,14455,99014,111995,196554,113469,1
67809,54643,32727,122452,100536,87370,1
32124,83280,56663,115404,88787,139943,1
22167,12390,42453,34557,64620,54843,0
24388,33403,91369,57791,115757,124772,0
82635,32267,90581,114902,173216,122848,1
92732,16134,397,108866,93129,16531,0
3543,10843,29021,14386,32564,39864,0
60173,34308,76369,94481,136542,110677,1
45954,61943,23623,107897,69577,85566,1
76947,98618,60040,175565,136987,158658,1
1306,25201,21887,26507,23193,47088,0
88190,74447,96599,162637,184789,171046,1
404,41429,16616,41833,17020,58045,0
90091,42758,5824,132849,95915,48582,0
8177,48475,29006,56652,37183,77481,0
21947,18100,51397,40047,73344,69497,0
38751,22620,45575,61371,84326,68195,1
89539,54649,39901,144188,129440,94550,1
93083,44554,31394,137637,124477,75948,0
57804,29221,51101,87025,108905,80322,1
53887,60447,68888,114334,122775,129335,1
47610,41078,76295,88688,123905,117373,1
31796,69182,42937,100978,74733,112119,1
12558,51743,87882,64301,100440,139625,0
99811,27655,68188,127466,167999,95843,0
36943,40578,3767,77521,40710,44345,1
75161,31862,83608,107023,158769,115470,1
63708,38199,50998,101907,114706,89197,1
24286,22529,27218,46815,51504,49747,1
74856,19442,6806,94298,81662,26248,0
48843,96715,73597,145558,122440,170312,1
43856,91556,77756,135412,121612,169312,1
74256,77610,293,151866,74549,77903,0
25268,68879,20895,94147,46163,89774,0
21802,76161,65294,97963,87096,141455,1
83046,71936,86976,154982,170022,158912,1
65273,80928,80992,146201,146265,161920,1
37230,61453,47622,98683,84852,109075,1
58874,9629,7096,68503,65970,16725,0
83834,46084,47192,129918,131026,93276,1
29417,70579,76025,99996,105442,146604,1
87348,22337,73544,109685,160892,95881,1
49258,50223,12054,99481,61312,62277,1
89708,50962,49294,140670,139002,100256,1
41755,29944,85274,71699,127029,115218,0
29106,16557,26478,45663,55584,43035,1
91316,14489,39556,105805,130872,54045,0
32704,18003,11339,50707,44043,29342,0
68413,81788,29248,150201,97661,111036,1
75495,31229,55718,106724,131213,86947,1
50664,36649,63123,87313,113787,99772,1
76667,60691,95286,137358,171953,155977,1
69543,4758,58207,74301,127750,62965,0
41771,82863,40856,124634,82627,123719,0
96935,68620,81102,165555,178037,149722,1
49671,23553,72851,73224,122522,96404,1
32776,30099,51761,62875,84537,81860,1
78548,49390,99676,127938,178224,149066,1
43895,89829,75802,133724,119697,165631,1
50825,16254,91723,67079,142548,107977,0
50395,69538,40920,119933,91315,110458,1
80918,43430,40447,124348,121365,83877,1
27151,69423,27507,96574,54658,96930,0
59647,93781,37137,153428,96784,130918,1
85001,58194,22836,143195,107837,81030,0
22696,70040,63885,92736,86581,133925,1
99954,86840,10037,186794,109991,96877,0
36316,96532,66807,132848,103123,163339,1
88584,19475,16763,108059,105347,36238,0
20206,70949,30403,91155,50609,101352,0
83275,16498,21896,99773,105171,38394,0
48564,14947,5678,63511,54242,20625,0
62326,88792,36322,151118,98648,125114,1
99820,77683,57779,177503,157599,135462,1
81018,35,95285,81053,176303,95320,0
65289,40158,11078,105447,76367,51236,0
6895,36981,39800,43876,46695,76781,1
90793,58984,69008,149777,159801,127992,1
4205,13698,52154,17903,56359,65852,0
75265,32173,187,107438,75452,32360,0
31925,66159,38391,98084,70316,104550,1
4228,64987,80792,69215,85020,145779,0
95296,45737,341,141033,95637,46078,0
30534,70598,53474,101132,84008,124072,1
52952,61736,76222,114688,129174,137958,1
90173,84076,67448,174249,157621,151524,1
7368,40093,64496,47461,71864,104589,0
30399,5253,42250,35652,72649,47503,0
23041,13788,75123,36829,98164,88911,0
78140,12051,92295,90191,170435,104346,0
58191,46120,35923,104311,94114,82043,1
27512,35074,60210,62586,87722,95284,1
13316,21462,78405,34778,91721,99867,0
24189,25908,8127,50097,32316,34035,1
53767,9705,1322,63472,55089,11027,0
82766,37299,95372,120065,178138,132671,1
13325,11926,26907,25251,40232,38833,0
23867,52548,1248,76415,25115,53796,0
47287,64213,58400,111500,105687,122613,1
67883,61375,51572,129258,119455,112947,1
96584,22607,49997,119191,146581,72604,0
54025,64207,55136,118232,109161,119343,1
35211,78770,82886,113981,118097,161656,1
84899,81739,28501,166638,113400,110240,1
10405,29881,47042,40286,57447,76923,0
6725,26020,54704,32745,61429,80724,0
294,5617,14569,5911,14863,20186,0
2740,23616,89195,26356,91935,112811,0
39040,61828,99621,100868,138661,161449,1
71065,43044,37196,114109,108261,80240,1
11076,57518,46073,68594,57149,103591,0
43232,58668,67303,101900,110535,125971,1
8442,65924,65817,74366,74259,131741,1
18742,82830,69650,101572,88392,152480,1
66797,51950,22128,118747,88925,74078,1
98980,93933,76516,192913,175496,170449,1
80540,35169,73847,115709,154387,109016,1
8426,2902,98388,11328,106814,101290,0
77278,30078,25685,107356,102963,55763,0
10793,51563,58412,62356,69205,109975,1
68944,66369,65904,135313,134848,132273,1
10552,35628,184,46180,10736,35812,0
71790,91289,90367,163079,162157,181656,1
81426,75400,39759,156826,121185,115159,1
43999,71816,77420,115815,121419,149236,1
77346,5047,48856,82393,126202,53903,0
20756,68411,54528,89167,75284,122939,1
12067,55219,40226,67286,52293,95445,0
18291,23502,76722,41793,95013,100224,0
59127,73261,71346,132388,130473,144607,1
74363,26168,13405,100531,87768,39573,0
27227,76098,66777,103325,94004,142875,1
98120,70975,88188,169095,186308,159163,1
41751,1075,93675,42826,135426,94750,0
16403,89883,76306,106286,92709,166189,1
40855,23224,48932,64079,89787,72156,1
54902,6940,51318,61842,106220,58258,1
47267,79098,16490,126365,63757,95588,0
34782,31236,7730,66018,42512,38966,1
98195,93604,9321,191799,107516,102925,1
52247,40872,96962,93119,149209,137834,0
38171,687,89984,38858,128155,90671,0
8186,18495,790,26681,8976,19285,0
66279,63359,77704,129638,143983,141063,1
10170,46835,17083,57005,27253,63918,0
95212,30931,10918,126143,106130,41849,0
50171,91068,65273,141239,115444,156341,1
28714,12899,92978,41613,121692,105877,0
58128,74297,63422,132425,121550,137719,1
29989,8816,91314,38805,121303,100130,0
40323,30130,16078,70453,56401,46208,1
47464,43660,27345,91124,74809,71005,1
63650,5977,37717,69627,101367,43694,0
76820,1379,67537,78199,144357,68916,0
87724,36467,2321,124191,90045,38788,0
13757,40535,30332,54292,44089,70867,1
22754,74758,68097,97512,90851,142855,1
70363,80772,62237,151135,132600,143009,1
36068,41802,7825,77870,43893,49627,1
68707,47869,65173,116576,133880,113042,1
56798,22171,39642,78969,96440,61813,1
15385,35179,98242,50564,113627,133421,0
89811,5992,25381,95803,115192,31373,0
51921,43801,57742,95722,109663,101543,1
95370,55176,4622,150546,99992,59798,0
82946,98066,63844,181012,146790,161910,1
58532,45162,89934,103694,148466,135096,1
84855,91000,65383,175855,150238,156383,1
78830,60959,52156,139789,130986,113115,1
93317,31238,80177,124555,173494,111415,1
13306,66607,99447,79913,112753,166054,0
8850,83269,90653,92119,99503,173922,1
52062,98429,58306,150491,110368,156735,1
65630,22534,88299,88164,153929,110833,0
6417,5176,42971,11593,49388,48147,0
22345,73376,2013,95721,24358,75389,0
65841,64008,97718,129849,163559,161726,1
60511,45782,68376,106293,128887,114158,1
21730,94244,18952,115974,40682,113196,0
99260,31901,32536,131161,131796,64437,0
75053,84553,86443,159606,161496,170996,1
47902,69931,57533,117833,105435,127464,1
59615,94865,29023,154480,88638,123888,0
41078,30135,71499,71213,112577,101634,0
99331,77374,10057,176705,109388,87431,0
91423,74262,48381,165685,139804,122643,1
27919,71576,40052,99495,67971,111628,0
60943,79499,19940,140442,80883,99439,1
13303,3326,43118,16629,56421,46444,0
67148,60591,8795,127739,75943,69386,1
19982,23355,20305,43337,40287,43660,1
32142,45183,44276,77325,76418,89459,1
73432,2294,77324,75726,150756,79618,0
55802,67319,23391,123121,79193,90710,1
47380,7098,82799,54478,130179,89897,0
40755,29189,59479,69944,100234,88668,1
79572,81318,4446,160890,84018,85764,1
65528,5258,57412,70786,122940,62670,0
5046,17978,6883,23024,11929,24861,0
3706,60236,14058,63942,17764,74294,0
58627,79633,12950,138260,71577,92583,0
66452,27738,31537,94190,97989,59275,0
46633,26089,63617,72722,110250,89706,1
99296,43425,16028,142721,115324,59453,0
45166,72709,85749,117875,130915,158458,1
76366,21795,52507,98161,128873,74302,0
35345,3248,66032,38593,101377,69280,0
58048,94695,76390,152743,134438,171085,1
85597,93126,31610,178723,117207,124736,1
43548,18640,87978,62188,131526,106618,0
88690,53189,13543,141879,102233,66732,0
58187,74144,82406,132331,140593,156550,1
75128,23573,70338,98701,145466,93911,1
75409,37964,76212,113373,151621,114176,1
12937,97949,33257,110886,46194,131206,0
50241,3502,69856,53743,120097,73358,0
13023,93977,45513,107000,58536,139490,0
83315,99498,83370,182813,166685,182868,1
6234,29508,57398,35742,63632,86906,0
29370,6994,26501,36364,55871,33495,1
13420,49061,68212,62481,81632,117273,0
68948,79549,50648,148497,119596,130197,1
85735,51699,86797,137434,172532,138496,1
62112,29036,91826,91148,153938,120862,0
649,43080,58965,43729,59614,102045,0
37835,82618,16968,120453,54803,99586,0
79033,49985,63974,129018,143007,113959,1
79462,96632,81832,176094,161294,178464,1
23394,6358,37046,29752,60440,43404,0
76824,2630,35766,79454,112590,38396,0
31285,56603,59790,87888,91075,116393,1
22882,84033,75942,106915,98824,159975,1
62991,91501,59456,154492,122447,150957,1
74680,63321,1282,138001,75962,64603,0
73794,89578,32129,163372,105923,121707,1
98241,15551,18706,113792,116947,34257,0
99505,86637,23413,186142,122918,110050,1
63379,169,93191,63548,156570,93360,0
6368,38997,80654,45365,87022,119651,0
22644,1152,9456,23796,32100,10608,0
68273,4286,66323,72559,134596,70609,1
44581,83123,26157,127704,70738,109280,0
77456,30877,91105,108333,168561,121982,1
24180,37441,70146,61621,94326,107587,0
37665,90899,82286,128564,119951,173185,1
43460,48876,13943,92336,57403,62819,1
72763,71588,39873,144351,112636,111461,1
95690,83001,99989,178691,195679,182990,1
31443,27346,80822,58789,112265,108168,0
72467,991,97115,73458,169582,98106,0
28255,92179,91777,120434,120032,183956,1
56510,15154,82791,71664,139301,97945,0
20050,3687,51828,23737,71878,55515,0
88574,55841,34209,144415,122783,90050,1
16873,96485,83934,113358,100807,180419,1
35872,49193,56639,85065,92511,105832,1
13079,24734,17671,37813,30750,42405,1
33026,92665,60887,125691,93913,153552,1
10732,55245,11018,65977,21750,66263,0
52649,79154,76461,131803,129110,155615,1
62470,40776,67067,103246,129537,107843,1
77016,21587,16944,98603,93960,38531,0
23232,57063,59176,80295,82408,116239,1
85941,97073,69046,183014,154987,166119,1
89468,46049,33773,135517,123241,79822,0
96843,25465,15800,122308,112643,41265,0
98385,13985,79164,112370,177549,93149,0
20288,30349,8498,50637,28786,38847,0
19731,47427,28944,67158,48675,76371,1
58915,3411,20720,62326,79635,24131,0
76851,75005,67290,151856,144141,142295,1
56226,41635,95312,97861,151538,136947,1
98312,40707,54640,139019,152952,95347,0
49499,63208,31206,112707,80705,94414,1
14166,13095,46492,27261,60658,59587,0
49424,49482,15721,98906,65145,65203,1
78037,75541,25171,153578,103208,100712,1
89543,91883,83108,181426,172651,174991,1
25287,6641,40004,31928,65291,46645,0
94798,43021,70794,137819,165592,113815,1
26081,59214,2264,85295,28345,61478,0
78141,61390,13990,139531,92131,75380,0
69976,31358,85828,101334,155804,117186,1
60475,65683,79084,126158,139559,144767,1
56520,63192,66589,119712,123109,129781,1
85526,64012,48851,149538,134377,112863,1
33721,60340,903,94061,34624,61243,0
30497,33256,79005,63753,109502,112261,0
27546,85593,73849,113139,101395,159442,1
10908,98040,95893,108948,106801,193933,1
98755,19959,6674,118714,105429,26633,0
80264,39761,10628,120025,90892,50389,0
84098,8157,15179,92255,99277,23336,0
76685,27540,93145,104225,169830,120685,1
85697,51212,46009,136909,131706,97221,1
11486,24241,68032,35727,79518,92273,0
59526,81773,61989,141299,121515,143762,1
89382,64314,8528,153696,97910,72842,0
36502,69882,94356,106384,130858,164238,1
59436,14900,79240,74336,138676,94140,0
99190,61299,28573,160489,127763,89872,0
12426,26684,93501,39110,105927,120185,0
12255,46847,75584,59102,87839,122431,0
4308,66192,58121,70500,62429,124313,0
48911,6590,97295,55501,146206,103885,0
36438,51014,99517,87452,135955,150531,0
86786,75408,50820,162194,137606,126228,1
93666,55395,55053,149061,148719,110448,1
86742,42603,75873,129345,162615,118476,1
75164,27379,20542,102543,95706,47921,0
25361,44032,76577,69393,101938,120609,0
47593,14016,65689,61609,113282,79705,0
45874,44379,30180,90253,76054,74559,1
83918,44021,15880,127939,99798,59901,0
92194,48523,92802,140717,184996,141325,1
25249,56243,98353,81492,123602,154596,0
6552,61033,23643,67585,30195,84676,0
96253,50435,47102,146688,143355,97537,1
41179,92533,75860,133712,117039,168393,1
78958,17040,95143,95998,174101,112183,1
30430,12960,17127,43390,47557,30087,0
83559,3502,47454,87061,131013,50956,0
91097,55603,34809,146700,125906,90412,0
44618,41245,44796,85863,89414,86041,1
5476,83319,98750,88795,104226,182069,0
1452,80433,75477,81885,76929,155910,0
36237,97120,11896,133357,48133,109016,0
53697,39895,35287,93592,88984,75182,1
54381,7946,606,62327,54987,8552,0
58729,25088,27929,83817,86658,53017,0
52832,97260,13538,150092,66370,110798,0
87857,60094,48188,147951,136045,108282,1
72338,19405,44410,91743,116748,63815,0
14369,1236,72495,15605,86864,73731,0
23297,35869,82,59166,23379,35951,0
27855,35182,33886,63037,61741,69068,1
76675,64945,75175,141620,151850,140120,1
94401,87118,6825,181519,101226,93943,0
78741,11858,21727,90599,100468,33585,0
3744,55476,63104,59220,66848,118580,0
40776,46701,81293,87477,122069,127994,1
98716,13335,40650,112051,139366,53985,0
44332,35809,96380,80141,140712,132189,0
47348,64221,23912,111569,71260,88133,1
9593,8677,46057,18270,55650,54734,0
58089,32310,40486,90399,98575,72796,1
87153,25145,85544,112298,172697,110689,1
6093,19294,21438,25387,27531,40732,1
82821,2936,82505,85757,165326,85441,1
35307,80842,19026,116149,54333,99868,0
17630,69323,57931,86953,75561,127254,1
61433,73942,48590,135375,110023,122532,1
16893,43110,35289,60003,52182,78399,1
70111,97864,2353,167975,72464,100217,0
74081,13761,50066,87842,124147,63827,0
94706,3576,81491,98282,176197,85067,0
89394,68414,93227,157808,182621,161641,1
90918,18206,73130,109124,164048,91336,1
20670,64223,29356,84893,50026,93579,0
430,25014,74428,25444,74858,99442,0
90568,92399,22120,182967,112688,114519,1
95409,97979,87832,193388,183241,185811,1
25338,48066,19359,73404,44697,67425,0
94355,16530,98358,110885,192713,114888,1
32465,38204,88265,70669,120730,126469,0
1072,94524,94582,95596,95654,189106,1
30129,98502,99461,128631,129590,197963,1
52418,14213,67542,66631,119960,81755,0
307,60132,24471,60439,24778,84603,0
96103,57173,75058,153276,171161,132231,1
42229,94856,2167,137085,44396,97023,0
24862,60753,20884,85615,45746,81637,0
43688,71216,1438,114904,45126,72654,0
65831,78288,23017,144119,88848,101305,1
37985,14818,73592,52803,111577,88410,0
26731,87402,81296,114133,108027,168698,1
80301,87587,41138,167888,121439,128725,1
92326,39763,51554,132089,143880,91317,0
30956,55134,20321,86090,51277,75455,0
67335,32476,10420,99811,77755,42896,0
29916,52604,28167,82520,58083,80771,1
49708,44152,19687,93860,69395,63839,1
44141,22654,62353,66795,106494,85007,1
88144,35494,80991,123638,169135,116485,1
41438,7407,70692,48845,112130,78099,0
250,71276,36597,71526,36847,107873,0
8584,49857,10512,58441,19096,60369,0
95590,83742,33656,179332,129246,117398,1
70288,73939,23979,144227,94267,97918,1
41388,85647,85527,127035,126915,171174,1
45787,22935,27729,68722,73516,50664,1
51245,79674,5713,130919,56958,85387,0
97842,54934,81660,152776,179502,136594,1
71691,27987,99801,99678,171492,127788,0
91902,50434,84984,142336,176886,135418,1
93022,88985,21193,182007,114215,110178,1
61160,2556,41883,63716,103043,44439,0
48759,4795,11038,53554,59797,15833,0
78619,28120,78185,106739,156804,106305,1
37092,62485,6163,99577,43255,68648,0
76809,17762,83439,94571,160248,101201,1
6047,21702,72476,27749,78523,94178,0
11658,354,33096,12012,44754,33450,0
34132,84347,9262,118479,43394,93609,0
13611,69825,18873,83436,32484,88698,0
96719,66298,1345,163017,98064,67643,0
52736,4918,10757,57654,63493,15675,0
35887,12069,20177,47956,56064,32246,0
95809,36610,7501,132419,103310,44111,0
97496,83748,2277,181244,99773,86025,0
12058,59834,94903,71892,106961,154737,0
95575,29307,46026,124882,141601,75333,0
64798,62854,99540,127652,164338,162394,1
29426,77609,22859,107035,52285,100468,0
14040,63072,93010,77112,107050,156082,0
73383,65751,13507,139134,86890,79258,1
34534,85689,81549,120223,116083,167238,1
88026,65482,75378,153508,163404,140860,1
24091,43552,86926,67643,111017,130478,0
30787,56176,14022,86963,44809,70198,0
72031,55989,48664,128020,120695,104653,1
7096,28794,20261,35890,27357,49055,0
67568,92544,14306,160112,81874,106850,0
30467,70589,61013,101056,91480,131602,1
32091,47964,39582,80055,71673,87546,1
70613,98825,91736,169438,162349,190561,1
14822,19647,99435,34469,114257,119082,0
14562,8208,38470,22770,53032,46678,0
24287,23174,37747,47461,62034,60921,1
79451,24769,84733,104220,164184,109502,1
12148,53946,82556,66094,94704,136502,0
55736,89378,842,145114,56578,90220,0
76088,31335,17560,107423,93648,48895,0
75670,81111,27482,156781,103152,108593,1
60999,31464,49482,92463,110481,80946,1
95983,75164,94007,171147,189990,169171,1
80181,16108,93985,96289,174166,110093,1
2932,33041,5316,35973,8248,38357,0
66178,82582,53214,148760,119392,135796,1
1448,81557,25164,83005,26612,106721,0
53749,78428,66055,132177,119804,144483,1
30151,93220,3986,123371,34137,97206,0
69129,22719,37673,91848,106802,60392,0
10217,15010,8740,25227,18957,23750,1
60264,49311,64971,109575,125235,114282,1
70923,60764,3991,131687,74914,64755,0
19163,43045,58924,62208,78087,101969,1
70407,21119,22913,91526,93320,44032,0
26413,93062,41882,119475,68295,134944,0
75571,95364,36370,170935,111941,131734,1
4349,90783,45388,95132,49737,136171,0
97443,34657,34801,132100,132244,69458,0
65723,76350,85713,142073,151436,162063,1
17087,60136,49863,77223,66950,109999,1
48200,76426,7442,124626,55642,83868,0
87865,44783,28503,132648,116368,73286,0
22731,86449,69057,109180,91788,155506,1
83513,62831,95160,146344,178673,157991,1
23217,74860,60568,98077,83785,135428,1
62181,63601,23361,125782,85542,86962,1
67038,9367,13822,76405,80860,23189,0
75970,64542,52283,140512,128253,116825,1
44978,60373,29322,105351,74300,89695,1
70483,91820,37717,162303,108200,129537,1
43276,33006,58194,76282,101470,91200,1
9648,35808,76046,45456,85694,111854,0
25701,50349,35719,76050,61420,86068,1
95080,77653,38525,172733,133605,116178,1
8852,49144,36074,57996,44926,85218,0
18238,9718,43189,27956,61427,52907,0
69232,88077,64278,157309,133510,152355,1
59539,7474,30497,67013,90036,37971,0
18431,41929,28208,60360,46639,70137,1
53770,15681,74785,69451,128555,90466,0
7426,51197,69738,58623,77164,120935,0
53880,33665,64627,87545,118507,98292,1
69373,26409,45710,95782,115083,72119,1
80735,92664,9551,173399,90286,102215,0
5677,3815,7062,9492,12739,10877,1
10911,41697,10338,52608,21249,52035,0
72375,97309,26731,169684,99106,124040,1
41640,7896,81322,49536,122962,89218,0
810,15869,57148,16679,57958,73017,0
46684,83959,85179,130643,131863,169138,1
4272,40003,22815,44275,27087,62818,0
97445,68911,61489,166356,158934,130400,1
50104,93038,25357,143142,75461,118395,0
41602,95226,9489,136828,51091,104715,0
6401,10297,93918,16698,100319,104215,0
61272,61670,39033,122942,100305,100703,1
296,32816,66181,33112,66477,98997,0
3903,25817,37648,29720,41551,63465,0
28902,14775,26569,43677,55471,41344,1
82508,94023,10050,176531,92558,104073,0
81593,76162,96895,157755,178488,173057,1
76721,74629,71023,151350,147744,145652,1
87400,28642,30202,116042,117602,58844,0
72598,62478,59608,135076,132206,122086,1
8713,74860,80952,83573,89665,155812,1
26223,12978,44074,39201,70297,57052,0
81248,66187,63466,147435,144714,129653,1
18128,34089,59680,52217,77808,93769,0
8329,74390,4147,82719,12476,78537,0
18029,82220,69994,100249,88023,152214,1
97845,3821,40798,101666,138643,44619,0
88154,42597,77214,130751,165368,119811,1
99367,76580,46382,175947,145749,122962,1
29288,48806,70878,78094,100166,119684,1
50851,85633,27786,136484,78637,113419,0
81369,17110,85654,98479,167023,102764,1
47270,17259,53934,64529,101204,71193,1
12533,8006,47273,20539,59806,55279,0
80143,49100,28385,129243,108528,77485,0
99727,77555,88115,177282,187842,165670,1
77669,5324,71040,82993,148709,76364,0
29381,54476,98640,83857,128021,153116,0
22395,23144,59729,45539,82124,82873,0
17146,8887,69320,26033,86466,78207,0
91190,56103,13526,147293,104716,69629,0
95914,77832,77489,173746,173403,155321,1
49351,4383,78263,53734,127614,82646,0
585,4667,87503,5252,88088,92170,0
98840,72144,31677,170984,130517,103821,1
8393,44745,27575,53138,35968,72320,0
72086,10973,13739,83059,85825,24712,0
26589,83500,97406,110089,123995,180906,1
80838,18785,61223,99623,142061,80008,0
64587,20831,90117,85418,154704,110948,0
58110,8674,68461,66784,126571,77135,0
17060,45987,62507,63047,79567,108494,1
1731,24803,44789,26534,46520,69592,0
23188,22258,81773,45446,104961,104031,0
20220,43098,69568,63318,89788,112666,0
83927,87830,30140,171757,114067,117970,1
81439,17788,41704,99227,123143,59492,0
82656,24868,89798,107524,172454,114666,1
61209,65844,36591,127053,97800,102435,1
61364,96018,48180,157382,109544,144198,1
77015,47998,82603,125013,159618,130601,1
85556,46243,81977,131799,167533,128220,1
11696,2830,15485,14526,27181,18315,0
26206,85476,72747,111682,98953,158223,1
70806,72934,37698,143740,108504,110632,1
17219,99486,56675,116705,73894,156161,0
49257,75727,30091,124984,79348,105818,1
3747,88609,37913,92356,41660,126522,0
52422,48400,45233,100822,97655,93633,1
49487,43907,33725,93394,83212,77632,1
56470,39432,20623,95902,77093,60055,1
80980,43147,79160,124127,160140,122307,1
96246,28671,15263,124917,111509,43934,0
95050,76378,60605,171428,155655,136983,1
47044,44880,49414,91924,96458,94294,1
73600,88316,58066,161916,131666,146382,1
25098,95193,23349,120291,48447,118542,0
52257,29468,73749,81725,126006,103217,1
5535,40617,49384,46152,54919,90001,0
2890,97450,80245,100340,83135,177695,0
66419,27004,12062,93423,78481,39066,0
12461,37492,15797,49953,28258,53289,0
84629,58884,40656,143513,125285,99540,1
38624,42262,9155,80886,47779,51417,1
46446,20661,33177,67107,79623,53838,1
76433,48464,19787,124897,96220,68251,0
47520,78080,95303,125600,142823,173383,1
23413,5336,31519,28749,54932,36855,0
5523,20512,30779,26035,36302,51291,0
34796,56878,85565,91674,120361,142443,1
72151,16251,40898,88402,113049,57149,0
61840,53034,15447,114874,77287,68481,1
4296,33532,17748,37828,22044,51280,0
46762,78257,1304,125019,48066,79561,0
82917,87956,28807,170873,111724,116763,1
81361,11657,13446,93018,94807,25103,0
22567,56408,6402,78975,28969,62810,0
83335,82134,37357,165469,120692,119491,1
46133,46165,73216,92298,119349,119381,1
759,90629,5167,91388,5926,95796,0
10059,72277,82639,82336,92698,154916,0
5751,89428,83572,95179,89323,173000,0
43723,70957,80244,114680,123967,151201,1
24293,78566,13478,102859,37771,92044,0
34815,28795,19211,63610,54026,48006,1
8447,75020,96053,83467,104500,171073,0
43105,35328,58279,78433,101384,93607,1
62332,98653,63728,160985,126060,162381,1
49827,51607,4383,101434,54210,55990,1
31269,67504,83660,98773,114929,151164,1
61361,62844,4860,124205,66221,67704,1
67344,78852,14019,146196,81363,92871,1
48532,54011,9669,102543,58201,63680,1
99899,88111,58896,188010,158795,147007,1
75398,16999,86123,92397,161521,103122,1
9450,3875,39883,13325,49333,43758,0
94386,8066,71540,102452,165926,79606,0
71108,82039,43648,153147,114756,125687,1
24726,47176,26219,71902,50945,73395,1
28313,63276,92677,91589,120990,155953,0
59714,64738,33098,124452,92812,97836,1
34495,72759,57596,107254,92091,130355,1
53222,85687,98403,138909,151625,184090,1
47139,78489,5707,125628,52846,84196,0
39608,25619,48320,65227,87928,73939,1
36067,50335,45529,86402,81596,95864,1
54870,55607,69243,110477,124113,124850,1
13413,69628,20795,83041,34208,90423,0
61185,2944,15304,64129,76489,18248,0
81642,78198,61824,159840,143466,140022,1
6761,31773,67816,38534,74577,99589,0
69851,69636,42833,139487,112684,112469,1
96503,8682,51685,105185,148188,60367,0
42260,9946,30028,52206,72288,39974,0
44714,60246,90613,104960,135327,150859,1
28759,96283,71462,125042,100221,167745,1
42630,988,83137,43618,125767,84125,0
28228,812,1183,29040,29411,1995,0
23148,84436,72847,107584,95995,157283,1
4241,41036,73481,45277,77722,114517,0
4998,36389,66742,41387,71740,103131,0
95363,33948,92735,129311,188098,126683,1
86594,10825,2109,97419,88703,12934,0
58417,70179,20322,128596,78739,90501,1
52738,55087,86054,107825,138792,141141,1
81023,43490,62585,124513,143608,106075,1
12155,26504,17796,38659,29951,44300,1
6989,261,78131,7250,85120,78392,0
69303,35104,35766,104407,105069,70870,1
16527,34478,22875,51005,39402,57353,1
28715,33967,51190,62682,79905,85157,1
50053,94196,45911,144249,95964,140107,1
80579,18156,85030,98735,165609,103186,1
93522,37331,65753,130853,159275,103084,1
52653,18460,32021,71113,84674,50481,0
23796,86696,54195,110492,77991,140891,0
8641,40767,56203,49408,64844,96970,0
41201,64432,1953,105633,43154,66385,0
28080,21135,54566,49215,82646,75701,0
68733,15162,14742,83895,83475,29904,0
48644,71628,99097,120272,147741,170725,1
30358,80576,87780,110934,118138,168356,1
81203,5255,12020,86458,93223,17275,0
48960,84580,6130,133540,55090,90710,0
90985,26506,98035,117491,189020,124541,1
51447,23805,88469,75252,139916,112274,0
39650,69500,56992,109150,96642,126492,1
99990,95747,72230,195737,172220,167977,1
98753,25531,24704,124284,123457,50235,0
96735,82989,42421,179724,139156,125410,1
10418,67151,86914,77569,97332,154065,0
38816,44006,66157,82822,104973,110163,1
56778,85255,58695,142033,115473,143950,1
67635,20124,89661,87759,157296,109785,0
667,57556,92619,58223,93286,150175,0
94793,7008,4776,101801,99569,11784,0
19787,46604,3136,66391,22923,49740,0
61655,87789,57870,149444,119525,145659,1
88194,36090,6524,124284,94718,42614,0
83476,58648,99130,142124,182606,157778,1
48933,42844,65305,91777,114238,108149,1
42570,47891,81739,90461,124309,129630,1
19565,67383,15101,86948,34666,82484,0
19730,20250,30486,39980,50216,50736,1
2068,34986,83910,37054,85978,118896,0
49882,71649,41178,121531,91060,112827,1
740,19862,64877,20602,65617,84739,0
34453,74978,92122,109431,126575,167100,1
70155,79081,73213,149236,143368,152294,1
80978,37920,17890,118898,98868,55810,0
78307,27860,11586,106167,89893,39446,0
89764,62605,54791,152369,144555,117396,1
44962,13224,32249,58186,77211,45473,1
17526,58604,19315,76130,36841,77919,0
41473,73311,59749,114784,101222,133060,1
15869,55080,31530,70949,47399,86610,0
77881,41855,97752,119736,175633,139607,1
34312,83786,97934,118098,132246,181720,1
72842,87503,50677,160345,123519,138180,1
19262,99564,21320,118826,40582,120884,0
54493,87920,59657,142413,114150,147577,1
49118,77689,24055,126807,73173,101744,0
52371,25825,9520,78196,61891,35345,0
46752,11186,9317,57938,56069,20503,0
11424,56967,81784,68391,93208,138751,0
87623,24741,89702,112364,177325,114443,1
38873,44250,79847,83123,118720,124097,1
90573,91061,9684,181634,100257,100745,1
76141,56618,93196,132759,169337,149814,1
27981,12609,4103,40590,32084,16712,0
52666,3479,6030,56145,58696,9509,0
95854,50178,55011,146032,150865,105189,1
10441,796,64053,11237,74494,64849,0
32588,53174,12193,85762,44781,65367,0
47623,53959,12693,101582,60316,66652,1
85616,22635,74127,108251,159743,96762,1
21842,78536,81630,100378,103472,160166,1
28865,87342,88007,116207,116872,175349,1
71399,62488,54606,133887,126005,117094,1
24915,82737,23061,107652,47976,105798,0
13376,16870,45646,30246,59022,62516,0
35811,30380,23872,66191,59683,54252,1
58073,63054,60226,121127,118299,123280,1
26719,70627,99279,97346,125998,169906,0
4280,47444,56609,51724,60889,104053,0
26578,24374,71960,50952,98538,96334,0
53848,87683,30520,141531,84368,118203,0
87435,55522,15688,142957,103123,71210,0
89491,22929,43606,112420,133097,66535,0
75688,79743,38555,155431,114243,118298,1
24384,89085,86573,113469,110957,175658,1
63548,48750,13823,112298,77371,62573,0
39084,58062,99271,97146,138355,157333,0
50322,77230,41019,127552,91341,118249,1
55125,82063,20189,137188,75314,102252,0
41688,45480,71221,87168,112909,116701,1
61430,79012,97453,140442,158883,176465,1
91835,67712,81313,159547,173148,149025,1
22544,15636,64559,38180,87103,80195,0
11179,75659,62313,86838,73492,137972,0
93471,83553,87292,177024,180763,170845,1
84484,75793,27742,160277,112226,103535,1
10105,97462,80432,107567,90537,177894,0
52092,31571,52642,83663,104734,84213,1
50907,98682,28821,149589,79728,127503,0
25632,4822,30209,30454,55841,35031,1
93487,92088,68409,185575,161896,160497,1
44483,14811,57105,59294,101588,71916,1
83141,68581,92971,151722,176112,161552,1
97671,20117,38447,117788,136118,58564,0
38326,63585,13634,101911,51960,77219,0
76274,22008,34203,98282,110477,56211,0
4197,83078,64742,87275,68939,147820,0
64982,62428,92397,127410,157379,154825,1
81121,70245,56053,151366,137174,126298,1
24321,9999,75634,34320,99955,85633,0
10771,54936,67468,65707,78239,122404,0
25011,5817,61174,30828,86185,66991,0
89621,58805,73829,148426,163450,132634,1
79386,55443,38580,134829,117966,94023,1
31659,32569,56592,64228,88251,89161,1
13457,16013,71443,29470,84900,87456,0
28511,81013,6338,109524,34849,87351,0
27097,83392,17584,110489,44681,100976,0
56871,43487,24077,100358,80948,67564,1
28591,32743,39282,61334,67873,72025,1
2872,25509,14701,28381,17573,40210,0
33128,18821,37438,51949,70566,56259,1
50920,71481,45947,122401,96867,117428,1
15672,15933,86548,31605,102220,102481,0
95722,31278,78310,127000,174032,109588,1
66732,61363,99958,128095,166690,161321,1
11092,46610,78543,57702,89635,125153,0
50898,18656,52207,69554,103105,70863,1
30094,6388,10706,36482,40800,17094,0
2775,21355,32340,24130,35115,53695,0
36287,16651,26421,52938,62708,43072,1
53160,62785,65225,115945,118385,128010,1
68516,20088,81847,88604,150363,101935,1
1251,83097,19176,84348,20427,102273,0
23962,9462,10472,33424,34434,19934,0
53613,45311,16974,98924,70587,62285,1
57010,19568,14058,76578,71068,33626,0
14723,27333,72016,42056,86739,99349,0
64433,69207,64184,133640,128617,133391,1
46080,50650,59076,96730,105156,109726,1
4568,6338,88726,10906,93294,95064,0
65044,98685,79168,163729,144212,177853,1
50856,1761,27290,52617,78146,29051,0
74100,82459,62534,156559,136634,144993,1
51333,9262,11252,60595,62585,20514,0
1244,84126,48648,85370,49892,132774,0
74061,79223,88933,153284,162994,168156,1
89804,39181,73826,128985,163630,113007,1
11427,21957,15972,33384,27399,37929,1
26581,63908,1835,90489,28416,65743,0
66226,51591,34020,117817,100246,85611,1
51147,98700,80308,149847,131455,179008,1
50394,73174,18110,123568,68504,91284,0
91970,32917,54615,124887,146585,87532,0
28215,51885,10896,80100,39111,62781,0
69433,51953,61125,121386,130558,113078,1
74580,34132,4821,108712,79401,38953,0
48736,17081,68369,65817,117105,85450,0
30877,98840,75146,129717,106023,173986,1
99676,92248,13713,191924,113389,105961,1
31987,91371,52857,123358,84844,144228,0
52720,22907,33583,75627,86303,56490,1
12380,97950,58766,110330,71146,156716,0
30204,91127,29408,121331,59612,120535,0
82518,96804,81929,179322,164447,178733,1
31833,38589,19914,70422,51747,58503,1
70533,80454,83192,150987,153725,163646,1
71190,15088,66658,86278,137848,81746,1
75736,30770,98025,106506,173761,128795,1
45764,23117,37738,68881,83502,60855,1
95719,40564,69387,136283,165106,109951,1
74953,69221,84151,144174,159104,153372,1
87050,41117,76403,128167,163453,117520,1
51116,34165,85871,85281,136987,120036,0
40165,83908,97243,124073,137408,181151,1
95657,43110,65059,138767,160716,108169,1
53164,10792,42440,63956,95604,53232,1
44682,14803,3404,59485,48086,18207,0
73978,84501,73404,158479,147382,157905,1
87733,13968,4747,101701,92480,18715,0
63400,9520,7388,72920,70788,16908,0
18820,78281,78262,97101,97082,156543,1
75726,21386,47080,97112,122806,68466,0
33060,88184,28680,121244,61740,116864,0
76035,54285,38569,130320,114604,92854,1
56258,75882,19310,132140,75568,95192,0
47035,32619,6975,79654,54010,39594,0
42347,31862,82671,74209,125018,114533,0
55809,92456,90173,148265,145982,182629,1
81049,91761,86004,172810,167053,177765,1
37373,85607,26858,122980,64231,112465,0
73028,99850,98728,172878,171756,198578,1
97873,49931,4341,147804,102214,54272,0
61695,59749,58159,121444,119854,117908,1
62491,31594,95197,94085,157688,126791,0
30779,97087,35171,127866,65950,132258,0
82096,41117,44584,123213,126680,85701,1
95530,78664,37184,174194,132714,115848,1
92277,14751,21037,107028,113314,35788,0
62519,16823,36532,79342,99051,53355,0
79897,76331,41227,156228,121124,117558,1
45076,70340,93779,115416,138855,164119,1
4261,73903,37550,78164,41811,111453,0
60051,50216,45808,110267,105859,96024,1
81818,4957,90911,86775,172729,95868,0
23543,98038,2320,121581,25863,100358,0
14955,42996,39614,57951,54569,82610,1
32551,37934,95814,70485,128365,133748,0
77808,36829,33241,114637,111049,70070,0
65838,97175,54352,163013,120190,151527,1
114,9023,94739,9137,94853,103762,0
50135,8031,93639,58166,143774,101670,0
12934,53840,42331,66774,55265,96171,1
46059,19538,53405,65597,99464,72943,1
57754,73617,26663,131371,84417,100280,1
87527,7380,91011,94907,178538,98391,1
15374,38643,23698,54017,39072,62341,1
48526,30159,83062,78685,131588,113221,0
36050,27413,57026,63463,93076,84439,1
83351,96956,73348,180307,156699,170304,1
63958,26960,75902,90918,139860,102862,1
96465,47642,15968,144107,112433,63610,0
66557,47223,30408,113780,96965,77631,1
13426,95384,56613,108810,70039,151997,0
94432,54068,3217,148500,97649,57285,0
28301,55227,23638,83528,51939,78865,0
52440,9896,31973,62336,84413,41869,0
86787,28115,19679,114902,106466,47794,0
76882,25148,16853,102030,93735,42001,0
59303,90638,91751,149941,151054,182389,1
47616,47069,20928,94685,68544,67997,1
26289,44888,44304,71177,70593,89192,1
47060,34509,82513,81569,129573,117022,0
79219,84800,59070,164019,138289,143870,1
92198,41842,85471,134040,177669,127313,1
29648,64832,24569,94480,54217,89401,0
30192,26633,83457,56825,113649,110090,0
37664,91051,45321,128715,82985,136372,0
45905,7698,87938,53603,133843,95636,0
71400,52906,82093,124306,153493,134999,1
10838,63559,60918,74397,71756,124477,1
61335,19631,73642,80966,134977,93273,1
75932,79165,35349,155097,111281,114514,1
96387,64893,21736,161280,118123,86629,0
5799,24061,21139,29860,26938,45200,1
78047,71492,99208,149539,177255,170700,1
63778,42184,45121,105962,108899,87305,1
89115,67008,33318,156123,122433,100326,1
97161,87571,83586,184732,180747,171157,1
75153,46943,61669,122096,136822,108612,1
15624,83640,65095,99264,80719,148735,0
1723,26962,73848,28685,75571,100810,0
89936,49255,53169,139191,143105,102424,1
86943,60483,99636,147426,186579,160119,1
51300,85179,63798,136479,115098,148977,1
52032,17370,54244,69402,106276,71614,1
29370,53978,99251,83348,128621,153229,0
65313,25494,93361,90807,158674,118855,0
94178,75134,25065,169312,119243,100199,1
2610,62049,59644,64659,62254,121693,1
89997,352,471,90349,90468,823,0
67299,85875,92407,153174,159706,178282,1
38935,87776,4664,126711,43599,92440,0
4871,98755,52315,103626,57186,151070,0
9936,30401,4198,40337,14134,34599,0
15111,24575,71165,39686,86276,95740,0
30600,68234,38327,98834,68927,106561,1
26920,43028,71652,69948,98572,114680,0
63943,46980,40621,110923,104564,87601,1
89896,69415,20829,159311,110725,90244,1
33392,57507,76386,90899,109778,133893,1
8251,10791,67202,19042,75453,77993,0
78290,27676,44999,105966,123289,72675,0
66384,30576,72596,96960,138980,103172,1
4900,49901,94873,54801,99773,144774,0
11792,64663,14521,76455,26313,79184,0
81496,9602,79299,91098,160795,88901,1
22130,87268,90426,109398,112556,177694,1
43097,49305,5185,92402,48282,54490,0
74563,75423,47498,149986,122061,122921,1
44066,18698,51810,62764,95876,70508,1
96324,8813,97726,105137,194050,106539,1
1497,26570,66101,28067,67598,92671,0
72973,94887,80114,167860,153087,175001,1
94908,48596,79400,143504,174308,127996,1
57404,32303,55699,89707,113103,88002,1
69062,28126,29378,97188,98440,57504,0
11589,18606,68739,30195,80328,87345,0
15310,11344,42803,26654,58113,54147,0
8591,18988,20095,27579,28686,39083,1
73770,89179,56631,162949,130401,145810,1
11223,27082,78112,38305,89335,105194,0
51456,45765,35681,97221,87137,81446,1
30431,22167,46564,52598,76995,68731,1
72633,81636,59776,154269,132409,141412,1
48580,41623,99932,90203,148512,141555,0
24684,76158,88807,100842,113491,164965,1
73556,97223,91524,170779,165080,188747,1
72893,74690,61686,147583,134579,136376,1
21736,81362,45321,103098,67057,126683,0
30542,48039,88306,78581,118848,136345,0
10429,47502,72746,57931,83175,120248,0
81000,24897,8523,105897,89523,33420,0
68600,49252,50561,117852,119161,99813,1
84813,77559,52507,162372,137320,130066,1
92960,32765,86283,125725,179243,119048,1
67942,65730,66364,133672,134306,132094,1
94027,98684,45375,192711,139402,144059,1
46326,87914,97234,134240,143560,185148,1
53021,58525,4697,111546,57718,63222,0
30720,90511,471,121231,31191,90982,0
11306,55252,935,66558,12241,56187,0
95531,44302,66392,139833,161923,110694,1
90156,90679,85936,180835,176092,176615,1
44755,77809,53492,122564,98247,131301,1
56963,51904,8427,108867,65390,60331,1
30603,53391,3031,83994,33634,56422,0
44123,77282,52371,121405,96494,129653,1
51758,42591,79982,94349,131740,122573,1
1069,31643,56187,32712,57256,87830,0
84734,46189,29001,130923,113735,75190,0
58175,99990,57880,158165,116055,157870,1
10730,65774,12020,76504,22750,77794,0
23926,93669,26603,117595,50529,120272,0
44767,56785,75748,101552,120515,132533,1
71634,25451,97094,97085,168728,122545,0
38057,93125,89678,131182,127735,182803,1
31721,60114,15075,91835,46796,75189,0
59045,79954,19077,138999,78122,99031,0
62131,2369,42878,64500,105009,45247,0
9097,68986,31415,78083,40512,100401,0
64446,31375,13832,95821,78278,45207,0
24703,78711,21946,103414,46649,100657,0
80416,65903,30872,146319,111288,96775,1
97850,83894,57505,181744,155355,141399,1
90968,55126,38615,146094,129583,93741,1
10915,88586,11406,99501,22321,99992,0
24855,5811,34757,30666,59612,40568,0
5723,50858,31834,56581,37557,82692,0
42772,77191,33460,119963,76232,110651,0
34581,78700,83999,113281,118580,162699,1
24974,51812,33082,76786,58056,84894,1
54238,14952,81699,69190,135937,96651,0
68516,59173,35812,127689,104328,94985,1
48585,965,38339,49550,86924,39304,0
68399,6269,34810,74668,103209,41079,0
94741,44259,41870,139000,136611,86129,0
35566,47887,11668,83453,47234,59555,0
97828,59136,12672,156964,110500,71808,0
31620,34491,89021,66111,120641,123512,0
49108,63004,37183,112112,86291,100187,1
54512,68518,11167,123030,65679,79685,0
44956,87125,51053,132081,96009,138178,1
28480,6861,3439,35341,31919,10300,0
60062,56741,1397,116803,61459,58138,0
45635,42442,25975,88077,71610,68417,1
64361,580,73255,64941,137616,73835,0
858,61700,20021,62558,20879,81721,0
96581,66054,24893,162635,121474,90947,0
99286,65669,9024,164955,108310,74693,0
6437,55836,17300,62273,23737,73136,0
48629,1592,1451,50221,50080,3043,0
23961,91905,89109,115866,113070,181014,1
70386,74493,33301,144879,103687,107794,1
3472,22111,40802,25583,44274,62913,0
3141,95698,69559,98839,72700,165257,0
56519,13063,58529,69582,115048,71592,1
67489,39623,15213,107112,82702,54836,0
99159,21537,90354,120696,189513,111891,1
60479,21427,74258,81906,134737,95685,1
19821,19211,93934,39032,113755,113145,0
46178,54230,56466,100408,102644,110696,1
24322,29426,87497,53748,111819,116923,0
75552,37706,80726,113258,156278,118432,1
73035,33348,88295,106383,161330,121643,1
79053,37150,73200,116203,152253,110350,1
78085,50582,93032,128667,171117,143614,1
30538,44475,36538,75013,67076,81013,1
99133,46591,86834,145724,185967,133425,1
44121,64953,86408,109074,130529,151361,1
51408,25007,43334,76415,94742,68341,1
57242,77253,69956,134495,127198,147209,1
79877,51285,75137,131162,155014,126422,1
76416,57195,57835,133611,134251,115030,1
24832,34731,10232,59563,35064,44963,1
77715,34961,54999,112676,132714,89960,1
76459,68590,76115,145049,152574,144705,1
23047,32841,56226,55888,79273,89067,0
7578,28229,82334,35807,89912,110563,0
86971,91879,17640,178850,104611,109519,1
62243,19451,64690,81694,126933,84141,1
38694,12641,48076,51335,86770,60717,1
31642,62630,90642,94272,122284,153272,1
3608,81242,99682,84850,103290,180924,0
79046,34482,43886,113528,122932,78368,0
92294,69119,61454,161413,153748,130573,1
77556,9429,57432,86985,134988,66861,0
43216,52821,37628,96037,80844,90449,1
27658,18362,69698,46020,97356,88060,0
52982,49362,83865,102344,136847,133227,1
53562,71297,87425,124859,140987,158722,1
93706,53370,37737,147076,131443,91107,0
42787,41519,5822,84306,48609,47341,1
70153,61536,48284,131689,118437,109820,1
51127,27724,27832,78851,78959,55556,1
96821,44865,88956,141686,185777,133821,1
97194,21931,8545,119125,105739,30476,0
75407,79886,73176,155293,148583,153062,1
89327,19348,36756,108675,126083,56104,0
99394,3048,17143,102442,116537,20191,0
10822,73537,52083,84359,62905,125620,0
83350,56346,67898,139696,151248,124244,1
92530,97639,46838,190169,139368,144477,1
83581,40044,31936,123625,115517,71980,0
20794,22804,5220,43598,26014,28024,1
47884,42478,22678,90362,70562,65156,1
44751,31946,75986,76697,120737,107932,1
9313,62931,81584,72244,90897,144515,0
81950,48571,77128,130521,159078,125699,1
11088,5399,85128,16487,96216,90527,0
91400,58774,84516,150174,175916,143290,1
91259,37030,10913,128289,102172,47943,0
22412,54327,79309,76739,101721,133636,0
83827,83872,3569,167699,87396,87441,1
81337,37080,43640,118417,124977,80720,0
97649,33884,49364,131533,147013,83248,0
1310,64135,72678,65445,73988,136813,0
95822,76104,77123,171926,172945,153227,1
57507,20301,31609,77808,89116,51910,0
38103,92139,17369,130242,55472,109508,0
94140,26451,29926,120591,124066,56377,0
40938,90654,56998,131592,97936,147652,1
75890,51555,97259,127445,173149,148814,1
50721,12145,80377,62866,131098,92522,0
89464,99382,54194,188846,143658,153576,1
57760,98844,99768,156604,157528,198612,1
97182,61248,99213,158430,196395,160461,1
69655,27219,11275,96874,80930,38494,0
64467,96712,96748,161179,161215,193460,1
35147,34043,32163,69190,67310,66206,1
43992,59455,27773,103447,71765,87228,1
26763,74770,34131,101533,60894,108901,0
64317,15784,56847,80101,121164,72631,1
90990,33441,25320,124431,116310,58761,0
76700,95865,27195,172565,103895,123060,1
71982,35910,68559,107892,140541,104469,1
14173,81600,61100,95773,75273,142700,0
5297,18883,98913,24180,104210,117796,0
68576,98402,6186,166978,74762,104588,0
40143,77086,81638,117229,121781,158724,1
81759,93035,29325,174794,111084,122360,1
61622,34668,53842,96290,115464,88510,1
90831,94835,24976,185666,115807,119811,1
91299,21143,23691,112442,114990,44834,0
27845,67788,86982,95633,114827,154770,1
55168,90264,90069,145432,145237,180333,1
6343,13939,51246,20282,57589,65185,0
8248,68361,18065,76609,26313,86426,0
90427,66074,9528,156501,99955,75602,0
20438,60305,84166,80743,104604,144471,0
73270,70208,93321,143478,166591,163529,1
44240,83078,24533,127318,68773,107611,0
48130,51306,31575,99436,79705,82881,1
66611,80039,99251,146650,165862,179290,1
13417,24482,14937,37899,28354,39419,1
15156,82315,91326,97471,106482,173641,1
60328,41530,76783,101858,137111,118313,1
8920,80553,57812,89473,66732,138365,0
55297,5117,37968,60414,93265,43085,0
56665,9381,34408,66046,91073,43789,0
91625,6276,31089,97901,122714,37365,0
16996,26808,43115,43804,60111,69923,1
36518,69941,1575,106459,38093,71516,0
75000,63572,45440,138572,120440,109012,1
48130,38407,21451,86537,69581,59858,1
28624,12047,52704,40671,81328,64751,0
71126,89025,40850,160151,111976,129875,1
56806,11732,57709,68538,114515,69441,1
64911,55809,37868,120720,102779,93677,1
79600,39774,36867,119374,116467,76641,0
51444,97873,55318,149317,106762,153191,1
50371,14421,74132,64792,124503,88553,0
4752,75989,36699,80741,41451,112688,0
52546,40138,63096,92684,115642,103234,1
62376,78652,98537,141028,160913,177189,1
66791,25594,78690,92385,145481,104284,1
14626,14363,95077,28989,109703,109440,0
78588,81497,9838,160085,88426,91335,1
23093,64298,97956,87391,121049,162254,0
59161,97030,26741,156191,85902,123771,0
30069,36745,91933,66814,122002,128678,0
19165,98721,66979,117886,86144,165700,0
93861,75543,44334,169404,138195,119877,1
37880,58175,74345,96055,112225,132520,1
6202,94636,69083,100838,75285,163719,0
28552,74424,98324,102976,126876,172748,1
98095,56415,10612,154510,108707,67027,0
63541,33842,45443,97383,108984,79285,1
69574,70732,66000,140306,135574,136732,1
59099,62032,15080,121131,74179,77112,1
3324,32013,3269,35337,6593,35282,0
39251,40478,38748,79729,77999,79226,1
96581,64657,9498,161238,106079,74155,0
33112,50197,1671,83309,34783,51868,0
775,24012,86859,24787,87634,110871,0
46014,36473,16247,82487,62261,52720,1
99860,16264,73739,116124,173599,90003,0
55057,74478,86857,129535,141914,161335,1
47835,70041,93802,117876,141637,163843,1
23620,79414,78489,103034,102109,157903,1
75147,94635,5936,169782,81083,100571,0
45718,11983,10519,57701,56237,22502,0
41163,2252,78161,43415,119324,80413,0
98064,21538,2885,119602,100949,24423,0
79149,88111,71824,167260,150973,159935,1
45057,22940,35490,67997,80547,58430,1
28253,99279,91080,127532,119333,190359,1
28644,58911,5829,87555,34473,64740,0
65120,26403,91030,91523,156150,117433,1
73653,96676,70962,170329,144615,167638,1
69408,83257,17894,152665,87302,101151,1
72526,28140,62354,100666,134880,90494,1
59660,10391,10274,70051,69934,20665,0
44931,76968,76623,121899,121554,153591,1
86415,70879,51372,157294,137787,122251,1
66681,64278,15221,130959,81902,79499,1
64641,76897,29147,141538,93788,106044,1
53725,10009,57477,63734,111202,67486,1
61815,65086,95440,126901,157255,160526,1
6576,23143,69906,29719,76482,93049,0
32526,11719,23905,44245,56431,35624,1
58983,53352,7083,112335,66066,60435,1
75877,82665,85291,158542,161168,167956,1
74330,81951,72055,156281,146385,154006,1
97710,80268,86872,177978,184582,167140,1
32255,7741,20956,39996,53211,28697,0
76927,94347,97759,171274,174686,192106,1
3362,99089,74597,102451,77959,173686,0
76190,54295,19628,130485,95818,73923,0
50527,57740,40456,108267,90983,98196,1
98655,1020,47463,99675,146118,48483,0
41002,7123,40127,48125,81129,47250,1
3099,75840,3036,78939,6135,78876,0
20587,9608,94472,30195,115059,104080,0
54027,93120,75392,147147,129419,168512,1
54019,5304,8147,59323,62166,13451,0
34578,371,67116,34949,101694,67487,0
8892,41736,13989,50628,22881,55725,0
14663,12641,91997,27304,106660,104638,0
79882,59536,57320,139418,137202,116856,1
16027,7392,68619,23419,84646,76011,0
86260,38748,7084,125008,93344,45832,0
52557,78086,32967,130643,85524,111053,1
14652,98026,92228,112678,106880,190254,1
15204,25458,75319,40662,90523,100777,0
16077,98338,99815,114415,115892,198153,1
27350,22333,75867,49683,103217,98200,0
99298,466,49869,99764,149167,50335,0
54002,17436,50732,71438,104734,68168,1
83146,55064,43387,138210,126533,98451,1
55122,36584,13774,91706,68896,50358,0
874,99546,19399,100420,20273,118945,0
22727,35825,55464,58552,78191,91289,1
68916,16233,10890,85149,79806,27123,0
29100,27511,16390,56611,45490,43901,1
14106,541,12855,14647,26961,13396,0
73251,54378,88270,127629,161521,142648,1
83872,91285,93034,175157,176906,184319,1
56904,49731,69281,106635,126185,119012,1
88222,22517,4179,110739,92401,26696,0
77873,63344,40473,141217,118346,103817,1
21640,59751,34594,81391,56234,94345,0
86684,2957,7556,89641,94240,10513,0
87893,17337,24778,105230,112671,42115,0
95680,29861,34138,125541,129818,63999,0
76760,48111,25476,124871,102236,73587,0
59242,84773,1924,144015,61166,86697,0
58992,2583,95854,61575,154846,98437,0
53141,30655,49059,83796,102200,79714,1
85361,32159,12617,117520,97978,44776,0
93762,92075,77769,185837,171531,169844,1
68533,25165,97494,93698,166027,122659,0
65469,81570,76635,147039,142104,158205,1
83484,96188,62746,179672,146230,158934,1
18181,3310,7526,21491,25707,10836,0
37781,42995,96283,80776,134064,139278,0
79828,98620,89010,178448,168838,187630,1
60697,53399,22576,114096,83273,75975,1
628,85746,50759,86374,51387,136505,0
42435,21361,91540,63796,133975,112901,0
82972,84152,16195,167124,99167,100347,1
75551,68002,38377,143553,113928,106379,1
37662,79825,2972,117487,40634,82797,0
4644,87709,30639,92353,35283,118348,0
48795,66066,99550,114861,148345,165616,1
96240,37830,50165,134070,146405,87995,0
12951,89098,81697,102049,94648,170795,1
81522,69400,25688,150922,107210,95088,1
7125,2337,9144,9462,16269,11481,1
6355,60548,65970,66903,72325,126518,1
72600,85754,8736,158354,81336,94490,0
88152,87421,36745,175573,124897,124166,1
14951,75893,57635,90844,72586,133528,0
41023,16861,95234,57884,136257,112095,0
98923,62262,4698,161185,103621,66960,0
59747,82906,5556,142653,65303,88462,0
90589,44775,23852,135364,114441,68627,0
69194,54235,24207,123429,93401,78442,1
72955,2209,811,75164,73766,3020,0
88799,64207,8356,153006,97155,72563,0
47919,38163,33676,86082,81595,71839,1
79227,59489,74435,138716,153662,133924,1
99974,46183,2108,146157,102082,48291,0
51743,47383,58201,99126,109944,105584,1
14530,12480,72220,27010,86750,84700,0
77997,73816,77080,151813,155077,150896,1
33957,92977,75606,126934,109563,168583,1
22950,81229,74866,104179,97816,156095,1
18297,94934,50161,113231,68458,145095,0
93455,98154,80032,191609,173487,178186,1
18087,59985,13888,78072,31975,73873,0
10432,99870,91606,110302,102038,191476,1
46975,80010,80449,126985,127424,160459,1
18051,69416,91504,87467,109555,160920,0
66583,13414,62767,79997,129350,76181,1
62233,56236,90929,118469,153162,147165,1
69710,60483,91806,130193,161516,152289,1
90725,1047,24264,91772,114989,25311,0
85548,55420,44688,140968,130236,100108,1
91574,28586,60376,120160,151950,88962,0
59565,69201,28822,128766,88387,98023,1
43518,32931,15624,76449,59142,48555,1
21188,28427,5897,49615,27085,34324,0
4362,85301,51424,89663,55786,136725,0
71871,79854,57852,151725,129723,137706,1
83078,38292,27192,121370,110270,65484,0
28913,81323,18063,110236,46976,99386,0
71212,38014,3405,109226,74617,41419,0
49814,61194,65339,111008,115153,126533,1
54916,86036,70228,140952,125144,156264,1
91053,9943,30350,100996,121403,40293,0
80287,25651,28958,105938,109245,54609,0
1054,72458,27038,73512,28092,99496,0
85201,2487,85184,87688,170385,87671,1
37069,11092,51970,48161,89039,63062,0
55343,98280,95334,153623,150677,193614,1
15608,15823,88996,31431,104604,104819,0
17634,16988,84239,34622,101873,101227,0
55353,67199,47572,122552,102925,114771,1
92656,63432,10767,156088,103423,74199,0
69299,25733,23423,95032,92722,49156,0
3406,17018,94719,20424,98125,111737,0
67844,10195,14911,78039,82755,25106,0
43496,53064,33658,96560,77154,86722,1
89212,16712,18131,105924,107343,34843,0
40839,49850,67511,90689,108350,117361,1
42888,99242,60553,142130,103441,159795,1
2626,221,95886,2847,98512,96107,0
2299,18692,39045,20991,41344,57737,0
9363,59079,92643,68442,102006,151722,0
60885,97197,3,158082,60888,97200,0
27704,95276,51733,122980,79437,147009,0
95142,69692,22858,164834,118000,92550,0
86851,61639,21539,148490,108390,83178,0
47552,11908,53751,59460,101303,65659,1
44803,86933,64728,131736,109531,151661,1
97226,14216,87779,111442,185005,101995,1
11462,14955,14433,26417,25895,29388,1
11163,35636,34027,46799,45190,69663,1
44508,45508,14116,90016,58624,59624,1
1727,25899,20872,27626,22599,46771,0
5525,40231,32695,45756,38220,72926,0
70205,1438,33272,71643,103477,34710,0
78188,64363,49262,142551,127450,113625,1
10098,19198,14711,29296,24809,33909,1
50929,17551,58172,68480,109101,75723,1
15581,47556,72913,63137,88494,120469,0
31727,33231,16805,64958,48532,50036,1
22126,43560,87187,65686,109313,130747,0
1199,34250,28352,35449,29551,62602,0
41623,1189,66334,42812,107957,67523,0
8647,70010,57706,78657,66353,127716,0
20620,79487,29534,100107,50154,109021,0
31865,86416,25022,118281,56887,111438,0
71899,45727,55160,117626,127059,100887,1
11859,87892,54189,99751,66048,142081,0
13594,63709,8321,77303,21915,72030,0
52924,40836,82325,93760,135249,123161,1
48057,25181,80247,73238,128304,105428,0
96324,65792,56054,162116,152378,121846,1
26217,63769,25418,89986,51635,89187,0
58621,69866,1049,128487,59670,70915,0
74722,15202,34328,89924,109050,49530,0
91018,26706,3450,117724,94468,30156,0
15334,16781,28186,32115,43520,44967,1
99836,24034,42203,123870,142039,66237,0
49781,71055,10551,120836,60332,81606,0
14381,7496,78640,21877,93021,86136,0
75439,26264,70751,101703,146190,97015,1
99883,56944,4199,156827,104082,61143,0
27452,61820,37922,89272,65374,99742,1
35446,6922,50685,42368,86131,57607,0
84012,40800,76026,124812,160038,116826,1
97833,62760,63769,160593,161602,126529,1
365,34197,56076,34562,56441,90273,0
13373,50763,94836,64136,108209,145599,0
42729,37950,93629,80679,136358,131579,0
13009,11971,54245,24980,67254,66216,0
96761,96112,80544,192873,177305,176656,1
41355,41330,42145,82685,83500,83475,1
14651,28731,48213,43382,62864,76944,0
50206,6270,52045,56476,102251,58315,1
4529,3947,33351,8476,37880,37298,0
59804,86399,38186,146203,97990,124585,1
29212,6523,15234,35735,44446,21757,0
13834,45141,52653,58975,66487,97794,1
44751,90004,91403,134755,136154,181407,1
59540,4965,60400,64505,119940,65365,1
83194,79517,79527,162711,162721,159044,1
36520,42142,77207,78662,113727,119349,1
33648,59059,84091,92707,117739,143150,1
71775,40552,85674,112327,157449,126226,1
19407,52300,94267,71707,113674,146567,0
58915,70743,33855,129658,92770,104598,1
17919,71154,77292,89073,95211,148446,1
90913,80376,89275,171289,180188,169651,1
68476,28334,16389,96810,84865,44723,0
69452,96646,31939,166098,101391,128585,1
67023,42418,20524,109441,87547,62942,0
32783,14814,7832,47597,40615,22646,0
47049,13474,5795,60523,52844,19269,0
13360,92835,41660,106195,55020,134495,0
44141,65360,72427,109501,116568,137787,1
68520,3658,18371,72178,86891,22029,0
16206,29119,88925,45325,105131,118044,0
77321,48387,31238,125708,108559,79625,1
48864,37812,65538,86676,114402,103350,1
92449,45627,83249,138076,175698,128876,1
55843,7348,88917,63191,144760,96265,0
59161,69925,93683,129086,152844,163608,1
87745,17354,62611,105099,150356,79965,0
34196,96313,37632,130509,71828,133945,0
25451,21290,97958,46741,123409,119248,0
93097,79101,1396,172198,94493,80497,0
57176,75820,92658,132996,149834,168478,1
33306,25397,48770,58703,82076,74167,1
72763,22848,81625,95611,154388,104473,1
55127,72331,68053,127458,123180,140384,1
77881,98786,79324,176667,157205,178110,1
67108,64773,69176,131881,136284,133949,1
50441,87524,11781,137965,62222,99305,0
55190,50922,84680,106112,139870,135602,1
70051,1380,49632,71431,119683,51012,0
74078,15047,29860,89125,103938,44907,0
96835,63929,45751,160764,142586,109680,1
92405,26691,47303,119096,139708,73994,0
57983,51340,53242,109323,111225,104582,1
65116,23519,51132,88635,116248,74651,1
86185,26728,74377,112913,160562,101105,1
49704,25972,79483,75676,129187,105455,0
48054,92178,91463,140232,139517,183641,1
9386,88738,99835,98124,109221,188573,0
84078,38179,98976,122257,183054,137155,1
67545,82913,99964,150458,167509,182877,1
39918,86370,91402,126288,131320,177772,1
98205,30753,40625,128958,138830,71378,0
37926,75275,19455,113201,57381,94730,0
92855,84868,42172,177723,135027,127040,1
12916,20428,7570,33344,20486,27998,1
20942,73164,87500,94106,108442,160664,1
43427,85788,30047,129215,73474,115835,0
61844,12341,42325,74185,104169,54666,0
79678,65019,1010,144697,80688,66029,0
43347,85278,96738,128625,140085,182016,1
96885,79489,88018,176374,184903,167507,1
62261,52795,95111,115056,157372,147906,1
55637,2488,58086,58125,113723,60574,1
74475,89114,33811,163589,108286,122925,1
21091,490,64826,21581,85917,65316,0
2430,66829,78649,69259,81079,145478,0
42846,91588,63934,134434,106780,155522,1
12437,76490,61034,88927,73471,137524,0
15769,53774,63844,69543,79613,117618,1
59603,88348,21443,147951,81046,109791,0
97208,39720,74296,136928,171504,114016,1
57230,88906,70125,146136,127355,159031,1
14619,79927,6684,94546,21303,86611,0
81365,92652,85149,174017,166514,177801,1
24730,84929,40112,109659,64842,125041,0
22669,2386,26189,25055,48858,28575,0
14643,72916,84699,87559,99342,157615,1
27022,93235,96624,120257,123646,189859,1
67247,37681,66839,104928,134086,104520,1
57015,6367,21680,63382,78695,28047,0
25638,86204,25550,111842,51188,111754,0
64281,13381,38117,77662,102398,51498,0
3765,17401,16396,21166,20161,33797,1
35445,98276,24594,133721,60039,122870,0
42866,6400,93389,49266,136255,99789,0
73150,66582,53549,139732,126699,120131,1
94577,98383,54926,192960,149503,153309,1
57196,48018,56085,105214,113281,104103,1
82462,40487,40708,122949,123170,81195,0
88829,72247,43948,161076,132777,116195,1
6977,17608,84255,24585,91232,101863,0
5676,33736,5780,39412,11456,39516,0
74000,30021,71368,104021,145368,101389,1
94385,68802,59054,163187,153439,127856,1
96693,15816,23879,112509,120572,39695,0
20134,79522,45923,99656,66057,125445,0
67277,12105,40016,79382,107293,52121,0
10873,92889,44966,103762,55839,137855,0
98524,23765,32709,122289,131233,56474,0
60312,75503,97496,135815,157808,172999,1
20974,75255,98725,96229,119699,173980,0
46033,29217,26477,75250,72510,55694,1
86412,51307,48500,137719,134912,99807,1
51970,61675,42534,113645,94504,104209,1
85834,69441,4554,155275,90388,73995,0
85486,29090,88793,114576,174279,117883,1
31718,12044,914,43762,32632,12958,0
83966,99251,94555,183217,178521,193806,1
10555,36893,43087,47448,53642,79980,1
21335,70161,66872,91496,88207,137033,1
40922,31641,43364,72563,84286,75005,1
86510,64850,18982,151360,105492,83832,0
97278,65451,44691,162729,141969,110142,1
36268,55508,75719,91776,111987,131227,1
87110,60263,47738,147373,134848,108001,1
31116,18798,50436,49914,81552,69234,0
44392,24267,15524,68659,59916,39791,0
88492,99350,3688,187842,92180,103038,0
72471,78612,39297,151083,111768,117909,1
76725,74795,34232,151520,110957,109027,1
5042,35666,24165,40708,29207,59831,0
22368,57683,24667,80051,47035,82350,0
62139,42852,9419,104991,71558,52271,0
41693,8875,30529,50568,72222,39404,0
66718,77806,79781,144524,146499,157587,1
9189,50917,7928,60106,17117,58845,0
65003,75957,90261,140960,155264,166218,1
88416,49714,5382,138130,93798,55096,0
53624,14166,53445,67790,107069,67611,1
94110,37463,36985,131573,131095,74448,0
32104,3986,81309,36090,113413,85295,0
55561,85338,72449,140899,128010,157787,1
76619,6326,57554,82945,134173,63880,0
75532,60767,36831,136299,112363,97598,1
80049,56307,37120,136356,117169,93427,1
34742,51667,95042,86409,129784,146709,0
72943,97490,67773,170433,140716,165263,1
20156,51700,23631,71856,43787,75331,0
78385,23832,46152,102217,124537,69984,0
1695,49579,37085,51274,38780,86664,0
25021,50136,50471,75157,75492,100607,1
90852,1239,63581,92091,154433,64820,0
13032,12401,27878,25433,40910,40279,0
65797,23897,52313,89694,118110,76210,1
29850,39167,90025,69017,119875,129192,0
52846,33650,1055,86496,53901,34705,0
78755,60299,41254,139054,120009,101553,1
43522,83808,27016,127330,70538,110824,0
2728,34026,73370,36754,76098,107396,0
3177,76525,43708,79702,46885,120233,0
45917,6174,77132,52091,123049,83306,0
35167,26699,42925,61866,78092,69624,1
51944,91547,55008,143491,106952,146555,1
14563,52777,33620,67340,48183,86397,0
11355,76712,66730,88067,78085,143442,1
94814,32665,80921,127479,175735,113586,1
89960,5195,42832,95155,132792,48027,0
31691,37291,16717,68982,48408,54008,1
40737,33803,98889,74540,139626,132692,0
87949,18400,65128,106349,153077,83528,0
67135,46349,50837,113484,117972,97186,1
56516,78974,53443,135490,109959,132417,1
55139,97530,98327,152669,153466,195857,1
65669,14115,70444,79784,136113,84559,1
52366,86554,58177,138920,110543,144731,1
68760,61628,93251,130388,162011,154879,1
64954,54772,90151,119726,155105,144923,1
40374,25227,92826,65601,133200,118053,0
87563,84904,22291,172467,109854,107195,1
19704,10402,94920,30106,114624,105322,0
82334,62383,60802,144717,143136,123185,1
30141,47497,45997,77638,76138,93494,1
3481,83469,93218,86950,96699,176687,0
7676,90637,72343,98313,80019,162980,0
42343,6952,30638,49295,72981,37590,0
48753,36189,25931,84942,74684,62120,1
33935,40462,92310,74397,126245,132772,0
17290,99728,83327,117018,100617,183055,1
66285,58768,32382,125053,98667,91150,1
99674,30733,15852,130407,115526,46585,0
5273,41133,56127,46406,61400,97260,0
34338,56931,80641,91269,114979,137572,1
56998,54256,14243,111254,71241,68499,1
12055,86728,52853,98783,64908,139581,0
90219,23824,18324,114043,108543,42148,0
57361,74839,99724,132200,157085,174563,1
56125,91463,60369,147588,116494,151832,1
62414,63549,99903,125963,162317,163452,1
19010,90740,60775,109750,79785,151515,0
74151,86844,39471,160995,113622,126315,1
11128,11308,30192,22436,41320,41500,0
76881,69318,77925,146199,154806,147243,1
72106,67986,79949,140092,152055,147935,1
60593,9900,85973,70493,146566,95873,0
99167,42980,56957,142147,156124,99937,1
60048,4627,26294,64675,86342,30921,0
86767,30459,35665,117226,122432,66124,0
20045,41866,75799,61911,95844,117665,0
49330,88778,5272,138108,54602,94050,0
14336,67425,80599,81761,94935,148024,1
21702,271,38831,21973,60533,39102,0
27169,4251,25821,31420,52990,30072,1
86824,27504,12117,114328,98941,39621,0
18410,66801,26559,85211,44969,93360,0
66295,20863,50208,87158,116503,71071,1
95224,16600,31568,111824,126792,48168,0
33123,23784,99239,56907,132362,123023,0
4807,48926,96465,53733,101272,145391,0
72351,82960,95556,155311,167907,178516,1
77049,19122,79313,96171,156362,98435,1
53815,58623,28055,112438,81870,86678,1
85996,47849,27633,133845,113629,75482,0
30808,66809,81348,97617,112156,148157,1
50138,92253,70605,142391,120743,162858,1
36335,32795,10621,69130,46956,43416,1
76929,18509,67355,95438,144284,85864,1
49837,56691,39398,106528,89235,96089,1
90160,21617,55351,111777,145511,76968,0
72811,62659,76920,135470,149731,139579,1
80316,53742,41949,134058,122265,95691,1
31408,28888,89971,60296,121379,118859,0
23959,66731,70269,90690,94228,137000,1
47866,83537,18076,131403,65942,101613,0
74527,10018,80242,84545,154769,90260,1
1262,86299,90365,87561,91627,176664,0
27240,14748,93049,41988,120289,107797,0
10097,1041,36823,11138,46920,37864,0
33860,68213,11879,102073,45739,80092,0
15281,77118,42179,92399,57460,119297,0
82414,45562,47199,127976,129613,92761,1
5547,9948,6509,15495,12056,16457,1
91883,1854,33979,93737,125862,35833,0
35811,9655,30735,45466,66546,40390,1
19492,17047,94808,36539,114300,111855,0
10464,89649,69332,100113,79796,158981,0
66174,24872,70020,91046,136194,94892,1
27790,41570,97807,69360,125597,139377,0
56454,44886,67905,101340,124359,112791,1
36867,49481,55307,86348,92174,104788,1
76240,82302,89208,158542,165448,171510,1
94647,23691,97800,118338,192447,121491,1
7716,7001,52516,14717,60232,59517,0
39172,73733,91910,112905,131082,165643,1
39903,15304,41738,55207,81641,57042,1
73862,41022,37707,114884,111569,78729,1
76759,80403,81589,157162,158348,161992,1
23007,81210,10757,104217,33764,91967,0
97708,61473,22715,159181,120423,84188,0
69770,52512,38784,122282,108554,91296,1
25881,75861,64212,101742,90093,140073,1
51417,88333,45942,139750,97359,134275,1
45280,75900,41810,121180,87090,117710,1
61140,3794,49811,64934,110951,53605,0
82992,80529,71315,163521,154307,151844,1
54244,30056,56113,84300,110357,86169,1
44376,81823,90261,126199,134637,172084,1
42575,63910,17155,106485,59730,81065,0
21378,88592,49830,109970,71208,138422,0
40858,62426,78029,103284,118887,140455,1
19014,75499,45169,94513,64183,120668,0
90767,54945,83203,145712,173970,138148,1
68150,39729,30130,107879,98280,69859,1
74951,22599,14279,97550,89230,36878,0
44500,2313,95868,46813,140368,98181,0
28786,49164,3887,77950,32673,53051,0
26778,6003,29780,32781,56558,35783,1
59172,96294,289,155466,59461,96583,0
79606,73096,43990,152702,123596,117086,1
58022,62633,79384,120655,137406,142017,1
67868,36081,91036,103949,158904,127117,1
17935,26656,5809,44591,23744,32465,0
9572,47209,53750,56781,63322,100959,1
54453,5761,43165,60214,97618,48926,0
46843,48876,96166,95719,143009,145042,0
25104,29339,17926,54443,43030,47265,1
71315,71870,7641,143185,78956,79511,1
94361,38755,43165,133116,137526,81920,0
84892,97483,79729,182375,164621,177212,1
2817,51586,94116,54403,96933,145702,0
78044,64605,21231,142649,99275,85836,1
26610,88754,44832,115364,71442,133586,0
20254,196,60257,20450,80511,60453,0
38365,73258,22513,111623,60878,95771,0
20817,8131,79222,28948,100039,87353,0
63407,52793,91392,116200,154799,144185,1
42343,94024,88842,136367,131185,182866,1
71094,94090,1732,165184,72826,95822,0
98133,65343,46988,163476,145121,112331,1
2586,66500,1828,69086,4414,68328,0
88092,11799,41109,99891,129201,52908,0
30543,79057,25184,109600,55727,104241,0
38024,20358,8512,58382,46536,28870,0
22314,18600,87343,40914,109657,105943,0
71244,82769,3660,154013,74904,86429,0
30401,78715,53136,109116,83537,131851,1
17286,47195,30886,64481,48172,78081,1
14987,67823,92362,82810,107349,160185,0
39780,51275,61198,91055,100978,112473,1
70913,65595,20746,136508,91659,86341,1
22734,21596,29730,44330,52464,51326,1
54064,5213,70653,59277,124717,75866,0
77211,80435,37276,157646,114487,117711,1
97163,87470,58973,184633,156136,146443,1
30771,60369,49534,91140,80305,109903,1
86949,28597,26765,115546,113714,55362,0
85511,15805,28825,101316,114336,44630,0
31054,27321,87397,58375,118451,114718,0
52823,72707,27063,125530,79886,99770,1
8278,84722,5475,93000,13753,90197,0
34454,66666,16720,101120,51174,83386,0
65362,99979,26415,165341,91777,126394,0
22843,58993,74662,81836,97505,133655,1
24822,41842,80375,66664,105197,122217,0
1982,65979,23954,67961,25936,89933,0
76025,87135,83565,163160,159590,170700,1
11265,86079,39569,97344,50834,125648,0
10130,6321,29388,16451,39518,35709,0
1159,40180,36326,41339,37485,76506,0
75223,87133,17373,162356,92596,104506,1
68047,84931,61125,152978,129172,146056,1
53897,98863,40094,152760,93991,138957,0
85150,83440,88441,168590,173591,171881,1
25950,57513,76896,83463,102846,134409,1
79174,49356,69086,128530,148260,118442,1
66504,65589,30364,132093,96868,95953,1
53806,37630,29862,91436,83668,67492,1
98983,35932,37948,134915,136931,73880,0
88990,154,90002,89144,178992,90156,0
82374,33148,93901,115522,176275,127049,1
84586,23890,74891,108476,159477,98781,1
8261,66297,88439,74558,96700,154736,0
38496,95492,50830,133988,89326,146322,0
74327,10657,92661,84984,166988,103318,0
69697,90305,81697,160002,151394,172002,1
17459,92572,11354,110031,28813,103926,0
95213,80955,85050,176168,180263,166005,1
10956,30843,19600,41799,30556,50443,0
14534,31308,70357,45842,84891,101665,0
96216,13593,40445,109809,136661,54038,0
3257,52100,9209,55357,12466,61309,0
52521,6371,6611,58892,59132,12982,0
98462,19475,1010,117937,99472,20485,0
7831,56273,82866,64104,90697,139139,0
45467,23181,9728,68648,55195,32909,0
71554,92621,6781,164175,78335,99402,0
11414,33484,19547,44898,30961,53031,0
3446,48204,17084,51650,20530,65288,0
54784,95830,63523,150614,118307,159353,1
61318,31424,80433,92742,141751,111857,1
10632,95276,42161,105908,52793,137437,0
48837,26586,93616,75423,142453,120202,0
89473,32962,15330,122435,104803,48292,0
57936,38669,98858,96605,156794,137527,0
6971,90435,31858,97406,38829,122293,0
69435,31614,13900,101049,83335,45514,0
62328,28558,34927,90886,97255,63485,1
14220,20611,59780,34831,74000,80391,0
22360,12693,63474,35053,85834,76167,0
79033,45457,29484,124490,108517,74941,0
44647,52380,90355,97027,135002,142735,1
32174,95284,70229,127458,102403,165513,1
50046,21231,46056,71277,96102,67287,1
49130,10116,68515,59246,117645,78631,0
96793,67016,15743,163809,112536,82759,0
90669,68137,47650,158806,138319,115787,1
68748,92733,97813,161481,166561,190546,1
26694,49041,60428,75735,87122,109469,1
72363,24713,64224,97076,136587,88937,1
17971,72876,85097,90847,103068,157973,1
40098,63646,84788,103744,124886,148434,1
86635,6393,59988,93028,146623,66381,0
80773,46988,66759,127761,147532,113747,1
45940,28651,11699,74591,57639,40350,0
73087,90766,25278,163853,98365,116044,1
67600,16040,18371,83640,85971,34411,0
71808,47689,57040,119497,128848,104729,1
92029,25850,58859,117879,150888,84709,0
38269,91232,50861,129501,89130,142093,0
7362,99959,94510,107321,101872,194469,1
93663,2694,41065,96357,134728,43759,0
98020,92618,49792,190638,147812,142410,1
22001,71632,7861,93633,29862,79493,0
82785,3038,11631,85823,94416,14669,0
74023,34691,67284,108714,141307,101975,1
79754,90811,36636,170565,116390,127447,1
3136,45500,48491,48636,51627,93991,1
40866,30803,79119,71669,119985,109922,0
16686,41289,8821,57975,25507,50110,0
70381,56755,38882,127136,109263,95637,1
6321,98019,31904,104340,38225,129923,0
62094,843,34024,62937,96118,34867,0
65013,59186,78654,124199,143667,137840,1
7615,74132,71593,81747,79208,145725,1
61904,43519,18161,105423,80065,61680,0
44492,54746,93047,99238,137539,147793,1
62138,62860,88040,124998,150178,150900,1
20094,64653,65262,84747,85356,129915,1
60882,43155,13665,104037,74547,56820,0
15802,70049,66132,85851,81934,136181,1
52528,68855,59468,121383,111996,128323,1
83825,69641,18923,153466,102748,88564,1
60150,30964,5656,91114,65806,36620,0
83071,29021,79398,112092,162469,108419,1
43918,85223,34388,129141,78306,119611,0
54905,23641,54554,78546,109459,78195,1
71708,99918,76260,171626,147968,176178,1
84378,77538,86933,161916,171311,164471,1
84928,99299,27717,184227,112645,127016,1
85754,71182,74675,156936,160429,145857,1
18103,60126,75485,78229,93588,135611,1
28665,18136,7373,46801,36038,25509,0
88250,70653,69953,158903,158203,140606,1
39345,59694,1062,99039,40407,60756,0
74418,39169,46228,113587,120646,85397,1
7450,88979,27352,96429,34802,116331,0
9969,39748,49647,49717,59616,89395,1
80329,96416,90418,176745,170747,186834,1
91385,1778,99297,93163,190682,101075,0
65954,4432,38670,70386,104624,43102,0
90252,98370,23627,188622,113879,121997,1
2164,73125,6042,75289,8206,79167,0
43694,84727,22297,128421,65991,107024,0
77209,89140,80074,166349,157283,169214,1
80169,65302,44397,145471,124566,109699,1
35692,62761,32196,98453,67888,94957,1
88120,24292,2458,112412,90578,26750,0
44658,51949,79894,96607,124552,131843,1
22434,99567,80480,122001,102914,180047,1
17873,48861,98797,66734,116670,147658,0
35325,38510,10294,73835,45619,48804,1
59805,78230,88078,138035,147883,166308,1
17550,87415,61848,104965,79398,149263,0
61726,80951,30266,142677,91992,111217,1
21919,7160,21342,29079,43261,28502,1
88118,4463,5184,92581,93302,9647,0
81909,20110,9102,102019,91011,29212,0
55450,49975,17476,105425,72926,67451,1
58588,60409,32745,118997,91333,93154,1
55435,25617,59380,81052,114815,84997,1
76706,9349,597,86055,77303,9946,0
33177,33172,43819,66349,76996,76991,1
86971,30185,3383,117156,90354,33568,0
46458,94547,78106,141005,124564,172653,1
5224,55627,71747,60851,76971,127374,0
41954,53411,33233,95365,75187,86644,1
73612,81934,1111,155546,74723,83045,0
45462,54818,21681,100280,67143,76499,1
35725,71683,87203,107408,122928,158886,1
37662,69610,14446,107272,52108,84056,0
6434,34305,36649,40739,43083,70954,1
64220,9736,96142,73956,160362,105878,0
28689,64237,52922,92926,81611,117159,1
89236,20185,33010,109421,122246,53195,0
53345,94265,4147,147610,57492,98412,0
73040,57280,75861,130320,148901,133141,1
33005,34364,98383,67369,131388,132747,0
87038,91880,16547,178918,103585,108427,1
70638,35493,42350,106131,112988,77843,1
30382,30519,23272,60901,53654,53791,1
88169,36704,52223,124873,140392,88927,1
41131,33977,65167,75108,106298,99144,1
12354,21898,47913,34252,60267,69811,0
45187,95844,66776,141031,111963,162620,1
45543,87693,87494,133236,133037,175187,1
29460,86640,65889,116100,95349,152529,1
34431,98474,92860,132905,127291,191334,1
28973,70959,95048,99932,124021,166007,1
37931,8301,96136,46232,134067,104437,0
6614,47677,22262,54291,28876,69939,0
76282,41746,15473,118028,91755,57219,0
85457,35641,34296,121098,119753,69937,0
47427,27844,11435,75271,58862,39279,0
80488,75776,14007,156264,94495,89783,1
44498,5974,55910,50472,100408,61884,0
18654,42023,59618,60677,78272,101641,1
35405,24334,31154,59739,66559,55488,1
87884,44273,13608,132157,101492,57881,0
47725,68103,42077,115828,89802,110180,1
51098,97676,22232,148774,73330,119908,0
33925,98688,95068,132613,128993,193756,1
68705,6993,60145,75698,128850,67138,0
9011,59016,95305,68027,104316,154321,0
13396,83096,23544,96492,36940,106640,0
17568,56212,75953,73780,93521,132165,0
71175,71450,98539,142625,169714,169989,1
29610,77760,19982,107370,49592,97742,0
47728,59756,43307,107484,91035,103063,1
10324,62045,43483,72369,53807,105528,0
57352,4105,85786,61457,143138,89891,0
92826,58255,26203,151081,119029,84458,0
44556,27890,52648,72446,97204,80538,1
56494,79910,41175,136404,97669,121085,1
34309,34698,75955,69007,110264,110653,0
48277,34699,1163,82976,49440,35862,0
77368,50150,40404,127518,117772,90554,1
21266,63131,96158,84397,117424,159289,0
66172,49963,15224,116135,81396,65187,0
66534,98153,4094,164687,70628,102247,0
21844,65818,2325,87662,24169,68143,0
41990,89627,23164,131617,65154,112791,0
30783,74818,40447,105601,71230,115265,0
51565,58931,25842,110496,77407,84773,1
47995,27065,595,75060,48590,27660,0
50390,11631,15992,62021,66382,27623,0
85560,4920,78580,90480,164140,83500,0
27466,50458,75047,77924,102513,125505,1
52092,8541,18965,60633,71057,27506,0
88727,66946,67568,155673,156295,134514,1
6657,25346,37896,32003,44553,63242,0
7027,55537,36899,62564,43926,92436,0
93202,29607,43929,122809,137131,73536,0
7088,28067,63656,35155,70744,91723,0
56778,29497,66648,86275,123426,96145,1
72291,75026,23781,147317,96072,98807,1
5108,70155,45309,75263,50417,115464,0
10355,86689,55630,97044,65985,142319,0
38616,28168,89673,66784,128289,117841,0
94746,5693,2748,100439,97494,8441,0
80775,93672,89404,174447,170179,183076,1
17181,21381,42290,38562,59471,63671,0
81792,57741,91649,139533,173441,149390,1
53473,41921,53390,95394,106863,95311,1
24745,10185,49204,34930,73949,59389,0
64676,58951,73265,123627,137941,132216,1
23451,86835,57143,110286,80594,143978,0
99536,62323,37867,161859,137403,100190,1
79042,83674,8006,162716,87048,91680,1
13952,82737,59021,96689,72973,141758,0
90144,72524,51522,162668,141666,124046,1
28133,12290,31096,40423,59229,43386,1
60518,76974,2707,137492,63225,79681,0
21039,5537,63113,26576,84152,68650,0
47370,94352,9373,141722,56743,103725,0
96649,48900,79682,145549,176331,128582,1
86884,17262,93544,104146,180428,110806,1
32206,795,99798,33001,132004,100593,0
44933,92622,65748,137555,110681,158370,1
67367,21860,54333,89227,121700,76193,1
22370,69371,20894,91741,43264,90265,0
36224,36796,73313,73020,109537,110109,0
21585,87725,87138,109310,108723,174863,1
66304,88712,52371,155016,118675,141083,1
41045,33442,66578,74487,107623,100020,1
68995,92124,99764,161119,168759,191888,1
11993,61727,68085,73720,80078,129812,1
33850,70638,82557,104488,116407,153195,1
84068,4791,31213,88859,115281,36004,0
95953,22060,56883,118013,152836,78943,0
85147,66782,79398,151929,164545,146180,1
75593,59061,87829,134654,163422,146890,1
18,60967,71164,60985,71182,132131,0
78919,45283,54046,124202,132965,99329,1
58868,22754,47243,81622,106111,69997,1
92932,31129,56367,124061,149299,87496,0
8270,12336,94422,20606,102692,106758,0
87306,64590,47086,151896,134392,111676,1
26213,49260,23817,75473,50030,73077,1
14775,22539,2283,37314,17058,24822,0
91449,85018,49547,176467,140996,134565,1
54858,76534,42808,131392,97666,119342,1
30383,25720,32510,56103,62893,58230,1
4546,807,75697,5353,80243,76504,0
41196,26703,31934,67899,73130,58637,1
47120,80908,26480,128028,73600,107388,0
9033,60848,75312,69881,84345,136160,0
65251,54856,75645,120107,140896,130501,1
60165,61692,20550,121857,80715,82242,1
69393,65435,21542,134828,90935,86977,1
65868,86321,40866,152189,106734,127187,1
46055,50980,36001,97035,82056,86981,1
78662,91659,58221,170321,136883,149880,1
93467,53256,34281,146723,127748,87537,0
38980,4616,68444,43596,107424,73060,0
63643,59650,75645,123293,139288,135295,1
13769,43415,8526,57184,22295,51941,0
70776,31227,68060,102003,138836,99287,1
98263,22850,60309,121113,158572,83159,0
29834,4760,87867,34594,117701,92627,0
94977,77352,83163,172329,178140,160515,1
83915,92758,74588,176673,158503,167346,1
13176,70136,56648,83312,69824,126784,0
57199,96970,30508,154169,87707,127478,0
18917,64324,85852,83241,104769,150176,0
66267,87605,52017,153872,118284,139622,1
66404,44756,37801,111160,104205,82557,1
50606,90705,96738,141311,147344,187443,1
20735,45851,32195,66586,52930,78046,1
63650,26411,95877,90061,159527,122288,0
53141,52054,73881,105195,127022,125935,1
69739,19083,3617,88822,73356,22700,0
63177,9164,86598,72341,149775,95762,0
26795,40526,1851,67321,28646,42377,0
82359,21421,96496,103780,178855,117917,1
35419,47982,76268,83401,111687,124250,1
59745,28705,26331,88450,86076,55036,0
30667,12364,75670,43031,106337,88034,0
60905,29858,86709,90763,147614,116567,1
29434,55399,15208,84833,44642,70607,0
19861,49854,24437,69715,44298,74291,0
55301,85058,22852,140359,78153,107910,0
23336,56012,79069,79348,102405,135081,1
36969,2992,21765,39961,58734,24757,0
33479,97995,68304,131474,101783,166299,1
4666,69237,41250,73903,45916,110487,0
5983,40168,60296,46151,66279,100464,0
61125,78814,94735,139939,155860,173549,1
46540,13241,24108,59781,70648,37349,0
67666,21397,8674,89063,76340,30071,0
59839,36132,20978,95971,80817,57110,0
61746,19744,43333,81490,105079,63077,1
64456,7199,50610,71655,115066,57809,0
32608,39682,78557,72290,111165,118239,0
67262,4724,53495,71986,120757,58219,0
42389,47777,8557,90166,50946,56334,1
47390,50706,83138,98096,130528,133844,1
73813,60453,2235,134266,76048,62688,0
38874,2401,4994,41275,43868,7395,0
75727,85171,58399,160898,134126,143570,1
10077,44906,9450,54983,19527,54356,0
74720,49925,59830,124645,134550,109755,1
25292,74353,68287,99645,93579,142640,1
67234,6622,30085,73856,97319,36707,0
63037,36322,17417,99359,80454,53739,0
49675,56617,75231,106292,124906,131848,1
95204,7768,32661,102972,127865,40429,0
18970,99727,9685,118697,28655,109412,0
57926,72848,81574,130774,139500,154422,1
68434,14455,64631,82889,133065,79086,1
51990,79934,93802,131924,145792,173736,1
15013,13653,50531,28666,65544,64184,0
82697,46443,16581,129140,99278,63024,0
37119,59283,88811,96402,125930,148094,1
54630,93153,61514,147783,116144,154667,1
74467,21469,38270,95936,112737,59739,0
88312,82259,27611,170571,115923,109870,1
56741,11138,10393,67879,67134,21531,0
19412,23150,76582,42562,95994,99732,0
65715,73556,67305,139271,133020,140861,1
98250,41476,99815,139726,198065,141291,1
80056,81398,84454,161454,164510,165852,1
75707,39141,3142,114848,78849,42283,0
6729,47536,78498,54265,85227,126034,0
69685,47153,57617,116838,127302,104770,1
81918,44016,13375,125934,95293,57391,0
94712,44401,73330,139113,168042,117731,1
78185,70481,95535,148666,173720,166016,1
25304,14878,587,40182,25891,15465,0
94973,47071,90114,142044,185087,137185,1
20896,97518,74333,118414,95229,171851,0
14714,8971,51848,23685,66562,60819,0
44673,21027,65903,65700,110576,86930,0
89747,5915,60013,95662,149760,65928,0
95154,70735,34746,165889,129900,105481,1
9362,89494,4378,98856,13740,93872,0
94317,51465,8132,145782,102449,59597,0
63498,12151,74586,75649,138084,86737,1
58763,37298,21366,96061,80129,58664,0
9745,70290,6895,80035,16640,77185,0
77996,12542,8072,90538,86068,20614,0
80514,3983,6089,84497,86603,10072,0
69939,52695,12185,122634,82124,64880,0
84199,20025,35510,104224,119709,55535,0
37110,65720,62783,102830,99893,128503,1
76619,67857,81936,144476,158555,149793,1
33076,17950,67844,51026,100920,85794,0
12827,5594,45764,18421,58591,51358,0
62616,79984,91874,142600,154490,171858,1
39149,68533,37511,107682,76660,106044,1
20167,43485,48801,63652,68968,92286,1
15054,11366,13819,26420,28873,25185,1
473,21346,28064,21819,28537,49410,0
13841,42435,42896,56276,56737,85331,1
81477,6955,14241,88432,95718,21196,0
5959,7941,31564,13900,37523,39505,0
67685,30867,37193,98552,104878,68060,1
51731,10793,97912,62524,149643,108705,0
29402,81197,90056,110599,119458,171253,1
97695,24615,93510,122310,191205,118125,1
77552,81144,87287,158696,164839,168431,1
31939,65838,47176,97777,79115,113014,1
16463,65225,6854,81688,23317,72079,0
96043,88166,84450,184209,180493,172616,1
23911,65593,6750,89504,30661,72343,0
98784,71138,49557,169922,148341,120695,1
52669,32377,12141,85046,64810,44518,0
75450,1444,39414,76894,114864,40858,0
46020,63509,94710,109529,140730,158219,1
96364,95660,56123,192024,152487,151783,1
11875,79627,76244,91502,88119,155871,1
48849,79855,70114,128704,118963,149969,1
90423,16521,10801,106944,101224,27322,0
22775,96690,36184,119465,58959,132874,0
63819,72488,93734,136307,157553,166222,1
10663,5814,96057,16477,106720,101871,0
80010,1611,24822,81621,104832,26433,0
10152,37943,64113,48095,74265,102056,0
71929,85357,97241,157286,169170,182598,1
56647,49068,1805,105715,58452,50873,0
60723,58494,70663,119217,131386,129157,1
45875,37010,75934,82885,121809,112944,1
10061,26056,83849,36117,93910,109905,0
78957,17596,14332,96553,93289,31928,0
60513,51774,93167,112287,153680,144941,1
15377,89970,51656,105347,67033,141626,0
62320,84061,64323,146381,126643,148384,1
42564,15510,87999,58074,130563,103509,0
63286,66432,12814,129718,76100,79246,1
65408,55984,27296,121392,92704,83280,1
97532,85095,92409,182627,189941,177504,1
12237,42461,54034,54698,66271,96495,1
4744,76948,96652,81692,101396,173600,0
7484,58877,72901,66361,80385,131778,0
62972,65341,80344,128313,143316,145685,1
34400,69542,28088,103942,62488,97630,0
8424,96295,94946,104719,103370,191241,1
6860,61691,80858,68551,87718,142549,0
69097,60720,38067,129817,107164,98787,1
32137,14222,20528,46359,52665,34750,1
40875,30977,71638,71852,112513,102615,1
70140,33926,94252,104066,164392,128178,1
42391,58478,20471,100869,62862,78949,1
14847,70496,3510,85343,18357,74006,0
36133,91434,94486,127567,130619,185920,1
48025,98098,86330,146123,134355,184428,1
35686,28130,17767,63816,53453,45897,1
27277,11923,67405,39200,94682,79328,0
47696,5452,83908,53148,131604,89360,0
39797,22682,25493,62479,65290,48175,1
63149,39343,79660,102492,142809,119003,1
27904,46939,5417,74843,33321,52356,0
63010,40580,4261,103590,67271,44841,0
58416,43220,8294,101636,66710,51514,0
25212,31508,8108,56720,33320,39616,1
98867,8439,69488,107306,168355,77927,0
7981,75801,52596,83782,60577,128397,0
60321,37915,33561,98236,93882,71476,1
43870,47854,96151,91724,140021,144005,0
32971,14646,50073,47617,83044,64719,0
73442,55826,40921,129268,114363,96747,1
837,49301,80516,50138,81353,129817,0
71907,14386,83945,86293,155852,98331,1
95361,28576,85053,123937,180414,113629,1
27899,75826,72923,103725,100822,148749,1
56055,36870,88535,92925,144590,125405,1
70388,59068,89391,129456,159779,148459,1
37419,21993,51307,59412,88726,73300,1
69765,9579,63346,79344,133111,72925,1
27652,26401,22523,54053,50175,48924,1
91440,6684,41832,98124,133272,48516,0
14515,46529,33864,61044,48379,80393,1
67962,86207,10522,154169,78484,96729,0
83454,51617,55208,135071,138662,106825,1
50897,50100,74316,100997,125213,124416,1
87996,53203,29535,141199,117531,82738,0
22900,90820,45424,113720,68324,136244,0
45733,83811,24860,129544,70593,108671,0
31134,37199,77729,68333,108863,114928,0
53262,14961,4759,68223,58021,19720,0
10277,76234,89131,86511,99408,165365,0
17172,28741,91375,45913,108547,120116,0
27261,46168,39566,73429,66827,85734,1
47289,41309,81374,88598,128663,122683,1
89442,15436,22355,104878,111797,37791,0
85269,39013,41838,124282,127107,80851,0
42135,5258,8490,47393,50625,13748,0
97129,34987,57747,132116,154876,92734,0
15552,94907,61560,110459,77112,156467,0
16715,20561,19130,37276,35845,39691,1
9461,83722,55371,93183,64832,139093,0
44553,81845,62207,126398,106760,144052,1
58918,853,42861,59771,101779,43714,0
89212,25701,84810,114913,174022,110511,1
36742,80357,18705,117099,55447,99062,0
44609,73681,26787,118290,71396,100468,0
67018,56479,68541,123497,135559,125020,1
69474,7063,20451,76537,89925,27514,0
55106,45698,18358,100804,73464,64056,1
14499,5445,20568,19944,35067,26013,0
70257,77684,71526,147941,141783,149210,1
39551,44614,1849,84165,41400,46463,0
51138,87829,11950,138967,63088,99779,0
68379,25595,97811,93974,166190,123406,0
34940,1859,5711,36799,40651,7570,0
90746,29717,17842,120463,108588,47559,0
68881,70471,42619,139352,111500,113090,1
62631,94379,85623,157010,148254,180002,1
14418,40898,50693,55316,65111,91591,1
26160,9601,72845,35761,99005,82446,0
6637,68780,97481,75417,104118,166261,0
76868,66342,21603,143210,98471,87945,1
10492,96397,79874,106889,90366,176271,0
51517,28467,28792,79984,80309,57259,1
5553,50604,73651,56157,79204,124255,0
47346,97422,50225,144768,97571,147647,1
82263,63970,35359,146233,117622,99329,1
43428,43615,66077,87043,109505,109692,1
53499,65726,54574,119225,108073,120300,1
65460,29012,50244,94472,115704,79256,1
81674,19514,46263,101188,127937,65777,0
57511,33209,88483,90720,145994,121692,1
99438,14665,94208,114103,193646,108873,1
1666,75134,63373,76800,65039,138507,0
16961,61070,18308,78031,35269,79378,0
15741,65366,79116,81107,94857,144482,1
49084,79043,66432,128127,115516,145475,1
16688,81186,84302,97874,100990,165488,1
2779,14161,14122,16940,16901,28283,1
88395,14904,2627,103299,91022,17531,0
67862,43804,45495,111666,113357,89299,1
23912,66744,97066,90656,120978,163810,0
50649,65242,81384,115891,132033,146626,1
66906,38680,23471,105586,90377,62151,0
42027,64155,39635,106182,81662,103790,1
86996,45080,14821,132076,101817,59901,0
65320,83309,36337,148629,101657,119646,1
92171,46362,94537,138533,186708,140899,1
28011,7114,81763,35125,109774,88877,0
22610,64166,89069,86776,111679,153235,0
25669,20894,88024,46563,113693,108918,0
23582,9884,92646,33466,116228,102530,0
37686,73776,90747,111462,128433,164523,1
30076,33353,61664,63429,91740,95017,1
73999,9034,3492,83033,77491,12526,0
75857,25437,62593,101294,138450,88030,1
44693,32389,77876,77082,122569,110265,0
40479,95435,92967,135914,133446,188402,1
52673,25677,96312,78350,148985,121989,0
31488,58512,34788,90000,66276,93300,1
29799,46979,92266,76778,122065,139245,0
10969,45534,42583,56503,53552,88117,1
35044,21268,14679,56312,49723,35947,1
83814,83383,68522,167197,152336,151905,1
31992,32522,66048,64514,98040,98570,0
22105,56919,13845,79024,35950,70764,0
65320,36865,4029,102185,69349,40894,0
13043,52934,46198,65977,59241,99132,1
76648,32874,75631,109522,152279,108505,1
67986,57993,92287,125979,160273,150280,1
84717,77292,18955,162009,103672,96247,1
64517,96000,86173,160517,150690,182173,1
46829,3057,48682,49886,95511,51739,1
16109,41869,31541,57978,47650,73410,1
74873,75523,55899,150396,130772,131422,1
45752,81236,41386,126988,87138,122622,1
5867,1864,58422,7731,64289,60286,0
98544,50052,40389,148596,138933,90441,0
71266,51142,68310,122408,139576,119452,1
69772,15759,65459,85531,135231,81218,1
98961,56310,80380,155271,179341,136690,1
79263,77718,74919,156981,154182,152637,1
89119,48732,7738,137851,96857,56470,0
19767,41,41040,19808,60807,41081,0
88707,14137,47508,102844,136215,61645,0
92463,93670,99917,186133,192380,193587,1
47248,57508,16096,104756,63344,73604,1
46929,37459,17275,84388,64204,54734,1
41128,29211,8522,70339,49650,37733,0
86283,31439,70745,117722,157028,102184,1
50265,33409,46939,83674,97204,80348,1
70094,96538,23834,166632,93928,120372,0
14246,91991,75384,106237,89630,167375,0
10223,8657,1641,18880,11864,10298,1
33424,39757,7224,73181,40648,46981,1
21833,71983,29285,93816,51118,101268,0
13968,70830,44839,84798,58807,115669,0
25740,61974,64880,87714,90620,126854,1
33209,57513,95040,90722,128249,152553,0
42136,19993,59290,62129,101426,79283,1
21372,32467,95100,53839,116472,127567,0
49250,64558,15034,113808,64284,79592,0
66111,16048,3140,82159,69251,19188,0
64711,1104,68917,65815,133628,70021,0
97166,24233,96788,121399,193954,121021,1
85979,54903,42931,140882,128910,97834,1
98628,70034,93996,168662,192624,164030,1
6146,12158,99281,18304,105427,111439,0
70129,10641,22919,80770,93048,33560,0
6052,60048,67840,66100,73892,127888,0
93519,55337,94025,148856,187544,149362,1
12545,15958,66111,28503,78656,82069,0
99237,88011,39265,187248,138502,127276,1
75008,71961,49569,146969,124577,121530,1
72043,93621,68926,165664,140969,162547,1
36244,39221,59865,75465,96109,99086,1
89056,85433,62349,174489,151405,147782,1
83120,85022,14693,168142,97813,99715,1
37632,94718,54887,132350,92519,149605,0
83429,41964,33958,125393,117387,75922,0
84112,74252,63084,158364,147196,137336,1
93953,64953,24905,158906,118858,89858,0
55295,92122,30606,147417,85901,122728,0
97270,73207,11348,170477,108618,84555,0
93671,8547,1360,102218,95031,9907,0
5295,25708,41761,31003,47056,67469,0
51560,3376,4789,54936,56349,8165,0
41811,4730,21522,46541,63333,26252,0
97534,67493,16894,165027,114428,84387,0
50483,45283,20401,95766,70884,65684,1
38088,37187,23717,75275,61805,60904,1
94802,4222,17112,99024,111914,21334,0
69667,73385,64393,143052,134060,137778,1
23626,71004,43798,94630,67424,114802,0
80336,12216,73736,92552,154072,85952,1
10960,12814,94756,23774,105716,107570,0
24173,87919,24608,112092,48781,112527,0
11458,50774,85631,62232,97089,136405,0
17277,33351,40228,50628,57505,73579,1
41806,48794,78492,90600,120298,127286,1
8957,61167,48620,70124,57577,109787,0
68641,72793,16185,141434,84826,88978,1
46079,51452,38529,97531,84608,89981,1
25764,75612,57643,101376,83407,133255,1
47302,81646,93901,128948,141203,175547,1
15732,6582,72749,22314,88481,79331,0
80884,47843,19992,128727,100876,67835,0
6922,97141,6351,104063,13273,103492,0
42184,25266,46837,67450,89021,72103,1
28508,69548,36155,98056,64663,105703,0
24520,82260,23992,106780,48512,106252,0
96228,24968,67771,121196,163999,92739,0
63124,80993,97654,144117,160778,178647,1
99064,72752,73218,171816,172282,145970,1
89869,3744,44353,93613,134222,48097,0
32372,40583,64103,72955,96475,104686,1
23524,34097,39748,57621,63272,73845,1
65412,52195,16617,117607,82029,68812,1
83427,60771,160,144198,83587,60931,0
29848,33746,43272,63594,73120,77018,1
22508,79218,31068,101726,53576,110286,0
25934,4566,70847,30500,96781,75413,0
13426,9998,62676,23424,76102,72674,0
39405,76119,25156,115524,64561,101275,0
48682,23007,21287,71689,69969,44294,0
23653,21914,51938,45567,75591,73852,0
39968,23089,29872,63057,69840,52961,1
54843,72092,15570,126935,70413,87662,0
54287,49164,78241,103451,132528,127405,1
23661,50636,71776,74297,95437,122412,1
66785,82250,19564,149035,86349,101814,1
59123,70067,29895,129190,89018,99962,1
47273,77563,62646,124836,109919,140209,1
78332,8417,62740,86749,141072,71157,0
81238,18657,84657,99895,165895,103314,1
34513,20755,59643,55268,94156,80398,0
80782,5831,85088,86613,165870,90919,1
25715,60496,95356,86211,121071,155852,0
28763,34044,30437,62807,59200,64481,1
27731,54171,79999,81902,107730,134170,1
33210,56145,95306,89355,128516,151451,0
60543,6836,54589,67379,115132,61425,1
49247,21546,54145,70793,103392,75691,1
79784,84734,17716,164518,97500,102450,1
16604,41330,12630,57934,29234,53960,0
89906,39676,33246,129582,123152,72922,0
76147,77478,94271,153625,170418,171749,1
4737,6837,53848,11574,58585,60685,0
79444,49335,13002,128779,92446,62337,0
17293,49277,44760,66570,62053,94037,1
90654,60056,15648,150710,106302,75704,0
54846,705,85415,55551,140261,86120,0
40039,71403,32311,111442,72350,103714,1
93241,13785,80870,107026,174111,94655,1
54168,14111,1382,68279,55550,15493,0
84253,97951,61368,182204,145621,159319,1
31697,95700,12428,127397,44125,108128,0
68708,17077,80195,85785,148903,97272,1
6837,12219,35154,19056,41991,47373,0
76276,75881,51225,152157,127501,127106,1
66192,90694,30155,156886,96347,120849,1
33263,53606,14000,86869,47263,67606,0
79917,88468,95883,168385,175800,184351,1
4064,81715,895,85779,4959,82610,0
45817,29637,86708,75454,132525,116345,0
93401,5366,49766,98767,143167,55132,0
7244,44234,99431,51478,106675,143665,0
22985,9119,95782,32104,118767,104901,0
70223,6497,48451,76720,118674,54948,0
96154,32034,98327,128188,194481,130361,1
33414,92253,49298,125667,82712,141551,0
43347,50711,30773,94058,74120,81484,1
33985,84619,429,118604,34414,85048,0
39085,70026,72970,109111,112055,142996,1
87282,47024,8119,134306,95401,55143,0
51399,72045,75068,123444,126467,147113,1
10564,28474,61759,39038,72323,90233,0
98495,71500,63462,169995,161957,134962,1
20633,50850,81345,71483,101978,132195,0
70007,8702,93564,78709,163571,102266,0
60704,60076,78362,120780,139066,138438,1
4694,71231,79761,75925,84455,150992,0
44925,69783,19956,114708,64881,89739,0
68041,9436,98073,77477,166114,107509,0
96457,55863,52191,152320,148648,108054,1
52641,78676,99309,131317,151950,177985,1
98368,24616,22995,122984,121363,47611,0
16474,12595,23890,29069,40364,36485,1
3398,46763,75817,50161,79215,122580,0
28135,27586,40335,55721,68470,67921,1
79126,59069,75171,138195,154297,134240,1
18892,58938,22072,77830,40964,81010,0
91130,45694,46250,136824,137380,91944,1
69608,59200,9643,128808,79251,68843,0
61146,30441,39244,91587,100390,69685,1
69533,49181,76779,118714,146312,125960,1
77759,31218,97869,108977,175628,129087,1
81158,90939,66201,172097,147359,157140,1
16855,30187,43946,47042,60801,74133,1
85122,51677,35788,136799,120910,87465,1
72411,28854,32437,101265,104848,61291,0
814,25862,12552,26676,13366,38414,0
67436,59289,29586,126725,97022,88875,1
10060,23351,11484,33411,21544,34835,0
71548,78555,50372,150103,121920,128927,1
46996,94510,84934,141506,131930,179444,1
26641,87434,82577,114075,109218,170011,1
34414,67857,95102,102271,129516,162959,1
23871,36868,18925,60739,42796,55793,1
17651,5665,98392,23316,116043,104057,0
95412,23476,27623,118888,123035,51099,0
89707,47632,6694,137339,96401,54326,0
20477,1049,70555,21526,91032,71604,0
60570,78425,46896,138995,107466,125321,1
21036,30168,56194,51204,77230,86362,0
59147,71322,9554,130469,68701,80876,0
61996,93021,25384,155017,87380,118405,0
25273,81169,76033,106442,101306,157202,1
95672,21329,45252,117001,140924,66581,0
93956,40260,41521,134216,135477,81781,0
77414,74414,36688,151828,114102,111102,1
11659,88193,18729,99852,30388,106922,0
46507,98499,43793,145006,90300,142292,0
41577,7661,1174,49238,42751,8835,0
80972,21191,92888,102163,173860,114079,1
21929,98216,15870,120145,37799,114086,0
40073,99936,86304,140009,126377,186240,1
48884,71863,94252,120747,143136,166115,1
70759,89285,26508,160044,97267,115793,1
67822,96586,80438,164408,148260,177024,1
19824,32040,83818,51864,103642,115858,0
19688,31365,31110,51053,50798,62475,1
67349,27377,15090,94726,82439,42467,0
96642,15193,71439,111835,168081,86632,0
47910,61787,18444,109697,66354,80231,1
31504,80011,21451,111515,52955,101462,0
20496,44751,98624,65247,119120,143375,0
58714,82708,92424,141422,151138,175132,1
49750,90399,12140,140149,61890,102539,0
11246,29630,94682,40876,105928,124312,0
83171,56111,14459,139282,97630,70570,0
29640,32451,12525,62091,42165,44976,1
92774,95251,50713,188025,143487,145964,1
93968,97529,34294,191497,128262,131823,1
71,41583,77355,41654,77426,118938,0
45872,72918,77541,118790,123413,150459,1
54620,87105,8252,141725,62872,95357,0
65907,75821,5352,141728,71259,81173,0
22409,21670,66538,44079,88947,88208,0
50902,85097,85061,135999,135963,170158,1
66577,98698,52527,165275,119104,151225,1
67016,74111,67541,141127,134557,141652,1
48874,89020,2763,137894,51637,91783,0
29716,91952,52989,121668,82705,144941,0
4454,92312,54966,96766,59420,147278,0
26775,7013,67997,33788,94772,75010,0
91480,73642,50515,165122,141995,124157,1
48708,9065,30013,57773,78721,39078,0
58788,34134,29668,92922,88456,63802,1
5938,72678,33506,78616,39444,106184,0
51689,30727,20651,82416,72340,51378,0
93421,69649,85406,163070,178827,155055,1
13145,52354,87874,65499,101019,140228,0
9301,91414,61500,100715,70801,152914,0
87433,16167,44951,103600,132384,61118,0
66226,82537,29565,148763,95791,112102,1
67894,82121,84019,150015,151913,166140,1
95774,13790,19075,109564,114849,32865,0
66002,64291,79268,130293,145270,143559,1
3743,51587,75015,55330,78758,126602,0
21314,44695,16043,66009,37357,60738,0
42303,1080,27481,43383,69784,28561,0
75441,59857,6433,135298,81874,66290,0
7654,68876,60776,76530,68430,129652,0
88306,55493,6576,143799,94882,62069,0
94544,28185,22226,122729,116770,50411,0
78016,21549,23084,99565,101100,44633,0
75623,14597,74382,90220,150005,88979,1
47319,92231,15291,139550,62610,107522,0
63498,6326,4654,69824,68152,10980,0
36821,74486,61809,111307,98630,136295,1
45801,21315,97365,67116,143166,118680,0
28884,64158,45408,93042,74292,109566,1
60678,61074,96229,121752,156907,157303,1
29014,89674,60075,118688,89089,149749,0
23720,1195,87294,24915,111014,88489,0
32850,94740,66820,127590,99670,161560,1
6043,2115,65061,8158,71104,67176,0
36258,99235,50012,135493,86270,149247,0
16773,86771,59679,103544,76452,146450,0
2530,99605,74468,102135,76998,174073,0
96238,15162,45843,111400,142081,61005,0
20098,98311,18617,118409,38715,116928,0
66672,12,91238,66684,157910,91250,0
35208,20410,2492,55618,37700,22902,0
39504,74590,95513,114094,135017,170103,1
79460,24527,56542,103987,136002,81069,1
4961,16244,50804,21205,55765,67048,0
81046,71668,82139,152714,163185,153807,1
84937,80444,4524,165381,89461,84968,1
86568,55442,541,142010,87109,55983,0
70869,17652,86601,88521,157470,104253,1
53728,48884,82237,102612,135965,131121,1
94466,71038,54191,165504,148657,125229,1
57855,47434,3790,105289,61645,51224,0
77400,54551,25075,131951,102475,79626,1
17842,18167,83411,36009,101253,101578,0
52366,10322,89525,62688,141891,99847,0
50245,17525,50640,67770,100885,68165,1
53085,34589,71031,87674,124116,105620,1
72809,39453,26384,112262,99193,65837,0
35061,62470,50321,97531,85382,112791,1
17693,60943,86435,78636,104128,147378,0
79829,2772,87331,82601,167160,90103,0
36584,23574,6731,60158,43315,30305,0
61390,82837,84199,144227,145589,167036,1
70528,95552,45168,166080,115696,140720,1
63480,85146,1116,148626,64596,86262,0
25014,59974,67101,84988,92115,127075,1
28033,50915,36877,78948,64910,87792,1
29862,72609,73995,102471,103857,146604,1
99756,60609,30789,160365,130545,91398,0
50038,43264,60312,93302,110350,103576,1
51331,13612,69404,64943,120735,83016,0
35101,6084,53809,41185,88910,59893,0
45741,54182,82448,99923,128189,136630,1
44328,60550,1928,104878,46256,62478,0
97652,84946,83457,182598,181109,168403,1
60949,68891,47684,129840,108633,116575,1
30046,94392,32195,124438,62241,126587,0
86998,66143,51277,153141,138275,117420,1
36518,13001,85338,49519,121856,98339,0
4826,57225,63965,62051,68791,121190,0
16267,48119,51518,64386,67785,99637,1
53998,80002,10847,134000,64845,90849,0
21484,66656,72308,88140,93792,138964,1
79678,16203,74196,95881,153874,90399,1
22045,93301,68369,115346,90414,161670,0
56345,66064,89678,122409,146023,155742,1
2013,75805,33560,77818,35573,109365,0
1426,58062,96635,59488,98061,154697,0
15960,32474,46290,48434,62250,78764,1
78024,84309,61129,162333,139153,145438,1
52227,71614,81062,123841,133289,152676,1
26651,76727,5798,103378,32449,82525,0
74089,15848,88317,89937,162406,104165,1
87349,57430,79331,144779,166680,136761,1
81621,1725,19148,83346,100769,20873,0
93159,59652,7705,152811,100864,67357,0
76958,71658,91196,148616,168154,162854,1
66826,91232,21464,158058,88290,112696,0
88805,35755,35060,124560,123865,70815,0
27091,42885,52036,69976,79127,94921,1
47372,48179,44882,95551,92254,93061,1
2053,96295,31776,98348,33829,128071,0
40369,75124,65419,115493,105788,140543,1
58363,61358,70067,119721,128430,131425,1
55920,50320,88370,106240,144290,138690,1
8122,78716,95845,86838,103967,174561,0
18154,70482,45266,88636,63420,115748,0
52831,17469,59342,70300,112173,76811,1
13747,29575,48354,43322,62101,77929,0
67652,74627,63770,142279,131422,138397,1
84049,2100,9277,86149,93326,11377,0
44676,56953,27121,101629,71797,84074,1
67123,93589,7014,160712,74137,100603,0
36184,49347,18339,85531,54523,67686,1
186,99668,49781,99854,49967,149449,0
82789,24521,10944,107310,93733,35465,0
52986,21228,42293,74214,95279,63521,1
12457,51867,49882,64324,62339,101749,1
2698,50690,49295,53388,51993,99985,1
18927,44460,44344,63387,63271,88804,1
8492,50887,37432,59379,45924,88319,0
1517,26792,94674,28309,96191,121466,0
99922,28091,93360,128013,193282,121451,1
15935,94876,19850,110811,35785,114726,0
94994,11858,84700,106852,179694,96558,1
1468,44275,76359,45743,77827,120634,0
66395,52382,24682,118777,91077,77064,1
23439,47985,51431,71424,74870,99416,1
41590,72241,89613,113831,131203,161854,1
101,46128,83970,46229,84071,130098,0
62032,51896,58770,113928,120802,110666,1
20002,17064,67760,37066,87762,84824,0
88169,28186,62954,116355,151123,91140,1
66897,68439,92389,135336,159286,160828,1
29997,88357,38043,118354,68040,126400,0
72069,29790,25702,101859,97771,55492,0
68339,18813,9823,87152,78162,28636,0
35897,75308,46462,111205,82359,121770,1
12182,81470,68189,93652,80371,149659,0
15988,61467,75890,77455,91878,137357,1
25862,64423,45247,90285,71109,109670,1
80855,2097,12489,82952,93344,14586,0
34350,80811,98931,115161,133281,179742,1
83675,48067,13221,131742,96896,61288,0
6190,82230,56048,88420,62238,138278,0
65526,52841,24811,118367,90337,77652,1
24362,29137,48514,53499,72876,77651,1
32944,69950,85181,102894,118125,155131,1
17276,88034,67284,105310,84560,155318,0
62741,2535,89012,65276,151753,91547,0
6838,31682,79484,38520,86322,111166,0
44031,30005,18917,74036,62948,48922,1
23486,83650,86941,107136,110427,170591,1
26687,36071,53184,62758,79871,89255,1
57349,24646,80658,81995,138007,105304,1
30737,38025,84855,68762,115592,122880,0
80207,60746,90928,140953,171135,151674,1
59389,32494,28858,91883,88247,61352,1
17305,93129,90485,110434,107790,183614,1
10627,42781,7513,53408,18140,50294,0
12826,12851,60600,25677,73426,73451,0
8033,11080,43709,19113,51742,54789,0
70335,77540,25128,147875,95463,102668,1
33734,36881,9048,70615,42782,45929,1
55916,85982,82220,141898,138136,168202,1
46652,95985,37384,142637,84036,133369,0
90855,3872,78657,94727,169512,82529,0
17202,53250,80252,70452,97454,133502,0
5313,5871,72064,11184,77377,77935,0
76052,37012,43893,113064,119945,80905,1
65980,60049,90368,126029,156348,150417,1
99604,26509,24671,126113,124275,51180,0
9521,88667,62923,98188,72444,151590,0
83569,82408,63714,165977,147283,146122,1
20758,83616,3792,104374,24550,87408,0
51173,27415,86435,78588,137608,113850,0
14440,81326,94836,95766,109276,176162,1
99281,74855,59341,174136,158622,134196,1
30001,94831,14062,124832,44063,108893,0
48846,23734,59434,72580,108280,83168,1
98992,42651,84159,141643,183151,126810,1
51114,1089,42822,52203,93936,43911,0
90156,91516,88530,181672,178686,180046,1
8013,51911,5076,59924,13089,56987,0
11007,32967,24502,43974,35509,57469,1
68290,7953,30816,76243,99106,38769,0
35906,23240,7278,59146,43184,30518,0
79379,52329,35340,131708,114719,87669,1
3181,51528,92564,54709,95745,144092,0
86535,23271,70909,109806,157444,94180,1
85399,15838,45409,101237,130808,61247,0
21246,95855,99530,117101,120776,195385,1
35993,72759,28932,108752,64925,101691,0
30839,65650,45050,96489,75889,110700,1
91193,66768,79249,157961,170442,146017,1
55781,14301,29017,70082,84798,43318,0
22387,23265,36996,45652,59383,60261,1
43176,30000,53518,73176,96694,83518,1
88745,80660,68079,169405,156824,148739,1
91842,78754,7210,170596,99052,85964,0
63519,6497,26413,70016,89932,32910,0
62468,49490,89408,111958,151876,138898,1
58140,15020,90323,73160,148463,105343,0
80504,19362,857,99866,81361,20219,0
13969,44559,74171,58528,88140,118730,0
13066,94831,3092,107897,16158,97923,0
83697,6091,18875,89788,102572,24966,0
29659,6085,6896,35744,36555,12981,0
97350,56696,64977,154046,162327,121673,1
32713,68670,92726,101383,125439,161396,1
66446,14037,54899,80483,121345,68936,1
98575,63897,94816,162472,193391,158713,1
35482,47492,60385,82974,95867,107877,1
29714,32350,59397,62064,89111,91747,1
75059,1954,12637,77013,87696,14591,0
39661,57321,37201,96982,76862,94522,1
38312,39119,65409,77431,103721,104528,1
96768,85846,44713,182614,141481,130559,1
76813,68540,30571,145353,107384,99111,1
44176,19179,92167,63355,136343,111346,0
85396,55686,104,141082,85500,55790,0
63600,72523,50226,136123,113826,122749,1
91651,20539,10422,112190,102073,30961,0
57027,85268,66274,142295,123301,151542,1
51659,96191,617,147850,52276,96808,0
33480,98264,63432,131744,96912,161696,0
2896,5817,45187,8713,48083,51004,0
18517,11635,9652,30152,28169,21287,1
44520,78696,82555,123216,127075,161251,1
20330,74301,76201,94631,96531,150502,1
88599,49284,31696,137883,120295,80980,0
11443,96345,74273,107788,85716,170618,0
69192,36455,42354,105647,111546,78809,1
54078,59638,33168,113716,87246,92806,1
68510,63429,30871,131939,99381,94300,1
25141,87805,4674,112946,29815,92479,0
23999,91229,14126,115228,38125,105355,0
80163,13042,51514,93205,131677,64556,0
84467,13326,31509,97793,115976,44835,0
23212,84955,97557,108167,120769,182512,1
46580,40612,32753,87192,79333,73365,1
8208,65911,39090,74119,47298,105001,0
76190,7726,1184,83916,77374,8910,0
88573,58991,19621,147564,108194,78612,0
39638,55067,67242,94705,106880,122309,1
23236,29092,84427,52328,107663,113519,0
32769,5140,57539,37909,90308,62679,0
75195,50828,95334,126023,170529,146162,1
2837,20841,11774,23678,14611,32615,0
22330,37267,10412,59597,32742,47679,0
52420,8040,97373,60460,149793,105413,0
65693,33599,62674,99292,128367,96273,1
97531,39948,13778,137479,111309,53726,0
64380,71458,36997,135838,101377,108455,1
92102,86888,14471,178990,106573,101359,1
22244,12409,83329,34653,105573,95738,0
91520,80967,23990,172487,115510,104957,1
34004,62017,12103,96021,46107,74120,0
48690,95829,73771,144519,122461,169600,1
36134,64167,42992,100301,79126,107159,1
87575,76391,69229,163966,156804,145620,1
48748,64535,60929,113283,109677,125464,1
21677,41625,23934,63302,45611,65559,1
36939,24639,67960,61578,104899,92599,0
45884,54249,35178,100133,81062,89427,1
92799,76397,23267,169196,116066,99664,1
90866,81137,88869,172003,179735,170006,1
59412,71846,10868,131258,70280,82714,0
55391,47203,35291,102594,90682,82494,1
53052,29424,1559,82476,54611,30983,0
87972,98193,13636,186165,101608,111829,1
58910,24251,8009,83161,66919,32260,0
73479,29592,44485,103071,117964,74077,1
76469,29054,46522,105523,122991,75576,0
76254,45862,73852,122116,150106,119714,1
7974,76902,48552,84876,56526,125454,0
66936,80833,40817,147769,107753,121650,1
42565,44825,17849,87390,60414,62674,1
12736,91398,8217,104134,20953,99615,0
70796,26190,3534,96986,74330,29724,0
30343,42713,59749,73056,90092,102462,1
74037,52490,16534,126527,90571,69024,0
1429,56231,57866,57660,59295,114097,0
34986,55188,66848,90174,101834,122036,1
78052,16033,41603,94085,119655,57636,0
21289,27637,78023,48926,99312,105660,0
1593,99047,33427,100640,35020,132474,0
65741,14646,96996,80387,162737,111642,0
88665,28392,47039,117057,135704,75431,0
92593,68451,53980,161044,146573,122431,1
5119,50190,82434,55309,87553,132624,0
74858,20953,69802,95811,144660,90755,1
27733,91063,2706,118796,30439,93769,0
93651,37450,81541,131101,175192,118991,1
50928,90878,57930,141806,108858,148808,1
25203,30132,66656,55335,91859,96788,0
64171,47309,15651,111480,79822,62960,0
96481,40261,91374,136742,187855,131635,1
98471,20994,16566,119465,115037,37560,0
88745,90432,28604,179177,117349,119036,1
69583,64482,75584,134065,145167,140066,1
24967,99211,73596,124178,98563,172807,0
4337,10438,74699,14775,79036,85137,0
89143,7101,48664,96244,137807,55765,0
10086,54485,51275,64571,61361,105760,1
11261,40270,98561,51531,109822,138831,0
62907,93026,40650,155933,103557,133676,1
50676,30048,84021,80724,134697,114069,0
62984,91219,24920,154203,87904,116139,0
95009,87370,22424,182379,117433,109794,1
13628,72767,20612,86395,34240,93379,0
9319,8810,18762,18129,28081,27572,0
51352,6266,68401,57618,119753,74667,0
2870,87304,22105,90174,24975,109409,0
9871,84903,87110,94774,96981,172013,1
77027,16257,94480,93284,171507,110737,0
44461,10706,65846,55167,110307,76552,0
76264,82016,47003,158280,123267,129019,1
37609,93397,46644,131006,84253,140041,0
26399,46283,71130,72682,97529,117413,1
28841,80822,86072,109663,114913,166894,1
46938,33058,80654,79996,127592,113712,0
76137,15947,38629,92084,114766,54576,0
58910,33875,84490,92785,143400,118365,1
23116,95685,82395,118801,105511,178080,1
78317,13305,48937,91622,127254,62242,0
42246,93734,94189,135980,136435,187923,1
16951,40388,22516,57339,39467,62904,0
8636,11757,67449,20393,76085,79206,0
90547,68582,21524,159129,112071,90106,0
14874,18265,72788,33139,87662,91053,0
67238,26671,19894,93909,87132,46565,0
5841,68325,44984,74166,50825,113309,0
91978,11556,11604,103534,103582,23160,0
51452,86455,90825,137907,142277,177280,1
23742,70466,71851,94208,95593,142317,1
33331,91709,33233,125040,66564,124942,0
58665,99851,16,158516,58681,99867,0
91582,84782,47927,176364,139509,132709,1
58698,15942,28701,74640,87399,44643,0
98646,11475,52995,110121,151641,64470,0
44427,34169,3927,78596,48354,38096,0
56347,32841,3468,89188,59815,36309,0
9576,64061,81498,73637,91074,145559,0
48178,8949,20524,57127,68702,29473,0
84431,21957,93645,106388,178076,115602,1
53912,44178,78334,98090,132246,122512,1
67391,68108,97858,135499,165249,165966,1
45290,32666,99203,77956,144493,131869,0
93838,7684,3297,101522,97135,10981,0
23822,33194,54940,57016,78762,88134,1
45941,49468,5813,95409,51754,55281,1
3668,75998,56133,79666,59801,132131,0
3429,6546,21248,9975,24677,27794,0
55179,45750,81746,100929,136925,127496,1
82964,79077,68967,162041,151931,148044,1
63431,94746,26742,158177,90173,121488,0
10200,14642,56994,24842,67194,71636,0
5743,97922,97433,103665,103176,195355,1
51345,48162,20687,99507,72032,68849,1
32377,20290,64772,52667,97149,85062,0
69721,35583,4808,105304,74529,40391,0
34646,64826,86949,99472,121595,151775,1
51388,18859,54851,70247,106239,73710,1
41038,39724,95545,80762,136583,135269,0
78856,37210,7991,116066,86847,45201,0
54088,23381,60762,77469,114850,84143,1
57017,85683,51635,142700,108652,137318,1
79272,45061,9943,124333,89215,55004,0
64681,42929,67538,107610,132219,110467,1
33636,18653,93886,52289,127522,112539,0
41925,24106,28950,66031,70875,53056,1
98795,80653,42260,179448,141055,122913,1
48718,29116,23098,77834,71816,52214,1
99381,6331,24350,105712,123731,30681,0
71971,34567,14470,106538,86441,49037,0
44635,49832,88011,94467,132646,137843,1
31167,97481,20972,128648,52139,118453,0
72048,49064,6357,121112,78405,55421,0
64838,12518,7592,77356,72430,20110,0
27248,90916,31879,118164,59127,122795,0
16786,37777,60465,54563,77251,98242,0
27237,57665,91653,84902,118890,149318,0
15819,41870,87134,57689,102953,129004,0
35700,53355,89241,89055,124941,142596,0
28195,32532,48389,60727,76584,80921,1
99662,31735,72425,131397,172087,104160,1
81720,95497,23638,177217,105358,119135,1
28709,97096,36078,125805,64787,133174,0
53055,57279,81352,110334,134407,138631,1
12361,29981,53557,42342,65918,83538,0
61620,18791,68568,80411,130188,87359,1
92102,13476,25929,105578,118031,39405,0
9552,34226,38129,43778,47681,72355,1
41136,12123,50013,53259,91149,62136,1
88103,10875,12632,98978,100735,23507,0
87344,1545,52709,88889,140053,54254,0
29045,4901,76160,33946,105205,81061,0
27196,71361,57166,98557,84362,128527,1
35528,15106,40314,50634,75842,55420,1
98512,89851,84502,188363,183014,174353,1
34692,78084,70757,112776,105449,148841,1
25132,73472,61874,98604,87006,135346,1
59858,29553,75312,89411,135170,104865,1
75638,79889,25822,155527,101460,105711,1
76652,83031,66001,159683,142653,149032,1
56781,56719,59638,113500,116419,116357,1
80640,39495,76406,120135,157046,115901,1
12530,25994,42469,38524,54999,68463,0
10666,69711,61439,80377,72105,131150,1
214,24589,6022,24803,6236,30611,0
93864,62059,54904,155923,148768,116963,1
87117,78040,73004,165157,160121,151044,1
25294,15336,81122,40630,106416,96458,0
36126,68469,26548,104595,62674,95017,0
92973,43,85895,93016,178868,85938,0
82605,47137,11166,129742,93771,58303,0
26054,34425,29693,60479,55747,64118,1
78216,91969,30050,170185,108266,122019,1
56651,90836,28721,147487,85372,119557,0
24370,48192,12699,72562,37069,60891,0
74552,7336,74457,81888,149009,81793,1
194,27463,75818,27657,76012,103281,0
91789,81667,34078,173456,125867,115745,1
6159,73101,56067,79260,62226,129168,0
32772,84856,37240,117628,70012,122096,0
91628,12614,17768,104242,109396,30382,0
94045,38559,32647,132604,126692,71206,0
70368,83908,51618,154276,121986,135526,1
1759,61417,42453,63176,44212,103870,0
97914,79947,14368,177861,112282,94315,0
78137,81672,13007,159809,91144,94679,1
36037,1631,28262,37668,64299,29893,0
61812,72399,66440,134211,128252,138839,1
60995,36645,79074,97640,140069,115719,1
64488,58903,48264,123391,112752,107167,1
74651,50744,5101,125395,79752,55845,0
84087,21536,27337,105623,111424,48873,0
76502,90073,8994,166575,85496,99067,0
36321,56057,13715,92378,50036,69772,0
36262,63353,97629,99615,133891,160982,1
26652,844,45935,27496,72587,46779,0
31673,68719,55980,100392,87653,124699,1
68751,59341,24396,128092,93147,83737,1
97019,92047,90197,189066,187216,182244,1
11083,34153,90400,45236,101483,124553,0
64047,91141,7285,155188,71332,98426,0
13066,71593,81701,84659,94767,153294,1
10112,79785,44225,89897,54337,124010,0
71320,67343,67525,138663,138845,134868,1
93967,82920,4368,176887,98335,87288,0
80270,67983,77319,148253,157589,145302,1
11357,33366,22403,44723,33760,55769,1
12670,38515,15044,51185,27714,53559,0
28877,29154,83210,58031,112087,112364,0
47458,86248,1534,133706,48992,87782,0
19772,88047,61061,107819,80833,149108,0
59273,70372,85934,129645,145207,156306,1
97345,60967,59122,158312,156467,120089,1
28478,2975,5532,31453,34010,8507,0
64519,10189,10534,74708,75053,20723,0
75898,44836,85887,120734,161785,130723,1
1545,1774,11345,3319,12890,13119,0
37991,23165,37365,61156,75356,60530,1
94100,11479,84304,105579,178404,95783,1
74991,39483,65067,114474,140058,104550,1
96397,8462,4231,104859,100628,12693,0
69924,93545,9711,163469,79635,103256,0
75907,67112,87082,143019,162989,154194,1
28905,4056,73388,32961,102293,77444,0
90024,32451,73922,122475,163946,106373,1
88861,53389,4445,142250,93306,57834,0
5145,48109,47382,53254,52527,95491,1
58720,41881,24269,100601,82989,66150,1
11590,78712,91463,90302,103053,170175,0
65223,62804,77568,128027,142791,140372,1
15439,63916,30072,79355,45511,93988,0
93926,29133,6798,123059,100724,35931,0
18092,14032,80266,32124,98358,94298,0
5092,14072,99442,19164,104534,113514,0
12039,65974,75802,78013,87841,141776,1
97123,78478,81195,175601,178318,159673,1
72503,43725,94086,116228,166589,137811,1
14182,93543,76379,107725,90561,169922,0
96530,80472,69101,177002,165631,149573,1
90777,28671,72862,119448,163639,101533,1
74362,10588,50177,84950,124539,60765,0
66776,43689,1670,110465,68446,45359,0
97645,27280,11193,124925,108838,38473,0
27040,54192,19888,81232,46928,74080,0
932,36696,39876,37628,40808,76572,0
74657,77157,55475,151814,130132,132632,1
97737,38206,19565,135943,117302,57771,0
42642,37277,55206,79919,97848,92483,1
90518,77058,45044,167576,135562,122102,1
76964,94912,44169,171876,121133,139081,1
93059,88818,52396,181877,145455,141214,1
96442,31226,48558,127668,145000,79784,0
74391,56676,80265,131067,154656,136941,1
70841,84851,86755,155692,157596,171606,1
49623,25876,72118,75499,121741,97994,1
11623,65877,46822,77500,58445,112699,0
6431,3014,50457,9445,56888,53471,0
9757,82510,26315,92267,36072,108825,0
65951,45403,50100,111354,116051,95503,1
76889,17575,48304,94464,125193,65879,0
30900,52246,70317,83146,101217,122563,1
96546,83265,68288,179811,164834,151553,1
10204,45222,43380,55426,53584,88602,1
61222,3788,29541,65010,90763,33329,0
33129,67314,8309,100443,41438,75623,0
94725,26492,23035,121217,117760,49527,0
69797,60369,50536,130166,120333,110905,1
34430,98564,60144,132994,94574,158708,0
40885,63129,50205,104014,91090,113334,1
73124,44462,76093,117586,149217,120555,1
8245,71007,46273,79252,54518,117280,0
69355,35184,13323,104539,82678,48507,0
68430,88117,78742,156547,147172,166859,1
35090,82421,44599,117511,79689,127020,0
96068,89295,71097,185363,167165,160392,1
66786,32615,1922,99401,68708,34537,0
92820,41484,40270,134304,133090,81754,0
9605,35236,41237,44841,50842,76473,1
88757,53461,54881,142218,143638,108342,1
66954,34849,62247,101803,129201,97096,1
5087,63224,87571,68311,92658,150795,0
57363,14877,98810,72240,156173,113687,0
70643,330,35922,70973,106565,36252,0
17317,13448,50687,30765,68004,64135,0
11083,3845,37038,14928,48121,40883,0
15033,23229,13547,38262,28580,36776,1
24806,84754,24680,109560,49486,109434,0
74697,48993,63812,123690,138509,112805,1
39559,71496,85757,111055,125316,157253,1
77089,77275,88250,154364,165339,165525,1
83462,8772,87492,92234,170954,96264,1
59284,92953,4523,152237,63807,97476,0
23182,72589,87189,95771,110371,159778,1
32627,65352,26500,97979,59127,91852,0
59321,37066,87996,96387,147317,125062,1
14460,95661,13155,110121,27615,108816,0
28397,166,79530,28563,107927,79696,0
85486,40912,94766,126398,180252,135678,1
95169,77923,55901,173092,151070,133824,1
31779,3357,45826,35136,77605,49183,0
96168,29342,99582,125510,195750,128924,1
47904,79312,57468,127216,105372,136780,1
77456,99327,63706,176783,141162,163033,1
55799,70583,48261,126382,104060,118844,1
13001,66954,816,79955,13817,67770,0
65329,6650,87965,71979,153294,94615,0
32336,96327,53113,128663,85449,149440,0
20161,66604,67817,86765,87978,134421,1
59897,788,42509,60685,102406,43297,0
12437,39401,34737,51838,47174,74138,1
36488,6158,23105,42646,59593,29263,0
48021,85477,59686,133498,107707,145163,1
16590,37139,51371,53729,67961,88510,1
72236,50784,93083,123020,165319,143867,1
76435,60357,66891,136792,143326,127248,1
26575,78526,29868,105101,56443,108394,0
9906,93731,7380,103637,17286,101111,0
89926,43161,7265,133087,97191,50426,0
27170,7221,52137,34391,79307,59358,0
29,26210,45652,26239,45681,71862,0
85424,15845,62134,101269,147558,77979,0
50390,67517,65708,117907,116098,133225,1
4292,22272,70330,26564,74622,92602,0
87832,23718,12096,111550,99928,35814,0
15949,22867,37631,38816,53580,60498,1
32892,292,56505,33184,89397,56797,0
16334,13399,14887,29733,31221,28286,1
51044,15501,9957,66545,61001,25458,0
43581,3064,43641,46645,87222,46705,1
1643,87765,77482,89408,79125,165247,0
43381,85985,74171,129366,117552,160156,1
29781,87386,7776,117167,37557,95162,0
79918,63564,53501,143482,133419,117065,1
20697,51441,59858,72138,80555,111299,1
34248,98042,3062,132290,37310,101104,0
20659,78128,32712,98787,53371,110840,0
71703,13871,35935,85574,107638,49806,0
2968,7752,40497,10720,43465,48249,0
84815,66263,45168,151078,129983,111431,1
29384,43419,59703,72803,89087,103122,1
94481,29988,74653,124469,169134,104641,1
88575,65672,75454,154247,164029,141126,1
17717,14505,24960,32222,42677,39465,1
54636,59682,51385,114318,106021,111067,1
82293,45931,71540,128224,153833,117471,1
92798,72120,47272,164918,140070,119392,1
91597,86386,26472,177983,118069,112858,1
16270,1680,6626,17950,22896,8306,0
40682,38942,35084,79624,75766,74026,1
47849,70020,85069,117869,132918,155089,1
59776,88170,51597,147946,111373,139767,1
56778,28485,56822,85263,113600,85307,1
99328,6818,24080,106146,123408,30898,0
2183,5779,61483,7962,63666,67262,0
93315,13946,34499,107261,127814,48445,0
78448,38021,15144,116469,93592,53165,0
15513,48963,73728,64476,89241,122691,0
16104,44752,6166,60856,22270,50918,0
13972,13801,66032,27773,80004,79833,0
44462,51586,53124,96048,97586,104710,1
61615,38494,84174,100109,145789,122668,1
33179,30953,39863,64132,73042,70816,1
50229,86368,11876,136597,62105,98244,0
74268,20553,42536,94821,116804,63089,0
21081,47492,13147,68573,34228,60639,0
55958,91064,32637,147022,88595,123701,0
11898,65485,55422,77383,67320,120907,1
3938,90359,82079,94297,86017,172438,0
78893,49844,97976,128737,176869,147820,1
97682,14261,95182,111943,192864,109443,1
57783,99572,61928,157355,119711,161500,1
11559,13606,75733,25165,87292,89339,0
35116,92885,61755,128001,96871,154640,1
30025,45638,22635,75663,52660,68273,1
38749,39780,22993,78529,61742,62773,1
77176,84081,60195,161257,137371,144276,1
42176,58283,10954,100459,53130,69237,0
76059,84907,55054,160966,131113,139961,1
48462,76164,53453,124626,101915,129617,1
48965,81415,96594,130380,145559,178009,1
95830,47959,50259,143789,146089,98218,1
11092,13150,71243,24242,82335,84393,0
50934,12269,88644,63203,139578,100913,0
6421,4118,41361,10539,47782,45479,0
49647,2718,9824,52365,59471,12542,0
30220,94307,87046,124527,117266,181353,1
80354,76664,34458,157018,114812,111122,1
20972,11556,41373,32528,62345,52929,0
15344,15439,5478,30783,20822,20917,1
70321,80989,79432,151310,149753,160421,1
76158,3137,96802,79295,172960,99939,0
5913,54776,11808,60689,17721,66584,0
50609,71859,31249,122468,81858,103108,1
99352,33382,95630,132734,194982,129012,1
71855,86273,38543,158128,110398,124816,1
29968,62988,82844,92956,112812,145832,1
96858,448,31758,97306,128616,32206,0
79323,77965,15333,157288,94656,93298,1
40901,45767,78461,86668,119362,124228,1
68612,41359,82686,109971,151298,124045,1
17874,7522,41262,25396,59136,48784,0
38148,92092,15750,130240,53898,107842,0
83326,81967,93198,165293,176524,175165,1
21576,51534,78827,73110,100403,130361,0
7408,576,46228,7984,53636,46804,0
8086,65744,41739,73830,49825,107483,0
48699,21112,77542,69811,126241,98654,0
4010,7707,58868,11717,62878,66575,0
27360,41333,69568,68693,96928,110901,0
15120,75012,28074,90132,43194,103086,0
29944,11477,50607,41421,80551,62084,0
16580,66978,21756,83558,38336,88734,0
85458,69768,5365,155226,90823,75133,0
1660,52825,48773,54485,50433,101598,0
85465,79777,18186,165242,103651,97963,1
65839,38649,15028,104488,80867,53677,0
15884,35572,31237,51456,47121,66809,1
75019,64934,76274,139953,151293,141208,1
30349,65643,89963,95992,120312,155606,1
95720,1875,4552,97595,100272,6427,0
97610,99058,46342,196668,143952,145400,1
19537,2953,92974,22490,112511,95927,0
60871,10039,81098,70910,141969,91137,0
14627,29292,53574,43919,68201,82866,0
86058,85288,64485,171346,150543,149773,1
73986,71280,70092,145266,144078,141372,1
34294,98231,28395,132525,62689,126626,0
67603,4266,86097,71869,153700,90363,0
40950,57994,17404,98944,58354,75398,1
21837,17372,32467,39209,54304,49839,1
34276,25171,24469,59447,58745,49640,1
65727,2233,49806,67960,115533,52039,0
23357,47866,48942,71223,72299,96808,1
30844,78344,67084,109188,97928,145428,1
54563,94837,87327,149400,141890,182164,1
11289,87637,825,98926,12114,88462,0
46102,5538,89804,51640,135906,95342,0
9771,6499,15798,16270,25569,22297,1
32352,7312,53742,39664,86094,61054,0
99815,31387,78007,131202,177822,109394,1
26918,14571,10956,41489,37874,25527,0
22007,14710,74350,36717,96357,89060,0
42714,25167,93400,67881,136114,118567,0
68361,11594,66931,79955,135292,78525,1
64712,90894,89677,155606,154389,180571,1
69600,28767,85863,98367,155463,114630,1
31912,99452,6612,131364,38524,106064,0
48809,92873,36759,141682,85568,129632,0
74135,94802,42352,168937,116487,137154,1
95088,72395,68088,167483,163176,140483,1
97400,45531,85869,142931,183269,131400,1
50556,83380,74210,133936,124766,157590,1
25331,10419,64185,35750,89516,74604,0
38836,49604,57925,88440,96761,107529,1
83061,12332,83204,95393,166265,95536,1
65563,84470,89337,150033,154900,173807,1
69103,7111,42936,76214,112039,50047,0
92151,62011,80026,154162,172177,142037,1
44191,27790,76457,71981,120648,104247,0
13110,13455,75980,26565,89090,89435,0
3949,59680,41838,63629,45787,101518,0
27255,30403,77590,57658,104845,107993,0
70750,85330,54302,156080,125052,139632,1
43292,26544,84011,69836,127303,110555,0
31177,30590,45257,61767,76434,75847,1
97041,42234,97789,139275,194830,140023,1
51164,52228,93805,103392,144969,146033,1
44669,40199,88720,84868,133389,128919,0
27506,65271,45216,92777,72722,110487,1
48068,22797,7678,70865,55746,30475,0
62766,95304,97016,158070,159782,192320,1
31005,35861,51703,66866,82708,87564,1
30291,28946,92509,59237,122800,121455,0
5204,64436,74718,69640,79922,139154,0
90614,29157,46419,119771,137033,75576,0
60187,50364,46784,110551,106971,97148,1
43694,76166,16242,119860,59936,92408,0
21437,22093,25349,43530,46786,47442,1
28982,17591,80100,46573,109082,97691,0
4566,75543,98844,80109,103410,174387,0
53012,46421,33928,99433,86940,80349,1
19094,80429,4151,99523,23245,84580,0
76905,49922,52654,126827,129559,102576,1
96893,97009,84301,193902,181194,181310,1
45849,92983,32587,138832,78436,125570,0
51814,2088,84586,53902,136400,86674,0
87220,69037,13942,156257,101162,82979,0
84003,17053,82826,101056,166829,99879,1
94438,7811,69294,102249,163732,77105,0
82518,62613,81956,145131,164474,144569,1
52301,26649,88610,78950,140911,115259,0
50867,44414,30577,95281,81444,74991,1
10567,18375,63733,28942,74300,82108,0
36375,43557,40706,79932,77081,84263,1
69988,11493,4333,81481,74321,15826,0
89558,29233,82764,118791,172322,111997,1
72311,29041,47658,101352,119969,76699,1
79465,65761,36957,145226,116422,102718,1
38799,56794,16579,95593,55378,73373,0
42878,23358,67274,66236,110152,90632,0
73206,75887,49273,149093,122479,125160,1
7648,81031,55220,88679,62868,136251,0
56859,70185,20285,127044,77144,90470,1
20332,35388,31535,55720,51867,66923,1
14496,50123,28881,64619,43377,79004,0
50186,35127,54329,85313,104515,89456,1
14846,5571,18534,20417,33380,24105,1
80966,67984,24779,148950,105745,92763,1
2810,82799,68899,85609,71709,151698,0
69241,30552,97602,99793,166843,128154,1
56049,35155,81950,91204,137999,117105,1
81396,4100,76774,85496,158170,80874,0
98379,5596,44460,103975,142839,50056,0
23267,73887,5208,97154,28475,79095,0
9309,45338,29892,54647,39201,75230,0
80170,39666,19165,119836,99335,58831,0
22759,40950,24052,63709,46811,65002,1
32242,92553,17203,124795,49445,109756,0
71522,30718,47288,102240,118810,78006,1
53319,35477,85619,88796,138938,121096,1
54687,11971,57634,66658,112321,69605,1
27487,6691,4601,34178,32088,11292,0
23018,88234,81931,111252,104949,170165,1
72730,11676,94524,84406,167254,106200,0
74635,42650,12081,117285,86716,54731,0
96641,75058,12924,171699,109565,87982,0
84931,20144,23163,105075,108094,43307,0
56398,21418,43652,77816,100050,65070,1
62630,32037,90730,94667,153360,122767,1
87141,90876,22380,178017,109521,113256,1
84984,24228,61284,109212,146268,85512,1
42294,36077,32449,78371,74743,68526,1
38538,56687,53262,95225,91800,109949,1
93708,27387,50560,121095,144268,77947,0
53822,9777,46869,63599,100691,56646,1
17780,19877,70020,37657,87800,89897,0
10212,72331,64796,82543,75008,137127,1
28514,74662,32623,103176,61137,107285,0
42566,73602,46876,116168,89442,120478,1
67055,19379,84034,86434,151089,103413,1
64062,49317,29080,113379,93142,78397,1
50392,8792,56012,59184,106404,64804,1
91281,10485,66800,101766,158081,77285,0
89090,32048,17362,121138,106452,49410,0
48102,11450,20522,59552,68624,31972,0
7726,47132,38040,54858,45766,85172,0
39486,75442,76051,114928,115537,151493,1
75911,19072,13755,94983,89666,32827,0
72714,77857,96595,150571,169309,174452,1
79760,10666,94109,90426,173869,104775,0
36196,28662,16993,64858,53189,45655,1
27445,32789,9218,60234,36663,42007,1
47008,10977,60102,57985,107110,71079,0
82303,63786,25063,146089,107366,88849,1
69512,74932,74081,144444,143593,149013,1
16879,78402,94013,95281,110892,172415,1
65169,51618,90744,116787,155913,142362,1
18021,14948,39123,32969,57144,54071,0
65019,86091,28210,151110,93229,114301,1
56780,69305,1541,126085,58321,70846,0
44528,72661,8533,117189,53061,81194,0
19256,91713,54752,110969,74008,146465,0
86755,7152,87387,93907,174142,94539,1
73957,52131,85487,126088,159444,137618,1
84628,39088,61741,123716,146369,100829,1
17129,41347,78982,58476,96111,120329,0
73801,64117,66937,137918,140738,131054,1
66600,49048,66920,115648,133520,115968,1
11856,88185,17232,100041,29088,105417,0
72072,49315,97770,121387,169842,147085,1
1484,65370,23845,66854,25329,89215,0
75582,96768,2391,172350,77973,99159,0
33786,54471,61726,88257,95512,116197,1
23672,43968,52867,67640,76539,96835,1
18727,74502,5301,93229,24028,79803,0
54139,56935,8025,111074,62164,64960,1
99140,85117,96351,184257,195491,181468,1
98711,30899,78857,129610,177568,109756,1
33198,70277,67077,103475,100275,137354,1
30422,15360,34209,45782,64631,49569,1
12182,30121,1611,42303,13793,31732,0
33213,93229,17924,126442,51137,111153,0
21822,25514,39749,47336,61571,65263,1
29201,75728,20754,104929,49955,96482,0
29908,92425,69890,122333,99798,162315,1
69422,52584,38778,122006,108200,91362,1
4956,92787,57807,97743,62763,150594,0
66539,18176,25090,84715,91629,43266,0
77517,20542,38657,98059,116174,59199,0
96241,16176,39425,112417,135666,55601,0
42094,19368,14827,61462,56921,34195,0
86518,9402,68823,95920,155341,78225,0
8577,35577,370,44154,8947,35947,0
11698,89896,16080,101594,27778,105976,0
58450,44041,64181,102491,122631,108222,1
37375,64968,57761,102343,95136,122729,1
39989,25468,97869,65457,137858,123337,0
63801,97465,23047,161266,86848,120512,0
91394,82706,90986,174100,182380,173692,1
24009,89451,24579,113460,48588,114030,0
82968,27454,94650,110422,177618,122104,1
91570,27177,13229,118747,104799,40406,0
31532,44400,76833,75932,108365,121233,0
58698,84963,47842,143661,106540,132805,1
53984,36698,34359,90682,88343,71057,1
74017,14444,21875,88461,95892,36319,0
84555,64282,18169,148837,102724,82451,0
49711,38018,34281,87729,83992,72299,1
63193,16314,51866,79507,115059,68180,1
37135,3748,508,40883,37643,4256,0
23287,70320,29146,93607,52433,99466,0
72578,93230,56091,165808,128669,149321,1
50894,70965,94615,121859,145509,165580,1
7606,15522,51494,23128,59100,67016,0
3186,45132,28909,48318,32095,74041,0
14710,51503,32870,66213,47580,84373,0
1339,8326,54015,9665,55354,62341,0
69155,92412,27956,161567,97111,120368,1
51446,216,75850,51662,127296,76066,0
53754,13668,39667,67422,93421,53335,0
11983,70477,22340,82460,34323,92817,0
19568,98507,56756,118075,76324,155263,0
66309,94239,75733,160548,142042,169972,1
44148,48611,46486,92759,90634,95097,1
67215,65819,37532,133034,104747,103351,1
80657,54099,11125,134756,91782,65224,0
85848,2708,64440,88556,150288,67148,0
98070,77723,33894,175793,131964,111617,1
6131,85839,73811,91970,79942,159650,0
99641,33586,52004,133227,151645,85590,0
70925,58155,43616,129080,114541,101771,1
86874,27867,91812,114741,178686,119679,1
5725,99140,20370,104865,26095,119510,0
28490,46695,96037,75185,124527,142732,0
42156,4899,47508,47055,89664,52407,0
17236,73962,24735,91198,41971,98697,0
6122,35646,40750,41768,46872,76396,1
9141,98320,42888,107461,52029,141208,0
92831,95327,3563,188158,96394,98890,1
75778,89550,48166,165328,123944,137716,1
50174,15009,35722,65183,85896,50731,1
48731,70184,3632,118915,52363,73816,0
10351,91918,63700,102269,74051,155618,0
65279,83900,63873,149179,129152,147773,1
46069,57616,3562,103685,49631,61178,0
97618,57918,88960,155536,186578,146878,1
82405,83444,78334,165849,160739,161778,1
29841,66802,49782,96643,79623,116584,1
21305,30386,22289,51691,43594,52675,1
17628,9164,53699,26792,71327,62863,0
84640,28036,44972,112676,129612,73008,0
99388,61340,80568,160728,179956,141908,1
96071,18548,53675,114619,149746,72223,0
40231,34811,86035,75042,126266,120846,0
98224,32838,42153,131062,140377,74991,0
51704,12950,90108,64654,141812,103058,0
11270,23145,43423,34415,54693,66568,0
25171,30912,20495,56083,45666,51407,1
93357,12964,24425,106321,117782,37389,0
33451,72749,25860,106200,59311,98609,0
2267,27898,57099,30165,59366,84997,0
61605,44299,66568,105904,128173,110867,1
90865,22894,24950,113759,115815,47844,0
44013,73562,61714,117575,105727,135276,1
61290,89299,26052,150589,87342,115351,0
40081,85692,76483,125773,116564,162175,1
60924,85265,28949,146189,89873,114214,1
28277,63521,2711,91798,30988,66232,0
60393,4153,85968,64546,146361,90121,0
94653,55739,75783,150392,170436,131522,1
39959,64196,67821,104155,107780,132017,1
84826,73813,30685,158639,115511,104498,1
72342,99390,93451,171732,165793,192841,1
19460,63142,35883,82602,55343,99025,0
83581,54454,10049,138035,93630,64503,0
75991,60295,20913,136286,96904,81208,1
41411,1021,77711,42432,119122,78732,0
35035,28068,46099,63103,81134,74167,1
70535,76252,20592,146787,91127,96844,1
62188,80750,20580,142938,82768,101330,1
49138,14159,31744,63297,80882,45903,0
82456,45635,12199,128091,94655,57834,0
25356,95464,72355,120820,97711,167819,1
36471,3201,79405,39672,115876,82606,0
65904,82770,74759,148674,140663,157529,1
63531,2386,28955,65917,92486,31341,0
38075,6593,68201,44668,106276,74794,0
68092,45926,79408,114018,147500,125334,1
1303,16136,38627,17439,39930,54763,0
19995,56240,44244,76235,64239,100484,1
86298,21185,89224,107483,175522,110409,1
10319,7674,8513,17993,18832,16187,1
34299,61890,82444,96189,116743,144334,1
11473,18473,16389,29946,27862,34862,1
27832,91127,79062,118959,106894,170189,1
30912,16161,20458,47073,51370,36619,1
39450,65839,87110,105289,126560,152949,1
64910,15973,24978,80883,89888,40951,0
44550,84170,46833,128720,91383,131003,1
81707,30150,90489,111857,172196,120639,1
14117,64167,28170,78284,42287,92337,0
69724,32859,20182,102583,89906,53041,0
23602,64231,34900,87833,58502,99131,0
98522,94411,19656,192933,118178,114067,1
66722,41906,48119,108628,114841,90025,1
35476,73630,4256,109106,39732,77886,0
31960,43181,78940,75141,110900,122121,0
41037,85640,93949,126677,134986,179589,1
973,88443,21553,89416,22526,109996,0
73279,22674,20439,95953,93718,43113,0
99263,93847,18479,193110,117742,112326,1
98330,14830,30861,113160,129191,45691,0
10911,44674,21097,55585,32008,65771,0
15858,39662,96299,55520,112157,135961,0
91704,97780,68352,189484,160056,166132,1
14205,82664,98750,96869,112955,181414,0
62740,89338,20450,152078,83190,109788,0
41231,81855,11783,123086,53014,93638,0
7421,9903,75191,17324,82612,85094,0
65444,60075,15715,125519,81159,75790,1
74922,20565,55456,95487,130378,76021,1
63027,18844,95814,81871,158841,114658,0
69400,48610,31735,118010,101135,80345,1
73791,90436,89717,164227,163508,180153,1
51861,20104,13490,71965,65351,33594,0
12903,26991,69016,39894,81919,96007,0
53397,86408,91224,139805,144621,177632,1
89479,45860,61589,135339,151068,107449,1
57363,18232,21374,75595,78737,39606,0
55562,40873,97964,96435,153526,138837,0
22123,96979,82063,119102,104186,179042,1
52296,66258,88212,118554,140508,154470,1
51102,30683,25039,81785,76141,55722,1
44763,91811,38320,136574,83083,130131,0
85169,67006,90857,152175,176026,157863,1
51648,56886,57774,108534,109422,114660,1
99217,74857,58051,174074,157268,132908,1
88657,93687,88165,182344,176822,181852,1
57613,4974,46984,62587,104597,51958,0
24758,37655,95000,62413,119758,132655,0
15241,44808,83337,60049,98578,128145,0
7126,24658,56826,31784,63952,81484,0
69318,75183,82196,144501,151514,157379,1
4090,93207,62937,97297,67027,156144,0
4520,79929,75410,84449,79930,155339,1
17070,9378,20907,26448,37977,30285,1
2799,63504,77459,66303,80258,140963,0
66597,69811,88798,136408,155395,158609,1
52624,86442,18457,139066,71081,104899,0
62326,23653,3657,85979,65983,27310,0
56306,85431,76997,141737,133303,162428,1
57997,10630,35590,68627,93587,46220,0
72098,58362,82291,130460,154389,140653,1
23390,35895,1586,59285,24976,37481,0
4506,40909,23749,45415,28255,64658,0
860,89544,9964,90404,10824,99508,0
53798,2286,40301,56084,94099,42587,0
39823,54018,36685,93841,76508,90703,1
66102,89618,86418,155720,152520,176036,1
13800,75376,53376,89176,67176,128752,0
38954,3400,95905,42354,134859,99305,0
5244,62276,57084,67520,62328,119360,1
51935,11783,97278,63718,149213,109061,0
27923,6269,52377,34192,80300,58646,0
65221,74552,32213,139773,97434,106765,1
9368,93566,54853,102934,64221,148419,0
96070,63871,88062,159941,184132,151933,1
11046,942,59474,11988,70520,60416,0
66472,42005,13545,108477,80017,55550,0
30400,94075,91989,124475,122389,186064,1
62054,51793,94181,113847,156235,145974,1
70242,40001,3446,110243,73688,43447,0
94447,98113,33668,192560,128115,131781,1
80896,13935,14901,94831,95797,28836,0
49634,17801,89589,67435,139223,107390,0
94133,52030,82065,146163,176198,134095,1
57126,27859,49906,84985,107032,77765,1
68859,55967,40131,124826,108990,96098,1
83036,50353,46381,133389,129417,96734,1
53534,98009,63361,151543,116895,161370,1
9587,66020,4734,75607,14321,70754,0
69697,68748,13352,138445,83049,82100,1
60816,91694,4672,152510,65488,96366,0
33511,13649,88627,47160,122138,102276,0
95516,52289,78053,147805,173569,130342,1
35692,18664,66436,54356,102128,85100,0
79435,20163,39497,99598,118932,59660,0
39421,68755,86865,108176,126286,155620,1
49779,71326,87864,121105,137643,159190,1
14748,27822,83279,42570,98027,111101,0
44524,33930,96484,78454,141008,130414,0
67768,27830,81082,95598,148850,108912,1
43862,11957,71944,55819,115806,83901,0
5668,15614,50597,21282,56265,66211,0
68403,92070,1330,160473,69733,93400,0
82836,15244,83566,98080,166402,98810,1
66375,94787,27995,161162,94370,122782,0
40107,22037,28157,62144,68264,50194,1
74787,34354,1708,109141,76495,36062,0
59757,82571,2319,142328,62076,84890,0
21090,63707,8079,84797,29169,71786,0
17114,79351,84486,96465,101600,163837,1
86345,58146,93488,144491,179833,151634,1
48148,57544,91244,105692,139392,148788,1
6486,93234,90236,99720,96722,183470,1
946,91256,71228,92202,72174,162484,0
44549,58285,30140,102834,74689,88425,1
19826,28112,69664,47938,89490,97776,0
3336,98381,40970,101717,44306,139351,0
77111,40080,33800,117191,110911,73880,0
32042,83180,39452,115222,71494,122632,0
96598,52858,36473,149456,133071,89331,0
750,36704,40748,37454,41498,77452,0
56377,23019,9548,79396,65925,32567,0
88306,77655,21026,165961,109332,98681,1
70345,29508,46774,99853,117119,76282,1
68390,5215,77667,73605,146057,82882,0
72816,18441,30901,91257,103717,49342,0
84936,95791,36595,180727,121531,132386,1
50456,61550,96743,112006,147199,158293,1
74885,99142,13135,174027,88020,112277,0
68495,50743,13751,119238,82246,64494,0
95524,52561,9568,148085,105092,62129,0
67270,66851,89814,134121,157084,156665,1
10678,3173,8802,13851,19480,11975,1
81619,41642,10212,123261,91831,51854,0
47419,4934,12375,52353,59794,17309,0
12338,21269,88646,33607,100984,109915,0
15296,35845,67172,51141,82468,103017,0
24637,80615,70429,105252,95066,151044,1
47965,98901,8782,146866,56747,107683,0
75838,96839,37558,172677,113396,134397,1
58408,72430,28601,130838,87009,101031,1
80889,4158,57067,85047,137956,61225,0
3979,5830,77382,9809,81361,83212,0
42851,29099,48514,71950,91365,77613,1
36735,56881,27443,93616,64178,84324,1
71953,14533,88281,86486,160234,102814,0
26503,50696,98288,77199,124791,148984,0
24476,53248,45759,77724,70235,99007,1
99708,86688,2559,186396,102267,89247,0
49243,59718,44938,108961,94181,104656,1
71207,52140,49772,123347,120979,101912,1
76377,128,79523,76505,155900,79651,0
89702,49151,17185,138853,106887,66336,0
1274,49115,282,50389,1556,49397,0
4892,34585,3227,39477,8119,37812,0
5123,73157,50598,78280,55721,123755,0
31097,39304,23633,70401,54730,62937,1
81207,68010,68774,149217,149981,136784,1
90074,71750,15944,161824,106018,87694,0
22521,61259,10769,83780,33290,72028,0
70384,85729,37288,156113,107672,123017,1
4495,25425,20852,29920,25347,46277,0
98715,92597,9815,191312,108530,102412,1
23115,34805,83307,57920,106422,118112,0
87959,90443,69046,178402,157005,159489,1
35522,4870,83298,40392,118820,88168,0
9638,62461,15995,72099,25633,78456,0
81857,44103,2770,125960,84627,46873,0
17823,49674,55068,67497,72891,104742,1
8786,7136,78170,15922,86956,85306,0
49541,68066,58952,117607,108493,127018,1
10378,15155,81604,25533,91982,96759,0
31412,12035,13044,43447,44456,25079,0
70731,81598,97839,152329,168570,179437,1
41028,25999,41810,67027,82838,67809,1
75842,7386,32074,83228,107916,39460,0
40639,71782,55023,112421,95662,126805,1
35667,82576,72274,118243,107941,154850,1
79117,80577,29539,159694,108656,110116,1
9209,47914,80414,57123,89623,128328,0
77820,19921,14589,97741,92409,34510,0
88769,44127,17536,132896,106305,61663,0
14198,67336,79341,81534,93539,146677,1
76437,9605,80692,86042,157129,90297,1
93999,35204,20605,129203,114604,55809,0
68770,36427,68143,105197,136913,104570,1
54138,26797,26568,80935,80706,53365,0
17835,96796,75128,114631,92963,171924,0
67026,19019,62983,86045,130009,82002,1
39549,13009,20443,52558,59992,33452,0
63660,51152,88365,114812,152025,139517,1
90796,61501,86605,152297,177401,148106,1
74661,19956,7210,94617,81871,27166,0
93101,44886,65403,137987,158504,110289,1
6786,35833,52487,42619,59273,88320,0
10747,2990,96203,13737,106950,99193,0
93215,56061,97902,149276,191117,153963,1
6502,30552,56938,37054,63440,87490,0
87486,21784,6897,109270,94383,28681,0
51153,62616,94021,113769,145174,156637,1
62561,20497,61867,83058,124428,82364,1
96314,41339,3060,137653,99374,44399,0
45548,54779,52535,100327,98083,107314,1
33415,48856,40908,82271,74323,89764,1
85455,34818,59665,120273,145120,94483,1
58416,32227,78498,90643,136914,110725,1
92707,50108,76436,142815,169143,126544,1
6979,69367,35831,76346,42810,105198,0
70388,23915,57466,94303,127854,81381,1
98958,47806,67110,146764,166068,114916,1
49265,45399,15311,94664,64576,60710,1
39723,72559,14556,112282,54279,87115,0
4154,25454,63032,29608,67186,88486,0
7422,39106,91156,46528,98578,130262,0
16882,58136,26747,75018,43629,84883,0
12773,87632,57435,100405,70208,145067,0
63733,3452,81358,67185,145091,84810,0
10515,55483,94880,65998,105395,150363,0
916,65362,74254,66278,75170,139616,0
96884,13995,86710,110879,183594,100705,1
93486,89005,63995,182491,157481,153000,1
2177,34309,65350,36486,67527,99659,0
10292,88963,29523,99255,39815,118486,0
18661,43260,96753,61921,115414,140013,0
36094,23533,3494,59627,39588,27027,0
45457,31060,1654,76517,47111,32714,0
36707,21403,75144,58110,111851,96547,0
88459,23779,30528,112238,118987,54307,0
26808,57151,70965,83959,97773,128116,1
12871,58846,62508,71717,75379,121354,1
62412,53309,81555,115721,143967,134864,1
66454,78893,39685,145347,106139,118578,1
56570,11567,98220,68137,154790,109787,0
71666,4231,44773,75897,116439,49004,0
17492,72929,70758,90421,88250,143687,1
49795,2716,34233,52511,84028,36949,0
74162,75019,1039,149181,75201,76058,1
33046,77770,32873,110816,65919,110643,0
23187,58689,25218,81876,48405,83907,0
24950,16741,68462,41691,93412,85203,0
77183,52243,47611,129426,124794,99854,1
38777,30653,8626,69430,47403,39279,1
61826,69406,63743,131232,125569,133149,1
11484,10417,26764,21901,38248,37181,0
72821,39479,56002,112300,128823,95481,1
12842,62944,11198,75786,24040,74142,0
62296,98357,53455,160653,115751,151812,1
21940,87977,24017,109917,45957,111994,0
92695,22168,62964,114863,155659,85132,0
13035,19790,10712,32825,23747,30502,1
858,54840,48683,55698,49541,103523,0
46819,57165,40205,103984,87024,97370,1
2261,55373,14862,57634,17123,70235,0
65469,39294,38376,104763,103845,77670,1
74384,70742,33287,145126,107671,104029,1
26256,6426,51880,32682,78136,58306,0
9542,34319,2930,43861,12472,37249,0
16097,11148,68739,27245,84836,79887,0
42117,26113,73521,68230,115638,99634,0
52123,57136,59849,109259,111972,116985,1
55487,29837,88707,85324,144194,118544,0
5223,27753,26848,32976,32071,54601,1
88438,97967,3107,186405,91545,101074,0
98359,65072,80405,163431,178764,145477,1
26733,90401,37468,117134,64201,127869,0
88661,48192,80711,136853,169372,128903,1
85660,44677,67723,130337,153383,112400,1
2582,52234,38608,54816,41190,90842,0
44250,46722,49357,90972,93607,96079,1
35577,83746,1324,119323,36901,85070,0
6919,43772,58316,50691,65235,102088,0
33251,40897,70423,74148,103674,111320,1
10565,902,13463,11467,24028,14365,0
90907,897,91124,91804,182031,92021,1
45123,83171,18733,128294,63856,101904,0
79285,3374,8903,82659,88188,12277,0
6769,67655,97414,74424,104183,165069,0
98872,12156,17223,111028,116095,29379,0
68085,32761,20729,100846,88814,53490,0
37178,9743,5150,46921,42328,14893,0
39182,20110,12322,59292,51504,32432,0
53715,78354,3836,132069,57551,82190,0
59459,73992,18027,133451,77486,92019,1
8735,12701,82950,21436,91685,95651,0
23650,60833,54028,84483,77678,114861,1
14814,20765,66524,35579,81338,87289,0
80138,26039,12597,106177,92735,38636,0
49371,9888,97662,59259,147033,107550,0
54786,73699,24526,128485,79312,98225,1
909,31109,46533,32018,47442,77642,0
16111,42952,9641,59063,25752,52593,0
7606,32653,31437,40259,39043,64090,1
69242,91145,97792,160387,167034,188937,1
7842,75400,41621,83242,49463,117021,0
20611,81092,61798,101703,82409,142890,1
63004,76598,41742,139602,104746,118340,1
79404,88328,61590,167732,140994,149918,1
92686,79821,31760,172507,124446,111581,1
17497,27036,60306,44533,77803,87342,0
62513,18076,90654,80589,153167,108730,0
5463,69,24079,5532,29542,24148,0
58798,34823,36608,93621,95406,71431,1
13205,26846,94778,40051,107983,121624,0
5036,86574,14755,91610,19791,101329,0
4770,97056,74745,101826,79515,171801,0
23928,2466,72746,26394,96674,75212,0
12397,11769,94551,24166,106948,106320,0
19330,50408,80585,69738,99915,130993,0
67283,85279,65910,152562,133193,151189,1
4072,9820,14065,13892,18137,23885,0
68789,39633,53185,108422,121974,92818,1
48291,74186,97855,122477,146146,172041,1
41505,59087,74198,100592,115703,133285,1
50623,53834,40357,104457,90980,94191,1
99528,44717,77741,144245,177269,122458,1
15122,70369,21428,85491,36550,91797,0
42005,5722,49910,47727,91915,55632,0
20722,93337,38221,114059,58943,131558,0
62444,1713,70524,64157,132968,72237,0
13973,20115,99324,34088,113297,119439,0
57307,94159,74676,151466,131983,168835,1
2239,6830,14044,9069,16283,20874,0
51900,88559,16785,140459,68685,105344,0
73608,64696,16671,138304,90279,81367,1
88931,69200,40080,158131,129011,109280,1
10009,394,35320,10403,45329,35714,0
47798,26024,65756,73822,113554,91780,1
52569,45475,70017,98044,122586,115492,1
93275,58902,10204,152177,103479,69106,0
80104,49916,81916,130020,162020,131832,1
84568,83825,57861,168393,142429,141686,1
8549,73555,16592,82104,25141,90147,0
1212,44988,27458,46200,28670,72446,0
29319,4942,19861,34261,49180,24803,0
11726,75186,37214,86912,48940,112400,0
53066,35950,67735,89016,120801,103685,1
28579,93625,28473,122204,57052,122098,0
41545,67697,70317,109242,111862,138014,1
84825,41362,80214,126187,165039,121576,1
1420,13937,42172,15357,43592,56109,0
66342,25682,17552,92024,83894,43234,0
31569,53909,26488,85478,58057,80397,1
28348,39162,45956,67510,74304,85118,1
73483,50180,7969,123663,81452,58149,0
44028,21250,11583,65278,55611,32833,0
22255,25619,37956,47874,60211,63575,1
76002,47436,32483,123438,108485,79919,1
43129,18754,42837,61883,85966,61591,1
65967,8248,30315,74215,96282,38563,0
81763,31189,97429,112952,179192,128618,1
53390,76395,60287,129785,113677,136682,1
45498,1792,70716,47290,116214,72508,0
1975,67207,43923,69182,45898,111130,0
23416,13383,53170,36799,76586,66553,0
58090,92621,71191,150711,129281,163812,1
19744,77365,28585,97109,48329,105950,0
24118,10503,1711,34621,25829,12214,0
81481,14838,68612,96319,150093,83450,1
73603,89936,99136,163539,172739,189072,1
19038,51044,92057,70082,111095,143101,0
73184,54252,53039,127436,126223,107291,1
57954,67264,51248,125218,109202,118512,1
75953,49424,33820,125377,109773,83244,1
76374,63299,2741,139673,79115,66040,0
31963,84849,43658,116812,75621,128507,0
53545,89774,729,143319,54274,90503,0
92857,70311,22950,163168,115807,93261,1
69107,8031,69239,77138,138346,77270,1
51743,24212,25281,75955,77024,49493,0
47862,47811,89353,95673,137215,137164,1
79263,77728,79659,156991,158922,157387,1
39916,52396,33351,92312,73267,85747,1
38136,61172,35293,99308,73429,96465,1
98137,59670,62203,157807,160340,121873,1
74843,66921,38296,141764,113139,105217,1
62335,27961,91317,90296,153652,119278,0
84953,1899,92583,86852,177536,94482,0
40320,77143,40292,117463,80612,117435,1
65847,46620,87751,112467,153598,134371,1
43026,4861,55812,47887,98838,60673,0
67520,24285,77972,91805,145492,102257,1
94827,69320,12586,164147,107413,81906,0
85504,95642,26329,181146,111833,121971,1
51446,77990,4420,129436,55866,82410,0
60126,75325,98090,135451,158216,173415,1
1462,19139,16575,20601,18037,35714,0
38710,68821,238,107531,38948,69059,0
7506,59928,89864,67434,97370,149792,0
23723,7438,47768,31161,71491,55206,0
36428,51687,40693,88115,77121,92380,1
18076,17408,31990,35484,50066,49398,1
54501,39052,7908,93553,62409,46960,0
72017,41333,841,113350,72858,42174,0
632,46499,81370,47131,82002,127869,0
10132,36008,67219,46140,77351,103227,0
25847,60887,50407,86734,76254,111294,1
33204,99844,15007,133048,48211,114851,0
60817,25004,25810,85821,86627,50814,0
93298,4804,4697,98102,97995,9501,0
81223,67958,92286,149181,173509,160244,1
38615,7253,40906,45868,79521,48159,1
29200,18805,25729,48005,54929,44534,1
74695,73919,44342,148614,119037,118261,1
46881,65533,89859,112414,136740,155392,1
48174,52420,29424,100594,77598,81844,1
16941,71111,53846,88052,70787,124957,0
67813,13703,63045,81516,130858,76748,1
42524,80366,48280,122890,90804,128646,1
7226,5567,68170,12793,75396,73737,0
22529,25596,56933,48125,79462,82529,0
38689,52292,30086,90981,68775,82378,1
89139,80502,22175,169641,111314,102677,1
12404,59855,8643,72259,21047,68498,0
95317,69865,63512,165182,158829,133377,1
52623,5153,59652,57776,112275,64805,0
18512,93533,69312,112045,87824,162845,0
5502,26198,15932,31700,21434,42130,0
91797,75286,20925,167083,112722,96211,1
17385,60315,86628,77700,104013,146943,0
21802,98407,83752,120209,105554,182159,1
9574,58271,28247,67845,37821,86518,0
42353,33587,90366,75940,132719,123953,0
46243,25521,24199,71764,70442,49720,1
45866,74505,76775,120371,122641,151280,1
94053,62771,14685,156824,108738,77456,0
35624,27356,64635,62980,100259,91991,0
28160,31165,5960,59325,34120,37125,1
25137,15756,69155,40893,94292,84911,0
37855,99445,45861,137300,83716,145306,0
9322,59352,31969,68674,41291,91321,0
74133,82205,44429,156338,118562,126634,1
98529,88301,71991,186830,170520,160292,1
71303,37956,44917,109259,116220,82873,1
70340,42144,98045,112484,168385,140189,1
71945,58886,54900,130831,126845,113786,1
62801,62214,85085,125015,147886,147299,1
89727,88207,218,177934,89945,88425,0
7100,80192,80441,87292,87541,160633,1
93297,82618,70061,175915,163358,152679,1
95104,26879,98517,121983,193621,125396,1
88156,47079,44984,135235,133140,92063,1
36594,16715,26893,53309,63487,43608,1
1432,14918,71601,16350,73033,86519,0
79277,22783,53240,102060,132517,76023,0
41644,22772,90370,64416,132014,113142,0
24945,28342,31852,53287,56797,60194,1
89872,85897,17072,175769,106944,102969,1
87458,72536,47065,159994,134523,119601,1
42926,38922,95618,81848,138544,134540,0
75126,1824,63918,76950,139044,65742,0
81505,77915,90122,159420,171627,168037,1
49436,24810,31935,74246,81371,56745,1
74484,87618,48563,162102,123047,136181,1
40654,77744,98893,118398,139547,176637,1
15132,51582,29924,66714,45056,81506,0
90873,70490,43327,161363,134200,113817,1
29527,50869,47493,80396,77020,98362,1
95885,75288,88103,171173,183988,163391,1
89691,56937,37817,146628,127508,94754,1
89832,29273,70147,119105,159979,99420,1
103,19502,47131,19605,47234,66633,0
37025,49994,37393,87019,74418,87387,1
69410,34335,60340,103745,129750,94675,1
33906,98770,32589,132676,66495,131359,0
21468,42882,57507,64350,78975,100389,1
48489,42065,1843,90554,50332,43908,0
34561,87909,94112,122470,128673,182021,1
65467,29390,4619,94857,70086,34009,0
97009,68938,55008,165947,152017,123946,1
16659,95231,91855,111890,108514,187086,1
58676,97527,65117,156203,123793,162644,1
81458,82219,34435,163677,115893,116654,1
77402,14589,25263,91991,102665,39852,0
31506,37329,76560,68835,108066,113889,0
83320,69109,91610,152429,174930,160719,1
36278,82270,76549,118548,112827,158819,1
7921,3029,48782,10950,56703,51811,0
18931,30153,35000,49084,53931,65153,1
95695,36410,4381,132105,100076,40791,0
90627,46304,63514,136931,154141,109818,1
85034,26164,27574,111198,112608,53738,0
81725,93253,63916,174978,145641,157169,1
34627,99353,19422,133980,54049,118775,0
44687,6565,74709,51252,119396,81274,0
40350,55261,36252,95611,76602,91513,1
16906,31606,5939,48512,22845,37545,0
13451,50253,89835,63704,103286,140088,0
63228,27727,70809,90955,134037,98536,1
85527,63566,77080,149093,162607,140646,1
28516,62282,23975,90798,52491,86257,0
65355,92488,99349,157843,164704,191837,1
13795,95509,77301,109304,91096,172810,0
80866,44083,28024,124949,108890,72107,0
57160,64626,60179,121786,117339,124805,1
69787,59849,25238,129636,95025,85087,1
59015,89428,33846,148443,92861,123274,1
76880,34758,97336,111638,174216,132094,1
41267,54948,6407,96215,47674,61355,0
31418,58310,38161,89728,69579,96471,1
16774,55815,11343,72589,28117,67158,0
42558,69009,88001,111567,130559,157010,1
67007,84537,74433,151544,141440,158970,1
72503,96671,54668,169174,127171,151339,1
49913,23231,24118,73144,74031,47349,0
34774,69230,40865,104004,75639,110095,1
51673,27562,44258,79235,95931,71820,1
14565,26219,9612,40784,24177,35831,0
36677,87002,40620,123679,77297,127622,0
29344,90423,16216,119767,45560,106639,0
78893,44289,27221,123182,106114,71510,0
22007,90563,5104,112570,27111,95667,0
14572,96846,430,111418,15002,97276,0
66318,21698,15913,88016,82231,37611,0
99329,39918,40530,139247,139859,80448,0
68760,90027,516,158787,69276,90543,0
41104,38005,59610,79109,100714,97615,1
70944,83897,50802,154841,121746,134699,1
27296,46796,2819,74092,30115,49615,0
68988,46346,16256,115334,85244,62602,0
93580,31170,33346,124750,126926,64516,0
61299,20395,83132,81694,144431,103527,0
17432,52617,96700,70049,114132,149317,0
6593,4063,60662,10656,67255,64725,0
78704,94669,46406,173373,125110,141075,1
67843,61722,91577,129565,159420,153299,1
3831,46741,26134,50572,29965,72875,0
35504,23676,34812,59180,70316,58488,1
29544,40470,77196,70014,106740,117666,0
30233,14198,43587,44431,73820,57785,1
13274,29755,41890,43029,55164,71645,1
71700,45857,5896,117557,77596,51753,0
50869,13957,68559,64826,119428,82516,0
8794,84347,92894,93141,101688,177241,1
79932,8956,42560,88888,122492,51516,0
7215,64670,81385,71885,88600,146055,0
89471,33300,1106,122771,90577,34406,0
4872,23356,11162,28228,16034,34518,0
8759,92067,46083,100826,54842,138150,0
58320,86927,39007,145247,97327,125934,1
81447,76832,70290,158279,151737,147122,1
95679,74574,6708,170253,102387,81282,0
7220,3546,58925,10766,66145,62471,0
28031,81916,178,109947,28209,82094,0
3912,23018,38872,26930,42784,61890,0
44823,70791,28527,115614,73350,99318,1
30474,40619,57447,71093,87921,98066,1
65788,76873,52791,142661,118579,129664,1
28570,39344,72993,67914,101563,112337,0
11480,90040,36222,101520,47702,126262,0
55047,82728,95920,137775,150967,178648,1
9599,56126,844,65725,10443,56970,0
63758,93479,65212,157237,128970,158691,1
96216,21182,51134,117398,147350,72316,0
14001,20613,69521,34614,83522,90134,0
79619,51389,96808,131008,176427,148197,1
86941,62187,59627,149128,146568,121814,1
11766,32524,59102,44290,70868,91626,0
30008,13595,34371,43603,64379,47966,1
17596,13777,6609,31373,24205,20386,1
46431,44813,87455,91244,133886,132268,1
62389,29415,51657,91804,114046,81072,1
71026,72466,12961,143492,83987,85427,1
77083,96933,77042,174016,154125,173975,1
47815,14266,98509,62081,146324,112775,0
29768,926,46672,30694,76440,47598,0
26098,31627,80354,57725,106452,111981,0
6208,80819,56853,87027,63061,137672,0
59792,37955,54992,97747,114784,92947,1
47231,26974,26948,74205,74179,53922,1
50388,43562,89350,93950,139738,132912,1
77635,69578,64583,147213,142218,134161,1
93961,87633,95328,181594,189289,182961,1
69099,60445,9372,129544,78471,69817,1
14010,34187,13263,48197,27273,47450,0
78465,24847,55523,103312,133988,80370,1
9122,80532,72297,89654,81419,152829,1
36490,80107,42852,116597,79342,122959,0
74563,25603,26278,100166,100841,51881,0
25497,4500,438,29997,25935,4938,0
26334,371,30050,26705,56384,30421,0
42164,79327,32444,121491,74608,111771,0
35715,3845,56317,39560,92032,60162,0
81924,67343,99788,149267,181712,167131,1
91189,33300,44457,124489,135646,77757,0
8637,71484,58621,80121,67258,130105,0
58203,19866,5546,78069,63749,25412,0
6429,68132,99854,74561,106283,167986,0
28768,87586,56809,116354,85577,144395,0
53198,39682,91383,92880,144581,131065,1
73602,49884,46562,123486,120164,96446,1
52801,81229,87594,134030,140395,168823,1
3532,12066,33092,15598,36624,45158,0
22373,8242,78523,30615,100896,86765,0
68323,31411,65108,99734,133431,96519,1
27252,40738,76045,67990,103297,116783,0
86440,15757,26007,102197,112447,41764,0
54802,24275,221,79077,55023,24496,0
59588,94403,71163,153991,130751,165566,1
15178,52038,77903,67216,93081,129941,0
1545,2791,55912,4336,57457,58703,0
17839,48509,7021,66348,24860,55530,0
26277,63933,49212,90210,75489,113145,1
16211,78595,83575,94806,99786,162170,1
162,73316,60548,73478,60710,133864,0
59431,35919,15195,95350,74626,51114,0
39537,2718,51675,42255,91212,54393,0
74608,69273,39464,143881,114072,108737,1
38276,61897,74433,100173,112709,136330,1
45551,80871,18840,126422,64391,99711,0
36883,60426,79767,97309,116650,140193,1
17697,90970,44820,108667,62517,135790,0
70715,76783,37111,147498,107826,113894,1
82991,15488,56622,98479,139613,72110,0
42624,14156,72873,56780,115497,87029,0
3989,62797,14874,66786,18863,77671,0
675,96535,7447,97210,8122,103982,0
95333,24470,16208,119803,111541,40678,0
38482,49371,81265,87853,119747,130636,1
5341,13688,89979,19029,95320,103667,0
94312,38638,11122,132950,105434,49760,0
81355,27141,28905,108496,110260,56046,0
60994,10390,58738,71384,119732,69128,1
17766,20569,55054,38335,72820,75623,0
58984,45497,20463,104481,79447,65960,1
99316,40395,87983,139711,187299,128378,1
59999,36671,51018,96670,111017,87689,1
18412,68601,17947,87013,36359,86548,0
52587,83484,39093,136071,91680,122577,1
74016,99889,80357,173905,154373,180246,1
2000,39940,56938,41940,58938,96878,0
58957,91521,96716,150478,155673,188237,1
71564,99888,85188,171452,156752,185076,1
38756,83627,18593,122383,57349,102220,0
73838,69360,53371,143198,127209,122731,1
56102,869,34437,56971,90539,35306,0
92332,22659,37470,114991,129802,60129,0
89057,75744,91503,164801,180560,167247,1
90295,69361,92251,159656,182546,161612,1
22449,87753,1059,110202,23508,88812,0
76932,15077,68881,92009,145813,83958,1
6573,22134,52855,28707,59428,74989,0
52628,61435,65467,114063,118095,126902,1
22720,77612,20061,100332,42781,97673,0
76841,61142,65396,137983,142237,126538,1
23857,47576,95427,71433,119284,143003,0
52270,21613,1718,73883,53988,23331,0
60190,29191,71834,89381,132024,101025,1
6211,60694,11301,66905,17512,71995,0
93118,6395,57040,99513,150158,63435,0
47062,59826,77112,106888,124174,136938,1
8138,95735,74801,103873,82939,170536,0
23550,26328,95298,49878,118848,121626,0
5530,66649,64067,72179,69597,130716,1
34275,248,84815,34523,119090,85063,0
55583,89685,63848,145268,119431,153533,1
51543,85219,56091,136762,107634,141310,1
82243,78580,14237,160823,96480,92817,1
12252,80043,29239,92295,41491,109282,0
77013,75717,31423,152730,108436,107140,1
84064,12713,52354,96777,136418,65067,0
46860,39921,62690,86781,109550,102611,1
18395,66522,62896,84917,81291,129418,1
97706,87622,50980,185328,148686,138602,1
90654,88166,35515,178820,126169,123681,1
94125,22783,57182,116908,151307,79965,0
14400,32090,3207,46490,17607,35297,0
76252,43396,53563,119648,129815,96959,1
7711,83532,45578,91243,53289,129110,0
36810,39753,56037,76563,92847,95790,1
9452,71444,37919,80896,47371,109363,0
19698,66318,49796,86016,69494,116114,1
77274,63738,6388,141012,83662,70126,0
55807,3383,14230,59190,70037,17613,0
1706,87023,44946,88729,46652,131969,0
82842,14753,24104,97595,106946,38857,0
38573,4342,75638,42915,114211,79980,0
44916,64563,33340,109479,78256,97903,1
54974,62529,92938,117503,147912,155467,1
23122,27191,74066,50313,97188,101257,0
50187,76675,37922,126862,88109,114597,1
47430,20404,15492,67834,62922,35896,0
23604,5267,35698,28871,59302,40965,0
63920,74396,10131,138316,74051,84527,0
153,29422,25455,29575,25608,54877,0
89800,52040,74299,141840,164099,126339,1
83968,84579,43211,168547,127179,127790,1
69415,1976,14747,71391,84162,16723,0
69618,30968,19010,100586,88628,49978,0
10761,51969,26290,62730,37051,78259,0
27558,30468,99389,58026,126947,129857,0
87496,43808,43120,131304,130616,86928,0
18775,31045,56504,49820,75279,87549,0
1970,3243,2520,5213,4490,5763,1
63155,89113,47875,152268,111030,136988,1
48328,49476,63775,97804,112103,113251,1
16952,88495,33213,105447,50165,121708,0
12609,4926,94998,17535,107607,99924,0
3438,4122,77043,7560,80481,81165,0
86436,29587,5178,116023,91614,34765,0
95105,80091,16146,175196,111251,96237,1
41555,87266,4390,128821,45945,91656,0
10771,37021,31306,47792,42077,68327,1
40675,43156,93656,83831,134331,136812,0
42471,83681,16780,126152,59251,100461,0
13033,8639,61970,21672,75003,70609,0
78637,92312,76741,170949,155378,169053,1
87591,11471,2099,99062,89690,13570,0
4004,75393,72886,79397,76890,148279,1
96623,53310,47064,149933,143687,100374,1
12778,22395,26504,35173,39282,48899,1
57524,86846,61545,144370,119069,148391,1
63570,37914,6601,101484,70171,44515,0
13403,94055,64667,107458,78070,158722,0
86944,37670,19571,124614,106515,57241,0
4607,45227,17460,49834,22067,62687,0
16130,19787,23502,35917,39632,43289,1
19923,98292,48460,118215,68383,146752,0
86423,13348,52107,99771,138530,65455,0
8346,10332,63316,18678,71662,73648,0
75902,33169,31600,109071,107502,64769,0
29944,52740,73919,82684,103863,126659,1
80471,46260,50168,126731,130639,96428,1
14610,94199,99693,108809,114303,193892,1
30579,28000,29351,58579,59930,57351,1
85006,36367,44297,121373,129303,80664,0
87097,15890,65176,102987,152273,81066,0
52785,19890,27135,72675,79920,47025,0
84284,37616,25872,121900,110156,63488,0
27442,89167,92602,116609,120044,181769,1
15724,78850,7136,94574,22860,85986,0
9046,97710,3894,106756,12940,101604,0
60708,15713,75424,76421,136132,91137,1
12085,50141,972,62226,13057,51113,0
36207,35234,44364,71441,80571,79598,1
17024,73030,80163,90054,97187,153193,1
3120,32775,67629,35895,70749,100404,0
98731,543,11901,99274,110632,12444,0
64454,1660,67034,66114,131488,68694,0
69782,53433,84025,123215,153807,137458,1
93669,31754,63206,125423,156875,94960,1
46075,5937,93709,52012,139784,99646,0
9579,91270,15999,100849,25578,107269,0
72891,36514,67469,109405,140360,103983,1
90027,76236,97867,166263,187894,174103,1
48821,14027,73720,62848,122541,87747,0
77614,13889,3712,91503,81326,17601,0
34901,4257,67871,39158,102772,72128,0
98571,18966,18703,117537,117274,37669,0
12684,49089,94495,61773,107179,143584,0
74122,13216,52348,87338,126470,65564,0
95628,86176,71403,181804,167031,157579,1
73130,8601,44532,81731,117662,53133,0
16850,22297,12201,39147,29051,34498,1
32417,71447,88937,103864,121354,160384,1
20888,85532,38577,106420,59465,124109,0
610,77289,3797,77899,4407,81086,0
11255,64228,65254,75483,76509,129482,1
79110,26407,3655,105517,82765,30062,0
3937,89345,70767,93282,74704,160112,0
32467,98569,24459,131036,56926,123028,0
56249,34447,77327,90696,133576,111774,1
30866,82635,80927,113501,111793,163562,1
3560,70603,53391,74163,56951,123994,0
78482,78472,91530,156954,170012,170002,1
68217,5689,47198,73906,115415,52887,0
99963,57869,10324,157832,110287,68193,0
1488,1135,35026,2623,36514,36161,0
73511,43167,79212,116678,152723,122379,1
2569,47834,62969,50403,65538,110803,0
95694,36216,42230,131910,137924,78446,0
38822,14758,85605,53580,124427,100363,0
63128,52085,8523,115213,71651,60608,0
89475,62406,86831,151881,176306,149237,1
70163,33036,33073,103199,103236,66109,0
97282,27303,67738,124585,165020,95041,0
89713,57339,78059,147052,167772,135398,1
92773,50965,73916,143738,166689,124881,1
87410,85049,81814,172459,169224,166863,1
98831,33474,12142,132305,110973,45616,0
51646,86042,80151,137688,131797,166193,1
56340,40210,83697,96550,140037,123907,1
88457,1569,88199,90026,176656,89768,1
59058,8318,31098,67376,90156,39416,0
10625,56649,33233,67274,43858,89882,0
34705,51856,55032,86561,89737,106888,1
33161,50470,47178,83631,80339,97648,1
81381,96233,42606,177614,123987,138839,1
7219,98663,74239,105882,81458,172902,0
42959,51714,22602,94673,65561,74316,1
95000,7707,66241,102707,161241,73948,0
61562,669,45879,62231,107441,46548,0
43387,35597,97209,78984,140596,132806,0
85439,24666,38111,110105,123550,62777,0
93674,3333,63066,97007,156740,66399,0
17490,55680,99528,73170,117018,155208,0
15027,32082,95902,47109,110929,127984,0
11954,83614,81992,95568,93946,165606,1
47360,32714,28611,80074,75971,61325,1
57419,73510,98802,130929,156221,172312,1
24697,56128,97250,80825,121947,153378,0
32619,29789,18249,62408,50868,48038,1
72515,82382,6163,154897,78678,88545,0
11604,85596,27232,97200,38836,112828,0
48478,19725,39410,68203,87888,59135,1
429,29059,14725,29488,15154,43784,0
86773,17940,93060,104713,179833,111000,1
65260,11676,98073,76936,163333,109749,0
21957,87877,38557,109834,60514,126434,0
5089,86704,57593,91793,62682,144297,0
87911,25449,6954,113360,94865,32403,0
60440,91334,70055,151774,130495,161389,1
64206,13839,23793,78045,87999,37632,0
91489,54520,30624,146009,122113,85144,0
70685,62280,43036,132965,113721,105316,1
62206,86747,52535,148953,114741,139282,1
23116,78615,2380,101731,25496,80995,0
64778,23032,7926,87810,72704,30958,0
43343,91111,55149,134454,98492,146260,1
29239,80813,19632,110052,48871,100445,0
97250,54587,28685,151837,125935,83272,0
17573,72857,24633,90430,42206,97490,0
54673,22130,52061,76803,106734,74191,1
18844,93244,64590,112088,83434,157834,0
80652,31259,37820,111911,118472,69079,0
70718,40961,29254,111679,99972,70215,0
39942,27786,33624,67728,73566,61410,1
24396,78114,20121,102510,44517,98235,0
99349,42604,75702,141953,175051,118306,1
96505,65939,23830,162444,120335,89769,0
31358,1404,51540,32762,82898,52944,0
3044,63237,81326,66281,84370,144563,0
84355,6009,86010,90364,170365,92019,1
72147,98618,7777,170765,79924,106395,0
34216,6647,80713,40863,114929,87360,0
64378,94970,60793,159348,125171,155763,1
10879,6733,20739,17612,31618,27472,0
89666,58320,39376,147986,129042,97696,1
24319,62724,54685,87043,79004,117409,1
35195,89070,47372,124265,82567,136442,0
70970,11329,16233,82299,87203,27562,0
46452,60609,53710,107061,100162,114319,1
9291,73880,65790,83171,75081,139670,1
25693,63955,12507,89648,38200,76462,0
44006,5211,15303,49217,59309,20514,0
64232,78689,13802,142921,78034,92491,0
66377,96540,50275,162917,116652,146815,1
53612,60307,50181,113919,103793,110488,1
88612,54622,18169,143234,106781,72791,0
98216,26822,97339,125038,195555,124161,1
15788,67215,98682,83003,114470,165897,0
71641,29048,40558,100689,112199,69606,0
17022,54568,34615,71590,51637,89183,0
19510,40765,56975,60275,76485,97740,1
58972,82904,6652,141876,65624,89556,0
97769,35123,52043,132892,149812,87166,0
90360,77042,47216,167402,137576,124258,1
92374,76931,75360,169305,167734,152291,1
12327,94895,86229,107222,98556,181124,1
54022,85441,58868,139463,112890,144309,1
92298,56596,58153,148894,150451,114749,1
39529,4384,94801,43913,134330,99185,0
9586,22116,63280,31702,72866,85396,0
53168,50856,88839,104024,142007,139695,1
47409,46691,74265,94100,121674,120956,1
39262,13510,74233,52772,113495,87743,0
81966,76239,53506,158205,135472,129745,1
66772,75638,90845,142410,157617,166483,1
67657,14720,23290,82377,90947,38010,0
90262,56090,15778,146352,106040,71868,0
20450,9987,25144,30437,45594,35131,1
99468,47530,96463,146998,195931,143993,1
93792,97594,48479,191386,142271,146073,1
93629,99643,68771,193272,162400,168414,1
49958,59094,25797,109052,75755,84891,1
56501,779,76260,57280,132761,77039,0
40377,84990,77587,125367,117964,162577,1
93309,26666,5586,119975,98895,32252,0
7168,13391,38946,20559,46114,52337,0
46729,54073,76671,100802,123400,130744,1
8826,22081,60795,30907,69621,82876,0
5154,99314,23398,104468,28552,122712,0
31128,53846,95115,84974,126243,148961,0
51144,17905,28717,69049,79861,46622,0
59949,46450,64374,106399,124323,110824,1
84750,9835,69347,94585,154097,79182,0
5269,43266,59697,48535,64966,102963,0
95233,48375,38088,143608,133321,86463,0
63819,22882,23239,86701,87058,46121,0
84071,98950,25006,183021,109077,123956,1
80683,62437,73584,143120,154267,136021,1
25798,47639,35507,73437,61305,83146,1
58293,96514,97890,154807,156183,194404,1
9513,4755,36369,14268,45882,41124,0
83466,73352,85,156818,83551,73437,0
61045,18694,21546,79739,82591,40240,0
15757,91914,16396,107671,32153,108310,0
60612,76156,97327,136768,157939,173483,1
64744,17547,39068,82291,103812,56615,0
83433,2117,17,85550,83450,2134,0
912,58587,1460,59499,2372,60047,0
681,20587,81870,21268,82551,102457,0
57261,42898,49009,100159,106270,91907,1
82346,20435,84307,102781,166653,104742,1
93303,10868,67484,104171,160787,78352,0
48179,57924,64557,106103,112736,122481,1
57918,6377,9963,64295,67881,16340,0
79036,9609,44897,88645,123933,54506,0
74910,51297,40385,126207,115295,91682,1
86994,89608,95558,176602,182552,185166,1
59125,94520,45464,153645,104589,139984,1
46859,71338,18155,118197,65014,89493,0
74012,22440,76214,96452,150226,98654,1
32692,90616,39879,123308,72571,130495,0
64455,26286,19379,90741,83834,45665,0
31910,95303,72039,127213,103949,167342,1
10189,75472,29118,85661,39307,104590,0
30375,8687,86619,39062,116994,95306,0
43259,21958,42586,65217,85845,64544,1
67593,70362,41740,137955,109333,112102,1
86462,65513,298,151975,86760,65811,0
8596,41103,25131,49699,33727,66234,0
9927,34138,89080,44065,99007,123218,0
77316,57017,99326,134333,176642,156343,1
91076,43611,15976,134687,107052,59587,0
21146,90354,80818,111500,101964,171172,1
62451,45452,32600,107903,95051,78052,1
36752,84386,66693,121138,103445,151079,1
69009,30552,4024,99561,73033,34576,0
83518,34359,57261,117877,140779,91620,1
28558,20381,10191,48939,38749,30572,1
98542,20175,39036,118717,137578,59211,0
18807,4178,2371,22985,21178,6549,0
93813,24855,80941,118668,174754,105796,1
82635,82181,56776,164816,139411,138957,1
12419,33704,94088,46123,106507,127792,0
14540,73521,70272,88061,84812,143793,1
32694,47232,87116,79926,119810,134348,0
57008,26731,52469,83739,109477,79200,1
75472,75765,63810,151237,139282,139575,1
17116,82133,40298,99249,57414,122431,0
72803,90845,12324,163648,85127,103169,0
35269,25614,91684,60883,126953,117298,0
2749,79671,61527,82420,64276,141198,0
27936,18392,60172,46328,88108,78564,0
87857,65018,78956,152875,166813,143974,1
54898,23601,339,78499,55237,23940,0
62623,29109,66278,91732,128901,95387,1
51270,77657,93054,128927,144324,170711,1
94361,26577,94650,120938,189011,121227,1
6990,74964,53137,81954,60127,128101,0
28391,66153,16766,94544,45157,82919,0
76804,30248,73671,107052,150475,103919,1
66881,74572,819,141453,67700,75391,0
38005,97773,53757,135778,91762,151530,0
61060,88092,84206,149152,145266,172298,1
63694,22168,77222,85862,140916,99390,1
26120,40243,93537,66363,119657,133780,0
96506,36780,45080,133286,141586,81860,0
17614,50075,25083,67689,42697,75158,0
38938,37509,15593,76447,54531,53102,1
75084,58633,95412,133717,170496,154045,1
26343,78293,613,104636,26956,78906,0
627,93367,18141,93994,18768,111508,0
82358,8946,35869,91304,118227,44815,0
11139,65523,61180,76662,72319,126703,1
26844,39531,34484,66375,61328,74015,1
22883,76531,15939,99414,38822,92470,0
59033,22877,91289,81910,150322,114166,0
12896,9817,49030,22713,61926,58847,0
11264,44030,38084,55294,49348,82114,1
11656,30415,58882,42071,70538,89297,0
46085,95324,88807,141409,134892,184131,1
26668,90951,94461,117619,121129,185412,1
87263,44226,47423,131489,134686,91649,1
21280,53431,32375,74711,53655,85806,1
9227,56112,37663,65339,46890,93775,0
28154,88552,84408,116706,112562,172960,1
90006,31297,13142,121303,103148,44439,0
15193,21778,26745,36971,41938,48523,1
38991,52239,60000,91230,98991,112239,1
74065,24019,94355,98084,168420,118374,1
90669,11971,10330,102640,100999,22301,0
21691,74979,63076,96670,84767,138055,1
99718,11651,84394,111369,184112,96045,0
79199,35152,61283,114351,140482,96435,1
40959,28342,3113,69301,44072,31455,0
89645,53546,32642,143191,122287,86188,0
42765,46587,84184,89352,126949,130771,1
2147,98797,67298,100944,69445,166095,0
67498,94356,69278,161854,136776,163634,1
94730,55011,69237,149741,163967,124248,1
56152,5310,47437,61462,103589,52747,0
95461,2233,42330,97694,137791,44563,0
75071,32933,39944,108004,115015,72877,0
83073,5826,38179,88899,121252,44005,0
32024,76228,61966,108252,93990,138194,1
89709,28889,37374,118598,127083,66263,0
4054,85898,1929,89952,5983,87827,0
17766,49313,86151,67079,103917,135464,0
81399,21242,34599,102641,115998,55841,0
12741,77645,59588,90386,72329,137233,0
54593,3277,484,57870,55077,3761,0
52456,11443,19439,63899,71895,30882,0
67422,4643,92654,72065,160076,97297,0
34696,35647,79919,70343,114615,115566,0
26476,13267,67428,39743,93904,80695,0
91684,90260,33867,181944,125551,124127,1
64168,15823,35938,79991,100106,51761,0
6731,80121,17166,86852,23897,97287,0
97184,26275,5754,123459,102938,32029,0
13680,86862,73823,100542,87503,160685,1
70293,88936,36573,159229,106866,125509,1
47715,84656,14343,132371,62058,98999,0
33481,81883,97410,115364,130891,179293,1
56564,80923,198,137487,56762,81121,0
91005,27348,866,118353,91871,28214,0
2950,64241,59156,67191,62106,123397,0
78912,85399,47066,164311,125978,132465,1
34655,54028,49805,88683,84460,103833,1
11787,58947,74726,70734,86513,133673,0
14903,27392,55185,42295,70088,82577,0
10498,12645,78855,23143,89353,91500,0
19579,4005,35759,23584,55338,39764,0
31904,95117,54839,127021,86743,149956,0
87916,23694,60420,111610,148336,84114,0
91105,13860,64768,104965,155873,78628,0
89850,48831,64350,138681,154200,113181,1
35678,22772,62014,58450,97692,84786,0
81197,43778,69343,124975,150540,113121,1
52856,26049,43148,78905,96004,69197,1
76595,2266,69522,78861,146117,71788,0
66111,80860,32267,146971,98378,113127,1
2678,68690,8034,71368,10712,76724,0
58402,31928,73694,90330,132096,105622,1
54548,61527,82941,116075,137489,144468,1
85963,61750,74404,147713,160367,136154,1
43352,46249,88766,89601,132118,135015,1
77347,74656,40226,152003,117573,114882,1
50561,21125,42506,71686,93067,63631,1
64036,31961,67762,95997,131798,99723,1
14140,98179,17290,112319,31430,115469,0
82097,39085,18769,121182,100866,57854,0
36803,328,64434,37131,101237,64762,0
89483,75169,12368,164652,101851,87537,0
42699,52761,7779,95460,50478,60540,0
57037,74084,46289,131121,103326,120373,1
74146,28834,38888,102980,113034,67722,0
738,20109,93585,20847,94323,113694,0
260,263,44211,523,44471,44474,0
2389,37437,4980,39826,7369,42417,0
10248,41633,50504,51881,60752,92137,1
85374,16754,36104,102128,121478,52858,0
989,58032,1197,59021,2186,59229,0
7927,49513,19801,57440,27728,69314,0
64410,30565,57774,94975,122184,88339,1
49752,91450,69540,141202,119292,160990,1
57602,83303,77285,140905,134887,160588,1
31811,40913,16182,72724,47993,57095,1
14152,65950,53086,80102,67238,119036,1
32178,93934,46722,126112,78900,140656,0
7882,75604,43092,83486,50974,118696,0
91001,59291,22497,150292,113498,81788,0
69587,57706,82405,127293,151992,140111,1
73556,98266,72029,171822,145585,170295,1
73603,8269,59833,81872,133436,68102,0
9933,24584,67517,34517,77450,92101,0
57948,51624,54227,109572,112175,105851,1
76225,92505,6310,168730,82535,98815,0
64270,89748,35866,154018,100136,125614,1
47238,95809,40364,143047,87602,136173,0
31323,3515,28317,34838,59640,31832,1
94520,17302,94347,111822,188867,111649,1
20044,77673,95268,97717,115312,172941,1
74762,92296,35325,167058,110087,127621,1
99649,55769,9793,155418,109442,65562,0
45542,68737,50408,114279,95950,119145,1
96042,819,90588,96861,186630,91407,0
58994,76025,58201,135019,117195,134226,1
16165,26567,81768,42732,97933,108335,0
37251,76754,29940,114005,67191,106694,0
87027,63056,6626,150083,93653,69682,0
3955,40336,24574,44291,28529,64910,0
78036,70645,53307,148681,131343,123952,1
4859,28010,52365,32869,57224,80375,0
90366,67328,4897,157694,95263,72225,0
56232,60171,26476,116403,82708,86647,1
17291,94828,20023,112119,37314,114851,0
41014,56717,3677,97731,44691,60394,0
23787,49136,36229,72923,60016,85365,1
45999,59632,87410,105631,133409,147042,1
49890,97826,53354,147716,103244,151180,1
73674,98866,55956,172540,129630,154822,1
49934,67894,53537,117828,103471,121431,1
98922,53017,13512,151939,112434,66529,0
10855,27548,71361,38403,82216,98909,0
56968,75109,47149,132077,104117,122258,1
87463,68183,986,155646,88449,69169,0
27503,34358,72964,61861,100467,107322,0
5900,68296,91336,74196,97236,159632,0
82908,29052,44231,111960,127139,73283,0
65884,68093,3681,133977,69565,71774,1
39738,6748,75522,46486,115260,82270,0
62197,64488,15845,126685,78042,80333,1
32763,33504,12171,66267,44934,45675,1
11975,78843,21441,90818,33416,100284,0
92839,94087,55372,186926,148211,149459,1
76847,60204,52202,137051,129049,112406,1
39174,8298,31553,47472,70727,39851,1
23404,56733,7013,80137,30417,63746,0
60767,68644,89271,129411,150038,157915,1
38881,72934,28939,111815,67820,101873,0
34018,72258,27475,106276,61493,99733,0
21378,52542,1565,73920,22943,54107,0
32322,71076,33273,103398,65595,104349,0
43342,64474,66620,107816,109962,131094,1
88043,50503,49469,138546,137512,99972,1
80828,37097,75862,117925,156690,112959,1
71144,41337,37558,112481,108702,78895,1
49592,45197,44370,94789,93962,89567,1
69358,20647,53335,90005,122693,73982,1
51334,5946,13878,57280,65212,19824,0
88629,74968,43967,163597,132596,118935,1
91784,93348,18421,185132,110205,111769,1
69201,36552,40480,105753,109681,77032,1
39736,9005,34332,48741,74068,43337,1
76822,3361,85266,80183,162088,88627,0
83442,35770,64836,119212,148278,100606,1
49809,32199,49251,82008,99060,81450,1
82931,34485,63958,117416,146889,98443,1
49733,41944,82679,91677,132412,124623,1
62570,37350,92163,99920,154733,129513,1
92714,69489,87400,162203,180114,156889,1
30958,93101,69781,124059,100739,162882,1
30816,558,73980,31374,104796,74538,0
64270,32034,12438,96304,76708,44472,0
26053,87796,90090,113849,116143,177886,1
81480,3824,38621,85304,120101,42445,0
98052,30903,61464,128955,159516,92367,0
91271,44463,42031,135734,133302,86494,0
86171,50766,58056,136937,144227,108822,1
22171,48863,82157,71034,104328,131020,0
73548,82704,16747,156252,90295,99451,1
61153,7786,26112,68939,87265,33898,0
84661,14559,13318,99220,97979,27877,0
99608,49212,93413,148820,193021,142625,1
154,28480,73664,28634,73818,102144,0
30494,94148,33339,124642,63833,127487,0
96835,76680,41718,173515,138553,118398,1
89219,47663,10314,136882,99533,57977,0
94193,13716,23728,107909,117921,37444,0
12644,86126,46379,98770,59023,132505,0
63005,99421,77784,162426,140789,177205,1
36154,92879,61037,129033,97191,153916,1
5657,74742,60890,80399,66547,135632,0
43500,76420,80501,119920,124001,156921,1
76883,61269,58381,138152,135264,119650,1
24113,62069,16632,86182,40745,78701,0
62498,64036,56147,126534,118645,120183,1
8095,6095,85049,14190,93144,91144,0
34145,94429,40461,128574,74606,134890,0
1854,75078,23706,76932,25560,98784,0
83257,78087,23322,161344,106579,101409,1
35769,17234,72462,53003,108231,89696,0
21953,2805,54149,24758,76102,56954,0
23205,91518,24920,114723,48125,116438,0
10283,91951,92780,102234,103063,184731,1
5275,1618,12956,6893,18231,14574,0
62942,87852,94366,150794,157308,182218,1
86255,75843,25380,162098,111635,101223,1
81288,36793,49992,118081,131280,86785,1
69299,35189,76528,104488,145827,111717,1
20520,82928,11492,103448,32012,94420,0
54268,85912,51806,140180,106074,137718,1
80340,99102,67155,179442,147495,166257,1
18223,81558,83977,99781,102200,165535,1
74520,50585,10309,125105,84829,60894,0
81897,72643,69488,154540,151385,142131,1
3237,16686,57264,19923,60501,73950,0
57541,74847,94280,132388,151821,169127,1
35274,31977,30468,67251,65742,62445,1
86527,138,53292,86665,139819,53430,0
48984,19828,7820,68812,56804,27648,0
42546,37979,42050,80525,84596,80029,1
28451,1438,58184,29889,86635,59622,0
15503,31396,45327,46899,60830,76723,1
81604,95208,99687,176812,181291,194895,1
19708,1216,68260,20924,87968,69476,0
4667,51244,97025,55911,101692,148269,0
40282,69140,42556,109422,82838,111696,1
91567,72251,14731,163818,106298,86982,0
61403,42763,36840,104166,98243,79603,1
95733,44744,41672,140477,137405,86416,0
86270,41894,77019,128164,163289,118913,1
1888,71004,47836,72892,49724,118840,0
35660,71380,74096,107040,109756,145476,1
82993,28987,30367,111980,113360,59354,0
66785,80055,32084,146840,98869,112139,1
11565,49933,10210,61498,21775,60143,0
71959,85432,66960,157391,138919,152392,1
87317,20592,90703,107909,178020,111295,1
96538,25560,30209,122098,126747,55769,0
14405,56387,6229,70792,20634,62616,0
16741,33069,58023,49810,74764,91092,0
35167,44663,37407,79830,72574,82070,1
32472,49143,92357,81615,124829,141500,0
72559,66958,40886,139517,113445,107844,1
1250,10882,53285,12132,54535,64167,0
4925,79860,97400,84785,102325,177260,0
62737,68152,70094,130889,132831,138246,1
28570,23807,65193,52377,93763,89000,0
10296,21983,97894,32279,108190,119877,0
99943,50244,7948,150187,107891,58192,0
95549,4371,66895,99920,162444,71266,0
69325,46126,71984,115451,141309,118110,1
22054,9507,35047,31561,57101,44554,0
61153,10609,25237,71762,86390,35846,0
51307,55581,91895,106888,143202,147476,1
50431,19762,8033,70193,58464,27795,0
10263,194,6019,10457,16282,6213,0
93762,61551,99169,155313,192931,160720,1
69913,9363,13817,79276,83730,23180,0
60082,12021,67249,72103,127331,79270,1
88063,72072,35123,160135,123186,107195,1
87777,37232,29327,125009,117104,66559,0
32972,16508,79124,49480,112096,95632,0
35731,73210,93184,108941,128915,166394,1
34993,77219,76664,112212,111657,153883,1
76453,46914,20811,123367,97264,67725,0
8152,95929,49018,104081,57170,144947,0
38992,73253,55599,112245,94591,128852,1
17842,64949,54326,82791,72168,119275,1
59774,5184,24386,64958,84160,29570,0
58320,91003,95911,149323,154231,186914,1
12236,84327,11239,96563,23475,95566,0
93356,61483,89116,154839,182472,150599,1
55265,64684,24399,119949,79664,89083,1
1785,31149,76853,32934,78638,108002,0
57710,71483,95022,129193,152732,166505,1
6969,40157,10739,47126,17708,50896,0
10512,61227,22911,71739,33423,84138,0
15660,44849,56766,60509,72426,101615,1
18074,93048,50234,111122,68308,143282,0
86491,75264,15228,161755,101719,90492,1
1938,31170,95059,33108,96997,126229,0
76019,68217,74477,144236,150496,142694,1
8633,95320,31464,103953,40097,126784,0
78016,69991,48473,148007,126489,118464,1
83912,23270,14225,107182,98137,37495,0
91300,3595,44881,94895,136181,48476,0
90442,69174,5315,159616,95757,74489,0
70165,76141,27343,146306,97508,103484,1
41932,29447,69636,71379,111568,99083,1
23236,95603,80543,118839,103779,176146,1
28935,21055,18051,49990,46986,39106,1
23201,55822,80140,79023,103341,135962,0
32043,49308,36922,81351,68965,86230,1
53975,96380,32906,150355,86881,129286,0
19350,20153,81348,39503,100698,101501,0
7145,33159,80728,40304,87873,113887,0
95136,49539,34357,144675,129493,83896,0
11687,58524,62727,70211,74414,121251,1
57024,74070,55242,131094,112266,129312,1
66377,38830,9715,105207,76092,48545,0
51120,60674,86927,111794,138047,147601,1
72659,45800,58745,118459,131404,104545,1
47300,38729,95613,86029,142913,134342,0
90137,1470,7531,91607,97668,9001,0
65812,59983,91152,125795,156964,151135,1
36257,75470,82270,111727,118527,157740,1
62243,13785,14070,76028,76313,27855,0
43246,63487,69851,106733,113097,133338,1
4626,54485,48159,59111,52785,102644,0
51090,31324,78461,82414,129551,109785,1
76976,90658,97402,167634,174378,188060,1
46299,88657,42848,134956,89147,131505,1
63533,48932,69742,112465,133275,118674,1
47544,11137,85799,58681,133343,96936,0
29707,69826,12341,99533,42048,82167,0
46513,46157,30674,92670,77187,76831,1
83912,11192,48679,95104,132591,59871,0
5288,60827,56235,66115,61523,117062,1
90653,72692,93177,163345,183830,165869,1
44817,66965,27757,111782,72574,94722,1
85942,2279,37024,88221,122966,39303,0
28194,62853,51210,91047,79404,114063,1
55403,37698,81897,93101,137300,119595,1
71380,85410,35239,156790,106619,120649,1
86306,6469,29999,92775,116305,36468,0
8946,777,87609,9723,96555,88386,0
25160,34479,98182,59639,123342,132661,0
76563,28652,92514,105215,169077,121166,1
7617,42072,72452,49689,80069,114524,0
74261,11105,51688,85366,125949,62793,0
92001,19501,24414,111502,116415,43915,0
37882,67350,71419,105232,109301,138769,1
348,37355,9601,37703,9949,46956,0
53718,32544,41577,86262,95295,74121,1
99780,17150,66354,116930,166134,83504,0
58288,72818,96965,131106,155253,169783,1
68777,11689,37225,80466,106002,48914,0
76716,93253,71873,169969,148589,165126,1
56550,16301,73282,72851,129832,89583,0
66218,90137,16253,156355,82471,106390,0
37046,50520,32971,87566,70017,83491,1
76184,16818,30266,93002,106450,47084,0
23647,71094,63200,94741,86847,134294,1
56824,17102,32839,73926,89663,49941,0
53080,32883,92009,85963,145089,124892,0
32611,78261,19929,110872,52540,98190,0
73191,24657,96150,97848,169341,120807,1
87582,16618,37417,104200,124999,54035,0
55333,79166,76780,134499,132113,155946,1
81897,55002,15820,136899,97717,70822,0
2148,55197,15390,57345,17538,70587,0
11261,70321,64799,81582,76060,135120,1
51355,4065,36410,55420,87765,40475,0
492,61163,37223,61655,37715,98386,0
82359,33036,14741,115395,97100,47777,0
46111,51689,15603,97800,61714,67292,1
61759,81433,90970,143192,152729,172403,1
25137,72446,72398,97583,97535,144844,1
34450,21478,66684,55928,101134,88162,0
56778,26688,77126,83466,133904,103814,1
5665,7530,14323,13195,19988,21853,0
55289,54904,52561,110193,107850,107465,1
37164,90965,63080,128129,100244,154045,1
57540,56940,71765,114480,129305,128705,1
4251,86759,76819,91010,81070,163578,0
42224,72672,13219,114896,55443,85891,0
16692,20375,44227,37067,60919,64602,0
46897,55663,80610,102560,127507,136273,1
6056,57751,67056,63807,73112,124807,0
30741,75277,75115,106018,105856,150392,1
96968,82215,54001,179183,150969,136216,1
81311,88603,18790,169914,100101,107393,1
22619,76166,85858,98785,108477,162024,1
78225,71887,46460,150112,124685,118347,1
91510,91905,81458,183415,172968,173363,1
25823,75617,91140,101440,116963,166757,1
95672,3431,55541,99103,151213,58972,0
55103,34343,65204,89446,120307,99547,1
46601,59920,43408,106521,90009,103328,1
71207,17482,92530,88689,163737,110012,0
59396,31549,80620,90945,140016,112169,1
2346,80223,58892,82569,61238,139115,0
99230,72807,66561,172037,165791,139368,1
61313,89100,96068,150413,157381,185168,1
75386,61854,36828,137240,112214,98682,1
24272,592,27188,24864,51460,27780,0
95637,3677,74711,99314,170348,78388,0
12948,14036,75345,26984,88293,89381,0
79151,26512,5285,105663,84436,31797,0
87209,13189,87645,100398,174854,100834,1
36295,58632,78351,94927,114646,136983,1
21226,75561,8384,96787,29610,83945,0
90340,23166,64562,113506,154902,87728,0
57304,26834,37870,84138,95174,64704,1
13104,54296,73524,67400,86628,127820,0
22539,22962,96471,45501,119010,119433,0
77053,11960,14460,89013,91513,26420,0
2284,82050,50273,84334,52557,132323,0
64650,21238,79333,85888,143983,100571,1
89135,47440,2699,136575,91834,50139,0
51476,36153,40105,87629,91581,76258,1
59738,60169,74555,119907,134293,134724,1
95331,56391,66640,151722,161971,123031,1
35584,35488,33926,71072,69510,69414,1
68830,10950,38437,79780,107267,49387,0
35088,91476,48101,126564,83189,139577,0
84024,59324,21650,143348,105674,80974,0
2089,97887,29854,99976,31943,127741,0
54673,57362,28613,112035,83286,85975,1
84041,40271,67316,124312,151357,107587,1
7916,12042,98222,19958,106138,110264,0
12500,58099,44588,70599,57088,102687,0
4687,82539,92459,87226,97146,174998,0
74676,23686,31254,98362,105930,54940,0
58875,91984,79622,150859,138497,171606,1
26892,54768,68014,81660,94906,122782,1
27116,56651,38565,83767,65681,95216,1
67755,78973,63667,146728,131422,142640,1
12886,81609,47334,94495,60220,128943,0
72132,626,23594,72758,95726,24220,0
40512,52589,67977,93101,108489,120566,1
40248,73609,2587,113857,42835,76196,0
16941,52501,82982,69442,99923,135483,0
35747,10049,26116,45796,61863,36165,1
27485,30588,32532,58073,60017,63120,1
28763,20880,57941,49643,86704,78821,0
74629,90740,73625,165369,148254,164365,1
65627,58203,43894,123830,109521,102097,1
43453,57983,76925,101436,120378,134908,1
1233,68191,97076,69424,98309,165267,0
57753,2323,22631,60076,80384,24954,0
30014,91735,46338,121749,76352,138073,0
30473,46907,7910,77380,38383,54817,0
99702,28252,14983,127954,114685,43235,0
2173,27984,53908,30157,56081,81892,0
25088,23737,47582,48825,72670,71319,1
3100,34536,88558,37636,91658,123094,0
90054,9395,36422,99449,126476,45817,0
87392,48547,26459,135939,113851,75006,0
26290,51704,4966,77994,31256,56670,0
80299,10606,24493,90905,104792,35099,0
36761,41710,90045,78471,126806,131755,0
13852,85359,97698,99211,111550,183057,1
86686,31374,51382,118060,138068,82756,0
28927,6188,75610,35115,104537,81798,0
18362,78277,26982,96639,45344,105259,0
25746,21705,71563,47451,97309,93268,0
91184,44929,16880,136113,108064,61809,0
43358,63201,42573,106559,85931,105774,1
39928,64321,10702,104249,50630,75023,0
51504,84870,28479,136374,79983,113349,0
6999,74399,22573,81398,29572,96972,0
21980,61644,79593,83624,101573,141237,1
25575,92788,23612,118363,49187,116400,0
84725,88061,18616,172786,103341,106677,1
89400,49709,59430,139109,148830,109139,1
1070,12139,65758,13209,66828,77897,0
73791,52041,29305,125832,103096,81346,1
90353,18374,91755,108727,182108,110129,1
85886,38143,76965,124029,162851,115108,1
48526,99862,46398,148388,94924,146260,0
85856,70969,19279,156825,105135,90248,1
3761,15924,25015,19685,28776,40939,0
50834,30647,10167,81481,61001,40814,0
47729,54571,90677,102300,138406,145248,1
77128,94015,84286,171143,161414,178301,1
10219,35814,42563,46033,52782,78377,1
88289,15211,78909,103500,167198,94120,1
78872,51871,20870,130743,99742,72741,0
73998,5882,37110,79880,111108,42992,0
79155,66182,17469,145337,96624,83651,1
8976,76507,38332,85483,47308,114839,0
72979,47379,62432,120358,135411,109811,1
74736,55601,31774,130337,106510,87375,1
29112,73371,69702,102483,98814,143073,1
57504,84907,46217,142411,103721,131124,1
31287,7883,50358,39170,81645,58241,0
85601,52164,94114,137765,179715,146278,1
50318,90541,52721,140859,103039,143262,1
42145,94390,90378,136535,132523,184768,1
71598,34337,59644,105935,131242,93981,1
64124,33036,9108,97160,73232,42144,0
47566,75724,74456,123290,122022,150180,1
54930,64513,37376,119443,92306,101889,1
12786,34374,71794,47160,84580,106168,0
22618,15694,63255,38312,85873,78949,0
68588,7814,32143,76402,100731,39957,0
77703,24662,96115,102365,173818,120777,1
66632,11424,88549,78056,155181,99973,0
67814,76238,58581,144052,126395,134819,1
66347,88117,36403,154464,102750,124520,1
80722,64776,12205,145498,92927,76981,0
9270,22561,65493,31831,74763,88054,0
5754,41661,34781,47415,40535,76442,0
32517,84740,40783,117257,73300,125523,0
57114,30992,5883,88106,62997,36875,0
52587,27777,47319,80364,99906,75096,1
34639,76876,7420,111515,42059,84296,0
25184,18882,80439,44066,105623,99321,0
21168,18872,31941,40040,53109,50813,1
4677,28278,76624,32955,81301,104902,0
31738,79574,18278,111312,50016,97852,0
87173,40762,69083,127935,156256,109845,1
58723,5424,50888,64147,109611,56312,0
77477,57029,16919,134506,94396,73948,0
34783,90109,34942,124892,69725,125051,0
67536,31907,98759,99443,166295,130666,1
90908,18289,83191,109197,174099,101480,1
7272,53138,93453,60410,100725,146591,0
47629,46527,74548,94156,122177,121075,1
26855,88693,46875,115548,73730,135568,0
69835,29158,67890,98993,137725,97048,1
38236,28486,59780,66722,98016,88266,1
26567,86904,86383,113471,112950,173287,1
30074,46409,29904,76483,59978,76313,1
60623,49251,76940,109874,137563,126191,1
49510,92108,433,141618,49943,92541,0
61969,23582,70795,85551,132764,94377,1
56316,49947,76754,106263,133070,126701,1
65652,51623,35873,117275,101525,87496,1
71961,59920,73431,131881,145392,133351,1
11462,10583,97558,22045,109020,108141,0
79705,73234,21534,152939,101239,94768,1
48163,10073,72440,58236,120603,82513,0
18882,36420,17500,55302,36382,53920,0
12942,25092,67765,38034,80707,92857,0
60689,36571,22953,97260,83642,59524,0
32973,44637,69359,77610,102332,113996,1
87657,84762,67642,172419,155299,152404,1
9471,68175,28870,77646,38341,97045,0
54491,66570,26944,121061,81435,93514,1
51597,25117,99781,76714,151378,124898,0
43652,7575,7811,51227,51463,15386,0
90360,47854,71763,138214,162123,119617,1
9131,12622,46075,21753,55206,58697,0
98598,22472,30235,121070,128833,52707,0
22838,93816,95142,116654,117980,188958,1
67770,52364,40808,120134,108578,93172,1
22456,35487,9977,57943,32433,45464,0
32113,97189,43314,129302,75427,140503,0
1019,24771,45608,25790,46627,70379,0
77428,17289,91515,94717,168943,108804,1
41352,4552,72356,45904,113708,76908,0
6324,2192,13259,8516,19583,15451,0
59006,28284,77981,87290,136987,106265,1
98534,98528,42084,197062,140618,140612,1
39136,837,90300,39973,129436,91137,0
23629,77064,37519,100693,61148,114583,0
9899,8321,61526,18220,71425,69847,0
56727,43687,24504,100414,81231,68191,1
74557,58255,58068,132812,132625,116323,1
1918,79844,92252,81762,94170,172096,0
60262,7099,3644,67361,63906,10743,0
31831,18573,52512,50404,84343,71085,0
4846,88826,12020,93672,16866,100846,0
4587,32135,279,36722,4866,32414,0
32219,75554,79727,107773,111946,155281,1
86900,71461,52894,158361,139794,124355,1
91542,2931,26950,94473,118492,29881,0
4297,67994,19444,72291,23741,87438,0
59484,93853,99697,153337,159181,193550,1
55122,27048,63975,82170,119097,91023,1
78915,98300,34876,177215,113791,133176,1
33077,58224,65229,91301,98306,123453,1
52229,9645,32477,61874,84706,42122,0
89007,41510,30141,130517,119148,71651,0
16086,36883,78277,52969,94363,115160,0
71294,12793,66996,84087,138290,79789,1
23394,48181,17489,71575,40883,65670,0
10388,11043,79783,21431,90171,90826,0
99436,87103,2310,186539,101746,89413,0
98969,62062,15782,161031,114751,77844,0
66000,88596,52728,154596,118728,141324,1
36700,19193,27408,55893,64108,46601,1
94934,52849,69732,147783,164666,122581,1
45614,68693,26797,114307,72411,95490,1
74050,90422,49830,164472,123880,140252,1
25617,14543,6055,40160,31672,20598,0
77126,94361,55247,171487,132373,149608,1
62637,72508,33172,135145,95809,105680,1
6197,36606,28529,42803,34726,65135,0
33399,37022,47956,70421,81355,84978,1
30053,96611,63578,126664,93631,160189,0
84101,69446,96063,153547,180164,165509,1
39373,794,73557,40167,112930,74351,0
48262,87734,93805,135996,142067,181539,1
82620,51480,51509,134100,134129,102989,1
46280,37823,37095,84103,83375,74918,1
26714,2603,85091,29317,111805,87694,0
79124,81182,13213,160306,92337,94395,1
3243,53141,20429,56384,23672,73570,0
98007,58910,43830,156917,141837,102740,1
54112,54585,25112,108697,79224,79697,1
24129,52168,67111,76297,91240,119279,1
71079,42531,32797,113610,103876,75328,1
74219,87867,22534,162086,96753,110401,1
53125,67828,53216,120953,106341,121044,1
19906,22916,98398,42822,118304,121314,0
66113,65957,3501,132070,69614,69458,1
60018,51372,70185,111390,130203,121557,1
24410,32269,62393,56679,86803,94662,0
13780,98792,80827,112572,94607,179619,0
99876,65959,19937,165835,119813,85896,0
10923,88718,34241,99641,45164,122959,0
88735,93055,61476,181790,150211,154531,1
55294,54833,72237,110127,127531,127070,1
78174,22145,29233,100319,107407,51378,0
44391,52973,28625,97364,73016,81598,1
24384,59979,34311,84363,58695,94290,0
38776,99899,4257,138675,43033,104156,0
2912,30455,60153,33367,63065,90608,0
35687,74629,39855,110316,75542,114484,1
42386,29840,2616,72226,45002,32456,0
51572,71774,33566,123346,85138,105340,1
17960,96367,67687,114327,85647,164054,0
18594,57152,72884,75746,91478,130036,1
48418,2532,48036,50950,96454,50568,1
72648,81602,68650,154250,141298,150252,1
40050,40593,32028,80643,72078,72621,1
55267,70112,17111,125379,72378,87223,1
89913,5998,70111,95911,160024,76109,0
38439,51953,97633,90392,136072,149586,0
80000,5037,97543,85037,177543,102580,0
6664,5407,74411,12071,81075,79818,0
98216,58086,52325,156302,150541,110411,1
30112,28896,76027,59008,106139,104923,0
15627,61812,38826,77439,54453,100638,0
46423,32048,33679,78471,80102,65727,1
14860,40657,99989,55517,114849,140646,0
18165,21503,70656,39668,88821,92159,0
208,2883,91044,3091,91252,93927,0
11413,49527,10951,60940,22364,60478,0
69176,62920,27160,132096,96336,90080,1
73760,8365,55761,82125,129521,64126,0
56902,59942,64856,116844,121758,124798,1
95261,13034,88203,108295,183464,101237,1
12326,90325,53334,102651,65660,143659,0
50384,9961,63725,60345,114109,73686,0
67425,48250,70317,115675,137742,118567,1
98259,79304,58092,177563,156351,137396,1
90235,30076,87364,120311,177599,117440,1
72559,89131,47929,161690,120488,137060,1
29042,43799,20536,72841,49578,64335,1
58984,84074,19571,143058,78555,103645,0
53382,79898,3938,133280,57320,83836,0
67167,23021,68414,90188,135581,91435,1
94793,23070,17424,117863,112217,40494,0
69517,77798,48895,147315,118412,126693,1
95912,30162,95884,126074,191796,126046,1
44061,10330,25210,54391,69271,35540,0
59238,9036,46027,68274,105265,55063,0
13764,36849,66029,50613,79793,102878,0
88285,59632,59667,147917,147952,119299,1
41865,82981,85714,124846,127579,168695,1
84720,60639,55277,145359,139997,115916,1
86731,8076,17736,94807,104467,25812,0
88938,99929,13013,188867,101951,112942,1
41579,90146,81607,131725,123186,171753,1
33127,23914,88818,57041,121945,112732,0
40851,51626,98573,92477,139424,150199,0
12774,85157,67392,97931,80166,152549,0
17968,41540,75889,59508,93857,117429,0
63520,18876,73201,82396,136721,92077,1
4783,77759,34772,82542,39555,112531,0
690,55404,35339,56094,36029,90743,0
26756,55471,49086,82227,75842,104557,1
7840,4941,57888,12781,65728,62829,0
31188,84347,93082,115535,124270,177429,1
43141,10115,7188,53256,50329,17303,0
7469,31245,45581,38714,53050,76826,0
45264,36918,34676,82182,79940,71594,1
5861,96863,63788,102724,69649,160651,0
7174,68999,60784,76173,67958,129783,0
81207,20371,92550,101578,173757,112921,1
66117,67806,30538,133923,96655,98344,1
41219,71597,780,112816,41999,72377,0
54348,92305,85257,146653,139605,177562,1
70543,89819,18756,160362,89299,108575,0
97811,80534,12288,178345,110099,92822,0
26554,78732,16579,105286,43133,95311,0
66736,36744,33924,103480,100660,70668,1
54976,72686,61220,127662,116196,133906,1
96825,45050,22868,141875,119693,67918,0
15549,91268,5819,106817,21368,97087,0
70577,76827,36089,147404,106666,112916,1
29389,69128,24839,98517,54228,93967,0
21260,68578,54580,89838,75840,123158,1
92556,82523,13295,175079,105851,95818,1
80671,85495,32694,166166,113365,118189,1
20642,56639,87489,77281,108131,144128,0
59357,12025,18923,71382,78280,30948,0
73237,20967,21785,94204,95022,42752,0
80518,84726,90243,165244,170761,174969,1
67006,45077,96159,112083,163165,141236,1
19227,72990,8217,92217,27444,81207,0
77410,9654,4553,87064,81963,14207,0
2713,70111,85316,72824,88029,155427,0
82155,63064,64514,145219,146669,127578,1
73837,4538,93596,78375,167433,98134,0
6210,88353,98115,94563,104325,186468,0
295,80776,22709,81071,23004,103485,0
56125,64683,30691,120808,86816,95374,1
49268,94219,90798,143487,140066,185017,1
25984,95930,44995,121914,70979,140925,0
42839,65302,34165,108141,77004,99467,1
43086,92892,50038,135978,93124,142930,1
79535,42253,10416,121788,89951,52669,0
86600,31580,29838,118180,116438,61418,0
80101,74200,73968,154301,154069,148168,1
71716,32508,28466,104224,100182,60974,0
63249,17684,39268,80933,102517,56952,0
32242,8366,1880,40608,34122,10246,0
74603,25440,93038,100043,167641,118478,1
51609,47594,34274,99203,85883,81868,1
60482,98215,89050,158697,149532,187265,1
33359,97406,23256,130765,56615,120662,0
58583,12351,45716,70934,104299,58067,0
191,21322,72915,21513,73106,94237,0
52634,14640,13700,67274,66334,28340,0
29713,71266,56795,100979,86508,128061,1
622,70331,73206,70953,73828,143537,0
65109,33129,24696,98238,89805,57825,0
13611,34978,18894,48589,32505,53872,0
70868,95785,45813,166653,116681,141598,1
68433,40721,38510,109154,106943,79231,1
98519,19865,71107,118384,169626,90972,0
47261,80043,84262,127304,131523,164305,1
1135,61342,45100,62477,46235,106442,0
62238,86232,46924,148470,109162,133156,1
57910,72841,7588,130751,65498,80429,0
86333,40509,74610,126842,160943,115119,1
10225,42282,72541,52507,82766,114823,0
46010,23747,22721,69757,68731,46468,1
31891,85948,28186,117839,60077,114134,0
5198,13044,26083,18242,31281,39127,0
33909,3662,51399,37571,85308,55061,0
21458,59271,7831,80729,29289,67102,0
62760,54988,99348,117748,162108,154336,1
91253,72643,92431,163896,183684,165074,1
19940,33423,2106,53363,22046,35529,0
47554,1951,97969,49505,145523,99920,0
68835,66150,57744,134985,126579,123894,1
69283,67964,18455,137247,87738,86419,1
12718,73316,49519,86034,62237,122835,0
30139,51879,94324,82018,124463,146203,0
59437,18205,52738,77642,112175,70943,1
75735,5322,19024,81057,94759,24346,0
55369,74791,88947,130160,144316,163738,1
21179,68199,7660,89378,28839,75859,0
88582,55638,16813,144220,105395,72451,0
41386,31501,26598,72887,67984,58099,1
74725,47368,51873,122093,126598,99241,1
7381,79138,71493,86519,78874,150631,0
67696,59178,91944,126874,159640,151122,1
56755,93694,20207,150449,76962,113901,0
56113,3592,75827,59705,131940,79419,0
8891,19264,75808,28155,84699,95072,0
32677,53126,59980,85803,92657,113106,1
89548,96786,49597,186334,139145,146383,1
27199,81119,37987,108318,65186,119106,0
33763,49656,58073,83419,91836,107729,1
81924,11292,71650,93216,153574,82942,1
131,91115,87323,91246,87454,178438,0
6500,34768,72449,41268,78949,107217,0
90334,3791,71511,94125,161845,75302,0
86695,6225,48641,92920,135336,54866,0
60349,32732,39796,93081,100145,72528,1
16159,23492,54668,39651,70827,78160,0
52711,80722,60019,133433,112730,140741,1
77957,83801,16586,161758,94543,100387,1
87557,67546,35071,155103,122628,102617,1
17861,38859,40909,56720,58770,79768,1
70772,42358,17614,113130,88386,59972,0
59677,86284,68925,145961,128602,155209,1
49198,27135,50059,76333,99257,77194,1
67347,95301,87335,162648,154682,182636,1
38453,13090,95697,51543,134150,108787,0
41193,32141,12478,73334,53671,44619,1
39710,13701,35573,53411,75283,49274,1
50367,11244,2392,61611,52759,13636,0
98494,36276,48979,134770,147473,85255,0
57584,64037,10637,121621,68221,74674,1
69539,82934,87322,152473,156861,170256,1
1193,28698,5294,29891,6487,33992,0
18219,15263,15776,33482,33995,31039,1
14621,67053,79084,81674,93705,146137,1
43043,60627,3855,103670,46898,64482,0
40316,12187,34761,52503,75077,46948,1
99871,9222,28379,109093,128250,37601,0
40415,69359,13056,109774,53471,82415,0
85244,4287,12275,89531,97519,16562,0
84424,13632,12588,98056,97012,26220,0
63651,73232,6118,136883,69769,79350,0
12277,60999,51458,73276,63735,112457,1
30289,65068,65913,95357,96202,130981,1
64890,62274,91056,127164,155946,153330,1
46203,23313,58087,69516,104290,81400,1
35730,95083,14677,130813,50407,109760,0
65161,46249,33233,111410,98394,79482,1
66611,34942,80136,101553,146747,115078,1
21299,62978,893,84277,22192,63871,0
35677,24226,15252,59903,50929,39478,1
77765,43992,33881,121757,111646,77873,1
9310,35767,42390,45077,51700,78157,1
41320,67135,81784,108455,123104,148919,1
17575,66350,64785,83925,82360,131135,1
85979,32343,37545,118322,123524,69888,0
58938,65046,53720,123984,112658,118766,1
47426,58923,4400,106349,51826,63323,0
31535,82835,12640,114370,44175,95475,0
19970,25389,17155,45359,37125,42544,1
42497,41402,37246,83899,79743,78648,1
54812,42455,29619,97267,84431,72074,1
78282,43433,76821,121715,155103,120254,1
48193,94608,26265,142801,74458,120873,0
16358,36181,23151,52539,39509,59332,1
28838,95838,97760,124676,126598,193598,1
70983,7362,63154,78345,134137,70516,0
7252,4084,81810,11336,89062,85894,0
41913,63475,78587,105388,120500,142062,1
6430,71636,94762,78066,101192,166398,0
88925,94498,9091,183423,98016,103589,1
88826,18815,34922,107641,123748,53737,0
57198,97946,46616,155144,103814,144562,1
8037,48493,41407,56530,49444,89900,1
68944,73428,91464,142372,160408,164892,1
91900,16622,48009,108522,139909,64631,0
83576,68557,2187,152133,85763,70744,0
28216,86921,29098,115137,57314,116019,0
18401,43043,48069,61444,66470,91112,1
84330,81224,74882,165554,159212,156106,1
13393,67666,51745,81059,65138,119411,0
21694,26855,79264,48549,100958,106119,0
46817,11388,35512,58205,82329,46900,1
78387,92648,85648,171035,164035,178296,1
41745,99557,14230,141302,55975,113787,0
13621,53128,2627,66749,16248,55755,0
36316,94806,70856,131122,107172,165662,1
519,284,37899,803,38418,38183,0
51615,50428,46529,102043,98144,96957,1
66127,83658,10287,149785,76414,93945,0
62942,59480,29223,122422,92165,88703,1
44798,32621,1864,77419,46662,34485,0
90898,30239,65752,121137,156650,95991,1
85308,32599,2702,117907,88010,35301,0
29529,78155,73920,107684,103449,152075,1
16911,47797,74332,64708,91243,122129,0
53811,47701,50473,101512,104284,98174,1
75848,41725,88462,117573,164310,130187,1
68594,22000,47504,90594,116098,69504,1
26783,23546,47842,50329,74625,71388,1
65822,47988,92778,113810,158600,140766,1
88722,85064,44115,173786,132837,129179,1
18550,16776,21323,35326,39873,38099,1
76119,90070,19883,166189,96002,109953,1
52598,44393,12280,96991,64878,56673,1
54879,35586,71681,90465,126560,107267,1
67176,58303,84341,125479,151517,142644,1
33903,35083,51801,68986,85704,86884,1
5957,35704,38345,41661,44302,74049,1
20621,51714,66934,72335,87555,118648,1
81949,84448,93461,166397,175410,177909,1
92973,24154,21136,117127,114109,45290,0
79538,78068,25600,157606,105138,103668,1
43387,98645,62594,142032,105981,161239,1
19030,86378,15566,105408,34596,101944,0
42660,59306,40152,101966,82812,99458,1
56537,81576,22067,138113,78604,103643,0
46788,97137,48898,143925,95686,146035,0
77201,37680,88035,114881,165236,125715,1
26209,12111,92168,38320,118377,104279,0
68367,52871,82024,121238,150391,134895,1
35097,73870,67967,108967,103064,141837,1
47710,68656,79183,116366,126893,147839,1
5011,98939,4219,103950,9230,103158,0
59845,29446,10,89291,59855,29456,0
58876,33704,94893,92580,153769,128597,0
21163,10885,21516,32048,42679,32401,1
62898,93728,31160,156626,94058,124888,1
5439,80018,71544,85457,76983,151562,0
32445,54605,64288,87050,96733,118893,1
19306,74158,21199,93464,40505,95357,0
53409,27938,13047,81347,66456,40985,0
97555,27677,35270,125232,132825,62947,0
19541,22574,91771,42115,111312,114345,0
58274,1068,25471,59342,83745,26539,0
62278,5012,349,67290,62627,5361,0
51121,50521,44130,101642,95251,94651,1
50960,93608,16197,144568,67157,109805,0
10770,68837,22241,79607,33011,91078,0
10325,70776,11355,81101,21680,82131,0
5411,12045,272,17456,5683,12317,0
45418,61429,51476,106847,96894,112905,1
22302,72077,10303,94379,32605,82380,0
61991,72868,75879,134859,137870,148747,1
43688,95421,20275,139109,63963,115696,0
78842,99447,65609,178289,144451,165056,1
64731,17428,35002,82159,99733,52430,0
58561,81960,56088,140521,114649,138048,1
63189,8740,86673,71929,149862,95413,0
49820,87828,71215,137648,121035,159043,1
60314,9625,47874,69939,108188,57499,0
86907,70275,20679,157182,107586,90954,1
42419,3937,18724,46356,61143,22661,0
90385,46393,29374,136778,119759,75767,0
6032,62372,15563,68404,21595,77935,0
55969,29262,37883,85231,93852,67145,1
20028,79928,94530,99956,114558,174458,1
79307,1883,13382,81190,92689,15265,0
17554,58936,85811,76490,103365,144747,0
55368,44577,95531,99945,150899,140108,1
78090,22747,89966,100837,168056,112713,1
4838,46134,25720,50972,30558,71854,0
34999,13241,11451,48240,46450,24692,0
33649,35819,29506,69468,63155,65325,1
25430,70839,5414,96269,30844,76253,0
77395,46012,72909,123407,150304,118921,1
60486,46448,65942,106934,126428,112390,1
9038,89012,24493,98050,33531,113505,0
75497,16632,89183,92129,164680,105815,1
78158,15052,35465,93210,113623,50517,0
91814,28942,6643,120756,98457,35585,0
90455,3228,18236,93683,108691,21464,0
42763,132,62305,42895,105068,62437,0
97654,41723,61990,139377,159644,103713,1
6693,49790,87391,56483,94084,137181,0
94215,68548,14902,162763,109117,83450,0
25150,60418,74011,85568,99161,134429,1
38414,26669,96694,65083,135108,123363,0
43547,66,78184,43613,121731,78250,0
53710,93370,59650,147080,113360,153020,1
95303,58643,57516,153946,152819,116159,1
11046,26198,71834,37244,82880,98032,0
74444,68772,96543,143216,170987,165315,1
38291,14948,12497,53239,50788,27445,0
356,16392,99966,16748,100322,116358,0
99104,61017,24625,160121,123729,85642,0
84590,12188,6576,96778,91166,18764,0
23335,46668,96067,70003,119402,142735,0
6820,72990,50085,79810,56905,123075,0
82186,23937,53492,106123,135678,77429,0
52892,74994,32826,127886,85718,107820,1
89734,88795,89839,178529,179573,178634,1
87630,12379,74658,100009,162288,87037,0
17128,82431,29471,99559,46599,111902,0
69752,89358,52052,159110,121804,141410,1
37706,76454,54641,114160,92347,131095,1
5640,85876,65763,91516,71403,151639,0
78250,51262,42054,129512,120304,93316,1
45499,66512,21302,112011,66801,87814,1
14583,89264,87089,103847,101672,176353,1
51935,14694,8813,66629,60748,23507,0
37683,63573,29069,101256,66752,92642,1
15190,95452,44202,110642,59392,139654,0
78975,15422,98415,94397,177390,113837,0
22303,99067,44638,121370,66941,143705,0
35731,95490,34821,131221,70552,130311,0
74741,3126,8387,77867,83128,11513,0
72618,77882,54717,150500,127335,132599,1
97317,38627,69619,135944,166936,108246,1
60332,15654,45603,75986,105935,61257,1
24334,69827,80497,94161,104831,150324,1
78193,78455,3327,156648,81520,81782,1
90902,85510,32648,176412,123550,118158,1
40023,41968,67056,81991,107079,109024,1
13935,75097,56774,89032,70709,131871,0
37849,43308,35397,81157,73246,78705,1
45807,34533,46100,80340,91907,80633,1
33244,47358,11740,80602,44984,59098,0
25210,38784,6997,63994,32207,45781,0
51389,1944,92975,53333,144364,94919,0
33406,48517,70408,81923,103814,118925,1
63680,18453,24084,82133,87764,42537,0
86269,53177,50564,139446,136833,103741,1
11644,73875,51389,85519,63033,125264,0
94474,94836,29643,189310,124117,124479,1
2102,78638,36715,80740,38817,115353,0
92984,40555,2925,133539,95909,43480,0
10321,28473,7170,38794,17491,35643,0
22714,76822,50837,99536,73551,127659,0
13850,76809,86923,90659,100773,163732,1
40043,73047,45059,113090,85102,118106,1
22495,10920,6127,33415,28622,17047,0
10905,53638,76117,64543,87022,129755,0
7876,34677,38831,42553,46707,73508,1
51776,18348,13013,70124,64789,31361,0
75200,62952,79822,138152,155022,142774,1
50172,10093,93190,60265,143362,103283,0
41541,76951,16649,118492,58190,93600,0
19090,97018,71944,116108,91034,168962,0
61253,41747,73734,103000,134987,115481,1
52672,49035,33080,101707,85752,82115,1
91342,27778,13072,119120,104414,40850,0
30177,99581,15537,129758,45714,115118,0
34288,95161,25296,129449,59584,120457,0
12596,24589,35172,37185,47768,59761,1
10211,20888,83863,31099,94074,104751,0
77605,36985,19652,114590,97257,56637,0
61111,59113,38289,120224,99400,97402,1
69365,62761,56133,132126,125498,118894,1
65537,4060,92464,69597,158001,96524,0
43473,49718,26943,93191,70416,76661,1
80318,8568,11983,88886,92301,20551,0
29759,76340,32555,106099,62314,108895,0
3677,88987,31188,92664,34865,120175,0
25874,96880,19711,122754,45585,116591,0
60442,65247,89699,125689,150141,154946,1
11449,43009,58780,54458,70229,101789,0
73946,40426,73773,114372,147719,114199,1
96867,63529,61520,160396,158387,125049,1
69231,63539,6040,132770,75271,69579,1
41673,84253,12465,125926,54138,96718,0
13037,81368,31952,94405,44989,113320,0
9527,98670,64370,108197,73897,163040,0
40206,62494,40741,102700,80947,103235,1
81609,8786,6432,90395,88041,15218,0
52370,36031,38198,88401,90568,74229,1
71609,95490,23953,167099,95562,119443,1
21435,80193,97357,101628,118792,177550,1
78503,30866,40149,109369,118652,71015,0
55643,226,81309,55869,136952,81535,0
41781,24548,68700,66329,110481,93248,0
88529,26623,91712,115152,180241,118335,1
49613,89052,41922,138665,91535,130974,1
28656,761,66408,29417,95064,67169,0
99929,26322,15252,126251,115181,41574,0
15956,56193,77108,72149,93064,133301,0
76415,16664,4622,93079,81037,21286,0
97303,2829,20334,100132,117637,23163,0
77142,70673,15477,147815,92619,86150,1
62208,23119,25608,85327,87816,48727,0
27598,76668,51343,104266,78941,128011,1
46587,48751,54339,95338,100926,103090,1
23012,56632,87104,79644,110116,143736,0
94796,22654,40840,117450,135636,63494,0
65392,30001,52584,95393,117976,82585,1
98947,78379,57282,177326,156229,135661,1
47501,36747,61051,84248,108552,97798,1
91233,48386,12143,139619,103376,60529,0
23388,81831,67269,105219,90657,149100,1
59094,97922,79970,157016,139064,177892,1
1633,99142,1649,100775,3282,100791,0
44811,23453,73006,68264,117817,96459,0
53146,20708,31984,73854,85130,52692,0
71453,28465,65187,99918,136640,93652,1
39579,4264,20239,43843,59818,24503,0
91112,15857,92510,106969,183622,108367,1
61985,89803,27463,151788,89448,117266,0
32789,55754,4177,88543,36966,59931,0
18512,87813,70193,106325,88705,158006,1
98682,49816,69299,148498,167981,119115,1
44906,87807,96182,132713,141088,183989,1
38536,98786,16387,137322,54923,115173,0
78920,75391,40345,154311,119265,115736,1
882,41236,34138,42118,35020,75374,0
36115,45745,96106,81860,132221,141851,0
67255,63370,77614,130625,144869,140984,1
38385,17382,7505,55767,45890,24887,0
95642,37514,31456,133156,127098,68970,0
32849,48315,59476,81164,92325,107791,1
58403,13117,74409,71520,132812,87526,0
75188,10732,71722,85920,146910,82454,1
19158,3931,35503,23089,54661,39434,0
34224,87469,20438,121693,54662,107907,0
71298,78110,7218,149408,78516,85328,1
80267,46859,67241,127126,147508,114100,1
69230,82074,75544,151304,144774,157618,1
47154,92297,62287,139451,109441,154584,1
4679,33885,59807,38564,64486,93692,0
848,23930,60634,24778,61482,84564,0
32538,74519,28053,107057,60591,102572,0
89652,51222,57017,140874,146669,108239,1
17343,94366,86481,111709,103824,180847,1
23585,64678,32287,88263,55872,96965,0
21617,3467,55391,25084,77008,58858,0
76461,68204,82081,144665,158542,150285,1
59582,27419,72045,87001,131627,99464,1
99011,3102,17558,102113,116569,20660,0
38537,69303,4603,107840,43140,73906,0
14042,75419,62127,89461,76169,137546,1
62805,55882,47625,118687,110430,103507,1
89291,39349,45396,128640,134687,84745,0
3667,10809,73029,14476,76696,83838,0
3827,55659,74427,59486,78254,130086,0
76767,87717,22776,164484,99543,110493,1
69456,92362,52276,161818,121732,144638,1
86498,28670,72961,115168,159459,101631,1
18354,72936,49539,91290,67893,122475,0
23576,2006,3489,25582,27065,5495,0
50423,89472,44246,139895,94669,133718,1
91423,62625,77921,154048,169344,140546,1
80166,80186,17137,160352,97303,97323,1
89705,36632,66662,126337,156367,103294,1
54940,41433,79381,96373,134321,120814,1
5208,66578,65845,71786,71053,132423,1
85756,60938,85225,146694,170981,146163,1
28734,70252,93804,98986,122538,164056,1
46567,64295,655,110862,47222,64950,0
77572,45119,32898,122691,110470,78017,1
5336,89280,25071,94616,30407,114351,0
41320,56580,51925,97900,93245,108505,1
41583,6487,68211,48070,109794,74698,0
78251,67286,43742,145537,121993,111028,1
56978,73552,33348,130530,90326,106900,1
30243,76883,74261,107126,104504,151144,1
34217,47670,73119,81887,107336,120789,1
42984,62884,44636,105868,87620,107520,1
48245,22903,36428,71148,84673,59331,1
54323,74161,94678,128484,149001,168839,1
95123,31895,47852,127018,142975,79747,0
13629,53212,77242,66841,90871,130454,0
31483,84225,99854,115708,131337,184079,1
7904,71624,17481,79528,25385,89105,0
12033,85927,79553,97960,91586,165480,1
20890,9359,89501,30249,110391,98860,0
59058,88415,99522,147473,158580,187937,1
2725,38744,85477,41469,88202,124221,0
39576,14742,91498,54318,131074,106240,0
49085,49372,45170,98457,94255,94542,1
55923,96324,99856,152247,155779,196180,1
44123,85476,83890,129599,128013,169366,1
68990,14358,50042,83348,119032,64400,0
22683,5553,99226,28236,121909,104779,0
57193,12817,9766,70010,66959,22583,0
17397,3387,72521,20784,89918,75908,0
45103,53440,34188,98543,79291,87628,1
47753,20067,23189,67820,70942,43256,0
93997,43239,8874,137236,102871,52113,0
70492,5572,83713,76064,154205,89285,0
30271,6681,60109,36952,90380,66790,0
47879,12561,94626,60440,142505,107187,0
8415,38647,12160,47062,20575,50807,0
95532,39050,55804,134582,151336,94854,0
75939,77129,79547,153068,155486,156676,1
70025,16054,35306,86079,105331,51360,0
35726,49462,75034,85188,110760,124496,1
88767,70955,94478,159722,183245,165433,1
49793,78811,40937,128604,90730,119748,1
17380,44586,13551,61966,30931,58137,0
41398,95111,18915,136509,60313,114026,0
96118,3190,12467,99308,108585,15657,0
94336,28853,16056,123189,110392,44909,0
78660,3266,1751,81926,80411,5017,0
76121,73045,40148,149166,116269,113193,1
75856,41244,26307,117100,102163,67551,0
34981,45249,93515,80230,128496,138764,0
37833,48839,25889,86672,63722,74728,1
79985,40192,11780,120177,91765,51972,0
72003,76520,33740,148523,105743,110260,1
18984,61975,86511,80959,105495,148486,0
63519,1913,2756,65432,66275,4669,0
1044,66389,79855,67433,80899,146244,0
68446,30442,38017,98888,106463,68459,1
52459,90189,856,142648,53315,91045,0
26341,23409,3586,49750,29927,26995,1
80487,83966,54037,164453,134524,138003,1
96323,11173,38786,107496,135109,49959,0
57105,58624,72235,115729,129340,130859,1
24272,44807,58414,69079,82686,103221,1
64829,65742,16488,130571,81317,82230,1
89610,74727,93608,164337,183218,168335,1
24461,29216,86615,53677,111076,115831,0
15356,36810,26284,52166,41640,63094,1
30336,17703,80804,48039,111140,98507,0
26113,38374,46351,64487,72464,84725,1
57635,66036,36632,123671,94267,102668,1
22902,62245,87812,85147,110714,150057,0
36554,68669,77609,105223,114163,146278,1
85824,61443,10283,147267,96107,71726,0
51510,38643,25800,90153,77310,64443,1
16310,22815,42397,39125,58707,65212,0
46373,3100,88632,49473,135005,91732,0
97746,14204,51380,111950,149126,65584,0
39604,36115,31257,75719,70861,67372,1
40667,80950,43356,121617,84023,124306,1
50322,3590,43544,53912,93866,47134,0
31814,7985,8531,39799,40345,16516,0
15085,84912,99167,99997,114252,184079,1
77189,31123,73202,108312,150391,104325,1
52986,42251,10488,95237,63474,52739,0
31128,95740,46471,126868,77599,142211,0
46165,99764,84603,145929,130768,184367,1
25044,55102,45778,80146,70822,100880,1
52288,99366,80878,151654,133166,180244,1
84890,75566,73109,160456,157999,148675,1
79268,84522,22114,163790,101382,106636,1
7128,65029,9400,72157,16528,74429,0
15766,72086,85712,87852,101478,157798,1
51929,27908,7205,79837,59134,35113,0
95061,71811,30428,166872,125489,102239,1
45624,84350,48572,129974,94196,132922,1
86448,86135,13176,172583,99624,99311,1
90621,81591,21023,172212,111644,102614,1
41954,72731,63750,114685,105704,136481,1
37004,21042,71234,58046,108238,92276,0
8071,90055,31663,98126,39734,121718,0
85101,26929,46978,112030,132079,73907,0
15434,20356,92644,35790,108078,113000,0
41303,82584,67800,123887,109103,150384,1
14999,95348,59085,110347,74084,154433,0
65766,87068,71376,152834,137142,158444,1
9224,62440,51239,71664,60463,113679,0
633,1513,31292,2146,31925,32805,0
78661,10965,19317,89626,97978,30282,0
4718,39653,3536,44371,8254,43189,0
66252,74497,16684,140749,82936,91181,1
41337,33549,12074,74886,53411,45623,1
49838,70264,89345,120102,139183,159609,1
66789,48240,1898,115029,68687,50138,0
44448,22111,12247,66559,56695,34358,0
53819,15292,51477,69111,105296,66769,1
38625,10603,55102,49228,93727,65705,0
27994,24340,80718,52334,108712,105058,0
76493,25611,55240,102104,131733,80851,1
67709,22428,46028,90137,113737,68456,1
24951,19052,88494,44003,113445,107546,0
80542,55648,70904,136190,151446,126552,1
23728,8520,64988,32248,88716,73508,0
69867,53310,99931,123177,169798,153241,1
43508,75201,89103,118709,132611,164304,1
1916,12136,98378,14052,100294,110514,0
94494,2648,35975,97142,130469,38623,0
50552,3838,88128,54390,138680,91966,0
76288,36236,40922,112524,117210,77158,1
16681,80120,80469,96801,97150,160589,1
15525,90142,87483,105667,103008,177625,1
64282,9686,44157,73968,108439,53843,0
15177,70569,84314,85746,99491,154883,1
46963,65101,15480,112064,62443,80581,0
73845,34335,24963,108180,98808,59298,0
27759,29587,92950,57346,120709,122537,0
14693,51427,62857,66120,77550,114284,1
55351,32024,4931,87375,60282,36955,0
38718,97368,23837,136086,62555,121205,0
10056,89552,4968,99608,15024,94520,0
43837,46075,54944,89912,98781,101019,1
93813,31932,54131,125745,147944,86063,0
55767,63413,97238,119180,153005,160651,1
60901,8315,11252,69216,72153,19567,0
59122,31901,76783,91023,135905,108684,1
5904,20126,43210,26030,49114,63336,0
91780,16839,27359,108619,119139,44198,0
57582,3423,37878,61005,95460,41301,0
44900,41959,99792,86859,144692,141751,0
75304,48683,16472,123987,91776,65155,0
3941,599,18052,4540,21993,18651,0
35160,40871,70041,76031,105201,110912,1
82667,77382,99450,160049,182117,176832,1
83864,7787,75634,91651,159498,83421,0
13560,55309,54248,68869,67808,109557,1
48952,7792,13737,56744,62689,21529,0
86226,72186,24772,158412,110998,96958,1
17738,77092,40929,94830,58667,118021,0
66791,19129,76514,85920,143305,95643,1
64538,40136,10146,104674,74684,50282,0
69644,92879,57431,162523,127075,150310,1
22011,4022,88479,26033,110490,92501,0
95136,27927,28412,123063,123548,56339,0
107,19936,90771,20043,90878,110707,0
96747,28680,74539,125427,171286,103219,1
20204,11352,69751,31556,89955,81103,0
80757,82588,52651,163345,133408,135239,1
27974,12643,16258,40617,44232,28901,1
5296,32028,18592,37324,23888,50620,0
74437,41097,32134,115534,106571,73231,0
27496,70928,94957,98424,122453,165885,1
47920,31511,47148,79431,95068,78659,1
79538,50952,95619,130490,175157,146571,1
10051,59534,71939,69585,81990,131473,0
1247,25176,94519,26423,95766,119695,0
95884,82945,23076,178829,118960,106021,1
9102,61606,25547,70708,34649,87153,0
94567,81758,62117,176325,156684,143875,1
73585,14611,10094,88196,83679,24705,0
98483,6641,41640,105124,140123,48281,0
35437,11946,14459,47383,49896,26405,0
71293,34141,85053,105434,156346,119194,1
96236,34248,21527,130484,117763,55775,0
34695,64444,21371,99139,56066,85815,0
55879,23654,18297,79533,74176,41951,0
22472,34600,32649,57072,55121,67249,1
77707,45690,29139,123397,106846,74829,0
41945,49449,17240,91394,59185,66689,1
69548,50615,77573,120163,147121,128188,1
73329,38548,14143,111877,87472,52691,0
10548,64847,20007,75395,30555,84854,0
83635,46628,6141,130263,89776,52769,0
72684,38273,86463,110957,159147,124736,1
72575,96377,64633,168952,137208,161010,1
30941,70655,99727,101596,130668,170382,1
95814,46116,98054,141930,193868,144170,1
13692,44738,25327,58430,39019,70065,0
50726,98662,674,149388,51400,99336,0
83309,46074,53388,129383,136697,99462,1
53378,97671,36543,151049,89921,134214,0
17254,97625,61070,114879,78324,158695,0
37967,15692,17271,53659,55238,32963,0
59175,69465,51432,128640,110607,120897,1
70904,14813,17881,85717,88785,32694,0
9539,12506,28045,22045,37584,40551,0
13431,73581,13657,87012,27088,87238,0
47880,20849,62445,68729,110325,83294,1
55702,48107,19245,103809,74947,67352,1
20036,20337,58846,40373,78882,79183,0
44185,19712,95757,63897,139942,115469,0
9713,16595,43072,26308,52785,59667,0
20526,31220,28913,51746,49439,60133,1
11989,34033,63884,46022,75873,97917,0
54317,78371,59041,132688,113358,137412,1
27506,93061,50944,120567,78450,144005,0
4321,55141,26830,59462,31151,81971,0
56841,81126,34898,137967,91739,116024,1
72584,78083,44482,150667,117066,122565,1
47223,38798,74321,86021,121544,113119,1
50707,67978,18941,118685,69648,86919,1
74389,38174,4206,112563,78595,42380,0
18157,55828,45627,73985,63784,101455,1
69484,16238,14455,85722,83939,30693,0
9469,31786,44352,41255,53821,76138,0
32466,3937,17619,36403,50085,21556,0
29854,71719,64742,101573,94596,136461,1
43397,62764,78119,106161,121516,140883,1
33213,43557,64005,76770,97218,107562,1
67260,5192,72464,72452,139724,77656,0
74836,87636,33831,162472,108667,121467,1
37944,3506,55869,41450,93813,59375,0
26977,90901,84032,117878,111009,174933,1
77456,59761,46537,137217,123993,106298,1
11262,76803,8563,88065,19825,85366,0
11404,95208,63951,106612,75355,159159,0
62103,22364,64116,84467,126219,86480,1
88438,519,36067,88957,124505,36586,0
36249,10222,84587,46471,120836,94809,0
71254,19670,29926,90924,101180,49596,0
56009,75317,88327,131326,144336,163644,1
69267,96281,71927,165548,141194,168208,1
87290,91381,95982,178671,183272,187363,1
78114,20682,12159,98796,90273,32841,0
20607,13420,50058,34027,70665,63478,0
23905,79464,60637,103369,84542,140101,1
19104,16250,98973,35354,118077,115223,0
26005,52118,51766,78123,77771,103884,1
30892,81259,7879,112151,38771,89138,0
11121,39523,40628,50644,51749,80151,1
12471,83953,69200,96424,81671,153153,0
10005,68205,72759,78210,82764,140964,1
86561,56914,60262,143475,146823,117176,1
1726,86880,30375,88606,32101,117255,0
36299,68576,37907,104875,74206,106483,1
18838,31604,28787,50442,47625,60391,1
80802,35137,60378,115939,141180,95515,1
73123,71857,12431,144980,85554,84288,1
81592,11579,17167,93171,98759,28746,0
27205,6598,70062,33803,97267,76660,0
38533,44244,53932,82777,92465,98176,1
88476,62222,75179,150698,163655,137401,1
94314,98115,72816,192429,167130,170931,1
48821,10998,85431,59819,134252,96429,0
19051,66775,31835,85826,50886,98610,0
23648,72237,22730,95885,46378,94967,0
77118,92375,5436,169493,82554,97811,0
12225,67819,23530,80044,35755,91349,0
35311,50074,26494,85385,61805,76568,1
71002,19447,79781,90449,150783,99228,1
25562,19855,74504,45417,100066,94359,0
10754,74138,10550,84892,21304,84688,0
59096,72336,74016,131432,133112,146352,1
92420,33402,51404,125822,143824,84806,0
91988,67222,39385,159210,131373,106607,1
89118,89598,63717,178716,152835,153315,1
20292,31012,50096,51304,70388,81108,1
88009,25630,10585,113639,98594,36215,0
49724,53787,77319,103511,127043,131106,1
49544,66209,9985,115753,59529,76194,0
76031,85661,68474,161692,144505,154135,1
49468,11306,50248,60774,99716,61554,1
43537,12090,11949,55627,55486,24039,0
66266,91510,21502,157776,87768,113012,0
28130,87176,60147,115306,88277,147323,1
90852,53389,4648,144241,95500,58037,0
57172,1895,56934,59067,114106,58829,1
17069,73028,39765,90097,56834,112793,0
62607,96356,85106,158963,147713,181462,1
22154,84425,23256,106579,45410,107681,0
16812,60454,22510,77266,39322,82964,0
41446,81182,51319,122628,92765,132501,1
3738,75676,83196,79414,86934,158872,0
95823,17423,72277,113246,168100,89700,0
75816,58052,7016,133868,82832,65068,0
54230,20791,93371,75021,147601,114162,0
37837,40076,34571,77913,72408,74647,1
71235,48161,41597,119396,112832,89758,1
34033,74891,34744,108924,68777,109635,0
60653,97356,86895,158009,147548,184251,1
15526,90128,19450,105654,34976,109578,0
96847,68890,12989,165737,109836,81879,0
32513,55234,89370,87747,121883,144604,0
6677,91542,37075,98219,43752,128617,0
77483,23937,90143,101420,167626,114080,1
67390,48386,6283,115776,73673,54669,0
41316,99040,32548,140356,73864,131588,0
61090,40742,39153,101832,100243,79895,1
42357,43322,3634,85679,45991,46956,1
42672,26866,1507,69538,44179,28373,0
5785,29709,97280,35494,103065,126989,0
79250,43455,73753,122705,153003,117208,1
81845,41786,97938,123631,179783,139724,1
78934,12709,29297,91643,108231,42006,0
28851,97500,67676,126351,96527,165176,0
56473,22305,50763,78778,107236,73068,1
36604,19939,72704,56543,109308,92643,0
93469,1090,41540,94559,135009,42630,0
15800,24100,29326,39900,45126,53426,1
35171,47076,59091,82247,94262,106167,1
92975,98149,49238,191124,142213,147387,1
9892,53112,22763,63004,32655,75875,0
7407,12210,26600,19617,34007,38810,0
68511,67792,86323,136303,154834,154115,1
16925,13790,75966,30715,92891,89756,0
97533,70081,73446,167614,170979,143527,1
35376,95870,24486,131246,59862,120356,0
86234,5671,33408,91905,119642,39079,0
56907,95782,8466,152689,65373,104248,0
92502,65770,86247,158272,178749,152017,1
24890,4854,3348,29744,28238,8202,0
85583,54014,2742,139597,88325,56756,0
89107,63395,74573,152502,163680,137968,1
26201,17150,97085,43351,123286,114235,0
41943,34706,50822,76649,92765,85528,1
41645,23987,497,65632,42142,24484,0
18444,62282,36409,80726,54853,98691,0
79193,59937,19232,139130,98425,79169,0
63652,77518,49053,141170,112705,126571,1
91481,35584,51019,127065,142500,86603,0
69783,78213,2704,147996,72487,80917,0
66320,85619,55706,151939,122026,141325,1
92808,60731,79584,153539,172392,140315,1
86117,8208,7444,94325,93561,15652,0
12797,21482,30958,34279,43755,52440,1
49509,55681,87358,105190,136867,143039,1
76264,84009,4784,160273,81048,88793,0
46694,94176,90166,140870,136860,184342,1
77465,64459,99609,141924,177074,164068,1
91782,17679,74497,109461,166279,92176,1
81593,36978,13418,118571,95011,50396,0
98633,32195,44994,130828,143627,77189,0
35769,28654,94622,64423,130391,123276,0
71323,98190,20564,169513,91887,118754,0
52790,65728,33277,118518,86067,99005,1
75669,48464,25852,124133,101521,74316,0
23990,64623,42895,88613,66885,107518,1
78562,84635,23888,163197,102450,108523,1
30621,20338,82161,50959,112782,102499,0
59052,15425,13233,74477,72285,28658,0
35011,61,20717,35072,55728,20778,0
41729,7009,84788,48738,126517,91797,0
7232,71719,36635,78951,43867,108354,0
9354,25932,1065,35286,10419,26997,0
92697,41862,43916,134559,136613,85778,0
72747,24920,51566,97667,124313,76486,1
33603,74642,38927,108245,72530,113569,0
20523,87028,10161,107551,30684,97189,0
29856,98855,50266,128711,80122,149121,0
44853,34865,82741,79718,127594,117606,0
89802,41036,29746,130838,119548,70782,0
3564,63522,84941,67086,88505,148463,0
42557,73391,1458,115948,44015,74849,0
93007,7954,34731,100961,127738,42685,0
61181,92297,90270,153478,151451,182567,1
17559,21898,47835,39457,65394,69733,0
94844,19712,16557,114556,111401,36269,0
76179,30109,57777,106288,133956,87886,1
27958,27276,76611,55234,104569,103887,0
70899,24724,75038,95623,145937,99762,1
46091,33515,78058,79606,124149,111573,1
91139,66803,88868,157942,180007,155671,1
11053,6235,10726,17288,21779,16961,1
98887,36953,28022,135840,126909,64975,0
53024,14834,9872,67858,62896,24706,0
8594,21667,49723,30261,58317,71390,0
48308,33454,10713,81762,59021,44167,0
23493,71215,85087,94708,108580,156302,1
75293,36546,88868,111839,164161,125414,1
9094,66916,78028,76010,87122,144944,0
45594,53312,44650,98906,90244,97962,1
78807,7175,53681,85982,132488,60856,0
74404,65058,96540,139462,170944,161598,1
56155,59966,53258,116121,109413,113224,1
5457,20712,62224,26169,67681,82936,0
77131,27437,3939,104568,81070,31376,0
40058,39292,2303,79350,42361,41595,1
29239,88907,15873,118146,45112,104780,0
45657,71632,93386,117289,139043,165018,1
78036,42407,36434,120443,114470,78841,1
90674,12544,80586,103218,171260,93130,1
88316,15834,50192,104150,138508,66026,0
78209,76442,19079,154651,97288,95521,1
52547,1460,56128,54007,108675,57588,0
99217,36341,4101,135558,103318,40442,0
63764,68738,96435,132502,160199,165173,1
56660,6445,2488,63105,59148,8933,0
75728,11384,60130,87112,135858,71514,0
65844,93556,54563,159400,120407,148119,1
44574,92876,17641,137450,62215,110517,0
37088,29980,62843,67068,99931,92823,1
70541,89034,20243,159575,90784,109277,1
67770,60310,65495,128080,133265,125805,1
84787,20229,62856,105016,147643,83085,0
11382,47705,24299,59087,35681,72004,0
51098,915,65530,52013,116628,66445,0
54851,5558,97688,60409,152539,103246,0
27841,68770,29053,96611,56894,97823,0
8538,34305,12512,42843,21050,46817,0
86722,35827,1067,122549,87789,36894,0
45369,95821,87829,141190,133198,183650,1
76648,47758,50277,124406,126925,98035,1
99103,14465,80190,113568,179293,94655,0
11361,36377,78082,47738,89443,114459,0
67964,42749,83629,110713,151593,126378,1
63560,17606,34569,81166,98129,52175,0
56673,12719,50743,69392,107416,63462,1
38669,56549,36240,95218,74909,92789,1
52903,22982,45297,75885,98200,68279,1
30807,8145,20274,38952,51081,28419,0
38197,52211,86076,90408,124273,138287,1
64481,75304,30166,139785,94647,105470,1
80482,99166,29154,179648,109636,128320,1
65007,55406,43415,120413,108422,98821,1
6590,45818,35263,52408,41853,81081,0
49573,85450,70280,135023,119853,155730,1
16618,61609,71242,78227,87860,132851,1
30960,7340,3879,38300,34839,11219,0
34117,55516,88410,89633,122527,143926,1
29951,96727,53155,126678,83106,149882,0
73671,55392,87745,129063,161416,143137,1
69301,33242,93322,102543,162623,126564,1
92680,94512,93121,187192,185801,187633,1
30182,66377,46368,96559,76550,112745,1
25509,12649,86506,38158,112015,99155,0
45135,87063,36210,132198,81345,123273,0
6842,54051,32076,60893,38918,86127,0
35901,87049,50109,122950,86010,137158,0
19590,74430,44547,94020,64137,118977,0
77191,14511,45571,91702,122762,60082,0
59842,70172,49366,130014,109208,119538,1
68409,99302,31415,167711,99824,130717,1
47907,911,19541,48818,67448,20452,0
85241,2698,11611,87939,96852,14309,0
60384,27950,83564,88334,143948,111514,1
67366,5118,27692,72484,95058,32810,0
83199,18449,73224,101648,156423,91673,1
91624,346,98006,91970,189630,98352,0
95413,34988,68010,130401,163423,102998,1
72862,61036,737,133898,73599,61773,0
73872,53594,63939,127466,137811,117533,1
24653,64625,44534,89278,69187,109159,1
8405,9598,54779,18003,63184,64377,0
99669,12439,26924,112108,126593,39363,0
49145,10545,53845,59690,102990,64390,1
13247,33815,56152,47062,69399,89967,0
8078,74864,41089,82942,49167,115953,0
53372,93312,55082,146684,108454,148394,1
86069,47241,48928,133310,134997,96169,1
93278,73624,66106,166902,159384,139730,1
21635,22577,25092,44212,46727,47669,1
89004,18888,56204,107892,145208,75092,0
90747,7746,25877,98493,116624,33623,0
2437,73364,67467,75801,69904,140831,0
26597,45318,63977,71915,90574,109295,1
23735,33844,47389,57579,71124,81233,1
24134,12838,71364,36972,95498,84202,0
85833,25914,51769,111747,137602,77683,0
45642,44507,52013,90149,97655,96520,1
36220,83486,36701,119706,72921,120187,0
4282,24090,91650,28372,95932,115740,0
24032,42623,11337,66655,35369,53960,0
19432,23067,19142,42499,38574,42209,1
597,90504,13299,91101,13896,103803,0
67111,40616,61198,107727,128309,101814,1
46669,70593,61397,117262,108066,131990,1
26975,63797,31136,90772,58111,94933,0
46289,56913,1435,103202,47724,58348,0
64799,29139,94603,93938,159402,123742,0
51653,88388,60797,140041,112450,149185,1
8940,82397,29848,91337,38788,112245,0
93023,16487,97537,109510,190560,114024,1
75321,39411,29673,114732,104994,69084,0
83400,13863,33021,97263,116421,46884,0
19997,84898,52663,104895,72660,137561,0
69820,4736,87959,74556,157779,92695,0
44101,39355,79308,83456,123409,118663,1
76251,44744,38914,120995,115165,83658,1
46730,38682,38076,85412,84806,76758,1
46467,1266,58382,47733,104849,59648,0
53400,66670,39892,120070,93292,106562,1
62515,87670,67214,150185,129729,154884,1
60236,75709,61010,135945,121246,136719,1
79032,82021,85899,161053,164931,167920,1
60304,12281,72628,72585,132932,84909,0
19546,89605,3476,109151,23022,93081,0
23204,79171,47899,102375,71103,127070,0
64366,55624,16744,119990,81110,72368,1
30201,39791,87666,69992,117867,127457,0
88078,70336,26775,158414,114853,97111,1
54780,76684,14296,131464,69076,90980,0
65942,46772,40673,112714,106615,87445,1
82576,21214,88039,103790,170615,109253,1
19545,29213,42238,48758,61783,71451,1
28469,35002,23879,63471,52348,58881,1
82445,84312,10329,166757,92774,94641,1
52339,62555,43748,114894,96087,106303,1
42648,43348,3706,85996,46354,47054,1
53737,38061,68932,91798,122669,106993,1
28302,99736,89167,128038,117469,188903,1
79120,34192,38605,113312,117725,72797,0
39688,49682,88877,89370,128565,138559,1
81139,14102,2604,95241,83743,16706,0
23269,4136,89002,27405,112271,93138,0
49904,54002,78441,103906,128345,132443,1
3594,43697,76761,47291,80355,120458,0
26123,48139,77892,74262,104015,126031,0
59636,77293,92963,136929,152599,170256,1
65128,57239,91445,122367,156573,148684,1
32333,33988,86417,66321,118750,120405,0
95889,80228,84529,176117,180418,164757,1
44091,67296,4692,111387,48783,71988,0
67721,56011,88694,123732,156415,144705,1
76834,12893,87299,89727,164133,100192,1
81812,30578,26857,112390,108669,57435,0
68273,43176,89072,111449,157345,132248,1
49517,41667,27729,91184,77246,69396,1
4913,60390,83238,65303,88151,143628,0
71813,31272,44637,103085,116450,75909,1
87155,9337,31370,96492,118525,40707,0
64250,60801,57257,125051,121507,118058,1
24830,61372,30077,86202,54907,91449,0
4384,64206,43132,68590,47516,107338,0
93125,43030,81290,136155,174415,124320,1
20707,93371,96237,114078,116944,189608,1
22469,43434,58744,65903,81213,102178,1
10489,37607,24424,48096,34913,62031,0
75662,16975,92233,92637,167895,109208,1
47104,86009,98917,133113,146021,184926,1
34787,65460,63107,100247,97894,128567,1
59261,14334,906,73595,60167,15240,0
3840,78479,74644,82319,78484,153123,1
69179,43429,41859,112608,111038,85288,1
54996,66479,69072,121475,124068,135551,1
53421,94578,54115,147999,107536,148693,1
58539,4444,60244,62983,118783,64688,1
52917,32536,89289,85453,142206,121825,0
46103,92250,55639,138353,101742,147889,1
69076,12587,22396,81663,91472,34983,0
13032,71582,38369,84614,51401,109951,0
20260,35282,65292,55542,85552,100574,0
75092,58865,94305,133957,169397,153170,1
99157,58625,30513,157782,129670,89138,0
85645,74748,55595,160393,141240,130343,1
56466,23389,28842,79855,85308,52231,0
11674,49515,49498,61189,61172,99013,1
20608,9633,41518,30241,62126,51151,0
7827,74794,91511,82621,99338,166305,0
80067,36209,40289,116276,120356,76498,0
33029,40519,62748,73548,95777,103267,1
65260,66391,30703,131651,95963,97094,1
81298,83506,43108,164804,124406,126614,1
96567,12097,82853,108664,179420,94950,0
40660,66934,18353,107594,59013,85287,0
55905,86619,3226,142524,59131,89845,0
60864,81838,46929,142702,107793,128767,1
48705,40297,22695,89002,71400,62992,1
28122,46303,89276,74425,117398,135579,0
55236,56211,42571,111447,97807,98782,1
6606,93630,82961,100236,89567,176591,0
24668,48411,76225,73079,100893,124636,0
76005,71127,61947,147132,137952,133074,1
87047,74065,17131,161112,104178,91196,1
42796,62574,74662,105370,117458,137236,1
40109,65366,8772,105475,48881,74138,0
51326,5583,63832,56909,115158,69415,0
56882,74455,78749,131337,135631,153204,1
40333,53361,88830,93694,129163,142191,1
6490,23844,63233,30334,69723,87077,0
65019,59396,80363,124415,145382,139759,1
36345,79238,28217,115583,64562,107455,0
7893,76258,39284,84151,47177,115542,0
1926,1151,85989,3077,87915,87140,0
28445,65498,30316,93943,58761,95814,0
94176,51528,52263,145704,146439,103791,1
33288,21391,21705,54679,54993,43096,1
19695,86463,40627,106158,60322,127090,0
76199,42718,35982,118917,112181,78700,1
48641,57823,4812,106464,53453,62635,0
97827,65198,4623,163025,102450,69821,0
98410,40025,54771,138435,153181,94796,0
93294,28645,96001,121939,189295,124646,1
19306,88639,29941,107945,49247,118580,0
1900,95230,50442,97130,52342,145672,0
2571,58016,33915,60587,36486,91931,0
42983,36982,62708,79965,105691,99690,1
22813,45550,19606,68363,42419,65156,0
72642,83596,97881,156238,170523,181477,1
9495,72380,544,81875,10039,72924,0
7049,5395,30899,12444,37948,36294,0
39679,80335,22735,120014,62414,103070,0
65436,82476,21142,147912,86578,103618,1
10060,2237,45206,12297,55266,47443,0
62356,58358,97255,120714,159611,155613,1
39309,1498,13923,40807,53232,15421,0
31218,73003,30252,104221,61470,103255,0
42559,81790,40629,124349,83188,122419,1
289,59120,55318,59409,55607,114438,0
82980,14764,2982,97744,85962,17746,0
87414,61315,32485,148729,119899,93800,1
8662,7397,79415,16059,88077,86812,0
68145,7420,16420,75565,84565,23840,0
26693,794,32850,27487,59543,33644,0
67620,60447,46736,128067,114356,107183,1
7006,57544,31379,64550,38385,88923,0
5762,57213,40953,62975,46715,98166,0
38149,60255,23069,98404,61218,83324,1
16304,92686,20238,108990,36542,112924,0
12551,43827,93683,56378,106234,137510,0
97617,53288,29521,150905,127138,82809,0
645,72994,11780,73639,12425,84774,0
28755,3941,22607,32696,51362,26548,0
55168,18023,84076,73191,139244,102099,0
94879,62466,6001,157345,100880,68467,0
86512,22651,96301,109163,182813,118952,1
46243,97032,22067,143275,68310,119099,0
71020,15874,2500,86894,73520,18374,0
30259,69576,55102,99835,85361,124678,1
86304,45560,90940,131864,177244,136500,1
55605,95336,21881,150941,77486,117217,0
78352,59022,89032,137374,167384,148054,1
78567,84944,7669,163511,86236,92613,1
60456,57990,69023,118446,129479,127013,1
53887,1919,9145,55806,63032,11064,0
22055,74295,82792,96350,104847,157087,1
28436,13692,81942,42128,110378,95634,0
29851,44783,15502,74634,45353,60285,1
316,59653,50776,59969,51092,110429,0
89655,10351,79464,100006,169119,89815,1
5746,68006,82374,73752,88120,150380,0
80565,19487,91543,100052,172108,111030,1
42647,59348,68473,101995,111120,127821,1
96455,83906,92870,180361,189325,176776,1
99083,86544,76024,185627,175107,162568,1
72327,35463,64778,107790,137105,100241,1
78625,33236,45363,111861,123988,78599,0
64469,23453,47686,87922,112155,71139,1
20638,93755,5623,114393,26261,99378,0
83435,32454,90532,115889,173967,122986,1
30781,22630,24645,53411,55426,47275,1
45817,91230,56688,137047,102505,147918,1
84161,67965,41081,152126,125242,109046,1
55103,55724,28317,110827,83420,84041,1
33193,82967,77010,116160,110203,159977,1
65995,34849,54485,100844,120480,89334,1
35425,5724,40315,41149,75740,46039,1
58874,82437,75555,141311,134429,157992,1
12699,80657,74563,93356,87262,155220,1
61148,50652,43174,111800,104322,93826,1
44692,47987,44856,92679,89548,92843,1
60923,72486,37104,133409,98027,109590,1
98731,95726,57267,194457,155998,152993,1
1261,71085,96484,72346,97745,167569,0
5851,85377,32193,91228,38044,117570,0
80064,26892,38188,106956,118252,65080,0
10916,16578,91929,27494,102845,108507,0
40860,26010,90568,66870,131428,116578,0
12049,42767,74381,54816,86430,117148,0
62809,42201,80826,105010,143635,123027,1
64242,66997,78889,131239,143131,145886,1
68275,80002,33664,148277,101939,113666,1
89490,66713,91857,156203,181347,158570,1
39542,32822,21638,72364,61180,54460,1
93332,13705,33384,107037,126716,47089,0
29578,8103,30212,37681,59790,38315,1
43847,63236,50383,107083,94230,113619,1
8191,80797,97069,88988,105260,177866,0
13403,19525,38388,32928,51791,57913,0
31218,77898,78625,109116,109843,156523,1
49211,10403,26524,59614,75735,36927,0
87199,94317,15450,181516,102649,109767,1
41203,77615,76487,118818,117690,154102,1
51778,58493,1193,110271,52971,59686,0
76901,96692,86495,173593,163396,183187,1
53331,15581,93532,68912,146863,109113,0
53119,6475,32240,59594,85359,38715,0
31915,41998,62274,73913,94189,104272,1
94746,70841,24774,165587,119520,95615,1
98630,28698,27148,127328,125778,55846,0
98184,67336,20664,165520,118848,88000,0
28932,4647,903,33579,29835,5550,0
95493,37902,63499,133395,158992,101401,1
54759,27212,95669,81971,150428,122881,0
41994,11786,93031,53780,135025,104817,0
9751,29754,81110,39505,90861,110864,0
21638,33416,84724,55054,106362,118140,0
1607,54217,8838,55824,10445,63055,0
33531,6378,5243,39909,38774,11621,0
70081,62376,77745,132457,147826,140121,1
46773,1962,37746,48735,84519,39708,0
57245,44475,91524,101720,148769,135999,1
50639,80624,13418,131263,64057,94042,0
86604,71694,17821,158298,104425,89515,1
58308,71664,85067,129972,143375,156731,1
32153,9213,22924,41366,55077,32137,0
59905,49086,38877,108991,98782,87963,1
68818,30234,60500,99052,129318,90734,1
1096,37491,69723,38587,70819,107214,0
79515,58734,51917,138249,131432,110651,1
33918,57343,48888,91261,82806,106231,1
5658,78688,9176,84346,14834,87864,0
75145,87214,51218,162359,126363,138432,1
10035,24949,78132,34984,88167,103081,0
35268,70018,97310,105286,132578,167328,1
59982,39074,92343,99056,152325,131417,1
53532,30372,46357,83904,99889,76729,1
85233,95821,18475,181054,103708,114296,1
86471,9628,25378,96099,111849,35006,0
21733,75651,56885,97384,78618,132536,1
52939,73803,74495,126742,127434,148298,1
67975,21426,99970,89401,167945,121396,0
82753,56390,6292,139143,89045,62682,0
99195,36566,66372,135761,165567,102938,1
76496,22044,35085,98540,111581,57129,0
27531,71480,43045,99011,70576,114525,0
56760,66608,90547,123368,147307,157155,1
15677,14793,54217,30470,69894,69010,0
54999,89243,65730,144242,120729,154973,1
14949,76094,34669,91043,49618,110763,0
5803,15867,84645,21670,90448,100512,0
74404,38230,73950,112634,148354,112180,1
88572,96647,2533,185219,91105,99180,0
36131,87949,3788,124080,39919,91737,0
2047,4888,38301,6935,40348,43189,0
40046,30149,92247,70195,132293,122396,0
69148,90353,96647,159501,165795,187000,1
31905,94198,1562,126103,33467,95760,0
6665,29915,32929,36580,39594,62844,1
71846,94676,90212,166522,162058,184888,1
80847,34852,51795,115699,132642,86647,1
15285,46783,97229,62068,112514,144012,0
50704,24859,78234,75563,128938,103093,0
59018,38090,42,97108,59060,38132,0
29078,50830,39615,79908,68693,90445,1
15439,56752,69059,72191,84498,125811,1
53140,96214,18822,149354,71962,115036,0
28203,61062,85733,89265,113936,146795,1
55899,78305,71277,134204,127176,149582,1
2928,10731,51483,13659,54411,62214,0
67485,65525,71745,133010,139230,137270,1
45092,61893,84272,106985,129364,146165,1
89417,27394,40679,116811,130096,68073,0
25523,92669,9035,118192,34558,101704,0
10697,74702,85945,85399,96642,160647,0
58763,54735,80384,113498,139147,135119,1
59567,90218,16766,149785,76333,106984,0
74720,91713,35085,166433,109805,126798,1
8656,3257,97534,11913,106190,100791,0
28034,8941,73317,36975,101351,82258,0
11311,89337,45731,100648,57042,135068,0
56012,7733,18617,63745,74629,26350,0
97869,21664,25773,119533,123642,47437,0
16993,21285,63632,38278,80625,84917,0
33599,37737,91785,71336,125384,129522,0
29909,63489,35716,93398,65625,99205,1
25678,28400,34622,54078,60300,63022,1
3054,59045,10806,62099,13860,69851,0
39808,40480,76666,80288,116474,117146,1
14739,85174,46452,99913,61191,131626,0
22940,88910,29411,111850,52351,118321,0
43983,56798,52586,100781,96569,109384,1
56446,12016,28637,68462,85083,40653,0
69319,62114,99089,131433,168408,161203,1
99197,77391,51062,176588,150259,128453,1
38293,47116,43278,85409,81571,90394,1
25536,58363,51886,83899,77422,110249,1
50556,31649,55766,82205,106322,87415,1
26605,67119,66033,93724,92638,133152,1
96297,90064,39177,186361,135474,129241,1
71708,68437,62550,140145,134258,130987,1
25205,85427,36823,110632,62028,122250,0
92598,13575,59038,106173,151636,72613,0
45575,39857,89426,85432,135001,129283,0
75113,87150,8658,162263,83771,95808,0
38198,66095,3015,104293,41213,69110,0
96328,6538,77252,102866,173580,83790,0
80122,70121,23259,150243,103381,93380,1
86529,45446,34131,131975,120660,79577,0
12245,12802,88310,25047,100555,101112,0
29636,34807,23378,64443,53014,58185,1
7108,72925,8703,80033,15811,81628,0
80965,86663,84545,167628,165510,171208,1
7154,62829,43007,69983,50161,105836,0
91484,90585,76566,182069,168050,167151,1
22751,85436,65703,108187,88454,151139,1
12164,65592,80456,77756,92620,146048,0
34639,68870,42924,103509,77563,111794,1
49948,65972,21686,115920,71634,87658,1
39601,85748,58090,125349,97691,143838,1
19111,54362,94202,73473,113313,148564,0
93839,36502,68102,130341,161941,104604,1
54721,9178,84577,63899,139298,93755,0
68645,29082,90532,97727,159177,119614,1
63697,31434,38038,95131,101735,69472,1
37561,95987,3200,133548,40761,99187,0
75368,45667,9998,121035,85366,55665,0
25029,25090,13703,50119,38732,38793,1
99212,25212,53587,124424,152799,78799,0
48959,75494,41864,124453,90823,117358,1
28347,65744,9406,94091,37753,75150,0
92641,95247,69391,187888,162032,164638,1
4376,82114,62877,86490,67253,144991,0
27801,52948,36344,80749,64145,89292,1
33067,94168,24178,127235,57245,118346,0
68584,38359,92069,106943,160653,130428,1
63450,83867,31068,147317,94518,114935,1
13846,96443,32874,110289,46720,129317,0
15477,72829,19960,88306,35437,92789,0
37648,79138,93212,116786,130860,172350,1
10156,81614,16027,91770,26183,97641,0
13250,89651,92760,102901,106010,182411,1
94015,75780,71968,169795,165983,147748,1
65491,99103,12246,164594,77737,111349,0
53478,8386,78184,61864,131662,86570,0
67746,67887,79672,135633,147418,147559,1
85730,82200,11554,167930,97284,93754,1
71099,43436,22721,114535,93820,66157,0
78302,27582,2602,105884,80904,30184,0
26218,36589,27389,62807,53607,63978,1
38523,78149,42283,116672,80806,120432,1
75348,15714,12136,91062,87484,27850,0
30158,66180,69729,96338,99887,135909,1
4622,58413,12478,63035,17100,70891,0
64647,68103,55215,132750,119862,123318,1
58188,28296,74363,86484,132551,102659,1
40938,4598,66024,45536,106962,70622,0
67872,85549,34515,153421,102387,120064,1
5411,89294,28427,94705,33838,117721,0
16730,94234,63049,110964,79779,157283,0
50288,85382,24492,135670,74780,109874,0
501,99806,24678,100307,25179,124484,0
72075,27550,42711,99625,114786,70261,0
36997,3904,73720,40901,110717,77624,0
91131,95107,73052,186238,164183,168159,1
17709,32853,58764,50562,76473,91617,0
3443,38746,84364,42189,87807,123110,0
26459,24786,84264,51245,110723,109050,0
11359,77207,19324,88566,30683,96531,0
72681,53315,19650,125996,92331,72965,1
80811,56164,86311,136975,167122,142475,1
28818,22062,83830,50880,112648,105892,0
12270,30200,94872,42470,107142,125072,0
26234,90035,80671,116269,106905,170706,1
13527,75347,11002,88874,24529,86349,0
30651,88798,72502,119449,103153,161300,1
12081,72963,51759,85044,63840,124722,0
18900,95395,61759,114295,80659,157154,0
63738,18834,8823,82572,72561,27657,0
17538,39808,93502,57346,111040,133310,0
64931,53959,85120,118890,150051,139079,1
21900,48341,29297,70241,51197,77638,1
48234,21551,94189,69785,142423,115740,0
57840,85774,73767,143614,131607,159541,1
70518,43628,11074,114146,81592,54702,0
51805,26105,34831,77910,86636,60936,1
99822,19151,64952,118973,164774,84103,0
13998,84968,32071,98966,46069,117039,0
25574,41506,10581,67080,36155,52087,0
41885,98021,30962,139906,72847,128983,0
12900,25683,64114,38583,77014,89797,0
62011,41423,88527,103434,150538,129950,1
90866,17200,64840,108066,155706,82040,0
3114,62547,46910,65661,50024,109457,0
75326,65592,66157,140918,141483,131749,1
57518,58437,8804,115955,66322,67241,1
81401,77163,33029,158564,114430,110192,1
89357,46955,64021,136312,153378,110976,1
90184,37416,67791,127600,157975,105207,1
96279,61254,97215,157533,193494,158469,1
15364,89470,30416,104834,45780,119886,0
45819,39409,39622,85228,85441,79031,1
13149,59092,38300,72241,51449,97392,0
81234,26053,4080,107287,85314,30133,0
91594,98494,86865,190088,178459,185359,1
56152,2929,11495,59081,67647,14424,0
22693,67143,52918,89836,75611,120061,1
26238,4701,85722,30939,111960,90423,0
49309,60506,13121,109815,62430,73627,1
42701,64811,58149,107512,100850,122960,1
95651,24490,96478,120141,192129,120968,1
86206,47818,48858,134024,135064,96676,1
84489,41073,41970,125562,126459,83043,0
46024,75929,24063,121953,70087,99992,0
80709,18143,85759,98852,166468,103902,1
82339,86971,78457,169310,160796,165428,1
73720,19577,46341,93297,120061,65918,0
26456,38499,18732,64955,45188,57231,1
18297,62331,44401,80628,62698,106732,1
12507,95848,37095,108355,49602,132943,0
79139,60248,34752,139387,113891,95000,1
66837,45371,75916,112208,142753,121287,1
49899,875,89159,50774,139058,90034,0
73488,52999,85606,126487,159094,138605,1
19456,73794,1275,93250,20731,75069,0
69809,49146,9437,118955,79246,58583,0
52903,21562,83025,74465,135928,104587,0
84915,33406,22522,118321,107437,55928,0
97012,31035,6301,128047,103313,37336,0
89797,77774,35594,167571,125391,113368,1
29778,87513,75231,117291,105009,162744,1
25829,65405,51133,91234,76962,116538,1
89095,6276,72017,95371,161112,78293,0
89375,96276,20851,185651,110226,117127,1
10554,60177,61398,70731,71952,121575,1
92145,42730,21821,134875,113966,64551,0
95571,45906,22631,141477,118202,68537,0
79918,7103,90754,87021,170672,97857,0
88056,41383,80214,129439,168270,121597,1
13198,12355,22343,25553,35541,34698,1
86895,15370,67801,102265,154696,83171,0
76509,28596,10168,105105,86677,38764,0
76759,38982,69886,115741,146645,108868,1
140,84494,80901,84634,81041,165395,0
24310,90503,37672,114813,61982,128175,0
57488,24089,50453,81577,107941,74542,1
14826,26306,83298,41132,98124,109604,0
73544,80545,91070,154089,164614,171615,1
77632,54425,62874,132057,140506,117299,1
98593,92666,56798,191259,155391,149464,1
71957,85365,94151,157322,166108,179516,1
27187,15268,23950,42455,51137,39218,1
98645,43288,67189,141933,165834,110477,1
96616,43787,42441,140403,139057,86228,0
34868,95387,33583,130255,68451,128970,0
44274,62025,37934,106299,82208,99959,1
42256,44321,24533,86577,66789,68854,1
66526,77696,16713,144222,83239,94409,1
10501,80495,13622,90996,24123,94117,0
50091,18194,97034,68285,147125,115228,0
65780,84829,32434,150609,98214,117263,1
12399,42045,76352,54444,88751,118397,0
74421,48476,78838,122897,153259,127314,1
41884,2284,62559,44168,104443,64843,0
53512,6275,73452,59787,126964,79727,0
87260,79519,96157,166779,183417,175676,1
41275,6669,23359,47944,64634,30028,0
98513,86661,76612,185174,175125,163273,1
255,66142,76204,66397,76459,142346,0
12877,70325,94104,83202,106981,164429,0
96757,15753,44050,112510,140807,59803,0
78586,39641,29764,118227,108350,69405,0
63004,2159,40854,65163,103858,43013,0
10849,19833,10236,30682,21085,30069,1
16074,16570,12736,32644,28810,29306,1
26125,43378,17568,69503,43693,60946,1
1424,34810,387,36234,1811,35197,0
63054,69562,23074,132616,86128,92636,1
47271,87793,9654,135064,56925,97447,0
32055,43998,4672,76053,36727,48670,0
76333,43358,36912,119691,113245,80270,1
84518,75760,27687,160278,112205,103447,1
77996,17651,66000,95647,143996,83651,1
93068,50375,38255,143443,131323,88630,0
13983,8747,85085,22730,99068,93832,0
38439,31535,16322,69974,54761,47857,1
2128,35407,89381,37535,91509,124788,0
4262,43230,50896,47492,55158,94126,0
17354,63799,75967,81153,93321,139766,1
66531,51805,25434,118336,91965,77239,1
57691,61958,33734,119649,91425,95692,1
24389,23427,16094,47816,40483,39521,1
41358,16899,71459,58257,112817,88358,0
43813,20850,1448,64663,45261,22298,0
98522,63600,35303,162122,133825,98903,1
28993,16601,50387,45594,79380,66988,0
79219,32864,19070,112083,98289,51934,0
44727,45531,4939,90258,49666,50470,1
67473,93813,96106,161286,163579,189919,1
9207,4614,41770,13821,50977,46384,0
58130,21670,60441,79800,118571,82111,1
89232,18505,62823,107737,152055,81328,0
94906,35733,93525,130639,188431,129258,1
77530,53575,30279,131105,107809,83854,1
2825,53664,24277,56489,27102,77941,0
45355,5811,31628,51166,76983,37439,0
62988,9726,66694,72714,129682,76420,1
13104,78909,94486,92013,107590,173395,0
72249,16038,57875,88287,130124,73913,1
59963,79422,19534,139385,79497,98956,1
5503,82634,91905,88137,97408,174539,0
33906,11696,68476,45602,102382,80172,0
37293,35616,97880,72909,135173,133496,0
15053,33582,82461,48635,97514,116043,0
66406,70862,64438,137268,130844,135300,1
13692,93855,27925,107547,41617,121780,0
19384,13109,81314,32493,100698,94423,0
48184,30535,16327,78719,64511,46862,0
13621,82250,43720,95871,57341,125970,0
89255,60033,49719,149288,138974,109752,1
16430,28791,43633,45221,60063,72424,1
90039,90880,1037,180919,91076,91917,1
45497,34694,11911,80191,57408,46605,1
20696,2170,53983,22866,74679,56153,0
94292,6629,78386,100921,172678,85015,0
64514,36054,76414,100568,140928,112468,1
39891,67499,20609,107390,60500,88108,0
64505,27420,63304,91925,127809,90724,1
78782,53846,71459,132628,150241,125305,1
81737,29048,66492,110785,148229,95540,1
11119,14492,18960,25611,30079,33452,1
39388,19339,75293,58727,114681,94632,0
17820,79270,30397,97090,48217,109667,0
96800,97404,29246,194204,126046,126650,1
93881,11758,70564,105639,164445,82322,0
91630,27875,32578,119505,124208,60453,0
99415,25525,25415,124940,124830,50940,0
92036,99222,7695,191258,99731,106917,1
82112,15690,35610,97802,117722,51300,0
81649,82191,6128,163840,87777,88319,1
7327,48647,17584,55974,24911,66231,0
93533,96144,10403,189677,103936,106547,1
15597,3073,26623,18670,42220,29696,0
47362,69264,90905,116626,138267,160169,1
14597,1836,77028,16433,91625,78864,0
17941,43396,23526,61337,41467,66922,0
10880,57545,21,68425,10901,57566,0
5778,55952,32509,61730,38287,88461,0
68369,48383,27339,116752,95708,75722,1
25694,59443,41311,85137,67005,100754,1
81507,49646,38217,131153,119724,87863,1
19529,47768,80730,67297,100259,128498,0
57481,58502,79497,115983,136978,137999,1
85253,6193,73087,91446,158340,79280,0
18790,65576,78088,84366,96878,143664,1
23700,57892,73576,81592,97276,131468,1
57873,41771,34130,99644,92003,75901,1
18464,18474,76857,36938,95321,95331,0
47199,70571,8593,117770,55792,79164,0
11556,85614,998,97170,12554,86612,0
74361,47617,58546,121978,132907,106163,1
96748,18124,96982,114872,193730,115106,1
87291,63996,5038,151287,92329,69034,0
73243,25141,45612,98384,118855,70753,0
65077,79078,36961,144155,102038,116039,1
28321,97627,75114,125948,103435,172741,1
323,10756,74958,11079,75281,85714,0
75716,46528,80474,122244,156190,127002,1
91359,82693,2553,174052,93912,85246,0
76343,45910,53036,122253,129379,98946,1
59679,62456,2784,122135,62463,65240,1
26549,22381,44410,48930,70959,66791,1
188,69598,80447,69786,80635,150045,0
58000,46318,859,104318,58859,47177,0
14930,83472,67241,98402,82171,150713,0
23346,55740,30968,79086,54314,86708,0
22687,45049,70430,67736,93117,115479,0
19794,50291,59364,70085,79158,109655,1
92979,46575,19623,139554,112602,66198,0
4585,53109,72819,57694,77404,125928,0
646,99095,12598,99741,13244,111693,0
43635,3165,45764,46800,89399,48929,1
25430,50835,86848,76265,112278,137683,0
73017,85655,41098,158672,114115,126753,1
82106,26204,15964,108310,98070,42168,0
27882,86769,81663,114651,109545,168432,1
26217,48971,38743,75188,64960,87714,1
22748,52602,92609,75350,115357,145211,0
88479,59601,96623,148080,185102,156224,1
69317,31254,81610,100571,150927,112864,1
41232,6064,60143,47296,101375,66207,0
80073,32611,72469,112684,152542,105080,1
54976,52108,43889,107084,98865,95997,1
620,83649,58480,84269,59100,142129,0
88189,87366,34859,175555,123048,122225,1
1463,66647,35144,68110,36607,101791,0
46634,93735,96572,140369,143206,190307,1
33016,73188,60871,106204,93887,134059,1
88985,52018,46465,141003,135450,98483,1
92224,76472,92997,168696,185221,169469,1
25432,18461,43101,43893,68533,61562,1
56073,49179,56034,105252,112107,105213,1
19495,93043,5210,112538,24705,98253,0
28360,77392,1559,105752,29919,78951,0
44003,88877,13558,132880,57561,102435,0
29108,20345,48643,49453,77751,68988,1
36039,89493,94287,125532,130326,183780,1
24614,65995,82217,90609,106831,148212,1
3394,39713,77285,43107,80679,116998,0
70483,29405,82378,99888,152861,111783,1
84362,41725,75404,126087,159766,117129,1
66938,44878,1168,111816,68106,46046,0
96617,94707,33546,191324,130163,128253,1
95540,51769,96805,147309,192345,148574,1
62414,13724,87284,76138,149698,101008,0
38949,20762,6752,59711,45701,27514,0
9983,47596,64751,57579,74734,112347,0
20574,5803,8046,26377,28620,13849,0
71100,14515,16393,85615,87493,30908,0
29859,9065,93397,38924,123256,102462,0
49266,48421,55990,97687,105256,104411,1
90792,6863,34972,97655,125764,41835,0
36203,46064,74758,82267,110961,120822,1
97259,46214,74775,143473,172034,120989,1
23763,79962,46996,103725,70759,126958,0
92111,94023,82825,186134,174936,176848,1
75432,17691,28838,93123,104270,46529,0
72853,53977,15728,126830,88581,69705,0
88354,66438,44029,154792,132383,110467,1
443,68750,1983,69193,2426,70733,0
1141,51138,64857,52279,65998,115995,0
33080,86410,75381,119490,108461,161791,1
10114,19702,86514,29816,96628,106216,0
57949,20631,59373,78580,117322,80004,1
59486,39832,97074,99318,156560,136906,1
7958,24522,45553,32480,53511,70075,0
15500,42322,94568,57822,110068,136890,0
98313,83912,70496,182225,168809,154408,1
8574,34076,28431,42650,37005,62507,1
47964,51549,47511,99513,95475,99060,1
39985,35714,67302,75699,107287,103016,1
63489,80261,33828,143750,97317,114089,1
17217,14207,41,31424,17258,14248,0
65677,98020,11181,163697,76858,109201,0
37716,97643,76708,135359,114424,174351,1
88801,27542,72518,116343,161319,100060,1
65912,11717,49838,77629,115750,61555,0
73579,9240,4441,82819,78020,13681,0
8490,82030,4035,90520,12525,86065,0
55341,55503,90382,110844,145723,145885,1
95662,25980,17908,121642,113570,43888,0
90220,58700,52159,148920,142379,110859,1
48456,17527,13285,65983,61741,30812,0
43589,33682,51119,77271,94708,84801,1
72398,40839,98036,113237,170434,138875,1
5748,36043,48751,41791,54499,84794,0
2487,58255,17293,60742,19780,75548,0
7244,19882,75480,27126,82724,95362,0
31195,13004,78067,44199,109262,91071,0
39742,32494,8389,72236,48131,40883,1
54565,22137,51204,76702,105769,73341,1
45928,38690,54702,84618,100630,93392,1
70401,85514,4121,155915,74522,89635,0
46608,6953,91837,53561,138445,98790,0
83730,87517,96863,171247,180593,184380,1
3113,32993,64532,36106,67645,97525,0
23553,60253,86794,83806,110347,147047,0
11549,52214,88507,63763,100056,140721,0
32158,63866,49075,96024,81233,112941,1
40075,25985,57764,66060,97839,83749,1
31586,73839,68860,105425,100446,142699,1
44894,91113,61764,136007,106658,152877,1
9501,9509,16304,19010,25805,25813,1
22115,62212,29122,84327,51237,91334,0
41763,85367,61324,127130,103087,146691,1
37166,29675,1079,66841,38245,30754,0
17986,87154,52764,105140,70750,139918,0
52688,15056,40225,67744,92913,55281,1
60479,99431,48994,159910,109473,148425,1
94272,25543,3295,119815,97567,28838,0
13812,14233,3837,28045,17649,18070,1
47780,99773,58037,147553,105817,157810,1
44377,46253,78402,90630,122779,124655,1
52687,24245,84166,76932,136853,108411,0
68644,96222,48161,164866,116805,144383,1
7840,94479,31636,102319,39476,126115,0
90087,73994,13432,164081,103519,87426,0
99119,63292,29305,162411,128424,92597,0
32004,10362,87666,42366,119670,98028,0
81611,53602,53404,135213,135015,107006,1
86068,37528,76585,123596,162653,114113,1
94065,67002,79593,161067,173658,146595,1
72984,40645,42340,113629,115324,82985,1
282,64314,44961,64596,45243,109275,0
29562,65388,42756,94950,72318,108144,1
87687,92866,1457,180553,89144,94323,0
35761,44053,91914,79814,127675,135967,0
78944,99043,64336,177987,143280,163379,1
95304,64266,66537,159570,161841,130803,1
18320,38048,27935,56368,46255,65983,1
23656,84521,34687,108177,58343,119208,0
99230,71172,55552,170402,154782,126724,1
64800,24815,65901,89615,130701,90716,1
95700,92191,76302,187891,172002,168493,1
68823,70259,94253,139082,163076,164512,1
9586,87621,65050,97207,74636,152671,0
76392,87751,99436,164143,175828,187187,1
35918,9700,69263,45618,105181,78963,0
86599,48569,80073,135168,166672,128642,1
60132,73432,84875,133564,145007,158307,1
98034,26591,12026,124625,110060,38617,0
92281,8316,60334,100597,152615,68650,0
63393,20968,69078,84361,132471,90046,1
55728,16849,79659,72577,135387,96508,0
21889,88616,22262,110505,44151,110878,0
74472,87429,57437,161901,131909,144866,1
30631,80601,20289,111232,50920,100890,0
31498,57746,50493,89244,81991,108239,1
55676,92123,74413,147799,130089,166536,1
57392,55220,304,112612,57696,55524,0
1276,82880,18359,84156,19635,101239,0
57952,99949,54116,157901,112068,154065,1
6364,47169,94286,53533,100650,141455,0
53698,67550,27744,121248,81442,95294,1
1908,96260,67689,98168,69597,163949,0
62162,68295,82109,130457,144271,150404,1
86216,13427,52921,99643,139137,66348,0
25225,27547,11478,52772,36703,39025,1
67685,31672,3484,99357,71169,35156,0
22722,18173,43195,40895,65917,61368,0
38309,5225,85517,43534,123826,90742,0
33044,61207,3273,94251,36317,64480,0
25442,7093,81247,32535,106689,88340,0
14338,35097,17599,49435,31937,52696,0
86385,78803,61510,165188,147895,140313,1
62955,89697,65716,152652,128671,155413,1
37905,45389,38651,83294,76556,84040,1
70067,33394,45188,103461,115255,78582,1
95602,56246,18067,151848,113669,74313,0
93177,96928,93125,190105,186302,190053,1
64628,9542,95287,74170,159915,104829,0
17036,91918,65087,108954,82123,157005,0
75466,10717,37816,86183,113282,48533,0
80419,61259,83613,141678,164032,144872,1
85828,29456,39083,115284,124911,68539,0
7886,10263,93882,18149,101768,104145,0
2255,98068,4159,100323,6414,102227,0
78062,48030,37006,126092,115068,85036,1
93066,8896,55290,101962,148356,64186,0
19204,44941,34057,64145,53261,78998,1
46854,38836,30196,85690,77050,69032,1
63495,95803,53297,159298,116792,149100,1
87301,27095,63048,114396,150349,90143,1
49115,92899,72616,142014,121731,165515,1
1051,60215,67181,61266,68232,127396,0
25775,69221,1671,94996,27446,70892,0
23215,86684,68336,109899,91551,155020,1
64291,48526,66297,112817,130588,114823,1
1693,38008,53941,39701,55634,91949,0
34961,31478,18565,66439,53526,50043,1
48163,86565,45746,134728,93909,132311,1
24189,45795,50421,69984,74610,96216,1
46432,44029,95561,90461,141993,139590,0
63398,16913,84890,80311,148288,101803,0
21524,56314,35139,77838,56663,91453,1
27658,18998,40634,46656,68292,59632,1
47857,92746,60663,140603,108520,153409,1
61202,30249,3107,91451,64309,33356,0
51483,67710,48683,119193,100166,116393,1
89165,58536,14199,147701,103364,72735,0
43674,65658,83545,109332,127219,149203,1
30330,55042,41767,85372,72097,96809,1
41274,12397,72079,53671,113353,84476,0
78320,79335,37530,157655,115850,116865,1
73978,31734,19574,105712,93552,51308,0
1023,89538,86944,90561,87967,176482,0
28796,45981,82648,74777,111444,128629,0
28071,97393,67890,125464,95961,165283,0
92618,65670,58050,158288,150668,123720,1
36206,11874,45742,48080,81948,57616,1
43083,39186,41807,82269,84890,80993,1
8721,20259,95109,28980,103830,115368,0
62646,49868,17510,112514,80156,67378,1
3938,1127,85507,5065,89445,86634,0
55881,99017,80486,154898,136367,179503,1
20668,19376,43371,40044,64039,62747,0
82808,2372,25210,85180,108018,27582,0
60795,37401,30393,98196,91188,67794,1
6375,36951,44612,43326,50987,81563,0
97883,7370,73919,105253,171802,81289,0
28413,42704,49860,71117,78273,92564,1
70436,31719,24523,102155,94959,56242,0
72859,7913,65369,80772,138228,73282,1
56446,73497,49010,129943,105456,122507,1
68630,26880,32140,95510,100770,59020,0
88958,91991,44338,180949,133296,136329,1
40358,93437,15536,133795,55894,108973,0
64776,84507,80114,149283,144890,164621,1
56589,42921,60147,99510,116736,103068,1
74387,65830,10184,140217,84571,76014,1
85499,80859,39186,166358,124685,120045,1
14834,13390,24,28224,14858,13414,0
78296,78342,5670,156638,83966,84012,1
92070,61401,68095,153471,160165,129496,1
89558,27013,50510,116571,140068,77523,0
42752,58607,46561,101359,89313,105168,1
41629,59029,44158,100658,85787,103187,1
84415,58943,82042,143358,166457,140985,1
91882,75984,19879,167866,111761,95863,1
83904,31794,54132,115698,138036,85926,1
43396,65774,20665,109170,64061,86439,0
24172,83617,36857,107789,61029,120474,0
90824,42472,83095,133296,173919,125567,1
63795,13210,81997,77005,145792,95207,0
38551,62423,74419,100974,112970,136842,1
76788,83018,27680,159806,104468,110698,1
8125,78041,31942,86166,40067,109983,0
38969,19774,36538,58743,75507,56312,1
48773,46048,61909,94821,110682,107957,1
96959,19031,3636,115990,100595,22667,0
54168,2309,43201,56477,97369,45510,0
30114,83373,28393,113487,58507,111766,0
4002,48821,4705,52823,8707,53526,0
21491,73047,62989,94538,84480,136036,1
50006,75382,95854,125388,145860,171236,1
22519,90245,17122,112764,39641,107367,0
1530,34356,86706,35886,88236,121062,0
63531,32256,92420,95787,155951,124676,1
12253,34577,67824,46830,80077,102401,0
45398,35377,98249,80775,143647,133626,0
9238,9730,93678,18968,102916,103408,0
97320,20617,92076,117937,189396,112693,1
68649,7140,67797,75789,136446,74937,1
28832,2048,89851,30880,118683,91899,0
35914,16562,13766,52476,49680,30328,0
49866,93761,49215,143627,99081,142976,1
92825,70503,22758,163328,115583,93261,1
57784,26361,50514,84145,108298,76875,1
51232,442,94765,51674,145997,95207,0
45237,14215,64437,59452,109674,78652,0
50416,80079,88502,130495,138918,168581,1
68520,3223,74534,71743,143054,77757,0
47653,64543,4894,112196,52547,69437,0
23572,72686,35307,96258,58879,107993,0
63506,50096,58677,113602,122183,108773,1
13432,77089,8786,90521,22218,85875,0
53777,28838,5904,82615,59681,34742,0
35411,53724,33136,89135,68547,86860,1
773,51677,89730,52450,90503,141407,0
83894,22722,42206,106616,126100,64928,0
4158,66577,6836,70735,10994,73413,0
31277,12019,31851,43296,63128,43870,1
96712,26358,7751,123070,104463,34109,0
46111,16601,90487,62712,136598,107088,0
12767,91159,95048,103926,107815,186207,1
98721,83790,22946,182511,121667,106736,1
17924,84898,27223,102822,45147,112121,0
42896,82655,79864,125551,122760,162519,1
48957,10437,77663,59394,126620,88100,0
50119,32769,37420,82888,87539,70189,1
16215,477,57701,16692,73916,58178,0
74958,77419,90169,152377,165127,167588,1
13550,31466,75765,45016,89315,107231,0
4912,14571,96268,19483,101180,110839,0
55209,14984,34626,70193,89835,49610,0
34235,24698,36855,58933,71090,61553,1
41588,89307,24133,130895,65721,113440,0
42655,36815,65267,79470,107922,102082,1
51303,48280,73640,99583,124943,121920,1
80937,41900,72977,122837,153914,114877,1
99441,37885,22773,137326,122214,60658,0
84143,65616,20788,149759,104931,86404,1
18178,46007,54585,64185,72763,100592,1
48309,14017,53806,62326,102115,67823,1
61414,42731,24714,104145,86128,67445,1
76940,58891,63024,135831,139964,121915,1
24251,7773,54673,32024,78924,62446,0
45364,42624,24475,87988,69839,67099,1
16194,19387,78495,35581,94689,97882,0
82229,96428,25834,178657,108063,122262,1
79401,24847,32183,104248,111584,57030,0
7044,10888,70964,17932,78008,81852,0
88194,52821,51082,141015,139276,103903,1
63550,58030,89308,121580,152858,147338,1
72058,44053,74959,116111,147017,119012,1
66232,47428,76862,113660,143094,124290,1
30074,87430,3418,117504,33492,90848,0
66137,19979,41751,86116,107888,61730,0
11808,15596,11034,27404,22842,26630,1
33236,78152,92517,111388,125753,170669,1
33411,14807,41820,48218,75231,56627,1
34356,52416,66100,86772,100456,118516,1
99512,85037,37913,184549,137425,122950,1
98285,87392,41207,185677,139492,128599,1
53899,60481,56272,114380,110171,116753,1
95384,17501,35966,112885,131350,53467,0
83465,40300,57321,123765,140786,97621,1
31229,90335,6903,121564,38132,97238,0
76284,83806,19831,160090,96115,103637,1
33542,62838,24584,96380,58126,87422,0
14288,60528,74147,74816,88435,134675,1
96325,40106,1585,136431,97910,41691,0
88142,29981,69050,118123,157192,99031,1
63835,34232,40064,98067,103899,74296,1
16384,24794,46689,41178,63073,71483,0
26700,15409,22660,42109,49360,38069,1
43905,82454,69885,126359,113790,152339,1
61916,39105,58369,101021,120285,97474,1
94475,30162,64016,124637,158491,94178,0
89962,27920,78976,117882,168938,106896,1
61967,17158,1129,79125,63096,18287,0
38325,29981,55599,68306,93924,85580,1
57348,9296,58536,66644,115884,67832,1
15733,10928,48074,26661,63807,59002,0
51674,10273,26561,61947,78235,36834,0
96365,54504,60665,150869,157030,115169,1
2522,26142,65129,28664,67651,91271,0
88838,6565,8937,95403,97775,15502,0
37251,63037,51192,100288,88443,114229,1
26208,61006,16680,87214,42888,77686,0
94064,12030,87317,106094,181381,99347,1
72666,21710,1164,94376,73830,22874,0
16535,15946,86929,32481,103464,102875,0
27461,98123,26089,125584,53550,124212,0
28989,84368,78578,113357,107567,162946,1
55121,26517,34110,81638,89231,60627,1
26845,5971,35533,32816,62378,41504,0
53401,60365,13487,113766,66888,73852,1
90722,77793,58969,168515,149691,136762,1
95724,2098,51667,97822,147391,53765,0
65706,23804,53856,89510,119562,77660,1
14176,83302,46278,97478,60454,129580,0
31439,79599,44927,111038,76366,124526,0
28664,31599,10786,60263,39450,42385,1
19619,68359,16565,87978,36184,84924,0
60844,12295,6926,73139,67770,19221,0
25207,80884,90204,106091,115411,171088,1
4324,1096,5760,5420,10084,6856,0
2958,80412,97042,83370,100000,177454,0
35683,4369,38670,40052,74353,43039,1
9749,52127,36987,61876,46736,89114,0
82252,9087,25053,91339,107305,34140,0
1372,84531,29012,85903,30384,113543,0
58732,76240,31312,134972,90044,107552,1
36499,98039,8636,134538,45135,106675,0
55756,83240,40461,138996,96217,123701,1
88623,37709,20173,126332,108796,57882,0
93570,45716,88274,139286,181844,133990,1
4185,16069,56583,20254,60768,72652,0
39782,29110,9538,68892,49320,38648,0
21685,52959,34295,74644,55980,87254,1
62896,9312,71818,72208,134714,81130,1
38869,7890,36458,46759,75327,44348,1
66138,8505,3714,74643,69852,12219,0
51990,49458,82922,101448,134912,132380,1
37521,25459,69714,62980,107235,95173,0
16495,32321,73744,48816,90239,106065,0
48031,77576,71301,125607,119332,148877,1
9483,78510,77308,87993,86791,155818,1
73508,25268,24153,98776,97661,49421,0
64055,19485,13745,83540,77800,33230,0
39600,93478,2185,133078,41785,95663,0
22186,68031,78297,90217,100483,146328,1
27482,59270,92855,86752,120337,152125,0
70404,81719,63512,152123,133916,145231,1
16728,43090,24743,59818,41471,67833,0
23801,5354,12791,29155,36592,18145,0
49533,38717,99685,88250,149218,138402,0
1254,298,28806,1552,30060,29104,0
10826,92762,52009,103588,62835,144771,0
42197,11339,40989,53536,83186,52328,1
3931,14453,32115,18384,36046,46568,0
57902,99748,83977,157650,141879,183725,1
19861,29016,34969,48877,54830,63985,1
69360,78469,43685,147829,113045,122154,1
53754,91865,14983,145619,68737,106848,0
30086,75029,89678,105115,119764,164707,1
64652,8326,80481,72978,145133,88807,0
74956,59521,61026,134477,135982,120547,1
94067,31613,61054,125680,155121,92667,0
65051,18129,19366,83180,84417,37495,0
32288,54455,27488,86743,59776,81943,1
84309,13573,92382,97882,176691,105955,1
83543,43477,44805,127020,128348,88282,1
75934,7650,16722,83584,92656,24372,0
41031,21840,23771,62871,64802,45611,1
57390,12670,30236,70060,87626,42906,0
37602,74062,61782,111664,99384,135844,1
4878,59420,43590,64298,48468,103010,0
40118,84446,94166,124564,134284,178612,1
25605,20382,15026,45987,40631,35408,1
78297,71679,23334,149976,101631,95013,1
81641,87387,39926,169028,121567,127313,1
43992,36181,62594,80173,106586,98775,1
34485,65011,90346,99496,124831,155357,1
54439,9962,88718,64401,143157,98680,0
84197,14645,21022,98842,105219,35667,0
70038,77798,99146,147836,169184,176944,1
95068,70745,36928,165813,131996,107673,1
45965,37880,50315,83845,96280,88195,1
38479,7467,52216,45946,90695,59683,0
14461,91517,1838,105978,16299,93355,0
95685,18311,34893,113996,130578,53204,0
93314,92229,75235,185543,168549,167464,1
29575,80808,26968,110383,56543,107776,0
62637,66740,37219,129377,99856,103959,1
44544,5355,51313,49899,95857,56668,0
48617,82626,59211,131243,107828,141837,1
5057,17636,86839,22693,91896,104475,0
35046,43010,1446,78056,36492,44456,0
32979,97130,36671,130109,69650,133801,0
16218,24065,72755,40283,88973,96820,0
87362,91486,33027,178848,120389,124513,1
82543,76103,92242,158646,174785,168345,1
52995,18371,87625,71366,140620,105996,0
63058,71419,6474,134477,69532,77893,0
79276,30309,36486,109585,115762,66795,0
57526,58447,23395,115973,80921,81842,1
51636,70224,12761,121860,64397,82985,0
30068,93899,3294,123967,33362,97193,0
68163,65404,98374,133567,166537,163778,1
86891,78186,26031,165077,112922,104217,1
81001,83675,3769,164676,84770,87444,1
84244,77744,89752,161988,173996,167496,1
92527,17737,43494,110264,136021,61231,0
17065,31723,40921,48788,57986,72644,1
16237,17690,37955,33927,54192,55645,0
95651,25792,6373,121443,102024,32165,0
94157,6045,13802,100202,107959,19847,0
48315,24014,96882,72329,145197,120896,0
64696,5138,68539,69834,133235,73677,1
36936,22645,28399,59581,65335,51044,1
32391,27542,47,59933,32438,27589,0
58820,18128,53556,76948,112376,71684,1
91829,77586,93852,169415,185681,171438,1
87875,81488,84059,169363,171934,165547,1
81512,26091,39817,107603,121329,65908,0
85616,17314,83194,102930,168810,100508,1
44004,90554,37521,134558,81525,128075,0
12666,49219,54733,61885,67399,103952,1
88658,15075,31812,103733,120470,46887,0
94627,88821,9280,183448,103907,98101,1
11410,68230,75626,79640,87036,143856,1
94028,68937,47471,162965,141499,116408,1
647,26983,81249,27630,81896,108232,0
34340,41127,6842,75467,41182,47969,1
56864,34319,11745,91183,68609,46064,0
21039,56054,19302,77093,40341,75356,0
64520,56904,70307,121424,134827,127211,1
96100,3558,76702,99658,172802,80260,0
50920,11979,90111,62899,141031,102090,0
66191,69194,76135,135385,142326,145329,1
22069,51916,13968,73985,36037,65884,0
60041,83573,21655,143614,81696,105228,0
93687,41894,7146,135581,100833,49040,0
27555,83939,73806,111494,101361,157745,1
34984,17620,42063,52604,77047,59683,1
74681,63623,89163,138304,163844,152786,1
20395,51598,78739,71993,99134,130337,0
38357,77217,78141,115574,116498,155358,1
66650,86921,2150,153571,68800,89071,0
98305,17379,76627,115684,174932,94006,0
32463,93587,52033,126050,84496,145620,0
57468,14690,59486,72158,116954,74176,1
20856,69771,78999,90627,99855,148770,1
27089,95993,61750,123082,88839,157743,0
10764,61308,14506,72072,25270,75814,0
87178,4321,49079,91499,136257,53400,0
94824,76367,9820,171191,104644,86187,0
70074,99882,71142,169956,141216,171024,1
43432,44669,12921,88101,56353,57590,1
18987,43201,82434,62188,101421,125635,0
75928,26245,68217,102173,144145,94462,1
95209,50302,24940,145511,120149,75242,0
90352,49815,60033,140167,150385,109848,1
27593,26184,6756,53777,34349,32940,1
46977,23401,69725,70378,116702,93126,1
34755,86565,17078,121320,51833,103643,0
36398,80705,5243,117103,41641,85948,0
24495,7826,36491,32321,60986,44317,0
77635,2329,66736,79964,144371,69065,0
28110,7982,36351,36092,64461,44333,0
58172,64320,43447,122492,101619,107767,1
46037,3837,42325,49874,88362,46162,1
14506,26263,26266,40769,40772,52529,1
76056,99978,55944,176034,132000,155922,1
18464,35164,35633,53628,54097,70797,1
71976,89391,89057,161367,161033,178448,1
52822,36524,46129,89346,98951,82653,1
3635,81260,73224,84895,76859,154484,0
96423,14112,50644,110535,147067,64756,0
40870,93274,60363,134144,101233,153637,1
99192,80732,62866,179924,162058,143598,1
81716,19607,3953,101323,85669,23560,0
87624,53457,77029,141081,164653,130486,1
35846,83283,81201,119129,117047,164484,1
31781,35074,93253,66855,125034,128327,0
43608,16445,32059,60053,75667,48504,1
43221,22597,97989,65818,141210,120586,0
30215,90119,68982,120334,99197,159101,1
30363,86151,31985,116514,62348,118136,0
26843,77691,72076,104534,98919,149767,1
74729,65667,5987,140396,80716,71654,0
29962,85023,47090,114985,77052,132113,0
38818,74249,4124,113067,42942,78373,0
54582,51592,82371,106174,136953,133963,1
63555,35546,34376,99101,97931,69922,1
27917,65278,43915,93195,71832,109193,1
46577,50684,20714,97261,67291,71398,1
28836,95372,23105,124208,51941,118477,0
50933,9145,81802,60078,132735,90947,0
83845,36790,19063,120635,102908,55853,0
9248,96129,24602,105377,33850,120731,0
83321,60355,17250,143676,100571,77605,0
23277,482,71711,23759,94988,72193,0
68166,46610,32735,114776,100901,79345,1
17631,7902,43153,25533,60784,51055,0
84700,14067,86970,98767,171670,101037,1
10637,40960,11831,51597,22468,52791,0
63730,4172,21007,67902,84737,25179,0
16282,71983,89239,88265,105521,161222,0
66117,33777,87819,99894,153936,121596,1
39811,63384,1053,103195,40864,64437,0
3656,28648,63447,32304,67103,92095,0
25623,293,76253,25916,101876,76546,0
76323,35806,26210,112129,102533,62016,0
62196,12109,64298,74305,126494,76407,1
22501,20200,6588,42701,29089,26788,1
37192,53196,44847,90388,82039,98043,1
25519,41086,2282,66605,27801,43368,0
95179,77286,38618,172465,133797,115904,1
26556,1506,54252,28062,80808,55758,0
64927,68826,59328,133753,124255,128154,1
82039,9229,71491,91268,153530,80720,0
66200,99579,49016,165779,115216,148595,1
56232,80484,8215,136716,64447,88699,0
52067,18962,39149,71029,91216,58111,1
16445,80664,64621,97109,81066,145285,1
75936,31318,48428,107254,124364,79746,1
73568,73460,37740,147028,111308,111200,1
90682,27926,9186,118608,99868,37112,0
73293,65179,4592,138472,77885,69771,0
53657,93758,92693,147415,146350,186451,1
70621,579,79929,71200,150550,80508,0
83729,48164,37316,131893,121045,85480,1
54706,672,82,55378,54788,754,0
40497,35126,80598,75623,121095,115724,0
5214,71798,73209,77012,78423,145007,1
43068,49239,41078,92307,84146,90317,1
42859,77982,39580,120841,82439,117562,1
6479,87326,42567,93805,49046,129893,0
5537,70004,33137,75541,38674,103141,0
11890,62135,57593,74025,69483,119728,1
63388,97154,6252,160542,69640,103406,0
11798,69468,15560,81266,27358,85028,0
31936,62029,65933,93965,97869,127962,1
22327,83978,7819,106305,30146,91797,0
50608,31792,53511,82400,104119,85303,1
38940,63400,88717,102340,127657,152117,1
61837,60573,30221,122410,92058,90794,1
15769,77475,58186,93244,73955,135661,0
35560,38202,82514,73762,118074,120716,0
53362,84316,92354,137678,145716,176670,1
61914,62925,32241,124839,94155,95166,1
71062,35471,37608,106533,108670,73079,1
51579,61170,80360,112749,131939,141530,1
96552,41951,4301,138503,100853,46252,0
15692,23312,35444,39004,51136,58756,1
67315,29352,90556,96667,157871,119908,1
15333,12295,95948,27628,111281,108243,0
45499,56041,98368,101540,143867,154409,1
99766,59718,26990,159484,126756,86708,0
97287,62503,98229,159790,195516,160732,1
86974,42601,57892,129575,144866,100493,1
13430,34098,42755,47528,56185,76853,1
91581,22740,94702,114321,186283,117442,1
78893,49941,54073,128834,132966,104014,1
48212,61200,10808,109412,59020,72008,0
74372,31249,85679,105621,160051,116928,1
29063,74947,64193,104010,93256,139140,1
57733,72837,56981,130570,114714,129818,1
15713,93564,32575,109277,48288,126139,0
54268,23172,64022,77440,118290,87194,1
50075,96382,9260,146457,59335,105642,0
90235,62569,45202,152804,135437,107771,1
88478,1098,14381,89576,102859,15479,0
26185,95893,94644,122078,120829,190537,1
12567,47878,23510,60445,36077,71388,0
42453,67566,57794,110019,100247,125360,1
42034,42948,29382,84982,71416,72330,1
67777,90855,19444,158632,87221,110299,0
22643,64426,60919,87069,83562,125345,1
71864,60928,61090,132792,132954,122018,1
42746,91657,81350,134403,124096,173007,1
59714,33563,23927,93277,83641,57490,0
92279,36725,35311,129004,127590,72036,0
75780,37370,35043,113150,110823,72413,0
41146,56347,44113,97493,85259,100460,1
88705,54349,48716,143054,137421,103065,1
81629,38891,81888,120520,163517,120779,1
30210,9211,43610,39421,73820,52821,0
67400,36575,80804,103975,148204,117379,1
25893,37051,31005,62944,56898,68056,1
72114,25647,4173,97761,76287,29820,0
79350,23906,95129,103256,174479,119035,1
81399,53102,10853,134501,92252,63955,0
67032,64457,18028,131489,85060,82485,1
27888,87509,12869,115397,40757,100378,0
3524,69310,8584,72834,12108,77894,0
17432,67040,68583,84472,86015,135623,1
18738,81155,8241,99893,26979,89396,0
70325,33268,10350,103593,80675,43618,0
86081,98738,4252,184819,90333,102990,0
24159,81520,61171,105679,85330,142691,1
95291,43722,84012,139013,179303,127734,1
9681,22540,5138,32221,14819,27678,0
7579,9131,71914,16710,79493,81045,0
95806,78085,60515,173891,156321,138600,1
27941,93419,82896,121360,110837,176315,1
51757,12811,54383,64568,106140,67194,1
70075,37651,80914,107726,150989,118565,1
87637,87368,68374,175005,156011,155742,1
44075,1669,44701,45744,88776,46370,1
94653,68376,2880,163029,97533,71256,0
4270,96035,773,100305,5043,96808,0
52804,89099,88288,141903,141092,177387,1
887,89463,89650,90350,90537,179113,1
42075,78471,55332,120546,97407,133803,1
16345,11185,34937,27530,51282,46122,0
16272,15114,44297,31386,60569,59411,0
37609,73353,73161,110962,110770,146514,1
27521,62841,67900,90362,95421,130741,1
84944,13502,86949,98446,171893,100451,1
16105,47909,20016,64014,36121,67925,0
72946,46140,63345,119086,136291,109485,1
86530,58613,20238,145143,106768,78851,0
35511,14446,56679,49957,92190,71125,0
4460,88795,42346,93255,46806,131141,0
29426,24077,93551,53503,122977,117628,0
7993,72004,17432,79997,25425,89436,0
5309,26779,30899,32088,36208,57678,1
58953,33543,31975,92496,90928,65518,1
16191,143,55510,16334,71701,55653,0
29026,91840,26362,120866,55388,118202,0
58319,58146,95579,116465,153898,153725,1
61811,6441,75842,68252,137653,82283,0
73452,2863,15735,76315,89187,18598,0
22337,40010,47396,62347,69733,87406,1
26159,21888,82193,48047,108352,104081,0
55980,30727,89276,86707,145256,120003,0
58150,84252,84833,142402,142983,169085,1
55768,54355,83516,110123,139284,137871,1
32888,66021,71067,98909,103955,137088,1
15017,68660,24914,83677,39931,93574,0
97622,82425,32141,180047,129763,114566,1
66047,24396,52524,90443,118571,76920,1
62729,94922,8037,157651,70766,102959,0
17734,22332,4714,40066,22448,27046,1
97348,89212,79921,186560,177269,169133,1
86154,72399,4478,158553,90632,76877,0
34109,44047,19346,78156,53455,63393,1
5051,1648,20050,6699,25101,21698,0
68336,85562,34142,153898,102478,119704,1
84915,2301,71465,87216,156380,73766,0
58682,35027,85451,93709,144133,120478,1
90740,11597,54914,102337,145654,66511,0
31150,10925,87155,42075,118305,98080,0
47528,7131,55613,54659,103141,62744,0
92660,11181,57711,103841,150371,68892,0
58332,9227,94413,67559,152745,103640,0
77647,21407,20880,99054,98527,42287,0
71715,73517,95639,145232,167354,169156,1
98232,95882,2037,194114,100269,97919,0
99067,41976,64563,141043,163630,106539,1
71992,34667,29160,106659,101152,63827,0
65559,90929,17872,156488,83431,108801,0
42007,98696,39344,140703,81351,138040,0
37875,10992,93688,48867,131563,104680,0
79368,59373,64337,138741,143705,123710,1
65183,68534,53919,133717,119102,122453,1
74157,80099,73894,154256,148051,153993,1
10899,74471,96321,85370,107220,170792,0
22193,76330,95032,98523,117225,171362,1
92393,12519,2950,104912,95343,15469,0
90202,63029,59425,153231,149627,122454,1
10108,11637,62737,21745,72845,74374,0
69885,33636,43682,103521,113567,77318,1
66671,74565,1691,141236,68362,76256,0
28232,26282,54794,54514,83026,81076,0
49285,48117,15734,97402,65019,63851,1
58966,83179,95561,142145,154527,178740,1
99956,9350,57819,109306,157775,67169,0
3777,67002,34706,70779,38483,101708,0
19603,2128,75227,21731,94830,77355,0
89345,64174,37307,153519,126652,101481,1
15008,55773,48344,70781,63352,104117,1
63593,48676,70645,112269,134238,119321,1
91156,29878,18477,121034,109633,48355,0
6203,24410,13456,30613,19659,37866,0
25289,30677,13285,55966,38574,43962,1
42496,68964,93785,111460,136281,162749,1
97695,41502,24523,139197,122218,66025,0
22040,3741,80919,25781,102959,84660,0
58840,59651,67983,118491,126823,127634,1
68673,7572,54187,76245,122860,61759,0
6030,9027,52660,15057,58690,61687,0
98550,45029,81152,143579,179702,126181,1
43054,63370,76644,106424,119698,140014,1
98725,86474,70307,185199,169032,156781,1
37321,36534,25353,73855,62674,61887,1
57000,24937,39466,81937,96466,64403,1
88387,13099,78330,101486,166717,91429,1
72916,50796,29984,123712,102900,80780,1
778,57298,50936,58076,51714,108234,0
24396,37417,87710,61813,112106,125127,0
87258,12621,84102,99879,171360,96723,1
81933,66486,88997,148419,170930,155483,1
44827,79002,95026,123829,139853,174028,1
51230,61328,30543,112558,81773,91871,1
48137,65517,37884,113654,86021,103401,1
82096,5402,14096,87498,96192,19498,0
95094,45667,2954,140761,98048,48621,0
11642,58130,6151,69772,17793,64281,0
97377,99330,38888,196707,136265,138218,1
45830,33511,99766,79341,145596,133277,0
865,58450,92592,59315,93457,151042,0
20324,25526,57263,45850,77587,82789,0
88975,95327,39716,184302,128691,135043,1
81476,66185,80815,147661,162291,147000,1
61425,27876,77703,89301,139128,105579,1
88673,34247,44662,122920,133335,78909,0
44817,19420,51596,64237,96413,71016,1
19444,88283,90142,107727,109586,178425,1
71472,22712,4145,94184,75617,26857,0
71602,92879,22244,164481,93846,115123,1
36735,20002,39268,56737,76003,59270,1
2177,37976,85015,40153,87192,122991,0
46521,77135,49181,123656,95702,126316,1
74372,72350,79635,146722,154007,151985,1
63570,20286,86400,83856,149970,106686,0
4299,65658,63347,69957,67646,129005,1
92585,96088,20264,188673,112849,116352,1
32360,41425,65616,73785,97976,107041,1
32445,53310,4563,85755,37008,57873,0
58812,24196,5232,83008,64044,29428,0
47091,56737,29599,103828,76690,86336,1
28682,44329,35903,73011,64585,80232,1
38028,48591,73082,86619,111110,121673,1
93568,10427,46798,103995,140366,57225,0
44701,59339,96083,104040,140784,155422,1
5990,40591,70442,46581,76432,111033,0
27201,37974,45893,65175,73094,83867,1
48840,20882,66999,69722,115839,87881,1
6169,47902,45524,54071,51693,93426,1
26084,99821,61499,125905,87583,161320,0
53511,75075,78397,128586,131908,153472,1
49420,99635,58072,149055,107492,157707,1
40018,10486,31109,50504,71127,41595,1
80487,37766,95751,118253,176238,133517,1
37420,81831,43181,119251,80601,125012,0
13441,60662,93779,74103,107220,154441,0
35327,30268,51444,65595,86771,81712,1
68166,43963,22154,112129,90320,66117,0
2938,83985,67422,86923,70360,151407,0
88582,71737,63456,160319,152038,135193,1
24993,1205,41524,26198,66517,42729,0
54421,91598,35509,146019,89930,127107,0
35459,90848,7504,126307,42963,98352,0
14055,51224,10351,65279,24406,61575,0
95828,54378,53010,150206,148838,107388,1
38472,14941,25685,53413,64157,40626,1
13066,64933,46693,77999,59759,111626,0
90258,29693,2103,119951,92361,31796,0
74305,81099,51102,155404,125407,132201,1
60672,88335,60733,149007,121405,149068,1
85266,71594,72148,156860,157414,143742,1
71002,35406,80874,106408,151876,116280,1
15868,94267,77558,110135,93426,171825,0
69480,26790,19763,96270,89243,46553,0
4191,85959,11786,90150,15977,97745,0
50200,93222,35787,143422,85987,129009,0
35810,54598,35860,90408,71670,90458,1
59921,227,75651,60148,135572,75878,0
30132,23768,6541,53900,36673,30309,1
20974,35741,20752,56715,41726,56493,1
3287,78012,74917,81299,78204,152929,1
46626,58389,23566,105015,70192,81955,1
91933,26190,72618,118123,164551,98808,1
2061,73034,27412,75095,29473,100446,0
56855,94609,65684,151464,122539,160293,1
31292,64769,48711,96061,80003,113480,1
48217,32031,59582,80248,107799,91613,1
41777,12829,13806,54606,55583,26635,0
91364,82767,71281,174131,162645,154048,1
41260,45560,55820,86820,97080,101380,1
9038,90430,18970,99468,28008,109400,0
82657,58326,79125,140983,161782,137451,1
54673,1787,1981,56460,56654,3768,0
76688,22136,19412,98824,96100,41548,0
23143,87617,70250,110760,93393,157867,1
35185,52384,6950,87569,42135,59334,0
46544,11316,40566,57860,87110,51882,1
46685,38909,15696,85594,62381,54605,1
51648,49868,4971,101516,56619,54839,1
6827,27248,38614,34075,45441,65862,0
15318,5673,29734,20991,45052,35407,0
30351,65938,15283,96289,45634,81221,0
9123,28780,27125,37903,36248,55905,1
50645,63223,64705,113868,115350,127928,1
23048,99254,71203,122302,94251,170457,0
34804,1622,89265,36426,124069,90887,0
54895,75514,88224,130409,143119,163738,1
7059,48856,20151,55915,27210,69007,0
29712,47607,340,77319,30052,47947,0
35202,56008,70647,91210,105849,126655,1
63888,3087,11245,66975,75133,14332,0
1888,31364,77351,33252,79239,108715,0
11396,40563,38703,51959,50099,79266,1
46728,87169,18502,133897,65230,105671,0
99450,63992,79258,163442,178708,143250,1
43295,3394,42625,46689,85920,46019,1
54370,69582,37422,123952,91792,107004,1
6789,9092,63311,15881,70100,72403,0
64711,31770,56567,96481,121278,88337,1
36694,60288,95155,96982,131849,155443,1
74909,77062,74867,151971,149776,151929,1
40833,82269,74195,123102,115028,156464,1
69131,35304,71333,104435,140464,106637,1
22185,23025,6130,45210,28315,29155,1
62697,76513,20978,139210,83675,97491,1
28211,81075,38130,109286,66341,119205,0
22162,16961,77329,39123,99491,94290,0
11720,14124,2301,25844,14021,16425,0
2832,58967,96612,61799,99444,155579,0
72645,14338,77805,86983,150450,92143,1
22052,15110,87115,37162,109167,102225,0
85386,90451,92,175837,85478,90543,0
56707,90937,79237,147644,135944,170174,1
66895,86633,92928,153528,159823,179561,1
37459,17054,69368,54513,106827,86422,0
65277,5152,19562,70429,84839,24714,0
63234,40135,69736,103369,132970,109871,1
93092,86920,36962,180012,130054,123882,1
81334,15618,22198,96952,103532,37816,0
25211,60449,43859,85660,69070,104308,1
30478,91752,61709,122230,92187,153461,1
41231,45941,2701,87172,43932,48642,0
42548,60963,94901,103511,137449,155864,1
27777,82063,23322,109840,51099,105385,0
1335,95514,22307,96849,23642,117821,0
52234,43827,92558,96061,144792,136385,1
48568,29599,38286,78167,86854,67885,1
81344,89046,82471,170390,163815,171517,1
52800,83699,4263,136499,57063,87962,0
99294,49416,48954,148710,148248,98370,0
86830,90510,35189,177340,122019,125699,1
39986,39328,53772,79314,93758,93100,1
44924,33251,63579,78175,108503,96830,1
4989,70690,21478,75679,26467,92168,0
51178,16719,9033,67897,60211,25752,0
3651,85568,60080,89219,63731,145648,0
47452,53757,86962,101209,134414,140719,1
19325,82466,31859,101791,51184,114325,0
39063,87828,46757,126891,85820,134585,0
24067,50547,11790,74614,35857,62337,0
36564,55898,19615,92462,56179,75513,1
56264,3658,68325,59922,124589,71983,0
34509,52906,11762,87415,46271,64668,0
44050,11403,55241,55453,99291,66644,1
49454,71177,75607,120631,125061,146784,1
43449,89372,89763,132821,133212,179135,1
55396,77280,73392,132676,128788,150672,1
8945,51925,62026,60870,70971,113951,0
73432,54328,11180,127760,84612,65508,0
46249,99630,50823,145879,97072,150453,0
47671,15677,56017,63348,103688,71694,1
34602,50839,6988,85441,41590,57827,0
46537,6762,7260,53299,53797,14022,0
49293,72195,69589,121488,118882,141784,1
17985,59015,23542,77000,41527,82557,0
93702,16224,49981,109926,143683,66205,0
40792,76188,48523,116980,89315,124711,1
72156,51581,13734,123737,85890,65315,0
28887,28714,55407,57601,84294,84121,1
18035,23753,26039,41788,44074,49792,1
98392,84209,46920,182601,145312,131129,1
27182,79553,99307,106735,126489,178860,1
57200,92427,17903,149627,75103,110330,0
45015,90337,26711,135352,71726,117048,0
83034,49530,50106,132564,133140,99636,1
59604,9892,70633,69496,130237,80525,0
4599,52194,42716,56793,47315,94910,0
99504,23497,98160,123001,197664,121657,1
27781,52135,24329,79916,52110,76464,0
5841,90451,32659,96292,38500,123110,0
7092,40803,62739,47895,69831,103542,0
28573,57074,11071,85647,39644,68145,0
2752,21373,13600,24125,16352,34973,0
72853,73259,89657,146112,162510,162916,1
10956,40757,38223,51713,49179,78980,1
29672,45175,49476,74847,79148,94651,1
33736,36264,8575,70000,42311,44839,1
82618,84630,36584,167248,119202,121214,1
19626,90561,73197,110187,92823,163758,1
33463,72514,94363,105977,127826,166877,1
96053,16288,63592,112341,159645,79880,0
22467,2146,61320,24613,83787,63466,0
452,20772,11006,21224,11458,31778,0
81362,55722,34169,137084,115531,89891,1
67962,60908,97448,128870,165410,158356,1
74256,56997,8474,131253,82730,65471,0
75209,39905,34198,115114,109407,74103,0
48627,56699,5857,105326,54484,62556,0
42376,4927,88050,47303,130426,92977,0
86026,32207,97124,118233,183150,129331,1
55656,60937,9537,116593,65193,70474,1
76202,53593,38167,129795,114369,91760,1
97510,42106,14594,139616,112104,56700,0
87561,9493,19559,97054,107120,29052,0
50937,77509,65975,128446,116912,143484,1
89622,79310,88816,168932,178438,168126,1
44902,74919,27583,119821,72485,102502,0
64240,28562,33927,92802,98167,62489,0
4541,1595,98939,6136,103480,100534,0
85596,89016,76788,174612,162384,165804,1
62340,29649,41464,91989,103804,71113,1
91160,24182,68472,115342,159632,92654,1
78407,89438,59741,167845,138148,149179,1
13632,9790,62212,23422,75844,72002,0
8772,11425,27451,20197,36223,38876,0
60880,4121,18246,65001,79126,22367,0
9753,51809,37602,61562,47355,89411,0
20877,21125,74613,42002,95490,95738,0
45112,28537,67051,73649,112163,95588,1
77610,81392,63139,159002,140749,144531,1
67477,22415,27142,89892,94619,49557,0
10410,57271,45216,67681,55626,102487,0
28221,78763,3834,106984,32055,82597,0
48461,68442,55246,116903,103707,123688,1
9575,98940,16718,108515,26293,115658,0
55289,41629,97504,96918,152793,139133,0
63740,53803,76351,117543,140091,130154,1
24080,18879,4284,42959,28364,23163,0
23005,85176,11057,108181,34062,96233,0
31440,19309,12332,50749,43772,31641,1
27922,72484,70373,100406,98295,142857,1
71077,66885,78568,137962,149645,145453,1
31767,82720,25800,114487,57567,108520,0
54957,6675,3014,61632,57971,9689,0
76230,22949,80622,99179,156852,103571,1
20868,36224,27625,57092,48493,63849,1
70345,77873,55844,148218,126189,133717,1
67372,99426,25513,166798,92885,124939,0
18286,80658,1224,98944,19510,81882,0
53445,29350,68768,82795,122213,98118,1
4656,87773,54203,92429,58859,141976,0
41234,24247,42686,65481,83920,66933,1
4155,4255,41404,8410,45559,45659,0
72962,98109,14686,171071,87648,112795,0
15156,43415,64726,58571,79882,108141,0
74832,12935,9760,87767,84592,22695,0
40634,24299,58210,64933,98844,82509,1
60251,53083,78659,113334,138910,131742,1
98207,68594,94423,166801,192630,163017,1
22519,43125,95969,65644,118488,139094,0
41861,56947,42201,98808,84062,99148,1
77489,48626,77944,126115,155433,126570,1
35132,45009,73775,80141,108907,118784,1
50316,42602,28357,92918,78673,70959,1
54193,96607,15607,150800,69800,112214,0
68405,55923,88487,124328,156892,144410,1
51974,24983,51186,76957,103160,76169,1
36796,40318,65543,77114,102339,105861,1
17497,38638,93837,56135,111334,132475,0
34038,61564,15609,95602,49647,77173,0
58465,97408,29983,155873,88448,127391,0
32618,10739,50595,43357,83213,61334,0
29309,82042,46526,111351,75835,128568,0
28817,78948,54015,107765,82832,132963,1
12607,7697,6096,20304,18703,13793,1
86737,43031,14635,129768,101372,57666,0
22079,35930,15187,58009,37266,51117,1
68399,74888,56132,143287,124531,131020,1
16373,95650,93146,112023,109519,188796,1
41379,5775,39544,47154,80923,45319,1
24843,99696,54500,124539,79343,154196,0
6093,81528,97480,87621,103573,179008,0
79436,30615,16022,110051,95458,46637,0
62402,31621,20184,94023,82586,51805,0
67541,56926,83959,124467,151500,140885,1
86314,94685,894,180999,87208,95579,0
80393,89566,61886,169959,142279,151452,1
85276,81164,55070,166440,140346,136234,1
59626,883,29064,60509,88690,29947,0
40508,91272,85719,131780,126227,176991,1
88877,53184,74372,142061,163249,127556,1
81652,46539,68128,128191,149780,114667,1
28167,21141,28207,49308,56374,49348,1
41741,63964,3400,105705,45141,67364,0
93295,55423,38726,148718,132021,94149,1
46232,6835,81477,53067,127709,88312,0
26957,81411,39035,108368,65992,120446,0
76390,28737,45439,105127,121829,74176,0
64419,17390,66319,81809,130738,83709,1
21835,93728,24982,115563,46817,118710,0
14362,3705,88291,18067,102653,91996,0
20071,14683,73182,34754,93253,87865,0
12923,14952,25533,27875,38456,40485,1
37469,3776,45620,41245,83089,49396,0
55919,39814,82482,95733,138401,122296,1
74995,74922,84875,149917,159870,159797,1
34341,40104,38605,74445,72946,78709,1
23830,23878,50829,47708,74659,74707,0
25099,66083,59227,91182,84326,125310,1
68081,74993,90990,143074,159071,165983,1
46774,40753,41981,87527,88755,82734,1
62882,22416,59176,85298,122058,81592,1
32388,72771,89437,105159,121825,162208,1
24304,95183,95198,119487,119502,190381,1
14981,43233,59020,58214,74001,102253,0
24642,95423,89702,120065,114344,185125,1
24107,92639,1417,116746,25524,94056,0
82322,71172,10132,153494,92454,81304,0
49923,30188,32122,80111,82045,62310,1
19142,9220,50702,28362,69844,59922,0
45567,32216,83858,77783,129425,116074,0
13480,20635,62003,34115,75483,82638,0
85787,80919,63517,166706,149304,144436,1
52354,58193,97255,110547,149609,155448,1
91980,89156,93137,181136,185117,182293,1
56794,87200,39737,143994,96531,126937,1
22313,95616,45118,117929,67431,140734,0
81954,17802,39376,99756,121330,57178,0
61831,38661,52200,100492,114031,90861,1
34160,35452,57694,69612,91854,93146,1
32254,94023,84613,126277,116867,178636,1
49366,5763,31333,55129,80699,37096,0
41843,89135,74570,130978,116413,163705,1
41473,19969,38767,61442,80240,58736,1
87817,34967,71863,122784,159680,106830,1
63413,43849,37277,107262,100690,81126,1
86216,13835,23256,100051,109472,37091,0
54579,97357,46264,151936,100843,143621,1
56685,62212,81884,118897,138569,144096,1
47638,80142,28298,127780,75936,108440,0
93198,97472,83865,190670,177063,181337,1
94169,33839,74417,128008,168586,108256,1
73679,97369,80911,171048,154590,178280,1
54290,22954,59903,77244,114193,82857,1
12896,94691,60510,107587,73406,155201,0
45134,75183,89723,120317,134857,164906,1
81069,86427,51452,167496,132521,137879,1
60466,92799,29287,153265,89753,122086,0
1162,24993,76275,26155,77437,101268,0
22108,87831,48042,109939,70150,135873,0
6304,11883,7245,18187,13549,19128,1
67601,93064,74401,160665,142002,167465,1
881,56716,61325,57597,62206,118041,0
17420,49617,88478,67037,105898,138095,0
18351,56822,46949,75173,65300,103771,1
44298,90753,73530,135051,117828,164283,1
53516,42756,7071,96272,60587,49827,0
87601,93479,99036,181080,186637,192515,1
61139,55745,83497,116884,144636,139242,1
84922,12297,13658,97219,98580,25955,0
58776,17229,28056,76005,86832,45285,0
19521,6116,69904,25637,89425,76020,0
53813,43563,78335,97376,132148,121898,1
92029,21036,29088,113065,121117,50124,0
65577,2010,33423,67587,99000,35433,0
53281,94199,56031,147480,109312,150230,1
46288,95373,62793,141661,109081,158166,1
21710,83371,98233,105081,119943,181604,1
33724,67381,85113,101105,118837,152494,1
1044,15413,53650,16457,54694,69063,0
47020,85313,4644,132333,51664,89957,0
95771,48580,70920,144351,166691,119500,1
64487,73100,7443,137587,71930,80543,0
85318,89581,67809,174899,153127,157390,1
23895,68028,72987,91923,96882,141015,1
80153,84035,79841,164188,159994,163876,1
88274,11764,39719,100038,127993,51483,0
62063,68284,60762,130347,122825,129046,1
64679,34985,21159,99664,85838,56144,0
4868,5116,93788,9984,98656,98904,0
99674,6952,30953,106626,130627,37905,0
49618,74643,22813,124261,72431,97456,0
31956,56540,24920,88496,56876,81460,1
11017,66768,14498,77785,25515,81266,0
71740,12190,95345,83930,167085,107535,0
8704,72550,26277,81254,34981,98827,0
55984,80100,74891,136084,130875,154991,1
15398,39698,62459,55096,77857,102157,0
79544,55851,91687,135395,171231,147538,1
99019,6703,46093,105722,145112,52796,0
38874,57959,29845,96833,68719,87804,1
36066,32908,57759,68974,93825,90667,1
64742,65752,88270,130494,153012,154022,1
94470,39908,37097,134378,131567,77005,0
98383,7783,29121,106166,127504,36904,0
99208,95421,56362,194629,155570,151783,1
25564,39484,93091,65048,118655,132575,0
26010,64248,20757,90258,46767,85005,0
78648,92479,61513,171127,140161,153992,1
75932,10094,63248,86026,139180,73342,0
25005,74871,58067,99876,83072,132938,1
67338,70167,49021,137505,116359,119188,1
79325,10173,65217,89498,144542,75390,0
46786,62498,38698,109284,85484,101196,1
38849,22356,67736,61205,106585,90092,0
1571,90598,40958,92169,42529,131556,0
83466,12623,41620,96089,125086,54243,0
23186,9278,50274,32464,73460,59552,0
59085,96277,50282,155362,109367,146559,1
43829,93576,75635,137405,119464,169211,1
3825,28913,86770,32738,90595,115683,0
59020,86815,51433,145835,110453,138248,1
9263,75888,25647,85151,34910,101535,0
17123,81551,93607,98674,110730,175158,1
68095,5717,28070,73812,96165,33787,0
90084,4985,90656,95069,180740,95641,1
57627,93353,64918,150980,122545,158271,1
73798,13345,16818,87143,90616,30163,0
41559,54158,11798,95717,53357,65956,0
27272,37155,57661,64427,84933,94816,1
56219,16729,42928,72948,99147,59657,1
39172,48719,74279,87891,113451,122998,1
87863,53702,40873,141565,128736,94575,1
29128,58902,29985,88030,59113,88887,1
85364,416,61952,85780,147316,62368,0
69077,54961,32180,124038,101257,87141,1
40718,84262,6483,124980,47201,90745,0
88848,41657,72522,130505,161370,114179,1
13521,49875,84847,63396,98368,134722,0
80675,77711,64031,158386,144706,141742,1
53257,26701,64150,79958,117407,90851,1
52933,51933,85831,104866,138764,137764,1
12239,23126,19341,35365,31580,42467,1
76948,85310,99939,162258,176887,185249,1
9029,13037,2401,22066,11430,15438,0
10440,11729,90415,22169,100855,102144,0
40226,22133,48659,62359,88885,70792,1
40203,94311,29495,134514,69698,123806,0
86155,33640,39510,119795,125665,73150,0
14870,16093,26227,30963,41097,42320,1
60049,55901,96827,115950,156876,152728,1
29084,50301,38045,79385,67129,88346,1
24220,60597,43624,84817,67844,104221,1
83472,51796,39924,135268,123396,91720,1
9355,83745,73558,93100,82913,157303,0
26646,89396,77611,116042,104257,167007,1
12818,95529,88375,108347,101193,183904,1
88500,80123,43784,168623,132284,123907,1
53061,89772,82344,142833,135405,172116,1
2569,75524,55965,78093,58534,131489,0
70443,57726,12628,128169,83071,70354,0
10059,10439,91140,20498,101199,101579,0
37614,40267,50336,77881,87950,90603,1
94725,44778,73294,139503,168019,118072,1
73212,84299,15025,157511,88237,99324,1
5426,50535,25075,55961,30501,75610,0
34316,16583,58108,50899,92424,74691,0
43756,31875,87019,75631,130775,118894,0
72007,68913,32802,140920,104809,101715,1
50715,28322,38797,79037,89512,67119,1
2664,89428,31622,92092,34286,121050,0
28588,74983,47039,103571,75627,122022,1
55239,40997,24595,96236,79834,65592,1
269,46902,18501,47171,18770,65403,0
19327,93441,6161,112768,25488,99602,0
13628,97078,89182,110706,102810,186260,1
53163,99341,56210,152504,109373,155551,1
19006,10218,93158,29224,112164,103376,0
65475,93219,50613,158694,116088,143832,1
92301,61773,12241,154074,104542,74014,0
32592,49155,56728,81747,89320,105883,1
33951,17228,69465,51179,103416,86693,0
61714,95517,95045,157231,156759,190562,1
42822,18600,24063,61422,66885,42663,0
28748,45769,88011,74517,116759,133780,0
48243,48713,83987,96956,132230,132700,1
68635,56677,46494,125312,115129,103171,1
33226,52281,25195,85507,58421,77476,1
47496,37431,15472,84927,62968,52903,1
9567,76167,68875,85734,78442,145042,1
74701,8137,21588,82838,96289,29725,0
97839,13580,94568,111419,192407,108148,1
12971,5489,81849,18460,94820,87338,0
52221,40202,34960,92423,87181,75162,1
50699,18744,99372,69443,150071,118116,0
75060,81894,33870,156954,108930,115764,1
26961,89248,16587,116209,43548,105835,0
10470,88884,99418,99354,109888,188302,0
47182,72946,17475,120128,64657,90421,0
88739,56828,66760,145567,155499,123588,1
29982,40070,99686,70052,129668,139756,0
47814,86378,66770,134192,114584,153148,1
96513,61101,87079,157614,183592,148180,1
4806,88827,74082,93633,78888,162909,0
16428,60433,1088,76861,17516,61521,0
30632,56947,15185,87579,45817,72132,0
24449,8760,56454,33209,80903,65214,0
41940,39236,10340,81176,52280,49576,1
38418,99416,79289,137834,117707,178705,1
62020,7822,92344,69842,154364,100166,0
29528,59660,19480,89188,49008,79140,0
83429,69727,93293,153156,176722,163020,1
45977,12482,62271,58459,108248,74753,0
74206,69477,91059,143683,165265,160536,1
63896,84355,44166,148251,108062,128521,1
50506,56752,5158,107258,55664,61910,0
90283,65254,59200,155537,149483,124454,1
67615,14376,26129,81991,93744,40505,0
3819,79297,42699,83116,46518,121996,0
35648,24944,91106,60592,126754,116050,0
68657,65351,55365,134008,124022,120716,1
42984,46621,29457,89605,72441,76078,1
78857,36813,46930,115670,125787,83743,1
92426,93482,88265,185908,180691,181747,1
93988,59335,32872,153323,126860,92207,0
41631,7262,79070,48893,120701,86332,0
2399,54170,94486,56569,96885,148656,0
65806,89714,72667,155520,138473,162381,1
40349,7018,82393,47367,122742,89411,0
19980,41246,44823,61226,64803,86069,1
75404,60156,98953,135560,174357,159109,1
20268,5343,78530,25611,98798,83873,0
93352,52990,1499,146342,94851,54489,0
31163,27670,15577,58833,46740,43247,1
46539,76841,50762,123380,97301,127603,1
66658,32710,2087,99368,68745,34797,0
95844,45251,28351,141095,124195,73602,0
95053,9824,33212,104877,128265,43036,0
71567,82445,88674,154012,160241,171119,1
97286,89275,56036,186561,153322,145311,1
16674,31028,14790,47702,31464,45818,1
87223,83915,44108,171138,131331,128023,1
27624,92226,52051,119850,79675,144277,0
50648,97064,31298,147712,81946,128362,0
80309,65881,2733,146190,83042,68614,0
32952,67527,42119,100479,75071,109646,1
64921,92201,76102,157122,141023,168303,1
55116,91006,78079,146122,133195,169085,1
86749,24985,75957,111734,162706,100942,1
78773,60944,39336,139717,118109,100280,1
10307,30447,65496,40754,75803,95943,0
24490,33869,74103,58359,98593,107972,0
62103,91235,69812,153338,131915,161047,1
86293,89196,492,175489,86785,89688,0
22162,70252,41345,92414,63507,111597,0
82801,4902,61556,87703,144357,66458,0
24615,51551,59318,76166,83933,110869,1
21632,72309,18171,93941,39803,90480,0
66466,52734,38617,119200,105083,91351,1
25805,67115,80386,92920,106191,147501,1
92953,71129,531,164082,93484,71660,0
5482,34397,96689,39879,102171,131086,0
13560,70549,27360,84109,40920,97909,0
41176,6052,53132,47228,94308,59184,0
65193,42212,65710,107405,130903,107922,1
19002,92965,38997,111967,57999,131962,0
27995,44830,92405,72825,120400,137235,0
67049,99919,74982,166968,142031,174901,1
82505,64735,58065,147240,140570,122800,1
87292,9218,1817,96510,89109,11035,0
56354,43030,71343,99384,127697,114373,1
22318,16305,40064,38623,62382,56369,0
21425,97863,28111,119288,49536,125974,0
97463,25039,96656,122502,194119,121695,1
69831,58440,14730,128271,84561,73170,1
40460,19488,14580,59948,55040,34068,0
76522,83112,34782,159634,111304,117894,1
3645,18819,22920,22464,26565,41739,0
22250,65193,68773,87443,91023,133966,1
80131,76969,74865,157100,154996,151834,1
5331,12494,86805,17825,92136,99299,0
40964,95415,28964,136379,69928,124379,0
97921,32892,44755,130813,142676,77647,0
63694,36262,29823,99956,93517,66085,1
62744,28025,58615,90769,121359,86640,1
63792,1553,29014,65345,92806,30567,0
99676,11599,68928,111275,168604,80527,0
23509,29512,71994,53021,95503,101506,0
77369,7393,62344,84762,139713,69737,0
13891,79372,38475,93263,52366,117847,0
38269,94309,44934,132578,83203,139243,0
82315,20949,24605,103264,106920,45554,0
29251,393,42304,29644,71555,42697,0
41481,68696,72553,110177,114034,141249,1
36764,5010,87856,41774,124620,92866,0
65249,44573,75758,109822,141007,120331,1
69897,29596,18012,99493,87909,47608,0
8017,79065,2989,87082,11006,82054,0
90721,78915,51519,169636,142240,130434,1
97814,73285,46987,171099,144801,120272,1
29436,20504,71747,49940,101183,92251,0
54375,72006,59534,126381,113909,131540,1
6759,74747,51148,81506,57907,125895,0
60988,90482,1227,151470,62215,91709,0
94393,85245,93721,179638,188114,178966,1
96869,26447,25262,123316,122131,51709,0
26429,52141,73861,78570,100290,126002,1
15218,56357,55804,71575,71022,112161,1
96803,72976,29872,169779,126675,102848,1
65585,59462,94110,125047,159695,153572,1
38560,63551,15717,102111,54277,79268,0
38222,12609,11984,50831,50206,24593,0
95485,71569,59791,167054,155276,131360,1
59541,9074,28533,68615,88074,37607,0
24476,9346,34994,33822,59470,44340,0
9506,18368,16964,27874,26470,35332,1
40271,15256,75595,55527,115866,90851,0
20953,94391,58079,115344,79032,152470,0
63493,85385,17782,148878,81275,103167,0
73150,36575,99592,109725,172742,136167,1
95862,50161,79671,146023,175533,129832,1
144,75622,69671,75766,69815,145293,0
13208,54929,36072,68137,49280,91001,0
10330,142,71396,10472,81726,71538,0
74794,29705,54652,104499,129446,84357,1
42024,87387,62553,129411,104577,149940,1
56669,23205,25079,79874,81748,48284,0
79025,11309,49940,90334,128965,61249,0
98871,15383,96268,114254,195139,111651,1
14177,57157,23339,71334,37516,80496,0
14923,44607,73099,59530,88022,117706,0
56227,40363,47816,96590,104043,88179,1
46440,37629,28105,84069,74545,65734,1
83746,52728,81127,136474,164873,133855,1
89934,85897,3232,175831,93166,89129,0
20368,73580,35282,93948,55650,108862,0
71802,79574,58545,151376,130347,138119,1
30940,542,519,31482,31459,1061,0
24236,3248,27790,27484,52026,31038,0
9638,27474,19205,37112,28843,46679,1
34307,1153,44473,35460,78780,45626,0
31256,53649,45358,84905,76614,99007,1
37953,90590,77622,128543,115575,168212,1
76655,13294,5249,89949,81904,18543,0
70338,3161,1070,73499,71408,4231,0
38478,80575,3060,119053,41538,83635,0
30635,61711,79588,92346,110223,141299,1
25744,43359,28628,69103,54372,71987,1
84287,58663,25872,142950,110159,84535,1
5984,20970,36980,26954,42964,57950,0
99946,68878,16966,168824,116912,85844,0
70599,25596,36942,96195,107541,62538,0
99249,20184,9836,119433,109085,30020,0
77306,78138,39826,155444,117132,117964,1
15727,26660,13844,42387,29571,40504,1
95080,92233,15528,187313,110608,107761,1
40686,80033,84561,120719,125247,164594,1
46851,95394,4801,142245,51652,100195,0
66048,65199,54368,131247,120416,119567,1
8894,63902,9112,72796,18006,73014,0
24892,31257,22434,56149,47326,53691,1
55407,43409,83770,98816,139177,127179,1
21105,85705,34285,106810,55390,119990,0
4121,77998,77252,82119,81373,155250,1
67916,29620,96434,97536,164350,126054,1
68284,11026,15648,79310,83932,26674,0
98381,74060,79073,172441,177454,153133,1
65028,72669,93075,137697,158103,165744,1
43810,53911,80742,97721,124552,134653,1
85964,72687,88033,158651,173997,160720,1
69,10954,12636,11023,12705,23590,0
68623,62068,85336,130691,153959,147404,1
75364,48279,73963,123643,149327,122242,1
81975,99315,17288,181290,99263,116603,0
57567,49975,55736,107542,113303,105711,1
20607,87869,83884,108476,104491,171753,1
5613,44515,95871,50128,101484,140386,0
74783,92816,14907,167599,89690,107723,0
81426,11763,31409,93189,112835,43172,0
68965,60394,50774,129359,119739,111168,1
49138,57643,37761,106781,86899,95404,1
55862,94309,55981,150171,111843,150290,1
40009,95262,74290,135271,114299,169552,1
54761,73724,70819,128485,125580,144543,1
57185,98050,34397,155235,91582,132447,0
69392,56290,66865,125682,136257,123155,1
83339,75856,13582,159195,96921,89438,1
3234,21548,19133,24782,22367,40681,1
86719,71867,12518,158586,99237,84385,0
66835,41178,63663,108013,130498,104841,1
8998,86864,87965,95862,96963,174829,1
85027,72222,55040,157249,140067,127262,1
21733,45599,13373,67332,35106,58972,0
49948,99213,40386,149161,90334,139599,0
972,7919,46539,8891,47511,54458,0
70390,66739,18477,137129,88867,85216,1
5497,38350,72496,43847,77993,110846,0
74767,9901,61543,84668,136310,71444,0
16169,54890,90252,71059,106421,145142,0
44980,85241,81679,130221,126659,166920,1
54717,24991,1858,79708,56575,26849,0
43625,5653,2175,49278,45800,7828,0
41078,30602,54549,71680,95627,85151,1
85145,4187,74771,89332,159916,78958,0
96736,3631,28691,100367,125427,32322,0
3009,73506,17809,76515,20818,91315,0
39036,34213,9237,73249,48273,43450,1
55589,9960,38475,65549,94064,48435,0
64302,76488,65385,140790,129687,141873,1
57538,23019,96846,80557,154384,119865,0
84157,17648,15875,101805,100032,33523,0
60218,70763,88455,130981,148673,159218,1
28665,34750,91105,63415,119770,125855,0
42979,76253,98276,119232,141255,174529,1
55733,59617,64473,115350,120206,124090,1
6450,24484,33983,30934,40433,58467,0
83837,50655,78082,134492,161919,128737,1
23260,32963,77614,56223,100874,110577,0
34678,71780,58540,106458,93218,130320,1
96660,28680,76888,125340,173548,105568,1
25293,16845,62925,42138,88218,79770,0
25862,16452,35,42314,25897,16487,0
70024,35807,38816,105831,108840,74623,1
24182,7575,52905,31757,77087,60480,0
68759,12576,49272,81335,118031,61848,0
96470,32614,17965,129084,114435,50579,0
28119,56632,40957,84751,69076,97589,1
72439,26584,20767,99023,93206,47351,0
68315,11994,21204,80309,89519,33198,0
91727,54042,60732,145769,152459,114774,1
81111,66410,83497,147521,164608,149907,1
75743,98586,89594,174329,165337,188180,1
10707,19115,43808,29822,54515,62923,0
33552,37568,29002,71120,62554,66570,1
83536,60552,41245,144088,124781,101797,1
85797,81797,31982,167594,117779,113779,1
43636,80139,60576,123775,104212,140715,1
65292,9846,69950,75138,135242,79796,1
33612,79331,9669,112943,43281,89000,0
7689,71098,50905,78787,58594,122003,0
52811,83422,40653,136233,93464,124075,1
11605,61472,81392,73077,92997,142864,0
38014,81174,6265,119188,44279,87439,0
29553,33877,68190,63430,97743,102067,0
51997,29891,1696,81888,53693,31587,0
1624,94027,13881,95651,15505,107908,0
47962,50665,4662,98627,52624,55327,1
15422,7929,26698,23351,42120,34627,0
84093,10688,8743,94781,92836,19431,0
34131,28329,1982,62460,36113,30311,0
2933,44020,86248,46953,89181,130268,0
76546,20989,76528,97535,153074,97517,1
33722,47505,78848,81227,112570,126353,1
91014,10023,81468,101037,172482,91491,1
91054,85211,79904,176265,170958,165115,1
42764,53086,7736,95850,50500,60822,0
10157,17732,98960,27889,109117,116692,0
29818,79642,81833,109460,111651,161475,1
7093,78971,23276,86064,30369,102247,0
1764,17142,34596,18906,36360,51738,0
2786,47573,97052,50359,99838,144625,0
91549,97751,58980,189300,150529,156731,1
33175,93736,63938,126911,97113,157674,1
45173,72404,28652,117577,73825,101056,1
37218,75203,77805,112421,115023,153008,1
7470,96227,57196,103697,64666,153423,0
50655,78137,10220,128792,60875,88357,0
57776,38040,29698,95816,87474,67738,1
69796,54295,40919,124091,110715,95214,1
35465,37306,84272,72771,119737,121578,0
17337,57153,40978,74490,58315,98131,1
58920,68281,9745,127201,68665,78026,1
61715,36205,25108,97920,86823,61313,0
57028,48402,79755,105430,136783,128157,1
39579,42829,87432,82408,127011,130261,0
73006,38046,66508,111052,139514,104554,1
39861,82417,60391,122278,100252,142808,1
1466,8292,24017,9758,25483,32309,0
77623,96461,55337,174084,132960,151798,1
55592,70105,55015,125697,110607,125120,1
74796,17904,2781,92700,77577,20685,0
82071,2189,39464,84260,121535,41653,0
10627,75063,12594,85690,23221,87657,0
81611,29448,55584,111059,137195,85032,1
17322,69404,70467,86726,87789,139871,1
40348,69621,91458,109969,131806,161079,1
71302,34159,39963,105461,111265,74122,1
80594,12620,16392,93214,96986,29012,0
20718,29853,72679,50571,93397,102532,0
96994,85418,80850,182412,177844,166268,1
19585,76700,48567,96285,68152,125267,0
77659,1069,77005,78728,154664,78074,1
18232,61103,9065,79335,27297,70168,0
68690,59020,92572,127710,161262,151592,1
34090,74867,45633,108957,79723,120500,1
12698,62842,33964,75540,46662,96806,0
32238,93217,37116,125455,69354,130333,0
57875,72193,42691,130068,100566,114884,1
41392,74934,65172,116326,106564,140106,1
63456,17483,19438,80939,82894,36921,0
75586,29652,94936,105238,170522,124588,1
49630,351,33783,49981,83413,34134,0
95745,55262,58159,151007,153904,113421,1
11470,47930,469,59400,11939,48399,0
4636,12443,85917,17079,90553,98360,0
86090,8272,76969,94362,163059,85241,0
72672,65736,60785,138408,133457,126521,1
60930,28216,34832,89146,95762,63048,1
36918,84798,96846,121716,133764,181644,1
34592,60590,43319,95182,77911,103909,1
54119,26302,24260,80421,78379,50562,0
76940,51717,42033,128657,118973,93750,1
55346,97835,17814,153181,73160,115649,0
88066,74121,23783,162187,111849,97904,1
7050,86768,57417,93818,64467,144185,0
52507,56181,92276,108688,144783,148457,1
70558,29833,98321,100391,168879,128154,1
38038,72775,11992,110813,50030,84767,0
11392,78073,52836,89465,64228,130909,0
75574,3866,62696,79440,138270,66562,0
46534,62245,10772,108779,57306,73017,0
66905,41960,76968,108865,143873,118928,1
77157,35608,57991,112765,135148,93599,1
62723,58116,99487,120839,162210,157603,1
46329,50581,18769,96910,65098,69350,1
87098,14863,8547,101961,95645,23410,0
4609,19798,27540,24407,32149,47338,0
66580,59709,562,126289,67142,60271,0
84247,33288,74345,117535,158592,107633,1
69682,41677,22423,111359,92105,64100,0
77083,73047,90240,150130,167323,163287,1
43791,21403,30100,65194,73891,51503,1
70119,52423,51470,122542,121589,103893,1
50254,67895,76718,118149,126972,144613,1
93107,61165,63266,154272,156373,124431,1
54121,93372,76580,147493,130701,169952,1
80531,73582,82034,154113,162565,155616,1
59687,34369,66747,94056,126434,101116,1
22052,84277,94922,106329,116974,179199,1
74138,11155,81231,85293,155369,92386,1
50160,52587,9543,102747,59703,62130,1
32453,42125,360,74578,32813,42485,0
51180,14267,73743,65447,124923,88010,0
44899,95825,35586,140724,80485,131411,0
76278,3803,35245,80081,111523,39048,0
56269,19260,21815,75529,78084,41075,0
70074,30827,21011,100901,91085,51838,0
30844,81808,66125,112652,96969,147933,1
79965,63931,92960,143896,172925,156891,1
29987,339,2161,30326,32148,2500,0
92989,82478,66284,175467,159273,148762,1
10787,75569,47833,86356,58620,123402,0
99259,30087,98094,129346,197353,128181,1
75240,74288,93034,149528,168274,167322,1
45204,19123,16988,64327,62192,36111,0
12118,88955,27882,101073,40000,116837,0
23490,60728,33616,84218,57106,94344,0
26879,75455,16759,102334,43638,92214,0
96373,36624,14484,132997,110857,51108,0
29154,94748,26501,123902,55655,121249,0
16542,35593,37437,52135,53979,73030,1
80749,66014,17999,146763,98748,84013,1
15927,7673,67242,23600,83169,74915,0
77254,26313,77833,103567,155087,104146,1
17169,6137,34823,23306,51992,40960,0
16769,10278,22086,27047,38855,32364,1
18576,79713,31827,98289,50403,111540,0
85756,67234,35327,152990,121083,102561,1
99060,4355,63421,103415,162481,67776,0
9948,82574,8575,92522,18523,91149,0
74936,33564,33982,108500,108918,67546,0
38105,76331,32545,114436,70650,108876,0
42732,45717,28919,88449,71651,74636,1
88243,37861,88977,126104,177220,126838,1
58509,75880,7226,134389,65735,83106,0
12256,41261,78590,53517,90846,119851,0
80140,14267,72986,94407,153126,87253,1
84174,97475,68735,181649,152909,166210,1
53468,85032,31535,138500,85003,116567,0
69967,46437,73018,116404,142985,119455,1
67996,95809,94442,163805,162438,190251,1
34347,14940,57019,49287,91366,71959,0
459,41764,17367,42223,17826,59131,0
33781,19139,52175,52920,85956,71314,1
71691,97518,49340,169209,121031,146858,1
83416,93693,20006,177109,103422,113699,1
6782,89960,16796,96742,23578,106756,0
69707,59447,6526,129154,76233,65973,0
56849,80480,94894,137329,151743,175374,1
3710,36903,57847,40613,61557,94750,0
59748,16433,99361,76181,159109,115794,0
40903,34746,10704,75649,51607,45450,1
30957,27698,24783,58655,55740,52481,1
67391,43096,75176,110487,142567,118272,1
89448,58408,37411,147856,126859,95819,1
32370,92007,33724,124377,66094,125731,0
80902,13348,42599,94250,123501,55947,0
26536,10234,22650,36770,49186,32884,1
92585,39634,7034,132219,99619,46668,0
2214,21007,21653,23221,23867,42660,1
52012,30214,43067,82226,95079,73281,1
36626,9166,67195,45792,103821,76361,0
59823,82824,19690,142647,79513,102514,0
59933,15172,2258,75105,62191,17430,0
48333,44376,23948,92709,72281,68324,1
34398,52661,26393,87059,60791,79054,1
4703,83896,17356,88599,22059,101252,0
34417,64707,94409,99124,128826,159116,1
87436,59640,44663,147076,132099,104303,1
67253,96871,28659,164124,95912,125530,0
4708,15002,57454,19710,62162,72456,0
67200,63582,9128,130782,76328,72710,1
29645,6294,33591,35939,63236,39885,1
89647,23130,32341,112777,121988,55471,0
37300,44555,74183,81855,111483,118738,1
73435,90773,43839,164208,117274,134612,1
30931,12321,65790,43252,96721,78111,0
8774,82021,70100,90795,78874,152121,0
40730,33888,54089,74618,94819,87977,1
82152,15203,98283,97355,180435,113486,0
71660,59099,5035,130759,76695,64134,0
32316,97104,87123,129420,119439,184227,1
3072,82517,8402,85589,11474,90919,0
81568,97360,48350,178928,129918,145710,1
94722,35667,39015,130389,133737,74682,0
3964,96248,43987,100212,47951,140235,0
80802,69655,21623,150457,102425,91278,1
95785,93280,12412,189065,108197,105692,1
78596,15900,16479,94496,95075,32379,0
49425,7101,43983,56526,93408,51084,1
23796,6811,48900,30607,72696,55711,0
48747,13350,9164,62097,57911,22514,0
44074,95185,41214,139259,85288,136399,0
74632,72083,85892,146715,160524,157975,1
19131,87191,17243,106322,36374,104434,0
23295,12984,10033,36279,33328,23017,0
66059,84643,39760,150702,105819,124403,1
92731,30970,76095,123701,168826,107065,1
53833,38039,63446,91872,117279,101485,1
19584,30176,56794,49760,76378,86970,0
41967,63848,78382,105815,120349,142230,1
90082,70870,51538,160952,141620,122408,1
83514,55609,89844,139123,173358,145453,1
37855,88306,61836,126161,99691,150142,1
9293,81641,74778,90934,84071,156419,1
5215,19621,24336,24836,29551,43957,1
65707,19491,71830,85198,137537,91321,1
3568,60314,74184,63882,77752,134498,0
60868,99398,93030,160266,153898,192428,1
69166,34513,35499,103679,104665,70012,1
24113,1616,39046,25729,63159,40662,0
75948,73719,59164,149667,135112,132883,1
85880,76149,12121,162029,98001,88270,1
57519,73178,71000,130697,128519,144178,1
93449,76549,99173,169998,192622,175722,1
65901,57282,33868,123183,99769,91150,1
90886,42682,69264,133568,160150,111946,1
65879,94421,59443,160300,125322,153864,1
61444,89206,16304,150650,77748,105510,0
50509,76714,12049,127223,62558,88763,0
7941,78355,68594,86296,76535,146949,0
95809,53916,80740,149725,176549,134656,1
2059,3737,26775,5796,28834,30512,0
27896,7611,23286,35507,51182,30897,1
26570,69006,28167,95576,54737,97173,0
29339,43129,3746,72468,33085,46875,0
63880,15249,85769,79129,149649,101018,0
68197,50904,4898,119101,73095,55802,0
65569,73658,89970,139227,155539,163628,1
12545,79016,59073,91561,71618,138089,0
24321,24941,10235,49262,34556,35176,1
66929,8062,96130,74991,163059,104192,0
34104,41944,26903,76048,61007,68847,1
91403,23147,45124,114550,136527,68271,0
71886,37024,31077,108910,102963,68101,0
34510,73547,83765,108057,118275,157312,1
94508,74514,41194,169022,135702,115708,1
24163,52064,93381,76227,117544,145445,0
61716,3608,99126,65324,160842,102734,0
681,84763,29808,85444,30489,114571,0
81477,34602,58031,116079,139508,92633,1
75889,47316,39874,123205,115763,87190,1
70794,45969,78305,116763,149099,124274,1
13446,12667,50162,26113,63608,62829,0
12283,39737,99878,52020,112161,139615,0
59021,2261,37737,61282,96758,39998,0
35997,99153,33318,135150,69315,132471,0
81206,64427,95546,145633,176752,159973,1
1783,74109,35742,75892,37525,109851,0
12110,86978,86704,99088,98814,173682,1
51104,98226,84176,149330,135280,182402,1
56125,28361,45602,84486,101727,73963,1
69540,50514,53768,120054,123308,104282,1
27379,2496,12028,29875,39407,14524,0
98568,52821,13733,151389,112301,66554,0
23906,36419,97048,60325,120954,133467,0
46557,27957,466,74514,47023,28423,0
45904,56645,68618,102549,114522,125263,1
72437,64751,14188,137188,86625,78939,1
6806,28559,99266,35365,106072,127825,0
45895,67192,67471,113087,113366,134663,1
17452,12178,5192,29630,22644,17370,0
8196,4634,96953,12830,105149,101587,0
56876,84282,56852,141158,113728,141134,1
41898,5362,60852,47260,102750,66214,0
24167,58876,63122,83043,87289,121998,1
7097,25895,48986,32992,56083,74881,0
34768,17009,53763,51777,88531,70772,0
30210,69122,4851,99332,35061,73973,0
49210,55522,22868,104732,72078,78390,1
12296,54360,19083,66656,31379,73443,0
7239,6251,38205,13490,45444,44456,0
13680,98648,9754,112328,23434,108402,0
95913,6367,54630,102280,150543,60997,0
21834,96730,18280,118564,40114,115010,0
4979,17152,41858,22131,46837,59010,0
51683,44949,11516,96632,63199,56465,1
9772,55718,67758,65490,77530,123476,0
19508,56117,80076,75625,99584,136193,0
88121,89687,65291,177808,153412,154978,1
35355,76023,58424,111378,93779,134447,1
16836,61145,29357,77981,46193,90502,0
61137,44192,99818,105329,160955,144010,1
50813,66599,51403,117412,102216,118002,1
59195,56161,26590,115356,85785,82751,1
56420,55158,82900,111578,139320,138058,1
44485,31593,52588,76078,97073,84181,1
39102,6296,8511,45398,47613,14807,0
39863,63039,47711,102902,87574,110750,1
17907,66917,9566,84824,27473,76483,0
92028,34253,88367,126281,180395,122620,1
96454,63966,94006,160420,190460,157972,1
49255,2403,59943,51658,109198,62346,0
64373,12607,68896,76980,133269,81503,1
7647,93079,17428,100726,25075,110507,0
11258,17342,39080,28600,50338,56422,0
32862,28463,44063,61325,76925,72526,1
32891,87786,3528,120677,36419,91314,0
14166,96485,95463,110651,109629,191948,1
57586,95818,50730,153404,108316,146548,1
341,60339,44188,60680,44529,104527,0
11027,79842,62493,90869,73520,142335,0
71324,68800,54493,140124,125817,123293,1
94838,25172,78673,120010,173511,103845,1
18194,24133,35730,42327,53924,59863,1
82749,80510,39036,163259,121785,119546,1
31698,95381,25209,127079,56907,120590,0
13022,98395,24273,111417,37295,122668,0
62254,40553,14273,102807,76527,54826,0
65008,3764,93909,68772,158917,97673,0
67186,71176,89263,138362,156449,160439,1
60433,97223,94991,157656,155424,192214,1
79573,34288,79616,113861,159189,113904,1
58151,59365,66617,117516,124768,125982,1
67840,70310,88773,138150,156613,159083,1
39233,75251,16151,114484,55384,91402,0
35577,50769,19363,86346,54940,70132,1
50167,78425,91347,128592,141514,169772,1
48501,79281,64034,127782,112535,143315,1
51532,64223,66648,115755,118180,130871,1
31300,53792,98399,85092,129699,152191,0
80273,73805,95980,154078,176253,169785,1
11910,20290,83054,32200,94964,103344,0
5828,91127,49137,96955,54965,140264,0
33785,2056,77669,35841,111454,79725,0
2714,27063,82746,29777,85460,109809,0
99783,16379,73862,116162,173645,90241,0
65579,68503,69543,134082,135122,138046,1
20412,7595,87747,28007,108159,95342,0
93751,21698,28379,115449,122130,50077,0
15190,13477,82297,28667,97487,95774,0
57386,32032,68695,89418,126081,100727,1
98095,80879,14759,178974,112854,95638,0
83456,54063,58382,137519,141838,112445,1
59156,48528,13852,107684,73008,62380,1
34917,6114,13361,41031,48278,19475,0
23198,22659,12716,45857,35914,35375,1
29828,95870,52241,125698,82069,148111,0
73670,93815,26100,167485,99770,119915,1
42226,6214,63106,48440,105332,69320,0
35396,16465,95547,51861,130943,112012,0
2798,1394,17461,4192,20259,18855,0
17686,89012,54894,106698,72580,143906,0
82682,58898,66984,141580,149666,125882,1
85120,7054,62143,92174,147263,69197,0
37942,31060,7377,69002,45319,38437,1
21193,89852,78592,111045,99785,168444,1
66942,28576,68265,95518,135207,96841,1
39036,82279,71074,121315,110110,153353,1
95485,1793,11277,97278,106762,13070,0
89721,30038,51958,119759,141679,81996,0
36120,74560,41256,110680,77376,115816,1
84317,93939,20057,178256,104374,113996,1
43519,12655,14154,56174,57673,26809,0
87260,78013,18065,165273,105325,96078,1
40778,23343,47866,64121,88644,71209,1
63624,63264,39796,126888,103420,103060,1
71698,86415,52802,158113,124500,139217,1
86058,98419,66452,184477,152510,164871,1
25790,84387,49613,110177,75403,134000,0
87812,67071,1705,154883,89517,68776,0
59580,67277,19578,126857,79158,86855,1
16700,27608,39786,44308,56486,67394,1
97170,94132,54971,191302,152141,149103,1
90248,54229,30420,144477,120668,84649,0
59287,41853,17583,101140,76870,59436,1
38757,26872,51429,65629,90186,78301,1
16342,76702,63757,93044,80099,140459,1
87071,78305,93899,165376,180970,172204,1
55267,57171,72614,112438,127881,129785,1
10335,76921,96691,87256,107026,173612,0
19064,15930,81600,34994,100664,97530,0
65317,5887,87644,71204,152961,93531,0
94237,34529,13787,128766,108024,48316,0
4713,26206,11613,30919,16326,37819,0
15369,99553,51156,114922,66525,150709,0
43560,90414,72893,133974,116453,163307,1
54802,18040,43947,72842,98749,61987,1
46753,92814,27765,139567,74518,120579,0
41806,4684,32637,46490,74443,37321,0
67762,85526,81625,153288,149387,167151,1
41918,45795,48949,87713,90867,94744,1
56354,42212,12224,98566,68578,54436,0
39980,93157,38412,133137,78392,131569,0
51431,12043,50221,63474,101652,62264,1
65611,88834,14801,154445,80412,103635,0
81437,40276,60204,121713,141641,100480,1
78205,6639,87792,84844,165997,94431,0
43981,83353,21466,127334,65447,104819,0
91762,87496,84792,179258,176554,172288,1
42653,82965,44676,125618,87329,127641,1
88328,43420,39240,131748,127568,82660,0
45969,96902,93504,142871,139473,190406,1
40862,17221,1309,58083,42171,18530,0
83769,90181,6173,173950,89942,96354,0
57155,66502,825,123657,57980,67327,0
26680,30083,97464,56763,124144,127547,0
40198,35609,50040,75807,90238,85649,1
4430,77806,99672,82236,104102,177478,0
72368,1744,579,74112,72947,2323,0
87084,96800,45760,183884,132844,142560,1
47572,24942,81966,72514,129538,106908,0
71395,41314,5733,112709,77128,47047,0
28834,74004,16422,102838,45256,90426,0
32985,93626,43362,126611,76347,136988,0
23196,98461,5737,121657,28933,104198,0
30510,81427,14431,111937,44941,95858,0
79952,57475,42583,137427,122535,100058,1
91400,38966,52650,130366,144050,91616,1
57539,32899,87473,90438,145012,120372,1
99872,82050,86777,181922,186649,168827,1
56440,57897,85240,114337,141680,143137,1
50881,83538,62470,134419,113351,146008,1
22699,59001,39290,81700,61989,98291,1
67140,86821,72200,153961,139340,159021,1
15352,8513,5331,23865,20683,13844,0
11474,75497,85156,86971,96630,160653,1
55988,36208,28208,92196,84196,64416,1
40456,39205,63414,79661,103870,102619,1
55139,18371,78284,73510,133423,96655,0
76844,89924,24678,166768,101522,114602,1
80746,36218,37952,116964,118698,74170,0
22745,53758,49424,76503,72169,103182,1
73529,72018,51188,145547,124717,123206,1
84140,14501,17650,98641,101790,32151,0
563,97819,10400,98382,10963,108219,0
24831,50232,94566,75063,119397,144798,0
53094,92276,1694,145370,54788,93970,0
68884,83082,52962,151966,121846,136044,1
38847,81151,27126,119998,65973,108277,0
39131,66788,55377,105919,94508,122165,1
8092,33833,2417,41925,10509,36250,0
75752,12946,71163,88698,146915,84109,1
21520,37313,81382,58833,102902,118695,0
14414,37219,10004,51633,24418,47223,0
58444,58908,99770,117352,158214,158678,1
70955,10533,99248,81488,170203,109781,0
67917,74261,94503,142178,162420,168764,1
55449,76346,42636,131795,98085,118982,1
91222,29253,37143,120475,128365,66396,0
41015,62348,65899,103363,106914,128247,1
51920,23739,44565,75659,96485,68304,1
68186,97506,77323,165692,145509,174829,1
39458,19904,35544,59362,75002,55448,1
70131,80831,96268,150962,166399,177099,1
43572,7025,9040,50597,52612,16065,0
84100,82427,74878,166527,158978,157305,1
60208,44909,48336,105117,108544,93245,1
35786,55105,72189,90891,107975,127294,1
6366,9688,92417,16054,98783,102105,0
68097,63524,47361,131621,115458,110885,1
2041,21438,39233,23479,41274,60671,0
12282,4358,20601,16640,32883,24959,0
97815,88096,91468,185911,189283,179564,1
34569,95923,17311,130492,51880,113234,0
46458,10845,28134,57303,74592,38979,0
95192,30299,97602,125491,192794,127901,1
25608,13325,97697,38933,123305,111022,0
63083,42468,40977,105551,104060,83445,1
87765,79779,91388,167544,179153,171167,1
68027,5350,11427,73377,79454,16777,0
87330,58928,57619,146258,144949,116547,1
37911,33640,74407,71551,112318,108047,0
94389,21931,1129,116320,95518,23060,0
20947,40623,82255,61570,103202,122878,0
86886,67511,91792,154397,178678,159303,1
50647,78615,86823,129262,137470,165438,1
61211,71018,32738,132229,93949,103756,1
67258,79208,59285,146466,126543,138493,1
72099,60024,22469,132123,94568,82493,1
13521,92417,70108,105938,83629,162525,0
23308,77283,8213,100591,31521,85496,0
49546,91887,94030,141433,143576,185917,1
6361,48147,61718,54508,68079,109865,0
17519,67057,14893,84576,32412,81950,0
24574,26240,43553,50814,68127,69793,1
49307,57276,52780,106583,102087,110056,1
85975,29778,49350,115753,135325,79128,0
87684,37377,91088,125061,178772,128465,1
63191,95955,96247,159146,159438,192202,1
30150,69144,60958,99294,91108,130102,1
75447,78828,97581,154275,173028,176409,1
63981,85272,70081,149253,134062,155353,1
89212,4620,58136,93832,147348,62756,0
91145,38553,9292,129698,100437,47845,0
55376,72514,11359,127890,66735,83873,0
39413,3438,6448,42851,45861,9886,0
86764,23342,24938,110106,111702,48280,0
39314,6727,3658,46041,42972,10385,0
14470,38427,80903,52897,95373,119330,0
38230,89251,42394,127481,80624,131645,0
28345,48917,20398,77262,48743,69315,0
58758,95085,37434,153843,96192,132519,1
15407,10041,40182,25448,55589,50223,0
2340,24241,98890,26581,101230,123131,0
58192,72240,45334,130432,103526,117574,1
52410,55898,42402,108308,94812,98300,1
50607,61029,64513,111636,115120,125542,1
98250,68945,38233,167195,136483,107178,1
9567,1565,79832,11132,89399,81397,0
54691,58491,75715,113182,130406,134206,1
77864,26144,29431,104008,107295,55575,0
56240,35380,19762,91620,76002,55142,0
82352,77254,53454,159606,135806,130708,1
69710,6752,56147,76462,125857,62899,0
70786,58564,40183,129350,110969,98747,1
47608,32216,93273,79824,140881,125489,0
57542,39849,6319,97391,63861,46168,0
45538,59307,35678,104845,81216,94985,1
79562,88161,87759,167723,167321,175920,1
95177,75376,62053,170553,157230,137429,1
51108,47892,23230,99000,74338,71122,1
45817,13011,77324,58828,123141,90335,0
49264,80460,96774,129724,146038,177234,1
59391,27881,78695,87272,138086,106576,1
64752,52100,1119,116852,65871,53219,0
41479,17070,26574,58549,68053,43644,1
54473,78261,2649,132734,57122,80910,0
22909,56020,20912,78929,43821,76932,0
53081,94034,79299,147115,132380,173333,1
79837,46993,59284,126830,139121,106277,1
37265,99862,93339,137127,130604,193201,1
604,20362,73100,20966,73704,93462,0
57012,71780,11488,128792,68500,83268,0
61066,49775,37000,110841,98066,86775,1
26955,22592,61408,49547,88363,84000,0
17177,5336,20486,22513,37663,25822,1
37600,62889,98564,100489,136164,161453,1
22586,75072,79997,97658,102583,155069,1
1125,52956,73262,54081,74387,126218,0
59100,68592,81036,127692,140136,149628,1
60787,35271,36596,96058,97383,71867,1
43576,61244,29122,104820,72698,90366,1
48941,69893,16763,118834,65704,86656,0
77894,85237,36780,163131,114674,122017,1
62488,24563,2394,87051,64882,26957,0
45107,73755,90437,118862,135544,164192,1
11004,22725,36057,33729,47061,58782,0
95600,70375,70421,165975,166021,140796,1
58541,13039,90077,71580,148618,103116,0
15245,13130,72873,28375,88118,86003,0
44058,840,65414,44898,109472,66254,0
26199,2109,78236,28308,104435,80345,0
72151,92137,16678,164288,88829,108815,0
37027,23611,28632,60638,65659,52243,1
96665,21046,54371,117711,151036,75417,0
35658,60690,7897,96348,43555,68587,0
88624,26133,11910,114757,100534,38043,0
62969,3980,27231,66949,90200,31211,0
92464,83916,52055,176380,144519,135971,1
94111,49567,92689,143678,186800,142256,1
72803,52596,42347,125399,115150,94943,1
20197,74926,16734,95123,36931,91660,0
84878,44195,48447,129073,133325,92642,1
28578,84243,69659,112821,98237,153902,1
51846,41838,98804,93684,150650,140642,0
50039,14003,74717,64042,124756,88720,0
2994,22576,65899,25570,68893,88475,0
82142,84191,14432,166333,96574,98623,1
26219,28510,814,54729,27033,29324,0
14305,78597,52219,92902,66524,130816,0
47076,14543,14586,61619,61662,29129,0
46398,34054,52392,80452,98790,86446,1
6831,90800,46230,97631,53061,137030,0
77503,24830,8798,102333,86301,33628,0
19028,22624,69038,41652,88066,91662,0
10250,34628,93323,44878,103573,127951,0
90220,89528,82281,179748,172501,171809,1
5477,41614,11282,47091,16759,52896,0
23305,24876,10215,48181,33520,35091,1
19817,71408,80285,91225,100102,151693,1
88290,56696,47261,144986,135551,103957,1
42138,92209,11735,134347,53873,103944,0
26766,7772,46066,34538,72832,53838,0
85233,21880,12620,107113,97853,34500,0
79042,12913,60940,91955,139982,73853,0
54589,2406,77622,56995,132211,80028,0
60063,43898,26989,103961,87052,70887,1
97717,66499,89841,164216,187558,156340,1
1285,32345,24311,33630,25596,56656,0
45969,5738,44705,51707,90674,50443,1
58654,61553,20807,120207,79461,82360,1
77075,14914,63457,91989,140532,78371,1
29385,20133,2596,49518,31981,22729,0
17235,8811,91151,26046,108386,99962,0
26442,85498,80611,111940,107053,166109,1
67814,35856,50597,103670,118411,86453,1
36942,62723,65088,99665,102030,127811,1
74383,28958,20981,103341,95364,49939,0
99726,81954,22278,181680,122004,104232,1
52935,73318,12327,126253,65262,85645,0
81079,80231,70159,161310,151238,150390,1
34657,28880,54114,63537,88771,82994,1
67790,89814,43075,157604,110865,132889,1
21317,1593,53308,22910,74625,54901,0
66423,88645,36283,155068,102706,124928,1
22219,83563,73634,105782,95853,157197,1
62273,81036,29865,143309,92138,110901,1
79086,58291,4247,137377,83333,62538,0
4798,47281,30265,52079,35063,77546,0
92594,59264,87839,151858,180433,147103,1
11286,20036,10277,31322,21563,30313,1
15452,42216,27861,57668,43313,70077,1
64229,76298,21721,140527,85950,98019,1
89566,24521,43410,114087,132976,67931,0
24765,26567,5245,51332,30010,31812,1
380,40630,67633,41010,68013,108263,0
99408,17462,43453,116870,142861,60915,0
62803,18694,14660,81497,77463,33354,0
80793,7789,66152,88582,146945,73941,0
93812,21500,78653,115312,172465,100153,1
68497,36096,8973,104593,77470,45069,0
15174,95582,47232,110756,62406,142814,0
59932,84239,66762,144171,126694,151001,1
86737,4877,42771,91614,129508,47648,0
76609,75951,12067,152560,88676,88018,1
95474,24823,36462,120297,131936,61285,0
50071,1365,19227,51436,69298,20592,0
55191,94729,58551,149920,113742,153280,1
51892,47981,15193,99873,67085,63174,1
96091,86639,35800,182730,131891,122439,1
45620,54564,98652,100184,144272,153216,1
75629,69798,6603,145427,82232,76401,1
70334,54809,9358,125143,79692,64167,0
92015,8120,33926,100135,125941,42046,0
46182,32284,27097,78466,73279,59381,1
98150,67751,32118,165901,130268,99869,1
80555,4590,64619,85145,145174,69209,0
59732,78250,38665,137982,98397,116915,1
96245,1966,21762,98211,118007,23728,0
17689,79424,64349,97113,82038,143773,1
32083,59914,79022,91997,111105,138936,1
86438,92652,33040,179090,119478,125692,1
17673,21292,38130,38965,55803,59422,1
86443,52306,46983,138749,133426,99289,1
42269,47757,57289,90026,99558,105046,1
87072,43285,49785,130357,136857,93070,1
37803,6498,29385,44301,67188,35883,0
11496,11748,72572,23244,84068,84320,0
75927,45011,64977,120938,140904,109988,1
23737,46967,85792,70704,109529,132759,0
7260,56913,45347,64173,52607,102260,0
5026,25186,17757,30212,22783,42943,0
71504,7049,52024,78553,123528,59073,0
21103,41411,37428,62514,58531,78839,1
62396,81495,94589,143891,156985,176084,1
63,35746,51083,35809,51146,86829,0
25866,22241,71193,48107,97059,93434,0
24892,37420,65832,62312,90724,103252,0
57763,98398,45520,156161,103283,143918,1
54524,91008,38222,145532,92746,129230,1
53294,51804,73542,105098,126836,125346,1
52725,93472,18670,146197,71395,112142,0
5284,88046,2316,93330,7600,90362,0
80478,91979,52107,172457,132585,144086,1
65580,82719,55082,148299,120662,137801,1
34163,21603,4854,55766,39017,26457,0
55603,88603,26800,144206,82403,115403,0
70761,40812,10077,111573,80838,50889,0
42339,92899,37363,135238,79702,130262,0
76009,37342,26440,113351,102449,63782,0
42924,63689,35075,106613,77999,98764,1
46232,88517,96473,134749,142705,184990,1
85587,23692,11083,109279,96670,34775,0
64592,14854,26035,79446,90627,40889,0
29257,96255,36422,125512,65679,132677,0
94934,25037,71679,119971,166613,96716,1
6024,50580,19639,56604,25663,70219,0
25677,22516,69372,48193,95049,91888,0
81036,34117,5413,115153,86449,39530,0
45161,34363,7671,79524,52832,42034,0
69728,35825,20675,105553,90403,56500,0
47991,63156,23623,111147,71614,86779,1
72063,95122,15556,167185,87619,110678,0
17846,7173,3825,25019,21671,10998,0
10122,46059,33206,56181,43328,79265,0
83162,15813,63988,98975,147150,79801,0
28723,98552,15627,127275,44350,114179,0
34777,15360,49047,50137,83824,64407,1
51279,268,89080,51547,140359,89348,0
54525,80416,43559,134941,98084,123975,1
82915,97023,1024,179938,83939,98047,0
19197,57282,3326,76479,22523,60608,0
87599,14467,10615,102066,98214,25082,0
19698,38428,31678,58126,51376,70106,1
81038,31842,31836,112880,112874,63678,0
35931,1408,5258,37339,41189,6666,0
29417,92254,12979,121671,42396,105233,0
81043,93755,84872,174798,165915,178627,1
56606,75919,83194,132525,139800,159113,1
41530,73464,36769,114994,78299,110233,1
69435,66605,33498,136040,102933,100103,1
98587,41725,80345,140312,178932,122070,1
97295,21308,747,118603,98042,22055,0
35901,64738,45737,100639,81638,110475,1
85443,96167,54224,181610,139667,150391,1
27242,65849,80066,93091,107308,145915,1
19444,9524,43216,28968,62660,52740,0
35919,73981,19537,109900,55456,93518,0
64943,14619,93470,79562,158413,108089,0
66734,73442,79427,140176,146161,152869,1
24705,32231,80938,56936,105643,113169,0
30466,4030,59134,34496,89600,63164,0
34602,17982,64234,52584,98836,82216,0
51502,51438,45571,102940,97073,97009,1
53729,1939,9832,55668,63561,11771,0
47384,55372,36375,102756,83759,91747,1
45141,7012,74672,52153,119813,81684,0
89212,88533,24214,177745,113426,112747,1
93975,30905,4995,124880,98970,35900,0
94118,11940,65579,106058,159697,77519,0
38401,58589,1048,96990,39449,59637,0
2979,1506,23937,4485,26916,25443,0
61679,44087,47515,105766,109194,91602,1
74676,66528,96438,141204,171114,162966,1
89991,98170,75154,188161,165145,173324,1
56645,40206,16049,96851,72694,56255,0
94514,18233,27756,112747,122270,45989,0
62434,44062,81171,106496,143605,125233,1
54824,45965,11469,100789,66293,57434,1
68854,10457,97171,79311,166025,107628,0
23719,37004,83728,60723,107447,120732,0
8498,7646,51315,16144,59813,58961,0
71561,35320,37714,106881,109275,73034,1
73725,75614,87461,149339,161186,163075,1
24245,66302,70086,90547,94331,136388,1
11986,99054,93479,111040,105465,192533,1
57701,83589,30200,141290,87901,113789,1
78140,30354,53752,108494,131892,84106,1
24349,74049,50971,98398,75320,125020,1
21844,43142,12031,64986,33875,55173,0
73846,89641,14883,163487,88729,104524,0
55453,25072,10982,80525,66435,36054,0
25406,59719,11286,85125,36692,71005,0
55115,63769,18610,118884,73725,82379,1
29657,28404,44990,58061,74647,73394,1
28115,16634,99388,44749,127503,116022,0
47904,20289,13338,68193,61242,33627,0
16444,43186,32111,59630,48555,75297,1
63604,47049,47344,110653,110948,94393,1
67691,47278,87016,114969,154707,134294,1
27462,18138,36430,45600,63892,54568,1
50791,11551,71550,62342,122341,83101,0
80281,19099,20078,99380,100359,39177,0
2578,50037,4877,52615,7455,54914,0
56060,64931,18627,120991,74687,83558,1
35348,18761,86300,54109,121648,105061,0
60933,3581,19028,64514,79961,22609,0
17077,55407,40901,72484,57978,96308,1
16159,73902,37781,90061,53940,111683,0
35344,82749,99048,118093,134392,181797,1
41354,20266,16081,61620,57435,36347,0
92421,59057,72953,151478,165374,132010,1
33512,79489,40065,113001,73577,119554,0
80421,82840,30294,163261,110715,113134,1
68611,51247,68385,119858,136996,119632,1
93420,48164,51671,141584,145091,99835,1
26701,62666,70286,89367,96987,132952,1
66085,41148,75522,107233,141607,116670,1
61034,78874,21993,139908,83027,100867,1
83012,56890,71697,139902,154709,128587,1
67566,57525,1957,125091,69523,59482,0
20787,7193,21316,27980,42103,28509,1
34488,42628,86316,77116,120804,128944,0
14341,20313,53848,34654,68189,74161,0
9152,69793,75900,78945,85052,145693,1
76665,6092,28297,82757,104962,34389,0
11894,62973,77769,74867,89663,140742,0
34947,58989,15545,93936,50492,74534,0
47318,1834,36620,49152,83938,38454,0
20328,16637,44316,36965,64644,60953,0
23178,77862,55143,101040,78321,133005,1
41119,92062,63655,133181,104774,155717,1
8104,82343,77050,90447,85154,159393,1
15513,49292,19499,64805,35012,68791,0
7327,81822,36800,89149,44127,118622,0
14890,91714,51920,106604,66810,143634,0
64174,76843,54681,141017,118855,131524,1
46603,70601,72835,117204,119438,143436,1
7259,59014,83935,66273,91194,142949,0
36109,14422,68514,50531,104623,82936,0
91909,14775,78108,106684,170017,92883,1
49327,5738,82732,55065,132059,88470,0
48917,83794,74969,132711,123886,158763,1
96744,97663,80405,194407,177149,178068,1
61903,91502,84637,153405,146540,176139,1
48165,1932,52549,50097,100714,54481,0
19515,53036,27397,72551,46912,80433,0
11007,77848,27055,88855,38062,104903,0
53294,28656,48276,81950,101570,76932,1
84256,37859,34105,122115,118361,71964,0
72834,29925,86518,102759,159352,116443,1
74993,71906,36139,146899,111132,108045,1
73749,62824,97969,136573,171718,160793,1
36806,78083,95811,114889,132617,173894,1
83720,20076,94423,103796,178143,114499,1
73726,38906,54675,112632,128401,93581,1
4616,31441,88443,36057,93059,119884,0
76996,91272,48794,168268,125790,140066,1
26794,12047,47707,38841,74501,59754,0
10130,55912,71739,66042,81869,127651,0
10469,81739,16588,92208,27057,98327,0
41450,61632,25901,103082,67351,87533,1
39409,85380,84491,124789,123900,169871,1
69619,18317,24833,87936,94452,43150,0
58117,8566,2158,66683,60275,10724,0
21154,985,97389,22139,118543,98374,0
32390,87450,45767,119840,78157,133217,0
12607,79728,55596,92335,68203,135324,0
35211,65128,13322,100339,48533,78450,0
17121,32214,34826,49335,51947,67040,1
24797,11828,12454,36625,37251,24282,0
5933,66201,50619,72134,56552,116820,0
22760,786,10780,23546,33540,11566,0
57746,68820,75635,126566,133381,144455,1
51087,79084,16867,130171,67954,95951,0
60458,81692,63356,142150,123814,145048,1
48590,94674,74909,143264,123499,169583,1
52634,58572,92491,111206,145125,151063,1
62847,94244,48645,157091,111492,142889,1
54414,61407,62075,115821,116489,123482,1
38335,73898,17728,112233,56063,91626,0
92776,60606,24253,153382,117029,84859,0
35131,71828,29803,106959,64934,101631,0
96249,97219,55504,193468,151753,152723,1
49240,85829,80200,135069,129440,166029,1
63966,26069,82842,90035,146808,108911,1
3985,80193,39118,84178,43103,119311,0
81032,95676,56417,176708,137449,152093,1
72391,28285,51476,100676,123867,79761,1
49020,40238,9149,89258,58169,49387,1
49631,92821,70789,142452,120420,163610,1
51150,22131,75970,73281,127120,98101,0
50313,11842,13311,62155,63624,25153,0
28997,85644,58266,114641,87263,143910,1
44693,22244,64526,66937,109219,86770,1
2966,7983,4458,10949,7424,12441,0
78533,48916,52001,127449,130534,100917,1
38842,82277,31828,121119,70670,114105,0
89751,6433,7379,96184,97130,13812,0
58644,66652,33206,125296,91850,99858,1
1531,78112,98435,79643,99966,176547,0
10148,38278,46869,48426,57017,85147,1
77310,68555,71827,145865,149137,140382,1
13557,68597,60504,82154,74061,129101,1
23250,20402,53193,43652,76443,73595,0
2062,58364,42771,60426,44833,101135,0
54386,66047,62727,120433,117113,128774,1
26543,72696,99793,99239,126336,172489,0
23154,36215,74904,59369,98058,111119,0
78724,65963,49866,144687,128590,115829,1
28801,48290,86413,77091,115214,134703,0
28778,78698,84688,107476,113466,163386,1
57032,99105,21918,156137,78950,121023,0
69435,59026,68397,128461,137832,127423,1
28829,56722,70827,85551,99656,127549,1
56852,15032,8689,71884,65541,23721,0
24809,44843,92153,69652,116962,136996,0
50724,54864,12313,105588,63037,67177,1
11210,5779,7049,16989,18259,12828,1
48592,89125,22498,137717,71090,111623,0
36907,34783,97865,71690,134772,132648,0
38341,39252,22863,77593,61204,62115,1
95389,39110,3463,134499,98852,42573,0
91564,25971,29221,117535,120785,55192,0
76834,61307,47650,138141,124484,108957,1
38336,39726,56093,78062,94429,95819,1
28001,9350,43768,37351,71769,53118,0
45177,62431,19709,107608,64886,82140,1
80859,53429,52804,134288,133663,106233,1
34362,51673,88779,86035,123141,140452,0
25280,19070,37395,44350,62675,56465,1
53780,77936,91483,131716,145263,169419,1
31330,8331,81064,39661,112394,89395,0
73029,35950,31584,108979,104613,67534,0
22850,68651,26933,91501,49783,95584,0
96519,80950,11525,177469,108044,92475,0
39745,86951,68518,126696,108263,155469,1
28980,12689,63135,41669,92115,75824,0
76136,10471,29766,86607,105902,40237,0
43782,87323,80788,131105,124570,168111,1
59692,40396,69194,100088,128886,109590,1
59357,37231,61591,96588,120948,98822,1
90157,73255,45682,163412,135839,118937,1
59077,55106,58347,114183,117424,113453,1
23829,9628,88835,33457,112664,98463,0
68058,77535,90583,145593,158641,168118,1
49757,33670,19469,83427,69226,53139,1
72650,32557,26613,105207,99263,59170,0
79827,19334,26929,99161,106756,46263,0
21005,74874,87228,95879,108233,162102,1
51449,6097,94688,57546,146137,100785,0
82597,40666,85693,123263,168290,126359,1
11364,2001,48994,13365,60358,50995,0
6897,31992,27876,38889,34773,59868,1
35063,27215,10778,62278,45841,37993,1
58552,72648,16809,131200,75361,89457,1
92223,83687,24784,175910,117007,108471,1
95815,35279,24266,131094,120081,59545,0
5883,75310,60979,81193,66862,136289,0
10508,37623,89026,48131,99534,126649,0
43745,33074,63099,76819,106844,96173,1
95907,52946,62911,148853,158818,115857,1
83669,44734,22464,128403,106133,67198,0
10735,22170,65287,32905,76022,87457,0
82694,63484,10056,146178,92750,73540,0
2048,84400,17748,86448,19796,102148,0
2045,79099,20800,81144,22845,99899,0
51953,79450,97056,131403,149009,176506,1
86424,87271,67893,173695,154317,155164,1
48567,12538,79023,61105,127590,91561,0
79264,67225,8226,146489,87490,75451,0
99494,80308,73590,179802,173084,153898,1
90664,61996,5715,152660,96379,67711,0
17535,57299,89867,74834,107402,147166,0
80793,44390,62250,125183,143043,106640,1
18688,44508,44924,63196,63612,89432,1
34549,11389,12721,45938,47270,24110,0
44678,16385,99930,61063,144608,116315,0
87531,17745,16222,105276,103753,33967,0
41425,489,64598,41914,106023,65087,0
43303,32728,23234,76031,66537,55962,1
75730,20672,1259,96402,76989,21931,0
83929,48119,71849,132048,155778,119968,1
7140,55592,93491,62732,100631,149083,0
76065,52698,92897,128763,168962,145595,1
13404,72199,10226,85603,23630,82425,0
430,6109,98355,6539,98785,104464,0
26488,56767,14225,83255,40713,70992,0
37975,8942,63783,46917,101758,72725,0
70272,65795,11799,136067,82071,77594,1
23802,17895,87111,41697,110913,105006,0
41607,31793,19619,73400,61226,51412,1
10084,96387,73469,106471,83553,169856,0
86823,63159,28684,149982,115507,91843,1
97340,26979,11860,124319,109200,38839,0
55216,45613,50025,100829,105241,95638,1
48266,78414,80862,126680,129128,159276,1
17036,94085,17566,111121,34602,111651,0
86907,89516,37888,176423,124795,127404,1
51877,31663,74605,83540,126482,106268,1
18563,26149,56679,44712,75242,82828,0
48586,25989,22214,74575,70800,48203,0
62347,37144,71830,99491,134177,108974,1
26152,59752,45643,85904,71795,105395,1
21594,69151,83225,90745,104819,152376,1
40500,71038,68835,111538,109335,139873,1
81282,85334,97786,166616,179068,183120,1
26371,47259,97004,73630,123375,144263,0
65783,62472,42325,128255,108108,104797,1
23320,22080,14030,45400,37350,36110,1
12312,70252,42575,82564,54887,112827,0
68660,64172,4099,132832,72759,68271,0
58355,6893,88370,65248,146725,95263,0
78457,85857,46589,164314,125046,132446,1
22466,57774,71740,80240,94206,129514,1
74815,42653,27428,117468,102243,70081,0
74179,91989,86633,166168,160812,178622,1
84774,24536,702,109310,85476,25238,0
87018,54672,93434,141690,180452,148106,1
7449,65933,85933,73382,93382,151866,0
56076,70176,26726,126252,82802,96902,1
10517,65604,2823,76121,13340,68427,0
78575,1191,79369,79766,157944,80560,1
14150,13440,23435,27590,37585,36875,1
25868,5846,92554,31714,118422,98400,0
55906,97552,62126,153458,118032,159678,1
40079,38457,79908,78536,119987,118365,0
66583,4113,98692,70696,165275,102805,0
16960,83117,91242,100077,108202,174359,1
45196,52386,50239,97582,95435,102625,1
31103,77967,16323,109070,47426,94290,0
29510,47777,29527,77287,59037,77304,1
65147,12064,73162,77211,138309,85226,1
78290,76862,24975,155152,103265,101837,1
55891,46746,35873,102637,91764,82619,1
55050,73088,48584,128138,103634,121672,1
62939,60531,41637,123470,104576,102168,1
59605,62977,48472,122582,108077,111449,1
56043,40017,95501,96060,151544,135518,1
89236,19401,22020,108637,111256,41421,0
49105,34789,81263,83894,130368,116052,1
13657,8866,14135,22523,27792,23001,1
51041,84452,33092,135493,84133,117544,0
77877,49654,19209,127531,97086,68863,0
46487,30918,24546,77405,71033,55464,1
14888,97209,54871,112097,69759,152080,0
74509,31693,2737,106202,77246,34430,0
99139,11502,54622,110641,153761,66124,0
13799,72586,51134,86385,64933,123720,0
18811,19994,80772,38805,99583,100766,0
45788,68002,18671,113790,64459,86673,0
19796,8026,94184,27822,113980,102210,0
75994,54201,52789,130195,128783,106990,1
4116,29929,83022,34045,87138,112951,0
73283,36011,78407,109294,151690,114418,1
99721,59285,70066,159006,169787,129351,1
69639,50458,87589,120097,157228,138047,1
17522,57463,93522,74985,111044,150985,0
96969,98498,85204,195467,182173,183702,1
92899,1858,24935,94757,117834,26793,0
80953,62445,71154,143398,152107,133599,1
43532,2140,91690,45672,135222,93830,0
16765,52060,64391,68825,81156,116451,1
71136,18855,12599,89991,83735,31454,0
57075,20549,43922,77624,100997,64471,1
31968,58785,47045,90753,79013,105830,1
74902,48817,72248,123719,147150,121065,1
47571,33716,20664,81287,68235,54380,1
40881,43259,67702,84140,108583,110961,1
17242,91882,92390,109124,109632,184272,1
38004,28691,16247,66695,54251,44938,1
80098,66171,24323,146269,104421,90494,1
67806,35420,46921,103226,114727,82341,1
42598,38137,13744,80735,56342,51881,1
39831,67236,9114,107067,48945,76350,0
18840,92794,5206,111634,24046,98000,0
59089,99151,47973,158240,107062,147124,1
60010,32782,85523,92792,145533,118305,1
8892,91178,36292,100070,45184,127470,0
11145,37627,24734,48772,35879,62361,0
50316,12051,69820,62367,120136,81871,0
49013,75005,29341,124018,78354,104346,1
5784,24966,63210,30750,68994,88176,0
9289,96140,12099,105429,21388,108239,0
52605,16299,7125,68904,59730,23424,0
64332,79336,53587,143668,117919,132923,1
17481,29981,70364,47462,87845,100345,0
655,81949,89488,82604,90143,171437,0
1244,78852,12035,80096,13279,90887,0
52767,70154,11679,122921,64446,81833,0
79116,6159,90221,85275,169337,96380,0
58142,20775,23629,78917,81771,44404,0
41261,22644,9222,63905,50483,31866,0
48681,69412,41174,118093,89855,110586,1
1908,86953,24463,88861,26371,111416,0
33398,61427,22956,94825,56354,84383,0
74631,97939,11814,172570,86445,109753,0
87855,73265,22606,161120,110461,95871,1
35499,91519,64516,127018,100015,156035,1
32413,90811,44244,123224,76657,135055,0
67690,7011,86491,74701,154181,93502,0
46247,94183,60824,140430,107071,155007,1
8856,14264,82967,23120,91823,97231,0
29683,44425,74119,74108,103802,118544,0
9718,41406,24939,51124,34657,66345,0
93509,25210,37027,118719,130536,62237,0
38016,24748,2850,62764,40866,27598,0
18643,82091,91668,100734,110311,173759,1
64565,72907,27591,137472,92156,100498,1
43661,18337,86411,61998,130072,104748,0
32311,89872,11766,122183,44077,101638,0
94140,10305,11251,104445,105391,21556,0
6979,36329,32502,43308,39481,68831,1
95838,34512,55545,130350,151383,90057,0
50633,49946,27713,100579,78346,77659,1
87254,38004,46872,125258,134126,84876,0
76775,60596,9510,137371,86285,70106,0
30866,99371,6602,130237,37468,105973,0
36833,7301,44848,44134,81681,52149,0
96240,6554,3758,102794,99998,10312,0
85754,15316,49228,101070,134982,64544,0
71406,48480,9353,119886,80759,57833,0
95106,54621,14897,149727,110003,69518,0
64562,42725,11451,107287,76013,54176,0
53838,86921,10027,140759,63865,96948,0
65756,57691,7003,123447,72759,64694,0
82354,40096,86713,122450,169067,126809,1
59354,57613,33964,116967,93318,91577,1
13038,26151,41803,39189,54841,67954,0
59695,11017,32276,70712,91971,43293,0
54115,72292,10426,126407,64541,82718,0
48566,93101,26858,141667,75424,119959,0
76210,1981,51590,78191,127800,53571,0
67049,40157,46546,107206,113595,86703,1
97953,748,61910,98701,159863,62658,0
79393,76426,47380,155819,126773,123806,1
48812,60061,34507,108873,83319,94568,1
9856,7922,8980,17778,18836,16902,1
33198,45678,90821,78876,124019,136499,0
33500,70878,42799,104378,76299,113677,1
24205,84764,39073,108969,63278,123837,0
55057,88547,87531,143604,142588,176078,1
23487,62547,17981,86034,41468,80528,0
67576,93772,54657,161348,122233,148429,1
92547,95916,31326,188463,123873,127242,1
19039,36201,34097,55240,53136,70298,1
75260,44884,18929,120144,94189,63813,0
93624,81712,21883,175336,115507,103595,1
49315,71185,67237,120500,116552,138422,1
58067,91072,44835,149139,102902,135907,1
42395,91321,15633,133716,58028,106954,0
99701,15774,72359,115475,172060,88133,0
69234,70951,79936,140185,149170,150887,1
76243,2419,30386,78662,106629,32805,0
75205,58792,30853,133997,106058,89645,1
42314,53187,41329,95501,83643,94516,1
88504,7227,56317,95731,144821,63544,0
66763,5825,37569,72588,104332,43394,0
35080,2864,39397,37944,74477,42261,0
72740,80647,30368,153387,103108,111015,1
35929,77898,98363,113827,134292,176261,1
11158,82706,29714,93864,40872,112420,0
75447,84855,79347,160302,154794,164202,1
72154,20585,84316,92739,156470,104901,1
1459,45303,62792,46762,64251,108095,0
64346,58911,96889,123257,161235,155800,1
23271,52917,1784,76188,25055,54701,0
90347,85069,8220,175416,98567,93289,1
633,27190,66296,27823,66929,93486,0
18622,38040,39067,56662,57689,77107,1
64369,9914,97723,74283,162092,107637,0
33315,38949,11988,72264,45303,50937,1
16325,7006,24021,23331,40346,31027,0
41269,206,53492,41475,94761,53698,0
71886,22638,73545,94524,145431,96183,1
71082,57566,75496,128648,146578,133062,1
12241,88760,6246,101001,18487,95006,0
76857,56752,67396,133609,144253,124148,1
20412,26873,2843,47285,23255,29716,0
53883,31464,6599,85347,60482,38063,0
32479,44407,76576,76886,109055,120983,1
9779,88945,9231,98724,19010,98176,0
75018,21406,34162,96424,109180,55568,0
18206,76601,12515,94807,30721,89116,0
56424,75555,58728,131979,115152,134283,1
79746,4532,68614,84278,148360,73146,0
5774,89526,30680,95300,36454,120206,0
68016,71364,79612,139380,147628,150976,1
46046,92292,97912,138338,143958,190204,1
24353,14967,41394,39320,65747,56361,0
27353,2143,30852,29496,58205,32995,0
87351,7461,15340,94812,102691,22801,0
45544,28076,86972,73620,132516,115048,0
72203,73980,2771,146183,74974,76751,1
47819,12440,32135,60259,79954,44575,0
30244,36742,58156,66986,88400,94898,1
78052,75815,21394,153867,99446,97209,1
63927,21837,56364,85764,120291,78201,1
83422,64697,10583,148119,94005,75280,0
7449,83889,8564,91338,16013,92453,0
630,64775,30650,65405,31280,95425,0
89712,53960,3245,143672,92957,57205,0
33442,52818,88018,86260,121460,140836,0
34481,9457,21006,43938,55487,30463,0
46037,44680,10118,90717,56155,54798,1
962,24865,18383,25827,19345,43248,0
64981,27969,35465,92950,100446,63434,0
88035,37176,24200,125211,112235,61376,0
30876,6517,60281,37393,91157,66798,0
81904,9573,77985,91477,159889,87558,1
19612,18473,45068,38085,64680,63541,0
34086,3956,6133,38042,40219,10089,0
67152,40899,24141,108051,91293,65040,0
528,37139,28033,37667,28561,65172,0
69303,44948,61764,114251,131067,106712,1
96501,450,88930,96951,185431,89380,0
597,94021,65895,94618,66492,159916,0
25501,32115,25876,57616,51377,57991,1
46784,31580,18827,78364,65611,50407,1
30937,85802,97214,116739,128151,183016,1
81143,23485,88916,104628,170059,112401,1
9284,45800,81762,55084,91046,127562,0
99407,12601,76588,112008,175995,89189,0
36690,22882,48297,59572,84987,71179,1
67562,54797,49477,122359,117039,104274,1
4447,15234,14855,19681,19302,30089,1
59254,76617,22283,135871,81537,98900,1
82973,55530,36051,138503,119024,91581,1
71545,7465,29524,79010,101069,36989,0
53434,25744,73185,79178,126619,98929,1
10132,31752,49760,41884,59892,81512,0
98695,42324,36663,141019,135358,78987,0
19103,16549,45731,35652,64834,62280,0
61755,63461,76525,125216,138280,139986,1
47746,4210,8058,51956,55804,12268,0
94793,14445,49575,109238,144368,64020,0
33345,33937,91121,67282,124466,125058,0
64053,32701,76839,96754,140892,109540,1
10913,8390,45174,19303,56087,53564,0
87500,74718,51336,162218,138836,126054,1
21291,82627,14521,103918,35812,97148,0
11621,15944,16830,27565,28451,32774,1
34658,84455,36240,119113,70898,120695,0
9173,53547,11078,62720,20251,64625,0
95934,5451,26705,101385,122639,32156,0
26484,81399,28471,107883,54955,109870,0
9692,91560,75386,101252,85078,166946,0
46625,11638,51371,58263,97996,63009,1
55605,71039,55982,126644,111587,127021,1
70873,9906,3082,80779,73955,12988,0
8610,93698,97914,102308,106524,191612,1
89091,57290,90112,146381,179203,147402,1
68493,82365,31730,150858,100223,114095,1
44732,43055,68141,87787,112873,111196,1
46981,57659,18864,104640,65845,76523,1
70467,37619,83511,108086,153978,121130,1
71839,59244,95253,131083,167092,154497,1
66918,37529,44686,104447,111604,82215,1
75048,67515,18158,142563,93206,85673,1
81275,8525,37399,89800,118674,45924,0
11095,26793,63147,37888,74242,89940,0
43257,52448,76518,95705,119775,128966,1
21284,97206,66293,118490,87577,163499,0
78267,31623,47874,109890,126141,79497,1
36615,70806,99033,107421,135648,169839,1
35684,57783,21739,93467,57423,79522,0
53060,26164,417,79224,53477,26581,0
26283,15061,51719,41344,78002,66780,0
48475,12729,77652,61204,126127,90381,0
78530,61954,56495,140484,135025,118449,1
27378,780,55717,28158,83095,56497,0
47913,94949,60298,142862,108211,155247,1
21559,23938,32760,45497,54319,56698,1
65865,23693,87546,89558,153411,111239,1
72614,22328,56080,94942,128694,78408,1
86474,38360,7483,124834,93957,45843,0
10022,14641,82018,24663,92040,96659,0
6738,19731,14381,26469,21119,34112,1
37329,43594,8492,80923,45821,52086,1
44314,92527,5066,136841,49380,97593,0
15435,43547,21764,58982,37199,65311,0
64978,52479,12764,117457,77742,65243,1
52082,64360,83997,116442,136079,148357,1
42811,44413,1115,87224,43926,45528,0
90173,60915,46806,151088,136979,107721,1
34808,67428,67824,102236,102632,135252,1
233,43613,52786,43846,53019,96399,0
51027,46832,7762,97859,58789,54594,1
9526,4650,94689,14176,104215,99339,0
59603,69415,56285,129018,115888,125700,1
78515,21483,27329,99998,105844,48812,0
4203,25240,53380,29443,57583,78620,0
28708,74791,3437,103499,32145,78228,0
44600,13205,6065,57805,50665,19270,0
77312,95730,88970,173042,166282,184700,1
13714,62007,85884,75721,99598,147891,0
67893,58106,59505,125999,127398,117611,1
29203,84375,88538,113578,117741,172913,1
19220,68165,7891,87385,27111,76056,0
20216,88604,75145,108820,95361,163749,1
98937,80801,48603,179738,147540,129404,1
12201,51070,22078,63271,34279,73148,0
87155,38582,65180,125737,152335,103762,1
19444,84078,66727,103522,86171,150805,1
80182,42507,25994,122689,106176,68501,0
46057,60171,22163,106228,68220,82334,1
49347,2342,16566,51689,65913,18908,0
47270,82103,95051,129373,142321,177154,1
74800,60337,71745,135137,146545,132082,1
74624,39098,11028,113722,85652,50126,0
45838,3704,60195,49542,106033,63899,0
18999,94121,97941,113120,116940,192062,1
84472,24781,61530,109253,146002,86311,1
43745,30133,6112,73878,49857,36245,0
67291,53281,70875,120572,138166,124156,1
29384,54643,49920,84027,79304,104563,1
92025,45610,62832,137635,154857,108442,1
75007,46738,37070,121745,112077,83808,1
64180,58176,72016,122356,136196,130192,1
62199,20277,68190,82476,130389,88467,1
35932,90236,44671,126168,80603,134907,0
12718,56986,39359,69704,52077,96345,0
10239,95498,3035,105737,13274,98533,0
26347,98036,76392,124383,102739,174428,1
80026,93184,61204,173210,141230,154388,1
67193,32056,68102,99249,135295,100158,1
40692,53990,16976,94682,57668,70966,1
74629,63509,23817,138138,98446,87326,1
94511,7185,5774,101696,100285,12959,0
98799,37394,66203,136193,165002,103597,1
37042,53649,65383,90691,102425,119032,1
40205,2279,81014,42484,121219,83293,0
17217,38754,34580,55971,51797,73334,1
2549,19306,78772,21855,81321,98078,0
8880,70765,36787,79645,45667,107552,0
46018,88704,74385,134722,120403,163089,1
59941,31566,54353,91507,114294,85919,1
83829,85458,2806,169287,86635,88264,1
6564,76195,46721,82759,53285,122916,0
49375,13656,41534,63031,90909,55190,1
10081,4389,40593,14470,50674,44982,0
66054,21317,4910,87371,70964,26227,0
70408,35485,41501,105893,111909,76986,1
16024,99619,21574,115643,37598,121193,0
32907,64544,17921,97451,50828,82465,0
33932,82573,33051,116505,66983,115624,0
90870,10669,24657,101539,115527,35326,0
22152,32548,57437,54700,79589,89985,0
59700,17239,82719,76939,142419,99958,0
85642,76976,79323,162618,164965,156299,1
16755,30032,84331,46787,101086,114363,0
330,18385,16180,18715,16510,34565,0
9445,46098,41878,55543,51323,87976,1
65350,4004,34452,69354,99802,38456,0
54166,59765,91055,113931,145221,150820,1
85550,53410,48305,138960,133855,101715,1
55680,70707,73911,126387,129591,144618,1
86940,51241,75315,138181,162255,126556,1
53824,45520,22767,99344,76591,68287,1
25764,2030,18747,27794,44511,20777,0
98484,1956,394,100440,98878,2350,0
36506,34491,68756,70997,105262,103247,1
44199,82436,32119,126635,76318,114555,0
76857,92365,20531,169222,97388,112896,1
6932,92898,57839,99830,64771,150737,0
97356,94740,81273,192096,178629,176013,1
51291,64103,39245,115394,90536,103348,1
54079,56346,83648,110425,137727,139994,1
13072,60427,62348,73499,75420,122775,1
69097,86051,85678,155148,154775,171729,1
25417,35535,63847,60952,89264,99382,0
5359,36866,8724,42225,14083,45590,0
42240,663,85591,42903,127831,86254,0
75816,8721,60855,84537,136671,69576,0
12806,39799,4096,52605,16902,43895,0
6856,3478,55254,10334,62110,58732,0
78747,4613,14343,83360,93090,18956,0
45560,32508,62862,78068,108422,95370,1
73921,88729,26242,162650,100163,114971,1
99776,74376,29979,174152,129755,104355,1
84925,27401,64981,112326,149906,92382,1
85380,59131,10253,144511,95633,69384,0
78322,48873,12672,127195,90994,61545,0
25278,88863,86083,114141,111361,174946,1
76620,90572,45407,167192,122027,135979,1
48729,21318,67147,70047,115876,88465,1
37908,15721,40874,53629,78782,56595,1
75036,43526,99498,118562,174534,143024,1
38936,31138,27255,70074,66191,58393,1
74696,62795,24440,137491,99136,87235,1
89587,96775,99833,186362,189420,196608,1
67905,1146,66331,69051,134236,67477,0
17800,50566,75271,68366,93071,125837,0
72030,73805,23188,145835,95218,96993,1
15678,49986,26925,65664,42603,76911,0
63004,81044,29800,144048,92804,110844,1
55001,40669,48956,95670,103957,89625,1
83961,58580,64933,142541,148894,123513,1
80878,11972,28491,92850,109369,40463,0
91308,31322,45356,122630,136664,76678,0
33257,96442,50405,129699,83662,146847,0
75075,93616,61879,168691,136954,155495,1
11133,50025,25292,61158,36425,75317,0
47612,40353,36259,87965,83871,76612,1
73003,36742,99569,109745,172572,136311,1
44653,30677,95677,75330,140330,126354,0
92878,18012,52138,110890,145016,70150,0
85992,71603,99269,157595,185261,170872,1
21760,49098,86561,70858,108321,135659,0
66810,82979,51952,149789,118762,134931,1
19340,46105,62810,65445,82150,108915,1
56581,4824,60502,61405,117083,65326,1
42435,27091,17534,69526,59969,44625,1
29688,14062,37462,43750,67150,51524,1
78442,2973,3139,81415,81581,6112,0
77155,83142,24044,160297,101199,107186,1
4404,81458,89932,85862,94336,171390,0
38258,32248,6921,70506,45179,39169,1
93148,99390,24701,192538,117849,124091,1
49628,13803,65047,63431,114675,78850,0
99011,93861,16994,192872,116005,110855,1
52328,91723,73756,144051,126084,165479,1
26194,93868,81028,120062,107222,174896,1
4016,87479,46827,91495,50843,134306,0
37706,38197,3118,75903,40824,41315,1
46994,80554,14699,127548,61693,95253,0
83484,4656,7703,88140,91187,12359,0
94500,742,765,95242,95265,1507,0
87298,23579,52655,110877,139953,76234,0
25240,53896,45331,79136,70571,99227,1
65822,16692,99079,82514,164901,115771,0
30378,86955,22269,117333,52647,109224,0
73235,36686,13553,109921,86788,50239,0
6915,8076,70115,14991,77030,78191,0
74768,15354,60230,90122,134998,75584,1
79816,91512,54809,171328,134625,146321,1
83910,72076,16229,155986,100139,88305,1
59772,14309,11067,74081,70839,25376,0
18818,95749,74109,114567,92927,169858,0
69947,64697,89355,134644,159302,154052,1
50170,45031,84177,95201,134347,129208,1
42503,20872,80269,63375,122772,101141,0
66983,84417,66866,151400,133849,151283,1
37798,28774,28113,66572,65911,56887,1
48443,96095,68990,144538,117433,165085,1
50586,78852,56004,129438,106590,134856,1
74022,29298,61331,103320,135353,90629,1
383,32365,93998,32748,94381,126363,0
27395,73726,12450,101121,39845,86176,0
50875,652,28841,51527,79716,29493,0
78749,94471,33209,173220,111958,127680,1
63979,65069,43829,129048,107808,108898,1
63679,63737,68805,127416,132484,132542,1
28024,68173,67727,96197,95751,135900,1
51855,97018,9099,148873,60954,106117,0
93207,95978,2771,189185,95978,98749,0
26405,40508,61245,66913,87650,101753,1
78825,522,76708,79347,155533,77230,0
54127,85216,76856,139343,130983,162072,1
34825,36989,9479,71814,44304,46468,1
18235,78641,45970,96876,64205,124611,0
65870,77864,19019,143734,84889,96883,1
41999,59789,1293,101788,43292,61082,0
9606,98570,62258,108176,71864,160828,0
44626,83047,46481,127673,91107,129528,1
66915,3271,96719,70186,163634,99990,0
30322,37859,34829,68181,65151,72688,1
8913,77582,17152,86495,26065,94734,0
10132,4028,68413,14160,78545,72441,0
46163,58393,56954,104556,103117,115347,1
13293,11358,86926,24651,100219,98284,0
47756,14523,60093,62279,107849,74616,1
11761,59878,43771,71639,55532,103649,0
12288,81002,21619,93290,33907,102621,0
88747,3243,16191,91990,104938,19434,0
46813,71079,68971,117892,115784,140050,1
65737,98409,71516,164146,137253,169925,1
10889,70809,24546,81698,35435,95355,0
65577,98126,84846,163703,150423,182972,1
14795,24647,57021,39442,71816,81668,0
70573,96690,49964,167263,120537,146654,1
49455,36612,45231,86067,94686,81843,1
83228,91194,61099,174422,144327,152293,1
20176,18675,26722,38851,46898,45397,1
87671,18793,23217,106464,110888,42010,0
32177,24588,14733,56765,46910,39321,1
47657,3673,93135,51330,140792,96808,0
85839,12645,49823,98484,135662,62468,0
66334,69550,1872,135884,68206,71422,0
56640,55431,91924,112071,148564,147355,1
92044,45029,77429,137073,169473,122458,1
72351,17412,98900,89763,171251,116312,0
20580,19693,83539,40273,104119,103232,0
82232,6697,32758,88929,114990,39455,0
83199,74363,48439,157562,131638,122802,1
71857,82376,45031,154233,116888,127407,1
39865,23569,66154,63434,106019,89723,0
21325,57065,25507,78390,46832,82572,0
11044,91531,82280,102575,93324,173811,1
74399,34913,54965,109312,129364,89878,1
11870,20721,15363,32591,27233,36084,1
36666,5153,31717,41819,68383,36870,1
34009,44169,48347,78178,82356,92516,1
75907,78656,3331,154563,79238,81987,1
86665,56289,37393,142954,124058,93682,1
60395,32431,91432,92826,151827,123863,1
28892,64482,56217,93374,85109,120699,1
9199,26872,16349,36071,25548,43221,0
21901,36614,72881,58515,94782,109495,0
29364,81548,66827,110912,96191,148375,1
46995,72791,38587,119786,85582,111378,1
34496,36068,35983,70564,70479,72051,1
68293,31372,65435,99665,133728,96807,1
86633,88301,16893,174934,103526,105194,1
51250,93146,19271,144396,70521,112417,0
7793,45228,85159,53021,92952,130387,0
54646,1385,39553,56031,94199,40938,0
88340,58606,18581,146946,106921,77187,0
44706,40748,95160,85454,139866,135908,0
72401,56904,61214,129305,133615,118118,1
16361,70604,72240,86965,88601,142844,1
98027,82463,62200,180490,160227,144663,1
57355,40595,59654,97950,117009,100249,1
79170,37394,9066,116564,88236,46460,0
74344,20965,26632,95309,100976,47597,0
87220,97314,40353,184534,127573,137667,1
13024,58732,92066,71756,105090,150798,0
98443,28450,20200,126893,118643,48650,0
21890,48410,53802,70300,75692,102212,1
74111,55490,79650,129601,153761,135140,1
23604,489,76096,24093,99700,76585,0
8660,80777,42468,89437,51128,123245,0
96668,52585,45587,149253,142255,98172,1
29541,35766,66466,65307,96007,102232,0
189,70228,76128,70417,76317,146356,0
74232,78750,93300,152982,167532,172050,1
67419,47749,5222,115168,72641,52971,0
42492,1696,16302,44188,58794,17998,0
52747,68307,26687,121054,79434,94994,1
66782,42767,13622,109549,80404,56389,0
15995,84042,86239,100037,102234,170281,1
90327,88900,76489,179227,166816,165389,1
43263,31989,75979,75252,119242,107968,0
28531,20419,73266,48950,101797,93685,0
86124,39187,56109,125311,142233,95296,1
73370,11187,82850,84557,156220,94037,1
89508,62467,70932,151975,160440,133399,1
55914,26942,49837,82856,105751,76779,1
48303,78189,53604,126492,101907,131793,1
32024,99493,14852,131517,46876,114345,0
68120,87808,74926,155928,143046,162734,1
33552,19029,53925,52581,87477,72954,0
6636,97486,89487,104122,96123,186973,0
2466,97246,52097,99712,54563,149343,0
12677,35636,43665,48313,56342,79301,1
61929,29098,38632,91027,100561,67730,1
37891,7672,65720,45563,103611,73392,0
57437,232,67275,57669,124712,67507,0
69487,94603,20458,164090,89945,115061,0
75562,10237,74178,85799,149740,84415,1
38430,95351,11688,133781,50118,107039,0
29987,50959,83685,80946,113672,134644,0
67729,42296,34545,110025,102274,76841,1
64891,72430,41957,137321,106848,114387,1
1098,7078,48246,8176,49344,55324,0
48127,98215,16417,146342,64544,114632,0
31247,90897,68924,122144,100171,159821,1
16829,57333,5489,74162,22318,62822,0
21374,84740,36785,106114,58159,121525,0
58253,93169,45405,151422,103658,138574,1
60600,50581,58748,111181,119348,109329,1
16841,18783,34999,35624,51840,53782,1
64077,42936,31224,107013,95301,74160,1
35668,85177,45633,120845,81301,130810,0
95815,27309,78389,123124,174204,105698,1
24749,18686,38594,43435,63343,57280,1
94759,17426,95539,112185,190298,112965,1
21247,64960,48361,86207,69608,113321,1
9188,98589,5725,107777,14913,104314,0
10207,81885,71505,92092,81712,153390,0
20713,90736,76695,111449,97408,167431,1
35060,94710,16939,129770,51999,111649,0
63328,96871,84696,160199,148024,181567,1
899,89972,19373,90871,20272,109345,0
25328,76100,59359,101428,84687,135459,1
71316,88793,54436,160109,125752,143229,1
85598,55076,34806,140674,120404,89882,1
42212,54703,12876,96915,55088,67579,1
96053,778,92615,96831,188668,93393,0
19780,18134,75079,37914,94859,93213,0
87946,1906,49660,89852,137606,51566,0
53799,52187,92331,105986,146130,144518,1
8240,16453,65066,24693,73306,81519,0
48970,61461,1592,110431,50562,63053,0
59994,48997,56897,108991,116891,105894,1
45038,18170,46439,63208,91477,64609,1
88152,85788,66183,173940,154335,151971,1
77055,29060,28537,106115,105592,57597,0
28118,42787,77140,70905,105258,119927,0
28737,35947,782,64684,29519,36729,0
92450,69435,62073,161885,154523,131508,1
49061,90417,8276,139478,57337,98693,0
64988,41122,3372,106110,68360,44494,0
37767,31042,90087,68809,127854,121129,0
18417,29992,76378,48409,94795,106370,0
43922,18948,31964,62870,75886,50912,1
72892,14342,30658,87234,103550,45000,0
12924,87694,85051,100618,97975,172745,1
70785,56564,37207,127349,107992,93771,1
63722,5456,43579,69178,107301,49035,0
73855,36177,83560,110032,157415,119737,1
49397,256,2052,49653,51449,2308,0
6131,72290,1687,78421,7818,73977,0
51969,63801,2240,115770,54209,66041,0
25051,95300,54763,120351,79814,150063,0
44600,41644,53492,86244,98092,95136,1
31454,43046,92687,74500,124141,135733,0
18110,97228,61591,115338,79701,158819,0
26672,84658,9085,111330,35757,93743,0
74057,57559,37381,131616,111438,94940,1
73967,94122,40258,168089,114225,134380,1
70295,78879,31774,149174,102069,110653,1
74599,64973,46710,139572,121309,111683,1
54768,82144,16827,136912,71595,98971,0
66554,27717,14845,94271,81399,42562,0
38218,82195,38760,120413,76978,120955,0
16092,61896,46095,77988,62187,107991,1
94396,32406,56575,126802,150971,88981,0
25904,51882,44411,77786,70315,96293,1
66349,9256,22479,75605,88828,31735,0
56799,8024,82090,64823,138889,90114,0
60101,3868,19404,63969,79505,23272,0
69348,38874,89599,108222,158947,128473,1
72759,98830,70552,171589,143311,169382,1
34527,73192,3185,107719,37712,76377,0
3949,45281,35960,49230,39909,81241,0
47341,80756,87848,128097,135189,168604,1
74936,22466,28665,97402,103601,51131,0
61207,85050,35706,146257,96913,120756,1
51766,35914,26691,87680,78457,62605,1
62496,11786,27376,74282,89872,39162,0
19055,46263,48380,65318,67435,94643,1
72317,19333,96208,91650,168525,115541,0
45368,48885,66566,94253,111934,115451,1
34855,53069,23882,87924,58737,76951,1
58433,18434,33400,76867,91833,51834,0
51678,3248,18116,54926,69794,21364,0
41267,13876,44136,55143,85403,58012,1
81849,95963,39498,177812,121347,135461,1
23193,89263,13248,112456,36441,102511,0
52085,96670,55449,148755,107534,152119,1
97277,71541,30510,168818,127787,102051,1
94365,83183,72380,177548,166745,155563,1
48392,91799,7080,140191,55472,98879,0
7631,29162,40817,36793,48448,69979,0
40463,17642,93107,58105,133570,110749,0
44081,28346,71389,72427,115470,99735,1
51660,12946,99808,64606,151468,112754,0
74442,54230,22565,128672,97007,76795,1
40945,66419,69929,107364,110874,136348,1
41075,50234,12273,91309,53348,62507,1
47096,76489,49760,123585,96856,126249,1
68234,41413,63122,109647,131356,104535,1
39584,52534,6343,92118,45927,58877,0
58380,26537,17216,84917,75596,43753,0
95150,88520,18086,183670,113236,106606,1
10232,540,31554,10772,41786,32094,0
64271,53215,93082,117486,157353,146297,1
75276,17149,27335,92425,102611,44484,0
62611,77129,83804,139740,146415,160933,1
69611,6528,85926,76139,155537,92454,0
92087,36537,66513,128624,158600,103050,1
32699,62939,91117,95638,123816,154056,1
50094,33816,26457,83910,76551,60273,1
66873,34024,96161,100897,163034,130185,1
89142,82231,20686,171373,109828,102917,1
11021,93986,77201,105007,88222,171187,0
81794,75265,27822,157059,109616,103087,1
93032,22345,62490,115377,155522,84835,0
68518,40336,52443,108854,120961,92779,1
4546,86575,79850,91121,84396,166425,0
73726,19496,65939,93222,139665,85435,1
44984,72277,85963,117261,130947,158240,1
9696,2243,91583,11939,101279,93826,0
52328,6043,36456,58371,88784,42499,0
14585,56020,9764,70605,24349,65784,0
67343,27119,21733,94462,89076,48852,0
78640,95455,99747,174095,178387,195202,1
78738,70657,94014,149395,172752,164671,1
10874,33993,14480,44867,25354,48473,0
86715,47090,52140,133805,138855,99230,1
3375,73734,53282,77109,56657,127016,0
34805,51590,73502,86395,108307,125092,1
38801,49844,92696,88645,131497,142540,0
86462,91549,50572,178011,137034,142121,1
48779,37113,14724,85892,63503,51837,1
6620,41190,3647,47810,10267,44837,0
11930,72319,96568,84249,108498,168887,0
70026,42818,82580,112844,152606,125398,1
15592,26928,35197,42520,50789,62125,1
34343,53726,20648,88069,54991,74374,1
64865,38807,60553,103672,125418,99360,1
3395,8391,62221,11786,65616,70612,0
56222,31400,21242,87622,77464,52642,0
18112,56224,35217,74336,53329,91441,0
58499,21391,32210,79890,90709,53601,0
81319,14087,65770,95406,147089,79857,0
76295,9077,37122,85372,113417,46199,0
54242,75406,77683,129648,131925,153089,1
93051,35114,9436,128165,102487,44550,0
71008,84161,58387,155169,129395,142548,1
27621,85328,16635,112949,44256,101963,0
93841,16163,58994,110004,152835,75157,0
48803,15116,17010,63919,65813,32126,0
90460,4509,91122,94969,181582,95631,1
37113,96979,46274,134092,83387,143253,0
67964,36855,85920,104819,153884,122775,1
50142,57313,54302,107455,104444,111615,1
46230,95480,41221,141710,87451,136701,0
33102,83727,27612,116829,60714,111339,0
79061,75175,58524,154236,137585,133699,1
75644,54135,17405,129779,93049,71540,0
66835,13210,7069,80045,73904,20279,0
29974,32714,95297,62688,125271,128011,0
43063,14784,87257,57847,130320,102041,0
13678,46868,66200,60546,79878,113068,0
50049,1116,13316,51165,63365,14432,0
85139,62045,71925,147184,157064,133970,1
96898,91518,4790,188416,101688,96308,0
94224,54081,55975,148305,150199,110056,1
53677,66515,62197,120192,115874,128712,1
51152,99267,21329,150419,72481,120596,0
28095,21006,97870,49101,125965,118876,0
51691,90883,97864,142574,149555,188747,1
33471,15719,95540,49190,129011,111259,0
52911,94239,99483,147150,152394,193722,1
40640,41452,98382,82092,139022,139834,0
31748,27878,61638,59626,93386,89516,0
83324,53378,2070,136702,85394,55448,0
77817,60965,25434,138782,103251,86399,1
75412,44204,66503,119616,141915,110707,1
40385,75468,23257,115853,63642,98725,0
41213,23851,13479,65064,54692,37330,0
6240,1997,42818,8237,49058,44815,0
12591,96417,91363,109008,103954,187780,1
53319,75243,65071,128562,118390,140314,1
40411,91541,81054,131952,121465,172595,1
92990,98824,72003,191814,164993,170827,1
32963,27656,394,60619,33357,28050,0
80183,62806,35196,142989,115379,98002,1
85543,17424,88931,102967,174474,106355,1
66438,87555,2598,153993,69036,90153,0
63292,48508,8322,111800,71614,56830,0
4148,40006,73471,44154,77619,113477,0
90679,66822,40478,157501,131157,107300,1
68230,49321,10638,117551,78868,59959,0
38070,49382,41588,87452,79658,90970,1
917,33068,21838,33985,22755,54906,0
36560,76478,76098,113038,112658,152576,1
55651,36705,82707,92356,138358,119412,1
3202,60448,29804,63650,33006,90252,0
29797,47996,49077,77793,78874,97073,1
7159,89720,67708,96879,74867,157428,0
7743,87856,57454,95599,65197,145310,0
46529,97664,1244,144193,47773,98908,0
51805,3162,89812,54967,141617,92974,0
61805,39421,90052,101226,151857,129473,1
16366,701,30611,17067,46977,31312,0
55010,83856,51186,138866,106196,135042,1
50677,47826,20715,98503,71392,68541,1
36708,49024,94626,85732,131334,143650,0
60959,34596,69207,95555,130166,103803,1
1937,62565,44419,64502,46356,106984,0
54222,65598,46502,119820,100724,112100,1
73953,76043,82745,149996,156698,158788,1
62231,71174,3435,133405,65666,74609,0
38409,27788,21972,66197,60381,49760,1
95510,85168,43896,180678,139406,129064,1
84598,61444,21678,146042,106276,83122,0
74750,76614,6782,151364,81532,83396,1
31198,63290,82049,94488,113247,145339,1
16914,43263,36699,60177,53613,79962,1
17809,51354,26997,69163,44806,78351,0
38137,76109,80794,114246,118931,156903,1
43890,32317,74800,76207,118690,107117,1
72375,46685,84737,119060,157112,131422,1
56167,65055,46659,121222,102826,111714,1
11102,95544,45898,106646,57000,141442,0
19577,840,95808,20417,115385,96648,0
63775,80071,30814,143846,94589,110885,1
26658,68535,58759,95193,85417,127294,1
93164,92748,9900,185912,103064,102648,1
27473,78001,68369,105474,95842,146370,1
79329,44666,44941,123995,124270,89607,1
96287,81276,39309,177563,135596,120585,1
67176,80788,45765,147964,112941,126553,1
26621,28631,97107,55252,123728,125738,0
20693,76766,67305,97459,87998,144071,1
90881,61779,39515,152660,130396,101294,1
42587,48223,60700,90810,103287,108923,1
13480,29722,37434,43202,50914,67156,1
91527,20640,88417,112167,179944,109057,1
27112,80362,1597,107474,28709,81959,0
41366,11324,32209,52690,73575,43533,1
37487,68206,38076,105693,75563,106282,1
33899,12891,57135,46790,91034,70026,0
27008,88748,62373,115756,89381,151121,1
67442,7632,69144,75074,136586,76776,1
78309,51854,63229,130163,141538,115083,1
90608,65893,10476,156501,101084,76369,0
99368,10206,4880,109574,104248,15086,0
48041,93996,13946,142037,61987,107942,0
6695,36691,61702,43386,68397,98393,0
35854,33147,75423,69001,111277,108570,0
29013,97552,85285,126565,114298,182837,1
63583,83571,27044,147154,90627,110615,1
76910,39411,2074,116321,78984,41485,0
37563,49601,1873,87164,39436,51474,0
98903,83180,84391,182083,183294,167571,1
36825,23324,39306,60149,76131,62630,1
21080,32426,7206,53506,28286,39632,0
74814,34548,20640,109362,95454,55188,0
15378,88047,71862,103425,87240,159909,0
97400,14081,22523,111481,119923,36604,0
97040,32935,94126,129975,191166,127061,1
69616,9430,76406,79046,146022,85836,1
69223,37089,7700,106312,76923,44789,0
33813,22565,46486,56378,80299,69051,1
120,65547,29465,65667,29585,95012,0
36058,77307,75443,113365,111501,152750,1
57846,64154,21856,122000,79702,86010,1
89144,94612,80557,183756,169701,175169,1
55474,67387,5552,122861,61026,72939,0
70037,61133,35694,131170,105731,96827,1
8400,59838,72080,68238,80480,131918,0
33709,10663,90307,44372,124016,100970,0
4864,7846,78659,12710,83523,86505,0
35080,40722,51017,75802,86097,91739,1
16171,32715,91342,48886,107513,124057,0
6626,2296,71595,8922,78221,73891,0
35429,49511,1619,84940,37048,51130,0
57117,9466,96782,66583,153899,106248,0
81215,50574,75649,131789,156864,126223,1
3309,73048,97314,76357,100623,170362,0
1691,48756,70184,50447,71875,118940,0
20232,86569,13837,106801,34069,100406,0
93353,10690,23468,104043,116821,34158,0
34284,15821,41632,50105,75916,57453,1
83174,45958,14769,129132,97943,60727,0
93685,67709,6900,161394,100585,74609,0
71295,20417,33657,91712,104952,54074,0
78549,64461,22411,143010,100960,86872,1
26891,42957,86365,69848,113256,129322,0
71969,37303,35067,109272,107036,72370,1
38092,80733,33483,118825,71575,114216,0
36855,48773,89607,85628,126462,138380,0
82002,25457,87074,107459,169076,112531,1
19575,60077,48238,79652,67813,108315,1
45866,38163,66355,84029,112221,104518,1
60628,95534,56092,156162,116720,151626,1
46211,26783,77544,72994,123755,104327,0
94708,36926,76004,131634,170712,112930,1
33023,52085,16499,85108,49522,68584,0
39861,24505,43527,64366,83388,68032,1
65619,98978,41831,164597,107450,140809,1
81677,34980,46083,116657,127760,81063,0
29855,29122,23248,58977,53103,52370,1
13172,42508,80746,55680,93918,123254,0
38497,38694,77057,77191,115554,115751,1
17042,37233,88034,54275,105076,125267,0
97153,80379,62834,177532,159987,143213,1
67017,58238,58558,125255,125575,116796,1
95349,83366,48650,178715,143999,132016,1
820,27270,4392,28090,5212,31662,0
90803,20110,83210,110913,174013,103320,1
76096,92148,9075,168244,85171,101223,0
97619,94236,37822,191855,135441,132058,1
83300,41973,8732,125273,92032,50705,0
37041,89326,90903,126367,127944,180229,1
36180,35924,45466,72104,81646,81390,1
66778,79560,14733,146338,81511,94293,1
8535,3375,53204,11910,61739,56579,0
61718,77655,49195,139373,110913,126850,1
71705,63372,70586,135077,142291,133958,1
4025,60576,19872,64601,23897,80448,0
83677,89347,61442,173024,145119,150789,1
51208,67569,91237,118777,142445,158806,1
15976,64193,42838,80169,58814,107031,0
52450,49041,80511,101491,132961,129552,1
90043,39921,80297,129964,170340,120218,1
63417,81,51570,63498,114987,51651,0
5069,2442,1773,7511,6842,4215,0
20172,20433,96330,40605,116502,116763,0
28089,21477,98610,49566,126699,120087,0
46373,94463,28363,140836,74736,122826,0
90428,52116,35533,142544,125961,87649,0
51032,32718,15330,83750,66362,48048,0
50108,88849,73539,138957,123647,162388,1
35296,39227,9004,74523,44300,48231,1
3531,55126,60807,58657,64338,115933,0
38692,59276,76330,97968,115022,135606,1
13912,74671,21592,88583,35504,96263,0
97705,64434,12356,162139,110061,76790,0
26345,9437,1146,35782,27491,10583,0
9619,19444,57522,29063,67141,76966,0
50869,69648,80390,120517,131259,150038,1
18278,24417,13040,42695,31318,37457,1
14988,70785,44666,85773,59654,115451,0
84657,43689,46954,128346,131611,90643,1
65993,62013,48643,128006,114636,110656,1
7185,89823,78548,97008,85733,168371,0
70251,62220,34521,132471,104772,96741,1
36030,68258,99780,104288,135810,168038,1
60599,92165,9650,152764,70249,101815,0
47103,4940,28650,52043,75753,33590,0
55144,43882,23014,99026,78158,66896,1
55143,26379,45580,81522,100723,71959,1
40742,52868,49294,93610,90036,102162,1
71447,3264,36099,74711,107546,39363,0
44833,86190,40920,131023,85753,127110,0
20897,16736,93625,37633,114522,110361,0
81830,32740,10278,114570,92108,43018,0
17176,11466,84064,28642,101240,95530,0
77126,50311,15799,127437,92925,66110,0
64360,74455,50677,138815,115037,125132,1
39694,69508,36021,109202,75715,105529,1
2858,45392,55423,48250,58281,100815,0
86690,98507,26590,185197,113280,125097,1
69420,52648,99539,122068,168959,152187,1
80828,63650,50550,144478,131378,114200,1
92571,84619,18307,177190,110878,102926,1
91770,79296,67037,171066,158807,146333,1
47087,26703,67509,73790,114596,94212,1
4807,64234,98616,69041,103423,162850,0
88595,9402,22019,97997,110614,31421,0
82450,75472,20834,157922,103284,96306,1
80592,29785,55860,110377,136452,85645,1
21135,77489,3400,98624,24535,80889,0
37859,76539,17205,114398,55064,93744,0
34755,37576,69948,72331,104703,107524,1
38169,68538,39693,106707,77862,108231,1
39257,6051,33384,45308,72641,39435,1
58458,18661,39731,77119,98189,58392,0
54583,58956,94870,113539,149453,153826,1
5546,74488,91846,80034,97392,166334,0
7984,71513,78382,79497,86366,149895,1
98315,906,63291,99221,161606,64197,0
70275,25389,19579,95664,89854,44968,0
35250,6091,30490,41341,65740,36581,1
98800,13711,57159,112511,155959,70870,0
12396,61298,33948,73694,46344,95246,0
2609,22846,80134,25455,82743,102980,0
22207,66857,82061,89064,104268,148918,1
44247,31722,27775,75969,72022,59497,1
94938,86876,42079,181814,137017,128955,1
6605,24989,17459,31594,24064,42448,0
11556,13169,8336,24725,19892,21505,1
66475,17439,28813,83914,95288,46252,0
62962,75997,23327,138959,86289,99324,1
575,28688,39567,29263,40142,68255,0
11952,79116,75079,91068,87031,154195,1
5619,70819,2015,76438,7634,72834,0
84725,91725,7965,176450,92690,99690,1
10614,28209,73693,38823,84307,101902,0
14916,88397,57028,103313,71944,145425,0
23337,66875,1107,90212,24444,67982,0
45205,15579,25930,60784,71135,41509,0
82206,58691,75267,140897,157473,133958,1
21311,54921,33606,76232,54917,88527,0
93221,84265,75923,177486,169144,160188,1
7488,41533,24497,49021,31985,66030,0
39135,1038,81202,40173,120337,82240,0
25619,28941,49835,54560,75454,78776,1
9512,97097,85549,106609,95061,182646,0
93935,56760,7633,150695,101568,64393,0
84683,99276,25617,183959,110300,124893,1
22408,53409,1866,75817,24274,55275,0
69179,7189,41211,76368,110390,48400,0
46796,94622,81449,141418,128245,176071,1
81184,53556,19888,134740,101072,73444,0
46712,87712,58561,134424,105273,146273,1
26902,76076,29590,102978,56492,105666,0
87604,48094,73248,135698,160852,121342,1
4181,71620,55142,75801,59323,126762,0
95968,41882,52728,137850,148696,94610,0
371,56169,68803,56540,69174,124972,0
37819,38452,85852,76271,123671,124304,0
92119,69928,68538,162047,160657,138466,1
30232,85810,16918,116042,47150,102728,0
72170,91746,47211,163916,119381,138957,1
11885,63882,7194,75767,19079,71076,0
3827,45134,9919,48961,13746,55053,0
72978,2884,37514,75862,110492,40398,0
87653,35643,33040,123296,120693,68683,0
68083,89129,29333,157212,97416,118462,1
90131,759,23540,90890,113671,24299,0
32716,55614,63749,88330,96465,119363,1
66264,7364,18160,73628,84424,25524,0
94363,94445,24294,188808,118657,118739,1
43459,53542,15265,97001,58724,68807,1
93604,36755,49344,130359,142948,86099,0
18186,17090,47088,35276,65274,64178,0
32866,46200,27629,79066,60495,73829,1
64592,36544,9931,101136,74523,46475,0
45533,46693,10604,92226,56137,57297,1
58954,64806,79551,123760,138505,144357,1
84312,33418,15717,117730,100029,49135,0
85825,99037,99343,184862,185168,198380,1
70368,22027,30722,92395,101090,52749,0
31249,93415,26867,124664,58116,120282,0
64265,34011,21229,98276,85494,55240,0
1616,91225,94810,92841,96426,186035,0
50791,29099,22432,79890,73223,51531,1
15764,94696,89680,110460,105444,184376,1
34879,64073,37073,98952,71952,101146,1
39654,14517,30645,54171,70299,45162,1
68995,99013,33446,168008,102441,132459,1
52438,34854,29645,87292,82083,64499,1
25586,42984,47092,68570,72678,90076,1
7641,2763,40828,10404,48469,43591,0
80432,6875,29852,87307,110284,36727,0
47191,99477,83149,146668,130340,182626,1
35439,94367,26475,129806,61914,120842,0
55516,83465,9629,138981,65145,93094,0
65816,64132,11682,129948,77498,75814,1
18956,86108,68068,105064,87024,154176,1
27554,38918,14641,66472,42195,53559,1
72521,97247,67576,169768,140097,164823,1
24039,77816,89552,101855,113591,167368,1
42166,61015,35533,103181,77699,96548,1
33839,96098,86893,129937,120732,182991,1
11467,17092,6713,28559,18180,23805,1
97681,64265,35757,161946,133438,100022,1
16826,50208,61017,67034,77843,111225,1
45302,94253,63327,139555,108629,157580,1
90387,85309,33102,175696,123489,118411,1
23176,53868,6707,77044,29883,60575,0
18468,28934,49419,47402,67887,78353,0
58307,54786,76147,113093,134454,130933,1
68401,77803,84348,146204,152749,162151,1
28636,93860,53073,122496,81709,146933,0
76382,29096,16183,105478,92565,45279,0
5763,11898,67701,17661,73464,79599,0
27738,39209,91640,66947,119378,130849,0
43310,97704,294,141014,43604,97998,0
42320,56507,87507,98827,129827,144014,1
59084,56413,47404,115497,106488,103817,1
22695,38489,29846,61184,52541,68335,1
723,95097,96676,95820,97399,191773,0
1803,22028,42797,23831,44600,64825,0
26376,67477,86323,93853,112699,153800,1
20085,72880,25779,92965,45864,98659,0
62365,8306,92068,70671,154433,100374,0
27558,69092,18179,96650,45737,87271,0
99109,26160,41517,125269,140626,67677,0
94448,15633,78081,110081,172529,93714,0
53035,36734,75671,89769,128706,112405,1
959,89196,63823,90155,64782,153019,0
24494,6811,13895,31305,38389,20706,0
4774,37132,97639,41906,102413,134771,0
56843,80576,27398,137419,84241,107974,1
5283,31487,62974,36770,68257,94461,0
47779,16473,26521,64252,74300,42994,0
88337,46137,67787,134474,156124,113924,1
62421,42589,65727,105010,128148,108316,1
54609,79134,60787,133743,115396,139921,1
79607,54563,11583,134170,91190,66146,0
76876,19133,83674,96009,160550,102807,1
98287,53820,75548,152107,173835,129368,1
41852,87804,86220,129656,128072,174024,1
27436,49204,17595,76640,45031,66799,0
57025,1960,61844,58985,118869,63804,0
48130,20751,74669,68881,122799,95420,0
86873,78693,61644,165566,148517,140337,1
90592,70870,51859,161462,142451,122729,1
28979,11459,88581,40438,117560,100040,0
82050,71089,78737,153139,160787,149826,1
93652,46976,740,140628,94392,47716,0
9953,4291,47061,14244,57014,51352,0
40592,32599,90235,73191,130827,122834,0
25896,10838,29336,36734,55232,40174,1
39218,91948,5713,131166,44931,97661,0
72628,90858,18487,163486,91115,109345,1
82822,47975,39923,130797,122745,87898,1
13144,89536,9212,102680,22356,98748,0
10298,1515,46268,11813,56566,47783,0
98746,72066,26581,170812,125327,98647,0
82528,832,30660,83360,113188,31492,0
23849,10792,27670,34641,51519,38462,1
91384,93542,33215,184926,124599,126757,1
87222,10769,35208,97991,122430,45977,0
5687,75611,41160,81298,46847,116771,0
11494,79753,10058,91247,21552,89811,0
48380,44915,28795,93295,77175,73710,1
83546,10318,90004,93864,173550,100322,1
25458,24297,48645,49755,74103,72942,1
95187,95363,11623,190550,106810,106986,1
35571,16189,61502,51760,97073,77691,0
17598,7530,60238,25128,77836,67768,0
96,19159,24850,19255,24946,44009,0
84003,16998,70193,101001,154196,87191,1
97788,40403,94370,138191,192158,134773,1
31508,43709,30485,75217,61993,74194,1
88188,27546,59370,115734,147558,86916,0
52197,89408,87848,141605,140045,177256,1
2443,12556,39761,14999,42204,52317,0
47339,7142,41361,54481,88700,48503,1
1220,1002,14210,2222,15430,15212,0
57972,33478,44803,91450,102775,78281,1
45953,45771,79002,91724,124955,124773,1
15526,71366,37724,86892,53250,109090,0
39457,98429,86185,137886,125642,184614,1
5879,1699,57786,7578,63665,59485,0
2081,73337,91619,75418,93700,164956,0
80261,14838,89658,95099,169919,104496,1
11196,9837,3223,21033,14419,13060,1
64818,6535,91040,71353,155858,97575,0
84417,20079,72579,104496,156996,92658,1
48519,63227,52963,111746,101482,116190,1
76271,35793,87437,112064,163708,123230,1
28665,31957,75180,60622,103845,107137,0
71345,79107,72414,150452,143759,151521,1
45237,89885,18707,135122,63944,108592,0
2402,37995,80248,40397,82650,118243,0
88374,97042,19478,185416,107852,116520,1
44330,22224,96117,66554,140447,118341,0
39289,39832,76936,79121,116225,116768,1
58076,93028,31119,151104,89195,124147,0
4948,10981,35649,15929,40597,46630,0
58919,37618,46238,96537,105157,83856,1
22841,92684,33745,115525,56586,126429,0
26482,85368,55934,111850,82416,141302,0
24109,26309,7010,50418,31119,33319,1
24214,69845,53509,94059,77723,123354,1
21886,45575,4929,67461,26815,50504,0
76951,90988,39090,167939,116041,130078,1
49717,30723,51122,80440,100839,81845,1
81975,98975,1582,180950,83557,100557,0
55682,38860,24712,94542,80394,63572,1
71189,61851,42337,133040,113526,104188,1
81566,6045,45811,87611,127377,51856,0
44476,27436,74250,71912,118726,101686,0
32128,67292,70615,99420,102743,137907,1
5881,20233,98967,26114,104848,119200,0
13431,99130,37440,112561,50871,136570,0
31883,46687,73922,78570,105805,120609,1
80650,30344,36829,110994,117479,67173,0
26965,52936,82503,79901,109468,135439,0
997,97618,88855,98615,89852,186473,0
73641,37539,47027,111180,120668,84566,1
14685,57126,24812,71811,39497,81938,0
86872,21382,18731,108254,105603,40113,0
86716,12930,47386,99646,134102,60316,0
56157,97805,29769,153962,85926,127574,0
47865,52503,2168,100368,50033,54671,0
93563,90968,9179,184531,102742,100147,1
84764,34226,18678,118990,103442,52904,0
37348,77898,23844,115246,61192,101742,0
47182,9048,59978,56230,107160,69026,0
24983,64377,139,89360,25122,64516,0
94066,91529,87042,185595,181108,178571,1
37476,71526,40135,109002,77611,111661,1
67018,90472,94572,157490,161590,185044,1
50262,98548,30589,148810,80851,129137,0
44596,64051,38143,108647,82739,102194,1
62663,20426,26348,83089,89011,46774,0
60559,23284,72226,83843,132785,95510,1
28305,91235,59375,119540,87680,150610,0
3480,41123,76586,44603,80066,117709,0
94953,63274,78914,158227,173867,142188,1
80625,79836,8162,160461,88787,87998,1
1369,27894,4168,29263,5537,32062,0
30850,92997,75590,123847,106440,168587,1
5103,16318,29446,21421,34549,45764,0
50235,25690,39170,75925,89405,64860,1
80271,30992,67384,111263,147655,98376,1
6807,11651,69602,18458,76409,81253,0
87043,33679,40664,120722,127707,74343,0
51719,61877,82505,113596,134224,144382,1
68708,78903,86512,147611,155220,165415,1
46079,71672,16834,117751,62913,88506,0
12704,47061,4619,59765,17323,51680,0
27374,36430,36331,63804,63705,72761,1
59986,54938,96562,114924,156548,151500,1
65606,52103,70743,117709,136349,122846,1
48369,43079,90845,91448,139214,133924,1
5587,67601,47853,73188,53440,115454,0
58020,96704,21928,154724,79948,118632,0
42572,464,16875,43036,59447,17339,0
9214,82017,48117,91231,57331,130134,0
42420,80088,92760,122508,135180,172848,1
70256,76930,43698,147186,113954,120628,1
94348,4464,8614,98812,102962,13078,0
71346,11087,76697,82433,148043,87784,1
75636,17114,53170,92750,128806,70284,0
63242,13312,33576,76554,96818,46888,0
42583,47863,19529,90446,62112,67392,1
64958,6820,31133,71778,96091,37953,0
95136,14345,57039,109481,152175,71384,0
47165,25574,67811,72739,114976,93385,1
25652,2139,1909,27791,27561,4048,0
15570,35708,13629,51278,29199,49337,0
44658,99731,61829,144389,106487,161560,1
47111,19783,16354,66894,63465,36137,0
71486,26772,1386,98258,72872,28158,0
16254,9397,40795,25651,57049,50192,0
63,77049,44734,77112,44797,121783,0
54566,35214,30567,89780,85133,65781,1
65863,67442,4263,133305,70126,71705,1
89510,8630,17161,98140,106671,25791,0
20650,74762,22029,95412,42679,96791,0
69540,84770,77034,154310,146574,161804,1
83084,31910,59409,114994,142493,91319,1
30545,85026,66297,115571,96842,151323,1
9292,17217,27268,26509,36560,44485,0
81448,93417,95158,174865,176606,188575,1
2490,1783,86697,4273,89187,88480,0
78645,12767,46967,91412,125612,59734,0
60976,75289,96004,136265,156980,171293,1
86797,32075,60493,118872,147290,92568,1
72479,63983,44199,136462,116678,108182,1
45711,33592,56893,79303,102604,90485,1
72546,99890,47584,172436,120130,147474,1
44273,12533,44782,56806,89055,57315,1
7212,85245,6811,92457,14023,92056,0
62158,76566,6627,138724,68785,83193,0
33660,28705,98893,62365,132553,127598,0
82397,35276,3281,117673,85678,38557,0
77586,73041,81687,150627,159273,154728,1
55212,48139,75080,103351,130292,123219,1
22093,51998,34942,74091,57035,86940,1
37702,87157,37052,124859,74754,124209,0
13442,55146,83906,68588,97348,139052,0
83747,96412,44342,180159,128089,140754,1
65357,98080,96123,163437,161480,194203,1
77452,59409,48606,136861,126058,108015,1
66264,18788,83533,85052,149797,102321,1
98363,74344,9570,172707,107933,83914,0
93703,72299,20674,166002,114377,92973,0
68426,31065,27417,99491,95843,58482,0
13310,86864,8097,100174,21407,94961,0
17486,53452,34874,70938,52360,88326,0
99872,49311,59335,149183,159207,108646,1
29378,63992,7751,93370,37129,71743,0
77273,35751,47062,113024,124335,82813,1
47658,33352,38996,81010,86654,72348,1
68658,53803,63112,122461,131770,116915,1
33379,81477,8973,114856,42352,90450,0
89436,36916,72496,126352,161932,109412,1
96339,54254,12877,150593,109216,67131,0
47950,55714,60887,103664,108837,116601,1
4923,49885,71895,54808,76818,121780,0
36912,49754,33404,86666,70316,83158,1
37596,90686,46133,128282,83729,136819,0
19308,15746,58836,35054,78144,74582,0
95731,72571,35932,168302,131663,108503,1
79307,88506,19909,167813,99216,108415,1
34945,37433,51011,72378,85956,88444,1
87357,8355,2856,95712,90213,11211,0
93171,51356,23408,144527,116579,74764,0
97437,93993,85671,191430,183108,179664,1
80315,23316,24912,103631,105227,48228,0
50501,45647,2538,96148,53039,48185,0
97643,19784,77581,117427,175224,97365,0
2785,6163,76683,8948,79468,82846,0
25766,33366,73009,59132,98775,106375,0
68028,46866,31717,114894,99745,78583,1
15390,21147,53388,36537,68778,74535,0
39432,93868,60605,133300,100037,154473,1
57516,79662,63462,137178,120978,143124,1
29488,80118,85219,109606,114707,165337,1
33278,8647,77931,41925,111209,86578,0
91926,1762,85180,93688,177106,86942,0
57960,7580,43043,65540,101003,50623,0
66447,32388,76947,98835,143394,109335,1
80911,3976,68992,84887,149903,72968,0
90557,16624,15300,107181,105857,31924,0
21528,59401,86594,80929,108122,145995,0
8994,76570,16091,85564,25085,92661,0
33538,5660,93701,39198,127239,99361,0
89935,86580,36304,176515,126239,122884,1
55261,3009,8584,58270,63845,11593,0
53738,43585,7150,97323,60888,50735,0
98182,32866,57151,131048,155333,90017,0
57820,88833,36653,146653,94473,125486,1
9571,96821,9414,106392,18985,106235,0
65475,10636,69815,76111,135290,80451,1
60286,45915,76346,106201,136632,122261,1
80719,19278,68625,99997,149344,87903,1
87124,31855,48613,118979,135737,80468,0
29915,28395,56978,58310,86893,85373,1
7865,37930,25840,45795,33705,63770,0
36058,95690,67351,131748,103409,163041,1
4919,48448,89711,53367,94630,138159,0
78623,83736,37679,162359,116302,121415,1
93106,29363,50624,122469,143730,79987,0
27128,969,54984,28097,82112,55953,0
75021,28663,37332,103684,112353,65995,0
9685,41716,10044,51401,19729,51760,0
55827,21275,79812,77102,135639,101087,0
88346,99765,65076,188111,153422,164841,1
31930,22163,62705,54093,94635,84868,0
13446,88706,28713,102152,42159,117419,0
86452,84427,45154,170879,131606,129581,1
53973,15806,69994,69779,123967,85800,0
53272,20525,11396,73797,64668,31921,0
45807,64030,44202,109837,90009,108232,1
2528,56813,76850,59341,79378,133663,0
57972,57831,75093,115803,133065,132924,1
77530,53359,63284,130889,140814,116643,1
46110,5636,73534,51746,119644,79170,0
15175,25879,26611,41054,41786,52490,1
47426,10628,17081,58054,64507,27709,0
67774,55657,13249,123431,81023,68906,1
78477,36412,85436,114889,163913,121848,1
20654,1869,21703,22523,42357,23572,1
78619,9190,43509,87809,122128,52699,0
22495,11285,74544,33780,97039,85829,0
20842,56843,96189,77685,117031,153032,0
63205,53671,91481,116876,154686,145152,1
45598,16220,47403,61818,93001,63623,1
37465,5542,72942,43007,110407,78484,0
48456,71188,47513,119644,95969,118701,1
93185,50563,77675,143748,170860,128238,1
37219,2537,72788,39756,110007,75325,0
13720,18891,68741,32611,82461,87632,0
72501,69387,43282,141888,115783,112669,1
45518,49084,65196,94602,110714,114280,1
70296,65962,71414,136258,141710,137376,1
30601,19339,42869,49940,73470,62208,1
67905,59934,25934,127839,93839,85868,1
25475,46251,94489,71726,119964,140740,0
30540,62619,74385,93159,104925,137004,1
17929,44543,92244,62472,110173,136787,0
34350,49117,91799,83467,126149,140916,0
85036,74137,39487,159173,124523,113624,1
52725,95011,42759,147736,95484,137770,1
53464,2249,33058,55713,86522,35307,0
82425,78483,80763,160908,163188,159246,1
58673,83998,71414,142671,130087,155412,1
90242,44491,39402,134733,129644,83893,0
26814,66348,99066,93162,125880,165414,0
23823,58110,87700,81933,111523,145810,0
1663,69752,79208,71415,80871,148960,0
14519,34918,9842,49437,24361,44760,0
73730,58804,79354,132534,153084,138158,1
47080,97439,86582,144519,133662,184021,1
56704,42423,35102,99127,91806,77525,1
71141,34257,355,105398,71496,34612,0
84093,72689,21742,156782,105835,94431,1
41631,78992,53454,120623,95085,132446,1
95145,25741,75461,120886,170606,101202,1
10606,68930,72951,79536,83557,141881,1
57231,56537,7549,113768,64780,64086,1
35722,88835,51020,124557,86742,139855,0
41980,39550,26207,81530,68187,65757,1
79436,24955,70555,104391,149991,95510,1
26258,58630,83229,84888,109487,141859,1
24676,67799,59054,92475,83730,126853,1
68586,93748,89853,162334,158439,183601,1
68718,7527,55988,76245,124706,63515,0
89115,58021,51491,147136,140606,109512,1
9684,87026,90278,96710,99962,177304,1
86810,24587,55847,111397,142657,80434,0
27774,91203,57848,118977,85622,149051,0
41595,75567,14335,117162,55930,89902,0
21680,7127,88277,28807,109957,95404,0
34449,39468,45773,73917,80222,85241,1
41896,2886,7220,44782,49116,10106,0
29123,21027,26334,50150,55457,47361,1
8713,34300,56824,43013,65537,91124,0
34904,35348,89873,70252,124777,125221,0
56997,82929,86047,139926,143044,168976,1
60542,14085,13763,74627,74305,27848,0
61832,38508,10319,100340,72151,48827,0
60251,92255,63981,152506,124232,156236,1
88515,474,83153,88989,171668,83627,0
1872,77017,56820,78889,58692,133837,0
85289,7238,95459,92527,180748,102697,0
80751,35033,88163,115784,168914,123196,1
57077,86390,1675,143467,58752,88065,0
1839,59473,757,61312,2596,60230,0
81655,98680,80885,180335,162540,179565,1
31132,89843,21735,120975,52867,111578,0
32946,36822,35595,69768,68541,72417,1
64042,18833,84127,82875,148169,102960,0
62101,27370,44317,89471,106418,71687,1
5986,63672,67534,69658,73520,131206,1
89609,4342,56495,93951,146104,60837,0
39906,72013,20068,111919,59974,92081,0
49553,1496,22225,51049,71778,23721,0
85626,36420,56590,122046,142216,93010,1
31410,81738,76274,113148,107684,158012,1
58668,14103,68698,72771,127366,82801,1
92485,75541,60662,168026,153147,136203,1
27303,30931,3142,58234,30445,34073,0
55888,87142,37642,143030,93530,124784,1
52163,24189,54112,76352,106275,78301,1
91075,4267,23731,95342,114806,27998,0
64865,77796,46054,142661,110919,123850,1
40485,48688,10165,89173,50650,58853,1
77692,39875,85599,117567,163291,125474,1
21449,87086,71897,108535,93346,158983,1
26097,22407,47695,48504,73792,70102,1
57054,40061,48980,97115,106034,89041,1
16445,9066,60095,25511,76540,69161,0
34864,34002,8713,68866,43577,42715,1
72294,61742,45280,134036,117574,107022,1
37966,94160,4968,132126,42934,99128,0
56872,60147,71082,117019,127954,131229,1
91096,62348,41970,153444,133066,104318,1
50622,49885,60034,100507,110656,109919,1
85290,39400,95992,124690,181282,135392,1
53671,54081,25829,107752,79500,79910,1
86551,17699,4193,104250,90744,21892,0
93199,66739,79975,159938,173174,146714,1
35465,25748,22466,61213,57931,48214,1
20248,75819,80013,96067,100261,155832,1
89686,48909,75760,138595,165446,124669,1
98641,66052,66060,164693,164701,132112,1
63894,88271,74024,152165,137918,162295,1
42939,1474,45244,44413,88183,46718,0
919,77355,21337,78274,22256,98692,0
9006,7758,45247,16764,54253,53005,0
32771,59912,36684,92683,69455,96596,1
53598,62442,95372,116040,148970,157814,1
30357,39261,91780,69618,122137,131041,0
30810,24837,94361,55647,125171,119198,0
52667,86154,43873,138821,96540,130027,1
46471,439,6735,46910,53206,7174,0
47720,29772,47275,77492,94995,77047,1
10221,77366,59285,87587,69506,136651,0
67805,77935,56348,145740,124153,134283,1
87295,55618,49082,142913,136377,104700,1
30379,1638,10447,32017,40826,12085,0
91233,49131,67525,140364,158758,116656,1
6735,47180,87422,53915,94157,134602,0
35074,74426,67571,109500,102645,141997,1
1122,98379,67873,99501,68995,166252,0
59230,34444,19427,93674,78657,53871,0
89939,21667,29599,111606,119538,51266,0
82375,70090,21378,152465,103753,91468,1
92795,24770,14995,117565,107790,39765,0
13501,10404,26294,23905,39795,36698,0
2504,50749,58162,53253,60666,108911,0
35978,50229,47729,86207,83707,97958,1
80520,52995,2126,133515,82646,55121,0
38933,1821,34796,40754,73729,36617,0
61872,97875,74429,159747,136301,172304,1
11402,77357,48436,88759,59838,125793,0
64938,41800,38390,106738,103328,80190,1
11852,50434,69935,62286,81787,120369,0
52986,87332,59401,140318,112387,146733,1
73940,78377,59355,152317,133295,137732,1
88515,61356,54282,149871,142797,115638,1
89270,41079,27428,130349,116698,68507,0
22724,18082,68406,40806,91130,86488,0
84030,25516,27272,109546,111302,52788,0
60357,95842,2392,156199,62749,98234,0
91505,38115,12590,129620,104095,50705,0
44426,6267,71431,50693,115857,77698,0
12629,15121,36961,27750,49590,52082,0
76469,40562,23159,117031,99628,63721,0
57513,19705,5684,77218,63197,25389,0
75070,35142,95332,110212,170402,130474,1
90513,45217,15701,135730,106214,60918,0
36614,4390,88841,41004,125455,93231,0
90714,16286,42280,107000,132994,58566,0
42394,49332,54773,91726,97167,104105,1
56166,26017,80537,82183,136703,106554,1
30426,61145,67370,91571,97796,128515,1
21382,29127,86999,50509,108381,116126,0
46660,20412,59377,67072,106037,79789,1
71748,316,46113,72064,117861,46429,0
37218,6820,53020,44038,90238,59840,0
99148,96314,97774,195462,196922,194088,1
62064,90329,21989,152393,84053,112318,0
7344,81210,9588,88554,16932,90798,0
73867,9489,57770,83356,131637,67259,0
16341,8386,24798,24727,41139,33184,0
86232,43700,17308,129932,103540,61008,0
70255,37823,35408,108078,105663,73231,1
17083,55050,90749,72133,107832,145799,0
2318,27073,34587,29391,36905,61660,0
32061,92656,55529,124717,87590,148185,0
95608,65694,93462,161302,189070,159156,1
91260,10971,197,102231,91457,11168,0
9802,73624,8737,83426,18539,82361,0
16782,24228,68498,41010,85280,92726,0
71368,69933,53905,141301,125273,123838,1
18670,82246,15631,100916,34301,97877,0
49516,9427,3504,58943,53020,12931,0
36975,47945,85243,84920,122218,133188,0
74328,43192,20450,117520,94778,63642,0
68345,24276,48909,92621,117254,73185,1
84,44721,60244,44805,60328,104965,0
84687,56017,21127,140704,105814,77144,0
83646,57826,51923,141472,135569,109749,1
63921,52721,52472,116642,116393,105193,1
58729,6330,2969,65059,61698,9299,0
1880,59415,24945,61295,26825,84360,0
91899,86784,24377,178683,116276,111161,1
94866,74181,67544,169047,162410,141725,1
84389,58212,10661,142601,95050,68873,0
46886,29540,44214,76426,91100,73754,1
78239,87413,36701,165652,114940,124114,1
57442,72459,6998,129901,64440,79457,0
27619,50631,47239,78250,74858,97870,1
76900,41885,12744,118785,89644,54629,0
82390,38635,18971,121025,101361,57606,0
33970,48330,1097,82300,35067,49427,0
13322,24790,23893,38112,37215,48683,1
69403,35838,65271,105241,134674,101109,1
43759,90015,49763,133774,93522,139778,1
82256,77277,33304,159533,115560,110581,1
6706,18006,75742,24712,82448,93748,0
91554,2643,53011,94197,144565,55654,0
80132,96040,76530,176172,156662,172570,1
74018,85355,77733,159373,151751,163088,1
54268,44713,31044,98981,85312,75757,1
74238,58297,54243,132535,128481,112540,1
11919,71162,56022,83081,67941,127184,0
3183,78031,24139,81214,27322,102170,0
3589,55059,35192,58648,38781,90251,0
63922,68304,29357,132226,93279,97661,1
67474,17885,33649,85359,101123,51534,0
89287,89935,50760,179222,140047,140695,1
56339,67395,30819,123734,87158,98214,1
16651,81546,36966,98197,53617,118512,0
77700,22655,46344,100355,124044,68999,0
85804,86283,36346,172087,122150,122629,1
15657,67928,23623,83585,39280,91551,0
48262,10615,33136,58877,81398,43751,0
88409,1262,44997,89671,133406,46259,0
8460,41804,51117,50264,59577,92921,0
59544,11490,95726,71034,155270,107216,0
76296,17522,6352,93818,82648,23874,0
88312,26561,17061,114873,105373,43622,0
46267,82584,8326,128851,54593,90910,0
49057,14894,78223,63951,127280,93117,0
69944,8317,61044,78261,130988,69361,0
6630,25306,30984,31936,37614,56290,1
32375,52379,44156,84754,76531,96535,1
12197,73165,71017,85362,83214,144182,1
7402,28197,32734,35599,40136,60931,1
34639,62267,31177,96906,65816,93444,1
58824,17494,1236,76318,60060,18730,0
98877,36393,88423,135270,187300,124816,1
24392,17307,87803,41699,112195,105110,0
21136,35720,48453,56856,69589,84173,1
21906,81112,46539,103018,68445,127651,0
16432,88288,26366,104720,42798,114654,0
69996,46827,34115,116823,104111,80942,1
18090,66034,71443,84124,89533,137477,1
29304,4956,18993,34260,48297,23949,0
47668,7399,52424,55067,100092,59823,1
7547,72640,64882,80187,72429,137522,0
10405,38627,61575,49032,71980,100202,0
20255,4386,6129,24641,26384,10515,0
84206,21957,30709,106163,114915,52666,0
32109,53474,59339,85583,91448,112813,1
50327,33599,45149,83926,95476,78748,1
42469,6500,28661,48969,71130,35161,0
63164,6307,57795,69471,120959,64102,1
50845,50246,33457,101091,84302,83703,1
99578,98988,73836,198566,173414,172824,1
85723,29381,51971,115104,137694,81352,0
87981,96472,57087,184453,145068,153559,1
41959,36078,14940,78037,56899,51018,1
1576,93725,37439,95301,39015,131164,0
81714,60241,14862,141955,96576,75103,0
8665,31468,13012,40133,21677,44480,0
89864,28019,64156,117883,154020,92175,1
34686,81031,88768,115717,123454,169799,1
22772,65895,87126,88667,109898,153021,1
37550,35333,42191,72883,79741,77524,1
43074,79243,65315,122317,108389,144558,1
50105,50317,5011,100422,55116,55328,1
43775,61877,78394,105652,122169,140271,1
33312,17940,64705,51252,98017,82645,0
63433,26937,2917,90370,66350,29854,0
69181,65638,12827,134819,82008,78465,1
271,78967,32704,79238,32975,111671,0
99599,54662,36697,154261,136296,91359,0
52037,850,9781,52887,61818,10631,0
39739,49271,12044,89010,51783,61315,1
95432,18933,46247,114365,141679,65180,0
49419,82472,69237,131891,118656,151709,1
58886,32782,79998,91668,138884,112780,1
73271,98957,45897,172228,119168,144854,1
88589,76630,34094,165219,122683,110724,1
15143,85401,96891,100544,112034,182292,1
57300,25165,70966,82465,128266,96131,1
53374,7639,49884,61013,103258,57523,1
3353,64272,75087,67625,78440,139359,0
65271,61074,63992,126345,129263,125066,1
12879,90547,87358,103426,100237,177905,1
7161,2421,29750,9582,36911,32171,0
48495,53201,5129,101696,53624,58330,1
89044,97173,34469,186217,123513,131642,1
81176,36614,80626,117790,161802,117240,1
28216,15107,43375,43323,71591,58482,0
53853,57135,31258,110988,85111,88393,1
42180,2424,61109,44604,103289,63533,0
62087,17931,33154,80018,95241,51085,0
52471,49545,7698,102016,60169,57243,1
86901,47219,51860,134120,138761,99079,1
27272,83859,73459,111131,100731,157318,1
52183,25294,755,77477,52938,26049,0
24205,98500,44759,122705,68964,143259,0
45578,69172,42710,114750,88288,111882,1
40904,40600,42617,81504,83521,83217,1
94290,94931,82340,189221,176630,177271,1
75954,17776,2785,93730,78739,20561,0
96441,43641,30866,140082,127307,74507,0
66997,78322,88973,145319,155970,167295,1
50815,60484,63117,111299,113932,123601,1
74383,1872,26469,76255,100852,28341,0
61219,1391,66984,62610,128203,68375,0
90495,25507,30543,116002,121038,56050,0
45891,30159,6791,76050,52682,36950,0
65826,62364,6674,128190,72500,69038,1
29411,76968,62722,106379,92133,139690,1
24793,4097,30669,28890,55462,34766,0
68239,89130,14628,157369,82867,103758,0
2253,91367,31338,93620,33591,122705,0
67979,99384,57626,167363,125605,157010,1
24193,11175,8937,35368,33130,20112,0
44883,39764,60866,84647,105749,100630,1
22234,28770,93372,51004,115606,122142,0
25232,52327,9157,77559,34389,61484,0
69404,12149,41050,81553,110454,53199,0
848,42536,52855,43384,53703,95391,0
84103,3101,99695,87204,183798,102796,0
85750,16373,92094,102123,177844,108467,1
62932,74218,50066,137150,112998,124284,1
92615,20942,95186,113557,187801,116128,1
48207,1954,41493,50161,89700,43447,0
69685,55675,26298,125360,95983,81973,1
88230,81739,87981,169969,176211,169720,1
72054,57176,66173,129230,138227,123349,1
88468,40939,57068,129407,145536,98007,1
34488,88504,28546,122992,63034,117050,0
69773,63215,46574,132988,116347,109789,1
60449,36897,36141,97346,96590,73038,1
48575,611,20130,49186,68705,20741,0
70540,61234,20985,131774,91525,82219,1
15661,67876,31317,83537,46978,99193,0
92852,55555,50401,148407,143253,105956,1
56565,13661,28686,70226,85251,42347,0
37947,80607,11938,118554,49885,92545,0
18820,80896,67935,99716,86755,148831,1
76855,80635,10397,157490,87252,91032,1
30745,64406,55790,95151,86535,120196,1
45809,90746,13461,136555,59270,104207,0
99859,72558,76661,172417,176520,149219,1
23364,96616,80400,119980,103764,177016,1
85357,39110,13123,124467,98480,52233,0
28,57050,64290,57078,64318,121340,0
76421,83502,10889,159923,87310,94391,1
2131,41509,20959,43640,23090,62468,0
89856,80196,54101,170052,143957,134297,1
70565,55477,37589,126042,108154,93066,1
43656,74837,5825,118493,49481,80662,0
63908,73403,99395,137311,163303,172798,1
82568,57216,43283,139784,125851,100499,1
32778,49880,30563,82658,63341,80443,1
57536,98253,63575,155789,121111,161828,1
34255,88023,84670,122278,118925,172693,1
76634,62051,28050,138685,104684,90101,1
83286,40644,18181,123930,101467,58825,0
73731,66351,96685,140082,170416,163036,1
41715,15124,70505,56839,112220,85629,0
21395,48329,66824,69724,88219,115153,1
68272,42538,32494,110810,100766,75032,1
37311,87113,71689,124424,109000,158802,1
28815,44601,19577,73416,48392,64178,1
40797,26999,82918,67796,123715,109917,0
12938,83405,88229,96343,101167,171634,1
43466,45032,89582,88498,133048,134614,0
9603,48328,98280,57931,107883,146608,0
93799,52136,84908,145935,178707,137044,1
94330,12418,62008,106748,156338,74426,0
75313,76704,86001,152017,161314,162705,1
69254,86593,84022,155847,153276,170615,1
66701,30972,17565,97673,84266,48537,0
31835,25103,28804,56938,60639,53907,1
6572,66077,32514,72649,39086,98591,0
89082,89458,57084,178540,146166,146542,1
94447,61868,24503,156315,118950,86371,0
24211,69032,57858,93243,82069,126890,1
75629,35242,8050,110871,83679,43292,0
59064,81083,51720,140147,110784,132803,1
31661,15352,54304,47013,85965,69656,0
19150,70851,38179,90001,57329,109030,0
78885,77689,90328,156574,169213,168017,1
81541,89764,6538,171305,88079,96302,0
47469,16063,56491,63532,103960,72554,1
46862,73125,52833,119987,99695,125958,1
26115,10178,39731,36293,65846,49909,0
1866,58882,33393,60748,35259,92275,0
13927,25438,82591,39365,96518,108029,0
79576,82106,5286,161682,84862,87392,1
35594,7737,59234,43331,94828,66971,0
97450,23104,429,120554,97879,23533,0
99533,2130,74205,101663,173738,76335,0
97857,64940,24825,162797,122682,89765,0
38496,25716,78267,64212,116763,103983,0
21287,41351,63452,62638,84739,104803,0
26833,88266,86399,115099,113232,174665,1
14687,23120,92900,37807,107587,116020,0
82794,37651,63264,120445,146058,100915,1
45278,83243,52736,128521,98014,135979,1
13381,22302,49238,35683,62619,71540,0
37764,29984,90236,67748,128000,120220,0
33156,18038,76034,51194,109190,94072,0
67291,73357,48792,140648,116083,122149,1
20615,19137,38246,39752,58861,57383,1
88116,10743,71664,98859,159780,82407,0
41769,21722,26752,63491,68521,48474,1
88435,20300,64223,108735,152658,84523,0
86086,70878,93974,156964,180060,164852,1
93600,32059,27869,125659,121469,59928,0
23863,15704,44673,39567,68536,60377,0
22977,93175,66021,116152,88998,159196,0
6917,10,68684,6927,75601,68694,0
21793,37586,81390,59379,103183,118976,0
5255,58309,83969,63564,89224,142278,0
863,28960,59137,29823,60000,88097,0
95409,99486,18821,194895,114230,118307,1
61624,33461,49201,95085,110825,82662,1
33651,41427,97622,75078,131273,139049,0
92680,21588,87412,114268,180092,109000,1
73760,11890,60471,85650,134231,72361,0
84661,76260,57286,160921,141947,133546,1
66676,82046,54243,148722,120919,136289,1
2041,75641,91597,77682,93638,167238,0
96251,31535,98803,127786,195054,130338,1
33123,32559,25048,65682,58171,57607,1
49756,60387,43662,110143,93418,104049,1
45929,48666,62297,94595,108226,110963,1
57765,20431,43630,78196,101395,64061,1
73371,77957,70493,151328,143864,148450,1
83342,62835,58045,146177,141387,120880,1
77310,72844,11104,150154,88414,83948,1
44980,30027,99563,75007,144543,129590,0
9783,33245,2498,43028,12281,35743,0
82237,13918,91616,96155,173853,105534,1
14738,78603,49902,93341,64640,128505,0
78730,72232,11635,150962,90365,83867,1
24621,34125,4002,58746,28623,38127,0
37880,20604,37096,58484,74976,57700,1
32066,29061,75465,61127,107531,104526,0
43251,45259,63769,88510,107020,109028,1
20761,90679,85116,111440,105877,175795,1
43453,38041,49194,81494,92647,87235,1
52740,13994,64925,66734,117665,78919,1
46310,6867,1364,53177,47674,8231,0
66950,95977,96095,162927,163045,192072,1
78469,34015,91628,112484,170097,125643,1
16443,83615,16091,100058,32534,99706,0
50812,56529,57923,107341,108735,114452,1
95753,11273,82880,107026,178633,94153,0
88859,69962,1476,158821,90335,71438,0
40761,11470,79445,52231,120206,90915,0
39450,18626,10944,58076,50394,29570,0
67248,42973,25704,110221,92952,68677,1
7598,3819,96602,11417,104200,100421,0
65082,3160,89322,68242,154404,92482,0
57326,30799,54495,88125,111821,85294,1
74015,66132,1385,140147,75400,67517,0
88721,74771,26821,163492,115542,101592,1
79552,71957,91933,151509,171485,163890,1
79866,77070,95144,156936,175010,172214,1
89823,55680,55299,145503,145122,110979,1
36152,96090,33897,132242,70049,129987,0
39216,71079,94268,110295,133484,165347,1
25730,3362,48613,29092,74343,51975,0
45958,98174,9156,144132,55114,107330,0
55852,11371,11251,67223,67103,22622,0
92426,6941,22822,99367,115248,29763,0
67932,21591,82498,89523,150430,104089,1
26939,76949,97802,103888,124741,174751,1
94448,89659,44116,184107,138564,133775,1
66894,51266,92539,118160,159433,143805,1
54585,64501,64477,119086,119062,128978,1
78748,97753,16947,176501,95695,114700,0
4328,78985,86257,83313,90585,165242,0
77664,96852,58321,174516,135985,155173,1
16771,73404,52902,90175,69673,126306,0
17706,20450,88565,38156,106271,109015,0
8535,90862,42299,99397,50834,133161,0
92565,13954,16504,106519,109069,30458,0
4277,13499,51115,17776,55392,64614,0
71532,46494,85555,118026,157087,132049,1
22425,57026,20140,79451,42565,77166,0
2669,64805,2169,67474,4838,66974,0
12564,15122,14656,27686,27220,29778,1
91331,49960,71579,141291,162910,121539,1
3337,56759,54345,60096,57682,111104,1
63776,66928,44612,130704,108388,111540,1
73910,50638,40749,124548,114659,91387,1
60894,5285,72826,66179,133720,78111,0
83613,9856,77340,93469,160953,87196,1
41193,70265,79945,111458,121138,150210,1
99432,51622,17343,151054,116775,68965,0
21080,64201,18720,85281,39800,82921,0
70295,4485,14995,74780,85290,19480,0
63847,65452,14475,129299,78322,79927,1
30251,42866,63729,73117,93980,106595,1
72298,56638,81039,128936,153337,137677,1
37255,63348,94857,100603,132112,158205,1
16239,42556,52186,58795,68425,94742,1
70038,61155,30605,131193,100643,91760,1
37804,28005,43276,65809,81080,71281,1
4499,35239,55428,39738,59927,90667,0
69539,27664,14880,97203,84419,42544,0
28214,65051,84824,93265,113038,149875,1
24444,85884,47654,110328,72098,133538,0
87009,6147,70801,93156,157810,76948,0
75563,32078,35761,107641,111324,67839,0
3659,73758,87785,77417,91444,161543,0
37907,72062,12652,109969,50559,84714,0
94370,70310,34240,164680,128610,104550,1
66036,41571,10748,107607,76784,52319,0
7534,15045,83914,22579,91448,98959,0
20448,36468,28073,56916,48521,64541,1
67011,96047,45959,163058,112970,142006,1
84362,77462,97441,161824,181803,174903,1
37225,15065,24490,52290,61715,39555,1
58764,97863,7798,156627,66562,105661,0
76643,81155,4146,157798,80789,85301,0
60163,85971,65192,146134,125355,151163,1
25472,41424,68129,66896,93601,109553,0
28819,75946,10876,104765,39695,86822,0
52299,43748,8078,96047,60377,51826,0
56404,74808,72655,131212,129059,147463,1
73672,26824,40097,100496,113769,66921,0
76666,67309,13500,143975,90166,80809,1
5858,53891,31433,59749,37291,85324,0
48136,43774,99972,91910,148108,143746,0
98376,42878,82573,141254,180949,125451,1
60584,46502,46607,107086,107191,93109,1
14203,57400,293,71603,14496,57693,0
81719,20236,25026,101955,106745,45262,0
54240,92097,64691,146337,118931,156788,1
59844,7380,73034,67224,132878,80414,0
5174,36123,2860,41297,8034,38983,0
89477,89472,4486,178949,93963,93958,1
79304,23549,97,102853,79401,23646,0
37080,96923,29669,134003,66749,126592,0
95913,6099,12081,102012,107994,18180,0
96729,53198,84183,149927,180912,137381,1
13906,15836,55301,29742,69207,71137,0
17110,1274,56986,18384,74096,58260,0
93080,2752,52580,95832,145660,55332,0
50594,61206,6988,111800,57582,68194,0
86271,20470,89178,106741,175449,109648,1
2665,30602,74872,33267,77537,105474,0
53426,83374,14415,136800,67841,97789,0
25662,88255,77233,113917,102895,165488,1
18777,13089,66179,31866,84956,79268,0
19125,59845,77066,78970,96191,136911,1
35980,81199,42560,117179,78540,123759,0
16477,61467,18906,77944,35383,80373,0
84568,24809,76860,109377,161428,101669,1
50978,14269,33173,65247,84151,47442,0
20337,49982,25962,70319,46299,75944,0
75346,8371,9529,83717,84875,17900,0
39887,53493,1598,93380,41485,55091,0
31670,11237,33133,42907,64803,44370,1
68581,86304,81746,154885,150327,168050,1
64781,29831,80143,94612,144924,109974,1
11257,24618,43707,35875,54964,68325,0
94583,77649,65518,172232,160101,143167,1
82888,96457,51288,179345,134176,147745,1
54733,65821,29579,120554,84312,95400,1
75118,65475,54828,140593,129946,120303,1
93127,47283,69636,140410,162763,116919,1
29063,60321,83725,89384,112788,144046,1
56501,33873,53966,90374,110467,87839,1
62263,88575,79059,150838,141322,167634,1
44766,7029,29279,51795,74045,36308,0
73189,47852,69529,121041,142718,117381,1
60357,52906,55622,113263,115979,108528,1
81771,25236,54661,107007,136432,79897,0
39806,40175,15783,79981,55589,55958,1
29084,50101,22058,79185,51142,72159,1
93656,66210,21259,159866,114915,87469,0
89824,36782,64553,126606,154377,101335,1
34302,14430,69857,48732,104159,84287,0
34064,98225,57336,132289,91400,155561,0
83714,48004,45153,131718,128867,93157,1
9696,62705,41450,72401,51146,104155,0
28311,66039,62391,94350,90702,128430,1
27573,53003,9900,80576,37473,62903,0
81506,8129,30598,89635,112104,38727,0
13491,53828,38024,67319,51515,91852,0
34955,62604,64414,97559,99369,127018,1
52866,89180,78403,142046,131269,167583,1
53282,3136,87493,56418,140775,90629,0
23576,10917,57504,34493,81080,68421,0
86018,67990,94659,154008,180677,162649,1
30971,53096,66715,84067,97686,119811,1
52916,14542,92789,67458,145705,107331,0
19608,18901,31621,38509,51229,50522,1
24237,31235,40054,55472,64291,71289,1
43841,75197,6963,119038,50804,82160,0
9159,778,68867,9937,78026,69645,0
4667,41199,81063,45866,85730,122262,0
67586,96130,14029,163716,81615,110159,0
21808,97312,2801,119120,24609,100113,0
87658,31341,47850,118999,135508,79191,0
70729,72769,23065,143498,93794,95834,1
97985,61521,92736,159506,190721,154257,1
13601,31817,54690,45418,68291,86507,0
22318,12111,48821,34429,71139,60932,0
44182,40136,70299,84318,114481,110435,1
8716,62896,39198,71612,47914,102094,0
59808,75033,73318,134841,133126,148351,1
20683,86102,85151,106785,105834,171253,1
4668,11233,9310,15901,13978,20543,1
24635,47160,62693,71795,87328,109853,1
99522,87985,56324,187507,155846,144309,1
77273,70239,46072,147512,123345,116311,1
23194,52696,18998,75890,42192,71694,0
27316,35365,79211,62681,106527,114576,0
92539,97997,28342,190536,120881,126339,1
52461,50572,73169,103033,125630,123741,1
31833,9481,71691,41314,103524,81172,0
80828,26413,51860,107241,132688,78273,0
47752,30096,58846,77848,106598,88942,1
57622,10391,64266,68013,121888,74657,1
77717,92259,86619,169976,164336,178878,1
47855,4235,29845,52090,77700,34080,0
23624,41040,88798,64664,112422,129838,0
39772,14825,75584,54597,115356,90409,0
58390,51785,22178,110175,80568,73963,1
63962,23780,3704,87742,67666,27484,0
76958,60236,91391,137194,168349,151627,1
9914,41610,4064,51524,13978,45674,0
2187,95697,95832,97884,98019,191529,1
24327,97011,86683,121338,111010,183694,1
76109,37813,11527,113922,87636,49340,0
21620,4265,34518,25885,56138,38783,0
77409,93564,85865,170973,163274,179429,1
30516,88139,31542,118655,62058,119681,0
48015,13870,67127,61885,115142,80997,0
81881,49541,32868,131422,114749,82409,1
3679,99569,70043,103248,73722,169612,0
23606,73036,98582,96642,122188,171618,0
16423,98917,20330,115340,36753,119247,0
79823,80942,72993,160765,152816,153935,1
22914,58984,40142,81898,63056,99126,1
68928,61071,13363,129999,82291,74434,1
74592,39837,5943,114429,80535,45780,0
50493,2847,59300,53340,109793,62147,0
26696,16522,26945,43218,53641,43467,1
63093,70744,25597,133837,88690,96341,1
59282,54574,73093,113856,132375,127667,1
29401,86397,72639,115798,102040,159036,1
95835,58644,38625,154479,134460,97269,1
61728,91788,36747,153516,98475,128535,1
52981,59873,87723,112854,140704,147596,1
67375,50571,55797,117946,123172,106368,1
85975,88308,21569,174283,107544,109877,1
25333,54525,7795,79858,33128,62320,0
24516,1749,77361,26265,101877,79110,0
81977,40991,50115,122968,132092,91106,1
22680,31340,92143,54020,114823,123483,0
70228,41317,1305,111545,71533,42622,0
51407,83547,58416,134954,109823,141963,1
55469,54066,72424,109535,127893,126490,1
51865,81673,66435,133538,118300,148108,1
60640,56812,11715,117452,72355,68527,1
30607,10782,6862,41389,37469,17644,0
26777,98719,37905,125496,64682,136624,0
38309,62978,97099,101287,135408,160077,1
43035,54918,85461,97953,128496,140379,1
1058,82915,7851,83973,8909,90766,0
7168,36608,32174,43776,39342,68782,1
23453,97317,11320,120770,34773,108637,0
3525,1687,82722,5212,86247,84409,0
40383,64554,43215,104937,83598,107769,1
64814,31774,64602,96588,129416,96376,1
89672,22052,52123,111724,141795,74175,0
82279,34506,88492,116785,170771,122998,1
5620,94947,69827,100567,75447,164774,0
38528,77840,77852,116368,116380,155692,1
5425,21797,50176,27222,55601,71973,0
78821,93741,80766,172562,159587,174507,1
77703,65836,92310,143539,170013,158146,1
70649,82964,21968,153613,92617,104932,1
60312,457,66237,60769,126549,66694,0
63430,80951,33906,144381,97336,114857,1
10020,76929,44083,86949,54103,121012,0
26964,13922,96112,40886,123076,110034,0
20644,50867,88434,71511,109078,139301,0
43812,71448,9848,115260,53660,81296,0
47331,32832,69376,80163,116707,102208,1
82418,49101,94709,131519,177127,143810,1
15916,52465,79685,68381,95601,132150,0
80608,39304,28126,119912,108734,67430,0
95738,4304,83329,100042,179067,87633,0
35299,34389,65943,69688,101242,100332,1
32626,1527,10584,34153,43210,12111,0
70119,67687,23855,137806,93974,91542,1
82414,64397,29992,146811,112406,94389,1
89639,19327,24475,108966,114114,43802,0
87785,2148,48403,89933,136188,50551,0
84769,81767,25142,166536,109911,106909,1
76581,39129,81749,115710,158330,120878,1
95991,33932,22471,129923,118462,56403,0
15897,63487,15900,79384,31797,79387,0
81289,23250,65949,104539,147238,89199,1
16349,30084,64780,46433,81129,94864,0
11018,44784,60416,55802,71434,105200,0
62277,18274,46142,80551,108419,64416,1
77917,21928,60787,99845,138704,82715,1
74306,66861,22159,141167,96465,89020,1
21997,93201,26334,115198,48331,119535,0
60638,42080,44499,102718,105137,86579,1
80916,38576,34708,119492,115624,73284,0
77724,6638,13158,84362,90882,19796,0
27268,47856,61402,75124,88670,109258,1
78559,4442,96019,83001,174578,100461,0
67721,50606,11026,118327,78747,61632,0
67545,56196,59842,123741,127387,116038,1
31910,65097,15679,97007,47589,80776,0
60311,60761,66751,121072,127062,127512,1
297,43829,90480,44126,90777,134309,0
26604,54313,49173,80917,75777,103486,1
48075,94948,53842,143023,101917,148790,1
75261,97845,2944,173106,78205,100789,0
38962,48646,72906,87608,111868,121552,1
31991,67999,58696,99990,90687,126695,1
36647,56181,22236,92828,58883,78417,1
10138,77076,55451,87214,65589,132527,0
40330,78620,31937,118950,72267,110557,0
541,60323,30349,60864,30890,90672,0
26221,9904,93932,36125,120153,103836,0
18838,2200,18015,21038,36853,20215,1
91120,12301,39866,103421,130986,52167,0
57366,87689,96556,145055,153922,184245,1
43824,56828,51364,100652,95188,108192,1
6314,43915,23215,50229,29529,67130,0
18976,62853,38436,81829,57412,101289,0
6311,46841,55473,53152,61784,102314,0
18324,72251,42314,90575,60638,114565,0
83239,13953,3547,97192,86786,17500,0
96662,85720,56831,182382,153493,142551,1
24603,90514,71336,115117,95939,161850,1
62521,67513,45854,130034,108375,113367,1
43580,88395,79340,131975,122920,167735,1
92438,90816,6620,183254,99058,97436,1
89004,90134,33374,179138,122378,123508,1
57326,75722,86930,133048,144256,162652,1
27834,41443,3770,69277,31604,45213,0
26958,63403,18388,90361,45346,81791,0
21487,11514,84762,33001,106249,96276,0
13637,23659,31945,37296,45582,55604,1
31863,77256,96547,109119,128410,173803,1
84626,79906,97071,164532,181697,176977,1
82214,39029,17689,121243,99903,56718,0
62018,2152,93724,64170,155742,95876,0
31549,84956,75431,116505,106980,160387,1
86541,17908,98045,104449,184586,115953,1
90472,42280,6522,132752,96994,48802,0
11954,43015,15736,54969,27690,58751,0
29077,96826,74697,125903,103774,171523,1
61451,77811,55538,139262,116989,133349,1
13119,33353,14845,46472,27964,48198,0
95475,55186,93982,150661,189457,149168,1
87492,69266,1314,156758,88806,70580,0
12358,23260,82674,35618,95032,105934,0
17407,52020,23507,69427,40914,75527,0
57172,84922,9208,142094,66380,94130,0
48764,60419,10261,109183,59025,70680,0
36999,58970,92304,95969,129303,151274,1
590,77224,23205,77814,23795,100429,0
89327,31522,38891,120849,128218,70413,0
33917,25388,54294,59305,88211,79682,1
70371,35297,59622,105668,129993,94919,1
15246,3264,44226,18510,59472,47490,0
60977,48017,74405,108994,135382,122422,1
44324,68981,49366,113305,93690,118347,1
99658,57990,6227,157648,105885,64217,0
44721,80959,3259,125680,47980,84218,0
18412,88159,1418,106571,19830,89577,0
77932,86248,31774,164180,109706,118022,1
41917,24851,59570,66768,101487,84421,1
69478,82556,57036,152034,126514,139592,1
20259,14696,13452,34955,33711,28148,1
69764,40932,82081,110696,151845,123013,1
2054,30326,98557,32380,100611,128883,0
7536,7227,78562,14763,86098,85789,0
29206,48432,27629,77638,56835,76061,1
15925,33472,1637,49397,17562,35109,0
92777,26155,66449,118932,159226,92604,0
24341,58514,17533,82855,41874,76047,0
19974,52555,43909,72529,63883,96464,1
72381,6815,1611,79196,73992,8426,0
74984,24322,42766,99306,117750,67088,0
42271,47233,74780,89504,117051,122013,1
84053,38989,72703,123042,156756,111692,1
51509,77751,62675,129260,114184,140426,1
37502,70596,9764,108098,47266,80360,0
84928,24723,74559,109651,159487,99282,1
15856,13131,50310,28987,66166,63441,0
29438,1396,72441,30834,101879,73837,0
30167,95528,82180,125695,112347,177708,1
79500,70842,43023,150342,122523,113865,1
88779,68187,58748,156966,147527,126935,1
71748,92755,63819,164503,135567,156574,1
47337,90047,43646,137384,90983,133693,1
95889,94986,22612,190875,118501,117598,1
39698,41649,94653,81347,134351,136302,0
76055,82955,61708,159010,137763,144663,1
1016,78099,22148,79115,23164,100247,0
39322,34932,60145,74254,99467,95077,1
23873,22920,49942,46793,73815,72862,0
30952,71713,96299,102665,127251,168012,1
55520,50294,78959,105814,134479,129253,1
13588,20341,90356,33929,103944,110697,0
39838,39593,84211,79431,124049,123804,0
84854,32423,55466,117277,140320,87889,1
29760,43828,40588,73588,70348,84416,1
70163,71229,24758,141392,94921,95987,1
50228,96065,93201,146293,143429,189266,1
7870,34378,51479,42248,59349,85857,0
4541,23595,437,28136,4978,24032,0
83021,59280,22620,142301,105641,81900,0
61004,71052,13517,132056,74521,84569,1
33658,53158,76360,86816,110018,129518,1
31518,78041,41128,109559,72646,119169,0
41656,73155,85345,114811,127001,158500,1
24493,92228,36808,116721,61301,129036,0
24294,1875,56148,26169,80442,58023,0
290,35642,96754,35932,97044,132396,0
69352,95635,27698,164987,97050,123333,1
35561,72182,38436,107743,73997,110618,1
1122,48111,5085,49233,6207,53196,0
62131,12699,31102,74830,93233,43801,0
52131,24227,63361,76358,115492,87588,1
97225,99566,42817,196791,140042,142383,1
9737,54791,90324,64528,100061,145115,0
77278,25816,37366,103094,114644,63182,0
12411,41240,85859,53651,98270,127099,0
95582,29368,39449,124950,135031,68817,0
860,50648,71679,51508,72539,122327,0
76172,23036,48701,99208,124873,71737,0
50810,23863,81999,74673,132809,105862,0
99784,45917,57534,145701,157318,103451,1
14087,89863,8810,103950,22897,98673,0
86717,70655,45752,157372,132469,116407,1
82684,58766,1055,141450,83739,59821,0
19500,23781,83523,43281,103023,107304,0
40739,75801,77323,116540,118062,153124,1
89568,87811,5494,177379,95062,93305,1
8479,58127,46029,66606,54508,104156,0
53870,32283,78561,86153,132431,110844,1
55778,44937,3776,100715,59554,48713,0
39390,96783,26615,136173,66005,123398,0
14542,65236,24176,79778,38718,89412,0
3172,64586,74966,67758,78138,139552,0
26627,52689,79741,79316,106368,132430,0
30255,26099,91626,56354,121881,117725,0
37565,51432,75419,88997,112984,126851,1
53342,69845,40759,123187,94101,110604,1
22332,20688,44049,43020,66381,64737,0
29214,86825,90957,116039,120171,177782,1
6430,45940,41073,52370,47503,87013,1
86443,81720,17502,168163,103945,99222,1
61027,53814,52709,114841,113736,106523,1
63515,44935,58546,108450,122061,103481,1
56044,98192,40240,154236,96284,138432,0
14633,31665,10881,46298,25514,42546,0
71240,3880,37374,75120,108614,41254,0
77149,60314,94843,137463,171992,155157,1
96666,85733,85616,182399,182282,171349,1
52389,73495,24696,125884,77085,98191,1
33640,10774,61294,44414,94934,72068,0
32385,55562,45662,87947,78047,101224,1
66209,18004,99031,84213,165240,117035,0
39921,41486,87981,81407,127902,129467,0
4909,50187,10277,55096,15186,60464,0
65238,70326,80817,135564,146055,151143,1
6890,73137,80805,80027,87695,153942,0
57869,52892,27227,110761,85096,80119,1
85033,86663,92849,171696,177882,179512,1
39639,92684,21268,132323,60907,113952,0
83060,68380,28283,151440,111343,96663,1
77682,63713,61129,141395,138811,124842,1
38732,22698,5841,61430,44573,28539,0
2816,2174,28015,4990,30831,30189,0
70389,86524,53434,156913,123823,139958,1
43913,8085,87759,51998,131672,95844,0
31762,91312,98817,123074,130579,190129,1
55245,5973,54710,61218,109955,60683,1
62298,6226,123,68524,62421,6349,0
78824,99644,29149,178468,107973,128793,1
90185,77720,31907,167905,122092,109627,1
34646,87858,5910,122504,40556,93768,0
99341,84537,39779,183878,139120,124316,1
18422,11575,76626,29997,95048,88201,0
14560,3292,39398,17852,53958,42690,0
70507,89087,36646,159594,107153,125733,1
20639,20913,77471,41552,98110,98384,0
69985,64315,29836,134300,99821,94151,1
98673,48769,16118,147442,114791,64887,0
7214,52225,25949,59439,33163,78174,0
18307,76448,89646,94755,107953,166094,1
47073,95760,41967,142833,89040,137727,0
51785,28335,69601,80120,121386,97936,1
66519,49965,5855,116484,72374,55820,0
5730,85469,8963,91199,14693,94432,0
29238,76214,41489,105452,70727,117703,0
52438,24707,12730,77145,65168,37437,0
11936,15548,8428,27484,20364,23976,1
2327,70817,21789,73144,24116,92606,0
27660,28456,92311,56116,119971,120767,0
98604,51754,76604,150358,175208,128358,1
26725,63534,55619,90259,82344,119153,1
14120,40329,37088,54449,51208,77417,1
65869,50424,44742,116293,110611,95166,1
52952,89085,38838,142037,91790,127923,1
73347,43646,54038,116993,127385,97684,1
18824,50219,77699,69043,96523,127918,0
58254,53163,92088,111417,150342,145251,1
80661,60115,57261,140776,137922,117376,1
96034,76551,43902,172585,139936,120453,1
29803,85545,94035,115348,123838,179580,1
66072,37150,59020,103222,125092,96170,1
16556,5228,66535,21784,83091,71763,0
63291,8559,23834,71850,87125,32393,0
82531,68849,10833,151380,93364,79682,0
26753,58930,13028,85683,39781,71958,0
36676,95777,80369,132453,117045,176146,1
10854,90437,3697,101291,14551,94134,0
48335,7167,1655,55502,49990,8822,0
17923,77194,18987,95117,36910,96181,0
53619,53568,81654,107187,135273,135222,1
43747,8178,68497,51925,112244,76675,0
54633,59732,13887,114365,68520,73619,1
25423,93198,55135,118621,80558,148333,0
67277,66388,52635,133665,119912,119023,1
73865,7415,61343,81280,135208,68758,0
8182,84748,98934,92930,107116,183682,0
29011,52587,44878,81598,73889,97465,1
90691,16448,13266,107139,103957,29714,0
57266,75124,22210,132390,79476,97334,1
76412,80201,48387,156613,124799,128588,1
1964,54418,88107,56382,90071,142525,0
81696,56605,37104,138301,118800,93709,1
925,898,59183,1823,60108,60081,0
14876,88485,37945,103361,52821,126430,0
72077,54791,52395,126868,124472,107186,1
92243,89098,51940,181341,144183,141038,1
82072,63993,27532,146065,109604,91525,1
43197,80461,48073,123658,91270,128534,1
39777,55712,9457,95489,49234,65169,0
70281,78894,30827,149175,101108,109721,1
77409,75911,7504,153320,84913,83415,1
33172,30319,83851,63491,117023,114170,0
95554,85823,97412,181377,192966,183235,1
4323,84605,99148,88928,103471,183753,0
45775,77289,70537,123064,116312,147826,1
53616,74656,73446,128272,127062,148102,1
40130,62741,44643,102871,84773,107384,1
4940,82300,98210,87240,103150,180510,0
16769,72829,17761,89598,34530,90590,0
21426,96863,69976,118289,91402,166839,0
37562,71453,30401,109015,67963,101854,0
73595,93653,32842,167248,106437,126495,1
94080,93499,16711,187579,110791,110210,1
55679,80964,40743,136643,96422,121707,1
38087,83704,21248,121791,59335,104952,0
49060,33308,44904,82368,93964,78212,1
92226,74131,24793,166357,117019,98924,1
37666,1496,25460,39162,63126,26956,0
92872,21164,47274,114036,140146,68438,0
18674,86862,72154,105536,90828,159016,1
43770,16163,82644,59933,126414,98807,0
77865,40487,69029,118352,146894,109516,1
82234,47035,19255,129269,101489,66290,0
32407,61006,51068,93413,83475,112074,1
64994,99855,45342,164849,110336,145197,1
71814,7179,29381,78993,101195,36560,0
18790,48461,6822,67251,25612,55283,0
31343,64036,32694,95379,64037,96730,1
91518,21714,25710,113232,117228,47424,0
13986,39276,95114,53262,109100,134390,0
71480,81882,274,153362,71754,82156,0
93392,29736,30994,123128,124386,60730,0
89160,56542,8655,145702,97815,65197,0
48389,64551,27118,112940,75507,91669,1
68628,22882,25476,91510,94104,48358,0
84987,13854,60139,98841,145126,73993,0
93862,82011,29973,175873,123835,111984,1
25194,86900,54090,112094,79284,140990,0
3301,69266,39877,72567,43178,109143,0
7953,14063,39798,22016,47751,53861,0
9173,4173,14483,13346,23656,18656,0
80587,19638,10969,100225,91556,30607,0
46809,3295,92540,50104,139349,95835,0
27392,48220,58714,75612,86106,106934,1
37014,71785,82677,108799,119691,154462,1
39001,41234,57552,80235,96553,98786,1
922,46912,76646,47834,77568,123558,0
53372,97172,41651,150544,95023,138823,0
99475,24197,78151,123672,177626,102348,1
28838,9027,17476,37865,46314,26503,0
93687,10178,44089,103865,137776,54267,0
32611,35766,41093,68377,73704,76859,1
29098,70435,74270,99533,103368,144705,1
53436,93219,35168,146655,88604,128387,0
48549,19608,75867,68157,124416,95475,0
89996,34949,48133,124945,138129,83082,0
94991,8842,79694,103833,174685,88536,0
18131,20025,41809,38156,59940,61834,0
99717,27274,12022,126991,111739,39296,0
69413,70253,94961,139666,164374,165214,1
36261,75292,27615,111553,63876,102907,0
31585,80567,60455,112152,92040,141022,1
76199,19504,53295,95703,129494,72799,0
73457,60889,66027,134346,139484,126916,1
16185,78823,54601,95008,70786,133424,0
16836,87556,87613,104392,104449,175169,1
729,64543,1206,65272,1935,65749,0
30325,94786,86942,125111,117267,181728,1
22044,38194,83760,60238,105804,121954,0
18475,50561,57296,69036,75771,107857,1
16786,37660,11581,54446,28367,49241,0
62374,89988,20811,152362,83185,110799,0
4688,10419,31267,15107,35955,41686,0
79045,46162,42917,125207,121962,89079,1
76111,39153,82383,115264,158494,121536,1
96083,48998,81774,145081,177857,130772,1
69236,9731,54248,78967,123484,63979,0
6198,64337,80072,70535,86270,144409,0
55833,49878,81999,105711,137832,131877,1
8317,94923,67993,103240,76310,162916,0
10996,48645,23422,59641,34418,72067,0
77083,88330,31335,165413,108418,119665,1
70049,66969,89568,137018,159617,156537,1
28777,26420,38491,55197,67268,64911,1
14598,46018,13685,60616,28283,59703,0
75487,63427,62451,138914,137938,125878,1
19506,19975,61320,39481,80826,81295,0
78469,89603,40263,168072,118732,129866,1
40635,31188,90285,71823,130920,121473,0
18988,88001,54340,106989,73328,142341,0
97885,15933,36022,113818,133907,51955,0
12217,59461,61255,71678,73472,120716,1
1743,33131,12495,34874,14238,45626,0
53917,50613,82848,104530,136765,133461,1
26994,91277,93030,118271,120024,184307,1
98185,25974,90484,124159,188669,116458,1
44196,83689,11003,127885,55199,94692,0
42557,88658,67361,131215,109918,156019,1
94050,85866,27479,179916,121529,113345,1
52505,41977,77595,94482,130100,119572,1
33785,69912,41986,103697,75771,111898,1
17132,31291,52074,48423,69206,83365,0
75335,30918,92366,106253,167701,123284,1
14284,22416,89880,36700,104164,112296,0
96858,93554,77204,190412,174062,170758,1
82635,55937,98991,138572,181626,154928,1
3247,93113,87825,96360,91072,180938,0
82098,87826,37101,169924,119199,124927,1
46218,64548,96851,110766,143069,161399,1
74928,84591,77188,159519,152116,161779,1
38081,57837,46634,95918,84715,104471,1
52874,74036,23434,126910,76308,97470,1
40247,17835,59176,58082,99423,77011,0
30298,76404,24134,106702,54432,100538,0
28128,32671,4901,60799,33029,37572,1
4050,18557,68136,22607,72186,86693,0
8711,68481,89175,77192,97886,157656,0
68754,77459,94239,146213,162993,171698,1
76849,34153,89143,111002,165992,123296,1
50691,87569,4208,138260,54899,91777,0
50695,81413,51232,132108,101927,132645,1
1914,92271,60210,94185,62124,152481,0
46745,74992,37870,121737,84615,112862,1
44319,58732,44038,103051,88357,102770,1
91747,3769,62268,95516,154015,66037,0
45582,8957,16703,54539,62285,25660,0
46416,53030,96645,99446,143061,149675,1
95085,82436,46123,177521,141208,128559,1
78006,62847,8371,140853,86377,71218,0
59710,27679,93681,87389,153391,121360,0
5796,58252,76230,64048,82026,134482,0
42691,79940,99623,122631,142314,179563,1
88290,74648,77289,162938,165579,151937,1
40317,73316,80035,113633,120352,153351,1
96204,40885,53941,137089,150145,94826,0
94873,10607,17384,105480,112257,27991,0
7411,30271,40727,37682,48138,70998,0
99633,32397,7586,132030,107219,39983,0
75386,77553,17497,152939,92883,95050,1
99278,47328,39907,146606,139185,87235,0
45453,77886,17616,123339,63069,95502,0
51071,93262,35395,144333,86466,128657,0
8409,5433,60409,13842,68818,65842,0
81834,54055,51849,135889,133683,105904,1
62468,39203,91095,101671,153563,130298,1
6012,28806,98058,34818,104070,126864,0
46090,66535,28342,112625,74432,94877,1
38980,32863,61514,71843,100494,94377,1
32225,86826,42241,119051,74466,129067,0
84991,76718,45328,161709,130319,122046,1
914,58558,26776,59472,27690,85334,0
84542,76122,98745,160664,183287,174867,1
93856,64703,55316,158559,149172,120019,1
89311,71377,35871,160688,125182,107248,1
70788,84064,43759,154852,114547,127823,1
33713,85036,97759,118749,131472,182795,1
80859,24134,93450,104993,174309,117584,1
2148,20342,66940,22490,69088,87282,0
64552,1868,40487,66420,105039,42355,0
68405,10815,44133,79220,112538,54948,0
822,90561,83317,91383,84139,173878,0
44548,90671,84432,135219,128980,175103,1
95338,3158,14057,98496,109395,17215,0
25971,92717,62695,118688,88666,155412,0
50847,83535,52426,134382,103273,135961,1
39723,76205,24612,115928,64335,100817,0
61371,96236,82011,157607,143382,178247,1
8243,15712,21625,23955,29868,37337,1
88081,4625,17114,92706,105195,21739,0
42604,23372,16261,65976,58865,39633,0
37940,46827,60238,84767,98178,107065,1
84570,46304,51428,130874,135998,97732,1
31220,23355,38464,54575,69684,61819,1
60203,35162,17276,95365,77479,52438,0
33680,39696,29012,73376,62692,68708,1
61022,17922,1397,78944,62419,19319,0
48022,62993,16196,111015,64218,79189,1
61243,73385,55604,134628,116847,128989,1
27400,31864,60991,59264,88391,92855,0
92313,65779,20761,158092,113074,86540,0
46607,28684,98125,75291,144732,126809,0
56026,30295,10759,86321,66785,41054,0
21878,13561,57023,35439,78901,70584,0
74962,39168,6782,114130,81744,45950,0
89110,84669,30875,173779,119985,115544,1
50269,56345,38565,106614,88834,94910,1
32390,68820,36809,101210,69199,105629,1
66867,42801,12733,109668,79600,55534,0
46845,54072,42238,100917,89083,96310,1
34714,43237,10660,77951,45374,53897,1
85698,42029,33223,127727,118921,75252,0
32616,26224,37209,58840,69825,63433,1
13210,36001,1944,49211,15154,37945,0
38719,46286,58328,85005,97047,104614,1
11893,61388,83342,73281,95235,144730,0
3977,64608,47221,68585,51198,111829,0
73876,67451,95206,141327,169082,162657,1
2506,69832,74284,72338,76790,144116,0
34404,52587,85654,86991,120058,138241,1
30167,45098,125,75265,30292,45223,0
82291,57886,92551,140177,174842,150437,1
18939,49787,99250,68726,118189,149037,0
98568,48618,37419,147186,135987,86037,0
29069,42664,57592,71733,86661,100256,1
99322,87888,3187,187210,102509,91075,0
94109,18056,99800,112165,193909,117856,1
91751,72204,60911,163955,152662,133115,1
7938,41426,79698,49364,87636,121124,0
82673,22707,42408,105380,125081,65115,0
92653,86822,74342,179475,166995,161164,1
4706,75130,29232,79836,33938,104362,0
3000,24143,99468,27143,102468,123611,0
46922,61540,74217,108462,121139,135757,1
48483,44623,89057,93106,137540,133680,1
52130,80393,91853,132523,143983,172246,1
95842,35460,82095,131302,177937,117555,1
52941,15227,36873,68168,89814,52100,0
10027,62804,8644,72831,18671,71448,0
662,27360,55478,28022,56140,82838,0
28676,91829,77686,120505,106362,169515,1
27561,18398,83450,45959,111011,101848,0
11490,58656,69783,70146,81273,128439,1
17199,14923,22448,32122,39647,37371,1
83043,65934,86309,148977,169352,152243,1
65502,95198,17682,160700,83184,112880,0
71134,21693,85088,92827,156222,106781,1
44151,17912,14349,62063,58500,32261,0
41454,19212,57679,60666,99133,76891,1
87187,48966,61772,136153,148959,110738,1
56360,71836,6896,128196,63256,78732,0
83129,92228,44742,175357,127871,136970,1
53201,76591,40820,129792,94021,117411,1
80404,25376,62578,105780,142982,87954,1
6286,33656,45885,39942,52171,79541,0
43201,1648,40462,44849,83663,42110,0
9830,90427,43831,100257,53661,134258,0
22673,16977,29650,39650,52323,46627,1
68622,74452,20793,143074,89415,95245,1
71480,8001,39500,79481,110980,47501,0
87315,60103,24429,147418,111744,84532,0
50716,81665,1995,132381,52711,83660,0
41106,64425,67342,105531,108448,131767,1
62148,36177,75715,98325,137863,111892,1
25447,3411,2379,28858,27826,5790,0
26551,49763,34532,76314,61083,84295,1
87401,96138,76674,183539,164075,172812,1
15095,5514,39870,20609,54965,45384,0
15218,79508,69506,94726,84724,149014,1
84131,12660,35216,96791,119347,47876,0
44602,51627,34412,96229,79014,86039,1
86863,85465,8653,172328,95516,94118,1
16630,66694,32468,83324,49098,99162,0
33145,19624,8599,52769,41744,28223,0
97354,92577,93363,189931,190717,185940,1
56002,93629,98712,149631,154714,192341,1
10883,37154,38333,48037,49216,75487,1
64420,41811,26235,106231,90655,68046,1
41282,44731,88983,86013,130265,133714,0
53845,6311,55467,60156,109312,61778,1
88817,64489,56436,153306,145253,120925,1
49498,82647,40021,132145,89519,122668,1
97195,5114,26583,102309,123778,31697,0
95766,26866,93787,122632,189553,120653,1
23277,52139,18257,75416,41534,70396,0
82922,58846,40385,141768,123307,99231,1
77527,57333,97402,134860,174929,154735,1
44032,67069,74015,111101,118047,141084,1
62458,82463,29018,144921,91476,111481,1
6484,8965,95344,15449,101828,104309,0
94185,23823,65514,118008,159699,89337,0
35019,5906,64776,40925,99795,70682,0
45575,22805,66700,68380,112275,89505,1
53362,40650,81972,94012,135334,122622,1
42745,35692,48728,78437,91473,84420,1
7008,27591,13768,34599,20776,41359,0
12861,85740,67815,98601,80676,153555,0
45936,95472,65207,141408,111143,160679,1
93678,91920,40412,185598,134090,132332,1
46633,84939,92246,131572,138879,177185,1
33814,15299,94306,49113,128120,109605,0
4486,90468,27966,94954,32452,118434,0
42139,68802,24308,110941,66447,93110,0
89556,71266,9824,160822,99380,81090,0
21259,32325,11725,53584,32984,44050,1
15069,84639,4930,99708,19999,89569,0
75278,75246,71855,150524,147133,147101,1
79573,38925,73711,118498,153284,112636,1
31582,42237,66236,73819,97818,108473,1
91914,30756,22007,122670,113921,52763,0
71090,15842,67653,86932,138743,83495,1
6082,41555,92836,47637,98918,134391,0
76468,25224,82128,101692,158596,107352,1
30033,91491,96534,121524,126567,188025,1
20675,59355,74336,80030,95011,133691,1
21129,78335,65532,99464,86661,143867,1
19252,71221,56710,90473,75962,127931,1
73810,59060,42797,132870,116607,101857,1
24383,77963,93688,102346,118071,171651,1
7199,31631,23390,38830,30589,55021,0
81878,93314,45960,175192,127838,139274,1
87952,71915,67289,159867,155241,139204,1
53312,75960,58358,129272,111670,134318,1
92451,7035,4370,99486,96821,11405,0
76105,16173,49214,92278,125319,65387,0
69203,78577,56805,147780,126008,135382,1
8825,24716,74539,33541,83364,99255,0
12654,1605,40753,14259,53407,42358,0
67791,41811,31316,109602,99107,73127,1
84067,19337,72155,103404,156222,91492,1
90285,88583,21757,178868,112042,110340,1
51756,16456,25562,68212,77318,42018,0
56256,17654,1885,73910,58141,19539,0
77410,24235,23353,101645,100763,47588,0
87129,8046,76967,95175,164096,85013,0
12171,32537,44546,44708,56717,77083,1
86127,606,64176,86733,150303,64782,0
13927,19152,66303,33079,80230,85455,0
25212,10612,83910,35824,109122,94522,0
90025,88487,521,178512,90546,89008,0
72165,76880,39208,149045,111373,116088,1
92398,84505,3733,176903,96131,88238,0
99949,32133,99475,132082,199424,131608,1
80558,85990,99539,166548,180097,185529,1
48661,26679,60045,75340,108706,86724,1
47285,62635,40746,109920,88031,103381,1
27142,30788,26604,57930,53746,57392,1
90454,31629,17582,122083,108036,49211,0
77535,96744,13457,174279,90992,110201,0
73857,9204,55197,83061,129054,64401,0
41655,74240,69910,115895,111565,144150,1
46589,45008,4694,91597,51283,49702,1
51805,94683,9277,146488,61082,103960,0
11343,84332,56676,95675,68019,141008,0
33059,68249,18381,101308,51440,86630,0
96127,93356,47956,189483,144083,141312,1
12180,4888,67123,17068,79303,72011,0
96559,29582,9731,126141,106290,39313,0
75266,88483,70156,163749,145422,158639,1
39351,78791,53891,118142,93242,132682,1
87458,15820,66503,103278,153961,82323,0
68793,38821,49615,107614,118408,88436,1
47074,80484,79284,127558,126358,159768,1
67595,8986,96898,76581,164493,105884,0
77922,83372,4111,161294,82033,87483,0
44506,28400,45485,72906,89991,73885,1
73474,41147,86479,114621,159953,127626,1
18811,93153,20659,111964,39470,113812,0
22043,63488,47510,85531,69553,110998,1
84638,35920,53957,120558,138595,89877,1
62478,57997,42723,120475,105201,100720,1
34363,1068,26162,35431,60525,27230,0
46999,71409,84221,118408,131220,155630,1
92093,52630,22894,144723,114987,75524,0
86574,63401,21718,149975,108292,85119,0
50560,69575,62238,120135,112798,131813,1
26846,40946,99444,67792,126290,140390,0
80080,93460,32879,173540,112959,126339,1
986,94418,56179,95404,57165,150597,0
34559,71269,1607,105828,36166,72876,0
76316,1258,22143,77574,98459,23401,0
16400,17770,92524,34170,108924,110294,0
6294,84631,7444,90925,13738,92075,0
23827,82754,4006,106581,27833,86760,0
88026,11427,50941,99453,138967,62368,0
18345,60683,13176,79028,31521,73859,0
86752,60179,17629,146931,104381,77808,0
6056,27904,64758,33960,70814,92662,0
7352,58560,22703,65912,30055,81263,0
2769,60567,28201,63336,30970,88768,0
8682,41582,8343,50264,17025,49925,0
40210,84916,92041,125126,132251,176957,1
37679,11989,13731,49668,51410,25720,0
350,63676,92126,64026,92476,155802,0
98445,39897,18554,138342,116999,58451,0
12985,60605,38568,73590,51553,99173,0
15601,98427,73009,114028,88610,171436,0
82766,53300,32267,136066,115033,85567,1
88896,81461,44538,170357,133434,125999,1
79464,89864,19658,169328,99122,109522,1
66305,74364,20867,140669,87172,95231,1
79998,78172,5282,158170,85280,83454,1
44347,79658,83441,124005,127788,163099,1
37083,1827,39680,38910,76763,41507,0
96478,64002,26194,160480,122672,90196,0
78334,68554,67493,146888,145827,136047,1
79886,94800,39887,174686,119773,134687,1
7451,31677,27448,39128,34899,59125,1
53842,43543,25969,97385,79811,69512,1
73602,7868,45240,81470,118842,53108,0
36073,68914,71070,104987,107143,139984,1
90750,91598,87211,182348,177961,178809,1
61757,35196,91618,96953,153375,126814,1
34764,52643,9196,87407,43960,61839,0
95594,22031,74293,117625,169887,96324,1
54251,71963,24557,126214,78808,96520,1
29019,69213,3493,98232,32512,72706,0
51021,36574,96698,87595,147719,133272,0
14960,25566,20819,40526,35779,46385,1
60769,13112,83583,73881,144352,96695,0
49718,76820,20076,126538,69794,96896,0
2892,27238,55141,30130,58033,82379,0
62583,92698,75095,155281,137678,167793,1
84515,89746,67757,174261,152272,157503,1
9238,95050,28030,104288,37268,123080,0
13221,48306,44047,61527,57268,92353,1
30032,87530,13836,117562,43868,101366,0
68958,98465,42218,167423,111176,140683,1
90416,4883,90190,95299,180606,95073,1
97785,22198,19509,119983,117294,41707,0
64245,93176,53155,157421,117400,146331,1
92967,94948,14196,187915,107163,109144,1
21375,71697,4007,93072,25382,75704,0
58973,16572,40375,75545,99348,56947,0
22177,96984,3282,119161,25459,100266,0
25350,17566,65098,42916,90448,82664,0
56636,83953,59837,140589,116473,143790,1
87422,66352,7779,153774,95201,74131,0
58431,27642,97641,86073,156072,125283,0
3328,4088,4477,7416,7805,8565,1
44731,97420,25418,142151,70149,122838,0
8636,6225,78744,14861,87380,84969,0
48969,16669,3051,65638,52020,19720,0
96480,60792,11,157272,96491,60803,0
62921,22512,2208,85433,65129,24720,0
89672,54653,71565,144325,161237,126218,1
41007,79131,10582,120138,51589,89713,0
10758,16138,72830,26896,83588,88968,0
40269,32196,1098,72465,41367,33294,0
23271,31357,99411,54628,122682,130768,0
39692,6869,43426,46561,83118,50295,1
75181,89184,24670,164365,99851,113854,1
79260,87740,87225,167000,166485,174965,1
25273,3840,65707,29113,90980,69547,0
6417,46891,40343,53308,46760,87234,0
51299,62395,25438,113694,76737,87833,1
9432,4785,82921,14217,92353,87706,0
28735,44800,68743,73535,97478,113543,1
31288,9621,32961,40909,64249,42582,1
42854,72639,72138,115493,114992,144777,1
8681,43323,61734,52004,70415,105057,0
68309,56518,26677,124827,94986,83195,1
48802,42471,4552,91273,53354,47023,0
25582,70580,89620,96162,115202,160200,1
16215,83135,29939,99350,46154,113074,0
46161,20741,80806,66902,126967,101547,0
42731,95873,77203,138604,119934,173076,1
46726,11864,49528,58590,96254,61392,1
24101,92212,17365,116313,41466,109577,0
66690,89146,47057,155836,113747,136203,1
79344,12379,22872,91723,102216,35251,0
67392,93877,21664,161269,89056,115541,0
54964,54222,42683,109186,97647,96905,1
27560,87326,3277,114886,30837,90603,0
89923,19956,480,109879,90403,20436,0
94668,13325,6401,107993,101069,19726,0
47021,12648,92482,59669,139503,105130,0
45508,35448,78882,80956,124390,114330,1
98745,20867,2817,119612,101562,23684,0
19564,59924,9474,79488,29038,69398,0
44047,21947,23776,65994,67823,45723,1
7849,26505,37774,34354,45623,64279,0
96649,37567,21656,134216,118305,59223,0
76979,52568,5905,129547,82884,58473,0
45581,67329,36877,112910,82458,104206,1
83108,39272,61819,122380,144927,101091,1
19517,15804,38230,35321,57747,54034,0
83912,7406,71325,91318,155237,78731,0
38088,73838,1856,111926,39944,75694,0
29281,98422,20093,127703,49374,118515,0
47090,34745,9570,81835,56660,44315,0
80658,94079,56981,174737,137639,151060,1
95358,32353,70605,127711,165963,102958,1
38772,1105,57593,39877,96365,58698,0
93123,71616,9361,164739,102484,80977,0
49980,81422,37722,131402,87702,119144,1
42032,88141,95632,130173,137664,183773,1
34127,49853,68461,83980,102588,118314,1
82922,13101,11943,96023,94865,25044,0
2002,84986,24468,86988,26470,109454,0
97463,14151,93181,111614,190644,107332,1
49900,63820,28655,113720,78555,92475,1
67712,3273,24118,70985,91830,27391,0
38100,34272,30406,72372,68506,64678,1
8972,67679,69916,76651,78888,137595,1
8071,15051,88165,23122,96236,103216,0
75958,88574,49603,164532,125561,138177,1
81856,87416,23202,169272,105058,110618,1
99527,48548,30722,148075,130249,79270,0
51124,12707,62332,63831,113456,75039,1
54642,93443,36903,148085,91545,130346,0
1544,89408,93086,90952,94630,182494,0
72841,9785,95957,82626,168798,105742,0
34257,20522,68878,54779,103135,89400,0
50011,49843,1586,99854,51597,51429,1
89010,80804,86456,169814,175466,167260,1
77311,14167,44423,91478,121734,58590,0
30673,20791,51968,51464,82641,72759,0
4652,84975,87485,89627,92137,172460,1
99021,4518,50732,103539,149753,55250,0
82299,93304,35281,175603,117580,128585,1
88169,46953,13581,135122,101750,60534,0
8884,77225,44639,86109,53523,121864,0
81832,98471,22567,180303,104399,121038,1
34770,32024,7547,66794,42317,39571,1
38512,29121,80322,67633,118834,109443,0
33014,15657,34527,48671,67541,50184,1
27948,14548,32728,42496,60676,47276,1
77496,58867,85774,136363,163270,144641,1
94982,80326,49384,175308,144366,129710,1
4930,50855,96708,55785,101638,147563,0
14608,57721,86625,72329,101233,144346,0
5455,58400,47609,63855,53064,106009,0
19544,25727,9475,45271,29019,35202,1
51261,93368,50099,144629,101360,143467,1
792,10466,55453,11258,56245,65919,0
84887,13104,39342,97991,124229,52446,0
53997,84264,69262,138261,123259,153526,1
5191,87573,67031,92764,72222,154604,0
46609,19896,47589,66505,94198,67485,1
232,21458,6356,21690,6588,27814,0
8479,97097,65292,105576,73771,162389,0
56843,81184,30336,138027,87179,111520,1
10707,68612,66141,79319,76848,134753,1
33789,76656,53463,110445,87252,130119,1
64333,40943,48389,105276,112722,89332,1
78911,23084,70264,101995,149175,93348,1
80250,28673,89584,108923,169834,118257,1
35423,79037,59173,114460,94596,138210,1
8001,75913,37016,83914,45017,112929,0
94318,9614,35308,103932,129626,44922,0
65672,56212,21826,121884,87498,78038,1
59379,40031,56191,99410,115570,96222,1
4093,33359,89382,37452,93475,122741,0
36763,96848,66003,133611,102766,162851,1
76725,63230,80577,139955,157302,143807,1
17833,23253,32553,41086,50386,55806,1
13571,95364,73998,108935,87569,169362,0
82361,68801,77811,151162,160172,146612,1
33276,53889,63162,87165,96438,117051,1
42198,70649,609,112847,42807,71258,0
55606,69018,75498,124624,131104,144516,1
79149,58753,57302,137902,136451,116055,1
34111,64472,70836,98583,104947,135308,1
20664,75156,16435,95820,37099,91591,0
93758,49889,73293,143647,167051,123182,1
22328,32467,36627,54795,58955,69094,1
76114,8896,42568,85010,118682,51464,0
25975,7614,56633,33589,82608,64247,0
77006,87199,57327,164205,134333,144526,1
95574,22326,94480,117900,190054,116806,1
64832,48642,18979,113474,83811,67621,1
8848,55173,23898,64021,32746,79071,0
13753,52863,26628,66616,40381,79491,0
17472,49596,76466,67068,93938,126062,0
25918,22750,19222,48668,45140,41972,1
33358,5737,61224,39095,94582,66961,0
58554,51973,67878,110527,126432,119851,1
79214,80951,65349,160165,144563,146300,1
9618,51490,25640,61108,35258,77130,0
11736,45963,10405,57699,22141,56368,0
95040,30259,77910,125299,172950,108169,1
88284,14488,45524,102772,133808,60012,0
88945,48866,96667,137811,185612,145533,1
79149,91972,62401,171121,141550,154373,1
87088,99469,96828,186557,183916,196297,1
56765,98565,50444,155330,107209,149009,1
5286,24424,52514,29710,57800,76938,0
32887,97897,6783,130784,39670,104680,0
30958,6106,70427,37064,101385,76533,0
79267,66672,11649,145939,90916,78321,0
53649,12533,24069,66182,77718,36602,0
64197,52970,22278,117167,86475,75248,1
80958,7472,58127,88430,139085,65599,0
45173,56285,90676,101458,135849,146961,1
55618,77098,72772,132716,128390,149870,1
85703,23974,48228,109677,133931,72202,0
61392,68093,40479,129485,101871,108572,1
67746,66273,60212,134019,127958,126485,1
44450,25379,90842,69829,135292,116221,0
81110,32303,7835,113413,88945,40138,0
12097,78803,51308,90900,63405,130111,0
81539,9953,41888,91492,123427,51841,0
76589,41890,26185,118479,102774,68075,0
83664,89297,62261,172961,145925,151558,1
37456,42296,42384,79752,79840,84680,1
36589,64583,59535,101172,96124,124118,1
64215,43108,28042,107323,92257,71150,1
59723,96156,46235,155879,105958,142391,1
53584,39396,98090,92980,151674,137486,0
7256,71711,69489,78967,76745,141200,1
41810,14156,3054,55966,44864,17210,0
87388,70285,38518,157673,125906,108803,1
94518,3605,29235,98123,123753,32840,0
40905,76600,64203,117505,105108,140803,1
76483,1747,54909,78230,131392,56656,0
95648,30846,20892,126494,116540,51738,0
55222,77517,5599,132739,60821,83116,0
72863,60765,87231,133628,160094,147996,1
40628,84832,39400,125460,80028,124232,0
98576,88503,81703,187079,180279,170206,1
13280,38330,9034,51610,22314,47364,0
56355,65725,63902,122080,120257,129627,1
77294,35902,68826,113196,146120,104728,1
53957,42675,37389,96632,91346,80064,1
6883,75988,45908,82871,52791,121896,0
99746,49595,6092,149341,105838,55687,0
64092,35402,47214,99494,111306,82616,1
2723,94504,61399,97227,64122,155903,0
50029,1807,48992,51836,99021,50799,1
43565,71154,25153,114719,68718,96307,0
55845,66498,91187,122343,147032,157685,1
55467,55666,55407,111133,110874,111073,1
56154,9939,38061,66093,94215,48000,0
29873,46387,56890,76260,86763,103277,1
43625,1406,95505,45031,139130,96911,0
12984,88304,13202,101288,26186,101506,0
18898,69417,75076,88315,93974,144493,1
84906,18069,80981,102975,165887,99050,1
11348,18514,60771,29862,72119,79285,0
91547,30997,70554,122544,162101,101551,1
57697,79162,55761,136859,113458,134923,1
12475,54620,7622,67095,20097,62242,0
41669,2453,26482,44122,68151,28935,0
32043,67644,18876,99687,50919,86520,0
60365,28784,32476,89149,92841,61260,1
16921,22547,98629,39468,115550,121176,0
5243,10095,48807,15338,54050,58902,0
77240,85732,97432,162972,174672,183164,1
59822,70006,74961,129828,134783,144967,1
13231,6425,43420,19656,56651,49845,0
9593,75792,73633,85385,83226,149425,1
63134,36383,27234,99517,90368,63617,1
75236,52892,17392,128128,92628,70284,0
62993,60180,9083,123173,72076,69263,1
30786,57053,75353,87839,106139,132406,1
23151,15148,29054,38299,52205,44202,1
38548,84878,77509,123426,116057,162387,1
69406,20835,69479,90241,138885,90314,1
72446,7464,44553,79910,116999,52017,0
97658,53440,36000,151098,133658,89440,0
23319,22373,61277,45692,84596,83650,0
41758,51394,21526,93152,63284,72920,1
27741,28834,30816,56575,58557,59650,1
30629,93013,5342,123642,35971,98355,0
69688,42148,69320,111836,139008,111468,1
26715,59235,55056,85950,81771,114291,1
55289,35970,14511,91259,69800,50481,0
73823,40318,88918,114141,162741,129236,1
26173,13389,74163,39562,100336,87552,0
18675,33153,90156,51828,108831,123309,0
16218,36864,95418,53082,111636,132282,0
32036,20948,8286,52984,40322,29234,0
32433,91356,85251,123789,117684,176607,1
48692,23598,57503,72290,106195,81101,1
32736,11326,7944,44062,40680,19270,0
88348,17504,84847,105852,173195,102351,1
27042,3100,3244,30142,30286,6344,0
13455,44022,4200,57477,17655,48222,0
17809,7464,40328,25273,58137,47792,0
70417,7448,14885,77865,85302,22333,0
37502,12871,18166,50373,55668,31037,0
50423,39833,67504,90256,117927,107337,1
6808,66083,9651,72891,16459,75734,0
92187,66224,79883,158411,172070,146107,1
7712,64815,84939,72527,92651,149754,0
94954,23973,83181,118927,178135,107154,1
6722,69942,50562,76664,57284,120504,0
94835,58883,43023,153718,137858,101906,1
37052,99939,54309,136991,91361,154248,0
50302,34535,64528,84837,114830,99063,1
31314,5658,94087,36972,125401,99745,0
16123,82182,30831,98305,46954,113013,0
3695,94361,38535,98056,42230,132896,0
25737,63150,38514,88887,64251,101664,1
85358,56956,47045,142314,132403,104001,1
29649,88722,82177,118371,111826,170899,1
326,99913,90440,100239,90766,190353,0
95900,82543,14873,178443,110773,97416,1
18150,78014,96624,96164,114774,174638,0
53203,41130,55926,94333,109129,97056,1
90606,69037,1743,159643,92349,70780,0
614,33957,87544,34571,88158,121501,0
9443,51432,46179,60875,55622,97611,1
53527,26319,51142,79846,104669,77461,1
83644,41418,82154,125062,165798,123572,1
70223,61440,12897,131663,83120,74337,1
3516,10427,77842,13943,81358,88269,0
98396,18605,49508,117001,147904,68113,0
64943,68807,19798,133750,84741,88605,1
44277,83756,53500,128033,97777,137256,1
91219,75216,98503,166435,189722,173719,1
48766,10290,21643,59056,70409,31933,0
91877,68322,94620,160199,186497,162942,1
45246,51233,44418,96479,89664,95651,1
60505,86298,54106,146803,114611,140404,1
57974,36957,88986,94931,146960,125943,1
79286,752,78505,80038,157791,79257,0
73955,62738,93621,136693,167576,156359,1
58731,60112,11849,118843,70580,71961,1
85875,61268,36959,147143,122834,98227,1
34057,85563,44184,119620,78241,129747,0
21890,64252,61171,86142,83061,125423,1
71866,1310,29650,73176,101516,30960,0
57172,76794,30724,133966,87896,107518,1
19081,22888,85578,41969,104659,108466,0
62882,50031,56736,112913,119618,106767,1
26477,4889,42390,31366,68867,47279,0
91142,16075,8645,107217,99787,24720,0
2258,19058,21402,21316,23660,40460,0
26206,86754,7399,112960,33605,94153,0
54077,72260,3744,126337,57821,76004,0
97906,44239,5361,142145,103267,49600,0
76168,43944,4461,120112,80629,48405,0
42864,96692,63353,139556,106217,160045,1
37711,67495,82,105206,37793,67577,0
42333,46538,93059,88871,135392,139597,0
79611,83718,77333,163329,156944,161051,1
11779,89773,22453,101552,34232,112226,0
93459,43974,72236,137433,165695,116210,1
13702,19430,59616,33132,73318,79046,0
391,29084,80774,29475,81165,109858,0
62622,39109,89136,101731,151758,128245,1
7990,41136,32499,49126,40489,73635,0
36970,12427,76878,49397,113848,89305,0
37062,61732,1968,98794,39030,63700,0
17806,91987,34176,109793,51982,126163,0
712,42025,20994,42737,21706,63019,0
38742,65929,50102,104671,88844,116031,1
61623,80058,21877,141681,83500,101935,1
28552,76082,40228,104634,68780,116310,0
31535,85457,68524,116992,100059,153981,1
48025,59808,3908,107833,51933,63716,0
19088,18666,60043,37754,79131,78709,0
43286,66905,36478,110191,79764,103383,1
94904,53788,58554,148692,153458,112342,1
70468,49683,57020,120151,127488,106703,1
11286,38816,91918,50102,103204,130734,0
31575,47765,88233,79340,119808,135998,0
25789,65231,73135,91020,98924,138366,1
83964,1434,71232,85398,155196,72666,0
64739,79262,86598,144001,151337,165860,1
76741,87053,94329,163794,171070,181382,1
24272,81964,71491,106236,95763,153455,1
66214,17137,48146,83351,114360,65283,0
22165,85414,8475,107579,30640,93889,0
12678,66226,76062,78904,88740,142288,1
80034,77916,23036,157950,103070,100952,1
48672,981,39820,49653,88492,40801,0
57738,20362,53033,78100,110771,73395,1
74597,99789,30284,174386,104881,130073,1
63527,63005,5278,126532,68805,68283,1
62330,70437,71683,132767,134013,142120,1
92316,23698,84480,116014,176796,108178,1
5968,52639,15789,58607,21757,68428,0
80590,35369,82657,115959,163247,118026,1
41881,754,17804,42635,59685,18558,0
93066,99928,44484,192994,137550,144412,1
68218,1069,61855,69287,130073,62924,0
32978,84887,80755,117865,113733,165642,1
87500,47869,29484,135369,116984,77353,0
41974,67001,74630,108975,116604,141631,1
66450,42212,93565,108662,160015,135777,1
89631,26747,40695,116378,130326,67442,0
75031,82643,33653,157674,108684,116296,1
25416,75125,14777,100541,40193,89902,0
58064,80739,84168,138803,142232,164907,1
94567,2884,7595,97451,102162,10479,0
58442,36166,20923,94608,79365,57089,0
19732,28946,82464,48678,102196,111410,0
97295,67511,65969,164806,163264,133480,1
81754,47136,10073,128890,91827,57209,0
75987,2723,29962,78710,105949,32685,0
9145,17496,95180,26641,104325,112676,0
95243,59913,51025,155156,146268,110938,1
74950,17086,66603,92036,141553,83689,1
15636,25955,3917,41591,19553,29872,0
33351,1351,5725,34702,39076,7076,0
71125,78701,31888,149826,103013,110589,1
39622,18653,64282,58275,103904,82935,0
71107,83127,47881,154234,118988,131008,1
83346,43088,87359,126434,170705,130447,1
31236,35856,17590,67092,48826,53446,1
40799,18316,38352,59115,79151,56668,1
3925,41122,39509,45047,43434,80631,1
3339,55980,20643,59319,23982,76623,0
3038,3962,73768,7000,76806,77730,0
73576,81317,19371,154893,92947,100688,1
10267,11929,11636,22196,21903,23565,1
86100,56217,55959,142317,142059,112176,1
15743,1333,51778,17076,67521,53111,0
47717,32215,62266,79932,109983,94481,1
4125,444,98342,4569,102467,98786,0
26078,58627,59054,84705,85132,117681,1
61277,86384,53965,147661,115242,140349,1
21841,20769,47584,42610,69425,68353,0
38329,4836,44895,43165,83224,49731,0
76384,59149,8948,135533,85332,68097,0
26061,22824,70997,48885,97058,93821,0
2621,56238,7189,58859,9810,63427,0
21447,48111,72188,69558,93635,120299,0
91876,45431,96073,137307,187949,141504,1
21695,84872,63288,106567,84983,148160,1
58209,57420,74471,115629,132680,131891,1
10767,82359,89387,93126,100154,171746,1
88150,64364,77193,152514,165343,141557,1
26374,89894,94932,116268,121306,184826,1
89287,36321,27166,125608,116453,63487,0
44492,24941,77383,69433,121875,102324,0
45041,62423,32139,107464,77180,94562,1
7991,25258,45034,33249,53025,70292,0
62248,34667,52228,96915,114476,86895,1
46058,74042,57681,120100,103739,131723,1
9947,95020,43250,104967,53197,138270,0
11960,77520,34658,89480,46618,112178,0
68446,13258,4940,81704,73386,18198,0
52433,74104,81948,126537,134381,156052,1
61534,32160,79378,93694,140912,111538,1
69870,79770,36175,149640,106045,115945,1
83308,12552,18020,95860,101328,30572,0
72604,33365,40949,105969,113553,74314,1
63262,10238,83847,73500,147109,94085,0
28755,61300,91565,90055,120320,152865,0
62171,34434,52023,96605,114194,86457,1
88591,1430,98411,90021,187002,99841,0
95821,18911,36137,114732,131958,55048,0
44852,97073,41741,141925,86593,138814,0
64870,802,45121,65672,109991,45923,0
98092,57346,93869,155438,191961,151215,1
90964,33129,38004,124093,128968,71133,0
52606,12909,4799,65515,57405,17708,0
69217,96950,33144,166167,102361,130094,1
55850,35079,87401,90929,143251,122480,1
94688,88436,59318,183124,154006,147754,1
53895,22079,93553,75974,147448,115632,0
48977,13373,45930,62350,94907,59303,1
91521,96964,16561,188485,108082,113525,1
87277,8147,91528,95424,178805,99675,1
84858,52583,26557,137441,111415,79140,0
97003,61278,23039,158281,120042,84317,0
10315,28774,35099,39089,45414,63873,1
46249,90172,86517,136421,132766,176689,1
985,82624,54959,83609,55944,137583,0
77336,15354,25017,92690,102353,40371,0
26294,92553,9547,118847,35841,102100,0
22601,28977,94698,51578,117299,123675,0
54505,55449,75448,109954,129953,130897,1
17512,41373,8935,58885,26447,50308,0
17879,47820,55399,65699,73278,103219,1
68144,59651,68850,127795,136994,128501,1
27300,84021,26355,111321,53655,110376,0
54833,67347,46327,122180,101160,113674,1
78694,56217,79628,134911,158322,135845,1
18395,11422,17405,29817,35800,28827,1
89953,13852,52800,103805,142753,66652,0
97081,16494,49853,113575,146934,66347,0
34597,71851,26024,106448,60621,97875,0
30206,81496,37293,111702,67499,118789,0
97094,64260,6789,161354,103883,71049,0
70514,7959,26842,78473,97356,34801,0
57225,9059,48654,66284,105879,57713,1
56534,16270,53363,72804,109897,69633,1
26090,32022,56619,58112,82709,88641,1
78556,88643,23705,167199,102261,112348,1
22516,3643,22131,26159,44647,25774,1
3332,13588,91045,16920,94377,104633,0
20462,46853,82822,67315,103284,129675,0
28911,28515,20775,57426,49686,49290,1
36314,18066,5280,54380,41594,23346,0
55259,17726,3207,72985,58466,20933,0
74283,8193,14337,82476,88620,22530,0
19622,32285,27171,51907,46793,59456,1
20634,40140,74272,60774,94906,114412,0
48394,30946,41100,79340,89494,72046,1
61397,36205,84210,97602,145607,120415,1
12258,89626,40170,101884,52428,129796,0
78230,70180,6221,148410,84451,76401,0
65858,41244,60831,107102,126689,102075,1
63879,59242,66893,123121,130772,126135,1
88329,1981,88057,90310,176386,90038,1
48219,71109,15625,119328,63844,86734,0
3868,94771,88690,98639,92558,183461,0
54094,53151,34554,107245,88648,87705,1
27952,64019,83426,91971,111378,147445,1
40214,31257,60278,71471,100492,91535,1
48415,16207,58891,64622,107306,75098,1
51633,92390,44122,144023,95755,136512,1
18757,55900,41329,74657,60086,97229,1
45993,90017,70078,136010,116071,160095,1
76209,43146,26948,119355,103157,70094,0
93976,57356,11758,151332,105734,69114,0
90141,58109,99257,148250,189398,157366,1
24538,4586,14870,29124,39408,19456,0
78986,87608,94594,166594,173580,182202,1
91247,53206,14856,144453,106103,68062,0
20234,90157,42047,110391,62281,132204,0
95338,36485,28424,131823,123762,64909,0
14847,50965,7424,65812,22271,58389,0
77473,34808,54407,112281,131880,89215,1
28015,59852,49066,87867,77081,108918,1
50203,25231,95550,75434,145753,120781,0
18466,97244,77534,115710,96000,174778,0
45057,22801,98404,67858,143461,121205,0
38971,37573,92778,76544,131749,130351,0
35744,82949,72197,118693,107941,155146,1
86671,25750,67316,112421,153987,93066,1
84794,58188,92056,142982,176850,150244,1
58341,58238,31809,116579,90150,90047,1
82364,18514,80977,100878,163341,99491,1
47334,47998,72745,95332,120079,120743,1
47048,21130,70486,68178,117534,91616,0
64330,85521,22697,149851,87027,108218,1
97054,71348,84034,168402,181088,155382,1
22017,92747,88391,114764,110408,181138,1
63208,60266,74580,123474,137788,134846,1
13085,48147,82085,61232,95170,130232,0
46467,62078,59161,108545,105628,121239,1
70347,65738,62523,136085,132870,128261,1
35568,34849,99024,70417,134592,133873,0
38778,23938,68903,62716,107681,92841,0
93629,49877,94130,143506,187759,144007,1
48174,60706,15337,108880,63511,76043,1
98336,80860,28127,179196,126463,108987,1
17652,32778,73609,50430,91261,106387,0
53959,86926,63383,140885,117342,150309,1
65526,35666,65899,101192,131425,101565,1
43067,97297,25663,140364,68730,122960,0
74056,73279,80843,147335,154899,154122,1
25605,55540,28522,81145,54127,84062,0
77241,65961,1974,143202,79215,67935,0
63972,12920,60255,76892,124227,73175,1
74646,2051,58818,76697,133464,60869,0
98574,77918,788,176492,99362,78706,0
85414,77648,45136,163062,130550,122784,1
58221,38296,11664,96517,69885,49960,0
5049,910,55239,5959,60288,56149,0
77400,37367,9553,114767,86953,46920,0
65224,62780,46832,128004,112056,109612,1
41321,87487,57553,128808,98874,145040,1
81163,66022,5415,147185,86578,71437,0
93163,47274,56207,140437,149370,103481,1
71918,25720,32858,97638,104776,58578,0
48519,69577,85989,118096,134508,155566,1
94697,73469,64769,168166,159466,138238,1
64834,25095,43363,89929,108197,68458,1
21927,44903,51613,66830,73540,96516,1
45943,49012,1988,94955,47931,51000,0
51254,80965,321,132219,51575,81286,0
25483,35878,8565,61361,34048,44443,0
60096,65697,75920,125793,136016,141617,1
30865,47041,91172,77906,122037,138213,0
53347,95054,82987,148401,136334,178041,1
99189,54995,7512,154184,106701,62507,0
13055,77918,33629,90973,46684,111547,0
31382,25933,64874,57315,96256,90807,0
36692,86734,95166,123426,131858,181900,1
22267,50229,31417,72496,53684,81646,1
37520,84981,55727,122501,93247,140708,1
88706,28629,90128,117335,178834,118757,1
1539,2985,50375,4524,51914,53360,0
17189,77595,77207,94784,94396,154802,1
4153,3554,11882,7707,16035,15436,0
33726,31336,24233,65062,57959,55569,1
48607,79805,27944,128412,76551,107749,0
47398,21803,93576,69201,140974,115379,0
69508,15856,39327,85364,108835,55183,0
86524,97680,17237,184204,103761,114917,1
5298,63680,57446,68978,62744,121126,0
47156,94132,54761,141288,101917,148893,1
45207,91305,33981,136512,79188,125286,0
24548,51406,23908,75954,48456,75314,0
54290,91618,1711,145908,56001,93329,0
55561,46589,91391,102150,146952,137980,1
23721,38615,17364,62336,41085,55979,1
49381,60905,22565,110286,71946,83470,1
8284,61436,86646,69720,94930,148082,0
9029,54866,10931,63895,19960,65797,0
13914,89220,33230,103134,47144,122450,0
31003,12591,71699,43594,102702,84290,0
16989,83995,7100,100984,24089,91095,0
36446,12936,8121,49382,44567,21057,0
25645,44153,13219,69798,38864,57372,0
16961,84683,31385,101644,48346,116068,0
82069,4101,44576,86170,126645,48677,0
13104,3091,23176,16195,36280,26267,0
14498,84541,14488,99039,28986,99029,0
72384,28875,70175,101259,142559,99050,1
4979,80172,24901,85151,29880,105073,0
65638,82518,56336,148156,121974,138854,1
76276,82634,34204,158910,110480,116838,1
47082,214,92526,47296,139608,92740,0
58186,40574,6004,98760,64190,46578,0
76547,77534,62317,154081,138864,139851,1
11353,21105,64125,32458,75478,85230,0
80679,68355,47121,149034,127800,115476,1
98477,92901,96047,191378,194524,188948,1
60163,30182,8383,90345,68546,38565,0
13425,88759,2028,102184,15453,90787,0
70994,54776,65096,125770,136090,119872,1
36711,79803,34296,116514,71007,114099,0
37859,9222,53676,47081,91535,62898,0
75799,24904,52610,100703,128409,77514,1
42471,86898,16111,129369,58582,103009,0
43465,20230,33772,63695,77237,54002,1
74707,89113,12534,163820,87241,101647,0
22876,74608,30204,97484,53080,104812,0
62962,64077,7643,127039,70605,71720,1
47592,76541,40665,124133,88257,117206,1
54322,28417,19832,82739,74154,48249,0
3706,23865,78829,27571,82535,102694,0
46007,75775,34765,121782,80772,110540,1
7856,3599,87458,11455,95314,91057,0
52661,36929,52526,89590,105187,89455,1
5847,84767,54001,90614,59848,138768,0
27192,69441,27770,96633,54962,97211,0
19691,24921,64359,44612,84050,89280,0
25865,15023,53221,40888,79086,68244,0
27986,99294,90958,127280,118944,190252,1
52731,67132,41479,119863,94210,108611,1
20433,33867,86182,54300,106615,120049,0
80157,87715,50588,167872,130745,138303,1
11224,24615,6542,35839,17766,31157,0
81164,49682,46326,130846,127490,96008,1
70276,60734,20682,131010,90958,81416,1
50385,8647,12791,59032,63176,21438,0
1843,27373,25187,29216,27030,52560,0
54321,84667,67574,138988,121895,152241,1
73089,58630,27744,131719,100833,86374,1
70378,73491,16053,143869,86431,89544,1
69137,89079,22284,158216,91421,111363,1
56518,52517,27438,109035,83956,79955,1
82940,58021,22374,140961,105314,80395,0
78181,55511,85581,133692,163762,141092,1
70313,58819,66488,129132,136801,125307,1
64862,36771,9410,101633,74272,46181,0
4064,97584,69356,101648,73420,166940,0
74581,47170,16309,121751,90890,63479,0
82971,66524,84507,149495,167478,151031,1
61702,71018,51771,132720,113473,122789,1
31752,69745,49314,101497,81066,119059,1
35804,52122,16460,87926,52264,68582,1
37342,38476,45293,75818,82635,83769,1
93536,75441,4362,168977,97898,79803,0
78611,37760,12204,116371,90815,49964,0
24158,85172,72622,109330,96780,157794,1
75410,38527,16946,113937,92356,55473,0
89061,48245,41884,137306,130945,90129,1
93116,1994,750,95110,93866,2744,0
37856,69539,20352,107395,58208,89891,0
97554,67232,90366,164786,187920,157598,1
11589,67494,7213,79083,18802,74707,0
31280,46257,14302,77537,45582,60559,0
26787,82345,70433,109132,97220,152778,1
61554,33232,92255,94786,153809,125487,1
87086,32624,73612,119710,160698,106236,1
56886,69858,49909,126744,106795,119767,1
42878,52712,34704,95590,77582,87416,1
53734,32138,31176,85872,84910,63314,1
47370,15272,33359,62642,80729,48631,1
52538,25945,3484,78483,56022,29429,0
89598,32001,55753,121599,145351,87754,0
76347,16344,35356,92691,111703,51700,0
93688,23424,33343,117112,127031,56767,0
30045,31016,73493,61061,103538,104509,0
21411,50632,19243,72043,40654,69875,0
21935,47145,5723,69080,27658,52868,0
28182,67543,18122,95725,46304,85665,0
37806,66838,2229,104644,40035,69067,0
50243,2036,47241,52279,97484,49277,0
578,64134,88331,64712,88909,152465,0
23965,3483,3262,27448,27227,6745,0
83633,80432,16702,164065,100335,97134,1
45170,93801,18348,138971,63518,112149,0
76151,15674,2164,91825,78315,17838,0
12886,68290,72715,81176,85601,141005,1
40106,18260,68851,58366,108957,87111,0
9280,816,64981,10096,74261,65797,0
95065,9937,89100,105002,184165,99037,1
69876,8249,8041,78125,77917,16290,0
37240,70411,78170,107651,115410,148581,1
5961,16917,82618,22878,88579,99535,0
44691,63505,41367,108196,86058,104872,1
13340,5118,96800,18458,110140,101918,0
36432,26957,77620,63389,114052,104577,0
88673,94105,71804,182778,160477,165909,1
85399,74045,41959,159444,127358,116004,1
68462,30987,20377,99449,88839,51364,0
32494,15106,11098,47600,43592,26204,0
18683,79310,40837,97993,59520,120147,0
42841,41730,98735,84571,141576,140465,0
57849,72792,98519,130641,156368,171311,1
12114,89705,54189,101819,66303,143894,0
77128,42866,31345,119994,108473,74211,0
17296,89717,53541,107013,70837,143258,0
62409,73221,84844,135630,147253,158065,1
57345,69091,2916,126436,60261,72007,0
54748,72053,35695,126801,90443,107748,1
65817,16855,44833,82672,110650,61688,0
34662,67295,54382,101957,89044,121677,1
75387,34210,30636,109597,106023,64846,0
4602,81066,59354,85668,63956,140420,0
51367,85548,78274,136915,129641,163822,1
8891,9170,60302,18061,69193,69472,0
46008,94738,88969,140746,134977,183707,1
44211,58973,89326,103184,133537,148299,1
28434,5277,25851,33711,54285,31128,1
73329,88264,33854,161593,107183,122118,1
64922,98141,36203,163063,101125,134344,1
536,25403,61096,25939,61632,86499,0
25561,24669,40517,50230,66078,65186,1
50259,372,35075,50631,85334,35447,0
66840,4542,50071,71382,116911,54613,0
99150,16839,93700,115989,192850,110539,1
96353,71425,94827,167778,191180,166252,1
53058,46756,21605,99814,74663,68361,1
77481,12596,65533,90077,143014,78129,1
34861,9973,37670,44834,72531,47643,1
38518,57363,21034,95881,59552,78397,1
76753,39802,45203,116555,121956,85005,1
78998,92970,21408,171968,100406,114378,1
12705,84628,48903,97333,61608,133531,0
17306,16365,26656,33671,43962,43021,1
96196,47839,71079,144035,167275,118918,1
64280,8031,30008,72311,94288,38039,0
3302,89068,50842,92370,54144,139910,0
57632,43610,67700,101242,125332,111310,1
68099,85156,99509,153255,167608,184665,1
94564,57922,30992,152486,125556,88914,0
25958,8245,76522,34203,102480,84767,0
18555,5905,79454,24460,98009,85359,0
42073,91453,65109,133526,107182,156562,1
9754,3375,49667,13129,59421,53042,0
16138,57025,90528,73163,106666,147553,0
89158,20487,43996,109645,133154,64483,0
48793,78845,29930,127638,78723,108775,0
36155,516,91944,36671,128099,92460,0
96715,55999,12203,152714,108918,68202,0
10155,64025,99628,74180,109783,163653,0
11475,54564,71493,66039,82968,126057,0
19941,61025,15313,80966,35254,76338,0
62726,42101,99213,104827,161939,141314,1
49687,79417,1707,129104,51394,81124,0
1007,83308,5829,84315,6836,89137,0
96294,97054,43461,193348,139755,140515,1
67294,94453,35389,161747,102683,129842,1
64502,77013,73989,141515,138491,151002,1
25370,13630,1270,39000,26640,14900,0
3503,4044,5997,7547,9500,10041,1
68675,94685,59327,163360,128002,154012,1
9937,13206,3669,23143,13606,16875,1
56753,95371,8981,152124,65734,104352,0
4480,40233,61530,44713,66010,101763,0
6987,60150,30829,67137,37816,90979,0
18618,17833,31567,36451,50185,49400,1
37879,6482,30287,44361,68166,36769,0
25790,81653,42087,107443,67877,123740,0
37419,71235,41173,108654,78592,112408,1
54071,84540,22733,138611,76804,107273,0
54119,1197,43189,55316,97308,44386,0
97459,76808,9270,174267,106729,86078,0
19315,41432,88817,60747,108132,130249,0
26121,38617,57817,64738,83938,96434,1
25331,61561,37996,86892,63327,99557,1
68195,64598,6801,132793,74996,71399,1
67409,7407,45837,74816,113246,53244,0
97281,61679,80967,158960,178248,142646,1
9318,99464,72742,108782,82060,172206,0
88921,85080,93319,174001,182240,178399,1
4196,75861,26046,80057,30242,101907,0
91029,93230,92042,184259,183071,185272,1
87148,81001,19027,168149,106175,100028,1
20575,3282,14155,23857,34730,17437,0
9474,13837,29696,23311,39170,43533,0
7824,28360,71588,36184,79412,99948,0
99787,8548,96749,108335,196536,105297,1
49328,5726,14657,55054,63985,20383,0
61880,37335,6950,99215,68830,44285,0
75827,91241,96701,167068,172528,187942,1
49200,3270,17359,52470,66559,20629,0
83814,32622,7662,116436,91476,40284,0
74413,1264,1077,75677,75490,2341,0
30903,65246,80908,96149,111811,146154,1
4037,70119,58192,74156,62229,128311,0
88545,12163,88714,100708,177259,100877,1
32845,28182,1635,61027,34480,29817,0
6265,26203,58046,32468,64311,84249,0
68266,842,96480,69108,164746,97322,0
77552,61454,3341,139006,80893,64795,0
58378,2441,49096,60819,107474,51537,0
17938,17331,21,35269,17959,17352,0
88430,92674,78874,181104,167304,171548,1
60756,36030,82775,96786,143531,118805,1
21765,52775,9891,74540,31656,62666,0
45522,53586,93256,99108,138778,146842,1
13532,22793,60753,36325,74285,83546,0
47391,19812,76083,67203,123474,95895,0
13295,30626,85789,43921,99084,116415,0
69848,16352,79061,86200,148909,95413,1
94567,80709,67379,175276,161946,148088,1
94364,29027,45415,123391,139779,74442,0
60546,29756,24835,90302,85381,54591,0
48785,38915,91673,87700,140458,130588,0
4305,54788,30301,59093,34606,85089,0
7961,5306,62984,13267,70945,68290,0
82664,48572,18584,131236,101248,67156,0
79124,63559,66818,142683,145942,130377,1
79064,59455,33629,138519,112693,93084,1
54931,47018,91355,101949,146286,138373,1
79545,41739,90421,121284,169966,132160,1
69012,24941,1898,93953,70910,26839,0
44024,40957,27011,84981,71035,67968,1
72650,89080,32738,161730,105388,121818,1
30177,8752,40447,38929,70624,49199,0
63362,24652,32303,88014,95665,56955,0
3782,66555,80790,70337,84572,147345,0
56432,55677,16512,112109,72944,72189,1
2705,65747,37567,68452,40272,103314,0
49760,68221,49589,117981,99349,117810,1
64512,62478,37303,126990,101815,99781,1
7938,54754,32852,62692,40790,87606,0
18997,99543,36483,118540,55480,136026,0
11204,73656,84093,84860,95297,157749,1
23216,95915,19570,119131,42786,115485,0
65330,41333,10130,106663,75460,51463,0
49883,45248,40440,95131,90323,85688,1
2688,31902,62393,34590,65081,94295,0
10943,53301,55197,64244,66140,108498,1
78040,12676,40143,90716,118183,52819,0
10013,16599,19041,26612,29054,35640,1
34411,83815,32298,118226,66709,116113,0
14445,64587,16496,79032,30941,81083,0
22636,60904,63325,83540,85961,124229,1
45286,35474,29579,80760,74865,65053,1
48036,6428,47913,54464,95949,54341,1
96132,56542,61775,152674,157907,118317,1
11707,2212,80416,13919,92123,82628,0
7539,95716,40267,103255,47806,135983,0
74023,48978,40380,123001,114403,89358,1
35267,83270,2696,118537,37963,85966,0
98471,66107,35458,164578,133929,101565,1
24608,79539,63756,104147,88364,143295,1
80564,65701,18363,146265,98927,84064,1
9452,63660,8419,73112,17871,72079,0
32404,21655,47425,54059,79829,69080,1
18053,48664,37540,66717,55593,86204,1
20911,52182,9,73093,20920,52191,0
39625,95862,32112,135487,71737,127974,0
60500,12379,72588,72879,133088,84967,1
82645,41213,25257,123858,107902,66470,0
39158,54956,34459,94114,73617,89415,1
92606,24177,69707,116783,162313,93884,1
72551,34095,1026,106646,73577,35121,0
33577,47360,62167,80937,95744,109527,1
11828,70587,98051,82415,109879,168638,0
93614,57010,97864,150624,191478,154874,1
40597,84105,9084,124702,49681,93189,0
19599,84394,52430,103993,72029,136824,0
44920,35991,49321,80911,94241,85312,1
48337,7628,61934,55965,110271,69562,0
49771,73963,1180,123734,50951,75143,0
46397,76538,24848,122935,71245,101386,0
3493,17201,43479,20694,46972,60680,0
98606,84168,97066,182774,195672,181234,1
14476,71424,23430,85900,37906,94854,0
59944,88112,38280,148056,98224,126392,1
36026,29689,40923,65715,76949,70612,1
45974,97033,5482,143007,51456,102515,0
86774,50018,44964,136792,131738,94982,1
48205,95651,36053,143856,84258,131704,0
88689,4868,57934,93557,146623,62802,0
19299,89446,3156,108745,22455,92602,0
42540,44998,59934,87538,102474,104932,1
78117,16253,59233,94370,137350,75486,0
47402,73830,55634,121232,103036,129464,1
34366,71354,25170,105720,59536,96524,0
2157,19837,78461,21994,80618,98298,0
69228,56292,43810,125520,113038,100102,1
63783,49726,19946,113509,83729,69672,1
68935,73266,9968,142201,78903,83234,1
70710,50029,10485,120739,81195,60514,0
25734,46246,12470,71980,38204,58716,0
38125,62508,81553,100633,119678,144061,1
900,73485,68469,74385,69369,141954,0
71095,6887,67574,77982,138669,74461,1
76736,68202,54067,144938,130803,122269,1
66742,91686,24586,158428,91328,116272,0
47613,73636,47717,121249,95330,121353,1
85996,4440,93426,90436,179422,97866,0
91439,70726,54099,162165,145538,124825,1
24579,92162,10023,116741,34602,102185,0
40222,41132,23942,81354,64164,65074,1
34590,65334,68766,99924,103356,134100,1
53078,68843,42014,121921,95092,110857,1
34840,69886,45478,104726,80318,115364,1
76580,78502,329,155082,76909,78831,0
34663,44268,94369,78931,129032,138637,0
59217,49786,33680,109003,92897,83466,1
76820,14454,5564,91274,82384,20018,0
70140,2975,85205,73115,155345,88180,0
50168,18374,80022,68542,130190,98396,0
43013,35982,58001,78995,101014,93983,1
99366,73496,67925,172862,167291,141421,1
91645,88191,97677,179836,189322,185868,1
99638,3657,98830,103295,198468,102487,1
93138,7924,10549,101062,103687,18473,0
27169,17867,9871,45036,37040,27738,1
44853,81167,72714,126020,117567,153881,1
50048,92046,49997,142094,100045,142043,1
39112,46177,15979,85289,55091,62156,1
1944,6266,64119,8210,66063,70385,0
72080,21471,42220,93551,114300,63691,0
56212,40829,95440,97041,151652,136269,1
71501,20480,18546,91981,90047,39026,0
48714,74704,44235,123418,92949,118939,1
33464,17505,2952,50969,36416,20457,0
54984,64637,28222,119621,83206,92859,1
252,49622,34517,49874,34769,84139,0
9645,61237,29744,70882,39389,90981,0
5978,19408,51550,25386,57528,70958,0
71567,3199,80949,74766,152516,84148,0
81698,22816,57993,104514,139691,80809,0
99283,13030,48529,112313,147812,61559,0
76846,69031,87398,145877,164244,156429,1
91130,16753,20211,107883,111341,36964,0
66460,36951,82161,103411,148621,119112,1
65881,88696,99284,154577,165165,187980,1
56655,50558,21160,107213,77815,71718,1
81552,88634,1620,170186,83172,90254,0
90548,27441,81898,117989,172446,109339,1
22886,47049,49277,69935,72163,96326,1
46218,49028,26249,95246,72467,75277,1
98572,24173,64807,122745,163379,88980,0
52533,39061,6353,91594,58886,45414,0
37248,63523,28942,100771,66190,92465,1
13891,78171,6222,92062,20113,84393,0
77464,30172,55273,107636,132737,85445,1
56964,46623,98568,103587,155532,145191,1
85660,15311,36239,100971,121899,51550,0
56478,29239,90746,85717,147224,119985,0
96412,11469,67137,107881,163549,78606,0
46936,61643,4313,108579,51249,65956,0
10326,60005,67423,70331,77749,127428,1
55660,35928,28046,91588,83706,63974,1
99395,63839,91304,163234,190699,155143,1
12248,88904,42447,101152,54695,131351,0
80818,50957,8196,131775,89014,59153,0
57981,12591,78911,70572,136892,91502,0
54197,21280,94901,75477,149098,116181,0
47287,75670,22317,122957,69604,97987,0
70011,69885,34850,139896,104861,104735,1
12271,17777,6358,30048,18629,24135,1
81471,24779,4429,106250,85900,29208,0
326,53836,64114,54162,64440,117950,0
96073,8072,75709,104145,171782,83781,0
40998,19368,55186,60366,96184,74554,1
56772,94133,57705,150905,114477,151838,1
34212,59391,44070,93603,78282,103461,1
47579,35309,75036,82888,122615,110345,1
34671,68401,9912,103072,44583,78313,0
3674,45506,80029,49180,83703,125535,0
34903,40419,99837,75322,134740,140256,0
32958,59218,6076,92176,39034,65294,0
61768,48258,65472,110026,127240,113730,1
31735,85013,61670,116748,93405,146683,1
28467,70944,92254,99411,120721,163198,1
91641,14334,26340,105975,117981,40674,0
90156,71198,45885,161354,136041,117083,1
61098,89802,18267,150900,79365,108069,0
74808,16196,82143,91004,156951,98339,1
77842,12869,22926,90711,100768,35795,0
32199,60558,17797,92757,49996,78355,0
42133,12907,74227,55040,116360,87134,0
43249,20431,48605,63680,91854,69036,1
89782,38018,4776,127800,94558,42794,0
29136,85271,6480,114407,35616,91751,0
8789,62305,85956,71094,94745,148261,0
95405,98801,31165,194206,126570,129966,1
55662,43258,95365,98920,151027,138623,1
71700,8952,30568,80652,102268,39520,0
55942,89402,84531,145344,140473,173933,1
54355,78015,38188,132370,92543,116203,1
6659,82809,56306,89468,62965,139115,0
47674,90192,51935,137866,99609,142127,1
74060,82110,68339,156170,142399,150449,1
55670,1044,62696,56714,118366,63740,0
52806,40443,91362,93249,144168,131805,1
15657,60488,17820,76145,33477,78308,0
47398,73753,60705,121151,108103,134458,1
77653,10212,1483,87865,79136,11695,0
989,98977,95317,99966,96306,194294,0
4643,74768,31069,79411,35712,105837,0
95196,16052,41153,111248,136349,57205,0
12973,37780,32266,50753,45239,70046,1
36468,46155,83773,82623,120241,129928,0
93595,81846,52116,175441,145711,133962,1
90979,1121,3979,92100,94958,5100,0
74694,18029,97862,92723,172556,115891,0
25383,25927,99871,51310,125254,125798,0
64429,68387,30588,132816,95017,98975,1
25550,11421,44794,36971,70344,56215,0
98480,82996,49348,181476,147828,132344,1
39959,69253,7840,109212,47799,77093,0
46117,58440,93402,104557,139519,151842,1
62990,1291,94917,64281,157907,96208,0
13049,50646,75038,63695,88087,125684,0
36704,61763,97161,98467,133865,158924,1
34508,4996,84121,39504,118629,89117,0
70582,18776,63274,89358,133856,82050,1
36444,26065,23462,62509,59906,49527,1
4117,45189,6796,49306,10913,51985,0
65094,13300,38748,78394,103842,52048,0
27235,81925,66347,109160,93582,148272,1
14640,81019,81270,95659,95910,162289,1
43354,19679,11982,63033,55336,31661,0
80047,83672,57648,163719,137695,141320,1
57131,9011,55319,66142,112450,64330,1
33009,43205,1020,76214,34029,44225,0
76196,60186,75992,136382,152188,136178,1
77635,24231,65026,101866,142661,89257,1
75595,42564,86398,118159,161993,128962,1
28328,4953,84114,33281,112442,89067,0
84912,32385,45735,117297,130647,78120,0
33517,77531,69219,111048,102736,146750,1
63332,82351,78985,145683,142317,161336,1
8938,41431,71955,50369,80893,113386,0
74616,54043,88537,128659,163153,142580,1
15547,52464,32526,68011,48073,84990,0
61414,71961,76477,133375,137891,148438,1
97789,35141,52422,132930,150211,87563,0
10295,46568,57459,56863,67754,104027,0
14335,59397,71158,73732,85493,130555,1
36866,70578,65056,107444,101922,135634,1
92994,5145,36386,98139,129380,41531,0
73393,2703,4966,76096,78359,7669,0
16361,58329,69283,74690,85644,127612,1
46197,49982,68884,96179,115081,118866,1
61759,85627,39442,147386,101201,125069,1
27686,43189,60008,70875,87694,103197,1
78656,7713,58198,86369,136854,65911,0
23879,78417,66578,102296,90457,144995,1
24345,26435,79973,50780,104318,106408,0
34991,77191,63914,112182,98905,141105,1
13316,29225,82606,42541,95922,111831,0
12347,12113,25091,24460,37438,37204,0
442,21994,39581,22436,40023,61575,0
71101,83854,25033,154955,96134,108887,1
16835,78688,63105,95523,79940,141793,1
69466,43545,66106,113011,135572,109651,1
85000,94851,85000,179851,170000,179851,1
43272,52697,30244,95969,73516,82941,1
11824,40740,88927,52564,100751,129667,0
59801,36291,41046,96092,100847,77337,1
81369,13761,67642,95130,149011,81403,1
86120,57751,31786,143871,117906,89537,1
24351,16875,33796,41226,58147,50671,1
35462,35146,15377,70608,50839,50523,1
21392,59896,78186,81288,99578,138082,1
22742,14606,46495,37348,69237,61101,0
11412,4969,72714,16381,84126,77683,0
33871,12636,74242,46507,108113,86878,0
10006,60517,48391,70523,58397,108908,0
2729,33840,84672,36569,87401,118512,0
43711,24812,89126,68523,132837,113938,0
93991,88395,55595,182386,149586,143990,1
86339,10025,62967,96364,149306,72992,0
60991,55577,38352,116568,99343,93929,1
56096,87298,2691,143394,58787,89989,0
95603,76862,55825,172465,151428,132687,1
46705,94543,15018,141248,61723,109561,0
52719,7044,99353,59763,152072,106397,0
41947,76524,90270,118471,132217,166794,1
70977,44504,22857,115481,93834,67361,0
580,207,56558,787,57138,56765,0
26267,1544,40374,27811,66641,41918,0
48829,31476,72158,80305,120987,103634,1
282,13302,80777,13584,81059,94079,0
6886,49061,21354,55947,28240,70415,0
94890,25360,73627,120250,168517,98987,1
82638,85051,94857,167689,177495,179908,1
19994,67981,59374,87975,79368,127355,1
17713,18320,90826,36033,108539,109146,0
86591,15698,66269,102289,152860,81967,0
24887,15781,90515,40668,115402,106296,0
72807,8157,37694,80964,110501,45851,0
77383,59561,76274,136944,153657,135835,1
72530,88120,72594,160650,145124,160714,1
17375,7544,99535,24919,116910,107079,0
76445,17800,68388,94245,144833,86188,1
96510,36128,77662,132638,174172,113790,1
21446,7466,56573,28912,78019,64039,0
73260,38524,23470,111784,96730,61994,0
44405,81227,60879,125632,105284,142106,1
96537,63067,83093,159604,179630,146160,1
68455,71019,83828,139474,152283,154847,1
47684,56282,74108,103966,121792,130390,1
80254,63460,60500,143714,140754,123960,1
27347,2056,63389,29403,90736,65445,0
75750,38712,42757,114462,118507,81469,1
77567,36423,33309,113990,110876,69732,0
65794,19686,10679,85480,76473,30365,0
53832,29946,67394,83778,121226,97340,1
81378,71257,36606,152635,117984,107863,1
48780,84312,12835,133092,61615,97147,0
21747,73232,57140,94979,78887,130372,1
43000,2532,71640,45532,114640,74172,0
76179,90068,48726,166247,124905,138794,1
87156,91165,82952,178321,170108,174117,1
8724,41078,18945,49802,27669,60023,0
24000,86625,14255,110625,38255,100880,0
73841,17517,89828,91358,163669,107345,1
15441,37991,70615,53432,86056,108606,0
83876,32203,77169,116079,161045,109372,1
91197,44215,15225,135412,106422,59440,0
7908,51666,16504,59574,24412,68170,0
42852,77696,57972,120548,100824,135668,1
31430,77881,68790,109311,100220,146671,1
59263,14770,14327,74033,73590,29097,0
11761,50971,17064,62732,28825,68035,0
77738,39428,44399,117166,122137,83827,1
77488,93198,1426,170686,78914,94624,0
26163,71002,80948,97165,107111,151950,1
583,16411,9720,16994,10303,26131,0
3955,7748,44408,11703,48363,52156,0
96588,29751,77266,126339,173854,107017,1
70847,86353,47881,157200,118728,134234,1
9116,62335,62555,71451,71671,124890,1
86181,36708,25144,122889,111325,61852,0
29772,26999,40807,56771,70579,67806,1
16896,24275,39581,41171,56477,63856,1
29894,19823,92465,49717,122359,112288,0
16140,78230,12123,94370,28263,90353,0
76073,97684,91151,173757,167224,188835,1
77930,67785,94180,145715,172110,161965,1
8046,13408,21037,21454,29083,34445,1
5148,2563,31788,7711,36936,34351,0
12612,40742,47653,53354,60265,88395,1
43495,12033,3297,55528,46792,15330,0
25387,47594,13868,72981,39255,61462,0
62124,40831,95773,102955,157897,136604,1
75096,65434,94624,140530,169720,160058,1
30481,39629,24275,70110,54756,63904,1
86004,20980,77590,106984,163594,98570,1
29511,31071,76635,60582,106146,107706,0
43960,67246,12463,111206,56423,79709,0
23416,14254,24842,37670,48258,39096,1
83145,7227,98913,90372,182058,106140,0
81636,88419,60094,170055,141730,148513,1
37495,72325,71658,109820,109153,143983,1
65298,1684,49665,66982,114963,51349,0
76384,25538,95533,101922,171917,121071,1
17779,24930,47163,42709,64942,72093,0
89319,48887,29532,138206,118851,78419,0
63340,71940,8897,135280,72237,80837,1
84869,91817,874,176686,85743,92691,0
54886,97513,61653,152399,116539,159166,1
93939,75453,28592,169392,122531,104045,1
44200,18606,68108,62806,112308,86714,0
4534,50140,63123,54674,67657,113263,0
23428,55174,95177,78602,118605,150351,0
69944,29490,93815,99434,163759,123305,1
93672,96631,11799,190303,105471,108430,1
71587,80406,81163,151993,152750,161569,1
84130,54145,33017,138275,117147,87162,1
127,89729,36367,89856,36494,126096,0
80263,82228,4711,162491,84974,86939,1
89222,42667,41193,131889,130415,83860,0
80151,75100,28097,155251,108248,103197,1
75774,52451,74789,128225,150563,127240,1
87493,24644,20163,112137,107656,44807,0
40677,1593,38684,42270,79361,40277,0
67855,77201,92888,145056,160743,170089,1
79850,7179,80616,87029,160466,87795,1
44557,22995,55497,67552,100054,78492,1
49878,53177,94556,103055,144434,147733,1
14018,17660,48479,31678,62497,66139,0
10422,50701,71096,61123,81518,121797,0
95937,33959,4026,129896,99963,37985,0
32294,782,51210,33076,83504,51992,0
56003,31261,78205,87264,134208,109466,1
10052,74395,83221,84447,93273,157616,1
62849,79210,62861,142059,125710,142071,1
689,42462,14345,43151,15034,56807,0
88259,35655,72701,123914,160960,108356,1
44197,63902,69039,108099,113236,132941,1
77184,26961,29976,104145,107160,56937,0
14692,2782,26361,17474,41053,29143,0
21371,77019,47117,98390,68488,124136,0
96701,79267,65935,175968,162636,145202,1
43503,27936,46647,71439,90150,74583,1
64639,92699,64277,157338,128916,156976,1
16992,19540,66573,36532,83565,86113,0
23443,43101,9806,66544,33249,52907,0
31036,13839,97072,44875,128108,110911,0
56976,18488,94029,75464,151005,112517,0
89405,44982,37434,134387,126839,82416,0
91637,56570,71106,148207,162743,127676,1
32134,19327,31259,51461,63393,50586,1
58159,24062,83502,82221,141661,107564,0
68009,99257,80764,167266,148773,180021,1
62611,15952,16001,78563,78612,31953,0
18074,3843,38269,21917,56343,42112,0
23336,16466,59648,39802,82984,76114,0
23978,67238,44341,91216,68319,111579,1
14373,90856,36786,105229,51159,127642,0
42018,4158,9526,46176,51544,13684,0
68038,12412,93112,80450,161150,105524,0
69953,58919,92332,128872,162285,151251,1
3414,69240,50923,72654,54337,120163,0
60366,47379,18328,107745,78694,65707,1
34676,9813,15210,44489,49886,25023,0
63932,4841,73368,68773,137300,78209,0
50837,76798,23384,127635,74221,100182,0
254,96456,83901,96710,84155,180357,0
51129,47362,75187,98491,126316,122549,1
41484,43120,44681,84604,86165,87801,1
1945,11090,96036,13035,97981,107126,0
68136,77870,68073,146006,136209,145943,1
83903,87907,86742,171810,170645,174649,1
36426,57284,81413,93710,117839,138697,1
2038,47350,7178,49388,9216,54528,0
44465,76642,99154,121107,143619,175796,1
4386,64478,66898,68864,71284,131376,1
58099,63006,83793,121105,141892,146799,1
14307,80293,35021,94600,49328,115314,0
86305,16231,84900,102536,171205,101131,1
97322,86116,26070,183438,123392,112186,1
28182,47487,10359,75669,38541,57846,0
82651,92773,70993,175424,153644,163766,1
49465,41065,2187,90530,51652,43252,0
46824,50072,65099,96896,111923,115171,1
61642,53982,68094,115624,129736,122076,1
11277,62429,11807,73706,23084,74236,0
87946,15464,64499,103410,152445,79963,0
28587,5069,67426,33656,96013,72495,0
98155,49444,91127,147599,189282,140571,1
88691,5617,27534,94308,116225,33151,0
9178,6991,67810,16169,76988,74801,0
79393,46084,23087,125477,102480,69171,0
93394,79246,79488,172640,172882,158734,1
9103,60653,2481,69756,11584,63134,0
33857,5532,83802,39389,117659,89334,0
66562,7692,2939,74254,69501,10631,0
9253,44553,80046,53806,89299,124599,0
64188,52344,73598,116532,137786,125942,1
76829,83850,18115,160679,94944,101965,1
81435,3030,69806,84465,151241,72836,0
53790,74576,74079,128366,127869,148655,1
30823,96595,36143,127418,66966,132738,0
22965,18256,56713,41221,79678,74969,0
42731,687,3531,43418,46262,4218,0
38967,67245,9849,106212,48816,77094,0
77428,28733,24675,106161,102103,53408,0
73655,95226,38800,168881,112455,134026,1
56003,75013,87745,131016,143748,162758,1
17045,22207,86652,39252,103697,108859,0
56643,98436,99101,155079,155744,197537,1
96594,86091,38461,182685,135055,124552,1
67543,47646,95777,115189,163320,143423,1
73994,72899,59966,146893,133960,132865,1
18897,70874,20836,89771,39733,91710,0
39473,69070,72094,108543,111567,141164,1
3624,35580,6221,39204,9845,41801,0
71099,89194,30708,160293,101807,119902,1
27851,12163,42633,40014,70484,54796,0
93865,75133,75656,168998,169521,150789,1
55760,24988,84568,80748,140328,109556,0
74076,859,76970,74935,151046,77829,0
98075,89430,99087,187505,197162,188517,1
91066,36408,93974,127474,185040,130382,1
92592,34282,97319,126874,189911,131601,1
33716,8301,48302,42017,82018,56603,0
2666,84420,51889,87086,54555,136309,0
43308,23269,11059,66577,54367,34328,0
26139,56936,82851,83075,108990,139787,1
92143,93600,71202,185743,163345,164802,1
81706,89682,48462,171388,130168,138144,1
41515,60367,61254,101882,102769,121621,1
98405,93277,14496,191682,112901,107773,1
32575,12616,40071,45191,72646,52687,1
47762,6951,88061,54713,135823,95012,0
13957,31366,61135,45323,75092,92501,0
51483,6947,1584,58430,53067,8531,0
13653,51613,79041,65266,92694,130654,0
72183,10200,64415,82383,136598,74615,1
13236,65097,52573,78333,65809,117670,1
44733,12576,48487,57309,93220,61063,1
72604,248,87844,72852,160448,88092,0
46897,73676,99839,120573,146736,173515,1
48215,66133,84540,114348,132755,150673,1
38493,55635,83688,94128,122181,139323,1
35665,96327,31316,131992,66981,127643,0
47088,30320,55622,77408,102710,85942,1
43981,96206,37504,140187,81485,133710,0
33001,39360,10993,72361,43994,50353,1
87136,54405,15468,141541,102604,69873,0
33893,90962,36898,124855,70791,127860,0
82640,89910,33971,172550,116611,123881,1
11498,33798,52949,45296,64447,86747,0
46336,64280,8485,110616,54821,72765,0
86521,68071,23336,154592,109857,91407,1
47695,34057,40685,81752,88380,74742,1
10551,28959,52395,39510,62946,81354,0
6659,29937,58294,36596,64953,88231,0
63038,30347,16058,93385,79096,46405,0
81652,61579,91473,143231,173125,153052,1
4568,63875,63829,68443,68397,127704,1
89390,33084,49002,122474,138392,82086,0
65264,81806,60215,147070,125479,142021,1
69072,34749,70432,103821,139504,105181,1
66413,7563,29002,73976,95415,36565,0
38639,93083,97496,131722,136135,190579,1
71325,84762,68446,156087,139771,153208,1
34995,11003,38425,45998,73420,49428,1
43880,87119,71543,130999,115423,158662,1
90268,19576,28814,109844,119082,48390,0
55066,8263,19021,63329,74087,27284,0
22706,29660,77730,52366,100436,107390,0
89435,6676,31108,96111,120543,37784,0
96891,68725,64383,165616,161274,133108,1
58988,70491,67603,129479,126591,138094,1
24613,59814,47214,84427,71827,107028,1
10870,85016,13306,95886,24176,98322,0
8483,27180,45918,35663,54401,73098,0
65972,52628,62934,118600,128906,115562,1
89415,34927,86464,124342,175879,121391,1
16074,36217,64033,52291,80107,100250,0
33936,43242,9230,77178,43166,52472,0
17507,45434,54833,62941,72340,100267,1
34582,89264,69160,123846,103742,158424,1
49020,59132,21297,108152,70317,80429,1
88280,62290,70515,150570,158795,132805,1
49241,12856,91873,62097,141114,104729,0
25256,96723,58112,121979,83368,154835,0
2744,16968,55334,19712,58078,72302,0
86089,31861,22665,117950,108754,54526,0
74289,18001,75628,92290,149917,93629,1
11444,32865,71788,44309,83232,104653,0
63734,78257,49063,141991,112797,127320,1
76119,99939,99851,176058,175970,199790,1
99822,55014,31057,154836,130879,86071,0
51658,24162,55104,75820,106762,79266,1
63011,84988,10641,147999,73652,95629,0
89652,56535,15015,146187,104667,71550,0
21706,65225,60276,86931,81982,125501,1
63444,25261,51812,88705,115256,77073,1
96832,85538,77025,182370,173857,162563,1
4524,88307,8958,92831,13482,97265,0
35487,93997,57895,129484,93382,151892,0
83727,68942,35066,152669,118793,104008,1
84887,97311,3796,182198,88683,101107,0
91213,14991,48876,106204,140089,63867,0
6535,58423,85723,64958,92258,144146,0
45559,35820,61846,81379,107405,97666,1
13487,54840,17798,68327,31285,72638,0
49814,32194,71730,82008,121544,103924,1
33305,24184,16000,57489,49305,40184,1
24172,32152,28857,56324,53029,61009,1
3305,96336,70436,99641,73741,166772,0
33146,39110,49772,72256,82918,88882,1
23175,89702,5934,112877,29109,95636,0
34969,47209,91791,82178,126760,139000,0
35987,31525,78954,67512,114941,110479,0
97465,20907,57433,118372,154898,78340,0
80633,42634,85097,123267,165730,127731,1
43297,35488,35617,78785,78914,71105,1
8285,50146,67103,58431,75388,117249,0
59426,19867,34290,79293,93716,54157,0
46240,26776,79491,73016,125731,106267,0
64609,36934,54406,101543,119015,91340,1
61103,88312,35648,149415,96751,123960,1
6069,73909,83221,79978,89290,157130,0
77245,39623,9450,116868,86695,49073,0
88918,23265,65331,112183,154249,88596,0
2269,25655,64519,27924,66788,90174,0
63856,84509,98496,148365,162352,183005,1
43922,66988,76432,110910,120354,143420,1
34357,12796,85748,47153,120105,98544,0
23470,58851,43718,82321,67188,102569,1
82232,90052,90700,172284,172932,180752,1
86396,39634,3591,126030,89987,43225,0
80175,14021,54404,94196,134579,68425,0
95132,44289,12753,139421,107885,57042,0
25177,63119,12573,88296,37750,75692,0
46428,86042,59796,132470,106224,145838,1
50520,41133,10620,91653,61140,51753,1
80585,47727,77578,128312,158163,125305,1
30021,45258,56707,75279,86728,101965,1
37023,82466,16964,119489,53987,99430,0
29403,74953,44005,104356,73408,118958,0
2568,35524,67,38092,2635,35591,0
75611,52339,69210,127950,144821,121549,1
7160,39856,66868,47016,74028,106724,0
42413,63224,27237,105637,69650,90461,1
72104,32373,34536,104477,106640,66909,0
85263,79920,67088,165183,152351,147008,1
91561,76986,4968,168547,96529,81954,0
47137,20918,95722,68055,142859,116640,0
17406,39886,47461,57292,64867,87347,1
81599,46494,52053,128093,133652,98547,1
91744,66972,44991,158716,136735,111963,1
42342,19098,63085,61440,105427,82183,0
78774,23313,96513,102087,175287,119826,1
67666,29999,44702,97665,112368,74701,1
42749,68767,69266,111516,112015,138033,1
99379,38770,45344,138149,144723,84114,0
54184,35785,1640,89969,55824,37425,0
58080,41532,21920,99612,80000,63452,1
52198,97092,16678,149290,68876,113770,0
57438,99203,55456,156641,112894,154659,1
55011,41913,22305,96924,77316,64218,1
86411,40467,56568,126878,142979,97035,1
44596,52677,83659,97273,128255,136336,1
62081,17578,32958,79659,95039,50536,0
75223,92550,31740,167773,106963,124290,1
59206,76090,12070,135296,71276,88160,0
24417,80528,45199,104945,69616,125727,0
15393,73667,36152,89060,51545,109819,0
28839,32630,73810,61469,102649,106440,0
58322,53378,50727,111700,109049,104105,1
51392,68940,46930,120332,98322,115870,1
98206,50690,28993,148896,127199,79683,0
64496,71856,6613,136352,71109,78469,0
38189,95514,31584,133703,69773,127098,0
75507,42641,35644,118148,111151,78285,1
33928,55596,94460,89524,128388,150056,0
46268,17326,3516,63594,49784,20842,0
49547,16734,41941,66281,91488,58675,1
67872,20047,65361,87919,133233,85408,1
88745,78214,22191,166959,110936,100405,1
57300,40979,5445,98279,62745,46424,0
48562,40030,73322,88592,121884,113352,1
62939,7564,98078,70503,161017,105642,0
36082,41333,23357,77415,59439,64690,1
56382,24721,23423,81103,79805,48144,0
70875,27012,52565,97887,123440,79577,1
35684,4724,89305,40408,124989,94029,0
23352,53219,8933,76571,32285,62152,0
58755,626,17504,59381,76259,18130,0
6974,82670,14326,89644,21300,96996,0
35485,84316,43416,119801,78901,127732,0
19154,94107,16427,113261,35581,110534,0
99820,86741,12876,186561,112696,99617,0
67563,75130,3886,142693,71449,79016,0
77265,42175,99071,119440,176336,141246,1
42452,99459,59736,141911,102188,159195,1
66224,14280,97925,80504,164149,112205,0
72710,76178,80333,148888,153043,156511,1
43159,66340,13302,109499,56461,79642,0
98680,1162,75222,99842,173902,76384,0
91536,51360,28413,142896,119949,79773,0
16850,57034,74119,73884,90969,131153,0
88750,7239,16773,95989,105523,24012,0
4324,12920,33334,17244,37658,46254,0
77417,78571,36698,155988,114115,115269,1
26072,60861,95553,86933,121625,156414,0
56234,58420,10192,114654,66426,68612,1
91191,71200,83988,162391,175179,155188,1
46289,90587,98533,136876,144822,189120,1
2713,9015,55412,11728,58125,64427,0
85537,47985,52584,133522,138121,100569,1
97634,56798,701,154432,98335,57499,0
94579,17790,22296,112369,116875,40086,0
59971,67743,19147,127714,79118,86890,1
99483,46611,33599,146094,133082,80210,0
42829,35186,85053,78015,127882,120239,0
65828,69346,88634,135174,154462,157980,1
6833,98859,57469,105692,64302,156328,0
55228,46708,25698,101936,80926,72406,1
89674,80992,61184,170666,150858,142176,1
72278,86762,43424,159040,115702,130186,1
60745,59028,90330,119773,151075,149358,1
54005,71145,28195,125150,82200,99340,1
88033,46063,59156,134096,147189,105219,1
39862,21502,95145,61364,135007,116647,0
15148,17070,71216,32218,86364,88286,0
38839,71608,70426,110447,109265,142034,1
62831,23783,84094,86614,146925,107877,1
599,26570,80774,27169,81373,107344,0
95809,23934,45531,119743,141340,69465,0
50292,3261,25890,53553,76182,29151,0
59616,78754,64268,138370,123884,143022,1
60238,93571,38437,153809,98675,132008,1
28669,53915,48150,82584,76819,102065,1
70073,44650,5546,114723,75619,50196,0
66152,62151,2561,128303,68713,64712,0
11721,60494,890,72215,12611,61384,0
31756,80779,66247,112535,98003,147026,1
26839,86927,7823,113766,34662,94750,0
28072,24670,28222,52742,56294,52892,1
93246,54909,295,148155,93541,55204,0
43683,23766,16162,67449,59845,39928,0
96567,77841,78208,174408,174775,156049,1
89086,9991,29211,99077,118297,39202,0
10118,17168,56548,27286,66666,73716,0
20753,43772,70939,64525,91692,114711,0
75906,61259,93118,137165,169024,154377,1
49965,61517,63036,111482,113001,124553,1
13161,7316,33918,20477,47079,41234,0
42359,88464,84264,130823,126623,172728,1
75895,67668,194,143563,76089,67862,0
81327,7349,4542,88676,85869,11891,0
90942,30735,49715,121677,140657,80450,0
43607,13555,11313,57162,54920,24868,0
46586,99148,62317,145734,108903,161465,1
41487,71398,87982,112885,129469,159380,1
58042,28706,30285,86748,88327,58991,1
91471,81154,79513,172625,170984,160667,1
61739,47971,97568,109710,159307,145539,1
64540,52685,3737,117225,68277,56422,0
95032,61847,79143,156879,174175,140990,1
16372,842,78856,17214,95228,79698,0
58821,68247,81454,127068,140275,149701,1
15596,19530,11471,35126,27067,31001,1
75067,36685,58248,111752,133315,94933,1
34365,22705,51012,57070,85377,73717,1
22599,48032,36070,70631,58669,84102,1
21051,43510,80920,64561,101971,124430,0
31791,64856,21589,96647,53380,86445,0
53682,9389,53766,63071,107448,63155,1
94349,55675,85705,150024,180054,141380,1
10570,26120,18738,36690,29308,44858,1
82050,72844,1827,154894,83877,74671,0
84373,55159,38521,139532,122894,93680,1
49542,52556,91316,102098,140858,143872,1
40790,27627,95780,68417,136570,123407,0
4727,45545,69981,50272,74708,115526,0
46870,51014,75147,97884,122017,126161,1
84253,46526,12339,130779,96592,58865,0
95207,88975,61853,184182,157060,150828,1
62786,73867,67890,136653,130676,141757,1
72024,37087,87241,109111,159265,124328,1
1961,7022,31327,8983,33288,38349,0
60088,75956,56768,136044,116856,132724,1
42931,7607,19208,50538,62139,26815,0
44957,24992,49756,69949,94713,74748,1
45407,51053,62227,96460,107634,113280,1
41436,10982,34147,52418,75583,45129,1
31759,1939,41244,33698,73003,43183,0
85276,42420,9265,127696,94541,51685,0
19239,68637,42720,87876,61959,111357,0
43932,6964,49046,50896,92978,56010,1
21923,34599,70263,56522,92186,104862,0
82589,17763,52830,100352,135419,70593,0
7623,19242,44063,26865,51686,63305,0
89338,60149,40950,149487,130288,101099,1
44160,83229,9989,127389,54149,93218,0
38000,81500,92693,119500,130693,174193,1
47195,34665,20694,81860,67889,55359,1
2961,37044,89541,40005,92502,126585,0
77747,20510,4497,98257,82244,25007,0
51347,24405,55732,75752,107079,80137,1
98397,38177,36145,136574,134542,74322,0
42779,7183,32041,49962,74820,39224,0
53987,83437,32131,137424,86118,115568,1
57396,78562,63663,135958,121059,142225,1
78101,38466,33883,116567,111984,72349,0
94699,89371,7325,184070,102024,96696,1
98679,22982,49124,121661,147803,72106,0
25593,98268,40667,123861,66260,138935,0
91251,46251,6958,137502,98209,53209,0
40103,96203,19821,136306,59924,116024,0
9520,51025,89679,60545,99199,140704,0
75449,95583,21296,171032,96745,116879,1
97155,70085,48335,167240,145490,118420,1
62701,81325,23895,144026,86596,105220,1
54280,60376,87898,114656,142178,148274,1
89894,83372,98279,173266,188173,181651,1
82556,89254,34214,171810,116770,123468,1
18570,81195,77729,99765,96299,158924,1
455,67992,80857,68447,81312,148849,0
71937,68580,590,140517,72527,69170,0
45603,99043,52539,144646,98142,151582,0
72964,63066,96700,136030,169664,159766,1
65411,12194,71890,77605,137301,84084,1
22828,40579,9773,63407,32601,50352,0
97836,85781,93275,183617,191111,179056,1
61144,87124,18866,148268,80010,105990,0
97551,10217,91249,107768,188800,101466,1
84144,23470,28993,107614,113137,52463,0
76732,30428,24339,107160,101071,54767,0
21292,64551,61792,85843,83084,126343,1
14743,63625,92682,78368,107425,156307,0
58179,23287,21867,81466,80046,45154,0
40335,66978,29614,107313,69949,96592,1
56107,81436,79089,137543,135196,160525,1
28612,36643,75810,65255,104422,112453,0
33681,37332,34168,71013,67849,71500,1
69683,38241,87474,107924,157157,125715,1
7261,20551,77166,27812,84427,97717,0
79001,56381,69859,135382,148860,126240,1
57113,37864,43924,94977,101037,81788,1
29244,30362,97745,59606,126989,128107,0
11958,75204,76772,87162,88730,151976,1
19031,51290,2510,70321,21541,53800,0
5351,56962,6203,62313,11554,63165,0
52360,26416,99053,78776,151413,125469,0
68098,72773,40017,140871,108115,112790,1
50293,68590,35802,118883,86095,104392,1
28833,72586,36484,101419,65317,109070,0
77183,95122,43788,172305,120971,138910,1
32191,96288,98860,128479,131051,195148,1
36902,893,1077,37795,37979,1970,0
27365,82465,51068,109830,78433,133533,0
12889,23871,62740,36760,75629,86611,0
18415,51423,69978,69838,88393,121401,0
49195,7609,67117,56804,116312,74726,0
92651,35492,72941,128143,165592,108433,1
98473,19682,65294,118155,163767,84976,0
39445,39043,78720,78488,118165,117763,0
63357,19988,6527,83345,69884,26515,0
61980,58992,87181,120972,149161,146173,1
8887,19786,30059,28673,38946,49845,0
71998,60278,8110,132276,80108,68388,0
94606,33450,19571,128056,114177,53021,0
98352,45758,22368,144110,120720,68126,0
50078,15071,61804,65149,111882,76875,1
20438,91787,89185,112225,109623,180972,1
1541,55197,65249,56738,66790,120446,0
98608,32943,44286,131551,142894,77229,0
19205,35337,97158,54542,116363,132495,0
30465,17383,73296,47848,103761,90679,0
74200,92955,67432,167155,141632,160387,1
73547,64086,97289,137633,170836,161375,1
52793,92210,52589,145003,105382,144799,1
89220,30970,10105,120190,99325,41075,0
36597,15337,79743,51934,116340,95080,0
4224,31515,76241,35739,80465,107756,0
35791,6622,53926,42413,89717,60548,0
1383,72990,73782,74373,75165,146772,1
92781,28609,96130,121390,188911,124739,1
35204,68593,43737,103797,78941,112330,1
49103,18793,23252,67896,72355,42045,0
13540,62552,97903,76092,111443,160455,0
84301,5476,85499,89777,169800,90975,1
33042,2545,19996,35587,53038,22541,0
31670,29624,50609,61294,82279,80233,1
56357,21317,11357,77674,67714,32674,0
46820,13329,76686,60149,123506,90015,0
16828,16385,53797,33213,70625,70182,0
99779,71917,11003,171696,110782,82920,0
19571,31605,410,51176,19981,32015,0
11166,72876,71283,84042,82449,144159,1
15125,46852,73442,61977,88567,120294,0
3002,97922,57993,100924,60995,155915,0
81233,59688,69032,140921,150265,128720,1
83731,51994,51525,135725,135256,103519,1
1522,45793,62470,47315,63992,108263,0
33773,6811,17766,40584,51539,24577,0
28317,58862,86948,87179,115265,145810,1
56458,39856,35612,96314,92070,75468,1
95056,3872,82756,98928,177812,86628,0
42316,47074,25507,89390,67823,72581,1
93481,47749,43005,141230,136486,90754,0
60374,54057,44183,114431,104557,98240,1
92595,39299,88808,131894,181403,128107,1
54404,47900,28319,102304,82723,76219,1
83240,62243,48677,145483,131917,110920,1
97835,45494,79239,143329,177074,124733,1
19531,35939,14697,55470,34228,50636,0
97616,96147,29531,193763,127147,125678,1
78808,28136,53049,106944,131857,81185,1
25028,449,42298,25477,67326,42747,0
70963,79211,23517,150174,94480,102728,1
27897,9153,27585,37050,55482,36738,1
36301,96041,79688,132342,115989,175729,1
46328,49267,73949,95595,120277,123216,1
9501,56052,81321,65553,90822,137373,0
99117,50823,28542,149940,127659,79365,0
88687,48169,76990,136856,165677,125159,1
80074,59696,67690,139770,147764,127386,1
98139,74104,42312,172243,140451,116416,1
44413,21497,78800,65910,123213,100297,0
21372,90202,21346,111574,42718,111548,0
33228,18991,9382,52219,42610,28373,0
6372,63889,94995,70261,101367,158884,0
41607,40482,1210,82089,42817,41692,1
67871,13595,37167,81466,105038,50762,0
40220,75278,18778,115498,58998,94056,0
72376,13489,98996,85865,171372,112485,0
95307,87971,82327,183278,177634,170298,1
61294,79855,68480,141149,129774,148335,1
35964,29103,71733,65067,107697,100836,0
95462,30498,56867,125960,152329,87365,0
80614,10393,97990,91007,178604,108383,0
17057,7564,17751,24621,34808,25315,1
99558,26901,16577,126459,116135,43478,0
93938,93493,75593,187431,169531,169086,1
28595,9886,55511,38481,84106,65397,0
977,68991,15934,69968,16911,84925,0
14983,64884,37024,79867,52007,101908,0
45853,76201,32483,122054,78336,108684,1
97738,79015,95371,176753,193109,174386,1
29694,77646,73285,107340,102979,150931,1
61804,12561,57100,74365,118904,69661,1
17834,39727,5633,57561,23467,45360,0
77003,54057,18846,131060,95849,72903,0
44855,76293,59859,121148,104714,136152,1
58433,35250,90274,93683,148707,125524,1
2976,35878,99882,38854,102858,135760,0
91755,58077,89117,149832,180872,147194,1
58762,50210,33277,108972,92039,83487,1
64812,38890,13710,103702,78522,52600,0
94875,74796,79734,169671,174609,154530,1
20612,80729,69463,101341,90075,150192,1
89618,72449,40826,162067,130444,113275,1
84997,26974,30799,111971,115796,57773,0
57561,27177,72426,84738,129987,99603,1
48489,92997,23410,141486,71899,116407,0
18801,52104,53909,70905,72710,106013,1
63604,12589,14931,76193,78535,27520,0
61330,55326,9231,116656,70561,64557,1
59826,3933,86481,63759,146307,90414,0
29613,46132,85073,75745,114686,131205,0
2853,41711,59221,44564,62074,100932,0
93705,68610,22373,162315,116078,90983,0
96026,90204,97713,186230,193739,187917,1
29253,23629,92339,52882,121592,115968,0
1828,74493,10223,76321,12051,84716,0
93474,93474,90639,186948,184113,184113,1
170,91037,39257,91207,39427,130294,0
30725,97659,17914,128384,48639,115573,0
24135,97043,12808,121178,36943,109851,0
21775,66635,329,88410,22104,66964,0
12357,87897,85967,100254,98324,173864,1
18710,56823,43292,75533,62002,100115,1
24451,53082,67070,77533,91521,120152,1
81173,13574,10933,94747,92106,24507,0
86987,19966,70330,106953,157317,90296,1
13076,81098,3193,94174,16269,84291,0
43332,75862,86021,119194,129353,161883,1
7634,39413,82384,47047,90018,121797,0
16682,40812,96669,57494,113351,137481,0
19083,16870,68598,35953,87681,85468,0
81293,33665,81562,114958,162855,115227,1
29563,42269,13710,71832,43273,55979,1
9630,22808,84548,32438,94178,107356,0
20354,1149,53327,21503,73681,54476,0
42511,59941,12074,102452,54585,72015,0
67295,6348,8762,73643,76057,15110,0
78766,18108,89726,96874,168492,107834,1
38088,90584,23418,128672,61506,114002,0
58497,45483,80071,103980,138568,125554,1
5652,21280,54516,26932,60168,75796,0
96019,47300,63222,143319,159241,110522,1
68015,65183,95811,133198,163826,160994,1
75985,71728,92258,147713,168243,163986,1
34212,82682,48108,116894,82320,130790,0
99978,79255,62489,179233,162467,141744,1
27491,46631,24491,74122,51982,71122,1
63836,19396,99554,83232,163390,118950,0
41131,67493,66073,108624,107204,133566,1
89958,47690,81195,137648,171153,128885,1
2390,46360,35246,48750,37636,81606,0
35964,14035,2595,49999,38559,16630,0
26432,42659,14814,69091,41246,57473,0
29533,22242,78402,51775,107935,100644,0
10069,52319,62785,62388,72854,115104,0
21411,47093,85312,68504,106723,132405,0
50897,48956,18105,99853,69002,67061,1
34824,79571,71153,114395,105977,150724,1
92955,29290,44226,122245,137181,73516,0
88686,89875,3906,178561,92592,93781,1
66205,66382,29535,132587,95740,95917,1
27251,45321,49284,72572,76535,94605,1
64875,34128,54375,99003,119250,88503,1
6284,73002,22679,79286,28963,95681,0
81032,79432,43909,160464,124941,123341,1
27066,15398,35095,42464,62161,50493,1
81667,48202,28199,129869,109866,76401,0
20717,69724,55555,90441,76272,125279,1
40981,52256,87982,93237,128963,140238,1
78695,98457,62016,177152,140711,160473,1
2948,80548,98075,83496,101023,178623,0
77568,48538,96831,126106,174399,145369,1
87198,27855,66620,115053,153818,94475,1
34352,40300,30041,74652,64393,70341,1
16771,27394,50929,44165,67700,78323,0
66246,50028,92746,116274,158992,142774,1
22785,94587,7232,117372,30017,101819,0
91672,6465,84852,98137,176524,91317,0
25088,28733,3051,53821,28139,31784,0
58510,84700,81725,143210,140235,166425,1
74635,8427,30588,83062,105223,39015,0
72375,74356,18079,146731,90454,92435,1
81724,37671,43313,119395,125037,80984,0
55480,6058,82525,61538,138005,88583,0
40888,35770,5075,76658,45963,40845,0
89351,9444,58037,98795,147388,67481,0
67058,94569,69770,161627,136828,164339,1
92054,52128,36086,144182,128140,88214,0
50549,33110,64605,83659,115154,97715,1
82603,17821,64972,100424,147575,82793,1
50276,60089,2204,110365,52480,62293,0
20257,4210,74528,24467,94785,78738,0
34004,97137,51132,131141,85136,148269,0
50489,9763,13225,60252,63714,22988,0
89353,10810,95997,100163,185350,106807,1
28746,4687,91233,33433,119979,95920,0
95425,27801,62776,123226,158201,90577,0
34024,50086,60086,84110,94110,110172,1
67804,81198,85456,149002,153260,166654,1
15417,73311,86103,88728,101520,159414,1
23342,45792,52335,69134,75677,98127,1
10500,97907,66353,108407,76853,164260,0
44216,90682,31504,134898,75720,122186,0
15396,38652,58927,54048,74323,97579,0
8385,53249,85840,61634,94225,139089,0
84277,84790,78298,169067,162575,163088,1
85307,89529,43176,174836,128483,132705,1
84433,60527,63527,144960,147960,124054,1
55471,69867,16472,125338,71943,86339,1
49034,11293,7616,60327,56650,18909,0
14974,80688,22501,95662,37475,103189,0
86180,63934,90204,150114,176384,154138,1
87500,52172,99526,139672,187026,151698,1
11070,92688,57099,103758,68169,149787,0
17917,73813,21335,91730,39252,95148,0
12936,29325,38224,42261,51160,67549,1
7059,49569,42706,56628,49765,92275,1
95809,22481,90320,118290,186129,112801,1
63481,67745,81140,131226,144621,148885,1
50095,75639,66732,125734,116827,142371,1
80776,34666,43830,115442,124606,78496,0
2773,5424,27830,8197,30603,33254,0
3566,58934,82867,62500,86433,141801,0
82021,26958,70269,108979,152290,97227,1
3667,46128,366,49795,4033,46494,0
5818,89029,95154,94847,100972,184183,0
97161,62777,87346,159938,184507,150123,1
46898,12413,75580,59311,122478,87993,0
65486,15939,51197,81425,116683,67136,1
19947,61183,22137,81130,42084,83320,0
79417,13787,77663,93204,157080,91450,1
5659,47248,27447,52907,33106,74695,0
89888,48408,46638,138296,136526,95046,1
88230,98148,32496,186378,120726,130644,1
43786,80681,44713,124467,88499,125394,1
38048,49801,24138,87849,62186,73939,1
63501,56621,20133,120122,83634,76754,1
69303,8068,37182,77371,106485,45250,0
73352,53460,80827,126812,154179,134287,1
50944,58054,46315,108998,97259,104369,1
15754,30659,86337,46413,102091,116996,0
54238,54732,2268,108970,56506,57000,1
41480,39380,17368,80860,58848,56748,1
1885,36225,81241,38110,83126,117466,0
70983,97943,80104,168926,151087,178047,1
860,13521,16508,14381,17368,30029,0
69636,69246,58941,138882,128577,128187,1
70761,43936,33128,114697,103889,77064,1
29985,37078,34095,67063,64080,71173,1
68771,95275,15191,164046,83962,110466,0
54553,7549,21084,62102,75637,28633,0
84453,87980,330,172433,84783,88310,0
43358,53885,70107,97243,113465,123992,1
48050,79132,84899,127182,132949,164031,1
94822,97275,61519,192097,156341,158794,1
35139,5800,60293,40939,95432,66093,0
44154,63349,58664,107503,102818,122013,1
40292,25412,97442,65704,137734,122854,0
78474,89179,53995,167653,132469,143174,1
11430,41641,30054,53071,41484,71695,0
45847,32158,22002,78005,67849,54160,1
64768,6261,8967,71029,73735,15228,0
69232,94099,95348,163331,164580,189447,1
22797,7815,40125,30612,62922,47940,0
26702,6882,80737,33584,107439,87619,0
40102,97128,3551,137230,43653,100679,0
68972,77336,92047,146308,161019,169383,1
58889,95659,46584,154548,105473,142243,1
56457,42872,9341,99329,65798,52213,0
66945,64468,76780,131413,143725,141248,1
66776,29255,88736,96031,155512,117991,1
69982,96720,18861,166702,88843,115581,0
66225,93703,71560,159928,137785,165263,1
2976,79122,5757,82098,8733,84879,0
12772,78507,31422,91279,44194,109929,0
88630,8150,30999,96780,119629,39149,0
55178,11960,10743,67138,65921,22703,0
29356,91489,18595,120845,47951,110084,0
15568,56619,16009,72187,31577,72628,0
6567,88671,54960,95238,61527,143631,0
4000,16980,87390,20980,91390,104370,0
72863,97618,5158,170481,78021,102776,0
69752,37325,39244,107077,108996,76569,1
8589,31031,48859,39620,57448,79890,0
34522,35235,25965,69757,60487,61200,1
79248,64447,60543,143695,139791,124990,1
263,56746,81879,57009,82142,138625,0
13957,23043,69978,37000,83935,93021,0
63465,53207,70531,116672,133996,123738,1
57799,86467,43758,144266,101557,130225,1
89623,76606,35152,166229,124775,111758,1
80355,10220,7080,90575,87435,17300,0
37695,17193,37608,54888,75303,54801,1
28635,56555,41904,85190,70539,98459,1
74844,51794,47391,126638,122235,99185,1
40974,54955,41034,95929,82008,95989,1
80935,65398,67131,146333,148066,132529,1
25718,33637,7070,59355,32788,40707,0
16990,54763,28146,71753,45136,82909,0
94949,69060,38085,164009,133034,107145,1
47084,36109,5843,83193,52927,41952,0
8355,95814,86410,104169,94765,182224,0
52753,10877,93102,63630,145855,103979,0
43022,93948,40202,136970,83224,134150,0
16253,76851,97075,93104,113328,173926,0
84798,8246,25558,93044,110356,33804,0
46360,94266,83792,140626,130152,178058,1
36881,68985,18670,105866,55551,87655,0
1493,7824,32928,9317,34421,40752,0
52119,56058,4171,108177,56290,60229,1
55877,98972,54958,154849,110835,153930,1
67520,67019,35964,134539,103484,102983,1
42332,70015,71150,112347,113482,141165,1
14531,35492,18007,50023,32538,53499,0
54852,14282,18379,69134,73231,32661,0
78492,24437,62269,102929,140761,86706,1
33132,82157,58301,115289,91433,140458,1
86501,4054,66389,90555,152890,70443,0
66086,73635,23080,139721,89166,96715,1
59856,64359,98385,124215,158241,162744,1
78515,72541,32944,151056,111459,105485,1
25319,22084,81080,47403,106399,103164,0
82243,41918,5923,124161,88166,47841,0
76622,24791,97352,101413,173974,122143,1
68547,1182,61549,69729,130096,62731,0
25580,99326,96809,124906,122389,196135,1
65180,69198,95369,134378,160549,164567,1
86295,68586,11566,154881,97861,80152,0
66259,94523,54477,160782,120736,149000,1
12925,6294,98572,19219,111497,104866,0
68563,11100,61899,79663,130462,72999,1
47586,82796,347,130382,47933,83143,0
8980,2392,98656,11372,107636,101048,0
7586,74832,59119,82418,66705,133951,0
86875,8734,56255,95609,143130,64989,0
34273,71786,4124,106059,38397,75910,0
15094,60143,53191,75237,68285,113334,1
45101,98067,87751,143168,132852,185818,1
41316,83237,22579,124553,63895,105816,0
93562,45404,90119,138966,183681,135523,1
52066,37871,45700,89937,97766,83571,1
94846,81599,1807,176445,96653,83406,0
55957,70534,91570,126491,147527,162104,1
29698,25530,66568,55228,96266,92098,0
68006,9178,32799,77184,100805,41977,0
82727,33707,86651,116434,169378,120358,1
17321,77040,23619,94361,40940,100659,0
61166,60988,45703,122154,106869,106691,1
67841,86026,83965,153867,151806,169991,1
9219,8010,91610,17229,100829,99620,0
58239,76820,71782,135059,130021,148602,1
16739,37733,43988,54472,60727,81721,1
60331,30030,5527,90361,65858,35557,0
79144,66249,94472,145393,173616,160721,1
19565,18884,14850,38449,34415,33734,1
5358,91913,28154,97271,33512,120067,0
29899,90329,90462,120228,120361,180791,1
92589,85640,59398,178229,151987,145038,1
40227,69261,11995,109488,52222,81256,0
92553,24339,56257,116892,148810,80596,0
83221,4973,4141,88194,87362,9114,0
10743,78413,40039,89156,50782,118452,0
49443,202,46819,49645,96262,47021,0
19426,98354,57850,117780,77276,156204,0
10136,4137,45290,14273,55426,49427,0
11281,88962,68303,100243,79584,157265,0
83656,88919,91162,172575,174818,180081,1
22969,56810,91029,79779,113998,147839,0
75628,10001,52491,85629,128119,62492,0
78481,23740,37582,102221,116063,61322,0
55983,80201,5153,136184,61136,85354,0
95899,27072,23495,122971,119394,50567,0
33081,25378,80675,58459,113756,106053,0
15367,6012,83270,21379,98637,89282,0
47716,87485,79351,135201,127067,166836,1
71084,52638,75818,123722,146902,128456,1
15596,83042,68577,98638,84173,151619,1
643,77450,17748,78093,18391,95198,0
2450,50977,76994,53427,79444,127971,0
16600,58867,84574,75467,101174,143441,0
60589,41531,2944,102120,63533,44475,0
38370,33092,65629,71462,103999,98721,1
17171,12289,64389,29460,81560,76678,0
83952,20613,93853,104565,177805,114466,1
38429,48498,43511,86927,81940,92009,1
70814,72700,36353,143514,107167,109053,1
26502,14629,35739,41131,62241,50368,1
93411,37979,31698,131390,125109,69677,0
53558,62936,74199,116494,127757,137135,1
23881,87462,14657,111343,38538,102119,0
49201,35614,72639,84815,121840,108253,1
77249,6047,71842,83296,149091,77889,1
54324,35262,32948,89586,87272,68210,1
55541,17799,14385,73340,69926,32184,0
19540,61167,82445,80707,101985,143612,0
5175,81275,70311,86450,75486,151586,0
81936,10626,13614,92562,95550,24240,0
30992,56907,45600,87899,76592,102507,1
78034,84438,12080,162472,90114,96518,1
55656,30097,2745,85753,58401,32842,0
61421,21282,69077,82703,130498,90359,1
79509,80942,42268,160451,121777,123210,1
60209,41139,88674,101348,148883,129813,1
25383,31782,84586,57165,109969,116368,0
35295,83451,99763,118746,135058,183214,1
44080,89386,28594,133466,72674,117980,0
3616,33431,19591,37047,23207,53022,0
66071,58777,19967,124848,86038,78744,1
89606,83911,47300,173517,136906,131211,1
13492,92715,49824,106207,63316,142539,0
13875,50245,10,64120,13885,50255,0
60719,17960,5156,78679,65875,23116,0
82020,31042,90793,113062,172813,121835,1
21819,95260,8045,117079,29864,103305,0
22674,82464,3361,105138,26035,85825,0
44172,67125,8720,111297,52892,75845,0
87618,23447,10825,111065,98443,34272,0
18720,11660,94802,30380,113522,106462,0
45558,83996,8126,129554,53684,92122,0
45962,866,11525,46828,57487,12391,0
43716,98182,3118,141898,46834,101300,0
34540,92055,23654,126595,58194,115709,0
41605,79280,6399,120885,48004,85679,0
93325,66116,8725,159441,102050,74841,0
16662,50736,7881,67398,24543,58617,0
2667,99096,69813,101763,72480,168909,0
26672,82721,25705,109393,52377,108426,0
36462,15145,44567,51607,81029,59712,1
69791,1966,76226,71757,146017,78192,0
51890,84210,75152,136100,127042,159362,1
28692,26140,95850,54832,124542,121990,0
64457,57668,11352,122125,75809,69020,1
70539,62848,72779,133387,143318,135627,1
87510,92601,47710,180111,135220,140311,1
80553,60952,28019,141505,108572,88971,1
66666,49681,8072,116347,74738,57753,0
25523,23853,30203,49376,55726,54056,1
95128,66328,9173,161456,104301,75501,0
66060,99732,45601,165792,111661,145333,1
98933,13528,7049,112461,105982,20577,0
94714,33823,11708,128537,106422,45531,0
3255,43883,56229,47138,59484,100112,0
56839,79632,4692,136471,61531,84324,0
6653,78706,11132,85359,17785,89838,0
26728,10862,17314,37590,44042,28176,1
21993,9719,63973,31712,85966,73692,0
83645,49725,97836,133370,181481,147561,1
265,78659,54893,78924,55158,133552,0
30729,94925,38895,125654,69624,133820,0
16442,15076,18401,31518,34843,33477,1
42552,92957,15684,135509,58236,108641,0
31272,49342,92878,80614,124150,142220,0
14727,34258,23763,48985,38490,58021,1
14958,7947,16510,22905,31468,24457,1
77218,61461,48654,138679,125872,110115,1
57542,7930,76028,65472,133570,83958,0
75022,94391,94682,169413,169704,189073,1
60738,9939,96242,70677,156980,106181,0
17086,42611,65311,59697,82397,107922,0
42745,98472,32487,141217,75232,130959,0
56403,61411,90375,117814,146778,151786,1
77636,41430,89634,119066,167270,131064,1
57060,17309,33411,74369,90471,50720,0
69819,8910,14817,78729,84636,23727,0
1621,82189,76613,83810,78234,158802,0
68526,71028,1454,139554,69980,72482,0
30930,71993,54153,102923,85083,126146,1
33953,72027,37159,105980,71112,109186,0
11414,14374,13853,25788,25267,28227,1
26412,79641,50280,106053,76692,129921,0
10466,45091,60157,55557,70623,105248,0
79136,35423,99359,114559,178495,134782,1
32145,55676,64062,87821,96207,119738,1
27943,25700,58087,53643,86030,83787,0
17008,34308,74084,51316,91092,108392,0
62573,18288,95051,80861,157624,113339,0
1771,20685,65871,22456,67642,86556,0
2433,53096,81475,55529,83908,134571,0
29618,18479,776,48097,30394,19255,0
39424,11015,32607,50439,72031,43622,1
27278,44905,75251,72183,102529,120156,0
72402,77085,31597,149487,103999,108682,1
47334,24485,25855,71819,73189,50340,1
2359,4463,93081,6822,95440,97544,0
9963,795,61833,10758,71796,62628,0
51907,89366,53466,141273,105373,142832,1
10235,13426,21601,23661,31836,35027,1
31788,20363,2229,52151,34017,22592,0
69442,3757,19674,73199,89116,23431,0
52828,20040,29210,72868,82038,49250,0
86355,38111,23677,124466,110032,61788,0
67416,74540,57801,141956,125217,132341,1
98647,2395,31261,101042,129908,33656,0
54472,5772,70642,60244,125114,76414,0
74924,93554,39107,168478,114031,132661,1
7798,79182,30875,86980,38673,110057,0
74804,48706,30680,123510,105484,79386,1
85112,26796,27680,111908,112792,54476,0
17940,19577,44108,37517,62048,63685,0
61177,60432,52687,121609,113864,113119,1
11910,27476,45573,39386,57483,73049,0
74295,18039,12962,92334,87257,31001,0
10634,86519,43383,97153,54017,129902,0
99860,51805,92920,151665,192780,144725,1
64155,47090,55058,111245,119213,102148,1
93111,33292,88018,126403,181129,121310,1
50769,50167,22368,100936,73137,72535,1
92344,93777,51997,186121,144341,145774,1
62396,97169,96945,159565,159341,194114,1
85779,4493,12159,90272,97938,16652,0
85041,22029,49065,107070,134106,71094,0
1328,72466,51416,73794,52744,123882,0
34452,90575,3370,125027,37822,93945,0
42890,51716,63641,94606,106531,115357,1
65158,69339,49372,134497,114530,118711,1
93411,33200,90521,126611,183932,123721,1
73292,29700,60892,102992,134184,90592,1
71229,62810,24737,134039,95966,87547,1
82355,40136,32619,122491,114974,72755,0
80479,5018,16364,85497,96843,21382,0
34008,43044,47683,77052,81691,90727,1
34571,985,16267,35556,50838,17252,0
46554,67693,57790,114247,104344,125483,1
41004,89382,12356,130386,53360,101738,0
76816,60468,78307,137284,155123,138775,1
57111,41626,90285,98737,147396,131911,1
84200,38367,36847,122567,121047,75214,0
64962,71253,42671,136215,107633,113924,1
92122,80457,21235,172579,113357,101692,1
29834,64422,46859,94256,76693,111281,1
12960,98311,69380,111271,82340,167691,0
2413,28518,42301,30931,44714,70819,0
67506,24598,25995,92104,93501,50593,0
60026,20790,13576,80816,73602,34366,0
21200,66872,62641,88072,83841,129513,1
78144,33751,91265,111895,169409,125016,1
68683,2744,88333,71427,157016,91077,0
43825,86854,38335,130679,82160,125189,0
5144,54633,69047,59777,74191,123680,0
50224,84003,34427,134227,84651,118430,1
64410,13824,72386,78234,136796,86210,1
14459,87268,74970,101727,89429,162238,1
53193,69949,71261,123142,124454,141210,1
83536,39957,74457,123493,157993,114414,1
64010,97675,99458,161685,163468,197133,1
58080,32986,46680,91066,104760,79666,1
76352,28636,37790,104988,114142,66426,0
35182,9797,14311,44979,49493,24108,0
23048,37972,13946,61020,36994,51918,0
2871,64686,92073,67557,94944,156759,0
61573,76768,24179,138341,85752,100947,1
10628,79419,48473,90047,59101,127892,0
13284,42852,33541,56136,46825,76393,1
24227,12169,57848,36396,82075,70017,0
58854,74914,28267,133768,87121,103181,1
14536,84236,10653,98772,25189,94889,0
56857,40478,77397,97335,134254,117875,1
54293,15153,40429,69446,94722,55582,1
88558,12085,85044,100643,173602,97129,1
68566,24057,44750,92623,113316,68807,1
25891,27972,70766,53863,96657,98738,0
31558,25627,40742,57185,72300,66369,1
75067,56652,76588,131719,151655,133240,1
69626,78799,13377,148425,83003,92176,1
92660,11387,43510,104047,136170,54897,0
74037,27520,40382,101557,114419,67902,0
6084,67888,9095,73972,15179,76983,0
5225,31546,80352,36771,85577,111898,0
77799,96120,7310,173919,85109,103430,0
73034,46465,75310,119499,148344,121775,1
97362,73695,84447,171057,181809,158142,1
88983,51233,58051,140216,147034,109284,1
63699,86504,86028,150203,149727,172532,1
677,23896,73555,24573,74232,97451,0
47179,70197,37640,117376,84819,107837,1
15380,92666,38715,108046,54095,131381,0
93967,8120,56172,102087,150139,64292,0
15544,55261,66203,70805,81747,121464,1
180,24055,91710,24235,91890,115765,0
72634,14995,45008,87629,117642,60003,0
99825,90241,30438,190066,130263,120679,1
81801,30252,49841,112053,131642,80093,0
98707,71967,60860,170674,159567,132827,1
36781,33246,91697,70027,128478,124943,0
27316,82025,23596,109341,50912,105621,0
50668,60234,25980,110902,76648,86214,1
7148,47512,66681,54660,73829,114193,0
38623,18221,21802,56844,60425,40023,1
92185,40314,62117,132499,154302,102431,1
48461,68822,94180,117283,142641,163002,1
59159,60448,2555,119607,61714,63003,1
69143,6309,93609,75452,162752,99918,0
71221,14771,96635,85992,167856,111406,0
83293,92831,61437,176124,144730,154268,1
86678,76618,75951,163296,162629,152569,1
45889,48701,53485,94590,99374,102186,1
64139,20745,27324,84884,91463,48069,0
52421,70395,35762,122816,88183,106157,1
37285,12897,71741,50182,109026,84638,0
1492,13177,35608,14669,37100,48785,0
37664,60025,33470,97689,71134,93495,1
10284,43726,88798,54010,99082,132524,0
25264,96491,64382,121755,89646,160873,0
38975,87756,38415,126731,77390,126171,0
51272,45598,90551,96870,141823,136149,1
99242,61856,44268,161098,143510,106124,1
96607,65405,86161,162012,182768,151566,1
97233,61202,24850,158435,122083,86052,0
97692,21667,31986,119359,129678,53653,0
42321,77612,19446,119933,61767,97058,0
58683,44044,39942,102727,98625,83986,1
43669,75580,68274,119249,111943,143854,1
99943,49029,62933,148972,162876,111962,1
44932,83425,17087,128357,62019,100512,0
19346,6686,27687,26032,47033,34373,0
64286,27894,1899,92180,66185,29793,0
98323,58363,87318,156686,185641,145681,1
61031,77409,39292,138440,100323,116701,1
71095,31172,20651,102267,91746,51823,0
79896,53708,32853,133604,112749,86561,1
67073,7020,89379,74093,156452,96399,0
55469,42526,34560,97995,90029,77086,1
90511,48502,16618,139013,107129,65120,0
50707,16053,37871,66760,88578,53924,1
68322,90210,94705,158532,163027,184915,1
79787,74725,6154,154512,85941,80879,1
69851,33313,97621,103164,167472,130934,1
58511,9315,81690,67826,140201,91005,0
63299,43496,95960,106795,159259,139456,1
33435,79665,34638,113100,68073,114303,0
74652,40399,94941,115051,169593,135340,1
74067,66844,61963,140911,136030,128807,1
62651,55681,59535,118332,122186,115216,1
78112,8283,79942,86395,158054,88225,1
91410,87639,48464,179049,139874,136103,1
10887,90339,53975,101226,64862,144314,0
27845,96088,53789,123933,81634,149877,0
52056,34972,92212,87028,144268,127184,0
92457,89586,49952,182043,142409,139538,1
50378,38937,61269,89315,111647,100206,1
7815,58860,89464,66675,97279,148324,0
14247,43387,62464,57634,76711,105851,0
93502,22728,4545,116230,98047,27273,0
95990,24739,70256,120729,166246,94995,0
19037,10537,19304,29574,38341,29841,1
95210,48698,92366,143908,187576,141064,1
12427,63296,21178,75723,33605,84474,0
14236,94177,48425,108413,62661,142602,0
90751,82395,44112,173146,134863,126507,1
92948,7477,41865,100425,134813,49342,0
19368,89808,67,109176,19435,89875,0
22914,8500,75329,31414,98243,83829,0
65461,83117,94278,148578,159739,177395,1
9973,51782,11725,61755,21698,63507,0
26762,95455,88768,122217,115530,184223,1
53904,45480,34076,99384,87980,79556,1
13724,48167,18647,61891,32371,66814,0
38120,97282,75956,135402,114076,173238,1
92754,81588,26703,174342,119457,108291,1
24399,43906,33656,68305,58055,77562,1
67511,44308,82000,111819,149511,126308,1
63252,77472,98479,140724,161731,175951,1
87680,13107,94015,100787,181695,107122,1
67975,10899,42200,78874,110175,53099,0
77727,50894,84866,128621,162593,135760,1
71897,80445,37290,152342,109187,117735,1
11727,81371,34001,93098,45728,115372,0
33256,4528,34317,37784,67573,38845,1
26079,44114,73273,70193,99352,117387,0
28091,43472,32516,71563,60607,75988,1
22564,45784,3203,68348,25767,48987,0
75789,89784,14480,165573,90269,104264,1
20421,4378,81917,24799,102338,86295,0
94188,48197,28387,142385,122575,76584,0
19794,36982,67806,56776,87600,104788,0
78667,28462,10404,107129,89071,38866,0
92999,16930,81508,109929,174507,98438,1
66169,87182,83585,153351,149754,170767,1
73862,51036,23822,124898,97684,74858,1
51975,85866,1762,137841,53737,87628,0
4019,19103,31281,23122,35300,50384,0
97582,90834,73,188416,97655,90907,0
57976,55902,68954,113878,126930,124856,1
63966,48833,13103,112799,77069,61936,0
51122,20690,34582,71812,85704,55272,1
93197,52506,27938,145703,121135,80444,0
47942,38029,14120,85971,62062,52149,1
93389,34834,49059,128223,142448,83893,0
8693,95045,77672,103738,86365,172717,0
4751,86287,77183,91038,81934,163470,0
87120,68925,24989,156045,112109,93914,1
77259,55848,79828,133107,157087,135676,1
47799,31505,56678,79304,104477,88183,1
53309,37888,85979,91197,139288,123867,1
20160,55726,86549,75886,106709,142275,0
9665,71127,88640,80792,98305,159767,0
16945,63373,60317,80318,77262,123690,1
75282,99775,24561,175057,99843,124336,1
61941,62743,42875,124684,104816,105618,1
27999,48604,62397,76603,90396,111001,1
24593,6106,92185,30699,116778,98291,0
86102,81871,73899,167973,160001,155770,1
73729,96301,50291,170030,124020,146592,1
21091,69113,61472,90204,82563,130585,1
20091,79497,56626,99588,76717,136123,0
60872,90054,32003,150926,92875,122057,1
31527,38693,24741,70220,56268,63434,1
59542,4314,28962,63856,88504,33276,0
62635,32943,94244,95578,156879,127187,1
68511,14514,40834,83025,109345,55348,0
48476,6793,19168,55269,67644,25961,0
46944,44081,42007,91025,88951,86088,1
66423,60030,10899,126453,77322,70929,1
29220,41470,98005,70690,127225,139475,0
36307,74666,65716,110973,102023,140382,1
28022,9555,69717,37577,97739,79272,0
26141,17874,20629,44015,46770,38503,1
28031,87933,59153,115964,87184,147086,0
64808,24592,14405,89400,79213,38997,0
13814,20565,84944,34379,98758,105509,0
28326,49414,6931,77740,35257,56345,0
23739,4670,72875,28409,96614,77545,0
62774,99997,22310,162771,85084,122307,0
70979,71376,93896,142355,164875,165272,1
89612,45129,33266,134741,122878,78395,0
27461,29610,72799,57071,100260,102409,0
74543,34688,76879,109231,151422,111567,1
84584,48541,56192,133125,140776,104733,1
59101,9025,7371,68126,66472,16396,0
6378,37339,75217,43717,81595,112556,0
12282,67784,97420,80066,109702,165204,0
68583,28326,2750,96909,71333,31076,0
3056,22935,31902,25991,34958,54837,0
39454,89715,65808,129169,105262,155523,1
27768,89639,95015,117407,122783,184654,1
12723,40517,37026,53240,49749,77543,1
33518,56992,41568,90510,75086,98560,1
49169,40754,70279,89923,119448,111033,1
74000,28804,29106,102804,103106,57910,0
10352,12523,68610,22875,78962,81133,0
62442,42358,49887,104800,112329,92245,1
31961,648,17419,32609,49380,18067,0
40313,78576,3728,118889,44041,82304,0
18894,68853,17021,87747,35915,85874,0
84915,75026,86561,159941,171476,161587,1
13973,84417,89104,98390,103077,173521,1
18783,43813,74850,62596,93633,118663,0
41843,10677,5661,52520,47504,16338,0
53209,72591,29932,125800,83141,102523,1
83782,97308,65381,181090,149163,162689,1
8589,46379,22696,54968,31285,69075,0
59248,77049,45957,136297,105205,123006,1
63680,63808,4257,127488,67937,68065,1
97215,36712,44099,133927,141314,80811,0
89103,36625,85861,125728,174964,122486,1
18364,47924,40392,66288,58756,88316,1
2799,6555,51603,9354,54402,58158,0
63799,50786,15849,114585,79648,66635,1
43822,30188,11505,74010,55327,41693,0
12117,81245,13256,93362,25373,94501,0
13745,23918,92246,37663,105991,116164,0
31195,9895,32134,41090,63329,42029,1
73681,71188,9882,144869,83563,81070,1
76290,47164,129,123454,76419,47293,0
19924,18547,96731,38471,116655,115278,0
15401,97441,39287,112842,54688,136728,0
27883,26600,85993,54483,113876,112593,0
52641,6483,91585,59124,144226,98068,0
22292,79876,12594,102168,34886,92470,0
49909,66683,42722,116592,92631,109405,1
29461,16388,71183,45849,100644,87571,0
37761,85530,57995,123291,95756,143525,1
88239,7222,2486,95461,90725,9708,0
36393,93452,86850,129845,123243,180302,1
73418,64266,30189,137684,103607,94455,1
41322,50002,75114,91324,116436,125116,1
6774,66059,15210,72833,21984,81269,0
84774,56816,62032,141590,146806,118848,1
85536,99563,56909,185099,142445,156472,1
94543,23502,57121,118045,151664,80623,0
31621,27853,68793,59474,100414,96646,0
9578,10064,61128,19642,70706,71192,0
9073,98415,97541,107488,106614,195956,1
96811,76101,44382,172912,141193,120483,1
62707,99426,60832,162133,123539,160258,1
15822,78832,9020,94654,24842,87852,0
64899,59637,36052,124536,100951,95689,1
20703,57384,44764,78087,65467,102148,1
3650,55960,77312,59610,80962,133272,0
14689,94170,13347,108859,28036,107517,0
98757,49289,59607,148046,158364,108896,1
89198,32763,2826,121961,92024,35589,0
82850,7875,55854,90725,138704,63729,0
36756,53963,14637,90719,51393,68600,0
72686,49797,1393,122483,74079,51190,0
4567,44535,12525,49102,17092,57060,0
79003,62340,55645,141343,134648,117985,1
27792,35080,89924,62872,117716,125004,0
10960,17941,8941,28901,19901,26882,1
23389,55378,33612,78767,57001,88990,1
44026,97725,29287,141751,73313,127012,0
52572,46011,94498,98583,147070,140509,1
26028,75652,37068,101680,63096,112720,0
60186,18892,62997,79078,123183,81889,1
52769,3458,94865,56227,147634,98323,0
62540,64681,36122,127221,98662,100803,1
53441,75218,76166,128659,129607,151384,1
25067,94158,20047,119225,45114,114205,0
915,59597,87750,60512,88665,147347,0
1269,88868,74284,90137,75553,163152,0
34348,80996,93440,115344,127788,174436,1
7478,20386,6928,27864,14406,27314,0
6752,73361,15723,80113,22475,89084,0
86719,87737,88875,174456,175594,176612,1
99902,33530,82331,133432,182233,115861,1
28445,21898,17987,50343,46432,39885,1
38542,53833,84563,92375,123105,138396,1
21049,35304,86992,56353,108041,122296,0
94869,93009,34396,187878,129265,127405,1
75557,89289,56871,164846,132428,146160,1
37412,30780,13827,68192,51239,44607,1
28652,69765,99929,98417,128581,169694,0
20526,21395,16381,41921,36907,37776,1
13826,52967,34202,66793,48028,87169,0
59741,16711,73359,76452,133100,90070,1
2802,34937,13346,37739,16148,48283,0
27199,7499,63732,34698,90931,71231,0
23837,34317,15701,58154,39538,50018,1
95253,96570,60088,191823,155341,156658,1
78259,12404,31903,90663,110162,44307,0
51,94430,15636,94481,15687,110066,0
65010,72741,86092,137751,151102,158833,1
88358,4757,50863,93115,139221,55620,0
11842,69505,8090,81347,19932,77595,0
31406,85065,59811,116471,91217,144876,1
16625,8140,9656,24765,26281,17796,1
20706,61336,20951,82042,41657,82287,0
21005,43485,75662,64490,96667,119147,0
31202,52413,34492,83615,65694,86905,1
77932,74252,30411,152184,108343,104663,1
85757,16499,23108,102256,108865,39607,0
52777,55527,12463,108304,65240,67990,1
20276,32292,29762,52568,50038,62054,1
20825,68722,19109,89547,39934,87831,0
71064,84762,27100,155826,98164,111862,1
4917,16867,39170,21784,44087,56037,0
77441,84292,14500,161733,91941,98792,1
97194,11944,55060,109138,152254,67004,0
48205,85875,55709,134080,103914,141584,1
60822,68084,64226,128906,125048,132310,1
70206,61895,73270,132101,143476,135165,1
44096,5764,39898,49860,83994,45662,1
81446,1335,58978,82781,140424,60313,0
13458,59591,32466,73049,45924,92057,0
71732,97653,11097,169385,82829,108750,0
16462,92020,68473,108482,84935,160493,0
81748,28394,65050,110142,146798,93444,1
3837,20932,49604,24769,53441,70536,0
60580,39239,23432,99819,84012,62671,1
37288,84884,60130,122172,97418,145014,1
50123,6965,96116,57088,146239,103081,0
4509,67259,42904,71768,47413,110163,0
84257,51259,96781,135516,181038,148040,1
38066,39390,59730,77456,97796,99120,1
54933,42928,58787,97861,113720,101715,1
74808,2341,30411,77149,105219,32752,0
7417,72347,10037,79764,17454,82384,0
78359,80495,82289,158854,160648,162784,1
62759,42527,52212,105286,114971,94739,1
60671,41552,78790,102223,139461,120342,1
68340,71969,30265,140309,98605,102234,1
90131,35783,77206,125914,167337,112989,1
48440,5745,45581,54185,94021,51326,1
78052,63676,41852,141728,119904,105528,1
39642,50987,58445,90629,98087,109432,1
37089,14414,62560,51503,99649,76974,0
82070,68943,55453,151013,137523,124396,1
77335,93365,65471,170700,142806,158836,1
86523,53928,41382,140451,127905,95310,1
10569,23636,91634,34205,102203,115270,0
76525,36759,36097,113284,112622,72856,0
46859,78099,9355,124958,56214,87454,0
62731,80790,70979,143521,133710,151769,1
15483,81201,52425,96684,67908,133626,0
493,54626,69653,55119,70146,124279,0
35855,92371,18103,128226,53958,110474,0
32504,20345,46261,52849,78765,66606,1
23235,36615,37095,59850,60330,73710,1
92575,79758,12841,172333,105416,92599,1
74168,85043,66308,159211,140476,151351,1
52851,73939,80721,126790,133572,154660,1
25597,43508,89694,69105,115291,133202,0
54140,59908,75933,114048,130073,135841,1
41744,31351,89230,73095,130974,120581,0
86956,13937,92649,100893,179605,106586,1
47647,73015,65667,120662,113314,138682,1
66103,57703,14374,123806,80477,72077,1
28934,66274,75732,95208,104666,142006,1
10565,2735,23087,13300,33652,25822,0
30688,1291,84151,31979,114839,85442,0
62031,97688,27291,159719,89322,124979,0
71087,90832,71683,161919,142770,162515,1
95374,72325,22020,167699,117394,94345,0
89785,16211,33569,105996,123354,49780,0
79038,25014,95731,104052,174769,120745,1
50261,67481,39477,117742,89738,106958,1
29133,10750,31524,39883,60657,42274,1
48816,82127,92153,130943,140969,174280,1
5343,20503,92765,25846,98108,113268,0
1117,53464,74891,54581,76008,128355,0
15855,24435,35525,40290,51380,59960,1
45418,16014,63875,61432,109293,79889,0
58940,82458,99699,141398,158639,182157,1
92856,80343,73556,173199,166412,153899,1
35211,57478,16600,92689,51811,74078,0
15592,99807,23,115399,15615,99830,0
87330,23291,74851,110621,162181,98142,1
75640,53074,78430,128714,154070,131504,1
8342,25118,80529,33460,88871,105647,0
14392,52784,57183,67176,71575,109967,1
10514,40227,49722,50741,60236,89949,1
56282,30900,86289,87182,142571,117189,1
13911,31939,11621,45850,25532,43560,0
31335,98616,40861,129951,72196,139477,0
4436,11032,21307,15468,25743,32339,0
2208,22599,65401,24807,67609,88000,0
54369,46399,86021,100768,140390,132420,1
15079,51349,41529,66428,56608,92878,1
97868,33931,26091,131799,123959,60022,0
35732,6492,63271,42224,99003,69763,0
46182,75328,69456,121510,115638,144784,1
49782,64206,43058,113988,92840,107264,1
33576,69964,88415,103540,121991,158379,1
8737,84726,42445,93463,51182,127171,0
75069,93141,99376,168210,174445,192517,1
29707,7461,18156,37168,47863,25617,0
88359,39697,22270,128056,110629,61967,0
70642,92992,30481,163634,101123,123473,1
60186,70920,26985,131106,87171,97905,1
28451,71762,65682,100213,94133,137444,1
88652,6081,26711,94733,115363,32792,0
85438,3934,92121,89372,177559,96055,0
76479,27802,54566,104281,131045,82368,1
39078,45885,21290,84963,60368,67175,1
83687,55010,49602,138697,133289,104612,1
11901,14048,85728,25949,97629,99776,0
99251,92815,44604,192066,143855,137419,1
59586,52569,20683,112155,80269,73252,1
72391,71608,14341,143999,86732,85949,1
85989,9167,48714,95156,134703,57881,0
38998,2537,36320,41535,75318,38857,0
44998,70118,13015,115116,58013,83133,0
8488,72552,3658,81040,12146,76210,0
2893,33580,64748,36473,67641,98328,0
5033,21214,84355,26247,89388,105569,0
50464,7771,86568,58235,137032,94339,0
90661,49713,16067,140374,106728,65780,0
78728,24545,31627,103273,110355,56172,0
29042,87099,92748,116141,121790,179847,1
97828,3643,81846,101471,179674,85489,0
35840,73008,43044,108848,78884,116052,1
52766,57685,42597,110451,95363,100282,1
52820,92866,39978,145686,92798,132844,0
67182,79786,47162,146968,114344,126948,1
17079,22843,35670,39922,52749,58513,1
30243,52488,48811,82731,79054,101299,1
9628,82175,35491,91803,45119,117666,0
65767,84899,83979,150666,149746,168878,1
29834,33073,56539,62907,86373,89612,1
75475,92731,45901,168206,121376,138632,1
47153,36460,24417,83613,71570,60877,1
54171,23282,50924,77453,105095,74206,1
35467,37704,44641,73171,80108,82345,1
78340,34957,22751,113297,101091,57708,0
78257,84671,9695,162928,87952,94366,1
92077,53984,43153,146061,135230,97137,1
43604,4603,24202,48207,67806,28805,0
26332,44240,6603,70572,32935,50843,0
39445,33752,68310,73197,107755,102062,1
34991,87439,57146,122430,92137,144585,1
30922,88463,46692,119385,77614,135155,0
93651,56907,11576,150558,105227,68483,0
10313,54854,46678,65167,56991,101532,1
56221,19760,6262,75981,62483,26022,0
3207,59575,4048,62782,7255,63623,0
68910,93070,95245,161980,164155,188315,1
27803,38889,59131,66692,86934,98020,1
37856,97345,1397,135201,39253,98742,0
33160,69803,23472,102963,56632,93275,0
83996,62936,87430,146932,171426,150366,1
67021,56965,36090,123986,103111,93055,1
89735,39218,93,128953,89828,39311,0
66157,39273,37519,105430,103676,76792,1
16169,98295,76705,114464,92874,175000,0
88049,40429,90075,128478,178124,130504,1
76909,15242,74856,92151,151765,90098,1
62133,13165,50705,75298,112838,63870,1
83260,34323,26584,117583,109844,60907,0
4701,22146,68851,26847,73552,90997,0
35718,28078,83827,63796,119545,111905,0
19016,87452,70890,106468,89906,158342,1
56555,17992,18874,74547,75429,36866,0
23812,7443,63637,31255,87449,71080,0
71036,38651,49761,109687,120797,88412,1
13264,20865,67318,34129,80582,88183,0
940,23063,69792,24003,70732,92855,0
63100,40410,35820,103510,98920,76230,1
54016,29181,57458,83197,111474,86639,1
54334,37057,17206,91391,71540,54263,0
51875,19180,63658,71055,115533,82838,1
26764,19899,50231,46663,76995,70130,0
53418,31022,20847,84440,74265,51869,0
73315,70852,49626,144167,122941,120478,1
43713,87286,91767,130999,135480,179053,1
62559,89558,20141,152117,82700,109699,0
7985,59887,20738,67872,28723,80625,0
25436,20100,6473,45536,31909,26573,1
28697,28171,3454,56868,32151,31625,1
8170,49454,57779,57624,65949,107233,0
61940,22932,49496,84872,111436,72428,1
49138,90792,68069,139930,117207,158861,1
1040,71841,96423,72881,97463,168264,0
45596,88870,90462,134466,136058,179332,1
7334,85064,96184,92398,103518,181248,0
82151,26312,48897,108463,131048,75209,0
11771,12196,47937,23967,59708,60133,0
24675,48667,24563,73342,49238,73230,1
7548,81170,71652,88718,79200,152822,0
1209,18792,76692,20001,77901,95484,0
8349,89414,44560,97763,52909,133974,0
21707,90879,35968,112586,57675,126847,0
42332,5677,73948,48009,116280,79625,0
65109,30703,13537,95812,78646,44240,0
8413,15914,75750,24327,84163,91664,0
6127,92950,98877,99077,105004,191827,1
2833,12546,70469,15379,73302,83015,0
99381,73770,71990,173151,171371,145760,1
19592,56092,62154,75684,81746,118246,1
11420,28515,82576,39935,93996,111091,0
58035,42338,98161,100373,156196,140499,1
1016,633,14854,1649,15870,15487,0
29095,21111,87736,50206,116831,108847,0
4848,32330,59429,37178,64277,91759,0
50333,72397,88407,122730,138740,160804,1
61436,58176,87424,119612,148860,145600,1
15099,69228,37636,84327,52735,106864,0
44028,58115,29461,102143,73489,87576,1
21286,777,47267,22063,68553,48044,0
45388,33362,59585,78750,104973,92947,1
77926,37416,70577,115342,148503,107993,1
35071,91093,86380,126164,121451,177473,1
63519,94530,16832,158049,80351,111362,0
42530,96765,16441,139295,58971,113206,0
28295,83047,74152,111342,102447,157199,1
9969,67666,82146,77635,92115,149812,0
33285,92594,49755,125879,83040,142349,0
70014,15203,99285,85217,169299,114488,0
24459,38395,1970,62854,26429,40365,0
46577,16234,79835,62811,126412,96069,0
28731,53053,60431,81784,89162,113484,1
16965,85866,67605,102831,84570,153471,0
30865,65862,4692,96727,35557,70554,0
49699,45871,37844,95570,87543,83715,1
5020,2790,36978,7810,41998,39768,0
72602,55964,51562,128566,124164,107526,1
27272,50484,64200,77756,91472,114684,1
50098,50322,45801,100420,95899,96123,1
21205,29617,22243,50822,43448,51860,1
44867,68855,97292,113722,142159,166147,1
58781,61659,90946,120440,149727,152605,1
27229,66616,52978,93845,80207,119594,1
463,42709,6340,43172,6803,49049,0
58637,6128,71774,64765,130411,77902,0
58064,75002,71828,133066,129892,146830,1
95084,29252,93885,124336,188969,123137,1
23365,19259,83508,42624,106873,102767,0
34133,69132,77435,103265,111568,146567,1
57566,79894,17683,137460,75249,97577,0
31592,6763,48098,38355,79690,54861,0
78985,68463,24408,147448,103393,92871,1
89204,32289,38598,121493,127802,70887,0
52529,83242,16097,135771,68626,99339,0
23025,96459,83690,119484,106715,180149,1
56401,7670,84600,64071,141001,92270,0
94860,63293,99671,158153,194531,162964,1
29564,52518,68555,82082,98119,121073,1
42680,31138,48649,73818,91329,79787,1
13424,43565,23544,56989,36968,67109,0
90781,25949,79520,116730,170301,105469,1
59821,10857,3960,70678,63781,14817,0
24579,73341,27064,97920,51643,100405,0
59841,85457,67264,145298,127105,152721,1
6244,27481,53132,33725,59376,80613,0
41028,62573,71123,103601,112151,133696,1
50623,75016,14933,125639,65556,89949,0
57687,69962,4442,127649,62129,74404,0
14350,17306,29019,31656,43369,46325,1
23697,97983,51251,121680,74948,149234,0
50828,45146,3623,95974,54451,48769,0
23738,14708,27652,38446,51390,42360,1
8372,91221,22707,99593,31079,113928,0
34697,65599,85010,100296,119707,150609,1
25900,88860,35153,114760,61053,124013,0
81408,53579,74509,134987,155917,128088,1
82606,59009,89276,141615,171882,148285,1
38887,97904,11356,136791,50243,109260,0
74838,78099,84340,152937,159178,162439,1
89797,68353,51111,158150,140908,119464,1
30657,17992,49357,48649,80014,67349,0
72399,18003,94777,90402,167176,112780,0
63813,44139,5899,107952,69712,50038,0
21482,1042,80532,22524,102014,81574,0
73689,53267,42435,126956,116124,95702,1
76875,95208,6153,172083,83028,101361,0
39488,13692,78627,53180,118115,92319,0
8359,11924,79531,20283,87890,91455,0
74841,85846,86391,160687,161232,172237,1
67279,86878,99347,154157,166626,186225,1
53674,869,37926,54543,91600,38795,0
18027,74587,93360,92614,111387,167947,0
29266,28591,68344,57857,97610,96935,0
48847,10452,36078,59299,84925,46530,0
66093,14816,55739,80909,121832,70555,1
52002,9361,69293,61363,121295,78654,0
38140,6781,60782,44921,98922,67563,0
58350,39114,59709,97464,118059,98823,1
29425,71158,48865,100583,78290,120023,1
55713,2694,98035,58407,153748,100729,0
34033,24971,31930,59004,65963,56901,1
65012,9666,65524,74678,130536,75190,1
23175,4675,27738,27850,50913,32413,1
54031,61127,56925,115158,110956,118052,1
26378,6596,8883,32974,35261,15479,0
44795,96089,49886,140884,94681,145975,0
55607,70651,40958,126258,96565,111609,1
67198,80544,66122,147742,133320,146666,1
85310,57689,16387,142999,101697,74076,0
80131,15702,81666,95833,161797,97368,1
62267,84714,47701,146981,109968,132415,1
2488,75602,7460,78090,9948,83062,0
21908,57485,40450,79393,62358,97935,1
76211,75034,81272,151245,157483,156306,1
20008,16689,70812,36697,90820,87501,0
86771,6075,84519,92846,171290,90594,1
36449,6206,47331,42655,83780,53537,0
65582,89978,14767,155560,80349,104745,0
2078,63146,19575,65224,21653,82721,0
54285,93445,60550,147730,114835,153995,1
4395,74190,40901,78585,45296,115091,0
71450,4949,68517,76399,139967,73466,1
94815,40365,81913,135180,176728,122278,1
38282,6481,1820,44763,40102,8301,0
75849,58924,42827,134773,118676,101751,1
56270,43552,40076,99822,96346,83628,1
75306,80323,32488,155629,107794,112811,1
2686,63574,46001,66260,48687,109575,0
11810,51163,79203,62973,91013,130366,0
12377,37526,22065,49903,34442,59591,0
83294,69324,22974,152618,106268,92298,1
15392,75161,55473,90553,70865,130634,0
28080,37242,52516,65322,80596,89758,1
51499,89597,31352,141096,82851,120949,0
93342,77445,13389,170787,106731,90834,0
94241,83,98417,94324,192658,98500,0
51563,84850,38323,136413,89886,123173,1
70645,88400,91157,159045,161802,179557,1
89349,74406,49457,163755,138806,123863,1
97792,29485,71555,127277,169347,101040,1
58480,17628,31993,76108,90473,49621,0
20846,50654,89222,71500,110068,139876,0
12710,12769,9930,25479,22640,22699,1
74917,18383,73349,93300,148266,91732,1
28641,9992,11286,38633,39927,21278,0
9700,75962,68588,85662,78288,144550,1
54678,64824,57144,119502,111822,121968,1
2900,33755,52547,36655,55447,86302,0
23247,31237,81021,54484,104268,112258,0
97299,24814,28734,122113,126033,53548,0
96435,43905,62756,140340,159191,106661,1
94726,37594,77723,132320,172449,115317,1
59427,23958,11340,83385,70767,35298,0
46544,13978,8367,60522,54911,22345,0
49721,58378,87023,108099,136744,145401,1
7066,63955,90813,71021,97879,154768,0
58512,43803,86571,102315,145083,130374,1
92903,16386,79491,109289,172394,95877,1
47572,95669,20025,143241,67597,115694,0
88384,66094,94897,154478,183281,160991,1
94353,45222,63019,139575,157372,108241,1
63348,70955,71731,134303,135079,142686,1
42537,27880,25703,70417,68240,53583,1
69622,24771,67619,94393,137241,92390,1
96306,56706,52269,153012,148575,108975,1
9648,22211,3690,31859,13338,25901,0
48963,34295,44660,83258,93623,78955,1
29258,53869,49103,83127,78361,102972,1
74365,98888,6607,173253,80972,105495,0
98644,91835,45228,190479,143872,137063,1
66456,14777,86285,81233,152741,101062,0
64490,80677,51270,145167,115760,131947,1
27297,32547,54536,59844,81833,87083,1
53455,53994,32117,107449,85572,86111,1
49790,82941,47987,132731,97777,130928,1
43618,87320,93684,130938,137302,181004,1
69572,51404,71327,120976,140899,122731,1
33663,42214,44491,75877,78154,86705,1
31912,18054,296,49966,32208,18350,0
42514,54528,20556,97042,63070,75084,1
19063,4769,51315,23832,70378,56084,0
15673,63370,44608,79043,60281,107978,0
99908,9780,29971,109688,129879,39751,0
12150,23419,40994,35569,53144,64413,0
28055,21394,88290,49449,116345,109684,0
98798,99072,74488,197870,173286,173560,1
69736,85203,77392,154939,147128,162595,1
87932,98928,20237,186860,108169,119165,1
63669,37496,83522,101165,147191,121018,1
77139,90030,32856,167169,109995,122886,1
41464,91418,36080,132882,77544,127498,0
12780,34150,95356,46930,108136,129506,0
90787,12806,72527,103593,163314,85333,0
90728,5834,79833,96562,170561,85667,0
62994,77298,83466,140292,146460,160764,1
77303,48599,98762,125902,176065,147361,1
46236,94605,57415,140841,103651,152020,1
22967,60856,70121,83823,93088,130977,1
10326,35715,35318,46041,45644,71033,1
54077,1697,39168,55774,93245,40865,0
82297,70594,19658,152891,101955,90252,1
7825,27695,97667,35520,105492,125362,0
34915,48965,35170,83880,70085,84135,1
69460,76424,66518,145884,135978,142942,1
86703,68107,44659,154810,131362,112766,1
15288,5949,15924,21237,31212,21873,1
54360,36309,83145,90669,137505,119454,1
77246,29192,89945,106438,167191,119137,1
44030,82754,21316,126784,65346,104070,0
15113,18529,3108,33642,18221,21637,0
23285,18785,67395,42070,90680,86180,0
54761,92226,61535,146987,116296,153761,1
72355,89352,62606,161707,134961,151958,1
97064,18630,90746,115694,187810,109376,1
594,15042,22516,15636,23110,37558,0
77410,3739,1498,81149,78908,5237,0
89336,12566,76371,101902,165707,88937,0
72528,78220,23705,150748,96233,101925,1
43836,90497,31786,134333,75622,122283,0
10154,12297,73722,22451,83876,86019,0
12958,97391,60612,110349,73570,158003,0
20619,28163,97774,48782,118393,125937,0
61857,2020,87988,63877,149845,90008,0
62597,16372,7381,78969,69978,23753,0
88153,70602,92465,158755,180618,163067,1
1600,80575,86338,82175,87938,166913,0
83480,31738,96574,115218,180054,128312,1
27585,69037,7414,96622,34999,76451,0
41921,15535,55861,57456,97782,71396,1
64081,77666,39523,141747,103604,117189,1
60412,66724,85847,127136,146259,152571,1
62975,62768,99537,125743,162512,162305,1
51969,38492,41770,90461,93739,80262,1
44070,33118,86569,77188,130639,119687,0
35546,17581,23024,53127,58570,40605,1
57749,5482,12491,63231,70240,17973,0
82134,70182,71450,152316,153584,141632,1
58870,34113,41625,92983,100495,75738,1
90115,60905,25891,151020,116006,86796,0
69739,19979,60116,89718,129855,80095,1
29330,44207,12472,73537,41802,56679,0
79977,37354,14655,117331,94632,52009,0
54890,41117,18703,96007,73593,59820,1
61731,43715,32053,105446,93784,75768,1
49892,55748,72749,105640,122641,128497,1
77530,56111,99071,133641,176601,155182,1
55060,38318,13872,93378,68932,52190,0
56756,97717,30696,154473,87452,128413,0
32957,36619,31804,69576,64761,68423,1
39664,13018,79773,52682,119437,92791,0
86408,25590,72576,111998,158984,98166,1
73640,31508,67614,105148,141254,99122,1
7571,98325,14970,105896,22541,113295,0
58277,26717,94031,84994,152308,120748,0
68389,17963,25729,86352,94118,43692,0
78531,77880,39073,156411,117604,116953,1
33235,50375,48415,83610,81650,98790,1
32652,15707,93912,48359,126564,109619,0
87473,75938,640,163411,88113,76578,0
43228,21120,20793,64348,64021,41913,0
14443,60189,99026,74632,113469,159215,0
55600,92115,52650,147715,108250,144765,1
1511,6280,21362,7791,22873,27642,0
44514,12804,13043,57318,57557,25847,0
88669,89678,50384,178347,139053,140062,1
75056,70507,7471,145563,82527,77978,1
12873,90291,32179,103164,45052,122470,0
9309,73150,74024,82459,83333,147174,1
56346,10875,4291,67221,60637,15166,0
40621,7253,16181,47874,56802,23434,0
40944,42075,16470,83019,57414,58545,1
86534,19262,97821,105796,184355,117083,1
52097,55095,80135,107192,132232,135230,1
85544,63667,91493,149211,177037,155160,1
45161,31204,53739,76365,98900,84943,1
57710,36941,82889,94651,140599,119830,1
33105,81018,59264,114123,92369,140282,1
85394,7100,34839,92494,120233,41939,0
42229,28573,69237,70802,111466,97810,1
32246,6351,12750,38597,44996,19101,0
87808,37072,7527,124880,95335,44599,0
80216,65933,21437,146149,101653,87370,1
16934,22751,95840,39685,112774,118591,0
82351,59061,71171,141412,153522,130232,1
88071,50925,71833,138996,159904,122758,1
57769,72578,24983,130347,82752,97561,1
47133,71135,58539,118268,105672,129674,1
50107,31271,30117,81378,80224,61388,1
18750,44041,42705,62791,61455,86746,1
28448,75599,92609,104047,121057,168208,1
60231,70665,44773,130896,105004,115438,1
66505,23134,14126,89639,80631,37260,0
97456,54786,19494,152242,116950,74280,0
42507,7191,66890,49698,109397,74081,0
99902,2768,84678,102670,184580,87446,0
5478,54698,61946,60176,67424,116644,0
29007,21932,7004,50939,36011,28936,0
91803,45786,71023,137589,162826,116809,1
37648,96611,15950,134259,53598,112561,0
99890,42175,76639,142065,176529,118814,1
89913,73091,35803,163004,125716,108894,1
43755,44876,43480,88631,87235,88356,1
43814,21110,85546,64924,129360,106656,0
45234,87137,81704,132371,126938,168841,1
61408,81290,806,142698,62214,82096,0
65643,65025,50224,130668,115867,115249,1
21123,9026,16960,30149,38083,25986,1
92995,56836,13333,149831,106328,70169,0
32313,47461,24913,79774,57226,72374,1
21686,23268,54564,44954,76250,77832,0
80948,95912,51481,176860,132429,147393,1
65893,66474,99269,132367,165162,165743,1
64982,56485,98182,121467,163164,154667,1
13940,2625,10119,16565,24059,12744,0
25185,82482,28925,107667,54110,111407,0
15267,61686,34352,76953,49619,96038,0
92132,93701,68371,185833,160503,162072,1
2968,69782,25590,72750,28558,95372,0
300,63464,93334,63764,93634,156798,0
2160,3931,38984,6091,41144,42915,0
9914,44705,57879,54619,67793,102584,0
21750,37727,55733,59477,77483,93460,1
19940,25007,52807,44947,72747,77814,0
34696,15177,60567,49873,95263,75744,0
13728,42213,94406,55941,108134,136619,0
18753,24656,61512,43409,80265,86168,0
18708,97377,98122,116085,116830,195499,1
85713,29594,81982,115307,167695,111576,1
38403,50100,39651,88503,78054,89751,1
8469,69506,44008,77975,52477,113514,0
32881,86634,42243,119515,75124,128877,0
11787,70848,87817,82635,99604,158665,0
29196,85029,64974,114225,94170,150003,1
4274,30093,85174,34367,89448,115267,0
95762,66691,77826,162453,173588,144517,1
5740,95313,33583,101053,39323,128896,0
53645,51579,97964,105224,151609,149543,1
77251,28838,97009,106089,174260,125847,1
36967,95380,75299,132347,112266,170679,1
10857,37402,81853,48259,92710,119255,0
88405,37306,64056,125711,152461,101362,1
18485,61363,60862,79848,79347,122225,1
735,17677,84115,18412,84850,101792,0
51967,15211,64230,67178,116197,79441,1
66705,48676,64756,115381,131461,113432,1
64126,13093,14201,77219,78327,27294,0
62251,15897,19,78148,62270,15916,0
93955,8404,78065,102359,172020,86469,0
22792,2319,97099,25111,119891,99418,0
11442,29863,45199,41305,56641,75062,0
72271,12035,43326,84306,115597,55361,0
97654,30215,25592,127869,123246,55807,0
25112,58909,93352,84021,118464,152261,0
55660,66750,900,122410,56560,67650,0
65897,17092,9525,82989,75422,26617,0
6029,47683,656,53712,6685,48339,0
47590,95623,37770,143213,85360,133393,0
35878,63233,2446,99111,38324,65679,0
33638,20281,38464,53919,72102,58745,1
96639,69326,53805,165965,150444,123131,1
98609,9587,25183,108196,123792,34770,0
89850,19130,49663,108980,139513,68793,0
51529,64582,68917,116111,120446,133499,1
30321,12587,25199,42908,55520,37786,1
96780,88172,97095,184952,193875,185267,1
50629,24609,62300,75238,112929,86909,1
3095,21828,24868,24923,27963,46696,1
37374,2579,73472,39953,110846,76051,0
37734,94996,15007,132730,52741,110003,0
27481,4343,3754,31824,31235,8097,0
43478,83272,32898,126750,76376,116170,0
69922,37965,55571,107887,125493,93536,1
33066,44935,65282,78001,98348,110217,1
49455,96604,52676,146059,102131,149280,1
58817,24662,33468,83479,92285,58130,0
3115,21766,62257,24881,65372,84023,0
8139,81022,86976,89161,95115,167998,1
81154,15549,79164,96703,160318,94713,1
52272,44810,9113,97082,61385,53923,1
8333,37715,64763,46048,73096,102478,0
48592,59272,15628,107864,64220,74900,1
76868,8508,95590,85376,172458,104098,0
83323,43563,17142,126886,100465,60705,0
9101,25536,43433,34637,52534,68969,0
21385,44746,6251,66131,27636,50997,0
2300,93207,43437,95507,45737,136644,0
98661,5014,43629,103675,142290,48643,0
24801,31759,99917,56560,124718,131676,0
14395,8575,46502,22970,60897,55077,0
25372,61804,76592,87176,101964,138396,1
45588,59729,12623,105317,58211,72352,0
59295,74665,97180,133960,156475,171845,1
64818,54513,67788,119331,132606,122301,1
94321,80106,29393,174427,123714,109499,1
52281,67186,29643,119467,81924,96829,1
5478,26058,31649,31536,37127,57707,0
57626,12494,4148,70120,61774,16642,0
70589,76313,40577,146902,111166,116890,1
88224,70300,59679,158524,147903,129979,1
37645,52318,70812,89963,108457,123130,1
14294,51614,75397,65908,89691,127011,0
21728,40660,17122,62388,38850,57782,0
61774,91455,24480,153229,86254,115935,0
35950,80363,75630,116313,111580,155993,1
7045,63090,4053,70135,11098,67143,0
98754,86763,47581,185517,146335,134344,1
89063,25626,13136,114689,102199,38762,0
97527,38252,44388,135779,141915,82640,0
74727,20861,6125,95588,80852,26986,0
20197,41638,92314,61835,112511,133952,0
10280,81758,15774,92038,26054,97532,0
42916,73851,27960,116767,70876,101811,0
57119,75256,89484,132375,146603,164740,1
31300,4268,11185,35568,42485,15453,0
77625,39334,88251,116959,165876,127585,1
43693,84561,87273,128254,130966,171834,1
70660,39602,31997,110262,102657,71599,1
24531,68679,95759,93210,120290,164438,0
84999,4735,27487,89734,112486,32222,0
65223,83163,74020,148386,139243,157183,1
53139,57721,34402,110860,87541,92123,1
8084,71011,52932,79095,61016,123943,0
50858,1647,14727,52505,65585,16374,0
65129,64937,7028,130066,72157,71965,1
17678,9933,35436,27611,53114,45369,0
16055,1485,20672,17540,36727,22157,0
56697,38947,77550,95644,134247,116497,1
8466,5136,69131,13602,77597,74267,0
123,22353,67977,22476,68100,90330,0
96627,61767,2847,158394,99474,64614,0
17496,61009,55722,78505,73218,116731,1
6960,4396,84857,11356,91817,89253,0
54933,29390,95859,84323,150792,125249,0
10213,89938,21658,100151,31871,111596,0
12652,15835,91482,28487,104134,107317,0
7938,58957,12935,66895,20873,71892,0
54434,86591,432,141025,54866,87023,0
69173,77780,30777,146953,99950,108557,1
43623,34698,19554,78321,63177,54252,1
35074,55001,19789,90075,54863,74790,0
812,78637,52987,79449,53799,131624,0
39485,85807,22024,125292,61509,107831,0
25574,61344,81592,86918,107166,142936,1
92862,71614,18238,164476,111100,89852,0
54323,90620,64321,144943,118644,154941,1
32925,79704,8584,112629,41509,88288,0
89333,52304,7064,141637,96397,59368,0
3327,74193,24274,77520,27601,98467,0
77929,51345,79914,129274,157843,131259,1
69192,59312,37453,128504,106645,96765,1
66589,56306,85040,122895,151629,141346,1
54295,62921,3727,117216,58022,66648,0
79184,56134,54602,135318,133786,110736,1
70634,93489,20676,164123,91310,114165,0
49125,88767,8948,137892,58073,97715,0
41672,88323,24993,129995,66665,113316,0
2162,68407,66921,70569,69083,135328,1
19513,7146,96483,26659,115996,103629,0
93256,75136,15714,168392,108970,90850,0
81344,79395,72760,160739,154104,152155,1
17452,91387,11714,108839,29166,103101,0
14243,40307,92035,54550,106278,132342,0
27231,76574,83087,103805,110318,159661,1
93915,43647,24814,137562,118729,68461,0
12165,51731,41183,63896,53348,92914,1
24917,55533,56333,80450,81250,111866,1
37504,54694,94323,92198,131827,149017,0
66378,89870,47343,156248,113721,137213,1
76130,67114,31679,143244,107809,98793,1
63669,22399,64700,86068,128369,87099,1
97194,51239,32651,148433,129845,83890,0
13001,74583,97000,87584,110001,171583,0
73191,99409,69240,172600,142431,168649,1
54491,63238,10930,117729,65421,74168,1
93680,69260,99309,162940,192989,168569,1
13516,86177,55301,99693,68817,141478,0
60247,52755,99019,113002,159266,151774,1
47754,82498,71255,130252,119009,153753,1
19017,31685,30596,50702,49613,62281,1
273,63272,2241,63545,2514,65513,0
48213,52492,4528,100705,52741,57020,1
66514,58149,14918,124663,81432,73067,1
31,58933,75309,58964,75340,134242,0
17316,68083,65237,85399,82553,133320,1
9782,72340,2641,82122,12423,74981,0
42819,60281,59637,103100,102456,119918,1
88818,87310,76740,176128,165558,164050,1
5522,32490,32950,38012,38472,65440,1
52366,30274,573,82640,52939,30847,0
46232,10814,67565,57046,113797,78379,0
27609,91135,7564,118744,35173,98699,0
35679,24824,45941,60503,81620,70765,1
64762,84206,14317,148968,79079,98523,0
79061,48548,15586,127609,94647,64134,0
76705,44731,99379,121436,176084,144110,1
42130,87629,24027,129759,66157,111656,0
46572,65367,30353,111939,76925,95720,1
27682,7502,6076,35184,33758,13578,0
91482,43689,17636,135171,109118,61325,0
11103,56689,72304,67792,83407,128993,0
2237,52980,270,55217,2507,53250,0
9724,85939,81335,95663,91059,167274,1
11263,37280,91806,48543,103069,129086,0
93339,99588,50481,192927,143820,150069,1
40746,82620,99604,123366,140350,182224,1
46567,968,476,47535,47043,1444,0
93398,49519,37279,142917,130677,86798,0
68562,92738,29081,161300,97643,121819,1
84540,71437,2719,155977,87259,74156,0
57695,74772,74458,132467,132153,149230,1
15482,74096,66545,89578,82027,140641,1
42844,15394,39244,58238,82088,54638,1
55819,150,33765,55969,89584,33915,0
75074,80089,51763,155163,126837,131852,1
75488,91137,44913,166625,120401,136050,1
11215,25851,57071,37066,68286,82922,0
42684,47095,59904,89779,102588,106999,1
94834,68991,93191,163825,188025,162182,1
56211,92753,42458,148964,98669,135211,1
31490,54294,36387,85784,67877,90681,1
31855,47826,30536,79681,62391,78362,1
75093,72449,34606,147542,109699,107055,1
44218,81649,2792,125867,47010,84441,0
58160,39606,61830,97766,119990,101436,1
94936,3884,76632,98820,171568,80516,0
31881,76139,64700,108020,96581,140839,1
21738,82411,88268,104149,110006,170679,1
25871,39308,48556,65179,74427,87864,1
96740,16471,57851,113211,154591,74322,0
21766,8316,97117,30082,118883,105433,0
76048,2862,80468,78910,156516,83330,0
28349,81245,44171,109594,72520,125416,0
54805,22518,81415,77323,136220,103933,0
13669,25032,75602,38701,89271,100634,0
96035,32556,73688,128591,169723,106244,1
77436,57611,36216,135047,113652,93827,1
83249,47980,86404,131229,169653,134384,1
86310,30244,56659,116554,142969,86903,1
60844,87190,386,148034,61230,87576,0
3003,67489,27293,70492,30296,94782,0
36513,34123,20718,70636,57231,54841,1
23319,40485,28441,63804,51760,68926,1
84007,35146,94962,119153,178969,130108,1
14144,74403,88907,88547,103051,163310,0
81388,56147,43487,137535,124875,99634,1
20957,35607,71543,56564,92500,107150,0
68950,96843,91486,165793,160436,188329,1
27790,12702,86239,40492,114029,98941,0
57426,85339,62130,142765,119556,147469,1
62020,1807,86406,63827,148426,88213,0
13062,41000,25677,54062,38739,66677,0
99893,4483,53858,104376,153751,58341,0
48323,8414,15,56737,48338,8429,0
4087,27809,12499,31896,16586,40308,0
62321,7265,71488,69586,133809,78753,0
84880,65122,63049,150002,147929,128171,1
71262,18329,4471,89591,75733,22800,0
11663,69072,12499,80735,24162,81571,0
4445,70966,36333,75411,40778,107299,0
75765,48856,8264,124621,84029,57120,0
36306,52698,7622,89004,43928,60320,0
75076,9497,51213,84573,126289,60710,0
91420,63793,27392,155213,118812,91185,0
40048,39755,54907,79803,94955,94662,1
75821,92280,69848,168101,145669,162128,1
50702,81466,41054,132168,91756,122520,1
96650,79778,45513,176428,142163,125291,1
16883,51550,74004,68433,90887,125554,0
37964,38762,89755,76726,127719,128517,0
29286,13254,81266,42540,110552,94520,0
48821,14998,87096,63819,135917,102094,0
96523,85939,65297,182462,161820,151236,1
9154,72871,89368,82025,98522,162239,0
1054,54535,73943,55589,74997,128478,0
54364,3574,36672,57938,91036,40246,0
82481,33424,52542,115905,135023,85966,1
28402,33196,24056,61598,52458,57252,1
20145,73646,87713,93791,107858,161359,1
42178,39695,20173,81873,62351,59868,1
40703,35127,64041,75830,104744,99168,1
8275,16273,37698,24548,45973,53971,0
74376,73904,9258,148280,83634,83162,1
80606,32445,67677,113051,148283,100122,1
42413,94925,66649,137338,109062,161574,1
59914,78672,6894,138586,66808,85566,0
139,6379,9691,6518,9830,16070,0
60152,2228,77042,62380,137194,79270,0
44345,37088,67638,81433,111983,104726,1
82047,55851,24015,137898,106062,79866,0
22893,57730,29123,80623,52016,86853,0
94783,62934,2006,157717,96789,64940,0
80856,72665,89893,153521,170749,162558,1
80983,76567,41124,157550,122107,117691,1
73625,39017,41338,112642,114963,80355,1
69188,52353,98556,121541,167744,150909,1
24595,59591,36792,84186,61387,96383,1
87556,15120,79914,102676,167470,95034,1
84272,14659,43106,98931,127378,57765,0
64542,29628,34134,94170,98676,63762,0
84974,89245,13066,174219,98040,102311,1
62706,57537,78081,120243,140787,135618,1
92378,45328,67599,137706,159977,112927,1
52672,50454,63531,103126,116203,113985,1
69210,88398,92180,157608,161390,180578,1
9965,28225,65704,38190,75669,93929,0
13919,3145,36972,17064,50891,40117,0
30669,57514,54016,88183,84685,111530,1
17720,69449,44938,87169,62658,114387,0
85809,75057,78541,160866,164350,153598,1
49121,52913,45925,102034,95046,98838,1
60225,85517,14083,145742,74308,99600,0
533,50232,5188,50765,5721,55420,0
58352,11801,71964,70153,130316,83765,0
64040,53001,8225,117041,72265,61226,0
39735,60370,39586,100105,79321,99956,1
81411,45170,60464,126581,141875,105634,1
51411,34871,2141,86282,53552,37012,0
75570,9307,37193,84877,112763,46500,0
86465,75645,16197,162110,102662,91842,1
64433,28663,12516,93096,76949,41179,0
26086,19046,95639,45132,121725,114685,0
73636,72189,3257,145825,76893,75446,1
37019,42467,73378,79486,110397,115845,1
51993,65988,35679,117981,87672,101667,1
38793,79447,94416,118240,133209,173863,1
94452,61401,86948,155853,181400,148349,1
69212,40902,52667,110114,121879,93569,1
72564,5144,17685,77708,90249,22829,0
52018,42735,90685,94753,142703,133420,1
97669,54775,45035,152444,142704,99810,1
58183,50666,35362,108849,93545,86028,1
56838,11493,19046,68331,75884,30539,0
74954,61909,95961,136863,170915,157870,1
9512,62711,34116,72223,43628,96827,0
32424,5190,43945,37614,76369,49135,0
27487,10706,35427,38193,62914,46133,1
56000,30491,33974,86491,89974,64465,1
14296,85995,63079,100291,77375,149074,0
47110,30408,20477,77518,67587,50885,1
11209,48909,66064,60118,77273,114973,0
84895,43356,19737,128251,104632,63093,0
30272,19170,85138,49442,115410,104308,0
98463,64777,51718,163240,150181,116495,1
26095,48685,60347,74780,86442,109032,1
62728,4234,62386,66962,125114,66620,1
86970,94141,88503,181111,175473,182644,1
32757,7117,75602,39874,108359,82719,0
7350,4434,96674,11784,104024,101108,0
20238,99772,98333,120010,118571,198105,1
73136,34971,12751,108107,85887,47722,0
39243,45153,60092,84396,99335,105245,1
21448,35703,31195,57151,52643,66898,1
70933,67807,68044,138740,138977,135851,1
14155,7317,61539,21472,75694,68856,0
52833,3076,97200,55909,150033,100276,0
20106,54843,80507,74949,100613,135350,0
31740,29047,61064,60787,92804,90111,0
29135,5668,154,34803,29289,5822,0
44056,60124,57989,104180,102045,118113,1
44265,82011,56689,126276,100954,138700,1
72535,73880,61668,146415,134203,135548,1
59368,4356,51021,63724,110389,55377,0
2467,40948,73089,43415,75556,114037,0
16892,22269,88610,39161,105502,110879,0
16431,85780,77624,102211,94055,163404,1
88536,32430,59100,120966,147636,91530,1
3241,99523,94568,102764,97809,194091,0
70105,49029,83346,119134,153451,132375,1
83227,24624,70370,107851,153597,94994,1
69643,29677,45637,99320,115280,75314,1
66497,84693,21988,151190,88485,106681,1
57032,83550,94875,140582,151907,178425,1
6506,20337,25475,26843,31981,45812,1
72941,57610,69507,130551,142448,127117,1
31907,41559,60135,73466,92042,101694,1
43541,20146,86622,63687,130163,106768,0
6925,54028,59709,60953,66634,113737,1
53255,15695,39958,68950,93213,55653,1
95528,4597,23105,100125,118633,27702,0
45444,31309,58554,76753,103998,89863,1
889,85753,17273,86642,18162,103026,0
8702,66878,43932,75580,52634,110810,0
89249,76774,39104,166023,128353,115878,1
17612,48267,52253,65879,69865,100520,1
24344,26428,79530,50772,103874,105958,0
60115,39033,82384,99148,142499,121417,1
74437,23751,41031,98188,115468,64782,0
85838,25791,11839,111629,97677,37630,0
47740,68846,18152,116586,65892,86998,0
87833,27556,42884,115389,130717,70440,0
3041,17129,81753,20170,84794,98882,0
1839,13217,19323,15056,21162,32540,0
15410,74881,27674,90291,43084,102555,0
58599,35164,1753,93763,60352,36917,0
654,88194,2674,88848,3328,90868,0
89047,5969,40335,95016,129382,46304,0
46249,43856,84493,90105,130742,128349,1
22421,43571,19342,65992,41763,62913,0
8096,70450,55374,78546,63470,125824,0
48905,46068,72041,94973,120946,118109,1
97744,72046,53239,169790,150983,125285,1
23883,77223,15236,101106,39119,92459,0
44093,95326,67279,139419,111372,162605,1
87825,53945,46357,141770,134182,100302,1
28412,4575,68029,32987,96441,72604,0
79472,28240,5126,107712,84598,33366,0
95309,44442,57983,139751,153292,102425,1
94792,80051,30985,174843,125777,111036,1
10240,53215,49683,63455,59923,102898,1
68408,57625,724,126033,69132,58349,0
71350,13913,89688,85263,161038,103601,0
33774,98681,23728,132455,57502,122409,0
87160,78471,8754,165631,95914,87225,1
79285,27162,76684,106447,155969,103846,1
91814,41103,69655,132917,161469,110758,1
22405,23237,41057,45642,63462,64294,1
16202,12388,73559,28590,89761,85947,0
97487,30070,34902,127557,132389,64972,0
71922,82916,68408,154838,140330,151324,1
88119,82452,39460,170571,127579,121912,1
95547,29220,45802,124767,141349,75022,0
28525,62716,33207,91241,61732,95923,0
67366,61785,20335,129151,87701,82120,1
11820,19751,65752,31571,77572,85503,0
53048,80005,26037,133053,79085,106042,0
60424,88214,88185,148638,148609,176399,1
57872,8238,8017,66110,65889,16255,0
71047,32651,78496,103698,149543,111147,1
83155,78487,32095,161642,115250,110582,1
57234,98334,11126,155568,68360,109460,0
60222,8176,82389,68398,142611,90565,0
35273,72106,74315,107379,109588,146421,1
83060,71048,59478,154108,142538,130526,1
37172,24992,7611,62164,44783,32603,0
69967,68712,11200,138679,81167,79912,1
26569,2737,61684,29306,88253,64421,0
98333,80691,50985,179024,149318,131676,1
97441,3780,90778,101221,188219,94558,0
88317,68910,92999,157227,181316,161909,1
36456,44342,36395,80798,72851,80737,1
84294,22586,91938,106880,176232,114524,1
71478,26190,72832,97668,144310,99022,1
1121,39416,88488,40537,89609,127904,0
39338,76485,72496,115823,111834,148981,1
53865,59591,83616,113456,137481,143207,1
84869,85851,94138,170720,179007,179989,1
56031,92520,29622,148551,85653,122142,0
12141,77339,36388,89480,48529,113727,0
98043,66203,916,164246,98959,67119,0
40404,91832,31963,132236,72367,123795,0
79388,94231,16163,173619,95551,110394,1
5159,30563,29944,35722,35103,60507,1
94090,76735,95255,170825,189345,171990,1
94324,48641,43923,142965,138247,92564,0
8262,42306,60833,50568,69095,103139,0
75466,19067,94050,94533,169516,113117,1
57586,86481,66001,144067,123587,152482,1
12262,27343,16704,39605,28966,44047,1
70496,43836,44171,114332,114667,88007,1
82159,3909,98277,86068,180436,102186,0
68440,20614,91148,89054,159588,111762,0
77418,66490,15562,143908,92980,82052,1
97265,41758,67950,139023,165215,109708,1
93158,51817,91325,144975,184483,143142,1
84416,92522,49324,176938,133740,141846,1
26133,5502,34434,31635,60567,39936,0
25539,15442,38610,40981,64149,54052,1
4042,73156,16326,77198,20368,89482,0
72522,40022,19833,112544,92355,59855,0
56398,77206,23135,133604,79533,100341,1
60423,17922,41145,78345,101568,59067,0
98677,87798,69071,186475,167748,156869,1
48248,36841,52797,85089,101045,89638,1
81139,91298,88559,172437,169698,179857,1
16792,71515,52178,88307,68970,123693,0
11361,26198,80380,37559,91741,106578,0
49050,42775,91790,91825,140840,134565,1
79647,71960,64301,151607,143948,136261,1
17899,69984,47803,87883,65702,117787,0
78955,63095,62499,142050,141454,125594,1
47999,7864,71203,55863,119202,79067,0
35489,76208,46672,111697,82161,122880,1
2224,40975,16473,43199,18697,57448,0
75862,48527,84232,124389,160094,132759,1
19744,48579,63232,68323,82976,111811,1
16829,54483,94936,71312,111765,149419,0
64806,9160,99907,73966,164713,109067,0
75883,47141,15998,123024,91881,63139,0
86914,6007,46995,92921,133909,53002,0
28977,82446,24492,111423,53469,106938,0
58852,88038,87363,146890,146215,175401,1
32204,32153,58035,64357,90239,90188,1
4266,86339,4929,90605,9195,91268,0
35685,46129,74122,81814,109807,120251,1
45844,15058,82877,60902,128721,97935,0
12056,90907,25974,102963,38030,116881,0
42006,31000,46437,73006,88443,77437,1
54064,75555,41433,129619,95497,116988,1
5478,17424,34807,22902,40285,52231,0
55770,33203,89948,88973,145718,123151,0
32994,5818,15667,38812,48661,21485,0
13677,94499,91960,108176,105637,186459,1
40626,6009,20090,46635,60716,26099,0
7274,61224,59971,68498,67245,121195,1
41910,66832,82257,108742,124167,149089,1
2570,30163,22657,32733,25227,52820,0
6260,51413,21981,57673,28241,73394,0
51069,79099,13402,130168,64471,92501,0
19753,56307,19288,76060,39041,75595,0
83699,26685,21310,110384,105009,47995,0
82835,40969,32787,123804,115622,73756,0
39974,57460,17104,97434,57078,74564,0
44776,25487,60543,70263,105319,86030,1
80891,20212,99224,101103,180115,119436,1
73729,19243,21627,92972,95356,40870,0
26504,37783,31762,64287,58266,69545,1
17215,54312,96954,71527,114169,151266,0
78238,26800,42725,105038,120963,69525,0
71784,59454,15393,131238,87177,74847,1
62917,478,17051,63395,79968,17529,0
23612,52171,21240,75783,44852,73411,0
9107,14298,43297,23405,52404,57595,0
94558,55458,26605,150016,121163,82063,0
73104,89879,92735,162983,165839,182614,1
83539,48647,23464,132186,107003,72111,0
86840,65943,71885,152783,158725,137828,1
36033,34107,79629,70140,115662,113736,0
30540,64411,56595,94951,87135,121006,1
59782,11871,78735,71653,138517,90606,0
482,10811,54583,11293,55065,65394,0
79548,68861,49690,148409,129238,118551,1
3493,63447,64281,66940,67774,127728,1
58736,50804,31985,109540,90721,82789,1
19341,86168,12682,105509,32023,98850,0
69308,74801,6879,144109,76187,81680,1
41720,13606,32653,55326,74373,46259,1
63661,15797,68224,79458,131885,84021,1
87338,9380,79617,96718,166955,88997,1
21877,38670,99283,60547,121160,137953,0
63569,35141,99913,98710,163482,135054,0
45586,47277,8240,92863,53826,55517,1
49260,1218,52995,50478,102255,54213,0
50965,17176,78199,68141,129164,95375,0
23402,83127,42072,106529,65474,125199,0
23996,86287,59434,110283,83430,145721,0
17979,46809,1000,64788,18979,47809,0
18780,35147,45105,53927,63885,80252,1
9317,17530,27241,26847,36558,44771,0
22140,35580,2278,57720,24418,37858,0
56390,98191,24604,154581,80994,122795,0
4970,71794,5015,76764,9985,76809,0
80527,13168,572,93695,81099,13740,0
75818,38159,5090,113977,80908,43249,0
59577,33304,7629,92881,67206,40933,0
28049,47598,24514,75647,52563,72112,1
25807,32460,30552,58267,56359,63012,1
6183,1865,52701,8048,58884,54566,0
86510,11041,34251,97551,120761,45292,0
79913,76136,98107,156049,178020,174243,1
75407,2466,72050,77873,147457,74516,0
32338,5256,61458,37594,93796,66714,0
89629,10076,58617,99705,148246,68693,0
48064,34284,1279,82348,49343,35563,0
60146,36229,10326,96375,70472,46555,0
9264,63208,84685,72472,93949,147893,0
85049,95468,79412,180517,164461,174880,1
59754,70574,57623,130328,117377,128197,1
12127,99920,96323,112047,108450,196243,1
80038,32872,58824,112910,138862,91696,1
38279,60001,17244,98280,55523,77245,0
90736,70447,78894,161183,169630,149341,1
41144,39638,66138,80782,107282,105776,1
85101,21203,67448,106304,152549,88651,1
4842,8143,98680,12985,103522,106823,0
56120,36067,59068,92187,115188,95135,1
43070,75717,32849,118787,75919,108566,1
26599,7816,56298,34415,82897,64114,0
81416,90370,92424,171786,173840,182794,1
6938,88051,99750,94989,106688,187801,0
33414,17114,42858,50528,76272,59972,1
32208,72491,77925,104699,110133,150416,1
59439,74714,41235,134153,100674,115949,1
44822,22786,73903,67608,118725,96689,0
6737,94663,74896,101400,81633,169559,0
94626,21641,64866,116267,159492,86507,0
93938,19059,19851,112997,113789,38910,0
14016,63274,45275,77290,59291,108549,0
84546,74139,43428,158685,127974,117567,1
34943,52778,63068,87721,98011,115846,1
85304,27326,72819,112630,158123,100145,1
20545,18664,30902,39209,51447,49566,1
91172,47117,72086,138289,163258,119203,1
64859,14799,50892,79658,115751,65691,1
11737,20963,67355,32700,79092,88318,0
36252,82649,26181,118901,62433,108830,0
52267,56423,41569,108690,93836,97992,1
90072,78366,97092,168438,187164,175458,1
63136,34827,71266,97963,134402,106093,1
80187,55369,13931,135556,94118,69300,0
51561,67262,64372,118823,115933,131634,1
59385,55073,9391,114458,68776,64464,1
55046,47367,41609,102413,96655,88976,1
59999,5517,54699,65516,114698,60216,1
4790,75470,73718,80260,78508,149188,1
25545,34878,78681,60423,104226,113559,0
15435,49838,59742,65273,75177,109580,1
619,90621,24562,91240,25181,115183,0
88804,6779,23666,95583,112470,30445,0
45057,91091,53138,136148,98195,144229,1
12452,3982,78147,16434,90599,82129,0
65703,87043,2006,152746,67709,89049,0
20641,74157,10957,94798,31598,85114,0
17648,74959,36436,92607,54084,111395,0
75041,65013,26322,140054,101363,91335,1
88612,95774,46865,184386,135477,142639,1
52794,69978,59625,122772,112419,129603,1
11835,10584,6161,22419,17996,16745,1
71418,88636,36073,160054,107491,124709,1
88791,54144,68448,142935,157239,122592,1
91067,94480,3769,185547,94836,98249,1
75725,5462,99947,81187,175672,105409,0
34329,62463,45495,96792,79824,107958,1
83238,11307,65721,94545,148959,77028,0
97403,64701,59586,162104,156989,124287,1
90743,66783,94977,157526,185720,161760,1
50130,20870,24260,71000,74390,45130,0
79118,68164,24435,147282,103553,92599,1
3552,45086,35382,48638,38934,80468,0
72797,76098,66877,148895,139674,142975,1
57952,47474,92703,105426,150655,140177,1
10361,45231,75282,55592,85643,120513,0
69862,94070,3150,163932,73012,97220,0
54762,24458,72637,79220,127399,97095,1
26994,2449,10482,29443,37476,12931,0
70930,25211,58143,96141,129073,83354,1
47754,23996,91742,71750,139496,115738,0
66478,4976,1898,71454,68376,6874,0
63267,53969,55684,117236,118951,109653,1
53515,3633,43867,57148,97382,47500,0
24400,54228,25799,78628,50199,80027,0
14805,95328,10222,110133,25027,105550,0
11030,49287,99021,60317,110051,148308,0
74321,3824,58305,78145,132626,62129,0
95704,13834,50011,109538,145715,63845,0
73568,28420,10028,101988,83596,38448,0
38146,37322,93742,75468,131888,131064,0
46176,80367,152,126543,46328,80519,0
74046,23988,87725,98034,161771,111713,1
42073,34938,72231,77011,114304,107169,1
4019,21366,531,25385,4550,21897,0
17568,99090,95936,116658,113504,195026,1
94890,49481,53686,144371,148576,103167,1
59048,4623,55943,63671,114991,60566,1
69831,36573,60721,106404,130552,97294,1
45449,45322,13961,90771,59410,59283,1
69653,12383,92245,82036,161898,104628,0
58339,40680,5952,99019,64291,46632,0
26105,96740,27273,122845,53378,124013,0
28656,58546,53068,87202,81724,111614,1
56130,4871,33126,61001,89256,37997,0
43316,5526,8907,48842,52223,14433,0
82639,70355,54450,152994,137089,124805,1
74385,72778,74755,147163,149140,147533,1
230,90190,26471,90420,26701,116661,0
25172,36563,97980,61735,123152,134543,0
32943,62565,74325,95508,107268,136890,1
97624,41520,56617,139144,154241,98137,1
53036,81069,92503,134105,145539,173572,1
61075,62856,49883,123931,110958,112739,1
30328,41811,95506,72139,125834,137317,0
43208,75092,8428,118300,51636,83520,0
27017,6378,81073,33395,108090,87451,0
61599,37373,40854,98972,102453,78227,1
39189,91925,53640,131114,92829,145565,1
10379,30491,27849,40870,38228,58340,1
30482,16190,28304,46672,58786,44494,1
97792,99697,41365,197489,139157,141062,1
61602,83334,54480,144936,116082,137814,1
58737,83159,45814,141896,104551,128973,1
20957,87240,62297,108197,83254,149537,0
35034,44702,95965,79736,130999,140667,0
98721,63396,5867,162117,104588,69263,0
84457,35996,23,120453,84480,36019,0
73985,17536,5660,91521,79645,23196,0
73819,91785,27374,165604,101193,119159,1
11897,96298,25809,108195,37706,122107,0
71904,84330,84586,156234,156490,168916,1
27727,24385,5799,52112,33526,30184,1
16252,50096,21074,66348,37326,71170,0
15831,29135,83161,44966,98992,112296,0
35124,75757,11298,110881,46422,87055,0
82262,7651,25071,89913,107333,32722,0
57504,70588,61478,128092,118982,132066,1
26700,70457,66568,97157,93268,137025,1
28450,25440,87787,53890,116237,113227,0
72639,3375,71519,76014,144158,74894,1
42328,12471,7994,54799,50322,20465,0
58340,66347,75842,124687,134182,142189,1
56176,79420,63930,135596,120106,143350,1
88217,12938,77681,101155,165898,90619,1
60461,14178,32317,74639,92778,46495,0
11679,83099,38422,94778,50101,121521,0
96756,3861,17732,100617,114488,21593,0
97323,49959,96511,147282,193834,146470,1
98940,5806,66966,104746,165906,72772,0
26598,74454,67687,101052,94285,142141,1
66409,81755,61083,148164,127492,142838,1
81814,19322,59553,101136,141367,78875,0
22931,55807,44347,78738,67278,100154,1
27752,14360,38852,42112,66604,53212,1
62103,40602,77578,102705,139681,118180,1
30049,63243,85017,93292,115066,148260,1
79658,12143,67584,91801,147242,79727,1
25896,16126,34183,42022,60079,50309,1
95913,58370,58748,154283,154661,117118,1
83619,22481,1268,106100,84887,23749,0
87274,77011,62914,164285,150188,139925,1
37992,8136,50907,46128,88899,59043,0
85739,6887,4210,92626,89949,11097,0
81315,8287,25322,89602,106637,33609,0
55323,3446,9730,58769,65053,13176,0
53505,63022,66876,116527,120381,129898,1
96132,73120,61220,169252,157352,134340,1
315,26374,93913,26689,94228,120287,0
44527,12895,63642,57422,108169,76537,0
72316,57220,23788,129536,96104,81008,1
76415,36254,67445,112669,143860,103699,1
85997,32473,52957,118470,138954,85430,0
64010,89952,94064,153962,158074,184016,1
51920,64932,4239,116852,56159,69171,0
42807,26802,68497,69609,111304,95299,1
38341,15820,27282,54161,65623,43102,1
7108,77290,401,84398,7509,77691,0
1694,6591,87530,8285,89224,94121,0
96710,59501,76422,156211,173132,135923,1
68576,25482,91890,94058,160466,117372,1
2155,21909,31678,24064,33833,53587,0
82249,12182,75951,94431,158200,88133,1
56971,20272,78618,77243,135589,98890,0
86210,38343,82209,124553,168419,120552,1
78302,94079,97570,172381,175872,191649,1
62792,66187,67675,128979,130467,133862,1
37843,96019,10508,133862,48351,106527,0
79408,39389,41541,118797,120949,80930,1
11882,89112,67596,100994,79478,156708,0
83494,71973,58484,155467,141978,130457,1
34627,33543,73707,68170,108334,107250,0
63042,45921,74487,108963,137529,120408,1
8490,69377,43284,77867,51774,112661,0
63003,99115,38023,162118,101026,137138,1
85232,59531,94693,144763,179925,154224,1
2476,88805,99356,91281,101832,188161,0
5452,93,19675,5545,25127,19768,0
10619,43185,82744,53804,93363,125929,0
33781,86991,40619,120772,74400,127610,0
52903,18370,3419,71273,56322,21789,0
54307,13439,164,67746,54471,13603,0
74254,8871,17705,83125,91959,26576,0
128,58590,35463,58718,35591,94053,0
8541,7862,71044,16403,79585,78906,0
93287,2432,45607,95719,138894,48039,0
96973,69571,51710,166544,148683,121281,1
46423,36804,60368,83227,106791,97172,1
46667,81687,88861,128354,135528,170548,1
68292,87599,71012,155891,139304,158611,1
49363,57997,14793,107360,64156,72790,1
51458,9604,66347,61062,117805,75951,0
76170,40456,97463,116626,173633,137919,1
68806,86562,49924,155368,118730,136486,1
28403,10921,12069,39324,40472,22990,0
57477,16928,21779,74405,79256,38707,0
61566,46059,15329,107625,76895,61388,0
74654,31363,241,106017,74895,31604,0
84627,99659,96232,184286,180859,195891,1
55370,57031,90853,112401,146223,147884,1
97659,75861,56225,173520,153884,132086,1
5315,6209,24137,11524,29452,30346,0
43563,55324,72652,98887,116215,127976,1
12468,29468,60288,41936,72756,89756,0
97589,47876,77782,145465,175371,125658,1
36144,41066,66322,77210,102466,107388,1
26194,41949,30847,68143,57041,72796,1
54564,26855,28870,81419,83434,55725,1
89799,64382,26680,154181,116479,91062,1
27970,85471,39712,113441,67682,125183,0
26847,74013,19103,100860,45950,93116,0
40991,7300,6347,48291,47338,13647,0
66140,63276,53004,129416,119144,116280,1
10280,55584,91908,65864,102188,147492,0
55125,14859,35473,69984,90598,50332,0
58908,54677,60359,113585,119267,115036,1
87053,9871,79477,96924,166530,89348,1
19391,3493,79725,22884,99116,83218,0
52980,64978,80713,117958,133693,145691,1
96789,18986,22943,115775,119732,41929,0
35268,54018,69402,89286,104670,123420,1
63886,35849,17407,99735,81293,53256,0
1151,56949,35735,58100,36886,92684,0
42479,1332,77056,43811,119535,78388,0
93129,36649,73004,129778,166133,109653,1
60330,99207,81066,159537,141396,180273,1
81797,5292,73418,87089,155215,78710,0
28354,68946,46136,97300,74490,115082,1
14099,39113,71722,53212,85821,110835,0
92349,80244,38404,172593,130753,118648,1
51129,77536,54615,128665,105744,132151,1
1102,12928,37971,14030,39073,50899,0
71279,62143,79762,133422,151041,141905,1
46821,7827,96786,54648,143607,104613,0
82535,19672,38802,102207,121337,58474,0
32783,11999,74074,44782,106857,86073,0
96701,35978,27251,132679,123952,63229,0
74731,96051,99843,170782,174574,195894,1
84051,96295,52875,180346,136926,149170,1
93638,23269,9504,116907,103142,32773,0
53509,74368,99882,127877,153391,174250,1
39421,39103,10502,78524,49923,49605,1
98706,6987,62238,105693,160944,69225,0
37655,37469,78143,75124,115798,115612,0
48392,53889,74083,102281,122475,127972,1
61800,44734,83100,106534,144900,127834,1
33273,79772,50883,113045,84156,130655,1
85053,40993,90403,126046,175456,131396,1
68721,39548,44095,108269,112816,83643,1
86676,91172,52448,177848,139124,143620,1
82001,84863,38955,166864,120956,123818,1
41760,84214,1225,125974,42985,85439,0
91816,38698,72607,130514,164423,111305,1
90765,57000,45897,147765,136662,102897,1
57829,87376,46907,145205,104736,134283,1
51999,55437,42686,107436,94685,98123,1
44140,52439,64858,96579,108998,117297,1
64382,50091,17540,114473,81922,67631,1
99637,95770,57617,195407,157254,153387,1
94418,27638,25227,122056,119645,52865,0
65374,66361,91768,131735,157142,158129,1
45307,23122,49750,68429,95057,72872,1
71787,11821,37990,83608,109777,49811,0
65876,16108,92091,81984,157967,108199,0
40406,22880,24716,63286,65122,47596,1
30640,7932,38993,38572,69633,46925,0
27079,44370,11739,71449,38818,56109,0
46208,13961,65695,60169,111903,79656,0
44960,84496,38058,129456,83018,122554,0
55728,36593,54538,92321,110266,91131,1
298,52953,42642,53251,42940,95595,0
32440,63156,19762,95596,52202,82918,0
72859,9153,82254,82012,155113,91407,0
3093,33249,14728,36342,17821,47977,0
42986,48450,688,91436,43674,49138,0
86841,33313,99479,120154,186320,132792,1
17598,53729,9056,71327,26654,62785,0
31761,46495,56452,78256,88213,102947,1
78934,22124,39576,101058,118510,61700,0
17327,4753,55172,22080,72499,59925,0
88333,14904,96957,103237,185290,111861,1
21448,36819,62225,58267,83673,99044,0
40860,83175,27627,124035,68487,110802,0
71820,56810,35507,128630,107327,92317,1
25733,56481,77384,82214,103117,133865,1
97455,71080,16762,168535,114217,87842,0
70169,61777,27009,131946,97178,88786,1
50345,92427,54932,142772,105277,147359,1
28149,71776,62183,99925,90332,133959,1
90828,53583,23259,144411,114087,76842,0
86558,85355,81595,171913,168153,166950,1
16427,35305,32729,51732,49156,68034,1
96525,12848,86654,109373,183179,99502,1
78269,90947,56183,169216,134452,147130,1
21710,67782,98509,89492,120219,166291,0
19611,4291,47360,23902,66971,51651,0
88963,55038,32689,144001,121652,87727,0
27642,45990,73239,73632,100881,119229,1
60256,36962,34756,97218,95012,71718,1
33782,65709,34915,99491,68697,100624,1
73302,78127,84955,151429,158257,163082,1
300,82726,40337,83026,40637,123063,0
13251,50380,7096,63631,20347,57476,0
58974,93825,94309,152799,153283,188134,1
10920,99762,75667,110682,86587,175429,0
46406,43932,87070,90338,133476,131002,1
51993,23676,41600,75669,93593,65276,1
67308,78693,58842,146001,126150,137535,1
73751,45963,45788,119714,119539,91751,1
9126,37184,66403,46310,75529,103587,0
74452,89441,27756,163893,102208,117197,1
67613,90820,56754,158433,124367,147574,1
1364,41822,44400,43186,45764,86222,0
50945,73146,77342,124091,128287,150488,1
68343,65434,16355,133777,84698,81789,1
1249,80487,9251,81736,10500,89738,0
3159,40225,34432,43384,37591,74657,0
2876,79562,9488,82438,12364,89050,0
19626,55107,3345,74733,22971,58452,0
82380,26472,57795,108852,140175,84267,1
93957,85673,23202,179630,117159,108875,1
46080,26981,73315,73061,119395,100296,0
36988,85581,35278,122569,72266,120859,0
17407,80054,54962,97461,72369,135016,0
39314,99857,89126,139171,128440,188983,1
87556,28510,76951,116066,164507,105461,1
40845,55743,77064,96588,117909,132807,1
96210,26194,69053,122404,165263,95247,0
98462,33563,92931,132025,191393,126494,1
50708,65957,81271,116665,131979,147228,1
42082,77689,61762,119771,103844,139451,1
99584,21003,45340,120587,144924,66343,0
2414,54085,16458,56499,18872,70543,0
8333,60846,3506,69179,11839,64352,0
56536,10512,47648,67048,104184,58160,1
77592,53551,96023,131143,173615,149574,1
48749,8625,16245,57374,64994,24870,0
44535,92436,79081,136971,123616,171517,1
31581,8716,99064,40297,130645,107780,0
43588,88555,22439,132143,66027,110994,0
11407,42742,25388,54149,36795,68130,0
5967,12652,46039,18619,52006,58691,0
76029,60223,12144,136252,88173,72367,0
82229,90872,69340,173101,151569,160212,1
72584,31933,2462,104517,75046,34395,0
88313,567,73979,88880,162292,74546,0
2195,54835,91852,57030,94047,146687,0
6697,26277,91214,32974,97911,117491,0
53512,44259,54748,97771,108260,99007,1
47156,26643,22168,73799,69324,48811,1
97054,1855,30636,98909,127690,32491,0
29861,85426,40720,115287,70581,126146,0
88399,18268,42183,106667,130582,60451,0
26526,30516,25529,57042,52055,56045,1
37184,36419,98155,73603,135339,134574,0
34387,37622,14002,72009,48389,51624,1
92612,14228,10391,106840,103003,24619,0
47188,73680,2616,120868,49804,76296,0
99449,80319,51364,179768,150813,131683,1
27137,87120,69270,114257,96407,156390,1
64670,53687,51166,118357,115836,104853,1
54880,52940,50545,107820,105425,103485,1
58132,66800,81687,124932,139819,148487,1
14990,74884,28093,89874,43083,102977,0
56585,17621,6012,74206,62597,23633,0
36352,95198,93315,131550,129667,188513,1
75740,4761,43238,80501,118978,47999,0
40304,68416,18278,108720,58582,86694,0
36619,22944,40897,59563,77516,63841,1
60638,96986,30016,157624,90654,127002,0
34659,61259,79494,95918,114153,140753,1
67749,5421,22412,73170,90161,27833,0
68032,4780,45097,72812,113129,49877,0
903,43090,62551,43993,63454,105641,0
43749,21108,18528,64857,62277,39636,0
72701,92788,62294,165489,134995,155082,1
133,62146,53548,62279,53681,115694,0
19607,30796,35845,50403,55452,66641,1
72244,53956,46887,126200,119131,100843,1
28687,24819,48146,53506,76833,72965,1
7504,14478,21871,21982,29375,36349,1
91978,271,83052,92249,175030,83323,0
86754,14040,10897,100794,97651,24937,0
57066,52688,46321,109754,103387,99009,1
98392,26641,69288,125033,167680,95929,0
82788,9598,42082,92386,124870,51680,0
60793,91968,3885,152761,64678,95853,0
37082,11106,18147,48188,55229,29253,0
84571,45668,94383,130239,178954,140051,1
81180,48175,15770,129355,96950,63945,0
69943,77181,52530,147124,122473,129711,1
92444,524,58079,92968,150523,58603,0
98876,6484,40550,105360,139426,47034,0
94948,74171,38288,169119,133236,112459,1
10725,41193,4103,51918,14828,45296,0
11709,85636,41447,97345,53156,127083,0
70021,28824,2621,98845,72642,31445,0
59087,65539,87023,124626,146110,152562,1
96739,42793,8251,139532,104990,51044,0
68008,21779,17847,89787,85855,39626,0
5261,39697,55256,44958,60517,94953,0
21588,64657,90833,86245,112421,155490,0
39385,28961,96172,68346,135557,125133,0
41009,978,20442,41987,61451,21420,0
34425,53843,45918,88268,80343,99761,1
95241,12224,78669,107465,173910,90893,0
59843,83342,57729,143185,117572,141071,1
49183,31612,12248,80795,61431,43860,0
738,83040,21634,83778,22372,104674,0
4499,67792,31490,72291,35989,99282,0
24284,84957,76431,109241,100715,161388,1
81468,23782,11812,105250,93280,35594,0
57126,56246,81066,113372,138192,137312,1
73963,92358,50290,166321,124253,142648,1
1228,90003,22889,91231,24117,112892,0
3119,42233,33758,45352,36877,75991,0
36615,9869,54096,46484,90711,63965,0
10916,78786,1200,89702,12116,79986,0
32876,15378,95202,48254,128078,110580,0
12701,77789,19839,90490,32540,97628,0
41695,53590,74713,95285,116408,128303,1
78085,80530,31012,158615,109097,111542,1
39610,12496,13296,52106,52906,25792,0
25754,96289,92934,122043,118688,189223,1
93988,17224,41755,111212,135743,58979,0
44452,96815,15716,141267,60168,112531,0
75609,34148,96479,109757,172088,130627,1
54426,36747,3261,91173,57687,40008,0
23151,9570,18159,32721,41310,27729,1
95665,96266,94430,191931,190095,190696,1
52293,81091,35937,133384,88230,117028,1
79452,80063,77549,159515,157001,157612,1
68893,34456,13073,103349,81966,47529,0
95952,61502,71640,157454,167592,133142,1
73652,43159,2355,116811,76007,45514,0
52683,57815,16776,110498,69459,74591,1
60871,59051,17776,119922,78647,76827,1
88343,34167,68407,122510,156750,102574,1
69448,49732,81814,119180,151262,131546,1
29386,24549,89535,53935,118921,114084,0
92481,36130,69991,128611,162472,106121,1
80749,39636,36135,120385,116884,75771,0
32827,55766,31146,88593,63973,86912,1
48422,19267,70567,67689,118989,89834,0
33574,19948,12844,53522,46418,32792,0
97951,91836,34519,189787,132470,126355,1
81129,78469,24089,159598,105218,102558,1
25747,78346,65333,104093,91080,143679,1
51666,13168,43914,64834,95580,57082,1
56841,981,73430,57822,130271,74411,0
12948,23588,37940,36536,50888,61528,0
60239,66939,69272,127178,129511,136211,1
42295,45143,15791,87438,58086,60934,1
5762,5736,19952,11498,25714,25688,0
92758,3689,98420,96447,191178,102109,0
54900,96589,48102,151489,103002,144691,1
8944,13076,97259,22020,106203,110335,0
17729,22965,46567,40694,64296,69532,0
13271,85917,77869,99188,91140,163786,1
9412,92620,5498,102032,14910,98118,0
66420,41640,28289,108060,94709,69929,1
47090,95130,21341,142220,68431,116471,0
44115,6338,67553,50453,111668,73891,0
2811,51895,91321,54706,94132,143216,0
38403,74799,99000,113202,137403,173799,1
10241,15480,76704,25721,86945,92184,0
15898,76699,39565,92597,55463,116264,0
47280,99902,50047,147182,97327,149949,0
96009,90518,76731,186527,172740,167249,1
5895,70355,40783,76250,46678,111138,0
98872,76164,37468,175036,136340,113632,1
11387,69235,95487,80622,106874,164722,0
97956,83547,12729,181503,110685,96276,0
92881,50734,15177,143615,108058,65911,0
37326,33609,48814,70935,86140,82423,1
48954,47930,86412,96884,135366,134342,1
92162,63904,73210,156066,165372,137114,1
43356,90385,68060,133741,111416,158445,1
31854,5530,75405,37384,107259,80935,0
19627,35727,8768,55354,28395,44495,0
9294,33521,77971,42815,87265,111492,0
42022,14799,82560,56821,124582,97359,0
66572,94541,49721,161113,116293,144262,1
63480,6716,95294,70196,158774,102010,0
14507,6757,24532,21264,39039,31289,0
21674,49203,92793,70877,114467,141996,0
3525,49970,20893,53495,24418,70863,0
12648,8397,14362,21045,27010,22759,1
38305,11672,2882,49977,41187,14554,0
86953,32216,24035,119169,110988,56251,0
2194,43848,82492,46042,84686,126340,0
991,7602,18568,8593,19559,26170,0
61261,73539,96876,134800,158137,170415,1
25443,51276,73700,76719,99143,124976,1
86306,83953,67205,170259,153511,151158,1
71053,36210,75540,107263,146593,111750,1
16615,10645,11535,27260,28150,22180,1
75645,6640,83405,82285,159050,90045,0
54745,44254,26086,98999,80831,70340,1
8601,39915,95025,48516,103626,134940,0
83781,51597,1165,135378,84946,52762,0
15269,8328,82980,23597,98249,91308,0
68201,73285,51269,141486,119470,124554,1
38674,73791,21110,112465,59784,94901,0
36181,26515,68632,62696,104813,95147,0
97548,42476,67573,140024,165121,110049,1
56427,66756,7874,123183,64301,74630,0
10367,55397,20112,65764,30479,75509,0
39383,96674,15410,136057,54793,112084,0
77370,53866,6495,131236,83865,60361,0
38622,68520,36629,107142,75251,105149,1
32297,70789,48966,103086,81263,119755,1
67209,8028,18801,75237,86010,26829,0
94646,53006,53631,147652,148277,106637,1
96002,22914,92961,118916,188963,115875,1
64016,34616,33953,98632,97969,68569,1
53335,85809,5973,139144,59308,91782,0
87393,12141,63131,99534,150524,75272,0
32746,39130,2295,71876,35041,41425,0
95925,56185,78366,152110,174291,134551,1
86710,17920,89995,104630,176705,107915,1
83975,99126,32972,183101,116947,132098,1
59323,65424,97200,124747,156523,162624,1
54343,10451,50764,64794,105107,61215,1
79217,76318,64864,155535,144081,141182,1
49347,54575,37645,103922,86992,92220,1
29376,86343,60625,115719,90001,146968,1
88033,41509,87186,129542,175219,128695,1
11386,70473,90303,81859,101689,160776,0
6658,99415,58083,106073,64741,157498,0
31513,22371,21595,53884,53108,43966,1
4807,23666,84568,28473,89375,108234,0
17323,78511,99105,95834,116428,177616,0
24701,50272,3039,74973,27740,53311,0
70256,64313,46238,134569,116494,110551,1
46789,70248,4798,117037,51587,75046,0
50611,91010,3474,141621,54085,94484,0
37296,89644,63967,126940,101263,153611,1
16294,91956,64000,108250,80294,155956,0
90264,93467,18548,183731,108812,112015,1
79584,77488,25596,157072,105180,103084,1
20855,86895,43560,107750,64415,130455,0
73448,52980,13951,126428,87399,66931,0
41348,45580,101,86928,41449,45681,0
27899,83881,24217,111780,52116,108098,0
2271,26093,36773,28364,39044,62866,0
2374,47266,8944,49640,11318,56210,0
87313,51690,69396,139003,156709,121086,1
53963,67759,29453,121722,83416,97212,1
64775,62760,28240,127535,93015,91000,1
82172,34173,20929,116345,103101,55102,0
12043,14135,7956,26178,19999,22091,1
70853,17791,81428,88644,152281,99219,1
18682,23306,65218,41988,83900,88524,0
99004,95227,76820,194231,175824,172047,1
12704,30699,6975,43403,19679,37674,0
903,25774,89271,26677,90174,115045,0
72918,71866,25687,144784,98605,97553,1
11915,90618,62815,102533,74730,153433,0
4237,5498,18157,9735,22394,23655,0
61980,16405,26542,78385,88522,42947,0
97725,36459,86304,134184,184029,122763,1
19785,63179,64225,82964,84010,127404,1
61061,64142,79743,125203,140804,143885,1
40475,32630,38178,73105,78653,70808,1
91731,73074,11942,164805,103673,85016,0
50799,50680,51590,101479,102389,102270,1
99814,18733,39633,118547,139447,58366,0
45824,40341,33414,86165,79238,73755,1
32984,15757,95618,48741,128602,111375,0
37908,16443,69797,54351,107705,86240,0
33906,63051,21402,96957,55308,84453,0
46732,11417,48801,58149,95533,60218,1
5175,48788,66123,53963,71298,114911,0
24084,1133,96415,25217,120499,97548,0
57855,54574,76850,112429,134705,131424,1
89100,88571,18493,177671,107593,107064,1
54728,61077,63386,115805,118114,124463,1
94334,67155,22479,161489,116813,89634,0
23049,98185,28076,121234,51125,126261,0
29178,54581,24672,83759,53850,79253,0
3866,41122,72742,44988,76608,113864,0
79658,9076,49924,88734,129582,59000,0
18925,96282,32418,115207,51343,128700,0
45751,32621,95592,78372,141343,128213,0
45117,45340,57195,90457,102312,102535,1
51355,69444,5172,120799,56527,74616,0
36801,51200,17297,88001,54098,68497,1
91913,94167,11546,186080,103459,105713,1
47969,96199,6634,144168,54603,102833,0
61466,26417,60184,87883,121650,86601,1
56554,75781,93832,132335,150386,169613,1
88631,74609,11094,163240,99725,85703,0
14420,82972,30824,97392,45244,113796,0
12850,41211,34016,54061,46866,75227,1
19349,46592,51343,65941,70692,97935,1
76216,71084,21261,147300,97477,92345,1
2456,33414,71710,35870,74166,105124,0
41720,22895,37260,64615,78980,60155,1
79201,90604,71961,169805,151162,162565,1
84775,75444,36341,160219,121116,111785,1
77698,84430,48092,162128,125790,132522,1
32176,41470,56029,73646,88205,97499,1
4612,81279,27973,85891,32585,109252,0
29399,6436,57053,35835,86452,63489,0
8217,38311,51564,46528,59781,89875,0
53995,94039,55172,148034,109167,149211,1
7738,66423,86373,74161,94111,152796,0
10086,36998,1552,47084,11638,38550,0
7695,78352,11851,86047,19546,90203,0
78807,99734,64402,178541,143209,164136,1
90789,1256,14596,92045,105385,15852,0
29108,33276,12897,62384,42005,46173,1
67740,41158,38302,108898,106042,79460,1
36304,85349,23233,121653,59537,108582,0
84739,13659,78775,98398,163514,92434,1
35258,60289,56950,95547,92208,117239,1
75554,56439,26874,131993,102428,83313,1
70910,7066,37809,77976,108719,44875,0
97397,65330,58686,162727,156083,124016,1
81448,71158,31131,152606,112579,102289,1
35772,20116,15771,55888,51543,35887,1
21002,82982,9588,103984,30590,92570,0
79108,88256,52050,167364,131158,140306,1
18156,29120,57398,47276,75554,86518,0
53307,16538,54669,69845,107976,71207,1
23764,73569,1074,97333,24838,74643,0
44156,2343,76718,46499,120874,79061,0
72562,61590,60123,134152,132685,121713,1
63238,1611,724,64849,63962,2335,0
94847,53140,645,147987,95492,53785,0
37209,73235,95178,110444,132387,168413,1
76029,88932,79622,164961,155651,168554,1
54861,82486,3120,137347,57981,85606,0
33250,29987,9638,63237,42888,39625,1
6048,8822,95175,14870,101223,103997,0
38897,79043,92412,117940,131309,171455,1
81671,97563,62135,179234,143806,159698,1
12226,1437,65437,13663,77663,66874,0
97878,24877,51743,122755,149621,76620,0
67006,70407,53766,137413,120772,124173,1
75289,4331,28088,79620,103377,32419,0
49978,25792,18619,75770,68597,44411,0
99118,35307,41065,134425,140183,76372,0
4540,64123,37455,68663,41995,101578,0
55668,35838,24024,91506,79692,59862,1
60697,67074,78172,127771,138869,145246,1
33542,37861,12352,71403,45894,50213,1
40503,46601,42405,87104,82908,89006,1
81215,30485,66392,111700,147607,96877,1
89616,7899,22263,97515,111879,30162,0
63326,7964,88056,71290,151382,96020,0
12044,90179,60598,102223,72642,150777,0
11582,63756,68769,75338,80351,132525,1
1675,41546,52654,43221,54329,94200,0
41224,63809,47718,105033,88942,111527,1
18122,48012,61467,66134,79589,109479,1
6003,70064,49884,76067,55887,119948,0
49361,55282,78394,104643,127755,133676,1
77136,31070,60461,108206,137597,91531,1
28675,25282,47450,53957,76125,72732,1
72046,71553,39899,143599,111945,111452,1
74933,50344,42828,125277,117761,93172,1
72807,22223,12655,95030,85462,34878,0
8033,17766,54011,25799,62044,71777,0
18299,47776,49121,66075,67420,96897,1
75364,77522,12157,152886,87521,89679,1
77791,60513,5021,138304,82812,65534,0
78667,18834,71950,97501,150617,90784,1
45628,80526,38343,126154,83971,118869,1
3445,66696,18710,70141,22155,85406,0
42921,37760,61759,80681,104680,99519,1
73640,64911,76053,138551,149693,140964,1
41965,39412,75071,81377,117036,114483,1
74356,37803,54566,112159,128922,92369,1
677,10252,172,10929,849,10424,0
87791,79697,77097,167488,164888,156794,1
54279,67156,58523,121435,112802,125679,1
17706,50204,83233,67910,100939,133437,0
22217,90730,47188,112947,69405,137918,0
7162,95018,12439,102180,19601,107457,0
79423,36107,73195,115530,152618,109302,1
64528,84570,99496,149098,164024,184066,1
91549,11529,83711,103078,175260,95240,1
13590,54822,65360,68412,78950,120182,1
71013,22866,76608,93879,147621,99474,1
66451,88215,27263,154666,93714,115478,1
53548,12488,78416,66036,131964,90904,0
29133,34061,53698,63194,82831,87759,1
51447,96995,73057,148442,124504,170052,1
64530,47570,54770,112100,119300,102340,1
80375,90651,10295,171026,90670,100946,1
57585,98977,43038,156562,100623,142015,1
78940,73386,23169,152326,102109,96555,1
2563,67462,63283,70025,65846,130745,0
33603,53961,93981,87564,127584,147942,0
19637,13272,73112,32909,92749,86384,0
77180,43006,79986,120186,157166,122992,1
27461,33035,73893,60496,101354,106928,0
33969,12924,38935,46893,72904,51859,1
50658,18552,67507,69210,118165,86059,1
55357,31202,99771,86559,155128,130973,0
16040,48110,67346,64150,83386,115456,0
81516,59067,81318,140583,162834,140385,1
68734,60927,57060,129661,125794,117987,1
36241,24763,57401,61004,93642,82164,1
58842,51998,49829,110840,108671,101827,1
71314,95155,72997,166469,144311,168152,1
3628,96305,83400,99933,87028,179705,0
40790,78013,47081,118803,87871,125094,1
60944,25001,18278,85945,79222,43279,0
92144,47345,436,139489,92580,47781,0
68328,28488,92164,96816,160492,120652,1
70358,84891,71666,155249,142024,156557,1
21946,94820,100,116766,22046,94920,0
84439,68797,64412,153236,148851,133209,1
16919,91896,25829,108815,42748,117725,0
51966,35826,2371,87792,54337,38197,0
64036,83096,12521,147132,76557,95617,0
9179,62809,62414,71988,71593,125223,1
70337,59245,53519,129582,123856,112764,1
98473,62122,43285,160595,141758,105407,1
29990,48880,28982,78870,58972,77862,1
13270,99005,16106,112275,29376,115111,0
67429,3830,6049,71259,73478,9879,0
92510,66136,58949,158646,151459,125085,1
70624,3099,50801,73723,121425,53900,0
71232,11370,96060,82602,167292,107430,0
82141,33423,22051,115564,104192,55474,0
44756,33801,94637,78557,139393,128438,0
78589,53480,83360,132069,161949,136840,1
8950,73448,62732,82398,71682,136180,0
12486,99429,60200,111915,72686,159629,0
67,74579,54812,74646,54879,129391,0
6784,73570,4730,80354,11514,78300,0
59119,34408,41551,93527,100670,75959,1
15240,79069,96374,94309,111614,175443,0
6995,9740,80609,16735,87604,90349,0
12528,50149,19289,62677,31817,69438,0
34562,29788,84741,64350,119303,114529,0
68542,14607,18928,83149,87470,33535,0
81599,3329,44108,84928,125707,47437,0
54194,31013,14958,85207,69152,45971,0
20696,12900,57538,33596,78234,70438,0
41526,22593,59717,64119,101243,82310,1
9002,68678,38150,77680,47152,106828,0
85943,31622,87358,117565,173301,118980,1
96990,26729,83216,123719,180206,109945,1
83477,2481,64209,85958,147686,66690,0
75181,87933,505,163114,75686,88438,0
66530,34744,41212,101274,107742,75956,1
18424,74101,15871,92525,34295,89972,0
75261,58262,9725,133523,84986,67987,0
30204,88217,4954,118421,35158,93171,0
38331,9220,46758,47551,85089,55978,1
86057,6075,12142,92132,98199,18217,0
89840,71777,87682,161617,177522,159459,1
85795,47605,56025,133400,141820,103630,1
11411,56907,40389,68318,51800,97296,0
97636,58303,15356,155939,112992,73659,0
77337,25918,24043,103255,101380,49961,0
38167,90832,62165,128999,100332,152997,1
22362,81932,5289,104294,27651,87221,0
41618,92903,38154,134521,79772,131057,0
90552,38682,56816,129234,147368,95498,1
47969,38781,12918,86750,60887,51699,1
47779,77738,66679,125517,114458,144417,1
36073,39890,25077,75963,61150,64967,1
93816,64879,83033,158695,176849,147912,1
9377,1689,1894,11066,11271,3583,0
97389,62657,12648,160046,110037,75305,0
38650,6082,43768,44732,82418,49850,1
85859,48004,9476,133863,95335,57480,0
32102,48159,94740,80261,126842,142899,0
58018,8078,52368,66096,110386,60446,1
87844,69112,78381,156956,166225,147493,1
42873,37047,72872,79920,115745,109919,1
5817,74193,11644,80010,17461,85837,0
3312,483,26166,3795,29478,26649,0
87450,2222,75425,89672,162875,77647,0
59841,31343,38804,91184,98645,70147,1
14482,69186,79305,83668,93787,148491,1
71832,37484,52480,109316,124312,89964,1
98059,97921,46813,195980,144872,144734,1
35309,50714,60779,86023,96088,111493,1
45894,4857,51019,50751,96913,55876,0
36838,33542,45996,70380,82834,79538,1
18964,77906,57897,96870,76861,135803,0
35840,85534,48501,121374,84341,134035,0
7054,47268,96653,54322,103707,143921,0
18274,55701,9628,73975,27902,65329,0
47560,69723,938,117283,48498,70661,0
26530,51794,21289,78324,47819,73083,0
59067,38171,98519,97238,157586,136690,0
3492,69999,46312,73491,49804,116311,0
48455,42751,83873,91206,132328,126624,1
39365,19547,58597,58912,97962,78144,1
70705,25249,38437,95954,109142,63686,0
33196,69507,43536,102703,76732,113043,1
29875,8431,46803,38306,76678,55234,0
57897,71509,2015,129406,59912,73524,0
20986,19465,93836,40451,114822,113301,0
28378,72643,38133,101021,66511,110776,0
75827,12729,76334,88556,152161,89063,1
39708,44600,88378,84308,128086,132978,0
98593,395,9293,98988,107886,9688,0
15258,52787,47864,68045,63122,100651,1
42487,86260,14757,128747,57244,101017,0
49697,57145,182,106842,49879,57327,0
56901,54561,67233,111462,124134,121794,1
23320,53628,36720,76948,60040,90348,1
28563,26393,33539,54956,62102,59932,1
8521,87614,83160,96135,91681,170774,1
37075,42115,28760,79190,65835,70875,1
97852,56063,13575,153915,111427,69638,0
22323,86566,29603,108889,51926,116169,0
53096,97495,77961,150591,131057,175456,1
11984,88281,65476,100265,77460,153757,0
64654,67436,29246,132090,93900,96682,1
5958,82826,88609,88784,94567,171435,1
42559,95288,92752,137847,135311,188040,1
17069,54118,38252,71187,55321,92370,1
5822,65217,48577,71039,54399,113794,0
61159,69020,22842,130179,84001,91862,1
3357,49205,76580,52562,79937,125785,0
72436,41730,52514,114166,124950,94244,1
52514,21734,74713,74248,127227,96447,0
87554,2771,98068,90325,185622,100839,0
37024,33404,88399,70428,125423,121803,0
83474,92684,467,176158,83941,93151,0
47321,34619,95327,81940,142648,129946,0
34559,1706,29984,36265,64543,31690,0
9430,31329,86442,40759,95872,117771,0
1864,7318,28240,9182,30104,35558,0
88709,72860,62838,161569,151547,135698,1
99671,50044,13189,149715,112860,63233,0
64132,75910,10492,140042,74624,86402,0
35338,95291,49702,130629,85040,144993,0
1158,95328,35992,96486,37150,131320,0
65637,62896,72253,128533,137890,135149,1
77335,32312,89548,109647,166883,121860,1
89011,2538,98986,91549,187997,101524,0
73308,28733,56512,102041,129820,85245,1
67035,58893,67283,125928,134318,126176,1
47797,45996,74312,93793,122109,120308,1
45447,59297,67929,104744,113376,127226,1
12878,65799,88409,78677,101287,154208,0
40870,85561,38436,126431,79306,123997,0
58461,50882,91186,109343,149647,142068,1
72486,71138,4269,143624,76755,75407,1
1357,60726,85117,62083,86474,145843,0
37302,49540,60768,86842,98070,110308,1
49806,55479,26147,105285,75953,81626,1
93814,60954,2448,154768,96262,63402,0
802,24344,5479,25146,6281,29823,0
1011,65137,87563,66148,88574,152700,0
10323,64235,82336,74558,92659,146571,0
52359,32127,85140,84486,137499,117267,0
83855,42874,1835,126729,85690,44709,0
14119,34214,27589,48333,41708,61803,1
5808,24219,26407,30027,32215,50626,1
88082,68383,82311,156465,170393,150694,1
41849,25269,14316,67118,56165,39585,0
78433,39205,16826,117638,95259,56031,0
13648,95415,55429,109063,69077,150844,0
78434,56191,18815,134625,97249,75006,0
98598,99847,42399,198445,140997,142246,1
34237,6868,66033,41105,100270,72901,0
66099,59604,96951,125703,163050,156555,1
83713,47240,9161,130953,92874,56401,0
94646,44910,33549,139556,128195,78459,0
36401,22550,82955,58951,119356,105505,0
65566,96180,25624,161746,91190,121804,0
34825,63425,58354,98250,93179,121779,1
74465,74903,35958,149368,110423,110861,1
82463,91839,69867,174302,152330,161706,1
26646,28393,80750,55039,107396,109143,0
17047,85605,80472,102652,97519,166077,1
61520,51226,16445,112746,77965,67671,1
20680,19115,92291,39795,112971,111406,0
56486,66680,42914,123166,99400,109594,1
50562,56398,86404,106960,136966,142802,1
34055,19100,26975,53155,61030,46075,1
10413,43871,86749,54284,97162,130620,0
32199,41190,3879,73389,36078,45069,0
82281,67320,73429,149601,155710,140749,1
84554,4879,8001,89433,92555,12880,0
45842,24842,14139,70684,59981,38981,0
79226,80400,20095,159626,99321,100495,1
52214,94170,26786,146384,79000,120956,0
55065,51464,68475,106529,123540,119939,1
30889,64468,54974,95357,85863,119442,1
75553,99265,51559,174818,127112,150824,1
47776,9118,62122,56894,109898,71240,0
49589,79029,34555,128618,84144,113584,1
22870,89972,97114,112842,119984,187086,1
69648,53071,59520,122719,129168,112591,1
78650,92382,55242,171032,133892,147624,1
82592,68485,34420,151077,117012,102905,1
16864,49464,31995,66328,48859,81459,0
79536,20572,23095,100108,102631,43667,0
65732,39915,53762,105647,119494,93677,1
36650,82862,76869,119512,113519,159731,1
57937,20937,15426,78874,73363,36363,0
57984,1001,75764,58985,133748,76765,0
70115,77487,31529,147602,101644,109016,1
4572,56033,12105,60605,16677,68138,0
66460,28546,98875,95006,165335,127421,0
41287,61750,72611,103037,113898,134361,1
93770,2671,619,96441,94389,3290,0
69943,85150,1084,155093,71027,86234,0
78081,56865,54916,134946,132997,111781,1
45540,63499,7265,109039,52805,70764,0
86819,21391,64537,108210,151356,85928,0
93304,23689,67310,116993,160614,90999,0
49807,15525,88503,65332,138310,104028,0
99713,60328,87190,160041,186903,147518,1
86268,82401,45409,168669,131677,127810,1
56957,32941,65449,89898,122406,98390,1
61820,30361,90372,92181,152192,120733,1
62470,44342,72909,106812,135379,117251,1
25614,43723,39827,69337,65441,83550,1
89346,30537,184,119883,89530,30721,0
40320,42934,57134,83254,97454,100068,1
46508,20689,28571,67197,75079,49260,1
22846,75590,22195,98436,45041,97785,0
13800,28794,1056,42594,14856,29850,0
63547,71143,38818,134690,102365,109961,1
21261,74229,34821,95490,56082,109050,0
25701,8642,97129,34343,122830,105771,0
77848,18156,74805,96004,152653,92961,1
36932,10845,68634,47777,105566,79479,0
30623,64990,77559,95613,108182,142549,1
45562,93225,44840,138787,90402,138065,0
88904,25626,46565,114530,135469,72191,0
26084,97860,41512,123944,67596,139372,0
49250,98804,76365,148054,125615,175169,1
417,90672,25841,91089,26258,116513,0
73583,67918,93633,141501,167216,161551,1
98317,93339,88787,191656,187104,182126,1
6959,41333,95828,48292,102787,137161,0
65407,34196,82468,99603,147875,116664,1
13035,85230,43311,98265,56346,128541,0
29090,40560,69734,69650,98824,110294,0
14868,95541,83609,110409,98477,179150,1
7450,34842,71419,42292,78869,106261,0
69378,11434,37809,80812,107187,49243,0
22914,58169,52027,81083,74941,110196,1
79466,42079,55674,121545,135140,97753,1
19250,36840,52323,56090,71573,89163,1
93490,55818,51334,149308,144824,107152,1
8941,71431,19631,80372,28572,91062,0
25031,35326,68278,60357,93309,103604,0
89218,23437,45922,112655,135140,69359,0
48095,2592,63529,50687,111624,66121,0
85732,32621,98453,118353,184185,131074,1
54750,76393,31032,131143,85782,107425,1
66096,91363,8256,157459,74352,99619,0
837,31645,87838,32482,88675,119483,0
84919,88376,69423,173295,154342,157799,1
29245,39295,20925,68540,50170,60220,1
44124,90052,80719,134176,124843,170771,1
76785,35174,141,111959,76926,35315,0
83620,51600,2218,135220,85838,53818,0
24932,95136,34,120068,24966,95170,0
98006,68292,602,166298,98608,68894,0
49567,81036,12418,130603,61985,93454,0
43306,58334,63421,101640,106727,121755,1
45072,26156,22999,71228,68071,49155,1
87662,5408,15274,93070,102936,20682,0
26166,16075,40159,42241,66325,56234,1
59788,69187,98041,128975,157829,167228,1
6999,59135,6540,66134,13539,65675,0
71824,46901,412,118725,72236,47313,0
19371,31636,7589,51007,26960,39225,0
85666,93895,91422,179561,177088,185317,1
78617,96069,49872,174686,128489,145941,1
51541,34981,24485,86522,76026,59466,1
25069,2000,82026,27069,107095,84026,0
7416,70177,73372,77593,80788,143549,1
55587,45727,34465,101314,90052,80192,1
71479,51082,9523,122561,81002,60605,0
12127,49544,50984,61671,63111,100528,1
91888,35934,40220,127822,132108,76154,0
32717,24946,71311,57663,104028,96257,0
61310,11420,91480,72730,152790,102900,0
49674,88317,44902,137991,94576,133219,1
7305,70443,92371,77748,99676,162814,0
30048,14993,75423,45041,105471,90416,0
33451,9275,7266,42726,40717,16541,0
79945,33747,77842,113692,157787,111589,1
19058,41798,13234,60856,32292,55032,0
7217,42207,23275,49424,30492,65482,0
60669,30213,65236,90882,125905,95449,1
41180,37001,5972,78181,47152,42973,1
39098,36802,51044,75900,90142,87846,1
89848,32461,70651,122309,160499,103112,1
24567,94109,68827,118676,93394,162936,0
31581,52169,87077,83750,118658,139246,0
48428,7753,68048,56181,116476,75801,0
62,13549,12292,13611,12354,25841,0
47647,14472,75447,62119,123094,89919,0
39956,97982,7208,137938,47164,105190,0
41707,9632,33862,51339,75569,43494,1
40753,28812,93530,69565,134283,122342,0
64853,25614,59272,90467,124125,84886,1
83821,92803,28522,176624,112343,121325,1
90542,21470,68947,112012,159489,90417,0
74539,51122,61205,125661,135744,112327,1
60589,47004,15180,107593,75769,62184,1
35248,72530,15585,107778,50833,88115,0
95499,90581,33358,186080,128857,123939,1
26744,30054,71390,56798,98134,101444,0
92073,56485,50688,148558,142761,107173,1
73160,14515,97190,87675,170350,111705,0
12124,38790,40727,50914,52851,79517,1
58256,22245,71945,80501,130201,94190,1
72830,24050,17496,96880,90326,41546,0
8867,58946,39334,67813,48201,98280,0
93587,71628,86617,165215,180204,158245,1
36260,53684,75620,89944,111880,129304,1
66376,67501,78644,133877,145020,146145,1
14655,17774,42463,32429,57118,60237,0
18525,96326,50682,114851,69207,147008,0
80015,30084,53989,110099,134004,84073,1
34422,37123,46603,71545,81025,83726,1
89464,82143,39663,171607,129127,121806,1
42158,91519,58250,133677,100408,149769,1
33215,36545,99992,69760,133207,136537,0
65982,15090,68024,81072,134006,83114,1
16843,32159,49006,49002,65849,81165,0
95563,56078,33566,151641,129129,89644,0
89654,14321,39481,103975,129135,53802,0
48821,25874,25877,74695,74698,51751,1
77863,90713,25243,168576,103106,115956,1
25731,76281,6605,102012,32336,82886,0
83758,77281,36417,161039,120175,113698,1
31546,55668,17939,87214,49485,73607,0
46692,61961,44042,108653,90734,106003,1
39353,31472,59575,70825,98928,91047,1
56300,7983,45844,64283,102144,53827,0
44297,29566,21971,73863,66268,51537,1
97799,19295,36959,117094,134758,56254,0
50229,99372,27236,149601,77465,126608,0
14503,69923,11001,84426,25504,80924,0
60885,87366,67016,148251,127901,154382,1
77435,1750,66103,79185,143538,67853,0
1304,55203,85853,56507,87157,141056,0
24047,2416,3878,26463,27925,6294,0
68229,94665,53651,162894,121880,148316,1
92835,16005,23311,108840,116146,39316,0
34402,3068,4607,37470,39009,7675,0
20323,2677,12746,23000,33069,15423,0
80493,90115,84289,170608,164782,174404,1
85239,37605,55184,122844,140423,92789,1
71190,13718,15529,84908,86719,29247,0
59280,64426,40518,123706,99798,104944,1
24536,7076,80040,31612,104576,87116,0
14750,21958,36424,36708,51174,58382,1
57301,31880,62425,89181,119726,94305,1
43634,68121,34928,111755,78562,103049,1
34208,38880,16132,73088,50340,55012,1
6911,68529,72051,75440,78962,140580,1
49967,38522,30679,88489,80646,69201,1
51921,99927,57775,151848,109696,157702,1
95464,26854,99417,122318,194881,126271,1
37810,31093,84777,68903,122587,115870,0
40526,7288,78465,47814,118991,85753,0
88368,34433,91500,122801,179868,125933,1
88913,40681,4787,129594,93700,45468,0
86163,47863,54272,134026,140435,102135,1
55380,22499,26697,77879,82077,49196,0
25831,50198,38715,76029,64546,88913,1
13766,72185,59869,85951,73635,132054,1
53336,44516,58934,97852,112270,103450,1
23704,43019,95313,66723,119017,138332,0
9319,76694,49747,86013,59066,126441,0
9219,5992,3625,15211,12844,9617,1
70577,91281,68607,161858,139184,159888,1
6547,93138,63626,99685,70173,156764,0
18256,40944,92255,59200,110511,133199,0
58211,83926,29470,142137,87681,113396,1
47215,9909,36662,57124,83877,46571,0
15776,86460,29724,102236,45500,116184,0
86778,60060,13654,146838,100432,73714,0
53063,41033,45235,94096,98298,86268,1
93682,19583,77148,113265,170830,96731,1
80141,28667,79574,108808,159715,108241,1
53004,16836,52773,69840,105777,69609,1
74470,52844,96472,127314,170942,149316,1
42418,21880,37215,64298,79633,59095,1
70725,47483,39274,118208,109999,86757,1
71369,80599,75515,151968,146884,156114,1
87663,11797,30433,99460,118096,42230,0
99004,7037,93685,106041,192689,100722,1
81817,25209,77544,107026,159361,102753,1
55666,62609,5123,118275,60789,67732,0
91955,23252,38126,115207,130081,61378,0
67952,8806,58864,76758,126816,67670,0
95431,79723,33364,175154,128795,113087,1
14828,53679,11119,68507,25947,64798,0
39536,51428,38361,90964,77897,89789,1
63820,6268,57969,70088,121789,64237,1
65186,45394,67668,110580,132854,113062,1
21115,56182,66496,77297,87611,122678,1
74804,43401,86146,118205,160950,129547,1
78838,65945,22717,144783,101555,88662,1
29812,39014,3181,68826,32993,42195,0
33436,83175,42876,116611,76312,126051,0
20943,78130,29319,99073,50262,107449,0
68458,23098,4994,91556,73452,28092,0
66378,19862,44918,86240,111296,64780,0
3947,25981,21484,29928,25431,47465,0
59449,10193,60294,69642,119743,70487,1
75780,51058,27337,126838,103117,78395,1
37461,88494,89996,125955,127457,178490,1
93280,94719,83795,187999,177075,178514,1
65874,53615,77713,119489,143587,131328,1
83767,94724,51345,178491,135112,146069,1
1324,52787,74993,54111,76317,127780,0
34909,86178,1563,121087,36472,87741,0
34107,80760,53108,114867,87215,133868,1
70785,1880,27537,72665,98322,29417,0
82256,40098,35375,122354,117631,75473,0
30263,74974,81945,105237,112208,156919,1
38243,48790,84710,87033,122953,133500,1
87388,90927,9206,178315,96594,100133,1
52224,90899,96294,143123,148518,187193,1
77408,29848,38600,107256,116008,68448,0
83780,33840,86453,117620,170233,120293,1
7102,58465,15693,65567,22795,74158,0
39338,32634,9822,71972,49160,42456,1
45807,4065,36816,49872,82623,40881,0
22295,21489,4099,43784,26394,25588,1
28421,72228,82036,100649,110457,154264,1
85919,86824,22127,172743,108046,108951,1
86311,98733,93583,185044,179894,192316,1
90795,17514,89230,108309,180025,106744,1
11085,11387,28285,22472,39370,39672,0
83380,56806,8533,140186,91913,65339,0
66010,34096,34355,100106,100365,68451,1
6894,33493,58864,40387,65758,92357,0
51232,9151,39923,60383,91155,49074,0
17553,20302,30681,37855,48234,50983,1
88761,78343,35495,167104,124256,113838,1
83926,4238,3514,88164,87440,7752,0
69381,25326,3477,94707,72858,28803,0
1942,87382,41027,89324,42969,128409,0
6251,40868,94560,47119,100811,135428,0
5826,13916,98834,19742,104660,112750,0
71524,87709,49607,159233,121131,137316,1
43515,23916,53980,67431,97495,77896,1
33487,5271,98585,38758,132072,103856,0
90059,22277,87158,112336,177217,109435,1
26553,21128,69421,47681,95974,90549,0
88340,60203,9182,148543,97522,69385,0
80156,47489,71653,127645,151809,119142,1
32341,92320,25432,124661,57773,117752,0
76572,96328,62221,172900,138793,158549,1
52419,83283,57032,135702,109451,140315,1
82025,94849,38308,176874,120333,133157,1
89904,67173,28532,157077,118436,95705,1
66327,57910,21921,124237,88248,79831,1
96928,52507,43107,149435,140035,95614,0
80651,2819,74283,83470,154934,77102,0
50597,11254,3240,61851,53837,14494,0
13246,1553,89419,14799,102665,90972,0
53566,27633,35915,81199,89481,63548,1
93984,98472,15802,192456,109786,114274,1
72890,58464,99048,131354,171938,157512,1
15210,74952,62242,90162,77452,137194,1
94124,1840,54099,95964,148223,55939,0
74790,94273,22629,169063,97419,116902,1
55545,99167,73565,154712,129110,172732,1
75253,43252,29681,118505,104934,72933,0
85995,12854,23490,98849,109485,36344,0
7105,37706,87463,44811,94568,125169,0
47731,98500,24725,146231,72456,123225,0
7807,25409,28747,33216,36554,54156,1
46907,69210,598,116117,47505,69808,0
15878,32598,95253,48476,111131,127851,0
62023,79620,77046,141643,139069,156666,1
91302,84134,98892,175436,190194,183026,1
67830,64183,71723,132013,139553,135906,1
67702,3076,37823,70778,105525,40899,0
88368,75741,84520,164109,172888,160261,1
13094,64732,77239,77826,90333,141971,1
71081,26788,73025,97869,144106,99813,1
66194,34270,89810,100464,156004,124080,1
16583,46828,45211,63411,61794,92039,1
33239,70894,82060,104133,115299,152954,1
22523,82738,34621,105261,57144,117359,0
27656,29877,13013,57533,40669,42890,1
55114,88284,23325,143398,78439,111609,0
60751,39305,27546,100056,88297,66851,1
49198,98078,72088,147276,121286,170166,1
49656,29742,85482,79398,135138,115224,0
88626,33771,88142,122397,176768,121913,1
21619,15915,68927,37534,90546,84842,0
27108,16394,19738,43502,46846,36132,1
22800,55095,66963,77895,89763,122058,1
30980,95602,58191,126582,89171,153793,0
439,87416,13039,87855,13478,100455,0
60857,95529,84641,156386,145498,180170,1
74963,75866,63453,150829,138416,139319,1
31846,69914,73472,101760,105318,143386,1
55255,42268,37343,97523,92598,79611,1
31728,66136,14760,97864,46488,80896,0
69936,79836,40111,149772,110047,119947,1
21647,90387,78685,112034,100332,169072,1
85367,88628,41474,173995,126841,130102,1
38573,79665,35364,118238,73937,115029,0
59999,81137,703,141136,60702,81840,0
36156,47353,81485,83509,117641,128838,1
39616,62929,43028,102545,82644,105957,1
44447,5515,53846,49962,98293,59361,0
69715,17340,55342,87055,125057,72682,1
99605,81874,36770,181479,136375,118644,1
27663,4523,22261,32186,49924,26784,0
27840,54414,48177,82254,76017,102591,1
13489,38251,28347,51740,41836,66598,1
99271,56159,30480,155430,129751,86639,0
36701,87870,21340,124571,58041,109210,0
40602,74000,41226,114602,81828,115226,1
43055,51476,71044,94531,114099,122520,1
13358,25848,19504,39206,32862,45352,1
74965,11735,50746,86700,125711,62481,0
85863,36897,64538,122760,150401,101435,1
4099,11633,45480,15732,49579,57113,0
66126,2238,42678,68364,108804,44916,0
54170,47030,61434,101200,115604,108464,1
29475,34978,44200,64453,73675,79178,1
72507,70463,27302,142970,99809,97765,1
43930,93658,49435,137588,93365,143093,0
92753,55764,99023,148517,191776,154787,1
30805,61348,20411,92153,51216,81759,0
24394,42188,20990,66582,45384,63178,1
25058,49116,65170,74174,90228,114286,1
23937,92779,82507,116716,106444,175286,1
19560,7436,53856,26996,73416,61292,0
76326,30229,63455,106555,139781,93684,1
97128,9436,21514,106564,118642,30950,0
5979,71253,41285,77232,47264,112538,0
37174,73186,96723,110360,133897,169909,1
66659,34507,12435,101166,79094,46942,0
85332,63758,11463,149090,96795,75221,0
78135,396,95002,78531,173137,95398,0
58206,80981,54694,139187,112900,135675,1
35783,37635,84806,73418,120589,122441,0
7566,72092,10465,79658,18031,82557,0
8902,72272,29666,81174,38568,101938,0
26580,85555,67339,112135,93919,152894,1
82144,19194,93377,101338,175521,112571,1
14248,7362,26399,21610,40647,33761,0
17693,31554,85527,49247,103220,117081,0
27235,27026,22855,54261,50090,49881,1
88421,97981,54310,186402,142731,152291,1
68009,71058,92414,139067,160423,163472,1
97768,3871,94805,101639,192573,98676,1
83872,92547,88091,176419,171963,180638,1
11039,77948,76285,88987,87324,154233,1
6897,32388,10452,39285,17349,42840,0
6922,5498,16792,12420,23714,22290,0
6876,50225,27626,57101,34502,77851,0
46378,59892,49041,106270,95419,108933,1
17160,46953,29585,64113,46745,76538,0
72717,8569,89345,81286,162062,97914,0
28789,8349,9375,37138,38164,17724,0
50906,84650,48659,135556,99565,133309,1
46793,19421,15421,66214,62214,34842,0
74104,29901,47372,104005,121476,77273,1
24718,61990,61381,86708,86099,123371,1
70947,86446,20442,157393,91389,106888,1
93001,60533,14924,153534,107925,75457,0
84760,5562,73133,90322,157893,78695,0
44854,41811,87819,86665,132673,129630,0
80759,59351,75844,140110,156603,135195,1
99813,43872,16172,143685,115985,60044,0
88197,87323,58431,175520,146628,145754,1
85382,74752,38046,160134,123428,112798,1
77914,5844,99549,83758,177463,105393,0
76088,93886,9468,169974,85556,103354,0
24717,71063,18838,95780,43555,89901,0
67499,46039,12178,113538,79677,58217,0
43517,1607,80628,45124,124145,82235,0
64465,27280,82147,91745,146612,109427,1
86715,94890,51350,181605,138065,146240,1
45010,32723,37665,77733,82675,70388,1
38500,25862,25168,64362,63668,51030,1
75762,5292,9969,81054,85731,15261,0
46120,4585,41338,50705,87458,45923,0
98782,96177,13450,194959,112232,109627,1
63371,37386,14420,100757,77791,51806,0
33082,56238,35071,89320,68153,91309,1
63179,18078,21381,81257,84560,39459,0
71133,65323,35210,136456,106343,100533,1
77831,77372,41210,155203,119041,118582,1
30741,69123,99873,99864,130614,168996,0
49052,25746,34571,74798,83623,60317,1
83803,2660,49009,86463,132812,51669,0
68396,18699,62918,87095,131314,81617,1
16609,36415,5571,53024,22180,41986,0
73950,74913,52563,148863,126513,127476,1
28176,75396,12291,103572,40467,87687,0
333,68180,19257,68513,19590,87437,0
3998,91265,39881,95263,43879,131146,0
80231,65656,6314,145887,86545,71970,0
81342,44462,17842,125804,99184,62304,0
91365,44306,19893,135671,111258,64199,0
37366,82319,56159,119685,93525,138478,1
64486,66990,61305,131476,125791,128295,1
69488,87072,23362,156560,92850,110434,1
19596,23890,86189,43486,105785,110079,0
34493,14715,24537,49208,59030,39252,1
11142,3366,18354,14508,29496,21720,0
22089,25456,90017,47545,112106,115473,0
48284,74017,98421,122301,146705,172438,1
46045,32528,6825,78573,52870,39353,0
93231,29839,58612,123070,151843,88451,0
91702,30225,48966,121927,140668,79191,0
39697,55853,44211,95550,83908,100064,1
39196,97489,89680,136685,128876,187169,1
76896,58135,87764,135031,164660,145899,1
42784,81401,39354,124185,82138,120755,1
82832,97900,33181,180732,116013,131081,1
98238,56841,65512,155079,163750,122353,1
31313,92398,59495,123711,90808,151893,0
23319,18257,14808,41576,38127,33065,1
44469,94613,52446,139082,96915,147059,1
85443,17573,92068,103016,177511,109641,1
23697,91699,55624,115396,79321,147323,0
10052,86328,27889,96380,37941,114217,0
98147,15507,43931,113654,142078,59438,0
47823,94615,27255,142438,75078,121870,0
15918,8040,65586,23958,81504,73626,0
51602,11529,66918,63131,118520,78447,0
61035,60069,30678,121104,91713,90747,1
28762,74783,92748,103545,121510,167531,1
24660,42118,15894,66778,40554,58012,0
94203,44531,36023,138734,130226,80554,0
17217,8152,41541,25369,58758,49693,0
37229,82479,66430,119708,103659,148909,1
86585,47841,35568,134426,122153,83409,0
53157,1340,25805,54497,78962,27145,0
61138,1722,84504,62860,145642,86226,0
86560,70008,61227,156568,147787,131235,1
66965,75843,65054,142808,132019,140897,1
51928,9057,7935,60985,59863,16992,0
24425,2758,35888,27183,60313,38646,0
16660,20306,59932,36966,76592,80238,0
9219,66568,28770,75787,37989,95338,0
13542,61426,27789,74968,41331,89215,0
30215,28523,59193,58738,89408,87716,0
7062,49087,61838,56149,68900,110925,0
1729,55803,52112,57532,53841,107915,0
23766,74813,24861,98579,48627,99674,0
38020,3396,17387,41416,55407,20783,0
65969,35531,4409,101500,70378,39940,0
63363,74412,4279,137775,67642,78691,0
75533,6336,6462,81869,81995,12798,0
321,34734,18814,35055,19135,53548,0
58021,94159,53041,152180,111062,147200,1
36179,47115,69880,83294,106059,116995,1
91021,65024,72872,156045,163893,137896,1
23472,31138,26772,54610,50244,57910,1
4184,51843,15201,56027,19385,67044,0
65800,2484,81889,68284,147689,84373,0
97228,91493,733,188721,97961,92226,0
50260,54165,84583,104425,134843,138748,1
32896,35520,26636,68416,59532,62156,1
66301,76285,92316,142586,158617,168601,1
60634,6649,14289,67283,74923,20938,0
77823,77191,22221,155014,100044,99412,1
81030,23789,91370,104819,172400,115159,1
52067,46780,93625,98847,145692,140405,1
47965,80396,58573,128361,106538,138969,1
7469,63421,29319,70890,36788,92740,0
72688,22920,57684,95608,130372,80604,1
32661,94673,85994,127334,118655,180667,1
98297,6600,63630,104897,161927,70230,0
54516,62419,42076,116935,96592,104495,1
18771,74486,85710,93257,104481,160196,1
19367,97344,88957,116711,108324,186301,1
78566,37029,43810,115595,122376,80839,1
79004,41431,90073,120435,169077,131504,1
60186,27905,4261,88091,64447,32166,0
40336,13693,9706,54029,50042,23399,0
34538,68315,57822,102853,92360,126137,1
49971,68449,26737,118420,76708,95186,1
16700,52420,3209,69120,19909,55629,0
19360,19347,27379,38707,46739,46726,1
28517,29897,79563,58414,108080,109460,0
64680,99158,17232,163838,81912,116390,0
98190,92617,87552,190807,185742,180169,1
7881,32104,49188,39985,57069,81292,0
52469,5987,14222,58456,66691,20209,0
18696,99869,75678,118565,94374,175547,0
98218,317,48164,98535,146382,48481,0
81982,96175,96043,178157,178025,192218,1
87773,75464,52315,163237,140088,127779,1
97323,19885,86701,117208,184024,106586,1
30519,73745,3482,104264,34001,77227,0
44517,49710,43000,94227,87517,92710,1
88018,70607,51834,158625,139852,122441,1
16370,61869,12148,78239,28518,74017,0
5826,24026,65372,29852,71198,89398,0
87047,75324,39973,162371,127020,115297,1
76784,4824,38174,81608,114958,42998,0
14721,56536,47076,71257,61797,103612,1
16760,47350,26969,64110,43729,74319,0
98911,70298,94744,169209,193655,165042,1
5891,4220,60395,10111,66286,64615,0
67824,9682,82128,77506,149952,91810,0
94462,31502,85854,125964,180316,117356,1
36289,24994,86852,61283,123141,111846,0
93975,59800,53958,153775,147933,113758,1
66097,14074,71061,80171,137158,85135,1
78497,75985,33048,154482,111545,109033,1
43542,15765,40224,59307,83766,55989,1
76511,91426,88445,167937,164956,179871,1
84478,96682,62388,181160,146866,159070,1
28551,84102,47987,112653,76538,132089,0
17784,2023,49831,19807,67615,51854,0
27278,17196,29172,44474,56450,46368,1
94787,47278,74666,142065,169453,121944,1
87897,42434,58842,130331,146739,101276,1
66414,25816,74096,92230,140510,99912,1
88544,9126,64932,97670,153476,74058,0
55224,25075,81588,80299,136812,106663,0
77757,71898,90580,149655,168337,162478,1
32066,51229,55962,83295,88028,107191,1
15125,84801,62716,99926,77841,147517,0
18656,26317,19124,44973,37780,45441,1
3658,3019,58603,6677,62261,61622,0
44809,61640,92302,106449,137111,153942,1
83412,64606,3899,148018,87311,68505,0
527,30555,1525,31082,2052,32080,0
2155,96051,89707,98206,91862,185758,0
47840,25053,80410,72893,128250,105463,0
14478,46341,9973,60819,24451,56314,0
75967,39324,47266,115291,123233,86590,1
71742,38450,30818,110192,102560,69268,0
80711,57027,31697,137738,112408,88724,1
30476,36508,54766,66984,85242,91274,1
66646,35020,11118,101666,77764,46138,0
33172,8027,16129,41199,49301,24156,0
93304,15482,98175,108786,191479,113657,1
59005,70239,25925,129244,84930,96164,1
17188,72461,90843,89649,108031,163304,0
44573,5871,78760,50444,123333,84631,0
95601,88357,65615,183958,161216,153972,1
44281,88653,29250,132934,73531,117903,0
9933,23044,40191,32977,50124,63235,0
66242,20729,62059,86971,128301,82788,1
12464,34689,29019,47153,41483,63708,1
3977,68586,88772,72563,92749,157358,0
74265,9529,73182,83794,147447,82711,1
33388,42449,45461,75837,78849,87910,1
38921,63584,9457,102505,48378,73041,0
8068,2337,92148,10405,100216,94485,0
98981,2759,17945,101740,116926,20704,0
81697,8350,50739,90047,132436,59089,0
60764,55292,85874,116056,146638,141166,1
957,62490,61626,63447,62583,124116,1
98769,3883,22151,102652,120920,26034,0
40980,33472,61589,74452,102569,95061,1
86351,41516,61222,127867,147573,102738,1
69533,73915,45864,143448,115397,119779,1
35428,50077,86589,85505,122017,136666,0
85239,21153,29950,106392,115189,51103,0
14082,37228,25447,51310,39529,62675,1
79772,22762,23503,102534,103275,46265,0
18744,13900,36772,32644,55516,50672,0
99849,9356,48106,109205,147955,57462,0
55666,49932,49131,105598,104797,99063,1
54384,2795,2682,57179,57066,5477,0
7767,61827,11667,69594,19434,73494,0
11715,71250,63205,82965,74920,134455,1
96925,83996,22709,180921,119634,106705,1
27297,61792,83172,89089,110469,144964,1
13058,53204,29729,66262,42787,82933,0
15416,37598,17734,53014,33150,55332,0
39381,69762,90298,109143,129679,160060,1
58538,17700,1583,76238,60121,19283,0
47027,84638,66785,131665,113812,151423,1
63819,95276,84919,159095,148738,180195,1
18686,67807,55456,86493,74142,123263,1
66002,91391,6713,157393,72715,98104,0
99303,21281,29727,120584,129030,51008,0
66319,19672,71590,85991,137909,91262,1
72072,81969,90851,154041,162923,172820,1
13463,15696,71789,29159,85252,87485,0
96917,81058,90025,177975,186942,171083,1
4132,43767,73286,47899,77418,117053,0
7750,36309,2312,44059,10062,38621,0
65421,52690,32815,118111,98236,85505,1
53753,9766,42970,63519,96723,52736,0
85669,57406,66854,143075,152523,124260,1
28102,38210,7713,66312,35815,45923,0
55741,44239,85881,99980,141622,130120,1
28108,25313,20560,53421,48668,45873,1
10863,62286,98186,73149,109049,160472,0
69848,47238,44465,117086,114313,91703,1
10754,7857,53939,18611,64693,61796,0
40169,46349,38839,86518,79008,85188,1
66304,91617,68496,157921,134800,160113,1
26859,97041,93452,123900,120311,190493,1
33167,15582,1526,48749,34693,17108,0
58526,31267,56932,89793,115458,88199,1
55428,98541,3081,153969,58509,101622,0
90578,32395,71958,122973,162536,104353,1
3534,52043,42737,55577,46271,94780,0
56803,22949,77513,79752,134316,100462,1
91019,9328,16785,100347,107804,26113,0
92735,16194,37652,108929,130387,53846,0
63119,34311,55462,97430,118581,89773,1
61663,69626,85020,131289,146683,154646,1
41412,85874,61007,127286,102419,146881,1
48974,37605,67666,86579,116640,105271,1
36417,39755,28157,76172,64574,67912,1
89740,76307,77415,166047,167155,153722,1
42635,98744,56212,141379,98847,154956,1
59472,73554,6326,133026,65798,79880,0
80261,4147,95173,84408,175434,99320,0
12359,11557,99021,23916,111380,110578,0
90073,59230,38141,149303,128214,97371,1
67450,55099,81993,122549,149443,137092,1
37191,88400,49457,125591,86648,137857,0
79668,89887,34782,169555,114450,124669,1
59028,21699,24263,80727,83291,45962,0
38662,57434,97778,96096,136440,155212,0
43747,88337,27367,132084,71114,115704,0
19049,71420,69462,90469,88511,140882,1
9568,51504,27168,61072,36736,78672,0
54685,8999,92941,63684,147626,101940,0
59699,73365,76887,133064,136586,150252,1
99687,37043,36926,136730,136613,73969,0
22837,71870,812,94707,23649,72682,0
50706,60622,54188,111328,104894,114810,1
71958,46777,33844,118735,105802,80621,1
812,82950,95217,83762,96029,178167,0
25872,15434,28954,41306,54826,44388,1
91026,23877,35101,114903,126127,58978,0
62950,92409,51898,155359,114848,144307,1
59019,81163,54501,140182,113520,135664,1
97853,41854,8962,139707,106815,50816,0
78578,52381,27373,130959,105951,79754,1
75525,33431,30595,108956,106120,64026,0
60417,80200,92578,140617,152995,172778,1
84365,56737,70030,141102,154395,126767,1
79685,17609,60156,97294,139841,77765,0
96182,33958,2572,130140,98754,36530,0
82336,94831,19219,177167,101555,114050,1
19289,40083,27447,59372,46736,67530,1
44745,41222,92017,85967,136762,133239,0
60211,45409,84811,105620,145022,130220,1
7836,4575,3169,12411,11005,7744,0
34920,15021,95175,49941,130095,110196,0
45277,53893,37916,99170,83193,91809,1
87340,24941,91434,112281,178774,116375,1
4190,97952,35517,102142,39707,133469,0
54399,91568,52542,145967,106941,144110,1
99845,29598,80230,129443,180075,109828,1
92938,41628,73262,134566,166200,114890,1
58497,89481,76944,147978,135441,166425,1
24589,19867,87401,44456,111990,107268,0
47640,25942,76402,73582,124042,102344,0
86520,76931,53588,163451,140108,130519,1
63779,19999,3424,83778,67203,23423,0
34324,68301,46195,102625,80519,114496,1
60463,60660,19625,121123,80088,80285,1
54260,55525,85482,109785,139742,141007,1
32310,53726,67017,86036,99327,120743,1
16863,74794,78803,91657,95666,153597,1
58979,86479,7449,145458,66428,93928,0
28626,61371,47679,89997,76305,109050,1
72869,29385,86446,102254,159315,115831,1
48935,65475,37087,114410,86022,102562,1
62682,19780,85073,82462,147755,104853,0
83879,98,82179,83977,166058,82277,0
15531,65999,73843,81530,89374,139842,1
64748,97619,66188,162367,130936,163807,1
40134,39384,90762,79518,130896,130146,0
42517,29718,37400,72235,79917,67118,1
24074,99225,37443,123299,61517,136668,0
87634,66013,60194,153647,147828,126207,1
61834,46749,18789,108583,80623,65538,1
80736,83576,88535,164312,169271,172111,1
87133,99379,61078,186512,148211,160457,1
58320,76958,6842,135278,65162,83800,0
62045,93244,8739,155289,70784,101983,0
72844,97757,33412,170601,106256,131169,1
16115,96339,12390,112454,28505,108729,0
87856,31130,71040,118986,158896,102170,1
92399,6445,4066,98844,96465,10511,0
89610,80934,11656,170544,101266,92590,1
13238,76348,55062,89586,68300,131410,0
51517,51894,69185,103411,120702,121079,1
9950,77468,12958,87418,22908,90426,0
47658,53660,73861,101318,121519,127521,1
47102,95828,24670,142930,71772,120498,0
80770,53370,59347,134140,140117,112717,1
98134,49192,14187,147326,112321,63379,0
21246,18725,72975,39971,94221,91700,0
89553,91028,28334,180581,117887,119362,1
76551,92550,41980,169101,118531,134530,1
50048,37708,24681,87756,74729,62389,1
25111,15026,29987,40137,55098,45013,1
98558,13451,36190,112009,134748,49641,0
97634,30383,89865,128017,187499,120248,1
92394,46800,52829,139194,145223,99629,1
73416,24662,59948,98078,133364,84610,1
88500,76662,68804,165162,157304,145466,1
27989,27931,72863,55920,100852,100794,0
76454,75759,75000,152213,151454,150759,1
27903,58236,22914,86139,50817,81150,0
48464,73798,65422,122262,113886,139220,1
6079,30472,83765,36551,89844,114237,0
82039,70764,92639,152803,174678,163403,1
45863,93005,6246,138868,52109,99251,0
94558,40379,69503,134937,164061,109882,1
72835,73802,55241,146637,128076,129043,1
48256,77687,70680,125943,118936,148367,1
51761,32676,97660,84437,149421,130336,0
79411,87235,67379,166646,146790,154614,1
6779,63916,69131,70695,75910,133047,1
8286,48740,26662,57026,34948,75402,0
52716,7149,30913,59865,83629,38062,0
67047,53090,28215,120137,95262,81305,1
94347,75481,63373,169828,157720,138854,1
36608,41852,32423,78460,69031,74275,1
74175,48845,4633,123020,78808,53478,0
5645,90644,1196,96289,6841,91840,0
52929,73374,24511,126303,77440,97885,1
71480,3160,25450,74640,96930,28610,0
99816,86400,63944,186216,163760,150344,1
44073,1323,52899,45396,96972,54222,0
55350,23430,8029,78780,63379,31459,0
2246,33698,97452,35944,99698,131150,0
85175,52468,41328,137643,126503,93796,1
90244,32672,63878,122916,154122,96550,1
15573,71438,40060,87011,55633,111498,0
13539,1036,89937,14575,103476,90973,0
2153,21363,21088,23516,23241,42451,1
33270,4596,39143,37866,72413,43739,0
65825,86208,26031,152033,91856,112239,1
80957,96228,62328,177185,143285,158556,1
81126,22097,15935,103223,97061,38032,0
80762,24902,75920,105664,156682,100822,1
97826,66236,15940,164062,113766,82176,0
14886,77459,71278,92345,86164,148737,1
73470,39402,98787,112872,172257,138189,1
62835,6477,53019,69312,115854,59496,0
64011,85836,37424,149847,101435,123260,1
55076,91888,75554,146964,130630,167442,1
77549,45802,70936,123351,148485,116738,1
17208,73128,21076,90336,38284,94204,0
36682,99823,91749,136505,128431,191572,1
90212,35473,68407,125685,158619,103880,1
40688,12726,3764,53414,44452,16490,0
38700,48714,85681,87414,124381,134395,1
56215,35897,72191,92112,128406,108088,1
37699,77036,9741,114735,47440,86777,0
85801,70444,96410,156245,182211,166854,1
18084,48651,41910,66735,59994,90561,1
49881,1651,42594,51532,92475,44245,0
51465,38872,83509,90337,134974,122381,1
81270,43647,25610,124917,106880,69257,0
56711,21677,11931,78388,68642,33608,0
33539,68992,95498,102531,129037,164490,1
51817,54130,14952,105947,66769,69082,1
14548,37820,70190,52368,84738,108010,0
52712,75917,2444,128629,55156,78361,0
9068,10363,14816,19431,23884,25179,1
11545,47988,34324,59533,45869,82312,0
35830,56107,15173,91937,51003,71280,0
37414,42439,47329,79853,84743,89768,1
64552,135,13880,64687,78432,14015,0
29742,45404,89045,75146,118787,134449,0
48177,7677,90216,55854,138393,97893,0
35579,77586,15584,113165,51163,93170,0
96089,73727,14597,169816,110686,88324,0
29493,1965,35058,31458,64551,37023,0
93698,66398,44911,160096,138609,111309,1
91095,16450,38596,107545,129691,55046,0
20778,72753,68632,93531,89410,141385,1
65531,61803,43260,127334,108791,105063,1
32179,39005,69416,71184,101595,108421,1
55563,52882,73193,108445,128756,126075,1
80750,4026,98286,84776,179036,102312,0
36206,88529,17952,124735,54158,106481,0
50687,81081,36012,131768,86699,117093,1
29552,1297,26461,30849,56013,27758,0
82579,41968,25627,124547,108206,67595,0
1964,93264,96687,95228,98651,189951,0
41936,86823,23275,128759,65211,110098,0
4198,17821,55242,22019,59440,73063,0
40256,64051,68860,104307,109116,132911,1
37676,99372,8081,137048,45757,107453,0
7186,38632,98863,45818,106049,137495,0
10965,39604,38956,50569,49921,78560,1
83420,25451,5112,108871,88532,30563,0
26773,80903,89578,107676,116351,170481,1
23985,17406,38097,41391,62082,55503,1
14283,40912,59152,55195,73435,100064,0
83057,88846,53533,171903,136590,142379,1
32617,35298,37801,67915,70418,73099,1
12390,55405,97916,67795,110306,153321,0
6815,4924,51781,11739,58596,56705,0
99790,10090,44146,109880,143936,54236,0
99178,30598,28677,129776,127855,59275,0
39426,52320,32894,91746,72320,85214,1
51813,53017,76353,104830,128166,129370,1
89948,47587,93593,137535,183541,141180,1
15638,43971,99190,59609,114828,143161,0
58194,28262,45457,86456,103651,73719,1
78018,21690,76793,99708,154811,98483,1
51642,65287,33900,116929,85542,99187,1
40845,78922,71296,119767,112141,150218,1
2710,36024,29863,38734,32573,65887,0
73825,80550,89814,154375,163639,170364,1
92109,21401,1644,113510,93753,23045,0
13061,29218,21228,42279,34289,50446,1
12986,84237,16652,97223,29638,100889,0
11153,19052,70937,30205,82090,89989,0
57626,51972,24636,109598,82262,76608,1
50375,87624,38530,137999,88905,126154,1
44201,78345,92068,122546,136269,170413,1
59555,65339,7079,124894,66634,72418,1
91920,55993,47394,147913,139314,103387,1
53985,44510,95941,98495,149926,140451,1
14171,56908,21036,71079,35207,77944,0
39399,56967,85545,96366,124944,142512,1
3165,66354,99286,69519,102451,165640,0
19155,18136,71105,37291,90260,89241,0
94626,2340,48651,96966,143277,50991,0
69124,79718,5165,148842,74289,84883,0
59285,20189,56348,79474,115633,76537,1
90728,53958,21293,144686,112021,75251,0
43592,21492,69213,65084,112805,90705,0
77457,18225,22861,95682,100318,41086,0
99081,19466,58281,118547,157362,77747,0
114,28953,53214,29067,53328,82167,0
62209,65588,24740,127797,86949,90328,1
26026,64814,9575,90840,35601,74389,0
35541,25060,12017,60601,47558,37077,1
36950,29287,86457,66237,123407,115744,0
91950,26657,48326,118607,140276,74983,0
20842,13879,21667,34721,42509,35546,1
10366,6117,31817,16483,42183,37934,0
81117,91365,63063,172482,144180,154428,1
25728,7632,57110,33360,82838,64742,0
10699,66798,41363,77497,52062,108161,0
14702,13960,49407,28662,64109,63367,0
66945,93749,86585,160694,153530,180334,1
45884,42295,77837,88179,123721,120132,1
32519,69927,71654,102446,104173,141581,1
48552,79766,18530,128318,67082,98296,0
1851,58647,68074,60498,69925,126721,0
72396,12899,63190,85295,135586,76089,1
73854,75254,39723,149108,113577,114977,1
1981,26513,56105,28494,58086,82618,0
56111,49395,9732,105506,65843,59127,1
49622,10401,38259,60023,87881,48660,0
34008,55294,88337,89302,122345,143631,1
40017,75412,85436,115429,125453,160848,1
92288,43999,21202,136287,113490,65201,0
9798,75410,97306,85208,107104,172716,0
45943,60927,70113,106870,116056,131040,1
75879,15052,69078,90931,144957,84130,1
32266,87071,67581,119337,99847,154652,1
21637,92230,85734,113867,107371,177964,1
89557,7477,30657,97034,120214,38134,0
33076,4992,5462,38068,38538,10454,0
82164,59664,40976,141828,123140,100640,1
99965,95738,61989,195703,161954,157727,1
9775,13482,15428,23257,25203,28910,1
38933,6550,37421,45483,76354,43971,1
61113,79331,55164,140444,116277,134495,1
60763,95507,85050,156270,145813,180557,1
66995,39283,87455,106278,154450,126738,1
29401,18872,50931,48273,80332,69803,0
65590,14593,48081,80183,113671,62674,0
86520,60421,32383,146941,118903,92804,1
25225,29061,11909,54286,37134,40970,1
34576,47433,47890,82009,82466,95323,1
75864,78105,15556,153969,91420,93661,1
46915,8347,28522,55262,75437,36869,0
95328,83363,41280,178691,136608,124643,1
94461,78857,25878,173318,120339,104735,1
2845,66795,40363,69640,43208,107158,0
43983,57273,80532,101256,124515,137805,1
14484,22260,33815,36744,48299,56075,1
93063,53722,56005,146785,149068,109727,1
29233,89691,43683,118924,72916,133374,0
66712,57764,88435,124476,155147,146199,1
96270,41865,94711,138135,190981,136576,1
54663,93806,44195,148469,98858,138001,1
47542,88596,83155,136138,130697,171751,1
4580,19150,59465,23730,64045,78615,0
31185,19587,59617,50772,90802,79204,0
98522,90595,31587,189117,130109,122182,1
87687,98115,81816,185802,169503,179931,1
61719,805,10937,62524,72656,11742,0
71505,80290,73632,151795,145137,153922,1
95566,95808,14026,191374,109592,109834,1
48708,78774,32655,127482,81363,111429,1
24033,3952,32337,27985,56370,36289,0
8695,32609,42432,41304,51127,75041,0
45911,1621,10593,47532,56504,12214,0
59781,77452,61184,137233,120965,138636,1
72095,91108,92811,163203,164906,183919,1
55320,10420,94753,65740,150073,105173,0
21796,34247,81021,56043,102817,115268,0
9666,83832,48347,93498,58013,132179,0
19278,21418,64622,40696,83900,86040,0
56648,86785,65868,143433,122516,152653,1
82652,35521,52205,118173,134857,87726,1
65264,41436,63608,106700,128872,105044,1
89557,34902,76100,124459,165657,111002,1
61145,76653,40048,137798,101193,116701,1
93309,78596,33308,171905,126617,111904,1
34506,98763,32966,133269,67472,131729,0
68788,60197,21593,128985,90381,81790,1
67915,98381,92516,166296,160431,190897,1
66517,36994,21800,103511,88317,58794,0
1274,88168,8886,89442,10160,97054,0
19148,61424,43098,80572,62246,104522,1
86079,12743,89706,98822,175785,102449,1
35954,47952,88457,83906,124411,136409,0
69219,13283,13886,82502,83105,27169,0
68951,15642,93453,84593,162404,109095,0
61574,9372,33734,70946,95308,43106,0
49121,68454,1485,117575,50606,69939,0
23825,99589,78666,123414,102491,178255,1
9271,26270,57469,35541,66740,83739,0
61248,27974,85595,89222,146843,113569,1
10654,54771,15902,65425,26556,70673,0
22725,11591,34264,34316,56989,45855,1
73102,2847,3828,75949,76930,6675,0
1811,4476,80291,6287,82102,84767,0
42272,79411,22195,121683,64467,101606,0
19421,12845,16142,32266,35563,28987,1
24970,42153,18806,67123,43776,60959,1
45684,26452,88340,72136,134024,114792,0
78659,10492,22044,89151,100703,32536,0
51520,43110,32097,94630,83617,75207,1
88173,57893,97294,146066,185467,155187,1
34371,64006,9809,98377,44180,73815,0
67054,21833,67330,88887,134384,89163,1
96257,3859,71007,100116,167264,74866,0
16695,69922,61527,86617,78222,131449,1
3051,94684,43749,97735,46800,138433,0
60682,88889,65029,149571,125711,153918,1
94933,52334,28717,147267,123650,81051,0
84893,85093,38083,169986,122976,123176,1
43615,34143,64722,77758,108337,98865,1
33712,81234,44624,114946,78336,125858,0
83886,16144,46638,100030,130524,62782,0
44675,76026,56993,120701,101668,133019,1
95542,46829,5525,142371,101067,52354,0
28308,62983,39946,91291,68254,102929,1
98605,50922,82657,149527,181262,133579,1
83645,29663,93208,113308,176853,122871,1
14507,28703,83209,43210,97716,111912,0
20812,12659,78778,33471,99590,91437,0
87588,26492,55984,114080,143572,82476,0
76835,32957,34270,109792,111105,67227,0
80346,86002,8963,166348,89309,94965,1
593,75156,47182,75749,47775,122338,0
34748,12540,58582,47288,93330,71122,0
89028,83145,8836,172173,97864,91981,1
64507,10581,83579,75088,148086,94160,0
46549,56496,69494,103045,116043,125990,1
78252,59494,54205,137746,132457,113699,1
91038,77768,93170,168806,184208,170938,1
2217,18426,92711,20643,94928,111137,0
13106,6947,488,20053,13594,7435,0
62641,79438,69054,142079,131695,148492,1
38445,19748,51731,58193,90176,71479,1
17585,15374,36905,32959,54490,52279,0
45166,42419,6727,87585,51893,49146,1
57615,92621,18494,150236,76109,111115,0
57748,17580,89890,75328,147638,107470,0
61610,26970,28834,88580,90444,55804,0
69863,10274,9455,80137,79318,19729,0
57355,47243,22078,104598,79433,69321,1
36318,43496,31791,79814,68109,75287,1
76746,96374,80849,173120,157595,177223,1
99207,58032,38198,157239,137405,96230,0
11240,32296,23465,43536,34705,55761,1
10745,67002,19195,77747,29940,86197,0
69906,6602,19702,76508,89608,26304,0
57262,4552,32435,61814,89697,36987,0
10708,75153,37943,85861,48651,113096,0
68418,35277,12491,103695,80909,47768,0
78793,94882,89101,173675,167894,183983,1
97167,63581,5956,160748,103123,69537,0
4855,62441,83191,67296,88046,145632,0
15521,35942,31227,51463,46748,67169,1
68327,99283,77098,167610,145425,176381,1
35143,48881,88099,84024,123242,136980,0
89600,95623,17674,185223,107274,113297,1
7346,9116,82821,16462,90167,91937,0
95048,12590,7545,107638,102593,20135,0
83374,19234,67969,102608,151343,87203,1
85833,9236,23758,95069,109591,32994,0
22035,24544,78006,46579,100041,102550,0
61710,32678,7179,94388,68889,39857,0
42599,32674,94635,75273,137234,127309,0
80377,71198,4390,151575,84767,75588,0
57848,53010,24315,110858,82163,77325,1
36177,44004,909,80181,37086,44913,0
72339,25984,96577,98323,168916,122561,1
11877,63599,73335,75476,85212,136934,1
39292,42195,1640,81487,40932,43835,0
95019,56645,63326,151664,158345,119971,1
85458,51515,45055,136973,130513,96570,1
56807,58690,16927,115497,73734,75617,1
75311,58637,42091,133948,117402,100728,1
33386,65097,39638,98483,73024,104735,1
48062,12759,8746,60821,56808,21505,0
11960,49154,20326,61114,32286,69480,0
85918,41055,78940,126973,164858,119995,1
29631,32983,95500,62614,125131,128483,0
45823,80489,31710,126312,77533,112199,0
40073,45941,49182,86014,89255,95123,1
12312,96390,36409,108702,48721,132799,0
1961,26799,80949,28760,82910,107748,0
78657,83764,64284,162421,142941,148048,1
79253,19047,46354,98300,125607,65401,0
47389,32962,26311,80351,73700,59273,1
12140,45875,38511,58015,50651,84386,1
8324,75447,70104,83771,78428,145551,1
48453,44339,88013,92792,136466,132352,1
24301,1958,52710,26259,77011,54668,0
6944,92729,73157,99673,80101,165886,0
3105,92203,833,95308,3938,93036,0
24920,18953,31515,43873,56435,50468,1
80419,57722,3506,138141,83925,61228,0
62706,11495,99723,74201,162429,111218,0
92126,19185,67793,111311,159919,86978,0
53179,33475,62587,86654,115766,96062,1
45277,36483,99772,81760,145049,136255,0
5974,18582,31245,24556,37219,49827,0
71434,8346,60068,79780,131502,68414,0
60949,48893,53934,109842,114883,102827,1
90196,68165,42159,158361,132355,110324,1
2005,23490,79693,25495,81698,103183,0
75837,23107,35385,98944,111222,58492,0
85202,38851,92545,124053,177747,131396,1
97021,36823,44035,133844,141056,80858,0
23890,89351,12058,113241,35948,101409,0
38987,32887,66195,71874,105182,99082,1
87288,80381,18330,167669,105618,98711,1
21231,58353,13633,79584,34864,71986,0
26760,70365,69383,97125,96143,139748,1
78469,72759,39452,151228,117921,112211,1
66962,5925,59590,72887,126552,65515,0
40506,41983,31919,82489,72425,73902,1
10584,75867,25921,86451,36505,101788,0
42913,31123,17258,74036,60171,48381,1
67692,6711,30407,74403,98099,37118,0
22794,12530,86025,35324,108819,98555,0
21375,47205,88411,68580,109786,135616,0
78662,16821,75853,95483,154515,92674,1
4344,24407,69013,28751,73357,93420,0
75431,92091,41586,167522,117017,133677,1
93075,61592,20091,154667,113166,81683,0
3288,30983,10899,34271,14187,41882,0
51825,86777,29149,138602,80974,115926,0
34341,33905,31982,68246,66323,65887,1
18003,58200,60860,76203,78863,119060,1
42780,46747,38082,89527,80862,84829,1
16092,70999,55252,87091,71344,126251,1
7488,453,29168,7941,36656,29621,0
74694,12797,12579,87491,87273,25376,0
24062,26108,26799,50170,50861,52907,1
86530,12506,94908,99036,181438,107414,1
55812,33733,98958,89545,154770,132691,0
20316,3807,74636,24123,94952,78443,0
9548,44602,21158,54150,30706,65760,0
60100,23255,93121,83355,153221,116376,0
24710,8786,1030,33496,25740,9816,0
18331,7760,57740,26091,76071,65500,0
81969,13158,92867,95127,174836,106025,1
66024,22097,47154,88121,113178,69251,1
98882,43544,4442,142426,103324,47986,0
87375,99471,76504,186846,163879,175975,1
30093,42507,62425,72600,92518,104932,1
91271,33278,26797,124549,118068,60075,0
28242,41309,90194,69551,118436,131503,0
25130,19059,81413,44189,106543,100472,0
85377,73454,52985,158831,138362,126439,1
80516,30326,20138,110842,100654,50464,0
56057,336,11646,56393,67703,11982,0
53544,70548,11182,124092,64726,81730,0
37538,20193,34941,57731,72479,55134,1
20306,90060,9472,110366,29778,99532,0
85055,96177,72134,181232,157189,168311,1
6704,39257,48223,45961,54927,87480,0
4995,12540,87273,17535,92268,99813,0
93244,97516,22206,190760,115450,119722,1
17723,66986,91924,84709,109647,158910,0
82208,55639,44611,137847,126819,100250,1
33821,96620,47740,130441,81561,144360,0
28695,50996,95945,79691,124640,146941,0
32979,9472,47296,42451,80275,56768,0
7258,55760,16756,63018,24014,72516,0
23522,29212,4546,52734,28068,33758,0
11396,12220,32515,23616,43911,44735,0
47652,98993,3748,146645,51400,102741,0
11033,7851,72504,18884,83537,80355,0
95435,75205,7836,170640,103271,83041,0
12408,42231,54835,54639,67243,97066,0
91244,27190,77508,118434,168752,104698,1
96174,67006,17971,163180,114145,84977,0
63875,99792,87394,163667,151269,187186,1
74378,65297,69703,139675,144081,135000,1
6496,13061,28953,19557,35449,42014,0
50664,85010,93560,135674,144224,178570,1
29644,27869,84645,57513,114289,112514,0
16545,91235,51169,107780,67714,142404,0
67603,69683,32216,137286,99819,101899,1
31154,43266,69551,74420,100705,112817,1
97810,2738,57918,100548,155728,60656,0
81687,81044,39657,162731,121344,120701,1
84129,53162,95007,137291,179136,148169,1
23729,45124,38957,68853,62686,84081,1
23610,70719,11753,94329,35363,82472,0
11868,95513,11949,107381,23817,107462,0
92128,13164,32685,105292,124813,45849,0
93760,40728,82004,134488,175764,122732,1
35842,40788,39697,76630,75539,80485,1
93186,73904,47924,167090,141110,121828,1
6894,89095,95147,95989,102041,184242,1
23052,38876,57711,61928,80763,96587,1
43379,46604,64481,89983,107860,111085,1
68512,4193,80656,72705,149168,84849,0
95687,58176,50932,153863,146619,109108,1
90933,75528,57234,166461,148167,132762,1
90317,35515,6407,125832,96724,41922,0
25853,52419,62665,78272,88518,115084,1
31669,18687,31774,50356,63443,50461,1
92539,91282,59067,183821,151606,150349,1
61659,65152,25850,126811,87509,91002,1
23408,35161,37560,58569,60968,72721,1
6532,33166,39065,39698,45597,72231,1
27065,63754,24316,90819,51381,88070,0
52720,17060,45747,69780,98467,62807,1
28938,52972,38039,81910,66977,91011,1
84900,69400,56758,154300,141658,126158,1
27971,48451,35619,76422,63590,84070,1
44961,73855,68577,118816,113538,142432,1
65851,82975,84350,148826,150201,167325,1
8574,66962,80559,75536,89133,147521,0
97483,16500,96773,113983,194256,113273,1
6912,3807,1134,10719,8046,4941,0
19529,17337,60143,36866,79672,77480,0
43131,87183,79183,130314,122314,166366,1
46623,80092,86373,126715,132996,166465,1
31139,80800,27129,111939,58268,107929,0
58565,60563,90188,119128,148753,150751,1
54617,45242,85409,99859,140026,130651,1
11805,22591,61427,34396,73232,84018,0
47244,59614,64085,106858,111329,123699,1
61988,67121,75039,129109,137027,142160,1
35920,80785,32102,116705,68022,112887,0
53656,72240,50556,125896,104212,122796,1
46979,61378,26313,108357,73292,87691,1
28110,14194,56779,42304,84889,70973,0
77288,81456,8851,158744,86139,90307,1
54118,68627,98444,122745,152562,167071,1
48774,93786,83780,142560,132554,177566,1
23977,95224,39334,119201,63311,134558,0
33470,99477,77932,132947,111402,177409,1
50621,92456,86222,143077,136843,178678,1
25802,3080,48078,28882,73880,51158,0
16395,11199,72101,27594,88496,83300,0
46555,1237,5038,47792,51593,6275,0
62689,74742,41520,137431,104209,116262,1
46742,90407,89283,137149,136025,179690,1
9289,92574,37783,101863,47072,130357,0
83205,37048,13446,120253,96651,50494,0
84983,59783,40938,144766,125921,100721,1
87266,3862,98582,91128,185848,102444,0
12468,67745,63469,80213,75937,131214,1
14376,89586,77835,103962,92211,167421,1
16616,54121,43669,70737,60285,97790,1
39541,16019,183,55560,39724,16202,0
88083,29242,3444,117325,91527,32686,0
80268,86441,8635,166709,88903,95076,1
82097,66153,63531,148250,145628,129684,1
12647,27048,91525,39695,104172,118573,0
56180,84526,63755,140706,119935,148281,1
93625,99962,21219,193587,114844,121181,1
16987,84876,94323,101863,111310,179199,1
93796,91170,23145,184966,116941,114315,1
48767,22810,99716,71577,148483,122526,0
65066,93177,68515,158243,133581,161692,1
15727,87936,3013,103663,18740,90949,0
9456,44346,87524,53802,96980,131870,0
79875,32446,20411,112321,100286,52857,0
78747,6003,64919,84750,143666,70922,0
21303,81981,63918,103284,85221,145899,1
43490,62441,29799,105931,73289,92240,1
85394,10999,99368,96393,184762,110367,0
38993,36371,29234,75364,68227,65605,1
79081,75926,3924,155007,83005,79850,1
18654,20491,61240,39145,79894,81731,0
46513,21826,5789,68339,52302,27615,0
27337,74088,70446,101425,97783,144534,1
84979,82304,16143,167283,101122,98447,1
72821,96134,73770,168955,146591,169904,1
55811,20865,11054,76676,66865,31919,0
73643,24158,33834,97801,107477,57992,0
43095,98668,7546,141763,50641,106214,0
81479,20828,25457,102307,106936,46285,0
93929,38006,77822,131935,171751,115828,1
66015,28865,5936,94880,71951,34801,0
84806,22552,41560,107358,126366,64112,0
55022,14970,34640,69992,89662,49610,0
2804,47821,92169,50625,94973,139990,0
63313,25523,92352,88836,155665,117875,0
12270,50841,33927,63111,46197,84768,0
98922,89805,95166,188727,194088,184971,1
33285,46933,11208,80218,44493,58141,0
15878,64667,72123,80545,88001,136790,1
59398,94015,50295,153413,109693,144310,1
52228,13028,98120,65256,150348,111148,0
69899,14640,92851,84539,162750,107491,0
26884,60483,96064,87367,122948,156547,0
50314,44220,84037,94534,134351,128257,1
42399,65296,45893,107695,88292,111189,1
1450,84345,2918,85795,4368,87263,0
87078,83529,50861,170607,137939,134390,1
95797,86717,99424,182514,195221,186141,1
75228,99872,79164,175100,154392,179036,1
16563,74675,13139,91238,29702,87814,0
70334,34346,34928,104680,105262,69274,0
53654,293,6795,53947,60449,7088,0
71185,82458,36621,153643,107806,119079,1
99607,74108,52426,173715,152033,126534,1
71821,20615,58592,92436,130413,79207,1
1882,1886,66360,3768,68242,68246,0
53303,50696,3430,103999,56733,54126,1
93746,27967,21400,121713,115146,49367,0
8462,61199,29199,69661,37661,90398,0
48980,70842,24593,119822,73573,95435,1
4589,68935,11729,73524,16318,80664,0
58416,17387,81694,75803,140110,99081,0
30160,98269,87525,128429,117685,185794,1
93240,40116,79881,133356,173121,119997,1
48936,4065,34449,53001,83385,38514,0
34549,1380,27860,35929,62409,29240,0
12279,34786,45176,47065,57455,79962,1
95813,42484,60547,138297,156360,103031,1
42610,82552,96595,125162,139205,179147,1
14677,75847,5337,90524,20014,81184,0
86068,34427,71585,120495,157653,106012,1
78530,85495,70266,164025,148796,155761,1
69421,98126,24860,167547,94281,122986,0
34812,45875,72972,80687,107784,118847,1
64659,42557,66338,107216,130997,108895,1
67648,63252,71715,130900,139363,134967,1
41424,30833,73571,72257,114995,104404,0
94427,5225,96148,99652,190575,101373,1
85648,40772,37451,126420,123099,78223,0
49908,3410,6248,53318,56156,9658,0
1743,7231,49843,8974,51586,57074,0
59396,2876,62697,62272,122093,65573,0
63139,17086,88894,80225,152033,105980,0
52529,38866,26940,91395,79469,65806,1
78381,89520,58358,167901,136739,147878,1
98575,24774,86590,123349,185165,111364,1
9114,11294,3496,20408,12610,14790,1
14366,63033,35615,77399,49981,98648,0
93027,29243,77238,122270,170265,106481,1
37284,82,39450,37366,76734,39532,0
92517,34413,70350,126930,162867,104763,1
41250,58121,57630,99371,98880,115751,1
39787,21530,33224,61317,73011,54754,1
52762,58493,77285,111255,130047,135778,1
75737,60276,70781,136013,146518,131057,1
44298,84545,74091,128843,118389,158636,1
63627,63964,63593,127591,127220,127557,1
79077,85989,74684,165066,153761,160673,1
86113,48784,82705,134897,168818,131489,1
67503,3541,15176,71044,82679,18717,0
57380,76236,18551,133616,75931,94787,0
9968,42761,86173,52729,96141,128934,0
56215,51910,42872,108125,99087,94782,1
80788,75176,83509,155964,164297,158685,1
96308,63605,87556,159913,183864,151161,1
47752,87973,40871,135725,88623,128844,1
4919,84605,2174,89524,7093,86779,0
92588,36059,84795,128647,177383,120854,1
49989,35497,18932,85486,68921,54429,1
3138,13030,88788,16168,91926,101818,0
57082,27109,49237,84191,106319,76346,1
28126,1885,88851,30011,116977,90736,0
53394,38713,56672,92107,110066,95385,1
27832,66748,22675,94580,50507,89423,0
94101,35306,49854,129407,143955,85160,0
39264,72893,27975,112157,67239,100868,0
72992,34507,62062,107499,135054,96569,1
72578,15486,37683,88064,110261,53169,0
35504,83100,97370,118604,132874,180470,1
71584,24387,61129,95971,132713,85516,1
68229,76359,29208,144588,97437,105567,1
73467,89336,15317,162803,88784,104653,0
80865,59049,50829,139914,131694,109878,1
70942,39431,23727,110373,94669,63158,0
18983,21923,97811,40906,116794,119734,0
5882,37001,25195,42883,31077,62196,0
29513,8938,49507,38451,79020,58445,0
94103,87727,13889,181830,107992,101616,1
698,93035,12441,93733,13139,105476,0
90165,69187,21288,159352,111453,90475,1
75345,65244,62988,140589,138333,128232,1
5228,23158,42519,28386,47747,65677,0
53629,92244,90172,145873,143801,182416,1
98711,89170,48391,187881,147102,137561,1
98307,87609,73472,185916,171779,161081,1
25160,94327,54861,119487,80021,149188,0
9231,34863,75398,44094,84629,110261,0
63095,52273,60898,115368,123993,113171,1
84428,36566,71532,120994,155960,108098,1
49541,8676,83817,58217,133358,92493,0
24004,80439,56439,104443,80443,136878,1
80435,26624,49703,107059,130138,76327,0
47140,92963,74571,140103,121711,167534,1
96940,4861,55651,101801,152591,60512,0
43945,69733,12316,113678,56261,82049,0
82818,91825,30628,174643,113446,122453,1
62082,21365,9067,83447,71149,30432,0
77361,71580,42848,148941,120209,114428,1
75653,70689,58196,146342,133849,128885,1
95913,15623,30952,111536,126865,46575,0
6647,14662,24796,21309,31443,39458,0
24049,12543,79342,36592,103391,91885,0
78796,54146,76788,132942,155584,130934,1
58486,10252,91387,68738,149873,101639,0
92637,93008,27248,185645,119885,120256,1
57032,9647,9945,66679,66977,19592,0
48814,82514,53582,131328,102396,136096,1
67026,57450,90108,124476,157134,147558,1
14568,65530,60616,80098,75184,126146,1
65784,43792,79962,109576,145746,123754,1
50904,38909,84301,89813,135205,123210,1
36931,7071,80140,44002,117071,87211,0
46239,53907,2130,100146,48369,56037,0
18295,94648,99827,112943,118122,194475,1
81573,76993,46541,158566,128114,123534,1
14298,25994,89992,40292,104290,115986,0
15482,41204,32978,56686,48460,74182,1
3644,16573,18340,20217,21984,34913,1
5899,37994,2672,43893,8571,40666,0
24808,16665,13928,41473,38736,30593,1
44807,25286,74388,70093,119195,99674,0
31521,60136,48447,91657,79968,108583,1
9352,77796,63349,87148,72701,141145,0
27703,12541,20002,40244,47705,32543,1
97852,98923,19456,196775,117308,118379,1
70230,60757,25632,130987,95862,86389,1
90524,56430,30003,146954,120527,86433,0
41186,20975,9493,62161,50679,30468,0
11643,14209,14788,25852,26431,28997,1
53580,24542,46822,78122,100402,71364,1
993,99898,51713,100891,52706,151611,0
64187,82929,33987,147116,98174,116916,1
24824,74298,66035,99122,90859,140333,1
58629,72647,80841,131276,139470,153488,1
59703,30685,7020,90388,66723,37705,0
53750,18045,480,71795,54230,18525,0
28585,85826,74147,114411,102732,159973,1
64096,86752,20143,150848,84239,106895,0
23299,80605,78738,103904,102037,159343,1
7699,78155,93071,85854,100770,171226,0
75417,80910,52922,156327,128339,133832,1
89194,13345,56608,102539,145802,69953,0
93296,24826,30694,118122,123990,55520,0
70077,10853,65017,80930,135094,75870,1
93145,32695,18118,125840,111263,50813,0
87170,27494,77042,114664,164212,104536,1
72406,46717,80849,119123,153255,127566,1
19882,58320,6477,78202,26359,64797,0
61845,82988,67538,144833,129383,150526,1
30252,99849,30532,130101,60784,130381,0
92037,34321,55365,126358,147402,89686,0
16156,19659,60024,35815,76180,79683,0
730,24886,91326,25616,92056,116212,0
69747,9811,12423,79558,82170,22234,0
83732,59602,36678,143334,120410,96280,1
48129,39895,3064,88024,51193,42959,0
90542,70341,17770,160883,108312,88111,0
35306,39960,3602,75266,38908,43562,0
54322,19119,42604,73441,96926,61723,1
87648,7612,61860,95260,149508,69472,0
41015,61453,44846,102468,85861,106299,1
44738,95695,95049,140433,139787,190744,1
18743,17980,15116,36723,33859,33096,1
51437,46368,12236,97805,63673,58604,1
56378,55599,43327,111977,99705,98926,1
51134,37499,30957,88633,82091,68456,1
1930,85210,94522,87140,96452,179732,0
94351,2785,25420,97136,119771,28205,0
44518,24775,38509,69293,83027,63284,1
28391,51801,6435,80192,34826,58236,0
9624,32359,44199,41983,53823,76558,0
46966,43641,43377,90607,90343,87018,1
69365,75088,65725,144453,135090,140813,1
70616,24092,77117,94708,147733,101209,1
23006,65110,2896,88116,25902,68006,0
54188,2073,1005,56261,55193,3078,0
74520,63044,44371,137564,118891,107415,1
77603,76401,40634,154004,118237,117035,1
77407,59409,21320,136816,98727,80729,1
90488,27184,34382,117672,124870,61566,0
43363,70639,9121,114002,52484,79760,0
35727,22663,37034,58390,72761,59697,1
43272,42648,9636,85920,52908,52284,1
98471,3578,1537,102049,100008,5115,0
93868,25974,29791,119842,123659,55765,0
75137,65266,2682,140403,77819,67948,0
57016,1331,42228,58347,99244,43559,0
15206,31659,11806,46865,27012,43465,0
9034,70806,9263,79840,18297,80069,0
28373,94639,72674,123012,101047,167313,1
75184,78195,95704,153379,170888,173899,1
52763,10398,66758,63161,119521,77156,0
73886,48558,61206,122444,135092,109764,1
21557,25918,25015,47475,46572,50933,1
94633,83098,59129,177731,153762,142227,1
75557,62501,18000,138058,93557,80501,1
75889,43210,70942,119099,146831,114152,1
47222,33195,80749,80417,127971,113944,0
87146,31062,35269,118208,122415,66331,0
56500,1549,95691,58049,152191,97240,0
26554,66489,94745,93043,121299,161234,0
43755,67297,95977,111052,139732,163274,1
50784,17516,58526,68300,109310,76042,1
74268,47659,9707,121927,83975,57366,0
66357,58276,36379,124633,102736,94655,1
51309,95908,31711,147217,83020,127619,0
9438,76283,33107,85721,42545,109390,0
2489,39038,76850,41527,79339,115888,0
92180,36634,47260,128814,139440,83894,0
43415,41456,46974,84871,90389,88430,1
59422,69110,63312,128532,122734,132422,1
62733,13965,36667,76698,99400,50632,0
26183,86778,12059,112961,38242,98837,0
72623,8598,51821,81221,124444,60419,0
15570,36444,13991,52014,29561,50435,0
78560,20405,18988,98965,97548,39393,0
32496,93750,5862,126246,38358,99612,0
1014,11421,36299,12435,37313,47720,0
92526,7501,47145,100027,139671,54646,0
18764,55057,38605,73821,57369,93662,1
86311,19838,70936,106149,157247,90774,1
72651,53710,93942,126361,166593,147652,1
54343,41150,32832,95493,87175,73982,1
61778,77347,71733,139125,133511,149080,1
22288,28996,54395,51284,76683,83391,0
45968,86894,98862,132862,144830,185756,1
75479,3226,24209,78705,99688,27435,0
62596,88340,54152,150936,116748,142492,1
42352,34630,80497,76982,122849,115127,0
19906,24949,43233,44855,63139,68182,1
55212,81991,74158,137203,129370,156149,1
88569,31501,20447,120070,109016,51948,0
50623,10251,50968,60874,101591,61219,1
83034,52060,33742,135094,116776,85802,1
93019,48219,97989,141238,191008,146208,1
72298,86181,25908,158479,98206,112089,1
53738,94042,35862,147780,89600,129904,0
42065,22781,29258,64846,71323,52039,1
74441,20857,90305,95298,164746,111162,1
6705,89866,89420,96571,96125,179286,1
74041,7600,66118,81641,140159,73718,0
74772,51761,22701,126533,97473,74462,0
73653,12554,64907,86207,138560,77461,1
85316,74028,74785,159344,160101,148813,1
47880,79192,41650,127072,89530,120842,1
39793,17226,8269,57019,48062,25495,0
49112,51336,95827,100448,144939,147163,1
177,17201,59684,17378,59861,76885,0
94129,13494,34132,107623,128261,47626,0
30765,67030,13133,97795,43898,80163,0
68181,30699,55823,98880,124004,86522,1
84393,58823,16458,143216,100851,75281,0
53699,46887,99150,100586,152849,146037,1
31825,22826,44756,54651,76581,67582,1
87882,12241,91234,100123,179116,103475,1
74270,5827,26748,80097,101018,32575,0
95910,83454,24557,179364,120467,108011,1
81730,17030,21420,98760,103150,38450,0
9388,15138,19717,24526,29105,34855,1
76782,16488,84608,93270,161390,101096,1
49941,70419,41823,120360,91764,112242,1
82302,34114,81273,116416,163575,115387,1
91630,27774,30457,119404,122087,58231,0
17308,40590,50710,57898,68018,91300,1
26871,36673,12020,63544,38891,48693,1
38167,54370,99230,92537,137397,153600,0
8378,98947,16663,107325,25041,115610,0
21436,46208,27,67644,21463,46235,0
8639,59912,59217,68551,67856,119129,1
52843,44429,98984,97272,151827,143413,0
13689,47472,41275,61161,54964,88747,1
49144,14143,27677,63287,76821,41820,0
20658,85971,83343,106629,104001,169314,1
9684,84087,81847,93771,91531,165934,1
88144,88806,14334,176950,102478,103140,1
4661,26819,71591,31480,76252,98410,0
86771,5782,62926,92553,149697,68708,0
8180,53126,74454,61306,82634,127580,0
84890,21075,3137,105965,88027,24212,0
94715,51311,68347,146026,163062,119658,1
34321,55346,85786,89667,120107,141132,1
23988,44284,26657,68272,50645,70941,1
87368,41132,22901,128500,110269,64033,0
5944,26522,18965,32466,24909,45487,0
11322,62620,20232,73942,31554,82852,0
16329,12106,39282,28435,55611,51388,0
71104,54236,49722,125340,120826,103958,1
8641,13627,36203,22268,44844,49830,0
20739,33301,5160,54040,25899,38461,0
15600,30978,31140,46578,46740,62118,1
60561,81338,13277,141899,73838,94615,0
63905,21503,39657,85408,103562,61160,0
2069,36910,26734,38979,28803,63644,0
8545,10228,209,18773,8754,10437,0
67344,52593,62621,119937,129965,115214,1
58837,35217,71477,94054,130314,106694,1
53141,94163,9957,147304,63098,104120,0
71334,46023,50646,117357,121980,96669,1
59794,80019,47838,139813,107632,127857,1
87567,96515,76806,184082,164373,173321,1
41455,90052,59739,131507,101194,149791,1
50163,33520,42165,83683,92328,75685,1
32093,26129,4651,58222,36744,30780,0
96695,49849,75764,146544,172459,125613,1
17284,6341,65825,23625,83109,72166,0
14104,73631,87684,87735,101788,161315,1
39993,83456,22381,123449,62374,105837,0
48309,87634,53563,135943,101872,141197,1
23232,55376,78230,78608,101462,133606,1
3620,30439,80390,34059,84010,110829,0
34708,53986,19279,88694,53987,73265,1
72348,80969,71256,153317,143604,152225,1
24981,64695,38518,89676,63499,103213,0
49078,95580,72057,144658,121135,167637,1
11453,78275,85614,89728,97067,163889,1
76741,76090,47285,152831,124026,123375,1
21258,57430,80882,78688,102140,138312,0
44318,20668,758,64986,45076,21426,0
25544,87302,87970,112846,113514,175272,1
87572,91792,80068,179364,167640,171860,1
46186,46277,43813,92463,89999,90090,1
72158,85376,31705,157534,103863,117081,1
33466,31551,15566,65017,49032,47117,1
22249,87551,31794,109800,54043,119345,0
45257,98772,66009,144029,111266,164781,1
82997,97516,32974,180513,115971,130490,1
52469,30375,64912,82844,117381,95287,1
3150,90040,23984,93190,27134,114024,0
72902,74442,39471,147344,112373,113913,1
13045,99788,28369,112833,41414,128157,0
3685,75640,14521,79325,18206,90161,0
6827,47594,25411,54421,32238,73005,0
97539,44392,28036,141931,125575,72428,0
79275,4466,69599,83741,148874,74065,0
72293,212,18346,72505,90639,18558,0
89951,58407,59612,148358,149563,118019,1
28786,64864,99970,93650,128756,164834,0
66758,83855,50175,150613,116933,134030,1
10814,9539,71819,20353,82633,81358,0
97410,32020,28354,129430,125764,60374,0
54621,27865,14135,82486,68756,42000,0
92497,97936,45183,190433,137680,143119,1
34209,73918,54468,108127,88677,128386,1
96942,83413,58362,180355,155304,141775,1
8378,91668,32557,100046,40935,124225,0
31265,86984,41973,118249,73238,128957,0
51960,70426,71025,122386,122985,141451,1
56028,52805,86987,108833,143015,139792,1
84715,77220,22722,161935,107437,99942,1
18747,63137,34727,81884,53474,97864,0
18291,24441,59669,42732,77960,84110,0
7369,96988,30134,104357,37503,127122,0
79628,15074,86374,94702,166002,101448,1
10401,71560,31318,81961,41719,102878,0
51167,54758,39594,105925,90761,94352,1
55628,18888,84817,74516,140445,103705,0
61577,75955,53583,137532,115160,129538,1
27779,55827,79569,83606,107348,135396,1
14809,49536,4058,64345,18867,53594,0
11923,78007,21291,89930,33214,99298,0
54441,52550,82334,106991,136775,134884,1
81854,39866,61262,121720,143116,101128,1
97786,88956,25018,186742,122804,113974,1
57743,80671,59528,138414,117271,140199,1
86796,76787,42705,163583,129501,119492,1
39955,7438,5910,47393,45865,13348,0
28109,862,92925,28971,121034,93787,0
50464,81060,33246,131524,83710,114306,1
16671,5834,41556,22505,58227,47390,0
13705,11663,90715,25368,104420,102378,0
46019,63053,13379,109072,59398,76432,0
78480,67617,23284,146097,101764,90901,1
48846,80332,79160,129178,128006,159492,1
93199,75372,88387,168571,181586,163759,1
38638,82247,73526,120885,112164,155773,1
70088,43228,55663,113316,125751,98891,1
98189,45427,86939,143616,185128,132366,1
87300,56414,44784,143714,132084,101198,1
52714,73667,70389,126381,123103,144056,1
1422,89338,55680,90760,57102,145018,0
22670,67770,35583,90440,58253,103353,0
43144,24611,68573,67755,111717,93184,0
64188,27270,27285,91458,91473,54555,0
93840,80776,55697,174616,149537,136473,1
93679,11535,3854,105214,97533,15389,0
18268,582,76474,18850,94742,77056,0
64056,2229,69834,66285,133890,72063,0
31696,92992,12980,124688,44676,105972,0
81828,56623,4186,138451,86014,60809,0
77865,55999,78285,133864,156150,134284,1
43610,37961,91961,81571,135571,129922,0
34506,47317,36311,81823,70817,83628,1
94058,85748,31127,179806,125185,116875,1
21871,71363,68547,93234,90418,139910,1
4431,24957,95807,29388,100238,120764,0
19166,54133,78842,73299,98008,132975,0
93283,38627,64902,131910,158185,103529,1
58312,6141,68789,64453,127101,74930,0
36234,2589,77541,38823,113775,80130,0
32426,43736,84768,76162,117194,128504,0
2673,1069,17995,3742,20668,19064,0
61216,57939,40743,119155,101959,98682,1
95317,21025,49956,116342,145273,70981,0
26739,92637,99902,119376,126641,192539,1
27263,84822,73235,112085,100498,158057,1
33863,29316,86057,63179,119920,115373,0
88943,45013,7469,133956,96412,52482,0
11775,97230,54922,109005,66697,152152,0
80813,13909,97567,94722,178380,111476,0
90041,30659,96644,120700,186685,127303,1
72556,97,47170,72653,119726,47267,0
11581,639,92573,12220,104154,93212,0
94589,8834,9642,103423,104231,18476,0
1393,89324,17187,90717,18580,106511,0
24646,10382,63001,35028,87647,73383,0
84204,46876,86275,131080,170479,133151,1
91978,22085,41180,114063,133158,63265,0
43326,66824,28977,110150,72303,95801,1
17436,99831,20967,117267,38403,120798,0
77765,84550,73661,162315,151426,158211,1
8867,72052,52555,80919,61422,124607,0
80205,31072,39293,111277,119498,70365,0
56612,78419,21393,135031,78005,99812,0
47611,89273,70134,136884,117745,159407,1
23038,34981,23156,58019,46194,58137,1
36406,8357,36803,44763,73209,45160,1
79236,67752,105,146988,79341,67857,0
32753,41494,3315,74247,36068,44809,0
71714,89364,51876,161078,123590,141240,1
60590,86506,55085,147096,115675,141591,1
10330,27178,95620,37508,105950,122798,0
36278,32324,36776,68602,73054,69100,1
56889,252,922,57141,57811,1174,0
72300,45734,99751,118034,172051,145485,1
21675,58690,58386,80365,80061,117076,1
3712,34527,98952,38239,102664,133479,0
77090,37054,1376,114144,78466,38430,0
63947,734,52230,64681,116177,52964,0
34073,24537,74991,58610,109064,99528,0
59983,11187,30798,71170,90781,41985,0
59801,15528,3037,75329,62838,18565,0
86601,21317,88818,107918,175419,110135,1
77683,85625,6961,163308,84644,92586,0
27638,50917,5910,78555,33548,56827,0
5806,62728,28648,68534,34454,91376,0
79804,71515,82512,151319,162316,154027,1
58521,21656,4921,80177,63442,26577,0
21197,16487,93512,37684,114709,109999,0
76033,5459,85545,81492,161578,91004,0
20046,48455,41969,68501,62015,90424,1
40037,3200,52702,43237,92739,55902,0
73627,27538,11873,101165,85500,39411,0
30181,97231,86468,127412,116649,183699,1
6647,41885,41339,48532,47986,83224,1
57908,90338,39387,148246,97295,129725,1
39715,73548,25457,113263,65172,99005,0
99334,32896,46859,132230,146193,79755,0
93607,84306,59073,177913,152680,143379,1
6877,80666,79419,87543,86296,160085,1
54567,52941,26019,107508,80586,78960,1
51552,65002,63247,116554,114799,128249,1
36042,83216,47522,119258,83564,130738,1
79009,18842,62229,97851,141238,81071,1
82881,75240,9400,158121,92281,84640,1
96570,29985,47062,126555,143632,77047,0
86865,39249,13937,126114,100802,53186,0
21969,15128,26541,37097,48510,41669,1
10814,44244,34733,55058,45547,78977,1
39571,45334,16679,84905,56250,62013,1
38347,40281,10841,78628,49188,51122,1
35539,55535,30067,91074,65606,85602,1
62107,58644,27898,120751,90005,86542,1
93187,93346,46471,186533,139658,139817,1
92114,39819,69481,131933,161595,109300,1
12975,32902,97338,45877,110313,130240,0
64415,7788,4774,72203,69189,12562,0
89469,88587,91706,178056,181175,180293,1
42193,73635,45709,115828,87902,119344,1
9868,54512,1762,64380,11630,56274,0
20750,36000,5997,56750,26747,41997,0
53986,7085,11824,61071,65810,18909,0
17774,83993,52099,101767,69873,136092,0
65244,25567,67137,90811,132381,92704,1
84394,30721,68490,115115,152884,99211,1
29634,33626,85202,63260,114836,118828,0
89771,41580,83314,131351,173085,124894,1
18719,67467,94805,86186,113524,162272,0
60176,89480,39530,149656,99706,129010,1
1765,38689,17418,40454,19183,56107,0
40299,40568,98227,80867,138526,138795,0
57990,41647,7769,99637,65759,49416,0
10195,92952,57669,103147,67864,150621,0
70576,4779,98406,75355,168982,103185,0
80149,8591,40513,88740,120662,49104,0
76532,83745,90514,160277,167046,174259,1
69260,73928,74060,143188,143320,147988,1
64065,30682,1400,94747,65465,32082,0
13535,21696,72493,35231,86028,94189,0
88070,65689,75359,153759,163429,141048,1
90360,80622,78571,170982,168931,159193,1
74468,30492,57722,104960,132190,88214,1
97713,7171,26179,104884,123892,33350,0
64371,45857,12664,110228,77035,58521,0
94723,76921,12131,171644,106854,89052,0
42889,44992,52956,87881,95845,97948,1
23239,46878,13671,70117,36910,60549,0
31283,99097,1926,130380,33209,101023,0
24811,39935,80473,64746,105284,120408,0
64158,69403,91164,133561,155322,160567,1
33700,44489,2704,78189,36404,47193,0
79507,40073,35929,119580,115436,76002,0
29731,60796,9756,90527,39487,70552,0
6202,70484,90828,76686,97030,161312,0
92932,61386,39789,154318,132721,101175,1
36224,25564,2493,61788,38717,28057,0
94083,37078,92258,131161,186341,129336,1
5594,61943,76310,67537,81904,138253,0
95312,2228,12952,97540,108264,15180,0
87153,60773,9905,147926,97058,70678,0
69622,24121,8493,93743,78115,32614,0
16778,19496,96537,36274,113315,116033,0
25954,67268,99952,93222,125906,167220,0
78809,85995,18317,164804,97126,104312,1
95399,6800,47749,102199,143148,54549,0
46153,79550,79382,125703,125535,158932,1
60908,49698,12853,110606,73761,62551,1
67521,68427,44619,135948,112140,113046,1
85902,71304,72782,157206,158684,144086,1
18476,27932,5913,46408,24389,33845,0
98808,55939,25359,154747,124167,81298,0
88694,82302,31634,170996,120328,113936,1
34490,88846,22160,123336,56650,111006,0
89636,964,4390,90600,94026,5354,0
62960,72206,49506,135166,112466,121712,1
36936,94864,81491,131800,118427,176355,1
49001,86454,62493,135455,111494,148947,1
6181,69156,27356,75337,33537,96512,0
76966,61515,96696,138481,173662,158211,1
75846,40185,35938,116031,111784,76123,1
40298,70928,54041,111226,94339,124969,1
38385,24762,67479,63147,105864,92241,0
99509,67446,22290,166955,121799,89736,0
30364,55940,34906,86304,65270,90846,1
39871,59506,45905,99377,85776,105411,1
7069,41371,64802,48440,71871,106173,0
18769,88948,55832,107717,74601,144780,0
81602,54435,53525,136037,135127,107960,1
11998,45859,69469,57857,81467,115328,0
97233,64020,26137,161253,123370,90157,0
78852,29058,28102,107910,106954,57160,0
52064,19303,53523,71367,105587,72826,1
10482,94484,91071,104966,101553,185555,1
50881,25095,10980,75976,61861,36075,0
23452,43082,39504,66534,62956,82586,1
6255,41253,19233,47508,25488,60486,0
67696,15903,77646,83599,145342,93549,1
54275,27338,80758,81613,135033,108096,1
33916,24510,80938,58426,114854,105448,0
11220,65425,63389,76645,74609,128814,1
77597,87447,77512,165044,155109,164959,1
52879,85790,73973,138669,126852,159763,1
81536,53432,65694,134968,147230,119126,1
15114,28446,58141,43560,73255,86587,0
77811,75216,88710,153027,166521,163926,1
87313,86869,73032,174182,160345,159901,1
543,3175,32125,3718,32668,35300,0
98786,32614,64052,131400,162838,96666,0
39841,38768,37544,78609,77385,76312,1
64473,27226,10625,91699,75098,37851,0
49012,97560,40241,146572,89253,137801,0
67527,47274,31964,114801,99491,79238,1
76639,5572,19610,82211,96249,25182,0
13319,52266,81129,65585,94448,133395,0
36344,96341,40641,132685,76985,136982,0
74307,84553,30787,158860,105094,115340,1
71146,77826,25532,148972,96678,103358,1
31862,30479,91264,62341,123126,121743,0
8878,32372,45273,41250,54151,77645,0
43468,46975,16435,90443,59903,63410,1
76615,64749,10821,141364,87436,75570,0
5194,68008,92220,73202,97414,160228,0
20661,14593,30852,35254,51513,45445,1
99531,80986,91674,180517,191205,172660,1
83760,43513,68742,127273,152502,112255,1
27375,73640,32563,101015,59938,106203,0
3348,75441,62533,78789,65881,137974,0
40428,94421,51029,134849,91457,145450,0
36231,72775,15041,109006,51272,87816,0
3757,32884,44543,36641,48300,77427,0
31996,11573,6492,43569,38488,18065,0
7547,32513,62574,40060,70121,95087,0
28195,12681,5804,40876,33999,18485,0
63191,22774,68311,85965,131502,91085,1
2545,75259,8332,77804,10877,83591,0
74787,8873,53194,83660,127981,62067,0
47895,75134,20296,123029,68191,95430,0
64824,2748,19043,67572,83867,21791,0
57110,90116,1145,147226,58255,91261,0
66504,52310,15516,118814,82020,67826,1
95000,83955,75456,178955,170456,159411,1
33488,14737,23809,48225,57297,38546,1
1229,114,58194,1343,59423,58308,0
66370,40908,28031,107278,94401,68939,1
43186,65264,13269,108450,56455,78533,0
11123,39643,70959,50766,82082,110602,0
86689,45483,50881,132172,137570,96364,1
49946,58544,34528,108490,84474,93072,1
70619,92438,80622,163057,151241,173060,1
34220,80084,43382,114304,77602,123466,0
48017,91642,36935,139659,84952,128577,0
6015,12241,73448,18256,79463,85689,0
20444,7061,50677,27505,71121,57738,0
52758,69196,40466,121954,93224,109662,1
72081,73920,37792,146001,109873,111712,1
75251,24050,8860,99301,84111,32910,0
52855,67510,95847,120365,148702,163357,1
40580,68272,97646,108852,138226,165918,1
29711,37978,33398,67689,63109,71376,1
96935,16074,97120,113009,194055,113194,1
78808,76486,16514,155294,95322,93000,1
79853,93442,75525,173295,155378,168967,1
23687,96981,33521,120668,57208,130502,0
77553,1291,13043,78844,90596,14334,0
81508,10800,76143,92308,157651,86943,1
56608,37966,62101,94574,118709,100067,1
69139,66819,22477,135958,91616,89296,1
23224,5890,74596,29114,97820,80486,0
18655,14559,2633,33214,21288,17192,0
37869,81548,2270,119417,40139,83818,0
44546,51473,5856,96019,50402,57329,0
54063,79280,88416,133343,142479,167696,1
66308,68061,67609,134369,133917,135670,1
87672,24302,74265,111974,161937,98567,1
88172,95768,16204,183940,104376,111972,1
44243,64022,35799,108265,80042,99821,1
27665,4660,96194,32325,123859,100854,0
54136,62971,13485,117107,67621,76456,1
79581,63147,53682,142728,133263,116829,1
36916,99836,72804,136752,109720,172640,1
10828,71017,3090,81845,13918,74107,0
10706,66510,20844,77216,31550,87354,0
38144,53037,11729,91181,49873,64766,0
17134,89715,74832,106849,91966,164547,1
78936,85119,55629,164055,134565,140748,1
20515,36850,21719,57365,42234,58569,1
97837,7939,69292,105776,167129,77231,0
347,74722,72304,75069,72651,147026,0
37328,61406,83023,98734,120351,144429,1
47690,99019,19214,146709,66904,118233,0
58856,46686,33121,105542,91977,79807,1
15566,78689,57994,94255,73560,136683,0
25285,26929,28079,52214,53364,55008,1
72200,83685,86861,155885,159061,170546,1
81441,16732,59073,98173,140514,75805,0
14666,5113,51665,19779,66331,56778,0
31712,87995,12796,119707,44508,100791,0
52805,18221,34959,71026,87764,53180,1
49448,83711,77185,133159,126633,160896,1
55892,84167,38487,140059,94379,122654,1
90513,8613,55123,99126,145636,63736,0
83650,5644,82044,89294,165694,87688,1
91593,94448,55349,186041,146942,149797,1
49088,6662,80764,55750,129852,87426,0
84298,7527,36452,91825,120750,43979,0
30433,28464,44278,58897,74711,72742,1
42837,52073,58118,94910,100955,110191,1
1579,36251,87094,37830,88673,123345,0
66125,52308,95000,118433,161125,147308,1
31187,55766,93182,86953,124369,148948,0
6808,81512,88994,88320,95802,170506,0
60613,41716,22166,102329,82779,63882,1
29722,99021,39170,128743,68892,138191,0
41921,23569,7916,65490,49837,31485,0
15874,33351,69153,49225,85027,102504,0
48179,64076,90420,112255,138599,154496,1
544,84352,56855,84896,57399,141207,0
1528,80761,54585,82289,56113,135346,0
29297,37536,12301,66833,41598,49837,1
29919,19887,5902,49806,35821,25789,0
36430,69585,13961,106015,50391,83546,0
78245,11320,50632,89565,128877,61952,0
84330,84759,31817,169089,116147,116576,1
20601,33046,93811,53647,114412,126857,0
63810,2953,75420,66763,139230,78373,0
16471,10517,15756,26988,32227,26273,1
48085,99918,84024,148003,132109,183942,1
88110,34596,35116,122706,123226,69712,0
76923,81166,17040,158089,93963,98206,1
52925,8838,61971,61763,114896,70809,0
15141,98108,14334,113249,29475,112442,0
92446,99596,71613,192042,164059,171209,1
88120,73498,84149,161618,172269,157647,1
51186,23493,46363,74679,97549,69856,1
53050,2698,93508,55748,146558,96206,0
67501,77925,44950,145426,112451,122875,1
5405,64340,79782,69745,85187,144122,0
38119,17372,25320,55491,63439,42692,1
45696,74079,38931,119775,84627,113010,1
12228,35901,40516,48129,52744,76417,1
69366,59566,31657,128932,101023,91223,1
90932,23606,10210,114538,101142,33816,0
94190,7100,53572,101290,147762,60672,0
42784,12147,87616,54931,130400,99763,0
67314,74751,47380,142065,114694,122131,1
53259,83808,91662,137067,144921,175470,1
32961,78935,27243,111896,60204,106178,0
18217,78460,99936,96677,118153,178396,0
16758,85288,93444,102046,110202,178732,1
92529,4817,19815,97346,112344,24632,0
66416,28769,40612,95185,107028,69381,1
63017,74436,68425,137453,131442,142861,1
47726,9097,9179,56823,56905,18276,0
75566,69294,41533,144860,117099,110827,1
44369,60871,31780,105240,76149,92651,1
72132,88622,91501,160754,163633,180123,1
95569,1220,1360,96789,96929,2580,0
39545,83181,65434,122726,104979,148615,1
64782,58668,70106,123450,134888,128774,1
28679,54182,7025,82861,35704,61207,0
27274,6256,49572,33530,76846,55828,0
37001,55349,4536,92350,41537,59885,0
78346,91365,60372,169711,138718,151737,1
87293,74838,65258,162131,152551,140096,1
65832,63820,67829,129652,133661,131649,1
33545,60290,98279,93835,131824,158569,0
59340,81732,15464,141072,74804,97196,0
80515,45642,88583,126157,169098,134225,1
92363,814,80959,93177,173322,81773,0
48134,15550,15873,63684,64007,31423,0
21728,54034,24593,75762,46321,78627,0
70250,48589,26730,118839,96980,75319,1
19784,75161,54965,94945,74749,130126,0
99385,42070,9391,141455,108776,51461,0
90662,66216,71715,156878,162377,137931,1
81490,6665,66332,88155,147822,72997,0
588,74891,13777,75479,14365,88668,0
23055,61556,632,84611,23687,62188,0
18,47989,93838,48007,93856,141827,0
29833,26060,3678,55893,33511,29738,0
77835,34421,33646,112256,111481,68067,0
78977,39207,39952,118184,118929,79159,1
32764,83625,72558,116389,105322,156183,1
96283,921,92409,97204,188692,93330,0
28890,38583,84802,67473,113692,123385,0
64349,75741,40212,140090,104561,115953,1
45662,43044,28039,88706,73701,71083,1
43057,30235,10646,73292,53703,40881,0
29820,45039,38212,74859,68032,83251,1
53602,99550,85396,153152,138998,184946,1
4517,368,34617,4885,39134,34985,0
10632,51664,99920,62296,110552,151584,0
98961,41440,98229,140401,197190,139669,1
89050,5038,82952,94088,172002,87990,0
89831,50674,89834,140505,179665,140508,1
11550,3956,95140,15506,106690,99096,0
57397,79351,2226,136748,59623,81577,0
99677,78790,47275,178467,146952,126065,1
61005,38738,85510,99743,146515,124248,1
8554,14506,96983,23060,105537,111489,0
84817,92843,92474,177660,177291,185317,1
51103,24235,79905,75338,131008,104140,0
66243,1131,64352,67374,130595,65483,0
67952,56162,57245,124114,125197,113407,1
16125,68126,46021,84251,62146,114147,0
25228,86558,81306,111786,106534,167864,1
11082,44181,52233,55263,63315,96414,1
99722,23271,48678,122993,148400,71949,0
80890,80165,811,161055,81701,80976,1
31095,86903,10540,117998,41635,97443,0
29428,43919,19817,73347,49245,63736,1
54581,52831,32430,107412,87011,85261,1
42932,56779,73381,99711,116313,130160,1
43149,88044,1565,131193,44714,89609,0
15343,50616,38974,65959,54317,89590,1
78622,68764,5917,147386,84539,74681,0
55840,84941,21979,140781,77819,106920,0
41687,93040,48584,134727,90271,141624,0
71037,20247,42185,91284,113222,62432,0
43211,4283,76522,47494,119733,80805,0
8206,77182,97101,85388,105307,174283,0
34062,38293,48930,72355,82992,87223,1
4966,97671,98842,102637,103808,196513,1
88264,90399,90683,178663,178947,181082,1
85242,89738,29477,174980,114719,119215,1
36070,44940,49920,81010,85990,94860,1
4376,11053,19884,15429,24260,30937,0
40377,38420,52828,78797,93205,91248,1
63530,52773,75486,116303,139016,128259,1
39045,61689,93480,100734,132525,155169,1
5063,88137,87319,93200,92382,175456,1
7854,5707,72353,13561,80207,78060,0
78895,5352,17586,84247,96481,22938,0
99524,64393,62565,163917,162089,126958,1
22475,94854,34668,117329,57143,129522,0
29096,92363,69011,121459,98107,161374,1
1531,50980,14456,52511,15987,65436,0
32124,63911,15540,96035,47664,79451,0
19715,70199,54330,89914,74045,124529,1
25934,60016,49461,85950,75395,109477,1
53942,53717,88371,107659,142313,142088,1
76090,73272,50283,149362,126373,123555,1
44879,43385,75669,88264,120548,119054,1
79142,54856,39647,133998,118789,94503,1
91956,2129,10287,94085,102243,12416,0
59484,23504,9075,82988,68559,32579,0
87609,65868,51140,153477,138749,117008,1
83619,38891,52415,122510,136034,91306,1
85286,18475,35425,103761,120711,53900,0
23366,29232,13388,52598,36754,42620,1
66405,63644,54526,130049,120931,118170,1
45423,15462,22927,60885,68350,38389,0
39850,51233,49931,91083,89781,101164,1
2141,55540,18407,57681,20548,73947,0
45658,38442,20719,84100,66377,59161,1
85239,7147,24262,92386,109501,31409,0
46765,47450,8269,94215,55034,55719,1
42800,58055,45016,100855,87816,103071,1
3554,66948,77000,70502,80554,143948,0
78200,88716,12894,166916,91094,101610,1
65304,93849,53910,159153,119214,147759,1
47618,36441,62535,84059,110153,98976,1
43814,59757,46159,103571,89973,105916,1
34332,98679,36929,133011,71261,135608,0
25456,81384,51386,106840,76842,132770,0
81319,56300,8860,137619,90179,65160,0
89006,32225,73238,121231,162244,105463,1
52922,77562,6473,130484,59395,84035,0
47438,88165,41115,135603,88553,129280,1
30744,69459,87714,100203,118458,157173,1
16125,70181,44943,86306,61068,115124,0
47051,1720,39753,48771,86804,41473,0
47442,33784,5162,81226,52604,38946,0
19846,51652,78401,71498,98247,130053,0
99460,68619,16862,168079,116322,85481,0
35653,60306,41674,95959,77327,101980,1
65474,64573,98697,130047,164171,163270,1
76698,78852,33407,155550,110105,112259,1
52407,4578,31790,56985,84197,36368,0
65222,57622,7268,122844,72490,64890,0
87737,22986,53463,110723,141200,76449,0
4415,51257,26677,55672,31092,77934,0
82206,67330,57425,149536,139631,124755,1
79616,40360,92131,119976,171747,132491,1
24285,21520,1921,45805,26206,23441,0
85833,15117,97839,100950,183672,112956,1
29619,26331,53065,55950,82684,79396,1
97797,47282,893,145079,98690,48175,0
35577,24125,35898,59702,71475,60023,1
92838,95043,13717,187881,106555,108760,1
87779,44345,52908,132124,140687,97253,1
57182,39324,8208,96506,65390,47532,0
82762,2490,59820,85252,142582,62310,0
87401,89595,21838,176996,109239,111433,1
50934,36216,37590,87150,88524,73806,1
79019,92424,40083,171443,119102,132507,1
86641,89851,98816,176492,185457,188667,1
21044,93182,45182,114226,66226,138364,0
38401,15042,71946,53443,110347,86988,0
1607,33340,25374,34947,26981,58714,0
40711,2174,48783,42885,89494,50957,0
52174,92803,30135,144977,82309,122938,0
10366,379,27149,10745,37515,27528,0
27568,17583,80738,45151,108306,98321,0
66032,51207,5199,117239,71231,56406,0
66818,70305,10204,137123,77022,80509,1
5878,26978,67294,32856,73172,94272,0
85886,65681,75495,151567,161381,141176,1
54909,61420,12542,116329,67451,73962,1
29022,42272,81489,71294,110511,123761,0
99127,65190,90002,164317,189129,155192,1
64012,19502,89615,83514,153627,109117,0
72986,98409,98750,171395,171736,197159,1
2195,7440,36231,9635,38426,43671,0
22872,65292,47339,88164,70211,112631,1
52431,18079,69480,70510,121911,87559,1
54578,23561,31249,78139,85827,54810,1
87520,98364,34166,185884,121686,132530,1
63956,76516,2446,140472,66402,78962,0
28725,63907,64643,92632,93368,128550,1
21691,91391,14620,113082,36311,106011,0
15463,94539,62969,110002,78432,157508,0
70732,87602,48915,158334,119647,136517,1
8944,11928,4863,20872,13807,16791,1
81687,2804,98035,84491,179722,100839,0
67972,58142,31266,126114,99238,89408,1
96637,75467,97793,172104,194430,173260,1
57456,85366,81873,142822,139329,167239,1
10719,54668,39793,65387,50512,94461,0
76963,65545,15256,142508,92219,80801,1
99862,45051,92927,144913,192789,137978,1
89833,85404,56206,175237,146039,141610,1
33816,21754,39205,55570,73021,60959,1
85175,51554,39498,136729,124673,91052,1
25236,68667,48886,93903,74122,117553,1
94998,50668,42663,145666,137661,93331,0
60452,2993,36495,63445,96947,39488,0
63254,3015,11641,66269,74895,14656,0
9687,84452,64028,94139,73715,148480,0
80478,59329,20854,139807,101332,80183,0
23759,37804,41890,61563,65649,79694,1
89994,87184,90443,177178,180437,177627,1
53662,10903,38188,64565,91850,49091,0
37504,2859,27419,40363,64923,30278,0
24141,53634,52677,77775,76818,106311,1
64339,64591,62098,128930,126437,126689,1
96553,10167,56509,106720,153062,66676,0
60826,27587,59127,88413,119953,86714,1
64193,82382,91671,146575,155864,174053,1
91195,30830,63058,122025,154253,93888,1
27794,58616,7833,86410,35627,66449,0
48213,27849,75297,76062,123510,103146,1
87148,45259,76416,132407,163564,121675,1
7375,81830,76150,89205,83525,157980,1
11495,62992,46766,74487,58261,109758,0
98441,25415,62807,123856,161248,88222,0
46634,56189,79059,102823,125693,135248,1
83395,71467,50333,154862,133728,121800,1
37245,70384,37508,107629,74753,107892,1
40239,82710,64056,122949,104295,146766,1
41,14037,858,14078,899,14895,0
67327,890,68183,68217,135510,69073,1
29483,19530,30767,49013,60250,50297,1
95239,14421,85823,109660,181062,100244,1
40901,40521,41835,81422,82736,82356,1
89624,85399,75581,175023,165205,160980,1
93718,39699,24554,133417,118272,64253,0
43207,24350,48875,67557,92082,73225,1
56111,61032,84727,117143,140838,145759,1
53159,51822,21341,104981,74500,73163,1
20179,39185,79215,59364,99394,118400,0
21580,74589,79706,96169,101286,154295,1
94936,15244,96881,110180,191817,112125,1
67067,60094,7312,127161,74379,67406,1
60515,62947,16069,123462,76584,79016,1
70153,25899,6422,96052,76575,32321,0
13139,42772,525,55911,13664,43297,0
52010,55730,11255,107740,63265,66985,1
22117,46250,22664,68367,44781,68914,0
10927,69070,97331,79997,108258,166401,0
53735,47025,78556,100760,132291,125581,1
98139,47299,60347,145438,158486,107646,1
22084,97973,30181,120057,52265,128154,0
48158,45627,79217,93785,127375,124844,1
85539,55109,79564,140648,165103,134673,1
68196,22424,40170,90620,108366,62594,0
6219,44361,23268,50580,29487,67629,0
99620,53299,28930,152919,128550,82229,0
83480,26517,52660,109997,136140,79177,0
97200,873,10386,98073,107586,11259,0
80641,72998,30786,153639,111427,103784,1
47864,47772,19246,95636,67110,67018,1
21731,87305,48639,109036,70370,135944,0
66149,85250,74633,151399,140782,159883,1
6171,88999,32962,95170,39133,121961,0
56074,9998,3497,66072,59571,13495,0
15757,21450,93184,37207,108941,114634,0
97541,55669,88662,153210,186203,144331,1
64777,46751,33125,111528,97902,79876,1
632,18446,5715,19078,6347,24161,0
95439,3073,93144,98512,188583,96217,1
63161,63046,97804,126207,160965,160850,1
5005,3035,39646,8040,44651,42681,0
67181,22130,8143,89311,75324,30273,0
73407,66691,58744,140098,132151,125435,1
35096,1481,21450,36577,56546,22931,0
72,70362,5455,70434,5527,75817,0
95320,36057,671,131377,95991,36728,0
95635,81203,88796,176838,184431,169999,1
60449,59537,52817,119986,113266,112354,1
42358,91814,15058,134172,57416,106872,0
5611,10004,28054,15615,33665,38058,0
21883,14857,91838,36740,113721,106695,0
2241,93579,96792,95820,99033,190371,0
80258,67932,71173,148190,151431,139105,1
50427,21813,25348,72240,75775,47161,0
82622,69414,18986,152036,101608,88400,1
45694,86876,79318,132570,125012,166194,1
79749,48107,18955,127856,98704,67062,0
31171,68255,36282,99426,67453,104537,0
35705,15108,84665,50813,120370,99773,0
45394,86990,37901,132384,83295,124891,0
61099,39846,88443,100945,149542,128289,1
59255,79773,57474,139028,116729,137247,1
28209,28374,98523,56583,126732,126897,0
98769,66233,87809,165002,186578,154042,1
43007,16844,33190,59851,76197,50034,1
14889,82117,54812,97006,69701,136929,0
46892,23226,40562,70118,87454,63788,1
19045,97561,2193,116606,21238,99754,0
18059,79246,79542,97305,97601,158788,1
22252,14949,29721,37201,51973,44670,1
40035,15184,93475,55219,133510,108659,0
17011,80679,67168,97690,84179,147847,1
19420,62799,780,82219,20200,63579,0
37589,2955,67590,40544,105179,70545,0
37618,31922,21585,69540,59203,53507,1
35724,99637,70151,135361,105875,169788,1
47549,90490,64415,138039,111964,154905,1
10239,20080,13511,30319,23750,33591,1
67064,75256,59861,142320,126925,135117,1
54953,86640,42406,141593,97359,129046,1
97215,27256,51246,124471,148461,78502,0
33366,38230,64307,71596,97673,102537,1
98696,82729,35556,181425,134252,118285,1
91318,2830,22542,94148,113860,25372,0
40929,38756,4856,79685,45785,43612,1
82841,68268,72906,151109,155747,141174,1
63681,24892,90775,88573,154456,115667,0
58526,76346,78813,134872,137339,155159,1
63048,6207,78327,69255,141375,84534,0
3126,14612,27467,17738,30593,42079,0
12654,97712,9955,110366,22609,107667,0
52120,75663,50531,127783,102651,126194,1
27167,45661,99298,72828,126465,144959,0
65638,68996,76592,134634,142230,145588,1
68877,58093,26311,126970,95188,84404,1
61774,32444,34909,94218,96683,67353,1
43887,4849,90523,48736,134410,95372,0
70572,65085,89818,135657,160390,154903,1
76950,71538,40600,148488,117550,112138,1
50333,85108,65963,135441,116296,151071,1
5293,89530,6421,94823,11714,95951,0
93433,73804,89584,167237,183017,163388,1
79370,25553,7993,104923,87363,33546,0
75986,76369,87904,152355,163890,164273,1
19313,79524,10838,98837,30151,90362,0
16282,6445,56483,22727,72765,62928,0
13967,19127,50915,33094,64882,70042,0
2647,35147,64487,37794,67134,99634,0
75078,2123,80826,77201,155904,82949,0
62350,61267,61351,123617,123701,122618,1
20387,67510,80628,87897,101015,148138,1
26725,23495,16427,50220,43152,39922,1
18084,51030,82803,69114,100887,133833,0
31810,24352,32449,56162,64259,56801,1
8618,46032,89694,54650,98312,135726,0
72092,56423,40489,128515,112581,96912,1
80659,1625,46734,82284,127393,48359,0
70228,4221,80170,74449,150398,84391,0
59057,22848,86409,81905,145466,109257,0
26138,1962,46440,28100,72578,48402,0
23793,4240,6786,28033,30579,11026,0
1893,43322,23975,45215,25868,67297,0
84834,31129,1472,115963,86306,32601,0
88330,11910,89112,100240,177442,101022,1
37476,69296,55148,106772,92624,124444,1
22255,75444,96098,97699,118353,171542,1
431,44176,78415,44607,78846,122591,0
95054,40109,61227,135163,156281,101336,1
72106,88852,21597,160958,93703,110449,1
55505,15822,24647,71327,80152,40469,0
78374,40811,43251,119185,121625,84062,1
42048,35025,97907,77073,139955,132932,0
67175,25322,63890,92497,131065,89212,1
61167,85788,89108,146955,150275,174896,1
41018,83744,83837,124762,124855,167581,1
11642,89037,93731,100679,105373,182768,1
85233,5867,63206,91100,148439,69073,0
44628,17277,28589,61905,73217,45866,1
68953,81335,32031,150288,100984,113366,1
16021,1352,44260,17373,60281,45612,0
70708,38842,98869,109550,169577,137711,1
78811,41373,77612,120184,156423,118985,1
11519,88742,56906,100261,68425,145648,0
50395,64281,8173,114676,58568,72454,0
35550,21189,2017,56739,37567,23206,0
47579,29110,77925,76689,125504,107035,0
49826,4605,31850,54431,81676,36455,0
44572,15280,1664,59852,46236,16944,0
71959,66098,3411,138057,75370,69509,0
5369,53585,56649,58954,62018,110234,1
61714,56623,23628,118337,85342,80251,1
55502,84142,91779,139644,147281,175921,1
69811,42363,28325,112174,98136,70688,1
71296,63651,19561,134947,90857,83212,1
57039,43669,87549,100708,144588,131218,1
89906,95372,87139,185278,177045,182511,1
16222,56232,44978,72454,61200,101210,1
97528,23942,96572,121470,194100,120514,1
36532,22344,31598,58876,68130,53942,1
93767,70052,57881,163819,151648,127933,1
51276,61324,70452,112600,121728,131776,1
96242,85514,1815,181756,98057,87329,0
33838,92797,56427,126635,90265,149224,0
84348,35314,13355,119662,97703,48669,0
15471,53038,62806,68509,78277,115844,1
99590,8472,21673,108062,121263,30145,0
49527,90269,26417,139796,75944,116686,0
89753,19930,93129,109683,182882,113059,1
21198,51673,20638,72871,41836,72311,0
2831,14351,76439,17182,79270,90790,0
80398,77543,64587,157941,144985,142130,1
32779,13331,61562,46110,94341,74893,0
8541,25829,34146,34370,42687,59975,1
1609,3851,58071,5460,59680,61922,0
14667,82482,69234,97149,83901,151716,1
33751,89709,49744,123460,83495,139453,0
36355,26491,502,62846,36857,26993,0
24586,92149,37355,116735,61941,129504,0
43190,9092,97010,52282,140200,106102,0
79673,34396,16207,114069,95880,50603,0
40311,13648,14346,53959,54657,27994,0
89453,88902,26878,178355,116331,115780,1
49435,88449,65213,137884,114648,153662,1
94250,87995,7294,182245,101544,95289,1
8336,27388,47384,35724,55720,74772,0
79344,8530,5072,87874,84416,13602,0
40838,92469,49458,133307,90296,141927,0
85856,14518,49062,100374,134918,63580,0
61332,70907,47346,132239,108678,118253,1
8318,48431,75729,56749,84047,124160,0
59047,97835,21558,156882,80605,119393,0
32961,5477,69411,38438,102372,74888,0
26012,26345,3956,52357,29968,30301,1
29854,67306,75911,97160,105765,143217,1
93052,4490,54719,97542,147771,59209,0
27524,37165,2064,64689,29588,39229,0
10929,57955,73374,68884,84303,131329,0
66485,43697,46977,110182,113462,90674,1
64527,62812,25949,127339,90476,88761,1
23798,90896,37718,114694,61516,128614,0
26499,69490,51814,95989,78313,121304,1
6932,49164,14090,56096,21022,63254,0
76396,81013,11322,157409,87718,92335,1
39790,69186,61185,108976,100975,130371,1
94295,3796,52044,98091,146339,55840,0
16085,51341,25430,67426,41515,76771,0
22488,64023,19501,86511,41989,83524,0
40112,47998,48565,88110,88677,96563,1
46683,83616,66781,130299,113464,150397,1
38173,75505,56790,113678,94963,132295,1
6082,65447,2098,71529,8180,67545,0
18921,64304,24517,83225,43438,88821,0
66697,94660,8471,161357,75168,103131,0
33714,32465,98076,66179,131790,130541,0
49221,35338,99556,84559,148777,134894,0
63068,46929,27629,109997,90697,74558,1
86439,36010,24366,122449,110805,60376,0
89908,52946,6914,142854,96822,59860,0
67930,34426,70499,102356,138429,104925,1
87878,38874,99845,126752,187723,138719,1
67938,80860,68119,148798,136057,148979,1
20929,56587,43220,77516,64149,99807,1
24939,11828,59939,36767,84878,71767,0
94283,41732,61856,136015,156139,103588,1
49895,21495,34074,71390,83969,55569,1
19738,62635,60335,82373,80073,122970,1
54922,78156,9664,133078,64586,87820,0
55158,8515,72907,63673,128065,81422,0
10623,69124,95173,79747,105796,164297,0
56191,2371,72739,58562,128930,75110,0
39991,33570,52897,73561,92888,86467,1
19980,28602,77094,48582,97074,105696,0
72835,71566,88425,144401,161260,159991,1
66125,67680,19847,133805,85972,87527,1
75533,32232,87596,107765,163129,119828,1
8591,8563,87861,17154,96452,96424,0
1253,21944,4193,23197,5446,26137,0
46685,81508,35369,128193,82054,116877,1
57643,12008,47308,69651,104951,59316,1
42995,77922,10979,120917,53974,88901,0
77950,65963,79842,143913,157792,145805,1
60061,74673,94632,134734,154693,169305,1
84366,19169,378,103535,84744,19547,0
22975,98130,46676,121105,69651,144806,0
84045,29533,96989,113578,181034,126522,1
81808,70116,52826,151924,134634,122942,1
25601,90643,27494,116244,53095,118137,0
34217,89232,10727,123449,44944,99959,0
78984,90306,68001,169290,146985,158307,1
71206,95341,21277,166547,92483,116618,0
23602,44282,91562,67884,115164,135844,0
45116,80711,41252,125827,86368,121963,1
28474,80089,8362,108563,36836,88451,0
54605,84897,78090,139502,132695,162987,1
43176,28642,9624,71818,52800,38266,0
57336,92831,66916,150167,124252,159747,1
52929,16920,54400,69849,107329,71320,1
13834,88285,31207,102119,45041,119492,0
54397,41708,96653,96105,151050,138361,0
25887,90486,94791,116373,120678,185277,1
71582,830,26346,72412,97928,27176,0
98839,62987,25094,161826,123933,88081,0
36246,95529,5208,131775,41454,100737,0
65129,4087,95106,69216,160235,99193,0
28378,25056,57481,53434,85859,82537,0
79496,548,54350,80044,133846,54898,0
60719,368,6027,61087,66746,6395,0
34890,84581,68348,119471,103238,152929,1
55813,67726,20762,123539,76575,88488,1
10998,5261,10934,16259,21932,16195,1
88051,61208,31896,149259,119947,93104,1
23315,36523,49111,59838,72426,85634,1
74177,32646,7547,106823,81724,40193,0
77195,74203,23595,151398,100790,97798,1
7525,25883,29629,33408,37154,55512,1
89611,64616,75712,154227,165323,140328,1
47848,74823,39890,122671,87738,114713,1
88325,76887,22363,165212,110688,99250,1
27486,22081,52778,49567,80264,74859,0
430,91133,31793,91563,32223,122926,0
49649,81670,88142,131319,137791,169812,1
66810,43375,80399,110185,147209,123774,1
71585,78679,880,150264,72465,79559,0
61294,65934,43151,127228,104445,109085,1
67184,25381,37650,92565,104834,63031,0
7470,6074,91054,13544,98524,97128,0
25308,61809,61083,87117,86391,122892,1
11464,25759,92494,37223,103958,118253,0
71834,45124,64971,116958,136805,110095,1
31363,8015,6909,39378,38272,14924,0
23915,42135,2094,66050,26009,44229,0
39674,40689,9686,80363,49360,50375,1
16511,49986,35857,66497,52368,85843,1
38986,56034,25450,95020,64436,81484,1
15920,83315,80602,99235,96522,163917,1
18133,88031,72118,106164,90251,160149,1
67091,78225,41888,145316,108979,120113,1
1075,24470,2072,25545,3147,26542,0
35917,10088,30188,46005,66105,40276,1
14328,51119,94823,65447,109151,145942,0
16403,85817,80,102220,16483,85897,0
90350,8158,83151,98508,173501,91309,1
82385,41128,80767,123513,163152,121895,1
1802,70773,32791,72575,34593,103564,0
53095,59502,83987,112597,137082,143489,1
86512,7969,61296,94481,147808,69265,0
6932,88527,42439,95459,49371,130966,0
56094,96100,74544,152194,130638,170644,1
95536,13693,94267,109229,189803,107960,1
78179,90663,25960,168842,104139,116623,1
25871,78824,80159,104695,106030,158983,1
92044,23127,6386,115171,98430,29513,0
33669,78923,5795,112592,39464,84718,0
79799,82540,46236,162339,126035,128776,1
64394,53617,81430,118011,145824,135047,1
21954,1359,33550,23313,55504,34909,0
18011,62191,35695,80202,53706,97886,0
37522,64490,29035,102012,66557,93525,1
47140,20593,76269,67733,123409,96862,0
53318,60710,58989,114028,112307,119699,1
74555,45844,8141,120399,82696,53985,0
35116,72097,40592,107213,75708,112689,1
68323,18844,53512,87167,121835,72356,1
61927,25129,77241,87056,139168,102370,1
99195,70060,72114,169255,171309,142174,1
29281,35505,29828,64786,59109,65333,1
92692,56034,89195,148726,181887,145229,1
48615,14437,14661,63052,63276,29098,0
1517,19913,63990,21430,65507,83903,0
27219,89570,32493,116789,59712,122063,0
47665,43481,4919,91146,52584,48400,1
52817,66979,77946,119796,130763,144925,1
57030,34906,3039,91936,60069,37945,0
4859,58307,64634,63166,69493,122941,0
3004,39566,4109,42570,7113,43675,0
13359,70475,12375,83834,25734,82850,0
19155,7262,4199,26417,23354,11461,0
96898,50811,74071,147709,170969,124882,1
14958,12972,35344,27930,50302,48316,0
2814,44945,96962,47759,99776,141907,0
49430,25082,2214,74512,51644,27296,0
88738,77480,75393,166218,164131,152873,1
91647,33406,46153,125053,137800,79559,0
14391,23075,8121,37466,22512,31196,0
85287,60420,76289,145707,161576,136709,1
53782,88105,78388,141887,132170,166493,1
43404,43948,96614,87352,140018,140562,0
86700,33322,51478,120022,138178,84800,0
26452,14574,83781,41026,110233,98355,0
88255,9982,61851,98237,150106,71833,0
81474,99742,75566,181216,157040,175308,1
87184,92557,20699,179741,107883,113256,1
67850,34015,43159,101865,111009,77174,1
73861,71263,91507,145124,165368,162770,1
73219,18443,77944,91662,151163,96387,1
30046,19455,29605,49501,59651,49060,1
1234,10017,82285,11251,83519,92302,0
91172,19802,75439,110974,166611,95241,1
25979,30649,27088,56628,53067,57737,1
43110,25305,11928,68415,55038,37233,0
41755,86316,10511,128071,52266,96827,0
68464,95214,75638,163678,144102,170852,1
93997,18981,9640,112978,103637,28621,0
8184,82347,32440,90531,40624,114787,0
33234,66174,65507,99408,98741,131681,1
49659,38149,53734,87808,103393,91883,1
99474,18710,19092,118184,118566,37802,0
6316,50110,85049,56426,91365,135159,0
41917,26791,27452,68708,69369,54243,1
29696,71943,23178,101639,52874,95121,0
83454,87814,58967,171268,142421,146781,1
55617,92718,85418,148335,141035,178136,1
40346,35617,22859,75963,63205,58476,1
99582,40541,53831,140123,153413,94372,0
99683,15651,96911,115334,196594,112562,1
7469,82031,51911,89500,59380,133942,0
87519,66782,33521,154301,121040,100303,1
32152,64581,46057,96733,78209,110638,1
63875,90819,62887,154694,126762,153706,1
24174,80789,77401,104963,101575,158190,1
3254,57897,33259,61151,36513,91156,0
27044,60456,78929,87500,105973,139385,1
65099,90075,62221,155174,127320,152296,1
30754,18047,2004,48801,32758,20051,0
7242,14066,4225,21308,11467,18291,0
74615,50899,89097,125514,163712,139996,1
44768,50560,16136,95328,60904,66696,1
93978,3232,10994,97210,104972,14226,0
76303,47305,59519,123608,135822,106824,1
93029,33397,36846,126426,129875,70243,0
70381,84629,109,155010,70490,84738,0
10332,51327,98945,61659,109277,150272,0
11991,35069,96279,47060,108270,131348,0
38541,55579,15047,94120,53588,70626,0
24701,19475,1424,44176,26125,20899,0
20494,46924,5694,67418,26188,52618,0
78444,22446,87086,100890,165530,109532,1
46549,85646,14703,132195,61252,100349,0
49039,20908,14325,69947,63364,35233,0
75295,49180,859,124475,76154,50039,0
89837,98117,73810,187954,163647,171927,1
18365,33260,48048,51625,66413,81308,1
82837,61751,78210,144588,161047,139961,1
17137,97754,27921,114891,45058,125675,0
73972,79071,89085,153043,163057,168156,1
19842,77144,82407,96986,102249,159551,1
13133,22713,19082,35846,32215,41795,1
14563,82955,23259,97518,37822,106214,0
34741,94181,79098,128922,113839,173279,1
33360,76887,68601,110247,101961,145488,1
31782,80093,66684,111875,98466,146777,1
15294,18933,77339,34227,92633,96272,0
25930,45657,64584,71587,90514,110241,1
41074,21037,12430,62111,53504,33467,0
71370,1346,614,72716,71984,1960,0
6146,46794,46621,52940,52767,93415,1
37118,70510,8113,107628,45231,78623,0
27220,412,21794,27632,49014,22206,0
66532,53569,30336,120101,96868,83905,1
60658,34594,43623,95252,104281,78217,1
58835,18127,6591,76962,65426,24718,0
76151,96875,69052,173026,145203,165927,1
36039,41210,37852,77249,73891,79062,1
17926,23671,64716,41597,82642,88387,0
69731,62586,36606,132317,106337,99192,1
1848,37940,79940,39788,81788,117880,0
11500,32574,8466,44074,19966,41040,0
45502,24916,78057,70418,123559,102973,0
93442,55939,4252,149381,97694,60191,0
59879,17413,91250,77292,151129,108663,0
53747,94443,90394,148190,144141,184837,1
80789,55977,23339,136766,104128,79316,0
96556,38441,68751,134997,165307,107192,1
57774,56141,48010,113915,105784,104151,1
71900,61385,16330,133285,88230,77715,1
99607,92131,48723,191738,148330,140854,1
9294,30184,71767,39478,81061,101951,0
53754,5599,75095,59353,128849,80694,0
4043,84612,17370,88655,21413,101982,0
18299,75526,26968,93825,45267,102494,0
25206,92058,86343,117264,111549,178401,1
69180,18028,6177,87208,75357,24205,0
94965,15530,98734,110495,193699,114264,1
80309,81908,68283,162217,148592,150191,1
58539,37210,24476,95749,83015,61686,1
49632,25826,26765,75458,76397,52591,1
79531,19947,32338,99478,111869,52285,0
6631,89999,55845,96630,62476,145844,0
63875,29247,93296,93122,157171,122543,0
50002,32608,89944,82610,139946,122552,0
15200,89051,19615,104251,34815,108666,0
18571,21611,89895,40182,108466,111506,0
38437,93172,63715,131609,102152,156887,1
7839,9875,49229,17714,57068,59104,0
62223,28053,72152,90276,134375,100205,1
13143,64881,43862,78024,57005,108743,0
20513,55720,73408,76233,93921,129128,1
97127,63924,62221,161051,159348,126145,1
56206,37143,38720,93349,94926,75863,1
73752,59178,61883,132930,135635,121061,1
5807,27704,51754,33511,57561,79458,0
4632,24182,56281,28814,60913,80463,0
22011,15680,61510,37691,83521,77190,0
265,2826,52633,3091,52898,55459,0
57981,93224,19828,151205,77809,113052,0
3752,99062,96675,102814,100427,195737,1
2450,45253,69083,47703,71533,114336,0
29690,87308,71110,116998,100800,158418,1
96597,57059,88210,153656,184807,145269,1
16350,87162,12700,103512,29050,99862,0
72475,34068,67721,106543,140196,101789,1
46613,4570,8868,51183,55481,13438,0
20114,6568,91114,26682,111228,97682,0
380,93245,3862,93625,4242,97107,0
77500,74654,18184,152154,95684,92838,1
93515,41580,86483,135095,179998,128063,1
28104,40762,47434,68866,75538,88196,1
39540,53826,93060,93366,132600,146886,1
43265,48342,44974,91607,88239,93316,1
65193,68196,53847,133389,119040,122043,1
22331,88316,66152,110647,88483,154468,1
1327,62990,64447,64317,65774,127437,0
15521,48024,1290,63545,16811,49314,0
56739,69619,35101,126358,91840,104720,1
95812,73752,21704,169564,117516,95456,0
33769,28802,29306,62571,63075,58108,1
56199,39531,13923,95730,70122,53454,0
66735,40006,98196,106741,164931,138202,1
89631,42169,549,131800,90180,42718,0
55512,87121,43032,142633,98544,130153,1
8322,22885,71637,31207,79959,94522,0
42059,90140,87153,132199,129212,177293,1
39972,74196,9110,114168,49082,83306,0
98,28527,74924,28625,75022,103451,0
66953,41625,69226,108578,136179,110851,1
99448,23540,91281,122988,190729,114821,1
50658,82241,3562,132899,54220,85803,0
89836,30557,1458,120393,91294,32015,0
71871,48965,90609,120836,162480,139574,1
59860,13629,92921,73489,152781,106550,0
57474,99818,60520,157292,117994,160338,1
32660,21165,2545,53825,35205,23710,0
61118,80278,95578,141396,156696,175856,1
71724,73557,72611,145281,144335,146168,1
74771,50424,29435,125195,104206,79859,1
70147,80141,20520,150288,90667,100661,1
23276,87535,67423,110811,90699,154958,1
80514,59551,41313,140065,121827,100864,1
75765,79580,75558,155345,151323,155138,1
95792,32406,88384,128198,184176,120790,1
98705,49364,10666,148069,109371,60030,0
46625,53418,54833,100043,101458,108251,1
65451,80256,78442,145707,143893,158698,1
69842,54078,3722,123920,73564,57800,0
91871,67024,78993,158895,170864,146017,1
3147,86165,34101,89312,37248,120266,0
98202,91347,70748,189549,168950,162095,1
10577,76809,81311,87386,91888,158120,1
18251,18963,53245,37214,71496,72208,0
25614,70343,43236,95957,68850,113579,0
29252,21918,55898,51170,85150,77816,0
27744,71250,11232,98994,38976,82482,0
12286,2618,61671,14904,73957,64289,0
28631,41556,51170,70187,79801,92726,1
51858,34268,46025,86126,97883,80293,1
74304,14356,70517,88660,144821,84873,1
30309,85469,31496,115778,61805,116965,0
96560,7656,67797,104216,164357,75453,0
36712,75446,22549,112158,59261,97995,0
53600,31093,21849,84693,75449,52942,0
70261,80923,92283,151184,162544,173206,1
87043,14867,11025,101910,98068,25892,0
70711,99554,14891,170265,85602,114445,0
91896,49240,9309,141136,101205,58549,0
72403,74899,13971,147302,86374,88870,1
70581,86652,49292,157233,119873,135944,1
90646,16975,9194,107621,99840,26169,0
3079,77504,14208,80583,17287,91712,0
73567,42661,48635,116228,122202,91296,1
92998,69385,81047,162383,174045,150432,1
41976,29420,31061,71396,73037,60481,1
67050,19864,11480,86914,78530,31344,0
77175,56175,76092,133350,153267,132267,1
85245,10865,79770,96110,165015,90635,1
11664,56818,17449,68482,29113,74267,0
64282,29944,35,94226,64317,29979,0
64982,56226,94549,121208,159531,150775,1
27464,19327,36661,46791,64125,55988,1
11827,49923,60532,61750,72359,110455,1
42048,8932,61511,50980,103559,70443,0
33382,654,80941,34036,114323,81595,0
59985,10037,89771,70022,149756,99808,0
65515,84672,56441,150187,121956,141113,1
75762,69695,76958,145457,152720,146653,1
40494,22505,9631,62999,50125,32136,0
88064,53725,55362,141789,143426,109087,1
93575,70415,23316,163990,116891,93731,1
24007,20018,77436,44025,101443,97454,0
45782,3203,7726,48985,53508,10929,0
96861,88259,56801,185120,153662,145060,1
57305,75002,72479,132307,129784,147481,1
39644,76765,22551,116409,62195,99316,0
20265,94149,88601,114414,108866,182750,1
69992,91304,10017,161296,80009,101321,0
68407,71438,49639,139845,118046,121077,1
43463,86339,58790,129802,102253,145129,1
47130,513,99210,47643,146340,99723,0
42907,90294,31417,133201,74324,121711,0
6973,91113,4646,98086,11619,95759,0
90371,6338,46273,96709,136644,52611,0
40649,33661,47704,74310,88353,81365,1
93344,16793,59810,110137,153154,76603,0
53202,86923,9800,140125,63002,96723,0
79317,57528,61644,136845,140961,119172,1
18037,69506,20135,87543,38172,89641,0
50056,42512,48420,92568,98476,90932,1
68557,77580,37668,146137,106225,115248,1
9424,1398,17351,10822,26775,18749,0
96816,64591,38235,161407,135051,102826,1
32100,28329,14347,60429,46447,42676,1
83364,82322,77625,165686,160989,159947,1
4787,17688,86005,22475,90792,103693,0
31893,30459,75965,62352,107858,106424,0
31814,90455,69054,122269,100868,159509,1
53908,30803,86667,84711,140575,117470,0
96452,48964,1257,145416,97709,50221,0
32837,25692,47408,58529,80245,73100,1
44360,32510,36710,76870,81070,69220,1
13291,74829,75974,88120,89265,150803,1
32928,61420,12755,94348,45683,74175,0
17417,87218,46216,104635,63633,133434,0
61245,27681,66907,88926,128152,94588,1
11639,31595,87556,43234,99195,119151,0
29150,97497,57951,126647,87101,155448,0
33822,43958,94563,77780,128385,138521,0
55216,25189,85531,80405,140747,110720,0
6227,57262,93712,63489,99939,150974,0
13501,18629,14784,32130,28285,33413,1
855,4192,24111,5047,24966,28303,0
75148,33460,75037,108608,150185,108497,1
59812,69847,94142,129659,153954,163989,1
73622,14942,27846,88564,101468,42788,0
99656,2798,89126,102454,188782,91924,0
9768,71585,90343,81353,100111,161928,0
23965,51911,8313,75876,32278,60224,0
25071,2076,82559,27147,107630,84635,0
16947,40997,48424,57944,65371,89421,1
10401,14029,97100,24430,107501,111129,0
59001,96170,46361,155171,105362,142531,1
11471,8758,49884,20229,61355,58642,0
85092,88940,88527,174032,173619,177467,1
95266,23768,5861,119034,101127,29629,0
39850,98491,2717,138341,42567,101208,0
85225,85729,37999,170954,123224,123728,1
56151,5213,41350,61364,97501,46563,0
53089,8054,37729,61143,90818,45783,0
20698,31108,20517,51806,41215,51625,1
26467,43834,47075,70301,73542,90909,1
52025,7279,5682,59304,57707,12961,0
52659,53680,94420,106339,147079,148100,1
72785,18172,97346,90957,170131,115518,0
69391,19908,45476,89299,114867,65384,0
35055,96385,93726,131440,128781,190111,1
43953,78633,6776,122586,50729,85409,0
1174,94173,41414,95347,42588,135587,0
35107,41430,80959,76537,116066,122389,0
57727,95547,73409,153274,131136,168956,1
44299,90147,31846,134446,76145,121993,0
57881,3110,44248,60991,102129,47358,0
59459,71,60864,59530,120323,60935,0
40716,70335,77269,111051,117985,147604,1
36895,27283,90966,64178,127861,118249,0
31189,48628,3332,79817,34521,51960,0
52941,13222,21928,66163,74869,35150,0
68805,31759,93792,100564,162597,125551,1
16037,17242,89968,33279,106005,107210,0
19747,25413,95958,45160,115705,121371,0
2959,48717,19910,51676,22869,68627,0
42809,16012,79777,58821,122586,95789,0
93007,20627,17089,113634,110096,37716,0
40199,61709,92736,101908,132935,154445,1
8610,65308,43953,73918,52563,109261,0
86608,49441,16149,136049,102757,65590,0
75471,38190,57988,113661,133459,96178,1
95177,48836,38657,144013,133834,87493,0
33686,87383,24125,121069,57811,111508,0
99684,48817,76435,148501,176119,125252,1
98979,31439,92203,130418,191182,123642,1
78443,63157,87974,141600,166417,151131,1
15904,31444,28275,47348,44179,59719,1
84692,91427,69602,176119,154294,161029,1
62627,98631,73428,161258,136055,172059,1
42894,25222,81945,68116,124839,107167,0
16636,18091,14727,34727,31363,32818,1
45072,57921,11880,102993,56952,69801,0
34929,4431,99879,39360,134808,104310,0
88275,66452,61050,154727,149325,127502,1
97972,86613,49381,184585,147353,135994,1
14092,56694,60911,70786,75003,117605,1
64611,15437,10843,80048,75454,26280,0
31682,34922,46695,66604,78377,81617,1
77478,68169,70318,145647,147796,138487,1
18327,80826,67379,99153,85706,148205,1
50524,3264,33226,53788,83750,36490,0
40161,72719,49249,112880,89410,121968,1
19730,69646,62168,89376,81898,131814,1
62380,5198,47243,67578,109623,52441,0
48463,68034,36470,116497,84933,104504,1
44766,81661,30586,126427,75352,112247,0
31367,66472,17254,97839,48621,83726,0
4628,69038,33133,73666,37761,102171,0
55348,37371,79240,92719,134588,116611,1
19880,80202,14196,100082,34076,94398,0
66565,40969,10085,107534,76650,51054,0
90307,37676,47562,127983,137869,85238,0
43591,42327,25542,85918,69133,67869,1
17652,64384,29614,82036,47266,93998,0
84089,88558,76043,172647,160132,164601,1
14107,30593,30047,44700,44154,60640,1
58678,63351,82305,122029,140983,145656,1
16825,72822,33755,89647,50580,106577,0
87039,75544,60351,162583,147390,135895,1
9097,65994,50739,75091,59836,116733,0
52722,62796,57644,115518,110366,120440,1
4068,67247,95210,71315,99278,162457,0
50920,22829,76996,73749,127916,99825,0
75223,68378,85605,143601,160828,153983,1
36847,79605,49935,116452,86782,129540,1
82369,39569,39541,121938,121910,79110,0
57710,43566,79869,101276,137579,123435,1
55583,94923,60552,150506,116135,155475,1
99116,32101,49718,131217,148834,81819,0
42790,47655,30489,90445,73279,78144,1
19655,55516,48407,75171,68062,103923,1
56568,40148,91080,96716,147648,131228,1
53369,46836,17308,100205,70677,64144,1
81653,74612,84807,156265,166460,159419,1
24545,809,76615,25354,101160,77424,0
65223,89532,21201,154755,86424,110733,0
23132,17048,78381,40180,101513,95429,0
40385,7807,4945,48192,45330,12752,0
84358,91443,39386,175801,123744,130829,1
35468,48904,25115,84372,60583,74019,1
3571,44697,52473,48268,56044,97170,0
74380,79341,32573,153721,106953,111914,1
75733,87230,30936,162963,106669,118166,1
44848,10986,57873,55834,102721,68859,0
51547,26345,4189,77892,55736,30534,0
47899,66054,1973,113953,49872,68027,0
12794,57479,38769,70273,51563,96248,0
65804,45198,88385,111002,154189,133583,1
16850,53757,35289,70607,52139,89046,0
89388,57966,32531,147354,121919,90497,1
33570,72792,82387,106362,115957,155179,1
76848,129,77028,76977,153876,77157,0
16411,55548,4178,71959,20589,59726,0
10383,99009,55724,109392,66107,154733,0
36087,34845,11754,70932,47841,46599,1
32087,86334,81429,118421,113516,167763,1
85016,13529,31407,98545,116423,44936,0
37425,40511,68622,77936,106047,109133,1
85790,73093,18171,158883,103961,91264,1
45510,99716,95450,145226,140960,195166,1
1248,15183,74721,16431,75969,89904,0
29961,70702,63151,100663,93112,133853,1
45224,68536,15192,113760,60416,83728,0
71064,19629,15764,90693,86828,35393,0
2038,70873,45078,72911,47116,115951,0
9681,56382,12161,66063,21842,68543,0
33686,14539,3236,48225,36922,17775,0
64551,30546,68741,95097,133292,99287,1
71078,91840,11915,162918,82993,103755,0
33728,68294,65341,102022,99069,133635,1
4717,15915,70598,20632,75315,86513,0
25638,73604,25929,99242,51567,99533,0
38855,69524,75859,108379,114714,145383,1
5186,45211,92472,50397,97658,137683,0
22702,40279,78686,62981,101388,118965,0
57111,15975,9484,73086,66595,25459,0
73107,55083,48348,128190,121455,103431,1
28262,88706,6726,116968,34988,95432,0
75759,91242,54517,167001,130276,145759,1
68925,82636,83625,151561,152550,166261,1
6309,46019,19683,52328,25992,65702,0
59223,46223,58122,105446,117345,104345,1
40191,51876,52466,92067,92657,104342,1
80576,14103,33305,94679,113881,47408,0
89316,78055,40811,167371,130127,118866,1
56403,33027,14750,89430,71153,47777,0
35118,98623,78378,133741,113496,177001,1
9027,32351,15327,41378,24354,47678,0
61954,62424,28180,124378,90134,90604,1
99207,47607,35896,146814,135103,83503,0
21518,53791,73435,75309,94953,127226,1
96213,80452,93917,176665,190130,174369,1
5701,55323,17279,61024,22980,72602,0
9186,20669,47885,29855,57071,68554,0
59077,60272,89992,119349,149069,150264,1
65075,10395,31683,75470,96758,42078,0
4429,30242,12299,34671,16728,42541,0
32853,5645,35989,38498,68842,41634,1
31398,24999,59314,56397,90712,84313,0
90027,9104,22332,99131,112359,31436,0
53395,69812,46422,123207,99817,116234,1
10381,75769,44876,86150,55257,120645,0
97856,52595,69258,150451,167114,121853,1
61047,43597,92261,104644,153308,135858,1
49997,35354,73395,85351,123392,108749,1
36734,32821,95238,69555,131972,128059,0
47744,81811,6194,129555,53938,88005,0
29462,44911,58351,74373,87813,103262,1
89748,41744,32951,131492,122699,74695,0
51928,60431,8192,112359,60120,68623,0
6521,94852,40765,101373,47286,135617,0
78230,72098,74280,150328,152510,146378,1
14202,43320,5747,57522,19949,49067,0
57736,99792,10482,157528,68218,110274,0
45091,1991,823,47082,45914,2814,0
66252,68655,26351,134907,92603,95006,1
80708,46521,1987,127229,82695,48508,0
8895,28838,59444,37733,68339,88282,0
74358,24348,7227,98706,81585,31575,0
4635,88357,20996,92992,25631,109353,0
11980,80315,21351,92295,33331,101666,0
41609,65655,66003,107264,107612,131658,1
33779,41157,2068,74936,35847,43225,0
39945,3750,62015,43695,101960,65765,0
80238,72352,46939,152590,127177,119291,1
74597,2624,91135,77221,165732,93759,0
85732,46194,37980,131926,123712,84174,0
22113,56846,46609,78959,68722,103455,1
64955,36703,86456,101658,151411,123159,1
45376,66692,92849,112068,138225,159541,1
41768,39645,71425,81413,113193,111070,1
33760,75606,5230,109366,38990,80836,0
82796,20575,90638,103371,173434,111213,1
23407,17748,79455,41155,102862,97203,0
83008,61444,32034,144452,115042,93478,1
39134,45703,59861,84837,98995,105564,1
76423,89919,93887,166342,170310,183806,1
74764,20874,84294,95638,159058,105168,1
86499,3272,20144,89771,106643,23416,0
66148,73727,25057,139875,91205,98784,1
62369,1533,17617,63902,79986,19150,0
69688,98500,63515,168188,133203,162015,1
90992,45726,17906,136718,108898,63632,0
44288,79286,76387,123574,120675,155673,1
60702,5286,93977,65988,154679,99263,0
87309,58219,17826,145528,105135,76045,0
24698,98904,6248,123602,30946,105152,0
81744,26874,97075,108618,178819,123949,1
81995,1081,1272,83076,83267,2353,0
14803,54446,42233,69249,57036,96679,1
3215,53282,17229,56497,20444,70511,0
47201,79216,64944,126417,112145,144160,1
91110,22984,80437,114094,171547,103421,1
98833,89139,40149,187972,138982,129288,1
23470,10908,80036,34378,103506,90944,0
94746,41787,41453,136533,136199,83240,0
22819,35667,1710,58486,24529,37377,0
66539,69551,33125,136090,99664,102676,1
99165,12741,58797,111906,157962,71538,0
88949,48567,19753,137516,108702,68320,0
42383,57081,75085,99464,117468,132166,1
2945,29775,33722,32720,36667,63497,0
73278,57176,8664,130454,81942,65840,0
12742,35079,90119,47821,102861,125198,0
16860,96297,56738,113157,73598,153035,0
6879,99980,41020,106859,47899,141000,0
3234,22548,18048,25782,21282,40596,0
35776,8430,8448,44206,44224,16878,0
34930,76990,94791,111920,129721,171781,1
99366,49294,9659,148660,109025,58953,0
38872,35206,73186,74078,112058,108392,1
12639,34474,59212,47113,71851,93686,0
51939,53077,75515,105016,127454,128592,1
81205,90897,53028,172102,134233,143925,1
31471,95218,93257,126689,124728,188475,1
19190,80914,55737,100104,74927,136651,0
63420,17462,63074,80882,126494,80536,1
93135,1961,43332,95096,136467,45293,0
46816,51346,22884,98162,69700,74230,1
73898,30952,40060,104850,113958,71012,0
70481,28903,73356,99384,143837,102259,1
95093,74565,93847,169658,188940,168412,1
74148,49466,40540,123614,114688,90006,1
5047,13494,1157,18541,6204,14651,0
51300,3974,40356,55274,91656,44330,0
65461,44217,83711,109678,149172,127928,1
91688,81135,76484,172823,168172,157619,1
23764,12736,78483,36500,102247,91219,0
2812,6482,53086,9294,55898,59568,0
74408,61620,8514,136028,82922,70134,0
49475,87048,38458,136523,87933,125506,1
43661,23508,86166,67169,129827,109674,0
86743,8221,38571,94964,125314,46792,0
23742,44345,377,68087,24119,44722,0
8168,75986,37797,84154,45965,113783,0
8617,38831,48787,47448,57404,87618,0
74730,32845,40794,107575,115524,73639,0
8760,45429,68312,54189,77072,113741,0
22311,22551,13612,44862,35923,36163,1
59855,88045,68357,147900,128212,156402,1
70555,14521,44075,85076,114630,58596,0
95863,2122,86207,97985,182070,88329,0
61814,37335,63757,99149,125571,101092,1
25464,10969,9560,36433,35024,20529,0
83808,32218,7929,116026,91737,40147,0
57195,1483,69403,58678,126598,70886,0
2908,85216,58068,88124,60976,143284,0
80284,3763,91392,84047,171676,95155,0
77479,78369,89768,155848,167247,168137,1
77303,37856,17429,115159,94732,55285,0
93218,58709,52964,151927,146182,111673,1
82721,16354,12843,99075,95564,29197,0
30155,52340,56456,82495,86611,108796,1
4509,16842,2329,21351,6838,19171,0
48569,70234,17140,118803,65709,87374,0
56639,71940,76755,128579,133394,148695,1
3551,10568,64679,14119,68230,75247,0
42093,70101,175,112194,42268,70276,0
66106,24229,56408,90335,122514,80637,1
95683,72349,22616,168032,118299,94965,0
6976,20984,30264,27960,37240,51248,0
24588,65370,73766,89958,98354,139136,1
21663,13998,4479,35661,26142,18477,0
57228,48619,6420,105847,63648,55039,0
75660,9930,89159,85590,164819,99089,0
68030,89417,82282,157447,150312,171699,1
92965,48223,77444,141188,170409,125667,1
21752,90084,5585,111836,27337,95669,0
3474,73044,40667,76518,44141,113711,0
9380,35972,34365,45352,43745,70337,1
7408,33461,72115,40869,79523,105576,0
15689,87642,52343,103331,68032,139985,0
42991,2336,7942,45327,50933,10278,0
83608,3220,98055,86828,181663,101275,0
52926,77927,31052,130853,83978,108979,1
35473,64069,34825,99542,70298,98894,1
76308,4914,72288,81222,148596,77202,1
77253,89082,19465,166335,96718,108547,1
24785,32374,65081,57159,89866,97455,0
30098,99560,6340,129658,36438,105900,0
37518,24382,78372,61900,115890,102754,0
82238,63884,99136,146122,181374,163020,1
89484,53158,53636,142642,143120,106794,1
73724,98472,42702,172196,116426,141174,1
86955,34629,736,121584,87691,35365,0
84528,294,59993,84822,144521,60287,0
82507,76441,79675,158948,162182,156116,1
8322,52494,68156,60816,76478,120650,0
98919,46463,39868,145382,138787,86331,0
49587,50762,61263,100349,110850,112025,1
49504,38995,54999,88499,104503,93994,1
93661,38177,93110,131838,186771,131287,1
39057,23604,37668,62661,76725,61272,1
24286,6920,53586,31206,77872,60506,0
22698,31416,38101,54114,60799,69517,1
62879,187,8844,63066,71723,9031,0
724,20320,78222,21044,78946,98542,0
74367,58535,81245,132902,155612,139780,1
1906,71701,88707,73607,90613,160408,0
60433,28888,70280,89321,130713,99168,1
47827,86453,23605,134280,71432,110058,0
13323,98767,454,112090,13777,99221,0
54531,50958,22413,105489,76944,73371,1
71965,2304,60601,74269,132566,62905,0
36499,71679,48099,108178,84598,119778,1
49681,27411,96607,77092,146288,124018,0
43795,95871,36615,139666,80410,132486,0
88877,3274,72001,92151,160878,75275,0
29291,58476,44984,87767,74275,103460,1
14170,26262,37688,40432,51858,63950,1
6776,41654,46112,48430,52888,87766,1
12926,41296,88251,54222,101177,129547,0
58185,51923,41230,110108,99415,93153,1
58638,890,98426,59528,157064,99316,0
59903,54961,20090,114864,79993,75051,1
59585,27044,54414,86629,113999,81458,1
68294,50740,71368,119034,139662,122108,1
71883,20472,89688,92355,161571,110160,1
40694,40393,55463,81087,96157,95856,1
24291,84531,66643,108822,90934,151174,1
57691,58751,63186,116442,120877,121937,1
12933,91080,75137,104013,88070,166217,0
28170,14643,43271,42813,71441,57914,0
43444,92057,80738,135501,124182,172795,1
53481,66420,97926,119901,151407,164346,1
89346,32793,51568,122139,140914,84361,0
77835,25150,34832,102985,112667,59982,0
45944,91561,69845,137505,115789,161406,1
27192,90908,99690,118100,126882,190598,1
22485,94738,74569,117223,97054,169307,1
69697,57507,34929,127204,104626,92436,1
26827,41819,67113,68646,93940,108932,1
5840,53047,5468,58887,11308,58515,0
93469,48991,83228,142460,176697,132219,1
39182,61749,71074,100931,110256,132823,1
94763,12742,33320,107505,128083,46062,0
87718,6313,42863,94031,130581,49176,0
16764,36100,72549,52864,89313,108649,0
71231,81217,60256,152448,131487,141473,1
53623,17115,45023,70738,98646,62138,1
29777,60130,81026,89907,110803,141156,1
51802,20513,70846,72315,122648,91359,1
56165,55558,43994,111723,100159,99552,1
7890,81069,67774,88959,75664,148843,0
23502,93704,1114,117206,24616,94818,0
75896,66299,21945,142195,97841,88244,1
54639,99116,63700,153755,118339,162816,1
13736,51121,3339,64857,17075,54460,0
15905,32378,77768,48283,93673,110146,0
79258,5244,26637,84502,105895,31881,0
68872,64943,14500,133815,83372,79443,1
8497,42472,29765,50969,38262,72237,0
42170,61499,9887,103669,52057,71386,0
91088,39916,61373,131004,152461,101289,1
55980,29281,99007,85261,154987,128288,0
90180,55171,28801,145351,118981,83972,0
47466,63902,63748,111368,111214,127650,1
49236,69212,18541,118448,67777,87753,0
43558,1465,28628,45023,72186,30093,0
69070,71575,84847,140645,153917,156422,1
97239,30784,1140,128023,98379,31924,0
51711,2938,71402,54649,123113,74340,0
98636,5632,42112,104268,140748,47744,0
42556,38629,94509,81185,137065,133138,0
72762,76364,55647,149126,128409,132011,1
58003,40565,60989,98568,118992,101554,1
42265,87149,29097,129414,71362,116246,0
9225,55371,13086,64596,22311,68457,0
15231,62143,22955,77374,38186,85098,0
59532,68479,18370,128011,77902,86849,1
5989,44734,65721,50723,71710,110455,0
31972,54013,73913,85985,105885,127926,1
94595,336,44352,94931,138947,44688,0
68715,24646,93028,93361,161743,117674,1
21350,33788,41220,55138,62570,75008,1
87538,71859,85702,159397,173240,157561,1
66906,48767,17088,115673,83994,65855,0
62827,9737,51648,72564,114475,61385,0
31935,46962,29627,78897,61562,76589,1
97753,99244,21345,196997,119098,120589,1
4007,59224,8071,63231,12078,67295,0
642,49676,85861,50318,86503,135537,0
41748,92154,16472,133902,58220,108626,0
14276,63380,51963,77656,66239,115343,1
13748,28237,10844,41985,24592,39081,0
55883,29925,91597,85808,147480,121522,0
29340,43922,85382,73262,114722,129304,0
42341,67811,4068,110152,46409,71879,0
9843,73330,91408,83173,101251,164738,0
76999,91782,75789,168781,152788,167571,1
86689,25576,50586,112265,137275,76162,0
83771,7461,64399,91232,148170,71860,0
4060,56293,42365,60353,46425,98658,0
36535,13796,10766,50331,47301,24562,0
58746,33509,74170,92255,132916,107679,1
73097,36872,23662,109969,96759,60534,0
26654,7188,20299,33842,46953,27487,1
8961,97132,89973,106093,98934,187105,1
86383,55032,30281,141415,116664,85313,0
96167,10009,6337,106176,102504,16346,0
81901,10172,66091,92073,147992,76263,0
67869,50647,55929,118516,123798,106576,1
6625,23000,29903,29625,36528,52903,0
70196,43327,77843,113523,148039,121170,1
18566,94571,4168,113137,22734,98739,0
12691,40453,77349,53144,90040,117802,0
57684,14780,49230,72464,106914,64010,1
81634,61257,11980,142891,93614,73237,0
41792,49659,85765,91451,127557,135424,1
27641,86046,37495,113687,65136,123541,0
1043,59218,84995,60261,86038,144213,0
92297,98589,80319,190886,172616,178908,1
43992,36679,43621,80671,87613,80300,1
25893,90728,34310,116621,60203,125038,0
65047,51426,87985,116473,153032,139411,1
73144,98570,77486,171714,150630,176056,1
56038,54990,92742,111028,148780,147732,1
69967,30743,87814,100710,157781,118557,1
69280,54256,30232,123536,99512,84488,1
80665,8228,64246,88893,144911,72474,0
54908,361,85654,55269,140562,86015,0
17464,90729,74188,108193,91652,164917,1
40486,4282,80816,44768,121302,85098,0
1369,52558,45012,53927,46381,97570,0
4098,17599,99562,21697,103660,117161,0
99903,68472,11111,168375,111014,79583,0
42586,65931,53778,108517,96364,119709,1
52979,10620,65511,63599,118490,76131,0
56746,27717,73335,84463,130081,101052,1
15826,39088,58160,54914,73986,97248,0
40765,18848,55729,59613,96494,74577,1
51110,80682,20542,131792,71652,101224,0
84337,82851,51309,167188,135646,134160,1
62391,39752,61578,102143,123969,101330,1
49566,19457,38478,69023,88044,57935,1
59309,48893,45468,108202,104777,94361,1
47358,23111,50935,70469,98293,74046,1
28079,10541,20100,38620,48179,30641,1
48190,33178,54709,81368,102899,87887,1
34996,73171,22554,108167,57550,95725,0
89413,11460,89261,100873,178674,100721,1
57187,16821,48866,74008,106053,65687,1
89028,78582,7694,167610,96722,86276,0
18143,20496,83901,38639,102044,104397,0
9858,31193,515,41051,10373,31708,0
27626,66241,535,93867,28161,66776,0
44997,94049,80629,139046,125626,174678,1
37248,45175,7103,82423,44351,52278,0
87318,57804,27604,145122,114922,85408,0
93618,63623,73122,157241,166740,136745,1
34466,11414,37915,45880,72381,49329,1
99508,97953,55040,197461,154548,152993,1
92361,41096,62971,133457,155332,104067,1
99391,46570,28637,145961,128028,75207,0
8158,21543,76537,29701,84695,98080,0
23584,8019,361,31603,23945,8380,0
9819,29563,45534,39382,55353,75097,0
2850,25989,51781,28839,54631,77770,0
69843,49502,62945,119345,132788,112447,1
20835,92417,90281,113252,111116,182698,1
53602,6519,45131,60121,98733,51650,0
14067,23518,12666,37585,26733,36184,1
42669,90607,38161,133276,80830,128768,0
61498,42575,65852,104073,127350,108427,1
90570,77140,61054,167710,151624,138194,1
89475,492,61078,89967,150553,61570,0
41954,44676,46648,86630,88602,91324,1
19534,32678,49231,52212,68765,81909,1
74844,76379,94890,151223,169734,171269,1
1920,63600,99980,65520,101900,163580,0
29155,81324,98227,110479,127382,179551,1
6019,46754,21203,52773,27222,67957,0
49989,55699,8839,105688,58828,64538,1
6412,72739,28176,79151,34588,100915,0
12331,16102,89445,28433,101776,105547,0
52744,91036,68243,143780,120987,159279,1
14182,79658,58013,93840,72195,137671,0
36629,75405,32660,112034,69289,108065,0
9097,17480,27090,26577,36187,44570,0
2843,23727,44676,26570,47519,68403,0
65597,51133,51867,116730,117464,103000,1
49689,87316,87873,137005,137562,175189,1
23669,81445,51536,105114,75205,132981,0
25454,63386,19360,88840,44814,82746,0
3058,92543,61652,95601,64710,154195,0
73165,17117,15509,90282,88674,32626,0
95593,79974,1099,175567,96692,81073,0
64549,57286,77721,121835,142270,135007,1
62442,89469,25371,151911,87813,114840,0
759,60077,52630,60836,53389,112707,0
79727,85660,81565,165387,161292,167225,1
82192,67719,39983,149911,122175,107702,1
36076,31784,83750,67860,119826,115534,0
18482,44797,68038,63279,86520,112835,0
15566,97606,22189,113172,37755,119795,0
48746,90888,49040,139634,97786,139928,1
98059,60727,29357,158786,127416,90084,0
74225,82619,64195,156844,138420,146814,1
70890,61895,55285,132785,126175,117180,1
52903,26215,56754,79118,109657,82969,1
97367,15226,22616,112593,119983,37842,0
94801,44092,19395,138893,114196,63487,0
91850,38897,34982,130747,126832,73879,0
11653,78343,48228,89996,59881,126571,0
73034,74949,97698,147983,170732,172647,1
31345,96732,45197,128077,76542,141929,0
85527,3086,88884,88613,174411,91970,0
16391,47045,27660,63436,44051,74705,0
76868,72511,12060,149379,88928,84571,1
20765,50158,21008,70923,41773,71166,0
40626,26620,21206,67246,61832,47826,1
48818,42639,19241,91457,68059,61880,1
91022,29685,35694,120707,126716,65379,0
35219,85139,56604,120358,91823,141743,1
69977,74734,75264,144711,145241,149998,1
24458,92846,98352,117304,122810,191198,1
65041,90156,7299,155197,72340,97455,0
11238,76308,39573,87546,50811,115881,0
50746,58989,58983,109735,109729,117972,1
13846,47458,79528,61304,93374,126986,0
68464,88365,18559,156829,87023,106924,0
37767,38347,72232,76114,109999,110579,1
1630,70736,15478,72366,17108,86214,0
71339,44535,76047,115874,147386,120582,1
85571,87454,32030,173025,117601,119484,1
38180,85444,41616,123624,79796,127060,0
11439,44052,96646,55491,108085,140698,0
4504,50643,27416,55147,31920,78059,0
16850,18141,44814,34991,61664,62955,0
60537,15676,60904,76213,121441,76580,1
54392,64514,88989,118906,143381,153503,1
50994,97296,804,148290,51798,98100,0
69502,77215,27108,146717,96610,104323,1
15245,6366,48765,21611,64010,55131,0
90014,59776,88212,149790,178226,147988,1
72995,91039,72385,164034,145380,163424,1
43903,77719,35407,121622,79310,113126,1
42782,53079,76873,95861,119655,129952,1
17347,36979,76107,54326,93454,113086,0
49674,39425,36424,89099,86098,75849,1
74882,43389,53799,118271,128681,97188,1
39127,70587,21442,109714,60569,92029,0
20228,13985,46912,34213,67140,60897,0
38567,97457,54864,136024,93431,152321,0
89508,85406,72150,174914,161658,157556,1
56749,13140,75832,69889,132581,88972,0
67724,3633,88027,71357,155751,91660,0
78570,38628,37084,117198,115654,75712,0
88563,80197,29045,168760,117608,109242,1
27282,72029,57143,99311,84425,129172,1
64768,62695,73507,127463,138275,136202,1
68606,72108,76614,140714,145220,148722,1
67035,5796,93211,72831,160246,99007,0
18676,33194,2731,51870,21407,35925,0
23391,34171,2468,57562,25859,36639,0
73329,44775,2875,118104,76204,47650,0
93288,55168,62803,148456,156091,117971,1
69195,30177,54843,99372,124038,85020,1
87611,86220,66015,173831,153626,152235,1
59910,31214,74449,91124,134359,105663,1
33307,9369,62478,42676,95785,71847,0
28418,64629,5110,93047,33528,69739,0
4771,91061,92791,95832,97562,183852,1
50084,82271,1388,132355,51472,83659,0
23435,10414,57255,33849,80690,67669,0
4734,26159,5256,30893,9990,31415,0
57111,89081,31197,146192,88308,120278,0
31331,95457,72900,126788,104231,168357,1
33250,22678,53013,55928,86263,75691,1
70780,37478,64625,108258,135405,102103,1
19905,80798,84713,100703,104618,165511,1
74457,22740,22793,97197,97250,45533,0
68962,87842,5159,156804,74121,93001,0
33396,90428,57865,123824,91261,148293,1
63957,46384,34622,110341,98579,81006,1
42247,67294,61388,109541,103635,128682,1
27253,73951,81276,101204,108529,155227,1
28353,91963,80966,120316,109319,172929,1
82557,96213,73851,178770,156408,170064,1
42060,24162,43730,66222,85790,67892,1
45082,71281,33567,116363,78649,104848,1
13905,13020,75075,26925,88980,88095,0
65493,75536,36974,141029,102467,112510,1
46447,73237,24980,119684,71427,98217,0
67038,79231,29581,146269,96619,108812,1
497,50052,25993,50549,26490,76045,0
90523,23534,26785,114057,117308,50319,0
25474,31387,21789,56861,47263,53176,1
20863,69261,2894,90124,23757,72155,0
21556,21869,37324,43425,58880,59193,1
79108,6800,61225,85908,140333,68025,0
96850,69456,17934,166306,114784,87390,0
47040,96547,47914,143587,94954,144461,0
88341,85250,34532,173591,122873,119782,1
94568,92658,92801,187226,187369,185459,1
74296,41127,29300,115423,103596,70427,0
14445,47530,31444,61975,45889,78974,0
16649,95539,73328,112188,89977,168867,0
27110,16961,67889,44071,94999,84850,0
73412,58692,30161,132104,103573,88853,1
36513,61486,97033,97999,133546,158519,1
86150,92068,87494,178218,173644,179562,1
95681,55445,90711,151126,186392,146156,1
13602,49090,2002,62692,15604,51092,0
63125,74885,876,138010,64001,75761,0
87161,57878,93782,145039,180943,151660,1
55752,68020,501,123772,56253,68521,0
677,27231,56691,27908,57368,83922,0
5573,57037,71639,62610,77212,128676,0
5793,37839,8532,43632,14325,46371,0
11310,96534,64540,107844,75850,161074,0
49340,36404,34503,85744,83843,70907,1
70521,70916,57984,141437,128505,128900,1
27382,90459,5648,117841,33030,96107,0
72248,77069,77908,149317,150156,154977,1
76235,52509,22069,128744,98304,74578,0
6063,1673,57387,7736,63450,59060,0
10834,68296,25370,79130,36204,93666,0
24473,67361,99393,91834,123866,166754,0
87018,55334,44109,142352,131127,99443,1
79517,67095,16966,146612,96483,84061,1
53094,40452,55467,93546,108561,95919,1
42814,52626,54720,95440,97534,107346,1
52205,15299,25575,67504,77780,40874,0
87325,77134,54721,164459,142046,131855,1
79906,41666,75662,121572,155568,117328,1
81720,59980,38206,141700,119926,98186,1
21625,69000,88284,90625,109909,157284,1
97418,68772,28920,166190,126338,97692,1
38229,24389,93748,62618,131977,118137,0
77302,12845,15849,90147,93151,28694,0
49898,90027,85993,139925,135891,176020,1
46684,97865,42115,144549,88799,139980,0
73166,27788,62811,100954,135977,90599,1
29646,17111,21693,46757,51339,38804,1
53954,82359,94666,136313,148620,177025,1
26346,50790,2821,77136,29167,53611,0
98317,63633,37648,161950,135965,101281,1
23133,17346,96293,40479,119426,113639,0
27546,32110,45690,59656,73236,77800,1
67742,52074,87753,119816,155495,139827,1
42932,57220,91366,100152,134298,148586,1
17315,29602,17009,46917,34324,46611,1
54763,55425,69760,110188,124523,125185,1
94654,34723,64561,129377,159215,99284,1
19616,14159,5536,33775,25152,19695,1
54153,66957,28552,121110,82705,95509,1
8895,41365,1368,50260,10263,42733,0
37155,10733,65592,47888,102747,76325,0
86117,3137,20627,89254,106744,23764,0
36664,95676,71647,132340,108311,167323,1
41623,45070,98923,86693,140546,143993,0
51153,92487,410,143640,51563,92897,0
1176,15864,40859,17040,42035,56723,0
51497,49373,76725,100870,128222,126098,1
45682,59468,6683,105150,52365,66151,0
63716,39789,45425,103505,109141,85214,1
90310,37040,61036,127350,151346,98076,1
94016,31317,83839,125333,177855,115156,1
6253,19289,10726,25542,16979,30015,0
71569,85072,39734,156641,111303,124806,1
91794,95655,80131,187449,171925,175786,1
43365,75964,20084,119329,63449,96048,0
65770,29173,67196,94943,132966,96369,1
59457,91799,54567,151256,114024,146366,1
36461,99743,98709,136204,135170,198452,1
30361,71294,32839,101655,63200,104133,0
20953,59972,84727,80925,105680,144699,0
8854,6694,22567,15548,31421,29261,0
60598,36244,32711,96842,93309,68955,1
75880,99076,51082,174956,126962,150158,1
61742,29544,7769,91286,69511,37313,0
76251,25835,32892,102086,109143,58727,0
80527,92235,66771,172762,147298,159006,1
25801,25939,7582,51740,33383,33521,1
68294,24432,67536,92726,135830,91968,1
56376,57606,67963,113982,124339,125569,1
12312,50264,88697,62576,101009,138961,0
37894,4854,86540,42748,124434,91394,0
94818,57329,83301,152147,178119,140630,1
43001,15713,76663,58714,119664,92376,0
42225,5319,14544,47544,56769,19863,0
7876,64779,53746,72655,61622,118525,0
40487,17346,28515,57833,69002,45861,1
55086,76812,94933,131898,150019,171745,1
52122,41749,1718,93871,53840,43467,0
46977,31263,13121,78240,60098,44384,0
12098,44582,24873,56680,36971,69455,0
37269,24423,19336,61692,56605,43759,1
71761,41276,95651,113037,167412,136927,1
72671,26990,9044,99661,81715,36034,0
63908,26645,64512,90553,128420,91157,1
14951,73454,89409,88405,104360,162863,0
23582,50139,24406,73721,47988,74545,0
70392,89844,55409,160236,125801,145253,1
80747,98475,37029,179222,117776,135504,1
87731,19347,56597,107078,144328,75944,0
48564,98954,59321,147518,107885,158275,1
46855,43672,59221,90527,106076,102893,1
27399,82427,5282,109826,32681,87709,0
35968,64533,56454,100501,92422,120987,1
5170,4199,37712,9369,42882,41911,0
63144,23697,40307,86841,103451,64004,1
77339,96034,93384,173373,170723,189418,1
31640,43960,10175,75600,41815,54135,0
61009,4141,73216,65150,134225,77357,0
56934,33474,48452,90408,105386,81926,1
49922,9916,84871,59838,134793,94787,0
8842,80418,17264,89260,26106,97682,0
17567,45168,67115,62735,84682,112283,0
94034,97348,68380,191382,162414,165728,1
43569,41720,26652,85289,70221,68372,1
88136,44682,77747,132818,165883,122429,1
68510,287,33141,68797,101651,33428,0
81827,48424,56873,130251,138700,105297,1
7774,57533,56863,65307,64637,114396,1
13492,76025,7308,89517,20800,83333,0
23792,54676,67716,78468,91508,122392,1
31879,19741,42295,51620,74174,62036,1
98824,74891,83217,173715,182041,158108,1
9899,78612,28079,88511,37978,106691,0
4149,32743,57339,36892,61488,90082,0
58788,3128,81952,61916,140740,85080,0
82868,54136,328,137004,83196,54464,0
66339,93520,63042,159859,129381,156562,1
51860,90595,56197,142455,108057,146792,1
71018,74818,60968,145836,131986,135786,1
95162,1080,93660,96242,188822,94740,0
85989,45690,95242,131679,181231,140932,1
21737,7915,69875,29652,91612,77790,0
57699,758,11341,58457,69040,12099,0
35943,11924,89269,47867,125212,101193,0
89570,75798,25712,165368,115282,101510,1
41668,65845,95338,107513,137006,161183,1
88604,52992,89440,141596,178044,142432,1
23220,35969,4304,59189,27524,40273,0
70531,2182,1089,72713,71620,3271,0
30960,74736,31029,105696,61989,105765,0
14271,94667,6984,108938,21255,101651,0
83073,20055,56578,103128,139651,76633,0
42059,731,9595,42790,51654,10326,0
74220,2823,26571,77043,100791,29394,0
13787,34689,3458,48476,17245,38147,0
75494,677,52951,76171,128445,53628,0
28521,8203,41552,36724,70073,49755,0
22301,14851,60630,37152,82931,75481,0
45973,65902,7198,111875,53171,73100,0
91138,69582,23469,160720,114607,93051,1
83872,50565,74249,134437,158121,124814,1
65736,61276,80375,127012,146111,141651,1
26586,20065,37305,46651,63891,57370,1
21881,9048,18923,30929,40804,27971,1
10774,44005,63999,54779,74773,108004,0
69527,56609,16102,126136,85629,72711,1
42433,59560,60101,101993,102534,119661,1
61621,87723,27636,149344,89257,115359,1
58066,37462,65125,95528,123191,102587,1
99723,98115,98396,197838,198119,196511,1
14792,61540,17313,76332,32105,78853,0
67433,27229,32884,94662,100317,60113,0
92826,48530,66923,141356,159749,115453,1
75337,76193,37298,151530,112635,113491,1
41700,34522,7337,76222,49037,41859,1
89376,86953,84393,176329,173769,171346,1
9377,550,43175,9927,52552,43725,0
50757,69279,68050,120036,118807,137329,1
40713,40209,67036,80922,107749,107245,1
4520,36567,75543,41087,80063,112110,0
35852,94873,14739,130725,50591,109612,0
34777,76607,83509,111384,118286,160116,1
11652,68337,11603,79989,23255,79940,0
43308,10355,65674,53663,108982,76029,0
51633,78265,42430,129898,94063,120695,1
80304,13325,99080,93629,179384,112405,0
21789,7772,49211,29561,71000,56983,0
34453,88451,81121,122904,115574,169572,1
58884,86478,18647,145362,77531,105125,0
4809,21683,62666,26492,67475,84349,0
32593,86802,23311,119395,55904,110113,0
93324,12788,26127,106112,119451,38915,0
81341,83599,95225,164940,176566,178824,1
98148,10556,91437,108704,189585,101993,1
13231,56055,27709,69286,40940,83764,0
23824,89688,23242,113512,47066,112930,0
81118,80713,99839,161831,180957,180552,1
69771,12558,96505,82329,166276,109063,0
53821,92526,54904,146347,108725,147430,1
34819,61018,40147,95837,74966,101165,1
7126,94197,6257,101323,13383,100454,0
91443,86733,13931,178176,105374,100664,1
74024,79982,92319,154006,166343,172301,1
20229,80154,43791,100383,64020,123945,0
13531,16842,88091,30373,101622,104933,0
26708,12853,85995,39561,112703,98848,0
29796,40146,28909,69942,58705,69055,1
71259,87337,42884,158596,114143,130221,1
83292,39075,25159,122367,108451,64234,0
27358,68092,29845,95450,57203,97937,0
96582,69902,82090,166484,178672,151992,1
50095,42600,43206,92695,93301,85806,1
92136,38357,46899,130493,139035,85256,0
60638,58954,39714,119592,100352,98668,1
46761,39452,11522,86213,58283,50974,1
78948,93291,9574,172239,88522,102865,0
23064,50255,40323,73319,63387,90578,1
92419,9137,10135,101556,102554,19272,0
25652,89812,71745,115464,97397,161557,1
59194,21586,62809,80780,122003,84395,1
82570,55515,52826,138085,135396,108341,1
51048,35397,93793,86445,144841,129190,0
69359,71627,27264,140986,96623,98891,1
98114,83594,77231,181708,175345,160825,1
50890,6801,56583,57691,107473,63384,1
2717,80962,49191,83679,51908,130153,0
76022,59973,2061,135995,78083,62034,0
2216,18425,33685,20641,35901,52110,0
86253,3672,11935,89925,98188,15607,0
89865,60916,7310,150781,97175,68226,0
57276,2999,38043,60275,95319,41042,0
85043,39452,80699,124495,165742,120151,1
34335,35912,53834,70247,88169,89746,1
92253,31621,19282,123874,111535,50903,0
16250,55021,56534,71271,72784,111555,1
14666,25105,30018,39771,44684,55123,1
14485,23611,53386,38096,67871,76997,0
72072,89903,41166,161975,113238,131069,1
8871,44788,90578,53659,99449,135366,0
36066,53241,42740,89307,78806,95981,1
96361,90242,53007,186603,149368,143249,1
8350,29096,18611,37446,26961,47707,0
99089,43413,43436,142502,142525,86849,0
85964,35978,25770,121942,111734,61748,0
85016,33632,31281,118648,116297,64913,0
41075,19258,5585,60333,46660,24843,0
26868,732,45780,27600,72648,46512,0
18764,28297,29505,47061,48269,57802,1
54175,17879,17939,72054,72114,35818,0
62638,44300,87393,106938,150031,131693,1
33358,28440,34923,61798,68281,63363,1
63505,23009,64257,86514,127762,87266,1
96836,73496,63723,170332,160559,137219,1
5515,19842,94162,25357,99677,114004,0
89176,83337,38009,172513,127185,121346,1
3669,46839,14943,50508,18612,61782,0
86150,3905,55551,90055,141701,59456,0
86354,34240,86924,120594,173278,121164,1
46170,63088,92723,109258,138893,155811,1
18072,36378,89398,54450,107470,125776,0
78245,32699,38100,110944,116345,70799,0
32762,72013,14670,104775,47432,86683,0
94481,15600,36825,110081,131306,52425,0
91830,70498,29371,162328,121201,99869,1
33229,6381,41802,39610,75031,48183,0
94955,83657,69541,178612,164496,153198,1
55857,89713,167,145570,56024,89880,0
45516,72177,97705,117693,143221,169882,1
24383,57736,430,82119,24813,58166,0
88022,1644,52284,89666,140306,53928,0
11954,85190,91493,97144,103447,176683,1
88146,54483,62133,142629,150279,116616,1
7036,35059,79878,42095,86914,114937,0
35797,56773,28456,92570,64253,85229,1
90598,42314,34886,132912,125484,77200,0
69213,33441,27126,102654,96339,60567,0
55445,51995,50617,107440,106062,102612,1
15275,23361,988,38636,16263,24349,0
26617,19197,9631,45814,36248,28828,1
34427,36089,90019,70516,124446,126108,0
37526,753,1584,38279,39110,2337,0
99385,55701,2493,155086,101878,58194,0
44591,5255,19166,49846,63757,24421,0
46107,18949,77755,65056,123862,96704,0
9075,45611,33961,54686,43036,79572,0
27531,69652,10368,97183,37899,80020,0
87333,41474,59559,128807,146892,101033,1
86658,103,8119,86761,94777,8222,0
12544,57613,40961,70157,53505,98574,0
24388,36313,63547,60701,87935,99860,0
75081,4011,29426,79092,104507,33437,0
72613,36825,43618,109438,116231,80443,1
48681,67122,11908,115803,60589,79030,0
46160,62462,91832,108622,137992,154294,1
47256,18345,79746,65601,127002,98091,0
44279,81617,10535,125896,54814,92152,0
52867,99646,7601,152513,60468,107247,0
86342,74419,37364,160761,123706,111783,1
22842,14479,15817,37321,38659,30296,1
62387,57385,87971,119772,150358,145356,1
20954,67600,56619,88554,77573,124219,1
53575,28070,24863,81645,78438,52933,0
9677,93920,31326,103597,41003,125246,0
57734,14227,28883,71961,86617,43110,0
29859,64455,95363,94314,125222,159818,0
51641,80725,85024,132366,136665,165749,1
59156,24831,53861,83987,113017,78692,1
36225,61194,50450,97419,86675,111644,1
54151,46433,82948,100584,137099,129381,1
32048,63113,53923,95161,85971,117036,1
5426,77082,69643,82508,75069,146725,0
80734,34447,21368,115181,102102,55815,0
46475,28173,16878,74648,63353,45051,0
50669,44765,2170,95434,52839,46935,0
41242,61576,67988,102818,109230,129564,1
55650,60027,91223,115677,146873,151250,1
1883,50496,65097,52379,66980,115593,0
11856,65115,61976,76971,73832,127091,1
23322,1771,44488,25093,67810,46259,0
36242,75950,69663,112192,105905,145613,1
10751,91628,11166,102379,21917,102794,0
85498,9518,96123,95016,181621,105641,0
72808,28645,71463,101453,144271,100108,1
98788,42921,93419,141709,192207,136340,1
39768,88948,50864,128716,90632,139812,1
35184,19655,74809,54839,109993,94464,0
82536,21158,88915,103694,171451,110073,1
88164,69772,77138,157936,165302,146910,1
29914,68128,78280,98042,108194,146408,1
6916,47855,93561,54771,100477,141416,0
75950,42472,29035,118422,104985,71507,0
98767,39826,78915,138593,177682,118741,1
93213,32991,41429,126204,134642,74420,0
53891,27657,58324,81548,112215,85981,1
36579,45679,89860,82258,126439,135539,0
31888,76110,50219,107998,82107,126329,1
92056,95381,67387,187437,159443,162768,1
58396,45221,33316,103617,91712,78537,1
6601,94974,67857,101575,74458,162831,0
98027,27636,11997,125663,110024,39633,0
82350,3566,76120,85916,158470,79686,0
86751,91483,9867,178234,96618,101350,1
36103,27090,1088,63193,37191,28178,0
26214,66740,5224,92954,31438,71964,0
71355,55305,3838,126660,75193,59143,0
43595,44522,7992,88117,51587,52514,1
4771,93323,97022,98094,101793,190345,1
33024,92014,9094,125038,42118,101108,0
72948,95329,66357,168277,139305,161686,1
14782,76305,6090,91087,20872,82395,0
8290,81414,48375,89704,56665,129789,0
49511,86070,37705,135581,87216,123775,1
45489,34868,13633,80357,59122,48501,1
73141,91945,60345,165086,133486,152290,1
79813,86292,14970,166105,94783,101262,1
25184,5403,17106,30587,42290,22509,0
84113,71615,98795,155728,182908,170410,1
77380,68189,68849,145569,146229,137038,1
43830,97810,11635,141640,55465,109445,0
57386,55564,26698,112950,84084,82262,1
56907,84669,69903,141576,126810,154572,1
65320,28751,54236,94071,119556,82987,1
54873,84913,5783,139786,60656,90696,0
84224,93389,27466,177613,111690,120855,1
20652,43642,96002,64294,116654,139644,0
46414,26840,30395,73254,76809,57235,1
53625,78312,9800,131937,63425,88112,0
80341,10481,41868,90822,122209,52349,0
28097,82138,40030,110235,68127,122168,0
12784,13097,62283,25881,75067,75380,0
81698,98134,78571,179832,160269,176705,1
39837,86367,51593,126204,91430,137960,1
52024,74761,59297,126785,111321,134058,1
5876,71582,21675,77458,27551,93257,0
12034,49415,96259,61449,108293,145674,0
67070,74133,59849,141203,126919,133982,1
75036,12059,83661,87095,158697,95720,1
5966,11489,60476,17455,66442,71965,0
84307,10324,41202,94631,125509,51526,0
37782,16691,34659,54473,72441,51350,1
83889,91027,18978,174916,102867,110005,1
3129,50744,14412,53873,17541,65156,0
79986,79052,48116,159038,128102,127168,1
70657,11485,25341,82142,95998,36826,0
55045,58565,89416,113610,144461,147981,1
14504,62141,76540,76645,91044,138681,1
63373,42572,41024,105945,104397,83596,1
47676,20705,17975,68381,65651,38680,0
16477,27117,62709,43594,79186,89826,0
6645,77360,20633,84005,27278,97993,0
58637,43972,312,102609,58949,44284,0
70454,88753,19234,159207,89688,107987,1
59426,59544,57103,118970,116529,116647,1
15294,41631,32970,56925,48264,74601,1
91938,87700,96714,179638,188652,184414,1
96627,10737,58513,107364,155140,69250,0
45896,44933,83399,90829,129295,128332,1
57838,8690,54047,66528,111885,62737,1
67926,23731,20232,91657,88158,43963,0
75797,45880,90916,121677,166713,136796,1
65021,91845,98268,156866,163289,190113,1
71312,53818,10419,125130,81731,64237,0
74655,25012,36551,99667,111206,61563,0
68249,96152,22445,164401,90694,118597,0
52363,91268,8367,143631,60730,99635,0
3752,11235,78094,14987,81846,89329,0
33311,4689,53610,38000,86921,58299,0
64409,55956,77865,120365,142274,133821,1
48174,53211,64634,101385,112808,117845,1
8057,19142,18505,27199,26562,37647,1
70658,48459,13649,119117,84307,62108,0
33996,59129,55055,93125,89051,114184,1
20620,51839,49734,72459,70354,101573,1
64441,20063,3758,84504,68199,23821,0
96121,67327,48557,163448,144678,115884,1
45201,61103,89302,106304,134503,150405,1
9864,17953,65122,27817,74986,83075,0
62563,15034,99050,77597,161613,114084,0
52258,9017,30235,61275,82493,39252,0
32406,6480,88215,38886,120621,94695,0
67181,69241,66375,136422,133556,135616,1
65093,29194,45247,94287,110340,74441,1
76217,84937,77163,161154,153380,162100,1
18263,25558,23439,43821,41702,48997,1
17172,20561,79102,37733,96274,99663,0
17288,39014,23871,56302,41159,62885,1
5495,86200,95600,91695,101095,181800,0
10712,1495,94341,12207,105053,95836,0
92967,79842,78658,172809,171625,158500,1
67066,52386,23150,119452,90216,75536,1
64073,50492,73900,114565,137973,124392,1
66001,64408,29348,130409,95349,93756,1
15050,5670,78101,20720,93151,83771,0
40950,9862,52987,50812,93937,62849,0
98340,32660,78781,131000,177121,111441,1
92171,37261,53772,129432,145943,91033,0
33318,70818,94476,104136,127794,165294,1
95464,80279,37929,175743,133393,118208,1
10217,8875,51432,19092,61649,60307,0
77078,79254,47539,156332,124617,126793,1
51969,22361,70529,74330,122498,92890,1
71585,41321,16453,112906,88038,57774,0
72107,49959,16583,122066,88690,66542,0
7660,43244,39416,50904,47076,82660,1
6277,94681,93355,100958,99632,188036,1
97743,68956,10197,166699,107940,79153,0
73129,54097,61457,127226,134586,115554,1
26946,70921,92417,97867,119363,163338,1
12492,53091,67019,65583,79511,120110,0
14147,79866,56770,94013,70917,136636,0
67690,95012,48849,162702,116539,143861,1
42263,12522,83661,54785,125924,96183,0
11916,87481,62409,99397,74325,149890,0
94420,28508,14288,122928,108708,42796,0
62488,80586,69312,143074,131800,149898,1
7815,37170,62334,44985,70149,99504,0
1728,78959,26647,80687,28375,105606,0
70391,25255,49916,95646,120307,75171,1
38003,52442,14902,90445,52905,67344,1
97606,82498,25107,180104,122713,107605,1
29555,45585,76658,75140,106213,122243,0
51445,81228,22118,132673,73563,103346,0
19758,37743,73766,57501,93524,111509,0
23928,41654,90047,65582,113975,131701,0
31456,58552,2351,90008,33807,60903,0
49987,15140,41287,65127,91274,56427,1
20895,34641,1650,55536,22545,36291,0
15613,30510,78894,46123,94507,109404,0
74074,89235,13952,163309,88026,103187,0
78315,60352,28273,138667,106588,88625,1
54618,55828,26795,110446,81413,82623,1
33951,90500,46641,124451,80592,137141,0
50012,38995,41699,89007,91711,80694,1
55403,70612,16788,126015,72191,87400,1
16398,73585,2487,89983,18885,76072,0
51093,20518,2316,71611,53409,22834,0
60166,37183,28398,97349,88564,65581,1
19168,16984,71211,36152,90379,88195,0
30474,38145,10018,68619,40492,48163,1
18270,37689,45598,55959,63868,83287,1
23940,44560,80664,68500,104604,125224,0
36856,525,40417,37381,77273,40942,0
8438,97514,74354,105952,82792,171868,0
30043,32843,16080,62886,46123,48923,1
21390,6321,5646,27711,27036,11967,0
9572,35829,84567,45401,94139,120396,0
15689,77482,18516,93171,34205,95998,0
60622,38656,24068,99278,84690,62724,1
79396,92705,24086,172101,103482,116791,1
34391,37993,44185,72384,78576,82178,1
96703,67916,41224,164619,137927,109140,1
11388,79704,22529,91092,33917,102233,0
91159,3488,65523,94647,156682,69011,0
44158,44959,72347,89117,116505,117306,1
7178,79606,67556,86784,74734,147162,0
68434,7444,85313,75878,153747,92757,0
81784,38832,74011,120616,155795,112843,1
99405,84765,54968,184170,154373,139733,1
30002,79752,49923,109754,79925,129675,1
81785,34700,4452,116485,86237,39152,0
53897,71874,7142,125771,61039,79016,0
49601,63095,70963,112696,120564,134058,1
78072,65710,66498,143782,144570,132208,1
36214,75750,26122,111964,62336,101872,0
46136,8885,28547,55021,74683,37432,0
9378,38918,11829,48296,21207,50747,0
77403,93222,95264,170625,172667,188486,1
71981,38688,3544,110669,75525,42232,0
88295,78206,25387,166501,113682,103593,1
94067,51075,62797,145142,156864,113872,1
30552,90652,32174,121204,62726,122826,0
87278,32831,92828,120109,180106,125659,1
5408,49407,40838,54815,46246,90245,0
8158,72664,83622,80822,91780,156286,0
23307,56553,94866,79860,118173,151419,0
72638,81353,12065,153991,84703,93418,1
37087,56318,13248,93405,50335,69566,0
25319,27092,32165,52411,57484,59257,1
55598,85674,10010,141272,65608,95684,0
58645,42836,29584,101481,88229,72420,1
52690,6796,33228,59486,85918,40024,0
62052,68164,38366,130216,100418,106530,1
26185,30215,95522,56400,121707,125737,0
99868,6054,68835,105922,168703,74889,0
21499,60534,17110,82033,38609,77644,0
83835,70780,49816,154615,133651,120596,1
69690,46520,49436,116210,119126,95956,1
637,43126,74225,43763,74862,117351,0
18652,47533,7747,66185,26399,55280,0
90188,28339,27957,118527,118145,56296,0
89586,74944,46475,164530,136061,121419,1
44405,62080,98386,106485,142791,160466,1
24582,76059,43317,100641,67899,119376,0
11940,73457,76338,85397,88278,149795,1
71501,85781,80327,157282,151828,166108,1
7212,28568,6678,35780,13890,35246,0
84526,91351,12174,175877,96700,103525,1
31458,76996,18775,108454,50233,95771,0
10670,13291,98117,23961,108787,111408,0
42823,70397,21001,113220,63824,91398,0
4499,41432,87472,45931,91971,128904,0
5500,37224,71218,42724,76718,108442,0
41845,79563,34773,121408,76618,114336,0
72378,89791,10211,162169,82589,100002,0
25508,18117,81690,43625,107198,99807,0
40200,18081,82003,58281,122203,100084,0
86902,48330,87225,135232,174127,135555,1
84800,14961,15230,99761,100030,30191,0
21717,88232,56880,109949,78597,145112,0
3018,31945,51512,34963,54530,83457,0
15068,91225,97947,106293,113015,189172,1
81767,26195,16015,107962,97782,42210,0
28977,30408,30716,59385,59693,61124,1
73933,45600,29640,119533,103573,75240,1
16123,39413,73544,55536,89667,112957,0
48567,28717,27390,77284,75957,56107,1
66204,16253,44662,82457,110866,60915,0
65097,33839,68447,98936,133544,102286,1
16714,76209,99167,92923,115881,175376,0
89842,74920,62939,164762,152781,137859,1
33281,61968,75944,95249,109225,137912,1
15947,14084,56700,30031,72647,70784,0
81996,94920,33721,176916,115717,128641,1
58702,65533,33205,124235,91907,98738,1
48737,3823,23866,52560,72603,27689,0
88603,39574,83595,128177,172198,123169,1
11139,51936,62139,63075,73278,114075,1
64696,70789,78261,135485,142957,149050,1
46521,73030,60366,119551,106887,133396,1
44620,12142,43876,56762,88496,56018,1
46574,54748,119,101322,46693,54867,0
57242,82306,22853,139548,80095,105159,0
56486,80404,39129,136890,95615,119533,1
15244,54098,36798,69342,52042,90896,0
15052,52538,72902,67590,87954,125440,0
76467,13487,12585,89954,89052,26072,0
1555,57656,99172,59211,100727,156828,0
35308,42302,25606,77610,60914,67908,1
15270,29391,60763,44661,76033,90154,0
13411,25880,42394,39291,55805,68274,0
59094,53549,27137,112643,86231,80686,1
35279,12786,31691,48065,66970,44477,1
97675,45178,71062,142853,168737,116240,1
13502,82531,28370,96033,41872,110901,0
5836,53766,94364,59602,100200,148130,0
81528,60691,76834,142219,158362,137525,1
54408,57499,37467,111907,91875,94966,1
5930,74265,15841,80195,21771,90106,0
37666,15386,64964,53052,102630,80350,0
95384,82025,62153,177409,157537,144178,1
45358,81240,45594,126598,90952,126834,1
63027,37355,10144,100382,73171,47499,0
7654,14344,40618,21998,48272,54962,0
91142,26282,93199,117424,184341,119481,1
91582,84877,77198,176459,168780,162075,1
28840,28678,92103,57518,120943,120781,0
91653,33671,62246,125324,153899,95917,1
7707,34924,984,42631,8691,35908,0
38722,50644,28467,89366,67189,79111,1
45649,76221,59420,121870,105069,135641,1
74214,16799,19778,91013,93992,36577,0
44106,34175,70650,78281,114756,104825,1
99625,67852,62352,167477,161977,130204,1
2821,60888,90281,63709,93102,151169,0
37352,52759,82872,90111,120224,135631,1
71316,8253,89361,79569,160677,97614,0
35256,67766,96766,103022,132022,164532,1
4616,93956,87715,98572,92331,181671,0
96552,2026,73442,98578,169994,75468,0
51720,73390,8056,125110,59776,81446,0
48882,85964,79213,134846,128095,165177,1
6727,52338,22264,59065,28991,74602,0
19005,83960,1796,102965,20801,85756,0
34626,71115,27650,105741,62276,98765,0
86118,87094,15967,173212,102085,103061,1
70591,65742,33592,136333,104183,99334,1
95637,94990,47646,190627,143283,142636,1
26667,96058,17974,122725,44641,114032,0
19062,79853,25662,98915,44724,105515,0
87977,33912,85438,121889,173415,119350,1
24777,39957,50168,64734,74945,90125,1
76361,85382,22383,161743,98744,107765,1
2214,50144,62392,52358,64606,112536,0
57042,14881,92864,71923,149906,107745,0
92822,37635,58552,130457,151374,96187,1
5941,14632,71369,20573,77310,86001,0
44933,48868,15735,93801,60668,64603,1
15177,4850,4883,20027,20060,9733,0
51205,45767,4280,96972,55485,50047,0
60301,67569,41726,127870,102027,109295,1
80161,44373,15507,124534,95668,59880,0
54431,41229,12330,95660,66761,53559,0
99566,12897,72862,112463,172428,85759,0
26148,19859,42122,46007,68270,61981,1
28941,61731,35355,90672,64296,97086,1
48909,72253,43047,121162,91956,115300,1
85733,80501,41858,166234,127591,122359,1
42198,44871,2074,87069,44272,46945,0
61587,13931,36565,75518,98152,50496,0
84807,41244,86082,126051,170889,127326,1
75297,7521,94837,82818,170134,102358,0
51802,74263,52697,126065,104499,126960,1
65645,24144,77575,89789,143220,101719,1
96113,14443,60968,110556,157081,75411,0
77641,32956,47291,110597,124932,80247,1
30487,75619,53197,106106,83684,128816,1
71148,52535,40742,123683,111890,93277,1
74412,15522,92024,89934,166436,107546,0
35425,67835,7140,103260,42565,74975,0
14746,20656,47473,35402,62219,68129,0
64523,6180,15316,70703,79839,21496,0
2584,24912,35659,27496,38243,60571,0
47051,10282,49805,57333,96856,60087,1
91819,75217,25014,167036,116833,100231,1
87490,84781,30735,172271,118225,115516,1
22741,9814,71955,32555,94696,81769,0
7964,23214,48606,31178,56570,71820,0
64053,4504,29227,68557,93280,33731,0
86241,50898,21925,137139,108166,72823,0
34211,27930,4571,62141,38782,32501,0
51510,61451,85245,112961,136755,146696,1
71542,73076,76313,144618,147855,149389,1
49593,74989,95197,124582,144790,170186,1
78112,17282,43833,95394,121945,61115,0
52088,48160,77819,100248,129907,125979,1
21571,96377,16573,117948,38144,112950,0
6850,61405,44995,68255,51845,106400,0
26495,90309,79646,116804,106141,169955,1
8437,51826,27953,60263,36390,79779,0
19594,28820,40294,48414,59888,69114,1
94764,156,29539,94920,124303,29695,0
53296,57743,25144,111039,78440,82887,1
88839,24286,44691,113125,133530,68977,0
88409,40977,90865,129386,179274,131842,1
19725,77865,82045,97590,101770,159910,1
22692,68822,22620,91514,45312,91442,0
96097,87417,93265,183514,189362,180682,1
5905,30585,25878,36490,31783,56463,1
684,5474,22118,6158,22802,27592,0
37528,58309,49680,95837,87208,107989,1
85808,87291,14381,173099,100189,101672,1
79944,71659,67822,151603,147766,139481,1
91552,57377,97688,148929,189240,155065,1
94387,74360,75950,168747,170337,150310,1
49628,43546,39723,93174,89351,83269,1
79705,78352,38059,158057,117764,116411,1
56774,75843,17714,132617,74488,93557,0
80324,58700,57043,139024,137367,115743,1
44199,44617,36663,88816,80862,81280,1
31309,50057,39989,81366,71298,90046,1
35623,72979,77682,108602,113305,150661,1
290,89453,84998,89743,85288,174451,0
25895,67288,461,93183,26356,67749,0
51877,82844,71772,134721,123649,154616,1
60902,69039,85515,129941,146417,154554,1
83085,13917,28699,97002,111784,42616,0
36226,32034,61466,68260,97692,93500,1
50301,38668,78404,88969,128705,117072,1
96123,13081,8114,109204,104237,21195,0
99372,58082,61953,157454,161325,120035,1
31938,86594,92805,118532,124743,179399,1
69320,87620,959,156940,70279,88579,0
74996,16341,46921,91337,121917,63262,0
13308,18976,55495,32284,68803,74471,0
62361,24071,76512,86432,138873,100583,1
43100,38620,1331,81720,44431,39951,0
58464,50731,15166,109195,73630,65897,1
45296,85824,24112,131120,69408,109936,0
3678,63168,75162,66846,78840,138330,0
31566,82849,41958,114415,73524,124807,0
15326,62041,25804,77367,41130,87845,0
8375,34255,79088,42630,87463,113343,0
25709,83080,387,108789,26096,83467,0
88549,69816,93576,158365,182125,163392,1
36492,46948,21682,83440,58174,68630,1
13197,3449,97990,16646,111187,101439,0
44149,98951,39379,143100,83528,138330,0
13611,2700,38064,16311,51675,40764,0
92991,72264,2246,165255,95237,74510,0
44522,64253,23455,108775,67977,87708,1
55180,43071,30839,98251,86019,73910,1
36846,66489,73649,103335,110495,140138,1
6250,46274,31203,52524,37453,77477,0
24798,83179,67266,107977,92064,150445,1
15481,74721,46229,90202,61710,120950,0
95429,21226,93832,116655,189261,115058,1
41676,8526,23683,50202,65359,32209,0
36695,78988,55503,115683,92198,134491,1
58094,21039,99329,79133,157423,120368,0
98784,34145,56632,132929,155416,90777,0
34522,86875,52855,121397,87377,139730,1
63036,55263,93932,118299,156968,149195,1
29125,71696,41841,100821,70966,113537,0
48637,75171,95167,123808,143804,170338,1
45340,50746,77121,96086,122461,127867,1
65157,69614,49007,134771,114164,118621,1
39188,24047,9228,63235,48416,33275,0
39923,80682,30210,120605,70133,110892,0
74936,87053,43959,161989,118895,131012,1
65657,74798,87115,140455,152772,161913,1
63839,5790,92570,69629,156409,98360,0
9136,39953,73889,49089,83025,113842,0
78263,36003,1344,114266,79607,37347,0
29337,21101,32374,50438,61711,53475,1
35897,34557,42273,70454,78170,76830,1
12935,96039,23006,108974,35941,119045,0
67719,19382,76122,87101,143841,95504,1
42417,16114,4319,58531,46736,20433,0
66277,76538,26769,142815,93046,103307,1
5025,55240,13118,60265,18143,68358,0
94908,52883,87555,147791,182463,140438,1
36730,36536,26488,73266,63218,63024,1
84964,96960,67864,181924,152828,164824,1
80840,55768,24792,136608,105632,80560,0
53635,72795,46476,126430,100111,119271,1
28848,11396,32205,40244,61053,43601,1
29563,581,32160,30144,61723,32741,0
27070,81936,61973,109006,89043,143909,1
15822,80677,8580,96499,24402,89257,0
35582,22150,55487,57732,91069,77637,1
129,33384,3885,33513,4014,37269,0
67742,59839,54481,127581,122223,114320,1
59419,25723,64828,85142,124247,90551,1
38761,60431,66635,99192,105396,127066,1
55610,49836,6710,105446,62320,56546,1
53694,76824,53876,130518,107570,130700,1
22666,76453,58997,99119,81663,135450,1
14424,39195,40734,53619,55158,79929,1
32029,53316,8570,85345,40599,61886,0
48442,94013,52002,142455,100444,146015,1
78004,51242,22365,129246,100369,73607,0
84464,87551,19438,172015,103902,106989,1
32943,83581,28890,116524,61833,112471,0
93395,77603,76245,170998,169640,153848,1
32203,77912,98607,110115,130810,176519,1
14028,65942,67392,79970,81420,133334,1
90773,16811,60467,107584,151240,77278,0
98614,69660,75275,168274,173889,144935,1
90259,77932,77722,168191,167981,155654,1
95607,38701,9503,134308,105110,48204,0
64883,38892,41073,103775,105956,79965,1
55394,73538,81444,128932,136838,154982,1
8493,3686,62904,12179,71397,66590,0
88702,80376,50233,169078,138935,130609,1
43970,27256,37052,71226,81022,64308,1
67815,25192,59966,93007,127781,85158,1
45758,45045,75260,90803,121018,120305,1
86582,4548,58456,91130,145038,63004,0
43680,18181,65926,61861,109606,84107,0
24506,50020,1633,74526,26139,51653,0
1771,35810,57083,37581,58854,92893,0
9156,61818,18702,70974,27858,80520,0
9824,23445,63819,33269,73643,87264,0
94870,65584,32898,160454,127768,98482,1
51009,49960,79123,100969,130132,129083,1
77914,91732,51825,169646,129739,143557,1
98972,95806,72304,194778,171276,168110,1
58342,76964,58938,135306,117280,135902,1
95284,51511,27249,146795,122533,78760,0
19886,64300,73670,84186,93556,137970,1
14653,37339,47685,51992,62338,85024,1
11015,73656,30868,84671,41883,104524,0
53921,86889,51708,140810,105629,138597,1
5501,48678,28725,54179,34226,77403,0
78078,91229,9724,169307,87802,100953,0
39117,1109,54203,40226,93320,55312,0
65835,43158,13505,108993,79340,56663,0
95917,63619,36532,159536,132449,100151,1
77155,99883,37123,177038,114278,137006,1
24415,40811,43280,65226,67695,84091,1
47296,32729,48947,80025,96243,81676,1
98995,75934,45970,174929,144965,121904,1
33179,83604,59758,116783,92937,143362,1
21378,93460,9538,114838,30916,102998,0
56218,69391,81235,125609,137453,150626,1
49838,58543,91188,108381,141026,149731,1
38097,95045,50841,133142,88938,145886,0
61033,86446,33783,147479,94816,120229,1
78227,84227,44983,162454,123210,129210,1
71960,14980,21750,86940,93710,36730,0
59371,3819,68380,63190,127751,72199,0
92282,95217,24305,187499,116587,119522,1
73257,69481,86097,142738,159354,155578,1
42652,27192,3840,69844,46492,31032,0
41034,63696,9322,104730,50356,73018,0
39659,76204,94498,115863,134157,170702,1
37937,26896,96818,64833,134755,123714,0
59875,51996,36661,111871,96536,88657,1
19720,35678,15924,55398,35644,51602,0
44659,59012,36426,103671,81085,95438,1
8742,17494,13666,26236,22408,31160,1
55223,14893,84816,70116,140039,99709,0
13008,92488,51448,105496,64456,143936,0
99788,53459,70949,153247,170737,124408,1
15145,14309,81826,29454,96971,96135,0
79586,89672,15711,169258,95297,105383,1
9852,90384,37088,100236,46940,127472,0
31946,1328,7251,33274,39197,8579,0
52181,75654,57503,127835,109684,133157,1
66373,91864,63807,158237,130180,155671,1
858,82439,55800,83297,56658,138239,0
24975,25010,99685,49985,124660,124695,0
47344,56825,77094,104169,124438,133919,1
98140,22185,68595,120325,166735,90780,0
16956,82454,69968,99410,86924,152422,1
35777,82776,29857,118553,65634,112633,0
53257,97822,41142,151079,94399,138964,0
69281,5109,45159,74390,114440,50268,0
57724,39327,3741,97051,61465,43068,0
40427,16039,94179,56466,134606,110218,0
81738,15652,95605,97390,177343,111257,1
91518,90544,65348,182062,156866,155892,1
61729,70742,42112,132471,103841,112854,1
61462,66865,43642,128327,105104,110507,1
66335,58033,19534,124368,85869,77567,1
85217,33005,28569,118222,113786,61574,0
43987,3060,50577,47047,94564,53637,0
18957,34520,99172,53477,118129,133692,0
55465,27799,73810,83264,129275,101609,1
98253,72685,7467,170938,105720,80152,0
87404,53671,10918,141075,98322,64589,0
91594,5162,17046,96756,108640,22208,0
24891,48720,50412,73611,75303,99132,1
33222,56700,68928,89922,102150,125628,1
6133,85916,56445,92049,62578,142361,0
96375,45838,32616,142213,128991,78454,0
27182,39344,93642,66526,120824,132986,0
95491,17375,24680,112866,120171,42055,0
84987,8488,75118,93475,160105,83606,0
96720,41516,79717,138236,176437,121233,1
44134,80042,14610,124176,58744,94652,0
29337,17273,60285,46610,89622,77558,0
92989,32527,68469,125516,161458,100996,1
73496,623,13170,74119,86666,13793,0
35867,40701,39978,76568,75845,80679,1
22547,4775,19902,27322,42449,24677,1
54415,19170,62837,73585,117252,82007,1
58247,14288,59307,72535,117554,73595,1
92541,49207,14569,141748,107110,63776,0
96876,22596,76191,119472,173067,98787,1
90610,11466,78926,102076,169536,90392,0
84678,45344,76366,130022,161044,121710,1
15296,93834,81650,109130,96946,175484,1
52462,79334,54521,131796,106983,133855,1
74720,47506,37869,122226,112589,85375,1
37857,9828,33924,47685,71781,43752,1
40964,59317,51157,100281,92121,110474,1
698,10006,13,10704,711,10019,0
5464,71028,26485,76492,31949,97513,0
67449,45299,30773,112748,98222,76072,1
58080,18513,37916,76593,95996,56429,0
96327,83779,41512,180106,137839,125291,1
64362,51600,46287,115962,110649,97887,1
98028,75804,76808,173832,174836,152612,1
29328,77148,9043,106476,38371,86191,0
8197,74614,77493,82811,85690,152107,1
17543,53350,33216,70893,50759,86566,0
83836,40119,16959,123955,100795,57078,0
83759,41057,40240,124816,123999,81297,0
41368,11881,91153,53249,132521,103034,0
10522,21814,52153,32336,62675,73967,0
9868,97514,24383,107382,34251,121897,0
35024,22464,25827,57488,60851,48291,1
28100,23283,20768,51383,48868,44051,1
85204,62247,55751,147451,140955,117998,1
5888,93031,90095,98919,95983,183126,1
19163,3884,84903,23047,104066,88787,0
12029,95933,64682,107962,76711,160615,0
28777,40239,19083,69016,47860,59322,1
93937,18639,47157,112576,141094,65796,0
82465,91059,80221,173524,162686,171280,1
82137,70704,51669,152841,133806,122373,1
11522,52249,87398,63771,98920,139647,0
28667,69515,90684,98182,119351,160199,1
922,67797,12253,68719,13175,80050,0
11276,74756,31925,86032,43201,106681,0
53154,44979,26690,98133,79844,71669,1
92263,22941,57808,115204,150071,80749,0
40629,39257,71826,79886,112455,111083,1
77035,14939,61522,91974,138557,76461,0
42293,3982,62566,46275,104859,66548,0
33278,54170,75237,87448,108515,129407,1
58722,60295,76842,119017,135564,137137,1
37401,92031,25192,129432,62593,117223,0
40363,10308,32129,50671,72492,42437,1
66922,74866,16287,141788,83209,91153,1
92085,23596,10358,115681,102443,33954,0
5013,26213,55203,31226,60216,81416,0
17568,17387,76382,34955,93950,93769,0
70048,47339,22298,117387,92346,69637,0
34306,60027,68208,94333,102514,128235,1
70741,75783,63309,146524,134050,139092,1
67005,5684,30893,72689,97898,36577,0
81049,47164,41679,128213,122728,88843,1
39332,5139,51323,44471,90655,56462,0
34501,49550,57262,84051,91763,106812,1
38153,93781,26946,131934,65099,120727,0
58645,47826,39281,106471,97926,87107,1
75516,33321,99475,108837,174991,132796,1
22871,75298,51762,98169,74633,127060,0
5382,2767,87706,8149,93088,90473,0
13733,46308,53827,60041,67560,100135,1
74205,89654,22298,163859,96503,111952,1
75206,37445,32287,112651,107493,69732,0
21056,85149,50411,106205,71467,135560,0
3203,67351,12043,70554,15246,79394,0
78661,84675,11787,163336,90448,96462,1
87376,85486,42066,172862,129442,127552,1
41767,62894,90123,104661,131890,153017,1
75262,64213,54078,139475,129340,118291,1
2448,39933,28595,42381,31043,68528,0
67938,11022,1238,78960,69176,12260,0
67492,65244,39906,132736,107398,105150,1
90487,84786,29197,175273,119684,113983,1
88511,8280,42154,96791,130665,50434,0
39581,15590,25123,55171,64704,40713,1
98536,4454,59865,102990,158401,64319,0
39308,83694,62234,123002,101542,145928,1
94935,86871,55238,181806,150173,142109,1
20401,83658,97163,104059,117564,180821,1
37980,81597,90169,119577,128149,171766,1
53676,41517,2289,95193,55965,43806,0
265,85340,79866,85605,80131,165206,0
7689,30296,77770,37985,85459,108066,0
50051,45460,17431,95511,67482,62891,1
31345,2796,42308,34141,73653,45104,0
12874,64862,71335,77736,84209,136197,1
48710,63040,39731,111750,88441,102771,1
40963,39860,40100,80823,81063,79960,1
38704,46584,41647,85288,80351,88231,1
32118,38463,78607,70581,110725,117070,0
50517,5273,77196,55790,127713,82469,0
6138,8743,95027,14881,101165,103770,0
74322,94456,34527,168778,108849,128983,1
59688,9799,87492,69487,147180,97291,0
38120,16623,99622,54743,137742,116245,0
51444,79497,57765,130941,109209,137262,1
52501,64903,5235,117404,57736,70138,0
11177,17474,21134,28651,32311,38608,1
98525,21089,48934,119614,147459,70023,0
39514,42702,54232,82216,93746,96934,1
6850,84862,55298,91712,62148,140160,0
33239,81790,63987,115029,97226,145777,1
97160,65789,98668,162949,195828,164457,1
52073,33335,26949,85408,79022,60284,1
8342,16082,71952,24424,80294,88034,0
42326,2265,80009,44591,122335,82274,0
75950,46961,79668,122911,155618,126629,1
69427,66816,47366,136243,116793,114182,1
8498,87475,73118,95973,81616,160593,0
87434,35340,17218,122774,104652,52558,0
21376,83986,37220,105362,58596,121206,0
87472,38064,38966,125536,126438,77030,0
7778,3265,66994,11043,74772,70259,0
23924,68230,6703,92154,30627,74933,0
19780,91392,7305,111172,27085,98697,0
39239,29469,76626,68708,115865,106095,0
63429,69238,22867,132667,86296,92105,1
85481,63831,30268,149312,115749,94099,1
55314,24437,77975,79751,133289,102412,1
3714,80049,61986,83763,65700,142035,0
51155,58131,72311,109286,123466,130442,1
91568,59751,61778,151319,153346,121529,1
27391,5293,15259,32684,42650,20552,0
50637,4599,56014,55236,106651,60613,0
44714,76723,1295,121437,46009,78018,0
27690,70910,73587,98600,101277,144497,1
38197,58092,60418,96289,98615,118510,1
24293,98919,48805,123212,73098,147724,0
29639,44673,8017,74312,37656,52690,0
82242,80852,43147,163094,125389,123999,1
35139,19402,91974,54541,127113,111376,0
60562,32398,93816,92960,154378,126214,0
10292,75874,40319,86166,50611,116193,0
50949,25066,84595,76015,135544,109661,0
60975,68184,70178,129159,131153,138362,1
4374,91721,73951,96095,78325,165672,0
61569,80135,85786,141704,147355,165921,1
95908,97052,49342,192960,145250,146394,1
5478,2062,45623,7540,51101,47685,0
72646,17657,13575,90303,86221,31232,0
955,60901,29516,61856,30471,90417,0
37366,1036,81283,38402,118649,82319,0
21665,50821,16919,72486,38584,67740,0
13176,46776,26779,59952,39955,73555,0
96131,10751,69193,106882,165324,79944,0
61487,68309,68414,129796,129901,136723,1
68792,32349,6840,101141,75632,39189,0
67565,94730,7516,162295,75081,102246,0
29132,67417,20305,96549,49437,87722,0
89901,98816,35092,188717,124993,133908,1
59635,83268,77139,142903,136774,160407,1
72319,74155,18645,146474,90964,92800,1
84270,18216,99430,102486,183700,117646,1
1897,39573,58593,41470,60490,98166,0
52171,83877,36681,136048,88852,120558,1
16098,48294,35135,64392,51233,83429,1
42228,85138,3399,127366,45627,88537,0
59862,34806,92672,94668,152534,127478,1
20250,90064,56182,110314,76432,146246,0
27507,55217,38713,82724,66220,93930,1
81826,88872,9044,170698,90870,97916,1
22355,92724,49930,115079,72285,142654,0
5504,29682,80544,35186,86048,110226,0
3656,35642,76911,39298,80567,112553,0
73043,79897,8548,152940,81591,88445,1
87878,27903,2103,115781,89981,30006,0
49474,51993,52468,101467,101942,104461,1
47890,83408,92412,131298,140302,175820,1
71634,66627,17000,138261,88634,83627,1
24846,87243,4563,112089,29409,91806,0
18294,81987,86784,100281,105078,168771,1
63374,67956,10547,131330,73921,78503,1
49433,92747,81053,142180,130486,173800,1
61968,79468,23741,141436,85709,103209,1
86674,31248,10657,117922,97331,41905,0
15530,84992,15210,100522,30740,100202,0
80601,2829,90132,83430,170733,92961,0
33683,22276,85305,55959,118988,107581,0
28004,33921,13154,61925,41158,47075,1
68686,36040,227,104726,68913,36267,0
50604,27787,4861,78391,55465,32648,0
2287,68800,51535,71087,53822,120335,0
20866,34662,22241,55528,43107,56903,1
79189,20184,32222,99373,111411,52406,0
52053,16695,18324,68748,70377,35019,0
63433,77564,37789,140997,101222,115353,1
67571,69090,79826,136661,147397,148916,1
42666,3391,9067,46057,51733,12458,0
6514,80433,73963,86947,80477,154396,1
63611,87388,84169,150999,147780,171557,1
87259,12887,89607,100146,176866,102494,1
45287,30455,77931,75742,123218,108386,0
75925,42919,3136,118844,79061,46055,0
93884,97322,50191,191206,144075,147513,1
31906,43818,35680,75724,67586,79498,1
85346,78485,85035,163831,170381,163520,1
96029,59310,87380,155339,183409,146690,1
22964,77875,16488,100839,39452,94363,0
48288,81366,72975,129654,121263,154341,1
81619,93223,48165,174842,129784,141388,1
61758,4025,99443,65783,161201,103468,0
57060,38766,31100,95826,88160,69866,1
66237,71908,83495,138145,149732,155403,1
11178,59453,54666,70631,65844,114119,1
21120,71215,24621,92335,45741,95836,0
95661,36113,27480,131774,123141,63593,0
67503,30459,41207,97962,108710,71666,1
15725,30486,63899,46211,79624,94385,0
16404,33913,33142,50317,49546,67055,1
22780,69940,63723,92720,86503,133663,1
51629,5473,75587,57102,127216,81060,0
74480,41104,20117,115584,94597,61221,0
27690,54838,49930,82528,77620,104768,1
12065,43834,26139,55899,38204,69973,0
87339,92822,99668,180161,187007,192490,1
73957,21695,29573,95652,103530,51268,0
67330,63613,54278,130943,121608,117891,1
89287,99875,30944,189162,120231,130819,1
59545,12804,91251,72349,150796,104055,0
46170,37395,81566,83565,127736,118961,1
50735,66922,62444,117657,113179,129366,1
61907,22753,72824,84660,134731,95577,1
90887,46876,34564,137763,125451,81440,0
31020,37888,12986,68908,44006,50874,1
1407,38864,27487,40271,28894,66351,0
87444,23257,14978,110701,102422,38235,0
88036,56318,95868,144354,183904,152186,1
78068,18714,45415,96782,123483,64129,0
88947,5905,50343,94852,139290,56248,0
21348,79488,27116,100836,48464,106604,0
3091,63671,95135,66762,98226,158806,0
65186,82968,59222,148154,124408,142190,1
62548,85010,80170,147558,142718,165180,1
22145,33188,4137,55333,26282,37325,0
89649,45572,71259,135221,160908,116831,1
84876,50296,3984,135172,88860,54280,0
84284,84352,32883,168636,117167,117235,1
56557,29489,2216,86046,58773,31705,0
24319,74585,10750,98904,35069,85335,0
96738,81917,33504,178655,130242,115421,1
59574,27730,37354,87304,96928,65084,1
27308,41481,61447,68789,88755,102928,1
21479,35669,95491,57148,116970,131160,0
60413,45036,25287,105449,85700,70323,1
81170,68913,40426,150083,121596,109339,1
43402,58873,75972,102275,119374,134845,1
61880,56887,37172,118767,99052,94059,1
37732,7087,69990,44819,107722,77077,0
57936,47544,80529,105480,138465,128073,1
84192,79633,28726,163825,112918,108359,1
9489,38152,50394,47641,59883,88546,0
15188,77299,90222,92487,105410,167521,1
67441,67258,60008,134699,127449,127266,1
76683,48869,68332,125552,145015,117201,1
42008,73920,7441,115928,49449,81361,0
12991,13393,6459,26384,19450,19852,1
44012,31721,70428,75733,114440,102149,1
85382,86812,41153,172194,126535,127965,1
29326,22718,78440,52044,107766,101158,0
19232,63897,95219,83129,114451,159116,0
6821,93811,8685,100632,15506,102496,0
21337,44755,60038,66092,81375,104793,1
36631,19168,19669,55799,56300,38837,1
89854,50004,91712,139858,181566,141716,1
40414,76153,3860,116567,44274,80013,0
5523,62921,2826,68444,8349,65747,0
44509,59884,37045,104393,81554,96929,1
15117,91847,58365,106964,73482,150212,0
27325,9788,92675,37113,120000,102463,0
99044,45133,56888,144177,155932,102021,1
72907,46295,92973,119202,165880,139268,1
21484,81343,94896,102827,116380,176239,1
761,76753,67120,77514,67881,143873,0
69674,6624,25866,76298,95540,32490,0
67801,83428,96741,151229,164542,180169,1
38891,82024,96911,120915,135802,178935,1
71375,24884,51578,96259,122953,76462,1
69660,65025,64260,134685,133920,129285,1
87909,95627,24649,183536,112558,120276,1
33976,50618,68407,84594,102383,119025,1
68564,43765,85136,112329,153700,128901,1
91073,67282,84964,158355,176037,152246,1
62484,95815,9074,158299,71558,104889,0
11024,59040,41050,70064,52074,100090,0
81076,52358,92954,133434,174030,145312,1
8233,40696,72118,48929,80351,112814,0
74528,82624,41852,157152,116380,124476,1
56740,2652,46399,59392,103139,49051,0
58522,7608,719,66130,59241,8327,0
32841,38820,52760,71661,85601,91580,1
65560,15573,65576,81133,131136,81149,1
68606,72574,6244,141180,74850,78818,1
14029,27420,51185,41449,65214,78605,0
28358,44669,20349,73027,48707,65018,1
52906,41438,63861,94344,116767,105299,1
10262,62061,75352,72323,85614,137413,0
52658,52891,27557,105549,80215,80448,1
29026,57431,85075,86457,114101,142506,1
72974,1025,85504,73999,158478,86529,0
75381,85396,13876,160777,89257,99272,1
9387,97712,7554,107099,16941,105266,0
22053,95090,40612,117143,62665,135702,0
35865,14696,64270,50561,100135,78966,0
93299,24448,29240,117747,122539,53688,0
95282,27358,65479,122640,160761,92837,0
75661,87086,85713,162747,161374,172799,1
59697,64145,38758,123842,98455,102903,1
87518,24327,73880,111845,161398,98207,1
94956,15335,47427,110291,142383,62762,0
86169,4381,34348,90550,120517,38729,0
34022,79713,25116,113735,59138,104829,0
5619,73578,65051,79197,70670,138629,0
54399,60213,92150,114612,146549,152363,1
92976,56966,56676,149942,149652,113642,1
66980,48731,40194,115711,107174,88925,1
83336,24384,29594,107720,112930,53978,0
56333,92235,27350,148568,83683,119585,0
59324,60576,3869,119900,63193,64445,1
93361,40575,41239,133936,134600,81814,0
33361,20219,62695,53580,96056,82914,0
2146,35346,34096,37492,36242,69442,1
85517,138,99196,85655,184713,99334,0
84436,82121,73363,166557,157799,155484,1
64145,79398,58398,143543,122543,137796,1
91382,84123,43291,175505,134673,127414,1
60671,71983,53057,132654,113728,125040,1
38661,50651,65977,89312,104638,116628,1
625,89397,46127,90022,46752,135524,0
44687,32895,21799,77582,66486,54694,1
69902,21430,17039,91332,86941,38469,0
91133,34092,84461,125225,175594,118553,1
83001,58756,78636,141757,161637,137392,1
54857,50433,25926,105290,80783,76359,1
4131,48855,70795,52986,74926,119650,0
70300,58531,53244,128831,123544,111775,1
52895,15652,77938,68547,130833,93590,0
78997,67872,10876,146869,89873,78748,0
37422,93245,62033,130667,99455,155278,1
78959,98649,70889,177608,149848,169538,1
4586,4979,91283,9565,95869,96262,0
89939,77722,31102,167661,121041,108824,1
81626,75492,97833,157118,179459,173325,1
2532,55794,74409,58326,76941,130203,0
48705,73432,56614,122137,105319,130046,1
21777,83544,50175,105321,71952,133719,0
17593,33280,90779,50873,108372,124059,0
7555,18735,99539,26290,107094,118274,0
60510,172,61603,60682,122113,61775,0
63876,69436,23237,133312,87113,92673,1
19815,61701,6018,81516,25833,67719,0
52012,32025,17683,84037,69695,49708,0
79890,7196,94344,87086,174234,101540,0
6150,58953,44563,65103,50713,103516,0
22903,33345,26873,56248,49776,60218,1
8118,24310,50313,32428,58431,74623,0
16119,68680,97510,84799,113629,166190,0
49494,34077,35518,83571,85012,69595,1
43750,95136,15123,138886,58873,110259,0
75769,99297,17139,175066,92908,116436,0
3879,84050,81455,87929,85334,165505,1
95006,25701,46804,120707,141810,72505,0
40155,51603,32736,91758,72891,84339,1
41760,40617,54675,82377,96435,95292,1
98781,63566,61877,162347,160658,125443,1
5674,90251,37759,95925,43433,128010,0
14369,6921,39541,21290,53910,46462,0
97551,38350,44914,135901,142465,83264,0
70619,61523,19207,132142,89826,80730,1
73668,83321,85022,156989,158690,168343,1
49852,3097,32934,52949,82786,36031,0
79502,53722,84776,133224,164278,138498,1
73066,81593,33138,154659,106204,114731,1
69017,61622,83916,130639,152933,145538,1
19717,65936,8333,85653,28050,74269,0
40062,12335,16828,52397,56890,29163,0
57015,69603,60951,126618,117966,130554,1
46160,84293,36814,130453,82974,121107,0
82491,65751,50628,148242,133119,116379,1
84941,58944,79795,143885,164736,138739,1
18753,58949,26330,77702,45083,85279,0
8090,1948,37352,10038,45442,39300,0
54451,90720,62929,145171,117380,153649,1
78087,10858,11364,88945,89451,22222,0
75251,75102,45229,150353,120480,120331,1
67886,10540,68305,78426,136191,78845,1
76346,89361,13676,165707,90022,103037,1
22933,73318,51565,96251,74498,124883,1
32055,55690,89497,87745,121552,145187,0
31902,85467,23122,117369,55024,108589,0
78459,8778,96317,87237,174776,105095,0
72930,72385,60876,145315,133806,133261,1
28652,63540,27162,92192,55814,90702,0
88151,45052,74942,133203,163093,119994,1
84283,57639,77472,141922,161755,135111,1
34002,83217,44628,117219,78630,127845,0
96969,46005,93984,142974,190953,139989,1
38556,69971,76408,108527,114964,146379,1
76043,24276,10299,100319,86342,34575,0
92738,54471,7347,147209,100085,61818,0
39497,51097,35569,90594,75066,86666,1
10021,98404,27262,108425,37283,125666,0
10959,19471,69272,30430,80231,88743,0
93077,67638,28446,160715,121523,96084,1
68537,34612,5237,103149,73774,39849,0
55518,58372,45827,113890,101345,104199,1
28615,395,22935,29010,51550,23330,0
47251,36899,917,84150,48168,37816,0
49282,37157,81945,86439,131227,119102,1
56946,24498,44360,81444,101306,68858,1
4264,81551,34572,85815,38836,116123,0
25800,40910,75410,66710,101210,116320,0
44345,68838,9040,113183,53385,77878,0
21619,80144,73180,101763,94799,153324,1
11357,57042,99334,68399,110691,156376,0
24305,51162,48386,75467,72691,99548,1
47190,48288,96610,95478,143800,144898,0
45459,29824,3418,75283,48877,33242,0
58160,45015,50963,103175,109123,95978,1
14449,8672,96044,23121,110493,104716,0
62499,17778,77556,80277,140055,95334,1
62440,53775,20247,116215,82687,74022,1
41070,37448,13815,78518,54885,51263,1
65897,76278,25131,142175,91028,101409,1
9872,64604,61006,74476,70878,125610,1
5239,66295,82304,71534,87543,148599,0
79905,95604,80496,175509,160401,176100,1
12798,11824,70905,24622,83703,82729,0
78786,60417,43313,139203,122099,103730,1
66760,99876,89716,166636,156476,189592,1
41050,49450,56958,90500,98008,106408,1
35444,77486,76119,112930,111563,153605,1
20169,39057,31364,59226,51533,70421,1
14668,93439,424,108107,15092,93863,0
46146,19139,99281,65285,145427,118420,0
98096,54423,93796,152519,191892,148219,1
37369,22582,45307,59951,82676,67889,1
47024,40159,83587,87183,130611,123746,1
96790,9901,49443,106691,146233,59344,0
43550,51094,27936,94644,71486,79030,1
24888,56048,14171,80936,39059,70219,0
89652,58529,59678,148181,149330,118207,1
422,42916,30229,43338,30651,73145,0
44430,85137,12301,129567,56731,97438,0
99721,43513,33023,143234,132744,76536,0
9217,47956,44527,57173,53744,92483,1
78045,64154,7098,142199,85143,71252,0
40685,52773,36194,93458,76879,88967,1
19119,27730,22732,46849,41851,50462,1
57687,75312,83339,132999,141026,158651,1
32382,45597,6662,77979,39044,52259,0
55135,37684,52436,92819,107571,90120,1
18101,38869,74067,56970,92168,112936,0
79683,96699,74791,176382,154474,171490,1
72441,50856,99686,123297,172127,150542,1
86602,53762,922,140364,87524,54684,0
41553,67149,50803,108702,92356,117952,1
68117,75439,44940,143556,113057,120379,1
71379,63962,83233,135341,154612,147195,1
19853,29784,97188,49637,117041,126972,0
72633,74064,90253,146697,162886,164317,1
60702,60060,99622,120762,160324,159682,1
77274,31170,58781,108444,136055,89951,1
39968,6053,7601,46021,47569,13654,0
83096,79933,4257,163029,87353,84190,1
85445,38546,17588,123991,103033,56134,0
60108,78009,20167,138117,80275,98176,1
2404,72650,24204,75054,26608,96854,0
82090,9448,64476,91538,146566,73924,0
31212,9055,82753,40267,113965,91808,0
34064,34381,84083,68445,118147,118464,0
36222,44080,92773,80302,128995,136853,0
43785,39333,77963,83118,121748,117296,1
7752,80396,94244,88148,101996,174640,0
40492,52209,81893,92701,122385,134102,1
3989,49556,51551,53545,55540,101107,1
31299,26075,55790,57374,87089,81865,1
58532,80936,61938,139468,120470,142874,1
17415,85164,24232,102579,41647,109396,0
65449,99757,20005,165206,85454,119762,0
41508,32758,91050,74266,132558,123808,0
68278,70542,21507,138820,89785,92049,1
850,96306,72917,97156,73767,169223,0
98324,24900,51284,123224,149608,76184,0
71886,48043,12032,119929,83918,60075,0
63992,97444,12099,161436,76091,109543,0
40908,49445,6064,90353,46972,55509,0
16208,36355,18850,52563,35058,55205,0
8849,87958,13959,96807,22808,101917,0
80658,56659,36694,137317,117352,93353,1
36456,53340,27157,89796,63613,80497,1
84581,46454,87078,131035,171659,133532,1
80594,54808,66738,135402,147332,121546,1
75423,4984,76823,80407,152246,81807,1
40186,54090,19889,94276,60075,73979,1
7814,38944,21183,46758,28997,60127,0
57623,99832,82072,157455,139695,181904,1
58916,98541,39861,157457,98777,138402,1
21813,392,77482,22205,99295,77874,0
4617,68570,56816,73187,61433,125386,0
63147,92445,6082,155592,69229,98527,0
67589,46190,58907,113779,126496,105097,1
88402,73290,58920,161692,147322,132210,1
29818,51887,76297,81705,106115,128184,1
58881,22727,88335,81608,147216,111062,0
51004,46977,58810,97981,109814,105787,1
56917,53291,16289,110208,73206,69580,1
47455,20227,72891,67682,120346,93118,0
11100,92397,88800,103497,99900,181197,1
37244,89871,26723,127115,63967,116594,0
4017,31100,95492,35117,99509,126592,0
74369,80362,71473,154731,145842,151835,1
7888,38141,7791,46029,15679,45932,0
62985,44960,761,107945,63746,45721,0
20256,80879,53588,101135,73844,134467,0
71409,5310,58117,76719,129526,63427,0
72356,21043,45930,93399,118286,66973,0
12661,45583,78442,58244,91103,124025,0
7969,66708,50599,74677,58568,117307,0
87024,17991,2713,105015,89737,20704,0
2914,6009,41822,8923,44736,47831,0
98094,62890,63958,160984,162052,126848,1
91590,49758,61791,141348,153381,111549,1
9298,63428,26610,72726,35908,90038,0
56106,34056,32576,90162,88682,66632,1
88901,35799,31330,124700,120231,67129,0
6298,5244,9460,11542,15758,14704,1
48523,86862,34370,135385,82893,121232,0
25508,2805,99708,28313,125216,102513,0
35548,19558,16801,55106,52349,36359,1
51608,88456,4563,140064,56171,93019,0
94883,94065,55397,188948,150280,149462,1
29900,55370,94258,85270,124158,149628,0
66461,95102,33400,161563,99861,128502,1
9410,34926,82252,44336,91662,117178,0
61649,42492,54478,104141,116127,96970,1
34045,78060,79397,112105,113442,157457,1
95336,3934,19027,99270,114363,22961,0
20201,20874,14424,41075,34625,35298,1
13479,9840,79775,23319,93254,89615,0
50518,84423,35173,134941,85691,119596,1
10245,81920,15006,92165,25251,96926,0
90075,50352,22512,140427,112587,72864,0
71859,52862,20843,124721,92702,73705,1
48504,2362,41816,50866,90320,44178,0
45308,19958,69018,65266,114326,88976,0
99660,59035,30808,158695,130468,89843,0
33237,25992,66894,59229,100131,92886,0
49679,90036,50170,139715,99849,140206,1
31855,53214,98070,85069,129925,151284,0
31929,53204,20646,85133,52575,73850,0
77142,81055,60630,158197,137772,141685,1
59456,84525,10838,143981,70294,95363,0
23292,42021,76451,65313,99743,118472,0
32231,94134,3948,126365,36179,98082,0
34337,33136,90742,67473,125079,123878,0
63325,27449,75150,90774,138475,102599,1
34542,44296,98104,78838,132646,142400,0
25643,71928,16209,97571,41852,88137,0
5564,96232,32201,101796,37765,128433,0
23280,68654,45989,91934,69269,114643,1
88219,68763,78870,156982,167089,147633,1
34280,8439,69961,42719,104241,78400,0
19133,27435,66160,46568,85293,93595,0
48884,58787,63772,107671,112656,122559,1
18015,38184,24455,56199,42470,62639,1
12468,88861,19271,101329,31739,108132,0
50946,88408,36863,139354,87809,125271,0
85802,45790,23385,131592,109187,69175,0
59644,16329,63228,75973,122872,79557,1
37064,85968,12362,123032,49426,98330,0
72707,35072,932,107779,73639,36004,0
28096,34790,86248,62886,114344,121038,0
10541,98199,63240,108740,73781,161439,0
36467,34522,70025,70989,106492,104547,1
76847,26556,10125,103403,86972,36681,0
47883,89165,35990,137048,83873,125155,0
85863,67104,35497,152967,121360,102601,1
38459,72190,30833,110649,69292,103023,0
13582,43271,96217,56853,109799,139488,0
38048,98465,52763,136513,90811,151228,0
39714,53462,15825,93176,55539,69287,1
39616,14862,11631,54478,51247,26493,0
30388,85635,77642,116023,108030,163277,1
60006,34394,51957,94400,111963,86351,1
74308,30628,72028,104936,146336,102656,1
91111,88951,4257,180062,95368,93208,1
96442,24996,62321,121438,158763,87317,0
11448,20263,93877,31711,105325,114140,0
95145,8179,36130,103324,131275,44309,0
79729,24380,34887,104109,114616,59267,0
80680,35335,25258,116015,105938,60593,0
53192,74019,26463,127211,79655,100482,1
69362,61018,47458,130380,116820,108476,1
24676,80091,27209,104767,51885,107300,0
81221,18124,31464,99345,112685,49588,0
89765,79602,32391,169367,122156,111993,1
75921,80555,19663,156476,95584,100218,1
20700,2792,80752,23492,101452,83544,0
63068,36511,66556,99579,129624,103067,1
44669,62384,77104,107053,121773,139488,1
15525,68076,47051,83601,62576,115127,0
49315,67378,60255,116693,109570,127633,1
49252,95007,69294,144259,118546,164301,1
98562,7605,77044,106167,175606,84649,0
58258,65359,35683,123617,93941,101042,1
8744,49073,33451,57817,42195,82524,0
58169,85381,78203,143550,136372,163584,1
92353,78318,74053,170671,166406,152371,1
82160,2242,90019,84402,172179,92261,0
53097,58540,53616,111637,106713,112156,1
79060,44002,56489,123062,135549,100491,1
82561,71353,73803,153914,156364,145156,1
71741,81730,2993,153471,74734,84723,0
4487,70260,52357,74747,56844,122617,0
70877,35922,91362,106799,162239,127284,1
8267,84828,15886,93095,24153,100714,0
93850,8514,6282,102364,100132,14796,0
96486,80810,49341,177296,145827,130151,1
931,26320,68227,27251,69158,94547,0
84857,89208,75670,174065,160527,164878,1
89581,44406,36094,133987,125675,80500,0
18814,46411,37063,65225,55877,83474,1
70388,42344,11607,112732,81995,53951,0
60258,65992,50851,126250,111109,116843,1
97058,34749,66640,131807,163698,101389,1
422,58151,90263,58573,90685,148414,0
78728,63239,46692,141967,125420,109931,1
71658,24436,39150,96094,110808,63586,0
88049,21304,31092,109353,119141,52396,0
1203,64973,22812,66176,24015,87785,0
70872,91604,39127,162476,109999,130731,1
93787,70876,39714,164663,133501,110590,1
10195,96151,88600,106346,98795,184751,1
30347,69396,13048,99743,43395,82444,0
2672,5170,54490,7842,57162,59660,0
5328,43392,36798,48720,42126,80190,0
44108,24141,58943,68249,103051,83084,1
88152,45063,49676,133215,137828,94739,1
76986,91117,78359,168103,155345,169476,1
87169,36155,29225,123324,116394,65380,0
64993,61721,61073,126714,126066,122794,1
44958,62909,85550,107867,130508,148459,1
48477,59490,93298,107967,141775,152788,1
90919,25658,93924,116577,184843,119582,1
8730,6987,46606,15717,55336,53593,0
3710,18836,19493,22546,23203,38329,1
59554,23129,60241,82683,119795,83370,1
13256,48219,7836,61475,21092,56055,0
27701,86538,75267,114239,102968,161805,1
92177,55616,96938,147793,189115,152554,1
96544,89075,39539,185619,136083,128614,1
64890,90323,21416,155213,86306,111739,0
59492,88353,99420,147845,158912,187773,1
25262,57022,24117,82284,49379,81139,0
53506,79161,41110,132667,94616,120271,1
89556,30270,28440,119826,117996,58710,0
48616,8486,17445,57102,66061,25931,0
22521,63416,81349,85937,103870,144765,1
7936,11785,2884,19721,10820,14669,0
76321,47798,60173,124119,136494,107971,1
85523,62858,48431,148381,133954,111289,1
62173,75287,78333,137460,140506,153620,1
35546,66217,91791,101763,127337,158008,1
49711,31409,7729,81120,57440,39138,0
45260,26574,43496,71834,88756,70070,1
57404,9316,22761,66720,80165,32077,0
95715,82090,44395,177805,140110,126485,1
23122,11792,10352,34914,33474,22144,0
46564,28756,94377,75320,140941,123133,0
67397,94999,16211,162396,83608,111210,0
46663,18287,67623,64950,114286,85910,0
20093,31583,12289,51676,32382,43872,1
84524,49796,99760,134320,184284,149556,1
89586,38869,78126,128455,167712,116995,1
31006,99314,78896,130320,109902,178210,1
41391,88289,80790,129680,122181,169079,1
75331,98532,97028,173863,172359,195560,1
33815,24328,10037,58143,43852,34365,1
94860,28794,29960,123654,124820,58754,0
35510,69170,26300,104680,61810,95470,0
14951,99159,95379,114110,110330,194538,1
333,42640,2513,42973,2846,45153,0
46858,16141,52992,62999,99850,69133,1
90862,1400,3035,92262,93897,4435,0
29429,72465,30267,101894,59696,102732,0
96679,30336,97136,127015,193815,127472,1
56584,5552,31940,62136,88524,37492,0
60670,41329,93508,101999,154178,134837,1
57126,92422,77387,149548,134513,169809,1
83521,98184,15261,181705,98782,113445,1
7780,1133,62146,8913,69926,63279,0
29247,18625,17985,47872,47232,36610,1
75078,22127,60769,97205,135847,82896,1
60354,69781,6367,130135,66721,76148,0
15820,16479,47734,32299,63554,64213,0
35401,47908,46977,83309,82378,94885,1
51352,96855,50010,148207,101362,146865,1
51646,35917,44296,87563,95942,80213,1
80302,93054,59376,173356,139678,152430,1
19067,701,64086,19768,83153,64787,0
76266,29273,92857,105539,169123,122130,1
52977,23033,64077,76010,117054,87110,1
94873,5329,55549,100202,150422,60878,0
76227,40132,95683,116359,171910,135815,1
37313,14514,91592,51827,128905,106106,0
95386,44384,88900,139770,184286,133284,1
88192,97756,76285,185948,164477,174041,1
83993,81493,64980,165486,148973,146473,1
32016,20343,23727,52359,55743,44070,1
36353,70020,76467,106373,112820,146487,1
62629,54776,85752,117405,148381,140528,1
81022,37561,94392,118583,175414,131953,1
19098,56130,12366,75228,31464,68496,0
92002,47929,97288,139931,189290,145217,1
2544,11105,14988,13649,17532,26093,0
82255,11985,34962,94240,117217,46947,0
97560,88137,98129,185697,195689,186266,1
93886,58930,41960,152816,135846,100890,1
84469,37155,83249,121624,167718,120404,1
88967,88413,31167,177380,120134,119580,1
82376,39507,74333,121883,156709,113840,1
78688,30695,99083,109383,177771,129778,1
6251,44497,97738,50748,103989,142235,0
71334,61784,5227,133118,76561,67011,0
68186,32202,68322,100388,136508,100524,1
31710,29702,99310,61412,131020,129012,0
72469,10989,5438,83458,77907,16427,0
34477,38224,10034,72701,44511,48258,1
58826,80649,20071,139475,78897,100720,0
97484,70250,73503,167734,170987,143753,1
82754,13802,98911,96556,181665,112713,0
94101,15363,65395,109464,159496,80758,0
59872,19565,54268,79437,114140,73833,1
7174,53174,74012,60348,81186,127186,0
66654,71759,69324,138413,135978,141083,1
79771,55113,17361,134884,97132,72474,0
24582,59133,65315,83715,89897,124448,1
4636,3853,1933,8489,6569,5786,1
56095,34005,3505,90100,59600,37510,0
63910,50080,94683,113990,158593,144763,1
23341,1721,33881,25062,57222,35602,0
96837,44284,85262,141121,182099,129546,1
32847,66445,40216,99292,73063,106661,1
11729,5216,83815,16945,95544,89031,0
62984,99476,69834,162460,132818,169310,1
73473,15719,52903,89192,126376,68622,0
36165,68503,66621,104668,102786,135124,1
26420,53805,88882,80225,115302,142687,0
36829,12143,98859,48972,135688,111002,0
5395,24502,2598,29897,7993,27100,0
71432,26396,8261,97828,79693,34657,0
24906,69810,22223,94716,47129,92033,0
88291,77890,5299,166181,93590,83189,0
65324,2071,96472,67395,161796,98543,0
13030,85802,72439,98832,85469,158241,0
41253,55303,26116,96556,67369,81419,1
6761,64476,7863,71237,14624,72339,0
97627,53855,25432,151482,123059,79287,0
97028,5229,256,102257,97284,5485,0
90792,55298,43799,146090,134591,99097,1
89941,3824,25952,93765,115893,29776,0
82035,17832,96431,99867,178466,114263,1
39290,2841,44762,42131,84052,47603,0
13136,55755,57989,68891,71125,113744,1
50690,50452,70148,101142,120838,120600,1
83940,4139,62505,88079,146445,66644,0
25851,24362,8328,50213,34179,32690,1
98075,37312,72267,135387,170342,109579,1
28670,93908,46629,122578,75299,140537,0
31756,39989,48149,71745,79905,88138,1
70186,57206,91048,127392,161234,148254,1
34204,14450,3141,48654,37345,17591,0
84642,46320,92285,130962,176927,138605,1
57159,64964,58355,122123,115514,123319,1
93343,6081,85238,99424,178581,91319,0
61969,10895,63956,72864,125925,74851,1
43188,47312,84819,90500,128007,132131,1
84094,88246,56424,172340,140518,144670,1
9362,59211,85203,68573,94565,144414,0
66726,38684,82147,105410,148873,120831,1
7205,33614,14189,40819,21394,47803,0
25139,97406,66196,122545,91335,163602,0
83207,82390,10869,165597,94076,93259,1
60676,77277,11950,137953,72626,89227,0
218,75548,28580,75766,28798,104128,0
10684,39234,20128,49918,30812,59362,0
32261,94375,86620,126636,118881,180995,1
31713,32648,88278,64361,119991,120926,0
92055,80077,88037,172132,180092,168114,1
15938,12171,54429,28109,70367,66600,0
43093,20613,60428,63706,103521,81041,1
20245,58901,83395,79146,103640,142296,0
89180,651,91697,89831,180877,92348,0
89799,94386,34747,184185,124546,129133,1
21030,39782,47087,60812,68117,86869,1
9765,15226,5476,24991,15241,20702,1
22220,21361,9635,43581,31855,30996,1
63863,96665,62605,160528,126468,159270,1
94993,20823,56217,115816,151210,77040,0
83388,17149,18750,100537,102138,35899,0
4284,29634,97342,33918,101626,126976,0
96244,20990,55242,117234,151486,76232,0
91398,36964,5163,128362,96561,42127,0
33764,27110,17013,60874,50777,44123,1
24652,85209,73804,109861,98456,159013,1
83658,31647,14559,115305,98217,46206,0
37756,16221,63838,53977,101594,80059,0
20016,40497,526,60513,20542,41023,0
95578,12146,25874,107724,121452,38020,0
11399,63593,92910,74992,104309,156503,0
60248,76714,14074,136962,74322,90788,0
63543,32198,43145,95741,106688,75343,1
31637,48595,86406,80232,118043,135001,0
65534,11291,72429,76825,137963,83720,1
10608,37437,91465,48045,102073,128902,0
94540,1508,23229,96048,117769,24737,0
98330,29429,40233,127759,138563,69662,0
75348,19077,8032,94425,83380,27109,0
23240,40401,2966,63641,26206,43367,0
97211,28029,41001,125240,138212,69030,0
97841,88808,87659,186649,185500,176467,1
11016,71269,20758,82285,31774,92027,0
38020,83504,46260,121524,84280,129764,1
48047,15663,71575,63710,119622,87238,0
87374,87305,73314,174679,160688,160619,1
69243,75366,41873,144609,111116,117239,1
16376,4105,15786,20481,32162,19891,1
63637,43635,27553,107272,91190,71188,1
99666,37880,49373,137546,149039,87253,0
99279,10559,2315,109838,101594,12874,0
11336,70418,90817,81754,102153,161235,0
85857,27605,32718,113462,118575,60323,0
5013,318,37102,5331,42115,37420,0
26754,82546,83036,109300,109790,165582,1
1141,23325,46987,24466,48128,70312,0
62910,81664,27765,144574,90675,109429,1
25132,45454,49736,70586,74868,95190,1
86344,78106,32609,164450,118953,110715,1
66338,85947,98474,152285,164812,184421,1
33298,50826,80923,84124,114221,131749,1
8562,34188,39174,42750,47736,73362,1
22536,84368,72595,106904,95131,156963,1
34771,29085,76509,63856,111280,105594,0
24603,94648,90675,119251,115278,185323,1
34382,17189,99339,51571,133721,116528,0
65024,13712,22644,78736,87668,36356,0
7170,22186,10573,29356,17743,32759,0
74813,57833,6540,132646,81353,64373,0
48908,30074,44458,78982,93366,74532,1
66911,24766,96773,91677,163684,121539,0
57259,77330,90768,134589,148027,168098,1
82380,39569,61767,121949,144147,101336,1
7060,30834,67258,37894,74318,98092,0
32857,28545,25129,61402,57986,53674,1
41730,72311,8843,114041,50573,81154,0
60596,22274,4904,82870,65500,27178,0
53563,56775,55513,110338,109076,112288,1
13411,68129,96331,81540,109742,164460,0
41510,14380,18250,55890,59760,32630,0
90864,93321,87290,184185,178154,180611,1
11149,68515,66657,79664,77806,135172,1
43614,48722,62433,92336,106047,111155,1
89139,79445,49084,168584,138223,128529,1
20358,99401,28875,119759,49233,128276,0
353,28964,84656,29317,85009,113620,0
30839,55517,41376,86356,72215,96893,1
95959,12008,45830,107967,141789,57838,0
95920,2783,67787,98703,163707,70570,0
94543,70523,66505,165066,161048,137028,1
88017,82219,74582,170236,162599,156801,1
99709,24877,70479,124586,170188,95356,0
69589,39829,30541,109418,100130,70370,1
98838,39076,37541,137914,136379,76617,0
7285,45799,23272,53084,30557,69071,0
89874,7533,89165,97407,179039,96698,1
75710,10030,81968,85740,157678,91998,1
88586,24563,9448,113149,98034,34011,0
55538,34524,40816,90062,96354,75340,1
99371,80596,6310,179967,105681,86906,0
24079,38194,65118,62273,89197,103312,0
32786,54055,58187,86841,90973,112242,1
35,13272,39142,13307,39177,52414,0
75902,7467,33029,83369,108931,40496,0
21007,79879,33199,100886,54206,113078,0
11963,65137,25658,77100,37621,90795,0
15262,3650,21629,18912,36891,25279,0
71381,40911,87173,112292,158554,128084,1
89596,97860,33259,187456,122855,131119,1
31913,40295,82303,72208,114216,122598,0
17867,73249,37607,91116,55474,110856,0
49747,35203,34411,84950,84158,69614,1
22419,13846,19819,36265,42238,33665,1
49657,67287,6878,116944,56535,74165,0
65905,50500,49459,116405,115364,99959,1
76394,20859,52918,97253,129312,73777,0
21053,44492,83915,65545,104968,128407,0
35859,95133,78586,130992,114445,173719,1
4051,32648,66690,36699,70741,99338,0
10428,2096,90323,12524,100751,92419,0
99241,69795,15689,169036,114930,85484,0
92095,97274,9432,189369,101527,106706,1
98509,78139,6640,176648,105149,84779,0
37320,14037,80951,51357,118271,94988,0
80524,55514,9682,136038,90206,65196,0
2279,17846,85943,20125,88222,103789,0
67041,95915,818,162956,67859,96733,0
87323,9914,74475,97237,161798,84389,0
127,13879,45741,14006,45868,59620,0
70783,23456,51273,94239,122056,74729,1
34118,74686,55637,108804,89755,130323,1
68522,88257,55357,156779,123879,143614,1
44834,30424,17801,75258,62635,48225,1
73232,25551,69856,98783,143088,95407,1
3222,15175,18196,18397,21418,33371,1
59757,77456,84620,137213,144377,162076,1
68898,87070,51343,155968,120241,138413,1
4989,84335,73803,89324,78792,158138,0
30689,96315,44688,127004,75377,141003,0
77431,57050,45022,134481,122453,102072,1
49775,57890,25007,107665,74782,82897,1
45627,25495,23380,71122,69007,48875,1
25762,25526,45292,51288,71054,70818,1
32560,279,73956,32839,106516,74235,0
46862,42719,36332,89581,83194,79051,1
31385,42489,91116,73874,122501,133605,0
93773,31684,97204,125457,190977,128888,1
85639,46941,57593,132580,143232,104534,1
54513,88556,46767,143069,101280,135323,1
18026,46799,64120,64825,82146,110919,1
71165,9436,16700,80601,87865,26136,0
42821,822,52395,43643,95216,53217,0
69325,72437,48378,141762,117703,120815,1
94830,31489,62567,126319,157397,94056,0
95373,74066,70400,169439,165773,144466,1
77511,41268,58311,118779,135822,99579,1
48378,65171,58710,113549,107088,123881,1
67105,16324,54319,83429,121424,70643,1
21742,71180,19868,92922,41610,91048,0
34472,28477,14348,62949,48820,42825,1
28597,13820,2951,42417,31548,16771,0
27282,89042,24779,116324,52061,113821,0
40607,47116,4493,87723,45100,51609,0
77461,45215,24063,122676,101524,69278,0
81500,14541,37219,96041,118719,51760,0
64209,30194,99069,94403,163278,129263,0
97622,13607,80389,111229,178011,93996,0
87227,39073,92280,126300,179507,131353,1
40161,18043,51927,58204,92088,69970,1
87910,75492,65553,163402,153463,141045,1
18121,99333,72482,117454,90603,171815,0
23520,85028,18017,108548,41537,103045,0
46603,67723,90677,114326,137280,158400,1
70773,49940,89761,120713,160534,139701,1
34613,87002,26331,121615,60944,113333,0
91945,48753,8736,140698,100681,57489,0
8500,65252,87796,73752,96296,153048,0
3946,42351,21853,46297,25799,64204,0
28321,67031,35481,95352,63802,102512,0
52477,65368,76707,117845,129184,142075,1
7628,69362,52974,76990,60602,122336,0
81709,52563,87821,134272,169530,140384,1
51407,73333,11608,124740,63015,84941,0
71770,67924,79750,139694,151520,147674,1
10724,35525,29536,46249,40260,65061,1
37419,29661,77592,67080,115011,107253,0
44910,2384,39989,47294,84899,42373,0
24692,45273,10836,69965,35528,56109,0
78233,14443,70128,92676,148361,84571,1
90874,8934,81259,99808,172133,90193,0
34958,31023,50882,65981,85840,81905,1
46745,43079,18587,89824,65332,61666,1
52447,39242,93636,91689,146083,132878,0
22324,93122,48626,115446,70950,141748,0
57595,43295,78212,100890,135807,121507,1
76237,55078,13317,131315,89554,68395,0
38234,19813,7723,58047,45957,27536,0
67410,85895,24976,153305,92386,110871,1
81980,84858,62307,166838,144287,147165,1
45802,8755,83454,54557,129256,92209,0
42969,71767,36947,114736,79916,108714,1
23661,44312,21399,67973,45060,65711,1
85349,13606,601,98955,85950,14207,0
99239,17274,56752,116513,155991,74026,0
98788,23568,53694,122356,152482,77262,0
43987,82109,87213,126096,131200,169322,1
61159,94822,11898,155981,73057,106720,0
59247,45512,67484,104759,126731,112996,1
74782,35748,92291,110530,167073,128039,1
66639,93400,52928,160039,119567,146328,1
63983,22917,89899,86900,153882,112816,0
43881,96056,47857,139937,91738,143913,0
9044,9778,19623,18822,28667,29401,0
5557,27462,16823,33019,22380,44285,0
10365,92565,7880,102930,18245,100445,0
89936,76323,95852,166259,185788,172175,1
3015,47032,27154,50047,30169,74186,0
94927,39027,45853,133954,140780,84880,0
83644,46360,32079,130004,115723,78439,0
12113,98940,53115,111053,65228,152055,0
13159,76951,77194,90110,90353,154145,1
73236,76450,85249,149686,158485,161699,1
80424,59757,91926,140181,172350,151683,1
30031,32520,24752,62551,54783,57272,1
42080,61484,18137,103564,60217,79621,0
69279,48453,97306,117732,166585,145759,1
73566,12633,59889,86199,133455,72522,0
14454,512,68124,14966,82578,68636,0
40159,41926,58678,82085,98837,100604,1
85173,81089,32816,166262,117989,113905,1
40651,74367,60098,115018,100749,134465,1
56030,77861,15112,133891,71142,92973,0
29228,69763,38450,98991,67678,108213,0
93011,11974,98134,104985,191145,110108,1
40731,5172,74015,45903,114746,79187,0
67186,40333,31824,107519,99010,72157,1
43676,29803,95349,73479,139025,125152,0
11357,2111,32337,13468,43694,34448,0
59421,58300,43955,117721,103376,102255,1
74240,21326,18749,95566,92989,40075,0
95053,94749,74607,189802,169660,169356,1
89216,33532,5916,122748,95132,39448,0
9572,88175,57543,97747,67115,145718,0
71157,989,34153,72146,105310,35142,0
78784,24871,75223,103655,154007,100094,1
53951,32793,59349,86744,113300,92142,1
3091,6031,3339,9122,6430,9370,1
26002,67697,13109,93699,39111,80806,0
88257,41707,35929,129964,124186,77636,0
70068,95426,7820,165494,77888,103246,0
74561,11009,21092,85570,95653,32101,0
42563,66380,2181,108943,44744,68561,0
87888,72372,77619,160260,165507,149991,1
10788,95019,47446,105807,58234,142465,0
57761,99858,27028,157619,84789,126886,0
90439,79866,5085,170305,95524,84951,0
8146,26271,42884,34417,51030,69155,0
37960,89043,90126,127003,128086,179169,1
38242,50000,29306,88242,67548,79306,1
15624,29254,79467,44878,95091,108721,0
85652,91467,23469,177119,109121,114936,1
84380,57796,19414,142176,103794,77210,0
9292,98018,45773,107310,55065,143791,0
62251,69959,33764,132210,96015,103723,1
7207,51176,32453,58383,39660,83629,0
6890,57887,51018,64777,57908,108905,1
57910,63690,34190,121600,92100,97880,1
50150,22576,34390,72726,84540,56966,1
17022,54018,54039,71040,71061,108057,1
93340,11791,45106,105131,138446,56897,0
6573,73249,32623,79822,39196,105872,0
20633,76352,11657,96985,32290,88009,0
29150,28846,38076,57996,67226,66922,1
59291,72061,51786,131352,111077,123847,1
42809,42318,38890,85127,81699,81208,1
32979,60628,49982,93607,82961,110610,1
2835,77107,68912,79942,71747,146019,0
66100,76068,41750,142168,107850,117818,1
76758,80979,83640,157737,160398,164619,1
7414,29063,72026,36477,79440,101089,0
2049,12786,82457,14835,84506,95243,0
25244,78319,84986,103563,110230,163305,1
35905,79256,70697,115161,106602,149953,1
98866,55323,98272,154189,197138,153595,1
76073,86767,47314,162840,123387,134081,1
17335,30993,55980,48328,73315,86973,0
14004,2405,16148,16409,30152,18553,1
31894,59408,17511,91302,49405,76919,0
78220,9572,69196,87792,147416,78768,1
31841,35766,21320,67607,53161,57086,1
980,36631,88728,37611,89708,125359,0
38039,34801,27155,72840,65194,61956,1
81210,18601,43474,99811,124684,62075,0
91966,89808,56231,181774,148197,146039,1
39624,11777,87033,51401,126657,98810,0
52715,40828,67292,93543,120007,108120,1
62685,76722,62284,139407,124969,139006,1
92820,81683,61939,174503,154759,143622,1
35664,8428,7554,44092,43218,15982,0
32049,50780,98696,82829,130745,149476,0
55366,26571,27160,81937,82526,53731,0
34591,20886,18168,55477,52759,39054,1
13074,95501,24780,108575,37854,120281,0
4491,19445,5830,23936,10321,25275,0
22433,80592,73691,103025,96124,154283,1
72287,62694,77525,134981,149812,140219,1
22100,19562,97957,41662,120057,117519,0
72607,30155,85740,102762,158347,115895,1
53843,3132,80342,56975,134185,83474,0
70849,36023,65165,106872,136014,101188,1
58095,24262,93909,82357,152004,118171,0
72115,26563,44887,98678,117002,71450,0
5850,58361,26136,64211,31986,84497,0
19124,13920,1649,33044,20773,15569,0
22532,19278,29570,41810,52102,48848,1
45972,15488,75945,61460,121917,91433,0
54589,93593,63960,148182,118549,157553,1
15593,10607,30600,26200,46193,41207,0
57313,10077,75842,67390,133155,85919,0
90018,11955,35823,101973,125841,47778,0
41702,63105,74930,104807,116632,138035,1
30462,17369,79660,47831,110122,97029,0
95761,74317,5278,170078,101039,79595,0
63132,47229,88871,110361,152003,136100,1
31737,73567,50596,105304,82333,124163,1
90341,46528,13656,136869,103997,60184,0
6808,79237,13584,86045,20392,92821,0
69931,58455,58454,128386,128385,116909,1
24699,33063,93030,57762,117729,126093,0
35831,52191,4468,88022,40299,56659,0
41744,97265,87198,139009,128942,184463,1
76766,41514,3231,118280,79997,44745,0
50823,19817,7626,70640,58449,27443,0
7138,86650,94099,93788,101237,180749,0
92226,40162,61269,132388,153495,101431,1
15953,3569,16573,19522,32526,20142,1
69205,81288,16220,150493,85425,97508,1
16258,65630,88780,81888,105038,154410,0
99623,38940,91976,138563,191599,130916,1
63710,9339,3749,73049,67459,13088,0
34142,57438,3160,91580,37302,60598,0
69994,59640,84045,129634,154039,143685,1
49422,141,52538,49563,101960,52679,0
3034,68202,62689,71236,65723,130891,0
31892,44941,26307,76833,58199,71248,1
54536,50053,74815,104589,129351,124868,1
28989,53352,34591,82341,63580,87943,1
31534,92300,77416,123834,108950,169716,1
1777,97826,62758,99603,64535,160584,0
42152,5732,26751,47884,68903,32483,0
81604,19674,52743,101278,134347,72417,0
59993,73243,20644,133236,80637,93887,1
50693,17437,68128,68130,118821,85565,1
50674,46550,54981,97224,105655,101531,1
18439,20748,24823,39187,43262,45571,1
34694,12688,17692,47382,52386,30380,0
58768,73336,17057,132104,75825,90393,1
3807,14160,48932,17967,52739,63092,0
70058,53635,12122,123693,82180,65757,0
25662,92524,47342,118186,73004,139866,0
55917,51517,40672,107434,96589,92189,1
73103,54214,2024,127317,75127,56238,0
67540,78231,14936,145771,82476,93167,1
92055,2000,3963,94055,96018,5963,0
61278,20915,75932,82193,137210,96847,1
71290,89764,39583,161054,110873,129347,1
64066,59733,72416,123799,136482,132149,1
51784,49422,4802,101206,56586,54224,1
22637,1468,12546,24105,35183,14014,0
61631,66842,63768,128473,125399,130610,1
39294,89401,9879,128695,49173,99280,0
24291,20950,34466,45241,58757,55416,1
75371,41205,33164,116576,108535,74369,0
60254,47435,10349,107689,70603,57784,0
38249,99180,79396,137429,117645,178576,1
77385,77150,69942,154535,147327,147092,1
82577,75827,94589,158404,177166,170416,1
29972,63962,86510,93934,116482,150472,1
35149,87053,12598,122202,47747,99651,0
75588,51791,51212,127379,126800,103003,1
72746,46987,65686,119733,138432,112673,1
61410,5032,50316,66442,111726,55348,0
59715,97980,85434,157695,145149,183414,1
16186,60056,66223,76242,82409,126279,1
53299,68790,95220,122089,148519,164010,1
37240,1593,79765,38833,117005,81358,0
12705,50143,58097,62848,70802,108240,1
47208,60405,60857,107613,108065,121262,1
47032,18744,62167,65776,109199,80911,1
30585,73984,86073,104569,116658,160057,1
75395,46445,56947,121840,132342,103392,1
9410,36579,32757,45989,42167,69336,1
767,34958,30128,35725,30895,65086,0
103,98022,40166,98125,40269,138188,0
37371,69047,55592,106418,92963,124639,1
84937,87605,22636,172542,107573,110241,1
71062,84544,24610,155606,95672,109154,1
74992,19059,65720,94051,140712,84779,1
22693,36764,15232,59457,37925,51996,1
86558,76982,58134,163540,144692,135116,1
94597,98148,33233,192745,127830,131381,1
14194,45051,77457,59245,91651,122508,0
73674,53348,42761,127022,116435,96109,1
43170,50676,88080,93846,131250,138756,1
18670,60243,58188,78913,76858,118431,1
40856,3594,99937,44450,140793,103531,0
80461,47223,50855,127684,131316,98078,1
17852,39006,70835,56858,88687,109841,0
2712,25554,1013,28266,3725,26567,0
42378,75583,3104,117961,45482,78687,0
52772,90255,50333,143027,103105,140588,1
39082,65501,81623,104583,120705,147124,1
26372,29895,19293,56267,45665,49188,1
66079,69729,27487,135808,93566,97216,1
47423,58112,34310,105535,81733,92422,1
18268,92369,3835,110637,22103,96204,0
68617,51597,85447,120214,154064,137044,1
86794,71003,76153,157797,162947,147156,1
30175,45160,8328,75335,38503,53488,0
39040,96702,67666,135742,106706,164368,1
59134,12095,97698,71229,156832,109793,0
35959,77137,37747,113096,73706,114884,0
97758,41745,94782,139503,192540,136527,1
4652,77516,90117,82168,94769,167633,0
63714,80063,51907,143777,115621,131970,1
59983,67127,57112,127110,117095,124239,1
6482,12585,58084,19067,64566,70669,0
78685,69077,81096,147762,159781,150173,1
32305,19925,33081,52230,65386,53006,1
33077,1175,79802,34252,112879,80977,0
12724,81665,8186,94389,20910,89851,0
83897,42105,27090,126002,110987,69195,0
61734,3196,8327,64930,70061,11523,0
39308,35740,88962,75048,128270,124702,0
63764,25041,46383,88805,110147,71424,1
57005,56382,61117,113387,118122,117499,1
74068,8111,80529,82179,154597,88640,1
74160,16620,25060,90780,99220,41680,0
65062,82475,37954,147537,103016,120429,1
65954,72486,66974,138440,132928,139460,1
41289,22272,88039,63561,129328,110311,0
76363,79400,40010,155763,116373,119410,1
58989,91863,10861,150852,69850,102724,0
70452,21507,79209,91959,149661,100716,1
95004,3549,80514,98553,175518,84063,0
36012,24305,93020,60317,129032,117325,0
13939,94847,25685,108786,39624,120532,0
35195,55648,17645,90843,52840,73293,0
57115,69751,64459,126866,121574,134210,1
63204,27156,3254,90360,66458,30410,0
25829,18175,23735,44004,49564,41910,1
5747,26626,94800,32373,100547,121426,0
77350,60218,83939,137568,161289,144157,1
45104,16988,77489,62092,122593,94477,0
46024,79186,6984,125210,53008,86170,0
40584,24921,19941,65505,60525,44862,1
14792,28877,75036,43669,89828,103913,0
62217,73793,84842,136010,147059,158635,1
44269,28227,54414,72496,98683,82641,1
64632,29265,52055,93897,116687,81320,1
91776,60179,18509,151955,110285,78688,0
62281,44682,29420,106963,91701,74102,1
22383,57499,14515,79882,36898,72014,0
8631,72040,14075,80671,22706,86115,0
84110,28667,893,112777,85003,29560,0
90856,62701,39961,153557,130817,102662,1
55228,60805,11927,116033,67155,72732,1
17891,51660,53299,69551,71190,104959,1
99588,74359,60820,173947,160408,135179,1
35398,44706,92415,80104,127813,137121,0
7548,74818,50318,82366,57866,125136,0
50322,21427,7222,71749,57544,28649,0
75124,98618,89138,173742,164262,187756,1
56267,2730,80150,58997,136417,82880,0
85197,33561,14824,118758,100021,48385,0
87453,59136,25980,146589,113433,85116,0
44174,56358,75719,100532,119893,132077,1
28413,68913,80843,97326,109256,149756,1
30057,94826,29695,124883,59752,124521,0
23760,28939,6350,52699,30110,35289,1
92006,54178,53410,146184,145416,107588,1
11009,30177,10557,41186,21566,40734,0
34121,74816,85566,108937,119687,160382,1
38182,17892,5936,56074,44118,23828,0
62324,47566,52046,109890,114370,99612,1
24600,56286,69485,80886,94085,125771,1
21529,81708,24703,103237,46232,106411,0
97852,65566,45820,163418,143672,111386,1
62503,1509,10151,64012,72654,11660,0
7055,9952,96128,17007,103183,106080,0
4377,8051,33432,12428,37809,41483,0
23858,60172,46611,84030,70469,106783,1
1816,39936,33902,41752,35718,73838,0
40598,37301,96691,77899,137289,133992,0
96393,14940,1599,111333,97992,16539,0
10541,66879,45559,77420,56100,112438,0
7241,71939,71059,79180,78300,142998,1
91581,3472,21346,95053,112927,24818,0
88103,11440,52174,99543,140277,63614,0
68897,40580,76835,109477,145732,117415,1
2781,39663,49235,42444,52016,88898,0
29483,96965,53906,126448,83389,150871,0
99859,8102,82368,107961,182227,90470,0
72428,12717,89474,85145,161902,102191,0
28130,68657,13904,96787,42034,82561,0
81629,14146,92584,95775,174213,106730,1
70660,20328,60684,90988,131344,81012,1
70803,5045,11824,75848,82627,16869,0
93793,35080,12764,128873,106557,47844,0
6221,1509,35316,7730,41537,36825,0
60410,35003,6293,95413,66703,41296,0
38088,98830,72389,136918,110477,171219,1
98809,68868,80843,167677,179652,149711,1
67293,11722,13228,79015,80521,24950,0
22201,51888,39315,74089,61516,91203,1
34297,13220,95002,47517,129299,108222,0
28470,4980,95939,33450,124409,100919,0
92819,56191,1921,149010,94740,58112,0
96072,2681,79484,98753,175556,82165,0
4243,51186,39867,55429,44110,91053,0
33548,98273,53446,131821,86994,151719,0
39250,15567,86879,54817,126129,102446,0
10444,99463,49921,109907,60365,149384,0
21008,21069,88001,42077,109009,109070,0
24304,18270,31448,42574,55752,49718,1
26849,74239,49918,101088,76767,124157,1
85742,81601,76617,167343,162359,158218,1
91520,51696,4251,143216,95771,55947,0
90380,99033,90467,189413,180847,189500,1
86394,58754,82841,145148,169235,141595,1
32668,6388,23217,39056,55885,29605,0
62572,93936,29984,156508,92556,123920,0
14572,85594,16708,100166,31280,102302,0
29233,80728,72946,109961,102179,153674,1
33778,54214,16351,87992,50129,70565,0
12707,90213,67119,102920,79826,157332,0
97621,88463,23085,186084,120706,111548,1
94724,95270,32207,189994,126931,127477,1
11392,14538,53913,25930,65305,68451,0
7023,72335,47043,79358,54066,119378,0
77734,72577,90013,150311,167747,162590,1
83930,33184,2695,117114,86625,35879,0
29280,1740,39087,31020,68367,40827,0
50610,42312,81795,92922,132405,124107,1
1742,79388,52727,81130,54469,132115,0
1938,68399,76500,70337,78438,144899,0
27503,73701,27057,101204,54560,100758,0
58120,28248,87540,86368,145660,115788,0
51999,46024,70922,98023,122921,116946,1
22315,552,83604,22867,105919,84156,0
11446,51591,44372,63037,55818,95963,1
15971,15710,76601,31681,92572,92311,0
58673,41921,78176,100594,136849,120097,1
87529,90706,59815,178235,147344,150521,1
65592,62942,82706,128534,148298,145648,1
12750,83321,72706,96071,85456,156027,1
70088,17318,13348,87406,83436,30666,0
54202,21957,72015,76159,126217,93972,1
35528,6741,30530,42269,66058,37271,1
14066,92438,75870,106504,89936,168308,0
21148,98754,5418,119902,26566,104172,0
99646,32706,83305,132352,182951,116011,1
83643,69087,75939,152730,159582,145026,1
99444,7370,41846,106814,141290,49216,0
81577,97502,89862,179079,171439,187364,1
96101,10563,4767,106664,100868,15330,0
20385,63414,87098,83799,107483,150512,0
56680,92160,24901,148840,81581,117061,0
81942,28851,81731,110793,163673,110582,1
90057,77869,4443,167926,94500,82312,0
30365,19020,49645,49385,80010,68665,0
46766,51007,44736,97773,91502,95743,1
58727,53635,3560,112362,62287,57195,0
55348,66954,85796,122302,141144,152750,1
80046,58309,5255,138355,85301,63564,0
36301,89547,10594,125848,46895,100141,0
55316,5033,85457,60349,140773,90490,0
48465,12651,82879,61116,131344,95530,0
12431,47281,45520,59712,57951,92801,1
76668,19703,88954,96371,165622,108657,1
79524,17803,62787,97327,142311,80590,1
87532,49237,91331,136769,178863,140568,1
81717,85915,42221,167632,123938,128136,1
58539,62948,45981,121487,104520,108929,1
17024,59482,36080,76506,53104,95562,0
40726,92055,24115,132781,64841,116170,0
4802,85716,39806,90518,44608,125522,0
95192,51454,69917,146646,165109,121371,1
93426,33819,72755,127245,166181,106574,1
93200,89234,13947,182434,107147,103181,1
2501,93551,6616,96052,9117,100167,0
74153,28221,30214,102374,104367,58435,0
78102,260,2704,78362,80806,2964,0
99990,45560,52272,145550,152262,97832,0
87073,92495,72962,179568,160035,165457,1
69487,75964,58530,145451,128017,134494,1
80011,41264,73785,121275,153796,115049,1
32483,50218,88404,82701,120887,138622,0
4990,49984,83407,54974,88397,133391,0
1705,88058,46288,89763,47993,134346,0
45271,86035,67608,131306,112879,153643,1
30641,72323,17893,102964,48534,90216,0
55125,53719,78669,108844,133794,132388,1
90916,45708,91054,136624,181970,136762,1
59808,72874,70827,132682,130635,143701,1
97591,82618,51353,180209,148944,133971,1
10019,47899,81453,57918,91472,129352,0
41802,18454,19769,60256,61571,38223,0
51803,39234,61102,91037,112905,100336,1
38381,62749,47640,101130,86021,110389,1
86074,31325,80743,117399,166817,112068,1
20147,49372,94966,69519,115113,144338,0
88793,17756,39410,106549,128203,57166,0
74719,63285,88545,138004,163264,151830,1
3083,67035,24214,70118,27297,91249,0
62336,81734,96378,144070,158714,178112,1
62328,15246,43310,77574,105638,58556,0
66604,60155,39347,126759,105951,99502,1
58823,81437,70323,140260,129146,151760,1
11101,5623,38555,16724,49656,44178,0
21313,67637,37673,88950,58986,105310,0
56710,67234,37794,123944,94504,105028,1
69396,80413,37998,149809,107394,118411,1
57612,48810,55004,106422,112616,103814,1
19899,68799,24049,88698,43948,92848,0
23301,64619,52745,87920,76046,117364,1
83179,89955,52060,173134,135239,142015,1
18541,4280,25475,22821,44016,29755,0
15505,62868,99552,78373,115057,162420,0
95333,10758,63779,106091,159112,74537,0
68708,22427,82710,91135,151418,105137,1
95728,67405,75153,163133,170881,142558,1
99936,10194,60674,110130,160610,70868,0
49092,39057,8590,88149,57682,47647,0
27252,76658,55092,103910,82344,131750,1
12792,16863,10121,29655,22913,26984,1
66976,45307,50434,112283,117410,95741,1
74162,88500,10189,162662,84351,98689,0
69434,5419,6795,74853,76229,12214,0
68548,46973,73268,115521,141816,120241,1
43572,33030,67789,76602,111361,100819,1
88233,26720,74234,114953,162467,100954,1
93111,99049,63722,192160,156833,162771,1
85545,32132,24897,117677,110442,57029,0
28464,20446,39618,48910,68082,60064,1
55511,41091,64844,96602,120355,105935,1
88454,56974,19852,145428,108306,76826,0
99058,20843,17424,119901,116482,38267,0
63974,7066,42609,71040,106583,49675,0
11206,92763,14463,103969,25669,107226,0
38095,84972,65416,123067,103511,150388,1
12881,93516,93494,106397,106375,187010,1
50575,94630,81892,145205,132467,176522,1
63290,22820,79486,86110,142776,102306,1
11415,8214,32436,19629,43851,40650,0
41814,2641,18851,44455,60665,21492,0
3953,20819,63048,24772,67001,83867,0
63946,29694,90068,93640,154014,119762,1
91447,10261,53156,101708,144603,63417,0
88617,71034,12434,159651,101051,83468,0
15088,2939,24636,18027,39724,27575,0
31605,91760,54752,123365,86357,146512,0
13688,22670,88776,36358,102464,111446,0
66845,11000,71018,77845,137863,82018,1
30850,1922,94385,32772,125235,96307,0
18569,2954,83681,21523,102250,86635,0
59137,74443,78906,133580,138043,153349,1
79731,6569,67927,86300,147658,74496,0
19893,59845,35494,79738,55387,95339,0
47892,87158,20473,135050,68365,107631,0
11316,77822,61134,89138,72450,138956,0
80417,5272,44859,85689,125276,50131,0
17700,69234,67971,86934,85671,137205,1
70539,99509,10821,170048,81360,110330,0
43066,44744,43859,87810,86925,88603,1
85493,98153,86280,183646,171773,184433,1
7359,13776,21845,21135,29204,35621,0
59193,94849,4079,154042,63272,98928,0
15132,88000,37793,103132,52925,125793,0
63151,71731,74551,134882,137702,146282,1
82263,98526,31381,180789,113644,129907,1
8456,39011,37672,47467,46128,76683,1
71408,81599,10649,153007,82057,92248,1
94937,79177,21825,174114,116762,101002,1
86120,91521,11883,177641,98003,103404,1
28255,46814,3990,75069,32245,50804,0
37677,97758,76924,135435,114601,174682,1
50348,29968,14835,80316,65183,44803,0
42615,60696,79814,103311,122429,140510,1
22007,96925,70785,118932,92792,167710,0
74114,48399,1949,122513,76063,50348,0
4032,28832,82663,32864,86695,111495,0
64188,57658,15161,121846,79349,72819,1
42455,3590,17975,46045,60430,21565,0
49041,11973,62834,61014,111875,74807,0
12823,60231,67704,73054,80527,127935,1
14043,33474,34016,47517,48059,67490,1
2388,28117,52675,30505,55063,80792,0
84908,91148,91401,176056,176309,182549,1
46981,6508,36921,53489,83902,43429,0
84111,35848,93443,119959,177554,129291,1
13659,14688,69415,28347,83074,84103,0
5143,31943,66772,37086,71915,98715,0
85481,19525,13540,105006,99021,33065,0
77764,66806,83627,144570,161391,150433,1
30500,91240,28085,121740,58585,119325,0
58432,34246,26334,92678,84766,60580,1
4996,662,10140,5658,15136,10802,0
5808,28235,10613,34043,16421,38848,0
26924,72298,56330,99222,83254,128628,1
45315,77027,87830,122342,133145,164857,1
5587,43893,96831,49480,102418,140724,0
20003,80708,69001,100711,89004,149709,1
52886,89876,27783,142762,80669,117659,0
47005,50187,36693,97192,83698,86880,1
29637,79759,85047,109396,114684,164806,1
46537,76886,83222,123423,129759,160108,1
37740,70459,18947,108199,56687,89406,0
60800,13244,38488,74044,99288,51732,0
67660,70645,48588,138305,116248,119233,1
9100,71773,85513,80873,94613,157286,0
50977,19861,13047,70838,64024,32908,0
79699,63641,82256,143340,161955,145897,1
42082,6284,89666,48366,131748,95950,0
24547,79961,87880,104508,112427,167841,1
79773,63931,80962,143704,160735,144893,1
93368,96783,15670,190151,109038,112453,1
9039,42896,82927,51935,91966,125823,0
10635,69267,7924,79902,18559,77191,0
30560,75722,86426,106282,116986,162148,1
8523,73578,65170,82101,73693,138748,1
21878,95034,55378,116912,77256,150412,0
97400,83815,29643,181215,127043,113458,1
99182,40500,91008,139682,190190,131508,1
13677,25106,44990,38783,58667,70096,0
13925,69973,40197,83898,54122,110170,0
29315,93840,69792,123155,99107,163632,1
47736,91499,90686,139235,138422,182185,1
25390,41638,25587,67028,50977,67225,1
49588,26337,23226,75925,72814,49563,0
99529,29900,65725,129429,165254,95625,0
71911,4973,61341,76884,133252,66314,0
96619,19069,62025,115688,158644,81094,0
61808,31671,72100,93479,133908,103771,1
83276,58630,90610,141906,173886,149240,1
78127,15262,9374,93389,87501,24636,0
53143,55744,65473,108887,118616,121217,1
59018,67818,49085,126836,108103,116903,1
49659,59958,26329,109617,75988,86287,1
64795,23132,57743,87927,122538,80875,1
2549,73922,3250,76471,5799,77172,0
64357,37573,84195,101930,148552,121768,1
77244,48877,22350,126121,99594,71227,0
38104,13937,8381,52041,46485,22318,0
3734,73243,48808,76977,52542,122051,0
42953,8139,78066,51092,121019,86205,0
69565,20557,28151,90122,97716,48708,0
50577,42936,37474,93513,88051,80410,1
95438,7540,76238,102978,171676,83778,0
98337,70707,19711,169044,118048,90418,0
47191,57622,95249,104813,142440,152871,1
96925,51226,39738,148151,136663,90964,0
51908,50753,6299,102661,58207,57052,1
98378,20766,42568,119144,140946,63334,0
57310,63383,54556,120693,111866,117939,1
67797,60103,83492,127900,151289,143595,1
78991,22908,72177,101899,151168,95085,1
40323,97061,78843,137384,119166,175904,1
5542,88771,43680,94313,49222,132451,0
4571,83456,17680,88027,22251,101136,0
46404,50634,85002,97038,131406,135636,1
41663,40976,29586,82639,71249,70562,1
84086,65540,3387,149626,87473,68927,0
70526,40952,30723,111478,101249,71675,1
72134,92062,81293,164196,153427,173355,1
78641,12177,93668,90818,172309,105845,0
91191,52384,48719,143575,139910,101103,1
34343,82454,42019,116797,76362,124473,0
77497,84374,58827,161871,136324,143201,1
79244,2528,61830,81772,141074,64358,0
4934,94705,2029,99639,6963,96734,0
30750,11788,3254,42538,34004,15042,0
67017,42272,18366,109289,85383,60638,0
37413,81819,56927,119232,94340,138746,1
31767,10119,47825,41886,79592,57944,0
78788,23094,73765,101882,152553,96859,1
29681,1565,21263,31246,50944,22828,0
81064,24767,30147,105831,111211,54914,0
53369,27249,42475,80618,95844,69724,1
19888,16408,11153,36296,31041,27561,1
88038,60215,41406,148253,129444,101621,1
70941,70358,71354,141299,142295,141712,1
77043,62353,55813,139396,132856,118166,1
61624,84197,31066,145821,92690,115263,1
29323,41856,48705,71179,78028,90561,1
84398,99861,67532,184259,151930,167393,1
85707,3241,2243,88948,87950,5484,0
49917,13777,40908,63694,90825,54685,1
16158,75909,87778,92067,103936,163687,1
86142,28109,61139,114251,147281,89248,1
60309,47129,28402,107438,88711,75531,1
15218,8792,19851,24010,35069,28643,1
14854,76885,41115,91739,55969,118000,0
93418,98336,71958,191754,165376,170294,1
49191,63593,60520,112784,109711,124113,1
55942,46292,93699,102234,149641,139991,1
34859,36084,9130,70943,43989,45214,1
90908,95825,67097,186733,158005,162922,1
40349,19432,68445,59781,108794,87877,0
57897,63375,88158,121272,146055,151533,1
86893,88234,60972,175127,147865,149206,1
67842,14070,20979,81912,88821,35049,0
30201,63657,10197,93858,40398,73854,0
92229,52741,1474,144970,93703,54215,0
15620,94483,27855,110103,43475,122338,0
67680,45428,75632,113108,143312,121060,1
47568,23944,85972,71512,133540,109916,0
95710,67431,35028,163141,130738,102459,1
49219,58426,20991,107645,70210,79417,1
26622,11265,87257,37887,113879,98522,0
62280,84897,14607,147177,76887,99504,0
56197,85001,54590,141198,110787,139591,1
98741,60164,93108,158905,191849,153272,1
21102,84797,30761,105899,51863,115558,0
46137,51423,20308,97560,66445,71731,1
11020,56020,94703,67040,105723,150723,0
34723,16691,31087,51414,65810,47778,1
2793,21458,55707,24251,58500,77165,0
58235,29671,63026,87906,121261,92697,1
40339,45995,17537,86334,57876,63532,1
5121,91866,43260,96987,48381,135126,0
72886,44148,63466,117034,136352,107614,1
80202,45027,5938,125229,86140,50965,0
40777,54251,32933,95028,73710,87184,1
74102,46862,62003,120964,136105,108865,1
19435,11772,86967,31207,106402,98739,0
13606,77144,3114,90750,16720,80258,0
85086,60906,17993,145992,103079,78899,0
33888,42520,6731,76408,40619,49251,0
72234,76014,77214,148248,149448,153228,1
40626,12899,6929,53525,47555,19828,0
74618,28397,27000,103015,101618,55397,0
86242,67262,67038,153504,153280,134300,1
55911,68112,53777,124023,109688,121889,1
12012,54561,50607,66573,62619,105168,1
23312,11454,41367,34766,64679,52821,0
11638,60872,86331,72510,97969,147203,0
25320,34075,17417,59395,42737,51492,1
21878,35644,19771,57522,41649,55415,1
65797,24820,86375,90617,152172,111195,1
26932,71301,51612,98233,78544,122913,1
46459,84583,50963,131042,97422,135546,1
24434,92821,42377,117255,66811,135198,0
96469,96302,17269,192771,113738,113571,1
32016,92959,64853,124975,96869,157812,1
57612,49295,93601,106907,151213,142896,1
26307,23080,21687,49387,47994,44767,1
67759,95702,92854,163461,160613,188556,1
12442,74896,24533,87338,36975,99429,0
44158,70978,9708,115136,53866,80686,0
99128,57710,80083,156838,179211,137793,1
94520,41923,48950,136443,143470,90873,0
15668,71889,34011,87557,49679,105900,0
63986,17005,57542,80991,121528,74547,1
54852,2381,37419,57233,92271,39800,0
87921,98412,23193,186333,111114,121605,1
17155,46499,68571,63654,85726,115070,0
99325,28385,98992,127710,198317,127377,1
71471,46222,36265,117693,107736,82487,1
76966,65729,57921,142695,134887,123650,1
84524,62555,73687,147079,158211,136242,1
82643,41952,54384,124595,137027,96336,1
42835,4327,72799,47162,115634,77126,0
43346,15905,12747,59251,56093,28652,0
41274,50454,22591,91728,63865,73045,1
85292,17502,12511,102794,97803,30013,0
57617,41628,61367,99245,118984,102995,1
8878,5263,73634,14141,82512,78897,0
58433,7206,7993,65639,66426,15199,0
75884,40145,89750,116029,165634,129895,1
27328,54262,12756,81590,40084,67018,0
86305,95154,16001,181459,102306,111155,1
66413,50891,14568,117304,80981,65459,0
38586,93624,85574,132210,124160,179198,1
48038,21661,52657,69699,100695,74318,1
21073,41166,84996,62239,106069,126162,0
64526,17901,41721,82427,106247,59622,0
10897,45802,688,56699,11585,46490,0
65221,85183,17466,150404,82687,102649,0
30932,76563,19080,107495,50012,95643,0
28204,89503,20282,117707,48486,109785,0
28743,48842,96876,77585,125619,145718,0
10796,26069,46496,36865,57292,72565,0
20880,1130,55429,22010,76309,56559,0
67176,92243,97131,159419,164307,189374,1
41134,61667,82592,102801,123726,144259,1
82017,19019,98587,101036,180604,117606,1
88890,33946,27279,122836,116169,61225,0
35838,75197,32701,111035,68539,107898,0
89800,19093,7500,108893,97300,26593,0
44405,833,24947,45238,69352,25780,0
94314,81500,2138,175814,96452,83638,0
22257,69043,69452,91300,91709,138495,1
39720,93238,30710,132958,70430,123948,0
88622,82360,22795,170982,111417,105155,1
62488,72010,83871,134498,146359,155881,1
78237,59284,30722,137521,108959,90006,1
91612,33255,11076,124867,102688,44331,0
79483,36229,68413,115712,147896,104642,1
22528,54228,48463,76756,70991,102691,1
82630,43053,61354,125683,143984,104407,1
64165,77804,19724,141969,83889,97528,1
54407,29732,44774,84139,99181,74506,1
12385,75457,97406,87842,109791,172863,0
29806,26210,91192,56016,120998,117402,0
99079,35514,80103,134593,179182,115617,1
21666,90159,79301,111825,100967,169460,1
44140,18301,54088,62441,98228,72389,1
20428,19030,10284,39458,30712,29314,1
23967,6556,5507,30523,29474,12063,0
34710,42661,82110,77371,116820,124771,0
79065,39635,67195,118700,146260,106830,1
7099,16073,74583,23172,81682,90656,0
80656,83311,51905,163967,132561,135216,1
27372,68638,55960,96010,83332,124598,1
18260,950,81190,19210,99450,82140,0
30101,69334,13793,99435,43894,83127,0
45365,94926,93299,140291,138664,188225,1
56838,27266,51766,84104,108604,79032,1
57606,39202,12952,96808,70558,52154,0
95554,46206,7494,141760,103048,53700,0
43961,60204,76646,104165,120607,136850,1
49538,82935,45976,132473,95514,128911,1
71681,46280,33091,117961,104772,79371,1
91559,63205,66179,154764,157738,129384,1
25839,93061,88212,118900,114051,181273,1
6376,14742,99782,21118,106158,114524,0
19,88152,49306,88171,49325,137458,0
80866,60461,5492,141327,86358,65953,0
40742,32045,35943,72787,76685,67988,1
79462,66926,55330,146388,134792,122256,1
28623,59024,60791,87647,89414,119815,1
37123,53323,74469,90446,111592,127792,1
3096,26211,32693,29307,35789,58904,0
37189,84287,14415,121476,51604,98702,0
12748,45848,30818,58596,43566,76666,0
69713,27941,13680,97654,83393,41621,0
56919,50721,67655,107640,124574,118376,1
42490,95662,37830,138152,80320,133492,0
24691,58615,33402,83306,58093,92017,0
12541,15068,85227,27609,97768,100295,0
44763,28464,74436,73227,119199,102900,0
72765,7163,50271,79928,123036,57434,0
90386,29371,22326,119757,112712,51697,0
256,64069,7747,64325,8003,71816,0
88508,38311,87993,126819,176501,126304,1
33603,24371,77841,57974,111444,102212,0
65102,70301,36955,135403,102057,107256,1
35661,68085,70396,103746,106057,138481,1
54939,61563,88605,116502,143544,150168,1
68676,6233,95144,74909,163820,101377,0
27848,59682,31719,87530,59567,91401,0
58065,86240,87742,144305,145807,173982,1
71747,47057,71768,118804,143515,118825,1
4141,52577,45683,56718,49824,98260,0
41177,85574,72501,126751,113678,158075,1
32419,80359,3282,112778,35701,83641,0
14857,1104,79023,15961,93880,80127,0
76505,60735,47093,137240,123598,107828,1
46416,83731,80058,130147,126474,163789,1
26961,54068,28182,81029,55143,82250,1
29362,78264,33697,107626,63059,111961,0
87750,6328,18337,94078,106087,24665,0
78858,22188,69646,101046,148504,91834,1
52668,83511,99389,136179,152057,182900,1
40814,26077,52789,66891,93603,78866,1
11890,9722,77501,21612,89391,87223,0
64024,99611,70389,163635,134413,170000,1
79073,13244,27003,92317,106076,40247,0
99301,63777,63758,163078,163059,127535,1
15053,94217,95335,109270,110388,189552,1
23298,99017,66400,122315,89698,165417,0
73082,6795,51111,79877,124193,57906,0
9126,26900,51108,36026,60234,78008,0
82720,24358,23898,107078,106618,48256,0
75431,67747,32579,143178,108010,100326,1
67573,96785,40971,164358,108544,137756,1
92091,54266,82342,146357,174433,136608,1
82761,44609,87736,127370,170497,132345,1
6298,19874,3207,26172,9505,23081,0
70247,846,6203,71093,76450,7049,0
66187,87932,2573,154119,68760,90505,0
28701,58580,94390,87281,123091,152970,0
19014,32230,11262,51244,30276,43492,0
29412,68155,5942,97567,35354,74097,0
49585,95283,76919,144868,126504,172202,1
73399,26130,91721,99529,165120,117851,1
36532,22888,86515,59420,123047,109403,0
14810,87781,19772,102591,34582,107553,0
45680,14337,52313,60017,97993,66650,1
19517,68246,9195,87763,28712,77441,0
91679,81179,80317,172858,171996,161496,1
3543,88474,79329,92017,82872,167803,0
16488,2080,36211,18568,52699,38291,0
72244,88652,21565,160896,93809,110217,1
44991,24411,32949,69402,77940,57360,1
64640,90471,73895,155111,138535,164366,1
11533,46741,31546,58274,43079,78287,0
70656,30573,55578,101229,126234,86151,1
81462,41740,25348,123202,106810,67088,0
46628,90407,47987,137035,94615,138394,1
80990,65115,97555,146105,178545,162670,1
61059,37463,37914,98522,98973,75377,1
89347,45916,74172,135263,163519,120088,1
67694,24321,55823,92015,123517,80144,1
45656,35510,5902,81166,51558,41412,0
20554,80643,91960,101197,112514,172603,1
9053,48571,21547,57624,30600,70118,0
79350,89128,22721,168478,102071,111849,1
56282,91373,62084,147655,118366,153457,1
23624,54610,89916,78234,113540,144526,0
74065,683,66849,74748,140914,67532,0
81595,42242,86946,123837,168541,129188,1
40504,94000,38590,134504,79094,132590,0
60082,46307,88567,106389,148649,134874,1
91287,12285,80534,103572,171821,92819,1
64198,64912,74456,129110,138654,139368,1
29817,62343,33168,92160,62985,95511,1
14153,80038,69983,94191,84136,150021,1
22320,97210,97956,119530,120276,195166,1
14230,4307,28918,18537,43148,33225,0
207,28717,17616,28924,17823,46333,0
91389,33622,49456,125011,140845,83078,0
22612,11831,67866,34443,90478,79697,0
48352,17074,76763,65426,125115,93837,0
89008,22915,52316,111923,141324,75231,0
67110,75922,56357,143032,123467,132279,1
19169,25243,33903,44412,53072,59146,1
80267,46624,79298,126891,159565,125922,1
73094,46453,91825,119547,164919,138278,1
70866,51517,68047,122383,138913,119564,1
63859,20734,60005,84593,123864,80739,1
4285,95551,59664,99836,63949,155215,0
8258,43893,25099,52151,33357,68992,0
86068,89689,58628,175757,144696,148317,1
91410,41400,93561,132810,184971,134961,1
45933,15416,91733,61349,137666,107149,0
1758,70671,6736,72429,8494,77407,0
96772,44175,40138,140947,136910,84313,0
92537,51487,65335,144024,157872,116822,1
7717,67719,32310,75436,40027,100029,0
79697,50547,85343,130244,165040,135890,1
43380,87178,92330,130558,135710,179508,1
39243,61365,88735,100608,127978,150100,1
32125,5983,48090,38108,80215,54073,0
37348,23239,66242,60587,103590,89481,0
33365,3763,19248,37128,52613,23011,0
76062,23606,23391,99668,99453,46997,0
85289,24714,95945,110003,181234,120659,1
28041,96020,21129,124061,49170,117149,0
67664,97166,94176,164830,161840,191342,1
16699,63040,2128,79739,18827,65168,0
1155,2679,39849,3834,41004,42528,0
70130,48768,65138,118898,135268,113906,1
36754,22968,56764,59722,93518,79732,1
70526,61677,65913,132203,136439,127590,1
55963,6340,43875,62303,99838,50215,0
72032,59517,5411,131549,77443,64928,0
31446,59850,48454,91296,79900,108304,1
37586,38751,98639,76337,136225,137390,0
96514,24898,40549,121412,137063,65447,0
96114,41948,78977,138062,175091,120925,1
25059,68686,56623,93745,81682,125309,1
17033,93550,54751,110583,71784,148301,0
82963,83336,61996,166299,144959,145332,1
90625,98780,9564,189405,100189,108344,1
21739,81947,41486,103686,63225,123433,0
68495,49242,12491,117737,80986,61733,0
313,65077,72658,65390,72971,137735,0
4896,64619,79575,69515,84471,144194,0
12501,41633,93735,54134,106236,135368,0
9591,49473,41811,59064,51402,91284,1
72689,84424,14985,157113,87674,99409,1
30073,93461,87965,123534,118038,181426,1
80206,50586,13648,130792,93854,64234,0
74803,56507,95101,131310,169904,151608,1
21266,23617,54958,44883,76224,78575,0
24947,52759,9525,77706,34472,62284,0
76160,69695,70524,145855,146684,140219,1
95274,28185,72486,123459,167760,100671,1
22258,41876,95143,64134,117401,137019,0
41803,54917,11006,96720,52809,65923,0
88216,76767,47586,164983,135802,124353,1
6392,99600,65008,105992,71400,164608,0
45041,38405,6470,83446,51511,44875,0
71059,85063,72310,156122,143369,157373,1
57574,71645,53908,129219,111482,125553,1
89934,92605,19095,182539,109029,111700,1
46650,61974,22787,108624,69437,84761,1
69166,12879,26976,82045,96142,39855,0
35892,81269,32454,117161,68346,113723,0
28197,64896,17693,93093,45890,82589,0
93777,27274,74019,121051,167796,101293,1
91024,23547,73221,114571,164245,96768,1
72217,69294,24719,141511,96936,94013,1
37981,41978,20678,79959,58659,62656,1
99909,89671,36177,189580,136086,125848,1
17475,55342,31161,72817,48636,86503,0
46767,42237,65898,89004,112665,108135,1
58263,3280,78626,61543,136889,81906,0
28207,74667,8164,102874,36371,82831,0
19425,75198,75329,94623,94754,150527,1
40920,70648,95782,111568,136702,166430,1
35488,82397,63175,117885,98663,145572,1
52276,24220,47102,76496,99378,71322,1
12940,59907,16335,72847,29275,76242,0
63468,53782,34281,117250,97749,88063,1
75591,72447,31048,148038,106639,103495,1
8527,1242,87565,9769,96092,88807,0
15596,64077,75414,79673,91010,139491,1
19609,23307,93659,42916,113268,116966,0
69179,93177,15223,162356,84402,108400,0
9,6643,45886,6652,45895,52529,0
75128,5988,71470,81116,146598,77458,1
38053,72766,20836,110819,58889,93602,0
4333,58486,48078,62819,52411,106564,0
63254,86610,37817,149864,101071,124427,1
21275,54528,95752,75803,117027,150280,0
32573,12364,94901,44937,127474,107265,0
95631,63096,52490,158727,148121,115586,1
80191,75229,78484,155420,158675,153713,1
75190,24106,7148,99296,82338,31254,0
70665,94742,86601,165407,157266,181343,1
86483,36208,65023,122691,151506,101231,1
70692,67214,83694,137906,154386,150908,1
87078,26707,8694,113785,95772,35401,0
10614,34497,97757,45111,108371,132254,0
11269,87601,77879,98870,89148,165480,1
2807,87486,65518,90293,68325,153004,0
71452,90682,84754,162134,156206,175436,1
63678,62626,13943,126304,77621,76569,1
37436,55943,94868,93379,132304,150811,0
72788,11524,66510,84312,139298,78034,1
12829,58465,23573,71294,36402,82038,0
92351,15401,65773,107752,158124,81174,0
60648,73381,36995,134029,97643,110376,1
92339,4522,14794,96861,107133,19316,0
53717,59513,13003,113230,66720,72516,1
1682,65823,4225,67505,5907,70048,0
35039,64313,62824,99352,97863,127137,1
56786,30013,18731,86799,75517,48744,0
63267,19161,9039,82428,72306,28200,0
8373,3472,35943,11845,44316,39415,0
1943,38797,55590,40740,57533,94387,0
66864,18947,78180,85811,145044,97127,1
20351,17445,21611,37796,41962,39056,1
23803,52468,30514,76271,54317,82982,1
10139,8386,31181,18525,41320,39567,0
9705,63617,76303,73322,86008,139920,0
92819,74893,97969,167712,190788,172862,1
24498,67716,27021,92214,51519,94737,0
72204,28914,10178,101118,82382,39092,0
52005,66936,65889,118941,117894,132825,1
61652,99775,71501,161427,133153,171276,1
27541,26583,99778,54124,127319,126361,0
67554,11258,66373,78812,133927,77631,1
67848,57165,9997,125013,77845,67162,0
11296,75816,94205,87112,105501,170021,0
62704,66360,99954,129064,162658,166314,1
36990,44026,48257,81016,85247,92283,1
89773,72312,52563,162085,142336,124875,1
95807,30377,3061,126184,98868,33438,0
60599,46167,50950,106766,111549,97117,1
87038,55657,17903,142695,104941,73560,0
7693,48850,70767,56543,78460,119617,0
60751,15659,54422,76410,115173,70081,1
70147,94285,8590,164432,78737,102875,0
36547,94291,32569,130838,69116,126860,0
72141,98088,15281,170229,87422,113369,0
11303,30144,40387,41447,51690,70531,1
33831,95614,13673,129445,47504,109287,0
53958,24638,60499,78596,114457,85137,1
12343,28795,92043,41138,104386,120838,0
72008,19037,8536,91045,80544,27573,0
26779,88415,83068,115194,109847,171483,1
95100,12568,5399,107668,100499,17967,0
61514,61438,57347,122952,118861,118785,1
86923,77438,61485,164361,148408,138923,1
13429,51614,77305,65043,90734,128919,0
62280,47472,36989,109752,99269,84461,1
87266,89581,65742,176847,153008,155323,1
26572,9575,62112,36147,88684,71687,0
54223,359,18029,54582,72252,18388,0
62329,6818,68355,69147,130684,75173,1
78515,80427,21218,158942,99733,101645,1
5429,17506,66342,22935,71771,83848,0
5905,98525,78620,104430,84525,177145,0
10600,81922,2781,92522,13381,84703,0
13977,5115,95744,19092,109721,100859,0
18782,89293,72525,108075,91307,161818,1
87019,39774,12407,126793,99426,52181,0
32901,95224,14837,128125,47738,110061,0
11424,60191,32588,71615,44012,92779,0
54652,97667,85856,152319,140508,183523,1
39772,20441,27432,60213,67204,47873,1
54609,47565,85555,102174,140164,133120,1
29940,94079,58174,124019,88114,152253,0
20565,21201,78909,41766,99474,100110,0
94249,88320,65154,182569,159403,153474,1
37918,1730,7526,39648,45444,9256,0
18749,52214,8177,70963,26926,60391,0
5025,15740,14688,20765,19713,30428,1
56144,31310,13507,87454,69651,44817,0
48351,53530,45127,101881,93478,98657,1
4805,36967,23310,41772,28115,60277,0
18916,29674,44956,48590,63872,74630,1
56235,88298,64346,144533,120581,152644,1
19456,92993,67199,112449,86655,160192,0
8228,11296,27237,19524,35465,38533,0
21335,74297,2573,95632,23908,76870,0
72612,44026,68866,116638,141478,112892,1
87272,77369,19286,164641,106558,96655,1
54089,62881,1631,116970,55720,64512,0
7497,1811,23119,9308,30616,24930,0
21822,5975,54550,27797,76372,60525,0
99030,30521,88815,129551,187845,119336,1
41592,8663,52972,50255,94564,61635,0
6571,5548,54219,12119,60790,59767,0
50103,29490,61859,79593,111962,91349,1
58878,6351,71157,65229,130035,77508,0
76965,5646,60250,82611,137215,65896,0
38091,96536,61734,134627,99825,158270,1
16984,93146,50544,110130,67528,143690,0
27407,95039,74331,122446,101738,169370,1
79294,80848,43496,160142,122790,124344,1
58917,81814,87043,140731,145960,168857,1
89468,65101,7326,154569,96794,72427,0
51955,3317,68192,55272,120147,71509,0
52477,18748,3304,71225,55781,22052,0
73342,73199,67004,146541,140346,140203,1
67571,79385,15326,146956,82897,94711,1
9623,48466,2343,58089,11966,50809,0
48868,2848,19971,51716,68839,22819,0
61383,22929,97819,84312,159202,120748,0
45131,35426,77633,80557,122764,113059,1
51229,28401,35796,79630,87025,64197,1
88970,14099,45463,103069,134433,59562,0
26558,35016,32556,61574,59114,67572,1
43984,3869,70671,47853,114655,74540,0
48622,57530,90356,106152,138978,147886,1
24840,3481,49441,28321,74281,52922,0
48866,36139,5145,85005,54011,41284,0
61577,61145,20009,122722,81586,81154,1
26321,14175,30605,40496,56926,44780,1
60596,97904,41809,158500,102405,139713,1
15716,43651,42519,59367,58235,86170,1
35810,85815,4785,121625,40595,90600,0
67387,32978,60401,100365,127788,93379,1
15970,92929,66642,108899,82612,159571,0
55765,91203,20638,146968,76403,111841,0
51693,87143,48815,138836,100508,135958,1
65716,84210,97950,149926,163666,182160,1
42857,3468,40515,46325,83372,43983,1
73132,18451,98829,91583,171961,117280,0
82011,3920,17408,85931,99419,21328,0
93106,1171,31299,94277,124405,32470,0
43838,10933,89381,54771,133219,100314,0
23934,1567,72986,25501,96920,74553,0
41899,92143,13533,134042,55432,105676,0
53588,32889,69483,86477,123071,102372,1
70362,5878,25616,76240,95978,31494,0
9987,15901,67045,25888,77032,82946,0
93875,6706,62397,100581,156272,69103,0
20656,48366,94851,69022,115507,143217,0
28358,73522,39813,101880,68171,113335,0
41729,24290,67956,66019,109685,92246,0
95396,4034,20545,99430,115941,24579,0
32798,77742,76636,110540,109434,154378,1
12038,4442,9400,16480,21438,13842,1
18967,43878,25146,62845,44113,69024,1
29651,46313,15428,75964,45079,61741,0
7510,94679,48467,102189,55977,143146,0
38902,21660,27600,60562,66502,49260,1
63334,19761,55731,83095,119065,75492,1
86539,53725,3388,140264,89927,57113,0
89677,58794,40804,148471,130481,99598,1
11149,37404,20218,48553,31367,57622,0
65065,18965,16445,84030,81510,35410,0
7135,73774,512,80909,7647,74286,0
19811,57444,74697,77255,94508,132141,1
35617,75709,28553,111326,64170,104262,0
93927,71451,93840,165378,187767,165291,1
11698,30682,49172,42380,60870,79854,0
41482,66819,8197,108301,49679,75016,0
29187,74538,73,103725,29260,74611,0
70117,33685,71068,103802,141185,104753,1
64608,30401,90270,95009,154878,120671,1
35640,70452,97942,106092,133582,168394,1
65763,58439,23771,124202,89534,82210,1
67028,47451,96635,114479,163663,144086,1
50461,83199,79980,133660,130441,163179,1
91845,24542,37855,116387,129700,62397,0
45942,22145,3040,68087,48982,25185,0
88100,63713,3892,151813,91992,67605,0
31414,68625,99896,100039,131310,168521,1
12943,17801,38064,30744,51007,55865,0
43934,7712,76523,51646,120457,84235,0
4961,54224,41902,59185,46863,96126,0
9680,75771,71765,85451,81445,147536,1
22547,46985,28732,69532,51279,75717,1
16908,64646,79763,81554,96671,144409,1
82906,58994,97946,141900,180852,156940,1
78058,93374,3449,171432,81507,96823,0
32905,83442,18957,116347,51862,102399,0
50935,59767,91229,110702,142164,150996,1
50311,48491,49586,98802,99897,98077,1
11557,21134,83626,32691,95183,104760,0
22840,66765,9445,89605,32285,76210,0
25028,38804,11837,63832,36865,50641,0
5125,36579,75142,41704,80267,111721,0
43568,24375,50749,67943,94317,75124,1
87358,53080,85613,140438,172971,138693,1
46293,1189,89733,47482,136026,90922,0
33567,62157,6580,95724,40147,68737,0
83484,84862,48234,168346,131718,133096,1
14217,29080,28896,43297,43113,57976,1
14020,416,81516,14436,95536,81932,0
76879,88526,52623,165405,129502,141149,1
21896,48754,33976,70650,55872,82730,1
17853,35945,12278,53798,30131,48223,0
14289,75126,93620,89415,107909,168746,0
55164,57014,94620,112178,149784,151634,1
44827,79555,4505,124382,49332,84060,0
35771,66723,57752,102494,93523,124475,1
9342,94915,7278,104257,16620,102193,0
3024,83067,99611,86091,102635,182678,0
56774,20886,43052,77660,99826,63938,1
62778,60963,82537,123741,145315,143500,1
8384,78032,67006,86416,75390,145038,0
39515,49870,37261,89385,76776,87131,1
94448,98582,8722,193030,103170,107304,1
42293,39231,3618,81524,45911,42849,1
26620,99948,51057,126568,77677,151005,0
59850,56890,75290,116740,135140,132180,1
79502,78683,13867,158185,93369,92550,1
16019,23812,51534,39831,67553,75346,0
52003,85187,36154,137190,88157,121341,1
95550,71675,92476,167225,188026,164151,1
94409,79426,87659,173835,182068,167085,1
68473,23119,15337,91592,83810,38456,0
79763,18997,91114,98760,170877,110111,1
42600,8587,63664,51187,106264,72251,0
37630,89997,61747,127627,99377,151744,1
8818,36914,86307,45732,95125,123221,0
11421,59551,68345,70972,79766,127896,1
44918,75381,40540,120299,85458,115921,1
99200,64703,33891,163903,133091,98594,0
97586,48505,90489,146091,188075,138994,1
57695,61006,42257,118701,99952,103263,1
96988,40627,91557,137615,188545,132184,1
26976,31659,7368,58635,34344,39027,1
84561,63545,78175,148106,162736,141720,1
91713,10602,24395,102315,116108,34997,0
49980,87434,98635,137414,148615,186069,1
66212,56465,8009,122677,74221,64474,0
81006,99649,34765,180655,115771,134414,1
64882,53820,68069,118702,132951,121889,1
68299,3733,91515,72032,159814,95248,0
67034,75684,781,142718,67815,76465,0
79621,16728,17699,96349,97320,34427,0
37621,84083,5914,121704,43535,89997,0
70190,20359,45019,90549,115209,65378,0
51312,39116,35719,90428,87031,74835,1
38646,84328,64462,122974,103108,148790,1
68154,96067,59252,164221,127406,155319,1
10723,2631,11366,13354,22089,13997,1
79558,25876,99371,105434,178929,125247,1
19931,60014,18785,79945,38716,78799,0
5912,14402,68144,20314,74056,82546,0
25222,26112,82548,51334,107770,108660,0
35548,33057,17800,68605,53348,50857,1
77258,75088,31252,152346,108510,106340,1
16548,91424,8787,107972,25335,100211,0
5452,74900,45617,80352,51069,120517,0
80812,11474,74538,92286,155350,86012,1
23187,71526,55797,94713,78984,127323,1
14057,95197,26669,109254,40726,121866,0
54129,27945,91095,82074,145224,119040,0
78055,84674,51221,162729,129276,135895,1
24148,22117,96988,46265,121136,119105,0
8029,2585,96935,10614,104964,99520,0
74755,41001,78946,115756,153701,119947,1
83913,82962,2848,166875,86761,85810,1
19256,90794,39089,110050,58345,129883,0
79656,4392,87229,84048,166885,91621,0
7301,91673,60281,98974,67582,151954,0
23700,88419,10124,112119,33824,98543,0
29488,18008,23363,47496,52851,41371,1
80781,67843,46119,148624,126900,113962,1
5342,39814,71306,45156,76648,111120,0
33700,64354,37483,98054,71183,101837,1
5105,49655,47811,54760,52916,97466,1
38692,43045,37557,81737,76249,80602,1
48886,92621,57328,141507,106214,149949,1
81558,11562,93012,93120,174570,104574,1
20729,63790,71314,84519,92043,135104,1
97920,90085,77631,188005,175551,167716,1
16984,75745,53986,92729,70970,129731,0
81824,12569,41639,94393,123463,54208,0
66860,88028,4855,154888,71715,92883,0
81394,20531,41982,101925,123376,62513,0
76474,81999,8419,158473,84893,90418,1
70281,24794,19082,95075,89363,43876,0
22073,10407,63978,32480,86051,74385,0
99567,91551,86424,191118,185991,177975,1
42885,39105,50081,81990,92966,89186,1
37236,45057,75056,82293,112292,120113,1
80289,41676,75008,121965,155297,116684,1
18123,30069,99844,48192,117967,129913,0
74726,29362,47062,104088,121788,76424,1
75252,75996,96729,151248,171981,172725,1
55942,81732,43911,137674,99853,125643,1
5785,95395,29782,101180,35567,125177,0
89404,11830,26886,101234,116290,38716,0
58057,94071,89686,152128,147743,183757,1
21723,55098,13165,76821,34888,68263,0
23574,21731,26233,45305,49807,47964,1
53937,69258,94231,123195,148168,163489,1
18277,61570,13712,79847,31989,75282,0
41290,56934,26244,98224,67534,83178,1
89456,28833,53568,118289,143024,82401,0
4310,83699,29643,88009,33953,113342,0
47458,36121,72745,83579,120203,108866,1
31004,71985,89782,102989,120786,161767,1
25656,25853,41578,51509,67234,67431,1
29994,84110,50482,114104,80476,134592,0
67973,48623,25791,116596,93764,74414,1
45095,13599,80697,58694,125792,94296,0
71689,38988,928,110677,72617,39916,0
65003,91047,81102,156050,146105,172149,1
26731,34733,70804,61464,97535,105537,0
90345,76138,24477,166483,114822,100615,1
5185,25256,53176,30441,58361,78432,0
76334,44024,33324,120358,109658,77348,1
31005,33863,60414,64868,91419,94277,1
64269,35415,20145,99684,84414,55560,0
79219,22416,83831,101635,163050,106247,1
14984,1462,41223,16446,56207,42685,0
64336,87757,31446,152093,95782,119203,1
58592,41912,32511,100504,91103,74423,1
34667,64814,57179,99481,91846,121993,1
4050,35510,4634,39560,8684,40144,0
43201,6256,2116,49457,45317,8372,0
78912,15456,23923,94368,102835,39379,0
39889,50433,75436,90322,115325,125869,1
86117,42684,36179,128801,122296,78863,0
51759,86469,78595,138228,130354,165064,1
55457,12382,4792,67839,60249,17174,0
75553,88242,49143,163795,124696,137385,1
71063,78335,80422,149398,151485,158757,1
47266,77134,9195,124400,56461,86329,0
87603,67667,61563,155270,149166,129230,1
4343,91764,31646,96107,35989,123410,0
57309,87225,58236,144534,115545,145461,1
49722,76242,44537,125964,94259,120779,1
95796,99920,3484,195716,99280,103404,0
31308,79047,12897,110355,44205,91944,0
41183,61439,69917,102622,111100,131356,1
85495,66677,67559,152172,153054,134236,1
4928,45253,91779,50181,96707,137032,0
82590,79124,74508,161714,157098,153632,1
49806,57398,52953,107204,102759,110351,1
61325,56774,44114,118099,105439,100888,1
44238,55569,20951,99807,65189,76520,1
48898,61672,44950,110570,93848,106622,1
89868,3027,47180,92895,137048,50207,0
91759,13931,41920,105690,133679,55851,0
75852,88354,30155,164206,106007,118509,1
47559,29965,84030,77524,131589,113995,0
64510,83858,46222,148368,110732,130080,1
84930,19366,20827,104296,105757,40193,0
90825,55007,83533,145832,174358,138540,1
34626,45622,75382,80248,110008,121004,1
77073,16971,80627,94044,157700,97598,1
74356,76358,46985,150714,121341,123343,1
85589,69870,38989,155459,124578,108859,1
61248,27627,47481,88875,108729,75108,1
7006,47342,5379,54348,12385,52721,0
19452,93824,2331,113276,21783,96155,0
16851,50379,9629,67230,26480,60008,0
71814,40589,59855,112403,131669,100444,1
77011,79914,8026,156925,85037,87940,1
6274,35698,2544,41972,8818,38242,0
89043,80656,10006,169699,99049,90662,1
53311,31622,75881,84933,129192,107503,1
97369,48951,25849,146320,123218,74800,0
77795,85371,9943,163166,87738,95314,1
48300,52411,53357,100711,101657,105768,1
88794,91176,16660,179970,105454,107836,1
30915,53730,80481,84645,111396,134211,1
7421,66983,14259,74404,21680,81242,0
66680,92896,62521,159576,129201,155417,1
81451,85080,64142,166531,145593,149222,1
86002,23035,62572,109037,148574,85607,0
21516,55392,82462,76908,103978,137854,0
2323,19593,54441,21916,56764,74034,0
1045,81648,2145,82693,3190,83793,0
28314,80648,20854,108962,49168,101502,0
95562,40569,7003,136131,102565,47572,0
45171,88976,35655,134147,80826,124631,0
53845,91704,22467,145549,76312,114171,0
93848,94121,36972,187969,130820,131093,1
98775,20501,48809,119276,147584,69310,0
38834,7063,23880,45897,62714,30943,0
6404,95351,95108,101755,101512,190459,1
37750,29370,26456,67120,64206,55826,1
24696,24310,5165,49006,29861,29475,1
16488,67530,5717,84018,22205,73247,0
46529,81051,96118,127580,142647,177169,1
35210,28431,53881,63641,89091,82312,1
82093,91610,37958,173703,120051,129568,1
76967,92623,60501,169590,137468,153124,1
25967,51521,99455,77488,125422,150976,0
4811,4389,39327,9200,44138,43716,0
84485,39305,20476,123790,104961,59781,0
19805,62483,64380,82288,84185,126863,1
53711,9085,18846,62796,72557,27931,0
15116,75618,72218,90734,87334,147836,1
75618,38719,26485,114337,102103,65204,0
29410,36177,63071,65587,92481,99248,1
69352,33276,31961,102628,101313,65237,0
43468,55439,18048,98907,61516,73487,1
26424,72887,45609,99311,72033,118496,0
99158,74796,11492,173954,110650,86288,0
95827,49386,46590,145213,142417,95976,1
34075,93057,66390,127132,100465,159447,1
22315,35997,50780,58312,73095,86777,1
17501,84952,6654,102453,24155,91606,0
70445,90190,39488,160635,109933,129678,1
27317,7292,2539,34609,29856,9831,0
94159,95968,13205,190127,107364,109173,1
4259,69907,62668,74166,66927,132575,0
6340,49745,24073,56085,30413,73818,0
9223,94457,27671,103680,36894,122128,0
48939,41670,89597,90609,138536,131267,1
21580,5339,75910,26919,97490,81249,0
63248,88,84941,63336,148189,85029,0
35840,77144,34691,112984,70531,111835,0
87117,42614,41196,129731,128313,83810,0
17507,94098,69909,111605,87416,164007,0
2202,93513,79362,95715,81564,172875,0
29606,21242,24498,50848,54104,45740,1
29663,85267,96305,114930,125968,181572,1
3933,70557,14004,74490,17937,84561,0
41425,89076,38611,130501,80036,127687,0
95699,10535,53842,106234,149541,64377,0
72181,25508,49480,97689,121661,74988,1
92573,62960,89497,155533,182070,152457,1
83433,11862,5424,95295,88857,17286,0
66669,20434,5220,87103,71889,25654,0
61781,90668,61607,152449,123388,152275,1
16317,49467,6016,65784,22333,55483,0
65077,42942,33696,108019,98773,76638,1
91182,71008,55893,162190,147075,126901,1
6311,23916,97962,30227,104273,121878,0
96546,27425,76186,123971,172732,103611,1
94988,16307,17741,111295,112729,34048,0
27590,78912,24707,106502,52297,103619,0
4489,25895,9860,30384,14349,35755,0
20710,58994,89319,79704,110029,148313,0
14655,7865,32458,22520,47113,40323,0
33490,27110,92343,60600,125833,119453,0
27147,36486,84639,63633,111786,121125,0
35463,1552,99858,37015,135321,101410,0
37968,79259,37616,117227,75584,116875,0
11719,28845,83254,40564,94973,112099,0
49782,60466,73430,110248,123212,133896,1
96129,35034,11784,131163,107913,46818,0
7382,47893,64068,55275,71450,111961,0
95268,55226,36902,150494,132170,92128,0
14420,51213,19589,65633,34009,70802,0
59685,65391,67819,125076,127504,133210,1
81052,82563,48532,163615,129584,131095,1
69400,35983,41420,105383,110820,77403,1
12836,98444,90641,111280,103477,189085,1
26013,1404,3724,27417,29737,5128,0
95853,79018,19959,174871,115812,98977,1
25218,80906,62571,106124,87789,143477,1
75426,11308,4811,86734,80237,16119,0
66164,89521,36665,155685,102829,126186,1
71591,97946,74855,169537,146446,172801,1
39873,97042,13627,136915,53500,110669,0
85414,71948,1966,157362,87380,73914,0
61223,75040,57928,136263,119151,132968,1
26494,83671,69981,110165,96475,153652,1
56487,52777,42216,109264,98703,94993,1
552,53168,34316,53720,34868,87484,0
82880,95656,54979,178536,137859,150635,1
92751,34964,66032,127715,158783,100996,1
31373,18580,59285,49953,90658,77865,0
80654,78387,83552,159041,164206,161939,1
86142,51439,93250,137581,179392,144689,1
38500,79821,51721,118321,90221,131542,1
87941,52096,75814,140037,163755,127910,1
51564,4404,78213,55968,129777,82617,0
50771,15202,6864,65973,57635,22066,0
63523,54661,51183,118184,114706,105844,1
77382,28639,42071,106021,119453,70710,0
41196,54770,91920,95966,133116,146690,1
99933,81292,10001,181225,109934,91293,0
33775,7427,28476,41202,62251,35903,1
21021,96008,49030,117029,70051,145038,0
63133,72211,49399,135344,112532,121610,1
91145,42402,40058,133547,131203,82460,0
68537,43752,91033,112289,159570,134785,1
90049,77028,61811,167077,151860,138839,1
15026,31192,66500,46218,81526,97692,0
14711,63439,9293,78150,24004,72732,0
25499,95314,81772,120813,107271,177086,1
23297,84507,50144,107804,73441,134651,0
65039,70022,88842,135061,153881,158864,1
8079,94130,59311,102209,67390,153441,0
89500,36678,32716,126178,122216,69394,0
20802,41629,5659,62431,26461,47288,0
51010,86139,97010,137149,148020,183149,1
82544,24949,74612,107493,157156,99561,1
43913,86926,14618,130839,58531,101544,0
94192,73013,57353,167205,151545,130366,1
60919,74206,228,135125,61147,74434,0
78963,69601,23751,148564,102714,93352,1
73357,57894,5852,131251,79209,63746,0
82907,41812,6498,124719,89405,48310,0
96372,27385,82519,123757,178891,109904,1
10465,75647,5110,86112,15575,80757,0
96417,63644,12452,160061,108869,76096,0
92984,28872,17833,121856,110817,46705,0
37198,99479,94829,136677,132027,194308,1
43168,69356,69053,112524,112221,138409,1
22184,16436,35334,38620,57518,51770,1
40327,60140,79568,100467,119895,139708,1
83801,8129,5683,91930,89484,13812,0
56922,75202,7355,132124,64277,82557,0
43032,72332,70557,115364,113589,142889,1
12456,83987,36919,96443,49375,120906,0
50865,14338,36024,65203,86889,50362,0
92903,37817,49132,130720,142035,86949,0
35354,44859,62494,80213,97848,107353,1
72976,82868,14014,155844,86990,96882,1
61386,44949,34039,106335,95425,78988,1
42349,22576,74232,64925,116581,96808,0
54923,13777,60232,68700,115155,74009,1
227,15593,21562,15820,21789,37155,0
61379,26161,96790,87540,158169,122951,0
77058,46974,87171,124032,164229,134145,1
73745,84796,54607,158541,128352,139403,1
10556,83101,55660,93657,66216,138761,0
35379,27563,69993,62942,105372,97556,0
33356,70695,5387,104051,38743,76082,0
66907,30341,38632,97248,105539,68973,1
22931,54292,36268,77223,59199,90560,1
25590,26194,9148,51784,34738,35342,1
28138,30568,84914,58706,113052,115482,0
78698,89146,511,167844,79209,89657,0
2636,28238,9669,30874,12305,37907,0
62611,49542,75552,112153,138163,125094,1
47804,63803,57585,111607,105389,121388,1
40736,42421,39971,83157,80707,82392,1
2847,93048,66623,95895,69470,159671,0
85227,90123,78585,175350,163812,168708,1
88055,18396,11179,106451,99234,29575,0
76648,98530,10206,175178,86854,108736,0
38638,97122,59568,135760,98206,156690,1
64645,48983,81082,113628,145727,130065,1
43978,97960,58697,141938,102675,156657,1
42773,17140,44937,59913,87710,62077,1
34465,79958,35210,114423,69675,115168,0
43423,23233,23794,66656,67217,47027,1
25861,60535,63831,86396,89692,124366,1
82780,66797,75663,149577,158443,142460,1
4214,33235,54077,37449,58291,87312,0
90758,95408,60434,186166,151192,155842,1
22204,70303,92475,92507,114679,162778,1
30277,16435,92202,46712,122479,108637,0
92772,37335,60424,130107,153196,97759,1
41425,13657,34937,55082,76362,48594,1
86201,35007,26074,121208,112275,61081,0
73729,44360,67824,118089,141553,112184,1
78012,5084,12827,83096,90839,17911,0
67617,48786,50528,116403,118145,99314,1
21785,40066,84803,61851,106588,124869,0
98592,34645,86874,133237,185466,121519,1
66989,41518,26756,108507,93745,68274,1
36974,47521,35691,84495,72665,83212,1
3763,52651,91050,56414,94813,143701,0
13223,44191,78508,57414,91731,122699,0
986,26134,51413,27120,52399,77547,0
17649,91234,24901,108883,42550,116135,0
62338,50536,1853,112874,64191,52389,0
63106,50928,85061,114034,148167,135989,1
611,691,59177,1302,59788,59868,0
63273,89077,99139,152350,162412,188216,1
29108,32830,92012,61938,121120,124842,0
41263,80083,24020,121346,65283,104103,0
37525,79363,63828,116888,101353,143191,1
53841,89678,72158,143519,125999,161836,1
15177,52815,85824,67992,101001,138639,0
62667,61123,18331,123790,80998,79454,1
34517,61674,16799,96191,51316,78473,0
81680,40180,51231,121860,132911,91411,1
78029,3133,70291,81162,148320,73424,0
74360,64497,30794,138857,105154,95291,1
92979,35350,58886,128329,151865,94236,1
9200,69931,86083,79131,95283,156014,0
22533,97392,10664,119925,33197,108056,0
50548,76842,51369,127390,101917,128211,1
59405,83505,46320,142910,105725,129825,1
16912,76885,57727,93797,74639,134612,0
40175,81291,71538,121466,111713,152829,1
40559,11132,18890,51691,59449,30022,0
60172,35904,14978,96076,75150,50882,0
94386,7946,87283,102332,181669,95229,1
85927,32773,1601,118700,87528,34374,0
7199,16444,77994,23643,85193,94438,0
63004,24441,55128,87445,118132,79569,1
69187,40193,5796,109380,74983,45989,0
16870,27524,88901,44394,105771,116425,0
72585,61167,57588,133752,130173,118755,1
17358,32129,85933,49487,103291,118062,0
43407,53626,65830,97033,109237,119456,1
57783,74670,93425,132453,151208,168095,1
91986,97945,90193,189931,182179,188138,1
52211,96670,4942,148881,57153,101612,0
89515,23918,35694,113433,125209,59612,0
75120,32742,94117,107862,169237,126859,1
45088,28831,52558,73919,97646,81389,1
24964,43103,49192,68067,74156,92295,1
71905,98391,84112,170296,156017,182503,1
76261,76376,73969,152637,150230,150345,1
24176,69536,2408,93712,26584,71944,0
5690,33154,19055,38844,24745,52209,0
34920,71175,55791,106095,90711,126966,1
21791,68399,46705,90190,68496,115104,1
68153,62549,10330,130702,78483,72879,1
37872,46515,98331,84387,136203,144846,0
34813,25810,16028,60623,50841,41838,1
72644,30673,56100,103317,128744,86773,1
196,25937,11283,26133,11479,37220,0
25412,45353,33709,70765,59121,79062,1
82665,11647,94221,94312,176886,105868,1
95139,59647,79191,154786,174330,138838,1
32883,21519,25127,54402,58010,46646,1
66997,20881,10061,87878,77058,30942,0
48402,72715,25608,121117,74010,98323,1
91677,76332,78531,168009,170208,154863,1
69042,46792,43630,115834,112672,90422,1
57032,53135,87160,110167,144192,140295,1
97213,84669,78811,181882,176024,163480,1
13467,96884,72478,110351,85945,169362,0
57366,450,84293,57816,141659,84743,0
60908,90905,86220,151813,147128,177125,1
10648,58942,68480,69590,79128,127422,1
80048,6461,11326,86509,91374,17787,0
80081,90513,24663,170594,104744,115176,1
26250,31875,64246,58125,90496,96121,0
91274,39344,16521,130618,107795,55865,0
50229,25234,43150,75463,93379,68384,1
68645,14082,20872,82727,89517,34954,0
28208,29111,20143,57319,48351,49254,1
88517,2057,96791,90574,185308,98848,0
24913,53607,91193,78520,116106,144800,0
77593,43971,48934,121564,126527,92905,1
10876,66683,99119,77559,109995,165802,0
73094,44005,48862,117099,121956,92867,1
14124,69381,28541,83505,42665,97922,0
66008,99233,92577,165241,158585,191810,1
68625,38966,52427,107591,121052,91393,1
89049,72780,21619,161829,110668,94399,1
19987,32239,99653,52226,119640,131892,0
96089,45352,94193,141441,190282,139545,1
8389,70331,30956,78720,39345,101287,0
22085,66943,88244,89028,110329,155187,1
22911,15105,27429,38016,50340,42534,1
24927,67402,66126,92329,91053,133528,1
92800,85529,3356,178329,96156,88885,0
84300,23587,3263,107887,87563,26850,0
26229,70757,15032,96986,41261,85789,0
555,67346,63645,67901,64200,130991,0
82853,65573,96320,148426,179173,161893,1
15794,22983,2669,38777,18463,25652,0
28893,88190,9351,117083,38244,97541,0
33819,85687,29539,119506,63358,115226,0
91204,16679,22171,107883,113375,38850,0
72265,76830,47695,149095,119960,124525,1
68657,60960,94723,129617,163380,155683,1
61860,65317,34930,127177,96790,100247,1
4289,97590,16254,101879,20543,113844,0
43131,77472,78857,120603,121988,156329,1
79135,18534,88506,97669,167641,107040,1
65911,42916,32488,108827,98399,75404,1
52264,13318,87528,65582,139792,100846,0
52541,36231,24096,88772,76637,60327,1
86595,19286,37587,105881,124182,56873,0
50716,17304,49625,68020,100341,66929,1
63619,27312,80556,90931,144175,107868,1
55824,73813,77839,129637,133663,151652,1
61917,63759,78039,125676,139956,141798,1
81679,48191,95808,129870,177487,143999,1
13508,63953,59989,77461,73497,123942,1
62401,29365,6447,91766,68848,35812,0
26422,86558,40643,112980,67065,127201,0
90215,51576,3849,141791,94064,55425,0
32585,62805,36937,95390,69522,99742,1
40025,72629,61840,112654,101865,134469,1
91046,91642,16601,182688,107647,108243,1
6234,21475,27978,27709,34212,49453,0
19607,80777,11043,100384,30650,91820,0
28742,58623,27304,87365,56046,85927,0
31090,94488,13004,125578,44094,107492,0
24263,85282,12488,109545,36751,97770,0
14980,50034,68542,65014,83522,118576,0
39140,31129,40815,70269,79955,71944,1
94871,55626,93590,150497,188461,149216,1
61429,15004,90469,76433,151898,105473,0
40498,78481,15928,118979,56426,94409,0
31278,19850,5368,51128,36646,25218,0
22704,96291,43159,118995,65863,139450,0
8002,17442,93264,25444,101266,110706,0
20715,97484,90549,118199,111264,188033,1
92836,41241,45950,134077,138786,87191,0
32790,13043,24520,45833,57310,37563,1
2107,32517,95033,34624,97140,127550,0
36376,47460,42056,83836,78432,89516,1
83227,46801,22717,130028,105944,69518,0
37726,56540,30563,94266,68289,87103,1
62455,23408,15979,85863,78434,39387,0
58720,87832,30188,146552,88908,118020,1
59383,32536,63661,91919,123044,96197,1
67875,64189,30527,132064,98402,94716,1
85501,96538,78964,182039,164465,175502,1
80128,40111,43107,120239,123235,83218,1
29426,89156,97192,118582,126618,186348,1
57052,76011,1412,133063,58464,77423,0
64855,61825,66795,126680,131650,128620,1
67689,72185,33336,139874,101025,105521,1
35727,29036,97624,64763,133351,126660,0
32991,32574,77704,65565,110695,110278,0
63852,30558,70765,94410,134617,101323,1
28653,50822,34451,79475,63104,85273,1
19511,35488,85515,54999,105026,121003,0
14037,40452,35560,54489,49597,76012,1
39069,22018,69706,61087,108775,91724,0
27320,37526,84734,64846,112054,122260,0
26762,41433,58207,68195,84969,99640,1
90897,98584,56143,189481,147040,154727,1
80154,44344,15654,124498,95808,59998,0
94898,74741,99477,169639,194375,174218,1
7889,2612,39043,10501,46932,41655,0
98519,6052,61705,104571,160224,67757,0
6117,38114,65754,44231,71871,103868,0
24048,13735,31279,37783,55327,45014,1
86665,86427,3623,173092,90288,90050,1
73897,63403,83660,137300,157557,147063,1
91590,64352,27758,155942,119348,92110,1
73628,98934,27398,172562,101026,126332,1
1569,63375,72854,64944,74423,136229,0
16532,64675,763,81207,17295,65438,0
61441,66660,16947,128101,78388,83607,1
69679,99710,62598,169389,132277,162308,1
42059,88460,77841,130519,119900,166301,1
43798,4406,24250,48204,68048,28656,0
7290,76080,62566,83370,69856,138646,0
48695,83003,77346,131698,126041,160349,1
31796,59343,31680,91139,63476,91023,1
36647,11651,86917,48298,123564,98568,0
68001,92912,72554,160913,140555,165466,1
35733,29146,79920,64879,115653,109066,0
93944,52575,82124,146519,176068,134699,1
22564,10509,23941,33073,46505,34450,1
91523,49136,11999,140659,103522,61135,0
94206,34746,88123,128952,182329,122869,1
24892,34488,34299,59380,59191,68787,1
11437,96229,46783,107666,58220,143012,0
84727,20892,49807,105619,134534,70699,0
62053,35268,9475,97321,71528,44743,0
77614,77432,37316,155046,114930,114748,1
1317,78601,41406,79918,42723,120007,0
23517,1640,5624,25157,29141,7264,0
17285,27751,30291,45036,47576,58042,1
94468,73618,6709,168086,101177,80327,0
53362,11606,71482,64968,124844,83088,0
32978,56785,32980,89763,65958,89765,1
61779,17098,70427,78877,132206,87525,1
44034,42149,93854,86183,137888,136003,0
86416,35012,35499,121428,121915,70511,0
15079,47294,15441,62373,30520,62735,0
84166,23845,91297,108011,175463,115142,1
37652,57067,54470,94719,92122,111537,1
73566,99070,45054,172636,118620,144124,1
51686,94272,57980,145958,109666,152252,1
20203,94663,88304,114866,108507,182967,1
40824,30986,63642,71810,104466,94628,1
31794,96604,40441,128398,72235,137045,0
52561,53568,46623,106129,99184,100191,1
1382,48029,14193,49411,15575,62222,0
46609,46089,26419,92698,73028,72508,1
94620,8391,22233,103011,116853,30624,0
71891,6577,69074,78468,140965,75651,1
39411,79280,11355,118691,50766,90635,0
81613,11630,79812,93243,161425,91442,1
55993,74069,38546,130062,94539,112615,1
77138,50354,37569,127492,114707,87923,1
73834,75906,15722,149740,89556,91628,1
7513,28843,69420,36356,76933,98263,0
17760,38052,24644,55812,42404,62696,1
90708,96560,39614,187268,130322,136174,1
62062,71129,62321,133191,124383,133450,1
96871,91056,50596,187927,147467,141652,1
27934,46262,40404,74196,68338,86666,1
91417,96246,45364,187663,136781,141610,1
42201,70077,20118,112278,62319,90195,0
85464,39261,45419,124725,130883,84680,0
34708,27402,32472,62110,67180,59874,1
64010,15474,18342,79484,82352,33816,0
87255,83169,20563,170424,107818,103732,1
89795,97066,26315,186861,116110,123381,1
85824,58172,63324,143996,149148,121496,1
46791,33649,57212,80440,104003,90861,1
35483,51606,30758,87089,66241,82364,1
70232,54013,26195,124245,96427,80208,1
64325,27459,80937,91784,145262,108396,1
27489,2693,77775,30182,105264,80468,0
69062,73068,80288,142130,149350,153356,1
69524,45904,89097,115428,158621,135001,1
50487,96976,62580,147463,113067,159556,1
2471,16673,21447,19144,23918,38120,0
6278,37209,92600,43487,98878,129809,0
89709,8646,88453,98355,178162,97099,1
11160,84156,13825,95316,24985,97981,0
47545,22835,77585,70380,125130,100420,0
59520,86165,77618,145685,137138,163783,1
51779,29292,7679,81071,59458,36971,0
14176,33335,80503,47511,94679,113838,0
15955,76296,89774,92251,105729,166070,1
54554,65342,33526,119896,88080,98868,1
91189,60254,42023,151443,133212,102277,1
56857,69218,61368,126075,118225,130586,1
61502,83509,90113,145011,151615,173622,1
7693,88762,99242,96455,106935,188004,0
98902,46261,16644,145163,115546,62905,0
20260,14780,81510,35040,101770,96290,0
97375,27015,34714,124390,132089,61729,0
17485,50484,42283,67969,59768,92767,1
26997,89948,12525,116945,39522,102473,0
95984,56918,43935,152902,139919,100853,1
2863,56100,67199,58963,70062,123299,0
40509,44781,47025,85290,87534,91806,1
87546,70049,46519,157595,134065,116568,1
65095,56191,56497,121286,121592,112688,1
44331,25075,97422,69406,141753,122497,0
48657,88865,14323,137522,62980,103188,0
13286,35790,12460,49076,25746,48250,0
83660,4000,30925,87660,114585,34925,0
75574,23124,22642,98698,98216,45766,0
7331,91297,72390,98628,79721,163687,0
34849,47173,59123,82022,93972,106296,1
89981,94900,44238,184881,134219,139138,1
93787,84519,83579,178306,177366,168098,1
12301,5007,97533,17308,109834,102540,0
87330,51714,33797,139044,121127,85511,0
47263,20133,93467,67396,140730,113600,0
35622,25117,6322,60739,41944,31439,0
72967,28506,18038,101473,91005,46544,0
17398,92707,75100,110105,92498,167807,0
54359,23403,85853,77762,140212,109256,0
56920,43718,47341,100638,104261,91059,1
43348,5008,76030,48356,119378,81038,0
19826,90319,77510,110145,97336,167829,1
85445,69365,21973,154810,107418,91338,1
73764,68943,32709,142707,106473,101652,1
88703,43213,76922,131916,165625,120135,1
36678,38819,69660,75497,106338,108479,1
46310,70947,75845,117257,122155,146792,1
17728,10282,1614,28010,19342,11896,0
89835,74959,71564,164794,161399,146523,1
88861,30016,56651,118877,145512,86667,0
95769,52797,44810,148566,140579,97607,1
92247,56694,61642,148941,153889,118336,1
86768,20443,3097,107211,89865,23540,0
3437,45240,60893,48677,64330,106133,0
84755,60588,62580,145343,147335,123168,1
62504,29491,76128,91995,138632,105619,1
66723,77145,11091,143868,77814,88236,1
15228,40337,5631,55565,20859,45968,0
85669,93141,78407,178810,164076,171548,1
24744,2265,83388,27009,108132,85653,0
21162,75553,16503,96715,37665,92056,0
80736,78622,71403,159358,152139,150025,1
79732,1134,96864,80866,176596,97998,0
98991,42346,48732,141337,147723,91078,0
77208,81292,25654,158500,102862,106946,1
66946,20494,22066,87440,89012,42560,0
72372,165,81723,72537,154095,81888,0
44755,31802,77753,76557,122508,109555,0
87161,36067,69265,123228,156426,105332,1
43754,16187,29413,59941,73167,45600,1
13268,21990,40468,35258,53736,62458,0
71983,60322,89429,132305,161412,149751,1
28128,58370,76772,86498,104900,135142,1
73197,46152,94905,119349,168102,141057,1
25540,14138,95124,39678,120664,109262,0
65296,58506,33658,123802,98954,92164,1
93369,56821,92476,150190,185845,149297,1
84006,59728,84527,143734,168533,144255,1
42723,22792,57168,65515,99891,79960,1
11278,62183,83808,73461,95086,145991,0
47137,57643,56504,104780,103641,114147,1
60960,32401,18488,93361,79448,50889,0
71347,50172,99196,121519,170543,149368,1
8094,92723,47808,100817,55902,140531,0
29430,50762,86990,80192,116420,137752,0
26079,56987,69368,83066,95447,126355,1
73862,93310,84302,167172,158164,177612,1
92332,57682,85457,150014,177789,143139,1
41173,94904,42521,136077,83694,137425,0
33397,24526,88936,57923,122333,113462,0
71307,11182,74039,82489,145346,85221,1
78751,69305,24026,148056,102777,93331,1
58579,45081,76782,103660,135361,121863,1
85614,30244,67124,115858,152738,97368,1
87110,13608,25685,100718,112795,39293,0
8228,77434,14080,85662,22308,91514,0
81920,23416,62858,105336,144778,86274,1
31770,75062,77410,106832,109180,152472,1
51951,6591,12385,58542,64336,18976,0
40268,64015,71404,104283,111672,135419,1
17001,67850,51579,84851,68580,119429,1
56669,27148,35500,83817,92169,62648,1
17964,10478,42638,28442,60602,53116,0
83937,69834,37678,153771,121615,107512,1
40374,82854,75738,123228,116112,158592,1
4577,26116,38122,30693,42699,64238,0
60093,91677,71173,151770,131266,162850,1
17244,2600,32472,19844,49716,35072,0
65630,27191,63481,92821,129111,90672,1
32075,16239,6495,48314,38570,22734,0
95587,49730,87317,145317,182904,137047,1
71947,33472,14843,105419,86790,48315,0
67410,70921,60486,138331,127896,131407,1
79468,35061,75581,114529,155049,110642,1
70161,55738,47609,125899,117770,103347,1
44967,82289,5930,127256,50897,88219,0
21098,62904,52078,84002,73176,114982,1
62327,89180,20875,151507,83202,110055,0
63359,70427,99093,133786,162452,169520,1
57929,70231,40715,128160,98644,110946,1
56827,94126,3446,150953,60273,97572,0
46133,15018,79235,61151,125368,94253,0
9014,17723,77131,26737,86145,94854,0
95616,72755,97258,168371,192874,170013,1
85556,36178,85605,121734,171161,121783,1
48521,20833,48541,69354,97062,69374,1
41115,84056,50775,125171,91890,134831,1
75236,98305,25789,173541,101025,124094,1
40119,82076,78034,122195,118153,160110,1
72430,31774,18374,104204,90804,50148,0
73070,95626,13754,168696,86824,109380,0
66538,37493,73811,104031,140349,111304,1
72335,94207,91333,166542,163668,185540,1
5030,21619,50854,26649,55884,72473,0
6409,36810,46525,43219,52934,83335,0
99136,47999,99241,147135,198377,147240,1
70378,25373,67930,95751,138308,93303,1
91345,31424,39813,122769,131158,71237,0
54926,75382,83017,130308,137943,158399,1
65550,87473,41667,153023,107217,129140,1
75820,78343,4551,154163,80371,82894,1
28399,89652,84442,118051,112841,174094,1
73202,64927,30290,138129,103492,95217,1
50484,13866,59452,64350,109936,73318,1
83091,62031,64244,145122,147335,126275,1
60225,30224,96328,90449,156553,126552,0
97264,60669,40998,157933,138262,101667,1
77784,33804,42674,111588,120458,76478,0
88051,29289,31162,117340,119213,60451,0
57632,42265,83498,99897,141130,125763,1
36219,57011,68946,93230,105165,125957,1
90148,87684,51232,177832,141380,138916,1
66102,60110,95894,126212,161996,156004,1
34688,9506,785,44194,35473,10291,0
70379,97331,41616,167710,111995,138947,1
93267,27832,28715,121099,121982,56547,0
46569,76212,39310,122781,85879,115522,1
95872,24538,39672,120410,135544,64210,0
30687,91152,92308,121839,122995,183460,1
47703,13852,2312,61555,50015,16164,0
99141,87998,12431,187139,111572,100429,1
44811,22853,1482,67664,46293,24335,0
70402,16347,66593,86749,136995,82940,1
23986,73678,378,97664,24364,74056,0
3633,62862,78764,66495,82397,141626,0
72117,83969,74654,156086,146771,158623,1
21094,74070,74597,95164,95691,148667,1
17612,45262,77559,62874,95171,122821,0
14621,52903,81240,67524,95861,134143,0
9625,14911,89912,24536,99537,104823,0
12033,72156,80504,84189,92537,152660,1
29917,60617,12109,90534,42026,72726,0
50294,28801,61945,79095,112239,90746,1
51015,43211,78972,94226,129987,122183,1
8146,19733,63554,27879,71700,83287,0
83481,62415,42861,145896,126342,105276,1
5325,11228,71237,16553,76562,82465,0
24741,99907,75382,124648,100123,175289,1
8104,41187,82395,49291,90499,123582,0
50895,85241,68852,136136,119747,154093,1
52981,94438,74377,147419,127358,168815,1
61207,49748,17808,110955,79015,67556,1
75257,74924,12689,150181,87946,87613,1
71497,40413,85551,111910,157048,125964,1
17705,34761,90124,52466,107829,124885,0
83259,89728,53473,172987,136732,143201,1
6622,39622,55850,46244,62472,95472,0
67119,68645,80800,135764,147919,149445,1
98529,59098,35036,157627,133565,94134,0
75893,33473,62358,109366,138251,95831,1
99033,16434,40431,115467,139464,56865,0
43795,1445,67907,45240,111702,69352,0
13221,44492,66406,57713,79627,110898,0
11874,34431,7656,46305,19530,42087,0
14706,13005,25878,27711,40584,38883,1
70344,34245,91630,104589,161974,125875,1
80295,41864,78447,122159,158742,120311,1
63209,12732,20778,75941,83987,33510,0
26726,9574,24994,36300,51720,34568,1
72129,63866,33070,135995,105199,96936,1
65448,61360,55317,126808,120765,116677,1
22294,4160,90417,26454,112711,94577,0
44830,58233,24081,103063,68911,82314,1
27056,62430,34206,89486,61262,96636,0
7161,66164,12802,73325,19963,78966,0
26916,38959,53120,65875,80036,92079,1
66293,88030,30039,154323,96332,118069,1
31932,92512,46625,124444,78557,139137,0
27002,23223,9509,50225,36511,32732,1
74804,54041,97073,128845,171877,151114,1
72395,69633,69816,142028,142211,139449,1
28469,13756,10700,42225,39169,24456,0
83036,75385,15211,158421,98247,90596,1
81845,7690,11120,89535,92965,18810,0
2807,32845,57758,35652,60565,90603,0
44080,43975,19813,88055,63893,63788,1
68522,63509,36625,132031,105147,100134,1
95236,89510,4573,184746,99809,94083,0
28893,98900,80356,127793,109249,179256,1
95348,13251,11013,108599,106361,24264,0
73457,48091,93262,121548,166719,141353,1
53966,48536,71819,102502,125785,120355,1
32263,28852,49792,61115,82055,78644,1
43172,18925,72832,62097,116004,91757,0
57102,47960,4449,105062,61551,52409,0
91413,73357,27684,164770,119097,101041,1
11386,70931,8042,82317,19428,78973,0
97859,51204,26089,149063,123948,77293,0
59173,60668,67773,119841,126946,128441,1
5045,45879,31342,50924,36387,77221,0
68753,66687,69482,135440,138235,136169,1
65212,49972,14517,115184,79729,64489,0
60993,57428,34350,118421,95343,91778,1
83970,76222,4390,160192,88360,80612,0
2670,66310,71094,68980,73764,137404,0
55697,36362,49775,92059,105472,86137,1
17104,62048,35949,79152,53053,97997,0
37047,45902,16125,82949,53172,62027,1
83719,94329,39463,178048,123182,133792,1
96354,19701,88516,116055,184870,108217,1
26134,91518,92071,117652,118205,183589,1
77941,61602,88676,139543,166617,150278,1
99729,52400,64764,152129,164493,117164,1
61319,21551,47788,82870,109107,69339,1
13428,3686,10149,17114,23577,13835,1
59984,19153,15666,79137,75650,34819,0
11060,14772,24712,25832,35772,39484,1
50072,97189,90599,147261,140671,187788,1
87882,2789,51389,90671,139271,54178,0
40835,83777,73179,124612,114014,156956,1
88408,9709,63828,98117,152236,73537,0
57420,70237,88640,127657,146060,158877,1
26347,16153,70306,42500,96653,86459,0
21018,16747,11555,37765,32573,28302,1
72886,54976,81207,127862,154093,136183,1
99407,41922,25538,141329,124945,67460,0
66551,95008,64591,161559,131142,159599,1
10650,60852,80273,71502,90923,141125,0
81606,86986,95652,168592,177258,182638,1
38832,32227,34658,71059,73490,66885,1
88472,99131,31325,187603,119797,130456,1
80560,27847,15835,108407,96395,43682,0
46986,73831,14570,120817,61556,88401,0
18941,47437,17220,66378,36161,64657,0
82648,1098,89939,83746,172587,91037,0
23728,25951,97239,49679,120967,123190,0
2969,16906,2274,19875,5243,19180,0
91035,26,20800,91061,111835,20826,0
6868,30289,23393,37157,30261,53682,0
10675,72263,58746,82938,69421,131009,0
34467,56276,88323,90743,122790,144599,1
15349,42718,91031,58067,106380,133749,0
77825,63702,36104,141527,113929,99806,1
65505,57048,45771,122553,111276,102819,1
73275,82066,86704,155341,159979,168770,1
66572,1834,78303,68406,144875,80137,0
4549,73095,87979,77644,92528,161074,0
98481,66821,36988,165302,135469,103809,1
54108,40441,15179,94549,69287,55620,1
34204,42517,71173,76721,105377,113690,1
33048,54494,71782,87542,104830,126276,1
42042,43563,18071,85605,60113,61634,1
31596,84921,17419,116517,49015,102340,0
29492,40911,29331,70403,58823,70242,1
69224,41748,89225,110972,158449,130973,1
61033,16534,95448,77567,156481,111982,0
14472,5011,51895,19483,66367,56906,0
14519,38642,69847,53161,84366,108489,0
22735,16478,26323,39213,49058,42801,1
97337,60945,63836,158282,161173,124781,1
72634,56154,14329,128788,86963,70483,0
45095,24266,69207,69361,114302,93473,1
78424,96443,44169,174867,122593,140612,1
4066,18286,28768,22352,32834,47054,0
96787,41765,27178,138552,123965,68943,0
24879,89928,38986,114807,63865,128914,0
90984,41983,67217,132967,158201,109200,1
94403,53346,68032,147749,162435,121378,1
43721,70940,4377,114661,48098,75317,0
99090,12230,99000,111320,198090,111230,1
31174,61304,52509,92478,83683,113813,1
77203,95824,13155,173027,90358,108979,0
37654,97880,72610,135534,110264,170490,1
17704,21901,60719,39605,78423,82620,0
93637,69462,57008,163099,150645,126470,1
7384,64162,72912,71546,80296,137074,0
90037,32385,32180,122422,122217,64565,0
52143,39668,96989,91811,149132,136657,0
33645,76073,25900,109718,59545,101973,0
24373,89236,46909,113609,71282,136145,0
10512,47268,34998,57780,45510,82266,0
54402,1323,52305,55725,106707,53628,0
66822,87385,55266,154207,122088,142651,1
88044,24207,25539,112251,113583,49746,0
13970,12192,8102,26162,22072,20294,1
51543,32387,3548,83930,55091,35935,0
16334,55071,92525,71405,108859,147596,0
68013,1772,97535,69785,165548,99307,0
59286,81102,21861,140388,81147,102963,1
35882,16604,62607,52486,98489,79211,0
42689,96437,79947,139126,122636,176384,1
12749,73192,51663,85941,64412,124855,0
42503,89939,13291,132442,55794,103230,0
15083,26889,35940,41972,51023,62829,1
62311,55028,69830,117339,132141,124858,1
6632,95933,16287,102565,22919,112220,0
96349,57117,32187,153466,128536,89304,0
24668,9612,66907,34280,91575,76519,0
90862,16325,66410,107187,157272,82735,0
73656,85109,50089,158765,123745,135198,1
18444,72928,95328,91372,113772,168256,0
86502,78669,12403,165171,98905,91072,1
6323,36099,22537,42422,28860,58636,0
25864,21179,40248,47043,66112,61427,1
30675,52457,71923,83132,102598,124380,1
89259,61979,78264,151238,167523,140243,1
26757,61103,90335,87860,117092,151438,0
66617,13518,92714,80135,159331,106232,0
28072,49716,60383,77788,88455,110099,1
40433,23345,31303,63778,71736,54648,1
31094,32035,24220,63129,55314,56255,1
71766,30837,93588,102603,165354,124425,1
1196,28178,59847,29374,61043,88025,0
70937,8067,19114,79004,90051,27181,0
6735,56236,9245,62971,15980,65481,0
90597,34379,60071,124976,150668,94450,1
92128,80181,89527,172309,181655,169708,1
7153,35379,75537,42532,82690,110916,0
98932,94435,16456,193367,115388,110891,1
51224,58180,23600,109404,74824,81780,1
57578,76690,72504,134268,130082,149194,1
52749,83293,3782,136042,56531,87075,0
97675,49177,66849,146852,164524,116026,1
46799,8031,42202,54830,89001,50233,1
26515,44466,17063,70981,43578,61529,0
99478,2916,33871,102394,133349,36787,0
29499,82844,45371,112343,74870,128215,0
3411,29738,33375,33149,36786,63113,0
24721,47277,25805,71998,50526,73082,1
18121,73095,42935,91216,61056,116030,0
13862,53741,91112,67603,104974,144853,0
14389,26963,86156,41352,100545,113119,0
48785,4476,74558,53261,123343,79034,0
5956,51507,82802,57463,88758,134309,0
17765,62356,83807,80121,101572,146163,0
98833,50663,83089,149496,181922,133752,1
9359,83024,3016,92383,12375,86040,0
51675,17475,93297,69150,144972,110772,0
43521,48510,60814,92031,104335,109324,1
47929,40637,52386,88566,100315,93023,1
45925,20542,92796,66467,138721,113338,0
81442,1056,85211,82498,166653,86267,0
19277,11703,82392,30980,101669,94095,0
18248,502,10423,18750,28671,10925,0
94547,81961,95717,176508,190264,177678,1
80391,85478,43231,165869,123622,128709,1
30226,51176,85632,81402,115858,136808,0
65370,52755,88728,118125,154098,141483,1
12844,51695,37662,64539,50506,89357,0
3433,4896,13360,8329,16793,18256,0
59425,12301,86134,71726,145559,98435,0
10898,14751,83457,25649,94355,98208,0
12460,55188,67415,67648,79875,122603,1
95027,98483,45738,193510,140765,144221,1
20833,69369,66800,90202,87633,136169,1
74554,68436,19529,142990,94083,87965,1
9312,81515,12745,90827,22057,94260,0
18533,14356,41218,32889,59751,55574,0
25855,29095,9846,54950,35701,38941,1
46361,81413,2410,127774,48771,83823,0
98902,8648,82233,107550,181135,90881,0
95367,64369,4516,159736,99883,68885,0
87606,95405,18355,183011,105961,113760,1
49577,84060,62236,133637,111813,146296,1
75394,90491,27360,165885,102754,117851,1
36045,42138,32089,78183,68134,74227,1
33292,97386,46693,130678,79985,144079,0
32372,27758,97722,60130,130094,125480,0
43367,54033,46476,97400,89843,100509,1
80121,8891,13296,89012,93417,22187,0
76636,98910,16419,175546,93055,115329,0
71110,7843,19718,78953,90828,27561,0
1232,22488,23145,23720,24377,45633,1
1199,4846,80940,6045,82139,85786,0
21954,78875,72153,100829,94107,151028,1
19915,97572,36320,117487,56235,133892,0
51589,89314,3788,140903,55377,93102,0
72543,21186,18786,93729,91329,39972,0
8881,83301,61874,92182,70755,145175,0
72933,48392,83045,121325,155978,131437,1
47264,32453,68009,79717,115273,100462,1
40916,62755,27568,103671,68484,90323,1
21672,25603,1916,47275,23588,27519,0
9633,88209,77273,97842,86906,165482,0
96828,28463,1773,125291,98601,30236,0
1665,28035,27089,29700,28754,55124,1
33175,61069,38745,94244,71920,99814,1
85791,92549,20363,178340,106154,112912,1
40851,84383,30848,125234,71699,115231,0
39227,36923,91496,76150,130723,128419,0
68134,7815,74558,75949,142692,82373,1
70881,8327,12681,79208,83562,21008,0
36928,9918,72602,46846,109530,82520,0
6713,71953,49262,78666,55975,121215,0
22411,36986,97895,59397,120306,134881,0
68687,64947,97535,133634,166222,162482,1
27981,44529,8945,72510,36926,53474,0
11545,85029,70073,96574,81618,155102,0
20294,29249,12730,49543,33024,41979,1
41185,80931,47749,122116,88934,128680,1
13276,65846,11864,79122,25140,77710,0
54696,54847,67796,109543,122492,122643,1
20484,97546,67919,118030,88403,165465,0
91904,43304,37098,135208,129002,80402,0
83414,14995,38652,98409,122066,53647,0
95957,36550,53785,132507,149742,90335,0
27959,22142,31616,50101,59575,53758,1
18306,17125,83946,35431,102252,101071,0
59877,26062,32849,85939,92726,58911,0
33470,67417,3014,100887,36484,70431,0
1468,36346,36916,37814,38384,73262,1
29933,54097,62787,84030,92720,116884,1
61256,40148,36497,101404,97753,76645,1
44132,21204,68169,65336,112301,89373,0
14132,41872,48234,56004,62366,90106,1
43505,88072,41528,131577,85033,129600,0
2143,71350,89956,73493,92099,161306,0
24692,42510,63894,67202,88586,106404,1
50025,49751,22089,99776,72114,71840,1
9347,1626,62457,10973,71804,64083,0
3032,52550,56699,55582,59731,109249,0
39781,8990,76208,48771,115989,85198,0
68613,82609,67754,151222,136367,150363,1
27824,67545,1810,95369,29634,69355,0
22469,85474,50369,107943,72838,135843,0
71908,89338,67859,161246,139767,157197,1
30192,42428,7041,72620,37233,49469,0
58972,36740,62073,95712,121045,98813,1
33069,53911,92452,86980,125521,146363,0
42875,78708,90292,121583,133167,169000,1
46065,61660,33846,107725,79911,95506,1
39376,76058,29702,115434,69078,105760,0
28027,89311,75182,117338,103209,164493,1
96154,69524,35251,165678,131405,104775,1
69930,40987,75107,110917,145037,116094,1
31282,44145,89242,75427,120524,133387,0
73040,95574,29037,168614,102077,124611,1
96829,2414,12170,99243,108999,14584,0
11675,96080,73061,107755,84736,169141,0
559,97434,40344,97993,40903,137778,0
22175,24148,17358,46323,39533,41506,1
70129,22947,84351,93076,154480,107298,1
52607,51452,9247,104059,61854,60699,1
92477,69315,94204,161792,186681,163519,1
17924,81599,97857,99523,115781,179456,1
5559,52842,48765,58401,54324,101607,1
58106,58391,83708,116497,141814,142099,1
14352,94800,46356,109152,60708,141156,0
80856,70011,93878,150867,174734,163889,1
65597,40332,58804,105929,124401,99136,1
82445,39837,28440,122282,110885,68277,0
71971,34309,30614,106280,102585,64923,0
93870,58846,79034,152716,172904,137880,1
45275,86140,72666,131415,117941,158806,1
59353,29926,59361,89279,118714,89287,1
94706,842,77429,95548,172135,78271,0
32988,95279,19756,128267,52744,115035,0
73385,59254,88441,132639,161826,147695,1
50984,28422,19794,79406,70778,48216,0
27443,14146,70716,41589,98159,84862,0
92615,27145,95034,119760,187649,122179,1
12181,40405,31041,52586,43222,71446,1
83282,42583,57662,125865,140944,100245,1
12165,27317,79821,39482,91986,107138,0
75111,34109,51021,109220,126132,85130,1
38569,44444,47917,83013,86486,92361,1
67128,90997,38468,158125,105596,129465,1
83187,23433,71465,106620,154652,94898,1
17241,81808,47287,99049,64528,129095,0
56494,91769,74017,148263,130511,165786,1
46282,47965,79510,94247,125792,127475,1
66427,66196,88150,132623,154577,154346,1
37376,52078,75821,89454,113197,127899,1
92597,41388,7616,133985,100213,49004,0
72991,82613,72016,155604,145007,154629,1
65382,87775,9223,153157,74605,96998,0
72951,70420,63068,143371,136019,133488,1
48128,48328,48213,96456,96341,96541,1
15312,47285,80329,62597,95641,127614,0
12687,64940,19592,77627,32279,84532,0
43650,56396,80490,100046,124140,136886,1
63206,58108,14422,121314,77628,72530,1
74551,48240,57771,122791,132322,106011,1
88153,40739,72908,128892,161061,113647,1
20034,17406,89011,37440,109045,106417,0
99465,93131,20957,192596,120422,114088,1
79539,1952,23727,81491,103266,25679,0
75755,93184,45083,168939,120838,138267,1
54147,54623,75300,108770,129447,129923,1
14093,16930,40211,31023,54304,57141,0
9313,89437,77473,98750,86786,166910,0
3529,66838,62657,70367,66186,129495,0
90876,53164,97424,144040,188300,150588,1
50999,16710,45087,67709,96086,61797,1
26260,17405,86713,43665,112973,104118,0
91794,40201,970,131995,92764,41171,0
76246,86290,29217,162536,105463,115507,1
77684,27496,48282,105180,125966,75778,0
67916,18891,25269,86807,93185,44160,0
55019,22529,68979,77548,123998,91508,1
79916,75496,88474,155412,168390,163970,1
42888,16688,46325,59576,89213,63013,1
90864,35054,80980,125918,171844,116034,1
28043,67893,2916,95936,30959,70809,0
86069,93629,94685,179698,180754,188314,1
6710,28802,49055,35512,55765,77857,0
48020,50086,74893,98106,122913,124979,1
68751,2085,35854,70836,104605,37939,0
63351,8064,98383,71415,161734,106447,0
41800,53082,48033,94882,89833,101115,1
70594,70940,94832,141534,165426,165772,1
43510,56860,39709,100370,83219,96569,1
45090,81815,13369,126905,58459,95184,0
39143,73416,83669,112559,122812,157085,1
17282,1819,89854,19101,107136,91673,0
10654,84398,99676,95052,110330,184074,0
73078,26732,20740,99810,93818,47472,0
91774,67020,29166,158794,120940,96186,1
39185,42563,57054,81748,96239,99617,1
40209,40617,94739,80826,134948,135356,0
719,57187,41257,57906,41976,98444,0
13527,55155,26863,68682,40390,82018,0
45842,47173,60841,93015,106683,108014,1
68870,46812,8938,115682,77808,55750,0
52241,67908,41689,120149,93930,109597,1
32537,96406,48350,128943,80887,144756,0
65282,34942,75011,100224,140293,109953,1
37035,7690,17453,44725,54488,25143,0
19791,55834,72137,75625,91928,127971,1
22723,25916,69237,48639,91960,95153,0
20728,11950,20707,32678,41435,32657,1
32818,31675,52595,64493,85413,84270,1
60394,18547,43592,78941,103986,62139,1
796,14826,20258,15622,21054,35084,0
22740,35018,44525,57758,67265,79543,1
93851,19429,95025,113280,188876,114454,1
61387,39784,80908,101171,142295,120692,1
39916,578,10628,40494,50544,11206,0
78780,61139,85907,139919,164687,147046,1
63986,43915,35268,107901,99254,79183,1
61351,22356,24530,83707,85881,46886,0
51599,85888,62223,137487,113822,148111,1
20838,75674,64258,96512,85096,139932,1
42998,90337,99651,133335,142649,189988,1
23493,65945,88619,89438,112112,154564,1
48603,11356,57534,59959,106137,68890,1
84297,89082,73342,173379,157639,162424,1
60482,19428,47450,79910,107932,66878,1
51232,79737,56763,130969,107995,136500,1
75943,4884,77630,80827,153573,82514,1
91014,35985,61567,126999,152581,97552,1
16215,10207,90163,26422,106378,100370,0
9931,57128,96132,67059,106063,153260,0
75628,35794,53656,111422,129284,89450,1
292,96294,81143,96586,81435,177437,0
27133,67579,93537,94712,120670,161116,1
87312,10254,17797,97566,105109,28051,0
32782,76763,18240,109545,51022,95003,0
53549,91651,26655,145200,80204,118306,0
41302,2902,21291,44204,62593,24193,0
54006,20350,68947,74356,122953,89297,1
38074,5136,58068,43210,96142,63204,0
3286,97953,42128,101239,45414,140081,0
72499,77366,75751,149865,148250,153117,1
19543,76400,98922,95943,118465,175322,0
48567,43151,39497,91718,88064,82648,1
35764,65994,13151,101758,48915,79145,0
87322,98906,83364,186228,170686,182270,1
72717,22480,46708,95197,119425,69188,0
28173,35785,58518,63958,86691,94303,1
41281,43007,24626,84288,65907,67633,1
15422,68778,79296,84200,94718,148074,1
93446,78815,11279,172261,104725,90094,0
40010,7021,67292,47031,107302,74313,0
1599,96857,54705,98456,56304,151562,0
83810,45830,52383,129640,136193,98213,1
71989,93025,89091,165014,161080,182116,1
10764,83602,25420,94366,36184,109022,0
78382,2661,13579,81043,91961,16240,0
40524,45145,16795,85669,57319,61940,1
92176,71007,35448,163183,127624,106455,1
46660,52043,1251,98703,47911,53294,0
41446,57864,9455,99310,50901,67319,0
53218,79882,29300,133100,82518,109182,1
85467,56531,42727,141998,128194,99258,1
70771,57538,61846,128309,132617,119384,1
88846,29637,2964,118483,91810,32601,0
24964,20979,63730,45943,88694,84709,0
11368,63646,55323,75014,66691,118969,1
75946,73214,87323,149160,163269,160537,1
40411,99963,78857,140374,119268,178820,1
76328,29852,32540,106180,108868,62392,0
54945,18677,99530,73622,154475,118207,0
51960,62807,53469,114767,105429,116276,1
81161,15451,47168,96612,128329,62619,0
40521,53262,21481,93783,62002,74743,1
73801,94798,29378,168599,103179,124176,1
18575,61985,31570,80560,50145,93555,0
70687,60864,70629,131551,141316,131493,1
42882,89331,91754,132213,134636,181085,1
2407,12831,38165,15238,40572,50996,0
25010,88146,64604,113156,89614,152750,1
58022,4131,14782,62153,72804,18913,0
10339,59277,38928,69616,49267,98205,0
95136,64233,89964,159369,185100,154197,1
89192,56776,33996,145968,123188,90772,1
50422,51076,92653,101498,143075,143729,1
59376,98333,80908,157709,140284,179241,1
8967,94158,39998,103125,48965,134156,0
29450,70481,97777,99931,127227,168258,1
64689,22837,9023,87526,73712,31860,0
93850,29362,71090,123212,164940,100452,1
23452,23127,13781,46579,37233,36908,1
33871,66771,60463,100642,94334,127234,1
54392,34110,50310,88502,104702,84420,1
82864,64578,48979,147442,131843,113557,1
20807,99270,76726,120077,97533,175996,0
79343,19679,87459,99022,166802,107138,1
54861,64655,31611,119516,86472,96266,1
24440,78324,49932,102764,74372,128256,0
85449,74173,35311,159622,120760,109484,1
18306,50067,42579,68373,60885,92646,1
54338,17917,57300,72255,111638,75217,1
88303,17796,63446,106099,151749,81242,0
94124,45493,13005,139617,107129,58498,0
4810,95811,34589,100621,39399,130400,0
71876,17792,49308,89668,121184,67100,0
87690,97404,96931,185094,184621,194335,1
18675,36324,9021,54999,27696,45345,0
75823,86929,13396,162752,89219,100325,1
98083,74580,46556,172663,144639,121136,1
36981,71157,97267,108138,134248,168424,1
53906,45410,18374,99316,72280,63784,1
6458,32341,45042,38799,51500,77383,0
37362,15760,67874,53122,105236,83634,0
29974,97336,70855,127310,100829,168191,1
49929,45197,81335,95126,131264,126532,1
33739,82878,12036,116617,45775,94914,0
75190,3062,791,78252,75981,3853,0
82257,66773,7317,149030,89574,74090,0
96766,69528,36682,166294,133448,106210,1
53730,10867,33280,64597,87010,44147,0
66559,69642,24768,136201,91327,94410,1
25174,80061,34006,105235,59180,114067,0
98934,9428,50075,108362,149009,59503,0
26233,86333,26882,112566,53115,113215,0
84516,97443,78031,181959,162547,175474,1
23464,71341,52405,94805,75869,123746,1
54954,87767,13937,142721,68891,101704,0
78702,46349,37133,125051,115835,83482,1
46976,42906,85111,89882,132087,128017,1
47875,56922,17801,104797,65676,74723,1
62037,80769,2592,142806,64629,83361,0
51863,65313,54874,117176,106737,120187,1
37200,94315,55699,131515,92899,150014,0
59186,99352,83814,158538,143000,183166,1
78158,93890,84991,172048,163149,178881,1
67097,40642,34084,107739,101181,74726,1
2573,77952,18543,80525,21116,96495,0
96858,56253,64211,153111,161069,120464,1
49019,78666,45652,127685,94671,124318,1
28572,73786,47726,102358,76298,121512,1
35019,97085,84199,132104,119218,181284,1
17328,2972,86940,20300,104268,89912,0
38045,85706,86186,123751,124231,171892,1
36570,27425,69845,63995,106415,97270,0
98347,62801,52173,161148,150520,114974,1
73781,66363,680,140144,74461,67043,0
91171,65982,8967,157153,100138,74949,0
35789,31705,51158,67494,86947,82863,1
58831,65365,21779,124196,80610,87144,1
66117,62866,15896,128983,82013,78762,1
17457,60587,80128,78044,97585,140715,0
43942,55659,15555,99601,59497,71214,1
95978,48034,86007,144012,181985,134041,1
44650,20706,26287,65356,70937,46993,1
18528,16048,53384,34576,71912,69432,0
56396,71727,39777,128123,96173,111504,1
31844,43188,77208,75032,109052,120396,0
82047,24447,49399,106494,131446,73846,0
3353,27679,14959,31032,18312,42638,0
88441,79156,3129,167597,91570,82285,0
96889,28163,34992,125052,131881,63155,0
66950,43617,69424,110567,136374,113041,1
48974,31207,83385,80181,132359,114592,0
31457,31075,73343,62532,104800,104418,0
19024,48311,73767,67335,92791,122078,0
90344,33360,48804,123704,139148,82164,0
25161,92623,26554,117784,51715,119177,0
21651,234,10532,21885,32183,10766,0
7713,59902,4990,67615,12703,64892,0
61100,18764,49265,79864,110365,68029,1
66830,23768,85109,90598,151939,108877,1
11854,80740,99620,92594,111474,180360,0
28159,71099,49732,99258,77891,120831,1
31089,6749,65113,37838,96202,71862,0
1438,37662,69188,39100,70626,106850,0
42117,17368,32527,59485,74644,49895,1
8688,11796,69396,20484,78084,81192,0
29719,23058,43400,52777,73119,66458,1
40200,76490,24904,116690,65104,101394,0
34878,92867,57725,127745,92603,150592,0
25697,39357,11711,65054,37408,51068,0
89776,53378,91857,143154,181633,145235,1
32001,31936,3567,63937,35568,35503,1
27884,60192,29339,88076,57223,89531,0
97982,20345,1144,118327,99126,21489,0
81555,16958,22834,98513,104389,39792,0
57456,72588,37176,130044,94632,109764,1
32899,20552,69611,53451,102510,90163,0
6350,13122,73430,19472,79780,86552,0
71096,11449,22589,82545,93685,34038,0
40963,26050,57818,67013,98781,83868,1
175,30269,7927,30444,8102,38196,0
45857,87340,29614,133197,75471,116954,0
10611,44533,36435,55144,47046,80968,1
3907,2380,43067,6287,46974,45447,0
14826,84671,86122,99497,100948,170793,1
14954,14683,31979,29637,46933,46662,0
45736,32225,84951,77961,130687,117176,0
86104,39344,77638,125448,163742,116982,1
33182,75695,30833,108877,64015,106528,0
66135,12731,96858,78866,162993,109589,0
2415,58114,6304,60529,8719,64418,0
18914,97810,75780,116724,94694,173590,0
14666,61301,65620,75967,80286,126921,1
35193,66337,99364,101530,134557,165701,1
53121,89101,292,142222,53413,89393,0
72998,4805,40498,77803,113496,45303,0
64722,80317,93668,145039,158390,173985,1
39214,90956,32602,130170,71816,123558,0
62631,34672,88647,97303,151278,123319,1
711,99655,85948,100366,86659,185603,0
23562,3350,64457,26912,88019,67807,0
48721,60030,44770,108751,93491,104800,1
10190,33557,79547,43747,89737,113104,0
43700,31846,36494,75546,80194,68340,1
30616,4255,21668,34871,52284,25923,0
37182,24740,21621,61922,58803,46361,1
96139,61287,99570,157426,195709,160857,1
2707,58634,73124,61341,75831,131758,0
35467,55804,85186,91271,120653,140990,1
91545,58884,25395,150429,116940,84279,0
27228,35899,51705,63127,78933,87604,1
28919,81988,38694,110907,67613,120682,0
78389,11422,25544,89811,103933,36966,0
42833,23477,35681,66310,78514,59158,1
64852,51466,12237,116318,77089,63703,0
56518,31165,87097,87683,143615,118262,1
78701,52934,75132,131635,153833,128066,1
80872,27389,56270,108261,137142,83659,1
14992,46494,33685,61486,48677,80179,1
26111,15922,25415,42033,51526,41337,1
75585,13093,39233,88678,114818,52326,0
75674,33257,4198,108931,79872,37455,0
33126,37167,24902,70293,58028,62069,1
35066,46519,34141,81585,69207,80660,1
13231,26330,42086,39561,55317,68416,0
45743,94502,97372,140245,143115,191874,1
35709,46046,99196,81755,134905,145242,0
27885,29299,54025,57184,81910,83324,1
96478,43098,3987,139576,100465,47085,0
6913,8294,23009,15207,29922,31303,0
64729,21317,65675,86046,130404,86992,1
66465,93195,71852,159660,138317,165047,1
46576,80911,29672,127487,76248,110583,0
67502,43253,24645,110755,92147,67898,1
96256,51685,72925,147941,169181,124610,1
35456,91409,34180,126865,69636,125589,0
98933,10796,73790,109729,172723,84586,0
26718,92284,34235,119002,60953,126519,0
85991,79858,49899,165849,135890,129757,1
15438,94406,70657,109844,86095,165063,0
81378,73519,41595,154897,122973,115114,1
60905,77592,80070,138497,140975,157662,1
77225,1377,45189,78602,122414,46566,0
29618,72387,34905,102005,64523,107292,0
15055,74318,31755,89373,46810,106073,0
70184,20084,92247,90268,162431,112331,0
60027,59764,93977,119791,154004,153741,1
14561,72184,7211,86745,21772,79395,0
9650,31009,39935,40659,49585,70944,1
8501,97960,382,106461,8883,98342,0
95184,97283,31466,192467,126650,128749,1
21696,94510,81382,116206,103078,175892,1
21604,29584,33400,51188,55004,62984,1
71021,56047,66045,127068,137066,122092,1
61306,33167,29595,94473,90901,62762,1
36544,90340,31342,126884,67886,121682,0
51880,83668,4693,135548,56573,88361,0
961,48632,27759,49593,28720,76391,0
92774,98161,37276,190935,130050,135437,1
54516,34291,42253,88807,96769,76544,1
51705,25071,27593,76776,79298,52664,1
19903,88139,20271,108042,40174,108410,0
86076,84968,93387,171044,179463,178355,1
78123,48744,89382,126867,167505,138126,1
97970,46680,16678,144650,114648,63358,0
7713,72396,13225,80109,20938,85621,0
9634,97621,32952,107255,42586,130573,0
73453,89864,30635,163317,104088,120499,1
80317,31351,94622,111668,174939,125973,1
50879,30322,21132,81201,72011,51454,1
43226,34699,12262,77925,55488,46961,1
87503,74794,80032,162297,167535,154826,1
55969,14129,99749,70098,155718,113878,0
66061,20715,49318,86776,115379,70033,1
5196,76518,59160,81714,64356,135678,0
18136,6258,81271,24394,99407,87529,0
56845,46422,76594,103267,133439,123016,1
93017,55009,80663,148026,173680,135672,1
88723,38562,54985,127285,143708,93547,1
25381,86502,38860,111883,64241,125362,0
39480,71290,72704,110770,112184,143994,1
69155,91587,24852,160742,94007,116439,1
52189,59675,58382,111864,110571,118057,1
30348,54893,24594,85241,54942,79487,1
16957,11741,5956,28698,22913,17697,1
9820,47207,12607,57027,22427,59814,0
43100,12472,59667,55572,102767,72139,0
78651,19020,23325,97671,101976,42345,0
66326,59619,70574,125945,136900,130193,1
62639,14425,3804,77064,66443,18229,0
91572,61521,45152,153093,136724,106673,1
90409,68387,76111,158796,166520,144498,1
98840,97530,37572,196370,136412,135102,1
55835,85378,6061,141213,61896,91439,0
94635,56883,16084,151518,110719,72967,0
34520,21080,8096,55600,42616,29176,0
72392,38488,43580,110880,115972,82068,1
68616,39202,69031,107818,137647,108233,1
82385,87503,19554,169888,101939,107057,1
87083,1379,11533,88462,98616,12912,0
30316,52378,13026,82694,43342,65404,0
84598,76271,75057,160869,159655,151328,1
33042,7758,76946,40800,109988,84704,0
52485,41563,61901,94048,114386,103464,1
98024,86110,70275,184134,168299,156385,1
37065,59421,60497,96486,97562,119918,1
60908,79887,79335,140795,140243,159222,1
48885,63777,46836,112662,95721,110613,1
60656,85047,92048,145703,152704,177095,1
78790,13543,71937,92333,150727,85480,1
52080,48974,787,101054,52867,49761,0
20325,27981,71880,48306,92205,99861,0
56344,31557,94876,87901,151220,126433,0
6242,86393,27172,92635,33414,113565,0
66355,21674,48480,88029,114835,70154,1
89720,219,87639,89939,177359,87858,0
42381,59381,3164,101762,45545,62545,0
10672,9113,19556,19785,30228,28669,1
828,27756,51120,28584,51948,78876,0
49931,30384,70444,80315,120375,100828,1
78185,12806,1556,90991,79741,14362,0
35571,45348,73035,80919,108606,118383,1
32789,10933,27015,43722,59804,37948,1
26568,21842,43245,48410,69813,65087,1
67946,5657,56853,73603,124799,62510,0
32033,5696,41377,37729,73410,47073,0
60140,92175,41444,152315,101584,133619,1
85713,4383,24473,90096,110186,28856,0
10701,51337,34282,62038,44983,85619,0
80851,22515,93864,103366,174715,116379,1
19738,5092,6172,24830,25910,11264,0
2430,84767,1272,87197,3702,86039,0
77440,29376,88806,106816,166246,118182,1
78666,62560,72600,141226,151266,135160,1
57024,15308,88126,72332,145150,103434,0
12645,94540,46941,107185,59586,141481,0
78635,85918,45467,164553,124102,131385,1
42827,90700,37397,133527,80224,128097,0
53663,27878,41983,81541,95646,69861,1
30380,47940,34192,78320,64572,82132,1
95469,91109,18321,186578,113790,109430,1
42438,32877,35767,75315,78205,68644,1
34367,89324,98157,123691,132524,187481,1
39769,19662,27477,59431,67246,47139,1
54022,84703,26353,138725,80375,111056,0
36535,5586,30963,42121,67498,36549,1
80129,41838,93360,121967,173489,135198,1
63898,47992,80485,111890,144383,128477,1
89078,36351,16862,125429,105940,53213,0
18394,13436,83707,31830,102101,97143,0
66195,19014,46416,85209,112611,65430,0
88264,81950,91829,170214,180093,173779,1
51325,40376,72792,91701,124117,113168,1
66873,76412,194,143285,67067,76606,0
61765,2832,50292,64597,112057,53124,0
95003,40008,93502,135011,188505,133510,1
32411,23557,73802,55968,106213,97359,0
51559,23542,2862,75101,54421,26404,0
83018,41688,26567,124706,109585,68255,0
94402,27120,11902,121522,106304,39022,0
64882,6278,61701,71160,126583,67979,1
99646,35097,66021,134743,165667,101118,1
33036,8223,84389,41259,117425,92612,0
97534,34423,73865,131957,171399,108288,1
3571,20783,23318,24354,26889,44101,1
32578,69034,65515,101612,98093,134549,1
65342,79275,17308,144617,82650,96583,1
51582,97225,32646,148807,84228,129871,0
83749,39125,84286,122874,168035,123411,1
37451,30764,53232,68215,90683,83996,1
71839,12513,98735,84352,170574,111248,0
57679,77217,38946,134896,96625,116163,1
36933,72457,49254,109390,86187,121711,1
52017,57985,94737,110002,146754,152722,1
89700,44077,72067,133777,161767,116144,1
8345,14785,39993,23130,48338,54778,0
93923,4175,35058,98098,128981,39233,0
56309,58848,42312,115157,98621,101160,1
34265,74698,39294,108963,73559,113992,0
33674,90694,88391,124368,122065,179085,1
13950,46844,46565,60794,60515,93409,1
55,67123,67125,67178,67180,134248,1
76182,67228,87162,143410,163344,154390,1
10692,78141,27677,88833,38369,105818,0
96703,18571,60778,115274,157481,79349,0
34513,60477,8421,94990,42934,68898,0
1779,83518,24541,85297,26320,108059,0
43510,89175,82628,132685,126138,171803,1
74968,76891,81291,151859,156259,158182,1
18530,15407,34885,33937,53415,50292,0
13340,38341,96658,51681,109998,134999,0
25894,73489,53931,99383,79825,127420,1
28582,54648,3362,83230,31944,58010,0
8782,6399,94978,15181,103760,101377,0
5946,83843,55067,89789,61013,138910,0
64324,74836,13959,139160,78283,88795,1
19224,56505,95664,75729,114888,152169,0
54937,68187,64410,123124,119347,132597,1
77373,78811,90364,156184,167737,169175,1
12689,27500,89730,40189,102419,117230,0
3949,17543,38284,21492,42233,55827,0
16224,23229,56398,39453,72622,79627,0
55164,98721,54758,153885,109922,153479,1
48422,11996,55063,60418,103485,67059,1
20694,72870,75726,93564,96420,148596,1
8915,62843,19678,71758,28593,82521,0
52741,94664,37642,147405,90383,132306,0
18229,63669,85150,81898,103379,148819,0
16843,83734,48479,100577,65322,132213,0
43102,22146,79311,65248,122413,101457,0
36027,26900,68590,62927,104617,95490,0
28627,61238,81632,89865,110259,142870,1
11352,98310,83235,109662,94587,181545,0
75042,20888,96095,95930,171137,116983,0
11798,25544,58062,37342,69860,83606,0
60287,17506,57646,77793,117933,75152,1
65766,98908,77859,164674,143625,176767,1
35805,29656,10368,65461,46173,40024,1
56390,49032,71168,105422,127558,120200,1
47357,20843,34428,68200,81785,55271,1
29939,78265,63517,108204,93456,141782,1
67225,17334,41628,84559,108853,58962,0
30686,554,77031,31240,107717,77585,0
92112,12381,91869,104493,183981,104250,1
61623,99653,32871,161276,94494,132524,0
81445,29629,30679,111074,112124,60308,0
14303,56491,63158,70794,77461,119649,1
41188,81898,24284,123086,65472,106182,0
76096,36293,56200,112389,132296,92493,1
38868,68658,89230,107526,128098,157888,1
31177,85975,96177,117152,127354,182152,1
57652,52613,10233,110265,67885,62846,1
42418,5697,74910,48115,117328,80607,0
70745,74093,24764,144838,95509,98857,1
31804,83485,16013,115289,47817,99498,0
37554,57656,56287,95210,93841,113943,1
81044,34842,20249,115886,101293,55091,0
96079,50532,63359,146611,159438,113891,1
14874,94168,59178,109042,74052,153346,0
27077,47746,36903,74823,63980,84649,1
42418,47546,85600,89964,128018,133146,1
73195,33816,94924,107011,168119,128740,1
59049,1986,11616,61035,70665,13602,0
36589,72624,83145,109213,119734,155769,1
74401,64104,13988,138505,88389,78092,1
97365,66248,80263,163613,177628,146511,1
78371,74619,19474,152990,97845,94093,1
48150,17423,4172,65573,52322,21595,0
42957,25431,88103,68388,131060,113534,0
43144,2208,76465,45352,119609,78673,0
25702,70139,93038,95841,118740,163177,1
7383,44937,24678,52320,32061,69615,0
46234,94673,12041,140907,58275,106714,0
75750,66850,59834,142600,135584,126684,1
76400,38949,1,115349,76401,38950,0
52014,98917,55134,150931,107148,154051,1
32059,6674,92717,38733,124776,99391,0
84507,91577,1770,176084,86277,93347,0
33560,54811,57910,88371,91470,112721,1
61006,7621,72670,68627,133676,80291,0
66259,29637,24749,95896,91008,54386,0
61669,92193,46575,153862,108244,138768,1
45267,7588,93732,52855,138999,101320,0
86030,89338,56953,175368,142983,146291,1
41298,15222,52569,56520,93867,67791,1
97364,5918,85468,103282,182832,91386,0
95734,16520,29900,112254,125634,46420,0
46559,98221,56813,144780,103372,155034,1
31706,4589,64200,36295,95906,68789,0
4025,14339,94671,18364,98696,109010,0
68375,16882,55843,85257,124218,72725,1
69327,30742,3162,100069,72489,33904,0
65827,42882,45226,108709,111053,88108,1
7990,22522,55202,30512,63192,77724,0
58892,55300,1728,114192,60620,57028,0
11102,95235,37549,106337,48651,132784,0
46507,80358,8745,126865,55252,89103,0
20667,94616,45776,115283,66443,140392,0
1336,91404,70075,92740,71411,161479,0
28375,19513,2789,47888,31164,22302,0
78588,20652,86258,99240,164846,106910,1
42221,15209,20338,57430,62559,35547,0
90996,46105,85102,137101,176098,131207,1
15524,63806,24143,79330,39667,87949,0
78320,56076,83379,134396,161699,139455,1
86356,11937,22775,98293,109131,34712,0
26924,90304,55237,117228,82161,145541,0
42813,94354,9533,137167,52346,103887,0
4321,25122,34845,29443,39166,59967,0
77725,55881,70968,133606,148693,126849,1
9323,1649,21060,10972,30383,22709,0
18442,27321,74946,45763,93388,102267,0
72377,38896,21572,111273,93949,60468,0
93508,40608,34181,134116,127689,74789,0
15924,44838,94728,60762,110652,139566,0
37342,61938,54976,99280,92318,116914,1
85072,37868,20509,122940,105581,58377,0
59176,5329,93517,64505,152693,98846,0
18694,1044,92705,19738,111399,93749,0
36759,66555,58493,103314,95252,125048,1
8057,25484,13370,33541,21427,38854,0
16006,27961,58086,43967,74092,86047,0
14259,6458,2197,20717,16456,8655,0
71321,69343,19739,140664,91060,89082,1
33978,48566,534,82544,34512,49100,0
70109,99967,62048,170076,132157,162015,1
9760,61289,92477,71049,102237,153766,0
17844,27558,92175,45402,110019,119733,0
66282,45278,13301,111560,79583,58579,0
56365,95107,54012,151472,110377,149119,1
23813,87028,9199,110841,33012,96227,0
91549,16584,21040,108133,112589,37624,0
78147,75511,21089,153658,99236,96600,1
63458,42283,10213,105741,73671,52496,0
48466,62099,43772,110565,92238,105871,1
52464,44795,70966,97259,123430,115761,1
79688,2475,23870,82163,103558,26345,0
11116,74132,83326,85248,94442,157458,1
99835,78124,47077,177959,146912,125201,1
85727,66920,40144,152647,125871,107064,1
35388,45376,16053,80764,51441,61429,1
32805,27104,14943,59909,47748,42047,1
70008,15497,77754,85505,147762,93251,1
94848,41756,22379,136604,117227,64135,0
62244,49237,30949,111481,93193,80186,1
93671,64054,41633,157725,135304,105687,1
2670,58786,60400,61456,63070,119186,1
21079,79195,19643,100274,40722,98838,0
97061,6864,61888,103925,158949,68752,0
40145,88779,99137,128924,139282,187916,1
88801,22400,56406,111201,145207,78806,0
85778,91370,97190,177148,182968,188560,1
58972,37708,32792,96680,91764,70500,1
26286,34001,86440,60287,112726,120441,0
32931,45846,10115,78777,43046,55961,0
65025,86531,58689,151556,123714,145220,1
34661,12973,6394,47634,41055,19367,0
39318,66552,45693,105870,85011,112245,1
79780,62875,76753,142655,156533,139628,1
60368,96041,55283,156409,115651,151324,1
24061,73219,2713,97280,26774,75932,0
23964,24508,40082,48472,64046,64590,1
50332,1046,53476,51378,103808,54522,0
45059,15379,29989,60438,75048,45368,1
51466,60229,24219,111695,75685,84448,1
27314,56436,71971,83750,99285,128407,1
37504,72318,96821,109822,134325,169139,1
94276,83,93632,94359,187908,93715,0
28460,19932,63078,48392,91538,83010,0
84691,29551,3413,114242,88104,32964,0
98031,5793,62597,103824,160628,68390,0
47631,96259,98486,143890,146117,194745,1
32560,95090,4726,127650,37286,99816,0
18572,80612,59176,99184,77748,139788,0
31295,95965,22213,127260,53508,118178,0
52605,41735,26802,94340,79407,68537,1
47870,61482,97459,109352,145329,158941,1
64505,89485,42494,153990,106999,131979,1
51109,96544,85851,147653,136960,182395,1
90425,25423,37293,115848,127718,62716,0
10915,86799,76885,97714,87800,163684,1
88492,85564,55909,174056,144401,141473,1
1708,8049,80928,9757,82636,88977,0
59730,64609,47080,124339,106810,111689,1
78034,5144,89486,83178,167520,94630,0
88743,82881,94135,171624,182878,177016,1
1993,27797,95378,29790,97371,123175,0
64471,25209,75350,89680,139821,100559,1
34212,29324,74259,63536,108471,103583,0
29373,61052,97582,90425,126955,158634,0
74185,42585,89450,116770,163635,132035,1
87383,85643,86290,173026,173673,171933,1
18728,63503,865,82231,19593,64368,0
43444,563,61200,44007,104644,61763,0
76293,38653,20750,114946,97043,59403,0
9598,5972,99502,15570,109100,105474,0
40961,72220,89663,113181,130624,161883,1
23991,90414,56847,114405,80838,147261,0
73591,4917,92517,78508,166108,97434,0
11362,3851,32527,15213,43889,36378,0
31580,67349,84540,98929,116120,151889,1
25399,58219,81173,83618,106572,139392,1
8076,54510,26371,62586,34447,80881,0
18063,10702,20026,28765,38089,30728,1
19960,56805,63926,76765,83886,120731,1
1715,41150,45587,42865,47302,86737,0
97258,23821,89254,121079,186512,113075,1
58342,44520,34876,102862,93218,79396,1
3485,36582,64515,40067,68000,101097,0
35103,88818,27920,123921,63023,116738,0
24830,4174,84686,29004,109516,88860,0
69450,4823,52468,74273,121918,57291,0
92402,9858,83067,102260,175469,92925,1
37716,14066,15535,51782,53251,29601,0
91738,94348,13521,186086,105259,107869,1
94389,24836,26363,119225,120752,51199,0
99796,38229,79967,138025,179763,118196,1
20896,49306,47663,70202,68559,96969,1
95289,85410,774,180699,96063,86184,0
43106,77331,66037,120437,109143,143368,1
15541,76707,76681,92248,92222,153388,1
22909,81121,53034,104030,75943,134155,0
27367,741,89080,28108,116447,89821,0
73631,43557,87805,117188,161436,131362,1
23268,12030,69374,35298,92642,81404,0
53936,808,7377,54744,61313,8185,0
97855,66556,11201,164411,109056,77757,0
62907,19737,98767,82644,161674,118504,0
12383,78763,83574,91146,95957,162337,1
39554,39562,53847,79116,93401,93409,1
72681,57979,68645,130660,141326,126624,1
47934,65308,9875,113242,57809,75183,0
83023,91219,51602,174242,134625,142821,1
16093,84446,23269,100539,39362,107715,0
40935,10560,5071,51495,46006,15631,0
78587,67672,43970,146259,122557,111642,1
69358,97187,96520,166545,165878,193707,1
31241,13395,44145,44636,75386,57540,1
60455,56381,45788,116836,106243,102169,1
13443,72926,29768,86369,43211,102694,0
46838,12150,38765,58988,85603,50915,1
16912,17473,21608,34385,38520,39081,1
76376,68423,74803,144799,151179,143226,1
38081,74620,89749,112701,127830,164369,1
82596,12235,48177,94831,130773,60412,0
50463,36161,54553,86624,105016,90714,1
36858,40730,52369,77588,89227,93099,1
51596,13166,65663,64762,117259,78829,0
96601,11158,25726,107759,122327,36884,0
15819,95342,21454,111161,37273,116796,0
22692,13205,83908,35897,106600,97113,0
7835,73651,51791,81486,59626,125442,0
75928,78275,25864,154203,101792,104139,1
60811,44608,58399,105419,119210,103007,1
9016,69554,34161,78570,43177,103715,0
35951,7456,42086,43407,78037,49542,1
79849,89252,58739,169101,138588,147991,1
73155,27863,6602,101018,79757,34465,0
93938,97047,69628,190985,163566,166675,1
95377,37144,29611,132521,124988,66755,0
95335,83652,28987,178987,124322,112639,1
77610,43241,83869,120851,161479,127110,1
73414,55628,52938,129042,126352,108566,1
88603,79555,73845,168158,162448,153400,1
39792,22858,82844,62650,122636,105702,0
41198,28830,68053,70028,109251,96883,1
98726,23023,14759,121749,113485,37782,0
98691,73741,62794,172432,161485,136535,1
96982,85489,13431,182471,110413,98920,1
95443,24040,95422,119483,190865,119462,1
58617,93589,52903,152206,111520,146492,1
67481,98952,59846,166433,127327,158798,1
68892,30265,3514,99157,72406,33779,0
18026,69251,21197,87277,39223,90448,0
72603,27562,35575,100165,108178,63137,0
43688,63688,70243,107376,113931,133931,1
63616,224,47776,63840,111392,48000,0
18826,33199,39493,52025,58319,72692,1
48604,25103,27390,73707,75994,52493,1
37773,64467,91430,102240,129203,155897,1
63869,44256,77446,108125,141315,121702,1
48880,6602,88880,55482,137760,95482,0
22581,33974,88601,56555,111182,122575,0
36190,35327,81729,71517,117919,117056,0
43002,13157,14179,56159,57181,27336,0
73791,33764,16295,107555,90086,50059,0
18355,43555,67419,61910,85774,110974,0
62758,46656,21056,109414,83814,67712,1
88378,19623,45622,108001,134000,65245,0
61417,19437,7425,80854,68842,26862,0
21476,15869,41264,37345,62740,57133,0
41500,73273,88443,114773,129943,161716,1
99082,11879,76005,110961,175087,87884,0
73435,20458,93418,93893,166853,113876,1
37805,69266,81628,107071,119433,150894,1
30067,13360,1089,43427,31156,14449,0
17306,87307,29929,104613,47235,117236,0
16558,9314,47590,25872,64148,56904,0
64948,67832,93166,132780,158114,160998,1
96879,81129,13042,178008,109921,94171,0
12997,53643,29382,66640,42379,83025,0
43067,4245,44197,47312,87264,48442,1
82432,75578,37590,158010,120022,113168,1
76491,58175,88974,134666,165465,147149,1
98609,75376,73500,173985,172109,148876,1
42947,54201,43392,97148,86339,97593,1
15378,9860,63984,25238,79362,73844,0
39795,43461,479,83256,40274,43940,0
54366,87546,47870,141912,102236,135416,1
82993,54791,78254,137784,161247,133045,1
99640,14549,33347,114189,132987,47896,0
92568,10561,58633,103129,151201,69194,0
40846,20444,41454,61290,82300,61898,1
39433,46506,90174,85939,129607,136680,0
68697,2045,12043,70742,80740,14088,0
37849,75414,73457,113263,111306,148871,1
82597,44702,18375,127299,100972,63077,0
91118,1429,34101,92547,125219,35530,0
5282,81581,13037,86863,18319,94618,0
31157,3204,61378,34361,92535,64582,0
16538,62539,93972,79077,110510,156511,0
73097,69910,44750,143007,117847,114660,1
93963,75428,99228,169391,193191,174656,1
80419,46437,95103,126856,175522,141540,1
21652,54772,20739,76424,42391,75511,0
30468,49009,6139,79477,36607,55148,0
51964,2737,13250,54701,65214,15987,0
26411,68003,27440,94414,53851,95443,0
51330,91949,84729,143279,136059,176678,1
54735,4787,37623,59522,92358,42410,0
59503,75525,27598,135028,87101,103123,1
76602,68522,15927,145124,92529,84449,1
89633,24651,25519,114284,115152,50170,0
3081,51551,24719,54632,27800,76270,0
83210,24247,94366,107457,177576,118613,1
44126,58751,72083,102877,116209,130834,1
63152,36124,87980,99276,151132,124104,1
29888,24750,44924,54638,74812,69674,1
84228,44967,35787,129195,120015,80754,0
6920,69755,2318,76675,9238,72073,0
37005,56925,40479,93930,77484,97404,1
69780,38626,5445,108406,75225,44071,0
86427,70821,69999,157248,156426,140820,1
52819,27582,49691,80401,102510,77273,1
20382,419,97092,20801,117474,97511,0
47632,78993,84165,126625,131797,163158,1
34940,39808,96141,74748,131081,135949,0
27738,47354,98708,75092,126446,146062,0
1083,44883,82703,45966,83786,127586,0
40196,69199,8569,109395,48765,77768,0
97069,65638,61481,162707,158550,127119,1
42552,31231,41105,73783,83657,72336,1
91696,88813,83867,180509,175563,172680,1
65684,33703,1906,99387,67590,35609,0
56608,20543,39707,77151,96315,60250,1
8283,1230,48123,9513,56406,49353,0
46299,99213,96717,145512,143016,195930,1
49451,4409,59849,53860,109300,64258,0
52387,40185,14931,92572,67318,55116,1
49861,93005,12580,142866,62441,105585,0
70523,51454,429,121977,70952,51883,0
25226,39629,14238,64855,39464,53867,0
78401,56400,5935,134801,84336,62335,0
78844,48976,96851,127820,175695,145827,1
51595,74894,41204,126489,92799,116098,1
15259,33249,42101,48508,57360,75350,1
298,5043,57071,5341,57369,62114,0
1091,74353,1352,75444,2443,75705,0
86166,75395,4087,161561,90253,79482,0
27068,91593,1891,118661,28959,93484,0
55372,14679,26970,70051,82342,41649,0
25635,30497,32663,56132,58298,63160,1
56274,45112,17192,101386,73466,62304,1
72361,10359,55917,82720,128278,66276,0
21290,92991,43692,114281,64982,136683,0
1574,7539,83334,9113,84908,90873,0
82830,81258,72257,164088,155087,153515,1
48476,75315,33217,123791,81693,108532,1
28048,57366,47936,85414,75984,105302,1
87102,5961,86344,93063,173446,92305,1
85524,76522,66285,162046,151809,142807,1
65990,92064,7962,158054,73952,100026,0
56199,21430,2062,77629,58261,23492,0
85635,13963,92871,99598,178506,106834,1
64270,90302,59350,154572,123620,149652,1
28522,41187,48645,69709,77167,89832,1
58081,42022,96695,100103,154776,138717,1
47806,54034,58648,101840,106454,112682,1
64186,62645,95398,126831,159584,158043,1
82087,62587,28810,144674,110897,91397,1
49034,1238,38033,50272,87067,39271,0
57507,78510,79903,136017,137410,158413,1
14790,56561,614,71351,15404,57175,0
15205,80698,11007,95903,26212,91705,0
91751,72550,90836,164301,182587,163386,1
53221,68734,96173,121955,149394,164907,1
62124,96515,31131,158639,93255,127646,0
58687,34665,38294,93352,96981,72959,1
3685,39379,69833,43064,73518,109212,0
11846,45346,10369,57192,22215,55715,0
76910,79881,70168,156791,147078,150049,1
47108,57206,25953,104314,73061,83159,1
45745,60943,15040,106688,60785,75983,0
92700,33760,62050,126460,154750,95810,1
88519,35353,64689,123872,153208,100042,1
3190,21031,92587,24221,95777,113618,0
38502,31559,60636,70061,99138,92195,1
79535,1222,44662,80757,124197,45884,0
35613,36260,35004,71873,70617,71264,1
49042,97935,46206,146977,95248,144141,0
30844,16718,38278,47562,69122,54996,1
96131,77964,64488,174095,160619,142452,1
45182,49096,81135,94278,126317,130231,1
13539,97830,18947,111369,32486,116777,0
36413,68269,54262,104682,90675,122531,1
68292,2252,32596,70544,100888,34848,0
43314,5299,72630,48613,115944,77929,0
3021,96166,5406,99187,8427,101572,0
86999,33662,45936,120661,132935,79598,0
81857,40531,93521,122388,175378,134052,1
50503,73400,68287,123903,118790,141687,1
25961,97450,42546,123411,68507,139996,0
96653,55099,70474,151752,167127,125573,1
83070,28135,56112,111205,139182,84247,1
13287,43189,14952,56476,28239,58141,0
49803,49442,60007,99245,109810,109449,1
81117,348,42641,81465,123758,42989,0
66211,16226,51849,82437,118060,68075,1
78715,91028,23611,169743,102326,114639,1
48550,13093,59303,61643,107853,72396,1
49860,6566,44659,56426,94519,51225,1
89204,70382,84969,159586,174173,155351,1
38386,69322,53912,107708,92298,123234,1
27367,37477,90552,64844,117919,128029,0
97953,76355,48962,174308,146915,125317,1
44228,43537,9851,87765,54079,53388,1
36596,79473,47528,116069,84124,127001,1
52198,20969,77995,73167,130193,98964,0
63802,42119,76894,105921,140696,119013,1
79837,80790,20749,160627,100586,101539,1
95607,42570,24150,138177,119757,66720,0
79500,29385,81705,108885,161205,111090,1
62057,65373,57362,127430,119419,122735,1
23788,42158,42460,65946,66248,84618,1
63165,97813,45596,160978,108761,143409,1
64162,16607,62316,80769,126478,78923,1
50364,65304,16358,115668,66722,81662,1
49427,32557,46307,81984,95734,78864,1
62139,10006,91226,72145,153365,101232,0
54912,26605,84276,81517,139188,110881,0
48644,63336,49601,111980,98245,112937,1
35381,87081,89915,122462,125296,176996,1
92537,62022,56752,154559,149289,118774,1
70210,30291,83160,100501,153370,113451,1
16155,57453,89044,73608,105199,146497,0
69519,57539,4445,127058,73964,61984,0
90600,95112,42473,185712,133073,137585,1
88554,87404,17423,175958,105977,104827,1
90765,96776,54535,187541,145300,151311,1
3515,43185,2488,46700,6003,45673,0
66373,9699,87,76072,66460,9786,0
48144,83907,48548,132051,96692,132455,1
78614,26380,57575,104994,136189,83955,1
21691,88895,79342,110586,101033,168237,1
9460,93017,48203,102477,57663,141220,0
64449,90617,50553,155066,115002,141170,1
99133,89836,62751,188969,161884,152587,1
63055,25867,70431,88922,133486,96298,1
54843,30735,47225,85578,102068,77960,1
48826,45048,15015,93874,63841,60063,1
90975,90473,36046,181448,127021,126519,1
8498,13157,39839,21655,48337,52996,0
73882,54604,70873,128486,144755,125477,1
89157,43685,97214,132842,186371,140899,1
77631,82246,564,159877,78195,82810,0
24071,66367,95751,90438,119822,162118,0
65643,32856,84870,98499,150513,117726,1
12944,74596,50489,87540,63433,125085,0
33553,37306,63948,70859,97501,101254,1
60679,39589,85210,100268,145889,124799,1
26024,95246,37942,121270,63966,133188,0
9483,47995,25068,57478,34551,73063,0
28064,3927,2328,31991,30392,6255,0
4150,73773,22807,77923,26957,96580,0
34092,26613,88755,60705,122847,115368,0
56051,4299,36546,60350,92597,40845,0
80553,33137,20325,113690,100878,53462,0
77415,60594,16314,138009,93729,76908,0
28108,11818,31950,39926,60058,43768,1
7177,55058,53129,62235,60306,108187,1
50154,37675,78026,87829,128180,115701,1
48717,37197,82906,85914,131623,120103,1
70907,49631,79111,120538,150018,128742,1
67575,6429,36930,74004,104505,43359,0
39704,8459,42428,48163,82132,50887,1
79204,3950,16862,83154,96066,20812,0
67844,58677,20746,126521,88590,79423,1
39890,8740,37948,48630,77838,46688,1
69656,42524,69485,112180,139141,112009,1
97681,64079,53703,161760,151384,117782,1
60740,34620,74857,95360,135597,109477,1
73234,59370,77898,132604,151132,137268,1
74619,55618,15771,130237,90390,71389,0
15599,52505,99298,68104,114897,151803,0
96553,4961,12213,101514,108766,17174,0
15586,46150,358,61736,15944,46508,0
35284,82079,78132,117363,113416,160211,1
72942,46647,13732,119589,86674,60379,0
91881,48665,71652,140546,163533,120317,1
55255,69,20356,55324,75611,20425,0
39566,31485,10722,71051,50288,42207,1
33506,40043,45711,73549,79217,85754,1
18968,67468,18832,86436,37800,86300,0
39900,15023,50795,54923,90695,65818,1
5658,52775,55687,58433,61345,108462,1
12892,10599,39695,23491,52587,50294,0
8197,65381,87436,73578,95633,152817,0
34239,27212,38573,61451,72812,65785,1
98900,3585,18476,102485,117376,22061,0
75697,13903,62313,89600,138010,76216,1
92206,70066,11837,162272,104043,81903,0
65881,71026,14632,136907,80513,85658,1
82793,6829,72455,89622,155248,79284,0
42221,50717,75240,92938,117461,125957,1
65204,35769,7809,100973,73013,43578,0
84382,82076,9007,166458,93389,91083,1
65618,56674,67561,122292,133179,124235,1
66719,57975,57487,124694,124206,115462,1
46879,25677,25148,72556,72027,50825,1
37817,27734,17008,65551,54825,44742,1
72124,35877,58176,108001,130300,94053,1
43605,65860,93181,109465,136786,159041,1
91907,52485,7965,144392,99872,60450,0
89275,68686,57975,157961,147250,126661,1
49642,72295,7159,121937,56801,79454,0
29734,88193,81924,117927,111658,170117,1
30899,71150,22144,102049,53043,93294,0
68817,19796,80774,88613,149591,100570,1
56518,16729,79315,73247,135833,96044,0
83483,21571,65410,105054,148893,86981,1
68333,36988,1513,105321,69846,38501,0
7853,33981,89079,41834,96932,123060,0
3074,19804,62511,22878,65585,82315,0
50012,80414,13438,130426,63450,93852,0
64874,52509,74613,117383,139487,127122,1
20171,23459,48524,43630,68695,71983,0
3451,15181,45087,18632,48538,60268,0
46935,53559,67226,100494,114161,120785,1
57001,77155,57511,134156,114512,134666,1
76201,89214,64936,165415,141137,154150,1
31565,1434,71136,32999,102701,72570,0
23619,58997,52923,82616,76542,111920,1
13834,52153,70148,65987,83982,122301,0
13443,10491,2125,23934,15568,12616,0
57230,70356,89648,127586,146878,160004,1
16561,59898,8239,76459,24800,68137,0
45897,51530,92378,97427,138275,143908,1
98249,76177,8014,174426,106263,84191,0
62064,15880,48156,77944,110220,64036,1
26584,96918,38132,123502,64716,135050,0
82998,95777,37348,178775,120346,133125,1
35848,73278,56787,109126,92635,130065,1
80999,74820,84866,155819,165865,159686,1
77291,35497,692,112788,77983,36189,0
39167,59993,38809,99160,77976,98802,1
93403,35071,71066,128474,164469,106137,1
79658,81578,15298,161236,94956,96876,1
69290,65837,50162,135127,119452,115999,1
55723,26046,46016,81769,101739,72062,1
50110,89674,83298,139784,133408,172972,1
71,43199,61842,43270,61913,105041,0
24870,11195,34813,36065,59683,46008,1
4546,9279,1258,13825,5804,10537,0
14478,76074,49814,90552,64292,125888,0
43040,70265,90035,113305,133075,160300,1
41354,30034,95026,71388,136380,125060,0
89,18827,76441,18916,76530,95268,0
91035,21975,93452,113010,184487,115427,1
54000,14509,23366,68509,77366,37875,0
61435,85245,46477,146680,107912,131722,1
39566,4811,30571,44377,70137,35382,0
64760,91037,81120,155797,145880,172157,1
66110,53523,37795,119633,103905,91318,1
83580,74961,71116,158541,154696,146077,1
66631,8603,269,75234,66900,8872,0
28206,74638,36061,102844,64267,110699,0
77719,19145,34366,96864,112085,53511,0
16360,10440,16246,26800,32606,26686,1
14050,87880,31870,101930,45920,119750,0
66614,26099,52849,92713,119463,78948,1
5112,87058,16612,92170,21724,103670,0
84518,30590,50835,115108,135353,81425,0
14292,58792,65421,73084,79713,124213,1
32190,39309,72470,71499,104660,111779,0
82602,68857,22648,151459,105250,91505,1
90057,18798,23942,108855,113999,42740,0
54552,57958,85717,112510,140269,143675,1
63872,59465,55767,123337,119639,115232,1
96536,36533,4754,133069,101290,41287,0
24055,68684,43577,92739,67632,112261,0
72631,10962,79152,83593,151783,90114,1
48254,78764,81480,127018,129734,160244,1
17382,36941,31947,54323,49329,68888,1
98785,42088,41797,140873,140582,83885,0
85536,58428,91427,143964,176963,149855,1
81275,83115,63308,164390,144583,146423,1
85716,50772,46725,136488,132441,97497,1
55137,64016,61164,119153,116301,125180,1
94197,34714,63466,128911,157663,98180,1
27775,51852,39035,79627,66810,90887,1
16790,799,52900,17589,69690,53699,0
31074,92084,28489,123158,59563,120573,0
24076,94411,16776,118487,40852,111187,0
40548,22980,19353,63528,59901,42333,1
49027,34217,59595,83244,108622,93812,1
3635,57515,35735,61150,39370,93250,0
34244,46996,35447,81240,69691,82443,1
4854,360,30365,5214,35219,30725,0
50807,38247,7063,89054,57870,45310,0
68566,28551,35384,97117,103950,63935,0
92574,40305,57532,132879,150106,97837,1
45752,13976,69400,59728,115152,83376,0
78,47549,42503,47627,42581,90052,0
60327,66492,84004,126819,144331,150496,1
67880,68760,72019,136640,139899,140779,1
41887,47811,18688,89698,60575,66499,1
49651,27054,77208,76705,126859,104262,0
22452,96515,74300,118967,96752,170815,1
89469,10754,42678,100223,132147,53432,0
2637,89290,89713,91927,92350,179003,1
39712,17762,23304,57474,63016,41066,1
43546,62343,97158,105889,140704,159501,1
44532,3994,53980,48526,98512,57974,0
48161,84367,5024,132528,53185,89391,0
92449,50105,58459,142554,150908,108564,1
63276,4406,80137,67682,143413,84543,0
21036,7844,81484,28880,102520,89328,0
73572,2207,82381,75779,155953,84588,0
78885,60060,62743,138945,141628,122803,1
74644,81116,54782,155760,129426,135898,1
10494,68137,61450,78631,71944,129587,1
45364,25595,59769,70959,105133,85364,1
13250,533,6218,13783,19468,6751,0
22589,84477,14913,107066,37502,99390,0
33561,34573,69065,68134,102626,103638,0
11448,26445,41113,37893,52561,67558,0
43341,20859,55498,64200,98839,76357,1
43966,50259,15929,94225,59895,66188,1
65161,63022,87275,128183,152436,150297,1
91998,72537,32345,164535,124343,104882,1
95586,51587,90862,147173,186448,142449,1
17054,82934,81536,99988,98590,164470,1
32048,63926,24181,95974,56229,88107,0
4574,62245,49225,66819,53799,111470,0
32072,30982,63246,63054,95318,94228,0
42095,33179,37759,75274,79854,70938,1
98424,1393,9745,99817,108169,11138,0
60692,99710,31441,160402,92133,131151,0
74938,48581,12195,123519,87133,60776,0
66047,5371,8392,71418,74439,13763,0
72834,96088,16175,168922,89009,112263,0
801,95435,81034,96236,81835,176469,0
64355,37992,75847,102347,140202,113839,1
85200,17333,19115,102533,104315,36448,0
37938,27354,11433,65292,49371,38787,1
31594,59751,79705,91345,111299,139456,1
9957,66146,39455,76103,49412,105601,0
58788,39998,6226,98786,65014,46224,0
18331,50400,29288,68731,47619,79688,0
46518,71708,51884,118226,98402,123592,1
50572,2281,91463,52853,142035,93744,0
98844,71038,49173,169882,148017,120211,1
20068,54998,8354,75066,28422,63352,0
7149,36855,60810,44004,67959,97665,0
3001,48651,7679,51652,10680,56330,0
74444,52220,93186,126664,167630,145406,1
11261,67911,30746,79172,42007,98657,0
76563,64625,84574,141188,161137,149199,1
18622,49361,22707,67983,41329,72068,0
75348,1363,5001,76711,80349,6364,0
7870,54609,69803,62479,77673,124412,0
80605,81763,40086,162368,120691,121849,1
92965,85928,46351,178893,139316,132279,1
12850,38458,3700,51308,16550,42158,0
35156,82725,55046,117881,90202,137771,1
98196,84562,27571,182758,125767,112133,1
16241,75212,75574,91453,91815,150786,1
54858,98243,68252,153101,123110,166495,1
83783,6021,38058,89804,121841,44079,0
44792,63462,67265,108254,112057,130727,1
31009,20434,38833,51443,69842,59267,1
19929,17402,67486,37331,87415,84888,0
58394,66768,7325,125162,65719,74093,0
82892,95639,79060,178531,161952,174699,1
86704,12976,14489,99680,101193,27465,0
28810,34645,10147,63455,38957,44792,1
10369,93795,65414,104164,75783,159209,0
83214,12824,37064,96038,120278,49888,0
21668,76130,39094,97798,60762,115224,0
23778,37865,89731,61643,113509,127596,0
69477,86459,66539,155936,136016,152998,1
41372,37683,11373,79055,52745,49056,1
80531,18371,88031,98902,168562,106402,1
15032,73983,97158,89015,112190,171141,0
75601,75933,85557,151534,161158,161490,1
35727,13442,2247,49169,37974,15689,0
207,66080,88628,66287,88835,154708,0
10660,22821,93328,33481,103988,116149,0
39182,18709,17755,57891,56937,36464,0
25531,13563,5365,39094,30896,18928,0
58328,93990,21884,152318,80212,115874,0
67198,29356,22962,96554,90160,52318,0
32015,59723,62650,91738,94665,122373,1
52418,65790,83786,118208,136204,149576,1
87622,59762,87234,147384,174856,146996,1
75025,97588,57118,172613,132143,154706,1
39494,16763,49946,56257,89440,66709,1
40728,58709,95857,99437,136585,154566,1
27290,75711,49173,103001,76463,124884,1
17269,69938,77969,87207,95238,147907,1
64191,98392,3554,162583,67745,101946,0
91388,68174,48628,159562,140016,116802,1
64902,46667,52452,111569,117354,99119,1
58640,3902,76560,62542,135200,80462,0
40903,30709,79843,71612,120746,110552,0
76418,21373,15507,97791,91925,36880,0
70862,90535,1197,161397,72059,91732,0
77852,48576,49200,126428,127052,97776,1
65555,43629,62011,109184,127566,105640,1
83473,36432,14965,119905,98438,51397,0
750,72064,52106,72814,52856,124170,0
96915,5883,49226,102798,146141,55109,0
2898,58263,27012,61161,29910,85275,0
31540,75618,41949,107158,73489,117567,0
81449,82818,59719,164267,141168,142537,1
6210,10448,66035,16658,72245,76483,0
60112,35176,4741,95288,64853,39917,0
61112,68089,15407,129201,76519,83496,1
54540,7609,8955,62149,63495,16564,0
60847,23220,88099,84067,148946,111319,0
67507,70325,5401,137832,72908,75726,1
35563,35466,73709,71029,109272,109175,0
3872,86907,20471,90779,24343,107378,0
28759,41864,23092,70623,51851,64956,1
45805,1454,88440,47259,134245,89894,0
14207,52305,16492,66512,30699,68797,0
86403,24976,31653,111379,118056,56629,0
17860,30145,80597,48005,98457,110742,0
16104,54013,18704,70117,34808,72717,0
57411,84474,76994,141885,134405,161468,1
22452,52967,59478,75419,81930,112445,1
9451,88456,41742,97907,51193,130198,0
56509,3242,24648,59751,81157,27890,0
93389,61303,44481,154692,137870,105784,1
38298,36385,39815,74683,78113,76200,1
47772,45241,28180,93013,75952,73421,1
68109,48720,77678,116829,145787,126398,1
37196,17205,51051,54401,88247,68256,1
64272,22770,67798,87042,132070,90568,1
46281,35823,49123,82104,95404,84946,1
90837,41111,22957,131948,113794,64068,0
59573,1530,60603,61103,120176,62133,1
49214,4387,93131,53601,142345,97518,0
56006,78965,73848,134971,129854,152813,1
150,75471,61625,75621,61775,137096,0
90516,4369,86603,94885,177119,90972,1
88796,47235,13148,136031,101944,60383,0
27145,72589,46348,99734,73493,118937,1
61607,55834,70462,117441,132069,126296,1
63414,1578,45555,64992,108969,47133,0
43298,18613,57331,61911,100629,75944,1
43980,34100,85440,78080,129420,119540,0
26312,26197,11469,52509,37781,37666,1
4326,41316,42171,45642,46497,83487,1
44814,83276,68907,128090,113721,152183,1
72168,52972,65284,125140,137452,118256,1
41361,80451,19786,121812,61147,100237,0
1580,54669,29145,56249,30725,83814,0
99535,69909,36973,169444,136508,106882,1
10060,73735,20524,83795,30584,94259,0
36346,79572,65247,115918,101593,144819,1
43313,80852,2466,124165,45779,83318,0
70143,82494,13595,152637,83738,96089,1
78199,92572,16001,170771,94200,108573,1
19540,29957,965,49497,20505,30922,0
86669,38489,36175,125158,122844,74664,0
77186,99643,74532,176829,151718,174175,1
95845,40818,68041,136663,163886,108859,1
36158,45311,97479,81469,133637,142790,0
53722,502,79831,54224,133553,80333,0
74806,77608,52195,152414,127001,129803,1
63233,1210,88850,64443,152083,90060,0
15843,27438,91139,43281,106982,118577,0
90418,77817,63346,168235,153764,141163,1
70969,44577,603,115546,71572,45180,0
44723,56264,47800,100987,92523,104064,1
37363,47388,14486,84751,51849,61874,1
33572,63017,9196,96589,42768,72213,0
41115,9842,32151,50957,73266,41993,1
67728,14401,88322,82129,156050,102723,0
64098,6987,80533,71085,144631,87520,0
63220,58163,4909,121383,68129,63072,0
89280,76862,7945,166142,97225,84807,0
66765,13266,31543,80031,98308,44809,0
54646,85213,89521,139859,144167,174734,1
15056,33890,21006,48946,36062,54896,1
65567,2234,87899,67801,153466,90133,0
65507,9780,33473,75287,98980,43253,0
32965,34356,14099,67321,47064,48455,1
23230,48262,45461,71492,68691,93723,1
87534,95588,66924,183122,154458,162512,1
53689,43223,59397,96912,113086,102620,1
96195,14985,7506,111180,103701,22491,0
57499,5971,16977,63470,74476,22948,0
41418,77600,28470,119018,69888,106070,0
17952,5360,8046,23312,25998,13406,0
84584,64857,77165,149441,161749,142022,1
17769,46462,65968,64231,83737,112430,0
6988,38699,82980,45687,89968,121679,0
87742,8701,88141,96443,175883,96842,1
70832,90422,8436,161254,79268,98858,0
17328,25420,56419,42748,73747,81839,0
14831,16094,37781,30925,52612,53875,0
81865,78145,48378,160010,130243,126523,1
21963,93877,99680,115840,121643,193557,1
45780,68571,93321,114351,139101,161892,1
61180,25870,30419,87050,91599,56289,0
68317,63109,55395,131426,123712,118504,1
46593,64263,14518,110856,61111,78781,0
21922,42131,96026,64053,117948,138157,0
78279,43103,44603,121382,122882,87706,1
42073,67660,8370,109733,50443,76030,0
78191,28606,42791,106797,120982,71397,0
52832,74581,4076,127413,56908,78657,0
41622,624,78522,42246,120144,79146,0
48512,44870,49501,93382,98013,94371,1
83490,57869,74276,141359,157766,132145,1
62665,16266,31076,78931,93741,47342,0
70844,93307,32949,164151,103793,126256,1
60307,59061,76002,119368,136309,135063,1
6405,54624,55498,61029,61903,110122,1
37276,22361,35207,59637,72483,57568,1
24621,68127,80474,92748,105095,148601,1
79567,60265,93653,139832,173220,153918,1
86747,10181,93931,96928,180678,104112,1
4017,4139,78001,8156,82018,82140,0
34118,8614,72455,42732,106573,81069,0
44690,74419,99485,119109,144175,173904,1
13249,9802,14661,23051,27910,24463,1
16098,90641,63225,106739,79323,153866,0
53924,99233,20966,153157,74890,120199,0
4120,94464,28686,98584,32806,123150,0
17004,19159,76908,36163,93912,96067,0
29369,51448,75425,80817,104794,126873,1
58649,80556,2663,139205,61312,83219,0
18784,38554,45217,57338,64001,83771,1
31375,86010,27151,117385,58526,113161,0
13933,24873,27622,38806,41555,52495,1
31373,99464,62009,130837,93382,161473,0
46818,86978,70977,133796,117795,157955,1
19334,91598,12208,110932,31542,103806,0
1973,28601,58037,30574,60010,86638,0
73523,48726,31017,122249,104540,79743,1
53772,97541,35258,151313,89030,132799,0
71954,260,84375,72214,156329,84635,0
16182,91924,46310,108106,62492,138234,0
12980,8865,11520,21845,24500,20385,1
96841,27164,25878,124005,122719,53042,0
93320,38694,37129,132014,130449,75823,0
5257,47580,80476,52837,85733,128056,0
87758,28473,15327,116231,103085,43800,0
14858,89587,91392,104445,106250,180979,1
31195,62267,29270,93462,60465,91537,0
54846,59841,72574,114687,127420,132415,1
84151,84812,23243,168963,107394,108055,1
86436,65030,79061,151466,165497,144091,1
40460,23899,30315,64359,70775,54214,1
31680,11780,69218,43460,100898,80998,0
55165,1635,63417,56800,118582,65052,0
73606,83536,85368,157142,158974,168904,1
88678,26670,91635,115348,180313,118305,1
70685,47733,90428,118418,161113,138161,1
18105,77611,93796,95716,111901,171407,1
73170,62319,76086,135489,149256,138405,1
336,82343,32159,82679,32495,114502,0
13670,22007,28393,35677,42063,50400,1
38950,85625,50290,124575,89240,135915,1
23171,43589,84855,66760,108026,128444,0
17656,40219,27041,57875,44697,67260,1
19606,74421,65349,94027,84955,139770,1
55875,26015,10765,81890,66640,36780,0
52902,96543,85356,149445,138258,181899,1
1685,23275,27958,24960,29643,51233,0
89666,22165,48261,111831,137927,70426,0
63759,35648,77988,99407,141747,113636,1
58131,28565,49127,86696,107258,77692,1
17487,25290,54984,42777,72471,80274,0
51405,66102,71641,117507,123046,137743,1
98639,1001,86456,99640,185095,87457,0
82866,71430,44919,154296,127785,116349,1
72141,3978,44067,76119,116208,48045,0
8787,6121,88736,14908,97523,94857,0
25440,36806,56693,62246,82133,93499,1
95698,57883,16305,153581,112003,74188,0
87045,60980,46692,148025,133737,107672,1
9277,85252,84801,94529,94078,170053,1
31791,20670,70006,52461,101797,90676,0
77555,34717,47571,112272,125126,82288,1
2883,31473,74678,34356,77561,106151,0
93778,38168,98214,131946,191992,136382,1
66570,71705,3428,138275,69998,75133,0
33210,10551,51828,43761,85038,62379,0
30712,91236,44780,121948,75492,136016,0
62397,43163,52771,105560,115168,95934,1
5982,34239,28162,40221,34144,62401,0
96551,79975,32654,176526,129205,112629,1
33011,50592,20424,83603,53435,71016,1
42191,44011,75362,86202,117553,119373,1
8091,36461,57775,44552,65866,94236,0
54406,70867,9882,125273,64288,80749,0
42317,38457,27781,80774,70098,66238,1
47214,47710,55497,94924,102711,103207,1
6253,36593,30912,42846,37165,67505,1
41475,74687,90766,116162,132241,165453,1
72301,80139,7858,152440,80159,87997,1
53221,24585,35551,77806,88772,60136,1
30376,20874,68787,51250,99163,89661,0
3313,18787,1981,22100,5294,20768,0
50117,59016,63322,109133,113439,122338,1
59088,59375,98038,118463,157126,157413,1
67775,13116,90294,80891,158069,103410,0
55642,3870,80556,59512,136198,84426,0
176,99025,46900,99201,47076,145925,0
89514,7837,81930,97351,171444,89767,1
55544,8671,5206,64215,60750,13877,0
91902,6576,44279,98478,136181,50855,0
30735,49562,88335,80297,119070,137897,0
53896,44881,25244,98777,79140,70125,1
78272,99502,75706,177774,153978,175208,1
22654,44240,41278,66894,63932,85518,1
77056,94456,72559,171512,149615,167015,1
92483,38866,96309,131349,188792,135175,1
2435,86974,81182,89409,83617,168156,0
36316,74073,74921,110389,111237,148994,1
74764,40092,92180,114856,166944,132272,1
15743,99768,92557,115511,108300,192325,1
69085,56948,10178,126033,79263,67126,0
86877,46221,77549,133098,164426,123770,1
7366,5250,66032,12616,73398,71282,0
86149,21950,97974,108099,184123,119924,1
86804,88120,5275,174924,92079,93395,1
87819,84234,36476,172053,124295,120710,1
30450,69375,40702,99825,71152,110077,1
37315,36904,47068,74219,84383,83972,1
3972,18618,52717,22590,56689,71335,0
86895,77904,25037,164799,111932,102941,1
35398,94857,98371,130255,133769,193228,1
41272,88774,98711,130046,139983,187485,1
90389,75458,7385,165847,97774,82843,0
60237,32017,69869,92254,130106,101886,1
16430,90726,8849,107156,25279,99575,0
8106,32076,4982,40182,13088,37058,0
4613,36478,78433,41091,83046,114911,0
72070,50093,3373,122163,75443,53466,0
25963,13387,91946,39350,117909,105333,0
43290,52992,99971,96282,143261,152963,0
96172,61721,85827,157893,181999,147548,1
63123,23817,29247,86940,92370,53064,0
97843,17372,43252,115215,141095,60624,0
65654,42491,47146,108145,112800,89637,1
4636,73859,24829,78495,29465,98688,0
3202,8418,47409,11620,50611,55827,0
59189,70134,85326,129323,144515,155460,1
94705,65429,4354,160134,99059,69783,0
50837,70260,89100,121097,139937,159360,1
16196,6096,87571,22292,103767,93667,0
8048,79054,91185,87102,99233,170239,0
49528,13438,16308,62966,65836,29746,0
45448,72837,5424,118285,50872,78261,0
77492,36007,72061,113499,149553,108068,1
72412,18773,6118,91185,78530,24891,0
31560,97705,4706,129265,36266,102411,0
14770,69649,62408,84419,77178,132057,1
37982,61315,92952,99297,130934,154267,1
82131,53024,68757,135155,150888,121781,1
33037,74000,61217,107037,94254,135217,1
31354,26331,51711,57685,83065,78042,1
32446,16313,6216,48759,38662,22529,0
52992,82480,3675,135472,56667,86155,0
38239,98017,60439,136256,98678,158456,1
62807,49643,10399,112450,73206,60042,0
52504,95971,20660,148475,73164,116631,0
8677,71104,70828,79781,79505,141932,1
8100,28433,65083,36533,73183,93516,0
89352,98514,56799,187866,146151,155313,1
92030,93836,94312,185866,186342,188148,1
52345,3737,93030,56082,145375,96767,0
29961,8343,84471,38304,114432,92814,0
15658,72588,80599,88246,96257,153187,1
2031,27952,63155,29983,65186,91107,0
10932,6469,75765,17401,86697,82234,0
82016,82228,83679,164244,165695,165907,1
274,7769,36458,8043,36732,44227,0
14054,61621,5946,75675,20000,67567,0
58511,64430,85308,122941,143819,149738,1
63316,52763,20951,116079,84267,73714,1
80280,84256,28910,164536,109190,113166,1
45107,97678,65558,142785,110665,163236,1
3943,73971,47541,77914,51484,121512,0
16107,42654,999,58761,17106,43653,0
11826,73896,81544,85722,93370,155440,1
14164,21564,2494,35728,16658,24058,0
53100,33025,12079,86125,65179,45104,0
66688,87620,60076,154308,126764,147696,1
5864,85745,69570,91609,75434,155315,0
32642,2127,11352,34769,43994,13479,0
25871,68421,48563,94292,74434,116984,1
59867,65679,77764,125546,137631,143443,1
86966,86965,75116,173931,162082,162081,1
76417,13076,18469,89493,94886,31545,0
28515,836,98406,29351,126921,99242,0
35499,20177,34969,55676,70468,55146,1
72170,16951,49536,89121,121706,66487,0
49328,91224,69197,140552,118525,160421,1
83072,50366,26313,133438,109385,76679,0
7755,4386,60067,12141,67822,64453,0
59078,58879,21930,117957,81008,80809,1
58887,89645,68112,148532,126999,157757,1
68172,64251,47782,132423,115954,112033,1
38623,60928,58750,99551,97373,119678,1
42559,90482,35902,133041,78461,126384,0
58543,92212,57829,150755,116372,150041,1
65228,7204,81379,72432,146607,88583,0
48186,87879,44365,136065,92551,132244,1
98193,57811,29618,156004,127811,87429,0
7941,66895,98433,74836,106374,165328,0
88865,21014,51476,109879,140341,72490,0
97296,91535,77549,188831,174845,169084,1
64351,47295,41584,111646,105935,88879,1
5807,46837,38580,52644,44387,85417,0
56350,72053,73263,128403,129613,145316,1
8320,3723,76033,12043,84353,79756,0
15189,72483,27880,87672,43069,100363,0
41762,31643,64749,73405,106511,96392,1
91965,45884,42094,137849,134059,87978,0
78154,34020,91643,112174,169797,125663,1
58421,4262,3055,62683,61476,7317,0
38849,95393,78044,134242,116893,173437,1
31085,58757,45298,89842,76383,104055,1
6564,83000,3747,89564,10311,86747,0
78946,57906,7472,136852,86418,65378,0
7740,85622,17612,93362,25352,103234,0
37752,38443,71254,76195,109006,109697,1
69924,90920,39741,160844,109665,130661,1
99231,28811,33206,128042,132437,62017,0
84900,61764,42160,146664,127060,103924,1
11100,51668,23967,62768,35067,75635,0
91339,60270,49768,151609,141107,110038,1
12629,37423,69239,50052,81868,106662,0
63233,88448,82685,151681,145918,171133,1
8387,86209,96800,94596,105187,183009,0
88787,86209,94347,174996,183134,180556,1
87922,44336,65236,132258,153158,109572,1
41498,47963,75262,89461,116760,123225,1
30860,17574,34704,48434,65564,52278,1
41998,78756,17244,120754,59242,96000,0
76245,54456,59623,130701,135868,114079,1
2607,77045,90352,79652,92959,167397,0
20120,96635,37043,116755,57163,133678,0
8756,48252,21996,57008,30752,70248,0
98296,60304,23271,158600,121567,83575,0
93270,73347,70591,166617,163861,143938,1
59789,48900,31344,108689,91133,80244,1
15009,43926,99036,58935,114045,142962,0
2015,66622,89937,68637,91952,156559,0
76193,58385,6461,134578,82654,64846,0
24521,13007,82300,37528,106821,95307,0
18505,70408,69494,88913,87999,139902,1
23553,26919,63626,50472,87179,90545,0
28566,68305,69663,96871,98229,137968,1
22584,46370,14842,68954,37426,61212,0
23939,97948,11106,121887,35045,109054,0
91529,17359,83625,108888,175154,100984,1
23887,24560,29950,48447,53837,54510,1
92321,48546,57008,140867,149329,105554,1
87399,29017,45891,116416,133290,74908,0
6695,29119,82095,35814,88790,111214,0
84162,8401,70289,92563,154451,78690,0
57190,62286,35605,119476,92795,97891,1
19927,56958,88869,76885,108796,145827,0
80960,82317,44987,163277,125947,127304,1
90837,72024,78937,162861,169774,150961,1
53427,13303,62081,66730,115508,75384,1
26900,8164,81535,35064,108435,89699,0
46461,68140,7849,114601,54310,75989,0
78533,34986,55267,113519,133800,90253,1
70314,16949,65302,87263,135616,82251,1
73018,7690,53767,80708,126785,61457,0
43279,13629,67883,56908,111162,81512,0
85152,67306,48460,152458,133612,115766,1
72133,21226,76383,93359,148516,97609,1
65630,83688,42138,149318,107768,125826,1
19527,52194,68796,71721,88323,120990,1
44875,40953,34443,85828,79318,75396,1
78148,99000,70595,177148,148743,169595,1
9758,72575,12160,82333,21918,84735,0
72044,59697,4852,131741,76896,64549,0
85077,56231,37586,141308,122663,93817,1
34109,95704,961,129813,35070,96665,0
15320,69289,95748,84609,111068,165037,0
63013,48760,69248,111773,132261,118008,1
63725,96290,1774,160015,65499,98064,0
31031,76625,96278,107656,127309,172903,1
37381,97427,21526,134808,58907,118953,0
55720,30520,14959,86240,70679,45479,0
45935,5692,24754,51627,70689,30446,0
48168,11416,73051,59584,121219,84467,0
89760,32908,84682,122668,174442,117590,1
86295,12755,39253,99050,125548,52008,0
15234,61189,71554,76423,86788,132743,1
15347,5156,62098,20503,77445,67254,0
79674,65748,82011,145422,161685,147759,1
95785,59833,23486,155618,119271,83319,0
48979,36761,79211,85740,128190,115972,1
14720,16509,56122,31229,70842,72631,0
30317,13326,95540,43643,125857,108866,0
72686,68382,81779,141068,154465,150161,1
30125,90884,55884,121009,86009,146768,0
2193,73232,26261,75425,28454,99493,0
31343,44923,41088,76266,72431,86011,1
7754,37417,42830,45171,50584,80247,1
95917,16713,37446,112630,133363,54159,0
25685,65208,8964,90893,34649,74172,0
90358,32401,21903,122759,112261,54304,0
67982,72841,10019,140823,78001,82860,1
61881,35178,43476,97059,105357,78654,1
67560,97790,60629,165350,128189,158419,1
90882,75139,82411,166021,173293,157550,1
36974,15730,4686,52704,41660,20416,0
57809,11542,13147,69351,70956,24689,0
8950,70253,37065,79203,46015,107318,0
79733,17488,61706,97221,141439,79194,0
37532,57249,75671,94781,113203,132920,1
56526,84688,63944,141214,120470,148632,1
62477,6331,19924,68808,82401,26255,0
28292,45195,98261,73487,126553,143456,0
84422,63594,26126,148016,110548,89720,1
49956,37836,37704,87792,87660,75540,1
99753,12695,61029,112448,160782,73724,0
52146,96501,14618,148647,66764,111119,0
7094,56801,15609,63895,22703,72410,0
73595,31333,90511,104928,164106,121844,1
35096,44926,83316,80022,118412,128242,0
63321,3786,816,67107,64137,4602,0
35482,16315,36234,51797,71716,52549,1
19425,87793,65724,107218,85149,153517,0
93960,92288,10028,186248,103988,102316,1
5861,52922,17702,58783,23563,70624,0
49047,44983,33906,94030,82953,78889,1
75841,93133,69091,168974,144932,162224,1
90366,21290,30277,111656,120643,51567,0
69967,18373,24878,88340,94845,43251,0
70654,35054,36449,105708,107103,71503,1
97347,16425,25787,113772,123134,42212,0
76858,88128,4607,164986,81465,92735,0
17238,90782,22211,108020,39449,112993,0
14913,96330,82781,111243,97694,179111,1
58599,70157,17630,128756,76229,87787,1
92070,81139,22382,173209,114452,103521,1
3047,11332,47268,14379,50315,58600,0
65933,13885,94478,79818,160411,108363,0
10014,80521,64448,90535,74462,144969,0
92488,67957,26497,160445,118985,94454,1
89005,88305,92359,177310,181364,180664,1
89337,89961,78598,179298,167935,168559,1
17101,1425,98880,18526,115981,100305,0
74415,53801,57170,128216,131585,110971,1
71888,85312,45750,157200,117638,131062,1
49725,7378,91806,57103,141531,99184,0
96155,64554,91647,160709,187802,156201,1
14075,34250,23279,48325,37354,57529,1
30647,46058,50206,76705,80853,96264,1
43991,24260,20239,68251,64230,44499,1
18188,22342,40054,40530,58242,62396,1
91377,31245,9144,122622,100521,40389,0
19901,30945,61764,50846,81665,92709,0
9931,60900,91398,70831,101329,152298,0
45991,67796,50721,113787,96712,118517,1
63443,67100,96455,130543,159898,163555,1
88741,73423,96524,162164,185265,169947,1
87517,98818,66510,186335,154027,165328,1
50655,76563,13558,127218,64213,90121,0
40305,6758,71521,47063,111826,78279,0
4599,43094,34523,47693,39122,77617,0
21535,53016,87272,74551,108807,140288,0
68581,84057,28721,152638,97302,112778,1
50203,24181,68953,74384,119156,93134,1
76192,76944,46053,153136,122245,122997,1
4197,42878,7956,47075,12153,50834,0
28689,99281,80077,127970,108766,179358,1
81461,20703,13606,102164,95067,34309,0
61242,13654,65877,74896,127119,79531,1
9975,46428,60103,56403,70078,106531,0
59520,73007,71235,132527,130755,144242,1
79948,40384,10707,120332,90655,51091,0
51185,80554,92891,131739,144076,173445,1
67208,9975,89359,77183,156567,99334,0
67783,29786,69331,97569,137114,99117,1
10935,81764,32980,92699,43915,114744,0
9468,21979,50766,31447,60234,72745,0
29762,64019,54340,93781,84102,118359,1
6851,27121,12603,33972,19454,39724,0
40492,76531,63782,117023,104274,140313,1
56230,84838,91377,141068,147607,176215,1
63265,50215,62161,113480,125426,112376,1
97581,78103,76537,175684,174118,154640,1
39498,36320,36776,75818,76274,73096,1
68888,40783,32221,109671,101109,73004,1
47059,472,40090,47531,87149,40562,0
87293,43397,84015,130690,171308,127412,1
40159,34629,10441,74788,50600,45070,1
97399,96174,94169,193573,191568,190343,1
80092,85954,69930,166046,150022,155884,1
18686,49279,87356,67965,106042,136635,0
51191,18562,53840,69753,105031,72402,1
86364,43226,29454,129590,115818,72680,0
13904,36797,32999,50701,46903,69796,1
47286,82220,20821,129506,68107,103041,0
64312,92197,74858,156509,139170,167055,1
23736,94595,89924,118331,113660,184519,1
86917,23124,9293,110041,96210,32417,0
18749,12344,73437,31093,92186,85781,0
49149,12010,47582,61159,96731,59592,1
28665,72890,63775,101555,92440,136665,1
28135,59959,66723,88094,94858,126682,1
58575,12649,76715,71224,135290,89364,0
60743,5364,84181,66107,144924,89545,0
6084,53496,39238,59580,45322,92734,0
5512,37317,49957,42829,55469,87274,0
94560,21271,76684,115831,171244,97955,1
86174,25360,2353,111534,88527,27713,0
51781,69509,34552,121290,86333,104061,1
85994,92674,68826,178668,154820,161500,1
40926,77793,16043,118719,56969,93836,0
91033,762,66467,91795,157500,67229,0
54026,4137,23976,58163,78002,28113,0
16638,35308,84089,51946,100727,119397,0
47872,62843,14407,110715,62279,77250,0
41647,30931,37479,72578,79126,68410,1
44552,19593,21198,64145,65750,40791,0
7,84046,81928,84053,81935,165974,0
57922,77115,40042,135037,97964,117157,1
60641,32713,5343,93354,65984,38056,0
44377,28925,48831,73302,93208,77756,1
14313,66416,97332,80729,111645,163748,0
37914,45468,51325,83382,89239,96793,1
8141,13706,20904,21847,29045,34610,1
81051,38866,4970,119917,86021,43836,0
55414,7548,54950,62962,110364,62498,1
67824,46783,43167,114607,110991,89950,1
21111,39132,86148,60243,107259,125280,0
63518,65505,5683,129023,69201,71188,1
52395,55638,68761,108033,121156,124399,1
31249,67793,7874,99042,39123,75667,0
65043,8856,30022,73899,95065,38878,0
92075,59530,55497,151605,147572,115027,1
84928,65110,70337,150038,155265,135447,1
56591,23162,52830,79753,109421,75992,1
7520,71776,11173,79296,18693,82949,0
10896,12984,36129,23880,47025,49113,0
73516,96796,46932,170312,120448,143728,1
85956,18247,22206,104203,108162,40453,0
59588,27564,93991,87152,153579,121555,0
85492,91582,83789,177074,169281,175371,1
29068,20590,66959,49658,96027,87549,0
84753,2471,3176,87224,87929,5647,0
16705,30494,35763,47199,52468,66257,1
46597,19686,29655,66283,76252,49341,1
21020,43889,76236,64909,97256,120125,0
70130,41400,99368,111530,169498,140768,1
56587,3943,26136,60530,82723,30079,0
12596,95202,68987,107798,81583,164189,0
1577,78058,30635,79635,32212,108693,0
49442,978,99855,50420,149297,100833,0
66887,76267,39793,143154,106680,116060,1
7729,83768,6464,91497,14193,90232,0
73884,62739,69322,136623,143206,132061,1
2318,60853,580,63171,2898,61433,0
38287,72978,37805,111265,76092,110783,1
45394,35451,49955,80845,95349,85406,1
52582,41290,70201,93872,122783,111491,1
87908,4086,25497,91994,113405,29583,0
96039,80057,48080,176096,144119,128137,1
47164,86221,33687,133385,80851,119908,0
75416,72324,9937,147740,85353,82261,1
97492,28311,5788,125803,103280,34099,0
25698,60811,94918,86509,120616,155729,0
2227,91334,34303,93561,36530,125637,0
24834,98485,60833,123319,85667,159318,0
92951,68408,29699,161359,122650,98107,1
24133,97578,47930,121711,72063,145508,0
86840,50674,26395,137514,113235,77069,0
98121,35128,45464,133249,143585,80592,0
85759,96806,47041,182565,132800,143847,1
49813,53729,56,103542,49869,53785,0
34713,72019,1086,106732,35799,73105,0
19248,29341,79914,48589,99162,109255,0
19223,67984,78985,87207,98208,146969,1
55154,84090,69037,139244,124191,153127,1
95543,14970,40832,110513,136375,55802,0
93156,90534,696,183690,93852,91230,0
42343,13786,45166,56129,87509,58952,1
3986,21941,19522,25927,23508,41463,1
82273,90586,94842,172859,177115,185428,1
62003,82453,16711,144456,78714,99164,0
52508,60744,58259,113252,110767,119003,1
20566,32689,3151,53255,23717,35840,0
18929,67968,9491,86897,28420,77459,0
23443,41952,70866,65395,94309,112818,0
32974,98070,13799,131044,46773,111869,0
60138,86373,59754,146511,119892,146127,1
69949,42507,32938,112456,102887,75445,1
45575,48933,56071,94508,101646,105004,1
6999,84606,86145,91605,93144,170751,1
91831,20397,91374,112228,183205,111771,1
77460,46626,56609,124086,134069,103235,1
12772,37504,36376,50276,49148,73880,1
18856,98914,93092,117770,111948,192006,1
23281,31301,46528,54582,69809,77829,1
61327,97828,31162,159155,92489,128990,0
55042,41621,1232,96663,56274,42853,0
36448,67376,2104,103824,38552,69480,0
16701,26102,50719,42803,67420,76821,0
4654,9838,92946,14492,97600,102784,0
33716,25474,15881,59190,49597,41355,1
62116,91159,22703,153275,84819,113862,0
68030,16618,16306,84648,84336,32924,0
22680,58066,15873,80746,38553,73939,0
52352,55221,83782,107573,136134,139003,1
21495,51330,80305,72825,101800,131635,0
95051,29679,10089,124730,105140,39768,0
66550,9202,10420,75752,76970,19622,0
59291,91193,85911,150484,145202,177104,1
97124,54926,79813,152050,176937,134739,1
47779,7500,91875,55279,139654,99375,0
62693,40209,72407,102902,135100,112616,1
1659,89049,95310,90708,96969,184359,0
69177,96441,73359,165618,142536,169800,1
8787,81527,47695,90314,56482,129222,0
21329,4168,97038,25497,118367,101206,0
41915,68894,61975,110809,103890,130869,1
75841,56767,62286,132608,138127,119053,1
91188,8465,96769,99653,187957,105234,1
94884,5838,947,100722,95831,6785,0
10826,71926,76983,82752,87809,148909,1
45001,84141,81032,129142,126033,165173,1
46018,19314,97255,65332,143273,116569,0
46739,37496,65109,84235,111848,102605,1
93617,13949,63467,107566,157084,77416,0
14400,12028,44465,26428,58865,56493,0
67774,24177,39933,91951,107707,64110,0
4709,78701,14390,83410,19099,93091,0
2162,16391,88433,18553,90595,104824,0
6050,7765,14119,13815,20169,21884,0
29572,82369,97149,111941,126721,179518,1
79520,41973,43067,121493,122587,85040,1
9019,71168,65388,80187,74407,136556,1
17411,76884,72783,94295,90194,149667,1
37274,67483,41266,104757,78540,108749,1
99115,87255,12269,186370,111384,99524,1
41826,18236,54820,60062,96646,73056,1
2098,97702,36204,99800,38302,133906,0
50137,36178,31853,86315,81990,68031,1
14572,32861,75663,47433,90235,108524,0
24017,63920,68311,87937,92328,132231,1
62772,87434,74382,150206,137154,161816,1
25311,97587,74197,122898,99508,171784,1
7665,94894,77224,102559,84889,172118,0
21185,37816,79050,59001,100235,116866,0
81154,74720,24938,155874,106092,99658,1
47395,75641,14094,123036,61489,89735,0
22095,15634,73770,37729,95865,89404,0
18702,14463,48199,33165,66901,62662,0
98142,24521,98637,122663,196779,123158,1
12441,96949,27131,109390,39572,124080,0
27431,21142,39570,48573,67001,60712,1
22873,24485,60855,47358,83728,85340,0
70002,99215,48658,169217,118660,147873,1
31925,7507,60614,39432,92539,68121,0
44297,5974,8043,50271,52340,14017,0
70202,42227,46009,112429,116211,88236,1
4857,41249,33828,46106,38685,75077,0
414,24645,9517,25059,9931,34162,0
40071,36651,76308,76722,116379,112959,1
72707,15411,70489,88118,143196,85900,1
17593,77483,13278,95076,30871,90761,0
98924,46173,16464,145097,115388,62637,0
69157,9098,10012,78255,79169,19110,0
63245,30629,9882,93874,73127,40511,0
60007,68193,49253,128200,109260,117446,1
76091,75746,27342,151837,103433,103088,1
11738,89902,12517,101640,24255,102419,0
71279,82922,47780,154201,119059,130702,1
73974,15653,66721,89627,140695,82374,1
69258,35172,41217,104430,110475,76389,1
9118,23794,48374,32912,57492,72168,0
46667,5687,56649,52354,103316,62336,0
47894,8734,12662,56628,60556,21396,0
22283,52091,56331,74374,78614,108422,1
27818,38739,90621,66557,118439,129360,0
37860,41690,74902,79550,112762,116592,1
7878,67674,72078,75552,79956,139752,1
10094,32198,75689,42292,85783,107887,0
37505,62847,11336,100352,48841,74183,0
25884,41097,62440,66981,88324,103537,1
21125,68365,75984,89490,97109,144349,1
98497,68617,20835,167114,119332,89452,0
6174,49220,62913,55394,69087,112133,0
62907,34965,43262,97872,106169,78227,1
60354,20259,68085,80613,128439,88344,1
29310,20360,47812,49670,77122,68172,1
8807,39682,34175,48489,42982,73857,1
83256,97797,69861,181053,153117,167658,1
89397,21821,46846,111218,136243,68667,0
34654,20,23644,34674,58298,23664,0
96702,51084,37965,147786,134667,89049,0
85901,82821,27920,168722,113821,110741,1
58052,47368,45322,105420,103374,92690,1
66242,42743,49136,108985,115378,91879,1
24766,32669,5530,57435,30296,38199,0
17565,8404,23448,25969,41013,31852,1
539,51390,341,51929,880,51731,0
26483,4702,38711,31185,65194,43413,0
27471,32854,53797,60325,81268,86651,1
22208,32707,69294,54915,91502,102001,0
4824,28442,69239,33266,74063,97681,0
27919,78654,10117,106573,38036,88771,0
62345,28835,149,91180,62494,28984,0
31949,80648,77218,112597,109167,157866,1
15593,96857,83383,112450,98976,180240,1
73191,42249,81454,115440,154645,123703,1
52184,1315,12288,53499,64472,13603,0
24259,21288,6403,45547,30662,27691,1
22595,99033,45667,121628,68262,144700,0
88373,2653,68373,91026,156746,71026,0
86539,13168,95703,99707,182242,108871,1
20539,6121,76118,26660,96657,82239,0
16846,51281,72956,68127,89802,124237,0
65360,79159,23672,144519,89032,102831,1
1984,91830,78462,93814,80446,170292,0
99004,84765,69827,183769,168831,154592,1
47860,19095,45260,66955,93120,64355,1
67047,53571,42675,120618,109722,96246,1
4265,77729,3274,81994,7539,81003,0
91663,71272,86993,162935,178656,158265,1
40426,56145,75764,96571,116190,131909,1
23163,89776,48634,112939,71797,138410,0
22320,22997,20124,45317,42444,43121,1
2529,65696,27911,68225,30440,93607,0
2611,39104,68192,41715,70803,107296,0
34332,39734,52223,74066,86555,91957,1
13249,19924,6410,33173,19659,26334,0
93154,12047,30597,105201,123751,42644,0
13690,39641,97058,53331,110748,136699,0
88119,24410,95226,112529,183345,119636,1
60649,26313,75591,86962,136240,101904,1
94274,63636,35464,157910,129738,99100,1
97012,17548,8841,114560,105853,26389,0
74648,67316,3552,141964,78200,70868,0
88624,93670,21021,182294,109645,114691,1
82079,80187,21279,162266,103358,101466,1
35060,44353,57272,79413,92332,101625,1
1188,81868,27147,83056,28335,109015,0
64662,30419,22720,95081,87382,53139,0
21557,61949,47002,83506,68559,108951,1
22207,25440,36109,47647,58316,61549,1
95309,3820,57465,99129,152774,61285,0
24581,8499,38774,33080,63355,47273,0
56625,52714,33527,109339,90152,86241,1
31561,46911,72014,78472,103575,118925,1
75035,95092,11181,170127,86216,106273,0
31825,10566,54122,42391,85947,64688,0
87336,15073,39195,102409,126531,54268,0
318,4282,64045,4600,64363,68327,0
65448,21736,57004,87184,122452,78740,1
84524,40824,37985,125348,122509,78809,0
40568,16881,48323,57449,88891,65204,1
99007,3170,45502,102177,144509,48672,0
60598,16203,39157,76801,99755,55360,0
8891,3113,64777,12004,73668,67890,0
64737,46116,51932,110853,116669,98048,1
51393,8580,24050,59973,75443,32630,0
29347,6094,68087,35441,97434,74181,0
75197,86127,94268,161324,169465,180395,1
19336,93286,79043,112622,98379,172329,1
3370,8751,40988,12121,44358,49739,0
6855,36903,28719,43758,35574,65622,0
79420,80009,89658,159429,169078,169667,1
83338,12024,37406,95362,120744,49430,0
58659,22757,31042,81416,89701,53799,0
11357,3760,91877,15117,103234,95637,0
3711,80126,66280,83837,69991,146406,0
59613,60513,76711,120126,136324,137224,1
70905,1388,52428,72293,123333,53816,0
35589,34968,12575,70557,48164,47543,1
2864,61977,38111,64841,40975,100088,0
40297,61010,97455,101307,137752,158465,1
28283,28361,93733,56644,122016,122094,0
28080,29464,6429,57544,34509,35893,1
15390,7450,33941,22840,49331,41391,0
1506,3536,60426,5042,61932,63962,0
8094,17087,2227,25181,10321,19314,0
54737,81886,18874,136623,73611,100760,0
64735,80409,52635,145144,117370,133044,1
84652,74526,83546,159178,168198,158072,1
72624,54861,39041,127485,111665,93902,1
6067,62700,818,68767,6885,63518,0
89848,54967,23680,144815,113528,78647,0
42293,78982,15892,121275,58185,94874,0
27530,11490,68343,39020,95873,79833,0
63149,53251,12759,116400,75908,66010,1
39800,81406,15377,121206,55177,96783,0
36859,73672,35916,110531,72775,109588,0
68379,5824,28309,74203,96688,34133,0
98442,31832,17709,130274,116151,49541,0
98594,24114,94277,122708,192871,118391,1
57571,86789,9071,144360,66642,95860,0
20865,32418,26646,53283,47511,59064,1
3987,95855,33409,99842,37396,129264,0
91961,37460,93111,129421,185072,130571,1
59607,48215,71597,107822,131204,119812,1
69717,41461,62576,111178,132293,104037,1
9508,33575,73365,43083,82873,106940,0
48195,76302,5678,124497,53873,81980,0
32557,52585,65939,85142,98496,118524,1
81848,7459,68959,89307,150807,76418,0
38794,47923,63272,86717,102066,111195,1
23249,11115,56486,34364,79735,67601,0
9709,44950,14161,54659,23870,59111,0
73303,68388,99315,141691,172618,167703,1
37402,36027,38268,73429,75670,74295,1
28436,41912,32897,70348,61333,74809,1
31321,75661,79307,106982,110628,154968,1
34264,63832,55017,98096,89281,118849,1
51666,64741,41338,116407,93004,106079,1
2565,27706,23185,30271,25750,50891,0
57341,78503,94235,135844,151576,172738,1
762,16199,40120,16961,40882,56319,0
34383,45691,7449,80074,41832,53140,0
18481,52263,39487,70744,57968,91750,1
69459,79164,26664,148623,96123,105828,1
2529,78948,97999,81477,100528,176947,0
75296,74081,74870,149377,150166,148951,1
61984,35706,94096,97690,156080,129802,1
4286,2992,15229,7278,19515,18221,0
64960,63185,50882,128145,115842,114067,1
60537,32941,72237,93478,132774,105178,1
19080,99911,851,118991,19931,100762,0
60140,29639,98263,89779,158403,127902,0
32719,8547,34130,41266,66849,42677,1
88590,2154,2684,90744,91274,4838,0
93836,4962,57232,98798,151068,62194,0
49867,92582,37402,142449,87269,129984,0
56088,82519,16255,138607,72343,98774,0
24059,86094,76989,110153,101048,163083,1
1104,85687,49040,86791,50144,134727,0
23689,91611,97280,115300,120969,188891,1
68662,40817,15015,109479,83677,55832,0
96862,35258,68066,132120,164928,103324,1
82584,74900,84479,157484,167063,159379,1
62607,8807,95254,71414,157861,104061,0
60949,52700,83359,113649,144308,136059,1
27459,41515,56068,68974,83527,97583,1
60377,77009,87878,137386,148255,164887,1
72243,36698,80932,108941,153175,117630,1
25543,25770,23039,51313,48582,48809,1
50519,72964,16723,123483,67242,89687,0
88154,64140,95542,152294,183696,159682,1
96823,92062,57874,188885,154697,149936,1
45477,68687,25566,114164,71043,94253,1
76494,15070,3245,91564,79739,18315,0
6827,85462,2858,92289,9685,88320,0
38380,34836,72429,73216,110809,107265,1
65372,34952,77570,100324,142942,112522,1
79419,33331,71375,112750,150794,104706,1
94440,37763,47921,132203,142361,85684,0
98952,92875,29597,191827,128549,122472,1
30469,434,55519,30903,85988,55953,0
24277,45927,76327,70204,100604,122254,0
62893,8153,78750,71046,141643,86903,0
28527,61115,26448,89642,54975,87563,0
89669,80890,86793,170559,176462,167683,1
39770,97815,52214,137585,91984,150029,0
60263,96368,21633,156631,81896,118001,0
18031,41751,6640,59782,24671,48391,0
61447,35366,67190,96813,128637,102556,1
59195,72286,88759,131481,147954,161045,1
45339,81229,31343,126568,76682,112572,0
93737,13845,62708,107582,156445,76553,0
67935,8713,91925,76648,159860,100638,0
19606,5424,64024,25030,83630,69448,0
37892,89992,47076,127884,84968,137068,0
95340,18489,46673,113829,142013,65162,0
12241,32471,35281,44712,47522,67752,1
61378,99204,93376,160582,154754,192580,1
12694,68442,83089,81136,95783,151531,0
76040,11360,42884,87400,118924,54244,0
32334,41416,42304,73750,74638,83720,1
2268,27722,8849,29990,11117,36571,0
81781,59834,38042,141615,119823,97876,1
9574,41976,13816,51550,23390,55792,0
53340,12278,78426,65618,131766,90704,0
15273,19646,29727,34919,45000,49373,1
34284,23905,96811,58189,131095,120716,0
4956,29014,78277,33970,83233,107291,0
91677,15870,56329,107547,148006,72199,0
71714,653,34218,72367,105932,34871,0
86553,51272,41247,137825,127800,92519,1
75918,86427,78467,162345,154385,164894,1
41448,96196,990,137644,42438,97186,0
10675,13451,1845,24126,12520,15296,0
17549,83225,99660,100774,117209,182885,1
92139,73151,20513,165290,112652,93664,1
93736,55209,64701,148945,158437,119910,1
5302,34842,20820,40144,26122,55662,0
38816,57910,86365,96726,125181,144275,1
73244,42963,74412,116207,147656,117375,1
50455,38409,73919,88864,124374,112328,1
20816,18690,24300,39506,45116,42990,1
88765,71629,18320,160394,107085,89949,1
17214,57985,1175,75199,18389,59160,0
40585,87155,94445,127740,135030,181600,1
81242,19169,97138,100411,178380,116307,1
68687,23584,96428,92271,165115,120012,0
89463,22460,96767,111923,186230,119227,1
90855,28834,98884,119689,189739,127718,1
65791,35184,14055,100975,79846,49239,0
71357,10915,9968,82272,81325,20883,0
89101,10327,92052,99428,181153,102379,1
14414,26859,69110,41273,83524,95969,0
62672,17093,17026,79765,79698,34119,0
58962,59758,74592,118720,133554,134350,1
87452,51456,58793,138908,146245,110249,1
19043,53922,12432,72965,31475,66354,0
7747,97309,82556,105056,90303,179865,0
40116,91079,90115,131195,130231,181194,1
45198,47079,32833,92277,78031,79912,1
39979,97390,26219,137369,66198,123609,0
55963,74263,71719,130226,127682,145982,1
55551,53581,29533,109132,85084,83114,1
14952,31793,70583,46745,85535,102376,0
77447,39235,68602,116682,146049,107837,1
79767,43946,67707,123713,147474,111653,1
17006,485,27703,17491,44709,28188,0
87852,4409,26434,92261,114286,30843,0
16017,87026,28688,103043,44705,115714,0
9966,12100,37852,22066,47818,49952,0
83203,16194,49327,99397,132530,65521,0
90551,99705,32066,190256,122617,131771,1
44572,60001,43413,104573,87985,103414,1
56013,72984,40240,128997,96253,113224,1
50109,84197,977,134306,51086,85174,0
855,42997,52783,43852,53638,95780,0
43532,72201,97439,115733,140971,169640,1
71153,41202,80156,112355,151309,121358,1
48108,36841,73147,84949,121255,109988,1
11599,39711,18238,51310,29837,57949,0
21011,55571,30551,76582,51562,86122,0
26613,3112,8517,29725,35130,11629,0
40338,62930,76377,103268,116715,139307,1
6259,63650,75590,69909,81849,139240,0
88088,45715,62426,133803,150514,108141,1
76305,83937,52840,160242,129145,136777,1
5965,26206,75429,32171,81394,101635,0
33386,83894,19042,117280,52428,102936,0
20442,9989,63577,30431,84019,73566,0
76422,50686,88898,127108,165320,139584,1
38310,52088,96929,90398,135239,149017,0
2067,2021,34793,4088,36860,36814,0
45406,71708,11703,117114,57109,83411,0
47766,49070,91122,96836,138888,140192,1
90981,31256,35650,122237,126631,66906,0
65533,77699,71335,143232,136868,149034,1
388,40309,66263,40697,66651,106572,0
50296,90801,75520,141097,125816,166321,1
60004,47894,53108,107898,113112,101002,1
82652,13352,22452,96004,105104,35804,0
11102,53374,75147,64476,86249,128521,0
67177,28527,30698,95704,97875,59225,0
44349,26195,40852,70544,85201,67047,1
48475,20324,7641,68799,56116,27965,0
73142,25411,93109,98553,166251,118520,1
19313,35785,47676,55098,66989,83461,1
67026,33461,40109,100487,107135,73570,1
33035,26451,15349,59486,48384,41800,1
34857,76680,78273,111537,113130,154953,1
15943,30300,6512,46243,22455,36812,0
50832,91994,61234,142826,112066,153228,1
85538,49515,86763,135053,172301,136278,1
34821,52807,40262,87628,75083,93069,1
45996,38482,23920,84478,69916,62402,1
47625,63835,98311,111460,145936,162146,1
6812,44948,81339,51760,88151,126287,0
33237,72659,52253,105896,85490,124912,1
23713,8187,81913,31900,105626,90100,0
47364,55956,31021,103320,78385,86977,1
31736,15372,53329,47108,85065,68701,0
22860,84534,41369,107394,64229,125903,0
37868,59944,77631,97812,115499,137575,1
98957,60177,89235,159134,188192,149412,1
43937,53815,13623,97752,57560,67438,1
167,32179,43743,32346,43910,75922,0
21119,22167,40230,43286,61349,62397,1
28924,41313,74740,70237,103664,116053,0
8398,37958,7472,46356,15870,45430,0
21763,91125,61144,112888,82907,152269,0
2889,4556,46289,7445,49178,50845,0
94863,23220,6748,118083,101611,29968,0
96596,80243,72478,176839,169074,152721,1
16281,38224,51017,54505,67298,89241,1
96164,87530,17528,183694,113692,105058,1
79590,55356,86007,134946,165597,141363,1
80664,76637,11105,157301,91769,87742,1
74756,34895,50570,109651,125326,85465,1
24183,86666,31789,110849,55972,118455,0
52727,43904,19084,96631,71811,62988,1
96382,23830,89769,120212,186151,113599,1
36070,96415,76406,132485,112476,172821,1
53811,9104,27849,62915,81660,36953,0
36184,39608,51104,75792,87288,90712,1
49261,15186,60669,64447,109930,75855,1
67994,72946,7565,140940,75559,80511,1
12427,43631,74418,56058,86845,118049,0
96725,11095,8699,107820,105424,19794,0
5133,96608,99765,101741,104898,196373,1
56734,94626,54429,151360,111163,149055,1
34144,86228,66752,120372,100896,152980,1
64823,9662,84702,74485,149525,94364,0
97128,22582,3582,119710,100710,26164,0
11015,90945,53420,101960,64435,144365,0
25096,17868,84632,42964,109728,102500,0
82235,94426,34658,176661,116893,129084,1
36316,78264,66831,114580,103147,145095,1
14785,19540,71444,34325,86229,90984,0
96194,88154,88256,184348,184450,176410,1
58126,15478,16408,73604,74534,31886,0
35845,19997,80183,55842,116028,100180,0
40381,702,60178,41083,100559,60880,0
11189,4566,14745,15755,25934,19311,1
47091,48371,99512,95462,146603,147883,0
42522,47743,28577,90265,71099,76320,1
66016,24157,68442,90173,134458,92599,1
85794,92380,31879,178174,117673,124259,1
21536,34002,57863,55538,79399,91865,0
32453,14014,21804,46467,54257,35818,1
29255,69760,85308,99015,114563,155068,1
71540,15503,16702,87043,88242,32205,0
73795,12495,3320,86290,77115,15815,0
79918,83359,15131,163277,95049,98490,1
68999,56993,84346,125992,153345,141339,1
56254,54003,89658,110257,145912,143661,1
32331,17770,10894,50101,43225,28664,0
51654,36584,7509,88238,59163,44093,0
44873,48558,48170,93431,93043,96728,1
31590,80598,60768,112188,92358,141366,1
49973,5709,10216,55682,60189,15925,0
34404,39646,32341,74050,66745,71987,1
70581,94031,51607,164612,122188,145638,1
70114,61525,18005,131639,88119,79530,1
74976,57812,57314,132788,132290,115126,1
45544,9915,98041,55459,143585,107956,0
24767,15890,20424,40657,45191,36314,1
35830,64996,61782,100826,97612,126778,1
10219,46261,98303,56480,108522,144564,0
23885,21335,56682,45220,80567,78017,0
79702,86237,98858,165939,178560,185095,1
89485,79910,17768,169395,107253,97678,1
68586,74927,93090,143513,161676,168017,1
46479,41121,92596,87600,139075,133717,0
64549,37440,76036,101989,140585,113476,1
23864,5356,182,29220,24046,5538,0
12801,68965,21223,81766,34024,90188,0
78384,72658,55486,151042,133870,128144,1
56165,77033,91771,133198,147936,168804,1
55465,93567,32035,149032,87500,125602,0
7434,3440,13784,10874,21218,17224,0
64087,58100,8541,122187,72628,66641,1
84994,88255,62589,173249,147583,150844,1
63713,76724,75100,140437,138813,151824,1
17488,12521,95195,30009,112683,107716,0
11321,76854,86882,88175,98203,163736,1
44207,78344,27003,122551,71210,105347,0
77822,66707,19378,144529,97200,86085,1
38089,12566,19124,50655,57213,31690,0
97169,87726,11014,184895,108183,98740,1
2005,11782,40670,13787,42675,52452,0
2842,46994,40147,49836,42989,87141,0
7957,54371,16816,62328,24773,71187,0
1001,99006,30905,100007,31906,129911,0
73667,56200,58975,129867,132642,115175,1
16232,66369,84982,82601,101214,151351,0
2562,94477,17180,97039,19742,111657,0
49429,79787,71532,129216,120961,151319,1
20471,87093,70635,107564,91106,157728,1
42109,51932,39905,94041,82014,91837,1
95197,71813,55584,167010,150781,127397,1
36209,17846,30937,54055,67146,48783,1
46940,77607,80054,124547,126994,157661,1
20215,41594,13885,61809,34100,55479,0
82266,79187,21475,161453,103741,100662,1
16725,12612,72051,29337,88776,84663,0
89247,5226,32410,94473,121657,37636,0
3465,29059,36862,32524,40327,65921,0
74781,59820,66587,134601,141368,126407,1
31102,23654,51251,54756,82353,74905,1
9548,56190,74043,65738,83591,130233,0
37100,29851,20980,66951,58080,50831,1
2699,45498,56970,48197,59669,102468,0
575,77347,71897,77922,72472,149244,0
49253,47902,97744,97155,146997,145646,0
48106,77602,98915,125708,147021,176517,1
63863,15943,17884,79806,81747,33827,0
17122,76020,66199,93142,83321,142219,1
11938,15195,2240,27133,14178,17435,0
32752,32216,86703,64968,119455,118919,0
70031,34497,12895,104528,82926,47392,0
37870,46180,16096,84050,53966,62276,1
50273,4203,99561,54476,149834,103764,0
80730,41850,35418,122580,116148,77268,0
66392,63336,61586,129728,127978,124922,1
96008,99960,8081,195968,104089,108041,1
66136,84644,25451,150780,91587,110095,1
80539,9380,24167,89919,104706,33547,0
83576,8183,10082,91759,93658,18265,0
52048,58262,5310,110310,57358,63572,0
87873,48685,37236,136558,125109,85921,0
24574,39829,86978,64403,111552,126807,0
80332,46754,42448,127086,122780,89202,1
2754,56871,1448,59625,4202,58319,0
87592,14530,90753,102122,178345,105283,1
96045,97252,29560,193297,125605,126812,1
5923,73381,6687,79304,12610,80068,0
29382,41387,9718,70769,39100,51105,0
70426,18459,69222,88885,139648,87681,1
79723,15775,96264,95498,175987,112039,0
50703,510,12507,51213,63210,13017,0
66844,90805,64422,157649,131266,155227,1
94358,20030,69609,114388,163967,89639,0
38635,43010,27133,81645,65768,70143,1
48124,40433,67440,88557,115564,107873,1
34889,91878,75544,126767,110433,167422,1
21123,76186,90954,97309,112077,167140,1
44587,21817,45686,66404,90273,67503,1
42292,34887,37551,77179,79843,72438,1
55337,94222,60352,149559,115689,154574,1
15488,35452,36937,50940,52425,72389,1
23106,14988,18499,38094,41605,33487,1
83956,82525,13993,166481,97949,96518,1
35043,35661,49836,70704,84879,85497,1
63446,96133,57456,159579,120902,153589,1
33548,44400,23202,77948,56750,67602,1
23042,51385,8880,74427,31922,60265,0
96667,83731,58004,180398,154671,141735,1
81092,2244,9277,83336,90369,11521,0
42599,46076,20289,88675,62888,66365,1
43661,91067,88616,134728,132277,179683,1
81003,58750,63570,139753,144573,122320,1
8702,41274,35145,49976,43847,76419,1
79349,71669,99000,151018,178349,170669,1
76300,84595,34845,160895,111145,119440,1
8077,22899,13455,30976,21532,36354,0
32373,60545,15003,92918,47376,75548,0
11400,50099,7452,61499,18852,57551,0
8872,92724,43130,101596,52002,135854,0
36965,4567,67852,41532,104817,72419,0
18656,25248,11377,43904,30033,36625,1
42215,77242,24051,119457,66266,101293,0
76238,53680,46929,129918,123167,100609,1
38962,84527,13817,123489,52779,98344,0
58079,41863,67665,99942,125744,109528,1
50494,25889,15946,76383,66440,41835,0
86159,76569,5253,162728,91412,81822,0
24302,1524,93608,25826,117910,95132,0
94435,12024,81723,106459,176158,93747,0
41965,64302,127,106267,42092,64429,0
15864,31314,65093,47178,80957,96407,0
86777,72647,2318,159424,89095,74965,0
99805,88251,10506,188056,110311,98757,0
45857,28598,93559,74455,139416,122157,0
57013,49881,99419,106894,156432,149300,1
57542,97070,90943,154612,148485,188013,1
85605,27188,33101,112793,118706,60289,0
24801,6651,31239,31452,56040,37890,1
15375,93756,22940,109131,38315,116696,0
532,52783,4163,53315,4695,56946,0
21453,40541,60424,61994,81877,100965,1
13559,53165,14234,66724,27793,67399,0
94417,48717,59803,143134,154220,108520,1
38081,36811,77017,74892,115098,113828,0
99140,78873,75926,178013,175066,154799,1
65479,2457,20919,67936,86398,23376,0
61819,14760,25312,76579,87131,40072,0
37947,44862,30458,82809,68405,75320,1
92757,87851,5770,180608,98527,93621,1
90286,3447,66758,93733,157044,70205,0
8562,56187,41411,64749,49973,97598,0
28656,96465,3125,125121,31781,99590,0
76996,62630,35729,139626,112725,98359,1
14974,57252,64803,72226,79777,122055,1
73891,15410,45354,89301,119245,60764,0
34070,55083,58005,89153,92075,113088,1
67696,30521,1317,98217,69013,31838,0
30153,63434,20401,93587,50554,83835,0
60536,18541,91850,79077,152386,110391,0
35276,93006,21845,128282,57121,114851,0
61858,96683,19741,158541,81599,116424,0
15178,71689,47460,86867,62638,119149,0
65119,14289,16637,79408,81756,30926,0
24114,62827,41200,86941,65314,104027,1
30157,45422,59039,75579,89196,104461,1
10545,74520,86470,85065,97015,160990,0
4159,55296,38788,59455,42947,94084,0
50694,20169,78347,70863,129041,98516,0
87047,67118,3132,154165,90179,70250,0
3431,43570,56671,47001,60102,100241,0
74755,88964,38072,163719,112827,127036,1
82341,23119,73476,105460,155817,96595,1
62533,64801,25188,127334,87721,89989,1
40047,84073,29024,124120,69071,113097,0
88748,25114,41411,113862,130159,66525,0
56024,97632,10225,153656,66249,107857,0
57358,70908,72766,128266,130124,143674,1
81017,19,98071,81036,179088,98090,0
38853,75893,26223,114746,65076,102116,0
58860,34320,65031,93180,123891,99351,1
36980,83940,304,120920,37284,84244,0
17165,61501,73371,78666,90536,134872,1
71078,68074,22525,139152,93603,90599,1
640,51850,17157,52490,17797,69007,0
86756,53397,88428,140153,175184,141825,1
78979,37219,36052,116198,115031,73271,0
77652,8809,42994,86461,120646,51803,0
55703,48454,87572,104157,143275,136026,1
19172,50712,23031,69884,42203,73743,0
3495,24102,28732,27597,32227,52834,0
86990,15950,93004,102940,179994,108954,1
34121,36209,13413,70330,47534,49622,1
41130,92757,57585,133887,98715,150342,1
84525,89191,85856,173716,170381,175047,1
99432,56667,29107,156099,128539,85774,0
81794,18044,64362,99838,146156,82406,1
61103,52196,65461,113299,126564,117657,1
92853,82334,73242,175187,166095,155576,1
77852,67252,99373,145104,177225,166625,1
2968,2115,91941,5083,94909,94056,0
12226,44365,38621,56591,50847,82986,1
18068,38954,11890,57022,29958,50844,0
35498,48131,69066,83629,104564,117197,1
45923,54270,60295,100193,106218,114565,1
61886,49504,57251,111390,119137,106755,1
90831,58617,87372,149448,178203,145989,1
28655,45093,28460,73748,57115,73553,1
80561,50505,92637,131066,173198,143142,1
26746,61786,10528,88532,37274,72314,0
54067,73995,83855,128062,137922,157850,1
17299,82959,80487,100258,97786,163446,1
21285,50616,80006,71901,101291,130622,0
21566,52937,44919,74503,66485,97856,1
93704,72429,3760,166133,97464,76189,0
63486,53773,41418,117259,104904,95191,1
93650,71202,11484,164852,105134,82686,0
63192,26261,89774,89453,152966,116035,0
41224,97340,73313,138564,114537,170653,1
25272,41554,61573,66826,86845,103127,1
75206,25053,74736,100259,149942,99789,1
27555,42105,2379,69660,29934,44484,0
36003,44115,20866,80118,56869,64981,1
43964,93889,17060,137853,61024,110949,0
94339,39005,3163,133344,97502,42168,0
58649,96828,79021,155477,137670,175849,1
59987,41761,57373,101748,117360,99134,1
34566,95899,961,130465,35527,96860,0
53961,73519,39406,127480,93367,112925,1
1627,85750,72272,87377,73899,158022,0
90775,65268,52736,156043,143511,118004,1
41301,16246,93493,57547,134794,109739,0
26527,37945,12300,64472,38827,50245,1
75611,59097,4664,134708,80275,63761,0
48327,26581,94548,74908,142875,121129,0
56509,70854,33372,127363,89881,104226,1
11294,84208,25508,95502,36802,109716,0
69661,50699,1587,120360,71248,52286,0
36337,57421,85329,93758,121666,142750,1
1034,66986,62729,68020,63763,129715,0
97957,77999,62504,175956,160461,140503,1
87930,8676,9752,96606,97682,18428,0
33702,10943,73670,44645,107372,84613,0
83699,35068,9075,118767,92774,44143,0
91901,18423,83269,110324,175170,101692,1
96211,83019,76517,179230,172728,159536,1
36977,33288,90866,70265,127843,124154,0
3454,15194,28478,18648,31932,43672,0
18147,58255,7474,76402,25621,65729,0
19965,23008,31068,42973,51033,54076,1
52281,5836,12853,58117,65134,18689,0
99627,66394,42795,166021,142422,109189,1
88830,29561,76962,118391,165792,106523,1
88854,65391,35238,154245,124092,100629,1
86220,17101,90519,103321,176739,107620,1
29640,19246,4,48886,29644,19250,0
78185,83329,33285,161514,111470,116614,1
83827,10843,24587,94670,108414,35430,0
48941,21491,88309,70432,137250,109800,0
55934,78575,27328,134509,83262,105903,1
17748,24869,22875,42617,40623,47744,1
23217,63645,17631,86862,40848,81276,0
78206,93293,18976,171499,97182,112269,1
83529,38338,28905,121867,112434,67243,0
45799,48302,83274,94101,129073,131576,1
30196,35275,5297,65471,35493,40572,1
94043,22620,42071,116663,136114,64691,0
36871,27009,37362,63880,74233,64371,1
24617,83695,98470,108312,123087,182165,1
14992,93423,50985,108415,65977,144408,0
32686,82833,31050,115519,63736,113883,0
98245,2499,7132,100744,105377,9631,0
19307,81641,95126,100948,114433,176767,1
45204,68938,55892,114142,101096,124830,1
36131,50492,30727,86623,66858,81219,1
42427,54379,43533,96806,85960,97912,1
22773,74906,35274,97679,58047,110180,0
79423,24233,46276,103656,125699,70509,0
39577,97397,94970,136974,134547,192367,1
92097,59951,77028,152048,169125,136979,1
54705,69332,81620,124037,136325,150952,1
60051,86384,31775,146435,91826,118159,1
76895,49604,28735,126499,105630,78339,1
68285,18196,27209,86481,95494,45405,0
39086,69699,98206,108785,137292,167905,1
2799,57171,64869,59970,67668,122040,0
15664,37177,37762,52841,53426,74939,1
9516,32495,2422,42011,11938,34917,0
74911,42002,65074,116913,139985,107076,1
90696,39872,58921,130568,149617,98793,1
8322,19000,18460,27322,26782,37460,1
66597,60950,59448,127547,126045,120398,1
58811,56975,50345,115786,109156,107320,1
34670,86690,98307,121360,132977,184997,1
29604,37425,48155,67029,77759,85580,1
84506,38182,75737,122688,160243,113919,1
50636,33969,84370,84605,135006,118339,1
65878,19515,79575,85393,145453,99090,1
78001,75513,81046,153514,159047,156559,1
41547,79717,43777,121264,85324,123494,1
88185,43106,86380,131291,174565,129486,1
1377,48683,65932,50060,67309,114615,0
46643,23594,60409,70237,107052,84003,1
32425,51472,76735,83897,109160,128207,1
20011,15899,85229,35910,105240,101128,0
96832,27733,45224,124565,142056,72957,0
34018,96560,31122,130578,65140,127682,0
50030,58896,85877,108926,135907,144773,1
17241,91761,5481,109002,22722,97242,0
90237,95949,99785,186186,190022,195734,1
45561,70163,47187,115724,92748,117350,1
83268,65324,5589,148592,88857,70913,0
95842,76391,68735,172233,164577,145126,1
26898,57265,87055,84163,113953,144320,0
63980,28262,49265,92242,113245,77527,1
3340,71002,10048,74342,13388,81050,0
60008,12821,59914,72829,119922,72735,1
64181,41324,96359,105505,160540,137683,1
30645,61132,58199,91777,88844,119331,1
5796,35283,83014,41079,88810,118297,0
6067,36976,15916,43043,21983,52892,0
95029,49118,23254,144147,118283,72372,0
69920,7019,86328,76939,156248,93347,0
55512,71567,12534,127079,68046,84101,0
97491,47323,193,144814,97684,47516,0
30374,8604,89165,38978,119539,97769,0
738,92514,15725,93252,16463,108239,0
37332,60177,67477,97509,104809,127654,1
78046,39791,91303,117837,169349,131094,1
41801,89975,93972,131776,135773,183947,1
91171,1648,34840,92819,126011,36488,0
23948,80081,4045,104029,27993,84126,0
89589,39793,52340,129382,141929,92133,1
77855,66918,24918,144773,102773,91836,1
95401,13206,55416,108607,150817,68622,0
10302,45843,61493,56145,71795,107336,0
38191,71223,20651,109414,58842,91874,0
78920,74808,41215,153728,120135,116023,1
69360,84101,97973,153461,167333,182074,1
59873,98150,95595,158023,155468,193745,1
92236,72885,43897,165121,136133,116782,1
27683,18254,54761,45937,82444,73015,0
143,43118,95070,43261,95213,138188,0
66090,34404,12017,100494,78107,46421,0
28373,72311,73239,100684,101612,145550,1
17291,43787,28580,61078,45871,72367,1
82411,55431,86146,137842,168557,141577,1
31538,56006,97794,87544,129332,153800,0
96402,87623,24640,184025,121042,112263,1
66493,56586,68248,123079,134741,124834,1
92635,78594,24795,171229,117430,103389,1
35520,63881,23248,99401,58768,87129,0
85134,54739,60449,139873,145583,115188,1
12689,55228,99686,67917,112375,154914,0
10383,99194,39204,109577,49587,138398,0
12486,2450,84622,14936,97108,87072,0
36455,65820,15380,102275,51835,81200,0
43131,13776,5726,56907,48857,19502,0
28202,24412,46177,52614,74379,70589,1
83879,25013,47813,108892,131692,72826,0
46048,87538,91875,133586,137923,179413,1
57995,96727,93392,154722,151387,190119,1
5739,46697,82207,52436,87946,128904,0
55838,64840,56079,120678,111917,120919,1
39599,22785,27333,62384,66932,50118,1
47949,65535,98167,113484,146116,163702,1
96112,16683,35256,112795,131368,51939,0
96552,24112,40517,120664,137069,64629,0
84877,39878,66711,124755,151588,106589,1
95002,37996,39386,132998,134388,77382,0
10145,32777,20980,42922,31125,53757,0
87590,15147,27569,102737,115159,42716,0
63860,70708,8736,134568,72596,79444,1
64007,41627,34779,105634,98786,76406,1
61946,49896,59941,111842,121887,109837,1
8690,19296,27594,27986,36284,46890,1
99927,67437,52013,167364,151940,119450,1
27556,3138,46384,30694,73940,49522,0
78904,75763,23721,154667,102625,99484,1
54347,20930,59251,75277,113598,80181,1
98071,4446,69853,102517,167924,74299,0
35642,56191,72610,91833,108252,128801,1
68393,29253,92132,97646,160525,121385,1
38754,52298,39808,91052,78562,92106,1
58461,20527,41779,78988,100240,62306,1
86342,15536,40945,101878,127287,56481,0
84744,55038,57276,139782,142020,112314,1
66900,72788,54791,139688,121691,127579,1
92025,88829,24049,180854,116074,112878,1
94677,74148,96980,168825,191657,171128,1
25171,49487,39092,74658,64263,88579,1
49301,84145,59815,133446,109116,143960,1
22872,49809,82475,72681,105347,132284,0
73189,13469,13388,86658,86577,26857,0
2501,93311,56399,95812,58900,149710,0
71820,29086,47592,100906,119412,76678,1
12948,70103,24055,83051,37003,94158,0
53802,23007,70,76809,53872,23077,0
93696,38590,41305,132286,135001,79895,0
25119,28306,52715,53425,77834,81021,1
97899,59082,68869,156981,166768,127951,1
40382,69758,26973,110140,67355,96731,0
60195,64710,57828,124905,118023,122538,1
97113,36565,76946,133678,174059,113511,1
63130,55465,11360,118595,74490,66825,1
13050,60522,75869,73572,88919,136391,0
63002,61110,89469,124112,152471,150579,1
37457,14201,77280,51658,114737,91481,0
36610,71442,15298,108052,51908,86740,0
71513,14444,62135,85957,133648,76579,1
25162,34377,302,59539,25464,34679,0
41311,44094,31314,85405,72625,75408,1
5958,90028,60209,95986,66167,150237,0
18481,19645,13438,38126,31919,33083,1
71917,36830,98715,108747,170632,135545,1
57033,65642,73680,122675,130713,139322,1
3397,67991,39998,71388,43395,107989,0
22457,19012,41951,41469,64408,60963,0
64699,41397,61221,106096,125920,102618,1
69249,95379,2044,164628,71293,97423,0
28114,18007,33305,46121,61419,51312,1
25294,90591,68183,115885,93477,158774,1
35057,44389,22530,79446,57587,66919,1
69734,28425,57199,98159,126933,85624,1
10902,58388,79576,69290,90478,137964,0
66905,87991,27679,154896,94584,115670,1
24528,53858,38406,78386,62934,92264,1
57396,37566,7866,94962,65262,45432,0
21116,92063,36010,113179,57126,128073,0
95072,25210,71084,120282,166156,96294,1
14202,30935,64396,45137,78598,95331,0
79830,51680,8922,131510,88752,60602,0
54484,46223,33353,100707,87837,79576,1
34720,95826,67263,130546,101983,163089,1
32979,35772,47047,68751,80026,82819,1
64083,98072,28144,162155,92227,126216,0
57952,32451,81927,90403,139879,114378,1
42922,54816,17994,97738,60916,72810,1
92712,78237,99476,170949,192188,177713,1
22452,99571,72429,122023,94881,172000,0
7680,12426,89193,20106,96873,101619,0
59159,71553,77571,130712,136730,149124,1
52157,38259,46604,90416,98761,84863,1
28522,92740,59545,121262,88067,152285,0
58044,80753,50517,138797,108561,131270,1
22904,81486,33141,104390,56045,114627,0
5001,40885,98644,45886,103645,139529,0
73549,49324,26109,122873,99658,75433,1
40157,7964,18770,48121,58927,26734,0
86258,86167,78478,172425,164736,164645,1
22122,96325,14797,118447,36919,111122,0
99190,11127,49070,110317,148260,60197,0
85368,23584,29398,108952,114766,52982,0
94257,91058,73267,185315,167524,164325,1
67365,62835,13209,130200,80574,76044,1
43072,21628,97413,64700,140485,119041,0
31015,26298,58780,57313,89795,85078,0
76518,71426,79827,147944,156345,151253,1
30286,13688,53071,43974,83357,66759,0
20705,83616,93176,104321,113881,176792,1
11623,93709,26966,105332,38589,120675,0
81881,21879,39558,103760,121439,61437,0
20228,1757,82473,21985,102701,84230,0
71558,81353,38924,152911,110482,120277,1
92818,47481,60357,140299,153175,107838,1
65050,31690,20296,96740,85346,51986,0
76898,17220,6442,94118,83340,23662,0
22195,5871,40463,28066,62658,46334,0
42194,11531,46584,53725,88778,58115,1
77936,3450,7187,81386,85123,10637,0
84871,68967,13446,153838,98317,82413,0
67183,11136,53871,78319,121054,65007,0
89550,63831,93850,153381,183400,157681,1
56393,50723,78464,107116,134857,129187,1
58900,40798,23022,99698,81922,63820,1
37473,40950,45683,78423,83156,86633,1
69256,36405,50246,105661,119502,86651,1
19546,38272,94114,57818,113660,132386,0
6517,41487,221,48004,6738,41708,0
28353,4504,267,32857,28620,4771,0
28007,79324,57387,107331,85394,136711,1
93148,2866,30568,96014,123716,33434,0
7874,85091,46303,92965,54177,131394,0
78190,16230,10381,94420,88571,26611,0
8142,82603,26090,90745,34232,108693,0
22002,5087,55998,27089,78000,61085,0
58066,33587,17941,91653,76007,51528,0
32932,2527,78620,35459,111552,81147,0
72825,24554,89810,97379,162635,114364,1
934,51649,38289,52583,39223,89938,0
13300,71904,65637,85204,78937,137541,1
49531,39990,35748,89521,85279,75738,1
74573,49717,84210,124290,158783,133927,1
86550,80785,90824,167335,177374,171609,1
35286,54503,57637,89789,92923,112140,1
48760,42205,67887,90965,116647,110092,1
55735,36512,67325,92247,123060,103837,1
58509,33323,8246,91832,66755,41569,0
75748,57126,87048,132874,162796,144174,1
4239,72070,23927,76309,28166,95997,0
57466,74934,98993,132400,156459,173927,1
70903,40279,7944,111182,78847,48223,0
74165,87241,73353,161406,147518,160594,1
67139,35549,83831,102688,150970,119380,1
88469,10489,6981,98958,95450,17470,0
38081,50054,21573,88135,59654,71627,1
58990,54628,64887,113618,123877,119515,1
73537,25920,95614,99457,169151,121534,1
86359,11086,79293,97445,165652,90379,1
10163,72220,91154,82383,101317,163374,0
83695,27874,51429,111569,135124,79303,0
19186,303,36370,19489,55556,36673,0
50480,98502,31779,148982,82259,130281,0
93216,57380,16350,150596,109566,73730,0
53092,6583,99943,59675,153035,106526,0
11857,88996,50491,100853,62348,139487,0
18675,57685,79046,76360,97721,136731,0
53128,91584,71284,144712,124412,162868,1
94793,56261,63286,151054,158079,119547,1
159,83576,81684,83735,81843,165260,0
17334,40072,19630,57406,36964,59702,0
82527,47978,70451,130505,152978,118429,1
13477,3221,47985,16698,61462,51206,0
62440,54414,67764,116854,130204,122178,1
7810,63204,67712,71014,75522,130916,1
70565,66941,89444,137506,160009,156385,1
61388,83764,2779,145152,64167,86543,0
62500,81633,22496,144133,84996,104129,1
44611,53160,3886,97771,48497,57046,0
52298,14405,56756,66703,109054,71161,1
85420,90845,35934,176265,121354,126779,1
91954,43424,1818,135378,93772,45242,0
56943,26410,97888,83353,154831,124298,0
97167,21116,55583,118283,152750,76699,0
24977,49311,69854,74288,94831,119165,1
97015,20598,52644,117613,149659,73242,0
9545,55374,65384,64919,74929,120758,0
78821,7107,49793,85928,128614,56900,0
38080,25473,1459,63553,39539,26932,0
7210,18621,91590,25831,98800,110211,0
80499,4953,92149,85452,172648,97102,0
60986,83172,4195,144158,65181,87367,0
49816,16448,28693,66264,78509,45141,0
53533,7304,30773,60837,84306,38077,0
86242,97637,10625,183879,96867,108262,0
12044,71181,82834,83225,94878,154015,1
26273,6513,44204,32786,70477,50717,0
26366,2151,77719,28517,104085,79870,0
4859,9555,78312,14414,83171,87867,0
63831,86578,79539,150409,143370,166117,1
76651,57662,19706,134313,96357,77368,1
24276,83951,89198,108227,113474,173149,1
12962,38891,76008,51853,88970,114899,0
4917,27263,91574,32180,96491,118837,0
81205,87846,69073,169051,150278,156919,1
7216,55174,66472,62390,73688,121646,0
27085,59104,30468,86189,57553,89572,0
73953,14175,36824,88128,110777,50999,0
69003,32403,3966,101406,72969,36369,0
16998,85182,88302,102180,105300,173484,1
44624,44938,46541,89562,91165,91479,1
44625,57054,77633,101679,122258,134687,1
61159,14844,51074,76003,112233,65918,1
77228,30196,91864,107424,169092,122060,1
41104,27687,18933,68791,60037,46620,1
5452,16484,80451,21936,85903,96935,0
75542,4788,41069,80330,116611,45857,0
56456,35115,18609,91571,75065,53724,0
56212,96694,40284,152906,96496,136978,0
49661,26523,25710,76184,75371,52233,1
2101,10639,16176,12740,18277,26815,0
9002,28918,71316,37920,80318,100234,0
38356,48907,11080,87263,49436,59987,1
56461,5799,93372,62260,149833,99171,0
90561,57734,93100,148295,183661,150834,1
41570,29475,76555,71045,118125,106030,0
41731,24165,49639,65896,91370,73804,1
38885,63029,54748,101914,93633,117777,1
25797,82589,80769,108386,106566,163358,1
24763,38086,90233,62849,114996,128319,0
17099,49062,13959,66161,31058,63021,0
29719,37618,86194,67337,115913,123812,0
4553,38929,94440,43482,98993,133369,0
35005,16974,41101,51979,76106,58075,1
11719,61627,36723,73346,48442,98350,0
77153,84210,7917,161363,85070,92127,1
13464,79604,71106,93068,84570,150710,1
8166,2495,38646,10661,46812,41141,0
19276,2525,80672,21801,99948,83197,0
62311,28492,81668,90803,143979,110160,1
43321,77830,68649,121151,111970,146479,1
28469,66994,44412,95463,72881,111406,1
87028,11498,23905,98526,110933,35403,0
88720,96417,6342,185137,95062,102759,0
26763,6547,86240,33310,113003,92787,0
90299,54396,24626,144695,114925,79022,0
31609,20530,17471,52139,49080,38001,1
75913,96293,72036,172206,147949,168329,1
8434,28979,20072,37413,28506,49051,0
55167,74987,63549,130154,118716,138536,1
86971,45586,94158,132557,181129,139744,1
50605,72811,42028,123416,92633,114839,1
27211,13999,59989,41210,87200,73988,0
96855,31133,69907,127988,166762,101040,1
59790,90378,87323,150168,147113,177701,1
80754,47126,69383,127880,150137,116509,1
3113,31646,51057,34759,54170,82703,0
69120,3862,61103,72982,130223,64965,0
56309,25461,85410,81770,141719,110871,0
74326,3136,68710,77462,143036,71846,0
58288,6989,76937,65277,135225,83926,0
43817,28177,74195,71994,118012,102372,0
65323,54049,72949,119372,138272,126998,1
62327,9358,1851,71685,64178,11209,0
29057,94459,32677,123516,61734,127136,0
79019,37459,18129,116478,97148,55588,0
28243,7223,24685,35466,52928,31908,1
44033,90675,83069,134708,127102,173744,1
73785,17854,69522,91639,143307,87376,1
60829,70431,81644,131260,142473,152075,1
31410,30857,25598,62267,57008,56455,1
57810,6785,77630,64595,135440,84415,0
90187,17184,29494,107371,119681,46678,0
84939,37566,1962,122505,86901,39528,0
32697,90012,61355,122709,94052,151367,1
58350,59610,55674,117960,114024,115284,1
23896,95207,15006,119103,38902,110213,0
97370,16977,27686,114347,125056,44663,0
48090,31194,14041,79284,62131,45235,0
6789,81032,72398,87821,79187,153430,0
61418,44125,1873,105543,63291,45998,0
56188,70755,38610,126943,94798,109365,1
95823,82839,21216,178662,117039,104055,1
74652,24586,17444,99238,92096,42030,0
56080,15928,77901,72008,133981,93829,0
1591,39366,10225,40957,11816,49591,0
16050,58192,57162,74242,73212,115354,1
79217,49683,26301,128900,105518,75984,0
81488,5402,6091,86890,87579,11493,0
17649,67654,10827,85303,28476,78481,0
68767,64856,11525,133623,80292,76381,1
89942,60557,59156,150499,149098,119713,1
38166,73040,24371,111206,62537,97411,0
5080,24390,40973,29470,46053,65363,0
35873,29161,83511,65034,119384,112672,0
74763,62259,57244,137022,132007,119503,1
71724,88009,91555,159733,163279,179564,1
32759,36220,5818,68979,38577,42038,1
80506,36900,35023,117406,115529,71923,0
12112,2830,48384,14942,60496,51214,0
7705,51689,37226,59394,44931,88915,0
28042,29314,55043,57356,83085,84357,1
69464,87892,17243,157356,86707,105135,0
54678,52388,72118,107066,126796,124506,1
56940,67534,33314,124474,90254,100848,1
29683,73928,8564,103611,38247,82492,0
5934,12462,47668,18396,53602,60130,0
89779,71494,4621,161273,94400,76115,0
1616,1827,83560,3443,85176,85387,0
57098,22529,40714,79627,97812,63243,1
33796,93598,9051,127394,42847,102649,0
73026,10563,23823,83589,96849,34386,0
82197,17973,87415,100170,169612,105388,1
76093,35505,60308,111598,136401,95813,1
42571,87417,22487,129988,65058,109904,0
55842,47243,4841,103085,60683,52084,0
12371,11234,62412,23605,74783,73646,0
92356,29484,71801,121840,164157,101285,1
85814,93869,70020,179683,155834,163889,1
53257,61818,43614,115075,96871,105432,1
60543,42991,38442,103534,98985,81433,1
63846,5976,3286,69822,67132,9262,0
13328,78045,77301,91373,90629,155346,1
14856,40776,91627,55632,106483,132403,0
30903,81332,50631,112235,81534,131963,1
66298,54014,66589,120312,132887,120603,1
81756,69679,18819,151435,100575,88498,1
53777,19062,70555,72839,124332,89617,1
64134,93484,74081,157618,138215,167565,1
96815,81462,2042,178277,98857,83504,0
50467,37463,22971,87930,73438,60434,1
24057,93917,27821,117974,51878,121738,0
97590,53898,77309,151488,174899,131207,1
85351,21560,72051,106911,157402,93611,1
8273,35477,59964,43750,68237,95441,0
39409,13916,13268,53325,52677,27184,0
74139,60733,78901,134872,153040,139634,1
96780,33124,5576,129904,102356,38700,0
66463,90848,33519,157311,99982,124367,1
91627,52454,3543,144081,95170,55997,0
48221,46256,7704,94477,55925,53960,1
72315,59081,48193,131396,120508,107274,1
46930,7687,6381,54617,53311,14068,0
37857,27905,40053,65762,77910,67958,1
92710,87234,44498,179944,137208,131732,1
32152,7771,8831,39923,40983,16602,0
11474,70720,15075,82194,26549,85795,0
72042,69223,69020,141265,141062,138243,1
35734,99747,49214,135481,84948,148961,0
78032,34939,61958,112971,139990,96897,1
20640,8572,42743,29212,63383,51315,0
79102,87036,64644,166138,143746,151680,1
10650,70485,48862,81135,59512,119347,0
97109,50946,93656,148055,190765,144602,1
33712,97926,91199,131638,124911,189125,1
90985,15906,27704,106891,118689,43610,0
34138,56529,48036,90667,82174,104565,1
21834,8311,30846,30145,52680,39157,0
37228,10248,95167,47476,132395,105415,0
52596,71493,40480,124089,93076,111973,1
3857,34466,85241,38323,89098,119707,0
87290,59155,40612,146445,127902,99767,1
4434,38215,2382,42649,6816,40597,0
18143,67825,90245,85968,108388,158070,0
88336,81278,57645,169614,145981,138923,1
84987,30951,12411,115938,97398,43362,0
36844,36075,41373,72919,78217,77448,1
25089,69614,12560,94703,37649,82174,0
55830,61095,57751,116925,113581,118846,1
28529,98705,28532,127234,57061,127237,0
26209,65561,80872,91770,107081,146433,1
7334,20947,96246,28281,103580,117193,0
9501,19099,37083,28600,46584,56182,0
69768,97564,28938,167332,98706,126502,1
42284,22632,46149,64916,88433,68781,1
7389,83399,54237,90788,61626,137636,0
79641,6687,98252,86328,177893,104939,0
92973,91040,22052,184013,115025,113092,1
27086,61810,63811,88896,90897,125621,1
71621,24844,80563,96465,152184,105407,1
16089,15733,46752,31822,62841,62485,0
29626,73881,88334,103507,117960,162215,1
39754,94161,66488,133915,106242,160649,1
60006,14843,91435,74849,151441,106278,0
76576,1935,76454,78511,153030,78389,1
40043,28510,88112,68553,128155,116622,0
3255,39311,36506,42566,39761,75817,1
75614,97316,62163,172930,137777,159479,1
4736,50518,46628,55254,51364,97146,1
99153,92393,10472,191546,109625,102865,1
85819,80090,93198,165909,179017,173288,1
20234,88245,68061,108479,88295,156306,1
46448,71998,70436,118446,116884,142434,1
2269,77028,33121,79297,35390,110149,0
84021,52916,31115,136937,115136,84031,1
945,27545,72081,28490,73026,99626,0
86138,54407,68015,140545,154153,122422,1
7194,88135,86516,95329,93710,174651,1
64023,80849,94330,144872,158353,175179,1
61138,77829,96043,138967,157181,173872,1
64793,36368,82685,101161,147478,119053,1
7580,75126,37285,82706,44865,112411,0
9095,67813,82673,76908,91768,150486,0
33455,96222,55768,129677,89223,151990,0
78241,2123,39348,80364,117589,41471,0
5334,7558,24473,12892,29807,32031,0
85290,45349,82714,130639,168004,128063,1
69478,76388,55436,145866,124914,131824,1
59868,26003,62496,85871,122364,88499,1
69268,30425,24857,99693,94125,55282,0
82974,9217,63540,92191,146514,72757,0
70220,5863,47077,76083,117297,52940,0
9807,22975,67370,32782,77177,90345,0
5774,23496,95788,29270,101562,119284,0
48947,62932,17225,111879,66172,80157,1
52292,94985,34935,147277,87227,129920,0
55229,58369,91912,113598,147141,150281,1
34831,43268,38456,78099,73287,81724,1
36481,67026,71925,103507,108406,138951,1
48731,24935,5883,73666,54614,30818,0
87895,41158,91186,129053,179081,132344,1
9231,23284,97168,32515,106399,120452,0
49150,46977,29459,96127,78609,76436,1
54615,63014,9679,117629,64294,72693,1
47225,95172,61099,142397,108324,156271,1
37628,85817,83258,123445,120886,169075,1
88569,24425,72517,112994,161086,96942,1
30088,68093,10122,98181,40210,78215,0
62831,30429,63544,93260,126375,93973,1
20826,40460,92284,61286,113110,132744,0
94449,29551,66155,124000,160604,95706,1
57782,27414,51483,85196,109265,78897,1
90403,18809,25100,109212,115503,43909,0
24314,48546,49182,72860,73496,97728,1
59272,26362,86144,85634,145416,112506,0
44768,57771,39152,102539,83920,96923,1
99417,72799,34939,172216,134356,107738,1
96118,75147,6839,171265,102957,81986,0
40787,43029,91996,83816,132783,135025,0
12581,94832,79649,107413,92230,174481,0
19196,49706,15030,68902,34226,64736,0
92591,76211,76446,168802,169037,152657,1
23167,46832,43199,69999,66366,90031,1
68370,91451,80097,159821,148467,171548,1
37047,9353,38412,46400,75459,47765,1
69712,46922,99641,116634,169353,146563,1
3254,76043,85863,79297,89117,161906,0
4781,20926,28464,25707,33245,49390,0
37766,90818,38737,128584,76503,129555,0
48735,98631,25511,147366,74246,124142,0
33360,41846,18658,75206,52018,60504,1
75152,46832,36649,121984,111801,83481,1
36710,33269,49417,69979,86127,82686,1
83261,96092,75942,179353,159203,172034,1
88816,29700,91938,118516,180754,121638,1
95300,40334,32465,135634,127765,72799,0
8001,23582,50991,31583,58992,74573,0
33199,58875,17139,92074,50338,76014,0
23260,58538,66380,81798,89640,124918,1
75508,98057,6986,173565,82494,105043,0
69633,93384,26892,163017,96525,120276,1
38894,44477,93184,83371,132078,137661,0
24138,48349,7627,72487,31765,55976,0
29995,5890,48463,35885,78458,54353,0
25195,98718,73756,123913,98951,172474,1
89501,25698,49890,115199,139391,75588,0
55039,95181,48194,150220,103233,143375,1
55811,25273,36242,81084,92053,61515,1
41294,50766,69412,92060,110706,120178,1
90218,93198,10573,183416,100791,103771,1
47281,19001,64976,66282,112257,83977,1
94988,17882,81385,112870,176373,99267,1
24314,89681,31740,113995,56054,121421,0
49990,79834,21696,129824,71686,101530,0
87607,58674,71522,146281,159129,130196,1
52912,47068,11336,99980,64248,58404,1
88180,36132,13885,124312,102065,50017,0
87261,39609,33310,126870,120571,72919,0
1133,26011,81531,27144,82664,107542,0
23569,60309,68440,83878,92009,128749,1
6665,82830,2267,89495,8932,85097,0
74397,18629,16010,93026,90407,34639,0
7706,45251,21667,52957,29373,66918,0
63947,92957,85785,156904,149732,178742,1
60136,67688,22743,127824,82879,90431,1
41031,78825,63179,119856,104210,142004,1
97465,40662,52334,138127,149799,92996,0
33702,79060,79163,112762,112865,158223,1
33433,17905,54606,51338,88039,72511,0
36760,80019,5503,116779,42263,85522,0
85319,40305,30446,125624,115765,70751,0
72559,80516,88041,153075,160600,168557,1
99687,27145,38315,126832,138002,65460,0
88454,93463,38446,181917,126900,131909,1
96756,63139,83335,159895,180091,146474,1
68274,7522,48843,75796,117117,56365,0
68633,84783,8825,153416,77458,93608,0
19844,6106,8747,25950,28591,14853,0
10499,90194,44709,100693,55208,134903,0
76128,5718,3495,81846,79623,9213,0
3230,16759,60326,19989,63556,77085,0
70616,3079,36091,73695,106707,39170,0
87151,77110,68485,164261,155636,145595,1
38114,66086,593,104200,38707,66679,0
68880,20199,99827,89079,168707,120026,0
17216,63880,13723,81096,30939,77603,0
89781,17609,89969,107390,179750,107578,1
49335,8757,25369,58092,74704,34126,0
89063,31808,723,120871,89786,32531,0
26675,40257,32598,66932,59273,72855,1
69025,95126,30157,164151,99182,125283,1
61875,72511,88609,134386,150484,161120,1
75051,77113,13109,152164,88160,90222,1
24236,68257,79919,92493,104155,148176,1
93406,48389,57682,141795,151088,106071,1
65008,53768,42114,118776,107122,95882,1
2985,3416,68656,6401,71641,72072,0
21368,71097,28428,92465,49796,99525,0
67327,56106,27989,123433,95316,84095,1
12775,25212,17666,37987,30441,42878,1
50093,22622,10902,72715,60995,33524,0
69724,16148,41258,85872,110982,57406,0
62157,84378,42524,146535,104681,126902,1
99367,84904,47377,184271,146744,132281,1
64247,41558,90431,105805,154678,131989,1
41471,19905,84678,61376,126149,104583,0
10572,92063,98347,102635,108919,190410,1
30287,45138,7981,75425,38268,53119,0
18730,43716,66060,62446,84790,109776,0
10444,17080,63590,27524,74034,80670,0
69082,84275,24,153357,69106,84299,0
7054,7352,68014,14406,75068,75366,0
55411,34837,93893,90248,149304,128730,0
24897,7845,62898,32742,87795,70743,0
59057,59544,93266,118601,152323,152810,1
56500,41827,93697,98327,150197,135524,1
15217,41818,13440,57035,28657,55258,0
69628,51366,75608,120994,145236,126974,1
50127,56735,46112,106862,96239,102847,1
2251,88857,74703,91108,76954,163560,0
27309,57156,13102,84465,40411,70258,0
72281,36748,4816,109029,77097,41564,0
7618,69061,68378,76679,75996,137439,1
38443,29188,60018,67631,98461,89206,1
30993,96653,78714,127646,109707,175367,1
72462,1174,95626,73636,168088,96800,0
81608,68480,30661,150088,112269,99141,1
19576,98315,74405,117891,93981,172720,0
89916,59045,9040,148961,98956,68085,0
20284,30534,80342,50818,100626,110876,0
27575,72304,75794,99879,103369,148098,1
33605,4215,48810,37820,82415,53025,0
89613,17041,28258,106654,117871,45299,0
83011,79102,81500,162113,164511,160602,1
24945,9193,6547,34138,31492,15740,0
87708,89330,47246,177038,134954,136576,1
20705,63927,85350,84632,106055,149277,0
10522,55522,3958,66044,14480,59480,0
72054,80292,16662,152346,88716,96954,1
45499,90829,54415,136328,99914,145244,1
81940,21138,77487,103078,159427,98625,1
27986,41649,22305,69635,50291,63954,1
21014,48775,66295,69789,87309,115070,1
23984,786,32827,24770,56811,33613,0
19088,72600,67253,91688,86341,139853,1
35356,53081,55971,88437,91327,109052,1
89474,29036,43490,118510,132964,72526,0
52545,33244,89601,85789,142146,122845,0
44819,73823,17501,118642,62320,91324,0
70748,91498,22600,162246,93348,114098,1
79246,7397,34071,86643,113317,41468,0
86700,23809,33958,110509,120658,57767,0
50578,5049,7376,55627,57954,12425,0
35606,58682,66144,94288,101750,124826,1
58101,59047,86010,117148,144111,145057,1
11336,90694,53772,102030,65108,144466,0
36516,13765,64776,50281,101292,78541,0
61257,47508,64504,108765,125761,112012,1
41136,43176,2580,84312,43716,45756,1
87336,9313,99631,96649,186967,108944,0
3328,76770,43621,80098,46949,120391,0
81689,65145,58767,146834,140456,123912,1
59784,75811,12410,135595,72194,88221,0
59688,11310,8076,70998,67764,19386,0
91023,9118,74996,100141,166019,84114,0
50619,87176,73217,137795,123836,160393,1
18334,44507,45306,62841,63640,89813,1
90245,63816,46715,154061,136960,110531,1
8867,15504,26084,24371,34951,41588,0
23392,13482,98912,36874,122304,112394,0
75376,54929,44656,130305,120032,99585,1
885,66610,51709,67495,52594,118319,0
95133,40693,68880,135826,164013,109573,1
99839,72470,50060,172309,149899,122530,1
60099,27681,72522,87780,132621,100203,1
7772,6297,26798,14069,34570,33095,0
29121,26251,41404,55372,70525,67655,1
86193,57673,92003,143866,178196,149676,1
68256,24051,75332,92307,143588,99383,1
36814,2273,22612,39087,59426,24885,0
14431,74270,99003,88701,113434,173273,0
38158,44879,27656,83037,65814,72535,1
6553,79786,3609,86339,10162,83395,0
13757,59009,50986,72766,64743,109995,1
8994,49950,88329,58944,97323,138279,0
3490,62178,60540,65668,64030,122718,1
68712,96680,52581,165392,121293,149261,1
40150,7067,65414,47217,105564,72481,0
77305,54559,43928,131864,121233,98487,1
87631,52433,95275,140064,182906,147708,1
76866,64579,19152,141445,96018,83731,1
75234,41484,79870,116718,155104,121354,1
22746,57884,58545,80630,81291,116429,1
20226,87459,9848,107685,30074,97307,0
11499,37828,40753,49327,52252,78581,1
4858,99688,14747,104546,19605,114435,0
23567,80499,38682,104066,62249,119181,0
14693,62601,15456,77294,30149,78057,0
5078,42119,20006,47197,25084,62125,0
95223,79775,51529,174998,146752,131304,1
4369,19882,34419,24251,38788,54301,0
37873,1320,3098,39193,40971,4418,0
1079,21466,80143,22545,81222,101609,0
4821,18801,62504,23622,67325,81305,0
94680,21940,88969,116620,183649,110909,1
44788,47522,41487,92310,86275,89009,1
58767,30991,46832,89758,105599,77823,1
76563,76955,87584,153518,164147,164539,1
30586,3676,45603,34262,76189,49279,0
31232,89941,21849,121173,53081,111790,0
60758,38270,51577,99028,112335,89847,1
3454,4400,31458,7854,34912,35858,0
81763,1334,14803,83097,96566,16137,0
38225,30077,15278,68302,53503,45355,1
99652,54508,93670,154160,193322,148178,1
24013,62001,69790,86014,93803,131791,1
61534,57240,89493,118774,151027,146733,1
65804,28946,50059,94750,115863,79005,1
41910,7469,31866,49379,73776,39335,0
5067,91320,93657,96387,98724,184977,1
91096,38824,67637,129920,158733,106461,1
65476,18944,36594,84420,102070,55538,0
58276,3394,99716,61670,157992,103110,0
15,29075,91817,29090,91832,120892,0
9905,71013,24304,80918,34209,95317,0
73426,46630,35539,120056,108965,82169,1
90285,61570,88368,151855,178653,149938,1
63282,9820,81480,73102,144762,91300,0
37490,4922,49991,42412,87481,54913,0
3984,49565,58497,53549,62481,108062,0
22495,26234,4366,48729,26861,30600,1
71877,16312,51379,88189,123256,67691,0
82562,91347,40866,173909,123428,132213,1
79131,99662,40101,178793,119232,139763,1
26534,51010,89376,77544,115910,140386,0
62601,47534,97300,110135,159901,144834,1
72038,79324,34569,151362,106607,113893,1
63772,78288,11039,142060,74811,89327,0
80111,98280,19239,178391,99350,117519,1
38067,79023,25789,117090,63856,104812,0
77379,66712,14231,144091,91610,80943,1
7918,60840,50231,68758,58149,111071,0
76232,66008,31979,142240,108211,97987,1
81065,91414,48184,172479,129249,139598,1
69569,24363,95790,93932,165359,120153,0
35901,60309,48692,96210,84593,109001,1
21539,8307,33891,29846,55430,42198,0
5528,11087,23681,16615,29209,34768,0
53685,59871,77015,113556,130700,136886,1
32304,96447,33412,128751,65716,129859,0
12661,35490,5209,48151,17870,40699,0
92240,63696,3997,155936,96237,67693,0
87872,96993,77420,184865,165292,174413,1
303,96206,47512,96509,47815,143718,0
28457,48995,90678,77452,119135,139673,0
20343,46008,3768,66351,24111,49776,0
36329,48403,83118,84732,119447,131521,1
90597,84412,2766,175009,93363,87178,0
76634,19933,57817,96567,134451,77750,1
33944,49594,37396,83538,71340,86990,1
81131,81818,20250,162949,101381,102068,1
68156,63336,62576,131492,130732,125912,1
36738,35820,16838,72558,53576,52658,1
44274,85719,80218,129993,124492,165937,1
95243,28148,11296,123391,106539,39444,0
90836,47515,77162,138351,167998,124677,1
54158,36363,92158,90521,146316,128521,0
34529,97175,92242,131704,126771,189417,1
83902,48670,32667,132572,116569,81337,0
83297,63231,64532,146528,147829,127763,1
59126,18994,756,78120,59882,19750,0
96234,48200,72979,144434,169213,121179,1
82767,52883,41789,135650,124556,94672,1
23822,17119,30597,40941,54419,47716,1
4582,15035,24587,19617,29169,39622,0
57046,91827,75280,148873,132326,167107,1
71884,36302,70764,108186,142648,107066,1
58666,11621,29547,70287,88213,41168,0
97584,38351,63599,135935,161183,101950,1
41411,47801,16602,89212,58013,64403,1
60171,72415,6849,132586,67020,79264,0
26653,1071,87708,27724,114361,88779,0
10377,48347,17277,58724,27654,65624,0
9831,42133,6322,51964,16153,48455,0
12040,76433,48318,88473,60358,124751,0
15152,92260,82723,107412,97875,174983,1
22898,51928,57016,74826,79914,108944,1
83419,62649,61514,146068,144933,124163,1
24424,26406,18968,50830,43392,45374,1
83610,62150,58941,145760,142551,121091,1
19722,53866,23426,73588,43148,77292,0
26929,95466,39347,122395,66276,134813,0
59532,40399,21416,99931,80948,61815,1
32229,48411,78804,80640,111033,127215,1
62388,19553,89795,81941,152183,109348,0
62162,5873,27666,68035,89828,33539,0
98762,57520,70245,156282,169007,127765,1
5877,57209,62331,63086,68208,119540,1
90610,33606,25540,124216,116150,59146,0
96792,35364,49444,132156,146236,84808,0
45575,89270,26677,134845,72252,115947,0
55232,13168,45329,68400,100561,58497,1
31692,42806,85305,74498,116997,128111,0
46812,46813,22573,93625,69385,69386,1
22675,80663,52135,103338,74810,132798,0
32416,47825,9109,80241,41525,56934,0
66874,78374,72506,145248,139380,150880,1
68242,9466,7183,77708,75425,16649,0
12884,57516,97210,70400,110094,154726,0
37332,17888,45541,55220,82873,63429,1
82863,52139,16365,135002,99228,68504,0
86574,28578,92933,115152,179507,121511,1
34146,43209,25404,77355,59550,68613,1
56843,69086,85367,125929,142210,154453,1
13143,93159,11793,106302,24936,104952,0
82744,95765,72577,178509,155321,168342,1
15721,94803,99636,110524,115357,194439,1
36634,94651,97811,131285,134445,192462,1
24907,65958,66423,90865,91330,132381,1
8358,29390,98068,37748,106426,127458,0
54737,24858,18430,79595,73167,43288,0
39128,34352,79478,73480,118606,113830,0
36309,75549,38267,111858,74576,113816,0
66551,68521,61249,135072,127800,129770,1
52246,69877,21016,122123,73262,90893,1
55473,26263,8260,81736,63733,34523,0
1388,12226,47223,13614,48611,59449,0
64273,86225,18912,150498,83185,105137,0
12432,24991,60484,37423,72916,85475,0
79056,78275,97874,157331,176930,176149,1
86638,45809,31825,132447,118463,77634,0
70176,25762,78587,95938,148763,104349,1
47547,19880,39205,67427,86752,59085,1
5160,89330,82805,94490,87965,172135,0
74442,48172,939,122614,75381,49111,0
63463,43697,38334,107160,101797,82031,1
94997,49218,27951,144215,122948,77169,0
3044,57223,20863,60267,23907,78086,0
18588,58105,97702,76693,116290,155807,0
39485,39922,6056,79407,45541,45978,1
26149,14760,6032,40909,32181,20792,0
25841,79557,80063,105398,105904,159620,1
46841,55606,81517,102447,128358,137123,1
65350,77635,5415,142985,70765,83050,0
96332,16733,22073,113065,118405,38806,0
9484,12672,47449,22156,56933,60121,0
56625,55957,87377,112582,144002,143334,1
5536,5016,4623,10552,10159,9639,1
78112,73471,19139,151583,97251,92610,1
20227,48271,68913,68498,89140,117184,0
99416,65669,55136,165085,154552,120805,1
25739,47974,90721,73713,116460,138695,0
64688,37074,16617,101762,81305,53691,0
37194,44434,67282,81628,104476,111716,1
87944,8088,78279,96032,166223,86367,0
63724,52981,70466,116705,134190,123447,1
31804,63897,45491,95701,77295,109388,1
44124,22310,91035,66434,135159,113345,0
74540,35305,60353,109845,134893,95658,1
39518,56000,46327,95518,85845,102327,1
76436,11604,8216,88040,84652,19820,0
7510,179,78576,7689,86086,78755,0
37808,1492,32394,39300,70202,33886,0
19739,54264,71070,74003,90809,125334,1
36470,49824,17261,86294,53731,67085,1
61802,84818,25056,146620,86858,109874,1
30526,28945,86119,59471,116645,115064,0
95617,63008,406,158625,96023,63414,0
43435,55155,66866,98590,110301,122021,1
66147,26787,55600,92934,121747,82387,1
83017,97203,25349,180220,108366,122552,1
24517,96596,40748,121113,65265,137344,0
29972,47155,32804,77127,62776,79959,1
47353,38508,25567,85861,72920,64075,1
28497,2001,29089,30498,57586,31090,1
91135,51136,45118,142271,136253,96254,1
91935,3493,86933,95428,178868,90426,0
10647,87202,55600,97849,66247,142802,0
47087,72769,13528,119856,60615,86297,0
79502,45279,83755,124781,163257,129034,1
7144,98298,84903,105442,92047,183201,0
97164,60257,42185,157421,139349,102442,1
58851,25498,83842,84349,142693,109340,1
24925,87074,62360,111999,87285,149434,1
18739,3019,29033,21758,47772,32052,0
75482,45966,62053,121448,137535,108019,1
52183,25823,78178,78006,130361,104001,0
52299,4363,68737,56662,121036,73100,0
63458,48339,78270,111797,141728,126609,1
50332,57336,54452,107668,104784,111788,1
77422,42329,41583,119751,119005,83912,1
70792,97700,35230,168492,106022,132930,1
9670,70033,59026,79703,68696,129059,0
82606,34101,68976,116707,151582,103077,1
5367,47546,46732,52913,52099,94278,1
90749,30043,62740,120792,153489,92783,1
53209,78465,29555,131674,82764,108020,1
75811,13371,64108,89182,139919,77479,1
42154,29605,28467,71759,70621,58072,1
8329,4,56758,8333,65087,56762,0
37219,25021,12155,62240,49374,37176,0
78945,74695,12874,153640,91819,87569,1
87473,43624,59122,131097,146595,102746,1
49224,95290,92652,144514,141876,187942,1
66661,74225,96247,140886,162908,170472,1
66004,40632,90062,106636,156066,130694,1
86654,88536,11895,175190,98549,100431,1
72089,24013,57366,96102,129455,81379,1
93543,60933,19320,154476,112863,80253,0
15406,27958,81024,43364,96430,108982,0
33476,51596,17415,85072,50891,69011,0
22987,79324,71440,102311,94427,150764,1
96135,7136,82167,103271,178302,89303,0
7124,89114,84875,96238,91999,173989,1
78773,80919,99639,159692,178412,180558,1
69310,2208,67613,71518,136923,69821,1
30632,70284,15326,100916,45958,85610,0
36005,89582,736,125587,36741,90318,0
64228,23163,65647,87391,129875,88810,1
93678,33290,91830,126968,185508,125120,1
58529,65381,58722,123910,117251,124103,1
46282,14886,55553,61168,101835,70439,1
94432,64173,2953,158605,97385,67126,0
30907,94175,77110,125082,108017,171285,1
2381,47502,60489,49883,62870,107991,0
40313,22880,52569,63193,92882,75449,1
10743,74542,58596,85285,69339,133138,0
50125,47899,93847,98024,143972,141746,1
74974,41476,77169,116450,152143,118645,1
22244,25510,22900,47754,45144,48410,1
83250,32323,86717,115573,169967,119040,1
98041,48909,16378,146950,114419,65287,0
12286,38865,43831,51151,56117,82696,1
47264,10507,710,57771,47974,11217,0
33515,47308,73765,80823,107280,121073,1
62567,51835,78163,114402,140730,129998,1
503,38742,69464,39245,69967,108206,0
11400,4830,10402,16230,21802,15232,1
46771,90443,95141,137214,141912,185584,1
17622,64766,46056,82388,63678,110822,0
87932,5160,9042,93092,96974,14202,0
29515,46644,81435,76159,110950,128079,0
42848,77787,21182,120635,64030,98969,0
94020,91248,3118,185268,97138,94366,1
85908,4397,8275,90305,94183,12672,0
44297,64405,85215,108702,129512,149620,1
33077,5086,10484,38163,43561,15570,0
78553,27116,41491,105669,120044,68607,0
48277,88983,97041,137260,145318,186024,1
42841,94623,69866,137464,112707,164489,1
53086,94524,93887,147610,146973,188411,1
58930,37779,73648,96709,132578,111427,1
97218,17692,5611,114910,102829,23303,0
33331,33388,43305,66719,76636,76693,1
94910,25029,86794,119939,181704,111823,1
44408,86466,78245,130874,122653,164711,1
60190,70689,47695,130879,107885,118384,1
74460,79181,2252,153641,76712,81433,0
13310,92926,26920,106236,40230,119846,0
9654,46813,70581,56467,80235,117394,0
98540,98989,92356,197529,190896,191345,1
71527,3996,50947,75523,122474,54943,0
68531,4690,73247,73221,141778,77937,0
422,87357,19922,87779,20344,107279,0
5379,56887,63626,62266,69005,120513,0
75613,77000,35201,152613,110814,112201,1
45302,58584,47103,103886,92405,105687,1
84278,15092,29477,99370,113755,44569,0
49698,5312,70303,55010,120001,75615,0
75831,71609,47964,147440,123795,119573,1
87625,3941,41423,91566,129048,45364,0
8589,91315,24020,99904,32609,115335,0
55396,26367,43553,81763,98949,69920,1
48423,53917,41100,102340,89523,95017,1
11335,1350,89906,12685,101241,91256,0
45403,99224,32639,144627,78042,131863,0
10838,252,24688,11090,35526,24940,0
95985,13280,32649,109265,128634,45929,0
30161,12349,15909,42510,46070,28258,0
99250,411,22231,99661,121481,22642,0
90496,85912,59015,176408,149511,144927,1
5406,74468,93489,79874,98895,167957,0
44691,82587,93951,127278,138642,176538,1
4874,7302,99504,12176,104378,106806,0
49454,59335,72512,108789,121966,131847,1
95739,6131,61494,101870,157233,67625,0
4782,29624,24868,34406,29650,54492,1
52495,84820,69917,137315,122412,154737,1
5712,11182,75666,16894,81378,86848,0
98808,20632,78384,119440,177192,99016,1
55838,83293,27518,139131,83356,110811,1
61067,90496,41884,151563,102951,132380,1
41558,81552,11922,123110,53480,93474,0
39636,22384,76540,62020,116176,98924,0
71937,51009,61824,122946,133761,112833,1
39902,95173,30323,135075,70225,125496,0
58179,42177,32882,100356,91061,75059,1
24023,9962,63066,33985,87089,73028,0
55114,32167,49851,87281,104965,82018,1
94081,686,67816,94767,161897,68502,0
18515,31135,809,49650,19324,31944,0
24794,61073,59169,85867,83963,120242,1
53434,10446,15986,63880,69420,26432,0
71539,84761,24803,156300,96342,109564,1
62578,97585,77450,160163,140028,175035,1
75194,21937,6752,97131,81946,28689,0
68332,69886,34997,138218,103329,104883,1
39022,36092,33749,75114,72771,69841,1
82218,64385,48846,146603,131064,113231,1
17716,53548,42030,71264,59746,95578,1
18304,51477,16360,69781,34664,67837,0
94652,35111,65448,129763,160100,100559,1
50205,74883,21599,125088,71804,96482,0
26365,15694,3594,42059,29959,19288,0
21197,1840,16871,23037,38068,18711,0
4684,33383,23415,38067,28099,56798,0
81282,58077,69664,139359,150946,127741,1
7078,41484,29340,48562,36418,70824,0
89078,20793,55347,109871,144425,76140,0
39604,11638,50366,51242,89970,62004,1
40297,49452,42644,89749,82941,92096,1
90977,80361,87515,171338,178492,167876,1
35665,72964,39458,108629,75123,112422,1
46495,72515,62149,119010,108644,134664,1
49303,46857,64238,96160,113541,111095,1
64732,19424,43228,84156,107960,62652,0
48841,38817,9084,87658,57925,47901,0
34907,16949,2046,51856,36953,18995,0
69049,89338,84642,158387,153691,173980,1
7821,58461,30470,66282,38291,88931,0
28108,16923,31021,45031,59129,47944,1
64958,79976,90494,144934,155452,170470,1
67856,14849,19268,82705,87124,34117,0
23344,8561,93957,31905,117301,102518,0
68739,29788,36271,98527,105010,66059,0
43039,96840,92317,139879,135356,189157,1
73452,56144,25176,129596,98628,81320,1
21270,72545,51037,93815,72307,123582,0
35172,85078,77419,120250,112591,162497,1
48567,22711,42477,71278,91044,65188,1
79520,79641,53801,159161,133321,133442,1
81362,10803,83612,92165,164974,94415,1
29218,30850,34826,60068,64044,65676,1
27867,83065,66229,110932,94096,149294,1
13931,16590,35768,30521,49699,52358,0
54050,27148,68741,81198,122791,95889,1
84047,30563,67035,114610,151082,97598,1
90505,4407,95122,94912,185627,99529,0
33438,79729,26907,113167,60345,106636,0
19362,715,13676,20077,33038,14391,0
73563,64190,12035,137753,85598,76225,1
86344,30568,67806,116912,154150,98374,1
17416,66918,29485,84334,46901,96403,0
80150,53858,48291,134008,128441,102149,1
13204,16620,70003,29824,83207,86623,0
89694,75081,85432,164775,175126,160513,1
25434,70157,24050,95591,49484,94207,0
61604,29662,75523,91266,137127,105185,1
97654,42768,63404,140422,161058,106172,1
9066,12959,56531,22025,65597,69490,0
56903,25672,40037,82575,96940,65709,1
90690,57112,87731,147802,178421,144843,1
44495,34952,35404,79447,79899,70356,1
55266,84152,80709,139418,135975,164861,1
92316,87376,44619,179692,136935,131995,1
49987,62595,31569,112582,81556,94164,1
63383,89121,405,152504,63788,89526,0
37742,21478,92361,59220,130103,113839,0
55021,3646,72520,58667,127541,76166,0
88386,92679,63324,181065,151710,156003,1
79720,21519,57310,101239,137030,78829,0
41116,28552,9698,69668,50814,38250,0
70575,32033,86413,102608,156988,118446,1
52103,85384,62438,137487,114541,147822,1
62025,2219,33444,64244,95469,35663,0
1774,21912,65130,23686,66904,87042,0
97701,50056,34055,147757,131756,84111,0
94314,36731,19668,131045,113982,56399,0
38724,78863,18562,117587,57286,97425,0
29305,31430,58874,60735,88179,90304,1
31293,31863,7218,63156,38511,39081,1
78087,76239,83109,154326,161196,159348,1
47967,57726,90362,105693,138329,148088,1
55783,64872,99839,120655,155622,164711,1
6487,13334,17658,19821,24145,30992,1
83174,19998,92763,103172,175937,112761,1
29541,22595,59575,52136,89116,82170,0
56924,62407,1009,119331,57933,63416,0
9901,69591,29670,79492,39571,99261,0
10583,65373,28816,75956,39399,94189,0
76631,73488,55817,150119,132448,129305,1
48070,71962,11433,120032,59503,83395,0
49413,33405,35886,82818,85299,69291,1
33699,27789,52994,61488,86693,80783,1
79565,45258,821,124823,80386,46079,0
64608,16540,39042,81148,103650,55582,0
86124,60326,27817,146450,113941,88143,1
62916,32713,34688,95629,97604,67401,1
85884,39829,12513,125713,98397,52342,0
37935,86243,55198,124178,93133,141441,1
96952,35629,62258,132581,159210,97887,1
29257,61527,88402,90784,117659,149929,1
92119,18756,922,110875,93041,19678,0
92807,45926,52675,138733,145482,98601,1
52680,93126,99584,145806,152264,192710,1
81135,68849,83363,149984,164498,152212,1
10693,48595,6407,59288,17100,55002,0
27112,50236,30840,77348,57952,81076,1
73330,98860,32264,172190,105594,131124,1
90875,64097,67710,154972,158585,131807,1
13246,27857,15728,41103,28974,43585,1
63773,34209,16058,97982,79831,50267,0
58025,11739,52016,69764,110041,63755,1
18764,68047,77508,86811,96272,145555,1
63131,73607,57786,136738,120917,131393,1
71190,69441,21312,140631,92502,90753,1
98255,9525,31583,107780,129838,41108,0
66691,61614,18429,128305,85120,80043,1
97720,48428,83002,146148,180722,131430,1
7499,4049,51301,11548,58800,55350,0
8413,11545,37688,19958,46101,49233,0
6698,72510,34817,79208,41515,107327,0
51582,65191,29679,116773,81261,94870,1
38532,13683,34066,52215,72598,47749,1
83685,15955,1005,99640,84690,16960,0
98063,24909,68248,122972,166311,93157,0
64222,30517,80657,94739,144879,111174,1
93367,5131,34549,98498,127916,39680,0
39650,25678,42538,65328,82188,68216,1
63031,36719,57626,99750,120657,94345,1
86082,57654,45677,143736,131759,103331,1
56142,92245,27012,148387,83154,119257,0
74144,98230,25886,172374,100030,124116,1
99773,69386,94871,169159,194644,164257,1
90523,14639,53616,105162,144139,68255,0
28995,7896,58733,36891,87728,66629,0
97822,66803,77248,164625,175070,144051,1
8119,33163,67220,41282,75339,100383,0
72231,97140,5382,169371,77613,102522,0
27931,48559,249,76490,28180,48808,0
75932,91132,64687,167064,140619,155819,1
6139,79843,72164,85982,78303,152007,0
4935,6149,88569,11084,93504,94718,0
52482,73200,25877,125682,78359,99077,1
69550,57373,83473,126923,153023,140846,1
66324,32971,12628,99295,78952,45599,0
33916,72586,25685,106502,59601,98271,0
30923,62903,18070,93826,48993,80973,0
38611,55654,16150,94265,54761,71804,0
19467,94916,80231,114383,99698,175147,1
26347,47788,78256,74135,104603,126044,0
45737,56587,72497,102324,118234,129084,1
55785,26031,32905,81816,88690,58936,1
74247,54060,169,128307,74416,54229,0
39082,51266,11715,90348,50797,62981,0
87793,77698,22493,165491,110286,100191,1
37228,15664,43836,52892,81064,59500,1
90518,78996,94233,169514,184751,173229,1
50909,46468,73688,97377,124597,120156,1
44824,56972,3048,101796,47872,60020,0
77314,56256,57463,133570,134777,113719,1
19702,98266,35957,117968,55659,134223,0
2712,47209,47520,49921,50232,94729,1
41199,21242,48062,62441,89261,69304,1
35807,22370,71382,58177,107189,93752,0
10156,5072,2267,15228,12423,7339,0
91913,61449,61839,153362,153752,123288,1
88820,7216,91618,96036,180438,98834,1
86403,10373,75099,96776,161502,85472,0
88608,70933,44383,159541,132991,115316,1
94389,17739,90203,112128,184592,107942,1
24241,45297,46066,69538,70307,91363,1
49877,28397,71834,78274,121711,100231,1
79958,22545,49406,102503,129364,71951,0
30060,41684,76262,71744,106322,117946,0
4700,48277,39098,52977,43798,87375,0
18818,18433,21948,37251,40766,40381,1
23742,25888,30997,49630,54739,56885,1
38496,73324,90220,111820,128716,163544,1
94415,73338,44844,167753,139259,118182,1
59788,18672,98076,78460,157864,116748,0
74759,11018,88479,85777,163238,99497,0
10894,46818,52117,57712,63011,98935,1
95533,53030,44786,148563,140319,97816,1
50594,17859,16327,68453,66921,34186,0
74171,32730,67564,106901,141735,100294,1
65756,86096,12442,151852,78198,98538,0
85587,117,37824,85704,123411,37941,0
96669,60427,59310,157096,155979,119737,1
82065,59657,90886,141722,172951,150543,1
73988,43952,69962,117940,143950,113914,1
6093,81386,56412,87479,62505,137798,0
39704,82836,48678,122540,88382,131514,1
2017,19732,49190,21749,51207,68922,0
34897,48183,81947,83080,116844,130130,1
48899,22376,26343,71275,75242,48719,0
94774,79946,10473,174720,105247,90419,0
49446,40544,54762,89990,104208,95306,1
89360,76918,3742,166278,93102,80660,0
80190,93551,17217,173741,97407,110768,1
9272,34598,19173,43870,28445,53771,0
64474,87123,60319,151597,124793,147442,1
87836,80756,5161,168592,92997,85917,0
13956,24795,66146,38751,80102,90941,0
31388,60210,67720,91598,99108,127930,1
71604,98689,64832,170293,136436,163521,1
66385,1848,11615,68233,78000,13463,0
44645,63601,54024,108246,98669,117625,1
28669,46489,45979,75158,74648,92468,1
60277,64928,55858,125205,116135,120786,1
95735,43926,83187,139661,178922,127113,1
85494,33156,89996,118650,175490,123152,1
50172,6686,55776,56858,105948,62462,1
99802,77811,22803,177613,122605,100614,1
64786,86874,25429,151660,90215,112303,1
10880,2949,33333,13829,44213,36282,0
55120,92347,19859,147467,74979,112206,0
7574,49775,37292,57349,44866,87067,0
49244,77942,57227,127186,106471,135169,1
94038,44896,8693,138934,102731,53589,0
37552,24405,27271,61957,64823,51676,1
84357,90986,39684,175343,124041,130670,1
51244,39586,74837,90830,126081,114423,1
89061,77486,8104,166547,97165,85590,0
96328,4225,44921,100553,141249,49146,0
28978,3881,28197,32859,57175,32078,1
8986,22999,21563,31985,30549,44562,1
55943,17756,17063,73699,73006,34819,0
37501,519,70882,38020,108383,71401,0
3882,97010,64117,100892,67999,161127,0
35617,39109,13970,74726,49587,53079,1
13003,89626,88786,102629,101789,178412,1
59828,8282,21073,68110,80901,29355,0
10390,99864,28632,110254,39022,128496,0
63953,6800,34794,70753,98747,41594,0
96859,2573,2188,99432,99047,4761,0
72400,75143,63258,147543,135658,138401,1
56005,17315,36573,73320,92578,53888,0
1236,20773,32626,22009,33862,53399,0
27023,48246,8928,75269,35951,57174,0
75215,4487,79982,79702,155197,84469,0
58125,86147,40804,144272,98929,126951,1
50918,18423,86132,69341,137050,104555,0
60267,91773,49035,152040,109302,140808,1
98207,18474,41600,116681,139807,60074,0
65171,85380,41012,150551,106183,126392,1
1601,64336,82950,65937,84551,147286,0
90012,81345,77547,171357,167559,158892,1
537,23179,72180,23716,72717,95359,0
86142,4364,69394,90506,155536,73758,0
94042,19412,77236,113454,171278,96648,1
44104,56528,92579,100632,136683,149107,1
96620,4620,16794,101240,113414,21414,0
95102,63208,27226,158310,122328,90434,0
80010,20414,33882,100424,113892,54296,0
56810,11687,59501,68497,116311,71188,1
90081,56124,9033,146205,99114,65157,0
31495,88818,59763,120313,91258,148581,1
30375,33469,97692,63844,128067,131161,0
85737,67528,74532,153265,160269,142060,1
86218,81626,87920,167844,174138,169546,1
6840,16483,53554,23323,60394,70037,0
86770,64920,7672,151690,94442,72592,0
89722,70411,62225,160133,151947,132636,1
87700,1498,64596,89198,152296,66094,0
94723,41695,40541,136418,135264,82236,0
688,25074,37667,25762,38355,62741,0
31184,76042,52904,107226,84088,128946,1
28701,92037,66346,120738,95047,158383,1
29968,5595,64883,35563,94851,70478,0
62394,51561,22887,113955,85281,74448,1
22739,45796,6931,68535,29670,52727,0
28826,67144,99145,95970,127971,166289,0
59595,64737,19996,124332,79591,84733,1
88833,88766,74421,177599,163254,163187,1
7995,11474,32385,19469,40380,43859,0
86283,26664,85731,112947,172014,112395,1
25798,52226,41232,78024,67030,93458,1
33059,95329,32365,128388,65424,127694,0
37666,61478,23014,99144,60680,84492,0
90711,39056,73543,129767,164254,112599,1
40051,60603,3535,100654,43586,64138,0
9546,13199,34560,22745,44106,47759,0
21742,28348,5738,50090,27480,34086,0
62289,93545,45976,155834,108265,139521,1
58483,84368,13921,142851,72404,98289,0
1780,19430,7950,21210,9730,27380,0
13087,53415,66135,66502,79222,119550,1
23255,45462,25223,68717,48478,70685,1
38469,91798,80514,130267,118983,172312,1
17760,12130,13381,29890,31141,25511,1
7905,41532,30610,49437,38515,72142,0
27000,67432,42415,94432,69415,109847,1
99104,99633,94881,198737,193985,194514,1
19679,6465,40283,26144,59962,46748,0
27211,66167,75337,93378,102548,141504,1
85817,81898,84338,167715,170155,166236,1
574,7775,30000,8349,30574,37775,0
96256,59584,83136,155840,179392,142720,1
12168,96002,61467,108170,73635,157469,0
14450,16075,11559,30525,26009,27634,1
48529,87915,68891,136444,117420,156806,1
7364,11051,2641,18415,10005,13692,0
91187,56570,72619,147757,163806,129189,1
74641,51153,60766,125794,135407,111919,1
93313,46805,10427,140118,103740,57232,0
10089,96996,84314,107085,94403,181310,0
85324,82980,45024,168304,130348,128004,1
2727,10514,77338,13241,80065,87852,0
68324,18801,54331,87125,122655,73132,1
24705,57626,53561,82331,78266,111187,1
9884,66868,93411,76752,103295,160279,0
89330,88812,69410,178142,158740,158222,1
63316,21939,47925,85255,111241,69864,1
33108,89196,19340,122304,52448,108536,0
21379,27270,26083,48649,47462,53353,1
52847,48788,52655,101635,105502,101443,1
98148,23869,448,122017,98596,24317,0
68694,23984,71108,92678,139802,95092,1
64800,99202,98214,164002,163014,197416,1
52490,18851,13277,71341,65767,32128,0
64736,26387,38345,91123,103081,64732,0
96304,58776,23387,155080,119691,82163,0
48857,35904,95958,84761,144815,131862,0
6721,70901,70682,77622,77403,141583,1
64823,95534,77987,160357,142810,173521,1
29760,15301,29031,45061,58791,44332,1
90663,66132,80298,156795,170961,146430,1
97167,62054,84806,159221,181973,146860,1
47549,43253,52802,90802,100351,96055,1
85501,1677,5089,87178,90590,6766,0
9802,65185,24271,74987,34073,89456,0
43250,67797,20865,111047,64115,88662,0
46716,16535,91781,63251,138497,108316,0
6606,72056,57486,78662,64092,129542,0
80238,4390,60058,84628,140296,64448,0
26845,25681,55502,52526,82347,81183,0
98417,69117,43365,167534,141782,112482,1
34879,82962,9214,117841,44093,92176,0
27565,98418,2681,125983,30246,101099,0
86519,43855,9242,130374,95761,53097,0
70621,24099,40812,94720,111433,64911,0
65743,94973,60135,160716,125878,155108,1
27783,52433,29132,80216,56915,81565,1
97272,79643,6913,176915,104185,86556,0
65018,78609,1151,143627,66169,79760,0
72572,55032,94993,127604,167565,150025,1
96336,22140,61244,118476,157580,83384,0
31978,71708,64699,103686,96677,136407,1
32277,98736,4119,131013,36396,102855,0
92483,67443,4031,159926,96514,71474,0
27185,29292,85543,56477,112728,114835,0
84852,21044,76098,105896,160950,97142,1
50635,53761,68256,104396,118891,122017,1
83136,75928,81067,159064,164203,156995,1
43952,67598,26527,111550,70479,94125,1
77084,27838,22432,104922,99516,50270,0
86423,78354,93275,164777,179698,171629,1
73825,66331,87604,140156,161429,153935,1
83432,83795,87939,167227,171371,171734,1
82333,70404,15998,152737,98331,86402,1
36003,57393,93178,93396,129181,150571,1
80416,78515,57150,158931,137566,135665,1
643,1235,86388,1878,87031,87623,0
11817,66614,84975,78431,96792,151589,0
6521,28005,99814,34526,106335,127819,0
3423,31100,30147,34523,33570,61247,1
98285,54670,36441,152955,134726,91111,0
29575,61846,90565,91421,120140,152411,1
37637,71378,96835,109015,134472,168213,1
74455,70801,64046,145256,138501,134847,1
3092,87196,63070,90288,66162,150266,0
55204,92444,72663,147648,127867,165107,1
54919,61291,24542,116210,79461,85833,1
99029,14442,45808,113471,144837,60250,0
4756,37092,57819,41848,62575,94911,0
86452,4180,82796,90632,169248,86976,1
7342,34160,4516,41502,11858,38676,0
45415,63903,42508,109318,87923,106411,1
73586,13840,68646,87426,142232,82486,1
37845,85650,56435,123495,94280,142085,1
45083,98632,23948,143715,69031,122580,0
31526,47688,11052,79214,42578,58740,0
33307,59148,14361,92455,47668,73509,0
23974,17438,74668,41412,98642,92106,0
62417,44049,18719,106466,81136,62768,1
32822,93581,15870,126403,48692,109451,0
8592,81163,73806,89755,82398,154969,1
59351,98161,95041,157512,154392,193202,1
48637,20348,84588,68985,133225,104936,0
89100,49112,89652,138212,178752,138764,1
94546,89269,87675,183815,182221,176944,1
24077,23781,52592,47858,76669,76373,0
24351,89887,47277,114238,71628,137164,0
19631,44211,91449,63842,111080,135660,0
45622,94111,62591,139733,108213,156702,1
5699,40778,46023,46477,51722,86801,1
55987,62287,83098,118274,139085,145385,1
29010,58941,88830,87951,117840,147771,0
49311,99440,68245,148751,117556,167685,1
25311,37537,42989,62848,68300,80526,1
97225,37298,87453,134523,184678,124751,1
51936,17241,78827,69177,130763,96068,0
56841,47087,71042,103928,127883,118129,1
71264,27062,55898,98326,127162,82960,1
81691,11169,4205,92860,85896,15374,0
73813,69446,83705,143259,157518,153151,1
35838,48187,8781,84025,44619,56968,0
32709,36659,12013,69368,44722,48672,1
42657,61731,62985,104388,105642,124716,1
88769,84853,59655,173622,148424,144508,1
96668,68352,34193,165020,130861,102545,1
17608,2011,45955,19619,63563,47966,0
98905,37605,60898,136510,159803,98503,0
67260,46809,10429,114069,77689,57238,0
17740,83184,48740,100924,66480,131924,0
71258,22793,46217,94051,117475,69010,0
81744,86242,76442,167986,158186,162684,1
77339,68633,97097,145972,174436,165730,1
57800,79633,84661,137433,142461,164294,1
64713,46073,73599,110786,138312,119672,1
10577,97314,57988,107891,68565,155302,0
95285,43381,23276,138666,118561,66657,0
49056,83713,85143,132769,134199,168856,1
75507,34699,47949,110206,123456,82648,1
17006,2751,75148,19757,92154,77899,0
38845,28229,93550,67074,132395,121779,0
80192,34278,3604,114470,83796,37882,0
84364,55735,79135,140099,163499,134870,1
95532,66502,54758,162034,150290,121260,1
42772,47662,98663,90434,141435,146325,0
3318,53197,59360,56515,62678,112557,0
19230,8873,64712,28103,83942,73585,0
12122,62554,13389,74676,25511,75943,0
40047,49455,73119,89502,113166,122574,1
39594,4548,56056,44142,95650,60604,0
75053,72513,26374,147566,101427,98887,1
22522,76950,68605,99472,91127,145555,1
84497,4977,17487,89474,101984,22464,0
16001,80555,30683,96556,46684,111238,0
3352,72164,21434,75516,24786,93598,0
76478,62980,5267,139458,81745,68247,0
37473,20006,57875,57479,95348,77881,0
66906,426,48709,67332,115615,49135,0
25462,93218,60176,118680,85638,153394,0
25397,43240,52210,68637,77607,95450,1
61001,49692,48722,110693,109723,98414,1
12390,83325,17526,95715,29916,100851,0
37217,30738,43571,67955,80788,74309,1
87899,82229,26997,170128,114896,109226,1
38487,16209,80507,54696,118994,96716,0
33976,13319,92208,47295,126184,105527,0
85172,87553,92208,172725,177380,179761,1
96364,37277,97692,133641,194056,134969,1
49758,38274,34543,88032,84301,72817,1
59289,94502,80004,153791,139293,174506,1
47180,22971,65852,70151,113032,88823,1
19544,69625,81962,89169,101506,151587,1
58830,42182,27708,101012,86538,69890,1
85771,11857,49480,97628,135251,61337,0
64792,65747,36468,130539,101260,102215,1
41751,73828,99559,115579,141310,173387,1
34598,59733,62642,94331,97240,122375,1
58071,68622,53094,126693,111165,121716,1
91109,46370,84706,137479,175815,131076,1
41043,82061,33380,123104,74423,115441,0
88026,61324,20198,149350,108224,81522,0
81442,40883,93307,122325,174749,134190,1
97455,71592,77601,169047,175056,149193,1
84196,87921,47373,172117,131569,135294,1
9498,751,60469,10249,69967,61220,0
65361,69739,55437,135100,120798,125176,1
12331,35322,23936,47653,36267,59258,1
23183,76416,85450,99599,108633,161866,1
41083,68453,38419,109536,79502,106872,1
25822,47083,3873,72905,29695,50956,0
94607,26966,89708,121573,184315,116674,1
93994,34284,89734,128278,183728,124018,1
77141,22499,83808,99640,160949,106307,1
32018,3243,57256,35261,89274,60499,0
3715,22388,30707,26103,34422,53095,0
5709,47415,31012,53124,36721,78427,0
70006,69136,2705,139142,72711,71841,1
77319,6347,53557,83666,130876,59904,0
58328,18996,71922,77324,130250,90918,1
95724,7604,28286,103328,124010,35890,0
74232,37458,89622,111690,163854,127080,1
61913,33832,5197,95745,67110,39029,0
10392,41662,88182,52054,98574,129844,0
58700,11531,65161,70231,123861,76692,1
61101,38939,70843,100040,131944,109782,1
63302,57210,26584,120512,89886,83794,1
15724,97778,41491,113502,57215,139269,0
47786,92209,14311,139995,62097,106520,0
59210,52591,32220,111801,91430,84811,1
82853,30607,64533,113460,147386,95140,1
57527,56664,27466,114191,84993,84130,1
6965,94340,50284,101305,57249,144624,0
33871,30849,82305,64720,116176,113154,0
95621,68559,72234,164180,167855,140793,1
69978,3589,18237,73567,88215,21826,0
35208,77492,21321,112700,56529,98813,0
91859,10918,41817,102777,133676,52735,0
97287,15380,37202,112667,134489,52582,0
64834,32506,5814,97340,70648,38320,0
56516,44916,47232,101432,103748,92148,1
42556,98383,78305,140939,120861,176688,1
72408,46777,73208,119185,145616,119985,1
71876,79557,84070,151433,155946,163627,1
44951,74385,40351,119336,85302,114736,1
98169,23005,86703,121174,184872,109708,1
51091,89938,54256,141029,105347,144194,1
75641,89545,76595,165186,152236,166140,1
38650,60882,32307,99532,70957,93189,1
46301,66518,10277,112819,56578,76795,0
8013,31519,36836,39532,44849,68355,1
25480,3340,57414,28820,82894,60754,0
13386,64728,49783,78114,63169,114511,0
21576,31169,55938,52745,77514,87107,0
19526,765,41996,20291,61522,42761,0
51881,36103,80727,87984,132608,116830,1
15016,30952,62893,45968,77909,93845,0
72576,80984,11713,153560,84289,92697,1
26000,44000,40820,70000,66820,84820,1
78356,72865,13057,151221,91413,85922,1
89344,68492,63562,157836,152906,132054,1
17131,515,70267,17646,87398,70782,0
95173,32960,56723,128133,151896,89683,0
34331,4656,59414,38987,93745,64070,0
93105,99445,43838,192550,136943,143283,1
7639,63455,61053,71094,68692,124508,1
10738,99431,44582,110169,55320,144013,0
53651,25073,50344,78724,103995,75417,1
98729,99432,58231,198161,156960,157663,1
93449,3342,40787,96791,134236,44129,0
3333,58872,25626,62205,28959,84498,0
69930,67199,45357,137129,115287,112556,1
41946,34108,89856,76054,131802,123964,0
13363,77723,61901,91086,75264,139624,0
23348,55024,6576,78372,29924,61600,0
3813,48459,97514,52272,101327,145973,0
86665,66541,3751,153206,90416,70292,0
91432,11779,67583,103211,159015,79362,0
52078,21822,95064,73900,147142,116886,0
24689,5196,20614,29885,45303,25810,1
87421,94839,32516,182260,119937,127355,1
71242,67365,8028,138607,79270,75393,1
45147,68953,98107,114100,143254,167060,1
66239,33078,92740,99317,158979,125818,1
26613,73028,1292,99641,27905,74320,0
77456,65683,70650,143139,148106,136333,1
91900,71129,18372,163029,110272,89501,0
16755,28438,79894,45193,96649,108332,0
69569,90598,79830,160167,149399,170428,1
44292,20523,59016,64815,103308,79539,1
14212,10835,56578,25047,70790,67413,0
67387,87014,41883,154401,109270,128897,1
91742,11709,35734,103451,127476,47443,0
30208,35944,5027,66152,35235,40971,0
39838,65660,78241,105498,118079,143901,1
81667,43874,9800,125541,91467,53674,0
64466,46133,97303,110599,161769,143436,1
31626,36954,23871,68580,55497,60825,1
15535,77200,22977,92735,38512,100177,0
64573,12799,73605,77372,138178,86404,1
65510,57596,6061,123106,71571,63657,0
59886,18923,9920,78809,69806,28843,0
67100,24925,20527,92025,87627,45452,0
71228,34452,93673,105680,164901,128125,1
81614,80328,6328,161942,87942,86656,1
10031,378,74598,10409,84629,74976,0
86830,28799,40877,115629,127707,69676,0
3376,76310,57212,79686,60588,133522,0
40523,19667,14358,60190,54881,34025,0
20660,30969,10400,51629,31060,41369,1
67329,94467,68213,161796,135542,162680,1
49026,73611,35614,122637,84640,109225,1
71274,37952,39153,109226,110427,77105,1
29346,42265,35379,71611,64725,77644,1
59309,69866,94244,129175,153553,164110,1
70793,62330,61945,133123,132738,124275,1
56974,16660,57037,73634,114011,73697,1
2019,62610,22793,64629,24812,85403,0
85507,68790,64064,154297,149571,132854,1
36370,18144,34307,54514,70677,52451,1
39126,63047,58647,102173,97773,121694,1
5103,82888,71189,87991,76292,154077,0
51737,93709,95933,145446,147670,189642,1
51778,47741,87327,99519,139105,135068,1
66345,21664,69374,88009,135719,91038,1
34049,87168,20433,121217,54482,107601,0
62314,12590,88636,74904,150950,101226,0
47272,60033,47523,107305,94795,107556,1
56650,95720,64052,152370,120702,159772,1
29570,59466,74618,89036,104188,134084,1
15658,45290,33518,60948,49176,78808,1
57117,74162,22044,131279,79161,96206,1
64417,67533,83855,131950,148272,151388,1
90508,88440,98678,178948,189186,187118,1
50303,75217,68187,125520,118490,143404,1
3882,32505,53723,36387,57605,86228,0
96104,58863,95378,154967,191482,154241,1
61647,39423,97687,101070,159334,137110,1
81636,55196,69157,136832,150793,124353,1
65072,84717,76351,149789,141423,161068,1
7376,37001,30329,44377,37705,67330,1
40970,82179,13801,123149,54771,95980,0
87115,18585,31230,105700,118345,49815,0
94621,90871,33915,185492,128536,124786,1
32299,44888,41955,77187,74254,86843,1
66237,16924,70234,83161,136471,87158,1
29104,16708,72285,45812,101389,88993,0
30767,564,38140,31331,68907,38704,0
21937,74276,17137,96213,39074,91413,0
7291,83847,64582,91138,71873,148429,0
71461,13754,5024,85215,76485,18778,0
29962,81377,32427,111339,62389,113804,0
38462,26211,6610,64673,45072,32821,0
81940,31217,23272,113157,105212,54489,0
11402,81989,56317,93391,67719,138306,0
45642,55478,52022,101120,97664,107500,1
432,11457,68994,11889,69426,80451,0
80450,74841,64296,155291,144746,139137,1
84733,64080,83609,148813,168342,147689,1
94672,45405,97314,140077,191986,142719,1
7398,44497,58861,51895,66259,103358,0
65876,53038,89832,118914,155708,142870,1
28189,47527,94142,75716,122331,141669,0
6282,91452,95710,97734,101992,187162,1
45916,5073,64659,50989,110575,69732,0
34993,8263,50626,43256,85619,58889,0
8187,47267,25328,55454,33515,72595,0
34469,93262,68823,127731,103292,162085,1
85454,72833,62371,158287,147825,135204,1
55890,94467,74821,150357,130711,169288,1
45369,92534,79415,137903,124784,171949,1
84050,50930,77143,134980,161193,128073,1
52071,93896,7736,145967,59807,101632,0
96135,25948,82784,122083,178919,108732,1
14210,735,86258,14945,100468,86993,0
58551,23891,29754,82442,88305,53645,0
89317,73295,62055,162612,151372,135350,1
42436,12967,90730,55403,133166,103697,0
22685,7400,89407,30085,112092,96807,0
37026,85266,7267,122292,44293,92533,0
66634,76564,26474,143198,93108,103038,1
49143,31956,92292,81099,141435,124248,0
88745,41879,32193,130624,120938,74072,0
66981,83759,31864,150740,98845,115623,1
23819,32435,55482,56254,79301,87917,1
35694,16326,76344,52020,112038,92670,0
37651,48720,50308,86371,87959,99028,1
45534,86385,64445,131919,109979,150830,1
45176,54101,79877,99277,125053,133978,1
64308,50227,4844,114535,69152,55071,0
11894,8515,3264,20409,15158,11779,0
47763,34480,89627,82243,137390,124107,0
27350,55683,20508,83033,47858,76191,0
75315,25467,70209,100782,145524,95676,1
12140,834,34207,12974,46347,35041,0
10618,76368,50042,86986,60660,126410,0
8620,45119,70027,53739,78647,115146,0
50883,75641,74923,126524,125806,150564,1
88067,82727,4011,170794,92078,86738,0
25389,55023,42884,80412,68273,97907,1
75744,8682,88078,84426,163822,96760,0
41545,98159,11235,139704,52780,109394,0
29881,74078,27257,103959,57138,101335,0
21056,78836,92648,99892,113704,171484,1
93098,88511,70555,181609,163653,159066,1
53677,21960,71620,75637,125297,93580,1
83443,49476,46289,132919,129732,95765,1
32259,55212,94367,87471,126626,149579,0
11011,82258,74909,93269,85920,157167,1
41468,5866,54615,47334,96083,60481,0
29416,83214,93205,112630,122621,176419,1
56962,35381,53090,92343,110052,88471,1
1281,39364,15801,40645,17082,55165,0
84027,16818,92594,100845,176621,109412,1
89868,33936,73954,123804,163822,107890,1
24315,46822,65931,71137,90246,112753,1
34435,79261,29997,113696,64432,109258,0
73846,86017,95219,159863,169065,181236,1
30799,92584,41541,123383,72340,134125,0
78332,64761,47002,143093,125334,111763,1
55642,74683,64138,130325,119780,138821,1
60841,34684,13424,95525,74265,48108,0
20958,69318,9079,90276,30037,78397,0
32364,27533,85189,59897,117553,112722,0
69720,1093,61951,70813,131671,63044,0
19255,43019,70853,62274,90108,113872,0
55783,90206,73719,145989,129502,163925,1
9864,23550,96760,33414,106624,120310,0
204,43639,55909,43843,56113,99548,0
68599,20993,95072,89592,163671,116065,0
98925,16033,18099,114958,117024,34132,0
53346,46048,23571,99394,76917,69619,1
54445,88961,95709,143406,150154,184670,1
14335,87149,3246,101484,17581,90395,0
67734,66911,12650,134645,80384,79561,1
81838,71549,84858,153387,166696,156407,1
97499,21208,70734,118707,168233,91942,0
35295,61793,5054,97088,40349,66847,0
53082,6500,44290,59582,97372,50790,0
52373,72055,93280,124428,145653,165335,1
55009,88699,89657,143708,144666,178356,1
1970,6290,59886,8260,61856,66176,0
17898,21559,66138,39457,84036,87697,0
15371,22537,27000,37908,42371,49537,1
8927,57477,69635,66404,78562,127112,0
81702,51455,71302,133157,153004,122757,1
84741,34812,97176,119553,181917,131988,1
72162,38726,72775,110888,144937,111501,1
21091,66249,35298,87340,56389,101547,0
15947,44077,31678,60024,47625,75755,1
11597,79542,67803,91139,79400,147345,0
42033,95544,89237,137577,131270,184781,1
50533,53345,54519,103878,105052,107864,1
18753,7802,57655,26555,76408,65457,0
23281,21307,23386,44588,46667,44693,1
17362,32843,95693,50205,113055,128536,0
75027,17111,17700,92138,92727,34811,0
12062,52779,83437,64841,95499,136216,0
47608,82975,35658,130583,83266,118633,1
74156,85081,38192,159237,112348,123273,1
28788,81767,63863,110555,92651,145630,1
55225,50741,15303,105966,70528,66044,1
20944,98834,60719,119778,81663,159553,0
42793,24581,43872,67374,86665,68453,1
68107,47117,96651,115224,164758,143768,1
88633,54862,85282,143495,173915,140144,1
84728,34140,19232,118868,103960,53372,0
83702,73732,21553,157434,105255,95285,1
98403,72086,84930,170489,183333,157016,1
53763,57481,14850,111244,68613,72331,1
33600,19319,88607,52919,122207,107926,0
74763,72345,80970,147108,155733,153315,1
60914,79912,35762,140826,96676,115674,1
77682,56949,86861,134631,164543,143810,1
70446,75396,73493,145842,143939,148889,1
45000,53066,66737,98066,111737,119803,1
39135,34241,63924,73376,103059,98165,1
70761,91875,7302,162636,78063,99177,0
79434,14180,56751,93614,136185,70931,0
90115,51001,14595,141116,104710,65596,0
7571,98295,48812,105866,56383,147107,0
37041,66823,81238,103864,118279,148061,1
50280,68320,63919,118600,114199,132239,1
70050,16931,66913,86981,136963,83844,1
84973,58815,95440,143788,180413,154255,1
53158,27319,26311,80477,79469,53630,1
32067,13335,18543,45402,50610,31878,0
88929,46112,17795,135041,106724,63907,0
65665,32985,52500,98650,118165,85485,1
23252,34693,55132,57945,78384,89825,1
24800,67077,75570,91877,100370,142647,1
548,16769,86034,17317,86582,102803,0
62069,70900,47940,132969,110009,118840,1
4545,91103,45617,95648,50162,136720,0
15593,34384,13474,49977,29067,47858,0
39895,9688,82104,49583,121999,91792,0
81598,51315,27962,132913,109560,79277,0
52384,11233,45232,63617,97616,56465,1
28023,71851,7363,99874,35386,79214,0
8659,27603,13422,36262,22081,41025,0
81682,98493,53223,180175,134905,151716,1
95694,61292,4435,156986,100129,65727,0
46154,97740,21504,143894,67658,119244,0
28804,27638,4034,56442,32838,31672,1
28618,98694,20746,127312,49364,119440,0
21788,41220,48762,63008,70550,89982,1
16428,98106,75473,114534,91901,173579,0
24784,28365,33183,53149,57967,61548,1
44708,6513,93242,51221,137950,99755,0
21895,90128,29053,112023,50948,119181,0
79187,22079,82799,101266,161986,104878,1
59558,6418,41236,65976,100794,47654,0
84262,83763,39699,168025,123961,123462,1
16998,75696,57785,92694,74783,133481,0
11397,65055,78113,76452,89510,143168,0
4090,15564,20145,19654,24235,35709,0
3281,47149,72232,50430,75513,119381,0
69153,82154,5168,151307,74321,87322,0
92871,1334,85504,94205,178375,86838,0
58252,16775,82954,75027,141206,99729,0
72509,39157,1834,111666,74343,40991,0
26092,47837,31498,73929,57590,79335,1
69480,24954,43525,94434,113005,68479,0
10921,79467,10377,90388,21298,89844,0
70091,60259,92452,130350,162543,152711,1
4533,2890,55643,7423,60176,58533,0
12221,37339,6851,49560,19072,44190,0
70027,130,93725,70157,163752,93855,0
88586,80407,31635,168993,120221,112042,1
37069,9305,71424,46374,108493,80729,0
42435,29495,61799,71930,104234,91294,1
36892,68583,82838,105475,119730,151421,1
44016,74314,70996,118330,115012,145310,1
34628,65753,4792,100381,39420,70545,0
35737,87076,34442,122813,70179,121518,0
32348,94814,38340,127162,70688,133154,0
28861,55880,95019,84741,123880,150899,0
17673,64787,95364,82460,113037,160151,0
92672,94712,78811,187384,171483,173523,1
45202,21567,37223,66769,82425,58790,1
63574,31167,29408,94741,92982,60575,0
24481,34119,59693,58600,84174,93812,0
76508,12594,64448,89102,140956,77042,1
26495,49000,45381,75495,71876,94381,1
93147,702,61564,93849,154711,62266,0
53884,74579,66774,128463,120658,141353,1
30351,75235,22307,105586,52658,97542,0
81369,83872,88120,165241,169489,171992,1
5665,71131,35239,76796,40904,106370,0
50154,52777,79756,102931,129910,132533,1
33389,43180,66350,76569,99739,109530,1
43070,13097,23194,56167,66264,36291,0
54290,71176,9852,125466,64142,81028,0
23110,1678,62302,24788,85412,63980,0
9486,87240,74655,96726,84141,161895,0
63998,79179,65537,143177,129535,144716,1
9190,72939,89404,82129,98594,162343,0
19671,21491,42769,41162,62440,64260,0
97342,94034,55972,191376,153314,150006,1
51192,1624,80013,52816,131205,81637,0
88429,14661,67753,103090,156182,82414,0
26895,58810,60345,85705,87240,119155,1
28036,34202,18655,62238,46691,52857,1
9967,97817,38909,107784,48876,136726,0
1755,85153,62742,86908,64497,147895,0
68104,36290,90714,104394,158818,127004,1
98603,23482,1033,122085,99636,24515,0
90194,42931,36628,133125,126822,79559,0
78259,29418,74025,107677,152284,103443,1
9919,29268,35229,39187,45148,64497,1
55943,19647,10510,75590,66453,30157,0
11407,60992,22385,72399,33792,83377,0
19030,7228,86765,26258,105795,93993,0
69002,56010,60445,125012,129447,116455,1
40455,36028,24031,76483,64486,60059,1
41639,35385,48533,77024,90172,83918,1
64194,90488,85999,154682,150193,176487,1
54533,18592,71517,73125,126050,90109,1
48861,6518,54171,55379,103032,60689,1
7394,1858,22778,9252,30172,24636,0
71711,14879,22624,86590,94335,37503,0
35510,67323,65206,102833,100716,132529,1
10479,73376,21774,83855,32253,95150,0
97171,63366,35579,160537,132750,98945,1
11866,66492,15259,78358,27125,81751,0
95594,16807,44764,112401,140358,61571,0
86826,99871,34975,186697,121801,134846,1
24280,40957,18722,65237,43002,59679,1
60186,41720,27222,101906,87408,68942,1
7413,92733,73218,100146,80631,165951,0
91120,96157,28376,187277,119496,124533,1
51773,89649,15755,141422,67528,105404,0
73891,65274,26137,139165,100028,91411,1
75688,35411,97938,111099,173626,133349,1
32691,93582,19090,126273,51781,112672,0
24627,72675,94521,97302,119148,167196,1
70101,17783,82252,87884,152353,100035,1
32139,57810,20114,89949,52253,77924,0
13469,40596,79635,54065,93104,120231,0
13521,34913,5806,48434,19327,40719,0
42064,90254,14023,132318,56087,104277,0
10637,86806,62090,97443,72727,148896,0
45208,19821,32125,65029,77333,51946,1
86191,46113,50037,132304,136228,96150,1
55108,33132,70026,88240,125134,103158,1
80766,99062,24123,179828,104889,123185,1
29510,51784,85113,81294,114623,136897,0
74897,31883,96280,106780,171177,128163,1
29249,50843,77284,80092,106533,128127,1
87824,86587,64764,174411,152588,151351,1
56594,71425,1748,128019,58342,73173,0
22885,18930,75254,41815,98139,94184,0
4727,54631,1716,59358,6443,56347,0
72200,44851,86639,117051,158839,131490,1
46045,45255,59504,91300,105549,104759,1
30754,69890,16292,100644,47046,86182,0
88571,58416,23167,146987,111738,81583,0
74642,23895,72287,98537,146929,96182,1
51644,4838,19026,56482,70670,23864,0
50141,74162,31259,124303,81400,105421,1
35366,67309,25290,102675,60656,92599,0
69986,54973,1459,124959,71445,56432,0
24686,85223,68861,109909,93547,154084,1
3914,39577,71597,43491,75511,111174,0
59731,19428,96827,79159,156558,116255,0
77483,55516,6654,132999,84137,62170,0
34038,21279,48567,55317,82605,69846,1
9780,86665,40889,96445,50669,127554,0
34491,29714,99675,64205,134166,129389,0
72533,37550,9498,110083,82031,47048,0
62423,93039,6329,155462,68752,99368,0
40112,95877,20103,135989,60215,115980,0
31505,88381,51900,119886,83405,140281,0
84221,8964,68666,93185,152887,77630,0
88468,28970,53008,117438,141476,81978,0
89701,75709,90058,165410,179759,165767,1
84555,32516,42973,117071,127528,75489,0
91906,41232,73387,133138,165293,114619,1
45555,6567,22701,52122,68256,29268,0
86990,92513,9042,179503,96032,101555,1
37734,27608,33710,65342,71444,61318,1
13827,53465,84183,67292,98010,137648,0
27416,87211,69589,114627,97005,156800,1
71846,72744,93515,144590,165361,166259,1
15776,19731,9846,35507,25622,29577,1
61315,47770,62699,109085,124014,110469,1
40750,30191,48534,70941,89284,78725,1
1621,95797,57663,97418,59284,153460,0
45407,28900,29474,74307,74881,58374,1
87477,62376,99613,149853,187090,161989,1
59337,50402,2686,109739,62023,53088,0
6943,47504,36193,54447,43136,83697,0
96995,7094,19326,104089,116321,26420,0
53394,4758,60183,58152,113577,64941,0
15096,77740,95610,92836,110706,173350,0
52114,77434,87358,129548,139472,164792,1
369,71986,32028,72355,32397,104014,0
75883,54541,58649,130424,134532,113190,1
47524,49008,602,96532,48126,49610,0
1971,18031,69479,20002,71450,87510,0
61878,61921,67728,123799,129606,129649,1
97395,68231,18861,165626,116256,87092,0
3781,49709,26713,53490,30494,76422,0
60318,73448,35808,133766,96126,109256,1
16652,30796,48974,47448,65626,79770,0
54177,63984,75221,118161,129398,139205,1
96829,91414,58631,188243,155460,150045,1
66965,75835,28572,142800,95537,104407,1
84211,78373,62334,162584,146545,140707,1
85310,69101,44043,154411,129353,113144,1
15538,45248,62506,60786,78044,107754,0
14590,34714,13106,49304,27696,47820,0
72647,56603,30968,129250,103615,87571,1
75550,90572,96074,166122,171624,186646,1
15065,27348,45257,42413,60322,72605,0
32809,98491,35217,131300,68026,133708,0
30191,59408,5412,89599,35603,64820,0
28344,61293,42,89637,28386,61335,0
98694,92356,19501,191050,118195,111857,1
6481,56379,59930,62860,66411,116309,1
11674,75274,78561,86948,90235,153835,1
74679,8561,85365,83240,160044,93926,0
8460,48128,93315,56588,101775,141443,0
23634,72364,82568,95998,106202,154932,1
37677,44136,58901,81813,96578,103037,1
57121,68205,6170,125326,63291,74375,0
13167,30761,90752,43928,103919,121513,0
29251,85405,38135,114656,67386,123540,0
98522,88977,36788,187499,135310,125765,1
55824,94285,14265,150109,70089,108550,0
3559,50707,2092,54266,5651,52799,0
50779,366,51693,51145,102472,52059,0
39614,31228,17031,70842,56645,48259,1
17224,52006,31631,69230,48855,83637,0
28851,21373,57973,50224,86824,79346,0
26278,1562,80177,27840,106455,81739,0
3315,82778,16961,86093,20276,99739,0
90840,65046,19244,155886,110084,84290,0
19128,45498,38602,64626,57730,84100,1
79242,19925,9019,99167,88261,28944,0
99340,60262,33272,159602,132612,93534,0
34375,6475,57292,40850,91667,63767,0
33985,28735,77446,62720,111431,106181,0
56138,50480,16299,106618,72437,66779,1
11459,51515,81996,62974,93455,133511,0
61948,18194,13900,80142,75848,32094,0
28249,72238,66069,100487,94318,138307,1
49034,15182,55067,64216,104101,70249,1
50660,93061,25392,143721,76052,118453,0
25800,18404,96966,44204,122766,115370,0
11646,91579,26262,103225,37908,117841,0
25502,17252,34242,42754,59744,51494,1
32498,36411,33422,68909,65920,69833,1
28939,74740,35014,103679,63953,109754,0
18678,24735,49061,43413,67739,73796,0
32788,81882,25342,114670,58130,107224,0
48386,37658,23871,86044,72257,61529,1
51406,46128,54617,97534,106023,100745,1
14962,32945,64016,47907,78978,96961,0
82616,84955,42843,167571,125459,127798,1
86243,29476,41282,115719,127525,70758,0
1564,45010,15216,46574,16780,60226,0
29725,34711,48490,64436,78215,83201,1
75360,51400,5649,126760,81009,57049,0
11765,84899,87736,96664,99501,172635,1
51819,15120,93555,66939,145374,108675,0
50259,45614,46706,95873,96965,92320,1
21817,20650,20738,42467,42555,41388,1
94671,75407,44358,170078,139029,119765,1
93263,61722,32130,154985,125393,93852,1
49953,85554,87447,135507,137400,173001,1
25220,80495,58730,105715,83950,139225,1
62850,54084,49101,116934,111951,103185,1
47468,88187,86049,135655,133517,174236,1
72795,38742,399,111537,73194,39141,0
49168,20566,96725,69734,145893,117291,0
5906,80687,5758,86593,11664,86445,0
31200,25902,54561,57102,85761,80463,1
3363,29107,76113,32470,79476,105220,0
43904,71250,52239,115154,96143,123489,1
91933,2425,95942,94358,187875,98367,0
12425,52586,51627,65011,64052,104213,1
47293,41591,75558,88884,122851,117149,1
27905,12486,33901,40391,61806,46387,1
12816,12043,51305,24859,64121,63348,0
86850,87249,98032,174099,184882,185281,1
93026,10734,67800,103760,160826,78534,0
63198,57947,23532,121145,86730,81479,1
74468,90334,96830,164802,171298,187164,1
12900,46957,74837,59857,87737,121794,0
76520,78147,30417,154667,106937,108564,1
37585,64208,32149,101793,69734,96357,1
65765,13672,13869,79437,79634,27541,0
87240,34779,63158,122019,150398,97937,1
36555,72581,46997,109136,83552,119578,1
32128,81284,59223,113412,91351,140507,1
66933,32532,10193,99465,77126,42725,0
23978,51731,27975,75709,51953,79706,1
4458,20213,16645,24671,21103,36858,1
62131,49450,67259,111581,129390,116709,1
45866,2549,79262,48415,125128,81811,0
84988,22472,8833,107460,93821,31305,0
40434,1456,11074,41890,51508,12530,0
76714,95863,93056,172577,169770,188919,1
2172,30137,21330,32309,23502,51467,0
88436,73468,83841,161904,172277,157309,1
9547,73624,7234,83171,16781,80858,0
36405,40369,79591,76774,115996,119960,0
88899,55763,36794,144662,125693,92557,1
76793,50300,83785,127093,160578,134085,1
29379,79005,19358,108384,48737,98363,0
37561,27850,93737,65411,131298,121587,0
85164,34825,460,119989,85624,35285,0
72135,60701,10575,132836,82710,71276,0
92156,15807,94439,107963,186595,110246,1
22172,59736,44682,81908,66854,104418,1
3422,82823,2609,86245,6031,85432,0
46444,2738,76674,49182,123118,79412,0
74975,56336,55103,131311,130078,111439,1
98398,82420,34418,180818,132816,116838,1
49519,4309,91360,53828,140879,95669,0
71916,30370,6591,102286,78507,36961,0
54361,2711,89136,57072,143497,91847,0
84695,51083,27121,135778,111816,78204,0
9053,5871,57360,14924,66413,63231,0
29503,465,73257,29968,102760,73722,0
67707,81455,56541,149162,124248,137996,1
10541,12921,77755,23462,88296,90676,0
43901,92517,36854,136418,80755,129371,0
68265,57592,2031,125857,70296,59623,0
34588,73199,13300,107787,47888,86499,0
15196,36212,67668,51408,82864,103880,0
44399,60072,84745,104471,129144,144817,1
78352,4880,21566,83232,99918,26446,0
86557,43391,47420,129948,133977,90811,1
56310,91715,56424,148025,112734,148139,1
45970,89985,6658,135955,52628,96643,0
19746,34222,59234,53968,78980,93456,0
64939,43239,8841,108178,73780,52080,0
6980,80415,26310,87395,33290,106725,0
43352,25445,90960,68797,134312,116405,0
14164,68232,53743,82396,67907,121975,0
68868,22063,78659,90931,147527,100722,1
81429,73955,94524,155384,175953,168479,1
11662,28045,58917,39707,70579,86962,0
33449,39804,55826,73253,89275,95630,1
86026,77740,35383,163766,121409,113123,1
191,27546,77552,27737,77743,105098,0
74441,37695,74293,112136,148734,111988,1
60789,47265,51721,108054,112510,98986,1
86019,28791,42912,114810,128931,71703,0
45165,97808,79872,142973,125037,177680,1
99864,5388,77186,105252,177050,82574,0
17174,95080,78172,112254,95346,173252,1
47061,28429,35154,75490,82215,63583,1
6102,27949,70910,34051,77012,98859,0
95606,38435,76896,134041,172502,115331,1
35112,40287,872,75399,35984,41159,0
13353,3686,93533,17039,106886,97219,0
43798,7218,6886,51016,50684,14104,0
11201,2320,2296,13521,13497,4616,0
6957,54677,69010,61634,75967,123687,0
72609,10850,36165,83459,108774,47015,0
7669,97366,27340,105035,35009,124706,0
16244,21431,75807,37675,92051,97238,0
60413,12058,81104,72471,141517,93162,0
68826,25885,15313,94711,84139,41198,0
4469,48041,84501,52510,88970,132542,0
67832,11842,11765,79674,79597,23607,0
36600,57444,74636,94044,111236,132080,1
73625,94109,68575,167734,142200,162684,1
96431,40371,5631,136802,102062,46002,0
83075,8573,3975,91648,87050,12548,0
71920,45034,25860,116954,97780,70894,0
29730,64076,98731,93806,128461,162807,0
17787,34248,76567,52035,94354,110815,0
99293,26489,94051,125782,193344,120540,1
56850,90714,45374,147564,102224,136088,1
42949,23151,1696,66100,44645,24847,0
89715,95497,43222,185212,132937,138719,1
54274,49803,70569,104077,124843,120372,1
99493,96870,61558,196363,161051,158428,1
28017,25725,34007,53742,62024,59732,1
93232,33984,46572,127216,139804,80556,0
53588,82484,91404,136072,144992,173888,1
86308,69199,46350,155507,132658,115549,1
52580,12961,83866,65541,136446,96827,0
19945,30244,14164,50189,34109,44408,1
40700,44560,18211,85260,58911,62771,1
2654,77350,31928,80004,34582,109278,0
31578,49432,62747,81010,94325,112179,1
39682,70147,42730,109829,82412,112877,1
4877,6427,99196,11304,104073,105623,0
74956,15131,97066,90087,172022,112197,0
25782,60200,3867,85982,29649,64067,0
3636,16707,80156,20343,83792,96863,0
65367,43121,62847,108488,128214,105968,1
99782,33476,57980,133258,157762,91456,0
81926,85019,25809,166945,107735,110828,1
6039,78995,90477,85034,96516,169472,0
51204,6775,75935,57979,127139,82710,0
32071,40750,96175,72821,128246,136925,0
43850,1297,84412,45147,128262,85709,0
65463,62706,70212,128169,135675,132918,1
82149,48378,10503,130527,92652,58881,0
44736,24117,35032,68853,79768,59149,1
62971,71832,85182,134803,148153,157014,1
65699,74259,55217,139958,120916,129476,1
65893,97178,76935,163071,142828,174113,1
50567,2526,70024,53093,120591,72550,0
38160,25627,79373,63787,117533,105000,0
30548,19313,25386,49861,55934,44699,1
20398,93112,83868,113510,104266,176980,1
37255,36592,89159,73847,126414,125751,0
45204,45155,6455,90359,51659,51610,1
64673,47587,73945,112260,138618,121532,1
62026,11156,39663,73182,101689,50819,0
37907,68025,88845,105932,126752,156870,1
86119,22259,53657,108378,139776,75916,0
43806,13785,57216,57591,101022,71001,1
97878,5712,34631,103590,132509,40343,0
38346,96528,53938,134874,92284,150466,0
78439,42395,72454,120834,150893,114849,1
42408,95763,35391,138171,77799,131154,0
8700,67306,11865,76006,20565,79171,0
72577,17261,88330,89838,160907,105591,1
3722,16725,95649,20447,99371,112374,0
50706,52620,38356,103326,89062,90976,1
26350,83947,6513,110297,32863,90460,0
39221,79164,70739,118385,109960,149903,1
15236,31351,91207,46587,106443,122558,0
10264,81010,60446,91274,70710,141456,0
75027,63719,27361,138746,102388,91080,1
66064,2688,80766,68752,146830,83454,0
27327,31661,77838,58988,105165,109499,0
26787,26159,59777,52946,86564,85936,0
71432,47688,85759,119120,157191,133447,1
41011,77924,19809,118935,60820,97733,0
57711,82283,25414,139994,83125,107697,1
77312,12787,64332,90099,141644,77119,0
50647,15182,18365,65829,69012,33547,0
79878,5244,41092,85122,120970,46336,0
5961,23298,72578,29259,78539,95876,0
44870,72860,78600,117730,123470,151460,1
74821,36447,13283,111268,88104,49730,0
68864,41477,26800,110341,95664,68277,0
36093,92474,7677,128567,43770,100151,0
20272,55147,90716,75419,110988,145863,0
69105,81627,82905,150732,152010,164532,1
45795,70850,8777,116645,54572,79627,0
14632,51088,50965,65720,65597,102053,1
16745,40845,55431,57590,72176,96276,1
7504,68631,43305,76135,50809,111936,0
80381,75586,38580,155967,118961,114166,1
44399,57534,50241,101933,94640,107775,1
57627,24111,14594,81738,72221,38705,0
65746,16303,32946,82049,98692,49249,0
11664,31702,43090,43366,54754,74792,1
74966,97940,88389,172906,163355,186329,1
32337,5541,83577,37878,115914,89118,0
24067,25513,61405,49580,85472,86918,0
43301,98592,73329,141893,116630,171921,1
98568,45400,51776,143968,150344,97176,0
69610,49417,73745,119027,143355,123162,1
39065,77153,76487,116218,115552,153640,1
22577,93181,4710,115758,27287,97891,0
65108,86135,50907,151243,116015,137042,1
85255,32185,32741,117440,117996,64926,0
26279,43856,9703,70135,35982,53559,0
98339,64683,37637,163022,135976,102320,1
33682,60188,21635,93870,55317,81823,0
51977,38902,27706,90879,79683,66608,1
46838,22408,41017,69246,87855,63425,1
12599,58396,11745,70995,24344,70141,0
54836,19934,13315,74770,68151,33249,0
43650,45354,19865,89004,63515,65219,1
52430,43094,84697,95524,137127,127791,1
15929,93879,58357,109808,74286,152236,0
47033,51594,69186,98627,116219,120780,1
58001,41534,79350,99535,137351,120884,1
33590,75752,56758,109342,90348,132510,1
61832,91785,2492,153617,64324,94277,0
79737,42041,18575,121778,98312,60616,0
27598,43654,45937,71252,73535,89591,1
50802,71098,32947,121900,83749,104045,1
44083,80107,49710,124190,93793,129817,1
74301,87098,68860,161399,143161,155958,1
66219,62400,53698,128619,119917,116098,1
85028,24061,5558,109089,90586,29619,0
85258,84711,90298,169969,175556,175009,1
81084,27541,95793,108625,176877,123334,1
47080,62470,27051,109550,74131,89521,1
58575,76267,7394,134842,65969,83661,0
14947,60015,31333,74962,46280,91348,0
28910,60403,56218,89313,85128,116621,1
60258,70508,83926,130766,144184,154434,1
92356,2702,58564,95058,150920,61266,0
9153,55730,90301,64883,99454,146031,0
52787,29766,19351,82553,72138,49117,0
53912,43076,58100,96988,112012,101176,1
40346,64768,34678,105114,75024,99446,1
21211,13902,93655,35113,114866,107557,0
89346,48167,71364,137513,160710,119531,1
76681,70624,14445,147305,91126,85069,1
50495,64999,42208,115494,92703,107207,1
51543,20666,6006,72209,57549,26672,0
48376,2931,68967,51307,117343,71898,0
22326,45558,51120,67884,73446,96678,1
15143,61797,36459,76940,51602,98256,0
77307,95319,67795,172626,145102,163114,1
99722,87136,9862,186858,109584,96998,0
93988,83669,27161,177657,121149,110830,1
35572,90892,2354,126464,37926,93246,0
70045,88943,29197,158988,99242,118140,1
48225,8571,71447,56796,119672,80018,0
51852,76267,78985,128119,130837,155252,1
20743,18976,48963,39719,69706,67939,0
84192,79987,52601,164179,136793,132588,1
96479,45468,75365,141947,171844,120833,1
96288,76941,51334,173229,147622,128275,1
51762,93112,7819,144874,59581,100931,0
2853,16840,76195,19693,79048,93035,0
94741,45198,22922,139939,117663,68120,0
33828,31102,99212,64930,133040,130314,0
79688,77591,25889,157279,105577,103480,1
35484,35772,56009,71256,91493,91781,1
91204,30266,51435,121470,142639,81701,0
49820,51820,66147,101640,115967,117967,1
31720,27643,89310,59363,121030,116953,0
27139,64261,77485,91400,104624,141746,1
94109,22372,52615,116481,146724,74987,0
80426,213,84991,80639,165417,85204,0
21712,1918,57683,23630,79395,59601,0
91278,91439,56504,182717,147782,147943,1
18607,74204,13400,92811,32007,87604,0
58076,84084,62915,142160,120991,146999,1
93211,80288,7065,173499,100276,87353,0
6198,6495,81029,12693,87227,87524,0
52281,38155,84000,90436,136281,122155,1
84355,58961,12461,143316,96816,71422,0
26853,54684,30174,81537,57027,84858,1
74636,96448,57138,171084,131774,153586,1
37289,67401,99289,104690,136578,166690,1
20703,17732,37979,38435,58682,55711,1
11625,91626,46798,103251,58423,138424,0
64373,9844,27506,74217,91879,37350,0
18875,24143,62493,43018,81368,86636,0
51584,33515,85723,85099,137307,119238,0
81259,6281,61524,87540,142783,67805,0
44257,29828,2478,74085,46735,32306,0
51527,53779,62722,105306,114249,116501,1
14902,82707,59588,97609,74490,142295,0
90181,56223,11531,146404,101712,67754,0
99178,41659,67370,140837,166548,109029,1
27364,71065,8108,98429,35472,79173,0
86481,12802,50630,99283,137111,63432,0
23177,81408,64293,104585,87470,145701,1
11295,19897,47668,31192,58963,67565,0
19245,55266,76384,74511,95629,131650,0
86766,64779,88451,151545,175217,153230,1
11338,24147,90203,35485,101541,114350,0
1526,23911,62477,25437,64003,86388,0
96400,16073,76867,112473,173267,92940,0
28944,46431,45393,75375,74337,91824,1
49848,30160,68903,80008,118751,99063,1
93925,18061,33815,111986,127740,51876,0
95341,26334,17985,121675,113326,44319,0
81955,75968,22686,157923,104641,98654,1
81332,9948,97658,91280,178990,107606,0
63396,36570,88996,99966,152392,125566,1
27125,41135,52566,68260,79691,93701,1
3002,59343,59640,62345,62642,118983,1
38452,75302,16866,113754,55318,92168,0
23953,64397,54309,88350,78262,118706,1
61506,28719,40256,90225,101762,68975,1
61167,49876,80040,111043,141207,129916,1
28000,10657,99438,38657,127438,110095,0
55478,27347,56640,82825,112118,83987,1
32903,23707,29253,56610,62156,52960,1
42230,95342,56885,137572,99115,152227,1
17139,18758,78162,35897,95301,96920,0
58526,32580,59765,91106,118291,92345,1
20248,82614,2700,102862,22948,85314,0
27155,94402,98323,121557,125478,192725,1
61191,27178,34906,88369,96097,62084,1
43068,50427,98568,93495,141636,148995,0
74839,597,3739,75436,78578,4336,0
80094,82428,9555,162522,89649,91983,1
73626,9400,39867,83026,113493,49267,0
42566,14237,63546,56803,106112,77783,0
15062,42438,49922,57500,64984,92360,1
19327,79566,76729,98893,96056,156295,1
4684,38003,36788,42687,41472,74791,1
26897,16934,98818,43831,125715,115752,0
24363,97125,86721,121488,111084,183846,1
82601,48919,66828,131520,149429,115747,1
44873,91424,23437,136297,68310,114861,0
82752,57092,41558,139844,124310,98650,1
37836,42434,49543,80270,87379,91977,1
19817,61856,15096,81673,34913,76952,0
4290,34591,51280,38881,55570,85871,0
29606,45865,24324,75471,53930,70189,1
9825,22434,58600,32259,68425,81034,0
43346,38888,73742,82234,117088,112630,1
26785,39299,69205,66084,95990,108504,0
30660,54571,79232,85231,109892,133803,1
91770,62132,53624,153902,145394,115756,1
77461,88927,98504,166388,175965,187431,1
83422,32416,44768,115838,128190,77184,0
15885,98931,66838,114816,82723,165769,0
69710,37518,2773,107228,72483,40291,0
37324,10538,95504,47862,132828,106042,0
8905,83529,53631,92434,62536,137160,0
46562,92648,28128,139210,74690,120776,0
55743,46417,36895,102160,92638,83312,1
91790,41235,60404,133025,152194,101639,1
71353,44404,21339,115757,92692,65743,0
14173,74655,77485,88828,91658,152140,1
43017,27803,55163,70820,98180,82966,1
46928,74200,57891,121128,104819,132091,1
84827,33376,343,118203,85170,33719,0
25279,48249,30501,73528,55780,78750,1
14,33337,37047,33351,37061,70384,0
97109,62682,8696,159791,105805,71378,0
83295,36607,94830,119902,178125,131437,1
12492,92606,19330,105098,31822,111936,0
6255,49091,55079,55346,61334,104170,1
55027,56014,57190,111041,112217,113204,1
17986,66649,31276,84635,49262,97925,0
37129,4146,84655,41275,121784,88801,0
61162,16979,83799,78141,144961,100778,0
96344,37345,43936,133689,140280,81281,0
54101,27361,1072,81462,55173,28433,0
12713,74158,2822,86871,15535,76980,0
4876,54489,500,59365,5376,54989,0
88173,90799,94151,178972,182324,184950,1
12095,68039,4981,80134,17076,73020,0
33816,39081,83720,72897,117536,122801,0
96858,35059,60411,131917,157269,95470,0
47549,10881,34846,58430,82395,45727,0
29858,20401,42391,50259,72249,62792,1
67597,80920,16025,148517,83622,96945,1
94663,77405,80089,172068,174752,157494,1
97980,65920,22614,163900,120594,88534,0
79716,19987,7669,99703,87385,27656,0
33339,27796,82931,61135,116270,110727,0
60007,71614,81024,131621,141031,152638,1
2707,53814,8933,56521,11640,62747,0
72145,11659,63314,83804,135459,74973,1
28567,2882,37311,31449,65878,40193,0
29664,10200,50431,39864,80095,60631,0
53941,92334,68313,146275,122254,160647,1
26284,64716,66983,91000,93267,131699,1
97248,22870,79252,120118,176500,102122,1
94599,34668,83232,129267,177831,117900,1
81823,45662,79301,127485,161124,124963,1
3986,43337,17171,47323,21157,60508,0
13511,76741,51033,90252,64544,127774,0
20802,30496,8893,51298,29695,39389,0
70186,55731,47198,125917,117384,102929,1
34964,79834,17559,114798,52523,97393,0
82124,79701,74827,161825,156951,154528,1
63101,53829,39751,116930,102852,93580,1
41902,97621,59599,139523,101501,157220,1
10424,98421,5028,108845,15452,103449,0
56285,5729,76434,62014,132719,82163,0
63779,7172,6923,70951,70702,14095,0
58062,85185,48142,143247,106204,133327,1
51194,89574,85790,140768,136984,175364,1
68715,64488,51446,133203,120161,115934,1
18578,17636,24676,36214,43254,42312,1
17552,17719,6714,35271,24266,24433,1
51606,77903,89192,129509,140798,167095,1
78214,9765,32805,87979,111019,42570,0
11658,1032,10544,12690,22202,11576,0
71264,22155,28585,93419,99849,50740,0
81604,26,677,81630,82281,703,0
95290,84116,67906,179406,163196,152022,1
3656,39635,25411,43291,29067,65046,0
6908,69227,40304,76135,47212,109531,0
11596,12993,72347,24589,83943,85340,0
10947,71606,79834,82553,90781,151440,1
63200,67999,34325,131199,97525,102324,1
22184,64644,89375,86828,111559,154019,0
25934,1271,26656,27205,52590,27927,1
2099,59078,78998,61177,81097,138076,0
3621,22516,62187,26137,65808,84703,0
10037,25501,41980,35538,52017,67481,0
38561,80544,48655,119105,87216,129199,1
19350,39987,18279,59337,37629,58266,0
76956,29891,28521,106847,105477,58412,0
42388,95337,17325,137725,59713,112662,0
82524,7765,36431,90289,118955,44196,0
62040,1437,21746,63477,83786,23183,0
41563,76295,63854,117858,105417,140149,1
32241,50550,60085,82791,92326,110635,1
10439,9006,44587,19445,55026,53593,0
52998,51596,88289,104594,141287,139885,1
11677,47213,82650,58890,94327,129863,0
13658,4798,69446,18456,83104,74244,0
76411,95841,49843,172252,126254,145684,1
9184,34391,96662,43575,105846,131053,0
17898,44488,77587,62386,95485,122075,0
95836,17355,90414,113191,186250,107769,1
96857,31029,52948,127886,149805,83977,0
42531,22137,55295,64668,97826,77432,1
5027,18943,68848,23970,73875,87791,0
45196,31192,79725,76388,124921,110917,0
87887,91407,97849,179294,185736,189256,1
67396,845,98392,68241,165788,99237,0
61287,63202,80172,124489,141459,143374,1
22001,44944,92844,66945,114845,137788,0
73991,27022,29253,101013,103244,56275,0
42031,51751,60844,93782,102875,112595,1
54268,13242,61911,67510,116179,75153,1
10996,21868,26158,32864,37154,48026,1
47613,10227,69510,57840,117123,79737,0
46486,44305,64946,90791,111432,109251,1
53348,3849,79822,57197,133170,83671,0
74983,41988,53650,116971,128633,95638,1
7206,85908,38689,93114,45895,124597,0
45881,1785,19591,47666,65472,21376,0
34772,36755,26578,71527,61350,63333,1
87780,68682,2526,156462,90306,71208,0
75748,30150,3101,105898,78849,33251,0
82158,88163,53698,170321,135856,141861,1
36477,8015,41924,44492,78401,49939,1
32004,94937,80403,126941,112407,175340,1
3579,77459,84076,81038,87655,161535,0
76883,74404,79836,151287,156719,154240,1
93208,67554,36532,160762,129740,104086,1
72496,31614,81809,104110,154305,113423,1
50673,77937,94141,128610,144814,172078,1
7967,7698,71400,15665,79367,79098,0
6504,90833,91621,97337,98125,182454,1
15152,40204,98103,55356,113255,138307,0
54089,5630,76229,59719,130318,81859,0
50757,80377,55771,131134,106528,136148,1
57749,5793,999,63542,58748,6792,0
57412,39591,98536,97003,155948,138127,0
22053,58004,23602,80057,45655,81606,0
20995,13233,74717,34228,95712,87950,0
65782,33711,91582,99493,157364,125293,1
77393,85528,51662,162921,129055,137190,1
86073,31577,29194,117650,115267,60771,0
60931,53763,24536,114694,85467,78299,1
62565,46394,60972,108959,123537,107366,1
73818,8670,86035,82488,159853,94705,0
29015,63919,83452,92934,112467,147371,1
17146,3948,36310,21094,53456,40258,0
1504,86933,12764,88437,14268,99697,0
87775,15796,59859,103571,147634,75655,0
8727,99872,60814,108599,69541,160686,0
20395,73289,94364,93684,114759,167653,0
29807,26320,67842,56127,97649,94162,0
91201,87228,59341,178429,150542,146569,1
52468,17591,84221,70059,136689,101812,0
78053,1578,81283,79631,159336,82861,0
35648,41555,37180,77203,72828,78735,1
6477,69373,61398,75850,67875,130771,0
3733,45948,90587,49681,94320,136535,0
32447,64812,44351,97259,76798,109163,1
43609,92424,2821,136033,46430,95245,0
24450,15810,19972,40260,44422,35782,1
20757,61269,45208,82026,65965,106477,1
59251,20217,19686,79468,78937,39903,0
1218,10444,57991,11662,59209,68435,0
98794,54219,83630,153013,182424,137849,1
62586,84728,44878,147314,107464,129606,1
18775,1049,42979,19824,61754,44028,0
55908,98922,22259,154830,78167,121181,0
34875,29259,31357,64134,66232,60616,1
35124,23763,16941,58887,52065,40704,1
18932,58650,86807,77582,105739,145457,0
83530,61833,22747,145363,106277,84580,1
95998,79917,88902,175915,184900,168819,1
37993,2976,86325,40969,124318,89301,0
72911,29177,23154,102088,96065,52331,0
95175,62555,2563,157730,97738,65118,0
68566,42920,71691,111486,140257,114611,1
2692,40446,61418,43138,64110,101864,0
7225,31748,91355,38973,98580,123103,0
72064,58460,60423,130524,132487,118883,1
44954,52123,76465,97077,121419,128588,1
81034,54336,45578,135370,126612,99914,1
17719,96733,56163,114452,73882,152896,0
57471,14870,47058,72341,104529,61928,1
94729,14086,38098,108815,132827,52184,0
60440,75210,82997,135650,143437,158207,1
84554,32716,66565,117270,151119,99281,1
20187,26628,99969,46815,120156,126597,0
4099,25343,73480,29442,77579,98823,0
91641,12674,6697,104315,98338,19371,0
49895,60922,8563,110817,58458,69485,0
78785,88053,83454,166838,162239,171507,1
59586,8968,51091,68554,110677,60059,1
52285,21429,71980,73714,124265,93409,1
66922,3140,15047,70062,81969,18187,0
21503,16466,81170,37969,102673,97636,0
16029,80503,9914,96532,25943,90417,0
71626,46168,28104,117794,99730,74272,1
94945,98767,8638,193712,103583,107405,1
34957,74638,51435,109595,86392,126073,1
99785,14012,84761,113797,184546,98773,0
56569,31631,35018,88200,91587,66649,1
40899,84234,68471,125133,109370,152705,1
73889,73925,74732,147814,148621,148657,1
28156,74709,64,102865,28220,74773,0
32356,76381,43401,108737,75757,119782,0
6991,83041,55271,90032,62262,138312,0
35940,90236,92904,126176,128844,183140,1
3507,63980,80981,67487,84488,144961,0
68523,43034,81939,111557,150462,124973,1
52504,12882,13993,65386,66497,26875,0
49453,18041,38845,67494,88298,56886,1
49701,8431,54491,58132,104192,62922,1
41234,44514,15108,85748,56342,59622,1
13780,11618,73411,25398,87191,85029,0
65352,21740,13812,87092,79164,35552,0
44525,73697,15359,118222,59884,89056,0
52171,33413,55903,85584,108074,89316,1
1285,65453,40586,66738,41871,106039,0
64895,5153,74459,70048,139354,79612,0
85100,76116,63240,161216,148340,139356,1
42978,44496,68115,87474,111093,112611,1
18095,26900,1754,44995,19849,28654,0
80060,7457,86905,87517,166965,94362,1
38983,75587,97609,114570,136592,173196,1
80410,90980,2283,171390,82693,93263,0
64402,61397,80546,125799,144948,141943,1
41348,78598,64065,119946,105413,142663,1
39421,466,79516,39887,118937,79982,0
88677,90570,12151,179247,100828,102721,1
21428,40646,37049,62074,58477,77695,1
89974,48312,92488,138286,182462,140800,1
38661,13876,8747,52537,47408,22623,0
40058,23101,66988,63159,107046,90089,0
17838,31906,3188,49744,21026,35094,0
5631,9383,3387,15014,9018,12770,0
87445,2953,77942,90398,165387,80895,0
31843,58,85365,31901,117208,85423,0
60994,80126,36504,141120,97498,116630,1
11786,45192,7341,56978,19127,52533,0
34321,84709,85717,119030,120038,170426,1
26204,87487,4435,113691,30639,91922,0
44902,76540,82871,121442,127773,159411,1
58439,5108,23016,63547,81455,28124,0
38230,28785,17187,67015,55417,45972,1
63674,40767,67876,104441,131550,108643,1
22426,52728,55394,75154,77820,108122,1
22690,69306,34190,91996,56880,103496,0
29439,90656,84712,120095,114151,175368,1
60056,33444,43487,93500,103543,76931,1
47326,45821,42877,93147,90203,88698,1
61912,33908,66044,95820,127956,99952,1
64498,68747,60008,133245,124506,128755,1
69989,25913,62583,95902,132572,88496,1
25719,54560,17941,80279,43660,72501,0
66635,71798,33189,138433,99824,104987,1
11105,62596,34564,73701,45669,97160,0
7679,47896,60563,55575,68242,108459,0
70453,92384,18554,162837,89007,110938,0
70832,3912,42947,74744,113779,46859,0
93664,23188,44387,116852,138051,67575,0
62061,44085,87344,106146,149405,131429,1
41012,57077,17141,98089,58153,74218,1
70480,1971,337,72451,70817,2308,0
26880,29218,40283,56098,67163,69501,1
63257,65832,68243,129089,131500,134075,1
8172,29550,96258,37722,104430,125808,0
80082,11783,62270,91865,142352,74053,0
76316,38493,19074,114809,95390,57567,0
90400,97132,46488,187532,136888,143620,1
18515,47120,33823,65635,52338,80943,1
96120,74448,4187,170568,100307,78635,0
8130,96505,89875,104635,98005,186380,1
25756,88395,23527,114151,49283,111922,0
94912,21110,65740,116022,160652,86850,0
24789,47784,59307,72573,84096,107091,1
39887,12320,84663,52207,124550,96983,0
96532,73888,14794,170420,111326,88682,0
11894,13872,68839,25766,80733,82711,0
40126,5305,60689,45431,100815,65994,0
82115,31305,64789,113420,146904,96094,1
46990,76048,95164,123038,142154,171212,1
89891,4193,65275,94084,155166,69468,0
88272,36484,88116,124756,176388,124600,1
91443,41386,24639,132829,116082,66025,0
90723,40784,21953,131507,112676,62737,0
34315,44459,23535,78774,57850,67994,1
54732,58558,67301,113290,122033,125859,1
98487,5900,66872,104387,165359,72772,0
56636,99163,26167,155799,82803,125330,0
768,44746,23061,45514,23829,67807,0
63086,65497,55027,128583,118113,120524,1
41928,27012,88005,68940,129933,115017,0
70832,15344,59000,86176,129832,74344,1
67893,82659,85158,150552,153051,167817,1
67797,56404,91389,124201,159186,147793,1
95775,47990,82970,143765,178745,130960,1
99726,83084,43033,182810,142759,126117,1
46551,62130,9710,108681,56261,71840,0
80832,91906,96484,172738,177316,188390,1
78131,63846,54030,141977,132161,117876,1
87795,33265,25089,121060,112884,58354,0
13502,93392,11453,106894,24955,104845,0
64663,32019,29639,96682,94302,61658,0
45,44822,32290,44867,32335,77112,0
39764,78533,37929,118297,77693,116462,0
98871,15137,52853,114008,151724,67990,0
56141,19531,79756,75672,135897,99287,0
1914,6835,65140,8749,67054,71975,0
59995,74918,2409,134913,62404,77327,0
53540,31664,62560,85204,116100,94224,1
12928,35206,61988,48134,74916,97194,0
50927,14380,80760,65307,131687,95140,0
84291,72157,93687,156448,177978,165844,1
29417,69994,75378,99411,104795,145372,1
29399,88294,39049,117693,68448,127343,0
79921,47900,10243,127821,90164,58143,0
1912,85265,452,87177,2364,85717,0
9618,90489,29321,100107,38939,119810,0
91727,27051,3258,118778,94985,30309,0
14099,92462,89938,106561,104037,182400,1
24305,49489,2655,73794,26960,52144,0
38026,44854,61448,82880,99474,106302,1
92447,24634,829,117081,93276,25463,0
83288,57548,99008,140836,182296,156556,1
73189,72770,26366,145959,99555,99136,1
63403,59743,99392,123146,162795,159135,1
9841,9607,6581,19448,16422,16188,1
15381,87396,7558,102777,22939,94954,0
7743,42424,95462,50167,103205,137886,0
34970,49121,64985,84091,99955,114106,1
64714,51725,98302,116439,163016,150027,1
244,13395,40926,13639,41170,54321,0
10630,19021,64838,29651,75468,83859,0
21535,423,20059,21958,41594,20482,0
64699,87018,77243,151717,141942,164261,1
98246,71989,30619,170235,128865,102608,1
69179,24953,34745,94132,103924,59698,0
10516,89084,58102,99600,68618,147186,0
14207,76380,67028,90587,81235,143408,1
52049,60789,80635,112838,132684,141424,1
6660,66383,26985,73043,33645,93368,0
70826,1316,33511,72142,104337,34827,0
27549,24255,33399,51804,60948,57654,1
40434,78075,37905,118509,78339,115980,1
68023,16194,98619,84217,166642,114813,0
86303,9268,27871,95571,114174,37139,0
91216,60119,77779,151335,168995,137898,1
93997,14463,68826,108460,162823,83289,0
88605,14980,21368,103585,109973,36348,0
29297,7433,42896,36730,72193,50329,0
20231,49287,19512,69518,39743,68799,0
33905,54651,4352,88556,38257,59003,0
72590,86106,21155,158696,93745,107261,1
4413,55341,24481,59754,28894,79822,0
93479,36611,43307,130090,136786,79918,0
29199,39819,65594,69018,94793,105413,1
42791,31217,77237,74008,120028,108454,0
74158,21839,63027,95997,137185,84866,1
18652,34798,27504,53450,46156,62302,1
88358,67985,97983,156343,186341,165968,1
38341,6416,78589,44757,116930,85005,0
76593,62520,90336,139113,166929,152856,1
46864,4214,11705,51078,58569,15919,0
45110,70049,36623,115159,81733,106672,1
42776,72302,92842,115078,135618,165144,1
52328,43986,59806,96314,112134,103792,1
6645,18533,71623,25178,78268,90156,0
16862,27306,12218,44168,29080,39524,1
13183,56895,56791,70078,69974,113686,1
5090,16140,30675,21230,35765,46815,0
78494,69611,77078,148105,155572,146689,1
87325,1741,29148,89066,116473,30889,0
15073,27810,15910,42883,30983,43720,1
49698,40234,35515,89932,85213,75749,1
85636,65366,35681,151002,121317,101047,1
81789,23493,28974,105282,110763,52467,0
32787,75592,40511,108379,73298,116103,0
67563,26422,23672,93985,91235,50094,0
96504,40452,28794,136956,125298,69246,0
64483,29001,89532,93484,154015,118533,1
97084,24621,98007,121705,195091,122628,1
53092,99375,34622,152467,87714,133997,0
67091,75545,77334,142636,144425,152879,1
81187,5783,60731,86970,141918,66514,0
13549,91416,17379,104965,30928,108795,0
61798,29765,42865,91563,104663,72630,1
92306,70212,28659,162518,120965,98871,1
49901,22521,78578,72422,128479,101099,0
64624,41338,68743,105962,133367,110081,1
34027,38531,62818,72558,96845,101349,1
39567,21631,66084,61198,105651,87715,0
10245,42414,1261,52659,11506,43675,0
80871,70201,93842,151072,174713,164043,1
83289,60867,28884,144156,112173,89751,1
64921,13014,38984,77935,103905,51998,0
30167,79973,59613,110140,89780,139586,1
73531,50550,99823,124081,173354,150373,1
93590,75181,91797,168771,185387,166978,1
45712,14428,81069,60140,126781,95497,0
53618,23164,65889,76782,119507,89053,1
56012,61600,16942,117612,72954,78542,1
56198,11386,72399,67584,128597,83785,0
33940,62256,16251,96196,50191,78507,0
74471,57820,85869,132291,160340,143689,1
93197,40141,93143,133338,186340,133284,1
58083,81626,57889,139709,115972,139515,1
22034,68203,73872,90237,95906,142075,1
33858,35896,34810,69754,68668,70706,1
60060,27258,33752,87318,93812,61010,1
6396,29883,7951,36279,14347,37834,0
8791,14611,10757,23402,19548,25368,1
49466,71286,48162,120752,97628,119448,1
76288,64328,75127,140616,151415,139455,1
15272,33935,46659,49207,61931,80594,1
97144,83911,15113,181055,112257,99024,1
85052,60124,37873,145176,122925,97997,1
67921,28724,12016,96645,79937,40740,0
43539,40030,78032,83569,121571,118062,1
28638,55972,26196,84610,54834,82168,0
53582,15774,77034,69356,130616,92808,0
30630,22150,8932,52780,39562,31082,1
3071,24946,13431,28017,16502,38377,0
22444,28058,94393,50502,116837,122451,0
43185,50829,43627,94014,86812,94456,1
86483,22818,48224,109301,134707,71042,0
13629,20378,75523,34007,89152,95901,0
60896,94200,4401,155096,65297,98601,0
94088,45155,45217,139243,139305,90372,0
12806,31379,87782,44185,100588,119161,0
43074,46568,55878,89642,98952,102446,1
58867,53638,33506,112505,92373,87144,1
46208,98934,96560,145142,142768,195494,1
85636,53912,5875,139548,91511,59787,0
74842,41725,15810,116567,90652,57535,0
65333,65787,50832,131120,116165,116619,1
7170,35180,79114,42350,86284,114294,0
36581,9387,59072,45968,95653,68459,0
84565,93349,19139,177914,103704,112488,1
20916,92260,94239,113176,115155,186499,1
34068,78849,85530,112917,119598,164379,1
56688,43430,48900,100118,105588,92330,1
41839,79125,74624,120964,116463,153749,1
98465,55240,90439,153705,188904,145679,1
99193,80090,50169,179283,149362,130259,1
91444,41446,34936,132890,126380,76382,0
25052,25752,2622,50804,27674,28374,1
82044,33868,81936,115912,163980,115804,1
78725,81350,13519,160075,92244,94869,1
7902,19526,64432,27428,72334,83958,0
86862,14595,43374,101457,130236,57969,0
41611,54979,80254,96590,121865,135233,1
33587,71894,36255,105481,69842,108149,0
85987,31614,43486,117601,129473,75100,0
64960,70399,83661,135359,148621,154060,1
53526,64087,28624,117613,82150,92711,1
55326,72276,2772,127602,58098,75048,0
25737,90392,55085,116129,80822,145477,0
63825,86918,76997,150743,140822,163915,1
2570,49368,22162,51938,24732,71530,0
2979,9288,57787,12267,60766,67075,0
33905,57787,97492,91692,131397,155279,0
85952,96543,14771,182495,100723,111314,1
32733,7587,4459,40320,37192,12046,0
43499,51929,3232,95428,46731,55161,0
61091,41440,9899,102531,70990,51339,0
10625,83280,35301,93905,45926,118581,0
33693,67463,33567,101156,67260,101030,0
99276,15639,72629,114915,171905,88268,0
66595,34878,93002,101473,159597,127880,1
39132,51683,67543,90815,106675,119226,1
40217,78615,74217,118832,114434,152832,1
85565,27071,37755,112636,123320,64826,0
50790,11937,96034,62727,146824,107971,0
73278,51625,86451,124903,159729,138076,1
78679,78501,11448,157180,90127,89949,1
40799,55339,57243,96138,98042,112582,1
6144,99496,33828,105640,39972,133324,0
81272,49873,44648,131145,125920,94521,1
33072,74780,23868,107852,56940,98648,0
99525,69306,26287,168831,125812,95593,0
51841,28087,51031,79928,102872,79118,1
3422,85206,28054,88628,31476,113260,0
39191,73068,82843,112259,122034,155911,1
54966,87895,70811,142861,125777,158706,1
63685,68901,91664,132586,155349,160565,1
45729,11963,36714,57692,82443,48677,1
98094,96817,3280,194911,101374,100097,1
43466,82873,91505,126339,134971,174378,1
16164,670,43102,16834,59266,43772,0
28436,17076,30518,45512,58954,47594,1
83572,33079,87540,116651,171112,120619,1
31223,21146,20043,52369,51266,41189,1
37982,61487,24788,99469,62770,86275,1
16348,46663,84088,63011,100436,130751,0
18150,10384,34720,28534,52870,45104,0
62037,57595,78618,119632,140655,136213,1
59987,62960,39834,122947,99821,102794,1
40899,94421,41885,135320,82784,136306,0
58695,42419,71028,101114,129723,113447,1
63368,12286,61940,75654,125308,74226,1
90021,33216,11822,123237,101843,45038,0
10256,17818,7847,28074,18103,25665,1
52584,74471,31883,127055,84467,106354,1
52550,46995,39430,99545,91980,86425,1
6905,61394,15806,68299,22711,77200,0
4378,85621,49450,89999,53828,135071,0
59743,28859,32616,88602,92359,61475,1
14657,83006,90368,97663,105025,173374,1
4070,72504,76354,76574,80424,148858,1
14180,9547,95217,23727,109397,104764,0
30253,91078,79733,121331,109986,170811,1
84561,41693,14054,126254,98615,55747,0
86371,14797,25484,101168,111855,40281,0
89834,449,9474,90283,99308,9923,0
68296,8727,12290,77023,80586,21017,0
84422,32933,10904,117355,95326,43837,0
28983,17347,54451,46330,83434,71798,0
3254,50334,83949,53588,87203,134283,0
10165,69961,45553,80126,55718,115514,0
76725,10969,36461,87694,113186,47430,0
45797,5442,6552,51239,52349,11994,0
85675,41552,22263,127227,107938,63815,0
18492,13631,40448,32123,58940,54079,0
51138,58070,38350,109208,89488,96420,1
33888,48784,75599,82672,109487,124383,1
25545,6786,45549,32331,71094,52335,0
38313,62788,62266,101101,100579,125054,1
1966,44319,27885,46285,29851,72204,0
32304,7219,28875,39523,61179,36094,1
14621,38372,76507,52993,91128,114879,0
89135,87608,24750,176743,113885,112358,1
79066,42171,44140,121237,123206,86311,1
56453,66850,16009,123303,72462,82859,1
14336,83369,4301,97705,18637,87670,0
7542,26626,69528,34168,77070,96154,0
31175,88069,19689,119244,50864,107758,0
64062,21121,66624,85183,130686,87745,1
65312,40466,98892,105778,164204,139358,1
42371,65440,4529,107811,46900,69969,0
80509,24903,22056,105412,102565,46959,0
38985,92854,14331,131839,53316,107185,0
30158,44931,20034,75089,50192,64965,1
79113,64250,54357,143363,133470,118607,1
14638,38684,86005,53322,100643,124689,0
17039,72010,19789,89049,36828,91799,0
46580,54816,13884,101396,60464,68700,1
35175,70042,70938,105217,106113,140980,1
90889,57530,62368,148419,153257,119898,1
72864,50565,93124,123429,165988,143689,1
37203,32777,16893,69980,54096,49670,1
16599,27598,44435,44197,61034,72033,0
37446,16698,4492,54144,41938,21190,0
18289,45700,26848,63989,45137,72548,0
18579,26078,5796,44657,24375,31874,0
37646,38985,42081,76631,79727,81066,1
14987,21863,32864,36850,47851,54727,1
8674,7256,26851,15930,35525,34107,0
28891,28381,40576,57272,69467,68957,1
96594,77146,44389,173740,140983,121535,1
94238,81519,53565,175757,147803,135084,1
96850,89345,25488,186195,122338,114833,1
84119,4091,80763,88210,164882,84854,1
80117,53568,2985,133685,83102,56553,0
96999,38349,21464,135348,118463,59813,0
92454,20114,48983,112568,141437,69097,0
58239,55304,24520,113543,82759,79824,1
75155,85830,22193,160985,97348,108023,1
98949,76537,84398,175486,183347,160935,1
67515,81480,89548,148995,157063,171028,1
22215,65390,21263,87605,43478,86653,0
58739,30501,99236,89240,157975,129737,0
64898,76882,12044,141780,76942,88926,1
62021,93883,85315,155904,147336,179198,1
15081,72044,82477,87125,97558,154521,1
67964,66772,56918,134736,124882,123690,1
15586,20869,2848,36455,18434,23717,0
44296,9972,88597,54268,132893,98569,0
14966,79365,87993,94331,102959,167358,1
98512,3123,14293,101635,112805,17416,0
65260,11822,56854,77082,122114,68676,1
48502,24589,92076,73091,140578,116665,0
77291,59186,63059,136477,140350,122245,1
22366,17895,82259,40261,104625,100154,0
4289,31946,41604,36235,45893,73550,0
18203,98525,20837,116728,39040,119362,0
25820,99467,20697,125287,46517,120164,0
24065,7178,58007,31243,82072,65185,0
78847,83649,19424,162496,98271,103073,1
15232,51660,48388,66892,63620,100048,1
24629,87120,42806,111749,67435,129926,0
69902,37295,48480,107197,118382,85775,1
13610,89994,74089,103604,87699,164083,0
18494,73028,81664,91522,100158,154692,1
15038,56013,97059,71051,112097,153072,0
93764,33333,32305,127097,126069,65638,0
73666,8197,23904,81863,97570,32101,0
81431,28679,97306,110110,178737,125985,1
31665,93418,53611,125083,85276,147029,0
9016,86222,81429,95238,90445,167651,1
24099,21361,10442,45460,34541,31803,1
35659,7790,86575,43449,122234,94365,0
59601,38457,1035,98058,60636,39492,0
47905,11989,84014,59894,131919,96003,0
30619,15691,71875,46310,102494,87566,0
59026,78925,80763,137951,139789,159688,1
77095,42028,64192,119123,141287,106220,1
64787,59271,32893,124058,97680,92164,1
39918,26789,45362,66707,85280,72151,1
33551,84521,43325,118072,76876,127846,0
69079,90727,95294,159806,164373,186021,1
78580,93667,33548,172247,112128,127215,1
47709,91758,8194,139467,55903,99952,0
1932,39189,83305,41121,85237,122494,0
48937,19610,53490,68547,102427,73100,1
88542,14389,15840,102931,104382,30229,0
76922,79978,51945,156900,128867,131923,1
53142,10565,43759,63707,96901,54324,1
13705,80678,36769,94383,50474,117447,0
90301,60661,5488,150962,95789,66149,0
80470,20375,17247,100845,97717,37622,0
17635,19433,78878,37068,96513,98311,0
50949,27227,98554,78176,149503,125781,0
8882,77588,96503,86470,105385,174091,0
67197,36403,83827,103600,151024,120230,1
58963,98645,43280,157608,102243,141925,1
59865,7600,81199,67465,141064,88799,0
33112,1004,48585,34116,81697,49589,0
15269,32385,17449,47654,32718,49834,1
86558,3064,81838,89622,168396,84902,0
8268,37564,52528,45832,60796,90092,0
93268,95608,27680,188876,120948,123288,1
19041,75517,53125,94558,72166,128642,0
701,45705,83171,46406,83872,128876,0
91093,79682,12833,170775,103926,92515,1
79798,11776,76514,91574,156312,88290,1
92538,36314,95189,128852,187727,131503,1
98263,69764,21202,168027,119465,90966,0
15290,45855,79801,61145,95091,125656,0
24759,92738,65269,117497,90028,158007,0
73710,47548,26940,121258,100650,74488,1
56927,86527,1855,143454,58782,88382,0
73828,31964,41393,105792,115221,73357,0
8691,42531,98436,51222,107127,140967,0
24614,41795,15187,66409,39801,56982,0
79646,35848,91902,115494,171548,127750,1
24006,70161,8496,94167,32502,78657,0
86266,77906,18681,164172,104947,96587,1
21230,4266,10534,25496,31764,14800,0
89031,57838,16517,146869,105548,74355,0
22909,43051,85077,65960,107986,128128,0
86916,59577,72185,146493,159101,131762,1
10983,34010,42208,44993,53191,76218,1
24674,26442,57418,51116,82092,83860,0
68595,89315,95436,157910,164031,184751,1
7461,20611,68927,28072,76388,89538,0
701,49064,31362,49765,32063,80426,0
31990,7155,64391,39145,96381,71546,0
44115,12926,89819,57041,133934,102745,0
49136,17318,72303,66454,121439,89621,0
13115,81928,53044,95043,66159,134972,0
5174,86895,52913,92069,58087,139808,0
81041,49331,55743,130372,136784,105074,1
77218,98045,40565,175263,117783,138610,1
15557,46875,88971,62432,104528,135846,0
55330,9640,79857,64970,135187,89497,0
57295,23259,61538,80554,118833,84797,1
13838,50894,23631,64732,37469,74525,0
9613,30623,41104,40236,50717,71727,0
50637,41099,93523,91736,144160,134622,0
77045,23623,52857,100668,129902,76480,0
23207,28181,58639,51388,81846,86820,0
52324,15763,43147,68087,95471,58910,1
70723,98334,59346,169057,130069,157680,1
19736,15131,25050,34867,44786,40181,1
35974,44545,90091,80519,126065,134636,0
49775,47991,60195,97766,109970,108186,1
53178,24853,37715,78031,90893,62568,1
16665,94154,67716,110819,84381,161870,0
804,36328,43536,37132,44340,79864,0
98678,63391,25702,162069,124380,89093,0
64926,139,77757,65065,142683,77896,0
60505,10206,88900,70711,149405,99106,0
98212,90455,67041,188667,165253,157496,1
32045,31743,62789,63788,94834,94532,1
18782,25847,8559,44629,27341,34406,1
32106,83244,11484,115350,43590,94728,0
24283,58175,91307,82458,115590,149482,0
59452,57487,13527,116939,72979,71014,1
22451,7075,74126,29526,96577,81201,0
34161,85970,41610,120131,75771,127580,0
5195,36881,94318,42076,99513,131199,0
89445,98620,44870,188065,134315,143490,1
73436,27395,94693,100831,168129,122088,1
7777,1937,87572,9714,95349,89509,0
68393,52851,21087,121244,89480,73938,1
90555,70630,52899,161185,143454,123529,1
75475,4160,83050,79635,158525,87210,0
31766,75068,31935,106834,63701,107003,0
25656,61567,71394,87223,97050,132961,1
88665,32595,92421,121260,181086,125016,1
19112,17213,63795,36325,82907,81008,0
62637,87905,10843,150542,73480,98748,0
86027,92564,35908,178591,121935,128472,1
49966,89480,1358,139446,51324,90838,0
26436,42803,12676,69239,39112,55479,0
75748,90401,63243,166149,138991,153644,1
76804,2356,65844,79160,142648,68200,0
56638,49570,54351,106208,110989,103921,1
87717,32098,56320,119815,144037,88418,1
34778,64358,54577,99136,89355,118935,1
35100,35018,14213,70118,49313,49231,1
73257,33673,66354,106930,139611,100027,1
43279,40614,99191,83893,142470,139805,0
77426,14067,91295,91493,168721,105362,1
20699,78264,18427,98963,39126,96691,0
16457,32091,87486,48548,103943,119577,0
10920,18059,50925,28979,61845,68984,0
43329,46144,50132,89473,93461,96276,1
58097,20128,34296,78225,92393,54424,0
59900,97836,19833,157736,79733,117669,0
84542,65821,6566,150363,91108,72387,0
74187,86259,91392,160446,165579,177651,1
49663,72523,56679,122186,106342,129202,1
67733,30739,57510,98472,125243,88249,1
75291,5347,28669,80638,103960,34016,0
6589,72978,19002,79567,25591,91980,0
5439,38772,89657,44211,95096,128429,0
58533,11114,22437,69647,80970,33551,0
41490,18095,80647,59585,122137,98742,0
63667,70573,84238,134240,147905,154811,1
79085,39445,97463,118530,176548,136908,1
88879,34871,44335,123750,133214,79206,0
96300,40179,71332,136479,167632,111511,1
1331,84760,34971,86091,36302,119731,0
82392,49606,65522,131998,147914,115128,1
25567,3277,6658,28844,32225,9935,0
96381,16428,11204,112809,107585,27632,0
22934,95864,56534,118798,79468,152398,0
38022,45525,80021,83547,118043,125546,1
42229,58637,87560,100866,129789,146197,1
18515,51557,99105,70072,117620,150662,0
3510,87712,23720,91222,27230,111432,0
53284,58502,41892,111786,95176,100394,1
70547,46517,30925,117064,101472,77442,1
4818,20068,81032,24886,85850,101100,0
22732,9252,49405,31984,72137,58657,0
94664,89895,28371,184559,123035,118266,1
19796,57793,84831,77589,104627,142624,0
56652,58912,43656,115564,100308,102568,1
72261,53402,72239,125663,144500,125641,1
7829,66615,68194,74444,76023,134809,1
38251,5874,32239,44125,70490,38113,0
82957,25451,73947,108408,156904,99398,1
55948,89789,11455,145737,67403,101244,0
76250,20408,35153,96658,111403,55561,0
21114,73184,33481,94298,54595,106665,0
81763,51241,88035,133004,169798,139276,1
5643,18066,93754,23709,99397,111820,0
70395,91692,68996,162087,139391,160688,1
76847,59704,67341,136551,144188,127045,1
56716,32985,63024,89701,119740,96009,1
55126,71100,89270,126226,144396,160370,1
5490,64842,28668,70332,34158,93510,0
33648,38663,49726,72311,83374,88389,1
72917,45224,77495,118141,150412,122719,1
64973,90568,86148,155541,151121,176716,1
55557,95749,15961,151306,71518,111710,0
87343,65708,17821,153051,105164,83529,0
33848,25744,69577,59592,103425,95321,0
86180,79481,36150,165661,122330,115631,1
84940,71488,68925,156428,153865,140413,1
24637,49168,83753,73805,108390,132921,0
37137,38501,25591,75638,62728,64092,1
76679,98640,36287,175319,112966,134927,1
83872,29836,38156,113708,122028,67992,0
88411,64102,42977,152513,131388,107079,1
44914,42777,48003,87691,92917,90780,1
53664,20686,15837,74350,69501,36523,0
84669,53183,40473,137852,125142,93656,1
90854,16893,27914,107747,118768,44807,0
97234,18227,92543,115461,189777,110770,1
42211,6028,59487,48239,101698,65515,0
23380,80037,80264,103417,103644,160301,1
91055,82309,42465,173364,133520,124774,1
58720,42184,53355,100904,112075,95539,1
57984,99123,93392,157107,151376,192515,1
70219,75876,70668,146095,140887,146544,1
18944,7446,90729,26390,109673,98175,0
32052,573,18802,32625,50854,19375,0
77930,57071,96611,135001,174541,153682,1
62918,80935,71842,143853,134760,152777,1
18857,49927,81913,68784,100770,131840,0
90027,22835,28794,112862,118821,51629,0
17738,84203,45660,101941,63398,129863,0
60383,12194,76055,72577,136438,88249,0
98245,98998,73673,197243,171918,172671,1
41857,30779,65756,72636,107613,96535,1
13840,4890,38417,18730,52257,43307,0
50765,30898,62564,81663,113329,93462,1
32405,15812,90771,48217,123176,106583,0
77598,96154,32343,173752,109941,128497,1
88559,20543,10690,109102,99249,31233,0
42614,66213,23602,108827,66216,89815,1
32070,2256,62647,34326,94717,64903,0
30570,92360,17684,122930,48254,110044,0
74401,60853,85054,135254,159455,145907,1
12053,45718,34750,57771,46803,80468,1
23434,54705,88446,78139,111880,143151,0
29736,92249,91823,121985,121559,184072,1
49507,99746,34091,149253,83598,133837,0
90827,71943,98761,162770,189588,170704,1
68462,76665,21255,145127,89717,97920,1
39784,48884,15893,88668,55677,64777,1
48398,70826,69087,119224,117485,139913,1
49460,37440,68604,86900,118064,106044,1
6935,50136,1450,57071,8385,51586,0
25094,60698,45301,85792,70395,105999,1
99582,77840,34508,177422,134090,112348,1
68364,51342,94082,119706,162446,145424,1
21169,34149,97408,55318,118577,131557,0
27491,31010,13139,58501,40630,44149,1
57980,59849,60204,117829,118184,120053,1
46769,33527,24016,80296,70785,57543,1
78640,88567,64303,167207,142943,152870,1
80015,68873,70492,148888,150507,139365,1
4688,90296,2301,94984,6989,92597,0
47333,7021,30925,54354,78258,37946,0
98168,85248,68944,183416,167112,154192,1
94351,8650,64480,103001,158831,73130,0
67472,70195,20544,137667,88016,90739,1
44767,47760,73388,92527,118155,121148,1
77294,88438,36956,165732,114250,125394,1
53161,85464,7200,138625,60361,92664,0
90170,76166,15413,166336,105583,91579,1
71760,52498,66318,124258,138078,118816,1
79722,28428,34288,108150,114010,62716,0
3880,42390,1156,46270,5036,43546,0
90579,61002,92380,151581,182959,153382,1
34470,8883,5453,43353,39923,14336,0
80488,94792,85428,175280,165916,180220,1
98481,70090,71418,168571,169899,141508,1
49726,45626,12726,95352,62452,58352,1
18326,44795,10010,63121,28336,54805,0
6944,9914,60081,16858,67025,69995,0
50378,16237,48113,66615,98491,64350,1
76651,19515,81596,96166,158247,101111,1
87854,76648,47998,164502,135852,124646,1
59406,74915,3790,134321,63196,78705,0
63201,37211,71515,100412,134716,108726,1
735,90226,73296,90961,74031,163522,0
62052,41448,48613,103500,110665,90061,1
52226,35915,78724,88141,130950,114639,1
92892,81295,80674,174187,173566,161969,1
5209,43453,2369,48662,7578,45822,0
22393,95920,34303,118313,56696,130223,0
5230,39937,31571,45167,36801,71508,0
9194,93699,32310,102893,41504,126009,0
56623,23978,69442,80601,126065,93420,1
81020,77830,81088,158850,162108,158918,1
88357,37486,50316,125843,138673,87802,0
94515,52439,60228,146954,154743,112667,1
99901,49741,22711,149642,122612,72452,0
13623,19585,57605,33208,71228,77190,0
70049,68900,6224,138949,76273,75124,1
76291,1472,12227,77763,88518,13699,0
51846,96897,72555,148743,124401,169452,1
88353,97502,6767,185855,95120,104269,0
96834,75141,54068,171975,150902,129209,1
72363,36145,82155,108508,154518,118300,1
33002,91953,98140,124955,131142,190093,1
54508,47521,72212,102029,126720,119733,1
379,281,87095,660,87474,87376,0
84170,90465,41063,174635,125233,131528,1
94195,291,94694,94486,188889,94985,0
91715,16210,47468,107925,139183,63678,0
3112,94904,72704,98016,75816,167608,0
14307,51073,72258,65380,86565,123331,0
65267,10106,39535,75373,104802,49641,0
48905,4984,7436,53889,56341,12420,0
28814,43088,34125,71902,62939,77213,1
67218,74920,69186,142138,136404,144106,1
6800,51403,18455,58203,25255,69858,0
93491,92268,44094,185759,137585,136362,1
45940,54844,78820,100784,124760,133664,1
44342,36358,83706,80700,128048,120064,0
11139,19470,42785,30609,53924,62255,0
1243,3946,59688,5189,60931,63634,0
34172,83467,74732,117639,108904,158199,1
50136,59641,91710,109777,141846,151351,1
65552,51552,57352,117104,122904,108904,1
79011,15188,53118,94199,132129,68306,0
12410,45883,24877,58293,37287,70760,0
23624,53832,82139,77456,105763,135971,0
36281,59399,36425,95680,72706,95824,1
13438,71241,60255,84679,73693,131496,1
76735,33079,3368,109814,80103,36447,0
57406,77267,21437,134673,78843,98704,1
60157,40901,42257,101058,102414,83158,1
30116,17397,34700,47513,64816,52097,1
24586,65407,97416,89993,122002,162823,0
37130,88556,27818,125686,64948,116374,0
6196,53391,56888,59587,63084,110279,1
13311,13405,15884,26716,29195,29289,1
60434,10131,97042,70565,157476,107173,0
30355,90719,78842,121074,109197,169561,1
92555,90854,720,183409,93275,91574,0
8481,22761,20865,31242,29346,43626,1
8860,54954,2830,63814,11690,57784,0
64619,17330,46464,81949,111083,63794,0
24016,59996,27869,84012,51885,87865,0
48162,79642,64474,127804,112636,144116,1
46634,39703,38556,86337,85190,78259,1
10956,65602,13163,76558,24119,78765,0
12165,59790,2159,71955,14324,61949,0
54158,97830,55278,151988,109436,153108,1
47587,9243,22077,56830,69664,31320,0
10934,56079,70528,67013,81462,126607,0
19996,9417,1390,29413,21386,10807,0
64730,8068,2305,72798,67035,10373,0
42122,63954,37758,106076,79880,101712,1
35922,91710,91470,127632,127392,183180,1
21781,76457,72528,98238,94309,148985,1
2916,62093,98170,65009,101086,160263,0
92924,71763,70557,164687,163481,142320,1
28385,32761,32117,61146,60502,64878,1
47562,28835,62571,76397,110133,91406,1
44398,22894,30907,67292,75305,53801,1
38351,44247,68503,82598,106854,112750,1
69834,37360,4598,107194,74432,41958,0
67744,2363,53134,70107,120878,55497,0
5117,53867,41158,58984,46275,95025,0
448,61168,48401,61616,48849,109569,0
37006,45712,2142,82718,39148,47854,0
74816,45055,81667,119871,156483,126722,1
66985,82837,47653,149822,114638,130490,1
30087,73466,5306,103553,35393,78772,0
10934,17794,5487,28728,16421,23281,0
77789,92932,47271,170721,125060,140203,1
53354,40660,33543,94014,86897,74203,1
68095,52779,12539,120874,80634,65318,0
89423,34242,43878,123665,133301,78120,0
55400,91588,72494,146988,127894,164082,1
27939,41136,62929,69075,90868,104065,1
40470,35100,51424,75570,91894,86524,1
68251,48919,81888,117170,150139,130807,1
34788,72523,2971,107311,37759,75494,0
22193,91021,25207,113214,47400,116228,0
85650,58636,43397,144286,129047,102033,1
32042,57514,74337,89556,106379,131851,1
78416,66897,67210,145313,145626,134107,1
988,35992,21305,36980,22293,57297,0
194,11066,78046,11260,78240,89112,0
95080,30831,54085,125911,149165,84916,0
46592,77500,68367,124092,114959,145867,1
59260,10959,90524,70219,149784,101483,0
88637,25457,93522,114094,182159,118979,1
8200,6632,81352,14832,89552,87984,0
80951,60028,11474,140979,92425,71502,0
52142,91302,85760,143444,137902,177062,1
76201,70308,78292,146509,154493,148600,1
84523,73511,90506,158034,175029,164017,1
97135,36373,86417,133508,183552,122790,1
13830,38987,65582,52817,79412,104569,0
55311,51508,17530,106819,72841,69038,1
88842,85064,77120,173906,165962,162184,1
19948,18236,20462,38184,40410,38698,1
26934,79474,77530,106408,104464,157004,1
73207,88133,51884,161340,125091,140017,1
52434,31866,39770,84300,92204,71636,1
87789,43715,30178,131504,117967,73893,0
27884,22448,89470,50332,117354,111918,0
25693,96755,85024,122448,110717,181779,1
21401,32768,37613,54169,59014,70381,1
82325,15653,35297,97978,117622,50950,0
95580,67340,64163,162920,159743,131503,1
32048,27110,80898,59158,112946,108008,0
10731,96182,57018,106913,67749,153200,0
10374,3693,57171,14067,67545,60864,0
54788,54223,12097,109011,66885,66320,1
66651,57019,33148,123670,99799,90167,1
15179,11892,67170,27071,82349,79062,0
72018,30212,44732,102230,116750,74944,1
45757,59928,4656,105685,50413,64584,0
41134,8849,37830,49983,78964,46679,1
55659,65933,58595,121592,114254,124528,1
72844,85814,32986,158658,105830,118800,1
15136,28946,7341,44082,22477,36287,0
46943,74149,67754,121092,114697,141903,1
40685,71061,16086,111746,56771,87147,0
10036,63002,2523,73038,12559,65525,0
58103,83049,64647,141152,122750,147696,1
42769,86753,58225,129522,100994,144978,1
32248,72506,45049,104754,77297,117555,1
96581,39819,81938,136400,178519,121757,1
16021,18691,15242,34712,31263,33933,1
26064,4643,50395,30707,76459,55038,0
20207,58906,50430,79113,70637,109336,1
55046,61960,98656,117006,153702,160616,1
33594,62295,24769,95889,58363,87064,0
15444,46740,82424,62184,97868,129164,0
29622,25669,43409,55291,73031,69078,1
24700,75708,99448,100408,124148,175156,1
75035,8385,63971,83420,139006,72356,0
38322,51662,39134,89984,77456,90796,1
58679,61684,41925,120363,100604,103609,1
95279,73517,17199,168796,112478,90716,0
26638,62517,68509,89155,95147,131026,1
52339,41382,79060,93721,131399,120442,1
91542,32053,49848,123595,141390,81901,0
2740,17068,33867,19808,36607,50935,0
49913,53107,24620,103020,74533,77727,1
96648,38815,66767,135463,163415,105582,1
30154,26416,50561,56570,80715,76977,1
78654,76632,68375,155286,147029,145007,1
65298,26573,17333,91871,82631,43906,0
13621,39880,76138,53501,89759,116018,0
1606,74455,33203,76061,34809,107658,0
79487,34753,86308,114240,165795,121061,1
80984,86865,24006,167849,104990,110871,1
71968,33480,17766,105448,89734,51246,0
14426,54915,87415,69341,101841,142330,0
24800,50119,57171,74919,81971,107290,1
34975,56987,4967,91962,39942,61954,0
17316,2099,26039,19415,43355,28138,0
28824,53259,23948,82083,52772,77207,0
60978,24134,21486,85112,82464,45620,0
66191,41109,63538,107300,129729,104647,1
93634,68803,18769,162437,112403,87572,0
51041,5560,55092,56601,106133,60652,1
84603,40099,75824,124702,160427,115923,1
59338,86682,6883,146020,66221,93565,0
1337,10791,31695,12128,33032,42486,0
34338,94595,63212,128933,97550,157807,1
10394,69036,83058,79430,93452,152094,0
17180,34336,28407,51516,45587,62743,1
14133,63782,93196,77915,107329,156978,0
49929,77855,67273,127784,117202,145128,1
48900,74725,75224,123625,124124,149949,1
69989,79046,51907,149035,121896,130953,1
99417,53069,42929,152486,142346,95998,0
43418,67201,97159,110619,140577,164360,1
62973,31287,2117,94260,65090,33404,0
18951,79263,46663,98214,65614,125926,0
35970,46623,47422,82593,83392,94045,1
23135,8714,37867,31849,61002,46581,0
97024,89744,18590,186768,115614,108334,1
88920,10959,72441,99879,161361,83400,0
4642,20714,98490,25356,103132,119204,0
39481,43767,19195,83248,58676,62962,1
26778,28848,9011,55626,35789,37859,1
40739,79629,52747,120368,93486,132376,1
51204,90687,75666,141891,126870,166353,1
7989,73434,87881,81423,95870,161315,0
5268,69721,32153,74989,37421,101874,0
83433,15318,51354,98751,134787,66672,0
68611,59628,82954,128239,151565,142582,1
67342,83386,67336,150728,134678,150722,1
66214,56590,6536,122804,72750,63126,0
70045,79638,10914,149683,80959,90552,1
39042,92256,92559,131298,131601,184815,1
66948,88953,40487,155901,107435,129440,1
6578,13757,6331,20335,12909,20088,0
85476,61387,69448,146863,154924,130835,1
1634,49340,43349,50974,44983,92689,0
29633,85530,29063,115163,58696,114593,0
269,65152,52105,65421,52374,117257,0
23053,68782,86854,91835,109907,155636,1
19472,79636,57931,99108,77403,137567,0
49992,49434,44222,99426,94214,93656,1
27161,196,50431,27357,77592,50627,0
49148,32951,86737,82099,135885,119688,0
75631,16070,33043,91701,108674,49113,0
1704,93548,62109,95252,63813,155657,0
44942,45892,71225,90834,116167,117117,1
76105,1734,17066,77839,93171,18800,0
96019,35757,31289,131776,127308,67046,0
81962,81903,47319,163865,129281,129222,1
36956,1567,64262,38523,101218,65829,0
55630,21293,94084,76923,149714,115377,0
7290,30002,40232,37292,47522,70234,0
84649,62873,71458,147522,156107,134331,1
71003,88695,75421,159698,146424,164116,1
23018,28622,52945,51640,75963,81567,0
18621,2682,29498,21303,48119,32180,0
16152,65511,59697,81663,75849,125208,1
82010,26839,68369,108849,150379,95208,1
41302,77006,10616,118308,51918,87622,0
78984,41364,35409,120348,114393,76773,0
4173,44363,19784,48536,23957,64147,0
62659,28195,79417,90854,142076,107612,1
28041,50361,26211,78402,54252,76572,1
25916,37870,55710,63786,81626,93580,1
54538,14014,18363,68552,72901,32377,0
74814,40468,70783,115282,145597,111251,1
33010,69616,87345,102626,120355,156961,1
72106,62922,4856,135028,76962,67778,0
24885,71320,1869,96205,26754,73189,0
35327,21172,13016,56499,48343,34188,0
2283,24781,35716,27064,37999,60497,0
77770,30691,38936,108461,116706,69627,0
98297,8919,12600,107216,110897,21519,0
56460,66309,45807,122769,102267,112116,1
55024,33682,92707,88706,147731,126389,0
47175,8283,71570,55458,118745,79853,0
25617,34026,20607,59643,46224,54633,1
13604,6800,81959,20404,95563,88759,0
64550,11914,47704,76464,112254,59618,0
99020,31019,49061,130039,148081,80080,0
97398,63484,39448,160882,136846,102932,1
56253,60592,75599,116845,131852,136191,1
60041,91013,28521,151054,88562,119534,0
181,89344,47318,89525,47499,136662,0
48384,45013,56725,93397,105109,101738,1
10755,41371,82984,52126,93739,124355,0
88606,78917,68291,167523,156897,147208,1
26113,81801,86298,107914,112411,168099,1
20290,7955,45365,28245,65655,53320,0
10803,16116,75911,26919,86714,92027,0
9959,22975,39195,32934,49154,62170,0
66108,20078,13636,86186,79744,33714,0
36231,85338,64892,121569,101123,150230,1
51311,92770,68867,144081,120178,161637,1
77091,61929,27680,139020,104771,89609,1
26574,88264,73300,114838,99874,161564,1
51836,15328,49355,67164,101191,64683,1
70627,16126,82295,86753,152922,98421,1
30341,29428,82162,59769,112503,111590,0
73753,58151,60872,131904,134625,119023,1
70549,86840,10509,157389,81058,97349,0
6376,24998,76058,31374,82434,101056,0
93426,12375,4225,105801,97651,16600,0
28063,16453,95410,44516,123473,111863,0
56110,41654,65061,97764,121171,106715,1
18951,22549,19445,41500,38396,41994,1
2826,45540,84556,48366,87382,130096,0
63215,61011,26858,124226,90073,87869,1
40994,35600,9251,76594,50245,44851,1
99899,59661,19034,159560,118933,78695,0
32779,77668,30411,110447,63190,108079,0
83507,15938,63916,99445,147423,79854,0
65483,61618,98338,127101,163821,159956,1
43534,5767,84320,49301,127854,90087,0
62199,6371,11819,68570,74018,18190,0
89557,34395,18267,123952,107824,52662,0
4579,22585,57965,27164,62544,80550,0
45998,86749,15264,132747,61262,102013,0
96312,71297,445,167609,96757,71742,0
13846,3590,36937,17436,50783,40527,0
13366,20625,16884,33991,30250,37509,1
11176,66237,27550,77413,38726,93787,0
20132,62419,58808,82551,78940,121227,1
20748,73778,14458,94526,35206,88236,0
1672,99202,49566,100874,51238,148768,0
76178,23228,94828,99406,171006,118056,1
48254,50909,15410,99163,63664,66319,1
62171,18392,85922,80563,148093,104314,0
82568,81318,80066,163886,162634,161384,1
2052,12103,77143,14155,79195,89246,0
39838,5317,19563,45155,59401,24880,0
89714,98296,45142,188010,134856,143438,1
86164,36975,41936,123139,128100,78911,0
96612,35606,98656,132218,195268,134262,1
17004,94843,22337,111847,39341,117180,0
98415,78762,77200,177177,175615,155962,1
31832,464,76368,32296,108200,76832,0
37158,87751,49130,124909,86288,136881,0
41956,22940,83150,64896,125106,106090,0
15147,89031,31827,104178,46974,120858,0
46977,12365,53363,59342,100340,65728,1
4476,19932,54672,24408,59148,74604,0
96885,26136,15357,123021,112242,41493,0
56066,19544,42043,75610,98109,61587,1
2608,94085,74560,96693,77168,168645,0
30691,71167,27178,101858,57869,98345,0
86749,3047,62327,89796,149076,65374,0
97528,24173,47371,121701,144899,71544,0
41863,25492,61738,67355,103601,87230,1
99643,54505,28187,154148,127830,82692,0
62887,36775,9627,99662,72514,46402,0
79142,70335,70589,149477,149731,140924,1
87362,53040,63143,140402,150505,116183,1
77260,72145,24491,149405,101751,96636,1
16805,3593,23105,20398,39910,26698,0
88687,62568,31265,151255,119952,93833,1
75095,96123,67814,171218,142909,163937,1
44980,79649,41265,124629,86245,120914,1
46277,2553,38075,48830,84352,40628,0
81682,29349,47728,111031,129410,77077,0
67560,12440,80446,80000,148006,92886,0
70492,51014,76276,121506,146768,127290,1
22474,29470,93883,51944,116357,123353,0
46715,75384,57806,122099,104521,133190,1
65993,90448,76773,156441,142766,167221,1
56672,57835,20953,114507,77625,78788,1
32812,48718,32856,81530,65668,81574,1
79764,60612,57292,140376,137056,117904,1
79536,49884,91825,129420,171361,141709,1
55369,48525,55513,103894,110882,104038,1
135,79880,64770,80015,64905,144650,0
44289,65426,26854,109715,71143,92280,1
25414,66794,66101,92208,91515,132895,1
77878,86694,43708,164572,121586,130402,1
7244,72378,97809,79622,105053,170187,0
21940,33566,86831,55506,108771,120397,0
47910,81095,40205,129005,88115,121300,1
69470,28956,94585,98426,164055,123541,1
12809,18393,11475,31202,24284,29868,1
22814,27938,50728,50752,73542,78666,1
77795,42322,15258,120117,93053,57580,0
91224,31178,22695,122402,113919,53873,0
48134,98758,4701,146892,52835,103459,0
58020,75035,26329,133055,84349,101364,1
66714,62383,53011,129097,119725,115394,1
29384,96981,45940,126365,75324,142921,0
63150,54117,97399,117267,160549,151516,1
38082,52289,47950,90371,86032,100239,1
21915,20583,99134,42498,121049,119717,0
90821,71187,64426,162008,155247,135613,1
80738,80392,69099,161130,149837,149491,1
8064,59637,16509,67701,24573,76146,0
98199,16260,9142,114459,107341,25402,0
85590,8998,3572,94588,89162,12570,0
88456,36031,40122,124487,128578,76153,0
70336,27432,55540,97768,125876,82972,1
61164,54996,80879,116160,142043,135875,1
29919,91491,42610,121410,72529,134101,0
73626,93991,25609,167617,99235,119600,1
91745,79750,59272,171495,151017,139022,1
28247,56861,17267,85108,45514,74128,0
15954,21266,47293,37220,63247,68559,0
79618,9394,52333,89012,131951,61727,0
4635,14133,75647,18768,80282,89780,0
43568,13554,72217,57122,115785,85771,0
49377,53899,91483,103276,140860,145382,1
93297,79738,40855,173035,134152,120593,1
34267,33549,41360,67816,75627,74909,1
57322,85121,91748,142443,149070,176869,1
97302,32114,85169,129416,182471,117283,1
77974,4336,27408,82310,105382,31744,0
15541,9686,43185,25227,58726,52871,0
17466,51677,87782,69143,105248,139459,0
75423,521,22866,75944,98289,23387,0
93838,9868,98371,103706,192209,108239,1
92549,58003,35689,150552,128238,93692,1
1666,79075,3523,80741,5189,82598,0
76189,5365,83796,81554,159985,89161,0
22011,87216,14585,109227,36596,101801,0
686,29553,61330,30239,62016,90883,0
38697,6511,70423,45208,109120,76934,0
92964,58983,21346,151947,114310,80329,0
16485,78548,76051,95033,92536,154599,1
555,69531,30158,70086,30713,99689,0
57145,14944,95254,72089,152399,110198,0
89409,58987,92486,148396,181895,151473,1
39243,64688,40959,103931,80202,105647,1
91688,97389,15379,189077,107067,112768,1
82772,73800,74586,156572,157358,148386,1
9627,91144,73088,100771,82715,164232,0
55935,82151,38721,138086,94656,120872,1
7760,60177,49466,67937,57226,109643,0
80220,62063,77814,142283,158034,139877,1
29759,73121,736,102880,30495,73857,0
90114,48999,99140,139113,189254,148139,1
79580,93400,62515,172980,142095,155915,1
39978,893,16295,40871,56273,17188,0
23782,29361,25392,53143,49174,54753,1
23914,82858,30242,106772,54156,113100,0
75717,59317,98872,135034,174589,158189,1
94115,95817,34448,189932,128563,130265,1
75858,76461,69231,152319,145089,145692,1
4277,20333,20865,24610,25142,41198,1
32761,60864,88278,93625,121039,149142,1
92561,74879,48207,167440,140768,123086,1
90401,33358,50972,123759,141373,84330,0
74179,54857,23395,129036,97574,78252,1
33017,13767,35645,46784,68662,49412,1
75564,38893,37228,114457,112792,76121,1
46836,27440,66548,74276,113384,93988,1
23796,17084,32436,40880,56232,49520,1
76758,32465,36065,109223,112823,68530,0
99043,85312,38924,184355,137967,124236,1
6196,9612,52502,15808,58698,62114,0
47344,56178,71766,103522,119110,127944,1
58010,20165,79057,78175,137067,99222,0
61051,66222,88295,127273,149346,154517,1
79512,32081,98740,111593,178252,130821,1
65787,16104,48512,81891,114299,64616,0
48943,70494,23601,119437,72544,94095,1
69646,90502,11708,160148,81354,102210,0
49947,98144,94894,148091,144841,193038,1
88201,35568,76522,123769,164723,112090,1
82146,43334,21073,125480,103219,64407,0
37665,8853,83687,46518,121352,92540,0
48430,21554,32811,69984,81241,54365,1
83576,59453,2254,143029,85830,61707,0
92006,57726,6825,149732,98831,64551,0
58928,44099,80006,103027,138934,124105,1
71998,86698,41412,158696,113410,128110,1
76213,7316,30332,83529,106545,37648,0
64312,38152,5227,102464,69539,43379,0
44151,22429,90244,66580,134395,112673,0
13308,50735,46995,64043,60303,97730,1
69356,82330,64315,151686,133671,146645,1
30046,30319,92635,60365,122681,122954,0
5442,49183,44416,54625,49858,93599,1
86664,2828,31944,89492,118608,34772,0
48439,54882,65330,103321,113769,120212,1
44711,66039,5945,110750,50656,71984,0
62373,37946,95976,100319,158349,133922,1
48661,81336,32995,129997,81656,114331,1
72145,51172,45121,123317,117266,96293,1
54047,67778,79039,121825,133086,146817,1
878,36949,32595,37827,33473,69544,0
95330,7651,31038,102981,126368,38689,0
28990,1657,52268,30647,81258,53925,0
5671,18893,20884,24564,26555,39777,1
56981,49966,58626,106947,115607,108592,1
74390,66925,76087,141315,150477,143012,1
14971,38384,2664,53355,17635,41048,0
76574,28528,2281,105102,78855,30809,0
40858,59481,30387,100339,71245,89868,1
43732,35243,88870,78975,132602,124113,0
12813,44488,76799,57301,89612,121287,0
68004,34106,15130,102110,83134,49236,0
58331,66515,92971,124846,151302,159486,1
22564,26498,93763,49062,116327,120261,0
46441,30370,10247,76811,56688,40617,0
79853,74384,89320,154237,169173,163704,1
90122,9249,32202,99371,122324,41451,0
52932,62323,52037,115255,104969,114360,1
22737,18556,32448,41293,55185,51004,1
58258,68189,15003,126447,73261,83192,1
80583,49213,84016,129796,164599,133229,1
32355,72932,94174,105287,126529,167106,1
35772,22894,99622,58666,135394,122516,0
86701,82593,8021,169294,94722,90614,1
31951,38040,71073,69991,103024,109113,0
11333,86316,87614,97649,98947,173930,1
9763,35399,13596,45162,23359,48995,0
13439,37542,551,50981,13990,38093,0
3992,13025,89421,17017,93413,102446,0
98782,81343,40556,180125,139338,121899,1
58682,29636,87353,88318,146035,116989,1
2763,8092,68190,10855,70953,76282,0
18826,33685,56805,52511,75631,90490,0
96628,29555,95231,126183,191859,124786,1
78733,99529,79078,178262,157811,178607,1
97700,17970,20084,115670,117784,38054,0
6483,82918,71320,89401,77803,154238,0
74051,927,37619,74978,111670,38546,0
43953,67882,14215,111835,58168,82097,0
30705,7927,10505,38632,41210,18432,0
76042,67687,10344,143729,86386,78031,1
22165,80610,49492,102775,71657,130102,0
48579,78797,42418,127376,90997,121215,1
68169,89209,91673,157378,159842,180882,1
60094,68127,74362,128221,134456,142489,1
70087,61245,16399,131332,86486,77644,1
61123,57184,1641,118307,62764,58825,0
76786,56751,47815,133537,124601,104566,1
36132,73459,93560,109591,129692,167019,1
43408,97228,52714,140636,96122,149942,0
71682,28836,80940,100518,152622,109776,1
85065,84009,18101,169074,103166,102110,1
89110,83713,9594,172823,98704,93307,1
91660,90059,35943,181719,127603,126002,1
16866,21769,47064,38635,63930,68833,0
21070,94577,78077,115647,99147,172654,1
70424,27669,591,98093,71015,28260,0
28597,80228,98672,108825,127269,178900,1
56896,9769,14488,66665,71384,24257,0
55730,42481,89978,98211,145708,132459,1
47588,64438,83640,112026,131228,148078,1
80931,72568,17701,153499,98632,90269,1
11761,33562,42111,45323,53872,75673,1
84769,46839,17679,131608,102448,64518,0
59187,19443,96163,78630,155350,115606,0
2272,20851,60505,23123,62777,81356,0
27865,84245,16966,112110,44831,101211,0
55311,4745,37612,60056,92923,42357,0
69655,72993,64850,142648,134505,137843,1
66711,5476,84622,72187,151333,90098,0
53658,71000,83633,124658,137291,154633,1
81305,65202,12656,146507,93961,77858,0
88890,12577,46852,101467,135742,59429,0
27252,55939,64887,83191,92139,120826,1
45497,66555,76156,112052,121653,142711,1
96350,4678,23092,101028,119442,27770,0
38886,23376,26183,62262,65069,49559,1
55374,17822,84936,73196,140310,102758,0
15400,9238,48313,24638,63713,57551,0
44591,32343,46083,76934,90674,78426,1
97055,37446,40885,134501,137940,78331,0
86540,97808,31517,184348,118057,129325,1
18433,9988,50226,28421,68659,60214,0
46872,46617,48024,93489,94896,94641,1
14869,48222,40423,63091,55292,88645,1
91339,27426,14459,118765,105798,41885,0
11508,21191,41561,32699,53069,62752,0
75045,62182,59888,137227,134933,122070,1
1306,98050,38719,99356,40025,136769,0
5099,77295,78288,82394,83387,155583,1
99677,24877,18405,124554,118082,43282,0
44721,41912,49772,86633,94493,91684,1
98946,40083,58419,139029,157365,98502,0
42729,50769,34808,93498,77537,85577,1
13997,37793,13105,51790,27102,50898,0
56087,66163,68167,122250,124254,134330,1
59383,71185,9923,130568,69306,81108,0
71559,81796,94643,153355,166202,176439,1
73749,465,50384,74214,124133,50849,0
94989,15329,96289,110318,191278,111618,1
28084,66376,99448,94460,127532,165824,0
26203,63121,14324,89324,40527,77445,0
29044,3116,62549,32160,91593,65665,0
19672,93969,38492,113641,58164,132461,0
38974,82837,63546,121811,102520,146383,1
56576,54485,70455,111061,127031,124940,1
97639,53363,92787,151002,190426,146150,1
46462,63393,6030,109855,52492,69423,0
89389,64865,96813,154254,186202,161678,1
73088,38981,19520,112069,92608,58501,0
30488,27739,28503,58227,58991,56242,1
27175,38738,13206,65913,40381,51944,1
37211,83671,37224,120882,74435,120895,0
89917,47770,49774,137687,139691,97544,1
20394,66728,63027,87122,83421,129755,1
95042,32627,23614,127669,118656,56241,0
3990,38633,25222,42623,29212,63855,0
57373,15139,4261,72512,61634,19400,0
74313,92661,35143,166974,109456,127804,1
89313,19945,18903,109258,108216,38848,0
76632,38530,42598,115162,119230,81128,1
7882,19341,7005,27223,14887,26346,0
55765,15515,72084,71280,127849,87599,0
94338,12557,53672,106895,148010,66229,0
11139,91120,53484,102259,64623,144604,0
44901,92883,20631,137784,65532,113514,0
5922,57032,47271,62954,53193,104303,0
12192,47547,7332,59739,19524,54879,0
46405,4461,74354,50866,120759,78815,0
26223,40919,2925,67142,29148,43844,0
24375,76351,3999,100726,28374,80350,0
10007,27841,13353,37848,23360,41194,0
17914,40781,64824,58695,82738,105605,0
60879,83968,40569,144847,101448,124537,1
69897,43420,15145,113317,85042,58565,0
51058,11491,34785,62549,85843,46276,0
34520,88717,10435,123237,44955,99152,0
15601,82892,22506,98493,38107,105398,0
66226,92282,65259,158508,131485,157541,1
73829,17501,62880,91330,136709,80381,1
23778,58521,74523,82299,98301,133044,1
28104,37571,27653,65675,55757,65224,1
81301,89189,72938,170490,154239,162127,1
2467,5560,38802,8027,41269,44362,0
37079,95493,52958,132572,90037,148451,0
36639,11641,46833,48280,83472,58474,1
42728,42524,88161,85252,130889,130685,0
48944,89076,61265,138020,110209,150341,1
20942,22266,82987,43208,103929,105253,0
93929,22381,67660,116310,161589,90041,0
90210,88337,64318,178547,154528,152655,1
24315,74868,68633,99183,92948,143501,1
95721,71742,5882,167463,101603,77624,0
43323,31026,5810,74349,49133,36836,0
5765,73891,49614,79656,55379,123505,0
93602,83605,45401,177207,139003,129006,1
67221,53864,50136,121085,117357,104000,1
40863,60928,33396,101791,74259,94324,1
49720,23768,91692,73488,141412,115460,0
83354,2333,2544,85687,85898,4877,0
57920,19965,56456,77885,114376,76421,1
46311,31251,55317,77562,101628,86568,1
42604,82151,31467,124755,74071,113618,0
45169,55038,81781,100207,126950,136819,1
20665,13936,87845,34601,108510,101781,0
4099,29957,42025,34056,46124,71982,0
93572,97558,23430,191130,117002,120988,1
68945,70507,47145,139452,116090,117652,1
56880,10953,46517,67833,103397,57470,1
95706,73833,23581,169539,119287,97414,1
31445,21041,89404,52486,120849,110445,0
20669,2596,93220,23265,113889,95816,0
75357,26070,81604,101427,156961,107674,1
24677,76797,22392,101474,47069,99189,0
73021,52663,76815,125684,149836,129478,1
26411,54228,67615,80639,94026,121843,1
11539,57492,76205,69031,87744,133697,0
81089,3129,21102,84218,102191,24231,0
92419,34843,39051,127262,131470,73894,0
19965,75488,27316,95453,47281,102804,0
4265,98999,2416,103264,6681,101415,0
17155,23579,10958,40734,28113,34537,1
34597,56877,84599,91474,119196,141476,1
32122,55988,54916,88110,87038,110904,1
87867,43912,74998,131779,162865,118910,1
4452,44208,10673,48660,15125,54881,0
18845,65239,66171,84084,85016,131410,1
83386,66461,62741,149847,146127,129202,1
39322,56296,58394,95618,97716,114690,1
19949,6091,78299,26040,98248,84390,0
47743,83268,25087,131011,72830,108355,0
54517,25680,46519,80197,101036,72199,1
2609,66004,17115,68613,19724,83119,0
7617,78172,74409,85789,82026,152581,1
865,18749,89690,19614,90555,108439,0
7741,18423,56304,26164,64045,74727,0
47341,60966,99280,108307,146621,160246,1
66491,71856,44406,138347,110897,116262,1
660,41283,1981,41943,2641,43264,0
64180,86174,81812,150354,145992,167986,1
32978,61869,663,94847,33641,62532,0
85344,36793,46920,122137,132264,83713,0
87164,30668,73062,117832,160226,103730,1
55244,68869,51079,124113,106323,119948,1
72815,26787,62676,99602,135491,89463,1
90574,35042,35266,125616,125840,70308,0
24082,68296,56314,92378,80396,124610,1
79343,49632,87327,128975,166670,136959,1
18467,84715,81841,103182,100308,166556,1
33658,83893,41660,117551,75318,125553,0
76268,71514,78955,147782,155223,150469,1
39742,48876,97844,88618,137586,146720,0
97880,94305,51431,192185,149311,145736,1
19848,73306,97087,93154,116935,170393,0
76040,81395,93717,157435,169757,175112,1
15384,94521,78459,109905,93843,172980,0
85343,8383,20333,93726,105676,28716,0
89993,82363,23215,172356,113208,105578,1
28643,8925,28988,37568,57631,37913,1
7222,21950,37915,29172,45137,59865,0
81822,25893,4056,107715,85878,29949,0
12663,91996,27084,104659,39747,119080,0
30799,54437,78533,85236,109332,132970,1
8135,70769,17772,78904,25907,88541,0
500,49462,60127,49962,60627,109589,0
61805,75106,82666,136911,144471,157772,1
58098,39124,25238,97222,83336,64362,1
1476,18313,91126,19789,92602,109439,0
58440,53609,20754,112049,79194,74363,1
83278,6397,58226,89675,141504,64623,0
69401,10288,92578,79689,161979,102866,0
97723,34171,7959,131894,105682,42130,0
84812,450,76960,85262,161772,77410,0
48938,27542,79493,76480,128431,107035,0
32711,22945,77297,55656,110008,100242,0
71073,8148,84179,79221,155252,92327,0
2811,61383,10379,64194,13190,71762,0
11634,79331,56958,90965,68592,136289,0
22368,57654,79753,80022,102121,137407,1
76876,58106,65784,134982,142660,123890,1
96533,76202,28452,172735,124985,104654,1
78277,4116,59889,82393,138166,64005,0
62937,55947,20400,118884,83337,76347,1
18906,41755,8569,60661,27475,50324,0
57974,57599,18371,115573,76345,75970,1
18226,17127,63948,35353,82174,81075,0
16176,82406,7458,98582,23634,89864,0
96541,50921,96087,147462,192628,147008,1
11779,99545,82513,111324,94292,182058,0
56204,56557,73540,112761,129744,130097,1
88810,24859,78669,113669,167479,103528,1
24411,64294,71579,88705,95990,135873,1
45528,89594,11301,135122,56829,100895,0
61532,41447,19342,102979,80874,60789,0
39529,46258,49295,85787,88824,95553,1
57932,3682,39584,61614,97516,43266,0
78490,33026,9233,111516,87723,42259,0
22044,2778,19620,24822,41664,22398,1
42350,60003,28705,102353,71055,88708,1
29759,92927,56934,122686,86693,149861,0
69224,819,9724,70043,78948,10543,0
5210,1479,61647,6689,66857,63126,0
92501,68587,40153,161088,132654,108740,1
59821,40851,55911,100672,115732,96762,1
23662,50394,47291,74056,70953,97685,1
44009,63688,78264,107697,122273,141952,1
42506,18909,82753,61415,125259,101662,0
61036,34275,68662,95311,129698,102937,1
89034,73684,50337,162718,139371,124021,1
61496,76000,93740,137496,155236,169740,1
46089,57802,5122,103891,51211,62924,0
30934,73107,68602,104041,99536,141709,1
66604,89994,66745,156598,133349,156739,1
64771,94582,87382,159353,152153,181964,1
80328,22656,37350,102984,117678,60006,0
76955,1379,2509,78334,79464,3888,0
7451,63749,77084,71200,84535,140833,0
79818,25660,62167,105478,141985,87827,1
35370,41687,89732,77057,125102,131419,0
52862,3927,64183,56789,117045,68110,0
89796,49209,53047,139005,142843,102256,1
90456,59624,42030,150080,132486,101654,1
51943,34648,70445,86591,122388,105093,1
58231,12407,3382,70638,61613,15789,0
40554,23924,31436,64478,71990,55360,1
59856,48977,52799,108833,112655,101776,1
45106,3538,98586,48644,143692,102124,0
83770,97529,8767,181299,92537,106296,0
60428,84276,61961,144704,122389,146237,1
94211,45598,88413,139809,182624,134011,1
17193,95819,39033,113012,56226,134852,0
99288,36235,28247,135523,127535,64482,0
29450,84891,69629,114341,99079,154520,1
9153,56711,2777,65864,11930,59488,0
34815,14519,506,49334,35321,15025,0
89626,41315,65830,130941,155456,107145,1
74159,83965,67968,158124,142127,151933,1
88851,16638,7609,105489,96460,24247,0
40115,70112,8434,110227,48549,78546,0
9508,68981,11356,78489,20864,80337,0
48239,87344,67461,135583,115700,154805,1
73854,62079,24533,135933,98387,86612,1
82401,77213,26128,159614,108529,103341,1
82069,89676,42194,171745,124263,131870,1
56640,88861,85332,145501,141972,174193,1
50727,39104,95148,89831,145875,134252,0
50295,65908,27060,116203,77355,92968,1
85742,56788,92605,142530,178347,149393,1
16788,37300,71408,54088,88196,108708,0
18549,54135,89617,72684,108166,143752,0
53136,40082,11233,93218,64369,51315,0
74417,11099,67260,85516,141677,78359,1
86280,15278,43906,101558,130186,59184,0
78005,21666,99949,99671,177954,121615,0
32857,22113,74291,54970,107148,96404,0
27368,36601,87887,63969,115255,124488,0
73791,61202,57426,134993,131217,118628,1
57859,40124,18553,97983,76412,58677,1
12974,30238,41592,43212,54566,71830,1
66215,29236,50246,95451,116461,79482,1
29025,72566,65049,101591,94074,137615,1
83373,59125,50541,142498,133914,109666,1
36826,71603,99470,108429,136296,171073,1
35337,19873,37737,55210,73074,57610,1
5926,17030,77042,22956,82968,94072,0
35254,74528,80847,109782,116101,155375,1
12124,42235,9360,54359,21484,51595,0
9740,86455,25010,96195,34750,111465,0
5264,27650,25491,32914,30755,53141,1
74195,61451,53770,135646,127965,115221,1
10313,55470,42503,65783,52816,97973,0
73393,81272,24157,154665,97550,105429,1
82085,53311,20589,135396,102674,73900,0
60093,80673,30809,140766,90902,111482,1
91270,40485,25327,131755,116597,65812,0
98130,28416,72732,126546,170862,101148,1
48385,64743,7367,113128,55752,72110,0
62481,91104,42991,153585,105472,134095,1
43036,66674,41931,109710,84967,108605,1
77135,59348,23444,136483,100579,82792,1
67756,2822,43168,70578,110924,45990,0
83445,77161,95352,160606,178797,172513,1
83558,59190,92921,142748,176479,152111,1
19148,52367,46448,71515,65596,98815,1
3741,2829,41807,6570,45548,44636,0
8378,2146,43046,10524,51424,45192,0
59701,91506,34215,151207,93916,125721,1
28612,81510,43699,110122,72311,125209,0
47065,16203,65888,63268,112953,82091,0
97575,75329,40983,172904,138558,116312,1
48425,67492,16527,115917,64952,84019,0
35354,39797,25198,75151,60552,64995,1
41127,48997,91403,90124,132530,140400,0
96655,8901,59546,105556,156201,68447,0
80157,66369,42786,146526,122943,109155,1
53146,41250,34511,94396,87657,75761,1
30388,14713,34663,45101,65051,49376,1
67750,54285,45267,122035,113017,99552,1
67511,61521,58642,129032,126153,120163,1
13574,89562,53646,103136,67220,143208,0
77,36641,47058,36718,47135,83699,0
63222,51167,26017,114389,89239,77184,1
27248,65478,73246,92726,100494,138724,1
54274,55185,61522,109459,115796,116707,1
31415,96301,31629,127716,63044,127930,0
36523,4237,10205,40760,46728,14442,0
25123,61979,16122,87102,41245,78101,0
30980,92217,97144,123197,128124,189361,1
31167,14537,71469,45704,102636,86006,0
25107,94482,65404,119589,90511,159886,0
61344,59074,27376,120418,88720,86450,1
70892,43769,57534,114661,128426,101303,1
3505,77410,38592,80915,42097,116002,0
9547,18765,36010,28312,45557,54775,0
22791,70244,88774,93035,111565,159018,1
33683,51431,79988,85114,113671,131419,1
21576,30980,88625,52556,110201,119605,0
50387,36013,10299,86400,60686,46312,0
6523,60636,78544,67159,85067,139180,0
41766,77536,50988,119302,92754,128524,1
12469,54484,90769,66953,103238,145253,0
27494,99652,97908,127146,125402,197560,1
75561,28827,79001,104388,154562,107828,1
56188,88517,47287,144705,103475,135804,1
68189,64024,60840,132213,129029,124864,1
59109,31363,12614,90472,71723,43977,0
63166,50337,88965,113503,152131,139302,1
24710,24135,51955,48845,76665,76090,0
78678,34539,64322,113217,143000,98861,1
4618,46881,8906,51499,13524,55787,0
53423,75816,39647,129239,93070,115463,1
99241,23405,31379,122646,130620,54784,0
74403,39696,57168,114099,131571,96864,1
57673,13585,71647,71258,129320,85232,0
45252,88660,34939,133912,80191,123599,0
59111,26879,36303,85990,95414,63182,1
63475,32688,71851,96163,135326,104539,1
42280,40058,24414,82338,66694,64472,1
18343,35882,30533,54225,48876,66415,1
22614,84596,98147,107210,120761,182743,1
63242,84862,4684,148104,67926,89546,0
52265,86682,78489,138947,130754,165171,1
60993,97333,58579,158326,119572,155912,1
68755,6217,59676,74972,128431,65893,0
51898,34083,12792,85981,64690,46875,0
71396,83355,91332,154751,162728,174687,1
93265,20574,73933,113839,167198,94507,1
61307,46443,81403,107750,142710,127846,1
12494,28957,12207,41451,24701,41164,0
67972,43473,2383,111445,70355,45856,0
25466,48565,15835,74031,41301,64400,0
73830,76942,26491,150772,100321,103433,1
52272,62451,36999,114723,89271,99450,1
99577,5771,40710,105348,140287,46481,0
48737,55819,49284,104556,98021,105103,1
48636,17514,98077,66150,146713,115591,0
41944,71014,26104,112958,68048,97118,0
25727,78737,50387,104464,76114,129124,0
93582,20793,81205,114375,174787,101998,1
99070,25756,53784,124826,152854,79540,0
82925,40599,18883,123524,101808,59482,0
48593,59616,38431,108209,87024,98047,1
93483,90657,82934,184140,176417,173591,1
64336,53028,35275,117364,99611,88303,1
98331,73558,42602,171889,140933,116160,1
14381,28452,80150,42833,94531,108602,0
18758,17124,95647,35882,114405,112771,0
75990,96143,73937,172133,149927,170080,1
52880,63734,76258,116614,129138,139992,1
78100,45695,62050,123795,140150,107745,1
48698,70458,20092,119156,68790,90550,0
49477,63260,45479,112737,94956,108739,1
69028,16316,29437,85344,98465,45753,0
67142,53571,71579,120713,138721,125150,1
25478,5334,55942,30812,81420,61276,0
257,5394,44416,5651,44673,49810,0
18575,25367,68393,43942,86968,93760,0
56157,65167,33166,121324,89323,98333,1
86891,95124,25662,182015,112553,120786,1
62225,97427,3704,159652,65929,101131,0
67627,32589,14915,100216,82542,47504,0
94852,57449,42773,152301,137625,100222,1
5826,62629,86164,68455,91990,148793,0
17992,21387,52299,39379,70291,73686,0
6295,87975,98378,94270,104673,186353,0
54963,20119,4286,75082,59249,24405,0
36248,44237,64190,80485,100438,108427,1
92294,2913,27154,95207,119448,30067,0
31883,52142,17953,84025,49836,70095,0
41004,65422,8893,106426,49897,74315,0
49658,11080,68562,60738,118220,79642,0
31754,86141,69040,117895,100794,155181,1
70519,6565,81659,77084,152178,88224,0
35132,84973,55041,120105,90173,140014,1
29504,88989,49245,118493,78749,138234,0
84064,49656,94118,133720,178182,143774,1
74287,61600,78623,135887,152910,140223,1
88309,24922,90937,113231,179246,115859,1
50632,44431,54619,95063,105251,99050,1
82613,62045,61090,144658,143703,123135,1
92695,11054,82515,103749,175210,93569,1
91329,40160,59185,131489,150514,99345,1
99358,23894,62335,123252,161693,86229,0
52305,79602,42168,131907,94473,121770,1
67955,68485,25661,136440,93616,94146,1
67427,91199,76770,158626,144197,167969,1
51740,94205,16348,145945,68088,110553,0
16837,91055,13888,107892,30725,104943,0
38491,19115,28832,57606,67323,47947,1
58123,27292,89279,85415,147402,116571,0
7079,44717,36434,51796,43513,81151,0
10071,70912,6979,80983,17050,77891,0
99110,170,92605,99280,191715,92775,0
77465,58359,99592,135824,177057,157951,1
90304,88057,97215,178361,187519,185272,1
36315,49017,55729,85332,92044,104746,1
19669,56221,96262,75890,115931,152483,0
53158,51640,76795,104798,129953,128435,1
24232,46188,87950,70420,112182,134138,0
54123,58384,67594,112507,121717,125978,1
18349,37710,59762,56059,78111,97472,0
78362,51023,11009,129385,89371,62032,0
81517,53421,18818,134938,100335,72239,0
65338,8172,48644,73510,113982,56816,0
677,78769,24168,79446,24845,102937,0
27667,97888,11958,125555,39625,109846,0
67824,20740,54037,88564,121861,74777,1
62216,32986,4745,95202,66961,37731,0
30921,5818,56474,36739,87395,62292,0
34128,82645,17142,116773,51270,99787,0
17354,62202,64074,79556,81428,126276,1
62228,32468,30898,94696,93126,63366,1
31600,38061,86904,69661,118504,124965,0
59901,97279,62696,157180,122597,159975,1
50377,89303,11916,139680,62293,101219,0
8110,90124,40419,98234,48529,130543,0
9734,13460,81320,23194,91054,94780,0
87745,35928,22456,123673,110201,58384,0
58153,89388,16942,147541,75095,106330,0
50194,28104,95633,78298,145827,123737,0
94001,76508,49404,170509,143405,125912,1
22841,54687,5625,77528,28466,60312,0
5830,39991,20774,45821,26604,60765,0
17944,80893,83025,98837,100969,163918,1
1227,7870,79629,9097,80856,87499,0
3584,9473,22368,13057,25952,31841,0
89696,11547,33829,101243,123525,45376,0
78591,35452,65289,114043,143880,100741,1
79840,27395,96816,107235,176656,124211,1
26693,59708,5672,86401,32365,65380,0
29128,65330,89363,94458,118491,154693,1
18863,76975,18014,95838,36877,94989,0
49850,49603,46645,99453,96495,96248,1
99816,24880,28252,124696,128068,53132,0
32406,80580,69595,112986,102001,150175,1
11416,66934,49515,78350,60931,116449,0
62135,14232,85245,76367,147380,99477,0
28184,60118,70840,88302,99024,130958,1
3534,4629,81152,8163,84686,85781,0
68547,73930,81135,142477,149682,155065,1
43088,71831,99536,114919,142624,171367,1
27047,46702,49221,73749,76268,95923,1
84925,83133,47212,168058,132137,130345,1
22501,44112,92017,66613,114518,136129,0
31502,37796,43654,69298,75156,81450,1
1646,23003,64897,24649,66543,87900,0
36748,9311,23026,46059,59774,32337,0
3438,23086,63676,26524,67114,86762,0
47027,98266,57511,145293,104538,155777,1
35318,95228,18598,130546,53916,113826,0
80819,37045,70045,117864,150864,107090,1
26974,95458,99705,122432,126679,195163,1
43772,77270,49986,121042,93758,127256,1
69004,22845,26997,91849,96001,49842,0
24916,62439,28973,87355,53889,91412,0
65652,43483,34651,109135,100303,78134,1
98300,84154,27870,182454,126170,112024,1
68275,91985,46629,160260,114904,138614,1
86795,90709,76155,177504,162950,166864,1
96239,28070,72553,124309,168792,100623,1
27957,73269,40400,101226,68357,113669,0
85497,61143,80429,146640,165926,141572,1
9705,80249,75184,89954,84889,155433,1
40313,25893,2044,66206,42357,27937,0
62644,94195,69989,156839,132633,164184,1
77976,69381,47098,147357,125074,116479,1
64190,50899,15474,115089,79664,66373,1
51591,41237,58291,92828,109882,99528,1
36741,3656,33159,40397,69900,36815,1
59199,59540,9837,118739,69036,69377,1
8107,5865,26579,13972,34686,32444,0
62571,74038,77695,136609,140266,151733,1
79249,24234,1843,103483,81092,26077,0
81402,33621,9770,115023,91172,43391,0
54467,72319,29999,126786,84466,102318,1
52275,44801,61679,97076,113954,106480,1
71149,1406,17121,72555,88270,18527,0
37233,9854,10910,47087,48143,20764,0
68559,66549,69628,135108,138187,136177,1
43011,77327,65094,120338,108105,142421,1
15316,12944,72891,28260,88207,85835,0
43463,67257,45291,110720,88754,112548,1
69306,16385,20555,85691,89861,36940,0
92388,33620,38241,126008,130629,71861,0
62159,13700,16498,75859,78657,30198,0
85255,78805,79913,164060,165168,158718,1
35683,73424,68431,109107,104114,141855,1
57697,25016,89445,82713,147142,114461,0
56882,17768,23693,74650,80575,41461,0
60797,64780,49349,125577,110146,114129,1
76205,41138,13559,117343,89764,54697,0
26472,57787,4660,84259,31132,62447,0
58083,46130,13858,104213,71941,59988,1
18812,27920,62369,46732,81181,90289,0
30368,70114,4028,100482,34396,74142,0
8161,65776,71981,73937,80142,137757,1
71401,45443,34529,116844,105930,79972,1
54989,67978,84219,122967,139208,152197,1
80417,81028,36649,161445,117066,117677,1
74104,19709,94966,93813,169070,114675,0
50959,39343,58967,90302,109926,98310,1
95326,73934,48540,169260,143866,122474,1
21982,92223,39979,114205,61961,132202,0
46939,68700,29442,115639,76381,98142,1
58344,1889,48494,60233,106838,50383,0
14515,23622,35709,38137,50224,59331,1
94691,48537,97689,143228,192380,146226,1
29872,37947,39522,67819,69394,77469,1
3157,63997,50313,67154,53470,114310,0
13077,73769,65399,86846,78476,139168,1
6787,72450,49251,79237,56038,121701,0
35824,4847,14772,40671,50596,19619,0
55695,21439,60575,77134,116270,82014,1
48622,79179,62545,127801,111167,141724,1
94558,50501,47498,145059,142056,97999,1
47800,56872,66400,104672,114200,123272,1
76683,74513,39407,151196,116090,113920,1
48217,82132,69018,130349,117235,151150,1
73297,44307,35679,117604,108976,79986,1
26032,99368,22021,125400,48053,121389,0
79953,79009,64245,158962,144198,143254,1
32617,71647,78552,104264,111169,150199,1
88172,31491,52844,119663,141016,84335,0
72643,76725,8024,149368,80667,84749,1
72232,85231,20291,157463,92523,105522,1
7633,68374,80648,76007,88281,149022,0
6250,85889,88285,92139,94535,174174,1
78097,42740,80525,120837,158622,123265,1
19900,56647,80059,76547,99959,136706,0
30702,82237,9788,112939,40490,92025,0
15543,703,50896,16246,66439,51599,0
44261,55626,37561,99887,81822,93187,1
79112,14598,59133,93710,138245,73731,0
94584,80292,90057,174876,184641,170349,1
67898,44309,68716,112207,136614,113025,1
79485,12175,32378,91660,111863,44553,0
87927,35736,10713,123663,98640,46449,0
34942,63108,23003,98050,57945,86111,0
89494,97434,74160,186928,163654,171594,1
2978,26033,57367,29011,60345,83400,0
62361,13799,84440,76160,146801,98239,0
21260,10617,31966,31877,53226,42583,0
94777,70032,29400,164809,124177,99432,1
49454,23762,61297,73216,110751,85059,1
56054,84253,13695,140307,69749,97948,0
72647,75704,56962,148351,129609,132666,1
93313,30679,72118,123992,165431,102797,1
74701,63997,18124,138698,92825,82121,1
82727,90680,56348,173407,139075,147028,1
99505,80746,93222,180251,192727,173968,1
91455,16665,60114,108120,151569,76779,0
42233,45764,43168,87997,85401,88932,1
55613,66272,38623,121885,94236,104895,1
37019,37158,24226,74177,61245,61384,1
1757,11643,32313,13400,34070,43956,0
36105,59153,18212,95258,54317,77365,0
93101,44526,35487,137627,128588,80013,0
86202,62350,50188,148552,136390,112538,1
25797,95949,79855,121746,105652,175804,1
77417,82885,47456,160302,124873,130341,1
40863,28619,86022,69482,126885,114641,0
90205,99287,83170,189492,173375,182457,1
66976,42326,3933,109302,70909,46259,0
40312,23114,36737,63426,77049,59851,1
22312,1013,9655,23325,31967,10668,0
59883,82583,38719,142466,98602,121302,1
39186,50903,9142,90089,48328,60045,0
16127,50403,27553,66530,43680,77956,0
90440,29058,91978,119498,182418,121036,1
25426,6191,87140,31617,112566,93331,0
83380,54638,8048,138018,91428,62686,0
93064,18112,25705,111176,118769,43817,0
53935,78853,53548,132788,107483,132401,1
7126,57667,12314,64793,19440,69981,0
23935,29329,22924,53264,46859,52253,1
84571,34767,38550,119338,123121,73317,0
46125,17390,10700,63515,56825,28090,0
76150,29595,23716,105745,99866,53311,0
57095,29769,90789,86864,147884,120558,0
49740,84164,25550,133904,75290,109714,0
38529,64512,7479,103041,46008,71991,0
10056,80701,56318,90757,66374,137019,0
28010,82615,86964,110625,114974,169579,1
26347,29232,3211,55579,29558,32443,1
48864,24322,64700,73186,113564,89022,1
94182,38784,72652,132966,166834,111436,1
73363,63751,86541,137114,159904,150292,1
30525,8743,11347,39268,41872,20090,0
54736,24848,88741,79584,143477,113589,0
84409,79107,62310,163516,146719,141417,1
51573,36361,39760,87934,91333,76121,1
16243,82457,99095,98700,115338,181552,0
10565,91088,53683,101653,64248,144771,0
19444,25831,91191,45275,110635,117022,0
33373,55857,61320,89230,94693,117177,1
10197,32859,13594,43056,23791,46453,0
7886,95200,35859,103086,43745,131059,0
30718,63133,70700,93851,101418,133833,1
76306,62017,4324,138323,80630,66341,0
88034,78170,80472,166204,168506,158642,1
52885,44887,79050,97772,131935,123937,1
71304,17175,10331,88479,81635,27506,0
91606,7779,68133,99385,159739,75912,0
4997,69770,71442,74767,76439,141212,1
19825,66687,82286,86512,102111,148973,1
86618,65892,57089,152510,143707,122981,1
92076,31042,36256,123118,128332,67298,0
41461,4601,40673,46062,82134,45274,1
1139,75386,93969,76525,95108,169355,0
44231,67922,76882,112153,121113,144804,1
67707,83545,15582,151252,83289,99127,0
99745,3784,22169,103529,121914,25953,0
80583,26116,82975,106699,163558,109091,1
70493,42670,6618,113163,77111,49288,0
32639,3504,13818,36143,46457,17322,0
81327,30879,98527,112206,179854,129406,1
58530,10050,9145,68580,67675,19195,0
51227,81953,81689,133180,132916,163642,1
26528,79523,80327,106051,106855,159850,1
88898,28164,74008,117062,162906,102172,1
54620,56112,75695,110732,130315,131807,1
84876,74212,11060,159088,95936,85272,1
41619,95024,25654,136643,67273,120678,0
35069,66915,34954,101984,70023,101869,1
94691,22907,19141,117598,113832,42048,0
47418,23598,72489,71016,119907,96087,0
68741,96597,57525,165338,126266,154122,1
87794,52652,31575,140446,119369,84227,0
49174,6036,87050,55210,136224,93086,0
38206,74758,24887,112964,63093,99645,0
2881,99468,67071,102349,69952,166539,0
92485,29249,72480,121734,164965,101729,1
95411,77192,63398,172603,158809,140590,1
9097,48918,73538,58015,82635,122456,0
12567,99196,78355,111763,90922,177551,0
12439,43076,50859,55515,63298,93935,1
85826,81874,24992,167700,110818,106866,1
17190,51472,6446,68662,23636,57918,0
18995,54417,63225,73412,82220,117642,1
83160,79523,90627,162683,173787,170150,1
54927,86316,44512,141243,99439,130828,1
16959,59038,52823,75997,69782,111861,1
74354,72143,45953,146497,120307,118096,1
73616,39855,93321,113471,166937,133176,1
22770,32049,92473,54819,115243,124522,0
61175,71130,86037,132305,147212,157167,1
32417,71814,82019,104231,114436,153833,1
39071,4177,36826,43248,75897,41003,1
86027,82709,55001,168736,141028,137710,1
14248,92405,39650,106653,53898,132055,0
54090,49935,5054,104025,59144,54989,1
32356,47711,25721,80067,58077,73432,1
37281,73532,2830,110813,40111,76362,0
79109,34806,43268,113915,122377,78074,0
14233,14837,75901,29070,90134,90738,0
33283,16284,89542,49567,122825,105826,0
45912,33756,6407,79668,52319,40163,0
95143,14758,27681,109901,122824,42439,0
58158,44466,15818,102624,73976,60284,1
83597,34085,35650,117682,119247,69735,0
87810,54070,62259,141880,150069,116329,1
95658,75448,51049,171106,146707,126497,1
65727,70217,20640,135944,86367,90857,1
43429,82642,19669,126071,63098,102311,0
81388,80593,65148,161981,146536,145741,1
83952,20880,76427,104832,160379,97307,1
86187,39071,64026,125258,150213,103097,1
44303,57451,17207,101754,61510,74658,1
827,17492,28655,18319,29482,46147,0
58378,91843,2419,150221,60797,94262,0
44962,66191,67337,111153,112299,133528,1
82169,50288,62652,132457,144821,112940,1
26800,67313,66019,94113,92819,133332,1
33074,97464,12609,130538,45683,110073,0
68581,69559,61297,138140,129878,130856,1
82767,56463,96639,139230,179406,153102,1
25081,12323,86221,37404,111302,98544,0
15052,5550,57695,20602,72747,63245,0
71143,94462,66473,165605,137616,160935,1
82402,93556,22199,175958,104601,115755,1
87384,63560,41212,150944,128596,104772,1
82478,19857,40156,102335,122634,60013,0
37935,21150,65389,59085,103324,86539,0
80134,18034,28584,98168,108718,46618,0
3226,65795,88248,69021,91474,154043,0
50228,84037,97619,134265,147847,181656,1
63103,39813,19108,102916,82211,58921,0
89251,33739,776,122990,90027,34515,0
71498,65444,58176,136942,129674,123620,1
48734,56012,16844,104746,65578,72856,1
99486,34424,44919,133910,144405,79343,0
13220,52475,7731,65695,20951,60206,0
95673,84688,65234,180361,160907,149922,1
90207,23381,40312,113588,130519,63693,0
33036,51795,1300,84831,34336,53095,0
73720,61007,30336,134727,104056,91343,1
87066,75519,40888,162585,127954,116407,1
81112,38780,19294,119892,100406,58074,0
59797,32889,83489,92686,143286,116378,1
66047,31987,13247,98034,79294,45234,0
8664,77456,45489,86120,54153,122945,0
94589,53505,35343,148094,129932,88848,0
9008,52575,82360,61583,91368,134935,0
77839,65474,49946,143313,127785,115420,1
27839,35998,49858,63837,77697,85856,1
40059,29533,69669,69592,109728,99202,0
47370,1546,90152,48916,137522,91698,0
718,12412,73914,13130,74632,86326,0
63257,46858,18309,110115,81566,65167,1
88671,65484,47998,154155,136669,113482,1
40429,73457,44232,113886,84661,117689,1
80498,41584,28866,122082,109364,70450,0
79820,51502,92281,131322,172101,143783,1
43973,9662,898,53635,44871,10560,0
16741,74922,45392,91663,62133,120314,0
46390,81878,79447,128268,125837,161325,1
81160,83693,82242,164853,163402,165935,1
27026,53549,45400,80575,72426,98949,1
31481,69033,51513,100514,82994,120546,1
25436,56036,25551,81472,50987,81587,0
81521,66253,84090,147774,165611,150343,1
4299,39605,32841,43904,37140,72446,0
75920,58811,77806,134731,153726,136617,1
88451,1891,63708,90342,152159,65599,0
20743,44252,24352,64995,45095,68604,1
85838,30056,55155,115894,140993,85211,0
1578,98550,85571,100128,87149,184121,0
29158,17240,58144,46398,87302,75384,0
30771,90668,2466,121439,33237,93134,0
6467,5875,27192,12342,33659,33067,0
43397,60442,55870,103839,99267,116312,1
88098,71288,36455,159386,124553,107743,1
17849,25259,99708,43108,117557,124967,0
22270,71019,86191,93289,108461,157210,1
2737,6657,78338,9394,81075,84995,0
7590,28376,86677,35966,94267,115053,0
92576,4978,88526,97554,181102,93504,1
17637,49145,88456,66782,106093,137601,0
25194,35258,11326,60452,36520,46584,1
17792,42619,71386,60411,89178,114005,0
7066,20902,98864,27968,105930,119766,0
77039,11325,35634,88364,112673,46959,0
33216,66662,54971,99878,88187,121633,1
13729,51969,71209,65698,84938,123178,0
31071,36156,56004,67227,87075,92160,1
46973,5223,49193,52196,96166,54416,1
45083,63783,19621,108866,64704,83404,1
30469,20389,77201,50858,107670,97590,0
10676,35452,17679,46128,28355,53131,0
73391,81583,38600,154974,111991,120183,1
59861,70584,75391,130445,135252,145975,1
6171,8831,37372,15002,43543,46203,0
15093,91980,95074,107073,110167,187054,1
74022,36429,14584,110451,88606,51013,0
30095,29109,84797,59204,114892,113906,0
3049,42342,77083,45391,80132,119425,0
29250,13724,48207,42974,77457,61931,0
87467,44397,2505,131864,89972,46902,0
77876,25464,35653,103340,113529,61117,0
86177,69928,30726,156105,116903,100654,1
32733,69033,97177,101766,129910,166210,1
54261,17496,55568,71757,109829,73064,1
89993,18577,80352,108570,170345,98929,1
76264,20828,75641,97092,151905,96469,1
83968,92632,99517,176600,183485,192149,1
12629,47574,42322,60203,54951,89896,1
63825,74549,92075,138374,155900,166624,1
25290,69601,43467,94891,68757,113068,0
44698,50103,88125,94801,132823,138228,1
79722,70372,57181,150094,136903,127553,1
2088,94560,16319,96648,18407,110879,0
54168,77709,26869,131877,81037,104578,1
293,78334,14945,78627,15238,93279,0
29189,5339,16823,34528,46012,22162,0
82884,47089,94116,129973,177000,141205,1
74383,4726,96388,79109,170771,101114,0
9262,39107,68525,48369,77787,107632,0
16770,13562,74729,30332,91499,88291,0
26009,11159,6496,37168,32505,17655,0
91392,10295,40748,101687,132140,51043,0
81091,82038,4802,163129,85893,86840,1
9102,69162,78681,78264,87783,147843,0
11690,9867,88394,21557,100084,98261,0
92361,50555,79564,142916,171925,130119,1
28218,55385,6903,83603,35121,62288,0
32829,28326,74425,61155,107254,102751,0
10818,32419,12942,43237,23760,45361,0
72785,70479,87760,143264,160545,158239,1
26872,24073,26656,50945,53528,50729,1
5290,58825,30150,64115,35440,88975,0
34029,50508,41936,84537,75965,92444,1
46587,88848,25198,135435,71785,114046,0
57656,3985,26043,61641,83699,30028,0
87295,16012,29087,103307,116382,45099,0
89136,33826,61236,122962,150372,95062,1
79416,24034,32404,103450,111820,56438,0
8890,47962,49506,56852,58396,97468,1
72179,66989,57103,139168,129282,124092,1
67596,20396,30246,87992,97842,50642,0
87866,43541,92084,131407,179950,135625,1
36543,32617,7035,69160,43578,39652,1
9555,7453,99989,17008,109544,107442,0
62130,89479,50601,151609,112731,140080,1
78528,68022,95258,146550,173786,163280,1
35986,34873,21083,70859,57069,55956,1
74279,56031,78527,130310,152806,134558,1
98251,21135,34159,119386,132410,55294,0
53533,740,40630,54273,94163,41370,0
35549,71277,54610,106826,90159,125887,1
43380,66014,21609,109394,64989,87623,0
50029,6243,76015,56272,126044,82258,0
76372,35383,46888,111755,123260,82271,1
71179,54716,58069,125895,129248,112785,1
39487,63202,91327,102689,130814,154529,1
44588,72536,5414,117124,50002,77950,0
82386,91958,73786,174344,156172,165744,1
11316,60375,13877,71691,25193,74252,0
36422,5067,21881,41489,58303,26948,0
28657,37249,65923,65906,94580,103172,0
73578,44372,64915,117950,138493,109287,1
93684,99815,18872,193499,112556,118687,1
15541,30894,60726,46435,76267,91620,0
12603,2520,45538,15123,58141,48058,0
85611,76780,13283,162391,98894,90063,1
71139,42507,23818,113646,94957,66325,0
91499,76813,25646,168312,117145,102459,1
87397,11802,24594,99199,111991,36396,0
84032,1997,40303,86029,124335,42300,0
80504,71854,90573,152358,171077,162427,1
41735,98892,81917,140627,123652,180809,1
16937,96286,79765,113223,96702,176051,1
12317,21738,90715,34055,103032,112453,0
28605,69308,63081,97913,91686,132389,1
93431,90508,10422,183939,103853,100930,1
46121,54721,25429,100842,71550,80150,1
20374,33177,27725,53551,48099,60902,1
79795,17913,99650,97708,179445,117563,0
99508,18331,19417,117839,118925,37748,0
31397,69883,32711,101280,64108,102594,0
99902,48874,90851,148776,190753,139725,1
35905,8654,67562,44559,103467,76216,0
60223,36776,55558,96999,115781,92334,1
296,88810,46990,89106,47286,135800,0
38645,58487,77639,97132,116284,136126,1
72144,8581,82976,80725,155120,91557,0
24457,35502,31108,59959,55565,66610,1
15888,43373,66199,59261,82087,109572,0
62040,70861,99923,132901,161963,170784,1
52756,4044,25074,56800,77830,29118,0
66656,50037,30,116693,66686,50067,0
23264,4215,8351,27479,31615,12566,0
53713,62054,65181,115767,118894,127235,1
56652,3615,66548,60267,123200,70163,0
19689,58232,18680,77921,38369,76912,0
79430,47830,358,127260,79788,48188,0
30891,73003,956,103894,31847,73959,0
16397,39319,79905,55716,96302,119224,0
31666,5885,60098,37551,91764,65983,0
10736,27342,55800,38078,66536,83142,0
84063,12451,54763,96514,138826,67214,0
64642,79844,88289,144486,152931,168133,1
13149,63280,2356,76429,15505,65636,0
95068,92044,37206,187112,132274,129250,1
43132,33354,29410,76486,72542,62764,1
56332,69151,60998,125483,117330,130149,1
99156,39288,84538,138444,183694,123826,1
17966,94400,18126,112366,36092,112526,0
37853,63381,94939,101234,132792,158320,1
20377,78594,42885,98971,63262,121479,0
48595,22782,89489,71377,138084,112271,0
13337,67463,7952,80800,21289,75415,0
70972,43903,76759,114875,147731,120662,1
60294,93318,74098,153612,134392,167416,1
33843,49344,96168,83187,130011,145512,0
75767,26584,50986,102351,126753,77570,1
98267,41987,73085,140254,171352,115072,1
57688,90803,73377,148491,131065,164180,1
38471,7685,50077,46156,88548,57762,0
31716,29608,51461,61324,83177,81069,1
54942,29764,12599,84706,67541,42363,0
54040,23841,23250,77881,77290,47091,0
91441,31507,9781,122948,101222,41288,0
77582,30332,77262,107914,154844,107594,1
86451,7978,96079,94429,182530,104057,0
60655,8812,50432,69467,111087,59244,0
46182,78463,80332,124645,126514,158795,1
19858,6426,67630,26284,87488,74056,0
29863,49571,97325,79434,127188,146896,0
93090,12897,70373,105987,163463,83270,0
57587,41520,31726,99107,89313,73246,1
88951,14818,4268,103769,93219,19086,0
36523,78551,84145,115074,120668,162696,1
35023,926,83937,35949,118960,84863,0
89874,67801,77338,157675,167212,145139,1
17970,79108,81284,97078,99254,160392,1
78057,73842,54734,151899,132791,128576,1
47704,18968,79561,66672,127265,98529,0
73283,41361,86216,114644,159499,127577,1
56403,31625,8111,88028,64514,39736,0
31112,86891,84176,118003,115288,171067,1
53253,67845,48469,121098,101722,116314,1
20984,51863,1085,72847,22069,52948,0
76086,94470,77990,170556,154076,172460,1
87125,38700,67236,125825,154361,105936,1
98747,80054,58195,178801,156942,138249,1
16545,99149,69638,115694,86183,168787,0
21476,662,58198,22138,79674,58860,0
96439,57588,14467,154027,110906,72055,0
54690,13408,5249,68098,59939,18657,0
92087,42895,74272,134982,166359,117167,1
81526,65649,9209,147175,90735,74858,0
37179,42619,26459,79798,63638,69078,1
74290,42348,57996,116638,132286,100344,1
82895,5562,20310,88457,103205,25872,0
20592,53996,3321,74588,23913,57317,0
86214,39488,951,125702,87165,40439,0
33637,45401,47316,79038,80953,92717,1
98695,14631,99190,113326,197885,113821,1
26741,38935,41983,65676,68724,80918,1
88522,53129,63297,141651,151819,116426,1
28534,35695,41961,64229,70495,77656,1
15473,72554,77721,88027,93194,150275,1
46591,62318,34737,108909,81328,97055,1
25508,4919,60247,30427,85755,65166,0
30688,25902,92319,56590,123007,118221,0
32974,20005,74885,52979,107859,94890,0
39613,11516,66844,51129,106457,78360,0
47475,93993,79173,141468,126648,173166,1
94561,37174,84944,131735,179505,122118,1
48538,77981,34441,126519,82979,112422,1
18952,96461,41166,115413,60118,137627,0
85326,44313,97389,129639,182715,141702,1
22168,25186,31716,47354,53884,56902,1
85100,13885,35112,98985,120212,48997,0
86866,46549,70256,133415,157122,116805,1
82856,12452,25130,95308,107986,37582,0
5044,1015,14008,6059,19052,15023,0
3435,7665,80700,11100,84135,88365,0
95453,16297,95974,111750,191427,112271,1
17980,23682,59048,41662,77028,82730,0
88183,96782,51925,184965,140108,148707,1
67321,98397,36652,165718,103973,135049,1
46693,97182,61814,143875,108507,158996,1
76292,65187,56843,141479,133135,122030,1
89234,23653,59769,112887,149003,83422,0
60277,62526,86737,122803,147014,149263,1
3859,74005,6928,77864,10787,80933,0
20678,16863,22324,37541,43002,39187,1
87568,80248,67375,167816,154943,147623,1
89377,53895,65693,143272,155070,119588,1
60334,28000,21849,88334,82183,49849,0
23133,82446,63558,105579,86691,146004,1
31244,55926,88691,87170,119935,144617,0
55230,59482,86395,114712,141625,145877,1
86254,42042,3469,128296,89723,45511,0
52183,61389,86028,113572,138211,147417,1
70077,75946,39364,146023,109441,115310,1
48664,61237,94533,109901,143197,155770,1
44135,18507,27619,62642,71754,46126,1
9453,66337,18679,75790,28132,85016,0
63929,84579,57887,148508,121816,142466,1
72275,72360,27592,144635,99867,99952,1
62159,65988,79907,128147,142066,145895,1
55598,54207,6111,109805,61709,60318,1
30972,13048,70346,44020,101318,83394,0
53544,5161,20184,58705,73728,25345,0
41790,6001,12494,47791,54284,18495,0
57711,1310,38695,59021,96406,40005,0
6751,51376,27168,58127,33919,78544,0
98643,63482,67695,162125,166338,131177,1
15047,96468,77220,111515,92267,173688,0
69894,48512,91342,118406,161236,139854,1
86610,84465,74509,171075,161119,158974,1
88211,55250,77290,143461,165501,132540,1
42176,24901,2187,67077,44363,27088,0
94689,3880,44407,98569,139096,48287,0
4368,3555,96995,7923,101363,100550,0
9827,4913,10441,14740,20268,15354,1
63507,63193,96929,126700,160436,160122,1
72587,42510,23566,115097,96153,66076,0
48481,65529,66962,114010,115443,132491,1
89125,77927,80876,167052,170001,158803,1
64884,93936,17595,158820,82479,111531,0
99287,87776,14830,187063,114117,102606,1
53286,93088,85648,146374,138934,178736,1
61602,86720,73344,148322,134946,160064,1
22031,6054,82038,28085,104069,88092,0
73868,22780,24291,96648,98159,47071,0
48950,4378,9589,53328,58539,13967,0
60104,274,78268,60378,138372,78542,0
16967,26664,87533,43631,104500,114197,0
8197,70922,24491,79119,32688,95413,0
90747,1410,25222,92157,115969,26632,0
19205,17003,52423,36208,71628,69426,0
12305,27146,55922,39451,68227,83068,0
19052,41,32334,19093,51386,32375,0
95844,21005,6189,116849,102033,27194,0
53102,6195,26231,59297,79333,32426,0
25663,508,47711,26171,73374,48219,0
17910,52902,79125,70812,97035,132027,0
27336,63992,28172,91328,55508,92164,0
52277,16453,42076,68730,94353,58529,1
73120,58330,35792,131450,108912,94122,1
92920,25235,2745,118155,95665,27980,0
93523,86642,23641,180165,117164,110283,1
26291,89091,80132,115382,106423,169223,1
10218,80381,33309,90599,43527,113690,0
10472,74300,61063,84772,71535,135363,0
13685,71303,33766,84988,47451,105069,0
81410,48866,82747,130276,164157,131613,1
98965,26444,17861,125409,116826,44305,0
80362,34312,22471,114674,102833,56783,0
67106,14696,94687,81802,161793,109383,0
13924,90495,56323,104419,70247,146818,0
33362,58053,54146,91415,87508,112199,1
24334,10865,57268,35199,81602,68133,0
40343,12599,31082,52942,71425,43681,1
81378,61755,67663,143133,149041,129418,1
61942,88665,98596,150607,160538,187261,1
86078,2285,68189,88363,154267,70474,0
61116,93945,11505,155061,72621,105450,0
63437,69521,72447,132958,135884,141968,1
75914,53139,41157,129053,117071,94296,1
41341,42936,4722,84277,46063,47658,1
6299,29303,57815,35602,64114,87118,0
52076,79705,5004,131781,57080,84709,0
68320,97860,3304,166180,71624,101164,0
61056,90298,70079,151354,131135,160377,1
56022,89118,38307,145140,94329,127425,1
79751,4919,83236,84670,162987,88155,1
45014,61205,98541,106219,143555,159746,1
69103,10051,19010,79154,88113,29061,0
57313,13844,21236,71157,78549,35080,0
6173,74679,27687,80852,33860,102366,0
67872,62971,40806,130843,108678,103777,1
73153,62897,81058,136050,154211,143955,1
17459,64906,1565,82365,19024,66471,0
3814,70354,53677,74168,57491,124031,0
34623,95565,28801,130188,63424,124366,0
33489,32484,25462,65973,58951,57946,1
83538,22907,96038,106445,179576,118945,1
50424,23505,61926,73929,112350,85431,1
74101,99237,89402,173338,163503,188639,1
83889,14055,92436,97944,176325,106491,1
6624,26643,22195,33267,28819,48838,1
44372,33328,11236,77700,55608,44564,1
78473,12753,12484,91226,90957,25237,0
59468,64697,32272,124165,91740,96969,1
43234,9873,32007,53107,75241,41880,0
82767,45029,15544,127796,98311,60573,0
43441,51961,86490,95402,129931,138451,1
6498,95288,51602,101786,58100,146890,0
19091,28167,79068,47258,98159,107235,0
14304,17443,28831,31747,43135,46274,1
61665,72033,32200,133698,93865,104233,1
26902,45106,62843,72008,89745,107949,1
68899,15074,53419,83973,122318,68493,0
34777,15389,9740,50166,44517,25129,0
35874,18563,88549,54437,124423,107112,0
7734,94083,82253,101817,89987,176336,0
36732,82061,37005,118793,73737,119066,0
39795,86124,82856,125919,122651,168980,1
73758,49908,74059,123666,147817,123967,1
62075,68054,86782,130129,148857,154836,1
58579,1208,71375,59787,129954,72583,0
35044,35100,33081,70144,68125,68181,1
86974,34233,51468,121207,138442,85701,0
99652,87920,2235,187572,101887,90155,0
25525,81843,71084,107368,96609,152927,1
42024,10817,14727,52841,56751,25544,0
79511,75526,75128,155037,154639,150654,1
69708,78826,86166,148534,155874,164992,1
61193,72038,41846,133231,103039,113884,1
72662,70432,82736,143094,155398,153168,1
39530,400,92777,39930,132307,93177,0
23408,50169,53709,73577,77117,103878,1
75261,42586,39333,117847,114594,81919,1
29741,48867,3601,78608,33342,52468,0
25969,28282,37102,54251,63071,65384,1
28137,79270,21469,107407,49606,100739,0
82649,19884,65695,102533,148344,85579,1
33294,50248,44695,83542,77989,94943,1
4744,23134,80014,27878,84758,103148,0
78948,72114,93844,151062,172792,165958,1
62017,94328,74470,156345,136487,168798,1
77161,90103,58231,167264,135392,148334,1
57382,11199,82789,68581,140171,93988,0
51754,64969,46947,116723,98701,111916,1
76692,31309,53036,108001,129728,84345,1
11187,96528,51602,107715,62789,148130,0
83695,38180,38309,121875,122004,76489,0
45873,91937,77353,137810,123226,169290,1
65351,54974,30378,120325,95729,85352,1
47006,72148,59057,119154,106063,131205,1
6961,71831,84273,78792,91234,156104,0
70738,87074,51797,157812,122535,138871,1
53900,60514,6293,114414,60193,66807,0
10524,67720,56973,78244,67497,124693,0
28078,24138,23947,52216,52025,48085,1
42698,34503,62506,77201,105204,97009,1
75721,14156,86935,89877,162656,101091,1
94731,96650,53148,191381,147879,149798,1
93342,63265,44599,156607,137941,107864,1
84557,63750,84729,148307,169286,148479,1
41658,29537,2084,71195,43742,31621,0
56945,3547,25466,60492,82411,29013,0
43293,51002,84870,94295,128163,135872,1
4870,15872,41019,20742,45889,56891,0
86996,13940,63298,100936,150294,77238,0
58987,83475,97944,142462,156931,181419,1
12095,49795,36803,61890,48898,86598,0
67801,56047,30729,123848,98530,86776,1
85476,93094,24218,178570,109694,117312,1
73439,7226,81015,80665,154454,88241,0
52786,2725,59146,55511,111932,61871,0
85635,104,93822,85739,179457,93926,0
12160,10711,72507,22871,84667,83218,0
82336,68845,63516,151181,145852,132361,1
41027,92826,69787,133853,110814,162613,1
21127,38546,24073,59673,45200,62619,1
8689,26637,1333,35326,10022,27970,0
67385,71867,96433,139252,163818,168300,1
86278,3445,77503,89723,163781,80948,0
14833,51229,15559,66062,30392,66788,0
48597,8991,87391,57588,135988,96382,0
95054,20363,46843,115417,141897,67206,0
13523,83343,81873,96866,95396,165216,1
83088,45426,51693,128514,134781,97119,1
83099,37220,58228,120319,141327,95448,1
72849,53399,83799,126248,156648,137198,1
38543,59772,38687,98315,77230,98459,1
53341,3202,18630,56543,71971,21832,0
63541,1040,24916,64581,88457,25956,0
69854,23162,71192,93016,141046,94354,1
95599,25240,37744,120839,133343,62984,0
35587,38647,44828,74234,80415,83475,1
12452,2862,61328,15314,73780,64190,0
25427,13800,19786,39227,45213,33586,1
97065,70758,2450,167823,99515,73208,0
95667,32828,40209,128495,135876,73037,0
39012,92625,80725,131637,119737,173350,1
13474,96297,14418,109771,27892,110715,0
45938,89277,94016,135215,139954,183293,1
60400,88206,53267,148606,113667,141473,1
75014,68617,8018,143631,83032,76635,1
7799,67998,17429,75797,25228,85427,0
11681,93287,69311,104968,80992,162598,0
1500,58479,74695,59979,76195,133174,0
30080,52851,7455,82931,37535,60306,0
27593,3473,44903,31066,72496,48376,0
17348,95755,45028,113103,62376,140783,0
94740,2401,30632,97141,125372,33033,0
50030,52825,47767,102855,97797,100592,1
89195,94033,26843,183228,116038,120876,1
65874,45172,71842,111046,137716,117014,1
98445,18593,23351,117038,121796,41944,0
69101,69724,90444,138825,159545,160168,1
88385,57401,54468,145786,142853,111869,1
89727,36647,98653,126374,188380,135300,1
12326,17104,71801,29430,84127,88905,0
14783,15737,23549,30520,38332,39286,1
56247,45363,27912,101610,84159,73275,1
52044,67792,11060,119836,63104,78852,0
85809,41155,18021,126964,103830,59176,0
95109,77176,84516,172285,179625,161692,1
99797,77842,28745,177639,128542,106587,1
35285,16119,63684,51404,98969,79803,0
24597,63667,69006,88264,93603,132673,1
86572,56295,9926,142867,96498,66221,0
17236,48140,10601,65376,27837,58741,0
11241,77751,35576,88992,46817,113327,0
10384,67900,13580,78284,23964,81480,0
23905,83887,4216,107792,28121,88103,0
34664,37108,81602,71772,116266,118710,0
8361,32325,92465,40686,100826,124790,0
29738,35630,35432,65368,65170,71062,1
46552,10344,89213,56896,135765,99557,0
63469,30570,87531,94039,151000,118101,1
82828,81275,66257,164103,149085,147532,1
3843,31389,41199,35232,45042,72588,0
73634,67138,50265,140772,123899,117403,1
15454,19025,52786,34479,68240,71811,0
57185,18967,19694,76152,76879,38661,0
47886,27848,71411,75734,119297,99259,1
13167,70829,78142,83996,91309,148971,1
7555,26616,16782,34171,24337,43398,0
954,31323,1074,32277,2028,32397,0
59182,69990,88447,129172,147629,158437,1
34568,21763,27385,56331,61953,49148,1
74437,92215,119,166652,74556,92334,0
31747,80523,64727,112270,96474,145250,1
85301,77882,27351,163183,112652,105233,1
48735,11101,1844,59836,50579,12945,0
98721,36016,25232,134737,123953,61248,0
13225,23284,19350,36509,32575,42634,1
74456,99076,84162,173532,158618,183238,1
95597,62103,89154,157700,184751,151257,1
95291,63930,77348,159221,172639,141278,1
67020,36012,43025,103032,110045,79037,1
81345,59064,61482,140409,142827,120546,1
82723,36337,58891,119060,141614,95228,1
89896,12443,44365,102339,134261,56808,0
6607,28227,31785,34834,38392,60012,1
58350,50058,34969,108408,93319,85027,1
60683,84275,34724,144958,95407,118999,1
70903,32517,85631,103420,156534,118148,1
11626,5347,12884,16973,24510,18231,1
62705,55999,1770,118704,64475,57769,0
67878,14717,17501,82595,85379,32218,0
69536,88583,66263,158119,135799,154846,1
57185,5779,35312,62964,92497,41091,0
3903,25655,83866,29558,87769,109521,0
67753,85092,55858,152845,123611,140950,1
75826,51135,49721,126961,125547,100856,1
33257,31145,17050,64402,50307,48195,1
71015,82294,49540,153309,120555,131834,1
42433,87494,32222,129927,74655,119716,0
72580,3923,16391,76503,88971,20314,0
91345,32466,87756,123811,179101,120222,1
65627,54293,40706,119920,106333,94999,1
35832,12844,21850,48676,57682,34694,0
12246,71127,17400,83373,29646,88527,0
20506,65232,80079,85738,100585,145311,1
13547,12838,21040,26385,34587,33878,1
66286,97328,67563,163614,133849,164891,1
81755,12920,2087,94675,83842,15007,0
69117,73097,68,142214,69185,73165,0
33634,97737,69052,131371,102686,166789,1
32301,1135,12737,33436,45038,13872,0
51871,477,66228,52348,118099,66705,0
38217,10785,63315,49002,101532,74100,0
88790,47313,68953,136103,157743,116266,1
64004,11565,34226,75569,98230,45791,0
99943,6712,70708,106655,170651,77420,0
76308,16261,33159,92569,109467,49420,0
12728,58552,16540,71280,29268,75092,0
5091,34149,62179,39240,67270,96328,0
87108,96873,73138,183981,160246,170011,1
84294,58179,28508,142473,112802,86687,1
69570,73942,95316,143512,164886,169258,1
91774,40795,69364,132569,161138,110159,1
16981,21859,50987,38840,67968,72846,0
80848,21323,12919,102171,93767,34242,0
67456,98572,96178,166028,163634,194750,1
14195,14004,70404,28199,84599,84408,0
28593,27216,65474,55809,94067,92690,0
55330,54235,69014,109565,124344,123249,1
95886,66253,7579,162139,103465,73832,0
37782,99845,35584,137627,73366,135429,0
31862,99755,32383,131617,64245,132138,0
34247,91155,36564,125402,70811,127719,0
30393,79393,48606,109786,78999,127999,0
66757,90589,76717,157346,143474,167306,1
20610,57693,46752,78303,67362,104445,1
76166,72687,84574,148853,160740,157261,1
31024,41397,39457,72421,70481,80854,1
11848,28692,26658,40540,38506,55350,1
6987,85168,9506,92155,16493,94674,0
93494,39982,37125,133476,130619,77107,0
89540,57246,90931,146786,180471,148177,1
48292,73392,61401,121684,109693,134793,1
55051,82336,99100,137387,154151,181436,1
74698,20994,25355,95692,100053,46349,0
39240,27103,45758,66343,84998,72861,1
44872,44022,45686,88894,90558,89708,1
44957,62067,74141,107024,119098,136208,1
26800,76042,25756,102842,52556,101798,0
47048,83792,20177,130840,67225,103969,0
35397,11697,55936,47094,91333,67633,0
68132,38800,20552,106932,88684,59352,0
18007,29870,9058,47877,27065,38928,0
54549,32900,98699,87449,153248,131599,0
97374,42076,63265,139450,160639,105341,1
22907,573,88979,23480,111886,89552,0
56184,51680,93888,107864,150072,145568,1
84192,31056,63031,115248,147223,94087,1
58038,3238,50374,61276,108412,53612,0
48396,11762,70284,60158,118680,82046,0
34307,13967,82240,48274,116547,96207,0
68345,67072,9082,135417,77427,76154,1
32826,35527,93423,68353,126249,128950,0
72748,88081,95400,160829,168148,183481,1
47471,90501,98326,137972,145797,188827,1
19625,12270,25522,31895,45147,37792,1
86798,14124,41700,100922,128498,55824,0
80238,86255,17235,166493,97473,103490,1
93511,89128,89952,182639,183463,179080,1
55574,94337,48683,149911,104257,143020,1
16231,79651,20974,95882,37205,100625,0
97752,61683,24666,159435,122418,86349,0
26070,65259,30300,91329,56370,95559,0
86361,30642,313,117003,86674,30955,0
30909,7516,90575,38425,121484,98091,0
47810,31040,94899,78850,142709,125939,0
52440,65997,74906,118437,127346,140903,1
48789,18413,40173,67202,88962,58586,1
58829,8927,35251,67756,94080,44178,0
94537,95502,98435,190039,192972,193937,1
50028,19587,94344,69615,144372,113931,0
37551,99782,73193,137333,110744,172975,1
66246,73882,26576,140128,92822,100458,1
89814,56731,24072,146545,113886,80803,0
85469,52037,67167,137506,152636,119204,1
48195,67474,14338,115669,62533,81812,0
57776,6292,93092,64068,150868,99384,0
5372,66670,16629,72042,22001,83299,0
30120,47747,75830,77867,105950,123577,1
55709,88670,18555,144379,74264,107225,0
78171,56045,49401,134216,127572,105446,1
76916,4034,9890,80950,86806,13924,0
43013,56398,14103,99411,57116,70501,1
70100,7798,65219,77898,135319,73017,1
31740,22242,16289,53982,48029,38531,1
68708,10310,3328,79018,72036,13638,0
60037,80773,35722,140810,95759,116495,1
27543,75180,19961,102723,47504,95141,0
69520,22296,53927,91816,123447,76223,1
13053,70531,67469,83584,80522,138000,1
37677,94817,3253,132494,40930,98070,0
53213,26419,5190,79632,58403,31609,0
53415,61991,88110,115406,141525,150101,1
79559,77185,4258,156744,83817,81443,1
95621,50968,92435,146589,188056,143403,1
14201,61772,26585,75973,40786,88357,0
32890,373,42755,33263,75645,43128,0
3927,63109,96099,67036,100026,159208,0
65352,10618,70914,75970,136266,81532,1
90232,4885,50959,95117,141191,55844,0
76050,87589,75607,163639,151657,163196,1
57702,93050,71921,150752,129623,164971,1
78328,26767,26257,105095,104585,53024,0
15031,77571,64695,92602,79726,142266,1
84677,65046,30827,149723,115504,95873,1
3271,49009,20255,52280,23526,69264,0
76809,68598,66049,145407,142858,134647,1
43951,78964,75486,122915,119437,154450,1
4022,73554,65340,77576,69362,138894,0
13996,31134,78233,45130,92229,109367,0
24330,75837,2622,100167,26952,78459,0
35526,62098,36818,97624,72344,98916,1
84865,44806,17697,129671,102562,62503,0
4792,2968,13588,7760,18380,16556,0
81737,12780,3577,94517,85314,16357,0
38474,96001,90608,134475,129082,186609,1
34967,83248,18762,118215,53729,102010,0
54581,49901,46713,104482,101294,96614,1
31826,24348,10453,56174,42279,34801,1
18666,66823,67021,85489,85687,133844,1
5841,84182,9517,90023,15358,93699,0
42009,46212,5814,88221,47823,52026,1
75885,28716,6199,104601,82084,34915,0
36914,73190,98639,110104,135553,171829,1
7771,2554,16837,10325,24608,19391,0
73267,63139,19590,136406,92857,82729,1
42588,73469,88670,116057,131258,162139,1
47174,8821,14202,55995,61376,23023,0
65810,48001,7029,113811,72839,55030,0
71900,16598,63226,88498,135126,79824,1
18459,48092,72145,66551,90604,120237,0
8435,45483,83364,53918,91799,128847,0
99535,53974,98466,153509,198001,152440,1
22466,89305,39696,111771,62162,129001,0
68317,10697,16168,79014,84485,26865,0
62887,87051,20693,149938,83580,107744,0
19126,70628,83568,89754,102694,154196,1
1987,20896,75056,22883,77043,95952,0
59700,34822,21329,94522,81029,56151,0
16441,41634,92947,58075,109388,134581,0
22056,52102,69369,74158,91425,121471,1
2858,67445,16575,70303,19433,84020,0
1351,98017,9067,99368,10418,107084,0
50629,99586,47119,150215,97748,146705,0
92833,96627,83150,189460,175983,179777,1
41798,95202,71417,137000,113215,166619,1
29047,89911,57759,118958,86806,147670,0
40098,74410,23898,114508,63996,98308,0
61564,30167,87991,91731,149555,118158,1
38370,53537,15005,91907,53375,68542,0
20447,58122,44926,78569,65373,103048,1
92042,15786,87410,107828,179452,103196,1
20455,84698,30347,105153,50802,115045,0
16006,18240,2183,34246,18189,20423,0
19174,35733,89143,54907,108317,124876,0
2863,89469,82290,92332,85153,171759,0
33131,16548,43231,49679,76362,59779,1
83668,74614,12258,158282,95926,86872,1
39964,87861,8848,127825,48812,96709,0
5783,99667,50071,105450,55854,149738,0
53850,82404,27798,136254,81648,110202,0
28188,13603,40149,41791,68337,53752,1
21165,48197,85960,69362,107125,134157,0
8798,20272,57145,29070,65943,77417,0
27618,11357,44978,38975,72596,56335,0
47661,24146,45546,71807,93207,69692,1
15076,2113,41075,17189,56151,43188,0
86374,34593,93494,120967,179868,128087,1
98987,8061,65272,107048,164259,73333,0
93470,98273,54594,191743,148064,152867,1
31764,66553,26191,98317,57955,92744,0
63748,94248,165,157996,63913,94413,0
87446,94297,60350,181743,147796,154647,1
25463,55926,82351,81389,107814,138277,0
11454,32503,8100,43957,19554,40603,0
1855,6934,10832,8789,12687,17766,0
2489,46146,34967,48635,37456,81113,0
12001,84190,61593,96191,73594,145783,0
4127,90852,21155,94979,25282,112007,0
22143,93214,12240,115357,34383,105454,0
2151,92236,85362,94387,87513,177598,0
90946,37030,88923,127976,179869,125953,1
13336,16438,80181,29774,93517,96619,0
14600,88435,13245,103035,27845,101680,0
6179,22847,5983,29026,12162,28830,0
68410,52661,34172,121071,102582,86833,1
14936,12991,12968,27927,27904,25959,1
59384,94166,72643,153550,132027,166809,1
25220,68884,87626,94104,112846,156510,1
23880,33605,26227,57485,50107,59832,1
48961,45643,59082,94604,108043,104725,1
48715,16438,69569,65153,118284,86007,0
577,43910,80137,44487,80714,124047,0
77190,42013,54174,119203,131364,96187,1
87251,42420,95713,129671,182964,138133,1
24175,70988,15794,95163,39969,86782,0
13727,12901,81589,26628,95316,94490,0
5090,95412,74596,100502,79686,170008,0
65378,27007,67407,92385,132785,94414,1
50994,30691,94844,81685,145838,125535,0
12564,11517,20196,24081,32760,31713,1
9040,96891,51530,105931,60570,148421,0
66956,44462,83233,111418,150189,127695,1
74230,13717,58290,87947,132520,72007,0
89536,13604,74683,103140,164219,88287,0
56707,67670,51180,124377,107887,118850,1
35039,14821,30040,49860,65079,44861,1
5388,60828,70039,66216,75427,130867,0
15894,44201,52751,60095,68645,96952,1
80252,91570,504,171822,80756,92074,0
41067,46384,8989,87451,50056,55373,1
89668,59793,75342,149461,165010,135135,1
53294,94379,73330,147673,126624,167709,1
22487,7798,75291,30285,97778,83089,0
60283,59738,6269,120021,66552,66007,1
3978,50309,97459,54287,101437,147768,0
29600,35897,95440,65497,125040,131337,0
86000,25383,89010,111383,175010,114393,1
60632,71970,143,132602,60775,72113,0
73461,94770,8410,168231,81871,103180,0
93982,55688,82395,149670,176377,138083,1
48819,5574,75655,54393,124474,81229,0
98404,35997,87392,134401,185796,123389,1
58826,789,96957,59615,155783,97746,0
72260,30251,36481,102511,108741,66732,0
87416,75000,14774,162416,102190,89774,1
6798,97547,59948,104345,66746,157495,0
73666,25377,36813,99043,110479,62190,0
41592,23200,42446,64792,84038,65646,1
75679,84416,74455,160095,150134,158871,1
53082,11316,7378,64398,60460,18694,0
7194,92892,95389,100086,102583,188281,1
86500,1850,57893,88350,144393,59743,0
53459,49647,98007,103106,151466,147654,1
3091,41818,71999,44909,75090,113817,0
649,29459,97114,30108,97763,126573,0
8532,3325,95840,11857,104372,99165,0
2786,31148,50522,33934,53308,81670,0
29085,37854,29187,66939,58272,67041,1
14969,20206,11946,35175,26915,32152,1
10907,30630,66184,41537,77091,96814,0
57623,54168,52949,111791,110572,107117,1
952,9553,27099,10505,28051,36652,0
26375,74552,69581,100927,95956,144133,1
35471,59779,8592,95250,44063,68371,0
78473,87227,24811,165700,103284,112038,1
29558,39957,34184,69515,63742,74141,1
92955,51354,91957,144309,184912,143311,1
53674,6689,18775,60363,72449,25464,0
48388,17710,14337,66098,62725,32047,0
69228,78174,93516,147402,162744,171690,1
80315,28935,39490,109250,119805,68425,0
5410,7776,64880,13186,70290,72656,0
58974,32042,36519,91016,95493,68561,1
69534,44190,52281,113724,121815,96471,1
22192,1360,52260,23552,74452,53620,0
64752,38590,40735,103342,105487,79325,1
84752,89057,89194,173809,173946,178251,1
14729,53867,92636,68596,107365,146503,0
49196,5018,80890,54214,130086,85908,0
10214,77880,38157,88094,48371,116037,0
12320,61337,87616,73657,99936,148953,0
47285,22411,72206,69696,119491,94617,0
25290,4393,6315,29683,31605,10708,0
58827,85022,45051,143849,103878,130073,1
14865,96898,35475,111763,50340,132373,0
36868,8522,47349,45390,84217,55871,0
2435,91817,75756,94252,78191,167573,0
67857,28705,82850,96562,150707,111555,1
14716,85349,41912,100065,56628,127261,0
94026,31684,24968,125710,118994,56652,0
24091,61231,10054,85322,34145,71285,0
62218,51433,9436,113651,71654,60869,0
62797,96184,22793,158981,85590,118977,0
45281,46760,89297,92041,134578,136057,1
33721,41476,74823,75197,108544,116299,1
50661,21303,31087,71964,81748,52390,1
41805,21222,4588,63027,46393,25810,0
27009,14259,38431,41268,65440,52690,1
37410,23657,54101,61067,91511,77758,1
68153,434,4163,68587,72316,4597,0
8084,96142,43824,104226,51908,139966,0
11286,15286,89579,26572,100865,104865,0
53443,87334,62788,140777,116231,150122,1
38102,35378,88163,73480,126265,123541,0
69172,14959,20805,84131,89977,35764,0
88993,5453,83593,94446,172586,89046,1
85144,35103,85567,120247,170711,120670,1
60808,33530,80878,94338,141686,114408,1
16485,23252,35022,39737,51507,58274,1
9366,10230,90046,19596,99412,100276,0
16864,73866,48703,90730,65567,122569,0
30089,15467,31538,45556,61627,47005,1
89668,24316,61047,113984,150715,85363,0
82606,19607,57401,102213,140007,77008,0
19248,67208,77264,86456,96512,144472,1
21392,47333,9048,68725,30440,56381,0
3839,43181,376,47020,4215,43557,0
76586,53706,22034,130292,98620,75740,0
73281,18574,48121,91855,121402,66695,0
13376,60075,36726,73451,50102,96801,0
50392,58809,94851,109201,145243,153660,1
27989,63440,38645,91429,66634,102085,1
77971,98826,60604,176797,138575,159430,1
73848,13043,1562,86891,75410,14605,0
23523,98060,57964,121583,81487,156024,0
22966,11442,63679,34408,86645,75121,0
18740,69205,57904,87945,76644,127109,1
99897,13869,20762,113766,120659,34631,0
83219,86249,94442,169468,177661,180691,1
85393,64246,5849,149639,91242,70095,0
73052,80630,7506,153682,80558,88136,0
53680,67926,97851,121606,151531,165777,1
48956,75279,17799,124235,66755,93078,0
63930,38751,45719,102681,109649,84470,1
31060,39779,96683,70839,127743,136462,0
14681,39279,33675,53960,48356,72954,1
42426,73193,88606,115619,131032,161799,1
84621,94567,40144,179188,124765,134711,1
90733,35588,90648,126321,181381,126236,1
50995,53388,94834,104383,145829,148222,1
71497,84765,67935,156262,139432,152700,1
10168,70162,77778,80330,87946,147940,1
61124,90690,23092,151814,84216,113782,0
9462,9268,19021,18730,28483,28289,0
95381,18792,50149,114173,145530,68941,0
1054,93737,76562,94791,77616,170299,0
63445,75730,73493,139175,136938,149223,1
74528,10270,63686,84798,138214,73956,0
48244,79291,39162,127535,87406,118453,1
28527,39199,12877,67726,41404,52076,1
44720,717,73042,45437,117762,73759,0
60472,30566,61407,91038,121879,91973,1
95210,29173,3533,124383,98743,32706,0
23355,94333,62455,117688,85810,156788,0
51431,64898,6140,116329,57571,71038,0
32469,67725,67100,100194,99569,134825,1
45518,10403,54392,55921,99910,64795,1
37185,77198,636,114383,37821,77834,0
20459,91729,57764,112188,78223,149493,0
63994,88738,25836,152732,89830,114574,1
84139,37250,22910,121389,107049,60160,0
76640,20709,18143,97349,94783,38852,0
51587,84770,29072,136357,80659,113842,0
72117,70031,65113,142148,137230,135144,1
44273,3643,47877,47916,92150,51520,1
21230,1140,19413,22370,40643,20553,0
45942,38411,41406,84353,87348,79817,1
53235,52954,62693,106189,115928,115647,1
9346,32128,45334,41474,54680,77462,0
55825,18392,39595,74217,95420,57987,1
71069,84689,26480,155758,97549,111169,1
80830,51567,96971,132397,177801,148538,1
34236,55330,22285,89566,56521,77615,1
74868,39207,11889,114075,86757,51096,0
33218,44064,32148,77282,65366,76212,1
19851,56910,32707,76761,52558,89617,0
73629,80882,18590,154511,92219,99472,1
92729,86192,3163,178921,95892,89355,0
63,95547,93919,95610,93982,189466,0
84048,60401,15225,144449,99273,75626,0
62866,27973,93665,90839,156531,121638,0
91208,34886,33149,126094,124357,68035,0
76417,99233,92946,175650,169363,192179,1
72262,40704,40394,112966,112656,81098,1
58302,72249,4869,130551,63171,77118,0
48346,71625,80014,119971,128360,151639,1
40324,44723,94693,85047,135017,139416,0
5108,11924,39907,17032,45015,51831,0
46540,99375,24739,145915,71279,124114,0
96063,61436,54181,157499,150244,115617,1
63631,98137,89865,161768,153496,188002,1
87100,29170,35873,116270,122973,65043,0
3543,91963,13409,95506,16952,105372,0
64838,19911,8169,84749,73007,28080,0
11558,88236,64682,99794,76240,152918,0
2552,71599,12114,74151,14666,83713,0
391,79377,65001,79768,65392,144378,0
12058,91553,90689,103611,102747,182242,1
93720,82403,14063,176123,107783,96466,1
86406,26098,66748,112504,153154,92846,1
30562,16957,79815,47519,110377,96772,0
58128,43096,27427,101224,85555,70523,1
77123,89513,41879,166636,119002,131392,1
61202,21179,82019,82381,143221,103198,1
62769,28249,81591,91018,144360,109840,1
72761,28714,24121,101475,96882,52835,0
12549,77818,11827,90367,24376,89645,0
87168,5262,64599,92430,151767,69861,0
40304,3164,94382,43468,134686,97546,0
64255,10736,69526,74991,133781,80262,1
18535,45687,58826,64222,77361,104513,1
43093,65515,41387,108608,84480,106902,1
37096,57114,79970,94210,117066,137084,1
36068,8741,73937,44809,110005,82678,0
36545,4544,23288,41089,59833,27832,0
68066,73103,35169,141169,103235,108272,1
2255,14334,94932,16589,97187,109266,0
56651,64448,94850,121099,151501,159298,1
13669,31381,62454,45050,76123,93835,0
4842,60949,45137,65791,49979,106086,0
25722,11716,36678,37438,62400,48394,1
17701,5046,96239,22747,113940,101285,0
22431,94836,18137,117267,40568,112973,0
24024,98046,30475,122070,54499,128521,0
2517,41482,5280,43999,7797,46762,0
36866,658,95336,37524,132202,95994,0
96752,29351,61758,126103,158510,91109,0
19723,97199,76759,116922,96482,173958,0
33889,48598,16425,82487,50314,65023,1
58149,829,32616,58978,90765,33445,0
21401,74098,60577,95499,81978,134675,1
78018,58696,18433,136714,96451,77129,0
21522,36851,73083,58373,94605,109934,0
1225,39459,26149,40684,27374,65608,0
90747,42185,16738,132932,107485,58923,0
5412,89848,52983,95260,58395,142831,0
59713,63034,40567,122747,100280,103601,1
36807,80458,10174,117265,46981,90632,0
96609,17527,91651,114136,188260,109178,1
54387,91189,55503,145576,109890,146692,1
42927,5578,96435,48505,139362,102013,0
37320,79009,1248,116329,38568,80257,0
22498,81595,31530,104093,54028,113125,0
37397,97111,43311,134508,80708,140422,0
54049,27127,15939,81176,69988,43066,0
23963,48572,83775,72535,107738,132347,0
82480,86054,93024,168534,175504,179078,1
71936,70447,19338,142383,91274,89785,1
74927,17653,44795,92580,119722,62448,0
63683,39992,69575,103675,133258,109567,1
62473,24767,62064,87240,124537,86831,1
6712,90901,32934,97613,39646,123835,0
14902,87210,18260,102112,33162,105470,0
30410,48327,65481,78737,95891,113808,1
99978,37083,83327,137061,183305,120410,1
92324,42512,95701,134836,188025,138213,1
89689,46825,52190,136514,141879,99015,1
65741,99019,25919,164760,91660,124938,0
70834,53621,88478,124455,159312,142099,1
45165,10561,58092,55726,103257,68653,0
57478,81826,82501,139304,139979,164327,1
27972,99552,82615,127524,110587,182167,1
96690,44531,50606,141221,147296,95137,0
58216,14293,37559,72509,95775,51852,0
83041,88713,40679,171754,123720,129392,1
78028,81572,7388,159600,85416,88960,1
82553,36474,95494,119027,178047,131968,1
34424,33542,51593,67966,86017,85135,1
76563,88250,30129,164813,106692,118379,1
9182,74216,48646,83398,57828,122862,0
9205,70155,65581,79360,74786,135736,1
72326,12705,72131,85031,144457,84836,1
37746,42476,55587,80222,93333,98063,1
56083,36303,93010,92386,149093,129313,0
21836,53606,75771,75442,97607,129377,0
24354,83061,63144,107415,87498,146205,1
70591,73021,44859,143612,115450,117880,1
16455,31641,32497,48096,48952,64138,1
36343,13861,48894,50204,85237,62755,1
28415,11532,97790,39947,126205,109322,0
64056,52092,53560,116148,117616,105652,1
29112,17173,10303,46285,39415,27476,0
34182,28681,95073,62863,129255,123754,0
69564,35428,22839,104992,92403,58267,0
69223,37821,63298,107044,132521,101119,1
21910,59411,28873,81321,50783,88284,0
29599,43680,59580,73279,89179,103260,1
18622,84449,15425,103071,34047,99874,0
14734,25945,89036,40679,103770,114981,0
92752,47486,8940,140238,101692,56426,0
23518,89951,32341,113469,55859,122292,0
42617,2677,14652,45294,57269,17329,0
72341,90594,68412,162935,140753,159006,1
58717,657,11133,59374,69850,11790,0
96276,38522,66156,134798,162432,104678,1
74641,27888,8403,102529,83044,36291,0
68624,1348,89500,69972,158124,90848,0
62270,74966,48372,137236,110642,123338,1
28107,67711,24476,95818,52583,92187,0
70504,61251,35127,131755,105631,96378,1
39051,540,45820,39591,84871,46360,0
24392,57349,45682,81741,70074,103031,1
81931,60645,4796,142576,86727,65441,0
74383,24405,90944,98788,165327,115349,1
18570,51840,45156,70410,63726,96996,1
83946,25920,88984,109866,172930,114904,1
76552,62858,95859,139410,172411,158717,1
64064,37686,1975,101750,66039,39661,0
73096,89742,64243,162838,137339,153985,1
89006,69604,24519,158610,113525,94123,1
50470,85540,68049,136010,118519,153589,1
31043,13315,83040,44358,114083,96355,0
2682,75712,96123,78394,98805,171835,0
8716,71955,67248,80671,75964,139203,1
47202,53959,98012,101161,145214,151971,1
26875,11751,52258,38626,79133,64009,0
67589,59443,24016,127032,91605,83459,1
15535,9017,92416,24552,107951,101433,0
15216,35375,28522,50591,43738,63897,1
42446,56524,79749,98970,122195,136273,1
98703,24942,63155,123645,161858,88097,0
25342,99504,44687,124846,70029,144191,0
44379,90435,4129,134814,48508,94564,0
22695,90624,10994,113319,33689,101618,0
29311,7446,63546,36757,92857,70992,0
99320,55001,16487,154321,115807,71488,0
79017,64592,42949,143609,121966,107541,1
1474,56309,76632,57783,78106,132941,0
7121,4881,25515,12002,32636,30396,0
96683,16858,82325,113541,179008,99183,1
28630,11474,50952,40104,79582,62426,0
16232,10861,17762,27093,33994,28623,1
53085,26447,86633,79532,139718,113080,0
72506,79225,9673,151731,82179,88898,1
12525,12100,89965,24625,102490,102065,0
49488,23090,3139,72578,52627,26229,0
4160,2220,43129,6380,47289,45349,0
51097,82990,72332,134087,123429,155322,1
80259,83380,53608,163639,133867,136988,1
35377,51034,96406,86411,131783,147440,0
53682,5868,39552,59550,93234,45420,0
68414,87773,34185,156187,102599,121958,1
2178,24247,69887,26425,72065,94134,0
66202,81124,91678,147326,157880,172802,1
51579,58237,45852,109816,97431,104089,1
76600,50327,51289,126927,127889,101616,1
65312,17976,46981,83288,112293,64957,0
77379,69039,88044,146418,165423,157083,1
51443,32740,41464,84183,92907,74204,1
25445,42319,19923,67764,45368,62242,1
61475,93383,34723,154858,96198,128106,1
99662,13640,7077,113302,106739,20717,0
48705,14239,70378,62944,119083,84617,0
52040,43760,97486,95800,149526,141246,0
91106,21845,75092,112951,166198,96937,1
32577,81200,38016,113777,70593,119216,0
50901,33880,2976,84781,53877,36856,0
38247,16327,72417,54574,110664,88744,0
25067,65398,49089,90465,74156,114487,1
41660,51727,43088,93387,84748,94815,1
36071,52945,19431,89016,55502,72376,1
80551,47362,47815,127913,128366,95177,1
40297,47585,67118,87882,107415,114703,1
58794,43457,55244,102251,114038,98701,1
85937,5578,50096,91515,136033,55674,0
54655,67391,88523,122046,143178,155914,1
2561,6342,71809,8903,74370,78151,0
50895,58374,51311,109269,102206,109685,1
22531,52654,51740,75185,74271,104394,1
85063,79089,66943,164152,152006,146032,1
31450,12736,4187,44186,35637,16923,0
70868,9596,47731,80464,118599,57327,0
52569,40893,2606,93462,55175,43499,0
4754,88113,98166,92867,102920,186279,0
39560,98222,56471,137782,96031,154693,0
41011,9679,33487,50690,74498,43166,1
1618,46953,21191,48571,22809,68144,0
16214,42426,4577,58640,20791,47003,0
24017,7528,42582,31545,66599,50110,0
91161,49544,51718,140705,142879,101262,1
66221,7457,2495,73678,68716,9952,0
57817,51665,89811,109482,147628,141476,1
40307,65041,33835,105348,74142,98876,1
5993,18099,66243,24092,72236,84342,0
404,78730,61573,79134,61977,140303,0
96947,89665,60710,186612,157657,150375,1
75863,96237,90111,172100,165974,186348,1
56771,11137,35459,67908,92230,46596,0
41290,8354,13570,49644,54860,21924,0
93239,71559,28553,164798,121792,100112,1
33392,70559,92812,103951,126204,163371,1
41323,63733,84959,105056,126282,148692,1
45088,54094,94445,99182,139533,148539,1
63728,29477,25597,93205,89325,55074,0
92193,12316,89358,104509,181551,101674,1
94917,63961,61132,158878,156049,125093,1
58101,52356,50003,110457,108104,102359,1
52963,90204,91232,143167,144195,181436,1
18027,82535,48649,100562,66676,131184,0
99187,87053,65683,186240,164870,152736,1
11863,52538,95338,64401,107201,147876,0
32748,15292,434,48040,33182,15726,0
35501,22792,31652,58293,67153,54444,1
46597,14081,16337,60678,62934,30418,0
18046,23758,47462,41804,65508,71220,0
66705,37707,60880,104412,127585,98587,1
70064,73953,38024,144017,108088,111977,1
87386,65959,79958,153345,167344,145917,1
92698,39734,10564,132432,103262,50298,0
50274,11038,93210,61312,143484,104248,0
80045,53303,37398,133348,117443,90701,1
52455,62310,8171,114765,60626,70481,0
97415,36209,49351,133624,146766,85560,0
4278,30563,65936,34841,70214,96499,0
17902,30935,102,48837,18004,31037,0
17201,84276,20699,101477,37900,104975,0
68346,70609,89760,138955,158106,160369,1
94826,15231,60509,110057,155335,75740,0
83329,73857,70879,157186,154208,144736,1
94806,2188,68196,96994,163002,70384,0
5090,67758,43860,72848,48950,111618,0
82090,61483,1898,143573,83988,63381,0
48478,22887,78034,71365,126512,100921,0
13650,67505,70914,81155,84564,138419,1
4550,91247,9092,95797,13642,100339,0
60706,12149,20140,72855,80846,32289,0
96938,98945,63430,195883,160368,162375,1
77286,59871,13791,137157,91077,73662,0
30556,50263,73312,80819,103868,123575,1
99973,42244,37721,142217,137694,79965,0
52125,78173,19060,130298,71185,97233,0
13604,28059,27024,41663,40628,55083,1
53625,85295,12767,138920,66392,98062,0
65635,36590,45483,102225,111118,82073,1
62124,65399,39089,127523,101213,104488,1
11353,84734,96476,96087,107829,181210,0
17208,85612,79365,102820,96573,164977,1
64441,20592,17242,85033,81683,37834,0
95012,87695,55456,182707,150468,143151,1
55223,99450,92728,154673,147951,192178,1
10294,49871,56115,60165,66409,105986,1
20763,38184,51295,58947,72058,89479,1
60809,51236,67076,112045,127885,118312,1
15380,23288,21672,38668,37052,44960,1
60311,58358,3214,118669,63525,61572,1
83606,31347,21431,114953,105037,52778,0
73846,30774,29311,104620,103157,60085,0
14307,4770,41549,19077,55856,46319,0
85269,30110,98875,115379,184144,128985,1
16219,94054,29449,110273,45668,123503,0
86436,28039,87797,114475,174233,115836,1
88188,76771,66865,164959,155053,143636,1
99398,89958,21793,189356,121191,111751,1
73294,91754,93179,165048,166473,184933,1
87856,80457,21829,168313,109685,102286,1
62881,92121,63335,155002,126216,155456,1
92186,9578,1054,101764,93240,10632,0
26437,52305,45088,78742,71525,97393,1
62973,29730,85502,92703,148475,115232,1
34279,84676,16199,118955,50478,100875,0
93405,67223,86818,160628,180223,154041,1
7898,42529,1672,50427,9570,44201,0
44155,5720,79071,49875,123226,84791,0
62516,5962,98594,68478,161110,104556,0
8678,69487,26088,78165,34766,95575,0
44970,58412,72340,103382,117310,130752,1
55843,10542,94817,66385,150660,105359,0
59500,33333,44109,92833,103609,77442,1
39120,15180,43196,54300,82316,58376,1
76657,95699,72754,172356,149411,168453,1
37638,36161,96606,73799,134244,132767,0
50580,86891,25603,137471,76183,112494,0
44577,81132,51715,125709,96292,132847,1
85678,95394,47759,181072,133437,143153,1
94269,91308,47199,185577,141468,138507,1
69574,79286,29522,148860,99096,108808,1
15047,86994,81585,102041,96632,168579,1
316,32452,52506,32768,52822,84958,0
79071,38440,50887,117511,129958,89327,1
10410,55582,62846,65992,73256,118428,1
91510,13616,64767,105126,156277,78383,0
25606,99280,94768,124886,120374,194048,1
15522,55601,63165,71123,78687,118766,1
24952,54921,86079,79873,111031,141000,0
92608,27877,54519,120485,147127,82396,0
46412,4679,95827,51091,142239,100506,0
57134,50276,79397,107410,136531,129673,1
55432,31710,15609,87142,71041,47319,0
33879,59948,82067,93827,115946,142015,1
86414,68177,33325,154591,119739,101502,1
15326,68341,45132,83667,60458,113473,0
83171,64817,78612,147988,161783,143429,1
67102,90385,67402,157487,134504,157787,1
71564,33768,91455,105332,163019,125223,1
89765,95915,27614,185680,117379,123529,1
40587,67001,29364,107588,69951,96365,1
28179,59877,4779,88056,32958,64656,0
3924,71812,8836,75736,12760,80648,0
82225,47164,8220,129389,90445,55384,0
19172,55607,57974,74779,77146,113581,1
80435,36030,54690,116465,135125,90720,1
21399,46855,58896,68254,80295,105751,1
20483,36563,2418,57046,22901,38981,0
25900,7880,30748,33780,56648,38628,1
42648,18173,62883,60821,105531,81056,0
62366,17181,73758,79547,136124,90939,1
23102,98509,97641,121611,120743,196150,1
74890,80021,89919,154911,164809,169940,1
16474,48699,16374,65173,32848,65073,0
5432,42386,66231,47818,71663,108617,0
37895,28092,25803,65987,63698,53895,1
13657,86584,38912,100241,52569,125496,0
60360,20104,17764,80464,78124,37868,0
97226,91640,55882,188866,153108,147522,1
89578,90196,97398,179774,186976,187594,1
41496,96423,17200,137919,58696,113623,0
40842,23620,35731,64462,76573,59351,1
90582,98176,49317,188758,139899,147493,1
3003,27202,55098,30205,58101,82300,0
60097,98438,23704,158535,83801,122142,0
92915,47083,35326,139998,128241,82409,0
97707,16212,53850,113919,151557,70062,0
96325,62009,33748,158334,130073,95757,0
2176,57481,94770,59657,96946,152251,0
5979,83810,20743,89789,26722,104553,0
22003,35221,40661,57224,62664,75882,1
13054,86934,67056,99988,80110,153990,0
479,98197,91546,98676,92025,189743,0
64392,13024,51713,77416,116105,64737,1
68680,78503,93524,147183,162204,172027,1
20009,65241,25959,85250,45968,91200,0
41801,34445,37985,76246,79786,72430,1
50033,99902,26943,149935,76976,126845,0
98614,77739,6980,176353,105594,84719,0
72775,17173,98474,89948,171249,115647,0
32434,83511,67146,115945,99580,150657,1
83819,66274,45583,150093,129402,111857,1
23355,33318,18563,56673,41918,51881,1
87340,74342,90344,161682,177684,164686,1
50781,7050,42183,57831,92964,49233,0
8223,31976,71170,40199,79393,103146,0
94095,39044,80651,133139,174746,119695,1
29057,96982,35616,126039,64673,132598,0
80522,66615,87279,147137,167801,153894,1
39143,63113,92801,102256,131944,155914,1
32908,70975,61934,103883,94842,132909,1
60470,7253,93427,67723,153897,100680,0
86662,13425,66530,100087,153192,79955,0
8531,91080,12892,99611,21423,103972,0
63906,57723,31703,121629,95609,89426,1
36841,46554,10986,83395,47827,57540,1
20520,37197,26481,57717,47001,63678,1
56339,83270,38760,139609,95099,122030,1
76183,50198,93935,126381,170118,144133,1
90211,62381,53634,152592,143845,116015,1
53321,23912,86272,77233,139593,110184,0
99341,54100,40173,153441,139514,94273,0
66156,60330,93805,126486,159961,154135,1
25858,17529,95176,43387,121034,112705,0
86098,55849,98765,141947,184863,154614,1
78129,83438,7612,161567,85741,91050,1
20445,20165,3717,40610,24162,23882,1
20089,90818,60289,110907,80378,151107,0
86556,37275,49642,123831,136198,86917,1
62197,40647,99606,102844,161803,140253,1
71972,20386,80175,92358,152147,100561,1
12481,3162,75188,15643,87669,78350,0
82824,19489,8809,102313,91633,28298,0
36078,147,15176,36225,51254,15323,0
26172,86751,12806,112923,38978,99557,0
71303,52755,87341,124058,158644,140096,1
36412,92163,1746,128575,38158,93909,0
50954,14900,33104,65854,84058,48004,0
12242,5357,49183,17599,61425,54540,0
93044,33663,19983,126707,113027,53646,0
28007,73923,57420,101930,85427,131343,1
96670,48095,40693,144765,137363,88788,0
87575,54386,40438,141961,128013,94824,1
86217,9938,87290,96155,173507,97228,1
11139,41875,58859,53014,69998,100734,0
94536,14961,61414,109497,155950,76375,0
48768,42048,53713,90816,102481,95761,1
95609,45898,48647,141507,144256,94545,0
73753,47034,43701,120787,117454,90735,1
68846,93557,30936,162403,99782,124493,1
32184,99292,65195,131476,97379,164487,0
13089,32848,84816,45937,97905,117664,0
12108,65526,81342,77634,93450,146868,0
23398,81508,95949,104906,119347,177457,1
65448,27624,88014,93072,153462,115638,1
17488,40009,63408,57497,80896,103417,0
8003,38934,46448,46937,54451,85382,1
96409,466,50918,96875,147327,51384,0
74076,17114,18045,91190,92121,35159,0
32288,50531,25845,82819,58133,76376,1
25823,49356,55635,75179,81458,104991,1
7511,14258,5432,21769,12943,19690,0
13272,48993,75628,62265,88900,124621,0
69341,587,81933,69928,151274,82520,0
14050,17161,94406,31211,108456,111567,0
86396,33839,61630,120235,148026,95469,1
68507,19074,54359,87581,122866,73433,1
6749,76681,2962,83430,9711,79643,0
62792,30667,67777,93459,130569,98444,1
39934,2584,59465,42518,99399,62049,0
63007,18951,12122,81958,75129,31073,0
21201,61112,88191,82313,109392,149303,0
15193,17829,50193,33022,65386,68022,0
87857,79947,96116,167804,183973,176063,1
62940,67817,11466,130757,74406,79283,1
3619,21256,10566,24875,14185,31822,0
83012,86433,2428,169445,85440,88861,0
86145,81264,16899,167409,103044,98163,1
54396,19882,67484,74278,121880,87366,1
94987,38748,77045,133735,172032,115793,1
73153,68607,71430,141760,144583,140037,1
9717,33347,40966,43064,50683,74313,1
11698,40260,23406,51958,35104,63666,0
88000,28353,35122,116353,123122,63475,0
24658,56901,83450,81559,108108,140351,0
70719,74782,80590,145501,151309,155372,1
46019,960,96395,46979,142414,97355,0
50470,65160,95323,115630,145793,160483,1
70733,34593,56385,105326,127118,90978,1
74997,90552,96222,165549,171219,186774,1
74259,94558,20346,168817,94605,114904,1
62205,60840,85553,123045,147758,146393,1
98725,54340,99228,153065,197953,153568,1
65675,48532,72416,114207,138091,120948,1
74129,45810,42143,119939,116272,87953,1
45791,8128,1823,53919,47614,9951,0
58623,65832,35626,124455,94249,101458,1
20047,87217,34405,107264,54452,121622,0
20303,60983,46471,81286,66774,107454,1
13937,54630,61828,68567,75765,116458,1
96271,11040,4253,107311,100524,15293,0
99049,21959,8689,121008,107738,30648,0
55591,49588,91814,105179,147405,141402,1
57324,39038,67839,96362,125163,106877,1
23917,9888,38468,33805,62385,48356,0
65337,56672,16444,122009,81781,73116,1
58013,3286,7206,61299,65219,10492,0
75386,36758,4431,112144,79817,41189,0
35128,31556,10034,66684,45162,41590,1
26441,5148,57978,31589,84419,63126,0
83672,41968,80339,125640,164011,122307,1
56695,12114,53370,68809,110065,65484,1
16939,40543,20107,57482,37046,60650,0
24885,47588,84087,72473,108972,131675,0
65213,75992,11739,141205,76952,87731,1
82224,58670,96708,140894,178932,155378,1
33746,33264,24826,67010,58572,58090,1
84927,14682,2644,99609,87571,17326,0
64171,29842,94639,94013,158810,124481,0
52043,20049,76026,72092,128069,96075,0
62776,97159,97158,159935,159934,194317,1
47170,1402,66595,48572,113765,67997,0
39970,40024,24277,79994,64247,64301,1
18260,27594,20859,45854,39119,48453,1
62357,90980,35882,153337,98239,126862,1
12796,71019,66554,83815,79350,137573,1
91239,95836,25998,187075,117237,121834,1
13152,89655,54932,102807,68084,144587,0
32050,7557,24456,39607,56506,32013,0
61935,32011,90293,93946,152228,122304,1
71041,28678,25186,99719,96227,53864,0
9419,23739,58781,33158,68200,82520,0
65529,28106,31132,93635,96661,59238,0
57839,4971,40251,62810,98090,45222,0
93599,56172,38300,149771,131899,94472,1
30788,47886,4613,78674,35401,52499,0
57311,22043,52991,79354,110302,75034,1
47479,99080,52791,146559,100270,151871,1
39499,33272,56728,72771,96227,90000,1
8667,35750,21408,44417,30075,57158,0
42605,15124,78905,57729,121510,94029,0
25733,53096,49297,78829,75030,102393,1
41781,77594,38818,119375,80599,116412,1
86652,7354,87790,94006,174442,95144,1
75184,87777,85017,162961,160201,172794,1
65207,90795,72030,156002,137237,162825,1
13263,55093,40084,68356,53347,95177,0
15797,3304,8818,19101,24615,12122,0
1367,70914,7989,72281,9356,78903,0
33061,30591,77279,63652,110340,107870,0
74995,63615,7928,138610,82923,71543,0
85983,99568,49373,185551,135356,148941,1
21758,72432,37440,94190,59198,109872,0
68047,26991,45354,95038,113401,72345,1
10421,18807,88117,29228,98538,106924,0
32222,39439,47879,71661,80101,87318,1
78319,7285,94878,85604,173197,102163,0
94801,60141,32382,154942,127183,92523,0
38550,74114,17970,112664,56520,92084,0
33385,6816,22946,40201,56331,29762,0
5307,67802,74349,73109,79656,142151,0
79484,28683,16198,108167,95682,44881,0
5451,70281,23964,75732,29415,94245,0
21681,99298,76864,120979,98545,176162,0
64849,38371,79442,103220,144291,117813,1
89690,71549,17344,161239,107034,88893,0
18036,7634,56332,25670,74368,63966,0
44414,59853,71845,104267,116259,131698,1
55303,86619,38466,141922,93769,125085,1
57641,68125,85913,125766,143554,154038,1
87006,91569,38889,178575,125895,130458,1
83924,63407,93432,147331,177356,156839,1
72944,75302,59789,148246,132733,135091,1
32491,59653,47412,92144,79903,107065,1
16695,28249,92157,44944,108852,120406,0
74181,31646,36942,105827,111123,68588,0
31781,5533,26324,37314,58105,31857,1
4229,54927,92785,59156,97014,147712,0
91946,68590,82681,160536,174627,151271,1
1894,20969,49046,22863,50940,70015,0
23790,33466,71403,57256,95193,104869,0
41824,16915,48392,58739,90216,65307,1
32863,85630,6588,118493,39451,92218,0
43981,17851,98703,61832,142684,116554,0
72508,95992,95822,168500,168330,191814,1
17302,43514,9015,60816,26317,52529,0
41220,9496,77507,50716,118727,87003,0
254,86582,86574,86836,86828,173156,1
72569,84295,26448,156864,99017,110743,1
55662,14298,45099,69960,100761,59397,1
40133,4210,35886,44343,76019,40096,0
61879,78736,10622,140615,72501,89358,0
45346,16492,98143,61838,143489,114635,0
69025,52167,55690,121192,124715,107857,1
37781,9243,6753,47024,44534,15996,0
98832,45079,28340,143911,127172,73419,0
26516,90226,48329,116742,74845,138555,0
81367,5916,37961,87283,119328,43877,0
52244,22350,44471,74594,96715,66821,1
32338,67798,41381,100136,73719,109179,1
77577,92410,86626,169987,164203,179036,1
18712,9034,76801,27746,95513,85835,0
57910,22795,83619,80705,141529,106414,0
74198,4664,43841,78862,118039,48505,0
81949,84779,98621,166728,180570,183400,1
61504,61151,8786,122655,70290,69937,1
17064,6135,29637,23199,46701,35772,0
60356,79933,21408,140289,81764,101341,1
51406,64759,54436,116165,105842,119195,1
13980,88236,66178,102216,80158,154414,0
42990,41486,56467,84476,99457,97953,1
47809,40087,47654,87896,95463,87741,1
90187,21894,28151,112081,118338,50045,0
51291,81826,88864,133117,140155,170690,1
49102,94947,24549,144049,73651,119496,0
13205,95107,29919,108312,43124,125026,0
36159,99538,93106,135697,129265,192644,1
85335,98346,28035,183681,113370,126381,1
30777,17036,78961,47813,109738,95997,0
5239,29665,509,34904,5748,30174,0
79799,36081,89335,115880,169134,125416,1
68107,57370,77571,125477,145678,134941,1
47923,42096,46891,90019,94814,88987,1
56424,11686,54200,68110,110624,65886,1
15464,25482,42964,40946,58428,68446,0
75161,92101,87894,167262,163055,179995,1
73679,96177,3822,169856,77501,99999,0
66629,91513,20902,158142,87531,112415,0
12946,42375,92770,55321,105716,135145,0
84060,50093,47756,134153,131816,97849,1
52037,56150,9609,108187,61646,65759,1
79817,49,6633,79866,86450,6682,0
5798,10872,15896,16670,21694,26768,1
11302,30244,57792,41546,69094,88036,0
27044,59810,79614,86854,106658,139424,1
54248,93462,92971,147710,147219,186433,1
76042,95523,34151,171565,110193,129674,1
79415,63067,61864,142482,141279,124931,1
6297,64686,19198,70983,25495,83884,0
50620,42684,25610,93304,76230,68294,1
4954,76721,29020,81675,33974,105741,0
84190,35408,19599,119598,103789,55007,0
77632,60746,17920,138378,95552,78666,1
48040,44279,50787,92319,98827,95066,1
2401,54400,38541,56801,40942,92941,0
64803,55933,36744,120736,101547,92677,1
44903,42968,93568,87871,138471,136536,0
58878,29700,50634,88578,109512,80334,1
36899,3678,54094,40577,90993,57772,0
51834,56869,39343,108703,91177,96212,1
50457,1317,28126,51774,78583,29443,0
50655,61679,47613,112334,98268,109292,1
1206,90708,49138,91914,50344,139846,0
1718,28972,88159,30690,89877,117131,0
81933,7429,13746,89362,95679,21175,0
47531,26572,99963,74103,147494,126535,0
95145,90492,64582,185637,159727,155074,1
38771,96552,70949,135323,109720,167501,1
48434,77514,94697,125948,143131,172211,1
64947,5796,53718,70743,118665,59514,0
68674,75599,50216,144273,118890,125815,1
5006,90465,13981,95471,18987,104446,0
62123,34083,70680,96206,132803,104763,1
19411,49556,67130,68967,86541,116686,1
63611,52054,13448,115665,77059,65502,1
50926,47680,10880,98606,61806,58560,1
30807,89226,61438,120033,92245,150664,1
12511,12756,58874,25267,71385,71630,0
70838,14622,47630,85460,118468,62252,0
9415,67670,2134,77085,11549,69804,0
35691,11948,55405,47639,91096,67353,0
44641,19651,81630,64292,126271,101281,0
99072,26883,47460,125955,146532,74343,0
23103,15263,63949,38366,87052,79212,0
63740,68899,19931,132639,83671,88830,1
46536,16214,59519,62750,106055,75733,1
28963,26447,44305,55410,73268,70752,1
18095,35764,85396,53859,103491,121160,0
29340,78785,69069,108125,98409,147854,1
70454,22071,50667,92525,121121,72738,1
55269,49581,45206,104850,100475,94787,1
88788,73603,99997,162391,188785,173600,1
39293,29718,73425,69011,112718,103143,0
75244,96058,65738,171302,140982,161796,1
8811,31359,66180,40170,74991,97539,0
30884,94958,97969,125842,128853,192927,1
15972,19054,26757,35026,42729,45811,1
80230,34564,81051,114794,161281,115615,1
90813,49108,65497,139921,156310,114605,1
49163,21430,7359,70593,56522,28789,0
45788,56591,77309,102379,123097,133900,1
69175,66780,64178,135955,133353,130958,1
65015,40603,17989,105618,83004,58592,0
93759,47469,55280,141228,149039,102749,1
77838,85875,48004,163713,125842,133879,1
28081,67596,1068,95677,29149,68664,0
85642,75655,38259,161297,123901,113914,1
79492,75693,80682,155185,160174,156375,1
41090,26968,22491,68058,63581,49459,1
43958,91549,55160,135507,99118,146709,1
17017,926,45145,17943,62162,46071,0
13408,54471,93021,67879,106429,147492,0
93461,6100,63309,99561,156770,69409,0
11146,39262,81531,50408,92677,120793,0
94737,61356,29072,156093,123809,90428,0
86125,68378,49120,154503,135245,117498,1
45139,47906,1482,93045,46621,49388,0
62766,49085,23663,111851,86429,72748,1
12857,44366,16390,57223,29247,60756,0
97852,45566,28038,143418,125890,73604,0
37037,86976,38591,124013,75628,125567,0
4096,44984,23870,49080,27966,68854,0
97989,32605,71723,130594,169712,104328,1
32670,63249,98628,95919,131298,161877,0
79807,15635,97400,95442,177207,113035,0
47092,50049,25919,97141,73011,75968,1
42871,29640,72667,72511,115538,102307,0
25438,45404,76472,70842,101910,121876,0
74396,9505,28531,83901,102927,38036,0
91322,34288,6865,125610,98187,41153,0
17830,98380,29326,116210,47156,127706,0
39544,18533,64109,58077,103653,82642,0
40673,93083,53382,133756,94055,146465,1
23388,42173,87954,65561,111342,130127,0
2246,95966,41265,98212,43511,137231,0
83674,47724,65630,131398,149304,113354,1
81852,80707,10808,162559,92660,91515,1
10213,23123,66935,33336,77148,90058,0
96933,30836,98714,127769,195647,129550,1
28593,83805,55060,112398,83653,138865,0
91293,98896,96344,190189,187637,195240,1
92940,17069,64363,110009,157303,81432,0
12337,73592,12423,85929,24760,86015,0
36872,6514,89598,43386,126470,96112,0
11655,60036,33752,71691,45407,93788,0
53688,57760,1935,111448,55623,59695,0
29116,72360,85749,101476,114865,158109,1
30013,15366,57093,45379,87106,72459,0
15948,88154,97891,104102,113839,186045,1
81627,3240,66658,84867,148285,69898,0
30533,62921,71075,93454,101608,133996,1
20527,13094,21917,33621,42444,35011,1
35234,42620,4053,77854,39287,46673,0
58967,912,70761,59879,129728,71673,0
35928,74180,49323,110108,85251,123503,1
40875,81717,47780,122592,88655,129497,1
3075,10878,18261,13953,21336,29139,0
71412,10363,62840,81775,134252,73203,1
71814,74158,80067,145972,151881,154225,1
79596,66045,36980,145641,116576,103025,1
28375,72616,64673,100991,93048,137289,1
88813,94065,57313,182878,146126,151378,1
93146,71842,2578,164988,95724,74420,0
26100,85381,2994,111481,29094,88375,0
82494,19035,88226,101529,170720,107261,1
88405,60677,86940,149082,175345,147617,1
63316,33546,54177,96862,117493,87723,1
37884,81603,27285,119487,65169,108888,0
79255,29131,80659,108386,159914,109790,1
16710,69305,33425,86015,50135,102730,0
27123,11233,90041,38356,117164,101274,0
22428,18384,62974,40812,85402,81358,0
96708,41688,67582,138396,164290,109270,1
85430,1410,14657,86840,100087,16067,0
96948,73412,34345,170360,131293,107757,1
85854,5420,47195,91274,133049,52615,0
42955,69906,68165,112861,111120,138071,1
24334,40662,6309,64996,30643,46971,0
71020,87632,40400,158652,111420,128032,1
19294,69665,60921,88959,80215,130586,1
21110,95007,62036,116117,83146,157043,0
44724,48261,20484,92985,65208,68745,1
21558,19759,16409,41317,37967,36168,1
74362,31047,93656,105409,168018,124703,1
56217,58625,44776,114842,100993,103401,1
72467,21626,26815,94093,99282,48441,0
19380,38538,30223,57918,49603,68761,1
75515,58057,98990,133572,174505,157047,1
22860,92182,68548,115042,91408,160730,0
53831,73746,66163,127577,119994,139909,1
32990,52185,95708,85175,128698,147893,0
67576,2048,55949,69624,123525,57997,0
49321,1049,22923,50370,72244,23972,0
29617,10459,4964,40076,34581,15423,0
72940,32529,84044,105469,156984,116573,1
59618,52258,23765,111876,83383,76023,1
63972,25849,60881,89821,124853,86730,1
71275,1404,36210,72679,107485,37614,0
17448,56147,20051,73595,37499,76198,0
35147,26848,20039,61995,55186,46887,1
90137,74100,86182,164237,176319,160282,1
61701,61506,79031,123207,140732,140537,1
61804,69491,39416,131295,101220,108907,1
24520,40544,80263,65064,104783,120807,0
49998,96219,67939,146217,117937,164158,1
77642,28093,7374,105735,85016,35467,0
98323,81415,63529,179738,161852,144944,1
86466,15386,25636,101852,112102,41022,0
59068,90037,10444,149105,69512,100481,0
56959,94568,77693,151527,134652,172261,1
97563,22347,70888,119910,168451,93235,0
76175,11323,97448,87498,173623,108771,0
71011,31877,54513,102888,125524,86390,1
93259,26886,27019,120145,120278,53905,0
58617,81557,39839,140174,98456,121396,1
75641,12971,35185,88612,110826,48156,0
20963,11015,96045,31978,117008,107060,0
50556,1129,79881,51685,130437,81010,0
59948,62829,33998,122777,93946,96827,1
63956,39136,3574,103092,67530,42710,0
17437,10453,1675,27890,19112,12128,0
9505,13824,65712,23329,75217,79536,0
20763,86661,18763,107424,39526,105424,0
52636,89595,92652,142231,145288,182247,1
82002,35301,38631,117303,120633,73932,0
98040,83540,98030,181580,196070,181570,1
68361,817,34531,69178,102892,35348,0
20064,345,12553,20409,32617,12898,0
23819,86037,58070,109856,81889,144107,0
43644,91262,48908,134906,92552,140170,1
33998,62026,46337,96024,80335,108363,1
59762,12804,27507,72566,87269,40311,0
11073,83880,66224,94953,77297,150104,0
14083,25168,27024,39251,41107,52192,1
18909,73813,14351,92722,33260,88164,0
73340,67420,42103,140760,115443,109523,1
6610,31654,24782,38264,31392,56436,0
76768,13098,25170,89866,101938,38268,0
17483,81519,90313,99002,107796,171832,1
11707,44792,12967,56499,24674,57759,0
66259,26639,65981,92898,132240,92620,1
24919,76987,48430,101906,73349,125417,0
76596,89035,42841,165631,119437,131876,1
49232,18944,96477,68176,145709,115421,0
7709,99020,35084,106729,42793,134104,0
20492,61798,31236,82290,51728,93034,0
50905,77148,34858,128053,85763,112006,1
8806,29750,74151,38556,82957,103901,0
65419,52332,65656,117751,131075,117988,1
39006,70095,31709,109101,70715,101804,1
71589,643,97797,72232,169386,98440,0
76979,90485,14962,167464,91941,105447,1
58813,79970,31812,138783,90625,111782,1
17098,84259,98122,101357,115220,182381,1
8211,40630,83590,48841,91801,124220,0
41499,41316,97269,82815,138768,138585,0
47274,10347,30208,57621,77482,40555,0
91770,89246,54400,181016,146170,143646,1
58964,60826,43003,119790,101967,103829,1
91714,26137,81208,117851,172922,107345,1
19284,48480,69275,67764,88559,117755,0
96461,7143,468,103604,96929,7611,0
59056,59669,61620,118725,120676,121289,1
45428,66795,22456,112223,67884,89251,1
88829,1708,77211,90537,166040,78919,0
49292,63771,97375,113063,146667,161146,1
91854,38339,32248,130193,124102,70587,0
59245,9289,48196,68534,107441,57485,0
78026,75487,82514,153513,160540,158001,1
34749,98340,72733,133089,107482,171073,1
59651,67374,98313,127025,157964,165687,1
37883,27815,42031,65698,79914,69846,1
33605,77324,59275,110929,92880,136599,1
52028,10138,32126,62166,84154,42264,0
64729,36288,75982,101017,140711,112270,1
46633,81571,67266,128204,113899,148837,1
12476,16178,77993,28654,90469,94171,0
30179,26563,15664,56742,45843,42227,1
84365,98582,77400,182947,161765,175982,1
24900,41663,35422,66563,60322,77085,1
67505,45305,33715,112810,101220,79020,1
73266,9439,96981,82705,170247,106420,0
87847,34664,16439,122511,104286,51103,0
98167,45363,22908,143530,121075,68271,0
79341,15904,5229,95245,84570,21133,0
75609,75981,58794,151590,134403,134775,1
18355,65379,1264,83734,19619,66643,0
15519,31270,27296,46789,42815,58566,1
50419,63433,55285,113852,105704,118718,1
89506,37742,68565,127248,158071,106307,1
1125,14376,43379,15501,44504,57755,0
92202,48657,84630,140859,176832,133287,1
48947,86402,60520,135349,109467,146922,1
83093,56918,59081,140011,142174,115999,1
53218,26386,67921,79604,121139,94307,1
13577,29626,45624,43203,59201,75250,0
21272,33731,18049,55003,39321,51780,1
52713,97435,24586,150148,77299,122021,0
92224,77441,41606,169665,133830,119047,1
65294,35429,17033,100723,82327,52462,0
66567,44747,83118,111314,149685,127865,1
76192,95299,34514,171491,110706,129813,1
33804,24306,60693,58110,94497,84999,0
49893,44244,94951,94137,144844,139195,0
48563,8035,27881,56598,76444,35916,0
83147,76495,49409,159642,132556,125904,1
46808,74022,71489,120830,118297,145511,1
87310,81152,16250,168462,103560,97402,1
47925,54895,98948,102820,146873,153843,1
48411,58906,90107,107317,138518,149013,1
96921,24002,30797,120923,127718,54799,0
39706,8854,93950,48560,133656,102804,0
44893,39404,48841,84297,93734,88245,1
16846,84876,85969,101722,102815,170845,1
78126,66009,55368,144135,133494,121377,1
67431,8412,87855,75843,155286,96267,0
39517,53936,82832,93453,122349,136768,1
56037,48075,65311,104112,121348,113386,1
26311,40383,49209,66694,75520,89592,1
41764,99638,53216,141402,94980,152854,0
79762,54901,74324,134663,154086,129225,1
14235,46427,52814,60662,67049,99241,1
37957,64745,27229,102702,65186,91974,1
74745,53265,10051,128010,84796,63316,0
57636,55837,6855,113473,64491,62692,1
70475,50472,2427,120947,72902,52899,0
79560,88055,65836,167615,145396,153891,1
91106,20711,92656,111817,183762,113367,1
44720,15165,18748,59885,63468,33913,0
60849,21432,91190,82281,152039,112622,0
74390,47107,80799,121497,155189,127906,1
57874,49733,11480,107607,69354,61213,1
63972,66023,62106,129995,126078,128129,1
3998,43345,87967,47343,91965,131312,0
1138,45589,12533,46727,13671,58122,0
9971,19753,23116,29724,33087,42869,1
8211,25622,18431,33833,26642,44053,1
73384,77934,29068,151318,102452,107002,1
30254,35589,49511,65843,79765,85100,1
74515,16254,69911,90769,144426,86165,1
66198,68675,97859,134873,164057,166534,1
24577,47951,76355,72528,100932,124306,0
15045,3217,20568,18262,35613,23785,0
12629,38225,31290,50854,43919,69515,1
87600,66150,81854,153750,169454,148004,1
87991,54824,58301,142815,146292,113125,1
44612,47028,60206,91640,104818,107234,1
13262,12999,91353,26261,104615,104352,0
9348,82920,80122,92268,89470,163042,1
28462,43774,49205,72236,77667,92979,1
9142,2982,72099,12124,81241,75081,0
94437,35752,72903,130189,167340,108655,1
87410,15400,42625,102810,130035,58025,0
30838,67901,31009,98739,61847,98910,0
30560,38322,51541,68882,82101,89863,1
14551,65357,44395,79908,58946,109752,0
60123,46165,18494,106288,78617,64659,1
14242,63200,65987,77442,80229,129187,1
241,31471,86775,31712,87016,118246,0
59272,18881,8238,78153,67510,27119,0
18657,79175,45695,97832,64352,124870,0
9576,13159,87820,22735,97396,100979,0
72078,67759,74191,139837,146269,141950,1
31244,23955,54544,55199,85788,78499,1
81374,66607,67567,147981,148941,134174,1
26913,73640,96408,100553,123321,170048,1
71670,57571,21375,129241,93045,78946,1
12511,87463,31526,99974,44037,118989,0
57081,87448,2572,144529,59653,90020,0
87821,99216,11336,187037,99157,110552,0
27213,49695,37563,76908,64776,87258,1
8291,23128,15487,31419,23778,38615,1
25182,64382,15472,89564,40654,79854,0
63060,93581,75876,156641,138936,169457,1
10309,33245,96235,43554,106544,129480,0
88742,23081,94469,111823,183211,117550,1
7214,29156,66516,36370,73730,95672,0
42063,96858,87648,138921,129711,184506,1
5583,51740,21759,57323,27342,73499,0
88005,79040,91751,167045,179756,170791,1
66473,64939,48481,131412,114954,113420,1
650,3188,44060,3838,44710,47248,0
57827,19889,24302,77716,82129,44191,0
84810,62594,21292,147404,106102,83886,0
77169,84376,72841,161545,150010,157217,1
64558,29726,14188,94284,78746,43914,0
29540,55089,55202,84629,84742,110291,1
34527,99211,68607,133738,103134,167818,1
9327,23631,48241,32958,57568,71872,0
83914,77060,96829,160974,180743,173889,1
33898,19610,54159,53508,88057,73769,0
76239,62220,98747,138459,174986,160967,1
10755,27921,44057,38676,54812,71978,0
29129,15847,50442,44976,79571,66289,0
20598,96323,4176,116921,24774,100499,0
89312,44916,21892,134228,111204,66808,0
40061,47697,26699,87758,66760,74396,1
61170,51741,93754,112911,154924,145495,1
27693,50843,33168,78536,60861,84011,1
87441,88534,63657,175975,151098,152191,1
52290,85971,68784,138261,121074,154755,1
88307,1942,74923,90249,163230,76865,0
11523,83066,81882,94589,93405,164948,1
86596,9959,76621,96555,163217,86580,0
5033,6418,41337,11451,46370,47755,0
3256,86544,44821,89800,48077,131365,0
93655,15402,69986,109057,163641,85388,0
38247,59317,75261,97564,113508,134578,1
85686,11568,18123,97254,103809,29691,0
29418,79151,30687,108569,60105,109838,0
11018,80782,12615,91800,23633,93397,0
36724,24741,69290,61465,106014,94031,0
25813,3110,31379,28923,57192,34489,0
86997,2054,94574,89051,181571,96628,0
42945,52583,599,95528,43544,53182,0
21099,56531,94785,77630,115884,151316,0
54742,82735,97063,137477,151805,179798,1
76630,88547,44015,165177,120645,132562,1
31014,10844,58583,41858,89597,69427,0
68882,20867,40810,89749,109692,61677,0
92169,39932,20777,132101,112946,60709,0
52125,75804,18298,127929,70423,94102,0
69277,8297,77920,77574,147197,86217,0
62318,6920,85165,69238,147483,92085,0
20695,89797,78317,110492,99012,168114,1
51386,17173,2006,68559,53392,19179,0
19368,75249,14732,94617,34100,89981,0
26087,5959,66625,32046,92712,72584,0
399,26679,18024,27078,18423,44703,0
8167,77037,78896,85204,87063,155933,1
44842,83683,64428,128525,109270,148111,1
79041,78810,8671,157851,87712,87481,1
58929,50595,66985,109524,125914,117580,1
61245,26996,42964,88241,104209,69960,1
5648,80632,86279,86280,91927,166911,1
92319,80980,51927,173299,144246,132907,1
81741,42323,39182,124064,120923,81505,0
45810,33958,4146,79768,49956,38104,0
90559,1753,14981,92312,105540,16734,0
2852,36634,25960,39486,28812,62594,0
608,53502,66706,54110,67314,120208,0
14203,51207,14711,65410,28914,65918,0
93877,33134,45574,127011,139451,78708,0
33463,13641,3190,47104,36653,16831,0
52435,5801,82851,58236,135286,88652,0
26976,71297,42772,98273,69748,114069,0
27836,89689,59406,117525,87242,149095,0
69680,46818,69116,116498,138796,115934,1
59191,56263,2406,115454,61597,58669,0
18780,4178,57967,22958,76747,62145,0
83030,43031,73731,126061,156761,116762,1
27965,46033,90082,73998,118047,136115,0
51361,30220,17518,81581,68879,47738,0
72366,38847,88720,111213,161086,127567,1
96403,41828,69686,138231,166089,111514,1
49082,20604,30538,69686,79620,51142,1
92628,36627,80335,129255,172963,116962,1
25335,94303,44588,119638,69923,138891,0
60242,62091,45009,122333,105251,107100,1
49852,4741,23508,54593,73360,28249,0
43346,95144,4692,138490,48038,99836,0
84296,99224,76005,183520,160301,175229,1
49213,62084,86548,111297,135761,148632,1
66595,35810,89038,102405,155633,124848,1
70018,99806,83754,169824,153772,183560,1
63132,42401,4411,105533,67543,46812,0
60321,49484,12385,109805,72706,61869,1
95232,29514,90766,124746,185998,120280,1
56913,22438,68313,79351,125226,90751,1
30793,38668,1206,69461,31999,39874,0
85103,43105,87492,128208,172595,130597,1
37363,11229,39200,48592,76563,50429,1
33168,22751,85961,55919,119129,108712,0
47810,55062,25172,102872,72982,80234,1
44379,97326,28771,141705,73150,126097,0
52105,5838,11951,57943,64056,17789,0
85660,16383,68382,102043,154042,84765,0
96651,99439,17601,196090,114252,117040,1
266,6804,56140,7070,56406,62944,0
36420,59792,15081,96212,51501,74873,0
95695,8032,10672,103727,106367,18704,0
96988,57414,55341,154402,152329,112755,1
25442,50789,70470,76231,95912,121259,1
40408,14945,52307,55353,92715,67252,1
51562,22824,3931,74386,55493,26755,0
56277,59578,61969,115855,118246,121547,1
78487,76885,85320,155372,163807,162205,1
365,20015,36687,20380,37052,56702,0
10900,15986,6744,26886,17644,22730,1
36116,31087,60449,67203,96565,91536,1
88051,91149,41482,179200,129533,132631,1
55192,26779,8960,81971,64152,35739,0
20749,96074,69211,116823,89960,165285,0
41639,61417,89691,103056,131330,151108,1
10503,37867,19279,48370,29782,57146,0
37255,99587,67113,136842,104368,166700,1
47263,26272,73976,73535,121239,100248,0
79092,67016,6832,146108,85924,73848,0
68487,60125,31329,128612,99816,91454,1
66677,25149,71694,91826,138371,96843,1
83602,62347,72611,145949,156213,134958,1
93820,93556,1602,187376,95422,95158,1
12464,20103,62281,32567,74745,82384,0
6203,88035,62029,94238,68232,150064,0
36436,64203,27455,100639,63891,91658,0
37890,63016,57946,100906,95836,120962,1
87726,22868,57482,110594,145208,80350,0
37535,38668,3031,76203,40566,41699,1
84294,7970,26225,92264,110519,34195,0
53488,24102,45321,77590,98809,69423,1
12216,45423,56015,57639,68231,101438,1
79530,28344,38237,107874,117767,66581,0
1197,3458,24242,4655,25439,27700,0
76088,18310,39401,94398,115489,57711,0
93822,31563,25116,125385,118938,56679,0
43910,4857,15486,48767,59396,20343,0
64213,24805,92201,89018,156414,117006,0
29450,48741,36260,78191,65710,85001,1
45192,82063,9918,127255,55110,91981,0
71018,79354,18157,150372,89175,97511,1
68751,95177,15226,163928,83977,110403,0
60333,10931,56484,71264,116817,67415,1
86149,92688,45524,178837,131673,138212,1
35641,60145,15926,95786,51567,76071,0
38385,85794,86714,124179,125099,172508,1
75576,97136,9012,172712,84588,106148,0
8333,34072,6940,42405,15273,41012,0
26733,96323,61885,123056,88618,158208,0
38823,50960,80333,89783,119156,131293,1
10759,30352,69158,41111,79917,99510,0
54911,18131,76156,73042,131067,94287,0
13253,55100,30075,68353,43328,85175,0
56050,77071,4944,133121,60994,82015,0
6416,85227,2161,91643,8577,87388,0
95690,31800,93,127490,95783,31893,0
71010,59272,36538,130282,107548,95810,1
90555,93169,11532,183724,102087,104701,1
11983,61903,66799,73886,78782,128702,1
64269,59781,80403,124050,144672,140184,1
2400,5996,39102,8396,41502,45098,0
50641,15250,19378,65891,70019,34628,0
74299,86214,70060,160513,144359,156274,1
39780,72781,51365,112561,91145,124146,1
49020,46668,49394,95688,98414,96062,1
48298,76113,38831,124411,87129,114944,1
82343,69959,44122,152302,126465,114081,1
46034,93318,46414,139352,92448,139732,0
88935,29076,9823,118011,98758,38899,0
68129,23130,44976,91259,113105,68106,0
13462,86270,94590,99732,108052,180860,1
28029,92710,83447,120739,111476,176157,1
40263,44852,64827,85115,105090,109679,1
9460,28205,16099,37665,25559,44304,0
14463,38741,43607,53204,58070,82348,1
67245,92683,14816,159928,82061,107499,0
59833,25096,97714,84929,157547,122810,0
8389,30724,43235,39113,51624,73959,0
53007,27332,94326,80339,147333,121658,0
30365,1676,38015,32041,68380,39691,0
75560,86748,32609,162308,108169,119357,1
13328,24934,11231,38262,24559,36165,0
57732,96167,80946,153899,138678,177113,1
35212,6229,37990,41441,73202,44219,1
63793,91668,54855,155461,118648,146523,1
48302,64346,93265,112648,141567,157611,1
98123,84209,73316,182332,171439,157525,1
30266,86784,63306,117050,93572,150090,1
67095,26431,50287,93526,117382,76718,1
57934,58548,24831,116482,82765,83379,1
62005,1996,32701,64001,94706,34697,0
42672,78337,89283,121009,131955,167620,1
32350,59943,94102,92293,126452,154045,0
67801,20475,4434,88276,72235,24909,0
13250,56946,25157,70196,38407,82103,0
96620,84233,58331,180853,154951,142564,1
34218,12181,57045,46399,91263,69226,0
53055,85844,53363,138899,106418,139207,1
91712,57503,48737,149215,140449,106240,1
70698,79454,25076,150152,95774,104530,1
35583,7267,71850,42850,107433,79117,0
91906,57624,91104,149530,183010,148728,1
76619,13360,56966,89979,133585,70326,0
4526,87934,14761,92460,19287,102695,0
83291,67629,27902,150920,111193,95531,1
10068,70394,92954,80462,103022,163348,0
76445,33984,56717,110429,133162,90701,1
75217,88026,44686,163243,119903,132712,1
46755,24872,37191,71627,83946,62063,1
64668,47589,24984,112257,89652,72573,1
47320,47636,20734,94956,68054,68370,1
66856,39907,53727,106763,120583,93634,1
70082,47403,89470,117485,159552,136873,1
88545,68893,59254,157438,147799,128147,1
35341,26810,23899,62151,59240,50709,1
5768,32290,66093,38058,71861,98383,0
84889,64462,49214,149351,134103,113676,1
79228,23402,70453,102630,149681,93855,1
25356,9775,42818,35131,68174,52593,0
46471,45285,39606,91756,86077,84891,1
3152,61954,88911,65106,92063,150865,0
43998,75440,85339,119438,129337,160779,1
59104,19899,52146,79003,111250,72045,1
98952,85676,57051,184628,156003,142727,1
71833,72508,95710,144341,167543,168218,1
40367,34041,26730,74408,67097,60771,1
74591,77033,66076,151624,140667,143109,1
36463,4921,77165,41384,113628,82086,0
9437,53377,33240,62814,42677,86617,0
85783,21125,81450,106908,167233,102575,1
78761,26989,19053,105750,97814,46042,0
56338,36483,1823,92821,58161,38306,0
85761,16306,46320,102067,132081,62626,0
39648,30429,39171,70077,78819,69600,1
498,1393,6736,1891,7234,8129,0
11597,57637,36585,69234,48182,94222,0
71651,61451,62002,133102,133653,123453,1
75774,58015,73235,133789,149009,131250,1
3588,6782,34931,10370,38519,41713,0
91837,65846,39169,157683,131006,105015,1
50735,33621,36920,84356,87655,70541,1
74293,20226,84829,94519,159122,105055,1
6579,42423,71335,49002,77914,113758,0
39020,77812,32608,116832,71628,110420,0
77195,33494,51870,110689,129065,85364,1
98743,47465,74921,146208,173664,122386,1
78981,27889,10746,106870,89727,38635,0
23939,58772,74123,82711,98062,132895,1
30074,37751,62691,67825,92765,100442,1
84298,62242,13402,146540,97700,75644,0
57814,29793,57204,87607,115018,86997,1
46310,29532,8974,75842,55284,38506,0
92407,46428,21880,138835,114287,68308,0
554,86363,43457,86917,44011,129820,0
84809,25188,7096,109997,91905,32284,0
6123,25697,23281,31820,29404,48978,1
69311,36775,87855,106086,157166,124630,1
99290,79225,36811,178515,136101,116036,1
35571,56872,78916,92443,114487,135788,1
21314,12472,59662,33786,80976,72134,0
80767,33259,90518,114026,171285,123777,1
77570,43700,5270,121270,82840,48970,0
64690,91078,14818,155768,79508,105896,0
12868,99301,46533,112169,59401,145834,0
64094,21515,3359,85609,67453,24874,0
4482,99477,84568,103959,89050,184045,0
68336,57179,75375,125515,143711,132554,1
82460,99619,49427,182079,131887,149046,1
41835,76523,11336,118358,53171,87859,0
75837,51121,91362,126958,167199,142483,1
96074,12076,80458,108150,176532,92534,0
92294,17073,7675,109367,99969,24748,0
81650,10869,27870,92519,109520,38739,0
7666,10320,98260,17986,105926,108580,0
11157,61715,84861,72872,96018,146576,0
28194,59295,59746,87489,87940,119041,1
27963,30543,16447,58506,44410,46990,1
87709,55259,95430,142968,183139,150689,1
46037,50960,97478,96997,143515,148438,0
67761,34692,64865,102453,132626,99557,1
53502,75257,39978,128759,93480,115235,1
19108,3113,33448,22221,52556,36561,0
28478,96382,5230,124860,33708,101612,0
59144,76092,44783,135236,103927,120875,1
62831,40199,59759,103030,122590,99958,1
9205,79131,49807,88336,59012,128938,0
35352,12821,13973,48173,49325,26794,0
59887,61251,23939,121138,83826,85190,1
65117,27138,36291,92255,101408,63429,0
23823,28813,52636,52636,76459,81449,0
70945,54137,58870,125082,129815,113007,1
74481,83501,28120,157982,102601,111621,1
66906,77992,66217,144898,133123,144209,1
4501,84594,112,89095,4613,84706,0
73655,11273,87008,84928,160663,98281,0
66693,43911,75069,110604,141762,118980,1
39387,62048,8814,101435,48201,70862,0
57241,88925,25882,146166,83123,114807,0
15872,50840,48780,66712,64652,99620,1
21389,65334,2011,86723,23400,67345,0
7589,20336,12675,27925,20264,33011,0
53509,59182,25322,112691,78831,84504,1
62665,28688,25763,91353,88428,54451,0
47113,34231,94327,81344,141440,128558,0
20582,35430,3881,56012,24463,39311,0
64262,80729,25856,144991,90118,106585,1
16871,58478,90038,75349,106909,148516,0
48054,49923,16787,97977,64841,66710,1
41519,91870,3112,133389,44631,94982,0
66220,29016,34420,95236,100640,63436,0
87205,11211,99735,98416,186940,110946,0
62537,18645,82331,81182,144868,100976,0
80320,41519,7372,121839,87692,48891,0
73177,97831,10630,171008,83807,108461,0
21166,67122,55545,88288,76711,122667,1
36288,43667,45750,79955,82038,89417,1
54424,35332,90140,89756,144564,125472,0
21155,14271,7724,35426,28879,21995,1
2816,33693,74194,36509,77010,107887,0
97801,46738,92439,144539,190240,139177,1
12657,98219,29269,110876,41926,127488,0
90624,88516,12479,179140,103103,100995,1
71440,64777,35079,136217,106519,99856,1
52038,7483,21857,59521,73895,29340,0
9286,15639,20553,24925,29839,36192,1
85642,25944,22525,111586,108167,48469,0
54436,14817,2998,69253,57434,17815,0
89021,54394,38697,143415,127718,93091,1
5475,64687,467,70162,5942,65154,0
5270,50106,42429,55376,47699,92535,0
35829,33403,34348,69232,70177,67751,1
41182,91951,88745,133133,129927,180696,1
51485,54848,97340,106333,148825,152188,1
60800,13109,84978,73909,145778,98087,0
52560,13922,26837,66482,79397,40759,0
91181,88420,61554,179601,152735,149974,1
32484,70509,4511,102993,36995,75020,0
3698,20520,95917,24218,99615,116437,0
35995,45874,27439,81869,63434,73313,1
28002,8636,15917,36638,43919,24553,0
70382,27993,59359,98375,129741,87352,1
31624,84423,22128,116047,53752,106551,0
40892,95388,85413,136280,126305,180801,1
27030,48755,96764,75785,123794,145519,0
89924,19528,48383,109452,138307,67911,0
82708,81125,23124,163833,105832,104249,1
18146,36726,14460,54872,32606,51186,0
48201,25851,13259,74052,61460,39110,0
80047,92309,55872,172356,135919,148181,1
41882,12733,21983,54615,63865,34716,0
90129,81994,57389,172123,147518,139383,1
94712,87603,60306,182315,155018,147909,1
85599,76129,98487,161728,184086,174616,1
15560,86632,46217,102192,61777,132849,0
89510,31662,19572,121172,109082,51234,0
97546,90397,77044,187943,174590,167441,1
44240,88789,38735,133029,82975,127524,0
4027,81216,69614,85243,73641,150830,0
60932,55842,74042,116774,134974,129884,1
78041,11152,37959,89193,116000,49111,0
97252,87775,24982,185027,122234,112757,1
84241,83018,44727,167259,128968,127745,1
75070,87263,88165,162333,163235,175428,1
39585,1555,90599,41140,130184,92154,0
60836,76231,36732,137067,97568,112963,1
72401,34941,90508,107342,162909,125449,1
62370,55202,67384,117572,129754,122586,1
3602,74474,56257,78076,59859,130731,0
57254,49416,93662,106670,150916,143078,1
70554,54361,75521,124915,146075,129882,1
57801,8048,10530,65849,68331,18578,0
13971,22530,67682,36501,81653,90212,0
43497,72127,80544,115624,124041,152671,1
13756,70026,73265,83782,87021,143291,1
99332,50290,45783,149622,145115,96073,0
42483,65869,40780,108352,83263,106649,1
55182,85178,87098,140360,142280,172276,1
50564,98563,60730,149127,111294,159293,1
21322,59499,37931,80821,59253,97430,0
42266,70052,83698,112318,125964,153750,1
45940,97211,2584,143151,48524,99795,0
24300,44607,77745,68907,102045,122352,0
51932,32612,2148,84544,54080,34760,0
11527,20888,19859,32415,31386,40747,1
96083,26156,81096,122239,177179,107252,1
92069,99698,62194,191767,154263,161892,1
73753,32010,71723,105763,145476,103733,1
55661,41249,72823,96910,128484,114072,1
4366,55368,63413,59734,67779,118781,0
65707,14195,51833,79902,117540,66028,1
52021,35093,41395,87114,93416,76488,1
15851,19755,31187,35606,47038,50942,1
66191,81593,5221,147784,71412,86814,0
69211,13562,60215,82773,129426,73777,1
42940,74105,68744,117045,111684,142849,1
61023,71664,22788,132687,83811,94452,1
42122,13783,44111,55905,86233,57894,1
30785,24222,69814,55007,100599,94036,0
60292,9415,53839,69707,114131,63254,1
39498,95314,92220,134812,131718,187534,1
44827,84030,55673,128857,100500,139703,1
30049,50780,87109,80829,117158,137889,0
21256,10269,70168,31525,91424,80437,0
95999,11161,12835,107160,108834,23996,0
89256,60898,31049,150154,120305,91947,1
15993,58702,67047,74695,83040,125749,1
82936,80359,62975,163295,145911,143334,1
39269,71677,9425,110946,48694,81102,0
23980,28401,12427,52381,36407,40828,1
73046,57616,3668,130662,76714,61284,0
33600,51772,74595,85372,108195,126367,1
32962,60681,28426,93643,61388,89107,1
99585,30645,76193,130230,175778,106838,1
89125,36678,75689,125803,164814,112367,1
23800,95939,68906,119739,92706,164845,0
78816,67414,62356,146230,141172,129770,1
83067,78709,54634,161776,137701,133343,1
4055,85502,21715,89557,25770,107217,0
51223,77060,77264,128283,128487,154324,1
70941,54173,97256,125114,168197,151429,1
74971,56983,33015,131954,107986,89998,1
29299,78152,22653,107451,51952,100805,0
6675,57671,12463,64346,19138,70134,0
34603,60823,41935,95426,76538,102758,1
25074,90536,58941,115610,84015,149477,0
74185,35175,43552,109360,117737,78727,1
80390,393,42167,80783,122557,42560,0
46298,89070,67499,135368,113797,156569,1
23524,38253,1857,61777,25381,40110,0
77927,66668,28008,144595,105935,94676,1
16169,56770,68310,72939,84479,125080,1
64412,86040,2534,150452,66946,88574,0
8861,73090,89457,81951,98318,162547,0
30030,8877,15618,38907,45648,24495,0
62055,59339,34591,121394,96646,93930,1
42186,46479,5539,88665,47725,52018,1
42335,96816,78162,139151,120497,174978,1
2254,32696,96777,34950,99031,129473,0
39934,48203,39147,88137,79081,87350,1
53360,99661,89208,153021,142568,188869,1
60431,16222,19997,76653,80428,36219,0
97023,53324,90156,150347,187179,143480,1
48391,32146,11040,80537,59431,43186,0
81990,42215,45980,124205,127970,88195,1
21639,98347,74965,119986,96604,173312,0
19331,95525,65268,114856,84599,160793,0
89914,99259,30725,189173,120639,129984,1
31266,5236,76818,36502,108084,82054,0
35876,63682,15432,99558,51308,79114,0
15615,9414,17879,25029,33494,27293,1
55359,2272,46704,57631,102063,48976,0
9322,73,73552,9395,82874,73625,0
78634,16881,30477,95515,109111,47358,0
59059,70955,77057,130014,136116,148012,1
44474,73130,77519,117604,121993,150649,1
14716,39030,60226,53746,74942,99256,0
26854,8089,62830,34943,89684,70919,0
78086,73553,14363,151639,92449,87916,1
104,5080,77055,5184,77159,82135,0
63366,20971,2853,84337,66219,23824,0
71753,52249,80730,124002,152483,132979,1
45605,719,93853,46324,139458,94572,0
70275,47857,31840,118132,102115,79697,1
24497,14309,97284,38806,121781,111593,0
77059,95022,21930,172081,98989,116952,1
46556,20457,27814,67013,74370,48271,1
84564,46072,11747,130636,96311,57819,0
47821,25913,4467,73734,52288,30380,0
96069,26114,45142,122183,141211,71256,0
84941,40612,36087,125553,121028,76699,0
62170,27382,95122,89552,157292,122504,0
71370,69333,77007,140703,148377,146340,1
97408,47027,20057,144435,117465,67084,0
77377,96646,64997,174023,142374,161643,1
44996,62797,29160,107793,74156,91957,1
24988,18933,78134,43921,103122,97067,0
25074,95093,50613,120167,75687,145706,0
38533,28438,16644,66971,55177,45082,1
47806,89947,94107,137753,141913,184054,1
58107,36710,87511,94817,145618,124221,1
40768,8486,92220,49254,132988,100706,0
92489,52093,6913,144582,99402,59006,0
14061,82565,31871,96626,45932,114436,0
5493,34278,8873,39771,14366,43151,0
16232,96619,47240,112851,63472,143859,0
83941,52514,54740,136455,138681,107254,1
54133,96508,43866,150641,97999,140374,1
44760,33177,95464,77937,140224,128641,0
16517,37566,77703,54083,94220,115269,0
78152,79517,36084,157669,114236,115601,1
14296,68709,88728,83005,103024,157437,0
50191,63392,93944,113583,144135,157336,1
50202,23682,96056,73884,146258,119738,0
96376,86374,99058,182750,195434,185432,1
26811,10735,78787,37546,105598,89522,0
72362,64059,61740,136421,134102,125799,1
85013,71482,55612,156495,140625,127094,1
52936,79013,59616,131949,112552,138629,1
51233,96569,63646,147802,114879,160215,1
44419,49748,82993,94167,127412,132741,1
20895,21273,24722,42168,45617,45995,1
10003,6250,26802,16253,36805,33052,0
51840,1229,24904,53069,76744,26133,0
39992,64786,56774,104778,96766,121560,1
52089,26543,86818,78632,138907,113361,0
43103,88779,98126,131882,141229,186905,1
43917,3908,50835,47825,94752,54743,0
10864,25770,60397,36634,71261,86167,0
57909,94793,23854,152702,81763,118647,0
98309,51345,43834,149654,142143,95179,0
41256,6665,71684,47921,112940,78349,0
37124,43790,38975,80914,76099,82765,1
16027,24190,73679,40217,89706,97869,0
83181,58795,58979,141976,142160,117774,1
63822,8178,251,72000,64073,8429,0
35340,10341,54526,45681,89866,64867,0
55272,4416,73257,59688,128529,77673,0
78533,25520,3205,104053,81738,28725,0
73796,71974,63723,145770,137519,135697,1
98090,8773,83012,106863,181102,91785,0
76164,83797,65808,159961,141972,149605,1
34551,94270,22670,128821,57221,116940,0
78743,11869,17800,90612,96543,29669,0
39911,35149,61794,75060,101705,96943,1
5838,93423,13922,99261,19760,107345,0
72649,84638,176,157287,72825,84814,0
20091,82906,22679,102997,42770,105585,0
98144,80317,30760,178461,128904,111077,1
50383,93601,20414,143984,70797,114015,0
72225,84042,80063,156267,152288,164105,1
25319,40083,6193,65402,31512,46276,0
250,45881,74435,46131,74685,120316,0
2612,21680,22895,24292,25507,44575,1
25988,19107,73960,45095,99948,93067,0
39281,61448,10202,100729,49483,71650,0
6071,57984,65743,64055,71814,123727,0
44713,3976,52188,48689,96901,56164,0
90025,38645,12534,128670,102559,51179,0
57701,11530,70475,69231,128176,82005,0
99879,26074,34500,125953,134379,60574,0
88310,31790,85296,120100,173606,117086,1
89192,31176,35276,120368,124468,66452,0
66257,3378,43203,69635,109460,46581,0
21064,44354,28738,65418,49802,73092,1
99841,74639,32214,174480,132055,106853,1
92962,77275,56446,170237,149408,133721,1
41534,72074,78318,113608,119852,150392,1
14555,38763,63270,53318,77825,102033,0
38325,52027,2052,90352,40377,54079,0
21766,34914,4053,56680,25819,38967,0
40647,90179,88293,130826,128940,178472,1
79466,60255,46391,139721,125857,106646,1
81848,97508,29243,179356,111091,126751,1
71320,98767,16036,170087,87356,114803,0
59095,15586,89547,74681,148642,105133,0
69746,43028,40962,112774,110708,83990,1
16722,40988,27924,57710,44646,68912,1
77574,43483,35420,121057,112994,78903,1
32392,30194,47101,62586,79493,77295,1
59094,94585,79664,153679,138758,174249,1
72807,50507,79252,123314,152059,129759,1
37354,96049,93378,133403,130732,189427,1
85873,32598,87796,118471,173669,120394,1
22442,80094,94236,102536,116678,174330,1
79882,83767,44579,163649,124461,128346,1
10580,74495,41643,85075,52223,116138,0
41857,6934,34297,48791,76154,41231,0
67869,52323,85440,120192,153309,137763,1
84489,48950,88595,133439,173084,137545,1
2832,39980,99053,42812,101885,139033,0
14766,11240,40341,26006,55107,51581,0
51501,782,32155,52283,83656,32937,0
58716,15340,47628,74056,106344,62968,1
98639,29459,43057,128098,141696,72516,0
6752,62981,54519,69733,61271,117500,0
26712,80111,66672,106823,93384,146783,1
48135,4932,87774,53067,135909,92706,0
56424,37011,90829,93435,147253,127840,1
38703,59128,5443,97831,44146,64571,0
18891,72137,85912,91028,104803,158049,1
50017,47890,15854,97907,65871,63744,1
10638,58077,69081,68715,79719,127158,0
58850,97246,36391,156096,95241,133637,0
43593,79168,73510,122761,117103,152678,1
49562,51805,1544,101367,51106,53349,0
45954,33991,30621,79945,76575,64612,1
11367,51634,25138,63001,36505,76772,0
23972,1428,67184,25400,91156,68612,0
18224,36433,55672,54657,73896,92105,0
38890,42708,50868,81598,89758,93576,1
78738,36543,85041,115281,163779,121584,1
7636,1220,97844,8856,105480,99064,0
79518,11568,46170,91086,125688,57738,0
16288,87423,14085,103711,30373,101508,0
1658,74051,79660,75709,81318,153711,0
33105,30371,48517,63476,81622,78888,1
53790,27585,16428,81375,70218,44013,0
85035,79263,27424,164298,112459,106687,1
50763,93565,30341,144328,81104,123906,0
8003,18301,81862,26304,89865,100163,0
54630,91142,30582,145772,85212,121724,0
3526,99760,57139,103286,60665,156899,0
97397,80560,67721,177957,165118,148281,1
39230,35389,71997,74619,111227,107386,1
66962,97249,44742,164211,111704,141991,1
66272,50213,94716,116485,160988,144929,1
37512,81790,79023,119302,116535,160813,1
79002,76291,12091,155293,91093,88382,1
24887,70467,70394,95354,95281,140861,1
16078,11359,61765,27437,77843,73124,0
68410,82272,7942,150682,76352,90214,0
52716,1049,52612,53765,105328,53661,1
39966,70147,11493,110113,51459,81640,0
39677,66105,6332,105782,46009,72437,0
63979,61977,17284,125956,81263,79261,1
63579,78371,88755,141950,152334,167126,1
74637,553,79223,75190,153860,79776,0
93995,84261,2831,178256,96826,87092,0
11465,9561,62558,21026,74023,72119,0
2439,59470,6121,61909,8560,65591,0
54242,94070,80585,148312,134827,174655,1
80263,12813,10870,93076,91133,23683,0
18510,47520,49760,66030,68270,97280,1
79020,93658,81756,172678,160776,175414,1
66116,41695,93641,107811,159757,135336,1
23484,28753,48995,52237,72479,77748,1
12936,6138,20588,19074,33524,26726,0
50114,89682,22786,139796,72900,112468,0
53451,76404,9630,129855,63081,86034,0
1058,91101,89340,92159,90398,180441,0
35630,56301,89115,91931,124745,145416,1
95186,92960,50962,188146,146148,143922,1
56365,53839,38341,110204,94706,92180,1
42858,5114,73750,47972,116608,78864,0
16554,26946,79493,43500,96047,106439,0
50193,69393,13637,119586,63830,83030,0
80110,26999,51540,107109,131650,78539,0
85547,11500,25331,97047,110878,36831,0
37256,10455,24027,47711,61283,34482,0
39404,78231,50210,117635,89614,128441,1
95349,31942,2450,127291,97799,34392,0
79589,65621,68220,145210,147809,133841,1
26643,77577,75280,104220,101923,152857,1
37851,10605,5582,48456,43433,16187,0
71047,93409,64598,164456,135645,158007,1
13290,41320,88614,54610,101904,129934,0
37539,73658,74034,111197,111573,147692,1
53180,1614,79560,54794,132740,81174,0
50227,92984,82787,143211,133014,175771,1
31413,27309,11980,58722,43393,39289,1
81917,5487,64333,87404,146250,69820,0
76384,21916,31299,98300,107683,53215,0
82583,17732,79781,100315,162364,97513,1
76027,73131,72733,149158,148760,145864,1
51444,83722,72395,135166,123839,156117,1
6261,98674,89389,104935,95650,188063,0
93696,29903,44446,123599,138142,74349,0
39415,18300,30144,57715,69559,48444,1
1846,53088,34469,54934,36315,87557,0
48118,69284,44270,117402,92388,113554,1
22703,76202,39649,98905,62352,115851,0
25505,88659,55407,114164,80912,144066,0
76895,87312,41446,164207,118341,128758,1
30994,47330,5341,78324,36335,52671,0
8640,90769,1414,99409,10054,92183,0
60226,68430,78784,128656,139010,147214,1
72683,66516,15404,139199,88087,81920,1
70917,6567,1681,77484,72598,8248,0
61441,1968,335,63409,61776,2303,0
60505,7829,45412,68334,105917,53241,0
40672,56844,64029,97516,104701,120873,1
69942,31107,65644,101049,135586,96751,1
53775,53474,59738,107249,113513,113212,1
84535,6046,19344,90581,103879,25390,0
80905,39283,58214,120188,139119,97497,1
68399,62305,37084,130704,105483,99389,1
33309,21305,93001,54614,126310,114306,0
58752,91154,82871,149906,141623,174025,1
62128,93259,51443,155387,113571,144702,1
91363,98851,9268,190214,100631,108119,1
72750,4916,8451,77666,81201,13367,0
69695,45241,79766,114936,149461,125007,1
60648,60051,60269,120699,120917,120320,1
58191,13414,8286,71605,66477,21700,0
93939,35674,36113,129613,130052,71787,0
7873,36259,63936,44132,71809,100195,0
17008,43075,51775,60083,68783,94850,1
23697,50416,37352,74113,61049,87768,1
41858,75027,73682,116885,115540,148709,1
13240,9147,60812,22387,74052,69959,0
90530,96421,22440,186951,112970,118861,1
53982,34007,58360,87989,112342,92367,1
50239,41456,29923,91695,80162,71379,1
59279,40852,30121,100131,89400,70973,1
46411,30827,60573,77238,106984,91400,1
47945,8120,20052,56065,67997,28172,0
1927,87962,98968,89889,100895,186930,0
68633,73983,39529,142616,108162,113512,1
44247,67750,73729,111997,117976,141479,1
87307,72210,5856,159517,93163,78066,0
41280,94476,41621,135756,82901,136097,0
95488,63270,30189,158758,125677,93459,0
48781,73878,23211,122659,71992,97089,0
22127,9055,5890,31182,28017,14945,0
44975,61676,82797,106651,127772,144473,1
72558,69511,78985,142069,151543,148496,1
61691,29797,2373,91488,64064,32170,0
16671,68285,48178,84956,64849,116463,0
75080,59319,58018,134399,133098,117337,1
1156,42771,2438,43927,3594,45209,0
89030,79740,42968,168770,131998,122708,1
56579,19065,7656,75644,64235,26721,0
51525,68240,9263,119765,60788,77503,0
2547,54302,19100,56849,21647,73402,0
8600,94918,88668,103518,97268,183586,1
3422,28375,76820,31797,80242,105195,0
17004,31211,15871,48215,32875,47082,1
67231,11352,14420,78583,81651,25772,0
924,55392,10982,56316,11906,66374,0
65394,55337,7189,120731,72583,62526,0
66542,84486,34018,151028,100560,118504,1
4661,38892,17394,43553,22055,56286,0
98941,1421,53163,100362,152104,54584,0
1532,10701,41272,12233,42804,51973,0
77113,7255,62188,84368,139301,69443,0
48895,65165,98190,114060,147085,163355,1
52772,42540,23093,95312,75865,65633,1
89727,49284,12840,139011,102567,62124,0
7760,42606,5142,50366,12902,47748,0
36715,58246,33721,94961,70436,91967,1
35070,55511,84992,90581,120062,140503,1
76940,87916,54592,164856,131532,142508,1
26778,6426,65604,33204,92382,72030,0
54786,41801,71744,96587,126530,113545,1
68964,111,49741,69075,118705,49852,0
22949,60757,41828,83706,64777,102585,1
25705,83954,76733,109659,102438,160687,1
81343,70823,40734,152166,122077,111557,1
58816,35847,82553,94663,141369,118400,1
9066,49944,84860,59010,93926,134804,0
60908,51029,16453,111937,77361,67482,1
96321,66675,81029,162996,177350,147704,1
71910,95881,48415,167791,120325,144296,1
15802,35843,15155,51645,30957,50998,0
9991,26897,81008,36888,90999,107905,0
9262,25602,34268,34864,43530,59870,1
27194,68620,94299,95814,121493,162919,1
72790,66461,93715,139251,166505,160176,1
19998,46952,26270,66950,46268,73222,0
23908,9745,61470,33653,85378,71215,0
5219,94307,44152,99526,49371,138459,0
56983,57619,40424,114602,97407,98043,1
51244,86071,4898,137315,56142,90969,0
19167,64347,35804,83514,54971,100151,0
80058,12028,68317,92086,148375,80345,1
31681,77894,97513,109575,129194,175407,1
10724,94881,21251,105605,31975,116132,0
62582,52489,26646,115071,89228,79135,1
51861,2688,69086,54549,120947,71774,0
88784,18708,27523,107492,116307,46231,0
11633,30334,3726,41967,15359,34060,0
74376,44405,85820,118781,160196,130225,1
4817,42711,89505,47528,94322,132216,0
71620,54716,48571,126336,120191,103287,1
42751,57618,68471,100369,111222,126089,1
95099,58949,4904,154048,100003,63853,0
39815,98944,66882,138759,106697,165826,1
62280,73134,8369,135414,70649,81503,0
37805,99951,91914,137756,129719,191865,1
42635,13015,84892,55650,127527,97907,0
5350,6833,20732,12183,26082,27565,0
21401,32854,44954,54255,66355,77808,1
92531,29368,32563,121899,125094,61931,0
32838,96263,73753,129101,106591,170016,1
21438,30285,52315,51723,73753,82600,0
33005,78803,66579,111808,99584,145382,1
2592,77667,64899,80259,67491,142566,0
50061,13491,79212,63552,129273,92703,0
64710,11862,38291,76572,103001,50153,0
88587,82435,79212,171022,167799,161647,1
63504,93989,12605,157493,76109,106594,0
16282,18130,19080,34412,35362,37210,1
31292,95734,66417,127026,97709,162151,1
73488,90728,6390,164216,79878,97118,0
34313,85292,2283,119605,36596,87575,0
41669,92312,91606,133981,133275,183918,1
85596,71595,5248,157191,90844,76843,0
61488,1500,93043,62988,154531,94543,0
52066,64375,3884,116441,55950,68259,0
54374,64782,74901,119156,129275,139683,1
66623,89724,77393,156347,144016,167117,1
66959,76416,93262,143375,160221,169678,1
46523,22709,59477,69232,106000,82186,1
33977,71324,1166,105301,35143,72490,0
60442,17466,93477,77908,153919,110943,0
99131,13783,61327,112914,160458,75110,0
25005,11776,40163,36781,65168,51939,0
84365,53978,75928,138343,160293,129906,1
58699,69688,41589,128387,100288,111277,1
81713,88649,7920,170362,89633,96569,1
9545,14326,3361,23871,12906,17687,0
93365,98850,90184,192215,183549,189034,1
49830,28318,71438,78148,121268,99756,1
35974,15981,45925,51955,81899,61906,1
14182,48714,42656,62896,56838,91370,1
77154,31882,53327,109036,130481,85209,1
80322,71272,64381,151594,144703,135653,1
82486,31940,79475,114426,161961,111415,1
96856,90281,97468,187137,194324,187749,1
40252,10321,89576,50573,129828,99897,0
85775,14913,11373,100688,97148,26286,0
64653,11659,57871,76312,122524,69530,1
45428,60816,70645,106244,116073,131461,1
69126,93274,89707,162400,158833,182981,1
8430,91985,30077,100415,38507,122062,0
20521,4262,47911,24783,68432,52173,0
6449,65485,41103,71934,47552,106588,0
17172,42561,77319,59733,94491,119880,0
99189,60527,30090,159716,129279,90617,0
14674,67027,89663,81701,104337,156690,0
95271,20275,87551,115546,182822,107826,1
84434,41088,7384,125522,91818,48472,0
47346,33161,43343,80507,90689,76504,1
82166,78864,7129,161030,89295,85993,1
63726,47091,10692,110817,74418,57783,0
20344,34134,83201,54478,103545,117335,0
31603,67830,44312,99433,75915,112142,1
82544,36914,88072,119458,170616,124986,1
5608,9828,22773,15436,28381,32601,0
40060,19052,6410,59112,46470,25462,0
38889,11438,57465,50327,96354,68903,0
94904,3169,86470,98073,181374,89639,0
23646,90526,20062,114172,43708,110588,0
23661,55115,1776,78776,25437,56891,0
74233,4033,3200,78266,77433,7233,0
35617,24864,81776,60481,117393,106640,0
20142,29677,8700,49819,28842,38377,0
70709,99604,55726,170313,126435,155330,1
22891,60267,66426,83158,89317,126693,1
32530,67959,14908,100489,47438,82867,0
29464,46853,18129,76317,47593,64982,1
14224,72648,92299,86872,106523,164947,0
5095,2267,38255,7362,43350,40522,0
14412,50477,65564,64889,79976,116041,0
84740,76530,67099,161270,151839,143629,1
56044,32205,67726,88249,123770,99931,1
84980,65081,10340,150061,95320,75421,0
93589,80047,44653,173636,138242,124700,1
23744,93326,71206,117070,94950,164532,1
57919,60532,39494,118451,97413,100026,1
99550,6788,11269,106338,110819,18057,0
73682,23831,42403,97513,116085,66234,0
47688,24986,49713,72674,97401,74699,1
82984,88998,6998,171982,89982,95996,1
95103,83822,41806,178925,136909,125628,1
67345,49361,10620,116706,77965,59981,0
3899,56226,47087,60125,50986,103313,0
91202,36790,26831,127992,118033,63621,0
51717,50328,99221,102045,150938,149549,1
3423,91784,35581,95207,39004,127365,0
3616,16598,53332,20214,56948,69930,0
48877,39302,23132,88179,72009,62434,1
91287,68500,1695,159787,92982,70195,0
87413,11533,33936,98946,121349,45469,0
97834,66867,83984,164701,181818,150851,1
28122,41775,7124,69897,35246,48899,0
17008,6209,94386,23217,111394,100595,0
40570,24681,25194,65251,65764,49875,1
4302,72087,11056,76389,15358,83143,0
53328,85344,47294,138672,100622,132638,1
73637,89068,17322,162705,90959,106390,1
82260,46705,68343,128965,150603,115048,1
51781,63898,24824,115679,76605,88722,1
60406,37249,19816,97655,80222,57065,0
23034,43910,3141,66944,26175,47051,0
18228,32245,94367,50473,112595,126612,0
97921,68323,51697,166244,149618,120020,1
2637,63642,84808,66279,87445,148450,0
84687,16639,46349,101326,131036,62988,0
53002,95031,18008,148033,71010,113039,0
78097,15637,32825,93734,110922,48462,0
17498,19455,41265,36953,58763,60720,0
41286,78590,46294,119876,87580,124884,1
24485,83144,58459,107629,82944,141603,0
57568,30629,89002,88197,146570,119631,0
70813,86792,25066,157605,95879,111858,1
39037,79392,2146,118429,41183,81538,0
54741,52496,87503,107237,142244,139999,1
72075,41521,94735,113596,166810,136256,1
12117,29664,53137,41781,65254,82801,0
55175,93938,47262,149113,102437,141200,1
65511,8624,6485,74135,71996,15109,0
92201,88112,54228,180313,146429,142340,1
50400,80727,30407,131127,80807,111134,1
93162,15609,90283,108771,183445,105892,1
6985,44163,30166,51148,37151,74329,0
44592,78457,58646,123049,103238,137103,1
91965,26100,77051,118065,169016,103151,1
18677,61850,13220,80527,31897,75070,0
24151,27483,13696,51634,37847,41179,1
80236,86407,67298,166643,147534,153705,1
84985,96390,39549,181375,124534,135939,1
51906,84580,96086,136486,147992,180666,1
26055,69103,71289,95158,97344,140392,1
57745,69294,4189,127039,61934,73483,0
67992,94965,50898,162957,118890,145863,1
54280,84097,64480,138377,118760,148577,1
61501,14945,56420,76446,117921,71365,1
68683,93178,38275,161861,106958,131453,1
95099,23929,38715,119028,133814,62644,0
76305,88574,50630,164879,126935,139204,1
18377,48330,76605,66707,94982,124935,0
30654,47896,21379,78550,52033,69275,1
52614,49063,93330,101677,145944,142393,1
39842,21397,43473,61239,83315,64870,1
49150,85649,29,134799,49179,85678,0
35500,8159,44844,43659,80344,53003,0
25,84815,55100,84840,55125,139915,0
60435,46304,64578,106739,125013,110882,1
20220,31968,8736,52188,28956,40704,0
89816,39241,44575,129057,134391,83816,0
41899,76875,81319,118774,123218,158194,1
54327,9405,92672,63732,146999,102077,0
69004,61458,85643,130462,154647,147101,1
35696,3386,28988,39082,64684,32374,0
26476,72536,86508,99012,112984,159044,1
76045,18315,58023,94360,134068,76338,1
56518,40129,17240,96647,73758,57369,1
26635,32521,10839,59156,37474,43360,1
96881,70297,53243,167178,150124,123540,1
55740,73615,58395,129355,114135,132010,1
70222,3408,34621,73630,104843,38029,0
20555,51131,23111,71686,43666,74242,0
29578,69290,99329,98868,128907,168619,0
97696,30536,4794,128232,102490,35330,0
36749,51305,47768,88054,84517,99073,1
27787,8129,6726,35916,34513,14855,0
70971,47243,99987,118214,170958,147230,1
29268,35883,76201,65151,105469,112084,0
10610,15530,76717,26140,87327,92247,0
22154,15518,5984,37672,28138,21502,0
56783,91486,57927,148269,114710,149413,1
61833,52608,44814,114441,106647,97422,1
40532,59435,71576,99967,112108,131011,1
1975,29738,76416,31713,78391,106154,0
41016,36532,43723,77548,84739,80255,1
15666,73541,80660,89207,96326,154201,1
86043,26315,645,112358,86688,26960,0
26534,67489,19100,94023,45634,86589,0
63982,85789,98384,149771,162366,184173,1
88398,57735,6124,146133,94522,63859,0
11830,47139,81136,58969,92966,128275,0
40229,61240,90112,101469,130341,151352,1
49678,4679,15933,54357,65611,20612,0
19912,12524,32066,32436,51978,44590,1
85175,4555,41101,89730,126276,45656,0
30846,88222,12141,119068,42987,100363,0
13897,2170,33968,16067,47865,36138,0
8781,79584,99947,88365,108728,179531,0
11483,46513,47464,57996,58947,93977,1
98618,62937,62652,161555,161270,125589,1
98735,77550,97467,176285,196202,175017,1
65833,58040,69956,123873,135789,127996,1
79110,24852,90531,103962,169641,115383,1
14373,50011,18747,64384,33120,68758,0
22434,57207,74179,79641,96613,131386,1
29436,64357,72885,93793,102321,137242,1
127,5503,23445,5630,23572,28948,0
51305,93658,43584,144963,94889,137242,1
28755,6005,51812,34760,80567,57817,0
93329,25523,97080,118852,190409,122603,1
52324,93062,64802,145386,117126,157864,1
50686,60690,79683,111376,130369,140373,1
52449,45308,47367,97757,99816,92675,1
75003,69773,70487,144776,145490,140260,1
16710,50505,81126,67215,97836,131631,0
20403,85298,10404,105701,30807,95702,0
52201,42567,29564,94768,81765,72131,1
80794,2608,88834,83402,169628,91442,0
65818,41729,29757,107547,95575,71486,1
79157,24457,34895,103614,114052,59352,0
33497,30318,19619,63815,53116,49937,1
14607,96967,6294,111574,20901,103261,0
68690,10533,9767,79223,78457,20300,0
62805,7665,40372,70470,103177,48037,0
39471,5853,35127,45324,74598,40980,1
32003,41501,26671,73504,58674,68172,1
26494,21355,25605,47849,52099,46960,1
42904,86043,3584,128947,46488,89627,0
65536,97276,16090,162812,81626,113366,0
68698,8561,79651,77259,148349,88212,0
87706,33449,61709,121155,149415,95158,1
3287,55964,23427,59251,26714,79391,0
62374,77450,28118,139824,90492,105568,1
26991,27514,58297,54505,85288,85811,0
23094,69888,48842,92982,71936,118730,1
49281,91502,47145,140783,96426,138647,1
56747,13240,44879,69987,101626,58119,1
42691,67513,18576,110204,61267,86089,0
63096,33644,4714,96740,67810,38358,0
63319,23627,91336,86946,154655,114963,0
16967,13559,53458,30526,70425,67017,0
82546,5555,78073,88101,160619,83628,1
61051,39762,76265,100813,137316,116027,1
96092,38325,79315,134417,175407,117640,1
14692,70788,14720,85480,29412,85508,0
50737,22138,16332,72875,67069,38470,0
23691,81489,9125,105180,32816,90614,0
91349,57629,30768,148978,122117,88397,0
7656,11436,38781,19092,46437,50217,0
35966,22213,29018,58179,64984,51231,1
31799,62156,66163,93955,97962,128319,1
71581,22342,28670,93923,100251,51012,0
64770,78122,60166,142892,124936,138288,1
96328,27132,99810,123460,196138,126942,1
66973,4300,14548,71273,81521,18848,0
39855,4152,62817,44007,102672,66969,0
10586,61501,91928,72087,102514,153429,0
30058,52428,35714,82486,65772,88142,1
44251,8418,48640,52669,92891,57058,1
4499,37748,38984,42247,43483,76732,1
50907,4882,68162,55789,119069,73044,0
34734,68132,86211,102866,120945,154343,1
47354,55231,71016,102585,118370,126247,1
27109,85861,39015,112970,66124,124876,0
12537,62448,79116,74985,91653,141564,0
50075,87216,92339,137291,142414,179555,1
20509,48428,47861,68937,68370,96289,1
71759,9726,52255,81485,124014,61981,0
75574,52757,10927,128331,86501,63684,0
89252,63654,26456,152906,115708,90110,1
10880,56229,43789,67109,54669,100018,0
66978,15506,69885,82484,136863,85391,1
78787,58129,90834,136916,169621,148963,1
52968,1845,38802,54813,91770,40647,0
90768,15206,96605,105974,187373,111811,1
90953,98311,60465,189264,151418,158776,1
75706,35102,29128,110808,104834,64230,0
50881,38955,49945,89836,100826,88900,1
43086,76088,53793,119174,96879,129881,1
26087,45443,5187,71530,31274,50630,0
53761,60296,6506,114057,60267,66802,0
76380,46242,42651,122622,119031,88893,1
31445,67246,83702,98691,115147,150948,1
46725,13738,13959,60463,60684,27697,0
79384,68966,37068,148350,116452,106034,1
95408,26097,70941,121505,166349,97038,1
74118,23067,13939,97185,88057,37006,0
29259,46119,22167,75378,51426,68286,1
5041,75353,85217,80394,90258,160570,0
13827,30956,71631,44783,85458,102587,0
55229,70727,59188,125956,114417,129915,1
28973,92681,56491,121654,85464,149172,0
1157,90619,87411,91776,88568,178030,0
82288,80420,92604,162708,174892,173024,1
7153,66273,42381,73426,49534,108654,0
32371,58307,82360,90678,114731,140667,1
18644,44193,36965,62837,55609,81158,1
88465,22656,39349,111121,127814,62005,0
78869,24883,41275,103752,120144,66158,0
33379,73774,27404,107153,60783,101178,0
97375,45330,93772,142705,191147,139102,1
46938,9457,62198,56395,109136,71655,0
64060,80058,89138,144118,153198,169196,1
53141,8829,61216,61970,114357,70045,1
90318,12507,97416,102825,187734,109923,1
73100,39966,47671,113066,120771,87637,1
76390,92117,111,168507,76501,92228,0
93341,44218,15696,137559,109037,59914,0
24389,37622,29526,62011,53915,67148,1
36326,11527,23738,47853,60064,35265,0
10228,68332,7545,78560,17773,75877,0
14924,77211,57951,92135,72875,135162,0
55877,12166,91294,68043,147171,103460,0
8815,42616,18933,51431,27748,61549,0
46225,39681,4785,85906,51010,44466,0
66578,27591,48637,94169,115215,76228,1
17261,74680,9492,91941,26753,84172,0
77485,3054,83297,80539,160782,86351,0
87801,31922,25864,119723,113665,57786,0
93346,24087,32445,117433,125791,56532,0
96009,80885,14322,176894,110331,95207,0
50717,31111,23282,81828,73999,54393,1
85774,41176,61198,126950,146972,102374,1
31236,90981,82918,122217,114154,173899,1
34370,22173,21532,56543,55902,43705,1
93161,76980,84956,170141,178117,161936,1
64981,78374,3993,143355,68974,82367,0
50530,98210,55306,148740,105836,153516,1
72805,80598,2472,153403,75277,83070,0
92595,13742,64703,106337,157298,78445,0
48230,34588,52975,82818,101205,87563,1
9628,4419,86603,14047,96231,91022,0
10522,91532,73921,102054,84443,165453,0
28948,15817,20348,44765,49296,36165,1
60633,5331,28840,65964,89473,34171,0
54304,31091,94876,85395,149180,125967,0
33785,87746,67713,121531,101498,155459,1
87064,99849,15796,186913,102860,115645,1
89855,71342,69018,161197,158873,140360,1
87593,56804,51885,144397,139478,108689,1
99857,38274,79739,138131,179596,118013,1
40582,9128,96702,49710,137284,105830,0
50110,76001,38746,126111,88856,114747,1
18582,21614,45538,40196,64120,67152,0
31591,27446,28315,59037,59906,55761,1
13034,8359,84945,21393,97979,93304,0
80236,9844,98417,90080,178653,108261,0
15606,12064,15176,27670,30782,27240,1
18459,87438,79851,105897,98310,167289,1
6264,41956,80296,48220,86560,122252,0
18418,78205,50829,96623,69247,129034,0
1512,54430,93926,55942,95438,148356,0
35266,71807,80803,107073,116069,152610,1
70812,1364,12615,72176,83427,13979,0
30887,9619,26676,40506,57563,36295,1
14077,47181,7448,61258,21525,54629,0
81873,10339,48727,92212,130600,59066,0
59719,3340,52172,63059,111891,55512,0
85905,34547,48333,120452,134238,82880,0
75711,46829,59923,122540,135634,106752,1
61758,30331,85281,92089,147039,115612,1
58680,42314,11983,100994,70663,54297,0
92651,65093,81948,157744,174599,147041,1
24116,45891,25567,70007,49683,71458,1
58956,93590,24354,152546,83310,117944,0
24867,51587,98801,76454,123668,150388,0
42527,33833,12146,76360,54673,45979,1
87656,26202,56071,113858,143727,82273,0
91288,7156,79592,98444,170880,86748,0
18764,88428,49795,107192,68559,138223,0
67931,55682,33938,123613,101869,89620,1
81720,6682,12726,88402,94446,19408,0
61369,35625,22098,96994,83467,57723,0
12655,28175,40003,40830,52658,68178,1
250,81443,66606,81693,66856,148049,0
70730,36135,66801,106865,137531,102936,1
47412,11701,50366,59113,97778,62067,1
68777,90064,39270,158841,108047,129334,1
85062,64511,25996,149573,111058,90507,1
70868,35392,85001,106260,155869,120393,1
85866,1366,70019,87232,155885,71385,0
8076,41893,20880,49969,28956,62773,0
71832,80145,12832,151977,84664,92977,1
33163,93764,86526,126927,119689,180290,1
68775,57838,46775,126613,115550,104613,1
27868,72718,63653,100586,91521,136371,1
75537,35168,87624,110705,163161,122792,1
58425,59166,20454,117591,78879,79620,1
60721,10322,96105,71043,156826,106427,0
9180,70177,18610,79357,27790,88787,0
42457,76581,76583,119038,119040,153164,1
97246,454,6938,97700,104184,7392,0
54650,36213,69558,90863,124208,105771,1
53609,58374,20144,111983,73753,78518,1
40127,86434,95984,126561,136111,182418,1
25191,21227,41758,46418,66949,62985,1
13967,87808,536,101775,14503,88344,0
25707,14579,29139,40286,54846,43718,1
570,53399,91838,53969,92408,145237,0
13450,56992,39225,70442,52675,96217,0
92109,75023,91439,167132,183548,166462,1
32917,23467,84140,56384,117057,107607,0
85693,87397,39275,173090,124968,126672,1
10440,2335,94321,12775,104761,96656,0
91362,77682,99221,169044,190583,176903,1
76491,80145,23106,156636,99597,103251,1
5000,84385,60229,89385,65229,144614,0
42878,58632,88078,101510,130956,146710,1
12142,71305,67683,83447,79825,138988,1
59912,29524,48839,89436,108751,78363,1
62629,5128,83116,67757,145745,88244,0
30257,83009,91815,113266,122072,174824,1
31873,47359,12855,79232,44728,60214,0
72420,94550,62445,166970,134865,156995,1
47044,66880,89886,113924,136930,156766,1
6521,19529,52451,26050,58972,71980,0
90594,9610,5990,100204,96584,15600,0
49767,66683,41905,116450,91672,108588,1
39350,78897,36808,118247,76158,115705,0
26883,17337,19193,44220,46076,36530,1
52968,92106,99934,145074,152902,192040,1
14663,68892,6356,83555,21019,75248,0
37060,2861,53235,39921,90295,56096,0
78847,15518,85977,94365,164824,101495,1
14577,19275,34964,33852,49541,54239,0
11588,71286,79934,82874,91522,151220,1
21038,28464,35777,49502,56815,64241,1
36106,15951,11428,52057,47534,27379,0
27116,90159,88023,117275,115139,178182,1
5513,8367,1168,13880,6681,9535,0
13437,84555,95834,97992,109271,180389,1
61799,83684,97487,145483,159286,181171,1
58028,96772,93145,154800,151173,189917,1
57864,5507,31775,63371,89639,37282,0
86760,86275,42285,173035,129045,128560,1
8691,31364,93940,40055,102631,125304,0
6446,99872,46667,106318,53113,146539,0
1261,43594,22114,44855,23375,65708,0
31783,97513,57553,129296,89336,155066,0
78345,26381,5288,104726,83633,31669,0
11289,83731,59601,95020,70890,143332,0
79195,83611,52017,162806,131212,135628,1
28937,31699,44060,60636,72997,75759,1
1189,28053,89506,29242,90695,117559,0
96046,76040,19774,172086,115820,95814,0
35070,83223,64296,118293,99366,147519,1
39502,90509,2358,130011,41860,92867,0
86811,75211,62614,162022,149425,137825,1
76054,7254,8917,83308,84971,16171,0
57263,84918,18194,142181,75457,103112,0
71256,8118,50384,79374,121640,58502,0
85259,54269,57574,139528,142833,111843,1
28688,83162,70592,111850,99280,153754,1
69768,19538,96148,89306,165916,115686,0
63735,98293,19402,162028,83137,117695,0
88139,86671,26176,174810,114315,112847,1
68378,26615,49897,94993,118275,76512,1
44161,30325,31562,74486,75723,61887,1
12962,30019,1695,42981,14657,31714,0
70416,25178,59479,95594,129895,84657,1
9193,17654,41724,26847,50917,59378,0
80401,72510,70845,152911,151246,143355,1
85329,3822,74965,89151,160294,78787,0
93369,43487,37228,136856,130597,80715,0
63812,1700,84578,65512,148390,86278,0
61156,15357,76492,76513,137648,91849,1
30547,94780,27186,125327,57733,121966,0
60718,34588,22803,95306,83521,57391,0
34418,31840,20369,66258,54787,52209,1
69921,83597,43155,153518,113076,126752,1
6484,20461,41518,26945,48002,61979,0
78232,43339,25297,121571,103529,68636,0
24452,23726,9697,48178,34149,33423,1
60765,34115,20292,94880,81057,54407,0
52106,60561,67285,112667,119391,127846,1
80694,63061,9513,143755,90207,72574,0
8982,98421,10242,107403,19224,108663,0
30699,21436,75883,52135,106582,97319,0
18681,36659,93520,55340,112201,130179,0
29661,35163,91561,64824,121222,126724,0
30461,42082,72532,72543,102993,114614,1
79394,43516,65041,122910,144435,108557,1
1111,1817,25389,2928,26500,27206,0
75229,66444,41181,141673,116410,107625,1
95084,90991,15749,186075,110833,106740,1
23954,18566,91838,42520,115792,110404,0
44763,51598,18187,96361,62950,69785,1
4845,61700,67016,66545,71861,128716,0
58403,56101,18247,114504,76650,74348,1
33716,25433,2151,59149,35867,27584,0
22923,9340,92632,32263,115555,101972,0
96272,3145,22457,99417,118729,25602,0
34928,55334,37892,90262,72820,93226,1
9645,58384,65055,68029,74700,123439,1
34126,52299,43225,86425,77351,95524,1
25509,43021,93166,68530,118675,136187,0
80546,11173,35998,91719,116544,47171,0
56758,96287,262,153045,57020,96549,0
7609,19747,55700,27356,63309,75447,0
96612,64121,3002,160733,99614,67123,0
60553,21070,88304,81623,148857,109374,0
30449,82911,81414,113360,111863,164325,1
77599,22631,2707,100230,80306,25338,0
13055,78422,50597,91477,63652,129019,0
15716,92524,36840,108240,52556,129364,0
76414,9728,56021,86142,132435,65749,0
94426,75820,34895,170246,129321,110715,1
12262,46235,39772,58497,52034,86007,1
50781,64077,55363,114858,106144,119440,1
29998,24081,62161,54079,92159,86242,0
31586,54375,78919,85961,110505,133294,1
33784,24297,27936,58081,61720,52233,1
75915,34094,74368,110009,150283,108462,1
59228,68849,54041,128077,113269,122890,1
4072,34755,49571,38827,53643,84326,0
66026,19223,11396,85249,77422,30619,0
72288,76036,16188,148324,88476,92224,1
150,44472,2911,44622,3061,47383,0
29973,46510,41135,76483,71108,87645,1
66205,91794,32045,157999,98250,123839,1
69676,11783,2592,81459,72268,14375,0
15692,5356,66698,21048,82390,72054,0
82465,76309,80396,158774,162861,156705,1
2094,68384,6886,70478,8980,75270,0
19727,46028,3636,65755,23363,49664,0
10000,99970,78631,109970,88631,178601,0
69715,98433,59834,168148,129549,158267,1
51864,50269,9913,102133,61777,60182,1
44820,1223,72923,46043,117743,74146,0
91436,38650,59291,130086,150727,97941,1
86181,15492,50065,101673,136246,65557,0
365,18921,97478,19286,97843,116399,0
67867,82276,16949,150143,84816,99225,1
58820,27097,37654,85917,96474,64751,1
19902,84996,95796,104898,115698,180792,1
11931,32524,78642,44455,90573,111166,0
51501,90102,95471,141603,146972,185573,1
87448,99436,60793,186884,148241,160229,1
23415,42847,6815,66262,30230,49662,0
43556,82582,77727,126138,121283,160309,1
40979,40117,33688,81096,74667,73805,1
88460,94105,37754,182565,126214,131859,1
52183,7317,65525,59500,117708,72842,0
82400,11808,97775,94208,180175,109583,0
97760,81922,45866,179682,143626,127788,1
70208,74446,90731,144654,160939,165177,1
70227,35261,75859,105488,146086,111120,1
5986,65984,19084,71970,25070,85068,0
88356,35831,89967,124187,178323,125798,1
36139,87436,97314,123575,133453,184750,1
95026,83463,26668,178489,121694,110131,1
74595,76077,731,150672,75326,76808,0
48392,43748,10473,92140,58865,54221,1
74367,83665,70330,158032,144697,153995,1
21233,78740,6222,99973,27455,84962,0
70852,43119,7989,113971,78841,51108,0
31571,14493,49135,46064,80706,63628,0
36437,49761,50360,86198,86797,100121,1
78508,95766,13688,174274,92196,109454,0
25386,51006,74913,76392,100299,125919,1
31476,55025,34960,86501,66436,89985,1
27658,5079,41677,32737,69335,46756,0
19888,38817,27552,58705,47440,66369,1
43722,76406,48626,120128,92348,125032,1
63539,17039,86556,80578,150095,103595,0
77904,81280,62028,159184,139932,143308,1
25963,27712,82793,53675,108756,110505,0
49939,77334,59216,127273,109155,136550,1
44041,71680,83170,115721,127211,154850,1
36638,68643,97499,105281,134137,166142,1
56916,65272,89340,122188,146256,154612,1
74500,47335,6179,121835,80679,53514,0
57550,17680,34595,75230,92145,52275,0
77767,82488,10616,160255,88383,93104,1
51690,58752,3868,110442,55558,62620,0
89468,30244,72055,119712,161523,102299,1
11048,71084,65308,82132,76356,136392,1
16705,87081,4676,103786,21381,91757,0
69082,82722,53993,151804,123075,136715,1
99707,25609,90917,125316,190624,116526,1
25444,65088,25671,90532,51115,90759,0
60362,11689,22604,72051,82966,34293,0
31168,96048,45368,127216,76536,141416,0
6791,64916,22982,71707,29773,87898,0
23876,363,12079,24239,35955,12442,0
41121,48884,34517,90005,75638,83401,1
93596,86023,41734,179619,135330,127757,1
31362,10284,27944,41646,59306,38228,1
20689,57218,54515,77907,75204,111733,1
65901,94621,48834,160522,114735,143455,1
58438,28512,5322,86950,63760,33834,0
53971,42485,34809,96456,88780,77294,1
91677,73970,61552,165647,153229,135522,1
57881,74403,91858,132284,149739,166261,1
15096,90663,17050,105759,32146,107713,0
15085,42514,96420,57599,111505,138934,0
24430,37804,99629,62234,124059,137433,0
44374,88855,93187,133229,137561,182042,1
24098,91859,48201,115957,72299,140060,0
69218,65095,42648,134313,111866,107743,1
70291,77587,60100,147878,130391,137687,1
52477,91176,62175,143653,114652,153351,1
89862,54764,36366,144626,126228,91130,1
10789,35052,76327,45841,87116,111379,0
34337,24139,67984,58476,102321,92123,0
74938,52905,47898,127843,122836,100803,1
34140,30521,73873,64661,108013,104394,0
36483,53846,59697,90329,96180,113543,1
20629,25985,32930,46614,53559,58915,1
6595,75220,27293,81815,33888,102513,0
55431,32875,17638,88306,73069,50513,0
18617,71152,26019,89769,44636,97171,0
20650,52263,58468,72913,79118,110731,1
92990,53863,63638,146853,156628,117501,1
96903,20913,93514,117816,190417,114427,1
96409,92806,71092,189215,167501,163898,1
13214,71895,91309,85109,104523,163204,0
96459,69394,32410,165853,128869,101804,1
80932,58332,31037,139264,111969,89369,1
5019,48168,24632,53187,29651,72800,0
46377,18971,50894,65348,97271,69865,1
33783,997,92535,34780,126318,93532,0
57799,20938,899,78737,58698,21837,0
32713,70184,44415,102897,77128,114599,1
83522,88467,1905,171989,85427,90372,0
89400,77570,48262,166970,137662,125832,1
74627,40088,50561,114715,125188,90649,1
87400,27686,75884,115086,163284,103570,1
19593,77296,16561,96889,36154,93857,0
3962,9044,30383,13006,34345,39427,0
81928,11393,2570,93321,84498,13963,0
23922,45103,73660,69025,97582,118763,0
27840,83120,81886,110960,109726,165006,1
74460,27225,40542,101685,115002,67767,0
3087,71217,99277,74304,102364,170494,0
60074,76236,20185,136310,80259,96421,1
41647,86091,4234,127738,45881,90325,0
76755,68193,51760,144948,128515,119953,1
87441,30326,24679,117767,112120,55005,0
30186,84332,10825,114518,41011,95157,0
43927,85871,50069,129798,93996,135940,1
37917,11857,67753,49774,105670,79610,0
93090,65797,9106,158887,102196,74903,0
56986,63929,66533,120915,123519,130462,1
53332,88079,59463,141411,112795,147542,1
86079,34995,70234,121074,156313,105229,1
13288,28791,22327,42079,35615,51118,1
18979,96071,41031,115050,60010,137102,0
60911,3092,24689,64003,85600,27781,0
29352,98012,25287,127364,54639,123299,0
95767,30299,53153,126066,148920,83452,0
59556,11175,67700,70731,127256,78875,1
80356,7610,77891,87966,158247,85501,1
56009,31645,28976,87654,84985,60621,1
867,76682,20906,77549,21773,97588,0
129,27609,50984,27738,51113,78593,0
40890,31957,50506,72847,91396,82463,1
35575,7531,29475,43106,65050,37006,1
76690,51586,83880,128276,160570,135466,1
92218,7902,36916,100120,129134,44818,0
27260,59315,970,86575,28230,60285,0
99322,37704,12307,137026,111629,50011,0
94724,83038,64355,177762,159079,147393,1
90822,11539,52621,102361,143443,64160,0
49251,84378,67725,133629,116976,152103,1
872,38718,34224,39590,35096,72942,0
56664,29738,8618,86402,65282,38356,0
75273,13557,24622,88830,99895,38179,0
61674,24247,2067,85921,63741,26314,0
36666,49754,6726,86420,43392,56480,0
87202,1949,54447,89151,141649,56396,0
95304,59125,94154,154429,189458,153279,1
7075,42011,25584,49086,32659,67595,0
55736,44042,40411,99778,96147,84453,1
25298,18283,85086,43581,110384,103369,0
8650,15648,85929,24298,94579,101577,0
48106,29202,65203,77308,113309,94405,1
47872,13209,84112,61081,131984,97321,0
40395,27777,75525,68172,115920,103302,0
60406,96898,93690,157304,154096,190588,1
21110,13459,65696,34569,86806,79155,0
97256,38854,96338,136110,193594,135192,1
71438,43133,55933,114571,127371,99066,1
4529,97728,75088,102257,79617,172816,0
75694,8745,67079,84439,142773,75824,1
57799,56261,64648,114060,122447,120909,1
17231,83096,35057,100327,52288,118153,0
4361,20898,19902,25259,24263,40800,1
57353,45567,38993,102920,96346,84560,1
69968,4713,46705,74681,116673,51418,0
83805,83534,29393,167339,113198,112927,1
89812,45849,11552,135661,101364,57401,0
95118,49919,2288,145037,97406,52207,0
16013,60730,3016,76743,19029,63746,0
28577,76866,53656,105443,82233,130522,1
52635,40251,17249,92886,69884,57500,1
55617,41380,4275,96997,59892,45655,0
84925,48907,54828,133832,139753,103735,1
32810,20448,72109,53258,104919,92557,0
22515,33079,5342,55594,27857,38421,0
59368,63179,40168,122547,99536,103347,1
69942,45524,77653,115466,147595,123177,1
6186,41183,42082,47369,48268,83265,1
19034,25263,91491,44297,110525,116754,0
38069,78759,66124,116828,104193,144883,1
88737,8312,47903,97049,136640,56215,0
15719,82113,62662,97832,78381,144775,0
7862,60300,55970,68162,63832,116270,1
12093,64353,99844,76446,111937,164197,0
94149,23925,31868,118074,126017,55793,0
14091,39952,64107,54043,78198,104059,0
14333,18458,85301,32791,99634,103759,0
22071,20427,31664,42498,53735,52091,1
12362,17386,75348,29748,87710,92734,0
92894,56071,6548,148965,99442,62619,0
18333,24044,94108,42377,112441,118152,0
43054,78365,54033,121419,97087,132398,1
46875,73844,29782,120719,76657,103626,1
25632,2857,33874,28489,59506,36731,0
59569,68394,96366,127963,155935,164760,1
70035,9382,29535,79417,99570,38917,0
86018,44202,32912,130220,118930,77114,0
70096,75464,53400,145560,123496,128864,1
15491,49778,33011,65269,48502,82789,0
78160,18448,29314,96608,107474,47762,0
53566,55276,45859,108842,99425,101135,1
3891,85224,46356,89115,50247,131580,0
33027,96867,70216,129894,103243,167083,1
58818,92838,98689,151656,157507,191527,1
83060,55316,87186,138376,170246,142502,1
65597,889,3185,66486,68782,4074,0
28419,22699,38696,51118,67115,61395,1
47329,51932,11698,99261,59027,63630,1
69149,35961,58355,105110,127504,94316,1
86137,84935,92302,171072,178439,177237,1
67291,46312,70100,113603,137391,116412,1
27043,35790,30170,62833,57213,65960,1
61520,57438,60001,118958,121521,117439,1
72708,87802,22175,160510,94883,109977,1
19571,47519,87266,67090,106837,134785,0
79620,35110,69665,114730,149285,104775,1
7133,45894,26607,53027,33740,72501,0
25299,19292,88187,44591,113486,107479,0
75315,22726,63890,98041,139205,86616,1
54408,26258,11921,80666,66329,38179,0
64352,47813,40682,112165,105034,88495,1
83398,54847,40021,138245,123419,94868,1
91868,59130,31100,150998,122968,90230,0
3685,8033,51915,11718,55600,59948,0
54006,49744,81505,103750,135511,131249,1
42368,37798,49171,80166,91539,86969,1
70221,39554,26779,109775,97000,66333,0
83991,19243,82095,103234,166086,101338,1
53093,80991,33475,134084,86568,114466,1
16474,96210,51639,112684,68113,147849,0
80429,45188,30130,125617,110559,75318,0
56695,62871,30409,119566,87104,93280,1
60264,9320,84439,69584,144703,93759,0
66955,44109,65522,111064,132477,109631,1
82524,48932,38092,131456,120616,87024,1
49967,49106,83146,99073,133113,132252,1
54147,51049,66774,105196,120921,117823,1
89590,24958,37559,114548,127149,62517,0
13370,20328,96159,33698,109529,116487,0
52477,16918,52108,69395,104585,69026,1
99432,97065,61116,196497,160548,158181,1
9441,29341,54244,38782,63685,83585,0
60458,32464,64048,92922,124506,96512,1
51866,31313,31256,83179,83122,62569,1
53621,71724,67612,125345,121233,139336,1
50448,37850,28920,88298,79368,66770,1
99302,89892,42718,189194,142020,132610,1
50955,20179,47594,71134,98549,67773,1
14852,78697,89376,93549,104228,168073,1
13264,30696,68661,43960,81925,99357,0
74240,16240,79803,90480,154043,96043,1
72634,867,98442,73501,171076,99309,0
12030,15764,28603,27794,40633,44367,0
22114,51948,3732,74062,25846,55680,0
86209,70133,72921,156342,159130,143054,1
14129,15568,97281,29697,111410,112849,0
33066,81482,77174,114548,110240,158656,1
92853,80613,35751,173466,128604,116364,1
78389,25290,52606,103679,130995,77896,0
44051,97959,21838,142010,65889,119797,0
28012,64734,97513,92746,125525,162247,0
78459,82938,62072,161397,140531,145010,1
3953,88443,56288,92396,60241,144731,0
46833,21350,1698,68183,48531,23048,0
85243,86140,76065,171383,161308,162205,1
54938,85171,24618,140109,79556,109789,0
29137,4086,48948,33223,78085,53034,0
56624,67928,25199,124552,81823,93127,1
25705,39678,58482,65383,84187,98160,1
41181,83933,20468,125114,61649,104401,0
99525,92860,77250,192385,176775,170110,1
87232,63816,51308,151048,138540,115124,1
15144,99562,72476,114706,87620,172038,0
3966,41286,88360,45252,92326,129646,0
49094,26530,3166,75624,52260,29696,0
53650,73371,54642,127021,108292,128013,1
91212,84464,24637,175676,115849,109101,1
83645,87448,13848,171093,97493,101296,1
3822,84765,90194,88587,94016,174959,0
53133,30928,26561,84061,79694,57489,1
3782,24088,98728,27870,102510,122816,0
33039,72664,72380,105703,105419,145044,1
85832,61501,53737,147333,139569,115238,1
80533,64238,51722,144771,132255,115960,1
77595,14143,38142,91738,115737,52285,0
72934,36919,41494,109853,114428,78413,1
41956,3239,44500,45195,86456,47739,1
73055,49771,12867,122826,85922,62638,0
97328,42787,90897,140115,188225,133684,1
51397,29535,27437,80932,78834,56972,1
62961,27083,62330,90044,125291,89413,1
23325,23457,37377,46782,60702,60834,1
35649,26295,33426,61944,69075,59721,1
25026,26556,7919,51582,32945,34475,1
85225,31437,79098,116662,164323,110535,1
66730,30484,96301,97214,163031,126785,1
89065,41863,77183,130928,166248,119046,1
98131,76923,39905,175054,138036,116828,1
88406,62608,93264,151014,181670,155872,1
24239,51239,91316,75478,115555,142555,0
26861,89326,6110,116187,32971,95436,0
65038,29149,32893,94187,97931,62042,0
6873,78880,78040,85753,84913,156920,1
78806,58970,72150,137776,150956,131120,1
25234,83714,21714,108948,46948,105428,0
88175,86770,43264,174945,131439,130034,1
64584,48133,92576,112717,157160,140709,1
5180,3443,82702,8623,87882,86145,0
86185,772,44705,86957,130890,45477,0
43709,90216,60004,133925,103713,150220,1
10356,18725,45854,29081,56210,64579,0
96301,17560,45847,113861,142148,63407,0
7855,85296,56558,93151,64413,141854,0
94102,93221,64012,187323,158114,157233,1
11205,13959,85981,25164,97186,99940,0
87881,23287,22557,111168,110438,45844,0
42011,63730,47467,105741,89478,111197,1
59967,73787,75647,133754,135614,149434,1
81956,97085,50268,179041,132224,147353,1
72429,62363,69525,134792,141954,131888,1
19618,94255,86930,113873,106548,181185,1
22973,64491,41145,87464,64118,105636,0
60577,91751,4065,152328,64642,95816,0
91536,65685,69881,157221,161417,135566,1
52905,2686,29533,55591,82438,32219,0
23557,64703,81757,88260,105314,146460,1
69190,6045,72360,75235,141550,78405,1
80380,78250,79874,158630,160254,158124,1
56677,31440,36709,88117,93386,68149,1
94091,28121,39269,122212,133360,67390,0
84989,72255,36987,157244,121976,109242,1
4373,49693,94189,54066,98562,143882,0
19513,20208,83951,39721,103464,104159,0
34961,61838,64078,96799,99039,125916,1
69220,89158,42006,158378,111226,131164,1
92138,96317,93992,188455,186130,190309,1
29150,16159,74907,45309,104057,91066,0
68548,45389,45029,113937,113577,90418,1
13663,29392,66983,43055,80646,96375,0
85968,1449,85781,87417,171749,87230,1
25240,84861,34386,110101,59626,119247,0
57858,70256,6741,128114,64599,76997,0
86758,65255,15687,152013,102445,80942,0
13270,17668,41349,30938,54619,59017,0
91477,12346,50896,103823,142373,63242,0
2788,28976,82084,31764,84872,111060,0
79278,26631,42154,105909,121432,68785,0
84733,59527,82073,144260,166806,141600,1
33666,41722,33274,75388,66940,74996,1
47463,79127,37832,126590,85295,116959,1
40930,68804,24783,109734,65713,93587,0
43253,58374,60422,101627,103675,118796,1
66056,47695,18827,113751,84883,66522,1
37845,3440,34517,41285,72362,37957,1
75384,84668,49872,160052,125256,134540,1
36562,81265,77006,117827,113568,158271,1
7507,17943,20728,25450,28235,38671,1
79488,87794,98103,167282,177591,185897,1
41308,59601,10121,100909,51429,69722,0
28759,39606,30005,68365,58764,69611,1
49393,87505,1117,136898,50510,88622,0
44754,64347,60813,109101,105567,125160,1
20156,85064,65426,105220,85582,150490,1
88014,89407,28822,177421,116836,118229,1
43743,91607,82503,135350,126246,174110,1
45436,11538,32838,56974,78274,44376,0
75497,20749,79401,96246,154898,100150,1
39591,96107,11189,135698,50780,107296,0
95453,41942,84809,137395,180262,126751,1
38149,9535,47884,47684,86033,57419,0
9384,44031,48222,53415,57606,92253,1
75801,1757,32465,77558,108266,34222,0
19692,83814,61093,103506,80785,144907,0
75949,89873,79642,165822,155591,169515,1
83255,71010,46017,154265,129272,117027,1
26197,80241,41010,106438,67207,121251,0
77024,45610,85305,122634,162329,130915,1
71369,53396,63190,124765,134559,116586,1
81516,52041,26628,133557,108144,78669,0
11935,87458,13792,99393,25727,101250,0
7378,15090,89208,22468,96586,104298,0
9655,56487,57297,66142,66952,113784,1
5195,67679,55611,72874,60806,123290,0
57985,2397,42030,60382,100015,44427,0
78933,42571,74787,121504,153720,117358,1
63645,35484,21292,99129,84937,56776,0
72982,31471,46470,104453,119452,77941,1
37460,82498,64272,119958,101732,146770,1
60422,11729,88497,72151,148919,100226,0
59761,96210,69255,155971,129016,165465,1
82453,33341,37220,115794,119673,70561,0
55860,51457,56372,107317,112232,107829,1
4950,4294,62046,9244,66996,66340,0
6209,14993,84364,21202,90573,99357,0
25885,66471,26005,92356,51890,92476,0
27336,3764,24929,31100,52265,28693,1
36800,66014,63305,102814,100105,129319,1
57453,30779,53898,88232,111351,84677,1
61333,37110,84581,98443,145914,121691,1
99595,53902,33186,153497,132781,87088,0
62316,74506,46274,136822,108590,120780,1
65645,6600,79192,72245,144837,85792,0
91189,11058,15343,102247,106532,26401,0
74309,91369,79676,165678,153985,171045,1
79982,26622,46526,106604,126508,73148,0
65301,79897,87096,145198,152397,166993,1
94704,92715,19833,187419,114537,112548,1
3506,399,78268,3905,81774,78667,0
94946,17461,97197,112407,192143,114658,1
57538,60027,58841,117565,116379,118868,1
15163,82000,10160,97163,25323,92160,0
94205,43461,83808,137666,178013,127269,1
72965,87861,53812,160826,126777,141673,1
37058,43687,86497,80745,123555,130184,0
68119,75163,73631,143282,141750,148794,1
22228,44766,64631,66994,86859,109397,1
35068,66538,68195,101606,103263,134733,1
26820,34448,90425,61268,117245,124873,0
12064,98495,25563,110559,37627,124058,0
98022,87150,46234,185172,144256,133384,1
90899,39952,11953,130851,102852,51905,0
65442,46869,1899,112311,67341,48768,0
9546,19583,41714,29129,51260,61297,0
64010,8178,97052,72188,161062,105230,0
68617,55907,73640,124524,142257,129547,1
20534,4868,55377,25402,75911,60245,0
73460,99015,53017,172475,126477,152032,1
20019,63993,35562,84012,55581,99555,0
48825,54218,96444,103043,145269,150662,1
11591,25252,47116,36843,58707,72368,0
52356,74612,9979,126968,62335,84591,0
10216,71214,3670,81430,13886,74884,0
15138,92907,62255,108045,77393,155162,0
37850,35726,2330,73576,40180,38056,1
9569,76265,26739,85834,36308,103004,0
59444,59083,64035,118527,123479,123118,1
90793,83103,81775,173896,172568,164878,1
61601,52661,59500,114262,121101,112161,1
6571,6272,73330,12843,79901,79602,0
7689,3960,94107,11649,101796,98067,0
34219,33614,47324,67833,81543,80938,1
16449,17352,27145,33801,43594,44497,1
50286,25693,87958,75979,138244,113651,0
50677,94426,21767,145103,72444,116193,0
44507,43259,4899,87766,49406,48158,1
10249,4470,63768,14719,74017,68238,0
13193,91797,40213,104990,53406,132010,0
56971,23120,59713,80091,116684,82833,1
61337,83958,96096,145295,157433,180054,1
24857,36052,39960,60909,64817,76012,1
87990,24312,95897,112302,183887,120209,1
90486,59828,90556,150314,181042,150384,1
44129,70224,32675,114353,76804,102899,1
35321,78364,27018,113685,62339,105382,0
72748,50318,11719,123066,84467,62037,0
51028,98633,10181,149661,61209,108814,0
45721,12061,40554,57782,86275,52615,1
41866,6879,84399,48745,126265,91278,0
45204,25414,11364,70618,56568,36778,0
68962,48971,90434,117933,159396,139405,1
83447,95831,32662,179278,116109,128493,1
48228,67575,69616,115803,117844,137191,1
80180,11755,44972,91935,125152,56727,0
74053,23368,15778,97421,89831,39146,0
13822,82652,75054,96474,88876,157706,1
82401,55813,53146,138214,135547,108959,1
57382,45658,47588,103040,104970,93246,1
63920,49887,31538,113807,95458,81425,1
69913,82738,76293,152651,146206,159031,1
97811,60495,24251,158306,122062,84746,0
54491,66634,35755,121125,90246,102389,1
10140,79260,20287,89400,30427,99547,0
47972,65304,65712,113276,113684,131016,1
93042,68431,42795,161473,135837,111226,1
81716,56556,78034,138272,159750,134590,1
89415,7149,13066,96564,102481,20215,0
68535,37548,27683,106083,96218,65231,0
53627,88105,86316,141732,139943,174421,1
74969,49370,59919,124339,134888,109289,1
79466,61405,90944,140871,170410,152349,1
6994,37541,78269,44535,85263,115810,0
39379,18479,41063,57858,80442,59542,1
67519,77366,87588,144885,155107,164954,1
87882,26483,95705,114365,183587,122188,1
19858,26804,97185,46662,117043,123989,0
6733,43634,92975,50367,99708,136609,0
44498,48251,74113,92749,118611,122364,1
50492,46168,62905,96660,113397,109073,1
77418,24080,19215,101498,96633,43295,0
6314,50403,98688,56717,105002,149091,0
43978,28269,86191,72247,130169,114460,0
8834,32920,21682,41754,30516,54602,0
83572,34736,62236,118308,145808,96972,1
3299,34365,90930,37664,94229,125295,0
53978,74267,67345,128245,121323,141612,1
42947,97128,39171,140075,82118,136299,0
18071,54871,18519,72942,36590,73390,0
42726,51053,9863,93779,52589,60916,1
70717,8595,54939,79312,125656,63534,0
4535,68682,51421,73217,55956,120103,0
81904,98435,8424,180339,90328,106859,0
20112,41083,47563,61195,67675,88646,1
57114,71555,25269,128669,82383,96824,1
11097,73934,59674,85031,70771,133608,0
28153,81980,44498,110133,72651,126478,0
52758,4239,99316,56997,152074,103555,0
27820,59596,42769,87416,70589,102365,1
1944,34550,73542,36494,75486,108092,0
99769,69372,5544,169141,105313,74916,0
6246,68224,22156,74470,28402,90380,0
78472,9867,69558,88339,148030,79425,1
47356,16276,61577,63632,108933,77853,1
48870,90887,29543,139757,78413,120430,0
43390,28362,5729,71752,49119,34091,0
50464,20626,57845,71090,108309,78471,1
28001,43429,81011,71430,109012,124440,0
62806,21853,71562,84659,134368,93415,1
3585,68822,54662,72407,58247,123484,0
4116,33162,95713,37278,99829,128875,0
10088,60397,38659,70485,48747,99056,0
65471,27141,9548,92612,75019,36689,0
31901,81258,36062,113159,67963,117320,0
83939,36153,26907,120092,110846,63060,0
53104,65762,55750,118866,108854,121512,1
76842,35505,21735,112347,98577,57240,0
35879,36528,6853,72407,42732,43381,1
53845,91510,40471,145355,94316,131981,1
51408,83718,19884,135126,71292,103602,0
74909,58284,92175,133193,167084,150459,1
21944,54262,6475,76206,28419,60737,0
77706,90211,66680,167917,144386,156891,1
72702,15493,63279,88195,135981,78772,1
1232,79564,3853,80796,5085,83417,0
90237,93510,61330,183747,151567,154840,1
54543,23698,75990,78241,130533,99688,1
41195,50058,25830,91253,67025,75888,1
16008,97074,72797,113082,88805,169871,0
10855,99668,28112,110523,38967,127780,0
77507,42547,48694,120054,126201,91241,1
85089,39250,23707,124339,108796,62957,0
55579,38883,10342,94462,65921,49225,0
62935,19797,15113,82732,78048,34910,0
8791,4360,25423,13151,34214,29783,0
4465,20957,3673,25422,8138,24630,0
12233,69670,1149,81903,13382,70819,0
62460,49409,88316,111869,150776,137725,1
63606,15500,85761,79106,149367,101261,0
58304,19359,67030,77663,125334,86389,1
24173,65320,13505,89493,37678,78825,0
65389,48253,84060,113642,149449,132313,1
20146,28809,35338,48955,55484,64147,1
65180,85211,65094,150391,130274,150305,1
19468,8777,91029,28245,110497,99806,0
11394,12227,77593,23621,88987,89820,0
66084,77887,86220,143971,152304,164107,1
83025,79994,33219,163019,116244,113213,1
81460,91920,90861,173380,172321,182781,1
89814,74112,92351,163926,182165,166463,1
41466,73464,18020,114930,59486,91484,0
79253,97115,90230,176368,169483,187345,1
33479,81813,24570,115292,58049,106383,0
19410,38925,50920,58335,70330,89845,1
45386,10726,52325,56112,97711,63051,1
7850,8745,55097,16595,62947,63842,0
67255,56077,18234,123332,85489,74311,1
47583,95513,4616,143096,52199,100129,0
87903,92160,18717,180063,106620,110877,1
61901,34654,83624,96555,145525,118278,1
88652,71721,1111,160373,89763,72832,0
24071,22751,53401,46822,77472,76152,0
49278,61770,8285,111048,57563,70055,0
61663,64680,95572,126343,157235,160252,1
66524,54601,68766,121125,135290,123367,1
38481,46613,79248,85094,117729,125861,1
48060,45725,90193,93785,138253,135918,1
11942,37446,47199,49388,59141,84645,1
1980,73207,70735,75187,72715,143942,0
28897,91435,73829,120332,102726,165264,1
77492,40564,47849,118056,125341,88413,1
42031,86258,12737,128289,54768,98995,0
33982,29278,56703,63260,90685,85981,1
45419,68142,39451,113561,84870,107593,1
50827,23090,18022,73917,68849,41112,0
89879,25174,82252,115053,172131,107426,1
52972,33369,11542,86341,64514,44911,0
93396,45149,19655,138545,113051,64804,0
86570,82736,20306,169306,106876,103042,1
69781,78067,36762,147848,106543,114829,1
24478,39747,3524,64225,28002,43271,0
89111,70315,99276,159426,188387,169591,1
58465,40651,96682,99116,155147,137333,1
31308,86970,71667,118278,102975,158637,1
53163,76439,91322,129602,144485,167761,1
24453,86351,41854,110804,66307,128205,0
73200,48145,93765,121345,166965,141910,1
98682,54930,48159,153612,146841,103089,1
97787,28923,33513,126710,131300,62436,0
25097,57951,57647,83048,82744,115598,1
87448,40622,88206,128070,175654,128828,1
51055,32110,3146,83165,54201,35256,0
66141,63809,65058,129950,131199,128867,1
17154,25128,82088,42282,99242,107216,0
47178,36045,84840,83223,132018,120885,0
83707,92177,6942,175884,90649,99119,0
83864,79523,16812,163387,100676,96335,1
84480,5746,32468,90226,116948,38214,0
20051,6822,46461,26873,66512,53283,0
9858,72348,34748,82206,44606,107096,0
23079,29398,42345,52477,65424,71743,1
20927,76358,4551,97285,25478,80909,0
66161,67101,65875,133262,132036,132976,1
12534,88335,84339,100869,96873,172674,1
12605,93418,58118,106023,70723,151536,0
37889,48857,88944,86746,126833,137801,0
18228,83207,58329,101435,76557,141536,0
56137,72091,81098,128228,137235,153189,1
37877,85934,58213,123811,96090,144147,1
2950,82419,583,85369,3533,83002,0
16628,52270,10827,68898,27455,63097,0
49585,44342,56961,93927,106546,101303,1
74018,89415,63956,163433,137974,153371,1
84310,97440,98561,181750,182871,196001,1
41273,39803,23933,81076,65206,63736,1
38284,95441,29186,133725,67470,124627,0
14396,3512,3517,17908,17913,7029,0
26682,57891,24068,84573,50750,81959,0
30488,52142,33064,82630,63552,85206,1
91343,52160,24516,143503,115859,76676,0
50610,9794,44290,60404,94900,54084,1
89566,19541,17512,109107,107078,37053,0
94722,14180,20402,108902,115124,34582,0
9620,46079,85146,55699,94766,131225,0
41080,86340,68337,127420,109417,154677,1
54771,96062,73773,150833,128544,169835,1
65659,43092,24477,108751,90136,67569,1
49919,46301,22621,96220,72540,68922,1
68569,47319,31547,115888,100116,78866,1
28626,47474,82553,76100,111179,130027,0
36863,63235,71932,100098,108795,135167,1
4394,57368,3353,61762,7747,60721,0
12528,41632,24894,54160,37422,66526,0
96208,64278,68241,160486,164449,132519,1
94982,58334,54081,153316,149063,112415,1
75588,52775,77042,128363,152630,129817,1
38461,50480,93395,88941,131856,143875,0
6149,16549,34712,22698,40861,51261,0
86725,90191,66247,176916,152972,156438,1
96258,88889,38907,185147,135165,127796,1
39523,33214,62381,72737,101904,95595,1
7766,22516,39427,30282,47193,61943,0
1664,61279,72951,62943,74615,134230,0
74284,82045,36134,156329,110418,118179,1
50506,97177,17852,147683,68358,115029,0
48741,6032,70392,54773,119133,76424,0
53970,90086,66562,144056,120532,156648,1
18200,89729,15537,107929,33737,105266,0
97962,9861,87024,107823,184986,96885,0
93013,68573,31334,161586,124347,99907,1
55917,16093,30086,72010,86003,46179,0
3026,16511,84783,19537,87809,101294,0
40794,18544,61837,59338,102631,80381,0
88898,57164,23717,146062,112615,80881,0
82324,77779,71470,160103,153794,149249,1
13934,30514,60091,44448,74025,90605,0
54464,55218,34899,109682,89363,90117,1
54238,10631,72390,64869,126628,83021,0
71143,89343,35986,160486,107129,125329,1
97480,88808,30630,186288,128110,119438,1
97258,56884,63897,154142,161155,120781,1
5670,91305,43453,96975,49123,134758,0
62502,23510,98460,86012,160962,121970,0
81043,35839,23206,116882,104249,59045,0
48572,95355,67826,143927,116398,163181,1
17328,73758,98814,91086,116142,172572,0
5349,60841,57262,66190,62611,118103,1
3729,42161,75479,45890,79208,117640,0
49596,84851,35169,134447,84765,120020,0
63364,91443,97579,154807,160943,189022,1
6761,26772,71920,33533,78681,98692,0
62056,95851,42043,157907,104099,137894,1
84314,98419,12589,182733,96903,111008,0
76997,12628,55689,89625,132686,68317,0
42801,80389,92479,123190,135280,172868,1
17638,18597,25245,36235,42883,43842,1
46016,94162,71843,140178,117859,166005,1
29823,59608,52150,89431,81973,111758,1
94399,39045,86381,133444,180780,125426,1
6240,7223,2193,13463,8433,9416,1
7962,95111,23253,103073,31215,118364,0
57229,28500,48764,85729,105993,77264,1
35607,37610,39351,73217,74958,76961,1
36555,87781,71764,124336,108319,159545,1
69421,16332,7539,85753,76960,23871,0
46021,15640,22630,61661,68651,38270,0
56781,82344,71496,139125,128277,153840,1
19133,4906,63299,24039,82432,68205,0
10704,52165,17983,62869,28687,70148,0
8363,42880,88058,51243,96421,130938,0
78805,57894,31504,136699,110309,89398,1
89164,54397,43311,143561,132475,97708,1
556,98851,99696,99407,100252,198547,0
34525,27170,49365,61695,83890,76535,1
28161,10214,50143,38375,78304,60357,0
19064,3543,56017,22607,75081,59560,0
23199,47443,5912,70642,29111,53355,0
66890,55850,47147,122740,114037,102997,1
78579,30337,66934,108916,145513,97271,1
34235,35438,48594,69673,82829,84032,1
73146,32328,78192,105474,151338,110520,1
96370,53554,67225,149924,163595,120779,1
25497,44348,62315,69845,87812,106663,1
52691,76143,92004,128834,144695,168147,1
84821,83301,21709,168122,106530,105010,1
91916,92169,71630,184085,163546,163799,1
18909,75635,81192,94544,100101,156827,1
988,75427,44065,76415,45053,119492,0
43030,45365,5170,88395,48200,50535,1
39916,34150,56137,74066,96053,90287,1
28552,57372,65863,85924,94415,123235,1
36155,49063,39453,85218,75608,88516,1
76433,72348,18821,148781,95254,91169,1
41377,48621,342,89998,41719,48963,0
2933,28045,2359,30978,5292,30404,0
44585,6563,16507,51148,61092,23070,0
81997,45884,96848,127881,178845,142732,1
10306,33231,5555,43537,15861,38786,0
57668,34930,30732,92598,88400,65662,1
66131,80642,65099,146773,131230,145741,1
47645,7581,54740,55226,102385,62321,1
19281,74273,20310,93554,39591,94583,0
64961,36396,26541,101357,91502,62937,0
22589,38182,68306,60771,90895,106488,0
43244,58706,52715,101950,95959,111421,1
18606,8225,22887,26831,41493,31112,1
81116,50424,44553,131540,125669,94977,1
9671,58649,77175,68320,86846,135824,0
94956,26868,85421,121824,180377,112289,1
70539,10655,5678,81194,76217,16333,0
99269,78171,24234,177440,123503,102405,1
99360,58325,67441,157685,166801,125766,1
13283,6036,74167,19319,87450,80203,0
83202,31291,3023,114493,86225,34314,0
8887,32341,30275,41228,39162,62616,1
25763,9114,13716,34877,39479,22830,0
88175,95178,84282,183353,172457,179460,1
4182,86194,99004,90376,103186,185198,0
71114,15357,14880,86471,85994,30237,0
97700,92821,1460,190521,99160,94281,0
96010,44218,37270,140228,133280,81488,0
84935,4528,93327,89463,178262,97855,0
69763,85890,52902,155653,122665,138792,1
81484,7594,53104,89078,134588,60698,0
82197,2240,58785,84437,140982,61025,0
45420,45734,64580,91154,110000,110314,1
31985,95884,44591,127869,76576,140475,0
40372,18023,81277,58395,121649,99300,0
44440,62741,13493,107181,57933,76234,0
413,40785,13407,41198,13820,54192,0
10244,63392,20616,73636,30860,84008,0
32081,54368,89831,86449,121912,144199,0
31476,47994,3773,79470,35249,51767,0
61211,60738,95038,121949,156249,155776,1
86386,22807,8956,109193,95342,31763,0
29107,59133,21583,88240,50690,80716,0
62392,71315,24139,133707,86531,95454,1
45733,38619,9419,84352,55152,48038,1
25037,4939,40855,29976,65892,45794,0
22563,21434,79460,43997,102023,100894,0
15207,73993,40013,89200,55220,114006,0
88115,29442,45697,117557,133812,75139,0
92020,2891,18978,94911,110998,21869,0
31983,37908,11321,69891,43304,49229,1
55437,91074,29156,146511,84593,120230,0
8703,95970,47000,104673,55703,142970,0
27933,47179,36737,75112,64670,83916,1
35739,63526,11513,99265,47252,75039,0
61144,10806,5724,71950,66868,16530,0
38612,49626,3932,88238,42544,53558,0
20815,5681,75979,26496,96794,81660,0
68996,67721,31140,136717,100136,98861,1
76559,33363,77392,109922,153951,110755,1
22263,76799,30973,99062,53236,107772,0
87975,38284,46737,126259,134712,85021,0
92969,30200,14251,123169,107220,44451,0
30017,38711,83257,68728,113274,121968,0
23483,95488,14764,118971,38247,110252,0
12906,57227,67850,70133,80756,125077,1
59454,50079,77434,109533,136888,127513,1
78416,71856,71281,150272,149697,143137,1
78496,75913,61495,154409,139991,137408,1
88846,34362,56817,123208,145663,91179,1
29322,54545,55665,83867,84987,110210,1
98089,31628,90696,129717,188785,122324,1
38915,64186,27278,103101,66193,91464,1
60787,66511,23684,127298,84471,90195,1
56964,56963,27848,113927,84812,84811,1
76338,10488,56301,86826,132639,66789,0
23365,38454,59652,61819,83017,98106,1
79957,42333,53537,122290,133494,95870,1
817,54570,32446,55387,33263,87016,0
75315,20529,16189,95844,91504,36718,0
63353,98057,64686,161410,128039,162743,1
23495,9972,55136,33467,78631,65108,0
74172,32035,6924,106207,81096,38959,0
20042,24775,39448,44817,59490,64223,1
92641,13542,76516,106183,169157,90058,0
44409,56770,41380,101179,85789,98150,1
85372,46253,9088,131625,94460,55341,0
55048,23031,52193,78079,107241,75224,1
22890,49436,10491,72326,33381,59927,0
46024,95926,46293,141950,92317,142219,0
21379,48859,76889,70238,98268,125748,0
52821,25082,26937,77903,79758,52019,0
90362,54890,42375,145252,132737,97265,1
30187,26364,20193,56551,50380,46557,1
38539,51962,42344,90501,80883,94306,1
25625,49560,58104,75185,83729,107664,1
57963,88604,2135,146567,60098,90739,0
78870,2880,984,81750,79854,3864,0
16329,66084,61648,82413,77977,127732,1
64856,72697,82579,137553,147435,155276,1
90108,26405,40873,116513,130981,67278,0
8172,10003,48887,18175,57059,58890,0
30789,60341,59803,91130,90592,120144,1
28133,93781,50617,121914,78750,144398,0
49786,73169,37281,122955,87067,110450,1
55340,38721,14356,94061,69696,53077,0
45531,35912,6531,81443,52062,42443,0
93803,45517,94015,139320,187818,139532,1
95586,88165,28687,183751,124273,116852,1
94167,77471,63884,171638,158051,141355,1
61138,51771,1816,112909,62954,53587,0
29370,41563,41308,70933,70678,82871,1
38438,41025,18837,79463,57275,59862,1
73016,38885,34833,111901,107849,73718,1
15953,47433,18920,63386,34873,66353,0
11844,3427,6360,15271,18204,9787,0
42144,33210,36992,75354,79136,70202,1
70642,66877,52713,137519,123355,119590,1
93482,38179,47578,131661,141060,85757,0
67792,90534,41720,158326,109512,132254,1
48125,375,51465,48500,99590,51840,0
20912,71585,11656,92497,32568,83241,0
36289,41775,92982,78064,129271,134757,0
49423,31403,92350,80826,141773,123753,0
59544,58242,64403,117786,123947,122645,1
91368,19707,93200,111075,184568,112907,1
96795,13815,60341,110610,157136,74156,0
83522,95961,96963,179483,180485,192924,1
18962,2273,2233,21235,21195,4506,0
84921,91590,8102,176511,93023,99692,1
39389,13761,36803,53150,76192,50564,1
9615,55942,33873,65557,43488,89815,0
8885,44370,76763,53255,85648,121133,0
45294,15540,93383,60834,138677,108923,0
61550,52703,75663,114253,137213,128366,1
85953,24800,25146,110753,111099,49946,0
24683,87240,8490,111923,33173,95730,0
63414,10586,68857,74000,132271,79443,1
72786,55616,77174,128402,149960,132790,1
87093,37208,40422,124301,127515,77630,0
47662,51341,10954,99003,58616,62295,1
13969,4059,48972,18028,62941,53031,0
98948,91082,93291,190030,192239,184373,1
7727,80062,91564,87789,99291,171626,0
84178,63465,54355,147643,138533,117820,1
76658,50299,71723,126957,148381,122022,1
37434,31777,45034,69211,82468,76811,1
39355,25529,61424,64884,100779,86953,1
70139,8229,19264,78368,89403,27493,0
88319,6593,42255,94912,130574,48848,0
29328,21103,72799,50431,102127,93902,0
34716,36342,86084,71058,120800,122426,0
77723,34959,29843,112682,107566,64802,0
67948,87472,79795,155420,147743,167267,1
12978,42636,51687,55614,64665,94323,1
20335,18341,12695,38676,33030,31036,1
72520,53182,5641,125702,78161,58823,0
32010,38345,10787,70355,42797,49132,1
68009,27545,1060,95554,69069,28605,0
43745,27111,15984,70856,59729,43095,0
3232,24491,90043,27723,93275,114534,0
4648,82341,23591,86989,28239,105932,0
3008,17444,13268,20452,16276,30712,0
81599,41902,21988,123501,103587,63890,0
53954,87393,54141,141347,108095,141534,1
22550,22200,7491,44750,30041,29691,1
51070,88985,45862,140055,96932,134847,1
7813,34001,49955,41814,57768,83956,0
61687,66259,16694,127946,78381,82953,1
1937,39492,97196,41429,99133,136688,0
63474,65945,48252,129419,111726,114197,1
54122,86351,92151,140473,146273,178502,1
51395,12129,63377,63524,114772,75506,1
29252,51897,89774,81149,119026,141671,0
11993,15875,99736,27868,111729,115611,0
34897,86150,21598,121047,56495,107748,0
43464,8258,8545,51722,52009,16803,0
15613,81342,63362,96955,78975,144704,0
98839,73830,40895,172669,139734,114725,1
53518,57203,58220,110721,111738,115423,1
67252,70825,43066,138077,110318,113891,1
2861,34920,48827,37781,51688,83747,0
21740,22936,50125,44676,71865,73061,0
28559,45664,45666,74223,74225,91330,1
58574,98915,94633,157489,153207,193548,1
75024,31966,37543,106990,112567,69509,0
1510,4745,79904,6255,81414,84649,0
19189,46954,83134,66143,102323,130088,0
90058,56306,8895,146364,98953,65201,0
48823,87641,23662,136464,72485,111303,0
14200,4077,28355,18277,42555,32432,0
57683,76251,11818,133934,69501,88069,0
76321,10501,25089,86822,101410,35590,0
68728,61311,68178,130039,136906,129489,1
47629,87008,39789,134637,87418,126797,1
51209,29944,7794,81153,59003,37738,0
17837,69668,25712,87505,43549,95380,0
85062,60674,25216,145736,110278,85890,1
72010,93546,84680,165556,156690,178226,1
46143,31565,2943,77708,49086,34508,0
51130,78718,17716,129848,68846,96434,0
74648,52284,85900,126932,160548,138184,1
14610,75619,69168,90229,83778,144787,1
74557,41031,54703,115588,129260,95734,1
79768,25366,98629,105134,178397,123995,1
37415,83397,62675,120812,100090,146072,1
33345,50903,48643,84248,81988,99546,1
12570,98088,56848,110658,69418,154936,0
32075,13165,73520,45240,105595,86685,0
94564,61798,38426,156362,132990,100224,1
47843,41962,32659,89805,80502,74621,1
19286,31610,38311,50896,57597,69921,1
99513,21825,75576,121338,175089,97401,0
28598,85054,70682,113652,99280,155736,1
31311,86486,88273,117797,119584,174759,1
60556,7371,15017,67927,75573,22388,0
77754,78884,86906,156638,164660,165790,1
37529,30597,69373,68126,106902,99970,0
71489,6893,4580,78382,76069,11473,0
60828,16947,52507,77775,113335,69454,1
96979,50579,57012,147558,153991,107591,1
39450,81057,73748,120507,113198,154805,1
93239,34105,55822,127344,149061,89927,0
7643,60800,82145,68443,89788,142945,0
54029,82668,15173,136697,69202,97841,0
60005,60487,260,120492,60265,60747,0
32041,2370,92485,34411,124526,94855,0
52965,10456,51753,63421,104718,62209,1
89588,98545,63496,188133,153084,162041,1
76380,21122,643,97502,77023,21765,0
68896,65364,68409,134260,137305,133773,1
48109,88253,97822,136362,145931,186075,1
97822,18018,70188,115840,168010,88206,0
40089,82120,70036,122209,110125,152156,1
39694,42607,49594,82301,89288,92201,1
81575,43112,50978,124687,132553,94090,1
72373,58711,43795,131084,116168,102506,1
82043,5333,42760,87376,124803,48093,0
13961,23021,13143,36982,27104,36164,1
59584,67799,34438,127383,94022,102237,1
91818,53821,18702,145639,110520,72523,0
58618,96102,1711,154720,60329,97813,0
33863,8414,79634,42277,113497,88048,0
91130,57199,8849,148329,99979,66048,0
89660,20812,95186,110472,184846,115998,1
54599,3164,7731,57763,62330,10895,0
7907,72978,35510,80885,43417,108488,0
6153,74289,86775,80442,92928,161064,0
23350,63232,12774,86582,36124,76006,0
58714,20845,71743,79559,130457,92588,1
92148,19603,99601,111751,191749,119204,1
47287,72136,66658,119423,113945,138794,1
21064,66965,7906,88029,28970,74871,0
5690,97359,22237,103049,27927,119596,0
67075,15499,3255,82574,70330,18754,0
8251,84215,93871,92466,102122,178086,0
65945,14191,59455,80136,125400,73646,1
72332,55561,29317,127893,101649,84878,1
20100,91037,53230,111137,73330,144267,0
36740,82663,20679,119403,57419,103342,0
2461,87095,10966,89556,13427,98061,0
49917,72696,19579,122613,69496,92275,0
66359,47875,97542,114234,163901,145417,1
32888,79429,7165,112317,40053,86594,0
41692,21380,55362,63072,97054,76742,1
53608,57563,17223,111171,70831,74786,1
53708,14686,86253,68394,139961,100939,0
88668,65633,55440,154301,144108,121073,1
69925,45709,68993,115634,138918,114702,1
5852,84648,38612,90500,44464,123260,0
91246,771,573,92017,91819,1344,0
62905,84499,18074,147404,80979,102573,0
35946,49410,96947,85356,132893,146357,0
46932,11979,15291,58911,62223,27270,0
30563,54725,92288,85288,122851,147013,0
59498,24497,95682,83995,155180,120179,0
58499,56866,73834,115365,132333,130700,1
6913,83709,48861,90622,55774,132570,0
61099,58279,41798,119378,102897,100077,1
88900,14017,96668,102917,185568,110685,1
72680,6578,5677,79258,78357,12255,0
71245,93798,91579,165043,162824,185377,1
72873,28298,59940,101171,132813,88238,1
85171,69981,51211,155152,136382,121192,1
94063,31614,21910,125677,115973,53524,0
47686,98799,47414,146485,95100,146213,0
94657,30643,36049,125300,130706,66692,0
10579,13330,87781,23909,98360,101111,0
35383,9304,67765,44687,103148,77069,0
91182,66404,63201,157586,154383,129605,1
96616,52869,31105,149485,127721,83974,0
2696,64543,95265,67239,97961,159808,0
95204,6230,20347,101434,115551,26577,0
24277,22773,30137,47050,54414,52910,1
33643,65525,57776,99168,91419,123301,1
17417,12009,70261,29426,87678,82270,0
94316,86259,5008,180575,99324,91267,0
46028,75782,58112,121810,104140,133894,1
8361,67646,89956,76007,98317,157602,0
85850,4261,18339,90111,104189,22600,0
26837,18080,83488,44917,110325,101568,0
86507,90191,38748,176698,125255,128939,1
37412,45219,40692,82631,78104,85911,1
64051,2809,10523,66860,74574,13332,0
59821,74229,64413,134050,124234,138642,1
9621,10824,32448,20445,42069,43272,0
51134,50716,3370,101850,54504,54086,1
86347,21150,74630,107497,160977,95780,1
15985,25397,58058,41382,74043,83455,0
265,41350,45281,41615,45546,86631,0
55969,33714,55438,89683,111407,89152,1
12864,62010,72449,74874,85313,134459,1
24624,97008,48579,121632,73203,145587,0
51451,45593,18889,97044,70340,64482,1
89493,36652,61063,126145,150556,97715,1
4004,82348,46864,86352,50868,129212,0
40089,73377,33789,113466,73878,107166,1
51697,28774,95544,80471,147241,124318,0
87826,37079,76738,124905,164564,113817,1
26114,38891,48997,65005,75111,87888,1
79043,94335,67832,173378,146875,162167,1
96534,8339,32679,104873,129213,41018,0
41619,5208,16551,46827,58170,21759,0
74340,9980,82036,84320,156376,92016,1
75374,81968,56641,157342,132015,138609,1
81439,4868,63625,86307,145064,68493,0
51561,69390,55767,120951,107328,125157,1
28406,5819,56568,34225,84974,62387,0
32797,27366,70856,60163,103653,98222,0
22457,5892,95851,28349,118308,101743,0
42487,34958,23626,77445,66113,58584,1
56549,29886,88106,86435,144655,117992,0
54210,24909,92989,79119,147199,117898,0
82675,2471,2970,85146,85645,5441,0
41621,34078,28246,75699,69867,62324,1
72561,65514,61473,138075,134034,126987,1
52092,13894,79309,65986,131401,93203,0
21751,22248,77100,43999,98851,99348,0
69163,44354,9455,113517,78618,53809,0
17407,48338,56518,65745,73925,104856,1
56564,81957,26365,138521,82929,108322,1
98894,79063,10943,177957,109837,90006,0
77471,66381,82240,143852,159711,148621,1
93647,80235,78451,173882,172098,158686,1
84311,34316,32935,118627,117246,67251,0
62413,80429,56527,142842,118940,136956,1
76968,67506,8996,144474,85964,76502,0
35714,91020,33805,126734,69519,124825,0
95894,30624,17881,126518,113775,48505,0
19984,38946,67661,58930,87645,106607,0
18227,96640,78216,114867,96443,174856,0
60689,8924,30568,69613,91257,39492,0
87760,6824,10857,94584,98617,17681,0
48515,1735,72309,50250,120824,74044,0
66999,96248,31827,163247,98826,128075,1
37019,95529,87026,132548,124045,182555,1
30543,54801,1968,85344,32511,56769,0
41463,30580,4474,72043,45937,35054,0
13248,40567,714,53815,13962,41281,0
31591,46726,95880,78317,127471,142606,0
99140,47853,65167,146993,164307,113020,1
20540,54893,44187,75433,64727,99080,1
40512,51875,31052,92387,71564,82927,1
67034,78811,60240,145845,127274,139051,1
24075,7515,22113,31590,46188,29628,1
58197,10385,72685,68582,130882,83070,0
37858,33705,3483,71563,41341,37188,0
65012,10544,78514,75556,143526,89058,0
26729,68263,76549,94992,103278,144812,1
16230,15941,74750,32171,90980,90691,0
64867,81153,40219,146020,105086,121372,1
2653,17185,10660,19838,13313,27845,0
31577,55073,40902,86650,72479,95975,1
71199,25355,6263,96554,77462,31618,0
40539,38640,53285,79179,93824,91925,1
68195,79898,61528,148093,129723,141426,1
16382,46794,63095,63176,79477,109889,1
39654,22598,81340,62252,120994,103938,0
63944,14360,24910,78304,88854,39270,0
98926,75031,296,173957,99222,75327,0
65065,13975,7213,79040,72278,21188,0
1571,48683,23649,50254,25220,72332,0
64498,78185,78726,142683,143224,156911,1
71360,28491,31693,99851,103053,60184,0
11541,57639,20026,69180,31567,77665,0
81270,38510,85092,119780,166362,123602,1
37632,4766,72824,42398,110456,77590,0
36907,63208,12755,100115,49662,75963,0
59019,27686,93391,86705,152410,121077,0
14482,67797,21455,82279,35937,89252,0
41429,87843,10278,129272,51707,98121,0
28627,76871,55613,105498,84240,132484,1
25108,13911,20179,39019,45287,34090,1
73838,36483,6759,110321,80597,43242,0
99910,28636,67496,128546,167406,96132,0
85995,50115,50215,136110,136210,100330,1
11446,22073,64191,33519,75637,86264,0
81005,99659,80866,180664,161871,180525,1
69991,69450,98187,139441,168178,167637,1
4650,25327,8800,29977,13450,34127,0
71841,46726,59597,118567,131438,106323,1
90853,69987,56579,160840,147432,126566,1
9749,13616,23065,23365,32814,36681,1
96763,23511,39748,120274,136511,63259,0
47804,76342,93100,124146,140904,169442,1
7078,28569,11974,35647,19052,40543,0
59606,23921,92512,83527,152118,116433,0
51973,60557,8368,112530,60341,68925,0
14067,87611,8327,101678,22394,95938,0
30750,76347,45386,107097,76136,121733,0
99427,74433,46070,173860,145497,120503,1
52931,34381,30416,87312,83347,64797,1
81728,54837,34427,136565,116155,89264,1
66101,63979,25243,130080,91344,89222,1
6720,48235,13598,54955,20318,61833,0
74097,58696,58189,132793,132286,116885,1
12047,64054,4787,76101,16834,68841,0
82760,81402,29017,164162,111777,110419,1
19752,1829,99284,21581,119036,101113,0
44875,24278,69174,69153,114049,93452,0
41220,33823,20984,75043,62204,54807,1
6836,7644,97603,14480,104439,105247,0
43554,93514,50904,137068,94458,144418,1
75484,31749,25945,107233,101429,57694,0
43070,16135,84149,59205,127219,100284,0
98079,62462,95685,160541,193764,158147,1
81349,62273,34131,143622,115480,96404,1
94629,53012,48336,147641,142965,101348,1
19065,58777,68952,77842,88017,127729,1
50028,83421,47234,133449,97262,130655,1
86433,17738,68683,104171,155116,86421,0
99508,2231,15709,101739,115217,17940,0
29989,26007,82170,55996,112159,108177,0
83232,60559,45938,143791,129170,106497,1
18407,61937,28845,80344,47252,90782,0
37552,81995,29745,119547,67297,111740,0
4947,69696,68180,74643,73127,137876,1
80435,66606,19531,147041,99966,86137,1
50236,78802,33585,129038,83821,112387,1
25891,66276,83374,92167,109265,149650,1
27120,58947,77199,86067,104319,136146,1
41782,98727,19079,140509,60861,117806,0
94278,90399,73266,184677,167544,163665,1
34507,40144,67755,74651,102262,107899,1
51431,75933,69594,127364,121025,145527,1
85753,87662,24214,173415,109967,111876,1
6482,14067,90203,20549,96685,104270,0
78605,53940,20436,132545,99041,74376,0
2917,23900,95377,26817,98294,119277,0
9913,28935,61618,38848,71531,90553,0
65996,99821,66173,165817,132169,165994,1
58336,9763,13660,68099,71996,23423,0
32853,94548,74486,127401,107339,169034,1
35658,8444,66060,44102,101718,74504,0
83333,14809,80251,98142,163584,95060,1
44395,66558,25428,110953,69823,91986,1
84498,36124,64827,120622,149325,100951,1
89080,72175,41521,161255,130601,113696,1
49050,38949,28984,87999,78034,67933,1
78131,81299,35275,159430,113406,116574,1
24683,20836,81500,45519,106183,102336,0
30517,43045,19845,73562,50362,62890,1
68982,42775,77068,111757,146050,119843,1
23372,6756,8567,30128,31939,15323,0
50930,84196,11791,135126,62721,95987,0
50392,57199,74307,107591,124699,131506,1
89388,1558,83875,90946,173263,85433,0
42622,76952,15064,119574,57686,92016,0
64924,73209,17201,138133,82125,90410,1
60202,90412,18412,150614,78614,108824,0
10363,13614,91891,23977,102254,105505,0
24635,26761,51922,51396,76557,78683,0
93718,18000,74226,111718,167944,92226,0
24709,33213,86505,57922,111214,119718,0
99075,49037,93006,148112,192081,142043,1
29899,69681,78791,99580,108690,148472,1
93296,57658,69507,150954,162803,127165,1
97790,96639,49805,194429,147595,146444,1
52932,46938,22402,99870,75334,69340,1
14873,87407,99726,102280,114599,187133,1
16275,84924,21344,101199,37619,106268,0
55583,92499,80002,148082,135585,172501,1
20015,37929,21485,57944,41500,59414,1
91536,66223,10886,157759,102422,77109,0
11329,53119,33427,64448,44756,86546,0
84786,50295,41167,135081,125953,91462,1
30953,52169,74552,83122,105505,126721,1
79408,4382,33527,83790,112935,37909,0
34845,93454,9396,128299,44241,102850,0
70128,79198,34654,149326,104782,113852,1
12171,88399,30740,100570,42911,119139,0
21250,4553,66777,25803,88027,71330,0
70317,8891,95959,79208,166276,104850,0
37297,99218,84750,136515,122047,183968,1
43824,64827,70490,108651,114314,135317,1
16832,16802,94648,33634,111480,111450,0
84814,69672,61240,154486,146054,130912,1
88869,82587,85904,171456,174773,168491,1
88973,69503,90857,158476,179830,160360,1
85256,98267,84068,183523,169324,182335,1
35115,31622,13910,66737,49025,45532,1
10340,75395,68821,85735,79161,144216,1
69938,1344,44718,71282,114656,46062,0
44567,97830,48950,142397,93517,146780,0
61009,9069,88399,70078,149408,97468,0
49815,46482,7460,96297,57275,53942,1
42499,56928,59478,99427,101977,116406,1
6347,82786,62818,89133,69165,145604,0
26698,39696,44530,66394,71228,84226,1
67436,59829,34887,127265,102323,94716,1
18427,65266,50448,83693,68875,115714,1
61340,68,99801,61408,161141,99869,0
56725,1943,32550,58668,89275,34493,0
82827,5822,22428,88649,105255,28250,0
6142,39215,72049,45357,78191,111264,0
73120,46491,36079,119611,109199,82570,1
12959,45679,82207,58638,95166,127886,0
86703,11938,38938,98641,125641,50876,0
79810,90764,99402,170574,179212,190166,1
95537,7704,86395,103241,181932,94099,0
33803,42591,40774,76394,74577,83365,1
47287,70677,66788,117964,114075,137465,1
20218,36217,19377,56435,39595,55594,1
2091,35513,84116,37604,86207,119629,0
76498,77656,12202,154154,88700,89858,1
75395,90545,82845,165940,158240,173390,1
21648,50748,35073,72396,56721,85821,1
36527,75005,67262,111532,103789,142267,1
97112,37652,13239,134764,110351,50891,0
16448,50401,572,66849,17020,50973,0
38271,17596,11055,55867,49326,28651,0
80139,5867,37862,86006,118001,43729,0
37163,74101,10025,111264,47188,84126,0
72848,689,30867,73537,103715,31556,0
75933,11787,64725,87720,140658,76512,1
24142,2425,5997,26567,30139,8422,0
32930,74030,34943,106960,67873,108973,0
56609,50473,11792,107082,68401,62265,1
20178,6791,47762,26969,67940,54553,0
73397,67804,72289,141201,145686,140093,1
8650,85304,98820,93954,107470,184124,0
75261,29927,97897,105188,173158,127824,1
57410,57374,55632,114784,113042,113006,1
4758,54180,84403,58938,89161,138583,0
71731,58349,6772,130080,78503,65121,0
73515,59856,61312,133371,134827,121168,1
75730,62601,9655,138331,85385,72256,0
14733,37955,1655,52688,16388,39610,0
90112,69273,20359,159385,110471,89632,0
93230,24418,85000,117648,178230,109418,1
32245,43989,17056,76234,49301,61045,1
52954,4143,14625,57097,67579,18768,0
55897,7500,62768,63397,118665,70268,1
92011,48256,48367,140267,140378,96623,1
99529,40199,71652,139728,171181,111851,1
17039,88750,58946,105789,75985,147696,0
12691,63674,92284,76365,104975,155958,0
76160,3381,90111,79541,166271,93492,0
62736,42797,98853,105533,161589,141650,1
15457,87704,4284,103161,19741,91988,0
31331,85488,15433,116819,46764,100921,0
37668,73036,93460,110704,131128,166496,1
42315,12250,31580,54565,73895,43830,1
71947,75185,21562,147132,93509,96747,1
80531,59937,75463,140468,155994,135400,1
68934,66738,70284,135672,139218,137022,1
59682,6160,37137,65842,96819,43297,0
99064,26623,79921,125687,178985,106544,1
45905,2091,14748,47996,60653,16839,0
84836,41956,64459,126792,149295,106415,1
57416,67332,62713,124748,120129,130045,1
79012,65388,67801,144400,146813,133189,1
51160,96825,39411,147985,90571,136236,0
57372,88682,63085,146054,120457,151767,1
75503,23094,25244,98597,100747,48338,0
59683,6117,54740,65800,114423,60857,1
46391,91093,72595,137484,118986,163688,1
28164,58346,61372,86510,89536,119718,1
87850,75145,62192,162995,150042,137337,1
3610,96705,3549,100315,7159,100254,0
44002,53331,6447,97333,50449,59778,0
4415,76939,15018,81354,19433,91957,0
60630,20181,33625,80811,94255,53806,0
13069,4795,72462,17864,85531,77257,0
38406,64484,87340,102890,125746,151824,1
43573,42386,95842,85959,139415,138228,0
84478,27989,66759,112467,151237,94748,1
23192,59533,27243,82725,50435,86776,0
69674,53075,547,122749,70221,53622,0
14148,37569,51960,51717,66108,89529,0
89228,61516,81884,150744,171112,143400,1
26247,47496,75310,73743,101557,122806,0
97897,10660,46068,108557,143965,56728,0
42379,40106,13799,82485,56178,53905,1
42051,21775,61304,63826,103355,83079,1
12734,88048,53649,100782,66383,141697,0
26734,77850,925,104584,27659,78775,0
16522,6963,86414,23485,102936,93377,0
65872,65570,27475,131442,93347,93045,1
93672,32261,15620,125933,109292,47881,0
74522,5861,25957,80383,100479,31818,0
95563,44436,34438,139999,130001,78874,0
99844,98569,92616,198413,192460,191185,1
29852,47619,13249,77471,43101,60868,0
29598,28092,35011,57690,64609,63103,1
22273,37927,66364,60200,88637,104291,0
97286,79422,4701,176708,101987,84123,0
44877,47370,56665,92247,101542,104035,1
87735,26552,87824,114287,175559,114376,1
77161,55383,26964,132544,104125,82347,1
17124,2794,42986,19918,60110,45780,0
45656,65349,94368,111005,140024,159717,1
20640,26458,74904,47098,95544,101362,0
60222,71725,98899,131947,159121,170624,1
95202,38248,71894,133450,167096,110142,1
87434,90892,86022,178326,173456,176914,1
91416,48594,18040,140010,109456,66634,0
24645,73989,61080,98634,85725,135069,1
25078,57896,29893,82974,54971,87789,0
66901,37017,28586,103918,95487,65603,0
21114,56958,55855,78072,76969,112813,1
48817,85977,71205,134794,120022,157182,1
54536,50041,53989,104577,108525,104030,1
25561,40356,52493,65917,78054,92849,1
46034,1230,41679,47264,87713,42909,0
97229,10847,15013,108076,112242,25860,0
7610,18450,50366,26060,57976,68816,0
34514,57866,21694,92380,56208,79560,0
13593,83951,99240,97544,112833,183191,0
77037,70815,25765,147852,102802,96580,1
82604,14275,15249,96879,97853,29524,0
30118,37008,89864,67126,119982,126872,0
93987,30336,64770,124323,158757,95106,1
66648,51173,83430,117821,150078,134603,1
43386,7188,7685,50574,51071,14873,0
41660,40990,5973,82650,47633,46963,1
3524,60347,86861,63871,90385,147208,0
37716,82174,81783,119890,119499,163957,1
79033,21413,47127,100446,126160,68540,0
94381,82613,99190,176994,193571,181803,1
57143,55311,17952,112454,75095,73263,1
42667,55378,90432,98045,133099,145810,1
56310,32201,55597,88511,111907,87798,1
91107,46185,38239,137292,129346,84424,0
91088,79901,50108,170989,141196,130009,1
26340,62330,16159,88670,42499,78489,0
11979,41790,28295,53769,40274,70085,0
82398,51342,28061,133740,110459,79403,0
46886,76997,424,123883,47310,77421,0
74412,36327,59476,110739,133888,95803,1
58010,84719,47217,142729,105227,131936,1
30930,35697,70861,66627,101791,106558,0
860,51602,83768,52462,84628,135370,0
11828,3888,77174,15716,89002,81062,0
27299,84651,56315,111950,83614,140966,0
24800,14762,28218,39562,53018,42980,1
1161,97259,11974,98420,13135,109233,0
30435,82192,40034,112627,70469,122226,0
42768,2316,77296,45084,120064,79612,0
38267,11916,19206,50183,57473,31122,0
77167,8309,65526,85476,142693,73835,0
91456,91621,5638,183077,97094,97259,1
11811,17640,2341,29451,14152,19981,0
29348,46011,94963,75359,124311,140974,0
45978,65003,15725,110981,61703,80728,0
7044,27195,98385,34239,105429,125580,0
27139,73388,74644,100527,101783,148032,1
92150,78171,5444,170321,97594,83615,0
32645,84817,7796,117462,40441,92613,0
7583,84503,64458,92086,72041,148961,0
50360,12645,59897,63005,110257,72542,1
18826,86851,4199,105677,23025,91050,0
80211,53094,53784,133305,133995,106878,1
53433,73171,94172,126604,147605,167343,1
57468,36127,12538,93595,70006,48665,0
51848,97574,38282,149422,90130,135856,0
5163,20358,92092,25521,97255,112450,0
2999,55097,91995,58096,94994,147092,0
36901,44741,79080,81642,115981,123821,1
51334,87981,73662,139315,124996,161643,1
43138,88001,61924,131139,105062,149925,1
88167,43398,33299,131565,121466,76697,0
65228,10553,44638,75781,109866,55191,0
79960,67533,10748,147493,90708,78281,0
72087,38374,39674,110461,111761,78048,1
5928,80619,67231,86547,73159,147850,0
13872,13962,77013,27834,90885,90975,0
69347,70411,80570,139758,149917,150981,1
84110,99372,69057,183482,153167,168429,1
51659,77746,63765,129405,115424,141511,1
77753,2777,1801,80530,79554,4578,0
46160,99580,1215,145740,47375,100795,0
66167,82936,66963,149103,133130,149899,1
45609,50647,80196,96256,125805,130843,1
52486,86531,20445,139017,72931,106976,0
1621,38912,71834,40533,73455,110746,0
55538,72385,82390,127923,137928,154775,1
71780,33160,20578,104940,92358,53738,0
660,57283,91823,57943,92483,149106,0
1270,23990,34719,25260,35989,58709,0
3378,46339,89684,49717,93062,136023,0
30563,91894,86949,122457,117512,178843,1
71571,59302,67756,130873,139327,127058,1
57023,91030,85616,148053,142639,176646,1
81528,89268,31654,170796,113182,120922,1
80217,38442,19339,118659,99556,57781,0
91534,20496,86907,112030,178441,107403,1
95530,43129,14179,138659,109709,57308,0
38171,85550,72878,123721,111049,158428,1
8991,30396,78815,39387,87806,109211,0
25650,26705,10264,52355,35914,36969,1
25897,94225,99036,120122,124933,193261,1
58902,71873,70237,130775,129139,142110,1
34699,5176,12046,39875,46745,17222,0
90989,27190,27856,118179,118845,55046,0
90114,59122,92734,149236,182848,151856,1
59652,36674,54274,96326,113926,90948,1
34929,68388,48857,103317,83786,117245,1
1919,50482,10969,52401,12888,61451,0
1113,95074,82529,96187,83642,177603,0
11720,92666,82637,104386,94357,175303,1
7024,13891,51793,20915,58817,65684,0
4298,29684,26174,33982,30472,55858,1
15038,3270,1045,18308,16083,4315,0
61780,87374,95753,149154,157533,183127,1
13996,56088,26207,70084,40203,82295,0
39459,19123,36358,58582,75817,55481,1
13490,88891,65940,102381,79430,154831,0
95375,57821,59233,153196,154608,117054,1
54592,86607,19342,141199,73934,105949,0
33941,47943,96151,81884,130092,144094,0
89039,19119,92266,108158,181305,111385,1
6935,65406,2174,72341,9109,67580,0
32513,10564,68650,43077,101163,79214,0
97958,59874,23588,157832,121546,83462,0
4512,57233,27667,61745,32179,84900,0
50983,71364,95506,122347,146489,166870,1
20206,62475,85898,82681,106104,148373,0
87661,55689,69135,143350,156796,124824,1
2280,64163,67123,66443,69403,131286,0
24685,73766,74598,98451,99283,148364,1
19418,52683,36204,72101,55622,88887,1
42407,40414,91741,82821,134148,132155,0
97341,20751,98082,118092,195423,118833,1
4109,23146,47261,27255,51370,70407,0
66589,96400,19188,162989,85777,115588,0
49056,84586,15613,133642,64669,100199,0
66211,80822,54874,147033,121085,135696,1
10412,89728,14299,100140,24711,104027,0
30620,26546,94178,57166,124798,120724,0
4634,58799,52400,63433,57034,111199,0
46869,67523,87853,114392,134722,155376,1
81615,18921,62296,100536,143911,81217,0
15054,17178,88056,32232,103110,105234,0
31694,50378,52532,82072,84226,102910,1
81589,98052,83289,179641,164878,181341,1
1451,53187,39652,54638,41103,92839,0
91482,26115,21388,117597,112870,47503,0
73264,30505,77984,103769,151248,108489,1
9107,12141,87054,21248,96161,99195,0
4974,67911,12517,72885,17491,80428,0
15292,67272,85319,82564,100611,152591,0
79168,15683,15176,94851,94344,30859,0
42114,35052,70084,77166,112198,105136,1
61326,34971,57173,96297,118499,92144,1
62493,61865,97388,124358,159881,159253,1
51552,24199,90457,75751,142009,114656,0
14467,60860,51871,75327,66338,112731,1
55292,49189,66921,104481,122213,116110,1
75040,7956,8049,82996,83089,16005,0
31599,59075,37081,90674,68680,96156,1
14990,67162,61886,82152,76876,129048,1
82193,44923,98908,127116,181101,143831,1
45243,64303,67397,109546,112640,131700,1
9130,7485,95332,16615,104462,102817,0
3173,30617,70492,33790,73665,101109,0
40924,73093,73965,114017,114889,147058,1
63931,21020,34199,84951,98130,55219,0
51635,42605,26856,94240,78491,69461,1
15926,44037,89086,59963,105012,133123,0
24070,12161,47909,36231,71979,60070,0
17732,69249,33272,86981,51004,102521,0
9234,99209,81805,108443,91039,181014,0
3599,36905,8376,40504,11975,45281,0
40152,57561,66162,97713,106314,123723,1
42923,92149,50981,135072,93904,143130,1
32801,61197,40656,93998,73457,101853,1
113,32838,66547,32951,66660,99385,0
56977,25277,38611,82254,95588,63888,1
48858,4517,41116,53375,89974,45633,0
5513,88922,78485,94435,83998,167407,0
45168,29307,15125,74475,60293,44432,0
36235,89389,12223,125624,48458,101612,0
98165,71328,53968,169493,152133,125296,1
10560,25388,13801,35948,24361,39189,0
11869,31438,39922,43307,51791,71360,1
37331,32442,34034,69773,71365,66476,1
40428,85799,2124,126227,42552,87923,0
54088,52400,88315,106488,142403,140715,1
66209,67732,30190,133941,96399,97922,1
4160,38354,59932,42514,64092,98286,0
64793,68335,8019,133128,72812,76354,1
20089,89198,9019,109287,29108,98217,0
82937,53543,69790,136480,152727,123333,1
72933,4532,14032,77465,86965,18564,0
43501,45989,78477,89490,121978,124466,1
77486,63018,75493,140504,152979,138511,1
14023,30535,44511,44558,58534,75046,1
87879,44243,63625,132122,151504,107868,1
23350,37270,96734,60620,120084,134004,0
48662,10041,33699,58703,82361,43740,0
21778,26862,45524,48640,67302,72386,1
65653,24101,19282,89754,84935,43383,0
31724,35083,1483,66807,33207,36566,0
35337,14009,25477,49346,60814,39486,1
70719,81770,45313,152489,116032,127083,1
27287,47488,58481,74775,85768,105969,1
20218,59470,64556,79688,84774,124026,1
17971,81680,45991,99651,63962,127671,0
98260,99894,88707,198154,186967,188601,1
77536,26604,60498,104140,138034,87102,1
404,70383,47417,70787,47821,117800,0
40525,93150,23346,133675,63871,116496,0
46040,38054,47344,84094,93384,85398,1
94328,36411,56080,130739,150408,92491,0
85999,64402,80053,150401,166052,144455,1
83327,955,8027,84282,91354,8982,0
78096,33673,62826,111769,140922,96499,1
30191,44695,38087,74886,68278,82782,1
63066,23487,38425,86553,101491,61912,0
12144,56336,42938,68480,55082,99274,0
96675,64358,26714,161033,123389,91072,0
55385,60263,7416,115648,62801,67679,1
45826,24591,52102,70417,97928,76693,1
93159,5451,11095,98610,104254,16546,0
95703,83432,97981,179135,193684,181413,1
23203,59898,822,83101,24025,60720,0
52060,87894,71720,139954,123780,159614,1
92634,58625,79465,151259,172099,138090,1
11263,23008,49238,34271,60501,72246,0
18419,55553,40591,73972,59010,96144,1
30333,40653,91275,70986,121608,131928,0
8776,31328,2401,40104,11177,33729,0
3548,81873,35355,85421,38903,117228,0
66790,70720,46272,137510,113062,116992,1
11426,98250,12256,109676,23682,110506,0
22941,84261,15210,107202,38151,99471,0
2296,96893,36525,99189,38821,133418,0
48354,40448,87808,88802,136162,128256,1
74275,71011,87013,145286,161288,158024,1
3669,9193,82869,12862,86538,92062,0
29082,92011,67500,121093,96582,159511,1
39757,51727,55284,91484,95041,107011,1
21220,97031,12850,118251,34070,109881,0
29556,25889,91769,55445,121325,117658,0
10598,2085,20140,12683,30738,22225,0
45158,42649,35700,87807,80858,78349,1
73496,56200,5535,129696,79031,61735,0
3142,43178,18871,46320,22013,62049,0
93676,81466,20832,175142,114508,102298,1
60454,99965,68857,160419,129311,168822,1
24575,15598,45405,40173,69980,61003,0
51215,59922,22591,111137,73806,82513,1
80553,13174,96611,93727,177164,109785,0
73476,25871,8120,99347,81596,33991,0
12480,82588,72536,95068,85016,155124,1
66755,71430,5567,138185,72322,76997,1
32189,12224,65044,44413,97233,77268,0
64828,76345,11228,141173,76056,87573,0
11293,57603,86418,68896,97711,144021,0
54329,23079,87329,77408,141658,110408,0
70683,43947,47196,114630,117879,91143,1
29287,26032,12040,55319,41327,38072,1
79023,30127,86264,109150,165287,116391,1
39305,88246,18605,127551,57910,106851,0
55652,28460,70707,84112,126359,99167,1
26363,22879,10216,49242,36579,33095,1
50003,87875,77313,137878,127316,165188,1
14551,90341,1171,104892,15722,91512,0
57826,84453,98859,142279,156685,183312,1
30819,18538,44657,49357,75476,63195,1
95522,54370,65066,149892,160588,119436,1
28264,89509,3880,117773,32144,93389,0
2981,43750,58628,46731,61609,102378,0
81059,71928,96019,152987,177078,167947,1
13829,41934,40740,55763,54569,82674,1
96470,12982,14248,109452,110718,27230,0
70876,30345,55384,101221,126260,85729,1
11066,91971,18159,103037,29225,110130,0
55745,10244,68690,65989,124435,78934,0
38631,31648,39195,70279,77826,70843,1
72906,82792,93837,155698,166743,176629,1
13905,76887,93612,90792,107517,170499,0
99511,79296,34801,178807,134312,114097,1
79533,2463,27252,81996,106785,29715,0
74227,60630,94642,134857,168869,155272,1
34141,66522,34708,100663,68849,101230,1
40331,79041,83877,119372,124208,162918,1
56692,11223,28386,67915,85078,39609,0
94413,91119,32632,185532,127045,123751,1
97306,38588,22003,135894,119309,60591,0
11158,84319,55102,95477,66260,139421,0
80723,66511,38899,147234,119622,105410,1
83848,14570,70140,98418,153988,84710,1
76007,90332,61558,166339,137565,151890,1
4549,21944,2053,26493,6602,23997,0
64613,57263,38699,121876,103312,95962,1
82297,19869,32758,102166,115055,52627,0
62165,38044,87208,100209,149373,125252,1
41183,32605,60830,73788,102013,93435,1
41032,85270,60695,126302,101727,145965,1
71855,51833,10491,123688,82346,62324,0
53423,35710,50044,89133,103467,85754,1
24234,6810,91457,31044,115691,98267,0
96211,12591,1279,108802,97490,13870,0
88289,88719,29048,177008,117337,117767,1
44923,17012,32380,61935,77303,49392,1
12371,69299,82203,81670,94574,151502,0
10993,89856,38520,100849,49513,128376,0
87257,98071,90202,185328,177459,188273,1
1565,22849,79060,24414,80625,101909,0
22832,7269,87714,30101,110546,94983,0
12183,8342,62309,20525,74492,70651,0
17184,75021,1297,92205,18481,76318,0
49310,28401,60611,77711,109921,89012,1
85971,52846,94236,138817,180207,147082,1
83330,2731,92274,86061,175604,95005,0
40408,49773,96360,90181,136768,146133,0
70116,36720,94816,106836,164932,131536,1
10181,57882,36277,68063,46458,94159,0
5383,22783,32490,28166,37873,55273,0
2583,12928,66002,15511,68585,78930,0
26467,6995,16040,33462,42507,23035,0
68640,47046,53287,115686,121927,100333,1
87133,59180,41061,146313,128194,100241,1
28298,35674,18774,63972,47072,54448,1
13324,9098,69235,22422,82559,78333,0
91432,28808,1087,120240,92519,29895,0
40909,46203,24402,87112,65311,70605,1
32671,26187,159,58858,32830,26346,0
42754,59436,65608,102190,108362,125044,1
22406,25939,99041,48345,121447,124980,0
78245,76443,4456,154688,82701,80899,1
53260,69250,58553,122510,111813,127803,1
88049,70091,82732,158140,170781,152823,1
41388,14512,83807,55900,125195,98319,0
35368,3126,25454,38494,60822,28580,0
47952,5962,59952,53914,107904,65914,0
51284,61694,33290,112978,84574,94984,1
81150,61102,74699,142252,155849,135801,1
41946,66128,17894,108074,59840,84022,0
13426,2305,13516,15731,26942,15821,1
27695,94923,18145,122618,45840,113068,0
48567,37017,70646,85584,119213,107663,1
78107,67906,7385,146013,85492,75291,0
56630,18016,27093,74646,83723,45109,0
54552,19307,54240,73859,108792,73547,1
53926,67851,38202,121777,92128,106053,1
26520,57429,70875,83949,97395,128304,1
84320,44630,93414,128950,177734,138044,1
82917,12836,45192,95753,128109,58028,0
18795,29477,90644,48272,109439,120121,0
75435,26870,18835,102305,94270,45705,0
10749,72218,25006,82967,35755,97224,0
3994,9238,26966,13232,30960,36204,0
68702,5844,37044,74546,105746,42888,0
78642,78853,5228,157495,83870,84081,1
60584,72617,38819,133201,99403,111436,1
28210,58721,43462,86931,71672,102183,1
55178,96881,53594,152059,108772,150475,1
55875,25673,59868,81548,115743,85541,1
64561,98461,45320,163022,109881,143781,1
3739,22765,57370,26504,61109,80135,0
20908,31427,58733,52335,79641,90160,0
44876,55971,68247,100847,113123,124218,1
91792,36245,99664,128037,191456,135909,1
81426,22247,68464,103673,149890,90711,1
18766,3775,60114,22541,78880,63889,0
97260,51861,59064,149121,156324,110925,1
22782,95585,59944,118367,82726,155529,0
1308,86962,26440,88270,27748,113402,0
12135,89700,812,101835,12947,90512,0
82070,35407,41880,117477,123950,77287,0
67712,99569,27162,167281,94874,126731,0
4455,55283,92151,59738,96606,147434,0
43537,42656,29436,86193,72973,72092,1
40372,28367,6171,68739,46543,34538,0
65004,83083,43242,148087,108246,126325,1
4806,90415,86317,95221,91123,176732,1
78268,36769,30008,115037,108276,66777,0
92876,97298,48404,190174,141280,145702,1
12559,57743,34332,70302,46891,92075,0
91865,65652,94651,157517,186516,160303,1
43559,64431,7388,107990,50947,71819,0
63833,47608,32879,111441,96712,80487,1
54244,65078,93822,119322,148066,158900,1
19688,47837,94014,67525,113702,141851,0
81046,50840,4227,131886,85273,55067,0
34688,59424,40618,94112,75306,100042,1
94634,79997,89073,174631,183707,169070,1
55157,308,10595,55465,65752,10903,0
57998,76474,61095,134472,119093,137569,1
44763,79880,36056,124643,80819,115936,1
79407,31060,14823,110467,94230,45883,0
3856,79,22875,3935,26731,22954,0
9084,34265,67804,43349,76888,102069,0
80027,31470,81240,111497,161267,112710,1
62254,8764,5233,71018,67487,13997,0
4927,72670,35918,77597,40845,108588,0
93247,99808,58745,193055,151992,158553,1
4857,65396,30359,70253,35216,95755,0
30522,38700,52045,69222,82567,90745,1
78459,80499,19256,158958,97715,99755,1
13103,37916,70080,51019,83183,107996,0
72811,18848,27429,91659,100240,46277,0
16825,48510,14130,65335,30955,62640,0
21259,68221,44898,89480,66157,113119,0
13710,91597,62660,105307,76370,154257,0
91166,66982,19445,158148,110611,86427,0
55235,47683,10913,102918,66148,58596,1
44323,62681,83384,107004,127707,146065,1
89214,93683,39313,182897,128527,132996,1
76586,75194,22221,151780,98807,97415,1
6338,6148,25964,12486,32302,32112,0
71211,48481,72324,119692,143535,120805,1
74065,68438,40890,142503,114955,109328,1
58741,9437,10236,68178,68977,19673,0
16,72488,96465,72504,96481,168953,0
68685,44102,76780,112787,145465,120882,1
45004,66309,27842,111313,72846,94151,1
52658,43513,98869,96171,151527,142382,0
89641,89993,24998,179634,114639,114991,1
2076,42951,35970,45027,38046,78921,0
27225,65744,55339,92969,82564,121083,1
59721,61397,38282,121118,98003,99679,1
46036,37996,77591,84032,123627,115587,1
40372,99790,90116,140162,130488,189906,1
59812,28013,94600,87825,154412,122613,0
68131,35314,1980,103445,70111,37294,0
59479,66131,93091,125610,152570,159222,1
87073,79130,20941,166203,108014,100071,1
87222,25853,53649,113075,140871,79502,0
49095,35291,22263,84386,71358,57554,1
14344,68468,4464,82812,18808,72932,0
61822,43700,57016,105522,118838,100716,1
81921,60498,38868,142419,120789,99366,1
89806,63038,76280,152844,166086,139318,1
83597,73171,23123,156768,106720,96294,1
24351,59967,38927,84318,63278,98894,1
2080,57435,60126,59515,62206,117561,0
62940,99987,34932,162927,97872,134919,0
15706,44938,43265,60644,58971,88203,1
40758,52936,80054,93694,120812,132990,1
51728,27184,69198,78912,120926,96382,1
98535,28249,89212,126784,187747,117461,1
23019,29641,76771,52660,99790,106412,0
45158,56717,60667,101875,105825,117384,1
68265,7929,65568,76194,133833,73497,1
39927,94504,27229,134431,67156,121733,0
53475,66861,71337,120336,124812,138198,1
60130,37903,78201,98033,138331,116104,1
8901,91012,47309,99913,56210,138321,0
84248,26997,1470,111245,85718,28467,0
6277,41493,62535,47770,68812,104028,0
15446,41398,89239,56844,104685,130637,0
61462,4536,71046,65998,132508,75582,0
9761,25776,68346,35537,78107,94122,0
53441,65429,95082,118870,148523,160511,1
50035,67461,88417,117496,138452,155878,1
11245,76772,13529,88017,24774,90301,0
8908,37904,51046,46812,59954,88950,0
17716,88527,11092,106243,28808,99619,0
26035,24291,99527,50326,125562,123818,0
50297,72583,32706,122880,83003,105289,1
95678,46525,57731,142203,153409,104256,1
39443,88841,88538,128284,127981,177379,1
62254,64499,33166,126753,95420,97665,1
87780,40666,24003,128446,111783,64669,0
37046,4488,82093,41534,119139,86581,0
14190,77102,60511,91292,74701,137613,0
98773,65286,22624,164059,121397,87910,0
66531,49525,39710,116056,106241,89235,1
99025,65316,9379,164341,108404,74695,0
62366,80091,87667,142457,150033,167758,1
69146,51014,22322,120160,91468,73336,1
54176,72219,10609,126395,64785,82828,0
12803,77212,43724,90015,56527,120936,0
82520,2931,4027,85451,86547,6958,0
23976,12674,15954,36650,39930,28628,1
53905,36651,33665,90556,87570,70316,1
74643,30541,98165,105184,172808,128706,1
4852,55079,31883,59931,36735,86962,0
38255,7848,68185,46103,106440,76033,0
49082,33429,33945,82511,83027,67374,1
50044,44526,44064,94570,94108,88590,1
74231,50713,45258,124944,119489,95971,1
40420,1501,38689,41921,79109,40190,0
1491,59583,72014,61074,73505,131597,0
41641,95639,95176,137280,136817,190815,1
2948,17690,84414,20638,87362,102104,0
43379,43505,77230,86884,120609,120735,1
54203,51809,88208,106012,142411,140017,1
61734,52039,68731,113773,130465,120770,1
72479,99035,22801,171514,95280,121836,0
91578,14885,43953,106463,135531,58838,0
26792,19635,20059,46427,46851,39694,1
5105,90019,73158,95124,78263,163177,0
42489,28646,61812,71135,104301,90458,1
85262,87346,86071,172608,171333,173417,1
76842,75858,95119,152700,171961,170977,1
90565,27382,81803,117947,172368,109185,1
98257,10136,67902,108393,166159,78038,0
23125,34187,5611,57312,28736,39798,0
84429,6317,14455,90746,98884,20772,0
99535,67626,65916,167161,165451,133542,1
20109,590,9884,20699,29993,10474,0
73725,97004,18996,170729,92721,116000,0
44885,75908,8761,120793,53646,84669,0
46905,87249,94915,134154,141820,182164,1
95340,75582,5517,170922,100857,81099,0
82450,81496,38950,163946,121400,120446,1
45947,42375,11642,88322,57589,54017,1
95033,31684,13327,126717,108360,45011,0
87253,2104,42617,89357,129870,44721,0
92045,18603,34254,110648,126299,52857,0
22355,13976,13423,36331,35778,27399,1
11622,45615,95532,57237,107154,141147,0
48960,70434,81378,119394,130338,151812,1
44980,77921,45593,122901,90573,123514,1
93256,61530,24321,154786,117577,85851,0
96527,86721,94774,183248,191301,181495,1
50358,5615,37443,55973,87801,43058,0
83226,38636,92850,121862,176076,131486,1
78496,24974,10282,103470,88778,35256,0
77806,82343,79192,160149,156998,161535,1
20657,72267,655,92924,21312,72922,0
66321,88954,43855,155275,110176,132809,1
12604,34884,744,47488,13348,35628,0
79928,41745,52350,121673,132278,94095,1
23830,76465,7501,100295,31331,83966,0
65465,40951,819,106416,66284,41770,0
7875,57734,86580,65609,94455,144314,0
9909,83827,41095,93736,51004,124922,0
91171,34746,48430,125917,139601,83176,0
97328,85646,91552,182974,188880,177198,1
86583,32256,10722,118839,97305,42978,0
40145,15713,55721,55858,95866,71434,1
18756,39319,69842,58075,88598,109161,0
33732,72007,78563,105739,112295,150570,1
31900,41838,2503,73738,34403,44341,0
67297,81599,78785,148896,146082,160384,1
49460,53048,16534,102508,65994,69582,1
56344,63260,82889,119604,139233,146149,1
4019,57839,20469,61858,24488,78308,0
22681,88556,84119,111237,106800,172675,1
33488,61491,26508,94979,59996,87999,0
1614,8986,5594,10600,7208,14580,0
1874,90539,56105,92413,57979,146644,0
71526,93935,57245,165461,128771,151180,1
54209,68107,40573,122316,94782,108680,1
5070,96635,24471,101705,29541,121106,0
5856,32107,28209,37963,34065,60316,1
23401,65410,35394,88811,58795,100804,0
12104,48037,53266,60141,65370,101303,1
42797,44346,54745,87143,97542,99091,1
62482,40384,32097,102866,94579,72481,1
77126,9773,62568,86899,139694,72341,0
4114,75527,43103,79641,47217,118630,0
62570,69379,67166,131949,129736,136545,1
66319,24761,11099,91080,77418,35860,0
14140,89388,5352,103528,19492,94740,0
41702,84196,39766,125898,81468,123962,0
63927,64100,83776,128027,147703,147876,1
75910,30361,65071,106271,140981,95432,1
28402,37511,17779,65913,46181,55290,1
1512,60682,24172,62194,25684,84854,0
42347,23618,51928,65965,94275,75546,1
12509,82190,21827,94699,34336,104017,0
15954,3341,96722,19295,112676,100063,0
17696,56559,76662,74255,94358,133221,0
19533,92631,36103,112164,55636,128734,0
56247,89575,25935,145822,82182,115510,0
71543,33158,951,104701,72494,34109,0
85854,64202,67478,150056,153332,131680,1
80520,81179,26155,161699,106675,107334,1
91277,95587,16189,186864,107466,111776,1
17675,9070,38517,26745,56192,47587,0
76262,18511,38543,94773,114805,57054,0
37113,18727,38980,55840,76093,57707,1
53473,13557,30845,67030,84318,44402,0
83802,50515,33962,134317,117764,84477,1
31044,92210,27325,123254,58369,119535,0
24141,43473,15286,67614,39427,58759,0
68894,9051,41518,77945,110412,50569,0
23858,77206,94115,101064,117973,171321,1
81323,64086,95086,145409,176409,159172,1
14091,8606,69835,22697,83926,78441,0
49182,81978,72519,131160,121701,154497,1
62836,39516,29098,102352,91934,68614,1
11544,92870,13429,104414,24973,106299,0
16054,16764,75624,32818,91678,92388,0
6950,30884,71259,37834,78209,102143,0
96335,33248,70487,129583,166822,103735,1
96105,99540,51639,195645,147744,151179,1
26710,38825,37660,65535,64370,76485,1
52301,10774,54454,63075,106755,65228,1
55113,91352,28688,146465,83801,120040,0
50177,68438,45122,118615,95299,113560,1
75550,85737,13987,161287,89537,99724,1
7505,85353,73806,92858,81311,159159,0
63891,41250,21583,105141,85474,62833,0
62308,65384,37758,127692,100066,103142,1
90966,69466,98688,160432,189654,168154,1
92926,15443,68303,108369,161229,83746,0
42799,22325,17899,65124,60698,40224,0
79088,59599,41577,138687,120665,101176,1
44103,55169,65255,99272,109358,120424,1
49811,69706,47265,119517,97076,116971,1
78246,39010,57240,117256,135486,96250,1
20241,93892,68032,114133,88273,161924,0
98967,98992,95428,197959,194395,194420,1
48533,69531,81291,118064,129824,150822,1
94089,97851,64694,191940,158783,162545,1
73563,52075,6524,125638,80087,58599,0
81028,30345,37691,111373,118719,68036,0
28305,76437,66554,104742,94859,142991,1
74390,92833,92244,167223,166634,185077,1
99645,18869,52809,118514,152454,71678,0
78102,70735,69145,148837,147247,139880,1
70614,67205,83780,137819,154394,150985,1
64372,37695,35094,102067,99466,72789,1
50432,42820,34703,93252,85135,77523,1
8194,50489,33663,58683,41857,84152,0
41163,84143,87696,125306,128859,171839,1
67584,7516,93644,75100,161228,101160,0
38335,90399,96059,128734,134394,186458,1
71604,44703,95852,116307,167456,140555,1
9115,15644,46489,24759,55604,62133,0
50956,99045,54180,150001,105136,153225,1
27447,46293,61767,73740,89214,108060,1
98560,26910,83208,125470,181768,110118,1
42606,55517,93193,98123,135799,148710,1
97508,22409,63571,119917,161079,85980,0
76802,67517,22418,144319,99220,89935,1
23593,55560,85915,79153,109508,141475,0
659,48022,18187,48681,18846,66209,0
9645,20489,85023,30134,94668,105512,0
36148,95124,20424,131272,56572,115548,0
87030,80115,26840,167145,113870,106955,1
60134,76186,98957,136320,159091,175143,1
31350,77700,70117,109050,101467,147817,1
43308,27461,61545,70769,104853,89006,1
87007,35177,54834,122184,141841,90011,1
89325,83884,19535,173209,108860,103419,1
55588,83650,96301,139238,151889,179951,1
86707,56970,43641,143677,130348,100611,1
99567,36288,17243,135855,116810,53531,0
57118,19795,37854,76913,94972,57649,1
84044,97238,11507,181282,95551,108745,0
60466,9429,73107,69895,133573,82536,0
47131,79371,73684,126502,120815,153055,1
80094,26698,39731,106792,119825,66429,0
18760,26232,79974,44992,98734,106206,0
52025,82900,35867,134925,87892,118767,1
51412,61138,71579,112550,122991,132717,1
78416,30512,61171,108928,139587,91683,1
74820,57574,41495,132394,116315,99069,1
17594,89904,23974,107498,41568,113878,0
75675,622,49051,76297,124726,49673,0
73325,76953,76333,150278,149658,153286,1
40805,92529,17695,133334,58500,110224,0
63699,19966,71277,83665,134976,91243,1
69810,79821,16751,149631,86561,96572,1
79253,65155,50946,144408,130199,116101,1
97674,57777,12286,155451,109960,70063,0
46169,48379,40639,94548,86808,89018,1
59009,26810,92047,85819,151056,118857,0
58659,87604,10495,146263,69154,98099,0
40594,76450,83508,117044,124102,159958,1
4761,97902,44202,102663,48963,142104,0
17774,97498,45291,115272,63065,142789,0
75818,53855,42351,129673,118169,96206,1
69388,20465,92243,89853,161631,112708,0
58340,62285,72404,120625,130744,134689,1
48614,69850,46986,118464,95600,116836,1
15232,517,1715,15749,16947,2232,0
67706,84816,86728,152522,154434,171544,1
92131,11618,34258,103749,126389,45876,0
27295,92428,83583,119723,110878,176011,1
65973,4056,37972,70029,103945,42028,0
75889,3288,22734,79177,98623,26022,0
49074,41097,92389,90171,141463,133486,0
2929,91155,53448,94084,56377,144603,0
12663,53617,66535,66280,79198,120152,0
2432,21935,95574,24367,98006,117509,0
63696,58413,53378,122109,117074,111791,1
99059,22299,91920,121358,190979,114219,1
39439,79421,61918,118860,101357,141339,1
17159,81644,97572,98803,114731,179216,1
9408,80679,62228,90087,71636,142907,0
65536,87499,73541,153035,139077,161040,1
34941,31899,20063,66840,55004,51962,1
75527,99046,35151,174573,110678,134197,1
75541,9712,27695,85253,103236,37407,0
93380,3618,44228,96998,137608,47846,0
699,65124,24018,65823,24717,89142,0
32113,62842,22261,94955,54374,85103,0
43754,13966,67361,57720,111115,81327,0
96419,52348,19127,148767,115546,71475,0
97458,48976,18570,146434,116028,67546,0
53061,1324,92502,54385,145563,93826,0
32620,92456,26667,125076,59287,119123,0
48304,33490,63648,81794,111952,97138,1
61953,22993,57803,84946,119756,80796,1
3793,71871,79210,75664,83003,151081,0
42041,77336,94553,119377,136594,171889,1
72612,43995,30126,116607,102738,74121,1
82954,10715,32032,93669,114986,42747,0
53681,72545,31755,126226,85436,104300,1
73904,9306,37756,83210,111660,47062,0
88541,83900,99210,172441,187751,183110,1
56951,87189,59096,144140,116047,146285,1
84151,81731,61447,165882,145598,143178,1
13295,94702,87494,107997,100789,182196,1
91497,16822,46411,108319,137908,63233,0
45253,16141,58892,61394,104145,75033,1
53699,15225,11472,68924,65171,26697,0
84515,67344,30375,151859,114890,97719,1
23817,73573,46779,97390,70596,120352,0
81076,62898,85446,143974,166522,148344,1
94740,11743,6928,106483,101668,18671,0
79816,9116,21846,88932,101662,30962,0
80806,71021,34622,151827,115428,105643,1
93576,54497,70017,148073,163593,124514,1
83101,84752,81355,167853,164456,166107,1
26028,6910,86285,32938,112313,93195,0
83729,89942,2421,173671,86150,92363,0
73065,47646,42733,120711,115798,90379,1
80955,64781,87201,145736,168156,151982,1
88047,70651,57241,158698,145288,127892,1
35676,2397,74166,38073,109842,76563,0
9267,32632,64373,41899,73640,97005,0
31619,74673,46688,106292,78307,121361,1
22251,32435,6616,54686,28867,39051,0
88220,79474,49941,167694,138161,129415,1
34776,81401,95246,116177,130022,176647,1
23753,15201,18546,38954,42299,33747,1
22254,6304,73419,28558,95673,79723,0
60195,95811,34293,156006,94488,130104,0
22071,25408,96108,47479,118179,121516,0
47308,62934,66956,110242,114264,129890,1
65124,65910,23535,131034,88659,89445,1
62290,83652,61440,145942,123730,145092,1
35762,85181,77636,120943,113398,162817,1
66473,98956,75568,165429,142041,174524,1
4108,39262,59822,43370,63930,99084,0
71723,41784,79189,113507,150912,120973,1
32013,90775,41065,122788,73078,131840,0
5875,78300,43878,84175,49753,122178,0
67428,73604,27590,141032,95018,101194,1
28944,53487,30564,82431,59508,84051,1
31606,38980,8568,70586,40174,47548,1
42665,53407,7391,96072,50056,60798,0
42707,21768,8493,64475,51200,30261,0
86311,45474,28292,131785,114603,73766,0
77900,72437,69907,150337,147807,142344,1
85981,46085,50807,132066,136788,96892,1
21695,7889,66498,29584,88193,74387,0
28209,84756,38051,112965,66260,122807,0
55019,9624,20920,64643,75939,30544,0
87324,64206,43977,151530,131301,108183,1
96401,87459,50534,183860,146935,137993,1
67313,15186,33760,82499,101073,48946,0
52045,95795,89270,147840,141315,185065,1
69408,10701,4611,80109,74019,15312,0
58876,24630,6876,83506,65752,31506,0
22904,65126,83010,88030,105914,148136,1
96357,64874,16194,161231,112551,81068,0
21256,16281,71526,37537,92782,87807,0
61112,27178,27830,88290,88942,55008,0
18595,72741,73860,91336,92455,146601,1
61858,18858,27350,80716,89208,46208,0
18473,5940,43728,24413,62201,49668,0
31389,50632,83379,82021,114768,134011,0
44300,24734,62714,69034,107014,87448,1
25247,18435,54771,43682,80018,73206,0
34949,11876,24511,46825,59460,36387,1
18836,15818,58696,34654,77532,74514,0
93962,27278,48628,121240,142590,75906,0
93777,58337,61745,152114,155522,120082,1
56627,34369,23419,90996,80046,57788,1
3967,58521,21487,62488,25454,80008,0
54749,94025,30415,148774,85164,124440,0
99516,40328,80411,139844,179927,120739,1
27491,47702,41859,75193,69350,89561,1
22115,82384,46203,104499,68318,128587,0
74928,30737,2342,105665,77270,33079,0
62409,91564,32203,153973,94612,123767,1
68808,14606,15038,83414,83846,29644,0
36022,41874,57927,77896,93949,99801,1
13169,52143,32218,65312,45387,84361,0
90203,52347,32438,142550,122641,84785,0
5817,66341,97512,72158,103329,163853,0
20276,48271,71702,68547,91978,119973,0
45555,57670,80337,103225,125892,138007,1
52471,17287,58707,69758,111178,75994,1
31108,77851,15439,108959,46547,93290,0
98136,42229,92265,140365,190401,134494,1
3396,53473,75912,56869,79308,129385,0
99132,86566,91464,185698,190596,178030,1
32699,76789,24242,109488,56941,101031,0
43792,58338,36261,102130,80053,94599,1
45570,15367,63332,60937,108902,78699,0
26543,99965,54346,126508,80889,154311,0
57037,16424,97830,73461,154867,114254,0
73944,37093,67136,111037,141080,104229,1
86263,57523,83840,143786,170103,141363,1
22900,23220,38648,46120,61548,61868,1
1010,88400,6796,89410,7806,95196,0
54575,88786,70494,143361,125069,159280,1
19199,40926,18256,60125,37455,59182,0
24632,56189,75362,80821,99994,131551,1
77214,9506,81167,86720,158381,90673,1
90246,76808,68411,167054,158657,145219,1
42111,63398,33777,105509,75888,97175,1
71955,81142,85378,153097,157333,166520,1
4063,85212,88602,89275,92665,173814,1
66294,71772,94755,138066,161049,166527,1
89179,34596,75094,123775,164273,109690,1
13172,33951,12100,47123,25272,46051,0
14616,42119,49178,56735,63794,91297,1
9640,45093,89244,54733,98884,134337,0
83007,4906,25652,87913,108659,30558,0
32879,3689,62001,36568,94880,65690,0
78348,31270,57559,109618,135907,88829,1
89729,32168,83683,121897,173412,115851,1
70849,11324,55814,82173,126663,67138,0
66115,80448,19703,146563,85818,100151,1
28625,89471,25234,118096,53859,114705,0
98581,64722,43192,163303,141773,107914,1
84223,87037,24677,171260,108900,111714,1
51435,34283,27229,85718,78664,61512,1
53789,89610,97281,143399,151070,186891,1
59675,36767,95338,96442,155013,132105,1
41951,27113,95045,69064,136996,122158,0
98704,50081,62904,148785,161608,112985,1
42804,14677,83426,57481,126230,98103,0
43953,50755,44065,94708,88018,94820,1
11454,63548,21196,75002,32650,84744,0
2326,18802,1657,21128,3983,20459,0
5663,39049,96332,44712,101995,135381,0
94086,22379,48480,116465,142566,70859,0
46015,39575,70690,85590,116705,110265,1
7551,23039,90394,30590,97945,113433,0
21817,20978,9701,42795,31518,30679,1
47837,43354,47560,91191,95397,90914,1
19290,60598,92201,79888,111491,152799,0
23307,28961,60317,52268,83624,89278,0
31641,15564,21162,47205,52803,36726,1
78253,11237,85954,89490,164207,97191,1
63170,87746,75410,150916,138580,163156,1
13411,48111,69846,61522,83257,117957,0
18790,85725,86277,104515,105067,172002,1
46717,99998,69450,146715,116167,169448,1
77954,26780,74642,104734,152596,101422,1
34182,12483,60293,46665,94475,72776,0
28729,86345,25292,115074,54021,111637,0
81026,31144,25169,112170,106195,56313,0
93880,30552,20385,124432,114265,50937,0
5839,73381,50172,79220,56011,123553,0
22484,89241,23725,111725,46209,112966,0
99035,66937,74523,165972,173558,141460,1
2828,53560,91214,56388,94042,144774,0
46028,30634,98340,76662,144368,128974,0
12341,76935,23285,89276,35626,100220,0
62452,43716,94374,106168,156826,138090,1
99280,77238,23100,176518,122380,100338,1
79317,93412,7648,172729,86965,101060,0
13796,20989,44009,34785,57805,64998,0
33655,15212,67927,48867,101582,83139,0
19592,44182,2059,63774,21651,46241,0
33764,72334,53353,106098,87117,125687,1
39951,96358,43524,136309,83475,139882,0
31412,43943,93002,75355,124414,136945,0
79310,64946,47620,144256,126930,112566,1
49791,10034,20744,59825,70535,30778,0
43172,48538,3498,91710,46670,52036,0
14225,86248,98178,100473,112403,184426,1
49826,77242,8048,127068,57874,85290,0
75003,99655,93394,174658,168397,193049,1
24629,86900,79546,111529,104175,166446,1
71382,50331,34440,121713,105822,84771,1
30753,65553,55375,96306,86128,120928,1
24400,39037,54806,63437,79206,93843,1
90138,29662,61170,119800,151308,90832,1
10968,45376,27540,56344,38508,72916,0
91893,35737,93162,127630,185055,128899,1
31152,75768,4515,106920,35667,80283,0
41903,15705,85596,57608,127499,101301,0
95036,1778,15543,96814,110579,17321,0
31178,16618,71025,47796,102203,87643,0
57441,86765,55094,144206,112535,141859,1
54126,15452,30706,69578,84832,46158,0
30568,65069,93254,95637,123822,158323,1
31343,60104,66574,91447,97917,126678,1
95813,17103,40009,112916,135822,57112,0
25291,39567,85800,64858,111091,125367,0
65472,57459,42072,122931,107544,99531,1
20505,37808,35304,58313,55809,73112,1
70443,98038,72873,168481,143316,170911,1
53794,94822,91387,148616,145181,186209,1
35859,72821,67313,108680,103172,140134,1
53902,79286,28066,133188,81968,107352,1
45501,36748,43024,82249,88525,79772,1
38007,93033,60790,131040,98797,153823,1
34007,6826,53312,40833,87319,60138,0
57728,40685,10384,98413,68112,51069,0
30979,48263,83670,79242,114649,131933,0
17465,42207,57576,59672,75041,99783,1
81363,69276,76553,150639,157916,145829,1
98269,23773,27519,122042,125788,51292,0
49363,97637,39830,147000,89193,137467,0
19522,85730,36477,105252,55999,122207,0
9612,54872,94057,64484,103669,148929,0
60569,86004,30652,146573,91221,116656,1
37651,14405,75553,52056,113204,89958,0
77525,98918,97866,176443,175391,196784,1
43737,31627,78989,75364,122726,110616,0
67412,59184,12383,126596,79795,71567,1
77409,96471,41008,173880,118417,137479,1
16760,5348,36648,22108,53408,41996,0
43424,79775,96156,123199,139580,175931,1
86591,56777,8892,143368,95483,65669,0
59280,93486,69818,152766,129098,163304,1
5100,26558,14151,31658,19251,40709,0
42725,21001,84175,63726,126900,105176,0
21750,93355,80037,115105,101787,173392,1
10813,73339,23227,84152,34040,96566,0
52542,16770,80404,69312,132946,97174,0
30992,77514,16378,108506,47370,93892,0
23445,23691,24825,47136,48270,48516,1
72878,52896,40966,125774,113844,93862,1
47902,86911,84340,134813,132242,171251,1
89666,4033,40597,93699,130263,44630,0
29591,64688,92199,94279,121790,156887,1
33129,83225,43006,116354,76135,126231,0
94880,41689,72808,136569,167688,114497,1
86687,96153,19081,182840,105768,115234,1
48081,55254,27723,103335,75804,82977,1
99401,54651,43259,154052,142660,97910,0
40030,28297,97431,68327,137461,125728,0
22026,29262,36254,51288,58280,65516,1
69420,42962,90315,112382,159735,133277,1
77807,12281,39032,90088,116839,51313,0
994,65198,78628,66192,79622,143826,0
20792,77413,84320,98205,105112,161733,1
87287,86404,28919,173691,116206,115323,1
87770,60800,80591,148570,168361,141391,1
53692,97413,9771,151105,63463,107184,0
78947,19691,83128,98638,162075,102819,1
65729,47661,45351,113390,111080,93012,1
60974,57221,44079,118195,105053,101300,1
71687,58083,97013,129770,168700,155096,1
35140,32786,32965,67926,68105,65751,1
68845,40600,74231,109445,143076,114831,1
74598,12944,54862,87542,129460,67806,0
3027,1082,89809,4109,92836,90891,0
33186,50768,46434,83954,79620,97202,1
35842,60885,63135,96727,98977,124020,1
38104,74621,32715,112725,70819,107336,0
54006,95564,30651,149570,84657,126215,0
99005,73002,66922,172007,165927,139924,1
3921,56664,9015,60585,12936,65679,0
91214,65367,37661,156581,128875,103028,1
32618,16533,96648,49151,129266,113181,0
42272,60216,42583,102488,84855,102799,1
84441,27741,63032,112182,147473,90773,1
20154,95465,23249,115619,43403,118714,0
24107,37098,95629,61205,119736,132727,0
78174,7819,28531,85993,106705,36350,0
13836,44955,14682,58791,28518,59637,0
27231,68896,18225,96127,45456,87121,0
98630,55861,20456,154491,119086,76317,0
49960,66664,19779,116624,69739,86443,1
38987,76846,58312,115833,97299,135158,1
49595,45480,27673,95075,77268,73153,1
32673,72908,1229,105581,33902,74137,0
29479,2057,35580,31536,65059,37637,0
75990,29346,74739,105336,150729,104085,1
21386,31549,59925,52935,81311,91474,0
64527,63401,4316,127928,68843,67717,1
29642,51554,3314,81196,32956,54868,0
7107,2385,34833,9492,41940,37218,0
38597,79815,63930,118412,102527,143745,1
73945,69014,53606,142959,127551,122620,1
72548,16746,69684,89294,142232,86430,1
32905,1977,67581,34882,100486,69558,0
12722,95092,28652,107814,41374,123744,0
26167,33631,91715,59798,117882,125346,0
25794,33274,66862,59068,92656,100136,0
39267,98050,89258,137317,128525,187308,1
36248,48563,13838,84811,50086,62401,1
69128,10381,29438,79509,98566,39819,0
51672,4347,55235,56019,106907,59582,1
6082,76156,70556,82238,76638,146712,1
48035,55968,22901,104003,70936,78869,1
64600,63244,68099,127844,132699,131343,1
42088,69968,50703,112056,92791,120671,1
21297,24258,74269,45555,95566,98527,0
10644,7787,44932,18431,55576,52719,0
83182,11924,8052,95106,91234,19976,0
46806,89914,11836,136720,58642,101750,0
56790,48226,31317,105016,88107,79543,1
74805,50437,65931,125242,140736,116368,1
42329,56311,61327,98640,103656,117638,1
75234,22321,88011,97555,163245,110332,1
73707,96856,26436,170563,100143,123292,1
46152,77187,91183,123339,137335,168370,1
69900,74895,88489,144795,158389,163384,1
64923,9969,28909,74892,93832,38878,0
52301,57103,21570,109404,73871,78673,1
26600,39307,75599,65907,102199,114906,0
45769,87469,20291,133238,66060,107760,0
87709,89583,86316,177292,174025,175899,1
4928,66025,72363,70953,77291,138388,0
61173,58555,19910,119728,81083,78465,1
35633,64889,29695,100522,65328,94584,1
58283,62157,81083,120440,139366,143240,1
16055,4513,77287,20568,93342,81800,0
23511,84664,43413,108175,66924,128077,0
84327,53735,22232,138062,106559,75967,0
79776,38224,75509,118000,155285,113733,1
27231,76237,68465,103468,95696,144702,1
66652,12487,9163,79139,75815,21650,0
69688,33376,73113,103064,142801,106489,1
24489,6925,11852,31414,36341,18777,0
6292,54950,24844,61242,31136,79794,0
53854,16596,14363,70450,68217,30959,0
51763,12256,72967,64019,124730,85223,0
65030,75610,84655,140640,149685,160265,1
39825,34413,42801,74238,82626,77214,1
85351,60291,55547,145642,140898,115838,1
29426,33597,17360,63023,46786,50957,1
99392,64905,43226,164297,142618,108131,1
21750,85027,18817,106777,40567,103844,0
52732,30110,9873,82842,62605,39983,0
20297,72526,42844,92823,63141,115370,0
59494,65943,34168,125437,93662,100111,1
51690,36475,84912,88165,136602,121387,1
99198,19403,60391,118601,159589,79794,0
57807,34755,53966,92562,111773,88721,1
71419,14394,96246,85813,167665,110640,0
6431,97014,67377,103445,73808,164391,0
28672,95968,71899,124640,100571,167867,1
82112,94265,45141,176377,127253,139406,1
96793,65867,45782,162660,142575,111649,1
7108,47980,49093,55088,56201,97073,1
45808,70834,33183,116642,78991,104017,1
82587,29852,80008,112439,162595,109860,1
2557,15541,32056,18098,34613,47597,0
72399,92679,51755,165078,124154,144434,1
72613,25774,47028,98387,119641,72802,1
5240,33110,1934,38350,7174,35044,0
3656,7828,55796,11484,59452,63624,0
33784,26148,66459,59932,100243,92607,0
37779,42918,64670,80697,102449,107588,1
79418,25743,9526,105161,88944,35269,0
63470,46837,9971,110307,73441,56808,0
6298,70415,3773,76713,10071,74188,0
18586,59885,99950,78471,118536,159835,0
19410,14745,13165,34155,32575,27910,1
36294,56775,13129,93069,49423,69904,0
25520,28451,95607,53971,121127,124058,0
45263,48082,42763,93345,88026,90845,1
42512,82684,98864,125196,141376,181548,1
58121,46385,13664,104506,71785,60049,1
41855,4489,13850,46344,55705,18339,0
98387,76553,37465,174940,135852,114018,1
45987,99514,17982,145501,63969,117496,0
43410,47530,24544,90940,67954,72074,1
78776,4231,25608,83007,104384,29839,0
27474,2062,7922,29536,35396,9984,0
59822,24386,49365,84208,109187,73751,1
50522,78797,21629,129319,72151,100426,0
51138,61639,43961,112777,95099,105600,1
10076,5905,23186,15981,33262,29091,0
51367,45986,66861,97353,118228,112847,1
83515,25517,55606,109032,139121,81123,0
64049,56169,53756,120218,117805,109925,1
11552,98835,61145,110387,72697,159980,0
66857,35311,86406,102168,153263,121717,1
61209,21745,59582,82954,120791,81327,1
23493,75640,57885,99133,81378,133525,1
69748,74685,19232,144433,88980,93917,1
97173,30546,76061,127719,173234,106607,1
60042,59683,86723,119725,146765,146406,1
18548,76184,3933,94732,22481,80117,0
15609,53010,50791,68619,66400,103801,1
41692,22068,865,63760,42557,22933,0
92169,12233,28977,104402,121146,41210,0
47948,52422,19877,100370,67825,72299,1
99668,65836,81742,165504,181410,147578,1
33036,78389,91947,111425,124983,170336,1
36997,6103,15902,43100,52899,22005,0
29211,48379,37921,77590,67132,86300,1
29084,71729,33380,100813,62464,105109,0
16588,47495,46678,64083,63266,94173,1
20772,5665,45995,26437,66767,51660,0
34040,71602,15378,105642,49418,86980,0
39186,13568,31545,52754,70731,45113,1
30226,23729,49299,53955,79525,73028,1
24293,46300,63380,70593,87673,109680,1
16129,50597,33699,66726,49828,84296,0
38157,44816,37512,82973,75669,82328,1
31122,38754,31731,69876,62853,70485,1
5797,32430,59032,38227,64829,91462,0
95835,6158,53288,101993,149123,59446,0
55117,89585,46524,144702,101641,136109,1
8516,21043,16147,29559,24663,37190,1
49550,23597,81633,73147,131183,105230,0
70316,75282,15165,145598,85481,90447,1
282,83879,99820,84161,100102,183699,0
27737,87191,56351,114928,84088,143542,0
80594,5751,88832,86345,169426,94583,0
69246,83926,50086,153172,119332,134012,1
12144,32921,65323,45065,77467,98244,0
39708,6093,42753,45801,82461,48846,1
96133,76076,7851,172209,103984,83927,0
79845,98336,39062,178181,118907,137398,1
74904,22682,81668,97586,156572,104350,1
82999,84573,84541,167572,167540,169114,1
91103,42779,43463,133882,134566,86242,0
9397,48303,75942,57700,85339,124245,0
48546,36038,21608,84584,70154,57646,1
79720,98255,58298,177975,138018,156553,1
77905,55253,4152,133158,82057,59405,0
51309,82427,1770,133736,53079,84197,0
72,29358,41728,29430,41800,71086,0
61635,53001,16133,114636,77768,69134,1
3675,34942,92092,38617,95767,127034,0
75223,51219,91554,126442,166777,142773,1
61439,84784,62143,146223,123582,146927,1
68085,12860,88692,80945,156777,101552,0
25343,20776,16974,46119,42317,37750,1
26470,26902,32403,53372,58873,59305,1
90516,57654,51468,148170,141984,109122,1
25854,76818,52235,102672,78089,129053,1
80346,72759,88876,153105,169222,161635,1
19084,3663,42377,22747,61461,46040,0
41464,52903,38218,94367,79682,91121,1
46496,67699,61024,114195,107520,128723,1
63902,46116,27446,110018,91348,73562,1
99221,43915,82478,143136,181699,126393,1
47079,87356,60199,134435,107278,147555,1
68360,61095,94128,129455,162488,155223,1
1739,49407,92338,51146,94077,141745,0
2648,8323,54320,10971,56968,62643,0
17541,28349,82024,45890,99565,110373,0
16608,99708,97146,116316,113754,196854,1
76780,56164,88502,132944,165282,144666,1
95174,76408,92114,171582,187288,168522,1
24550,66212,67439,90762,91989,133651,1
71311,14238,89000,85549,160311,103238,0
98314,98274,10538,196588,108852,108812,1
19324,33,76865,19357,96189,76898,0
32148,30806,23099,62954,55247,53905,1
76272,30755,68253,107027,144525,99008,1
57927,61460,40495,119387,98422,101955,1
60673,30093,42486,90766,103159,72579,1
94807,40683,31457,135490,126264,72140,0
59345,31141,30573,90486,89918,61714,1
30402,14891,93651,45293,124053,108542,0
29853,98203,29719,128056,59572,127922,0
10269,7027,88015,17296,98284,95042,0
30754,40533,1751,71287,32505,42284,0
44657,72158,35335,116815,79992,107493,1
91441,65519,22076,156960,113517,87595,0
87859,28030,81695,115889,169554,109725,1
93634,76881,65170,170515,158804,142051,1
75306,66908,56817,142214,132123,123725,1
29764,11219,83096,40983,112860,94315,0
89375,23587,13974,112962,103349,37561,0
83886,18385,22745,102271,106631,41130,0
25487,39852,87903,65339,113390,127755,0
82335,33532,66934,115867,149269,100466,1
83906,43934,63208,127840,147114,107142,1
65411,60818,64191,126229,129602,125009,1
76776,40611,88477,117387,165253,129088,1
12853,57228,47821,70081,60674,105049,1
71965,90333,25709,162298,97674,116042,1
45741,83705,40237,129446,85978,123942,1
15247,97205,72639,112452,87886,169844,0
51198,74068,69825,125266,121023,143893,1
82602,3168,38190,85770,120792,41358,0
87376,49716,35410,137092,122786,85126,0
38991,56876,55885,95867,94876,112761,1
3689,63622,28640,67311,32329,92262,0
95718,66252,40184,161970,135902,106436,1
77810,72674,27463,150484,105273,100137,1
60887,72882,98415,133769,159302,171297,1
11873,24043,35028,35916,46901,59071,1
33401,80215,89614,113616,123015,169829,1
81235,60320,70336,141555,151571,130656,1
48878,22261,39633,71139,88511,61894,1
46551,41546,62073,88097,108624,103619,1
2912,66218,56489,69130,59401,122707,0
87290,37249,71841,124539,159131,109090,1
33197,52576,79794,85773,112991,132370,1
33975,50829,1415,84804,35390,52244,0
29662,45451,58579,75113,88241,104030,1
94093,90138,6081,184231,100174,96219,1
69154,87903,41915,157057,111069,129818,1
41055,17411,74652,58466,115707,92063,0
45448,46732,69646,92180,115094,116378,1
35286,44954,10706,80240,45992,55660,1
45002,30411,90963,75413,135965,121374,0
38938,4497,99799,43435,138737,104296,0
6549,14076,63997,20625,70546,78073,0
25370,39457,17408,64827,42778,56865,1
39402,85410,16069,124812,55471,101479,0
81003,67110,51541,148113,132544,118651,1
54791,61730,19999,116521,74790,81729,1
1013,51403,27323,52416,28336,78726,0
38070,50046,80316,88116,118386,130362,1
35850,79013,97419,114863,133269,176432,1
93205,53981,93384,147186,186589,147365,1
25431,47685,63471,73116,88902,111156,1
1957,58978,7554,60935,9511,66532,0
15489,89305,89464,104794,104953,178769,1
13280,61616,80340,74896,93620,141956,0
19277,91307,32362,110584,51639,123669,0
54852,37933,43505,92785,98357,81438,1
27051,31252,24201,58303,51252,55453,1
99759,6790,39661,106549,139420,46451,0
24669,37669,2544,62338,27213,40213,0
52933,57938,75066,110871,127999,133004,1
66477,60678,78319,127155,144796,138997,1
39330,96980,27318,136310,66648,124298,0
95180,28475,12740,123655,107920,41215,0
59134,84454,89612,143588,148746,174066,1
20433,4360,40944,24793,61377,45304,0
55168,83573,71672,138741,126840,155245,1
16863,67632,61588,84495,78451,129220,1
60654,22558,66730,83212,127384,89288,1
36023,65856,60049,101879,96072,125905,1
20285,63997,30982,84282,51267,94979,0
48411,16637,6425,65048,54836,23062,0
72290,33742,71754,106032,144044,105496,1
20864,91997,32856,112861,53720,124853,0
38814,65130,53209,103944,92023,118339,1
34724,23622,47716,58346,82440,71338,1
2982,59209,11729,62191,14711,70938,0
79300,64858,89669,144158,168969,154527,1
5345,42345,25301,47690,30646,67646,0
52715,78887,88328,131602,141043,167215,1
92831,94182,9200,187013,102031,103382,1
61255,92348,70328,153603,131583,162676,1
11705,37553,72449,49258,84154,110002,0
35070,6489,75172,41559,110242,81661,0
28415,21249,90839,49664,119254,112088,0
69728,4469,53014,74197,122742,57483,0
55343,14103,98821,69446,154164,112924,0
8840,46891,34713,55731,43553,81604,0
50556,73747,23283,124303,73839,97030,1
13568,37772,12628,51340,26196,50400,0
40347,18403,19420,58750,59767,37823,0
64272,74276,69499,138548,133771,143775,1
92369,30803,81028,123172,173397,111831,1
31822,53279,35525,85101,67347,88804,1
97331,74677,25404,172008,122735,100081,1
72763,79674,77094,152437,149857,156768,1
3362,42503,15864,45865,19226,58367,0
56539,71358,74154,127897,130693,145512,1
96522,19740,12733,116262,109255,32473,0
66822,56409,8549,123231,75371,64958,0
60921,20915,77576,81836,138497,98491,1
92538,38199,15293,130737,107831,53492,0
45549,30293,44785,75842,90334,75078,1
65490,50402,4199,115892,69689,54601,0
32044,1196,31749,33240,63793,32945,1
92665,66187,74608,158852,167273,140795,1
98970,89171,94072,188141,193042,183243,1
58639,51454,56376,110093,115015,107830,1
67890,33113,50450,101003,118340,83563,1
64309,10818,5578,75127,69887,16396,0
76548,81941,5276,158489,81824,87217,0
73121,44954,73624,118075,146745,118578,1
49646,51977,85067,101623,134713,137044,1
10071,62367,44558,72438,54629,106925,0
98332,54444,17838,152776,116170,72282,0
10220,871,69389,11091,79609,70260,0
43791,99476,23772,143267,67563,123248,0
21870,31880,70421,53750,92291,102301,0
93608,81110,61951,174718,155559,143061,1
10547,23036,76353,33583,86900,99389,0
25402,37467,93158,62869,118560,130625,0
70368,9839,29140,80207,99508,38979,0
40223,63762,56193,103985,96416,119955,1
69420,85732,48653,155152,118073,134385,1
4649,51745,50838,56394,55487,102583,1
77362,67562,60406,144924,137768,127968,1
11382,97387,18536,108769,29918,115923,0
82408,66799,36700,149207,119108,103499,1
27177,4770,44702,31947,71879,49472,0
99022,71791,5405,170813,104427,77196,0
70097,40606,24907,110703,95004,65513,0
85192,12815,61248,98007,146440,74063,0
32200,22253,61534,54453,93734,83787,0
94214,50960,29169,145174,123383,80129,0
20519,21937,97739,42456,118258,119676,0
89981,18198,38709,108179,128690,56907,0
88025,85913,93627,173938,181652,179540,1
53754,13662,21706,67416,75460,35368,0
39525,66627,81604,106152,121129,148231,1
43549,79460,33726,123009,77275,113186,0
22680,54921,19410,77601,42090,74331,0
91960,82747,21210,174707,113170,103957,1
39944,46828,30320,86772,70264,77148,1
64353,79436,73155,143789,137508,152591,1
58343,11277,26946,69620,85289,38223,0
38137,70360,26497,108497,64634,96857,0
27095,39837,41286,66932,68381,81123,1
4767,4503,67313,9270,72080,71816,0
24064,66784,62076,90848,86140,128860,1
4127,65829,36872,69956,40999,102701,0
26684,8641,73606,35325,100290,82247,0
31822,95534,71502,127356,103324,167036,1
65583,13368,76035,78951,141618,89403,1
55108,49231,83649,104339,138757,132880,1
16315,42324,13684,58639,29999,56008,0
39310,1987,98007,41297,137317,99994,0
59942,24173,13676,84115,73618,37849,0
24143,23049,92302,47192,116445,115351,0
69723,83318,5014,153041,74737,88332,0
88130,21786,11890,109916,100020,33676,0
17001,91254,28762,108255,45763,120016,0
24323,58358,74101,82681,98424,132459,1
64832,40871,57757,105703,122589,98628,1
91288,85850,43004,177138,134292,128854,1
94625,28534,63186,123159,157811,91720,0
44706,88304,10472,133010,55178,98776,0
16449,94183,10012,110632,26461,104195,0
51054,7115,82214,58169,133268,89329,0
49717,96356,16772,146073,66489,113128,0
93958,30636,13087,124594,107045,43723,0
63194,1396,55698,64590,118892,57094,0
10109,50512,51121,60621,61230,101633,1
33907,46630,62086,80537,95993,108716,1
8539,48379,12891,56918,21430,61270,0
81075,231,77410,81306,158485,77641,0
77799,36367,30978,114166,108777,67345,0
61667,37359,13726,99026,75393,51085,0
50721,2986,282,53707,51003,3268,0
94423,25482,82393,119905,176816,107875,1
56169,29536,7845,85705,64014,37381,0
73845,63582,31275,137427,105120,94857,1
31036,40951,43358,71987,74394,84309,1
14869,16448,21816,31317,36685,38264,1
75193,50263,86465,125456,161658,136728,1
44722,52840,62714,97562,107436,115554,1
9054,77263,81572,86317,90626,158835,1
35224,93725,63482,128949,98706,157207,1
45464,51314,50832,96778,96296,102146,1
22930,45272,90429,68202,113359,135701,0
34027,33653,84349,67680,118376,118002,0
27485,20203,2128,47688,29613,22331,0
62263,55796,44798,118059,107061,100594,1
23597,76070,22195,99667,45792,98265,0
4011,65761,80808,69772,84819,146569,0
47815,70145,73589,117960,121404,143734,1
87499,67673,45782,155172,133281,113455,1
99528,83498,96782,183026,196310,180280,1
46460,95627,25504,142087,71964,121131,0
91695,75853,24062,167548,115757,99915,1
38117,76335,83632,114452,121749,159967,1
56433,23590,75314,80023,131747,98904,1
79742,27074,86887,106816,166629,113961,1
52070,41823,26820,93893,78890,68643,1
25279,85929,67808,111208,93087,153737,1
34278,46811,74186,81089,108464,120997,1
18409,25743,89745,44152,108154,115488,0
21934,3076,66891,25010,88825,69967,0
57554,25437,84110,82991,141664,109547,0
23834,32019,56495,55853,80329,88514,0
12807,98926,83100,111733,95907,182026,0
16454,98448,46402,114902,62856,144850,0
54889,88440,50719,143329,105608,139159,1
77039,16037,68661,93076,145700,84698,1
39360,28401,54137,67761,93497,82538,1
17537,2903,61679,20440,79216,64582,0
12058,9487,44875,21545,56933,54362,0
6358,97660,44925,104018,51283,142585,0
89800,15587,46654,105387,136454,62241,0
54566,68890,34808,123456,89374,103698,1
59418,38669,41155,98087,100573,79824,1
56405,8687,60756,65092,117161,69443,1
73478,22698,77619,96176,151097,100317,1
3769,59660,98607,63429,102376,158267,0
21772,95150,36243,116922,58015,131393,0
50157,53595,14150,103752,64307,67745,1
47005,58120,98300,105125,145305,156420,1
5095,74595,41856,79690,46951,116451,0
41168,71439,90198,112607,131366,161637,1
12518,29206,23187,41724,35705,52393,1
7831,99620,18208,107451,26039,117828,0
97988,54663,40579,152651,138567,95242,0
36554,53048,59561,89602,96115,112609,1
91085,50911,98680,141996,189765,149591,1
5263,57816,85517,63079,90780,143333,0
12525,27190,21026,39715,33551,48216,1
68490,83421,43967,151911,112457,127388,1
73930,37345,95934,111275,169864,133279,1
24048,37450,57505,61498,81553,94955,1
29136,17627,12403,46763,41539,30030,1
33581,6917,45349,40498,78930,52266,0
69185,98330,76124,167515,145309,174454,1
27939,80643,64841,108582,92780,145484,1
57020,98616,79439,155636,136459,178055,1
76424,23595,85297,100019,161721,108892,1
13302,52837,3164,66139,16466,56001,0
67242,98718,77434,165960,144676,176152,1
34550,35415,21869,69965,56419,57284,1
94794,69314,48216,164108,143010,117530,1
47298,67217,16949,114515,64247,84166,0
65271,5906,68029,71177,133300,73935,1
34816,642,78391,35458,113207,79033,0
67166,29644,74162,96810,141328,103806,1
17450,57211,39997,74661,57447,97208,1
63771,5521,87258,69292,151029,92779,0
12192,30656,35422,42848,47614,66078,1
47394,25855,54047,73249,101441,79902,1
37931,14634,20050,52565,57981,34684,0
28180,15452,86580,43632,114760,102032,0
31378,95476,74321,126854,105699,169797,1
32599,66085,9238,98684,41837,75323,0
30178,19437,51799,49615,81977,71236,0
56790,46754,84079,103544,140869,130833,1
3227,32117,10564,35344,13791,42681,0
50366,50616,76406,100982,126772,127022,1
5603,19725,6346,25328,11949,26071,0
28915,44341,65375,73256,94290,109716,1
66205,38491,17519,104696,83724,56010,0
53881,79240,53434,133121,107315,132674,1
11404,68116,42587,79520,53991,110703,0
81348,37923,66915,119271,148263,104838,1
66542,5032,13795,71574,80337,18827,0
5614,28050,45299,33664,50913,73349,0
24693,22029,79338,46722,104031,101367,0
81700,47964,52147,129664,133847,100111,1
4570,65189,31648,69759,36218,96837,0
83680,45132,22769,128812,106449,67901,0
77901,95067,87642,172968,165543,182709,1
35599,51010,15151,86609,50750,66161,0
30553,12703,19678,43256,50231,32381,1
21251,51089,27621,72340,48872,78710,0
22410,20509,72080,42919,94490,92589,0
23108,62451,59769,85559,82877,122220,1
18813,65554,7244,84367,26057,72798,0
69809,41268,74369,111077,144178,115637,1
74986,21132,52627,96118,127613,73759,0
30716,78708,95782,109424,126498,174490,1
42558,88644,77880,131202,120438,166524,1
37047,22773,85536,59820,122583,108309,0
86032,50607,20930,136639,106962,71537,0
44587,51724,88508,96311,133095,140232,1
6936,73606,88670,80542,95606,162276,0
11375,94270,23269,105645,34644,117539,0
28432,62268,61916,90700,90348,124184,1
12896,71820,76966,84716,89862,148786,1
71190,36803,86440,107993,157630,123243,1
82690,34525,36733,117215,119423,71258,0
62163,44865,94997,107028,157160,139862,1
70554,43224,27025,113778,97579,70249,0
76918,6293,7940,83211,84858,14233,0
55866,87419,25103,143285,80969,112522,0
19085,10779,52337,29864,71422,63116,0
34197,92752,62688,126949,96885,155440,1
53243,96992,184,150235,53427,97176,0
83002,5870,78178,88872,161180,84048,1
69123,14225,7699,83348,76822,21924,0
14483,13603,52504,28086,66987,66107,0
81663,60669,15658,142332,97321,76327,0
62383,93604,78151,155987,140534,171755,1
43700,34039,33208,77739,76908,67247,1
1386,26063,51585,27449,52971,77648,0
75375,36505,92938,111880,168313,129443,1
11314,28079,6194,39393,17508,34273,0
68484,85811,49888,154295,118372,135699,1
92463,58383,79806,150846,172269,138189,1
9283,51279,76024,60562,85307,127303,0
3353,93235,17950,96588,21303,111185,0
20571,67597,84170,88168,104741,151767,1
70931,22695,42082,93626,113013,64777,0
78430,72555,31471,150985,109901,104026,1
67351,44078,47926,111429,115277,92004,1
85619,18793,32049,104412,117668,50842,0
22034,3863,78263,25897,100297,82126,0
17626,71103,64969,88729,82595,136072,1
98132,86873,97641,185005,195773,184514,1
6178,40424,58000,46602,64178,98424,0
80180,71856,35420,152036,115600,107276,1
13103,95614,33749,108717,46852,129363,0
70430,87720,89451,158150,159881,177171,1
57673,77338,59621,135011,117294,136959,1
37660,59881,62446,97541,100106,122327,1
70861,43927,11028,114788,81889,54955,0
57648,79579,69022,137227,126670,148601,1
69298,2745,51818,72043,121116,54563,0
38200,64708,81035,102908,119235,145743,1
15083,75383,88641,90466,103724,164024,1
68343,14670,22483,83013,90826,37153,0
2622,74313,46131,76935,48753,120444,0
11946,14288,98753,26234,110699,113041,0
37163,12784,75695,49947,112858,88479,0
21901,13508,81487,35409,103388,94995,0
37772,81600,27638,119372,65410,109238,0
42910,96243,80435,139153,123345,176678,1
15825,67153,21565,82978,37390,88718,0
67180,3371,64700,70551,131880,68071,1
69428,98399,13490,167827,82918,111889,0
30010,72749,54263,102759,84273,127012,1
8904,21598,7322,30502,16226,28920,0
43966,96446,49098,140412,93064,145544,0
87630,47440,99833,135070,187463,147273,1
90282,32074,98013,122356,188295,130087,1
13075,3577,61823,16652,74898,65400,0
10252,86205,41482,96457,51734,127687,0
82139,34078,22046,116217,104185,56124,0
85353,62137,11499,147490,96852,73636,0
75044,1180,26275,76224,101319,27455,0
20932,5798,82971,26730,103903,88769,0
1737,28120,57701,29857,59438,85821,0
65962,29457,10751,95419,76713,40208,0
13370,29722,88437,43092,101807,118159,0
57622,87926,66644,145548,124266,154570,1
74123,71621,38229,145744,112352,109850,1
87920,43803,5928,131723,93848,49731,0
33663,34710,16468,68373,50131,51178,1
9102,87573,59154,96675,68256,146727,0
16832,28083,97068,44915,113900,125151,0
22830,98712,48036,121542,70866,146748,0
16947,17670,10384,34617,27331,28054,1
74392,15416,93367,89808,167759,108783,0
23815,17604,49763,41419,73578,67367,0
53734,75008,88382,128742,142116,163390,1
40198,75030,77105,115228,117303,152135,1
36595,6839,64278,43434,100873,71117,0
18932,7188,95883,26120,114815,103071,0
28749,38790,68874,67539,97623,107664,0
3554,39636,34675,43190,38229,74311,0
21435,47119,25263,68554,46698,72382,0
18690,6820,65391,25510,84081,72211,0
90301,91930,83013,182231,173314,174943,1
1993,85387,87399,87380,89392,172786,0
66361,98080,601,164441,66962,98681,0
13927,8731,6655,22658,20582,15386,1
38044,12123,80143,50167,118187,92266,0
53628,5869,32737,59497,86365,38606,0
97174,74113,18461,171287,115635,92574,0
89610,80159,25348,169769,114958,105507,1
13993,15160,27233,29153,41226,42393,1
90789,33664,68176,124453,158965,101840,1
7599,19756,99543,27355,107142,119299,0
52408,47594,56731,100002,109139,104325,1
33563,78329,76717,111892,110280,155046,1
31197,97713,47112,128910,78309,144825,0
60428,26276,27532,86704,87960,53808,0
22423,32272,34647,54695,57070,66919,1
78621,21060,27813,99681,106434,48873,0
62560,34523,91469,97083,154029,125992,1
79017,27891,65138,106908,144155,93029,1
76597,60623,78001,137220,154598,138624,1
47673,59355,73134,107028,120807,132489,1
29502,3759,88835,33261,118337,92594,0
78080,76037,25665,154117,103745,101702,1
41227,33169,89876,74396,131103,123045,0
39402,39211,11759,78613,51161,50970,1
29868,55831,99065,85699,128933,154896,0
6453,18763,61633,25216,68086,80396,0
37554,23366,98993,60920,136547,122359,0
80720,331,46435,81051,127155,46766,0
3039,27773,67451,30812,70490,95224,0
65262,92765,71398,158027,136660,164163,1
88976,5150,74323,94126,163299,79473,0
53427,95720,7647,149147,61074,103367,0
22266,11536,59758,33802,82024,71294,0
4390,86866,25221,91256,29611,112087,0
31306,44730,35417,76036,66723,80147,1
42167,352,99574,42519,141741,99926,0
31664,89,22362,31753,54026,22451,0
6716,22878,87240,29594,93956,110118,0
83595,33968,30779,117563,114374,64747,0
98970,43051,81832,142021,180802,124883,1
7190,52705,76486,59895,83676,129191,0
33136,93296,6119,126432,39255,99415,0
48423,86434,17356,134857,65779,103790,0
18897,22436,59309,41333,78206,81745,0
33371,38199,16852,71570,50223,55051,1
34371,90676,27861,125047,62232,118537,0
7001,72115,80317,79116,87318,152432,0
14633,28732,71700,43365,86333,100432,0
44740,59638,26927,104378,71667,86565,1
17133,71480,17662,88613,34795,89142,0
19605,78071,9559,97676,29164,87630,0
61468,94162,27082,155630,88550,121244,0
55007,14056,59614,69063,114621,73670,1
74452,86685,53237,161137,127689,139922,1
94353,90407,89779,184760,184132,180186,1
26675,27985,90030,54660,116705,118015,0
40665,3082,7322,43747,47987,10404,0
21790,26390,38277,48180,60067,64667,1
58934,74220,58041,133154,116975,132261,1
73974,41089,92016,115063,165990,133105,1
96551,76034,82411,172585,178962,158445,1
58486,53979,13514,112465,72000,67493,1
564,10124,16767,10688,17331,26891,0
86585,68717,43730,155302,130315,112447,1
95708,7351,46108,103059,141816,53459,0
83659,65030,83660,148689,167319,148690,1
41478,18093,78320,59571,119798,96413,0
67119,63452,11460,130571,78579,74912,1
89758,2203,5668,91961,95426,7871,0
93194,31276,87340,124470,180534,118616,1
28760,43324,25927,72084,54687,69251,1
45111,23976,79174,69087,124285,103150,0
43003,69895,9118,112898,52121,79013,0
91985,39015,87132,131000,179117,126147,1
57343,96872,33068,154215,90411,129940,0
35209,80175,74971,115384,110180,155146,1
36874,75160,96612,112034,133486,171772,1
47717,96593,72177,144310,119894,168770,1
34933,5832,10419,40765,45352,16251,0
52282,26446,38466,78728,90748,64912,1
71889,74372,50942,146261,122831,125314,1
97554,29244,1659,126798,99213,30903,0
15693,11783,70359,27476,86052,82142,0
10421,71821,87949,82242,98370,159770,0
77128,86988,97762,164116,174890,184750,1
43690,66730,7509,110420,51199,74239,0
5715,31652,65300,37367,71015,96952,0
68826,91120,20220,159946,89046,111340,0
46317,11497,63079,57814,109396,74576,0
5503,92468,74613,97971,80116,167081,0
26557,84192,73075,110749,99632,157267,1
72871,20434,79818,93305,152689,100252,1
87384,54306,50198,141690,137582,104504,1
16513,90782,71467,107295,87980,162249,0
73734,99373,94264,173107,167998,193637,1
95220,84254,15446,179474,110666,99700,1
48702,69528,80136,118230,128838,149664,1
92746,92342,24260,185088,117006,116602,1
94208,19789,89546,113997,183754,109335,1
87497,61365,65817,148862,153314,127182,1
53334,31314,43057,84648,96391,74371,1
64553,58232,65235,122785,129788,123467,1
68728,94437,66701,163165,135429,161138,1
58401,17851,41173,76252,99574,59024,1
84408,33484,2429,117892,86837,35913,0
9397,77588,86353,86985,95750,163941,1
44156,34386,12907,78542,57063,47293,1
85607,33613,10334,119220,95941,43947,0
74951,51800,16832,126751,91783,68632,0
54480,92966,92,147446,54572,93058,0
90162,51734,72962,141896,163124,124696,1
36447,70962,73791,107409,110238,144753,1
85342,34409,84580,119751,169922,118989,1
20094,72112,67074,92206,87168,139186,1
6575,66179,27453,72754,34028,93632,0
34343,74184,73755,108527,108098,147939,1
25619,26990,27630,52609,53249,54620,1
76262,21171,84246,97433,160508,105417,1
77963,64565,95376,142528,173339,159941,1
78571,5641,31863,84212,110434,37504,0
53099,19221,49306,72320,102405,68527,1
45047,21390,84424,66437,129471,105814,0
38589,19148,22030,57737,60619,41178,1
83693,89298,55642,172991,139335,144940,1
2748,50505,19555,53253,22303,70060,0
77723,78614,36713,156337,114436,115327,1
72029,23519,43171,95548,115200,66690,0
88238,19910,3766,108148,92004,23676,0
29430,70094,96227,99524,125657,166321,1
15140,88727,37105,103867,52245,125832,0
79049,95949,86603,174998,165652,182552,1
43095,2526,16886,45621,59981,19412,0
87761,194,2681,87955,90442,2875,0
44803,74833,77875,119636,122678,152708,1
18394,86797,50233,105191,68627,137030,0
48574,50586,48447,99160,97021,99033,1
61953,49854,86307,111807,148260,136161,1
13738,63469,56966,77207,70704,120435,1
98345,97076,71163,195421,169508,168239,1
8795,254,17442,9049,26237,17696,0
67322,34301,15203,101623,82525,49504,0
41008,7199,37514,48207,78522,44713,1
35276,5718,58428,40994,93704,64146,0
30942,50051,7734,80993,38676,57785,0
27333,24602,99088,51935,126421,123690,0
26451,15799,78792,42250,105243,94591,0
79340,26395,81562,105735,160902,107957,1
10261,4772,64029,15033,74290,68801,0
82328,75131,21959,157459,104287,97090,1
41467,39179,71311,80646,112778,110490,1
23492,53049,49985,76541,73477,103034,1
88093,88034,40524,176127,128617,128558,1
82243,44863,59053,127106,141296,103916,1
24416,89036,52718,113452,77134,141754,0
73121,89293,61720,162414,134841,151013,1
1491,81734,5748,83225,7239,87482,0
86460,18152,47096,104612,133556,65248,0
68631,74473,9253,143104,77884,83726,1
7576,66033,74377,73609,81953,140410,0
65279,600,8816,65879,74095,9416,0
6437,27659,6518,34096,12955,34177,0
61195,31293,71647,92488,132842,102940,1
21228,41549,90978,62777,112206,132527,0
12745,27942,51248,40687,63993,79190,0
38821,77313,88769,116134,127590,166082,1
64431,2120,30163,66551,94594,32283,0
13441,93899,34664,107340,48105,128563,0
63398,31240,47360,94638,110758,78600,1
1666,56353,62320,58019,63986,118673,0
70723,51919,91108,122642,161831,143027,1
30738,1300,33605,32038,64343,34905,0
74550,29381,19693,103931,94243,49074,0
66411,54537,39172,120948,105583,93709,1
22978,76038,59827,99016,82805,135865,1
39223,7443,91867,46666,131090,99310,0
68672,38308,61752,106980,130424,100060,1
5563,61535,68698,67098,74261,130233,0
56851,74336,22073,131187,78924,96409,1
90698,9113,56523,99811,147221,65636,0
79189,61335,26956,140524,106145,88291,1
93314,63540,72073,156854,165387,135613,1
41013,76589,741,117602,41754,77330,0
70885,20509,35657,91394,106542,56166,0
92254,62028,89798,154282,182052,151826,1
79085,5921,87409,85006,166494,93330,0
88935,76131,46148,165066,135083,122279,1
40865,81859,61353,122724,102218,143212,1
8061,77966,14114,86027,22175,92080,0
82491,31754,4354,114245,86845,36108,0
88782,5566,26813,94348,115595,32379,0
74038,81731,95377,155769,169415,177108,1
20818,48206,84480,69024,105298,132686,0
29724,78381,60886,108105,90610,139267,1
53688,7809,98966,61497,152654,106775,0
86803,39100,99283,125903,186086,138383,1
93697,96691,41471,190388,135168,138162,1
8476,76627,14091,85103,22567,90718,0
11393,26578,69847,37971,81240,96425,0
14954,34134,32623,49088,47577,66757,1
54564,98006,40166,152570,94730,138172,0
196,44490,51561,44686,51757,96051,0
73236,14907,47476,88143,120712,62383,0
94137,77967,10850,172104,104987,88817,0
30416,66582,55838,96998,86254,122420,1
33351,9006,20415,42357,53766,29421,0
48096,62356,54741,110452,102837,117097,1
38871,56397,89030,95268,127901,145427,1
55831,9495,12637,65326,68468,22132,0
30450,36552,43337,67002,73787,79889,1
33167,18986,27397,52153,60564,46383,1
61893,90710,61303,152603,123196,152013,1
61681,90515,39987,152196,101668,130502,1
30794,59890,16414,90684,47208,76304,0
735,91661,63924,92396,64659,155585,0
18778,77845,47807,96623,66585,125652,0
78430,69791,24181,148221,102611,93972,1
61031,39222,97808,100253,158839,137030,1
39950,19140,25231,59090,65181,44371,1
11818,43642,45958,55460,57776,89600,1
8197,14364,87866,22561,96063,102230,0
93131,231,91687,93362,184818,91918,0
84547,84172,16544,168719,101091,100716,1
41763,79219,6655,120982,48418,85874,0
838,59540,50816,60378,51654,110356,0
46784,16522,15325,63306,62109,31847,0
22355,41888,74997,64243,97352,116885,0
86944,3206,25198,90150,112142,28404,0
37856,72864,56440,110720,94296,129304,1
96948,48376,28338,145324,125286,76714,0
92637,91626,86817,184263,179454,178443,1
12408,60780,30306,73188,42714,91086,0
93807,91968,63317,185775,157124,155285,1
3013,58650,64010,61663,67023,122660,0
73143,10965,43272,84108,116415,54237,0
99044,53853,32884,152897,131928,86737,0
40462,78131,63845,118593,104307,141976,1
46673,16255,76182,62928,122855,92437,0
13278,51065,50873,64343,64151,101938,1
63257,94675,31466,157932,94723,126141,1
80186,60500,94025,140686,174211,154525,1
16745,27853,71233,44598,87978,99086,0
97336,85926,29229,183262,126565,115155,1
20914,38143,87830,59057,108744,125973,0
55145,13599,71979,68744,127124,85578,0
69631,59427,5228,129058,74859,64655,0
22211,22180,66419,44391,88630,88599,0
93278,74899,31942,168177,125220,106841,1
24132,88311,42193,112443,66325,130504,0
41133,91227,29800,132360,70933,121027,0
10934,44607,34658,55541,45592,79265,1
6642,88740,40514,95382,47156,129254,0
24208,48618,65371,72826,89579,113989,1
38483,99615,49427,138098,87910,149042,0
93935,94735,33762,188670,127697,128497,1
88703,76469,96578,165172,185281,173047,1
14186,36554,99212,50740,113398,135766,0
76886,47408,33186,124294,110072,80594,1
88277,9724,46791,98001,135068,56515,0
48930,23568,47766,72498,96696,71334,1
5516,55540,80834,61056,86350,136374,0
16447,61224,14348,77671,30795,75572,0
18044,80341,84171,98385,102215,164512,1
49341,75800,56740,125141,106081,132540,1
74733,59911,55755,134644,130488,115666,1
66232,61256,32736,127488,98968,93992,1
77288,98041,60655,175329,137943,158696,1
96030,10752,51263,106782,147293,62015,0
71972,97314,42210,169286,114182,139524,1
95256,41835,32266,137091,127522,74101,0
99408,13416,6599,112824,106007,20015,0
16043,85229,11830,101272,27873,97059,0
44178,61475,70170,105653,114348,131645,1
15087,39114,24200,54201,39287,63314,1
80176,46509,21750,126685,101926,68259,0
7699,86751,10828,94450,18527,97579,0
19039,78161,40393,97200,59432,118554,0
24852,38639,25359,63491,50211,63998,1
99627,35300,52713,134927,152340,88013,0
4905,81936,5217,86841,10122,87153,0
20508,9543,79510,30051,100018,89053,0
50313,37107,24258,87420,74571,61365,1
23973,62242,37101,86215,61074,99343,0
13688,82430,4811,96118,18499,87241,0
23467,49953,63277,73420,86744,113230,1
52001,36458,20598,88459,72599,57056,1
83837,59969,56906,143806,140743,116875,1
1564,21815,51789,23379,53353,73604,0
11257,34499,39,45756,11296,34538,0
10993,40294,5252,51287,16245,45546,0
52474,51229,31165,103703,83639,82394,1
2961,77730,70843,80691,73804,148573,0
86910,28843,73277,115753,160187,102120,1
91104,38536,40297,129640,131401,78833,0
96558,59166,480,155724,97038,59646,0
11903,79041,41058,90944,52961,120099,0
72431,50791,2809,123222,75240,53600,0
68619,35304,16737,103923,85356,52041,0
58923,34836,58877,93759,117800,93713,1
56937,98316,62474,155253,119411,160790,1
6946,50739,85640,57685,92586,136379,0
36212,21947,27591,58159,63803,49538,1
63608,47709,5323,111317,68931,53032,0
48898,44499,81471,93397,130369,125970,1
94332,16583,84519,110915,178851,101102,1
90653,99162,56370,189815,147023,155532,1
94544,93044,15788,187588,110332,108832,1
42335,12037,44195,54372,86530,56232,1
71300,79089,5990,150389,77290,85079,0
81240,44125,42163,125365,123403,86288,1
14458,73574,29332,88032,43790,102906,0
18444,90725,20120,109169,38564,110845,0
22132,88661,78609,110793,100741,167270,1
80473,87383,90495,167856,170968,177878,1
83973,47108,32433,131081,116406,79541,0
37424,91255,81334,128679,118758,172589,1
2970,31125,43003,34095,45973,74128,0
13552,29798,47325,43350,60877,77123,0
25882,74647,12353,100529,38235,87000,0
36248,20483,74901,56731,111149,95384,0
81042,15259,27528,96301,108570,42787,0
73724,53571,15337,127295,89061,68908,0
35043,25037,21372,60080,56415,46409,1
49347,35531,3374,84878,52721,38905,0
9975,90134,23806,100109,33781,113940,0
32855,62476,97289,95331,130144,159765,0
65876,57039,41530,122915,107406,98569,1
84311,84565,90993,168876,175304,175558,1
29673,50934,95571,80607,125244,146505,0
70065,89664,91017,159729,161082,180681,1
76087,83474,88225,159561,164312,171699,1
87377,34788,37583,122165,124960,72371,0
62758,23730,40020,86488,102778,63750,1
7613,72795,86974,80408,94587,159769,0
27820,83291,54348,111111,82168,137639,0
84212,10612,49160,94824,133372,59772,0
4458,52084,30724,56542,35182,82808,0
37672,92249,79560,129921,117232,171809,1
33658,61753,52442,95411,86100,114195,1
8859,41865,37684,50724,46543,79549,1
416,52829,80443,53245,80859,133272,0
82119,46573,3570,128692,85689,50143,0
19107,56551,2221,75658,21328,58772,0
26126,98871,83327,124997,109453,182198,1
68140,81006,38008,149146,106148,119014,1
11302,36248,21382,47550,32684,57630,0
90080,32831,14406,122911,104486,47237,0
17975,67972,86356,85947,104331,154328,0
66169,98660,31209,164829,97378,129869,0
38061,82499,36291,120560,74352,118790,0
33965,13634,33774,47599,67739,47408,1
35860,33505,26912,69365,62772,60417,1
35724,33736,22934,69460,58658,56670,1
22742,79776,32127,102518,54869,111903,0
60185,61189,70595,121374,130780,131784,1
73608,34674,50756,108282,124364,85430,1
55817,70553,8149,126370,63966,78702,0
92244,30840,90339,123084,182583,121179,1
91166,35557,12877,126723,104043,48434,0
60870,81976,65341,142846,126211,147317,1
3783,86449,80944,90232,84727,167393,0
37902,51384,76659,89286,114561,128043,1
96074,71784,20701,167858,116775,92485,0
35476,85173,69049,120649,104525,154222,1
18938,86083,85703,105021,104641,171786,1
16147,25669,32469,41816,48616,58138,1
32578,12074,93430,44652,126008,105504,0
90015,27523,59519,117538,149534,87042,0
3133,62361,89715,65494,92848,152076,0
61883,13828,34002,75711,95885,47830,0
12320,69574,3810,81894,16130,73384,0
28179,96125,25579,124304,53758,121704,0
19934,49345,56065,69279,75999,105410,1
46120,19560,21320,65680,67440,40880,0
17324,53346,9907,70670,27231,63253,0
81028,8436,15900,89464,96928,24336,0
89175,97721,26483,186896,115658,124204,1
31678,30460,8313,62138,39991,38773,1
62508,33302,32504,95810,95012,65806,1
50198,32657,24943,82855,75141,57600,1
62141,71969,24636,134110,86777,96605,1
32090,64499,67233,96589,99323,131732,1
20319,24216,66261,44535,86580,90477,0
39697,56121,26007,95818,65704,82128,1
43968,79979,29225,123947,73193,109204,0
43977,30585,38509,74562,82486,69094,1
78814,1857,23519,80671,102333,25376,0
75312,38534,44270,113846,119582,82804,1
82265,58215,60709,140480,142974,118924,1
15200,33640,93698,48840,108898,127338,0
79340,74593,78459,153933,157799,153052,1
15423,24074,20340,39497,35763,44414,1
95906,20754,57915,116660,153821,78669,0
64990,24394,50707,89384,115697,75101,1
23974,77925,81186,101899,105160,159111,1
36850,86730,58938,123580,95788,145668,1
99797,16270,79503,116067,179300,95773,0
342,62643,55860,62985,56202,118503,0
20302,3636,15247,23938,35549,18883,0
99321,19701,25598,119022,124919,45299,0
96714,69,71570,96783,168284,71639,0
32664,16632,17346,49296,50010,33978,1
36140,65129,93904,101269,130044,159033,1
75297,54993,9164,130290,84461,64157,0
54085,33758,61357,87843,115442,95115,1
66557,58194,33189,124751,99746,91383,1
45042,12660,651,57702,45693,13311,0
25425,55904,99315,81329,124740,155219,0
19086,89529,3209,108615,22295,92738,0
52385,99796,83927,152181,136312,183723,1
25370,91756,38779,117126,64149,130535,0
97462,7486,72391,104948,169853,79877,0
92796,76021,39174,168817,131970,115195,1
46620,90563,89991,137183,136611,180554,1
35143,35110,21585,70253,56728,56695,1
12014,73875,54885,85889,66899,128760,0
73974,85798,665,159772,74639,86463,0
59112,94111,23734,153223,82846,117845,0
21714,94422,41767,116136,63481,136189,0
71813,57848,91587,129661,163400,149435,1
52737,17394,91991,70131,144728,109385,0
68188,93217,83936,161405,152124,177153,1
6620,83464,84187,90084,90807,167651,1
33024,85678,94904,118702,127928,180582,1
87548,16055,35137,103603,122685,51192,0
43619,68807,53721,112426,97340,122528,1
55421,37945,72706,93366,128127,110651,1
69487,99893,77128,169380,146615,177021,1
35972,39756,46146,75728,82118,85902,1
94300,47715,13843,142015,108143,61558,0
43613,27489,17854,71102,61467,45343,1
26414,14687,52870,41101,79284,67557,0
78744,26877,17030,105621,95774,43907,0
76830,32589,94200,109419,171030,126789,1
24126,92169,63769,116295,87895,155938,0
16549,17289,74829,33838,91378,92118,0
12175,79436,2869,91611,15044,82305,0
79055,37375,94956,116430,174011,132331,1
48386,1405,96387,49791,144773,97792,0
9293,5673,43866,14966,53159,49539,0
71113,51659,48471,122772,119584,100130,1
95053,73393,33782,168446,128835,107175,1
59863,99468,81826,159331,141689,181294,1
53601,22008,51338,75609,104939,73346,1
13881,21499,71088,35380,84969,92587,0
78123,1083,50307,79206,128430,51390,0
68516,11913,72886,80429,141402,84799,1
10478,23022,8188,33500,18666,31210,0
8979,66998,55328,75977,64307,122326,0
42538,63482,45422,106020,87960,108904,1
57906,26080,79241,83986,137147,105321,1
79453,57654,51425,137107,130878,109079,1
35946,1454,28852,37400,64798,30306,0
23782,2391,88948,26173,112730,91339,0
10636,37606,49656,48242,60292,87262,0
40511,96756,93378,137267,133889,190134,1
94806,29213,1340,124019,96146,30553,0
87807,37010,39389,124817,127196,76399,0
47763,38113,88252,85876,136015,126365,0
43841,10771,35330,54612,79171,46101,1
92813,29443,51736,122256,144549,81179,0
19967,19363,88653,39330,108620,108016,0
58578,67609,57708,126187,116286,125317,1
49443,23282,74141,72725,123584,97423,0
31232,39558,37206,70790,68438,76764,1
61139,97612,44761,158751,105900,142373,1
62900,80063,47749,142963,110649,127812,1
51160,71132,20004,122292,71164,91136,1
53810,23657,17120,77467,70930,40777,0
99991,29407,94553,129398,194544,123960,1
25397,91349,44749,116746,70146,136098,0
2916,23257,44318,26173,47234,67575,0
3811,9143,42747,12954,46558,51890,0
46340,45091,94732,91431,141072,139823,0
14610,74840,26806,89450,41416,101646,0
82414,86579,34940,168993,117354,121519,1
44742,53983,82909,98725,127651,136892,1
31854,21282,40028,53136,71882,61310,1
52480,83405,59151,135885,111631,142556,1
913,26753,64145,27666,65058,90898,0
97240,6229,59482,103469,156722,65711,0
50194,46025,44349,96219,94543,90374,1
56774,80417,6945,137191,63719,87362,0
30193,97583,88456,127776,118649,186039,1
13356,82406,61434,95762,74790,143840,0
21741,95084,7057,116825,28798,102141,0
55348,71236,10845,126584,66193,82081,0
52171,50298,52829,102469,105000,103127,1
9398,1572,56306,10970,65704,57878,0
44284,63309,42692,107593,86976,106001,1
77947,14632,35222,92579,113169,49854,0
3677,35578,45245,39255,48922,80823,0
36139,59750,225,95889,36364,59975,0
44174,95399,32739,139573,76913,128138,0
79310,27692,73918,107002,153228,101610,1
33042,50497,88274,83539,121316,138771,0
51327,8288,79988,59615,131315,88276,0
58831,81713,97259,140544,156090,178972,1
2285,62480,5703,64765,7988,68183,0
13409,2665,87756,16074,101165,90421,0
79262,83751,13147,163013,92409,96898,1
33048,8000,8170,41048,41218,16170,0
15555,10465,63343,26020,78898,73808,0
17866,31331,3474,49197,21340,34805,0
8398,2888,73707,11286,82105,76595,0
45115,6045,25641,51160,70756,31686,0
75353,94511,59358,169864,134711,153869,1
58433,17962,45414,76395,103847,63376,1
27826,45493,53262,73319,81088,98755,1
82036,60295,50271,142331,132307,110566,1
34674,23236,73875,57910,108549,97111,0
94155,51823,5859,145978,100014,57682,0
87036,80678,1871,167714,88907,82549,0
61091,87680,30504,148771,91595,118184,1
91604,37571,26962,129175,118566,64533,0
88336,94782,57264,183118,145600,152046,1
4127,86109,49066,90236,53193,135175,0
44992,59716,59055,104708,104047,118771,1
1992,44573,78856,46565,80848,123429,0
28071,91939,74317,120010,102388,166256,1
16555,82983,62351,99538,78906,145334,0
27688,43673,68810,71361,96498,112483,1
16048,82567,88324,98615,104372,170891,1
20585,31222,17347,51807,37932,48569,1
15917,48109,20898,64026,36815,69007,0
19949,40193,42906,60142,62855,83099,1
56437,14232,14784,70669,71221,29016,0
41757,61468,2384,103225,44141,63852,0
58864,28236,64499,87100,123363,92735,1
15252,49639,92046,64891,107298,141685,0
19986,96755,50237,116741,70223,146992,0
9917,5982,14696,15899,24613,20678,1
91677,21597,64158,113274,155835,85755,0
27985,94002,93186,121987,121171,187188,1
39008,34118,5024,73126,44032,39142,1
41042,54995,63856,96037,104898,118851,1
35952,25790,78599,61742,114551,104389,0
10492,44575,92142,55067,102634,136717,0
80024,91356,64122,171380,144146,155478,1
37845,14643,84234,52488,122079,98877,0
34770,55913,72480,90683,107250,128393,1
85036,43263,2421,128299,87457,45684,0
40826,58477,68739,99303,109565,127216,1
90056,82804,61910,172860,151966,144714,1
30876,96441,69627,127317,100503,166068,1
97957,30124,92362,128081,190319,122486,1
24919,56810,36900,81729,61819,93710,1
91219,14906,59271,106125,150490,74177,0
38564,34483,45017,73047,83581,79500,1
89141,15430,24730,104571,113871,40160,0
11086,13814,37222,24900,48308,51036,0
87014,99576,88450,186590,175464,188026,1
11164,91380,55508,102544,66672,146888,0
38404,53309,81843,91713,120247,135152,1
61006,13815,99703,74821,160709,113518,0
32511,96388,26499,128899,59010,122887,0
24739,96991,99374,121730,124113,196365,1
83924,5591,93114,89515,177038,98705,0
31176,98705,89845,129881,121021,188550,1
51447,25115,66767,76562,118214,91882,1
76121,28460,17082,104581,93203,45542,0
26877,59240,26555,86117,53432,85795,0
9148,46156,96265,55304,105413,142421,0
57129,53437,69127,110566,126256,122564,1
42289,92471,88925,134760,131214,181396,1
32429,74654,54632,107083,87061,129286,1
23427,58827,92893,82254,116320,151720,0
93089,59130,82156,152219,175245,141286,1
26053,12859,97187,38912,123240,110046,0
54900,5701,74650,60601,129550,80351,0
10740,65582,39788,76322,50528,105370,0
51607,38563,44189,90170,95796,82752,1
25302,84144,8590,109446,33892,92734,0
5002,26361,58423,31363,63425,84784,0
1033,8046,90619,9079,91652,98665,0
83924,66202,95179,150126,179103,161381,1
96845,77119,38578,173964,135423,115697,1
60592,26992,29221,87584,89813,56213,0
157,36525,86169,36682,86326,122694,0
76149,63507,21642,139656,97791,85149,1
69834,49249,68911,119083,138745,118160,1
49178,19764,96935,68942,146113,116699,0
42187,50648,52657,92835,94844,103305,1
46657,78988,96416,125645,143073,175404,1
26884,2880,88879,29764,115763,91759,0
93144,12702,36141,105846,129285,48843,0
90404,58991,82756,149395,173160,141747,1
21963,63052,96666,85015,118629,159718,0
82155,38349,6099,120504,88254,44448,0
88227,25998,22294,114225,110521,48292,0
65414,51257,73639,116671,139053,124896,1
35788,25144,62542,60932,98330,87686,0
37034,73961,92844,110995,129878,166805,1
14584,62127,5191,76711,19775,67318,0
11303,38591,27620,49894,38923,66211,1
97053,67427,6003,164480,103056,73430,0
56919,84734,75969,141653,132888,160703,1
11341,81632,36281,92973,47622,117913,0
29334,56748,40177,86082,69511,96925,1
92940,18306,76309,111246,169249,94615,1
26813,85299,7216,112112,34029,92515,0
311,67241,52700,67552,53011,119941,0
83127,31487,16540,114614,99667,48027,0
11654,91549,72888,103203,84542,164437,0
64534,61803,76575,126337,141109,138378,1
5853,79023,98026,84876,103879,177049,0
51501,81701,35209,133202,86710,116910,1
83446,26352,18932,109798,102378,45284,0
58477,94600,50591,153077,109068,145191,1
80285,52069,55026,132354,135311,107095,1
4285,42581,617,46866,4902,43198,0
35757,24255,55208,60012,90965,79463,1
8369,10510,26594,18879,34963,37104,0
24691,97634,86667,122325,111358,184301,1
93331,31038,79840,124369,173171,110878,1
32768,36605,605,69373,33373,37210,0
55281,96318,17343,151599,72624,113661,0
37964,37753,34486,75717,72450,72239,1
56521,37949,42274,94470,98795,80223,1
86270,51295,79008,137565,165278,130303,1
55096,44362,81926,99458,137022,126288,1
19142,70552,62220,89694,81362,132772,1
11809,96365,30410,108174,42219,126775,0
11931,14678,1086,26609,13017,15764,0
57682,49831,31683,107513,89365,81514,1
97914,625,40754,98539,138668,41379,0
5812,76284,5759,82096,11571,82043,0
2429,39074,41283,41503,43712,80357,1
45846,64557,56390,110403,102236,120947,1
56057,13519,38919,69576,94976,52438,0
41220,89566,80005,130786,121225,169571,1
18436,28685,45922,47121,64358,74607,1
19719,41054,24930,60773,44649,65984,1
93293,78027,62388,171320,155681,140415,1
53103,77830,44052,130933,97155,121882,1
72985,4189,68482,77174,141467,72671,0
72941,61647,86055,134588,158996,147702,1
50012,36564,87453,86576,137465,124017,0
12442,8502,92317,20944,104759,100819,0
290,54213,7395,54503,7685,61608,0
90007,5671,31687,95678,121694,37358,0
92030,72953,37834,164983,129864,110787,1
20831,19593,34051,40424,54882,53644,1
95218,9197,69427,104415,164645,78624,0
4900,43704,64099,48604,68999,107803,0
40529,2201,92397,42730,132926,94598,0
10156,571,8747,10727,18903,9318,0
69556,80983,47396,150539,116952,128379,1
76037,87260,99879,163297,175916,187139,1
55278,21303,84524,76581,139802,105827,0
82756,18557,35215,101313,117971,53772,0
93337,23771,38453,117108,131790,62224,0
69947,72628,55342,142575,125289,127970,1
90962,89685,18668,180647,109630,108353,1
32344,20560,78686,52904,111030,99246,0
58805,38549,40530,97354,99335,79079,1
32690,69143,71747,101833,104437,140890,1
14913,34809,69831,49722,84744,104640,0
38516,64486,17824,103002,56340,82310,0
98979,4962,71477,103941,170456,76439,0
66107,12253,12536,78360,78643,24789,0
29802,17461,24924,47263,54726,42385,1
80713,50265,8913,130978,89626,59178,0
8418,41554,15919,49972,24337,57473,0
22813,99341,75459,122154,98272,174800,0
65115,46556,3266,111671,68381,49822,0
65558,39946,82881,105504,148439,122827,1
75801,218,20691,76019,96492,20909,0
66133,76440,92440,142573,158573,168880,1
11359,13338,78495,24697,89854,91833,0
85271,18202,61262,103473,146533,79464,0
95244,96289,71578,191533,166822,167867,1
52451,4477,97741,56928,150192,102218,0
77447,66567,14408,144014,91855,80975,1
25896,2297,54429,28193,80325,56726,0
11711,82217,45018,93928,56729,127235,0
69027,79940,1017,148967,70044,80957,0
33800,87716,9383,121516,43183,97099,0
79355,5651,25718,85006,105073,31369,0
42716,93262,10104,135978,52820,103366,0
49215,7969,197,57184,49412,8166,0
76585,64171,8044,140756,84629,72215,0
3070,45369,13399,48439,16469,58768,0
81502,1461,16319,82963,97821,17780,0
36156,75852,83444,112008,119600,159296,1
60429,36420,94501,96849,154930,130921,1
46539,19588,34319,66127,80858,53907,1
6042,51355,62610,57397,68652,113965,0
12724,26456,37287,39180,50011,63743,1
74762,95587,17292,170349,92054,112879,0
38189,3102,88895,41291,127084,91997,0
36953,95102,54669,132055,91622,149771,0
24225,87029,37437,111254,61662,124466,0
70247,94359,42857,164606,113104,137216,1
33585,32860,12562,66445,46147,45422,1
42647,64560,34652,107207,77299,99212,1
22945,34265,74518,57210,97463,108783,0
33834,35158,30794,68992,64628,65952,1
14035,62409,12544,76444,26579,74953,0
40651,62731,77824,103382,118475,140555,1
91142,76021,38084,167163,129226,114105,1
46517,66637,98005,113154,144522,164642,1
30114,38807,93149,68921,123263,131956,0
27499,15219,72068,42718,99567,87287,0
4781,90481,84863,95262,89644,175344,0
18423,88661,98552,107084,116975,187213,1
75560,8268,24480,83828,100040,32748,0
6617,49426,99796,56043,106413,149222,0
36871,20663,66562,57534,103433,87225,0
21029,5823,72337,26852,93366,78160,0
30180,99798,60348,129978,90528,160146,0
87214,80053,10572,167267,97786,90625,1
68575,24688,31789,93263,100364,56477,0
25834,9129,89601,34963,115435,98730,0
37894,74104,16488,111998,54382,90592,0
28150,48741,22008,76891,50158,70749,1
61297,65963,28631,127260,89928,94594,1
50164,59955,7038,110119,57202,66993,0
53172,84413,46498,137585,99670,130911,1
1785,31130,30862,32915,32647,61992,1
26514,50526,56936,77040,83450,107462,1
86287,33032,39193,119319,125480,72225,0
54392,97477,1382,151869,55774,98859,0
23834,33966,85895,57800,109729,119861,0
806,88703,86988,89509,87794,175691,0
45792,56807,24401,102599,70193,81208,1
10503,61869,70914,72372,81417,132783,1
42935,59423,1653,102358,44588,61076,0
96700,73791,96731,170491,193431,170522,1
71113,5950,510,77063,71623,6460,0
10680,57737,16966,68417,27646,74703,0
11635,2862,2099,14497,13734,4961,0
67265,91348,19363,158613,86628,110711,0
41518,63088,22584,104606,64102,85672,1
55001,2931,74964,57932,129965,77895,0
80098,88858,97605,168956,177703,186463,1
12825,15209,1170,28034,13995,16379,0
49178,67377,48023,116555,97201,115400,1
14526,79619,54834,94145,69360,134453,0
18349,14221,64206,32570,82555,78427,0
86687,64535,71881,151222,158568,136416,1
28360,93830,74229,122190,102589,168059,1
73066,35483,65632,108549,138698,101115,1
15352,5409,20539,20761,35891,25948,1
26572,4440,67905,31012,94477,72345,0
25041,37021,8981,62062,34022,46002,0
69745,26574,25921,96319,95666,52495,0
37739,45164,44217,82903,81956,89381,1
28511,18979,94653,47490,123164,113632,0
20903,45373,79871,66276,100774,125244,0
2084,7576,40645,9660,42729,48221,0
45778,4029,70268,49807,116046,74297,0
94249,86764,34043,181013,128292,120807,1
46808,31355,48971,78163,95779,80326,1
21626,74610,62283,96236,83909,136893,1
24088,94072,68696,118160,92784,162768,0
12565,2346,14340,14911,26905,16686,1
90479,76692,58937,167171,149416,135629,1
74421,55783,64830,130204,139251,120613,1
94061,16659,73740,110720,167801,90399,0
32489,60392,46740,92881,79229,107132,1
90922,15881,15481,106803,106403,31362,0
38679,80696,28075,119375,66754,108771,0
20240,39723,21266,59963,41506,60989,1
63208,34257,63350,97465,126558,97607,1
87074,49337,9201,136411,96275,58538,0
16716,24716,88094,41432,104810,112810,0
46605,51350,40151,97955,86756,91501,1
43441,85948,32550,129389,75991,118498,0
60933,3335,29745,64268,90678,33080,0
62671,95545,72839,158216,135510,168384,1
81851,2008,78697,83859,160548,80705,0
67265,39315,53787,106580,121052,93102,1
84246,41133,17247,125379,101493,58380,0
51190,28608,46066,79798,97256,74674,1
62384,44594,42773,106978,105157,87367,1
28037,22714,22244,50751,50281,44958,1
23259,16678,48058,39937,71317,64736,0
88964,60814,28184,149778,117148,88998,1
1757,14517,9703,16274,11460,24220,0
42377,12244,13204,54621,55581,25448,0
5170,83154,49861,88324,55031,133015,0
54591,62203,82584,116794,137175,144787,1
58143,8583,88115,66726,146258,96698,0
73508,57129,47637,130637,121145,104766,1
78640,90065,17671,168705,96311,107736,1
51911,92849,7539,144760,59450,100388,0
15231,34475,55349,49706,70580,89824,0
12694,93968,56467,106662,69161,150435,0
94375,98734,45604,193109,139979,144338,1
59282,42870,19968,102152,79250,62838,1
21691,10941,40277,32632,61968,51218,0
42504,94457,34952,136961,77456,129409,0
68440,9455,36729,77895,105169,46184,0
4364,31883,77628,36247,81992,109511,0
38302,55259,86273,93561,124575,141532,1
91870,61837,27750,153707,119620,89587,0
71423,94085,62286,165508,133709,156371,1
60996,47109,52132,108105,113128,99241,1
61649,35645,14015,97294,75664,49660,0
80463,76094,17949,156557,98412,94043,1
71776,44414,56020,116190,127796,100434,1
66734,58604,14524,125338,81258,73128,1
66762,77389,71759,144151,138521,149148,1
34110,55468,79338,89578,113448,134806,1
69497,30319,22152,99816,91649,52471,0
19645,8179,92849,27824,112494,101028,0
42454,66261,56567,108715,99021,122828,1
73462,9748,93584,83210,167046,103332,0
15891,2050,59632,17941,75523,61682,0
49130,8241,53006,57371,102136,61247,1
42975,92574,48379,135549,91354,140953,0
39065,34697,9551,73762,48616,44248,1
50762,74104,93937,124866,144699,168041,1
14781,12949,90655,27730,105436,103604,0
28934,26568,42254,55502,71188,68822,1
73275,27405,3045,100680,76320,30450,0
59843,44717,56455,104560,116298,101172,1
17967,76488,20174,94455,38141,96662,0
25719,71178,19605,96897,45324,90783,0
1651,61797,68136,63448,69787,129933,0
70542,5045,46400,75587,116942,51445,0
11143,88396,18067,99539,29210,106463,0
75711,54535,17561,130246,93272,72096,0
29536,42333,8464,71869,38000,50797,0
13186,35972,5957,49158,19143,41929,0
55013,69715,74082,124728,129095,143797,1
3654,141,17416,3795,21070,17557,0
81409,17193,98387,98602,179796,115580,1
78769,90972,62562,169741,141331,153534,1
98392,88482,89167,186874,187559,177649,1
56228,29780,34251,86008,90479,64031,1
28679,66306,59533,94985,88212,125839,1
69513,77647,14184,147160,83697,91831,1
78162,16187,35346,94349,113508,51533,0
74451,23809,1509,98260,75960,25318,0
36815,19872,74104,56687,110919,93976,0
73487,43936,95508,117423,168995,139444,1
68913,79335,89545,148248,158458,168880,1
69680,66638,54837,136318,124517,121475,1
20503,13422,79789,33925,100292,93211,0
29810,93580,5246,123390,35056,98826,0
94195,1119,12430,95314,106625,13549,0
78396,49586,38365,127982,116761,87951,1
31020,28704,53149,59724,84169,81853,1
54812,55074,77976,109886,132788,133050,1
81942,57681,48771,139623,130713,106452,1
12103,70139,15733,82242,27836,85872,0
84441,62669,22267,147110,106708,84936,1
53676,92228,55942,145904,109618,148170,1
48194,23925,77506,72119,125700,101431,0
33769,88555,40466,122324,74235,129021,0
88554,6270,74709,94824,163263,80979,0
58247,4239,14163,62486,72410,18402,0
90806,91802,39464,182608,130270,131266,1
73240,2058,76604,75298,149844,78662,0
5855,25755,93753,31610,99608,119508,0
87726,96044,24539,183770,112265,120583,1
46735,91760,5469,138495,52204,97229,0
15946,12115,44225,28061,60171,56340,0
9406,49183,73920,58589,83326,123103,0
56854,55944,82869,112798,139723,138813,1
926,278,28551,1204,29477,28829,0
72947,3981,50559,76928,123506,54540,0
55508,78904,13309,134412,68817,92213,0
41096,66957,70695,108053,111791,137652,1
15602,10547,48014,26149,63616,58561,0
43638,65238,96463,108876,140101,161701,1
9584,98571,18826,108155,28410,117397,0
44197,50948,56909,95145,101106,107857,1
1874,84671,50564,86545,52438,135235,0
19121,48450,15968,67571,35089,64418,0
44792,31230,24258,76022,69050,55488,1
89438,5230,41760,94668,131198,46990,0
99654,35629,78458,135283,178112,114087,1
108,99104,41250,99212,41358,140354,0
59098,88422,30995,147520,90093,119417,1
96315,54551,87728,150866,184043,142279,1
62021,138,62982,62159,125003,63120,0
74218,82011,44372,156229,118590,126383,1
56350,69689,55808,126039,112158,125497,1
23732,94184,51209,117916,74941,145393,0
77026,68328,41209,145354,118235,109537,1
72965,5039,17130,78004,90095,22169,0
20433,76380,53720,96813,74153,130100,0
6453,59202,73225,65655,79678,132427,0
59669,21153,4064,80822,63733,25217,0
97869,69209,13027,167078,110896,82236,0
83411,29626,86567,113037,169978,116193,1
17215,17281,7453,34496,24668,24734,1
52089,96804,86184,148893,138273,182988,1
82264,49168,9037,131432,91301,58205,0
27264,45740,37989,73004,65253,83729,1
27805,60861,47528,88666,75333,108389,1
63599,52182,58536,115781,122135,110718,1
75581,19805,7638,95386,83219,27443,0
98936,95536,95672,194472,194608,191208,1
2308,15344,73013,17652,75321,88357,0
10848,21337,85042,32185,95890,106379,0
32904,41921,5488,74825,38392,47409,0
52844,95489,518,148333,53362,96007,0
44895,87065,34744,131960,79639,121809,0
70335,11868,83881,82203,154216,95749,0
22498,63822,98780,86320,121278,162602,0
42667,21762,19687,64429,62354,41449,0
7532,65181,44576,72713,52108,109757,0
58029,35088,16842,93117,74871,51930,0
25149,83974,48000,109123,73149,131974,0
59252,59419,16202,118671,75454,75621,1
75260,58708,8135,133968,83395,66843,0
9068,7100,35883,16168,44951,42983,0
53095,79727,35907,132822,89002,115634,1
12817,99289,85957,112106,98774,185246,0
94034,59326,77511,153360,171545,136837,1
7337,49613,57737,56950,65074,107350,0
90623,61291,98690,151914,189313,159981,1
42359,67310,86489,109669,128848,153799,1
39013,35443,45868,74456,84881,81311,1
61678,39664,97126,101342,158804,136790,1
99131,90934,7798,190065,106929,98732,0
50008,10002,50159,60010,100167,60161,1
42152,53930,39458,96082,81610,93388,1
84474,41736,34424,126210,118898,76160,0
62188,13517,37855,75705,100043,51372,0
19719,28535,9077,48254,28796,37612,1
21162,12742,55522,33904,76684,68264,0
19722,28198,31778,47920,51500,59976,1
47436,80667,18158,128103,65594,98825,0
1675,58585,44137,60260,45812,102722,0
50896,32443,61899,83339,112795,94342,1
22034,51298,94177,73332,116211,145475,0
41767,84766,95510,126533,137277,180276,1
67710,87865,73739,155575,141449,161604,1
72267,86014,55587,158281,127854,141601,1
31142,6114,76289,37256,107431,82403,0
58835,95630,93487,154465,152322,189117,1
84304,6466,60709,90770,145013,67175,0
91212,92632,87161,183844,178373,179793,1
47785,23582,12174,71367,59959,35756,0
23745,79238,87873,102983,111618,167111,1
85285,35838,54252,121123,139537,90090,1
55047,3966,78566,59013,133613,82532,0
95098,53493,1307,148591,96405,54800,0
1509,46669,7644,48178,9153,54313,0
65985,89390,91688,155375,157673,181078,1
90163,22763,62825,112926,152988,85588,0
9267,53369,54058,62636,63325,107427,1
61538,89500,88858,151038,150396,178358,1
24442,63886,7310,88328,31752,71196,0
34860,79362,98518,114222,133378,177880,1
42148,89861,98712,132009,140860,188573,1
34886,43374,51432,78260,86318,94806,1
19723,37481,25075,57204,44798,62556,1
61580,53481,46154,115061,107734,99635,1
92436,22607,56952,115043,149388,79559,0
5052,16732,35773,21784,40825,52505,0
20706,42792,91107,63498,111813,133899,0
95484,85533,33399,181017,128883,118932,1
74063,58328,29358,132391,103421,87686,1
53582,26439,8736,80021,62318,35175,0
10614,42515,51995,53129,62609,94510,1
4869,23278,52941,28147,57810,76219,0
53692,18598,65827,72290,119519,84425,1
59952,10089,37339,70041,97291,47428,0
46480,55761,47996,102241,94476,103757,1
5819,77571,70732,83390,76551,148303,0
40961,41869,87485,82830,128446,129354,0
72668,8565,19054,81233,91722,27619,0
66368,61452,73303,127820,139671,134755,1
8953,37938,91342,46891,100295,129280,0
28909,61339,56929,90248,85838,118268,1
96611,90650,35597,187261,132208,126247,1
86156,68794,95709,154950,181865,164503,1
2669,78109,89946,80778,92615,168055,0
70227,40880,70801,111107,141028,111681,1
59998,78190,33912,138188,93910,112102,1
59231,89733,46750,148964,105981,136483,1
64140,2541,81521,66681,145661,84062,0
91319,2709,1433,94028,92752,4142,0
9400,84270,86091,93670,95491,170361,1
60693,23343,74525,84036,135218,97868,1
74498,7204,57952,81702,132450,65156,0
19407,86214,97918,105621,117325,184132,1
80330,49085,99703,129415,180033,148788,1
11370,20195,42533,31565,53903,62728,0
39027,32352,52969,71379,91996,85321,1
44028,73936,95004,117964,139032,168940,1
46772,16816,12121,63588,58893,28937,0
80306,40902,64448,121208,144754,105350,1
9494,49252,16931,58746,26425,66183,0
67642,70818,63711,138460,131353,134529,1
20925,29641,31322,50566,52247,60963,1
71428,57573,96958,129001,168386,154531,1
44959,65294,1980,110253,46939,67274,0
26668,36029,13609,62697,40277,49638,1
85253,62567,27775,147820,113028,90342,1
5949,99573,49246,105522,55195,148819,0
54593,76845,94979,131438,149572,171824,1
6750,33556,102,40306,6852,33658,0
93173,9198,19510,102371,112683,28708,0
3561,16219,16341,19780,19902,32560,1
61513,41830,18664,103343,80177,60494,0
44942,58843,63745,103785,108687,122588,1
80911,5475,6479,86386,87390,11954,0
53272,13117,76124,66389,129396,89241,0
88503,54669,89688,143172,178191,144357,1
625,51684,51576,52309,52201,103260,1
62352,30444,53935,92796,116287,84379,1
11304,67028,4988,78332,16292,72016,0
71310,64469,19065,135779,90375,83534,1
31447,16519,15095,47966,46542,31614,1
2427,48471,30981,50898,33408,79452,0
33707,27097,15526,60804,49233,42623,1
67991,45075,23685,113066,91676,68760,1
43826,25389,29233,69215,73059,54622,1
52970,89703,69472,142673,122442,159175,1
59931,16985,89528,76916,149459,106513,0
70638,28366,89163,99004,159801,117529,1
82295,56585,59160,138880,141455,115745,1
56114,72086,28257,128200,84371,100343,1
7300,68930,67127,76230,74427,136057,1
85786,83489,38252,169275,124038,121741,1
85351,13302,22641,98653,107992,35943,0
79619,21754,26726,101373,106345,48480,0
26443,69816,83900,96259,110343,153716,1
88033,90569,60855,178602,148888,151424,1
88128,70706,34797,158834,122925,105503,1
378,45002,11604,45380,11982,56606,0
81014,69825,95402,150839,176416,165227,1
79002,76236,80400,155238,159402,156636,1
34243,81202,34874,115445,69117,116076,0
34742,91324,20378,126066,55120,111702,0
69958,67184,38247,137142,108205,105431,1
41494,33692,90400,75186,131894,124092,0
61003,73416,45292,134419,106295,118708,1
68952,28638,94149,97590,163101,122787,1
64751,5058,88306,69809,153057,93364,0
56710,61624,32577,118334,89287,94201,1
25908,655,53857,26563,79765,54512,0
51260,43701,16138,94961,67398,59839,1
90070,94511,88981,184581,179051,183492,1
88468,69881,44581,158349,133049,114462,1
43923,68814,40684,112737,84607,109498,1
34218,8831,6750,43049,40968,15581,0
94396,62914,73054,157310,167450,135968,1
34000,3749,85660,37749,119660,89409,0
73536,41417,23305,114953,96841,64722,0
75491,6247,65580,81738,141071,71827,0
76491,53558,41861,130049,118352,95419,1
36000,73748,31361,109748,67361,105109,0
88035,75124,91505,163159,179540,166629,1
52157,45977,40324,98134,92481,86301,1
15624,76032,98491,91656,114115,174523,0
6859,77799,78014,84658,84873,155813,1
52962,79103,5464,132065,58426,84567,0
17113,16424,62540,33537,79653,78964,0
5940,35575,68825,41515,74765,104400,0
44284,26654,97538,70938,141822,124192,0
56738,4293,33691,61031,90429,37984,0
57863,38021,52550,95884,110413,90571,1
18469,42176,49899,60645,68368,92075,1
16139,866,51941,17005,68080,52807,0
74109,31811,62763,105920,136872,94574,1
47150,63916,73482,111066,120632,137398,1
56732,3536,35751,60268,92483,39287,0
76156,30729,23716,106885,99872,54445,0
14300,7525,51165,21825,65465,58690,0
92556,64556,63577,157112,156133,128133,1
87789,83075,95495,170864,183284,178570,1
80714,85360,37826,166074,118540,123186,1
62918,53371,85669,116289,148587,139040,1
93895,45777,37386,139672,131281,83163,0
53997,4966,5999,58963,59996,10965,0
48825,48250,19182,97075,68007,67432,1
76542,39545,79321,116087,155863,118866,1
20529,57406,86107,77935,106636,143513,0
27838,1055,75535,28893,103373,76590,0
71101,38843,74560,109944,145661,113403,1
16463,59297,94057,75760,110520,153354,0
75217,11524,26313,86741,101530,37837,0
4100,96523,88526,100623,92626,185049,0
52860,22506,19547,75366,72407,42053,0
47692,7356,14862,55048,62554,22218,0
28142,76990,23513,105132,51655,100503,0
4568,8899,32181,13467,36749,41080,0
5782,27202,50758,32984,56540,77960,0
92995,64969,21147,157964,114142,86116,0
80519,73347,74223,153866,154742,147570,1
23047,90275,88406,113322,111453,178681,1
34907,15698,74824,50605,109731,90522,0
38895,4073,55337,42968,94232,59410,0
18486,74566,68021,93052,86507,142587,1
71709,46189,78462,117898,150171,124651,1
46494,46572,66120,93066,112614,112692,1
56671,5864,63464,62535,120135,69328,0
42225,48811,13887,91036,56112,62698,1
55536,99092,5534,154628,61070,104626,0
97110,90408,44708,187518,141818,135116,1
63894,25276,84837,89170,148731,110113,1
14605,89616,27004,104221,41609,116620,0
65550,87921,81048,153471,146598,168969,1
26510,59972,25531,86482,52041,85503,0
331,70944,92078,71275,92409,163022,0
50597,61350,67952,111947,118549,129302,1
38146,71966,12293,110112,50439,84259,0
14972,45350,33037,60322,48009,78387,1
24955,46512,56877,71467,81832,103389,1
46680,83740,28035,130420,74715,111775,0
35283,27329,86904,62612,122187,114233,0
39219,50707,36871,89926,76090,87578,1
88107,41062,60123,129169,148230,101185,1
15965,61632,11262,77597,27227,72894,0
86729,50453,16653,137182,103382,67106,0
1583,75740,25457,77323,27040,101197,0
38949,70641,18747,109590,57696,89388,0
59382,46737,5595,106119,64977,52332,0
90818,29019,15842,119837,106660,44861,0
65717,79103,95980,144820,161697,175083,1
42435,610,51715,43045,94150,52325,0
7908,19776,60710,27684,68618,80486,0
58514,73309,20727,131823,79241,94036,1
47818,8734,30137,56552,77955,38871,0
83450,59721,44778,143171,128228,104499,1
28093,14032,3290,42125,31383,17322,0
63891,56116,60282,120007,124173,116398,1
55466,43203,17417,98669,72883,60620,1
30257,51032,67519,81289,97776,118551,1
32893,26703,37523,59596,70416,64226,1
25379,9289,57058,34668,82437,66347,0
84882,91747,26439,176629,111321,118186,1
10903,90275,29758,101178,40661,120033,0
19464,68190,99819,87654,119283,168009,0
31044,762,67218,31806,98262,67980,0
33720,99966,78727,133686,112447,178693,1
72209,75914,70700,148123,142909,146614,1
89400,5069,26001,94469,115401,31070,0
43681,89910,74437,133591,118118,164347,1
98295,28658,67038,126953,165333,95696,0
39858,94822,346,134680,40204,95168,0
4345,23513,11241,27858,15586,34754,0
14330,37780,93090,52110,107420,130870,0
98680,55459,72378,154139,171058,127837,1
84461,93026,26114,177487,110575,119140,1
35185,58432,24064,93617,59249,82496,1
66530,29037,76411,95567,142941,105448,1
24097,4390,56424,28487,80521,60814,0
38318,12544,68471,50862,106789,81015,0
69721,9737,47119,79458,116840,56856,0
99279,89005,79395,188284,178674,168400,1
60929,22236,20767,83165,81696,43003,0
51869,17540,54794,69409,106663,72334,1
76120,60219,72960,136339,149080,133179,1
76068,22085,12200,98153,88268,34285,0
41604,60430,11496,102034,53100,71926,0
6513,86129,38161,92642,44674,124290,0
32425,62667,94824,95092,127249,157491,1
53465,69165,29390,122630,82855,98555,1
98351,96062,73292,194413,171643,169354,1
88046,90656,95922,178702,183968,186578,1
99101,81944,56231,181045,155332,138175,1
34383,74074,59032,108457,93415,133106,1
39917,89909,19273,129826,59190,109182,0
3717,15422,35558,19139,39275,50980,0
52168,35540,63220,87708,115388,98760,1
77259,68732,95875,145991,173134,164607,1
95897,14450,9886,110347,105783,24336,0
84738,8552,9163,93290,93901,17715,0
28895,41464,34121,70359,63016,75585,1
22329,85915,32862,108244,55191,118777,0
12017,15665,79808,27682,91825,95473,0
34600,46477,23194,81077,57794,69671,1
45035,35867,3757,80902,48792,39624,0
53543,86894,8011,140437,61554,94905,0
77486,35230,38739,112716,116225,73969,0
12775,79545,50584,92320,63359,130129,0
12666,25270,34650,37936,47316,59920,1
57875,50410,68463,108285,126338,118873,1
14683,62718,15112,77401,29795,77830,0
7470,30057,45467,37527,52937,75524,0
39444,45494,42015,84938,81459,87509,1
72502,89298,87387,161800,159889,176685,1
62132,76072,78836,138204,140968,154908,1
5374,54698,11602,60072,16976,66300,0
26608,171,21053,26779,47661,21224,0
52884,17091,78462,69975,131346,95553,0
53649,13533,24427,67182,78076,37960,0
91619,27994,34160,119613,125779,62154,0
36870,55716,45471,92586,82341,101187,1
79770,77809,26658,157579,106428,104467,1
52287,15027,31249,67314,83536,46276,0
88944,23726,94430,112670,183374,118156,1
264,86303,13664,86567,13928,99967,0
76475,29271,11915,105746,88390,41186,0
45218,62332,99820,107550,145038,162152,1
385,50583,8644,50968,9029,59227,0
94273,13186,99374,107459,193647,112560,1
95927,1587,37072,97514,132999,38659,0
62730,92120,42485,154850,105215,134605,1
74574,92271,22412,166845,96986,114683,1
79102,86453,74978,165555,154080,161431,1
44035,51885,48691,95920,92726,100576,1
32625,78897,43374,111522,75999,122271,0
3173,54708,92709,57881,95882,147417,0
73187,24265,80896,97452,154083,105161,1
77349,46931,68361,124280,145710,115292,1
84236,99450,60054,183686,144290,159504,1
78480,28449,29114,106929,107594,57563,0
79378,58421,30459,137799,109837,88880,1
18956,64149,77267,83105,96223,141416,1
22688,83032,22476,105720,45164,105508,0
39100,19092,67141,58192,106241,86233,0
84217,10191,53274,94408,137491,63465,0
33228,37620,96955,70848,130183,134575,0
84928,90132,10921,175060,95849,101053,1
37392,23297,15333,60689,52725,38630,1
36053,25641,72725,61694,108778,98366,0
73882,98825,16796,172707,90678,115621,0
14662,46946,83295,61608,97957,130241,0
59241,97215,70736,156456,129977,167951,1
55140,17480,67101,72620,122241,84581,1
97768,60581,60918,158349,158686,121499,1
72570,48334,72222,120904,144792,120556,1
89230,1662,84709,90892,173939,86371,0
67026,71610,85702,138636,152728,157312,1
138,79621,57536,79759,57674,137157,0
25070,66956,58763,92026,83833,125719,1
56344,18677,65513,75021,121857,84190,1
66809,31280,3783,98089,70592,35063,0
30340,77314,97580,107654,127920,174894,1
94245,77869,62422,172114,156667,140291,1
67011,39523,67475,106534,134486,106998,1
11527,3299,82317,14826,93844,85616,0
58509,93457,35561,151966,94070,129018,1
90988,9640,67699,100628,158687,77339,0
93463,14564,64139,108027,157602,78703,0
97422,37205,23529,134627,120951,60734,0
28119,31443,619,59562,28738,32062,0
40476,36411,56430,76887,96906,92841,1
57223,44864,63468,102087,120691,108332,1
76767,48100,24367,124867,101134,72467,0
4737,12687,76973,17424,81710,89660,0
22070,48457,4129,70527,26199,52586,0
69785,88233,62806,158018,132591,151039,1
48118,33361,41706,81479,89824,75067,1
20812,86697,99581,107509,120393,186278,1
96745,54047,63557,150792,160302,117604,1
75793,4908,29050,80701,104843,33958,0
44189,73005,16193,117194,60382,89198,0
52043,76032,24875,128075,76918,100907,1
14665,39205,69438,53870,84103,108643,0
85999,46308,97392,132307,183391,143700,1
58234,55751,23511,113985,81745,79262,1
16558,40701,75576,57259,92134,116277,0
44773,98913,53484,143686,98257,152397,0
39317,309,8964,39626,48281,9273,0
85449,98652,57686,184101,143135,156338,1
85120,21287,19612,106407,104732,40899,0
14138,96129,1709,110267,15847,97838,0
71086,36391,42371,107477,113457,78762,1
35985,5740,37104,41725,73089,42844,1
73958,3921,73771,77879,147729,77692,1
43750,11041,71111,54791,114861,82152,0
56464,35430,869,91894,57333,36299,0
59945,74657,27886,134602,87831,102543,1
17021,26699,29936,43720,46957,56635,1
15538,51368,38698,66906,54236,90066,1
25790,68650,74252,94440,100042,142902,1
42584,77533,89578,120117,132162,167111,1
69150,18235,92554,87385,161704,110789,0
1025,86539,25643,87564,26668,112182,0
89673,26482,69964,116155,159637,96446,1
69030,25654,25435,94684,94465,51089,0
39009,90571,21167,129580,60176,111738,0
58992,15493,89754,74485,148746,105247,0
79049,64887,38001,143936,117050,102888,1
71832,40853,75695,112685,147527,116548,1
49871,15650,88998,65521,138869,104648,0
93347,10125,8262,103472,101609,18387,0
16568,53988,54589,70556,71157,108577,1
23465,4387,3139,27852,26604,7526,0
87509,68925,38746,156434,126255,107671,1
10692,41976,42744,52668,53436,84720,1
34467,59377,43695,93844,78162,103072,1
66955,44649,78057,111604,145012,122706,1
79152,94977,51771,174129,130923,146748,1
85943,16299,93628,102242,179571,109927,1
54835,53759,45623,108594,100458,99382,1
77777,72885,69686,150662,147463,142571,1
71309,91039,50469,162348,121778,141508,1
27681,8802,64037,36483,91718,72839,0
80888,64207,61821,145095,142709,126028,1
37215,47473,95370,84688,132585,142843,0
85916,37657,62608,123573,148524,100265,1
10213,48608,70268,58821,80481,118876,0
67251,94786,41513,162037,108764,136299,1
57152,89912,43043,147064,100195,132955,1
19730,84920,14727,104650,34457,99647,0
40753,35384,71704,76137,112457,107088,1
86418,88874,99854,175292,186272,188728,1
95896,57940,32499,153836,128395,90439,0
23524,99931,36235,123455,59759,136166,0
92858,83271,33069,176129,125927,116340,1
60301,99165,90490,159466,150791,189655,1
26559,70895,70024,97454,96583,140919,1
69881,52694,6470,122575,76351,59164,0
60098,13104,14273,73202,74371,27377,0
69341,90689,92562,160030,161903,183251,1
42889,1851,14834,44740,57723,16685,0
91568,324,23224,91892,114792,23548,0
87875,66939,19607,154814,107482,86546,0
85610,29474,50150,115084,135760,79624,0
80175,23171,51075,103346,131250,74246,0
88639,24780,28247,113419,116886,53027,0
40480,68511,67911,108991,108391,136422,1
79433,70739,21926,150172,101359,92665,1
61365,19911,78679,81276,140044,98590,1
51013,41038,77622,92051,128635,118660,1
98684,74371,42645,173055,141329,117016,1
86324,13826,64517,100150,150841,78343,0
88404,65281,64087,153685,152491,129368,1
14115,72401,87661,86516,101776,160062,0
86869,99433,5133,186302,92002,104566,0
44604,33722,45205,78326,89809,78927,1
54257,95383,15324,149640,69581,110707,0
26397,74248,56503,100645,82900,130751,1
29321,83870,34607,113191,63928,118477,0
31505,72016,79964,103521,111469,151980,1
52710,84886,88646,137596,141356,173532,1
82199,23448,12268,105647,94467,35716,0
29958,99466,17474,129424,47432,116940,0
4216,46102,14610,50318,18826,60712,0
84121,46999,72524,131120,156645,119523,1
37625,9885,71561,47510,109186,81446,0
57660,70666,12469,128326,70129,83135,0
89523,52420,22261,141943,111784,74681,0
52398,82642,20095,135040,72493,102737,0
99509,6407,4092,105916,103601,10499,0
14895,91280,78014,106175,92909,169294,1
20270,67820,77925,88090,98195,145745,1
50886,43587,21949,94473,72835,65536,1
6715,12187,72592,18902,79307,84779,0
5077,91378,372,96455,5449,91750,0
58447,68107,1643,126554,60090,69750,0
46853,34402,13553,81255,60406,47955,1
91669,77097,63481,168766,155150,140578,1
53283,94976,95708,148259,148991,190684,1
42571,36621,82033,79192,124604,118654,0
24735,79326,27937,104061,52672,107263,0
54648,97798,87433,152446,142081,185231,1
7258,7186,6657,14444,13915,13843,1
41080,84017,9838,125097,50918,93855,0
50138,89870,48902,140008,99040,138772,1
83554,21687,93390,105241,176944,115077,1
48245,1122,81324,49367,129569,82446,0
21591,62731,77523,84322,99114,140254,1
81596,27336,58831,108932,140427,86167,1
91195,53814,69932,145009,161127,123746,1
69105,12744,99291,81849,168396,112035,0
63187,50789,29859,113976,93046,80648,1
23880,83905,19559,107785,43439,103464,0
72334,52521,27135,124855,99469,79656,1
85036,77862,61659,162898,146695,139521,1
64031,57115,37826,121146,101857,94941,1
31849,77054,85731,108903,117580,162785,1
83173,2100,36753,85273,119926,38853,0
91050,14170,54598,105220,145648,68768,0
66126,12510,43556,78636,109682,56066,0
24928,48497,86628,73425,111556,135125,0
63156,42505,91825,105661,154981,134330,1
88894,59235,26566,148129,115460,85801,0
41235,7433,39905,48668,81140,47338,1
45472,20159,77792,65631,123264,97951,0
25187,70687,65361,95874,90548,136048,1
98484,38707,11709,137191,110193,50416,0
57667,28577,23581,86244,81248,52158,0
17603,1122,60857,18725,78460,61979,0
67394,64055,32146,131449,99540,96201,1
74045,73031,15719,147076,89764,88750,1
383,47522,82326,47905,82709,129848,0
97998,35562,12236,133560,110234,47798,0
88164,26504,24486,114668,112650,50990,0
8773,48082,92799,56855,101572,140881,0
6913,24391,14815,31304,21728,39206,0
81002,68619,19139,149621,100141,87758,1
33989,14059,64862,48048,98851,78921,0
78629,69768,37690,148397,116319,107458,1
80549,91949,29176,172498,109725,121125,1
14060,97447,30021,111507,44081,127468,0
40388,83303,12506,123691,52894,95809,0
46704,49316,18725,96020,65429,68041,1
94676,11992,95826,106668,190502,107818,1
95316,83828,75011,179144,170327,158839,1
8957,38713,67447,47670,76404,106160,0
5731,73849,9681,79580,15412,83530,0
64322,69029,85536,133351,149858,154565,1
28151,47097,22263,75248,50414,69360,1
58035,46057,21346,104092,79381,67403,1
81238,57800,57296,139038,138534,115096,1
81978,40142,81613,122120,163591,121755,1
85982,30223,26149,116205,112131,56372,0
73466,50810,16970,124276,90436,67780,0
1102,77500,51483,78602,52585,128983,0
71389,44014,17562,115403,88951,61576,0
50698,23357,64650,74055,115348,88007,1
39060,83638,53860,122698,92920,137498,1
60659,93555,65912,154214,126571,159467,1
54363,35828,64791,90191,119154,100619,1
31656,78717,5779,110373,37435,84496,0
63524,32372,26415,95896,89939,58787,0
86261,54276,65260,140537,151521,119536,1
52288,34987,76212,87275,128500,111199,1
12720,25643,38430,38363,51150,64073,0
98673,14461,34633,113134,133306,49094,0
33263,64831,64715,98094,97978,129546,1
1671,36459,23499,38130,25170,59958,0
65108,35788,83711,100896,148819,119499,1
70572,16800,51967,87372,122539,68767,0
25249,65756,45377,91005,70626,111133,1
93478,37847,75328,131325,168806,113175,1
86780,4736,66934,91516,153714,71670,0
43530,32620,5260,76150,48790,37880,0
41377,91412,39101,132789,80478,130513,0
4815,80488,61957,85303,66772,142445,0
93462,43493,15167,136955,108629,58660,0
93567,99034,36580,192601,130147,135614,1
95944,29057,68275,125001,164219,97332,1
92829,81863,19438,174692,112267,101301,1
63530,21872,84472,85402,148002,106344,1
4402,63792,42916,68194,47318,106708,0
39679,41293,4927,80972,44606,46220,1
68042,72977,57730,141019,125772,130707,1
69175,11121,89665,80296,158840,100786,0
38401,12657,45742,51058,84143,58399,1
44455,4364,39212,48819,83667,43576,0
94940,20450,43552,115390,138492,64002,0
34845,13249,2244,48094,37089,15493,0
24799,88534,64787,113333,89586,153321,1
76563,92368,99614,168931,176177,191982,1
73603,49292,48090,122895,121693,97382,1
39780,63725,73626,103505,113406,137351,1
10673,24119,11778,34792,22451,35897,0
22168,78219,61967,100387,84135,140186,1
83663,92944,8860,176607,92523,101804,0
83601,88361,65727,171962,149328,154088,1
3542,67616,61400,71158,64942,129016,0
91375,41524,35554,132899,126929,77078,0
3176,29227,29758,32403,32934,58985,1
63302,78511,22344,141813,85646,100855,1
16597,43295,95159,59892,111756,138454,0
57402,89919,21570,147321,78972,111489,0
67102,17017,84931,84119,152033,101948,0
82382,72290,76836,154672,159218,149126,1
9312,64063,66402,73375,75714,130465,1
64959,86568,85897,151527,150856,172465,1
47193,87860,36124,135053,83317,123984,0
25766,16304,3952,42070,29718,20256,0
84044,23616,57626,107660,141670,81242,0
65809,52327,97912,118136,163721,150239,1
77642,3241,65606,80883,143248,68847,0
38568,68485,98241,107053,136809,166726,1
441,18722,79766,19163,80207,98488,0
34943,24903,54181,59846,89124,79084,1
17204,91023,62098,108227,79302,153121,0
43913,84914,67582,128827,111495,152496,1
6389,1551,79571,7940,85960,81122,0
80221,89032,37858,169253,118079,126890,1
7195,19279,31431,26474,38626,50710,0
1164,56668,98954,57832,100118,155622,0
28944,53989,68972,82933,97916,122961,1
83401,9462,56083,92863,139484,65545,0
60542,97551,90828,158093,151370,188379,1
44364,90283,61400,134647,105764,151683,1
24126,38716,63939,62842,88065,102655,0
55036,15575,2724,70611,57760,18299,0
2758,61820,16691,64578,19449,78511,0
43447,37103,22351,80550,65798,59454,1
52176,75839,36682,128015,88858,112521,1
91527,35658,50004,127185,141531,85662,0
86159,30051,64301,116210,150460,94352,1
20920,46104,34662,67024,55582,80766,1
45104,36222,16007,81326,61111,52229,1
37249,48086,77890,85335,115139,125976,1
23191,13911,77717,37102,100908,91628,0
76820,33215,93291,110035,170111,126506,1
31164,35330,27638,66494,58802,62968,1
55302,70166,47364,125468,102666,117530,1
96884,31095,77481,127979,174365,108576,1
46286,33460,60705,79746,106991,94165,1
76896,95453,14499,172349,91395,109952,0
26017,65673,3432,91690,29449,69105,0
36555,86154,49293,122709,85848,135447,0
39135,27867,92617,67002,131752,120484,0
16407,65921,80204,82328,96611,146125,1
54776,28631,80899,83407,135675,109530,1
15770,91340,52350,107110,68120,143690,0
87591,48139,38705,135730,126296,86844,0
93484,19191,46429,112675,139913,65620,0
95959,6746,29102,102705,125061,35848,0
52975,18337,96667,71312,149642,115004,0
12284,36514,86917,48798,99201,123431,0
75547,27053,67511,102600,143058,94564,1
68242,77966,83766,146208,152008,161732,1
792,74116,42191,74908,42983,116307,0
97310,65412,88333,162722,185643,153745,1
37158,20785,48024,57943,85182,68809,1
36524,15861,12611,52385,49135,28472,0
50719,82507,53630,133226,104349,136137,1
8190,81152,36090,89342,44280,117242,0
9744,37051,77850,46795,87594,114901,0
33118,88397,18355,121515,51473,106752,0
26940,70535,48927,97475,75867,119462,1
92317,23583,68537,115900,160854,92120,0
16831,35819,62896,52650,79727,98715,0
7383,15112,46333,22495,53716,61445,0
4803,21283,12676,26086,17479,33959,0
38784,48293,23962,87077,62746,72255,1
14266,65562,36247,79828,50513,101809,0
45347,52247,70121,97594,115468,122368,1
46660,3684,71870,50344,118530,75554,0
89483,67380,86352,156863,175835,153732,1
6609,62121,84734,68730,91343,146855,0
20628,52413,94608,73041,115236,147021,0
28547,60931,79177,89478,107724,140108,1
47929,91922,79582,139851,127511,171504,1
18413,82095,27377,100508,45790,109472,0
11328,50697,43535,62025,54863,94232,1
3244,86923,70172,90167,73416,157095,0
79332,56971,76326,136303,155658,133297,1
89513,20343,72799,109856,162312,93142,1
75708,37477,4195,113185,79903,41672,0
92115,31956,4307,124071,96422,36263,0
88466,8832,25614,97298,114080,34446,0
68175,82801,35407,150976,103582,118208,1
72576,15454,41957,88030,114533,57411,0
82234,65260,3153,147494,85387,68413,0
41566,14297,28741,55863,70307,43038,1
73814,10246,75186,84060,149000,85432,1
70205,36516,67346,106721,137551,103862,1
72315,53279,64160,125594,136475,117439,1
1469,84629,5118,86098,6587,89747,0
34303,53682,36897,87985,71200,90579,1
67831,30146,48640,97977,116471,78786,1
43127,6473,27277,49600,70404,33750,0
5499,71752,69857,77251,75356,141609,1
13466,65086,38965,78552,52431,104051,0
6439,53178,37011,59617,43450,90189,0
78952,53993,26416,132945,105368,80409,1
49985,68859,65377,118844,115362,134236,1
54502,36768,28361,91270,82863,65129,1
22318,19276,38079,41594,60397,57355,1
91852,60654,66386,152506,158238,127040,1
74433,39067,30703,113500,105136,69770,0
66209,72101,54863,138310,121072,126964,1
11308,37539,77180,48847,88488,114719,0
88179,22344,88614,110523,176793,110958,1
14274,16593,74833,30867,89107,91426,0
6301,40727,56890,47028,63191,97617,0
92430,81125,50438,173555,142868,131563,1
45832,26684,29648,72516,75480,56332,1
80070,45288,62511,125358,142581,107799,1
42356,97174,18750,139530,61106,115924,0
26844,61825,70255,88669,97099,132080,1
25641,61639,59517,87280,85158,121156,1
7459,4442,30180,11901,37639,34622,0
65368,70734,29284,136102,94652,100018,1
10247,90466,17360,100713,27607,107826,0
7865,54310,92796,62175,100661,147106,0
73857,69566,31979,143423,105836,101545,1
72308,8026,61354,80334,133662,69380,0
11139,68097,44407,79236,55546,112504,0
46464,40571,72741,87035,119205,113312,1
62565,21557,73822,84122,136387,95379,1
26745,89767,38149,116512,64894,127916,0
49666,75332,70784,124998,120450,146116,1
74085,1225,60039,75310,134124,61264,0
45860,13430,95232,59290,141092,108662,0
4275,66122,43623,70397,47898,109745,0
42468,22622,6903,65090,49371,29525,0
18729,58967,59301,77696,78030,118268,1
68440,81478,26650,149918,95090,108128,1
68627,825,57005,69452,125632,57830,0
17384,1829,41875,19213,59259,43704,0
94643,75859,39270,170502,133913,115129,1
96134,82860,51326,178994,147460,134186,1
57333,31716,61072,89049,118405,92788,1
2161,39964,75055,42125,77216,115019,0
75530,50469,99091,125999,174621,149560,1
9136,92670,23011,101806,32147,115681,0
43666,10928,5770,54594,49436,16698,0
37651,2096,27183,39747,64834,29279,0
65069,13671,46284,78740,111353,59955,0
83691,99067,2295,182758,85986,101362,0
38940,61773,59816,100713,98756,121589,1
34716,6971,22683,41687,57399,29654,0
37742,74759,33399,112501,71141,108158,0
2097,3751,76238,5848,78335,79989,0
17361,23756,92876,41117,110237,116632,0
95870,20476,55127,116346,150997,75603,0
65146,3105,44786,68251,109932,47891,0
99137,66884,35136,166021,134273,102020,1
58888,58349,88934,117237,147822,147283,1
13065,16949,47349,30014,60414,64298,0
88166,94967,40121,183133,128287,135088,1
70250,51338,67461,121588,137711,118799,1
50454,47558,60627,98012,111081,108185,1
30006,95503,3712,125509,33718,99215,0
34071,99821,31012,133892,65083,130833,0
32022,23217,81901,55239,113923,105118,0
1579,16016,6613,17595,8192,22629,0
30393,38623,44275,69016,74668,82898,1
18197,62680,64412,80877,82609,127092,1
44896,73647,51848,118543,96744,125495,1
51514,7439,37629,58953,89143,45068,0
42248,94431,56505,136679,98753,150936,1
66488,45473,75049,111961,141537,120522,1
8585,41990,36296,50575,44881,78286,1
69314,21580,95408,90894,164722,116988,0
76194,1395,10376,77589,86570,11771,0
91440,50217,51988,141657,143428,102205,1
38763,18480,23379,57243,62142,41859,1
68840,78235,75221,147075,144061,153456,1
26855,36230,89724,63085,116579,125954,0
61326,67081,44243,128407,105569,111324,1
82042,6136,23732,88178,105774,29868,0
76664,54260,31271,130924,107935,85531,1
78929,35152,21338,114081,100267,56490,0
67385,58034,68661,125419,136046,126695,1
39176,25811,81231,64987,120407,107042,0
68944,24606,46149,93550,115093,70755,1
9007,97373,99771,106380,108778,197144,1
51853,82004,24255,133857,76108,106259,0
82458,66644,32114,149102,114572,98758,1
10470,69359,25732,79829,36202,95091,0
5789,46316,25442,52105,31231,71758,0
46983,19735,38926,66718,85909,58661,1
76893,72020,27094,148913,103987,99114,1
71306,90114,42892,161420,114198,133006,1
26261,21601,50575,47862,76836,72176,0
8299,65826,43153,74125,51452,108979,0
91280,75763,41195,167043,132475,116958,1
21083,30833,97604,51916,118687,128437,0
87907,88689,16611,176596,104518,105300,1
74480,67808,24143,142288,98623,91951,1
15517,50491,7767,66008,23284,58258,0
87891,97941,26611,185832,114502,124552,1
55214,94284,94777,149498,149991,189061,1
90809,26824,75865,117633,166674,102689,1
29998,49735,75683,79733,105681,125418,1
27588,73771,96712,101359,124300,170483,1
90490,76463,61527,166953,152017,137990,1
10469,14062,30664,24531,41133,44726,0
74271,618,99310,74889,173581,99928,0
44029,60025,96725,104054,140754,156750,1
89081,56299,33397,145380,122478,89696,1
42456,53868,97370,96324,139826,151238,0
58227,33217,57959,91444,116186,91176,1
39820,9909,11558,49729,51378,21467,0
68754,78343,69641,147097,138395,147984,1
53562,89443,56898,143005,110460,146341,1
85178,97080,80528,182258,165706,177608,1
43166,72956,46225,116122,89391,119181,1
57359,36901,99865,94260,157224,136766,0
14321,59599,7280,73920,21601,66879,0
95046,74449,29111,169495,124157,103560,1
64030,17909,13523,81939,77553,31432,0
71692,81083,62603,152775,134295,143686,1
99975,28943,13098,128918,113073,42041,0
58255,13457,94551,71712,152806,108008,0
78255,88678,79750,166933,158005,168428,1
10758,83328,90142,94086,100900,173470,1
92477,40777,38610,133254,131087,79387,0
60167,1891,32229,62058,92396,34120,0
69677,64859,47538,134536,117215,112397,1
71766,63095,11286,134861,83052,74381,1
35901,69671,73847,105572,109748,143518,1
59316,9213,72516,68529,131832,81729,0
94347,57839,57849,152186,152196,115688,1
89129,68672,15146,157801,104275,83818,0
734,7111,11003,7845,11737,18114,0
19000,56111,4590,75111,23590,60701,0
75948,69036,61587,144984,137535,130623,1
89650,63781,1467,153431,91117,65248,0
86528,70182,13256,156710,99784,83438,0
35656,21910,29009,57566,64665,50919,1
99158,66802,74587,165960,173745,141389,1
27004,69436,15001,96440,42005,84437,0
45279,94348,38883,139627,84162,133231,0
99558,73977,22241,173535,121799,96218,0
50390,76666,66761,127056,117151,143427,1
51845,59160,25373,111005,77218,84533,1
7468,79201,27956,86669,35424,107157,0
30892,20661,15416,51553,46308,36077,1
78587,42409,35651,120996,114238,78060,0
78835,2840,75110,81675,153945,77950,0
17880,96519,23885,114399,41765,120404,0
98134,83099,78732,181233,176866,161831,1
6947,78481,28085,85428,35032,106566,0
74505,64069,90685,138574,165190,154754,1
31044,51168,82389,82212,113433,133557,0
31197,26136,9923,57333,41120,36059,1
30420,98517,88362,128937,118782,186879,1
81075,7117,89200,88192,170275,96317,0
32944,10141,98557,43085,131501,108698,0
35616,88402,72630,124018,108246,161032,1
89892,82016,41608,171908,131500,123624,1
21381,27962,69802,49343,91183,97764,0
85373,69937,86293,155310,171666,156230,1
11544,65379,32550,76923,44094,97929,0
58447,71943,1865,130390,60312,73808,0
76607,90134,5001,166741,81608,95135,0
41882,2386,1375,44268,43257,3761,0
63627,37777,74069,101404,137696,111846,1
49082,29444,66712,78526,115794,96156,1
21728,86213,41331,107941,63059,127544,0
96548,76360,57684,172908,154232,134044,1
70834,31851,56577,102685,127411,88428,1
73114,93657,93934,166771,167048,187591,1
15668,67174,47852,82842,63520,115026,0
28706,85408,29984,114114,58690,115392,0
35928,8653,13570,44581,49498,22223,0
17058,90538,63772,107596,80830,154310,0
21554,15496,86983,37050,108537,102479,0
30564,25732,58513,56296,89077,84245,0
48584,70871,680,119455,49264,71551,0
45591,30009,32914,75600,78505,62923,1
1037,58702,58106,59739,59143,116808,1
30118,38676,55389,68794,85507,94065,1
65232,11168,35434,76400,100666,46602,0
89304,16213,53943,105517,143247,70156,0
19838,19050,4671,38888,24509,23721,1
49378,74167,25067,123545,74445,99234,1
3662,43607,15668,47269,19330,59275,0
40291,87666,87475,127957,127766,175141,1
50727,71033,55574,121760,106301,126607,1
43935,88056,57053,131991,100988,145109,1
57748,75093,78820,132841,136568,153913,1
46163,3559,44487,49722,90650,48046,1
26068,14832,14915,40900,40983,29747,1
43407,61397,39947,104804,83354,101344,1
85023,70751,60835,155774,145858,131586,1
26844,44407,10869,71251,37713,55276,0
83818,22155,94460,105973,178278,116615,1
81740,51128,36046,132868,117786,87174,1
4618,77036,88226,81654,92844,165262,0
64701,70640,81136,135341,145837,151776,1
38936,30188,73238,69124,112174,103426,0
11888,34562,43551,46450,55439,78113,1
35808,50494,74528,86302,110336,125022,1
50844,46010,17765,96854,68609,63775,1
56936,16854,39900,73790,96836,56754,0
49261,22565,61083,71826,110344,83648,1
5912,14462,68653,20374,74565,83115,0
18008,4015,79233,22023,97241,83248,0
50575,4866,94756,55441,145331,99622,0
57728,5988,48778,63716,106506,54766,0
70781,86172,51874,156953,122655,138046,1
62523,50909,86346,113432,148869,137255,1
72852,35169,82093,108021,154945,117262,1
65677,39422,24712,105099,90389,64134,0
78135,10649,40887,88784,119022,51536,0
63266,60089,39666,123355,102932,99755,1
49247,17904,62694,67151,111941,80598,1
28300,2572,37509,30872,65809,40081,0
92594,93591,84403,186185,176997,177994,1
98589,39282,41067,137871,139656,80349,0
48178,70443,53069,118621,101247,123512,1
57027,69887,10676,126914,67703,80563,0
76465,86314,85860,162779,162325,172174,1
28270,26888,18981,55158,47251,45869,1
72196,46188,85541,118384,157737,131729,1
21836,45507,64700,67343,86536,110207,1
17435,34427,80848,51862,98283,115275,0
62600,19828,162,82428,62762,19990,0
51005,51390,99020,102395,150025,150410,1
39944,99268,33585,139212,73529,132853,0
28712,15915,38749,44627,67461,54664,1
7724,12614,88654,20338,96378,101268,0
41460,86622,3465,128082,44925,90087,0
89528,12498,20742,102026,110270,33240,0
30311,11105,42081,41416,72392,53186,0
98084,68004,90997,166088,189081,159001,1
72989,90192,53751,163181,126740,143943,1
40827,29887,67006,70714,107833,96893,1
43584,55881,22454,99465,66038,78335,1
4241,2368,28728,6609,32969,31096,0
83289,10251,86836,93540,170125,97087,1
13373,52621,4818,65994,18191,57439,0
60458,81798,69125,142256,129583,150923,1
75785,6534,214,82319,75999,6748,0
48925,47501,12631,96426,61556,60132,1
14741,57270,43878,72011,58619,101148,1
67028,77493,22929,144521,89957,100422,1
41624,56778,70989,98402,112613,127767,1
26748,91215,38186,117963,64934,129401,0
92687,3605,66295,96292,158982,69900,0
9799,16326,94684,26125,104483,111010,0
76605,80382,98182,156987,174787,178564,1
64223,80612,64521,144835,128744,145133,1
79068,24836,38886,103904,117954,63722,0
70687,46610,68847,117297,139534,115457,1
8323,54051,16622,62374,24945,70673,0
93204,90689,83686,183893,176890,174375,1
57231,95108,9716,152339,66947,104824,0
3239,86237,48127,89476,51366,134364,0
94600,64806,815,159406,95415,65621,0
44617,14634,35430,59251,80047,50064,1
84218,904,56006,85122,140224,56910,0
15159,35077,79619,50236,94778,114696,0
12723,14927,51920,27650,64643,66847,0
13106,81735,90589,94841,103695,172324,1
78128,17596,98694,95724,176822,116290,0
46992,9951,10562,56943,57554,20513,0
17000,72486,59830,89486,76830,132316,1
79488,51180,83971,130668,163459,135151,1
94275,71529,73799,165804,168074,145328,1
82452,5841,96080,88293,178532,101921,0
19476,89944,71243,109420,90719,161187,1
39124,19192,56020,58316,95144,75212,1
99454,67311,27062,166765,126516,94373,0
74840,44531,5983,119371,80823,50514,0
73741,57481,90028,131222,163769,147509,1
48986,38769,71657,87755,120643,110426,1
97203,95119,89576,192322,186779,184695,1
21506,42699,64361,64205,85867,107060,0
8566,30226,65810,38792,74376,96036,0
25706,77309,97202,103015,122908,174511,1
23039,59124,57510,82163,80549,116634,1
9187,51637,5502,60824,14689,57139,0
95253,21381,43404,116634,138657,64785,0
67171,6213,14594,73384,81765,20807,0
70486,29677,83691,100163,154177,113368,1
29736,90356,49914,120092,79650,140270,0
12331,92825,63162,105156,75493,155987,0
17096,79621,19613,96717,36709,99234,0
671,93896,89835,94567,90506,183731,0
81142,41227,74640,122369,155782,115867,1
67572,36193,93856,103765,161428,130049,1
53361,91627,78121,144988,131482,169748,1
50432,61286,29287,111718,79719,90573,1
28521,33376,72522,61897,101043,105898,0
82976,12817,870,95793,83846,13687,0
21809,95542,16962,117351,38771,112504,0
186,58032,36198,58218,36384,94230,0
32608,75671,57707,108279,90315,133378,1
77206,93610,32038,170816,109244,125648,1
75491,58317,52380,133808,127871,110697,1
36254,26334,49903,62588,86157,76237,1
48889,71364,33516,120253,82405,104880,1
40167,49263,83072,89430,123239,132335,1
59772,9960,29197,69732,88969,39157,0
49251,49620,8192,98871,57443,57812,1
98825,5708,28148,104533,126973,33856,0
73415,45976,60720,119391,134135,106696,1
47781,92747,53492,140528,101273,146239,1
28056,49398,92430,77454,120486,141828,0
57885,88046,49242,145931,107127,137288,1
56667,96834,10903,153501,67570,107737,0
85071,85688,38403,170759,123474,124091,1
35629,68453,80023,104082,115652,148476,1
98856,49800,91077,148656,189933,140877,1
58623,1225,71967,59848,130590,73192,0
62891,88765,75613,151656,138504,164378,1
572,23662,87082,24234,87654,110744,0
86918,66137,85146,153055,172064,151283,1
67728,90811,99865,158539,167593,190676,1
67745,468,16442,68213,84187,16910,0
95717,21515,44954,117232,140671,66469,0
47933,43972,67033,91905,114966,111005,1
44562,78771,20819,123333,65381,99590,0
97427,72241,80152,169668,177579,152393,1
76145,79214,17720,155359,93865,96934,1
5174,67367,48917,72541,54091,116284,0
88214,91808,11680,180022,99894,103488,1
33627,97751,65396,131378,99023,163147,1
29546,19275,68510,48821,98056,87785,0
59408,34840,68382,94248,127790,103222,1
22781,61941,6057,84722,28838,67998,0
88782,34009,33517,122791,122299,67526,0
34166,74865,45296,109031,79462,120161,1
58083,4914,75481,62997,133564,80395,0
14380,57325,76791,71705,91171,134116,0
27373,72452,78154,99825,105527,150606,1
43443,64217,42844,107660,86287,107061,1
15957,65024,70056,80981,86013,135080,1
86693,7376,99126,94069,185819,106502,0
57439,32174,36322,89613,93761,68496,1
96347,18561,83254,114908,179601,101815,1
22384,72830,4515,95214,26899,77345,0
30813,88698,98449,119511,129262,187147,1
11471,99563,76886,111034,88357,176449,0
31980,39206,97054,71186,129034,136260,0
43860,23907,7863,67767,51723,31770,0
5339,90647,48226,95986,53565,138873,0
11639,49847,79852,61486,91491,129699,0
15757,69764,71185,85521,86942,140949,1
41469,86199,20114,127668,61583,106313,0
43793,52376,51575,96169,95368,103951,1
92883,24955,466,117838,93349,25421,0
25182,90237,66704,115419,91886,156941,1
17005,2741,81592,19746,98597,84333,0
48849,88464,17216,137313,66065,105680,0
12594,84493,24447,97087,37041,108940,0
49326,36358,67647,85684,116973,104005,1
91008,66905,67744,157913,158752,134649,1
12982,438,61915,13420,74897,62353,0
10121,12882,66289,23003,76410,79171,0
82333,62514,84984,144847,167317,147498,1
86187,88595,50344,174782,136531,138939,1
92229,59811,57632,152040,149861,117443,1
79277,28393,16647,107670,95924,45040,0
66886,69584,70384,136470,137270,139968,1
83328,86242,97344,169570,180672,183586,1
3751,12952,65827,16703,69578,78779,0
24847,19468,72380,44315,97227,91848,0
7373,5146,66782,12519,74155,71928,0
86969,18777,46409,105746,133378,65186,0
31510,5977,90442,37487,121952,96419,0
42371,13675,17621,56046,59992,31296,0
40949,35325,66883,76274,107832,102208,1
32229,65036,76818,97265,109047,141854,1
60363,55082,96783,115445,157146,151865,1
69054,72519,31894,141573,100948,104413,1
44194,59097,45490,103291,89684,104587,1
23211,77849,36846,101060,60057,114695,0
74428,70425,85035,144853,159463,155460,1
77838,20971,51111,98809,128949,72082,0
48221,62401,98252,110622,146473,160653,1
52314,90,9574,52404,61888,9664,0
15276,69732,14292,85008,29568,84024,0
88075,8404,94524,96479,182599,102928,1
97764,91806,91483,189570,189247,183289,1
21532,6123,6377,27655,27909,12500,0
63668,74693,5272,138361,68940,79965,0
3558,21345,76569,24903,80127,97914,0
54383,8946,79710,63329,134093,88656,0
39917,33229,38548,73146,78465,71777,1
6065,16345,13175,22410,19240,29520,1
12005,17465,96717,29470,108722,114182,0
61858,6952,67623,68810,129481,74575,1
71943,60465,52014,132408,123957,112479,1
31388,36093,78046,67481,109434,114139,0
53876,35318,72299,89194,126175,107617,1
80620,45589,21767,126209,102387,67356,0
30350,6403,48608,36753,78958,55011,0
48814,67545,1214,116359,50028,68759,0
9527,86858,27199,96385,36726,114057,0
27222,76500,52863,103722,80085,129363,1
9366,81442,41442,90808,50808,122884,0
99405,7992,89656,107397,189061,97648,0
80624,38301,11666,118925,92290,49967,0
46138,64614,78374,110752,124512,142988,1
13591,69783,47896,83374,61487,117679,0
78969,53832,14884,132801,93853,68716,0
22495,12295,68122,34790,90617,80417,0
72176,97853,44348,170029,116524,142201,1
2859,51038,5949,53897,8808,56987,0
12399,32317,8069,44716,20468,40386,0
86673,16196,90497,102869,177170,106693,1
60442,95145,90944,155587,151386,186089,1
53748,63374,76859,117122,130607,140233,1
37828,1903,9600,39731,47428,11503,0
71677,84428,11500,156105,83177,95928,0
73408,98485,33467,171893,106875,131952,1
30039,49227,98077,79266,128116,147304,0
32460,41461,91055,73921,123515,132516,0
93950,78331,3917,172281,97867,82248,0
45993,87460,9205,133453,55198,96665,0
99374,41,72002,99415,171376,72043,0
59825,59359,91465,119184,151290,150824,1
81855,15420,6367,97275,88222,21787,0
78460,43633,66897,122093,145357,110530,1
39772,22762,41437,62534,81209,64199,1
17039,3555,1382,20594,18421,4937,0
3794,86488,23234,90282,27028,109722,0
88924,25732,47943,114656,136867,73675,0
10995,99438,9847,110433,20842,109285,0
42409,48617,27039,91026,69448,75656,1
22600,80734,34294,103334,56894,115028,0
75595,78991,2642,154586,78237,81633,0
45349,86648,92215,131997,137564,178863,1
33085,8990,49592,42075,82677,58582,0
32090,58232,37570,90322,69660,95802,1
87946,95026,62622,182972,150568,157648,1
1711,89570,27876,91281,29587,117446,0
44961,22462,86118,67423,131079,108580,0
73841,73397,14249,147238,88090,87646,1
42995,68420,76253,111415,119248,144673,1
81900,12639,21289,94539,103189,33928,0
88213,87787,26886,176000,115099,114673,1
38385,99251,27302,137636,65687,126553,0
50835,42933,73199,93768,124034,116132,1
66494,95517,90594,162011,157088,186111,1
7623,77782,74909,85405,82532,152691,1
40259,649,51645,40908,91904,52294,0
9949,75293,71417,85242,81366,146710,1
66471,54138,98915,120609,165386,153053,1
56149,37422,83856,93571,140005,121278,1
70333,36391,94647,106724,164980,131038,1
2838,16163,74542,19001,77380,90705,0
44573,10503,13081,55076,57654,23584,0
43414,65394,24681,108808,68095,90075,1
77561,27790,71503,105351,149064,99293,1
29631,21730,94988,51361,124619,116718,0
97566,12965,842,110531,98408,13807,0
4501,43062,78571,47563,83072,121633,0
97141,84744,30617,181885,127758,115361,1
60896,51145,24164,112041,85060,75309,1
61260,84935,66284,146195,127544,151219,1
28514,3997,24737,32511,53251,28734,1
53942,69471,42006,123413,95948,111477,1
7529,92380,3423,99909,10952,95803,0
82926,32894,8372,115820,91298,41266,0
49823,80072,46075,129895,95898,126147,1
97418,22310,51177,119728,148595,73487,0
8902,62412,15598,71314,24500,78010,0
35306,68959,7552,104265,42858,76511,0
70593,74638,69985,145231,140578,144623,1
40411,68154,2745,108565,43156,70899,0
95936,33254,40825,129190,136761,74079,0
54562,29045,20569,83607,75131,49614,0
72790,3207,26245,75997,99035,29452,0
89828,5631,69272,95459,159100,74903,0
84787,57347,85576,142134,170363,142923,1
53781,56677,21572,110458,75353,78249,1
61114,56549,65141,117663,126255,121690,1
90309,79541,86090,169850,176399,165631,1
93368,27236,96988,120604,190356,124224,1
4129,46441,99670,50570,103799,146111,0
39755,37586,11020,77341,50775,48606,1
44992,40463,59718,85455,104710,100181,1
67391,7794,22202,75185,89593,29996,0
79264,89940,9438,169204,88702,99378,0
57627,9550,73461,67177,131088,83011,0
35006,28348,95924,63354,130930,124272,0
20477,81742,34022,102219,54499,115764,0
55360,58302,13348,113662,68708,71650,1
48500,20114,43083,68614,91583,63197,1
49741,9335,68271,59076,118012,77606,0
58974,205,21416,59179,80390,21621,0
17188,68202,16616,85390,33804,84818,0
28966,24094,26386,53060,55352,50480,1
46389,284,77360,46673,123749,77644,0
21333,63743,71395,85076,92728,135138,1
78420,51868,83001,130288,161421,134869,1
23002,44554,60084,67556,83086,104638,1
90192,28023,32187,118215,122379,60210,0
44438,98846,79238,143284,123676,178084,1
27085,24528,3272,51613,30357,27800,1
26157,41856,37747,68013,63904,79603,1
90479,22425,41297,112904,131776,63722,0
95718,41840,90884,137558,186602,132724,1
92799,3340,83264,96139,176063,86604,0
8516,58948,64744,67464,73260,123692,1
15266,21674,41901,36940,57167,63575,0
73185,57001,54034,130186,127219,111035,1
24117,64987,43507,89104,67624,108494,1
65168,23658,85968,88826,151136,109626,1
31262,20028,97209,51290,128471,117237,0
70067,54183,34955,124250,105022,89138,1
1072,73661,21954,74733,23026,95615,0
24276,47189,82117,71465,106393,129306,0
26344,56140,32119,82484,58463,88259,1
2881,31630,21387,34511,24268,53017,0
45498,95220,10022,140718,55520,105242,0
28618,54744,80608,83362,109226,135352,1
90212,96674,36220,186886,126432,132894,1
30609,9271,12471,39880,43080,21742,0
91935,64312,98084,156247,190019,162396,1
66376,26049,69661,92425,136037,95710,1
34775,67947,57243,102722,92018,125190,1
73932,99807,84695,173739,158627,184502,1
56696,5085,98076,61781,154772,103161,0
56345,23944,78546,80289,134891,102490,1
89569,4396,88490,93965,178059,92886,1
67028,82358,47741,149386,114769,130099,1
14382,57210,96697,71592,111079,153907,0
48991,70293,4602,119284,53593,74895,0
18243,67751,84969,85994,103212,152720,1
48510,83151,37975,131661,86485,121126,1
38076,18550,60424,56626,98500,78974,0
67423,48746,21632,116169,89055,70378,1
96074,90194,16052,186268,112126,106246,1
86116,30476,5702,116592,91818,36178,0
43174,17982,8146,61156,51320,26128,0
35723,39157,71603,74880,107326,110760,1
1304,26376,26188,27680,27492,52564,1
30488,91902,40427,122390,70915,132329,0
57959,14201,58247,72160,116206,72448,1
53900,7258,5159,61158,59059,12417,0
97473,65220,86542,162693,184015,151762,1
63269,74545,11875,137814,75144,86420,1
50345,47667,10120,98012,60465,57787,1
93392,60065,24999,153457,118391,85064,0
53201,82141,53072,135342,106273,135213,1
33992,29556,36432,63548,70424,65988,1
80580,15747,75223,96327,155803,90970,1
80061,77951,60478,158012,140539,138429,1
75739,11013,84950,86752,160689,95963,1
50352,73732,87357,124084,137709,161089,1
13501,50412,57985,63913,71486,108397,1
23726,2766,3971,26492,27697,6737,0
29895,95221,35273,125116,65168,130494,0
62347,62203,73414,124550,135761,135617,1
15367,13571,84204,28938,99571,97775,0
23159,35372,45288,58531,68447,80660,1
80739,35415,45591,116154,126330,81006,1
8996,31901,96288,40897,105284,128189,0
65793,74675,72223,140468,138016,146898,1
9723,12934,81489,22657,91212,94423,0
19353,22694,43390,42047,62743,66084,0
81692,55532,52712,137224,134404,108244,1
8603,67942,87275,76545,95878,155217,0
99583,23826,1957,123409,101540,25783,0
77009,89574,55469,166583,132478,145043,1
74309,87068,34657,161377,108966,121725,1
44530,48046,95696,92576,140226,143742,0
69495,80562,89552,150057,159047,170114,1
47368,81955,34664,129323,82032,116619,1
19143,10271,65659,29414,84802,75930,0
49727,23614,53658,73341,103385,77272,1
15712,41447,75097,57159,90809,116544,0
19366,4399,66641,23765,86007,71040,0
37561,11098,58774,48659,96335,69872,0
68078,50928,85722,119006,153800,136650,1
42199,83424,74852,125623,117051,158276,1
59713,41009,93818,100722,153531,134827,1
71927,26035,46786,97962,118713,72821,1
97279,24268,23380,121547,120659,47648,0
14098,21801,78742,35899,92840,100543,0
15760,87674,62203,103434,77963,149877,0
25377,76462,39699,101839,65076,116161,0
86651,54607,20362,141258,107013,74969,0
17576,43269,63440,60845,81016,106709,0
68498,46766,85874,115264,154372,132640,1
38608,86609,25939,125217,64547,112548,0
29049,85033,41664,114082,70713,126697,0
73501,1417,1707,74918,75208,3124,0
45545,5235,52201,50780,97746,57436,0
99077,23083,65769,122160,164846,88852,0
54505,87738,93040,142243,147545,180778,1
45443,39134,28392,84577,73835,67526,1
80915,3269,44394,84184,125309,47663,0
87902,84960,64314,172862,152216,149274,1
64205,72807,40388,137012,104593,113195,1
55201,77403,70301,132604,125502,147704,1
18016,84780,81680,102796,99696,166460,1
93308,45980,40737,139288,134045,86717,0
32534,76926,58493,109460,91027,135419,1
45525,19038,720,64563,46245,19758,0
41314,3373,80874,44687,122188,84247,0
24002,45191,57506,69193,81508,102697,1
74810,23321,63072,98131,137882,86393,1
881,22146,15241,23027,16122,37387,0
66673,27477,22223,94150,88896,49700,0
41097,66309,1152,107406,42249,67461,0
50853,40891,62410,91744,113263,103301,1
72072,7749,49453,79821,121525,57202,0
38733,54245,39045,92978,77778,93290,1
32180,19446,97178,51626,129358,116624,0
92310,29847,41478,122157,133788,71325,0
38932,49206,67283,88138,106215,116489,1
27281,65219,23123,92500,50404,88342,0
54368,31650,45156,86018,99524,76806,1
30192,2752,2976,32944,33168,5728,0
61498,93783,40041,155281,101539,133824,1
12775,6814,46635,19589,59410,53449,0
76511,15853,39151,92364,115662,55004,0
76902,62831,92512,139733,169414,155343,1
14293,16465,19825,30758,34118,36290,1
44073,31673,9653,75746,53726,41326,0
49650,74515,99882,124165,149532,174397,1
88133,4269,92270,92402,180403,96539,1
14306,71795,96942,86101,111248,168737,0
62008,11032,96714,73040,158722,107746,0
53427,41277,66430,94704,119857,107707,1
29889,64057,61280,93946,91169,125337,1
86153,98880,14791,185033,100944,113671,1
10282,62971,23134,73253,33416,86105,0
55876,44308,22932,100184,78808,67240,1
46163,39959,8472,86122,54635,48431,1
16482,2591,65222,19073,81704,67813,0
38554,93702,38591,132256,77145,132293,0
38833,44599,5329,83432,44162,49928,0
31272,38432,61261,69704,92533,99693,1
86582,48458,83268,135040,169850,131726,1
53311,92475,86857,145786,140168,179332,1
74101,30224,40807,104325,114908,71031,0
83784,61754,91576,145538,175360,153330,1
67206,64054,71821,131260,139027,135875,1
82567,21877,2635,104444,85202,24512,0
29510,43067,53829,72577,83339,96896,1
72272,2938,95366,75210,167638,98304,0
93667,64201,60712,157868,154379,124913,1
69274,93307,70916,162581,140190,164223,1
90808,92551,2626,183359,93434,95177,1
44159,88130,94623,132289,138782,182753,1
46647,14657,62467,61304,109114,77124,0
97213,2219,69951,99432,167164,72170,0
82375,68272,72070,150647,154445,140342,1
70813,99140,9029,169953,79842,108169,0
2269,68578,65062,70847,67331,133640,0
67132,35966,36353,103098,103485,72319,1
66403,70026,63084,136429,129487,133110,1
35865,80481,835,116346,36700,81316,0
96942,64129,46153,161071,143095,110282,1
67197,63330,53391,130527,120588,116721,1
9720,73121,84947,82841,94667,158068,0
75836,13156,38331,88992,114167,51487,0
92289,93089,51335,185378,143624,144424,1
27837,10233,69631,38070,97468,79864,0
99141,52827,92610,151968,191751,145437,1
89859,23520,85125,113379,174984,108645,1
97241,66698,6116,163939,103357,72814,0
93424,53812,46990,147236,140414,100802,1
65247,86308,23802,151555,89049,110110,1
85682,76802,34012,162484,119694,110814,1
44511,46915,84946,91426,129457,131861,1
57580,69634,99458,127214,157038,169092,1
47357,10747,70298,58104,117655,81045,0
97576,38924,20868,136500,118444,59792,0
24428,47597,400,72025,24828,47997,0
47439,2353,66599,49792,114038,68952,0
89434,43329,60481,132763,149915,103810,1
84053,54002,36458,138055,120511,90460,1
34241,14566,14740,48807,48981,29306,0
16499,59659,90547,76158,107046,150206,0
76557,74372,76903,150929,153460,151275,1
39371,27427,34897,66798,74268,62324,1
58608,78661,77841,137269,136449,156502,1
13063,47166,82022,60229,95085,129188,0
12867,6359,85496,19226,98363,91855,0
8816,24712,67802,33528,76618,92514,0
81509,31127,33213,112636,114722,64340,0
97149,10631,73994,107780,171143,84625,0
69851,63002,26374,132853,96225,89376,1
62738,54671,80165,117409,142903,134836,1
2343,16530,49043,18873,51386,65573,0
83051,38562,51559,121613,134610,90121,1
54091,69283,39045,123374,93136,108328,1
26013,59804,26487,85817,52500,86291,0
76600,88691,93189,165291,169789,181880,1
70186,18552,21810,88738,91996,40362,0
11118,11087,21541,22205,32659,32628,1
75631,5607,83446,81238,159077,89053,0
71344,41580,98311,112924,169655,139891,1
77574,41454,74798,119028,152372,116252,1
88257,30327,29535,118584,117792,59862,0
95178,46650,72363,141828,167541,119013,1
99568,37174,12465,136742,112033,49639,0
88802,75699,64654,164501,153456,140353,1
5632,3619,48704,9251,54336,52323,0
82132,31215,24806,113347,106938,56021,0
68609,15782,77190,84391,145799,92972,1
36710,77787,52993,114497,89703,130780,1
46122,92327,58105,138449,104227,150432,1
26256,18078,21125,44334,47381,39203,1
42455,40496,44887,82951,87342,85383,1
70528,14671,19899,85199,90427,34570,0
64043,80484,958,144527,65001,81442,0
64581,567,53767,65148,118348,54334,0
31613,21812,47948,53425,79561,69760,1
54917,27031,52409,81948,107326,79440,1
1720,96841,19704,98561,21424,116545,0
59761,20863,54204,80624,113965,75067,1
60370,77386,50780,137756,111150,128166,1
63938,27772,83418,91710,147356,111190,1
2859,29815,43341,32674,46200,73156,0
46490,43384,34308,89874,80798,77692,1
65454,86404,98505,151858,163959,184909,1
46443,84638,4677,131081,51120,89315,0
87913,50488,11411,138401,99324,61899,0
47611,72438,49180,120049,96791,121618,1
15145,67278,35137,82423,50282,102415,0
79350,33384,59661,112734,139011,93045,1
77679,55890,60578,133569,138257,116468,1
37770,26813,66770,64583,104540,93583,0
21030,82085,97824,103115,118854,179909,1
15645,85893,11038,101538,26683,96931,0
20194,83848,34239,104042,54433,118087,0
94050,28549,73557,122599,167607,102106,1
55610,6198,27240,61808,82850,33438,0
23875,84374,14514,108249,38389,98888,0
28844,83322,17877,112166,46721,101199,0
80782,60276,17681,141058,98463,77957,0
68852,64962,64042,133814,132894,129004,1
78866,44293,65454,123159,144320,109747,1
51933,38026,41631,89959,93564,79657,1
3924,21804,78909,25728,82833,100713,0
11477,28407,42807,39884,54284,71214,0
62972,98025,51622,160997,114594,149647,1
87431,58891,38151,146322,125582,97042,1
40966,28033,59892,68999,100858,87925,1
26120,7984,95219,34104,121339,103203,0
97507,47370,54787,144877,152294,102157,1
25213,36279,11103,61492,36316,47382,1
75353,59614,84297,134967,159650,143911,1
74947,31238,86709,106185,161656,117947,1
48667,49054,71380,97721,120047,120434,1
16712,1415,67185,18127,83897,68600,0
26316,61543,3481,87859,29797,65024,0
83888,28603,26343,112491,110231,54946,0
67922,89057,99917,156979,167839,188974,1
37173,57658,65839,94831,103012,123497,1
4937,29521,85058,34458,89995,114579,0
51488,53870,49458,105358,100946,103328,1
99187,61586,17107,160773,116294,78693,0
41643,5643,71291,47286,112934,76934,0
20613,66790,97621,87403,118234,164411,0
6919,98253,10705,105172,17624,108958,0
22032,43195,83057,65227,105089,126252,0
89524,42143,13131,131667,102655,55274,0
53162,48907,63316,102069,116478,112223,1
49422,17129,31596,66551,81018,48725,0
22398,10996,54406,33394,76804,65402,0
8620,39750,30091,48370,38711,69841,0
45484,67064,8495,112548,53979,75559,0
9355,12485,18038,21840,27393,30523,1
69757,77549,69177,147306,138934,146726,1
23561,49461,50695,73022,74256,100156,1
94093,69619,27827,163712,121920,97446,1
76016,2102,4373,78118,80389,6475,0
64247,82337,61401,146584,125648,143738,1
63685,77078,87372,140763,151057,164450,1
68773,60560,37496,129333,106269,98056,1
63644,41336,26664,104980,90308,68000,1
26624,4861,90812,31485,117436,95673,0
38111,96642,71998,134753,110109,168640,1
58694,86691,6019,145385,64713,92710,0
24945,36069,36434,61014,61379,72503,1
35836,65645,46143,101481,81979,111788,1
46650,78813,12476,125463,59126,91289,0
37806,93088,23957,130894,61763,117045,0
13141,97809,79701,110950,92842,177510,0
69542,74924,54234,144466,123776,129158,1
36410,71927,95759,108337,132169,167686,1
71876,9563,90815,81439,162691,100378,0
21599,7027,85768,28626,107367,92795,0
10986,16336,63889,27322,74875,80225,0
60111,11316,14857,71427,74968,26173,0
85161,3728,27939,88889,113100,31667,0
37125,85139,19426,122264,56551,104565,0
38934,94211,65139,133145,104073,159350,1
91572,7019,45036,98591,136608,52055,0
60341,59937,90015,120278,150356,149952,1
7521,84525,874,92046,8395,85399,0
63521,86982,60369,150503,123890,147351,1
92785,39156,27540,131941,120325,66696,0
51644,50339,75125,101983,126769,125464,1
2708,45689,99060,48397,101768,144749,0
80197,89438,9902,169635,90099,99340,1
99619,32605,53366,132224,152985,85971,0
16760,643,91060,17403,107820,91703,0
90403,78969,98868,169372,189271,177837,1
57335,76508,87796,133843,145131,164304,1
39555,79477,71274,119032,110829,150751,1
78607,58489,27263,137096,105870,85752,1
86439,66468,54879,152907,141318,121347,1
74161,22878,83519,97039,157680,106397,1
69927,25648,39011,95575,108938,64659,0
48068,47779,92913,95847,140981,140692,1
83107,45344,71346,128451,154453,116690,1
70279,97709,35626,167988,105905,133335,1
67371,86613,24460,153984,91831,111073,1
77416,61000,73754,138416,151170,134754,1
10299,17767,5833,28066,16132,23600,0
50774,63344,6589,114118,57363,69933,0
88807,26564,47322,115371,136129,73886,0
63576,60547,79871,124123,143447,140418,1
62023,38381,21458,100404,83481,59839,0
30872,13257,28042,44129,58914,41299,1
2046,12730,46393,14776,48439,59123,0
35218,42407,83255,77625,118473,125662,0
3444,75299,41573,78743,45017,116872,0
7843,12539,25790,20382,33633,38329,0
46505,3988,48690,50493,95195,52678,1
82391,7930,18604,90321,100995,26534,0
62527,1655,78875,64182,141402,80530,0
93470,78043,13820,171513,107290,91863,0
55129,1827,93246,56956,148375,95073,0
74867,11846,50128,86713,124995,61974,0
14332,58680,99264,73012,113596,157944,0
89121,38080,59776,127201,148897,97856,1
85708,63627,61383,149335,147091,125010,1
94451,27107,14720,121558,109171,41827,0
21337,20172,69946,41509,91283,90118,0
13076,43811,84619,56887,97695,128430,0
49791,90083,41574,139874,91365,131657,1
14950,23245,5547,38195,20497,28792,0
75470,74676,68439,150146,143909,143115,1
50666,16703,77226,67369,127892,93929,0
19110,85002,9562,104112,28672,94564,0
49231,8165,20019,57396,69250,28184,0
90842,81486,20579,172328,111421,102065,1
57565,467,80924,58032,138489,81391,0
39074,57739,97116,96813,136190,154855,0
71218,1951,17101,73169,88319,19052,0
60465,11473,48544,71938,109009,60017,0
19219,98629,51778,117848,70997,150407,0
23692,49888,15581,73580,39273,65469,0
86523,80611,87371,167134,173894,167982,1
99320,55853,9311,155173,108631,65164,0
32424,68897,24206,101321,56630,93103,0
14631,4198,18961,18829,33592,23159,0
16537,69905,42470,86442,59007,112375,0
50269,95103,99880,145372,150149,194983,1
62732,55679,54867,118411,117599,110546,1
26107,38176,84800,64283,110907,122976,0
38161,66488,91201,104649,129362,157689,1
13375,46170,22898,59545,36273,69068,0
55211,31776,44439,86987,99650,76215,1
89667,34987,61041,124654,150708,96028,1
36379,31731,75648,68110,112027,107379,0
70200,58904,50444,129104,120644,109348,1
78004,2449,96253,80453,174257,98702,0
18128,1072,20627,19200,38755,21699,0
67988,82122,14999,150110,82987,97121,1
19857,87189,60483,107046,80340,147672,0
81820,18842,64802,100662,146622,83644,1
4288,8495,27784,12783,32072,36279,0
85749,85320,24489,171069,110238,109809,1
83631,73588,29048,157219,112679,102636,1
38006,81582,36472,119588,74478,118054,0
34390,13619,96997,48009,131387,110616,0
59514,84747,74215,144261,133729,158962,1
94521,8823,57101,103344,151622,65924,0
8596,94646,42966,103242,51562,137612,0
72665,96155,38984,168820,111649,135139,1
26796,46535,9797,73331,36593,56332,0
11858,48311,91296,60169,103154,139607,0
84446,17677,87952,102123,172398,105629,1
24776,37991,71149,62767,95925,109140,0
97251,18379,10128,115630,107379,28507,0
13702,52191,45574,65893,59276,97765,1
1564,8352,17672,9916,19236,26024,0
65676,48157,21186,113833,86862,69343,1
1030,64618,52717,65648,53747,117335,0
70836,25159,81703,95995,152539,106862,1
80913,71359,57729,152272,138642,129088,1
94762,67033,62053,161795,156815,129086,1
96016,38177,22838,134193,118854,61015,0
88546,85342,13928,173888,102474,99270,1
60468,60405,17721,120873,78189,78126,1
77328,74362,91274,151690,168602,165636,1
41201,44883,24812,86084,66013,69695,1
5635,67722,25308,73357,30943,93030,0
10457,24033,61414,34490,71871,85447,0
9726,42924,75627,52650,85353,118551,0
51288,71311,13454,122599,64742,84765,0
22852,59717,30424,82569,53276,90141,0
62169,79097,37951,141266,100120,117048,1
32650,33912,55438,66562,88088,89350,1
5143,23909,19961,29052,25104,43870,1
39508,71980,23391,111488,62899,95371,0
22591,59237,14721,81828,37312,73958,0
13365,61826,50736,75191,64101,112562,1
34083,50053,92775,84136,126858,142828,0
62287,91188,20100,153475,82387,111288,0
38275,74359,9658,112634,47933,84017,0
88725,31837,96414,120562,185139,128251,1
70343,3998,57858,74341,128201,61856,0
42914,28728,70851,71642,113765,99579,1
8333,25614,8512,33947,16845,34126,0
52209,2629,59623,54838,111832,62252,0
77259,63645,53585,140904,130844,117230,1
60114,1034,26832,61148,86946,27866,0
27802,97334,7754,125136,35556,105088,0
38285,8439,68969,46724,107254,77408,0
70574,20765,9167,91339,79741,29932,0
40396,74284,90097,114680,130493,164381,1
63091,39997,90525,103088,153616,130522,1
76536,2776,48348,79312,124884,51124,0
66880,29650,77430,96530,144310,107080,1
2484,28225,89908,30709,92392,118133,0
34655,76719,52465,111374,87120,129184,1
1282,7772,37020,9054,38302,44792,0
53759,10789,27263,64548,81022,38052,0
39954,22763,81055,62717,121009,103818,0
92068,14334,60029,106402,152097,74363,0
23670,21980,51068,45650,74738,73048,0
78385,11869,63651,90254,142036,75520,0
56201,53106,28242,109307,84443,81348,1
8609,58647,90341,67256,98950,148988,0
84965,41828,95100,126793,180065,136928,1
13822,6551,1041,20373,14863,7592,0
41759,22912,88049,64671,129808,110961,0
38065,90126,32691,128191,70756,122817,0
61411,60673,52588,122084,113999,113261,1
64602,24481,59165,89083,123767,83646,1
85828,74082,79402,159910,165230,153484,1
88819,53360,43678,142179,132497,97038,1
46508,15114,46381,61622,92889,61495,1
38882,91778,59218,130660,98100,150996,1
91940,52736,18343,144676,110283,71079,0
87764,78650,21237,166414,109001,99887,1
58124,85660,43524,143784,101648,129184,1
82837,95621,15994,178458,98831,111615,1
91861,79192,192,171053,92053,79384,0
79136,9608,38941,88744,118077,48549,0
63718,27695,20867,91413,84585,48562,0
72446,51986,16708,124432,89154,68694,0
84102,13571,42474,97673,126576,56045,0
93613,3461,46649,97074,140262,50110,0
99025,16206,70642,115231,169667,86848,0
76442,70939,19164,147381,95606,90103,1
82508,16479,46650,98987,129158,63129,0
45381,10251,80846,55632,126227,91097,0
317,92788,99357,93105,99674,192145,0
30624,59274,42366,89898,72990,101640,1
53435,16472,34287,69907,87722,50759,0
11725,54819,20252,66544,31977,75071,0
49981,25375,76391,75356,126372,101766,0
42522,61425,49534,103947,92056,110959,1
14473,3625,27082,18098,41555,30707,0
95753,31297,54378,127050,150131,85675,0
45283,24988,62589,70271,107872,87577,1
84315,38656,59344,122971,143659,98000,1
41498,2189,27325,43687,68823,29514,0
17738,3865,50497,21603,68235,54362,0
70421,76644,51779,147065,122200,128423,1
71809,44075,91200,115884,163009,135275,1
53540,10651,45672,64191,99212,56323,1
19771,13060,6832,32831,26603,19892,1
16947,83255,57082,100202,74029,140337,0
81882,62234,99238,144116,181120,161472,1
26846,45295,85513,72141,112359,130808,0
14371,53941,89354,68312,103725,143295,0
50859,15725,24092,66584,74951,39817,0
18486,32608,10070,51094,28556,42678,0
90223,2952,34609,93175,124832,37561,0
58669,31074,38,89743,58707,31112,0
61404,15988,30038,77392,91442,46026,0
8848,4139,72220,12987,81068,76359,0
36673,86233,70178,122906,106851,156411,1
27380,58797,43444,86177,70824,102241,1
76000,96928,64465,172928,140465,161393,1
47061,46709,24454,93770,71515,71163,1
81286,18056,39866,99342,121152,57922,0
7669,60818,79627,68487,87296,140445,0
80205,48084,68872,128289,149077,116956,1
90764,69746,85428,160510,176192,155174,1
28823,8458,52548,37281,81371,61006,0
79774,73980,67906,153754,147680,141886,1
79638,61684,2069,141322,81707,63753,0
88268,50083,74619,138351,162887,124702,1
18565,713,96689,19278,115254,97402,0
42877,90374,46463,133251,89340,136837,0
69555,65377,6669,134932,76224,72046,1
12640,31285,28608,43925,41248,59893,1
23057,77663,82576,100720,105633,160239,1
26696,5142,99235,31838,125931,104377,0
99324,81806,64421,181130,163745,146227,1
65968,7199,85539,73167,151507,92738,0
76360,31760,42575,108120,118935,74335,0
9467,56395,71134,65862,80601,127529,0
22803,89889,95914,112692,118717,185803,1
41249,7879,19970,49128,61219,27849,0
84196,31348,98225,115544,182421,129573,1
44753,60045,23440,104798,68193,83485,1
21607,15246,74256,36853,95863,89502,0
71496,60080,94266,131576,165762,154346,1
13442,27639,97020,41081,110462,124659,0
10448,10409,628,20857,11076,11037,1
452,93293,47591,93745,48043,140884,0
6875,62486,83429,69361,90304,145915,0
26434,47653,78444,74087,104878,126097,0
41610,22944,87541,64554,129151,110485,0
71089,73648,70650,144737,141739,144298,1
30930,50301,74928,81231,105858,125229,1
49206,81680,86165,130886,135371,167845,1
52899,30187,1548,83086,54447,31735,0
24315,68183,79341,92498,103656,147524,1
50685,82339,36378,133024,87063,118717,1
44485,55817,97205,100302,141690,153022,1
43330,29246,97049,72576,140379,126295,0
35122,38384,65302,73506,100424,103686,1
1463,40156,13879,41619,15342,54035,0
99500,47780,79600,147280,179100,127380,1
99270,59053,1954,158323,101224,61007,0
43082,20274,51855,63356,94937,72129,1
50240,75116,33800,125356,84040,108916,1
31472,82900,7716,114372,39188,90616,0
97464,74317,31625,171781,129089,105942,1
69938,15894,84945,85832,154883,100839,1
75679,72238,20198,147917,95877,92436,1
1730,94693,4620,96423,6350,99313,0
38307,23099,65740,61406,104047,88839,0
76991,84603,37638,161594,114629,122241,1
82556,25097,6542,107653,89098,31639,0
97320,14484,38907,111804,136227,53391,0
49793,87620,14074,137413,63867,101694,0
63421,65615,85799,129036,149220,151414,1
44671,92003,98483,136674,143154,190486,1
75907,602,50669,76509,126576,51271,0
24106,7151,38288,31257,62394,45439,0
21874,52569,63876,74443,85750,116445,1
46152,86660,89414,132812,135566,176074,1
60331,61041,11460,121372,71791,72501,1
18119,68341,84880,86460,102999,153221,1
12113,33197,84068,45310,96181,117265,0
18373,98640,46820,117013,65193,145460,0
30986,10953,63507,41939,94493,74460,0
5075,509,66222,5584,71297,66731,0
74748,27998,97019,102746,171767,125017,1
73054,42186,69670,115240,142724,111856,1
58535,62968,83690,121503,142225,146658,1
73110,13258,19300,86368,92410,32558,0
76804,97439,15002,174243,91806,112441,0
63136,11449,96946,74585,160082,108395,0
71474,36824,50135,108298,121609,86959,1
5191,97024,25663,102215,30854,122687,0
42143,38806,66718,80949,108861,105524,1
29169,26666,19350,55835,48519,46016,1
2386,8414,76440,10800,78826,84854,0
80816,84652,90459,165468,171275,175111,1
47458,33748,27785,81206,75243,61533,1
27328,77996,67631,105324,94959,145627,1
87777,95582,15551,183359,103328,111133,1
37567,5148,1639,42715,39206,6787,0
88999,29379,87590,118378,176589,116969,1
87256,76166,78756,163422,166012,154922,1
98471,73633,58200,172104,156671,131833,1
32128,98890,82333,131018,114461,181223,1
11002,64610,28662,75612,39664,93272,0
24118,41417,3544,65535,27662,44961,0
14141,24871,86193,39012,100334,111064,0
81181,24752,19445,105933,100626,44197,0
64533,89643,96975,154176,161508,186618,1
42433,19822,64211,62255,106644,84033,0
32658,13339,57687,45997,90345,71026,0
71924,99685,10841,171609,82765,110526,0
61418,81737,46657,143155,108075,128394,1
58384,81266,5870,139650,64254,87136,0
99235,66411,2392,165646,101627,68803,0
16668,65084,65206,81752,81874,130290,1
85399,34942,61499,120341,146898,96441,1
6128,19316,38350,25444,44478,57666,0
88099,63220,9191,151319,97290,72411,0
72048,44607,5492,116655,77540,50099,0
65762,90708,62250,156470,128012,152958,1
60428,11777,74615,72205,135043,86392,0
17531,91166,10277,108697,27808,101443,0
26697,84424,74545,111121,101242,158969,1
32421,5485,43577,37906,75998,49062,0
42855,13646,95190,56501,138045,108836,0
2144,77566,66093,79710,68237,143659,0
88118,11360,90765,99478,178883,102125,1
25171,43814,961,68985,26132,44775,0
25128,24710,53148,49838,78276,77858,0
67800,17098,21122,84898,88922,38220,0
66596,65748,80487,132344,147083,146235,1
58017,39421,57805,97438,115822,97226,1
12914,85530,47822,98444,60736,133352,0
77780,49252,71001,127032,148781,120253,1
69363,49528,48179,118891,117542,97707,1
42393,60382,46830,102775,89223,107212,1
21762,75333,11418,97095,33180,86751,0
89636,37130,99331,126766,188967,136461,1
30197,18597,44233,48794,74430,62830,1
24429,97824,38729,122253,63158,136553,0
86987,28416,62764,115403,149751,91180,1
37344,69158,37859,106502,75203,107017,1
54729,99646,43929,154375,98658,143575,0
96907,62805,71569,159712,168476,134374,1
44836,71501,54098,116337,98934,125599,1
14697,16604,11033,31301,25730,27637,1
62331,24107,76650,86438,138981,100757,1
21718,34761,96558,56479,118276,131319,0
97995,51133,23195,149128,121190,74328,0
2677,9537,24854,12214,27531,34391,0
54593,69503,16730,124096,71323,86233,1
93394,27434,76656,120828,170050,104090,1
1823,58491,60611,60314,62434,119102,0
80974,58147,38197,139121,119171,96344,1
8464,4589,27194,13053,35658,31783,0
49915,70762,84849,120677,134764,155611,1
61938,84289,76979,146227,138917,161268,1
83260,78447,64366,161707,147626,142813,1
84307,12794,90151,97101,174458,102945,1
34444,88441,13540,122885,47984,101981,0
34230,48043,46961,82273,81191,95004,1
13714,69506,72532,83220,86246,142038,1
35362,64197,81947,99559,117309,146144,1
58054,53443,22193,111497,80247,75636,1
49935,69677,83182,119612,133117,152859,1
81437,84277,66913,165714,148350,151190,1
4000,79160,75255,83160,79255,154415,1
30437,98049,56050,128486,86487,154099,0
27247,64357,32664,91604,59911,97021,0
36557,57481,6731,94038,43288,64212,0
39783,92022,21251,131805,61034,113273,0
57596,84249,83326,141845,140922,167575,1
92219,71792,30773,164011,122992,102565,1
54484,28305,49561,82789,104045,77866,1
36889,23183,27286,60072,64175,50469,1
50733,96200,11285,146933,62018,107485,0
53759,34579,8250,88338,62009,42829,0
37362,49340,73962,86702,111324,123302,1
27217,52297,30843,79514,58060,83140,1
6583,9522,33859,16105,40442,43381,0
1222,58688,32547,59910,33769,91235,0
83801,89547,49488,173348,133289,139035,1
4143,95365,85977,99508,90120,181342,0
96956,22367,6665,119323,103621,29032,0
2674,4608,51722,7282,54396,56330,0
89279,33746,7652,123025,96931,41398,0
64928,88918,864,153846,65792,89782,0
6044,88745,54476,94789,60520,143221,0
28705,1955,30680,30660,59385,32635,0
39958,15024,60826,54982,100784,75850,0
13846,25174,18640,39020,32486,43814,1
38568,5142,42661,43710,81229,47803,1
30418,30018,24653,60436,55071,54671,1
83133,90952,41775,174085,124908,132727,1
31583,19399,96208,50982,127791,115607,0
4699,45222,52889,49921,57588,98111,0
24458,26813,37464,51271,61922,64277,1
20264,27267,81632,47531,101896,108899,0
66420,14515,78592,80935,145012,93107,1
95136,18146,2052,113282,97188,20198,0
75769,81094,64228,156863,139997,145322,1
382,65199,10478,65581,10860,75677,0
36049,67297,3613,103346,39662,70910,0
85803,19432,72982,105235,158785,92414,1
84724,29909,92247,114633,176971,122156,1
54172,58104,77974,112276,132146,136078,1
1421,58453,38716,59874,40137,97169,0
92540,84981,3027,177521,95567,88008,0
36945,84688,23258,121633,60203,107946,0
2977,45329,59574,48306,62551,104903,0
31257,55539,98139,86796,129396,153678,0
91119,21640,68736,112759,159855,90376,0
99725,71487,53428,171212,153153,124915,1
60980,59457,63421,120437,124401,122878,1
45527,77980,29266,123507,74793,107246,0
85715,74957,82880,160672,168595,157837,1
69039,95669,70772,164708,139811,166441,1
77603,44730,80936,122333,158539,125666,1
98184,17176,86785,115360,184969,103961,1
74505,40694,39993,115199,114498,80687,1
60831,52211,55341,113042,116172,107552,1
2965,40620,63052,43585,66017,103672,0
97837,12350,50503,110187,148340,62853,0
10913,41579,51070,52492,61983,92649,1
86545,45640,93846,132185,180391,139486,1
32921,46037,36355,78958,69276,82392,1
33395,80386,81670,113781,115065,162056,1
22413,47815,38314,70228,60727,86129,1
93798,51826,27870,145624,121668,79696,0
33188,96483,20279,129671,53467,116762,0
97271,41470,60785,138741,158056,102255,1
33980,7949,75303,41929,109283,83252,0
74707,54813,1851,129520,76558,56664,0
13528,47461,17751,60989,31279,65212,0
31717,27624,24797,59341,56514,52421,1
45679,39604,69768,85283,115447,109372,1
62747,97281,32560,160028,95307,129841,0
72525,39517,93566,112042,166091,133083,1
88545,87208,99350,175753,187895,186558,1
89086,24126,77032,113212,166118,101158,1
76244,51346,17909,127590,94153,69255,0
39791,27114,53105,66905,92896,80219,1
1999,50923,2865,52922,4864,53788,0
51755,52018,78365,103773,130120,130383,1
90916,13990,96836,104906,187752,110826,1
25206,19303,37133,44509,62339,56436,1
31053,45782,80533,76835,111586,126315,0
16535,82068,90782,98603,107317,172850,1
50606,91711,71225,142317,121831,162936,1
74754,63918,21566,138672,96320,85484,1
76295,8604,94859,84899,171154,103463,0
65131,94189,42235,159320,107366,136424,1
4852,11436,89655,16288,94507,101091,0
36640,13236,42529,49876,79169,55765,1
63136,94968,42792,158104,105928,137760,1
54674,31492,47606,86166,102280,79098,1
26247,90629,16780,116876,43027,107409,0
95931,30065,85079,125996,181010,115144,1
36378,27154,81539,63532,117917,108693,0
6127,73290,14005,79417,20132,87295,0
17254,104,94423,17358,111677,94527,0
41599,12101,13278,53700,54877,25379,0
10653,60375,11566,71028,22219,71941,0
69435,17519,90518,86954,159953,108037,0
91944,67225,96748,159169,188692,163973,1
34496,40146,71520,74642,106016,111666,1
49424,79344,66373,128768,115797,145717,1
40544,33402,77541,73946,118085,110943,0
43846,7357,86823,51203,130669,94180,0
35314,67532,85012,102846,120326,152544,1
2040,35471,61344,37511,63384,96815,0
36496,73245,85930,109741,122426,159175,1
93732,85749,12230,179481,105962,97979,1
59533,63908,17254,123441,76787,81162,1
19232,93367,24883,112599,44115,118250,0
35301,77790,98469,113091,133770,176259,1
37945,78319,36644,116264,74589,114963,0
21716,85431,32536,107147,54252,117967,0
82243,58536,97460,140779,179703,155996,1
58868,62224,48129,121092,106997,110353,1
20019,18133,51913,38152,71932,70046,0
46887,74005,95148,120892,142035,169153,1
75170,49963,58509,125133,133679,108472,1
56366,47535,31970,103901,88336,79505,1
84589,60806,90126,145395,174715,150932,1
29535,88202,12386,117737,41921,100588,0
975,96952,53832,97927,54807,150784,0
60452,57945,57131,118397,117583,115076,1
49167,4650,38110,53817,87277,42760,0
35975,57502,13998,93477,49973,71500,0
67874,76426,11012,144300,78886,87438,1
22770,96475,55637,119245,78407,152112,0
57657,49429,58988,107086,116645,108417,1
94192,16070,97059,110262,191251,113129,1
61047,73857,1006,134904,62053,74863,0
6204,74406,45747,80610,51951,120153,0
67271,29976,13871,97247,81142,43847,0
89712,58189,27048,147901,116760,85237,0
37744,31221,44460,68965,82204,75681,1
55932,97538,28841,153470,84773,126379,0
23807,65669,38767,89476,62574,104436,0
72389,82681,57038,155070,129427,139719,1
73132,96365,4044,169497,77176,100409,0
75618,68762,19904,144380,95522,88666,1
71205,21089,66459,92294,137664,87548,1
86950,1865,53234,88815,140184,55099,0
85750,61987,26596,147737,112346,88583,1
2118,18294,82978,20412,85096,101272,0
34889,71431,46319,106320,81208,117750,1
54367,7996,47405,62363,101772,55401,1
70407,36095,18277,106502,88684,54372,0
43884,24701,61871,68585,105755,86572,1
74782,31261,59650,106043,134432,90911,1
24249,89127,41970,113376,66219,131097,0
53285,48770,33983,102055,87268,82753,1
11503,42948,49454,54451,60957,92402,1
90629,99311,99719,189940,190348,199030,1
76466,22372,51732,98838,128198,74104,0
20213,56810,34788,77023,55001,91598,0
11840,96735,18891,108575,30731,115626,0
92619,35118,94834,127737,187453,129952,1
78874,59309,44438,138183,123312,103747,1
46806,40191,45460,86997,92266,85651,1
50741,27244,21809,77985,72550,49053,0
19897,44944,62928,64841,82825,107872,1
47081,60968,16091,108049,63172,77059,1
53905,78484,65062,132389,118967,143546,1
12351,7619,74896,19970,87247,82515,0
43181,3443,6505,46624,49686,9948,0
1027,44807,40751,45834,41778,85558,0
7801,83616,13100,91417,20901,96716,0
67828,40815,49484,108643,117312,90299,1
20733,8224,49774,28957,70507,57998,0
68632,93538,87119,162170,155751,180657,1
99476,5577,72165,105053,171641,77742,0
81549,47431,72654,128980,154203,120085,1
54363,57062,19338,111425,73701,76400,1
27478,50594,22791,78072,50269,73385,0
21194,12217,33964,33411,55158,46181,0
37975,19112,20556,57087,58531,39668,1
95039,4551,63156,99590,158195,67707,0
55413,69319,7230,124732,62643,76549,0
32657,43813,59176,76470,91833,102989,1
65031,48111,27560,113142,92591,75671,1
23237,42747,64879,65984,88116,107626,1
56732,44047,45213,100779,101945,89260,1
83904,77188,56297,161092,140201,133485,1
77247,38253,66530,115500,143777,104783,1
69394,99829,9066,169223,78460,108895,0
72116,34087,48988,106203,121104,83075,1
93886,71589,19558,165475,113444,91147,0
59096,3956,40571,63052,99667,44527,0
64419,74710,44664,139129,109083,119374,1
3158,42970,16625,46128,19783,59595,0
12757,89379,54510,102136,67267,143889,0
91399,67039,50858,158438,142257,117897,1
83232,57699,98057,140931,181289,155756,1
83493,47021,58390,130514,141883,105411,1
10277,3382,64510,13659,74787,67892,0
6319,63895,27172,70214,33491,91067,0
39373,34608,4677,73981,44050,39285,0
51125,53780,96389,104905,147514,150169,1
68254,72146,66722,140400,134976,138868,1
5435,40962,33678,46397,39113,74640,0
94660,4946,38413,99606,133073,43359,0
18122,33209,236,51331,18358,33445,0
44790,64003,48401,108793,93191,112404,1
15083,76295,82848,91378,97931,159143,1
2173,1292,90055,3465,92228,91347,0
23628,52716,41951,76344,65579,94667,1
27093,36534,64528,63627,91621,101062,0
82852,39631,76541,122483,159393,116172,1
81567,48016,69806,129583,151373,117822,1
36248,73323,57502,109571,93750,130825,1
65063,66120,68755,131183,133818,134875,1
78465,73877,88945,152342,167410,162822,1
32697,4609,47696,37306,80393,52305,0
86580,18965,47459,105545,134039,66424,0
75084,52408,71711,127492,146795,124119,1
77178,14108,69690,91286,146868,83798,1
48716,35825,40733,84541,89449,76558,1
23855,39899,37437,63754,61292,77336,1
57618,88860,2548,146478,60166,91408,0
73017,27549,67155,100566,140172,94704,1
96993,39137,74217,136130,171210,113354,1
35005,34053,6881,69058,41886,40934,1
89654,70678,13749,160332,103403,84427,0
44317,30751,65288,75068,109605,96039,1
47211,79198,59917,126409,107128,139115,1
83714,88691,97759,172405,181473,186450,1
1135,943,49205,2078,50340,50148,0
10969,10142,80870,21111,91839,91012,0
33775,873,24859,34648,58634,25732,0
61268,85543,83678,146811,144946,169221,1
2664,73644,26957,76308,29621,100601,0
99539,16872,26533,116411,126072,43405,0
76636,73079,25228,149715,101864,98307,1
32050,64762,71683,96812,103733,136445,1
73962,8550,33480,82512,107442,42030,0
29888,81819,9541,111707,39429,91360,0
6370,3422,76451,9792,82821,79873,0
80569,57513,62585,138082,143154,120098,1
87252,68112,33847,155364,121099,101959,1
43346,22236,64774,65582,108120,87010,1
1748,85028,83511,86776,85259,168539,1
42757,24473,23650,67230,66407,48123,1
67075,9433,64911,76508,131986,74344,1
15738,50228,23472,65966,39210,73700,0
69227,36288,15031,105515,84258,51319,0
20909,36864,63515,57773,84424,100379,0
70623,83730,90234,154353,160857,173964,1
72234,76677,76939,148911,149173,153616,1
62233,26726,26332,88959,88565,53058,0
90344,53334,89857,143678,180201,143191,1
41013,71537,79449,112550,120462,150986,1
20476,15533,17436,36009,37912,32969,1
80611,94451,43799,175062,124410,138250,1
66309,31363,49245,97672,115554,80608,1
63574,45392,91418,108966,154992,136810,1
47536,56057,86400,103593,133936,142457,1
36796,83498,81936,120294,118732,165434,1
89807,97168,8710,186975,98517,105878,1
25316,61266,35526,86582,60842,96792,0
58109,93598,21909,151707,80018,115507,0
11949,22898,21282,34847,33231,44180,1
29288,74793,68760,104081,98048,143553,1
84001,23026,37987,107027,121988,61013,0
17105,6176,93656,23281,110761,99832,0
86051,48121,68028,134172,154079,116149,1
27212,91539,51642,118751,78854,143181,0
71297,67602,95389,138899,166686,162991,1
57492,23779,61196,81271,118688,84975,1
15372,92153,40067,107525,55439,132220,0
25527,11594,73038,37121,98565,84632,0
42297,81566,63128,123863,105425,144694,1
94504,5723,87045,100227,181549,92768,0
27674,4299,94072,31973,121746,98371,0
47348,12969,86054,60317,133402,99023,0
74053,99057,27940,173110,101993,126997,1
88690,65886,44142,154576,132832,110028,1
24187,79850,45837,104037,70024,125687,0
29958,94120,84286,124078,114244,178406,1
96031,32878,35884,128909,131915,68762,0
13503,46958,21503,60461,35006,68461,0
80932,93748,61297,174680,142229,155045,1
18087,90124,16169,108211,34256,106293,0
13754,62315,45476,76069,59230,107791,0
16474,44985,13686,61459,30160,58671,0
91264,60217,25863,151481,117127,86080,0
70950,33686,23648,104636,94598,57334,0
91688,40550,51710,132238,143398,92260,1
54705,56866,27349,111571,82054,84215,1
64528,51688,89745,116216,154273,141433,1
66681,80302,36099,146983,102780,116401,1
11922,56344,67595,68266,79517,123939,1
71370,30951,65460,102321,136830,96411,1
44987,35011,42418,79998,87405,77429,1
95582,31475,67513,127057,163095,98988,1
21442,88207,8306,109649,29748,96513,0
22209,23217,21184,45426,43393,44401,1
55029,46115,2396,101144,57425,48511,0
87066,25838,66978,112904,154044,92816,1
4902,19138,16123,24040,21025,35261,1
87728,86019,83138,173747,170866,169157,1
49795,2311,84049,52106,133844,86360,0
35403,80786,3406,116189,38809,84192,0
12488,29549,88711,42037,101199,118260,0
48611,44792,98407,93403,147018,143199,0
34445,41854,14674,76299,49119,56528,1
75568,50646,96531,126214,172099,147177,1
87346,79521,75170,166867,162516,154691,1
28157,86708,11547,114865,39704,98255,0
49765,81565,20309,131330,70074,101874,0
86256,91120,30426,177376,116682,121546,1
41462,43400,9907,84862,51369,53307,1
18200,97852,27740,116052,45940,125592,0
4763,31298,95771,36061,100534,127069,0
63654,11022,3192,74676,66846,14214,0
44650,76212,86516,120862,131166,162728,1
91138,80090,6682,171228,97820,86772,0
37615,7782,50326,45397,87941,58108,0
70443,47367,74140,117810,144583,121507,1
32534,17775,15698,50309,48232,33473,1
62502,49722,15141,112224,77643,64863,1
13948,63622,88556,77570,102504,152178,0
88487,85668,10506,174155,98993,96174,1
1501,5864,72451,7365,73952,78315,0
81383,88589,43906,169972,125289,132495,1
80860,9887,29996,90747,110856,39883,0
78233,46287,5088,124520,83321,51375,0
64400,67189,23523,131589,87923,90712,1
58502,43413,55022,101915,113524,98435,1
22264,97429,2069,119693,24333,99498,0
98847,24202,9869,123049,108716,34071,0
99540,13608,72121,113148,171661,85729,0
1387,81040,60467,82427,61854,141507,0
35416,13378,82022,48794,117438,95400,0
6601,49707,83557,56308,90158,133264,0
571,34658,21017,35229,21588,55675,0
88486,23306,9045,111792,97531,32351,0
40945,45072,92029,86017,132974,137101,0
28630,70163,56058,98793,84688,126221,1
59979,81910,96813,141889,156792,178723,1
78575,262,79775,78837,158350,80037,0
4464,94364,48434,98828,52898,142798,0
11560,33618,58147,45178,69707,91765,0
1639,35408,66524,37047,68163,101932,0
77246,21986,36643,99232,113889,58629,0
16700,43942,31999,60642,48699,75941,1
82143,30772,24610,112915,106753,55382,0
57540,44635,90908,102175,148448,135543,1
2289,57292,5933,59581,8222,63225,0
10839,45733,19308,56572,30147,65041,0
99545,55827,98040,155372,197585,153867,1
43598,91714,7059,135312,50657,98773,0
61442,94176,5195,155618,66637,99371,0
74073,65001,47087,139074,121160,112088,1
61027,12718,65327,73745,126354,78045,1
99878,95551,92769,195429,192647,188320,1
29687,48690,18615,78377,48302,67305,0
64838,58132,55927,122970,120765,114059,1
92905,30326,16306,123231,109211,46632,0
57723,46788,40846,104511,98569,87634,1
68894,53575,4837,122469,73731,58412,0
9497,75011,38486,84508,47983,113497,0
70671,69453,27369,140124,98040,96822,1
81176,40447,52371,121623,133547,92818,1
99128,48529,98471,147657,197599,147000,1
12791,22497,45243,35288,58034,67740,0
65613,68367,43855,133980,109468,112222,1
39393,8551,99001,47944,138394,107552,0
27142,12977,99689,40119,126831,112666,0
12671,93816,5005,106487,17676,98821,0
27740,66528,27935,94268,55675,94463,0
36879,62064,68457,98943,105336,130521,1
68334,87997,34261,156331,102595,122258,1
93977,66992,51866,160969,145843,118858,1
8895,53601,51111,62496,60006,104712,1
57920,8966,52747,66886,110667,61713,1
99313,30425,3406,129738,102719,33831,0
78295,12971,71025,91266,149320,83996,1
55173,48605,21130,103778,76303,69735,1
23626,37240,14809,60866,38435,52049,1
73035,97291,7397,170326,80432,104688,0
32552,10735,87788,43287,120340,98523,0
84687,75628,56797,160315,141484,132425,1
13355,14489,98633,27844,111988,113122,0
73443,87980,93192,161423,166635,181172,1
84356,8659,18662,93015,103018,27321,0
9643,51075,95628,60718,105271,146703,0
39488,95400,33546,134888,73034,128946,0
51906,14269,84391,66175,136297,98660,0
90344,76802,1655,167146,91999,78457,0
59721,18564,53304,78285,113025,71868,1
98752,78549,42463,177301,141215,121012,1
48259,50806,10871,99065,59130,61677,1
59901,94493,37209,154394,97110,131702,1
28362,78101,21012,106463,49374,99113,0
20095,69155,47557,89250,67652,116712,0
78784,93906,8452,172690,87236,102358,0
34000,73795,27505,107795,61505,101300,0
18974,16515,11853,35489,30827,28368,1
31611,23253,37833,54864,69444,61086,1
98787,24134,60962,122921,159749,85096,0
16352,35519,32381,51871,48733,67900,1
62105,38158,80814,100263,142919,118972,1
32366,15088,30344,47454,62710,45432,1
67044,76323,16719,143367,83763,93042,1
5153,6829,96995,11982,102148,103824,0
16715,28733,79297,45448,96012,108030,0
82396,7790,77642,90186,160038,85432,1
40829,67213,90453,108042,131282,157666,1
2394,43336,74607,45730,77001,117943,0
98606,99110,14938,197716,113544,114048,1
99323,52406,55272,151729,154595,107678,1
24899,48612,11234,73511,36133,59846,0
21310,57058,6823,78368,28133,63881,0
31434,15262,93889,46696,125323,109151,0
52702,4118,13320,56820,66022,17438,0
88821,78807,91603,167628,180424,170410,1
11313,23723,19353,35036,30666,43076,1
25118,7614,45115,32732,70233,52729,0
97409,74252,64514,171661,161923,138766,1
38275,3561,35749,41836,74024,39310,1
64213,36919,71880,101132,136093,108799,1
37425,1231,82970,38656,120395,84201,0
145,31799,69824,31944,69969,101623,0
89530,31888,39436,121418,128966,71324,0
27267,35225,92213,62492,119480,127438,0
13020,35813,96777,48833,109797,132590,0
62172,6635,81053,68807,143225,87688,0
74698,5506,93595,80204,168293,99101,0
49219,64239,84878,113458,134097,149117,1
87632,87064,68724,174696,156356,155788,1
18510,88037,65403,106547,83913,153440,0
45935,45446,75675,91381,121610,121121,1
90426,60762,74619,151188,165045,135381,1
27847,35429,45239,63276,73086,80668,1
2504,8204,90052,10708,92556,98256,0
79634,81903,9931,161537,89565,91834,1
84878,60722,98722,145600,183600,159444,1
48101,39180,93452,87281,141553,132632,0
92247,71018,90597,163265,182844,161615,1
25805,64070,27729,89875,53534,91799,0
53364,18503,2364,71867,55728,20867,0
70805,49330,83574,120135,154379,132904,1
91694,97832,7375,189526,99069,105207,1
74541,97982,377,172523,74918,98359,0
80538,84490,72363,165028,152901,156853,1
94009,69329,97373,163338,191382,166702,1
83270,51697,48216,134967,131486,99913,1
53700,30438,30699,84138,84399,61137,1
44846,88285,33016,133131,77862,121301,0
31647,74153,53345,105800,84992,127498,1
49368,33780,81398,83148,130766,115178,1
33138,36907,79811,70045,112949,116718,0
14567,7610,61143,22177,75710,68753,0
97217,19216,18590,116433,115807,37806,0
79347,37865,33881,117212,113228,71746,0
76282,69444,52403,145726,128685,121847,1
94885,91513,53337,186398,148222,144850,1
55183,15618,70569,70801,125752,86187,1
22349,89105,27540,111454,49889,116645,0
9232,57145,95895,66377,105127,153040,0
11725,26779,83110,38504,94835,109889,0
88576,37826,99450,126402,188026,137276,1
47192,59394,77054,106586,124246,136448,1
93744,24994,5765,118738,99509,30759,0
74634,98911,74490,173545,149124,173401,1
23070,97169,7046,120239,30116,104215,0
1607,89578,25922,91185,27529,115500,0
70172,47047,66927,117219,137099,113974,1
34657,97928,73557,132585,108214,171485,1
21267,18022,51368,39289,72635,69390,0
36084,71958,53906,108042,89990,125864,1
20285,21006,14184,41291,34469,35190,1
29371,77444,44089,106815,73460,121533,0
97258,23569,99846,120827,197104,123415,1
8833,94495,33527,103328,42360,128022,0
77209,58318,65319,135527,142528,123637,1
80476,3179,19882,83655,100358,23061,0
68655,39968,90365,108623,159020,130333,1
87894,49500,61297,137394,149191,110797,1
62601,35436,57106,98037,119707,92542,1
61242,3067,35128,64309,96370,38195,0
7454,32503,99436,39957,106890,131939,0
13895,49259,10476,63154,24371,59735,0
44166,48360,67719,92526,111885,116079,1
35363,54183,31149,89546,66512,85332,1
26337,44861,79521,71198,105858,124382,0
33654,48350,1813,82004,35467,50163,0
52907,76414,25211,129321,78118,101625,1
68668,85668,21470,154336,90138,107138,1
48014,3900,802,51914,48816,4702,0
17919,2169,66176,20088,84095,68345,0
45338,83892,61053,129230,106391,144945,1
81929,30174,12765,112103,94694,42939,0
70960,92373,25243,163333,96203,117616,1
32436,73752,34733,106188,67169,108485,0
85181,93991,70194,179172,155375,164185,1
22342,59202,24859,81544,47201,84061,0
23529,44547,20840,68076,44369,65387,0
99130,18811,57965,117941,157095,76776,0
28420,32448,35812,60868,64232,68260,1
46910,22863,96463,69773,143373,119326,0
77596,75735,28091,153331,105687,103826,1
75501,20284,6636,95785,82137,26920,0
47062,81920,18213,128982,65275,100133,0
55271,83316,66930,138587,122201,150246,1
46654,58639,11521,105293,58175,70160,0
22997,70532,24280,93529,47277,94812,0
81911,182,31647,82093,113558,31829,0
44085,63839,33,107924,44118,63872,0
36747,13357,2089,50104,38836,15446,0
24294,75797,44136,100091,68430,119933,0
25033,36087,39806,61120,64839,75893,1
3522,3177,75117,6699,78639,78294,0
50498,73392,75812,123890,126310,149204,1
4015,32453,42532,36468,46547,74985,0
63481,50291,2973,113772,66454,53264,0
55527,89191,88528,144718,144055,177719,1
93648,61536,10352,155184,104000,71888,0
97702,29750,63568,127452,161270,93318,0
32688,70166,85933,102854,118621,156099,1
13208,63824,32162,77032,45370,95986,0
47046,23275,57769,70321,104815,81044,1
95604,1718,50981,97322,146585,52699,0
11736,96761,55578,108497,67314,152339,0
49446,83353,37199,132799,86645,120552,1
78004,92761,95569,170765,173573,188330,1
18725,25189,62989,43914,81714,88178,0
93384,3452,24518,96836,117902,27970,0
72855,25808,95615,98663,168470,121423,1
36549,81594,41285,118143,77834,122879,0
44571,191,30840,44762,75411,31031,0
78360,45073,95757,123433,174117,140830,1
74603,76413,60567,151016,135170,136980,1
95715,96459,75270,192174,170985,171729,1
19253,13612,77068,32865,96321,90680,0
739,85811,63169,86550,63908,148980,0
25445,15225,51983,40670,77428,67208,0
18321,94871,26228,113192,44549,121099,0
53727,98339,92747,152066,146474,191086,1
39136,56621,61357,95757,100493,117978,1
52976,44199,18875,97175,71851,63074,1
32306,70376,59272,102682,91578,129648,1
29071,19154,77429,48225,106500,96583,0
1689,96390,36324,98079,38013,132714,0
53718,72946,29851,126664,83569,102797,1
85641,37735,39136,123376,124777,76871,0
3092,60673,68665,63765,71757,129338,0
47808,57599,64056,105407,111864,121655,1
68823,2278,54204,71101,123027,56482,0
63687,49666,26945,113353,90632,76611,1
11919,69988,44063,81907,55982,114051,0
45769,96981,16621,142750,62390,113602,0
30610,1041,39958,31651,70568,40999,0
25041,80211,89260,105252,114301,169471,1
68041,88365,91773,156406,159814,180138,1
27240,63917,44410,91157,71650,108327,1
37257,49099,83664,86356,120921,132763,1
95021,99814,9724,194835,104745,109538,1
60725,30661,31939,91386,92664,62600,1
7647,36158,10777,43805,18424,46935,0
86097,89406,4502,175503,90599,93908,1
38867,79822,64277,118689,103144,144099,1
3925,56276,82433,60201,86358,138709,0
61099,83563,98603,144662,159702,182166,1
90352,15114,8339,105466,98691,23453,0
28356,45726,47273,74082,75629,92999,1
6582,47207,48743,53789,55325,95950,1
15078,5305,85383,20383,100461,90688,0
4206,52797,17794,57003,22000,70591,0
50355,66981,11673,117336,62028,78654,0
76990,82078,73624,159068,150614,155702,1
3638,94730,60144,98368,63782,154874,0
28273,26705,596,54978,28869,27301,0
8366,14834,12691,23200,21057,27525,1
84981,17053,2697,102034,87678,19750,0
95818,1432,19219,97250,115037,20651,0
78144,65626,43203,143770,121347,108829,1
75479,83903,47872,159382,123351,131775,1
52776,31894,44910,84670,97686,76804,1
78004,43983,70720,121987,148724,114703,1
50406,8576,97471,58982,147877,106047,0
81307,53773,62181,135080,143488,115954,1
76020,86532,40464,162552,116484,126996,1
18270,64292,5358,82562,23628,69650,0
70166,63218,67900,133384,138066,131118,1
60040,11384,34977,71424,95017,46361,0
42546,66152,62054,108698,104600,128206,1
71819,15907,20589,87726,92408,36496,0
66629,34194,11573,100823,78202,45767,0
72749,23258,48850,96007,121599,72108,0
45818,8437,70679,54255,116497,79116,0
85986,88791,4414,174777,90400,93205,1
63789,56946,56604,120735,120393,113550,1
88581,84990,71890,173571,160471,156880,1
25505,76976,43175,102481,68680,120151,0
64095,18452,74127,82547,138222,92579,1
38397,84961,78555,123358,116952,163516,1
4657,7594,79473,12251,84130,87067,0
53664,91499,29096,145163,82760,120595,0
22439,66696,65015,89135,87454,131711,1
50664,22540,37499,73204,88163,60039,1
94276,41757,65750,136033,160026,107507,1
88012,55635,37171,143647,125183,92806,1
6599,20994,83336,27593,89935,104330,0
96843,90507,66144,187350,162987,156651,1
67252,90219,57643,157471,124895,147862,1
98300,50715,8886,149015,107186,59601,0
52048,66037,80603,118085,132651,146640,1
56503,49404,10079,105907,66582,59483,1
37952,27536,15484,65488,53436,43020,1
10152,59001,28825,69153,38977,87826,0
50116,67753,36726,117869,86842,104479,1
33092,64801,28134,97893,61226,92935,0
92489,60443,94412,152932,186901,154855,1
60362,46315,19416,106677,79778,65731,1
51420,62529,87184,113949,138604,149713,1
91277,39962,35081,131239,126358,75043,0
7183,78714,24547,85897,31730,103261,0
40241,31021,71483,71262,111724,102504,0
88935,91616,22959,180551,111894,114575,1
77838,68953,60542,146791,138380,129495,1
66465,79587,49980,146052,116445,129567,1
53632,38928,96835,92560,150467,135763,0
39570,94831,81361,134401,120931,176192,1
97762,3490,82282,101252,180044,85772,0
23464,38047,81806,61511,105270,119853,0
32950,4143,40573,37093,73523,44716,0
76592,54390,68056,130982,144648,122446,1
71730,69280,26147,141010,97877,95427,1
98388,5860,50194,104248,148582,56054,0
30225,99155,52954,129380,83179,152109,0
53573,76148,6670,129721,60243,82818,0
91724,17296,37131,109020,128855,54427,0
17807,54653,63029,72460,80836,117682,1
96743,52414,22336,149157,119079,74750,0
93106,71806,54815,164912,147921,126621,1
31602,25143,24576,56745,56178,49719,1
13841,43717,67192,57558,81033,110909,0
66620,8748,5634,75368,72254,14382,0
5870,48308,76286,54178,82156,124594,0
71202,7105,81505,78307,152707,88610,0
23636,49183,43357,72819,66993,92540,1
36365,22297,93450,58662,129815,115747,0
48719,75152,3634,123871,52353,78786,0
98698,1782,17980,100480,116678,19762,0
72825,12734,92300,85559,165125,105034,0
42861,12189,52587,55050,95448,64776,1
50165,53098,29978,103263,80143,83076,1
32346,37793,58739,70139,91085,96532,1
87944,68231,69686,156175,157630,137917,1
46305,62340,18600,108645,64905,80940,1
14700,58550,43442,73250,58142,101992,0
56780,28965,13592,85745,70372,42557,0
86592,47360,7340,133952,93932,54700,0
2922,64896,31982,67818,34904,96878,0
41839,95745,64600,137584,106439,160345,1
2447,32532,89824,34979,92271,122356,0
9334,39484,21135,48818,30469,60619,0
24588,1062,88041,25650,112629,89103,0
63278,79770,57004,143048,120282,136774,1
19656,54208,63428,73864,83084,117636,1
12566,24212,97618,36778,110184,121830,0
7730,84681,98422,92411,106152,183103,0
40714,82196,92043,122910,132757,174239,1
9728,87586,74153,97314,83881,161739,0
37741,8370,58897,46111,96638,67267,0
95391,61434,66217,156825,161608,127651,1
17796,29790,5020,47586,22816,34810,0
37993,95448,40031,133441,78024,135479,0
90475,26863,42569,117338,133044,69432,0
56718,67962,81422,124680,138140,149384,1
79391,71084,34250,150475,113641,105334,1
79755,55841,11689,135596,91444,67530,0
99046,250,17833,99296,116879,18083,0
19643,37258,92969,56901,112612,130227,0
41602,44089,10433,85691,52035,54522,1
49535,19653,84302,69188,133837,103955,0
55699,45443,14082,101142,69781,59525,1
42406,43326,44363,85732,86769,87689,1
11467,27984,66931,39451,78398,94915,0
81568,73344,16276,154912,97844,89620,1
72363,80916,62152,153279,134515,143068,1
81451,24037,42908,105488,124359,66945,0
8854,29785,12024,38639,20878,41809,0
52395,7715,4614,60110,57009,12329,0
47245,29967,89561,77212,136806,119528,0
74188,94469,61906,168657,136094,156375,1
4171,19266,92212,23437,96383,111478,0
89269,42826,84864,132095,174133,127690,1
49301,1951,7047,51252,56348,8998,0
42572,56827,48734,99399,91306,105561,1
21414,79882,48867,101296,70281,128749,0
46323,73674,55351,119997,101674,129025,1
79318,61333,16118,140651,95436,77451,0
31483,70927,56327,102410,87810,127254,1
79616,69225,61971,148841,141587,131196,1
16958,88287,49588,105245,66546,137875,0
31616,97525,21326,129141,52942,118851,0
55968,36768,23821,92736,79789,60589,1
50902,62193,70430,113095,121332,132623,1
11069,11947,8260,23016,19329,20207,1
60233,30140,74724,90373,134957,104864,1
32385,5384,9515,37769,41900,14899,0
31659,96857,31232,128516,62891,128089,0
77772,50783,41286,128555,119058,92069,1
60357,12688,79288,73045,139645,91976,0
85139,5088,46703,90227,131842,51791,0
47286,3237,66253,50523,113539,69490,0
46429,85784,96622,132213,143051,182406,1
54463,36022,79798,90485,134261,115820,1
19648,23488,55090,43136,74738,78578,0
22841,42056,73611,64897,96452,115667,0
2521,32637,68008,35158,70529,100645,0
65312,40468,69282,105780,134594,109750,1
51319,25112,83847,76431,135166,108959,0
17309,15511,28637,32820,45946,44148,1
71297,47468,42721,118765,114018,90189,1
75575,23898,84793,99473,160368,108691,1
57328,5505,69633,62833,126961,75138,0
39842,25457,78999,65299,118841,104456,0
54895,92601,61386,147496,116281,153987,1
35452,54964,63410,90416,98862,118374,1
44809,23541,43237,68350,88046,66778,1
27740,75586,13315,103326,41055,88901,0
57034,81469,38657,138503,95691,120126,1
16621,77515,9804,94136,26425,87319,0
29081,90305,36271,119386,65352,126576,0
41478,32336,40509,73814,81987,72845,1
25882,49131,90771,75013,116653,139902,0
1743,47005,68293,48748,70036,115298,0
38730,57240,94679,95970,133409,151919,1
92773,67162,41748,159935,134521,108910,1
64943,84021,28420,148964,93363,112441,1
8517,78180,60184,86697,68701,138364,0
88675,19564,19712,108239,108387,39276,0
97076,17203,13040,114279,110116,30243,0
45558,93521,92136,139079,137694,185657,1
94275,41620,1899,135895,96174,43519,0
68691,90602,87807,159293,156498,178409,1
34573,16833,9067,51406,43640,25900,0
9673,43356,27304,53029,36977,70660,0
73360,2337,72415,75697,145775,74752,1
48474,45940,77994,94414,126468,123934,1
64632,46706,97753,111338,162385,144459,1
39784,18113,46831,57897,86615,64944,1
81455,24211,68691,105666,150146,92902,1
11585,79541,42015,91126,53600,121556,0
60475,67030,61308,127505,121783,128338,1
91390,34796,27230,126186,118620,62026,0
13046,25065,17093,38111,30139,42158,1
25216,56925,97551,82141,122767,154476,0
17901,225,47163,18126,65064,47388,0
79326,80261,25104,159587,104430,105365,1
82755,45087,55711,127842,138466,100798,1
80081,6470,82692,86551,162773,89162,1
41362,72607,73697,113969,115059,146304,1
12150,1945,1143,14095,13293,3088,0
36220,50202,37248,86422,73468,87450,1
30027,27070,28364,57097,58391,55434,1
56539,72139,92004,128678,148543,164143,1
70088,75310,62687,145398,132775,137997,1
41364,7958,12918,49322,54282,20876,0
19774,1809,21725,21583,41499,23534,0
43330,98022,61308,141352,104638,159330,1
93652,54735,56121,148387,149773,110856,1
54693,49751,86008,104444,140701,135759,1
45723,66384,96248,112107,141971,162632,1
8561,48789,8929,57350,17490,57718,0
52644,83585,20191,136229,72835,103776,0
38853,75063,57244,113916,96097,132307,1
7955,77181,72920,85136,80875,150101,1
15134,23461,8514,38595,23648,31975,1
83881,66230,18212,150111,102093,84442,1
2720,54494,49905,57214,52625,104399,0
84526,92725,12700,177251,97226,105425,1
7471,66233,27486,73704,34957,93719,0
41000,64408,3288,105408,44288,67696,0
14824,83941,90106,98765,104930,174047,1
8179,44147,53634,52326,61813,97781,0
75957,41034,40719,116991,116676,81753,1
11830,78800,83023,90630,94853,161823,1
28312,31549,64498,59861,92810,96047,0
10096,62571,81337,72667,91433,143908,0
99814,12302,91017,112116,190831,103319,1
52,85573,71098,85625,71150,156671,0
60946,16160,73858,77106,134804,90018,1
5500,3493,13914,8993,19414,17407,0
9231,82271,34059,91502,43290,116330,0
74707,3995,46487,78702,121194,50482,0
12866,18840,44181,31706,57047,63021,0
20716,65092,92955,85808,113671,158047,0
59899,80997,80495,140896,140394,161492,1
24880,68330,8079,93210,32959,76409,0
14924,27521,9173,42445,24097,36694,0
78379,96361,58811,174740,137190,155172,1
46702,49856,7010,96558,53712,56866,1
8492,34291,79899,42783,88391,114190,0
38938,22024,57776,60962,96714,79800,1
40311,24860,13099,65171,53410,37959,0
8718,95865,54889,104583,63607,150754,0
16309,4702,98757,21011,115066,103459,0
37565,53628,62666,91193,100231,116294,1
35715,75046,49771,110761,85486,124817,1
70283,35073,96880,105356,167163,131953,1
32674,42300,98988,74974,131662,141288,0
67854,67057,9714,134911,77568,76771,1
78762,16869,21481,95631,100243,38350,0
51656,85797,13433,137453,65089,99230,0
10597,83192,90235,93789,100832,173427,1
62389,12670,67702,75059,130091,80372,1
33900,57660,87633,91560,121533,145293,1
48862,48179,15693,97041,64555,63872,1
17594,86658,28668,104252,46262,115326,0
5682,31872,1452,37554,7134,33324,0
9333,79356,7036,88689,16369,86392,0
1277,3989,29039,5266,30316,33028,0
53634,48162,14207,101796,67841,62369,1
34594,74638,70931,109232,105525,145569,1
8992,81185,83960,90177,92952,165145,1
72011,59562,29216,131573,101227,88778,1
66513,81169,15289,147682,81802,96458,1
49793,67517,7883,117310,57676,75400,0
90117,24199,99769,114316,189886,123968,1
65601,4996,83387,70597,148988,88383,0
40038,74719,44281,114757,84319,119000,1
99399,62401,38300,161800,137699,100701,1
59636,37536,75266,97172,134902,112802,1
96587,51570,22169,148157,118756,73739,0
54513,37560,50440,92073,104953,88000,1
57642,85556,12090,143198,69732,97646,0
97650,22000,18516,119650,116166,40516,0
92654,59588,45053,152242,137707,104641,1
38774,4581,21016,43355,59790,25597,0
85946,67820,26854,153766,112800,94674,1
67818,91932,18113,159750,85931,110045,0
88640,46833,64307,135473,152947,111140,1
34205,82412,15598,116617,49803,98010,0
40073,16120,86327,56193,126400,102447,0
89286,33717,71015,123003,160301,104732,1
97541,80234,22376,177775,119917,102610,1
40175,87869,78485,128044,118660,166354,1
91471,75434,13320,166905,104791,88754,0
44118,34829,82129,78947,126247,116958,0
75297,73459,76957,148756,152254,150416,1
21959,24050,68734,46009,90693,92784,0
83804,53840,58492,137644,142296,112332,1
89818,70708,48041,160526,137859,118749,1
912,54873,96928,55785,97840,151801,0
38913,41961,2584,80874,41497,44545,0
13205,28000,82140,41205,95345,110140,0
47771,95406,44101,143177,91872,139507,0
25180,97921,8392,123101,33572,106313,0
29962,99042,16903,129004,46865,115945,0
59866,86374,98011,146240,157877,184385,1
96202,55269,68546,151471,164748,123815,1
24663,2362,98233,27025,122896,100595,0
69905,37374,9562,107279,79467,46936,0
58574,39886,3016,98460,61590,42902,0
6538,47467,47081,54005,53619,94548,1
64909,68501,1009,133410,65918,69510,0
44156,92825,42424,136981,86580,135249,0
40117,84551,80049,124668,120166,164600,1
5991,3035,677,9026,6668,3712,0
75938,5911,49002,81849,124940,54913,0
17535,40243,17194,57778,34729,57437,0
57455,76259,1409,133714,58864,77668,0
58548,73577,39576,132125,98124,113153,1
95169,61752,6480,156921,101649,68232,0
18178,27871,2428,46049,20606,30299,0
57697,83943,38856,141640,96553,122799,1
55348,81284,45449,136632,100797,126733,1
58591,86786,54962,145377,113553,141748,1
65023,2604,48924,67627,113947,51528,0
14048,60897,59772,74945,73820,120669,1
4151,68173,30125,72324,34276,98298,0
10083,60092,73993,70175,84076,134085,0
29060,42285,54771,71345,83831,97056,1
15558,74880,89515,90438,105073,164395,1
205,130,80074,335,80279,80204,0
81259,72165,84957,153424,166216,157122,1
58777,88771,96142,147548,154919,184913,1
43736,74076,4111,117812,47847,78187,0
52907,86467,96935,139374,149842,183402,1
86335,19646,28169,105981,114504,47815,0
36275,47081,8496,83356,44771,55577,0
34957,34442,5707,69399,40664,40149,1
52989,53322,75101,106311,128090,128423,1
54529,17891,19109,72420,73638,37000,0
34877,43751,13724,78628,48601,57475,1
88662,59910,27706,148572,116368,87616,0
7091,3458,44010,10549,51101,47468,0
28650,99605,95950,128255,124600,195555,1
83013,54041,72965,137054,155978,127006,1
7850,80762,54415,88612,62265,135177,0
3994,48235,42205,52229,46199,90440,0
70138,60251,5750,130389,75888,66001,0
99104,8148,45606,107252,144710,53754,0
19415,25761,96985,45176,116400,122746,0
83450,4837,32824,88287,116274,37661,0
36597,35803,18843,72400,55440,54646,1
76808,46208,82332,123016,159140,128540,1
16026,16867,12728,32893,28754,29595,1
42249,12931,35156,55180,77405,48087,1
25088,11066,45636,36154,70724,56702,0
47684,17158,27129,64842,74813,44287,0
87950,20175,92875,108125,180825,113050,1
10427,45088,28923,55515,39350,74011,0
44219,53846,8556,98065,52775,62402,0
54429,93909,33053,148338,87482,126962,0
44748,68978,71532,113726,116280,140510,1
19929,17447,19044,37376,38973,36491,1
36283,52153,46501,88436,82784,98654,1
90576,17352,88239,107928,178815,105591,1
21901,43860,41884,65761,63785,85744,1
99685,77116,15382,176801,115067,92498,0
62883,36947,58661,99830,121544,95608,1
66059,94000,93713,160059,159772,187713,1
57468,15953,81226,73421,138694,97179,0
22227,50701,3429,72928,25656,54130,0
60265,7646,74877,67911,135142,82523,0
70722,54748,49978,125470,120700,104726,1
79278,11910,47976,91188,127254,59886,0
20788,41899,30233,62687,51021,72132,1
67694,8161,11712,75855,79406,19873,0
96030,96930,68622,192960,164652,165552,1
3513,49990,46177,53503,49690,96167,0
19822,26938,32078,46760,51900,59016,1
99940,37364,50905,137304,150845,88269,0
28675,34458,7007,63133,35682,41465,1
41376,57035,80839,98411,122215,137874,1
40110,85973,42362,126083,82472,128335,0
59324,83043,75577,142367,134901,158620,1
51690,35384,36008,87074,87698,71392,1
91794,42466,92775,134260,184569,135241,1
90647,52204,69534,142851,160181,121738,1
1993,2600,92086,4593,94079,94686,0
99226,42119,62087,141345,161313,104206,1
40262,49006,84931,89268,125193,133937,1
20430,78077,34857,98507,55287,112934,0
61257,8586,99506,69843,160763,108092,0
35437,28231,58573,63668,94010,86804,1
87422,38675,51448,126097,138870,90123,1
85037,32331,17999,117368,103036,50330,0
84989,29658,53488,114647,138477,83146,0
35421,77345,33623,112766,69044,110968,0
57471,53244,29725,110715,87196,82969,1
41356,98600,13567,139956,54923,112167,0
63214,59644,26395,122858,89609,86039,1
36639,30351,38748,66990,75387,69099,1
56438,81491,59315,137929,115753,140806,1
7649,28278,6268,35927,13917,34546,0
36719,41008,85839,77727,122558,126847,0
2514,1910,55112,4424,57626,57022,0
25253,25282,30084,50535,55337,55366,1
26314,51898,53745,78212,80059,105643,1
98604,8751,66543,107355,165147,75294,0
63347,16845,6833,80192,70180,23678,0
65457,38334,44414,103791,109871,82748,1
81343,72427,61237,153770,142580,133664,1
60728,81694,83620,142422,144348,165314,1
29910,85594,18519,115504,48429,104113,0
66164,25754,96486,91918,162650,122240,0
67018,86211,5147,153229,72165,91358,0
37512,46747,84240,84259,121752,130987,1
55165,72250,9092,127415,64257,81342,0
69397,83691,43676,153088,113073,127367,1
48095,4221,5076,52316,53171,9297,0
77836,26334,54733,104170,132569,81067,1
82016,92515,90908,174531,172924,183423,1
23385,71262,92396,94647,115781,163658,1
70568,55578,66742,126146,137310,122320,1
12703,31571,60161,44274,72864,91732,0
31682,27452,82659,59134,114341,110111,0
41547,98200,49141,139747,90688,147341,0
90761,62759,82542,153520,173303,145301,1
78817,87025,74704,165842,153521,161729,1
8796,37991,44114,46787,52910,82105,1
13543,19543,18596,33086,32139,38139,1
77608,25500,18844,103108,96452,44344,0
8072,74484,41352,82556,49424,115836,0
88577,70874,3420,159451,91997,74294,0
38885,49409,59278,88294,98163,108687,1
63649,91388,64197,155037,127846,155585,1
90102,71495,2574,161597,92676,74069,0
6766,40459,5478,47225,12244,45937,0
67272,65611,71859,132883,139131,137470,1
70023,12258,4945,82281,74968,17203,0
68420,46922,42665,115342,111085,89587,1
43700,53817,77756,97517,121456,131573,1
82205,54854,47689,137059,129894,102543,1
27550,50240,24354,77790,51904,74594,1
47398,26654,86553,74052,133951,113207,0
35566,54052,23076,89618,58642,77128,1
72042,8580,10081,80622,82123,18661,0
92896,2755,26928,95651,119824,29683,0
30926,18518,47778,49444,78704,66296,1
20242,12062,10690,32304,30932,22752,1
59916,95662,87655,155578,147571,183317,1
82689,90802,1888,173491,84577,92690,0
21325,24522,13997,45847,35322,38519,1
47123,18832,69698,65955,116821,88530,0
24407,72937,45034,97344,69441,117971,0
71619,70132,63598,141751,135217,133730,1
15136,42458,15254,57594,30390,57712,0
71350,44140,7359,115490,78709,51499,0
13256,31819,69209,45075,82465,101028,0
69360,79227,5380,148587,74740,84607,0
66506,71035,11777,137541,78283,82812,1
17523,92624,53958,110147,71481,146582,0
3009,90352,8414,93361,11423,98766,0
10865,83326,71741,94191,82606,155067,0
93265,91043,74346,184308,167611,165389,1
49726,43521,77045,93247,126771,120566,1
66652,16304,826,82956,67478,17130,0
15404,7584,81805,22988,97209,89389,0
16953,35041,65054,51994,82007,100095,0
13798,57419,76389,71217,90187,133808,0
16265,64743,42058,81008,58323,106801,0
44750,92234,51916,136984,96666,144150,1
98789,24651,53601,123440,152390,78252,0
38160,95311,26971,133471,65131,122282,0
10467,56680,99980,67147,110447,156660,0
78340,90723,32564,169063,110904,123287,1
23705,8743,6185,32448,29890,14928,0
81270,38044,66049,119314,147319,104093,1
70626,59342,15389,129968,86015,74731,1
85371,64104,32450,149475,117821,96554,1
154,4450,45515,4604,45669,49965,0
45624,62750,59828,108374,105452,122578,1
71053,19934,99777,90987,170830,119711,0
46044,38792,86636,84836,132680,125428,0
74302,17286,61279,91588,135581,78565,1
65921,70093,35977,136014,101898,106070,1
23825,27285,18545,51110,42370,45830,1
98911,39543,45171,138454,144082,84714,0
78408,37084,88393,115492,166801,125477,1
96875,27629,3136,124504,100011,30765,0
6522,72853,74986,79375,81508,147839,1
2590,92888,34863,95478,37453,127751,0
7226,33732,53539,40958,60765,87271,0
62444,72959,16966,135403,79410,89925,1
91716,48680,75021,140396,166737,123701,1
67905,19195,15980,87100,83885,35175,0
34912,58220,3765,93132,38677,61985,0
11642,16308,50004,27950,61646,66312,0
69510,83565,78165,153075,147675,161730,1
14287,25585,77684,39872,91971,103269,0
85825,49728,64929,135553,150754,114657,1
78070,90770,64450,168840,142520,155220,1
14542,25557,48480,40099,63022,74037,0
78084,78284,38189,156368,116273,116473,1
76662,21140,8963,97802,85625,30103,0
7741,38898,45083,46639,52824,83981,1
20323,53521,49379,73844,69702,102900,1
5864,81287,1892,87151,7756,83179,0
83027,46716,54186,129743,137213,100902,1
97034,52977,17692,150011,114726,70669,0
87926,5333,69548,93259,157474,74881,0
79019,43125,35686,122144,114705,78811,0
42656,89768,26559,132424,69215,116327,0
66111,86880,95094,152991,161205,181974,1
53519,2684,85270,56203,138789,87954,0
11614,90063,51363,101677,62977,141426,0
45295,78145,8962,123440,54257,87107,0
93581,62958,45372,156539,138953,108330,1
94485,46184,7682,140669,102167,53866,0
85034,55779,93229,140813,178263,149008,1
31959,86578,48120,118537,80079,134698,0
3624,85417,80219,89041,83843,165636,0
22825,26341,38096,49166,60921,64437,1
58771,36635,13263,95406,72034,49898,0
71124,59693,35195,130817,106319,94888,1
98962,22078,56977,121040,155939,79055,0
64833,75108,6901,139941,71734,82009,0
47497,63691,47443,111188,94940,111134,1
582,70448,73319,71030,73901,143767,0
91398,12286,30460,103684,121858,42746,0
17344,11097,98598,28441,115942,109695,0
35695,71744,92236,107439,127931,163980,1
86074,92212,88845,178286,174919,181057,1
23904,3249,43007,27153,66911,46256,0
13536,42502,48394,56038,61930,90896,1
37790,83593,30094,121383,67884,113687,0
9924,96624,67043,106548,76967,163667,0
14348,84820,35257,99168,49605,120077,0
18461,53822,71184,72283,89645,125006,1
7002,30377,8282,37379,15284,38659,0
23605,53176,42371,76781,65976,95547,1
90316,95850,20564,186166,110880,116414,1
58899,2614,98421,61513,157320,101035,0
42587,89917,53974,132504,96561,143891,1
11485,32472,35148,43957,46633,67620,1
62677,61254,65274,123931,127951,126528,1
25242,70161,32728,95403,57970,102889,0
78585,48218,28314,126803,106899,76532,0
56782,54301,25970,111083,82752,80271,1
60109,1143,89080,61252,149189,90223,0
77639,24022,38504,101661,116143,62526,0
81695,20583,94199,102278,175894,114782,1
46383,30727,38564,77110,84947,69291,1
21880,14298,57487,36178,79367,71785,0
99437,96665,30545,196102,129982,127210,1
25883,37885,79199,63768,105082,117084,0
28509,52063,97827,80572,126336,149890,0
8025,85256,74061,93281,82086,159317,0
12102,16219,3976,28321,16078,20195,0
49154,9797,69903,58951,119057,79700,0
12437,84673,82197,97110,94634,166870,1
53044,73505,67787,126549,120831,141292,1
53831,2120,78048,55951,131879,80168,0
1284,71056,20942,72340,22226,91998,0
67609,33640,82308,101249,149917,115948,1
7273,16569,8741,23842,16014,25310,0
55322,49576,27219,104898,82541,76795,1
2161,36828,39460,38989,41621,76288,0
48294,52598,71644,100892,119938,124242,1
34417,30440,39639,64857,74056,70079,1
99908,72328,27710,172236,127618,100038,1
78885,68779,61060,147664,139945,129839,1
36996,30651,75876,67647,112872,106527,0
11631,14718,63518,26349,75149,78236,0
63071,67580,21657,130651,84728,89237,1
71921,80257,45201,152178,117122,125458,1
84974,42959,61980,127933,146954,104939,1
9673,31200,1317,40873,10990,32517,0
39758,28086,3126,67844,42884,31212,0
74802,73118,40647,147920,115449,113765,1
49981,23366,49725,73347,99706,73091,1
65497,10745,70956,76242,136453,81701,1
20144,30848,78820,50992,98964,109668,0
24556,53695,51235,78251,75791,104930,1
58741,93082,45963,151823,104704,139045,1
61122,59752,37432,120874,98554,97184,1
17803,27083,8009,44886,25812,35092,0
22818,70373,31142,93191,53960,101515,0
23437,46978,66761,70415,90198,113739,1
45570,65408,4580,110978,50150,69988,0
77861,84947,32326,162808,110187,117273,1
37375,93780,83423,131155,120798,177203,1
49875,42826,21533,92701,71408,64359,1
47724,80720,69448,128444,117172,150168,1
47518,97711,19563,145229,67081,117274,0
27579,84022,22448,111601,50027,106470,0
98982,77330,99004,176312,197986,176334,1
82730,8672,40746,91402,123476,49418,0
71092,78498,51247,149590,122339,129745,1
93612,72090,49874,165702,143486,121964,1
52170,57619,94760,109789,146930,152379,1
95377,33812,40838,129189,136215,74650,0
3983,54442,1518,58425,5501,55960,0
73196,98520,72810,171716,146006,171330,1
65491,74006,35093,139497,100584,109099,1
39716,99255,85791,138971,125507,185046,1
36317,93109,97459,129426,133776,190568,1
67843,70126,99440,137969,167283,169566,1
34539,3715,46018,38254,80557,49733,0
76242,51689,4379,127931,80621,56068,0
99864,81841,1149,181705,101013,82990,0
59375,58657,8024,118032,67399,66681,1
12655,91935,92005,104590,104660,183940,1
15087,4338,58455,19425,73542,62793,0
28778,10812,99218,39590,127996,110030,0
57559,86791,55903,144350,113462,142694,1
66842,26414,53958,93256,120800,80372,1
91105,85428,70313,176533,161418,155741,1
93109,62631,78692,155740,171801,141323,1
47627,91561,53611,139188,101238,145172,1
83862,99497,44969,183359,128831,144466,1
83560,4079,76947,87639,160507,81026,0
76841,93913,32506,170754,109347,126419,1
22266,94132,12653,116398,34919,106785,0
63720,72319,47103,136039,110823,119422,1
82430,82794,17194,165224,99624,99988,1
38820,85522,5916,124342,44736,91438,0
26373,82319,88319,108692,114692,170638,1
2032,20310,76218,22342,78250,96528,0
70225,4251,25537,74476,95762,29788,0
94388,33754,85931,128142,180319,119685,1
30462,84249,3657,114711,34119,87906,0
23818,34220,4134,58038,27952,38354,0
45662,82153,17670,127815,63332,99823,0
13573,23775,78484,37348,92057,102259,0
1929,57436,31953,59365,33882,89389,0
83079,37123,3940,120202,87019,41063,0
90040,53218,547,143258,90587,53765,0
3958,17712,26983,21670,30941,44695,0
4378,67531,441,71909,4819,67972,0
50534,80409,37504,130943,88038,117913,1
74061,54785,28168,128846,102229,82953,1
27292,5719,50148,33011,77440,55867,0
30914,45673,58744,76587,89658,104417,1
37153,92218,59774,129371,96927,151992,1
79003,7901,22346,86904,101349,30247,0
37916,15368,14044,53284,51960,29412,0
76162,74833,23341,150995,99503,98174,1
97629,89938,82526,187567,180155,172464,1
32286,66142,46390,98428,78676,112532,1
93147,46739,13629,139886,106776,60368,0
9283,7996,97504,17279,106787,105500,0
1614,99246,78424,100860,80038,177670,0
47726,12632,41498,60358,89224,54130,1
50647,1705,20169,52352,70816,21874,0
96465,64510,67030,160975,163495,131540,1
37136,12882,33688,50018,70824,46570,1
68945,86093,84988,155038,153933,171081,1
38253,81272,77658,119525,115911,158930,1
36028,73553,91113,109581,127141,164666,1
66926,17442,97987,84368,164913,115429,0
7470,7708,53040,15178,60510,60748,0
65516,83360,67515,148876,133031,150875,1
84995,1167,82775,86162,167770,83942,0
35518,74132,84679,109650,120197,158811,1
39444,67601,141,107045,39585,67742,0
17139,77065,56140,94204,73279,133205,0
29176,57236,44318,86412,73494,101554,1
58904,58366,33273,117270,92177,91639,1
84731,38854,22034,123585,106765,60888,0
39792,42418,53167,82210,92959,95585,1
33123,21399,47505,54522,80628,68904,1
99033,42232,37343,141265,136376,79575,0
13765,67007,60340,80772,74105,127347,1
3073,75209,40297,78282,43370,115506,0
2159,75754,22527,77913,24686,98281,0
39066,51067,14123,90133,53189,65190,1
71953,28431,80457,100384,152410,108888,1
51465,54355,64769,105820,116234,119124,1
75526,33109,1648,108635,77174,34757,0
83523,91580,70578,175103,154101,162158,1
20158,7391,35900,27549,56058,43291,0
63201,66498,87293,129699,150494,153791,1
34048,79082,89228,113130,123276,168310,1
80745,81596,95671,162341,176416,177267,1
32191,80541,42229,112732,74420,122770,0
33359,46722,19017,80081,52376,65739,1
3833,8112,80105,11945,83938,88217,0
72966,550,8662,73516,81628,9212,0
63056,27513,22874,90569,85930,50387,0
4195,12969,97649,17164,101844,110618,0
34292,9741,58810,44033,93102,68551,0
94171,40358,45372,134529,139543,85730,0
78350,18170,82463,96520,160813,100633,1
67084,75694,83541,142778,150625,159235,1
51900,91118,40708,143018,92608,131826,1
27772,4238,90992,32010,118764,95230,0
79858,73490,80140,153348,159998,153630,1
39655,81711,78615,121366,118270,160326,1
48338,72764,59115,121102,107453,131879,1
55068,19652,19443,74720,74511,39095,0
18790,83984,3798,102774,22588,87782,0
96442,55585,83289,152027,179731,138874,1
89475,16564,5624,106039,95099,22188,0
97863,49506,28848,147369,126711,78354,0
12485,82931,7161,95416,19646,90092,0
87408,98014,97688,185422,185096,195702,1
63942,57129,65904,121071,129846,123033,1
66270,84040,32049,150310,98319,116089,1
8160,2421,92167,10581,100327,94588,0
79410,5280,72536,84690,151946,77816,0
26655,34345,11948,61000,38603,46293,1
88071,94270,90377,182341,178448,184647,1
91859,4043,97851,95902,189710,101894,0
48672,68314,75590,116986,124262,143904,1
62869,55714,80302,118583,143171,136016,1
55270,44989,92514,100259,147784,137503,1
58369,2824,58378,61193,116747,61202,1
34333,76858,26962,111191,61295,103820,0
68894,3953,85554,72847,154448,89507,0
44982,2066,77624,47048,122606,79690,0
94794,30312,10845,125106,105639,41157,0
14678,60771,98333,75449,113011,159104,0
29033,93200,99686,122233,128719,192886,1
71355,19397,71779,90752,143134,91176,1
38248,63647,98639,101895,136887,162286,1
34225,73023,90486,107248,124711,163509,1
8381,87027,78968,95408,87349,165995,1
95163,2237,19657,97400,114820,21894,0
2139,73096,96557,75235,98696,169653,0
39083,38946,52905,78029,91988,91851,1
43235,5594,86607,48829,129842,92201,0
78117,8228,55406,86345,133523,63634,0
49461,93419,47908,142880,97369,141327,1
32879,41187,76321,74066,109200,117508,0
86114,43362,15003,129476,101117,58365,0
16314,80587,27324,96901,43638,107911,0
4861,42012,3630,46873,8491,45642,0
81316,3872,59266,85188,140582,63138,0
84986,23067,98023,108053,183009,121090,1
62856,11615,98335,74471,161191,109950,0
21922,82883,63578,104805,85500,146461,1
31553,65881,41704,97434,73257,107585,1
40558,41710,18601,82268,59159,60311,1
22439,90419,87817,112858,110256,178236,1
89051,99119,43928,188170,132979,143047,1
78758,39700,238,118458,78996,39938,0
49091,498,85181,49589,134272,85679,0
60071,51223,8330,111294,68401,59553,0
84325,84710,80613,169035,164938,165323,1
74481,32175,90660,106656,165141,122835,1
53018,78803,62430,131821,115448,141233,1
84454,14334,92927,98788,177381,107261,1
28221,38467,63971,66688,92192,102438,1
10499,72187,58521,82686,69020,130708,0
67039,53198,55753,120237,122792,108951,1
64869,44771,49408,109640,114277,94179,1
32643,81973,48418,114616,81061,130391,0
62518,54523,59171,117041,121689,113694,1
80924,40808,54701,121732,135625,95509,1
76777,95524,12784,172301,89561,108308,0
6224,45308,77979,51532,84203,123287,0
55066,65180,43160,120246,98226,108340,1
26551,74829,24032,101380,50583,98861,0
84547,33483,31835,118030,116382,65318,0
36564,42456,11443,79020,48007,53899,1
96975,43983,66474,140958,163449,110457,1
13914,24006,28413,37920,42327,52419,1
72727,4013,22381,76740,95108,26394,0
92704,93435,97528,186139,190232,190963,1
92367,58295,94889,150662,187256,153184,1
78091,17048,43947,95139,122038,60995,0
27503,63112,1319,90615,28822,64431,0
68595,41429,56716,110024,125311,98145,1
9990,98613,58224,108603,68214,156837,0
95199,46811,56457,142010,151656,103268,1
54193,50867,42549,105060,96742,93416,1
12654,80537,57676,93191,70330,138213,0
63251,9005,20722,72256,83973,29727,0
48926,74207,27797,123133,76723,102004,1
80181,4059,44948,84240,125129,49007,0
83085,83560,99334,166645,182419,182894,1
83453,40444,66706,123897,150159,107150,1
29760,14735,8976,44495,38736,23711,0
61008,6986,67291,67994,128299,74277,1
52037,66265,44600,118302,96637,110865,1
22254,81744,63253,103998,85507,144997,1
52239,57698,59379,109937,111618,117077,1
83407,5159,32942,88566,116349,38101,0
9562,3512,94001,13074,103563,97513,0
89040,25541,56878,114581,145918,82419,0
42868,98727,28754,141595,71622,127481,0
69718,71117,40048,140835,109766,111165,1
77333,56751,76274,134084,153607,133025,1
2923,13515,79967,16438,82890,93482,0
73872,11558,13121,85430,86993,24679,0
89280,5441,55302,94721,144582,60743,0
73093,89978,86266,163071,159359,176244,1
9728,18670,77615,28398,87343,96285,0
56321,10871,67820,67192,124141,78691,0
3221,34239,83034,37460,86255,117273,0
74475,85751,25702,160226,100177,111453,1
51857,52535,22709,104392,74566,75244,1
86831,2938,39886,89769,126717,42824,0
96987,56895,2467,153882,99454,59362,0
39375,9350,65437,48725,104812,74787,0
2353,79655,89047,82008,91400,168702,0
46182,13420,6011,59602,52193,19431,0
1096,71800,20679,72896,21775,92479,0
99112,96082,35850,195194,134962,131932,1
22561,73113,882,95674,23443,73995,0
97641,53878,25535,151519,123176,79413,0
34729,4406,92106,39135,126835,96512,0
91521,64800,65316,156321,156837,130116,1
30245,3114,33858,33359,64103,36972,0
20781,36649,92173,57430,112954,128822,0
86750,74446,12680,161196,99430,87126,1
94040,71926,31225,165966,125265,103151,1
6736,81730,91427,88466,98163,173157,0
78258,58358,712,136616,78970,59070,0
41615,55010,6526,96625,48141,61536,0
45097,19353,59327,64450,104424,78680,1
63465,48139,50148,111604,113613,98287,1
61286,96142,43549,157428,104835,139691,1
42913,57720,51299,100633,94212,109019,1
12723,23841,96136,36564,108859,119977,0
7372,63638,68153,71010,75525,131791,1
48124,27904,66442,76028,114566,94346,1
88649,30927,8840,119576,97489,39767,0
20024,60728,86255,80752,106279,146983,0
92066,23748,34074,115814,126140,57822,0
30301,87661,86847,117962,117148,174508,1
64817,51302,7843,116119,72660,59145,0
52091,39242,65637,91333,117728,104879,1
25961,89443,13225,115404,39186,102668,0
44661,85378,27099,130039,71760,112477,0
21277,38915,75848,60192,97125,114763,0
20122,81103,38752,101225,58874,119855,0
89176,53347,5339,142523,94515,58686,0
45521,3192,70821,48713,116342,74013,0
85912,19388,71037,105300,156949,90425,1
22964,24086,72377,47050,95341,96463,0
27224,5096,24949,32320,52173,30045,1
29894,21474,20688,51368,50582,42162,1
46022,65830,8928,111852,54950,74758,0
50868,25761,93757,76629,144625,119518,0
15283,40301,58004,55584,73287,98305,0
3121,33294,10885,36415,14006,44179,0
10318,34853,50628,45171,60946,85481,0
40696,14828,37642,55524,78338,52470,1
94728,43240,27335,137968,122063,70575,0
38348,77248,49821,115596,88169,127069,1
61927,33109,24178,95036,86105,57287,0
76133,28957,38538,105090,114671,67495,0
12084,43464,34411,55548,46495,77875,1
15776,75164,88437,90940,104213,163601,1
70847,33349,29850,104196,100697,63199,0
85461,15745,65680,101206,151141,81425,0
111,72522,84517,72633,84628,157039,0
52668,12188,30580,64856,83248,42768,0
78842,73117,61897,151959,140739,135014,1
62243,7885,34443,70128,96686,42328,0
612,45014,34977,45626,35589,79991,0
64096,6467,95056,70563,159152,101523,0
45192,16364,40649,61556,85841,57013,1
34897,146,8138,35043,43035,8284,0
65311,65374,97828,130685,163139,163202,1
19131,81419,25754,100550,44885,107173,0
36485,82568,49379,119053,85864,131947,1
14076,26173,82317,40249,96393,108490,0
78681,87235,13791,165916,92472,101026,1
24772,48911,1300,73683,26072,50211,0
55151,37426,16205,92577,71356,53631,0
6881,29585,92401,36466,99282,121986,0
95764,62829,79837,158593,175601,142666,1
12226,77488,75482,89714,87708,152970,1
27515,81556,88022,109071,115537,169578,1
64431,19330,38758,83761,103189,58088,0
33596,60660,63158,94256,96754,123818,1
55724,75945,77494,131669,133218,153439,1
27212,56457,13912,83669,41124,70369,0
67109,41833,36429,108942,103538,78262,1
1925,69214,20413,71139,22338,89627,0
92980,87205,48058,180185,141038,135263,1
77516,11234,88304,88750,165820,99538,1
99758,5434,41146,105192,140904,46580,0
69187,60012,14258,129199,83445,74270,1
33473,34925,62994,68398,96467,97919,1
51871,58196,57427,110067,109298,115623,1
40335,16514,2270,56849,42605,18784,0
57591,19765,74177,77356,131768,93942,1
27392,30003,83386,57395,110778,113389,0
63675,69889,13966,133564,77641,83855,1
65056,59929,70246,124985,135302,130175,1
44107,20646,4047,64753,48154,24693,0
42337,22294,51575,64631,93912,73869,1
72088,80072,9880,152160,81968,89952,1
61258,37481,11379,98739,72637,48860,0
1179,74142,8778,75321,9957,82920,0
84068,74446,58906,158514,142974,133352,1
57713,22624,98919,80337,156632,121543,0
3292,37056,53214,40348,56506,90270,0
38618,83257,35572,121875,74190,118829,0
84841,93817,46654,178658,131495,140471,1
13385,11527,69555,24912,82940,81082,0
1200,20763,55444,21963,56644,76207,0
22285,50209,9658,72494,31943,59867,0
54515,18291,88931,72806,143446,107222,0
21713,59184,5677,80897,27390,64861,0
8447,69110,40144,77557,48591,109254,0
22394,40344,90437,62738,112831,130781,0
211,65763,58316,65974,58527,124079,0
61463,94555,45843,156018,107306,140398,1
32977,62802,99980,95779,132957,162782,0
60797,47353,67743,108150,128540,115096,1
98383,26662,94488,125045,192871,121150,1
8548,70101,89177,78649,97725,159278,0
78730,95010,7019,173740,85749,102029,0
91346,22947,8385,114293,99731,31332,0
70456,81077,90526,151533,160982,171603,1
46999,44020,15625,91019,62624,59645,1
5009,1622,65654,6631,70663,67276,0
31556,81551,17130,113107,48686,98681,0
86142,81480,75067,167622,161209,156547,1
27087,80517,66279,107604,93366,146796,1
69172,71274,56229,140446,125401,127503,1
16777,17187,36550,33964,53327,53737,0
70131,62777,33211,132908,103342,95988,1
43379,40909,45323,84288,88702,86232,1
91316,15589,98234,106905,189550,113823,1
50380,29971,31984,80351,82364,61955,1
27755,47855,80453,75610,108208,128308,0
45548,23063,2259,68611,47807,25322,0
9270,18313,70206,27583,79476,88519,0
93951,45668,67794,139619,161745,113462,1
99558,18087,19808,117645,119366,37895,0
32306,67205,58780,99511,91086,125985,1
80339,26584,34505,106923,114844,61089,0
91343,89755,95060,181098,186403,184815,1
3940,10002,55177,13942,59117,65179,0
94305,14825,94282,109130,188587,109107,1
71375,12688,53297,84063,124672,65985,0
72971,90291,44489,163262,117460,134780,1
77808,33280,16146,111088,93954,49426,0
38865,79566,59883,118431,98748,139449,1
6445,8987,47774,15432,54219,56761,0
67608,41877,57345,109485,124953,99222,1
64067,9842,54224,73909,118291,64066,0
60767,25925,65625,86692,126392,91550,1
51173,56735,2094,107908,53267,58829,0
47538,31920,35846,79458,83384,67766,1
80436,7905,1214,88341,81650,9119,0
96233,42683,93349,138916,189582,136032,1
12299,46464,76236,58763,88535,122700,0
32179,4586,38376,36765,70555,42962,0
93101,27103,91501,120204,184602,118604,1
1484,43467,36311,44951,37795,79778,0
1590,91939,12156,93529,13746,104095,0
701,16460,86916,17161,87617,103376,0
28850,7202,3388,36052,32238,10590,0
53389,99383,34746,152772,88135,134129,0
93930,14053,82129,107983,176059,96182,1
2246,24048,70632,26294,72878,94680,0
93491,35489,87448,128980,180939,122937,1
45807,5907,31529,51714,77336,37436,0
97146,99061,29481,196207,126627,128542,1
8304,24684,5130,32988,13434,29814,0
15329,82711,67311,98040,82640,150022,0
48637,53811,65184,102448,113821,118995,1
78845,90246,29277,169091,108122,119523,1
43677,14075,74469,57752,118146,88544,0
81637,19188,45379,100825,127016,64567,0
97034,77345,87802,174379,184836,165147,1
59681,40506,47972,100187,107653,88478,1
22806,52087,90156,74893,112962,142243,0
89270,60632,98024,149902,187294,158656,1
1516,15529,14081,17045,15597,29610,1
13806,63445,52305,77251,66111,115750,1
59205,19170,45250,78375,104455,64420,1
10876,99706,3710,110582,14586,103416,0
70446,47432,47683,117878,118129,95115,1
62939,70440,38237,133379,101176,108677,1
30112,22043,19283,52155,49395,41326,1
7671,60186,25840,67857,33511,86026,0
2757,87747,53771,90504,56528,141518,0
5033,27743,63163,32776,68196,90906,0
13742,52971,40339,66713,54081,93310,1
98779,19798,41385,118577,140164,61183,0
69925,25991,76023,95916,145948,102014,1
88710,25605,89852,114315,178562,115457,1
15120,1526,82195,16646,97315,83721,0
43156,26164,13782,69320,56938,39946,0
48712,21395,74100,70107,122812,95495,0
1329,93878,71342,95207,72671,165220,0
48808,97711,46088,146519,94896,143799,0
76489,72487,92187,148976,168676,164674,1
72047,71992,14628,144039,86675,86620,1
40364,35985,16971,76349,57335,52956,1
7259,4466,36181,11725,43440,40647,0
7847,40497,85816,48344,93663,126313,0
38298,38944,89831,77242,128129,128775,0
39680,75673,92280,115353,131960,167953,1
86448,21022,57070,107470,143518,78092,0
53056,4687,63135,57743,116191,67822,0
67085,81968,90529,149053,157614,172497,1
5066,84492,63846,89558,68912,148338,0
44368,15326,36899,59694,81267,52225,1
92476,80004,93793,172480,186269,173797,1
44920,2150,27326,47070,72246,29476,0
91241,89078,45598,180319,136839,134676,1
23088,60283,1290,83371,24378,61573,0
10560,59702,25404,70262,35964,85106,0
45787,74941,50944,120728,96731,125885,1
11110,70115,64327,81225,75437,134442,1
88236,42871,18783,131107,107019,61654,0
50808,50155,24923,100963,75731,75078,1
34873,64167,7805,99040,42678,71972,0
70287,72229,8789,142516,79076,81018,1
92956,96229,61804,189185,154760,158033,1
61875,37051,82512,98926,144387,119563,1
28972,38971,78058,67943,107030,117029,0
63872,52429,27089,116301,90961,79518,1
84108,18020,50793,102128,134901,68813,0
36452,98504,94567,134956,131019,193071,1
82901,51962,80296,134863,163197,132258,1
56974,92008,62053,148982,119027,154061,1
35158,69131,18929,104289,54087,88060,0
37482,46092,88465,83574,125947,134557,0
49737,91078,82109,140815,131846,173187,1
89601,36229,14582,125830,104183,50811,0
95030,65162,93929,160192,188959,159091,1
98058,404,39544,98462,137602,39948,0
88563,89719,28313,178282,116876,118032,1
26167,25096,38037,51263,64204,63133,1
66279,1288,19553,67567,85832,20841,0
23200,55408,61503,78608,84703,116911,1
56047,29153,51233,85200,107280,80386,1
39271,77300,43863,116571,83134,121163,1
25947,10437,77086,36384,103033,87523,0
4565,57970,90003,62535,94568,147973,0
76049,77480,94562,153529,170611,172042,1
52041,49721,10498,101762,62539,60219,1
46551,40023,97665,86574,144216,137688,0
94347,28113,66780,122460,161127,94893,1
31280,82397,43336,113677,74616,125733,0
92242,23348,37760,115590,130002,61108,0
58791,10019,20641,68810,79432,30660,0
24687,4969,40502,29656,65189,45471,0
78910,1213,59483,80123,138393,60696,0
65519,95381,59902,160900,125421,155283,1
85089,34631,54562,119720,139651,89193,1
50669,81274,72907,131943,123576,154181,1
22706,47177,46989,69883,69695,94166,1
55594,12365,33777,67959,89371,46142,0
63248,63094,10520,126342,73768,73614,1
76078,35994,67751,112072,143829,103745,1
68332,36103,80973,104435,149305,117076,1
9299,15981,60636,25280,69935,76617,0
78943,50374,95255,129317,174198,145629,1
68693,36838,37724,105531,106417,74562,1
58181,4068,45742,62249,103923,49810,0
9621,69288,84248,78909,93869,153536,0
67329,56009,66248,123338,133577,122257,1
52584,5239,83170,57823,135754,88409,0
22766,11592,32224,34358,54990,43816,1
34154,34901,12658,69055,46812,47559,1
32748,72651,34490,105399,67238,107141,0
71378,74737,59796,146115,131174,134533,1
50695,40822,6256,91517,56951,47078,0
93141,50050,11077,143191,104218,61127,0
49274,24750,76465,74024,125739,101215,0
82563,68311,72599,150874,155162,140910,1
49370,38392,94037,87762,143407,132429,0
75875,84604,41497,160479,117372,126101,1
67386,69857,5399,137243,72785,75256,1
95447,91822,95201,187269,190648,187023,1
37769,72951,99013,110720,136782,171964,1
40075,11366,88509,51441,128584,99875,0
20787,33100,98784,53887,119571,131884,0
13357,68479,2383,81836,15740,70862,0
77694,27155,46661,104849,124355,73816,0
97168,38525,81431,135693,178599,119956,1
87950,49825,28255,137775,116205,78080,0
13392,78596,65070,91988,78462,143666,0
3734,51243,47519,54977,51253,98762,1
18719,47592,84480,66311,103199,132072,0
68125,4070,66302,72195,134427,70372,1
29057,82686,99523,111743,128580,182209,1
39279,52805,29426,92084,68705,82231,1
28914,52079,38676,80993,67590,90755,1
33245,15856,72747,49101,105992,88603,0
72465,38294,81153,110759,153618,119447,1
10736,6632,20191,17368,30927,26823,0
7750,12782,51128,20532,58878,63910,0
96629,99227,14820,195856,111449,114047,1
78129,20783,23960,98912,102089,44743,0
98498,27264,89009,125762,187507,116273,1
75784,61659,38849,137443,114633,100508,1
76755,86959,67272,163714,144027,154231,1
57984,79833,566,137817,58550,80399,0
15711,42230,46645,57941,62356,88875,1
562,10252,60325,10814,60887,70577,0
52570,52997,24995,105567,77565,77992,1
50386,65319,91781,115705,142167,157100,1
60395,25451,59792,85846,120187,85243,1
48909,2890,55545,51799,104454,58435,0
2379,93909,57170,96288,59549,151079,0
45614,39061,29430,84675,75044,68491,1
26116,93188,34265,119304,60381,127453,0
80183,1575,54421,81758,134604,55996,0
25982,11843,47111,37825,73093,58954,0
2464,94500,92306,96964,94770,186806,1
43145,3081,19625,46226,62770,22706,0
98103,12734,18362,110837,116465,31096,0
78416,64206,99903,142622,178319,164109,1
80244,4632,26129,84876,106373,30761,0
84160,6462,24529,90622,108689,30991,0
78427,32257,45386,110684,123813,77643,0
99873,37789,52593,137662,152466,90382,0
65688,59295,14937,124983,80625,74232,1
79105,86404,48397,165509,127502,134801,1
70553,16303,40172,86856,110725,56475,0
77630,40360,97655,117990,175285,138015,1
92335,41115,91013,133450,183348,132128,1
78066,56067,38556,134133,116622,94623,1
49832,14403,91939,64235,141771,106342,0
46704,46,80375,46750,127079,80421,0
77473,18592,29659,96065,107132,48251,0
28375,99945,75102,128320,103477,175047,1
25205,53492,79561,78697,104766,133053,0
9330,96512,96540,105842,105870,193052,1
20747,75759,96032,96506,116779,171791,1
21795,37600,86337,59395,108132,123937,0
68948,18244,74158,87192,143106,92402,1
68662,67381,99293,136043,167955,166674,1
97138,99209,34237,196347,131375,133446,1
22322,1291,61314,23613,83636,62605,0
801,64192,71083,64993,71884,135275,0
66755,53224,72691,119979,139446,125915,1
73194,92919,57465,166113,130659,150384,1
28589,82046,26270,110635,54859,108316,0
43636,16189,42914,59825,86550,59103,1
19925,66730,18937,86655,38862,85667,0
49854,90576,17813,140430,67667,108389,0
81308,87924,74709,169232,156017,162633,1
64992,52317,49140,117309,114132,101457,1
73028,83367,93767,156395,166795,177134,1
12296,83695,8163,95991,20459,91858,0
19751,50344,38265,70095,58016,88609,1
25246,49139,78257,74385,103503,127396,0
59171,52585,30315,111756,89486,82900,1
22189,63944,89968,86133,112157,153912,0
42815,80231,75235,123046,118050,155466,1
53988,47830,57451,101818,111439,105281,1
87221,57051,93064,144272,180285,150115,1
29927,35755,44850,65682,74777,80605,1
92391,87001,15849,179392,108240,102850,1
63203,52168,4923,115371,68126,57091,0
63856,26792,63588,90648,127444,90380,1
73935,76001,17057,149936,90992,93058,1
36597,9311,14416,45908,51013,23727,0
8745,20176,49558,28921,58303,69734,0
15286,16025,4984,31311,20270,21009,1
75961,19345,66546,95306,142507,85891,1
1470,71253,99275,72723,100745,170528,0
2347,67160,63730,69507,66077,130890,0
61081,53756,69254,114837,130335,123010,1
81748,76036,62153,157784,143901,138189,1
39552,1870,3812,41422,43364,5682,0
37504,87669,577,125173,38081,88246,0
7779,38019,18899,45798,26678,56918,0
69479,9633,77786,79112,147265,87419,1
84943,7789,39136,92732,124079,46925,0
46970,42942,36361,89912,83331,79303,1
90192,60641,56130,150833,146322,116771,1
55204,49252,83760,104456,138964,133012,1
85201,53650,28319,138851,113520,81969,0
65894,17330,83488,83224,149382,100818,0
41339,24552,79437,65891,120776,103989,0
91095,88871,39899,179966,130994,128770,1
67929,54707,6482,122636,74411,61189,0
57225,98455,32873,155680,90098,131328,0
40833,54761,72248,95594,113081,127009,1
32347,55781,10918,88128,43265,66699,0
51989,93129,82686,145118,134675,175815,1
21565,44527,53810,66092,75375,98337,1
49710,95767,89790,145477,139500,185557,1
45377,46815,25825,92192,71202,72640,1
52809,52639,80040,105448,132849,132679,1
77047,68093,59221,145140,136268,127314,1
62907,22921,6399,85828,69306,29320,0
93035,3660,91467,96695,184502,95127,1
79850,45463,16812,125313,96662,62275,0
43685,80167,32787,123852,76472,112954,0
58311,50466,66262,108777,124573,116728,1
86263,51129,1487,137392,87750,52616,0
43650,6057,9129,49707,52779,15186,0
91246,70540,27516,161786,118762,98056,1
95922,6418,3109,102340,99031,9527,0
49377,23888,9082,73265,58459,32970,0
77994,15862,48042,93856,126036,63904,0
71379,34292,97133,105671,168512,131425,1
62812,68019,77017,130831,139829,145036,1
34293,96419,27497,130712,61790,123916,0
58125,59402,69004,117527,127129,128406,1
88338,22212,44726,110550,133064,66938,0
58953,88063,96406,147016,155359,184469,1
8987,34008,85667,42995,94654,119675,0
25555,91698,83439,117253,108994,175137,1
44440,60532,1214,104972,45654,61746,0
50181,3752,68994,53933,119175,72746,0
78057,53002,49154,131059,127211,102156,1
81393,98118,486,179511,81879,98604,0
43030,96655,7312,139685,50342,103967,0
16805,38280,58060,55085,74865,96340,0
74727,39672,18825,114399,93552,58497,0
54327,81022,23110,135349,77437,104132,0
77865,51302,44065,129167,121930,95367,1
93270,81428,50858,174698,144128,132286,1
33175,59109,36768,92284,69943,95877,1
62879,39445,14589,102324,77468,54034,0
21448,22541,50563,43989,72011,73104,0
62068,33239,9002,95307,71070,42241,0
62692,93875,74669,156567,137361,168544,1
26041,11423,72602,37464,98643,84025,0
81005,82219,75268,163224,156273,157487,1
54686,41301,45402,95987,100088,86703,1
43080,13,5751,43093,48831,5764,0
45199,81815,27500,127014,72699,109315,0
20614,92001,94898,112615,115512,186899,1
36349,40833,69968,77182,106317,110801,1
56120,44881,6957,101001,63077,51838,0
65249,90185,50947,155434,116196,141132,1
36067,85192,26682,121259,62749,111874,0
28104,11248,93637,39352,121741,104885,0
96115,57749,67584,153864,163699,125333,1
55388,22925,80401,78313,135789,103326,0
34497,6114,45985,40611,80482,52099,0
41673,44463,96286,86136,137959,140749,0
96279,94167,4049,190446,100328,98216,1
20273,10154,87449,30427,107722,97603,0
82496,97462,41043,179958,123539,138505,1
28783,57755,62893,86538,91676,120648,1
72291,73775,91444,146066,163735,165219,1
77294,50548,75066,127842,152360,125614,1
78945,60987,32245,139932,111190,93232,1
35298,22854,98739,58152,134037,121593,0
28219,13674,98698,41893,126917,112372,0
21396,32790,64558,54186,85954,97348,0
87711,47711,6937,135422,94648,54648,0
1189,1732,18542,2921,19731,20274,0
146,54372,46754,54518,46900,101126,0
69951,16876,15750,86827,85701,32626,0
81963,33315,2657,115278,84620,35972,0
95307,78393,95238,173700,190545,173631,1
18112,42438,74128,60550,92240,116566,0
66284,98121,3818,164405,70102,101939,0
56854,3181,65068,60035,121922,68249,0
72621,53893,33756,126514,106377,87649,1
34238,82752,23490,116990,57728,106242,0
95173,88609,92916,183782,188089,181525,1
75221,707,43486,75928,118707,44193,0
77767,18555,58747,96322,136514,77302,0
2958,41936,86597,44894,89555,128533,0
16263,35278,3976,51541,20239,39254,0
55408,99730,36496,155138,91904,136226,0
66852,33047,84503,99899,151355,117550,1
45452,33373,80965,78825,126417,114338,0
71960,99938,59929,171898,131889,159867,1
90978,15836,74610,106814,165588,90446,0
59901,39336,11953,99237,71854,51289,0
34956,87657,95880,122613,130836,183537,1
32910,67065,55353,99975,88263,122418,1
9692,63722,63288,73414,72980,127010,1
19537,67617,34688,87154,54225,102305,0
91465,28770,42961,120235,134426,71731,0
13056,92776,60459,105832,73515,153235,0
34028,57971,20920,91999,54948,78891,0
13343,41916,57859,55259,71202,99775,0
67326,21910,30619,89236,97945,52529,0
67935,94210,5367,162145,73302,99577,0
27376,70569,23301,97945,50677,93870,0
98204,30409,62621,128613,160825,93030,0
72287,60426,28173,132713,100460,88599,1
31473,19007,10349,50480,41822,29356,0
96171,93497,84373,189668,180544,177870,1
31421,55422,38405,86843,69826,93827,1
56744,28604,97024,85348,153768,125628,0
91302,7059,27284,98361,118586,34343,0
64204,98422,43490,162626,107694,141912,1
30075,47284,93629,77359,123704,140913,0
23318,38243,99235,61561,122553,137478,0
41065,19920,48175,60985,89240,68095,1
32893,18708,40785,51601,73678,59493,1
64022,37161,58725,101183,122747,95886,1
9668,6691,67546,16359,77214,74237,0
76726,54529,43880,131255,120606,98409,1
57337,49064,67688,106401,125025,116752,1
9190,78198,77235,87388,86425,155433,1
13561,86079,81368,99640,94929,167447,1
14375,29741,33830,44116,48205,63571,1
9708,22385,93914,32093,103622,116299,0
2913,29987,38395,32900,41308,68382,0
52980,75967,46828,128947,99808,122795,1
68574,15069,5758,83643,74332,20827,0
75488,22378,40385,97866,115873,62763,0
81959,68289,57183,150248,139142,125472,1
28868,85005,80257,113873,109125,165262,1
48256,34921,68917,83177,117173,103838,1
18887,33974,93637,52861,112524,127611,0
2324,67272,13808,69596,16132,81080,0
14098,78401,25939,92499,40037,104340,0
80789,69377,59767,150166,140556,129144,1
41099,1603,94650,42702,135749,96253,0
98696,69989,41963,168685,140659,111952,1
9237,78289,39448,87526,48685,117737,0
94481,39513,42853,133994,137334,82366,0
56559,40905,54242,97464,110801,95147,1
93888,51161,37120,145049,131008,88281,0
68515,97419,10572,165934,79087,107991,0
470,49061,80035,49531,80505,129096,0
10183,41299,28389,51482,38572,69688,0
48552,67473,26811,116025,75363,94284,1
93033,40049,51664,133082,144697,91713,0
12160,47903,24889,60063,37049,72792,0
44385,7817,87912,52202,132297,95729,0
70117,80585,70161,150702,140278,150746,1
49667,84358,79853,134025,129520,164211,1
64251,61986,27972,126237,92223,89958,1
55356,44635,2460,99991,57816,47095,0
67565,18501,95213,86066,162778,113714,0
61750,51603,27919,113353,89669,79522,1
45302,68630,64474,113932,109776,133104,1
85576,6177,6374,91753,91950,12551,0
11810,87649,95784,99459,107594,183433,1
19322,36790,65568,56112,84890,102358,0
26802,82991,70768,109793,97570,153759,1
69574,26801,83377,96375,152951,110178,1
66258,90814,30078,157072,96336,120892,1
55820,48781,2617,104601,58437,51398,0
51167,43653,87901,94820,139068,131554,1
86006,71504,52534,157510,138540,124038,1
49426,70827,7614,120253,57040,78441,0
85065,75935,57866,161000,142931,133801,1
93906,27552,96333,121458,190239,123885,1
59192,67881,18565,127073,77757,86446,1
93084,59137,32956,152221,126040,92093,0
83951,65703,33421,149654,117372,99124,1
73871,67461,86968,141332,160839,154429,1
17508,26134,46978,43642,64486,73112,0
58535,81635,19800,140170,78335,101435,0
46317,87667,72747,133984,119064,160414,1
15163,737,14404,15900,29567,15141,0
3874,90178,68358,94052,72232,158536,0
42522,76742,89265,119264,131787,166007,1
213,64086,54272,64299,54485,118358,0
63095,2304,32715,65399,95810,35019,0
60991,8772,90197,69763,151188,98969,0
11566,4510,51669,16076,63235,56179,0
96736,37149,70707,133885,167443,107856,1
18946,16568,29209,35514,48155,45777,1
36701,17297,94293,53998,130994,111590,0
14414,17763,27298,32177,41712,45061,1
88151,92996,32670,181147,120821,125666,1
30555,85771,66056,116326,96611,151827,1
64205,88339,33848,152544,98053,122187,1
12995,15668,36294,28663,49289,51962,0
81636,95581,43641,177217,125277,139222,1
32057,11025,49212,43082,81269,60237,0
22956,42722,39810,65678,62766,82532,1
35760,94689,78452,130449,114212,173141,1
26816,9844,6488,36660,33304,16332,0
69856,68540,85955,138396,155811,154495,1
38184,14665,56226,52849,94410,70891,0
87367,5457,61910,92824,149277,67367,0
24848,14762,95391,39610,120239,110153,0
26497,99673,11311,126170,37808,110984,0
84984,15383,80445,100367,165429,95828,1
75193,21487,58035,96680,133228,79522,1
79290,656,67057,79946,146347,67713,0
86786,68044,89565,154830,176351,157609,1
39241,45569,17741,84810,56982,63310,1
74428,8111,68868,82539,143296,76979,1
2917,31099,2501,34016,5418,33600,0
93254,91827,32827,185081,126081,124654,1
74437,18797,81042,93234,155479,99839,1
64503,83738,57302,148241,121805,141040,1
33493,60354,37947,93847,71440,98301,1
20400,65944,41242,86344,61642,107186,0
10461,40163,12499,50624,22960,52662,0
99732,6357,15176,106089,114908,21533,0
73748,56259,58509,130007,132257,114768,1
77381,15773,39169,93154,116550,54942,0
4339,89313,1621,93652,5960,90934,0
63455,75163,84189,138618,147644,159352,1
67751,78425,26979,146176,94730,105404,1
6267,84637,19899,90904,26166,104536,0
25659,50108,30419,75767,56078,80527,1
93516,88365,42076,181881,135592,130441,1
90708,46893,53270,137601,143978,100163,1
84986,96493,18136,181479,103122,114629,1
30854,72658,99506,103512,130360,172164,1
39021,62767,88325,101788,127346,151092,1
1749,41532,31680,43281,33429,73212,0
42244,6667,27945,48911,70189,34612,0
46832,30783,19048,77615,65880,49831,1
1120,69954,85503,71074,86623,155457,0
69823,40320,27325,110143,97148,67645,0
24057,24507,60831,48564,84888,85338,0
88963,24135,99363,113098,188326,123498,1
31087,28204,42687,59291,73774,70891,1
11364,58821,14075,70185,25439,72896,0
4519,57191,3140,61710,7659,60331,0
85471,44605,7671,130076,93142,52276,0
83343,97514,44628,180857,127971,142142,1
43384,70362,78219,113746,121603,148581,1
83898,63017,29437,146915,113335,92454,1
14527,1215,95869,15742,110396,97084,0
97290,66661,71135,163951,168425,137796,1
39935,44830,40819,84765,80754,85649,1
51643,89845,74151,141488,125794,163996,1
27903,81636,57118,109539,85021,138754,1
27703,71071,49699,98774,77402,120770,1
57844,56730,22169,114574,80013,78899,1
9743,38875,19859,48618,29602,58734,0
6267,77646,14635,83913,20902,92281,0
56512,7063,49125,63575,105637,56188,0
93883,72215,54777,166098,148660,126992,1
90793,91447,4978,182240,95771,96425,1
85251,88855,51919,174106,137170,140774,1
31,72664,57514,72695,57545,130178,0
75443,67313,73464,142756,148907,140777,1
19456,26438,48459,45894,67915,74897,0
13814,83967,69151,97781,82965,153118,0
60011,26721,48120,86732,108131,74841,1
90233,13585,12267,103818,102500,25852,0
70451,28603,66182,99054,136633,94785,1
21930,59345,75744,81275,97674,135089,1
73098,97789,58133,170887,131231,155922,1
41514,15882,5170,57396,46684,21052,0
7916,70217,779,78133,8695,70996,0
16552,79469,43502,96021,60054,122971,0
55174,62517,90719,117691,145893,153236,1
63200,9661,69433,72861,132633,79094,1
84005,72592,82675,156597,166680,155267,1
57057,62414,36708,119471,93765,99122,1
9553,33893,58228,43446,67781,92121,0
52269,73557,12677,125826,64946,86234,0
14349,34292,13192,48641,27541,47484,0
5183,68041,44179,73224,49362,112220,0
32294,2561,65294,34855,97588,67855,0
18250,80765,71348,99015,89598,152113,1
56693,32205,70787,88898,127480,102992,1
51222,25190,86958,76412,138180,112148,0
63231,12138,58729,75369,121960,70867,1
70421,95164,56454,165585,126875,151618,1
7756,68357,4379,76113,12135,72736,0
14175,60229,18775,74404,32950,79004,0
33573,6299,7165,39872,40738,13464,0
77061,34880,14539,111941,91600,49419,0
69392,22885,66146,92277,135538,89031,1
86256,97922,96348,184178,182604,194270,1
12874,82978,75216,95852,88090,158194,1
78440,94767,47833,173207,126273,142600,1
50412,99395,50104,149807,100516,149499,1
93386,63840,72436,157226,165822,136276,1
5257,16552,10892,21809,16149,27444,0
69833,98120,69712,167953,139545,167832,1
64383,50104,24609,114487,88992,74713,1
77131,67858,47085,144989,124216,114943,1
64262,84225,55717,148487,119979,139942,1
43398,52853,3450,96251,46848,56303,0
35542,98373,72808,133915,108350,171181,1
19834,57495,3050,77329,22884,60545,0
8582,57441,33093,66023,41675,90534,0
99517,75614,46899,175131,146416,122513,1
58598,1368,31330,59966,89928,32698,0
56924,67181,33886,124105,90810,101067,1
70564,3440,86594,74004,157158,90034,0
30243,50492,21233,80735,51476,71725,1
3264,80503,57072,83767,60336,137575,0
7171,55380,34036,62551,41207,89416,0
35993,54941,84258,90934,120251,139199,1
95833,93183,860,189016,96693,94043,0
87370,56900,4789,144270,92159,61689,0
3755,24049,74282,27804,78037,98331,0
43993,89145,31756,133138,75749,120901,0
43880,43166,94779,87046,138659,137945,0
70342,65193,29211,135535,99553,94404,1
76304,94422,89609,170726,165913,184031,1
25074,17420,24067,42494,49141,41487,1
72105,52468,18364,124573,90469,70832,0
34250,8044,80979,42294,115229,89023,0
72857,85221,6124,158078,78981,91345,0
18368,8644,73773,27012,92141,82417,0
94787,77369,90477,172156,185264,167846,1
23364,41058,82741,64422,106105,123799,0
6373,45866,56062,52239,62435,101928,0
82437,88660,15560,171097,97997,104220,1
24518,62501,23160,87019,47678,85661,0
50439,14777,83247,65216,133686,98024,0
56925,24257,90218,81182,147143,114475,0
55315,20548,53742,75863,109057,74290,1
73965,88019,78109,161984,152074,166128,1
46901,87089,11138,133990,58039,98227,0
13107,16001,9089,29108,22196,25090,1
23117,10712,4152,33829,27269,14864,0
75003,42076,16799,117079,91802,58875,0
68430,32586,71801,101016,140231,104387,1
19372,99745,4902,119117,24274,104647,0
84465,11839,73302,96304,157767,85141,1
18822,36274,5600,55096,24422,41874,0
98641,26361,96938,125002,195579,123299,1
81772,50565,42215,132337,123987,92780,1
62687,35408,43292,98095,105979,78700,1
21520,95914,86189,117434,107709,182103,1
53738,75484,33449,129222,87187,108933,1
91109,37426,66491,128535,157600,103917,1
78058,66141,63146,144199,141204,129287,1
3124,53085,43860,56209,46984,96945,0
40194,93091,48077,133285,88271,141168,0
4299,78544,68731,82843,73030,147275,0
75330,2644,92720,77974,168050,95364,0
36084,42103,82580,78187,118664,124683,0
69108,40154,35380,109262,104488,75534,1
92048,87402,80554,179450,172602,167956,1
38354,41970,17791,80324,56145,59761,1
90178,4848,62820,95026,152998,67668,0
51832,80831,49178,132663,101010,130009,1
99664,17600,26605,117264,126269,44205,0
73007,66842,60679,139849,133686,127521,1
88269,22993,90647,111262,178916,113640,1
97977,38650,77635,136627,175612,116285,1
39319,58163,7338,97482,46657,65501,0
80355,26004,72008,106359,152363,98012,1
36866,92360,55509,129226,92375,147869,1
74150,48533,43906,122683,118056,92439,1
64796,80248,43852,145044,108648,124100,1
66622,88921,19056,155543,85678,107977,0
8526,54265,11086,62791,19612,65351,0
64487,88059,48721,152546,113208,136780,1
44074,62134,10397,106208,54471,72531,0
15376,48876,63761,64252,79137,112637,1
13549,62943,48368,76492,61917,111311,0
28194,67110,2036,95304,30230,69146,0
16478,81955,62756,98433,79234,144711,0
63418,9255,10765,72673,74183,20020,0
24590,40490,91040,65080,115630,131530,0
42888,58846,7205,101734,50093,66051,0
99067,26256,92488,125323,191555,118744,1
6532,61276,68625,67808,75157,129901,0
5867,23256,66409,29123,72276,89665,0
82493,48040,81471,130533,163964,129511,1
99658,12058,39234,111716,138892,51292,0
33920,47698,79077,81618,112997,126775,1
5095,88525,23276,93620,28371,111801,0
40299,97383,9155,137682,49454,106538,0
5344,38613,39826,43957,45170,78439,1
7323,18298,26087,25621,33410,44385,0
16421,96935,48065,113356,64486,145000,0
80185,2586,52020,82771,132205,54606,0
61746,17212,31807,78958,93553,49019,0
95202,68874,45546,164076,140748,114420,1
59253,99448,9306,158701,68559,108754,0
21347,133,19048,21480,40395,19181,0
76424,12626,97301,89050,173725,109927,0
99511,11065,90733,110576,190244,101798,1
26421,7549,50610,33970,77031,58159,0
43367,38777,9084,82144,52451,47861,1
24555,7346,34002,31901,58557,41348,0
93537,8321,67653,101858,161190,75974,0
34620,7041,76693,41661,111313,83734,0
67094,83898,13211,150992,80305,97109,0
36861,35022,87911,71883,124772,122933,0
54691,52307,62346,106998,117037,114653,1
78949,21688,96465,100637,175414,118153,1
86398,39934,87870,126332,174268,127804,1
8850,4327,53796,13177,62646,58123,0
51409,31147,6956,82556,58365,38103,0
4711,72958,48246,77669,52957,121204,0
29154,351,23655,29505,52809,24006,0
83488,52134,69918,135622,153406,122052,1
50747,8617,98123,59364,148870,106740,0
52725,44316,8601,97041,61326,52917,1
57133,68304,44191,125437,101324,112495,1
53642,70264,17062,123906,70704,87326,1
5797,99271,98048,105068,103845,197319,1
57924,95294,34442,153218,92366,129736,0
21667,99550,79021,121217,100688,178571,1
68911,41798,21481,110709,90392,63279,0
29611,12611,10816,42222,40427,23427,0
68782,66207,44542,134989,113324,110749,1
51475,15422,69737,66897,121212,85159,0
79218,57156,1848,136374,81066,59004,0
64739,45258,94357,109997,159096,139615,1
16875,37048,89009,53923,105884,126057,0
12325,14978,16453,27303,28778,31431,1
92682,79310,67868,171992,160550,147178,1
25474,44723,83073,70197,108547,127796,0
26103,96429,30731,122532,56834,127160,0
13354,93308,74908,106662,88262,168216,0
80651,31928,15143,112579,95794,47071,0
6011,5040,74132,11051,80143,79172,0
61977,58991,23906,120968,85883,82897,1
60224,50072,85076,110296,145300,135148,1
11240,2049,25301,13289,36541,27350,0
16182,53775,5266,69957,21448,59041,0
86893,14228,95808,101121,182701,110036,1
58197,69853,6990,128050,65187,76843,0
41542,32128,7099,73670,48641,39227,0
26682,22643,37003,49325,63685,59646,1
33866,68007,98071,101873,131937,166078,1
9218,25064,4812,34282,14030,29876,0
32916,3871,70060,36787,102976,73931,0
83483,93870,64597,177353,148080,158467,1
27311,35855,42340,63166,69651,78195,1
90358,12756,23901,103114,114259,36657,0
48529,1476,85872,50005,134401,87348,0
61804,90325,25735,152129,87539,116060,0
82341,39280,86312,121621,168653,125592,1
34599,43812,47895,78411,82494,91707,1
84723,2310,54701,87033,139424,57011,0
7443,48957,85783,56400,93226,134740,0
10125,5827,51791,15952,61916,57618,0
95434,95150,88331,190584,183765,183481,1
88360,69515,5436,157875,93796,74951,0
57728,58443,61672,116171,119400,120115,1
58134,58305,51244,116439,109378,109549,1
70663,82417,81891,153080,152554,164308,1
57889,23327,55392,81216,113281,78719,1
31585,52272,1753,83857,33338,54025,0
75475,63398,91718,138873,167193,155116,1
3529,66001,65633,69530,69162,131634,1
75919,64549,61668,140468,137587,126217,1
6170,66392,37735,72562,43905,104127,0
11425,97074,40332,108499,51757,137406,0
39777,55951,72374,95728,112151,128325,1
99428,2097,98713,101525,198141,100810,1
3905,43263,1281,47168,5186,44544,0
48474,84386,41190,132860,89664,125576,1
7488,57721,36925,65209,44413,94646,0
95030,4641,6268,99671,101298,10909,0
7409,74446,67654,81855,75063,142100,1
61045,81568,13392,142613,74437,94960,0
13666,14851,41795,28517,55461,56646,0
3798,98180,34260,101978,38058,132440,0
81623,77360,57075,158983,138698,134435,1
1444,79302,43725,80746,45169,123027,0
42945,86373,62923,129318,105868,149296,1
75574,33464,16084,109038,91658,49548,0
72847,45683,143,118530,72990,45826,0
59870,45587,79643,105457,139513,125230,1
42848,24427,18963,67275,61811,43390,1
85313,67026,15868,152339,101181,82894,0
62110,29799,67708,91909,129818,97507,1
58783,88848,70657,147631,129440,159505,1
36641,46728,65972,83369,102613,112700,1
89105,25764,9656,114869,98761,35420,0
47282,11626,23443,58908,70725,35069,0
97750,15021,84089,112771,181839,99110,1
55595,84652,72267,140247,127862,156919,1
10944,83382,48741,94326,59685,132123,0
67238,21318,59338,88556,126576,80656,1
69711,69879,4028,139590,73739,73907,1
82718,43173,29918,125891,112636,73091,0
25011,58002,32258,83013,57269,90260,0
52534,15959,6843,68493,59377,22802,0
41115,24866,78945,65981,120060,103811,0
35163,15197,34990,50360,70153,50187,1
64895,1830,21792,66725,86687,23622,0
72403,48769,52131,121172,124534,100900,1
5596,21772,52433,27368,58029,74205,0
65081,57633,51669,122714,116750,109302,1
52702,39429,82531,92131,135233,121960,1
39987,59561,16885,99548,56872,76446,0
96191,42475,83017,138666,179208,125492,1
90358,90549,26752,180907,117110,117301,1
79663,65984,91393,145647,171056,157377,1
71722,97760,48998,169482,120720,146758,1
21164,91266,44630,112430,65794,135896,0
4227,39015,12124,43242,16351,51139,0
44785,52282,33089,97067,77874,85371,1
99997,1820,8497,101817,108494,10317,0
60252,71688,77432,131940,137684,149120,1
90942,36607,38743,127549,129685,75350,0
83235,57542,70728,140777,153963,128270,1
74306,10594,48410,84900,122716,59004,0
55177,88672,30500,143849,85677,119172,0
25480,22564,815,48044,26295,23379,0
21831,35068,31683,56899,53514,66751,1
47754,588,20452,48342,68206,21040,0
81682,98705,70762,180387,152444,169467,1
67997,63070,96353,131067,164350,159423,1
80713,43818,88014,124531,168727,131832,1
54135,51514,46489,105649,100624,98003,1
7219,76363,18186,83582,25405,94549,0
68171,24432,56478,92603,124649,80910,1
44138,92366,30983,136504,75121,123349,0
14556,97600,1177,112156,15733,98777,0
94360,47257,69366,141617,163726,116623,1
26630,88550,54200,115180,80830,142750,0
85781,81872,53139,167653,138920,135011,1
62103,29971,6113,92074,68216,36084,0
80567,56967,18338,137534,98905,75305,0
32147,89527,76264,121674,108411,165791,1
18769,897,78541,19666,97310,79438,0
6652,4968,96327,11620,102979,101295,0
66971,59723,11709,126694,78680,71432,1
81851,56082,20510,137933,102361,76592,0
59076,85194,21099,144270,80175,106293,0
58854,76499,5578,135353,64432,82077,0
24327,16622,85407,40949,109734,102029,0
68718,37551,21037,106269,89755,58588,0
71059,49937,14945,120996,86004,64882,0
83936,57149,16020,141085,99956,73169,0
99551,34354,83419,133905,182970,117773,1
22363,92843,10795,115206,33158,103638,0
2017,97826,69710,99843,71727,167536,0
87703,55174,62878,142877,150581,118052,1
45398,90870,11378,136268,56776,102248,0
3513,55637,83789,59150,87302,139426,0
60722,65081,68925,125803,129647,134006,1
65870,80996,19895,146866,85765,100891,1
34538,55723,18187,90261,52725,73910,0
72558,3966,94767,76524,167325,98733,0
15015,80570,75252,95585,90267,155822,1
48240,59381,70227,107621,118467,129608,1
84094,16114,16436,100208,100530,32550,0
6677,55357,74489,62034,81166,129846,0
59710,58682,48981,118392,108691,107663,1
18746,61682,38254,80428,57000,99936,0
77202,62945,10705,140147,87907,73650,0
11898,56803,96025,68701,107923,152828,0
79765,86434,31815,166199,111580,118249,1
10214,13300,44198,23514,54412,57498,0
6685,53636,42159,60321,48844,95795,0
65156,86147,87390,151303,152546,173537,1
8373,27947,65096,36320,73469,93043,0
16452,71015,12530,87467,28982,83545,0
41858,75167,57503,117025,99361,132670,1
791,68577,18816,69368,19607,87393,0
79905,58711,87019,138616,166924,145730,1
93667,24397,77095,118064,170762,101492,1
40850,90361,65002,131211,105852,155363,1
58807,82863,24035,141670,82842,106898,0
35440,67351,93326,102791,128766,160677,1
92359,83882,73954,176241,166313,157836,1
78712,84363,6531,163075,85243,90894,1
81218,58397,89176,139615,170394,147573,1
37867,79632,24173,117499,62040,103805,0
74567,56296,45336,130863,119903,101632,1
35095,54019,54026,89114,89121,108045,1
95265,33472,43051,128737,138316,76523,0
74485,88866,30911,163351,105396,119777,1
49599,39179,4766,88778,54365,43945,0
99612,62041,70248,161653,169860,132289,1
94094,44327,94717,138421,188811,139044,1
55965,71824,32966,127789,88931,104790,1
47413,34686,85761,82099,133174,120447,0
47249,31842,43098,79091,90347,74940,1
60687,84435,38166,145122,98853,122601,1
79255,36185,62744,115440,141999,98929,1
28739,89156,91374,117895,120113,180530,1
53366,70209,2750,123575,56116,72959,0
37922,50817,9176,88739,47098,59993,0
15581,76133,89284,91714,104865,165417,1
47519,7227,13970,54746,61489,21197,0
49066,80315,60688,129381,109754,141003,1
69480,94585,5988,164065,75468,100573,0
14929,46527,11857,61456,26786,58384,0
8348,22427,75784,30775,84132,98211,0
42079,61617,42028,103696,84107,103645,1
67868,6897,27865,74765,95733,34762,0
36348,67781,42874,104129,79222,110655,1
28010,58782,31832,86792,59842,90614,1
11385,31193,16884,42578,28269,48077,0
20530,70633,68343,91163,88873,138976,1
55941,63112,59551,119053,115492,122663,1
88558,8615,52333,97173,140891,60948,0
87830,40761,92124,128591,179954,132885,1
55732,1030,39532,56762,95264,40562,0
94358,71598,31269,165956,125627,102867,1
18844,13497,32891,32341,51735,46388,0
48669,20996,16500,69665,65169,37496,0
23713,58570,78546,82283,102259,137116,1
97309,66869,80075,164178,177384,146944,1
27591,33613,95901,61204,123492,129514,0
47825,44707,33988,92532,81813,78695,1
26744,54560,34289,81304,61033,88849,1
6640,52099,37064,58739,43704,89163,0
68966,70351,6091,139317,75057,76442,1
29491,34402,12167,63893,41658,46569,1
55826,83966,98359,139792,154185,182325,1
88355,22427,87556,110782,175911,109983,1
81756,19756,72157,101512,153913,91913,1
6565,20328,66978,26893,73543,87306,0
45415,57470,41830,102885,87245,99300,1
58976,96171,3412,155147,62388,99583,0
53039,44383,92488,97422,145527,136871,1
35252,96958,34550,132210,69802,131508,0
20611,99957,40434,120568,61045,140391,0
55268,13062,75154,68330,130422,88216,0
30458,35679,26122,66137,56580,61801,1
58715,41017,47535,99732,106250,88552,1
44322,40233,75522,84555,119844,115755,1
59610,54824,51912,114434,111522,106736,1
35528,16703,73096,52231,108624,89799,0
88925,70891,70045,159816,158970,140936,1
65912,21251,86206,87163,152118,107457,1
46761,6059,37600,52820,84361,43659,0
62040,65810,95807,127850,157847,161617,1
26892,56761,68762,83653,95654,125523,1
25201,51342,22322,76543,47523,73664,0
46791,23993,69546,70784,116337,93539,1
6207,51091,23590,57298,29797,74681,0
31391,5928,28640,37319,60031,34568,1
63146,35077,13791,98223,76937,48868,0
93264,97468,90597,190732,183861,188065,1
47174,43963,32869,91137,80043,76832,1
62011,70224,34634,132235,96645,104858,1
25644,43237,3256,68881,28900,46493,0
14215,51156,44963,65371,59178,96119,1
65174,27014,52416,92188,117590,79430,1
18695,61878,77447,80573,96142,139325,1
39800,73637,51906,113437,91706,125543,1
58372,61506,11527,119878,69899,73033,1
33281,63409,44835,96690,78116,108244,1
14808,79437,8851,94245,23659,88288,0
71047,8747,63588,79794,134635,72335,1
28524,64000,47566,92524,76090,111566,1
12762,12080,22509,24842,35271,34589,1
39016,94488,49934,133504,88950,144422,0
52562,44749,75952,97311,128514,120701,1
64603,13261,60469,77864,125072,73730,1
38133,50312,67935,88445,106068,118247,1
87675,44762,17450,132437,105125,62212,0
51115,90451,7947,141566,59062,98398,0
84397,54337,61049,138734,145446,115386,1
1620,42304,47701,43924,49321,90005,0
94777,11650,60741,106427,155518,72391,0
72015,23080,39934,95095,111949,63014,0
39768,65697,99461,105465,139229,165158,1
43447,47110,74132,90557,117579,121242,1
1486,53670,23201,55156,24687,76871,0
50337,18753,61311,69090,111648,80064,1
40110,51620,44090,91730,84200,95710,1
8314,89062,2196,97376,10510,91258,0
32904,39691,39914,72595,72818,79605,1
57846,35068,8366,92914,66212,43434,0
95498,72768,23770,168266,119268,96538,1
87088,90097,2029,177185,89117,92126,0
28744,68105,3083,96849,31827,71188,0
39093,39709,25152,78802,64245,64861,1
88281,30520,40584,118801,128865,71104,0
96942,86812,4885,183754,101827,91697,0
31400,71803,53552,103203,84952,125355,1
83899,68599,32545,152498,116444,101144,1
84845,38892,7668,123737,92513,46560,0
75680,96781,73604,172461,149284,170385,1
31742,12946,29118,44688,60860,42064,1
84530,37694,52740,122224,137270,90434,1
35701,43468,45375,79169,81076,88843,1
87655,8386,30256,96041,117911,38642,0
13291,14048,37195,27339,50486,51243,0
89285,5803,81565,95088,170850,87368,0
75895,22404,94881,98299,170776,117285,1
38776,42496,51801,81272,90577,94297,1
66077,93188,22536,159265,88613,115724,0
34610,14271,46008,48881,80618,60279,1
92296,53129,43724,145425,136020,96853,1
42324,62797,12581,105121,54905,75378,0
43254,26025,698,69279,43952,26723,0
19289,49275,59640,68564,78929,108915,1
2566,16033,96267,18599,98833,112300,0
10935,853,10240,11788,21175,11093,1
57058,76644,74809,133702,131867,151453,1
38975,40341,24839,79316,63814,65180,1
8076,37412,42048,45488,50124,79460,1
51008,91003,51857,142011,102865,142860,1
52388,91051,93531,143439,145919,184582,1
66873,37634,53915,104507,120788,91549,1
97702,84131,96295,181833,193997,180426,1
23931,33246,49724,57177,73655,82970,1
10430,8599,15214,19029,25644,23813,1
21954,73681,12575,95635,34529,86256,0
30793,43324,91625,74117,122418,134949,0
10104,23230,9571,33334,19675,32801,0
6178,97375,12398,103553,18576,109773,0
39835,30618,48550,70453,88385,79168,1
50351,91226,31592,141577,81943,122818,0
31197,37974,82465,69171,113662,120439,0
60424,92865,78370,153289,138794,171235,1
53099,54832,62547,107931,115646,117379,1
85092,60070,59940,145162,145032,120010,1
26441,33338,44688,59779,71129,78026,1
80381,16859,18254,97240,98635,35113,0
89810,4759,33102,94569,122912,37861,0
12293,27486,59873,39779,72166,87359,0
16467,99803,20646,116270,37113,120449,0
74283,15160,32257,89443,106540,47417,0
8899,62586,95428,71485,104327,158014,0
59562,81839,93227,141401,152789,175066,1
55297,36097,75076,91394,130373,111173,1
66355,68480,39628,134835,105983,108108,1
35069,89693,18317,124762,53386,108010,0
894,78214,82654,79108,83548,160868,0
37803,77273,97504,115076,135307,174777,1
70535,77382,68614,147917,139149,145996,1
43066,59971,32350,103037,75416,92321,1
7387,42004,7811,49391,15198,49815,0
72487,68647,94086,141134,166573,162733,1
49045,65289,16404,114334,65449,81693,1
20806,89048,92347,109854,113153,181395,1
66047,59411,79865,125458,145912,139276,1
40437,9112,7248,49549,47685,16360,0
91208,20220,87360,111428,178568,107580,1
66768,69830,74233,136598,141001,144063,1
30071,42952,32147,73023,62218,75099,1
22961,92963,68669,115924,91630,161632,0
83806,73343,30153,157149,113959,103496,1
44,19326,6006,19370,6050,25332,0
67344,54079,53269,121423,120613,107348,1
16848,90760,12496,107608,29344,103256,0
38882,97240,39122,136122,78004,136362,0
63369,1490,2108,64859,65477,3598,0
87703,80502,63506,168205,151209,144008,1
61566,71451,59727,133017,121293,131178,1
48506,1022,72496,49528,121002,73518,0
30369,96324,95934,126693,126303,192258,1
53733,77439,76257,131172,129990,153696,1
85052,88406,81436,173458,166488,169842,1
92939,3107,28716,96046,121655,31823,0
97823,85775,88267,183598,186090,174042,1
75196,1510,47183,76706,122379,48693,0
39845,4941,75026,44786,114871,79967,0
7029,28090,49425,35119,56454,77515,0
11720,31354,86754,43074,98474,118108,0
70979,91137,362,162116,71341,91499,0
74921,16049,17099,90970,92020,33148,0
53757,9826,44827,63583,98584,54653,1
32833,12139,98790,44972,131623,110929,0
77295,61156,80788,138451,158083,141944,1
79817,57444,19744,137261,99561,77188,0
62299,56594,88243,118893,150542,144837,1
60449,32288,67341,92737,127790,99629,1
37344,68746,92590,106090,129934,161336,1
11839,32822,29189,44661,41028,62011,1
12006,54594,32986,66600,44992,87580,0
44890,30708,85648,75598,130538,116356,0
16626,14827,54740,31453,71366,69567,0
70818,99010,44133,169828,114951,143143,1
10543,86105,38474,96648,49017,124579,0
57387,97706,54115,155093,111502,151821,1
64077,34471,6017,98548,70094,40488,0
36448,54689,43557,91137,80005,98246,1
84305,92058,95734,176363,180039,187792,1
82540,47900,25073,130440,107613,72973,0
15504,94688,50678,110192,66182,145366,0
73056,26275,58332,99331,131388,84607,1
71879,42337,26050,114216,97929,68387,0
78590,41095,89599,119685,168189,130694,1
197,68816,96654,69013,96851,165470,0
24509,26551,87795,51060,112304,114346,0
77369,24117,67418,101486,144787,91535,1
43390,2205,12289,45595,55679,14494,0
7111,59019,64452,66130,71563,123471,1
75038,1014,52070,76052,127108,53084,0
92344,64227,62287,156571,154631,126514,1
34041,40098,32628,74139,66669,72726,1
93469,53928,34962,147397,128431,88890,0
77487,42076,15146,119563,92633,57222,0
76185,25669,29501,101854,105686,55170,0
73407,96854,83909,170261,157316,180763,1
89252,92377,62933,181629,152185,155310,1
30223,52829,95963,83052,126186,148792,0
28308,80063,7643,108371,35951,87706,0
31257,62142,45372,93399,76629,107514,1
8886,70919,31396,79805,40282,102315,0
62472,80930,81685,143402,144157,162615,1
1166,32888,58158,34054,59324,91046,0
69492,45243,17161,114735,86653,62404,0
50701,13849,97055,64550,147756,110904,0
1940,47912,83697,49852,85637,131609,0
87232,62597,96895,149829,184127,159492,1
82649,25336,67667,107985,150316,93003,1
49132,60293,28178,109425,77310,88471,1
38869,837,12968,39706,51837,13805,0
79917,81423,67612,161340,147529,149035,1
24235,66456,96719,90691,120954,163175,0
80569,90994,70775,171563,151344,161769,1
64362,29687,24902,94049,89264,54589,0
95089,67878,5998,162967,101087,73876,0
55810,79859,65016,135669,120826,144875,1
81054,94442,97425,175496,178479,191867,1
11289,2092,99415,13381,110704,101507,0
96774,71618,8409,168392,105183,80027,0
57604,72284,85603,129888,143207,157887,1
58852,27242,88579,86094,147431,115821,0
22856,81404,61423,104260,84279,142827,1
67311,59995,13682,127306,80993,73677,1
70339,71587,91784,141926,162123,163371,1
98978,13039,23331,112017,122309,36370,0
64822,97826,63164,162648,127986,160990,1
89793,10633,41196,100426,130989,51829,0
54032,73402,69168,127434,123200,142570,1
424,83115,48642,83539,49066,131757,0
53975,33260,36869,87235,90844,70129,1
65863,6180,78754,72043,144617,84934,0
8397,81322,37249,89719,45646,118571,0
46549,47476,15180,94025,61729,62656,1
49394,75346,98892,124740,148286,174238,1
55799,39809,25175,95608,80974,64984,1
17814,67597,68468,85411,86282,136065,1
24373,48971,36513,73344,60886,85484,1
76531,79999,73740,156530,150271,153739,1
78929,4963,67007,83892,145936,71970,0
42379,16666,76204,59045,118583,92870,0
18894,69280,74119,88174,93013,143399,1
57756,99235,27179,156991,84935,126414,0
98579,8936,96706,107515,195285,105642,1
80001,66466,42583,146467,122584,109049,1
11934,44222,66227,56156,78161,110449,0
71219,3462,33828,74681,105047,37290,0
67481,6503,88546,73984,156027,95049,0
64246,17690,23659,81936,87905,41349,0
91959,35199,78746,127158,170705,113945,1
33649,33461,96633,67110,130282,130094,0
79296,99581,64828,178877,144124,164409,1
83667,23087,390,106754,84057,23477,0
54534,88444,26905,142978,81439,115349,0
93914,8661,18085,102575,111999,26746,0
36930,26068,35810,62998,72740,61878,1
93060,32433,1060,125493,94120,33493,0
18366,10064,69043,28430,87409,79107,0
32478,18878,9952,51356,42430,28830,0
50401,85168,35855,135569,86256,121023,1
7161,92196,44789,99357,51950,136985,0
1450,41106,887,42556,2337,41993,0
11372,5246,31236,16618,42608,36482,0
63088,15068,53164,78156,116252,68232,1
16140,86798,18735,102938,34875,105533,0
86401,62566,99916,148967,186317,162482,1
53368,78521,93445,131889,146813,171966,1
46924,27497,15600,74421,62524,43097,0
38490,95001,86914,133491,125404,181915,1
35703,27902,29191,63605,64894,57093,1
13304,52805,11892,66109,25196,64697,0
80930,6291,10620,87221,91550,16911,0
16016,95577,52973,111593,68989,148550,0
84750,669,14485,85419,99235,15154,0
68667,38600,90556,107267,159223,129156,1
74886,73327,3903,148213,78789,77230,1
81316,21677,53159,102993,134475,74836,0
56566,98061,79435,154627,136001,177496,1
75027,91574,29783,166601,104810,121357,1
96267,91098,24142,187365,120409,115240,1
72748,15623,45533,88371,118281,61156,0
87259,27059,52535,114318,139794,79594,0
79559,12957,13704,92516,93263,26661,0
76382,41013,16877,117395,93259,57890,0
50130,22774,16329,72904,66459,39103,0
18595,94861,82951,113456,101546,177812,1
22197,78658,18548,100855,40745,97206,0
1731,56574,88625,58305,90356,145199,0
28584,58125,74229,86709,102813,132354,1
74422,49164,27689,123586,102111,76853,1
47210,79986,12152,127196,59362,92138,0
55798,65745,61593,121543,117391,127338,1
15884,90008,13582,105892,29466,103590,0
52667,48324,62801,100991,115468,111125,1
26098,69347,37606,95445,63704,106953,0
24658,9361,97613,34019,122271,106974,0
384,24117,46147,24501,46531,70264,0
20932,95136,52847,116068,73779,147983,0
95551,95653,83579,191204,179130,179232,1
63982,37701,36776,101683,100758,74477,1
65672,10469,68815,76141,134487,79284,1
18177,93702,33934,111879,52111,127636,0
98031,28473,44081,126504,142112,72554,0
77959,50097,44438,128056,122397,94535,1
66814,82050,80441,148864,147255,162491,1
18567,46059,70959,64626,89526,117018,0
38470,23649,77605,62119,116075,101254,0
45430,33291,24877,78721,70307,58168,1
13909,40229,66616,54138,80525,106845,0
66546,33742,88691,100288,155237,122433,1
42660,42731,4835,85391,47495,47566,1
41149,42676,74548,83825,115697,117224,1
65018,3233,29518,68251,94536,32751,0
60986,76315,17750,137301,78736,94065,1
20769,61101,81030,81870,101799,142131,1
45762,78929,66770,124691,112532,145699,1
35277,13682,75956,48959,111233,89638,0
112,9568,23644,9680,23756,33212,0
41197,98905,74165,140102,115362,173070,1
72758,52066,72363,124824,145121,124429,1
46038,6626,82529,52664,128567,89155,0
31960,60061,4394,92021,36354,64455,0
56167,14508,18569,70675,74736,33077,0
41645,74589,47546,116234,89191,122135,1
89920,67481,99886,157401,189806,167367,1
12331,8615,82448,20946,94779,91063,0
11571,41450,64415,53021,75986,105865,0
94449,46573,98596,141022,193045,145169,1
91639,69988,82885,161627,174524,152873,1
12758,44755,85631,57513,98389,130386,0
61181,32513,83291,93694,144472,115804,1
32918,89586,51127,122504,84045,140713,0
29231,34770,29636,64001,58867,64406,1
99673,76136,79922,175809,179595,156058,1
67161,56930,16625,124091,83786,73555,1
74182,29128,57143,103310,131325,86271,1
62136,67022,47905,129158,110041,114927,1
47436,43866,59528,91302,106964,103394,1
45762,36149,93027,81911,138789,129176,0
11209,71932,17446,83141,28655,89378,0
52897,75844,22023,128741,74920,97867,0
7470,49098,17934,56568,25404,67032,0
97731,16865,16716,114596,114447,33581,0
56884,45098,32876,101982,89760,77974,1
86339,86041,27176,172380,113515,113217,1
9489,81729,49807,91218,59296,131536,0
24615,76413,7999,101028,32614,84412,0
6891,33648,4022,40539,10913,37670,0
54134,10255,13286,64389,67420,23541,0
11296,5413,94932,16709,106228,100345,0
85233,75525,86740,160758,171973,162265,1
86700,47326,97546,134026,184246,144872,1
52440,83540,89249,135980,141689,172789,1
70194,3953,52367,74147,122561,56320,0
81595,62952,29833,144547,111428,92785,1
68830,6386,57176,75216,126006,63562,0
59226,19364,7942,78590,67168,27306,0
56087,32284,66055,88371,122142,98339,1
58111,80122,22319,138233,80430,102441,1
56101,21698,43560,77799,99661,65258,1
64663,25654,91356,90317,156019,117010,0
50730,5603,19603,56333,70333,25206,0
63673,668,79017,64341,142690,79685,0
77649,87600,770,165249,78419,88370,0
81438,38879,28033,120317,109471,66912,0
61205,52245,4800,113450,66005,57045,0
54788,29717,43669,84505,98457,73386,1
36670,16731,37975,53401,74645,54706,1
19957,82771,70295,102728,90252,153066,1
30846,49824,30015,80670,60861,79839,1
10762,34119,399,44881,11161,34518,0
58922,74707,1474,133629,60396,76181,0
12837,96742,91138,109579,103975,187880,1
39348,51408,34108,90756,73456,85516,1
59213,45291,11801,104504,71014,57092,0
7938,17013,87473,24951,95411,104486,0
86774,59766,30235,146540,117009,90001,1
22162,48931,15399,71093,37561,64330,0
42083,6643,83629,48726,125712,90272,0
27783,67911,88260,95694,116043,156171,1
78352,18037,29988,96389,108340,48025,0
72341,49427,41493,121768,113834,90920,1
98269,20256,94727,118525,192996,114983,1
28857,96054,86501,124911,115358,182555,1
23028,80266,22057,103294,45085,102323,0
20787,65159,20584,85946,41371,85743,0
27698,37719,95205,65417,122903,132924,0
97988,49693,70478,147681,168466,120171,1
37130,83189,49984,120319,87114,133173,1
15809,63763,4865,79572,20674,68628,0
80889,79266,70158,160155,151047,149424,1
48315,21701,71909,70016,120224,93610,0
34102,52557,66112,86659,100214,118669,1
59520,75908,75989,135428,135509,151897,1
85101,49821,60159,134922,145260,109980,1
31369,49001,69275,80370,100644,118276,1
21990,62993,63426,84983,85416,126419,1
12905,44481,5711,57386,18616,50192,0
7112,42319,71405,49431,78517,113724,0
50080,21892,55296,71972,105376,77188,1
62287,47296,90710,109583,152997,138006,1
69283,97889,89463,167172,158746,187352,1
55301,69156,50673,124457,105974,119829,1
30570,77527,7280,108097,37850,84807,0
54331,2882,12891,57213,67222,15773,0
3624,82361,83554,85985,87178,165915,1
64661,21002,8328,85663,72989,29330,0
67351,78732,55527,146083,122878,134259,1
10656,70596,83720,81252,94376,154316,0
83662,18737,56806,102399,140468,75543,0
30836,95355,15101,126191,45937,110456,0
66698,50603,10427,117301,77125,61030,0
12543,91897,15927,104440,28470,107824,0
21859,69365,90443,91224,112302,159808,1
67381,73484,46159,140865,113540,119643,1
22042,38967,33146,61009,55188,72113,1
2234,32418,80688,34652,82922,113106,0
78977,55718,94079,134695,173056,149797,1
83990,5798,20919,89788,104909,26717,0
59153,23475,99142,82628,158295,122617,0
98623,14639,26723,113262,125346,41362,0
90065,78211,88127,168276,178192,166338,1
62108,48163,13253,110271,75361,61416,0
55810,38778,99681,94588,155491,138459,0
23980,27312,30803,51292,54783,58115,1
52382,69786,43667,122168,96049,113453,1
12583,30514,10671,43097,23254,41185,0
42538,58637,64926,101175,107464,123563,1
65376,15147,71098,80523,136474,86245,1
36,38559,34400,38595,34436,72959,0
44120,1435,93251,45555,137371,94686,0
56797,6320,42080,63117,98877,48400,0
36953,40522,96999,77475,133952,137521,0
11397,70678,77944,82075,89341,148622,1
74409,96107,7805,170516,82214,103912,0
53274,21783,24953,75057,78227,46736,0
95214,86995,41468,182209,136682,128463,1
36196,5668,93675,41864,129871,99343,0
41402,38890,1496,80292,42898,40386,0
42986,24862,72311,67848,115297,97173,0
42608,76687,74792,119295,117400,151479,1
81552,52211,6198,133763,87750,58409,0
1438,72608,219,74046,1657,72827,0
35024,87216,65949,122240,100973,153165,1
2327,10677,16153,13004,18480,26830,0
41543,87126,76770,128669,118313,163896,1
98347,11889,17658,110236,116005,29547,0
63701,77750,29345,141451,93046,107095,1
2768,63588,41323,66356,44091,104911,0
85703,4304,60539,90007,146242,64843,0
26041,30408,26166,56449,52207,56574,1
14881,43127,47799,58008,62680,90926,1
27964,70940,2970,98904,30934,73910,0
31139,95637,56840,126776,87979,152477,0
98061,69881,76275,167942,174336,146156,1
33909,96945,76033,130854,109942,172978,1
89072,56377,8359,145449,97431,64736,0
38107,10480,39234,48587,77341,49714,1
51804,927,69619,52731,121423,70546,0
61118,21669,57670,82787,118788,79339,1
6411,57438,89147,63849,95558,146585,0
5540,56443,92254,61983,97794,148697,0
68042,40098,32593,108140,100635,72691,1
59081,18904,75975,77985,135056,94879,1
63843,53652,50335,117495,114178,103987,1
3660,36128,32532,39788,36192,68660,1
92274,53277,19421,145551,111695,72698,0
74122,61004,35593,135126,109715,96597,1
22214,17403,78011,39617,100225,95414,0
47207,45842,29941,93049,77148,75783,1
10856,53569,46484,64425,57340,100053,1
36647,80528,42620,117175,79267,123148,0
54551,37246,4036,91797,58587,41282,0
58405,97620,32131,156025,90536,129751,0
64581,47857,243,112438,64824,48100,0
23893,71968,99464,95861,123357,171432,0
43995,31886,62359,75881,106354,94245,1
771,99106,17657,99877,18428,116763,0
80185,86614,82412,166799,162597,169026,1
85208,40589,85789,125797,170997,126378,1
23966,69566,47249,93532,71215,116815,1
62828,64317,25927,127145,88755,90244,1
13888,66028,78935,79916,92823,144963,1
58526,80150,32442,138676,90968,112592,1
93786,52484,55974,146270,149760,108458,1
31067,86798,49790,117865,80857,136588,0
78326,48269,47626,126595,125952,95895,1
12399,23604,99037,36003,111436,122641,0
85379,48352,96991,133731,182370,145343,1
21684,87815,60306,109499,81990,148121,0
67918,70864,5330,138782,73248,76194,1
9199,53470,24695,62669,33894,78165,0
50494,9186,48637,59680,99131,57823,1
59824,53112,97797,112936,157621,150909,1
52776,62923,36460,115699,89236,99383,1
5056,49632,13048,54688,18104,62680,0
43897,98275,3821,142172,47718,102096,0
59134,41621,83053,100755,142187,124674,1
78025,73606,39569,151631,117594,113175,1
8092,99839,23708,107931,31800,123547,0
604,89877,19319,90481,19923,109196,0
34641,80855,22569,115496,57210,103424,0
83642,25901,76491,109543,160133,102392,1
12373,89229,40070,101602,52443,129299,0
49218,41136,15178,90354,64396,56314,1
86536,27791,93557,114327,180093,121348,1
78547,31039,59395,109586,137942,90434,1
99782,55587,63464,155369,163246,119051,1
23722,62959,64511,86681,88233,127470,1
82900,56379,33226,139279,116126,89605,1
31520,69795,3067,101315,34587,72862,0
54747,83508,79361,138255,134108,162869,1
80627,99376,68765,180003,149392,168141,1
67720,41716,28205,109436,95925,69921,1
77897,82715,83325,160612,161222,166040,1
93572,10000,84708,103572,178280,94708,1
12455,96504,24500,108959,36955,121004,0
38953,32807,11312,71760,50265,44119,1
14076,10388,52519,24464,66595,62907,0
28595,1997,43087,30592,71682,45084,0
4166,91718,85747,95884,89913,177465,0
85924,69595,62263,155519,148187,131858,1
69235,87576,56218,156811,125453,143794,1
17351,31296,87416,48647,104767,118712,0
41726,1379,54951,43105,96677,56330,0
12254,76788,21892,89042,34146,98680,0
97558,51984,48406,149542,145964,100390,1
73374,62628,941,136002,74315,63569,0
20289,47423,7477,67712,27766,54900,0
48954,89848,74056,138802,123010,163904,1
98964,60766,56905,159730,155869,117671,1
26250,10717,45735,36967,71985,56452,0
1168,14251,95665,15419,96833,109916,0
64031,46645,2916,110676,66947,49561,0
72619,42379,64211,114998,136830,106590,1
21815,31619,77477,53434,99292,109096,0
48132,58174,3418,106306,51550,61592,0
74283,53316,99571,127599,173854,152887,1
20342,11789,86407,32131,106749,98196,0
84044,36695,60563,120739,144607,97258,1
41484,15598,88025,57082,129509,103623,0
15127,30366,9820,45493,24947,40186,0
65883,8193,76231,74076,142114,84424,0
37733,33036,17271,70769,55004,50307,1
70765,93495,85271,164260,156036,178766,1
19755,28800,16359,48555,36114,45159,1
25138,40276,82605,65414,107743,122881,0
45232,3697,50208,48929,95440,53905,0
99361,76415,8013,175776,107374,84428,0
33710,62864,42282,96574,75992,105146,1
92074,31382,72898,123456,164972,104280,1
12591,65100,28809,77691,41400,93909,0
77567,36774,67927,114341,145494,104701,1
15038,77852,21965,92890,37003,99817,0
99770,58271,18369,158041,118139,76640,0
38949,9296,25944,48245,64893,35240,0
37879,94313,69979,132192,107858,164292,1
26624,99827,18182,126451,44806,118009,0
54942,94086,47575,149028,102517,141661,1
75858,99947,19602,175805,95460,119549,0
21251,84040,88469,105291,109720,172509,1
63189,30989,75950,94178,139139,106939,1
44407,98929,27230,143336,71637,126159,0
93637,97757,76228,191394,169865,173985,1
69813,95242,16727,165055,86540,111969,0
24305,15994,88463,40299,112768,104457,0
97131,44145,83691,141276,180822,127836,1
94879,36725,1782,131604,96661,38507,0
43435,76040,32869,119475,76304,108909,1
29959,61136,84065,91095,114024,145201,1
88756,65216,57271,153972,146027,122487,1
68742,76604,307,145346,69049,76911,0
13568,24338,1677,37906,15245,26015,0
90649,96576,74600,187225,165249,171176,1
60243,71965,95696,132208,155939,167661,1
41781,77744,73898,119525,115679,151642,1
49023,88538,31964,137561,80987,120502,0
73436,40321,48568,113757,122004,88889,1
74769,60660,87921,135429,162690,148581,1
77180,71975,98302,149155,175482,170277,1
39948,44364,50539,84312,90487,94903,1
3673,51588,1562,55261,5235,53150,0
32748,14479,62241,47227,94989,76720,0
21437,56365,17318,77802,38755,73683,0
35603,89516,33740,125119,69343,123256,0
95333,77813,4412,173146,99745,82225,0
174,3931,98349,4105,98523,102280,0
69118,55791,33723,124909,102841,89514,1
18805,34668,40454,53473,59259,75122,1
52039,32373,80664,84412,132703,113037,1
65398,7196,33697,72594,99095,40893,0
4017,89646,6116,93663,10133,95762,0
45052,16486,39405,61538,84457,55891,1
64077,23210,65247,87287,129324,88457,1
17823,81023,73955,98846,91778,154978,1
41686,81181,96766,122867,138452,177947,1
69655,50076,30687,119731,100342,80763,1
43140,54784,41639,97924,84779,96423,1
23922,67992,81241,91914,105163,149233,1
11298,4263,1506,15561,12804,5769,0
47799,18936,43689,66735,91488,62625,1
11771,67107,32792,78878,44563,99899,0
79103,13247,64643,92350,143746,77890,0
26381,83111,93235,109492,119616,176346,1
93155,24289,52960,117444,146115,77249,0
75322,89861,60404,165183,135726,150265,1
18702,23940,86609,42642,105311,110549,0
87792,4860,7262,92652,95054,12122,0
23070,17603,95503,40673,118573,113106,0
76291,23886,4081,100177,80372,27967,0
74207,40497,1995,114704,76202,42492,0
18435,35625,66356,54060,84791,101981,0
41384,57417,728,98801,42112,58145,0
32130,73294,85674,105424,117804,158968,1
63605,25680,40840,89285,104445,66520,1
47201,3026,66438,50227,113639,69464,0
49788,18243,39928,68031,89716,58171,1
31233,57173,53624,88406,84857,110797,1
93152,55565,76167,148717,169319,131732,1
99697,14632,62370,114329,162067,77002,0
83371,92845,69266,176216,152637,162111,1
95650,23325,14944,118975,110594,38269,0
64182,54354,52349,118536,116531,106703,1
49585,95046,30082,144631,79667,125128,0
63711,92368,64709,156079,128420,157077,1
21925,58548,94879,80473,116804,153427,0
85582,88624,13804,174206,99386,102428,1
30009,1013,60372,31022,90381,61385,0
4235,11289,84038,15524,88273,95327,0
36437,30275,83301,66712,119738,113576,0
74865,44903,62872,119768,137737,107775,1
56600,17186,43608,73786,100208,60794,1
2263,77541,67498,79804,69761,145039,0
9532,17875,92236,27407,101768,110111,0
97404,47025,26157,144429,123561,73182,0
72596,56709,71963,129305,144559,128672,1
60446,83650,24059,144096,84505,107709,1
34153,91063,65626,125216,99779,156689,1
47452,7887,30567,55339,78019,38454,0
97677,52638,34305,150315,131982,86943,0
13971,16055,10929,30026,24900,26984,1
95280,11802,13832,107082,109112,25634,0
26805,11717,78064,38522,104869,89781,0
11192,89108,55219,100300,66411,144327,0
41857,67245,86818,109102,128675,154063,1
58836,81508,54183,140344,113019,135691,1
87382,59793,52758,147175,140140,112551,1
12860,38922,83870,51782,96730,122792,0
74418,12589,92226,87007,166644,104815,0
19200,96436,57351,115636,76551,153787,0
65216,92016,45929,157232,111145,137945,1
2421,47875,89789,50296,92210,137664,0
55614,54280,89801,109894,145415,144081,1
91700,2195,39466,93895,131166,41661,0
58062,59917,9333,117979,67395,69250,1
51776,79466,38320,131242,90096,117786,1
96200,77204,20430,173404,116630,97634,1
41250,71934,91004,113184,132254,162938,1
66306,95058,28394,161364,94700,123452,0
20306,42181,30961,62487,51267,73142,1
54655,66095,33560,120750,88215,99655,1
39569,69583,14800,109152,54369,84383,0
31933,35493,82411,67426,114344,117904,0
76213,99529,4538,175742,80751,104067,0
7129,54455,44452,61584,51581,98907,0
12212,43404,79657,55616,91869,123061,0
26133,18152,21336,44285,47469,39488,1
47180,88050,42682,135230,89862,130732,1
69122,5451,4540,74573,73662,9991,0
50113,73780,17049,123893,67162,90829,0
60074,7753,60474,67827,120548,68227,1
78772,39313,49064,118085,127836,88377,1
98761,9719,62155,108480,160916,71874,0
13083,13797,32554,26880,45637,46351,0
12313,40633,33987,52946,46300,74620,1
43898,52807,47801,96705,91699,100608,1
88871,61062,60637,149933,149508,121699,1
15733,48553,25969,64286,41702,74522,0
80782,93563,48398,174345,129180,141961,1
83082,19960,57083,103042,140165,77043,0
21783,1490,2473,23273,24256,3963,0
64004,33842,1962,97846,65966,35804,0
64369,74080,63402,138449,127771,137482,1
25523,37336,97345,62859,122868,134681,0
36784,93496,29542,130280,66326,123038,0
92638,59185,71155,151823,163793,130340,1
36355,7895,73613,44250,109968,81508,0
64355,18048,59997,82403,124352,78045,1
9738,54915,68059,64653,77797,122974,0
21713,36666,7610,58379,29323,44276,0
36404,93550,30347,129954,66751,123897,0
44765,21429,55386,66194,100151,76815,1
43298,643,31388,43941,74686,32031,0
26486,14791,55938,41277,82424,70729,0
34991,72148,32309,107139,67300,104457,0
85280,76099,48011,161379,133291,124110,1
49753,48599,50804,98352,100557,99403,1
11046,85744,35372,96790,46418,121116,0
38095,55534,58363,93629,96458,113897,1
26021,5777,70361,31798,96382,76138,0
98649,98638,59781,197287,158430,158419,1
55199,46513,24897,101712,80096,71410,1
17910,26651,40473,44561,58383,67124,1
38934,95814,15823,134748,54757,111637,0
80076,58006,54630,138082,134706,112636,1
77779,96502,7271,174281,85050,103773,0
22004,30179,45736,52183,67740,75915,1
73477,26987,21727,100464,95204,48714,0
88896,15778,25051,104674,113947,40829,0
55437,16479,158,71916,55595,16637,0
33987,71050,19911,105037,53898,90961,0
90429,18839,80523,109268,170952,99362,1
48467,21308,3668,69775,52135,24976,0
1197,38,61983,1235,63180,62021,0
7992,14451,81799,22443,89791,96250,0
22790,96546,15443,119336,38233,111989,0
51436,81242,59854,132678,111290,141096,1
52983,68584,18252,121567,71235,86836,1
57015,78750,13495,135765,70510,92245,0
12113,66505,71314,78618,83427,137819,1
64837,12286,37790,77123,102627,50076,0
17032,40590,58793,57622,75825,99383,0
94339,71985,69051,166324,163390,141036,1
94676,67651,91142,162327,185818,158793,1
42949,12698,52919,55647,95868,65617,1
50254,74428,45898,124682,96152,120326,1
25070,15955,35683,41025,60753,51638,1
50708,85897,74936,136605,125644,160833,1
93919,40781,43410,134700,137329,84191,0
18072,18603,34982,36675,53054,53585,1
55562,39350,81458,94912,137020,120808,1
93807,15116,11476,108923,105283,26592,0
51522,61992,2707,113514,54229,64699,0
28786,13002,15278,41788,44064,28280,0
83978,45362,5898,129340,89876,51260,0
6753,33781,89027,40534,95780,122808,0
37536,77503,58792,115039,96328,136295,1
58978,83279,4316,142257,63294,87595,0
78109,8863,26794,86972,104903,35657,0
37033,8576,23768,45609,60801,32344,0
87458,23852,26462,111310,113920,50314,0
42108,64048,89119,106156,131227,153167,1
69173,47239,64058,116412,133231,111297,1
80157,3169,42740,83326,122897,45909,0
95292,86077,2329,181369,97621,88406,0
6779,39363,52885,46142,59664,92248,0
70305,70481,77117,140786,147422,147598,1
52609,5121,5102,57730,57711,10223,0
8092,2888,47218,10980,55310,50106,0
26799,69789,59442,96588,86241,129231,1
70407,12016,66373,82423,136780,78389,1
62818,60279,61769,123097,124587,122048,1
26547,94587,16488,121134,43035,111075,0
17223,17867,18093,35090,35316,35960,1
71023,92892,85479,163915,156502,178371,1
70769,49485,75338,120254,146107,124823,1
16790,83541,51386,100331,68176,134927,0
49038,6016,16461,55054,65499,22477,0
56145,39387,5866,95532,62011,45253,0
80640,9344,3373,89984,84013,12717,0
79238,1250,83261,80488,162499,84511,0
16667,63959,27911,80626,44578,91870,0
7220,1453,56919,8673,64139,58372,0
3266,21631,16246,24897,19512,37877,0
39978,38950,93149,78928,133127,132099,0
14388,96721,84537,111109,98925,181258,1
86537,37503,18208,124040,104745,55711,0
94005,43064,87607,137069,181612,130671,1
91879,13907,23376,105786,115255,37283,0
44076,44530,31779,88606,75855,76309,1
52522,34971,77238,87493,129760,112209,1
42257,16550,4500,58807,46757,21050,0
52058,99849,25579,151907,77637,125428,0
54730,58697,84823,113427,139553,143520,1
95426,50858,9920,146284,105346,60778,0
79422,97110,43899,176532,123321,141009,1
87992,95289,45402,183281,133394,140691,1
66529,54330,80780,120859,147309,135110,1
99410,81655,51892,181065,151302,133547,1
38895,12647,53953,51542,92848,66600,0
84056,33461,65806,117517,149862,99267,1
55017,68350,73857,123367,128874,142207,1
49188,53682,59950,102870,109138,113632,1
64271,95465,96006,159736,160277,191471,1
48314,5539,95411,53853,143725,100950,0
72530,72960,31168,145490,103698,104128,1
27847,12254,10704,40101,38551,22958,0
93845,65873,44697,159718,138542,110570,1
52680,38858,79029,91538,131709,117887,1
42986,2824,22417,45810,65403,25241,0
23003,54791,57110,77794,80113,111901,1
23897,61381,75612,85278,99509,136993,1
33883,52568,92571,86451,126454,145139,0
14943,49769,64359,64712,79302,114128,1
61024,57642,17502,118666,78526,75144,1
63549,66099,4460,129648,68009,70559,1
31167,93435,58038,124602,89205,151473,0
43455,16566,12651,60021,56106,29217,0
25850,76238,46422,102088,72272,122660,0
71994,43663,37130,115657,109124,80793,1
75632,24181,97391,99813,173023,121572,1
56467,26552,88331,83019,144798,114883,0
54955,70188,27569,125143,82524,97757,1
37351,25275,45136,62626,82487,70411,1
3488,74850,88772,78338,92260,163622,0
25916,44532,61918,70448,87834,106450,1
46591,60258,69479,106849,116070,129737,1
85881,10429,21243,96310,107124,31672,0
15014,84687,14887,99701,29901,99574,0
71473,7435,39686,78908,111159,47121,0
13358,2395,54151,15753,67509,56546,0
6124,78345,88269,84469,94393,166614,0
91362,60683,12948,152045,104310,73631,0
76574,26164,97246,102738,173820,123410,1
72732,94543,6971,167275,79703,101514,0
65574,98883,50092,164457,115666,148975,1
83650,64163,71148,147813,154798,135311,1
49956,86583,72375,136539,122331,158958,1
29606,5092,51767,34698,81373,56859,0
44199,21871,65790,66070,109989,87661,1
53031,3467,2623,56498,55654,6090,0
89633,62200,1722,151833,91355,63922,0
23219,39250,17464,62469,40683,56714,1
37380,62841,29484,100221,66864,92325,1
43706,91350,48428,135056,92134,139778,1
67224,77066,60747,144290,127971,137813,1
9834,83106,49484,92940,59318,132590,0
88291,19276,32475,107567,120766,51751,0
64639,10976,28462,75615,93101,39438,0
86471,13104,28322,99575,114793,41426,0
3046,5061,30879,8107,33925,35940,0
26898,18138,6248,45036,33146,24386,0
80259,91701,81476,171960,161735,173177,1
39772,71055,52915,110827,92687,123970,1
28706,68475,92508,97181,121214,160983,1
71310,36246,77666,107556,148976,113912,1
10255,44527,80826,54782,91081,125353,0
57719,14018,43281,71737,101000,57299,0
31128,15154,56867,46282,87995,72021,0
96368,59720,37025,156088,133393,96745,1
44647,98105,46449,142752,91096,144554,0
80915,42669,91037,123584,171952,133706,1
32345,6628,18263,38973,50608,24891,0
77996,63015,23686,141011,101682,86701,1
93627,7267,50484,100894,144111,57751,0
33622,38422,47307,72044,80929,85729,1
22222,53628,81380,75850,103602,135008,0
61367,14276,80848,75643,142215,95124,0
59270,45281,94013,104551,153283,139294,1
98405,69436,22446,167841,120851,91882,0
17345,82334,57842,99679,75187,140176,0
19249,54440,59942,73689,79191,114382,1
66601,65428,22113,132029,88714,87541,1
66865,69310,86344,136175,153209,155654,1
60802,62893,73815,123695,134617,136708,1
70728,69837,77320,140565,148048,147157,1
43296,31009,14770,74305,58066,45779,1
20915,29689,26219,50604,47134,55908,1
42477,82995,86349,125472,128826,169344,1
78509,35734,20964,114243,99473,56698,0
9482,3205,12355,12687,21837,15560,1
28056,46944,42220,75000,70276,89164,1
14045,21907,1543,35952,15588,23450,0
33158,97744,55237,130902,88395,152981,0
3593,33975,49431,37568,53024,83406,0
66111,70941,25840,137052,91951,96781,1
7822,38126,90429,45948,98251,128555,0
35324,97887,45688,133211,81012,143575,0
96410,42312,30256,138722,126666,72568,0
26161,24160,24917,50321,51078,49077,1
75074,88819,36382,163893,111456,125201,1
71985,17587,41396,89572,113381,58983,0
22396,69630,75181,92026,97577,144811,1
3962,17729,87652,21691,91614,105381,0
38300,32539,24923,70839,63223,57462,1
71234,61000,3089,132234,74323,64089,0
68045,80433,46794,148478,114839,127227,1
77166,75895,82219,153061,159385,158114,1
34190,93290,13146,127480,47336,106436,0
69781,73778,75620,143559,145401,149398,1
95379,56208,17249,151587,112628,73457,0
90037,5340,75780,95377,165817,81120,0
26663,36372,85601,63035,112264,121973,0
70946,74280,77777,145226,148723,152057,1
99626,14863,94847,114489,194473,109710,1
94868,73605,85185,168473,180053,158790,1
90697,76084,80505,166781,171202,156589,1
90755,80449,81834,171204,172589,162283,1
83921,46489,72621,130410,156542,119110,1
42993,10123,16064,53116,59057,26187,0
45987,58231,27260,104218,73247,85491,1
37181,77766,87839,114947,125020,165605,1
10806,31784,5082,42590,15888,36866,0
69090,74216,88466,143306,157556,162682,1
38991,66917,70612,105908,109603,137529,1
15826,29635,82949,45461,98775,112584,0
43711,84429,26490,128140,70201,110919,0
27575,18545,64876,46120,92451,83421,0
76212,33221,54376,109433,130588,87597,1
14598,43257,30085,57855,44683,73342,1
27341,14836,93741,42177,121082,108577,0
74311,93865,87828,168176,162139,181693,1
73773,91389,72154,165162,145927,163543,1
43457,8792,86931,52249,130388,95723,0
2857,85821,72753,88678,75610,158574,0
74955,31589,8984,106544,83939,40573,0
95581,23849,26055,119430,121636,49904,0
20056,31422,33000,51478,53056,64422,1
39751,19660,21850,59411,61601,41510,1
16950,12836,16921,29786,33871,29757,1
60912,52947,1652,113859,62564,54599,0
53416,13598,81184,67014,134600,94782,0
78305,65940,91023,144245,169328,156963,1
43916,67939,12468,111855,56384,80407,0
97562,62009,20497,159571,118059,82506,0
5261,79689,89073,84950,94334,168762,0
39639,13626,78792,53265,118431,92418,0
26933,94795,18929,121728,45862,113724,0
74745,4081,56587,78826,131332,60668,0
66953,48583,37012,115536,103965,85595,1
73783,70005,98559,143788,172342,168564,1
2979,17594,16041,20573,19020,33635,1
75467,56731,46169,132198,121636,102900,1
58697,65522,90784,124219,149481,156306,1
79479,27273,38367,106752,117846,65640,0
67072,56717,44474,123789,111546,101191,1
50301,78366,97488,128667,147789,175854,1
27622,25672,73909,53294,101531,99581,0
37497,5371,83046,42868,120543,88417,0
90019,83487,66454,173506,156473,149941,1
22138,63880,83119,86018,105257,146999,1
46854,59659,46799,106513,93653,106458,1
90159,18770,65151,108929,155310,83921,0
32041,6313,71868,38354,103909,78181,0
23055,76455,41472,99510,64527,117927,0
54300,60612,27708,114912,82008,88320,1
31911,75336,9124,107247,41035,84460,0
24420,38804,97233,63224,121653,136037,0
96478,59243,18258,155721,114736,77501,0
22780,72455,20990,95235,43770,93445,0
85053,54710,58559,139763,143612,113269,1
60000,30302,38754,90302,98754,69056,1
74680,73837,96430,148517,171110,170267,1
63958,2488,4183,66446,68141,6671,0
50289,252,86778,50541,137067,87030,0
55952,24045,72804,79997,128756,96849,1
9302,21512,67843,30814,77145,89355,0
54422,93233,3346,147655,57768,96579,0
16204,85673,50549,101877,66753,136222,0
67273,97666,2284,164939,69557,99950,0
49317,56420,23089,105737,72406,79509,1
11117,65142,88351,76259,99468,153493,0
69900,94951,23410,164851,93310,118361,0
77337,19044,77088,96381,154425,96132,1
43974,95478,77942,139452,121916,173420,1
81970,72108,51200,154078,133170,123308,1
17557,32618,54946,50175,72503,87564,0
93478,40103,84897,133581,178375,125000,1
53131,74235,47972,127366,101103,122207,1
82520,48903,42303,131423,124823,91206,1
21354,11551,33722,32905,55076,45273,0
29535,38488,39809,68023,69344,78297,1
50414,62958,83139,113372,133553,146097,1
59913,78454,28686,138367,88599,107140,1
32489,81971,5172,114460,37661,87143,0
87240,84760,35368,172000,122608,120128,1
50920,62030,78092,112950,129012,140122,1
80417,4438,51716,84855,132133,56154,0
67658,86201,95168,153859,162826,181369,1
94752,27323,33321,122075,128073,60644,0
18988,74919,34990,93907,53978,109909,0
61395,96126,74760,157521,136155,170886,1
70059,10067,73813,80126,143872,83880,1
2027,49914,48439,51941,50466,98353,1
78910,58647,31256,137557,110166,89903,1
21076,68016,52706,89092,73782,120722,1
42460,2934,66972,45394,109432,69906,0
62232,31179,30496,93411,92728,61675,0
56101,35310,16929,91411,73030,52239,0
52074,62391,2204,114465,54278,64595,0
95792,64043,20605,159835,116397,84648,0
32906,51822,6375,84728,39281,58197,0
40022,34338,87101,74360,127123,121439,0
89934,32995,72278,122929,162212,105273,1
69412,83813,34401,153225,103813,118214,1
2380,26094,96633,28474,99013,122727,0
67760,47582,34349,115342,102109,81931,1
30565,65417,44447,95982,75012,109864,1
83126,88608,70444,171734,153570,159052,1
90956,49905,29853,140861,120809,79758,0
17020,14512,63551,31532,80571,78063,0
9851,83399,93530,93250,103381,176929,0
83803,75509,96196,159312,179999,171705,1
73674,30447,81797,104121,155471,112244,1
5133,76487,98613,81620,103746,175100,0
63615,59873,12889,123488,76504,72762,1
70343,8375,14101,78718,84444,22476,0
84170,16387,58339,100557,142509,74726,0
60877,72762,27787,133639,88664,100549,1
56464,32422,10823,88886,67287,43245,0
29933,32084,15376,62017,45309,47460,1
25356,55831,78223,81187,103579,134054,1
32331,87757,35358,120088,67689,123115,0
99337,97296,13549,196633,112886,110845,1
27153,76421,52976,103574,80129,129397,1
29038,36515,91294,65553,120332,127809,0
12417,88708,28139,101125,40556,116847,0
91591,57285,16447,148876,108038,73732,0
63861,35620,88918,99481,152779,124538,1
814,21413,61574,22227,62388,82987,0
42479,43849,69189,86328,111668,113038,1
1455,51658,89135,53113,90590,140793,0
40138,13106,68080,53244,108218,81186,0
7045,41214,59688,48259,66733,100902,0
33869,80318,12905,114187,46774,93223,0
13948,1492,27178,15440,41126,28670,0
58222,5847,16551,64069,74773,22398,0
47492,70484,83245,117976,130737,153729,1
54742,61116,59219,115858,113961,120335,1
22691,83466,7132,106157,29823,90598,0
20768,81168,83974,101936,104742,165142,1
417,12307,84855,12724,85272,97162,0
23410,91396,53218,114806,76628,144614,0
24572,95246,32172,119818,56744,127418,0
16467,15955,77159,32422,93626,93114,0
57913,61142,9197,119055,67110,70339,1
76437,60706,21001,137143,97438,81707,1
491,8091,69619,8582,70110,77710,0
28825,12858,73329,41683,102154,86187,0
49572,82736,61051,132308,110623,143787,1
29099,29134,10349,58233,39448,39483,1
75452,96520,54012,171972,129464,150532,1
60228,29117,51360,89345,111588,80477,1
72363,31402,75911,103765,148274,107313,1
72890,94882,96175,167772,169065,191057,1
61794,31182,42561,92976,104355,73743,1
93717,86910,21763,180627,115480,108673,1
82816,40456,5944,123272,88760,46400,0
61256,95020,56064,156276,117320,151084,1
85059,76588,31881,161647,116940,108469,1
30514,58446,5019,88960,35533,63465,0
12863,39310,780,52173,13643,40090,0
29641,78881,38239,108522,67880,117120,0
23833,2658,9008,26491,32841,11666,0
90311,97643,90926,187954,181237,188569,1
54214,79075,21682,133289,75896,100757,0
67704,61558,86316,129262,154020,147874,1
65644,14410,42057,80054,107701,56467,0
61759,32264,596,94023,62355,32860,0
85445,22885,15998,108330,101443,38883,0
20140,91225,32609,111365,52749,123834,0
6206,83670,68678,89876,74884,152348,0
16048,81268,98271,97316,114319,179539,0
99192,36298,36826,135490,136018,73124,0
39307,63824,74220,103131,113527,138044,1
36979,86705,52941,123684,89920,139646,1
33719,40402,2078,74121,35797,42480,0
14059,9306,25297,23365,39356,34603,0
45595,66862,60560,112457,106155,127422,1
37785,7053,52157,44838,89942,59210,0
52817,43733,96164,96550,148981,139897,1
54913,93145,84480,148058,139393,177625,1
26072,48832,97715,74904,123787,146547,0
21054,53145,31100,74199,52154,84245,0
76186,28139,15928,104325,92114,44067,0
80504,75183,37405,155687,117909,112588,1
4767,34443,30471,39210,35238,64914,1
40837,47485,21507,88322,62344,68992,1
76308,21913,87325,98221,163633,109238,1
71817,21905,56386,93722,128203,78291,1
904,65499,65820,66403,66724,131319,1
38538,13250,48493,51788,87031,61743,1
80101,97342,93003,177443,173104,190345,1
42213,4373,40391,46586,82604,44764,1
75626,18383,422,94009,76048,18805,0
75010,46989,71013,121999,146023,118002,1
69907,59896,27238,129803,97145,87134,1
98296,87721,19131,186017,117427,106852,1
77772,46031,91536,123803,169308,137567,1
71459,76894,77672,148353,149131,154566,1
54710,11962,70767,66672,125477,82729,0
95837,26986,23315,122823,119152,50301,0
32303,22032,74494,54335,106797,96526,0
15725,99391,42349,115116,58074,141740,0
82255,58933,77614,141188,159869,136547,1
60122,83224,53314,143346,113436,136538,1
16807,74111,12979,90918,29786,87090,0
80850,69507,41676,150357,122526,111183,1
14537,72823,98794,87360,113331,171617,0
16534,30667,47802,47201,64336,78469,0
13127,36139,84288,49266,97415,120427,0
11880,47465,7953,59345,19833,55418,0
13956,62828,66714,76784,80670,129542,1
76436,57408,91790,133844,168226,149198,1
35909,71512,91266,107421,127175,162778,1
24146,62147,44850,86293,68996,106997,1
13864,9550,53286,23414,67150,62836,0
49669,37397,88999,87066,138668,126396,0
50288,5368,44757,55656,95045,50125,0
19132,6446,23078,25578,42210,29524,1
63576,22240,30108,85816,93684,52348,0
25882,38444,83327,64326,109209,121771,0
26052,28680,4915,54732,30967,33595,1
57968,8309,42032,66277,100000,50341,0
93462,96692,92502,190154,185964,189194,1
70114,75476,66678,145590,136792,142154,1
88642,45015,49259,133657,137901,94274,1
78283,25860,21829,104143,100112,47689,0
11651,78639,95136,90290,106787,173775,0
78904,5253,73372,84157,152276,78625,0
65685,92084,77818,157769,143503,169902,1
39514,48811,61120,88325,100634,109931,1
29188,9416,65069,38604,94257,74485,0
26166,46282,99369,72448,125535,145651,0
15351,40186,87994,55537,103345,128180,0
26841,74206,22819,101047,49660,97025,0
84676,246,99987,84922,184663,100233,0
72689,28066,64454,100755,137143,92520,1
65082,69999,9290,135081,74372,79289,1
88428,74427,41911,162855,130339,116338,1
71246,95439,14794,166685,86040,110233,0
2341,4045,85773,6386,88114,89818,0
93354,82276,93365,175630,186719,175641,1
81419,11636,72105,93055,153524,83741,1
30105,58742,2884,88847,32989,61626,0
99523,76982,50694,176505,150217,127676,1
32199,39965,18939,72164,51138,58904,1
81229,50804,59460,132033,140689,110264,1
59776,45862,6723,105638,66499,52585,0
46816,97844,32549,144660,79365,130393,0
4013,77994,31081,82007,35094,109075,0
46871,68155,56512,115026,103383,124667,1
23723,63612,68590,87335,92313,132202,1
20115,22472,68287,42587,88402,90759,0
95630,43018,36566,138648,132196,79584,0
17852,25765,70699,43617,88551,96464,0
66681,3450,22979,70131,89660,26429,0
62783,48301,59932,111084,122715,108233,1
83481,91170,27839,174651,111320,119009,1
94203,97525,95920,191728,190123,193445,1
60215,58122,864,118337,61079,58986,0
93755,79679,24999,173434,118754,104678,1
77058,63918,6754,140976,83812,70672,0
67366,18331,94952,85697,162318,113283,0
89756,69437,71156,159193,160912,140593,1
63601,96848,29776,160449,93377,126624,0
37527,14317,87916,51844,125443,102233,0
31466,28843,8076,60309,39542,36919,1
93460,46972,43820,140432,137280,90792,0
13767,37887,32799,51654,46566,70686,1
79771,75273,85477,155044,165248,160750,1
33986,3821,97965,37807,131951,101786,0
26454,66005,5329,92459,31783,71334,0
13300,73091,19501,86391,32801,92592,0
68637,76185,24685,144822,93322,100870,1
89623,25302,45602,114925,135225,70904,0
4216,38335,27455,42551,31671,65790,0
67650,88201,13790,155851,81440,101991,0
6666,63290,87610,69956,94276,150900,0
4954,60352,6313,65306,11267,66665,0
88282,24457,64758,112739,153040,89215,1
54870,60278,75733,115148,130603,136011,1
47051,69569,43060,116620,90111,112629,1
21245,47307,44630,68552,65875,91937,1
68463,58564,58665,127027,127128,117229,1
75405,7098,11237,82503,86642,18335,0
81555,34593,59933,116148,141488,94526,1
26453,4188,99289,30641,125742,103477,0
44659,36423,38383,81082,83042,74806,1
20933,52388,34976,73321,55909,87364,1
9007,66041,23317,75048,32324,89358,0
23732,17641,53843,41373,77575,71484,0
26916,43856,72244,70772,99160,116100,0
74642,11435,49091,86077,123733,60526,0
25538,54527,19573,80065,45111,74100,0
44465,62148,31300,106613,75765,93448,1
65167,34708,90800,99875,155967,125508,1
74073,46573,63699,120646,137772,110272,1
4689,21989,17599,26678,22288,39588,1
71511,70710,32649,142221,104160,103359,1
45101,1487,75917,46588,121018,77404,0
93346,76156,80753,169502,174099,156909,1
84868,52515,57408,137383,142276,109923,1
2496,94711,2708,97207,5204,97419,0
59265,99135,87910,158400,147175,187045,1
22165,94978,34083,117143,56248,129061,0
13540,61770,51061,75310,64601,112831,1
66528,24415,18132,90943,84660,42547,0
84624,99040,11444,183664,96068,110484,0
94027,93627,1971,187654,95998,95598,1
66565,67703,54812,134268,121377,122515,1
82857,61786,60676,144643,143533,122462,1
10307,7664,54255,17971,64562,61919,0
21347,23826,8060,45173,29407,31886,1
85592,97332,53795,182924,139387,151127,1
99621,19587,88962,119208,188583,108549,1
18879,45463,59108,64342,77987,104571,1
76396,51243,67140,127639,143536,118383,1
43879,96871,3687,140750,47566,100558,0
41207,87820,5703,129027,46910,93523,0
74606,28813,12355,103419,86961,41168,0
38602,73900,40475,112502,79077,114375,1
89018,51097,40639,140115,129657,91736,1
65542,9294,42455,74836,107997,51749,0
54796,82787,52977,137583,107773,135764,1
53916,10497,79873,64413,133789,90370,0
12008,42539,645,54547,12653,43184,0
56873,82334,29336,139207,86209,111670,1
83593,80160,47735,163753,131328,127895,1
54952,62711,66411,117663,121363,129122,1
96979,8778,65838,105757,162817,74616,0
5637,340,87424,5977,93061,87764,0
86000,5993,90680,91993,176680,96673,1
7517,8859,24275,16376,31792,33134,0
45035,55097,43885,100132,88920,98982,1
53298,34474,55009,87772,108307,89483,1
21659,84790,80595,106449,102254,165385,1
32774,2176,6935,34950,39709,9111,0
91068,86050,37951,177118,129019,124001,1
23927,91858,95461,115785,119388,187319,1
83712,37452,53754,121164,137466,91206,1
10599,46312,62190,56911,72789,108502,0
21408,88684,47559,110092,68967,136243,0
49639,33093,49482,82732,99121,82575,1
25406,30700,41450,56106,66856,72150,1
81081,79278,48975,160359,130056,128253,1
56594,6785,7432,63379,64026,14217,0
81207,96358,51533,177565,132740,147891,1
82726,81277,46675,164003,129401,127952,1
51251,82932,88870,134183,140121,171802,1
89274,99691,92224,188965,181498,191915,1
68884,42127,74594,111011,143478,116721,1
1651,79500,45245,81151,46896,124745,0
98275,12281,83184,110556,181459,95465,0
27769,78316,91801,106085,119570,170117,1
72600,92405,78755,165005,151355,171160,1
70658,64991,12333,135649,82991,77324,1
29130,86526,17630,115656,46760,104156,0
75747,77162,18684,152909,94431,95846,1
11682,18523,73996,30205,85678,92519,0
57890,48224,24797,106114,82687,73021,1
9889,78634,29267,88523,39156,107901,0
40614,94772,83200,135386,123814,177972,1
44124,52143,605,96267,44729,52748,0
48005,53032,86439,101037,134444,139471,1
2885,74871,51191,77756,54076,126062,0
94201,31427,47480,125628,141681,78907,0
59019,46025,57601,105044,116620,103626,1
34957,83323,32061,118280,67018,115384,0
32800,27711,83927,60511,116727,111638,0
39363,85959,80849,125322,120212,166808,1
62090,3657,70946,65747,133036,74603,0
71779,16970,4088,88749,75867,21058,0
93424,38654,9148,132078,102572,47802,0
82632,79662,84897,162294,167529,164559,1
14275,67787,29938,82062,44213,97725,0
30296,68709,11100,99005,41396,79809,0
27101,51281,25151,78382,52252,76432,1
93987,36557,13166,130544,107153,49723,0
44445,35226,88469,79671,132914,123695,0
81301,80784,31378,162085,112679,112162,1
84022,43664,45768,127686,129790,89432,1
83419,62509,76944,145928,160363,139453,1
82893,69575,89893,152468,172786,159468,1
79094,69908,44171,149002,123265,114079,1
40812,48399,4508,89211,45320,52907,0
86855,18682,6826,105537,93681,25508,0
10539,63490,16170,74029,26709,79660,0
51552,77517,23240,129069,74792,100757,0
13497,26514,15360,40011,28857,41874,1
45115,35772,636,80887,45751,36408,0
68232,81532,17697,149764,85929,99229,1
95664,52206,316,147870,95980,52522,0
40060,80954,92452,121014,132512,173406,1
30626,66016,30646,96642,61272,96662,0
84791,46226,25896,131017,110687,72122,0
63330,65667,37493,128997,100823,103160,1
71331,22946,2988,94277,74319,25934,0
43496,82263,66385,125759,109881,148648,1
55572,67252,86442,122824,142014,153694,1
87186,85341,21599,172527,108785,106940,1
72263,95472,19539,167735,91802,115011,0
43647,34961,11611,78608,55258,46572,1
90459,90866,79753,181325,170212,170619,1
77026,83175,43043,160201,120069,126218,1
83336,71277,38272,154613,121608,109549,1
99233,63979,77850,163212,177083,141829,1
69896,7475,58946,77371,128842,66421,0
37154,97540,70137,134694,107291,167677,1
78204,46649,52876,124853,131080,99525,1
54499,30596,82169,85095,136668,112765,1
5199,37924,67931,43123,73130,105855,0
42820,92912,63572,135732,106392,156484,1
23035,44651,67102,67686,90137,111753,1
91600,77770,65726,169370,157326,143496,1
96813,39772,27852,136585,124665,67624,0
16778,27838,24686,44616,41464,52524,1
14106,53911,67028,68017,81134,120939,1
75701,23083,24550,98784,100251,47633,0
24091,74146,47673,98237,71764,121819,0
21296,84973,72760,106269,94056,157733,1
28790,20042,46414,48832,75204,66456,1
95440,28557,13984,123997,109424,42541,0
31632,57786,9548,89418,41180,67334,0
1052,75885,21254,76937,22306,97139,0
69298,21480,80810,90778,150108,102290,1
17369,29628,82930,46997,100299,112558,0
86678,26563,67410,113241,154088,93973,1
25314,99387,60938,124701,86252,160325,0
60340,33970,28200,94310,88540,62170,1
38088,81,25905,38169,63993,25986,0
84158,62149,79584,146307,163742,141733,1
82745,15946,2738,98691,85483,18684,0
95102,76962,79778,172064,174880,156740,1
24664,96440,59005,121104,83669,155445,0
46418,71030,83559,117448,129977,154589,1
64553,97369,16692,161922,81245,114061,0
84585,87851,86315,172436,170900,174166,1
58161,67307,59031,125468,117192,126338,1
10918,17975,59924,28893,70842,77899,0
52184,74242,88971,126426,141155,163213,1
17783,50944,85455,68727,103238,136399,0
13786,91745,18275,105531,32061,110020,0
91717,84259,37415,175976,129132,121674,1
78265,91382,77708,169647,155973,169090,1
4050,89686,85644,93736,89694,175330,1
59268,6426,8863,65694,68131,15289,0
87989,82788,40735,170777,128724,123523,1
84154,46134,46878,130288,131032,93012,1
53690,90151,25024,143841,78714,115175,0
76172,88253,63286,164425,139458,151539,1
16619,69319,54684,85938,71303,124003,1
96528,19060,27114,115588,123642,46174,0
28700,76008,57843,104708,86543,133851,1
77132,58096,21748,135228,98880,79844,1
56129,54777,78941,110906,135070,133718,1
4383,56099,28319,60482,32702,84418,0
3526,84553,94025,88079,97551,178578,0
16076,61612,12745,77688,28821,74357,0
67561,65954,52820,133515,120381,118774,1
51408,21359,13539,72767,64947,34898,0
49016,90124,60805,139140,109821,150929,1
19470,65041,88119,84511,107589,153160,0
41096,96093,54438,137189,95534,150531,0
33879,1210,4300,35089,38179,5510,0
84232,36854,32865,121086,117097,69719,0
80934,16547,52002,97481,132936,68549,0
84374,9323,95042,93697,179416,104365,0
97935,48319,12972,146254,110907,61291,0
22998,49165,42093,72163,65091,91258,1
135,71467,58842,71602,58977,130309,0
90895,37373,7456,128268,98351,44829,0
1816,73204,15245,75020,17061,88449,0
40212,87029,4375,127241,44587,91404,0
11262,52571,70504,63833,81766,123075,0
13893,44570,96285,58463,110178,140855,0
4921,10001,68196,14922,73117,78197,0
12774,42077,9506,54851,22280,51583,0
45266,39270,4290,84536,49556,43560,0
4985,95578,35766,100563,40751,131344,0
99085,44937,49488,144022,148573,94425,0
43737,66233,7188,109970,50925,73421,0
52268,23273,89418,75541,141686,112691,0
6323,76569,1755,82892,8078,78324,0
53425,75036,20295,128461,73720,95331,0
73942,90718,80117,164660,154059,170835,1
85234,62424,66490,147658,151724,128914,1
98748,8373,54748,107121,153496,63121,0
19872,43697,96154,63569,116026,139851,0
69617,46287,94847,115904,164464,141134,1
8813,27694,52955,36507,61768,80649,0
10440,63018,34261,73458,44701,97279,0
71659,14510,47447,86169,119106,61957,0
26363,45765,34629,72128,60992,80394,1
22322,50338,27884,72660,50206,78222,0
40206,54261,72284,94467,112490,126545,1
64475,48026,91863,112501,156338,139889,1
94154,6068,26957,100222,121111,33025,0
43553,77103,77314,120656,120867,154417,1
23937,47650,21911,71587,45848,69561,0
5152,20765,81964,25917,87116,102729,0
80340,38958,81696,119298,162036,120654,1
34828,5636,29580,40464,64408,35216,1
23027,52923,33146,75950,56173,86069,1
29905,67388,59765,97293,89670,127153,1
52375,45125,54258,97500,106633,99383,1
73657,43558,30066,117215,103723,73624,0
204,22866,3671,23070,3875,26537,0
26591,18061,39494,44652,66085,57555,1
51879,80530,38093,132409,89972,118623,1
15628,92538,18458,108166,34086,110996,0
39466,37976,21416,77442,60882,59392,1
65059,74830,67488,139889,132547,142318,1
74192,68738,43734,142930,117926,112472,1
59217,97166,83810,156383,143027,180976,1
1787,72887,73904,74674,75691,146791,1
92619,56900,46832,149519,139451,103732,1
63993,49647,44689,113640,108682,94336,1
51413,13594,56493,65007,107906,70087,1
80171,50974,71682,131145,151853,122656,1
96353,88495,86445,184848,182798,174940,1
62921,16803,52580,79724,115501,69383,1
97852,27556,49391,125408,147243,76947,0
14206,74919,96537,89125,110743,171456,0
53828,89158,42421,142986,96249,131579,1
94036,95114,15221,189150,109257,110335,1
33912,22205,25794,56117,59706,47999,1
13068,26773,25652,39841,38720,52425,1
81412,36915,39665,118327,121077,76580,0
74512,39960,98268,114472,172780,138228,1
42969,1364,35685,44333,78654,37049,0
25278,32141,24897,57419,50175,57038,1
99821,67319,25772,167140,125593,93091,0
82233,56936,17492,139169,99725,74428,0
30326,9201,93610,39527,123936,102811,0
53075,43789,78637,96864,131712,122426,1
1893,69489,25972,71382,27865,95461,0
29004,49762,44998,78766,74002,94760,1
91715,36855,63825,128570,155540,100680,1
72810,69101,29907,141911,102717,99008,1
69625,59985,75314,129610,144939,135299,1
11161,6336,68363,17497,79524,74699,0
44346,36674,92000,81020,136346,128674,0
29796,51392,56398,81188,86194,107790,1
37634,69281,83164,106915,120798,152445,1
85599,42011,37624,127610,123223,79635,0
10394,5376,48565,15770,58959,53941,0
36445,33255,17719,69700,54164,50974,1
7292,99775,49174,107067,56466,148949,0
19312,25239,15566,44551,34878,40805,1
84528,73749,73666,158277,158194,147415,1
50262,71684,57786,121946,108048,129470,1
45702,78967,83264,124669,128966,162231,1
44855,81940,4898,126795,49753,86838,0
18464,25386,72054,43850,90518,97440,0
7548,22625,78343,30173,85891,100968,0
11370,27253,67697,38623,79067,94950,0
54874,66766,47517,121640,102391,114283,1
48716,11736,67068,60452,115784,78804,0
16611,74679,52070,91290,68681,126749,0
58690,44853,91750,103543,150440,136603,1
91201,23638,25892,114839,117093,49530,0
69787,95603,93544,165390,163331,189147,1
17854,17597,18050,35451,35904,35647,1
95861,20723,74495,116584,170356,95218,0
78741,67568,91334,146309,170075,158902,1
86889,86348,27230,173237,114119,113578,1
71499,92888,43943,164387,115442,136831,1
25990,29405,40416,55395,66406,69821,1
97860,35617,23224,133477,121084,58841,0
50618,48410,13439,99028,64057,61849,1
85177,26685,69250,111862,154427,95935,1
57512,10252,75954,67764,133466,86206,0
74104,36901,4573,111005,78677,41474,0
77320,57290,10017,134610,87337,67307,0
88317,440,67634,88757,155951,68074,0
4115,67922,57046,72037,61161,124968,0
36541,73289,3945,109830,40486,77234,0
37114,43799,85153,80913,122267,128952,0
41987,10918,53054,52905,95041,63972,0
62732,61325,66699,124057,129431,128024,1
43274,20516,49854,63790,93128,70370,1
47116,52772,74223,99888,121339,126995,1
73145,56847,7040,129992,80185,63887,0
47670,10751,27066,58421,74736,37817,0
80304,55404,38808,135708,119112,94212,1
31693,52100,62585,83793,94278,114685,1
18465,10377,32485,28842,50950,42862,0
65817,77790,12800,143607,78617,90590,1
59076,12980,18251,72056,77327,31231,0
18066,91433,24086,109499,42152,115519,0
22909,26286,91312,49195,114221,117598,0
4099,55589,43405,59688,47504,98994,0
29258,46137,57787,75395,87045,103924,1
43508,68856,61436,112364,104944,130292,1
98168,19621,83632,117789,181800,103253,1
30526,19086,13224,49612,43750,32310,1
9078,50564,14746,59642,23824,65310,0
71981,151,63179,72132,135160,63330,0
3237,66499,70597,69736,73834,137096,0
20027,99452,73727,119479,93754,173179,0
88540,63300,79430,151840,167970,142730,1
39758,38785,65455,78543,105213,104240,1
98424,35025,58788,133449,157212,93813,0
79160,51587,33600,130747,112760,85187,1
59122,39838,85249,98960,144371,125087,1
51510,39596,19988,91106,71498,59584,1
29896,85117,82586,115013,112482,167703,1
46127,93846,16969,139973,63096,110815,0
74734,77072,17941,151806,92675,95013,1
63120,46546,37217,109666,100337,83763,1
59528,10252,87514,69780,147042,97766,0
71187,51352,64120,122539,135307,115472,1
60175,46815,98206,106990,158381,145021,1
18247,5368,25092,23615,43339,30460,0
91196,40459,61467,131655,152663,101926,1
68294,84068,88577,152362,156871,172645,1
66220,28224,89209,94444,155429,117433,1
10447,78393,61736,88840,72183,140129,0
63008,20201,11134,83209,74142,31335,0
8508,92661,25179,101169,33687,117840,0
8440,89515,62056,97955,70496,151571,0
52250,74829,73383,127079,125633,148212,1
37084,70461,48634,107545,85718,119095,1
66789,24255,44136,91044,110925,68391,1
12156,23687,71473,35843,83629,95160,0
85598,75842,34902,161440,120500,110744,1
67837,40163,68532,108000,136369,108695,1
32325,13991,67755,46316,100080,81746,0
76930,47791,46012,124721,122942,93803,1
75967,24206,90683,100173,166650,114889,1
56479,49274,71752,105753,128231,121026,1
66395,23265,25186,89660,91581,48451,0
57544,92900,90987,150444,148531,183887,1
53052,50371,85641,103423,138693,136012,1
36464,79746,35860,116210,72324,115606,0
71485,97584,27657,169069,99142,125241,1
72845,80976,27083,153821,99928,108059,1
42329,58264,29858,100593,72187,88122,1
29717,77129,90967,106846,120684,168096,1
55541,37060,93846,92601,149387,130906,0
87785,67502,5989,155287,93774,73491,0
46994,97010,25981,144004,72975,122991,0
4330,89932,12967,94262,17297,102899,0
98145,21639,25017,119784,123162,46656,0
59967,79648,43084,139615,103051,122732,1
86131,71959,19671,158090,105802,91630,1
35667,31558,60540,67225,96207,92098,1
73201,88558,82767,161759,155968,171325,1
84260,17765,3503,102025,87763,21268,0
94019,61332,94479,155351,188498,155811,1
1324,57225,92479,58549,93803,149704,0
85828,39830,98875,125658,184703,138705,1
82954,51797,4270,134751,87224,56067,0
57703,83414,91121,141117,148824,174535,1
60711,85841,78161,146552,138872,164002,1
34139,77839,33643,111978,67782,111482,0
22320,23988,14662,46308,36982,38650,1
40329,50894,26020,91223,66349,76914,1
7223,60480,75059,67703,82282,135539,0
35257,40897,3376,76154,38633,44273,0
71368,38586,70961,109954,142329,109547,1
27329,818,63791,28147,91120,64609,0
29998,61331,36434,91329,66432,97765,1
61217,50799,56500,112016,117717,107299,1
93167,49929,2741,143096,95908,52670,0
62428,34882,73807,97310,136235,108689,1
89745,61062,34072,150807,123817,95134,1
39123,88602,81819,127725,120942,170421,1
20843,75125,79664,95968,100507,154789,1
55797,50360,48893,106157,104690,99253,1
38945,76289,70616,115234,109561,146905,1
21821,28289,15885,50110,37706,44174,1
20271,97044,44554,117315,64825,141598,0
93379,54639,23623,148018,117002,78262,0
59520,68311,59984,127831,119504,128295,1
80280,50458,5413,130738,85693,55871,0
73745,11275,72360,85020,146105,83635,1
10058,93129,10119,103187,20177,103248,0
10908,75735,47857,86643,58765,123592,0
45819,20372,41198,66191,87017,61570,1
52471,79343,98816,131814,151287,178159,1
1759,33305,91406,35064,93165,124711,0
39927,28372,29981,68299,69908,58353,1
82303,85286,55550,167589,137853,140836,1
80143,74638,61483,154781,141626,136121,1
43634,99738,82295,143372,125929,182033,1
75746,25107,34195,100853,109941,59302,0
91312,46705,79280,138017,170592,125985,1
41124,40490,61286,81614,102410,101776,1
15339,14229,61544,29568,76883,75773,0
66093,29991,48528,96084,114621,78519,1
56074,37326,95576,93400,151650,132902,0
67997,97466,25043,165463,93040,122509,0
24524,83463,4592,107987,29116,88055,0
34580,4876,51656,39456,86236,56532,0
60014,14789,22595,74803,82609,37384,0
25767,18453,24356,44220,50123,42809,1
58796,44324,59953,103120,118749,104277,1
48475,54765,73204,103240,121679,127969,1
65936,1395,41440,67331,107376,42835,0
60220,99401,20496,159621,80716,119897,0
851,33345,74795,34196,75646,108140,0
5583,98845,64293,104428,69876,163138,0
99131,19911,53010,119042,152141,72921,0
61891,2933,61615,64824,123506,64548,1
51424,75736,72099,127160,123523,147835,1
22178,66623,69843,88801,92021,136466,1
19070,32173,1856,51243,20926,34029,0
15759,88564,60347,104323,76106,148911,0
5866,2775,51830,8641,57696,54605,0
72436,38604,56311,111040,128747,94915,1
61247,98135,90298,159382,151545,188433,1
78242,34167,64912,112409,143154,99079,1
81101,36514,57339,117615,138440,93853,1
8382,6931,41028,15313,49410,47959,0
17832,17940,58910,35772,76742,76850,0
13089,66841,57094,79930,70183,123935,1
58862,98724,50223,157586,109085,148947,1
80226,80188,81372,160414,161598,161560,1
12373,67908,85416,80281,97789,153324,0
48783,68743,32627,117526,81410,101370,1
39658,70354,11748,110012,51406,82102,0
55778,6100,87646,61878,143424,93746,0
54229,91545,23991,145774,78220,115536,0
94118,42736,74281,136854,168399,117017,1
52746,43211,93451,95957,146197,136662,1
44690,25716,33977,70406,78667,59693,1
56936,10384,95522,67320,152458,105906,0
43391,36919,46707,80310,90098,83626,1
67731,64364,14521,132095,82252,78885,1
37364,93628,11614,130992,48978,105242,0
89517,97492,92409,187009,181926,189901,1
78179,30908,94969,109087,173148,125877,1
34011,49253,58859,83264,92870,108112,1
32263,83776,74518,116039,106781,158294,1
4305,61792,67211,66097,71516,129003,0
30126,3744,44970,33870,75096,48714,0
64301,80389,62863,144690,127164,143252,1
83243,17261,47614,100504,130857,64875,0
17073,48877,98558,65950,115631,147435,0
24885,74445,35218,99330,60103,109663,0
88734,71508,93547,160242,182281,165055,1
63325,45084,8509,108409,71834,53593,0
45048,38783,83151,83831,128199,121934,1
84253,13392,65349,97645,149602,78741,0
14476,78212,64501,92688,78977,142713,1
62600,57998,79256,120598,141856,137254,1
63371,76916,9432,140287,72803,86348,0
42661,19975,41810,62636,84471,61785,1
28369,18653,97307,47022,125676,115960,0
66558,3203,34520,69761,101078,37723,0
26465,97756,63063,124221,89528,160819,0
569,22402,82114,22971,82683,104516,0
18796,37019,68988,55815,87784,106007,0
70513,41613,24285,112126,94798,65898,0
49197,57817,76174,107014,125371,133991,1
34676,78765,57560,113441,92236,136325,1
32554,27657,29898,60211,62452,57555,1
24915,94257,34228,119172,59143,128485,0
95093,54239,39564,149332,134657,93803,0
58027,92313,78510,150340,136537,170823,1
68208,92089,95760,160297,163968,187849,1
50364,71762,80936,122126,131300,152698,1
4671,35839,16046,40510,20717,51885,0
1541,88580,92194,90121,93735,180774,0
16703,90992,63767,107695,80470,154759,0
86958,8147,80688,95105,167646,88835,1
42847,263,23423,43110,66270,23686,0
76936,76513,12103,153449,89039,88616,1
41073,19714,69295,60787,110368,89009,0
95201,39651,58384,134852,153585,98035,1
95201,23818,2787,119019,97988,26605,0
34021,99495,87131,133516,121152,186626,1
92621,51225,18796,143846,111417,70021,0
91817,80218,40878,172035,132695,121096,1
82372,82153,91409,164525,173781,173562,1
6271,20551,30231,26822,36502,50782,0
47876,57672,93211,105548,141087,150883,1
62283,35129,85241,97412,147524,120370,1
2319,39485,51676,41804,53995,91161,0
36888,23994,48063,60882,84951,72057,1
94946,59744,1319,154690,96265,61063,0
87125,43976,75381,131101,162506,119357,1
4726,48550,88207,53276,92933,136757,0
62616,81216,85255,143832,147871,166471,1
57887,74846,34981,132733,92868,109827,1
49981,44158,28365,94139,78346,72523,1
24735,67804,3738,92539,28473,71542,0
62462,21195,86248,83657,148710,107443,0
6211,76264,8625,82475,14836,84889,0
71285,14429,89845,85714,161130,104274,0
35789,54193,12592,89982,48381,66785,0
53981,43662,77260,97643,131241,120922,1
11961,52801,9447,64762,21408,62248,0
90295,64415,54223,154710,144518,118638,1
27836,25869,99548,53705,127384,125417,0
51751,71446,70044,123197,121795,141490,1
94342,64134,74814,158476,169156,138948,1
31015,34927,1565,65942,32580,36492,0
82869,64117,28823,146986,111692,92940,1
30108,85881,80977,115989,111085,166858,1
76987,32461,62392,109448,139379,94853,1
26774,3723,80640,30497,107414,84363,0
44794,67222,14357,112016,59151,81579,0
76751,77859,94874,154610,171625,172733,1
53475,76833,37600,130308,91075,114433,1
18996,34748,28638,53744,47634,63386,1
94004,50531,12185,144535,106189,62716,0
41796,55580,67830,97376,109626,123410,1
17744,41401,31989,59145,49733,73390,1
56734,62965,19266,119699,76000,82231,1
68546,98287,10145,166833,78691,108432,0
8504,72627,21525,81131,30029,94152,0
36050,21249,94706,57299,130756,115955,0
63529,79265,59634,142794,123163,138899,1
87696,53505,67439,141201,155135,120944,1
19385,261,40633,19646,60018,40894,0
51206,83619,48084,134825,99290,131703,1
61039,84132,86349,145171,147388,170481,1
6647,70115,34375,76762,41022,104490,0
65944,44005,34812,109949,100756,78817,1
22706,19415,12163,42121,34869,31578,1
9111,9160,43728,18271,52839,52888,0
90898,61717,57905,152615,148803,119622,1
60169,50785,86528,110954,146697,137313,1
85827,20374,93314,106201,179141,113688,1
40224,84537,16372,124761,56596,100909,0
73361,84605,51704,157966,125065,136309,1
38413,23563,24662,61976,63075,48225,1
31791,14029,2725,45820,34516,16754,0
25387,83523,68756,108910,94143,152279,1
54518,68820,93848,123338,148366,162668,1
95820,96317,59415,192137,155235,155732,1
39089,56487,8144,95576,47233,64631,0
91908,37719,90783,129627,182691,128502,1
77020,76882,43084,153902,120104,119966,1
69368,53287,48020,122655,117388,101307,1
94528,85412,76142,179940,170670,161554,1
66185,9902,94776,76087,160961,104678,0
97249,1113,64756,98362,162005,65869,0
49253,91918,86229,141171,135482,178147,1
35181,82839,63623,118020,98804,146462,1
21870,82961,25454,104831,47324,108415,0
62856,7157,87727,70013,150583,94884,0
66836,38253,59016,105089,125852,97269,1
15433,59330,82643,74763,98076,141973,0
61904,50484,92004,112388,153908,142488,1
57359,33643,15837,91002,73196,49480,0
9341,84378,97251,93719,106592,181629,0
43578,20359,25960,63937,69538,46319,1
76987,53645,72123,130632,149110,125768,1
67631,12265,51121,79896,118752,63386,0
99295,26441,76444,125736,175739,102885,1
80667,67080,2153,147747,82820,69233,0
41143,48452,39763,89595,80906,88215,1
60451,70786,87295,131237,147746,158081,1
67179,33504,16887,100683,84066,50391,0
36373,58551,17609,94924,53982,76160,0
77519,86279,92635,163798,170154,178914,1
78301,20337,64897,98638,143198,85234,1
92533,36827,16933,129360,109466,53760,0
92764,59821,42895,152585,135659,102716,1
78836,62921,52194,141757,131030,115115,1
4840,31022,94561,35862,99401,125583,0
49946,5772,10276,55718,60222,16048,0
86721,28905,68774,115626,155495,97679,1
99378,84903,73825,184281,173203,158728,1
59237,96086,7182,155323,66419,103268,0
24285,6423,82154,30708,106439,88577,0
14378,60339,41859,74717,56237,102198,0
35543,97166,10959,132709,46502,108125,0
18689,76941,16596,95630,35285,93537,0
65787,47169,97128,112956,162915,144297,1
1559,84925,73568,86484,75127,158493,0
59715,37984,75082,97699,134797,113066,1
1765,65160,50711,66925,52476,115871,0
36998,18393,97161,55391,134159,115554,0
89035,60714,17730,149749,106765,78444,0
94375,60263,67835,154638,162210,128098,1
76610,18964,92362,95574,168972,111326,1
61839,15078,32575,76917,94414,47653,0
36126,71633,81548,107759,117674,153181,1
48292,45109,92568,93401,140860,137677,1
26100,27912,5620,54012,31720,33532,1
85436,74746,55451,160182,140887,130197,1
6686,52291,24180,58977,30866,76471,0
10603,11364,45143,21967,55746,56507,0
55185,24905,33506,80090,88691,58411,1
11727,75861,37846,87588,49573,113707,0
87478,403,51830,87881,139308,52233,0
7045,35114,58898,42159,65943,94012,0
53293,11043,4478,64336,57771,15521,0
99845,87414,78461,187259,178306,165875,1
24933,77672,32254,102605,57187,109926,0
57432,1345,92125,58777,149557,93470,0
44920,81850,35652,126770,80572,117502,0
34550,70333,59961,104883,94511,130294,1
67533,57242,75285,124775,142818,132527,1
43908,27079,40773,70987,84681,67852,1
95448,45461,55240,140909,150688,100701,1
32711,82142,86488,114853,119199,168630,1
10968,22175,10202,33143,21170,32377,0
17857,78223,94724,96080,112581,172947,1
77067,27480,25239,104547,102306,52719,0
51455,93932,75144,145387,126599,169076,1
59592,86572,27911,146164,87503,114483,1
10313,7497,55007,17810,65320,62504,0
10066,24204,1495,34270,11561,25699,0
83577,12468,89709,96045,173286,102177,1
58972,87542,71466,146514,130438,159008,1
44192,5406,17543,49598,61735,22949,0
31146,19728,85110,50874,116256,104838,0
40721,21089,78273,61810,118994,99362,0
97104,87009,76327,184113,173431,163336,1
83989,74713,77012,158702,161001,151725,1
58875,33262,31472,92137,90347,64734,1
65901,36127,4304,102028,70205,40431,0
95076,88304,8549,183380,103625,96853,1
35415,4341,8259,39756,43674,12600,0
26939,63242,93176,90181,120115,156418,0
4781,78654,46380,83435,51161,125034,0
88931,74742,47891,163673,136822,122633,1
61515,77577,72287,139092,133802,149864,1
48132,67905,71790,116037,119922,139695,1
81628,10280,5473,91908,87101,15753,0
49497,4811,4220,54308,53717,9031,0
91934,66966,76654,158900,168588,143620,1
38964,71270,99837,110234,138801,171107,1
63232,19274,85046,82506,148278,104320,0
85417,6945,73640,92362,159057,80585,0
78699,34858,24482,113557,103181,59340,0
81331,54421,78377,135752,159708,132798,1
11328,94738,22607,106066,33935,117345,0
2199,99484,93007,101683,95206,192491,0
43635,53042,79407,96677,123042,132449,1
80982,65292,45268,146274,126250,110560,1
59330,63350,7174,122680,66504,70524,1
79533,30472,23942,110005,103475,54414,0
15767,40000,98114,55767,113881,138114,0
69214,12294,88903,81508,158117,101197,0
10790,72545,85538,83335,96328,158083,0
18682,93843,7694,112525,26376,101537,0
53929,83516,60694,137445,114623,144210,1
394,74331,52063,74725,52457,126394,0
42389,27992,29122,70381,71511,57114,1
40052,54959,82746,95011,122798,137705,1
14979,74320,42527,89299,57506,116847,0
63011,75730,86918,138741,149929,162648,1
87204,43991,2948,131195,90152,46939,0
59964,63169,7846,123133,67810,71015,1
25916,53382,97432,79298,123348,150814,0
53773,34248,10894,88021,64667,45142,0
87164,53982,94130,141146,181294,148112,1
55995,64983,41721,120978,97716,106704,1
83975,44789,25639,128764,109614,70428,0
9555,29191,60276,38746,69831,89467,0
86308,32592,11074,118900,97382,43666,0
27554,97423,5569,124977,33123,102992,0
73936,126,63545,74062,137481,63671,0
99567,47402,66215,146969,165782,113617,1
75217,97640,26829,172857,102046,124469,1
55448,96237,6611,151685,62059,102848,0
43306,70812,97641,114118,140947,168453,1
34928,5750,47626,40678,82554,53376,0
16273,52276,90295,68549,106568,142571,0
96255,86743,25454,182998,121709,112197,1
97746,21427,60782,119173,158528,82209,0
48040,89058,33131,137098,81171,122189,0
82797,94526,26006,177323,108803,120532,1
65083,50325,95264,115408,160347,145589,1
78700,37084,80062,115784,158762,117146,1
37006,50368,86148,87374,123154,136516,1
3685,40646,57965,44331,61650,98611,0
52404,86859,51998,139263,104402,138857,1
70516,29616,7609,100132,78125,37225,0
54227,5718,18792,59945,73019,24510,0
53749,58260,92837,112009,146586,151097,1
50794,16972,91697,67766,142491,108669,0
5081,93859,69010,98940,74091,162869,0
23055,31784,37379,54839,60434,69163,1
26519,67658,30311,94177,56830,97969,0
62304,85186,17454,147490,79758,102640,0
51158,27498,67523,78656,118681,95021,1
24747,10909,62600,35656,87347,73509,0
50062,66294,99374,116356,149436,165668,1
75919,53445,64652,129364,140571,118097,1
15852,1034,45807,16886,61659,46841,0
69867,3843,47126,73710,116993,50969,0
1547,71759,89000,73306,90547,160759,0
5049,44627,5522,49676,10571,50149,0
34562,12575,27953,47137,62515,40528,1
39995,87410,24128,127405,64123,111538,0
7442,70449,13984,77891,21426,84433,0
84116,88298,1617,172414,85733,89915,0
19098,71167,70395,90265,89493,141562,1
84477,78866,68842,163343,153319,147708,1
15681,71354,74329,87035,90010,145683,1
15230,98347,89358,113577,104588,187705,1
19178,8080,95904,27258,115082,103984,0
52642,80115,70837,132757,123479,150952,1
6989,81538,37024,88527,44013,118562,0
92349,72837,70119,165186,162468,142956,1
69041,38176,53017,107217,122058,91193,1
73094,44644,29274,117738,102368,73918,1
5605,83320,82802,88925,88407,166122,1
37710,13479,95297,51189,133007,108776,0
80935,16858,50092,97793,131027,66950,0
47685,49300,43944,96985,91629,93244,1
72467,13418,12605,85885,85072,26023,0
5217,29094,12124,34311,17341,41218,0
28510,65103,65961,93613,94471,131064,1
50119,59071,65250,109190,115369,124321,1
65566,16454,16372,82020,81938,32826,0
30438,75954,58952,106392,89390,134906,1
94144,72469,50292,166613,144436,122761,1
92868,45214,71098,138082,163966,116312,1
8096,14713,82704,22809,90800,97417,0
15765,31527,55928,47292,71693,87455,0
3203,81265,35360,84468,38563,116625,0
82042,65215,84778,147257,166820,149993,1
25804,29655,18453,55459,44257,48108,1
70071,34622,58128,104693,128199,92750,1
55101,83870,12235,138971,67336,96105,0
9852,76833,68274,86685,78126,145107,1
28944,68722,14767,97666,43711,83489,0
5253,56101,27834,61354,33087,83935,0
79834,20358,18957,100192,98791,39315,0
86646,95451,74133,182097,160779,169584,1
62537,95132,86639,157669,149176,181771,1
93371,61099,81388,154470,174759,142487,1
23698,65442,27070,89140,50768,92512,0
50272,60136,58305,110408,108577,118441,1
71551,97188,33553,168739,105104,130741,1
55624,11980,71987,67604,127611,83967,0
41277,93694,72409,134971,113686,166103,1
6964,961,83990,7925,90954,84951,0
96383,49439,83400,145822,179783,132839,1
96327,39505,17683,135832,114010,57188,0
26811,9689,32751,36500,59562,42440,1
79167,7848,95668,87015,174835,103516,0
46292,80458,19988,126750,66280,100446,0
66635,89970,89181,156605,155816,179151,1
18006,36608,77006,54614,95012,113614,0
30878,70618,12902,101496,43780,83520,0
21457,88527,68654,109984,90111,157181,1
60500,58778,40791,119278,101291,99569,1
62684,8600,23732,71284,86416,32332,0
46234,44877,46182,91111,92416,91059,1
64676,88249,20494,152925,85170,108743,0
8995,78244,1690,87239,10685,79934,0
74159,63717,38152,137876,112311,101869,1
95565,12251,69542,107816,165107,81793,0
18136,69416,10188,87552,28324,79604,0
24617,25977,42344,50594,66961,68321,1
78599,96312,15580,174911,94179,111892,0
33343,25484,50829,58827,84172,76313,1
49771,50545,40603,100316,90374,91148,1
9712,20974,52607,30686,62319,73581,0
63519,34223,80521,97742,144040,114744,1
56094,63764,16609,119858,72703,80373,1
32036,31062,55050,63098,87086,86112,1
44078,89068,87578,133146,131656,176646,1
71615,80489,88738,152104,160353,169227,1
41980,70577,79230,112557,121210,149807,1
16533,62696,32327,79229,48860,95023,0
3796,72333,92284,76129,96080,164617,0
34605,14506,72174,49111,106779,86680,0
2821,37583,96678,40404,99499,134261,0
36394,77403,74193,113797,110587,151596,1
88869,67539,96539,156408,185408,164078,1
25166,36754,27026,61920,52192,63780,1
68736,56213,37517,124949,106253,93730,1
25370,7183,92977,32553,118347,100160,0
14859,30066,68524,44925,83383,98590,0
36302,97171,305,133473,36607,97476,0
38774,44003,72238,82777,111012,116241,1
85041,9002,370,94043,85411,9372,0
44389,87100,4262,131489,48651,91362,0
84178,85616,44821,169794,128999,130437,1
27148,63125,57815,90273,84963,120940,1
45186,91984,77742,137170,122928,169726,1
19490,92844,25686,112334,45176,118530,0
79575,81380,51799,160955,131374,133179,1
22759,5703,46969,28462,69728,52672,0
89417,60627,2618,150044,92035,63245,0
19601,69492,64767,89093,84368,134259,1
7147,42454,21049,49601,28196,63503,0
24657,20213,75753,44870,100410,95966,0
72463,19106,64689,91569,137152,83795,1
19937,89509,997,109446,20934,90506,0
2036,43336,54209,45372,56245,97545,0
14509,52351,63007,66860,77516,115358,1
16999,53474,36367,70473,53366,89841,0
86847,73775,35735,160622,122582,109510,1
46980,41554,52457,88534,99437,94011,1
39283,70469,29995,109752,69278,100464,0
31469,90130,15940,121599,47409,106070,0
39291,50136,55610,89427,94901,105746,1
31370,90857,17411,122227,48781,108268,0
31238,18815,10163,50053,41401,28978,0
204,82722,82583,82926,82787,165305,1
5360,30528,92981,35888,98341,123509,0
57959,29138,96806,87097,154765,125944,0
61595,31650,22859,93245,84454,54509,0
93943,97791,52966,191734,146909,150757,1
80366,24351,18895,104717,99261,43246,0
1650,39950,92023,41600,93673,131973,0
85352,41075,77268,126427,162620,118343,1
50816,5433,96013,56249,146829,101446,0
50676,47745,17571,98421,68247,65316,1
67223,14053,22795,81276,90018,36848,0
52226,12577,31215,64803,83441,43792,0
51824,92285,40607,144109,92431,132892,1
22580,87960,2299,110540,24879,90259,0
87939,51096,45020,139035,132959,96116,1
81008,71584,42644,152592,123652,114228,1
29296,67871,94841,97167,124137,162712,1
26702,96702,88992,123404,115694,185694,1
43496,46106,94557,89602,138053,140663,0
99701,38112,38094,137813,137795,76206,0
74887,22993,2357,97880,77244,25350,0
82702,26534,38791,109236,121493,65325,0
92835,45843,93294,138678,186129,139137,1
10201,87800,14803,98001,25004,102603,0
53250,79533,43916,132783,97166,123449,1
8791,90586,34113,99377,42904,124699,0
24018,97967,37730,121985,61748,135697,0
97420,69340,27590,166760,125010,96930,0
5848,85345,66102,91193,71950,151447,0
71634,24607,56229,96241,127863,80836,1
94079,77424,25543,171503,119622,102967,1
514,78,86372,592,86886,86450,0
29140,15769,98957,44909,128097,114726,0
64881,71291,65964,136172,130845,137255,1
93146,62440,93601,155586,186747,156041,1
70102,21365,60749,91467,130851,82114,1
19052,30904,96724,49956,115776,127628,0
68752,61289,21623,130041,90375,82912,1
71189,84743,47432,155932,118621,132175,1
85512,42839,24839,128351,110351,67678,0
24741,75322,48018,100063,72759,123340,0
64414,43734,24869,108148,89283,68603,1
86101,35112,76729,121213,162830,111841,1
39745,90102,35962,129847,75707,126064,0
98795,86536,68252,185331,167047,154788,1
31281,20604,85643,51885,116924,106247,0
6069,52224,50671,58293,56740,102895,1
65273,4484,57390,69757,122663,61874,0
14296,31256,53922,45552,68218,85178,0
68244,93907,99410,162151,167654,193317,1
73731,81334,5855,155065,79586,87189,0
4626,16320,66279,20946,70905,82599,0
7220,63322,46899,70542,54119,110221,0
75008,43645,30181,118653,105189,73826,0
19885,78759,61673,98644,81558,140432,1
74281,77470,37993,151751,112274,115463,1
46483,93133,21585,139616,68068,114718,0
46062,69433,85038,115495,131100,154471,1
10014,88330,56574,98344,66588,144904,0
32086,71439,99940,103525,132026,171379,1
82358,58221,65609,140579,147967,123830,1
83887,32522,25467,116409,109354,57989,0
13922,19278,61231,33200,75153,80509,0
43260,29376,93730,72636,136990,123106,0
46531,2366,22820,48897,69351,25186,0
17367,202,28354,17569,45721,28556,0
82569,44809,29621,127378,112190,74430,0
26797,56236,67534,83033,94331,123770,1
44352,3431,38876,47783,83228,42307,0
79693,43694,75227,123387,154920,118921,1
13050,49765,55369,62815,68419,105134,1
77614,53039,96090,130653,173704,149129,1
71417,51014,89532,122431,160949,140546,1
53917,67356,43911,121273,97828,111267,1
51044,94310,65981,145354,117025,160291,1
76598,96813,43731,173411,120329,140544,1
2823,14633,62272,17456,65095,76905,0
86546,31769,97360,118315,183906,129129,1
36799,67517,65267,104316,102066,132784,1
81305,42203,28819,123508,110124,71022,0
98606,31491,80081,130097,178687,111572,1
12395,8270,96691,20665,109086,104961,0
82963,43118,1279,126081,84242,44397,0
4748,79785,78837,84533,83585,158622,1
88256,46250,70319,134506,158575,116569,1
72258,27972,76911,100230,149169,104883,1
40040,11600,68979,51640,109019,80579,0
16909,59997,85859,76906,102768,145856,0
70194,12732,5995,82926,76189,18727,0
45715,66968,74641,112683,120356,141609,1
71435,45055,24821,116490,96256,69876,0
38402,10831,13491,49233,51893,24322,0
20117,66646,6021,86763,26138,72667,0
50196,6842,98204,57038,148400,105046,0
41065,46361,3937,87426,45002,50298,0
67967,5761,54723,73728,122690,60484,0
59467,98769,32297,158236,91764,131066,0
22807,88579,56089,111386,78896,144668,0
40786,34821,14925,75607,55711,49746,1
92258,62723,74568,154981,166826,137291,1
3810,19798,85190,23608,89000,104988,0
64413,74760,28922,139173,93335,103682,1
84443,89522,42438,173965,126881,131960,1
42318,69196,91122,111514,133440,160318,1
92946,81827,62769,174773,155715,144596,1
24644,41930,77468,66574,102112,119398,0
9305,44089,58084,53394,67389,102173,0
49357,41772,58540,91129,107897,100312,1
28429,70122,12723,98551,41152,82845,0
43767,6558,59628,50325,103395,66186,0
11842,18894,77474,30736,89316,96368,0
11919,66578,5690,78497,17609,72268,0
77462,83229,94819,160691,172281,178048,1
49197,79230,79512,128427,128709,158742,1
66404,58702,21575,125106,87979,80277,1
68597,51455,95924,120052,164521,147379,1
85432,92402,34091,177834,119523,126493,1
93680,66591,75849,160271,169529,142440,1
67362,86938,8512,154300,75874,95450,0
48935,32224,11370,81159,60305,43594,0
45893,51110,26321,97003,72214,77431,1
87859,40507,84897,128366,172756,125404,1
50623,57027,78342,107650,128965,135369,1
63567,41935,5368,105502,68935,47303,0
29876,34881,68168,64757,98044,103049,0
75654,90427,87788,166081,163442,178215,1
35424,11408,52986,46832,88410,64394,0
82957,32105,10029,115062,92986,42134,0
32745,90848,9747,123593,42492,100595,0
44802,73498,92852,118300,137654,166350,1
96573,31513,99913,128086,196486,131426,1
99660,4474,538,104134,100198,5012,0
34624,48699,53425,83323,88049,102124,1
69844,86702,57729,156546,127573,144431,1
43150,42408,33205,85558,76355,75613,1
7818,94726,58018,102544,65836,152744,0
97794,68057,10060,165851,107854,78117,0
94863,55803,44274,150666,139137,100077,1
50612,63301,680,113913,51292,63981,0
84041,24715,8550,108756,92591,33265,0
67299,55727,2288,123026,69587,58015,0
52875,40601,84116,93476,136991,124717,1
67026,3217,26116,70243,93142,29333,0
16425,43779,92101,60204,108526,135880,0
15738,90430,70957,106168,86695,161387,0
92308,31988,24782,124296,117090,56770,0
95723,66350,13605,162073,109328,79955,0
33871,46527,52056,80398,85927,98583,1
81277,28621,68594,109898,149871,97215,1
62030,99605,2572,161635,64602,102177,0
17694,82494,18802,100188,36496,101296,0
82303,2601,6857,84904,89160,9458,0
500,38881,60682,39381,61182,99563,0
2855,66829,55842,69684,58697,122671,0
38021,56142,65051,94163,103072,121193,1
3534,19359,26722,22893,30256,46081,0
81894,73479,47959,155373,129853,121438,1
65699,77091,30053,142790,95752,107144,1
5682,91239,66129,96921,71811,157368,0
18239,79082,51651,97321,69890,130733,0
72097,18923,61269,91020,133366,80192,1
99108,60866,9237,159974,108345,70103,0
61588,50446,92905,112034,154493,143351,1
84548,62995,15708,147543,100256,78703,0
58068,48404,97735,106472,155803,146139,1
73779,7934,11760,81713,85539,19694,0
42651,77606,20675,120257,63326,98281,0
24062,87924,54074,111986,78136,141998,0
97321,68535,74860,165856,172181,143395,1
10364,13487,98153,23851,108517,111640,0
41674,10155,9835,51829,51509,19990,0
4223,12195,50637,16418,54860,62832,0
43214,96273,42939,139487,86153,139212,0
98903,62768,80953,161671,179856,143721,1
50793,47391,33868,98184,84661,81259,1
34310,68330,8310,102640,42620,76640,0
8132,34001,36202,42133,44334,70203,1
41575,62440,27992,104015,69567,90432,1
69416,10462,97764,79878,167180,108226,0
45656,28144,74695,73800,120351,102839,0
11384,92111,21104,103495,32488,113215,0
90336,35915,10753,126251,101089,46668,0
71886,69807,15585,141693,87471,85392,1
90148,90305,96962,180453,187110,187267,1
1174,19955,56771,21129,57945,76726,0
15156,53863,2408,69019,17564,56271,0
51231,25708,90888,76939,142119,116596,0
62258,13352,88547,75610,150805,101899,0
31708,93508,25143,125216,56851,118651,0
2216,18690,79381,20906,81597,98071,0
77250,11296,98160,88546,175410,109456,0
65506,81678,46417,147184,111923,128095,1
19494,8739,14883,28233,34377,23622,1
11911,38102,38572,50013,50483,76674,1
4497,3181,88810,7678,93307,91991,0
4358,51550,93345,55908,97703,144895,0
7119,34578,83375,41697,90494,117953,0
39915,87821,40347,127736,80262,128168,0
85953,67735,50875,153688,136828,118610,1
28233,67933,1855,96166,30088,69788,0
23339,3356,46809,26695,70148,50165,0
14851,67574,2604,82425,17455,70178,0
32740,85658,29845,118398,62585,115503,0
67867,13302,61988,81169,129855,75290,1
14767,93148,37737,107915,52504,130885,0
45573,47608,18628,93181,64201,66236,1
19457,10588,26727,30045,46184,37315,1
10394,16346,53751,26740,64145,70097,0
39996,9635,11152,49631,51148,20787,0
52813,15509,52335,68322,105148,67844,1
45869,31724,37103,77593,82972,68827,1
5833,75097,87089,80930,92922,162186,0
26622,6755,19090,33377,45712,25845,0
177,41585,84783,41762,84960,126368,0
52450,34761,76349,87211,128799,111110,1
69986,64611,93741,134597,163727,158352,1
70293,26292,41009,96585,111302,67301,0
81241,79244,91081,160485,172322,170325,1
87739,30132,31871,117871,119610,62003,0
9363,30408,52097,39771,61460,82505,0
16839,64196,20148,81035,36987,84344,0
78402,57771,63296,136173,141698,121067,1
72569,95306,14621,167875,87190,109927,0
75257,81990,37795,157247,113052,119785,1
69499,83846,64655,153345,134154,148501,1
57327,5650,15213,62977,72540,20863,0
64258,56413,95096,120671,159354,151509,1
19866,18825,78802,38691,98668,97627,0
75727,11921,21827,87648,97554,33748,0
89844,93305,15132,183149,104976,108437,1
49824,45296,96002,95120,145826,141298,0
97958,31037,42726,128995,140684,73763,0
77554,74570,75471,152124,153025,150041,1
89184,94411,20095,183595,109279,114506,1
25642,80594,98630,106236,124272,179224,1
82712,35223,74539,117935,157251,109762,1
88215,72893,30188,161108,118403,103081,1
48431,99306,16930,147737,65361,116236,0
24575,290,29679,24865,54254,29969,0
34867,81878,421,116745,35288,82299,0
37042,38671,11134,75713,48176,49805,1
52281,61568,86712,113849,138993,148280,1
92095,19030,66469,111125,158564,85499,0
2634,79883,92681,82517,95315,172564,0
3612,8343,80760,11955,84372,89103,0
69805,72455,28081,142260,97886,100536,1
97782,29500,75372,127282,173154,104872,1
71938,72822,81291,144760,153229,154113,1
56583,58197,35397,114780,91980,93594,1
41352,6212,53749,47564,95101,59961,0
66446,96221,77353,162667,143799,173574,1
26901,4370,50499,31271,77400,54869,0
13261,21504,5233,34765,18494,26737,0
61957,58615,19310,120572,81267,77925,1
15881,16808,43364,32689,59245,60172,0
31979,91617,60533,123596,92512,152150,1
5605,94737,77683,100342,83288,172420,0
60998,91440,8726,152438,69724,100166,0
8719,78997,68795,87716,77514,147792,0
51187,75169,89933,126356,141120,165102,1
98211,81446,34565,179657,132776,116011,1
79601,54458,4739,134059,84340,59197,0
84969,42170,4872,127139,89841,47042,0
61931,57423,13059,119354,74990,70482,1
53835,71509,64633,125344,118468,136142,1
64741,76035,73026,140776,137767,149061,1
38215,3212,1651,41427,39866,4863,0
29926,43861,25872,73787,55798,69733,1
15586,10046,68718,25632,84304,78764,0
5938,75068,43933,81006,49871,119001,0
52356,40918,52646,93274,105002,93564,1
43296,79625,88421,122921,131717,168046,1
64762,60396,78815,125158,143577,139211,1
31142,33683,29720,64825,60862,63403,1
99766,92289,77453,192055,177219,169742,1
50400,79346,95374,129746,145774,174720,1
61774,59175,84086,120949,145860,143261,1
45890,30718,27836,76608,73726,58554,1
70187,37601,96062,107788,166249,133663,1
67727,82883,65190,150610,132917,148073,1
76667,94921,7655,171588,84322,102576,0
20977,65621,42134,86598,63111,107755,0
64618,48164,181,112782,64799,48345,0
43559,3653,97093,47212,140652,100746,0
63846,74106,68529,137952,132375,142635,1
31453,15709,21649,47162,53102,37358,1
66270,26654,55506,92924,121776,82160,1
4931,5904,50827,10835,55758,56731,0
5099,10347,26576,15446,31675,36923,0
9192,78001,26780,87193,35972,104781,0
43557,91604,32194,135161,75751,123798,0
38896,57098,66329,95994,105225,123427,1
70665,14192,67664,84857,138329,81856,1
72264,40744,59356,113008,131620,100100,1
21188,60830,65945,82018,87133,126775,1
33451,89050,32499,122501,65950,121549,0
89532,3202,24006,92734,113538,27208,0
97634,84165,9287,181799,106921,93452,0
93527,2313,82204,95840,175731,84517,0
85065,92993,42182,178058,127247,135175,1
67777,92385,55201,160162,122978,147586,1
70232,30730,46389,100962,116621,77119,1
93052,65384,56408,158436,149460,121792,1
12236,72571,67437,84807,79673,140008,1
4650,91990,83722,96640,88372,175712,0
68658,93310,4522,161968,73180,97832,0
44990,46892,82867,91882,127857,129759,1
64565,52680,4265,117245,68830,56945,0
85111,94922,97743,180033,182854,192665,1
61645,71024,94526,132669,156171,165550,1
78478,12416,40032,90894,118510,52448,0
80845,56606,92079,137451,172924,148685,1
45292,3306,59422,48598,104714,62728,0
84951,57421,15575,142372,100526,72996,0
65782,99949,96411,165731,162193,196360,1
22546,67700,6143,90246,28689,73843,0
40581,93507,10967,134088,51548,104474,0
35565,25628,20009,61193,55574,45637,1
76640,32806,28440,109446,105080,61246,0
87059,79596,51790,166655,138849,131386,1
89686,36276,10551,125962,100237,46827,0
46336,45186,51269,91522,97605,96455,1
95747,28728,51604,124475,147351,80332,0
76718,88519,15475,165237,92193,103994,1
66809,90699,54113,157508,120922,144812,1
55782,61323,20736,117105,76518,82059,1
95922,6778,17651,102700,113573,24429,0
89323,29100,13276,118423,102599,42376,0
37118,77616,67923,114734,105041,145539,1
53961,10720,14208,64681,68169,24928,0
96187,5894,54407,102081,150594,60301,0
66219,21342,79736,87561,145955,101078,1
78263,4718,20613,82981,98876,25331,0
73689,2093,5529,75782,79218,7622,0
49642,65278,87744,114920,137386,153022,1
15515,41999,81810,57514,97325,123809,0
89241,30464,55694,119705,144935,86158,0
69310,86865,78156,156175,147466,165021,1
12603,83455,45399,96058,58002,128854,0
56491,98199,43530,154690,100021,141729,1
91045,3569,15404,94614,106449,18973,0
63613,16080,2382,79693,65995,18462,0
77844,97221,85908,175065,163752,183129,1
89869,52669,65816,142538,155685,118485,1
15726,40106,17399,55832,33125,57505,0
41151,77107,66602,118258,107753,143709,1
17615,87843,73635,105458,91250,161478,1
61615,46995,60809,108610,122424,107804,1
97739,32975,10117,130714,107856,43092,0
88750,45301,3167,134051,91917,48468,0
23488,91760,56486,115248,79974,148246,0
98387,80511,53508,178898,151895,134019,1
23422,33510,55649,56932,79071,89159,1
6018,78537,86944,84555,92962,165481,0
82419,58041,37567,140460,119986,95608,1
22725,7303,19182,30028,41907,26485,1
66913,64389,99828,131302,166741,164217,1
78785,91681,90347,170466,169132,182028,1
46488,27550,36507,74038,82995,64057,1
29710,27494,55932,57204,85642,83426,1
45848,49452,74555,95300,120403,124007,1
99726,67599,37030,167325,136756,104629,1
32805,20148,5391,52953,38196,25539,0
3704,10062,29917,13766,33621,39979,0
74837,62124,51186,136961,126023,113310,1
92455,63984,2669,156439,95124,66653,0
90645,56418,21469,147063,112114,77887,0
87742,54914,94056,142656,181798,148970,1
7461,92841,26874,100302,34335,119715,0
82111,43403,73161,125514,155272,116564,1
43758,11858,91168,55616,134926,103026,0
43995,1931,73695,45926,117690,75626,0
31691,82600,47865,114291,79556,130465,0
32840,72732,14508,105572,47348,87240,0
62974,62664,60493,125638,123467,123157,1
17906,18246,49188,36152,67094,67434,0
27045,59779,87768,86824,114813,147547,0
92515,77694,29901,170209,122416,107595,1
92678,34596,7541,127274,100219,42137,0
19569,94469,2700,114038,22269,97169,0
22207,35569,4874,57776,27081,40443,0
8478,95918,26771,104396,35249,122689,0
90960,99210,21650,190170,112610,120860,1
72130,13988,6873,86118,79003,20861,0
78285,50844,39315,129129,117600,90159,1
12298,86455,8200,98753,20498,94655,0
89376,6790,46639,96166,136015,53429,0
20423,57201,41492,77624,61915,98693,1
7053,6953,46001,14006,53054,52954,0
18547,62736,37960,81283,56507,100696,0
53019,21050,27324,74069,80343,48374,0
17204,84920,9743,102124,26947,94663,0
13339,23147,14913,36486,28252,38060,1
33479,93906,17156,127385,50635,111062,0
46696,55118,79707,101814,126403,134825,1
77743,18942,93190,96685,170933,112132,1
73552,97882,47987,171434,121539,145869,1
55273,71597,31026,126870,86299,102623,1
7105,19375,18534,26480,25639,37909,1
90007,48487,1968,138494,91975,50455,0
59712,40732,32266,100444,91978,72998,1
22174,4089,31160,26263,53334,35249,0
59425,73088,14618,132513,74043,87706,1
91693,32682,15571,124375,107264,48253,0
25530,51366,42281,76896,67811,93647,1
63218,74036,64066,137254,127284,138102,1
53115,13051,1000,66166,54115,14051,0
91206,5829,6834,97035,98040,12663,0
90263,22984,56847,113247,147110,79831,0
38070,96318,69472,134388,107542,165790,1
11340,74075,54806,85415,66146,128881,0
3876,25227,91785,29103,95661,117012,0
34324,95939,28029,130263,62353,123968,0
39158,38509,81731,77667,120889,120240,0
66574,56351,94287,122925,160861,150638,1
24059,28644,58865,52703,82924,87509,0
6047,39537,33682,45584,39729,73219,1
57929,65736,19524,123665,77453,85260,1
20649,77109,70590,97758,91239,147699,1
94667,3528,85788,98195,180455,89316,0
8544,67327,72314,75871,80858,139641,1
2694,33996,21059,36690,23753,55055,0
54001,79479,54306,133480,108307,133785,1
77676,94449,46610,172125,124286,141059,1
39110,40851,72827,79961,111937,113678,1
85483,53652,3694,139135,89177,57346,0
16026,30436,29490,46462,45516,59926,1
67996,62940,57497,130936,125493,120437,1
5122,4872,86240,9994,91362,91112,0
21263,96085,30261,117348,51524,126346,0
85396,3379,45945,88775,131341,49324,0
11939,1565,11722,13504,23661,13287,1
7734,16273,90211,24007,97945,106484,0
75991,95751,52859,171742,128850,148610,1
83659,25424,33917,109083,117576,59341,0
19308,99145,65522,118453,84830,164667,0
12830,7744,14173,20574,27003,21917,1
35976,82798,47279,118774,83255,130077,1
1270,62369,21233,63639,22503,83602,0
54638,83294,28666,137932,83304,111960,1
17016,36100,10097,53116,27113,46197,0
31114,74708,4564,105822,35678,79272,0
30337,66264,81148,96601,111485,147412,1
3562,69931,13214,73493,16776,83145,0
62042,37459,10367,99501,72409,47826,0
83993,81969,59840,165962,143833,141809,1
16627,42461,13317,59088,29944,55778,0
68684,771,37301,69455,105985,38072,0
12312,11028,96531,23340,108843,107559,0
61601,95062,79847,156663,141448,174909,1
88261,97766,49815,186027,138076,147581,1
19598,67583,18482,87181,38080,86065,0
61545,74350,65105,135895,126650,139455,1
26877,52359,58972,79236,85849,111331,1
27276,70650,3126,97926,30402,73776,0
90497,51038,65071,141535,155568,116109,1
76618,23207,59658,99825,136276,82865,1
26025,50572,38624,76597,64649,89196,1
60168,55346,36637,115514,96805,91983,1
13162,72835,60230,85997,73392,133065,1
78599,89531,45880,168130,124479,135411,1
76741,80368,37731,157109,114472,118099,1
52341,45599,64751,97940,117092,110350,1
21515,34600,69166,56115,90681,103766,0
61947,90732,82161,152679,144108,172893,1
50306,31827,36615,82133,86921,68442,1
97576,73931,71127,171507,168703,145058,1
42020,63906,47844,105926,89864,111750,1
48884,37216,78452,86100,127336,115668,1
75756,40962,43456,116718,119212,84418,1
77733,46328,74912,124061,152645,121240,1
48831,53445,23973,102276,72804,77418,1
69367,75374,85463,144741,154830,160837,1
16841,66832,23485,83673,40326,90317,0
8325,86674,15396,94999,23721,102070,0
63729,35312,96059,99041,159788,131371,1
46310,6380,19889,52690,66199,26269,0
52706,44075,65785,96781,118491,109860,1
29982,7575,7524,37557,37506,15099,0
88027,84866,79817,172893,167844,164683,1
23647,29121,34192,52768,57839,63313,1
27788,47462,44943,75250,72731,92405,1
30838,86828,53550,117666,84388,140378,0
23376,43473,13256,66849,36632,56729,0
41762,55188,9290,96950,51052,64478,0
11763,81133,10774,92896,22537,91907,0
18759,39661,28196,58420,46955,67857,1
62123,98618,82934,160741,145057,181552,1
33148,84115,6346,117263,39494,90461,0
46754,58548,84424,105302,131178,142972,1
28355,94804,7674,123159,36029,102478,0
26652,14881,56197,41533,82849,71078,0
65859,61810,45889,127669,111748,107699,1
55976,36012,98953,91988,154929,134965,0
93800,96828,41751,190628,135551,138579,1
73600,42443,57153,116043,130753,99596,1
91988,40835,39986,132823,131974,80821,0
12408,32094,77494,44502,89902,109588,0
72266,9804,53339,82070,125605,63143,0
12888,96500,32454,109388,45342,128954,0
21911,97038,53102,118949,75013,150140,0
39474,60311,79824,99785,119298,140135,1
42594,34671,466,77265,43060,35137,0
8579,19075,30278,27654,38857,49353,0
90947,19178,90542,110125,181489,109720,1
45778,37998,59775,83776,105553,97773,1
50956,20920,37013,71876,87969,57933,1
31572,21891,58221,53463,89793,80112,0
12272,5348,48349,17620,60621,53697,0
66106,68805,24767,134911,90873,93572,1
50778,65195,80918,115973,131696,146113,1
26442,56737,32201,83179,58643,88938,1
90703,83199,12205,173902,102908,95404,1
44233,19867,76698,64100,120931,96565,0
54622,86885,73841,141507,128463,160726,1
88491,94718,31367,183209,119858,126085,1
69755,11467,5533,81222,75288,17000,0
54190,34051,29053,88241,83243,63104,1
38467,31204,33530,69671,71997,64734,1
73258,91650,78770,164908,152028,170420,1
9716,87378,88846,97094,98562,176224,1
31136,19898,13930,51034,45066,33828,1
64566,32145,50728,96711,115294,82873,1
72698,45187,9305,117885,82003,54492,0
95313,94669,32362,189982,127675,127031,1
95373,81921,63308,177294,158681,145229,1
25154,94197,87388,119351,112542,181585,1
67752,18948,51346,86700,119098,70294,1
50605,69974,45846,120579,96451,115820,1
17186,4065,71198,21251,88384,75263,0
24035,72825,54087,96860,78122,126912,1
66543,76352,71948,142895,138491,148300,1
76831,26375,8916,103206,85747,35291,0
20339,73529,94921,93868,115260,168450,0
87532,12937,55043,100469,142575,67980,0
76038,575,80493,76613,156531,81068,0
2504,91077,6339,93581,8843,97416,0
64747,90966,3038,155713,67785,94004,0
28417,68737,9064,97154,37481,77801,0
35770,48921,83065,84691,118835,131986,1
87538,61838,68654,149376,156192,130492,1
95559,54601,56433,150160,151992,111034,1
91198,22083,64803,113281,156001,86886,0
17846,68753,26793,86599,44639,95546,0
3933,28391,91943,32324,95876,120334,0
11391,20758,4978,32149,16369,25736,0
51737,23881,13967,75618,65704,37848,0
51571,77547,65305,129118,116876,142852,1
10519,11330,19701,21849,30220,31031,1
34543,55568,30919,90111,65462,86487,1
24591,63128,1209,87719,25800,64337,0
72600,96964,43733,169564,116333,140697,1
92708,46980,53281,139688,145989,100261,1
59970,19804,74764,79774,134734,94568,1
41493,77937,15577,119430,57070,93514,0
30137,60525,53749,90662,83886,114274,1
9544,22661,84503,32205,94047,107164,0
41594,43981,23697,85575,65291,67678,1
73424,63752,18541,137176,91965,82293,1
46692,68373,64888,115065,111580,133261,1
92166,61125,97689,153291,189855,158814,1
8897,4279,41567,13176,50464,45846,0
56197,159,92230,56356,148427,92389,0
72921,14925,32033,87846,104954,46958,0
18230,32094,13024,50324,31254,45118,0
12852,14378,11711,27230,24563,26089,1
24002,67927,9082,91929,33084,77009,0
21704,11016,59894,32720,81598,70910,0
64968,53785,5371,118753,70339,59156,0
32048,30047,15704,62095,47752,45751,1
52805,91729,16904,144534,69709,108633,0
18574,23358,91702,41932,110276,115060,0
82216,40166,61075,122382,143291,101241,1
25106,29848,99814,54954,124920,129662,0
24791,78938,42097,103729,66888,121035,0
67225,80035,93806,147260,161031,173841,1
97569,62092,25082,159661,122651,87174,0
81184,4960,61205,86144,142389,66165,0
42736,3958,58856,46694,101592,62814,0
76621,37297,1906,113918,78527,39203,0
1083,12207,98431,13290,99514,110638,0
62791,58835,65061,121626,127852,123896,1
30197,15379,8070,45576,38267,23449,0
26554,6157,47466,32711,74020,53623,0
81948,12238,70033,94186,151981,82271,1
48178,43654,92485,91832,140663,136139,0
4976,9217,40058,14193,45034,49275,0
32668,98076,76191,130744,108859,174267,1
70480,10442,73092,80922,143572,83534,1
28618,51135,92934,79753,121552,144069,0
12977,72337,2970,85314,15947,75307,0
51728,9461,34788,61189,86516,44249,0
8922,98082,41479,107004,50401,139561,0
771,99257,29609,100028,30380,128866,0
84881,54671,8143,139552,93024,62814,0
57345,6959,70174,64304,127519,77133,0
16170,58859,9766,75029,25936,68625,0
42951,53001,10389,95952,53340,63390,1
68243,25503,19685,93746,87928,45188,0
26443,73301,43425,99744,69868,116726,0
29598,61569,24510,91167,54108,86079,0
70705,60784,36434,131489,107139,97218,1
20783,98968,2554,119751,23337,101522,0
18268,57830,95509,76098,113777,153339,0
55163,44442,5997,99605,61160,50439,0
28366,73198,98632,101564,126998,171830,1
21659,18775,34292,40434,55951,53067,1
25873,99506,37810,125379,63683,137316,0
81153,2874,59705,84027,140858,62579,0
41262,20359,2303,61621,43565,22662,0
39560,8331,80446,47891,120006,88777,0
72810,12571,20790,85381,93600,33361,0
34534,29235,95374,63769,129908,124609,0
46845,94550,32007,141395,78852,126557,0
84991,83082,56772,168073,141763,139854,1
31833,90161,39710,121994,71543,129871,0
6104,15099,4255,21203,10359,19354,0
23357,31242,19816,54599,43173,51058,1
63634,44960,49648,108594,113282,94608,1
77385,53034,33045,130419,110430,86079,1
60599,20838,13643,81437,74242,34481,0
83559,83432,93494,166991,177053,176926,1
86018,96737,82993,182755,169011,179730,1
46143,14433,28461,60576,74604,42894,0
23460,56206,20560,79666,44020,76766,0
32162,49466,79956,81628,112118,129422,1
76729,34242,94837,110971,171566,129079,1
21648,88739,5838,110387,27486,94577,0
9500,43780,8573,53280,18073,52353,0
8150,5043,97053,13193,105203,102096,0
41076,76945,59787,118021,100863,136732,1
29768,78536,61020,108304,90788,139556,1
46413,4865,3490,51278,49903,8355,0
66238,15830,54655,82068,120893,70485,1
73563,19983,70980,93546,144543,90963,1
26415,99517,67512,125932,93927,167029,0
83812,50910,38427,134722,122239,89337,1
22076,58938,45931,81014,68007,104869,1
98588,36592,96047,135180,194635,132639,1
80884,76061,25145,156945,106029,101206,1
92044,89485,27414,181529,119458,116899,1
22417,60112,58803,82529,81220,118915,1
70535,58836,61616,129371,132151,120452,1
80050,59098,15357,139148,95407,74455,0
84789,33702,28675,118491,113464,62377,0
41872,43597,66791,85469,108663,110388,1
50740,99639,84780,150379,135520,184419,1
53742,44577,75895,98319,129637,120472,1
10545,77209,13121,87754,23666,90330,0
38988,78370,66940,117358,105928,145310,1
85605,5278,31268,90883,116873,36546,0
95038,24609,72973,119647,168011,97582,1
59682,37811,43124,97493,102806,80935,1
33050,75710,42944,108760,75994,118654,1
59602,29162,85614,88764,145216,114776,1
77137,70423,50521,147560,127658,120944,1
98623,40141,76189,138764,174812,116330,1
21921,12977,84143,34898,106064,97120,0
93493,87630,71185,181123,164678,158815,1
61985,17843,62734,79828,124719,80577,1
47014,23155,64431,70169,111445,87586,1
9352,42754,31006,52106,40358,73760,0
88639,33609,1007,122248,89646,34616,0
64040,48400,65695,112440,129735,114095,1
77241,15395,80444,92636,157685,95839,1
6736,15385,55178,22121,61914,70563,0
40761,40088,78407,80849,119168,118495,1
67470,23052,440,90522,67910,23492,0
80715,54647,15507,135362,96222,70154,0
43822,8517,76366,52339,120188,84883,0
9875,45957,49177,55832,59052,95134,1
69236,66170,35006,135406,104242,101176,1
65774,84594,2514,150368,68288,87108,0
90548,6983,68785,97531,159333,75768,0
35085,45643,1770,80728,36855,47413,0
8419,28347,59674,36766,68093,88021,0
48431,47419,67342,95850,115773,114761,1
2067,61868,76963,63935,79030,138831,0
92197,45497,16737,137694,108934,62234,0
94830,25015,78976,119845,173806,103991,1
89294,68086,4962,157380,94256,73048,0
18777,76577,77350,95354,96127,153927,1
82876,61101,33256,143977,116132,94357,1
20545,89047,47749,109592,68294,136796,0
81393,26687,90672,108080,172065,117359,1
33615,60881,65798,94496,99413,126679,1
59721,53783,54660,113504,114381,108443,1
44399,28769,42517,73168,86916,71286,1
51334,78654,39508,129988,90842,118162,1
83472,872,59883,84344,143355,60755,0
54752,15573,41016,70325,95768,56589,1
22406,68878,29550,91284,51956,98428,0
60821,54356,28022,115177,88843,82378,1
32067,64157,88889,96224,120956,153046,1
84447,76869,624,161316,85071,77493,0
78053,87016,15799,165069,93852,102815,1
21937,16990,94915,38927,116852,111905,0
51774,29986,93454,81760,145228,123440,0
34989,88577,50743,123566,85732,139320,0
25240,9366,18055,34606,43295,27421,1
44458,46479,25671,90937,70129,72150,1
97015,56161,58602,153176,155617,114763,1
38876,50333,32726,89209,71602,83059,1
43086,49291,87027,92377,130113,136318,1
75437,23898,63941,99335,139378,87839,1
35026,17601,88581,52627,123607,106182,0
55948,80248,20283,136196,76231,100531,0
73220,4384,78849,77604,152069,83233,0
45690,4386,66961,50076,112651,71347,0
31499,12608,62910,44107,94409,75518,0
51365,48685,7646,100050,59011,56331,1
64065,63818,43825,127883,107890,107643,1
16857,37570,84884,54427,101741,122454,0
51999,78182,20963,130181,72962,99145,0
62049,52200,1154,114249,63203,53354,0
23362,88492,50788,111854,74150,139280,0
55790,13119,60963,68909,116753,74082,1
9745,37643,78399,47388,88144,116042,0
31692,91037,2170,122729,33862,93207,0
53523,88666,19632,142189,73155,108298,0
50456,59503,24968,109959,75424,84471,1
97370,49161,79067,146531,176437,128228,1
95842,45269,45078,141111,140920,90347,0
60338,83025,356,143363,60694,83381,0
21533,73243,27442,94776,48975,100685,0
85329,56414,32803,141743,118132,89217,1
80213,34279,57979,114492,138192,92258,1
80967,44132,89203,125099,170170,133335,1
42027,22075,35297,64102,77324,57372,1
24026,6418,75879,30444,99905,82297,0
82690,41091,14206,123781,96896,55297,0
95881,72937,66360,168818,162241,139297,1
71152,11881,40756,83033,111908,52637,0
49380,83517,14961,132897,64341,98478,0
1582,54413,30341,55995,31923,84754,0
95301,13324,83516,108625,178817,96840,1
34973,15711,4572,50684,39545,20283,0
62225,40596,27429,102821,89654,68025,1
11363,83961,37779,95324,49142,121740,0
36428,19497,12950,55925,49378,32447,0
94391,98160,45207,192551,139598,143367,1
39959,29889,80902,69848,120861,110791,0
33652,86188,28205,119840,61857,114393,0
43880,45344,40063,89224,83943,85407,1
28989,76744,35042,105733,64031,111786,0
44168,68877,174,113045,44342,69051,0
58734,93012,57832,151746,116566,150844,1
78195,97593,59342,175788,137537,156935,1
72407,21892,56381,94299,128788,78273,1
26777,75800,88105,102577,114882,163905,1
45280,90971,27978,136251,73258,118949,0
65962,11087,49886,77049,115848,60973,0
79970,59825,47951,139795,127921,107776,1
57400,87239,42486,144639,99886,129725,1
84015,6044,46615,90059,130630,52659,0
24474,4002,12162,28476,36636,16164,0
61852,46959,23018,108811,84870,69977,1
68140,83702,13520,151842,81660,97222,0
34796,41900,36597,76696,71393,78497,1
72704,557,65871,73261,138575,66428,0
23384,29228,17575,52612,40959,46803,1
99919,57869,44947,157788,144866,102816,1
98739,70469,6525,169208,105264,76994,0
61865,41848,97960,103713,159825,139808,1
6299,36825,67029,43124,73328,103854,0
13947,10926,43494,24873,57441,54420,0
93757,13701,79371,107458,173128,93072,0
48375,68653,62594,117028,110969,131247,1
51459,53764,44612,105223,96071,98376,1
15618,69719,83557,85337,99175,153276,1
74482,72341,46222,146823,120704,118563,1
53637,82728,67603,136365,121240,150331,1
89666,31869,93054,121535,182720,124923,1
73137,8215,37902,81352,111039,46117,0
35798,4497,68367,40295,104165,72864,0
80974,91915,40447,172889,121421,132362,1
87004,86700,24984,173704,111988,111684,1
26091,4121,6001,30212,32092,10122,0
13779,7286,16011,21065,29790,23297,1
70255,35314,49685,105569,119940,84999,1
46071,92381,7995,138452,54066,100376,0
32530,33170,84831,65700,117361,118001,0
36707,38196,70131,74903,106838,108327,1
28020,17954,42283,45974,70303,60237,1
77345,41338,94161,118683,171506,135499,1
35349,13475,85477,48824,120826,98952,0
843,34607,9088,35450,9931,43695,0
2420,51879,53714,54299,56134,105593,1
87320,40901,27632,128221,114952,68533,0
53344,48754,75729,102098,129073,124483,1
62433,92556,84294,154989,146727,176850,1
97586,44712,99045,142298,196631,143757,1
37476,30200,79725,67676,117201,109925,0
11080,20314,75428,31394,86508,95742,0
41635,11939,22428,53574,64063,34367,0
87609,23885,51369,111494,138978,75254,0
32981,16855,8131,49836,41112,24986,0
42180,3534,41478,45714,83658,45012,1
7325,10904,42088,18229,49413,52992,0
24989,78630,37952,103619,62941,116582,0
23274,69274,77860,92548,101134,147134,1
24854,92812,21770,117666,46624,114582,0
76345,72295,665,148640,77010,72960,0
54078,88037,11081,142115,65159,99118,0
5670,74682,18258,80352,23928,92940,0
5961,75182,90414,81143,96375,165596,0
35363,77811,62344,113174,97707,140155,1
76032,64453,78514,140485,154546,142967,1
43196,87158,55491,130354,98687,142649,1
72326,55974,4680,128300,77006,60654,0
8413,69685,5820,78098,14233,75505,0
30807,37990,82513,68797,113320,120503,0
82495,65123,1821,147618,84316,66944,0
81362,40743,98137,122105,179499,138880,1
19423,45126,22853,64549,42276,67979,0
39065,9816,62140,48881,101205,71956,0
35777,70839,87539,106616,123316,158378,1
51526,37240,12091,88766,63617,49331,0
63751,79824,445,143575,64196,80269,0
78903,59028,12841,137931,91744,71869,0
77613,82230,27851,159843,105464,110081,1
19570,74022,17684,93592,37254,91706,0
50148,10053,8783,60201,58931,18836,0
89702,55031,96367,144733,186069,151398,1
46979,98255,59145,145234,106124,157400,1
33622,5342,78220,38964,111842,83562,0
61135,44859,31292,105994,92427,76151,1
75900,20289,48671,96189,124571,68960,0
19593,82933,91868,102526,111461,174801,1
30644,40580,43948,71224,74592,84528,1
4957,65333,60096,70290,65053,125429,0
67868,50289,7822,118157,75690,58111,0
44126,78632,22133,122758,66259,100765,0
92113,94731,63778,186844,155891,158509,1
54385,52358,68465,106743,122850,120823,1
3523,2358,44292,5881,47815,46650,0
61637,54615,55875,116252,117512,110490,1
37688,48283,18260,85971,55948,66543,1
74271,19125,72227,93396,146498,91352,1
58577,21504,41350,80081,99927,62854,1
3582,86436,67829,90018,71411,154265,0
47976,75140,71913,123116,119889,147053,1
77237,53901,32873,131138,110110,86774,1
23027,24620,27311,47647,50338,51931,1
8476,24360,58946,32836,67422,83306,0
32989,63456,22611,96445,55600,86067,0
17471,90466,8562,107937,26033,99028,0
77499,89977,26996,167476,104495,116973,1
41993,92997,48808,134990,90801,141805,0
62954,24808,68932,87762,131886,93740,1
3989,731,36753,4720,40742,37484,0
71333,61507,31071,132840,102404,92578,1
95306,55176,56774,150482,152080,111950,1
25510,29007,16158,54517,41668,45165,1
98290,66173,72081,164463,170371,138254,1
43821,28080,61050,71901,104871,89130,1
98792,93295,49097,192087,147889,142392,1
45069,45242,69566,90311,114635,114808,1
47842,13053,12589,60895,60431,25642,0
42142,36524,11199,78666,53341,47723,1
77849,31593,96284,109442,174133,127877,1
2580,16669,23718,19249,26298,40387,0
53651,43515,36389,97166,90040,79904,1
48310,19468,42835,67778,91145,62303,1
66570,27791,84243,94361,150813,112034,1
31439,68443,22165,99882,53604,90608,0
57131,58779,32893,115910,90024,91672,1
91172,1394,6968,92566,98140,8362,0
44068,96184,58353,140252,102421,154537,1
67837,60155,86853,127992,154690,147008,1
17150,73686,88872,90836,106022,162558,1
64992,93035,1614,158027,66606,94649,0
23849,51290,35598,75139,59447,86888,1
47459,41925,83126,89384,130585,125051,1
2952,57806,81502,60758,84454,139308,0
59957,12330,79464,72287,139421,91794,0
14123,42696,83004,56819,97127,125700,0
98265,88599,26663,186864,124928,115262,1
5814,23640,24484,29454,30298,48124,1
77471,63515,57713,140986,135184,121228,1
852,46879,28485,47731,29337,75364,0
96504,83240,32888,179744,129392,116128,1
23972,13944,99190,37916,123162,113134,0
11348,97354,95995,108702,107343,193349,1
89029,31270,16720,120299,105749,47990,0
99872,95747,88517,195619,188389,184264,1
28469,54261,32646,82730,61115,86907,1
27980,57823,66965,85803,94945,124788,1
43770,72970,23371,116740,67141,96341,0
9973,342,72224,10315,82197,72566,0
12305,51006,69485,63311,81790,120491,0
18188,62409,86752,80597,104940,149161,0
59172,45898,5297,105070,64469,51195,0
97292,11478,3234,108770,100526,14712,0
7357,39131,91958,46488,99315,131089,0
58459,93014,96160,151473,154619,189174,1
36086,26669,9276,62755,45362,35945,0
35529,14728,2091,50257,37620,16819,0
88293,88018,88416,176311,176709,176434,1
94368,59605,76328,153973,170696,135933,1
29946,28611,72225,58557,102171,100836,0
9949,60696,72735,70645,82684,133431,0
47808,42852,29033,90660,76841,71885,1
67374,33748,8634,101122,76008,42382,0
53806,85344,67166,139150,120972,152510,1
10065,71615,81724,81680,91789,153339,0
62161,52370,48617,114531,110778,100987,1
57784,14854,37691,72638,95475,52545,0
10121,25678,35935,35799,46056,61613,0
88593,1475,74635,90068,163228,76110,0
70767,66152,82039,136919,152806,148191,1
36323,40332,49605,76655,85928,89937,1
54173,6489,9695,60662,63868,16184,0
44902,84507,75796,129409,120698,160303,1
95078,37611,6156,132689,101234,43767,0
53323,33662,36958,86985,90281,70620,1
26196,20509,3784,46705,29980,24293,0
36920,52110,27574,89030,64494,79684,1
29027,68980,88949,98007,117976,157929,1
75492,67848,23078,143340,98570,90926,1
99696,35065,74821,134761,174517,109886,1
19775,52114,79262,71889,99037,131376,0
32012,47599,19676,79611,51688,67275,1
40078,26709,93200,66787,133278,119909,0
80071,82466,87356,162537,167427,169822,1
48346,89564,89630,137910,137976,179194,1
93788,69899,37263,163687,131051,107162,1
16723,51352,65838,68075,82561,117190,1
80986,26894,30449,107880,111435,57343,0
68751,13040,43409,81791,112160,56449,0
1206,38836,61008,40042,62214,99844,0
58422,49044,32526,107466,90948,81570,1
62905,73276,93732,136181,156637,167008,1
69357,90876,75688,160233,145045,166564,1
16131,63483,11606,79614,27737,75089,0
90463,14235,41125,104698,131588,55360,0
53903,35645,33494,89548,87397,69139,1
35897,45764,78782,81661,114679,124546,1
67522,27297,71650,94819,139172,98947,1
23981,87218,98392,111199,122373,185610,1
31557,83623,81701,115180,113258,165324,1
37399,76505,23710,113904,61109,100215,0
50378,37320,51829,87698,102207,89149,1
87755,8848,72689,96603,160444,81537,0
33471,11142,409,44613,33880,11551,0
28864,96964,78842,125828,107706,175806,1
99369,56900,21793,156269,121162,78693,0
97873,94225,14411,192098,112284,108636,1
16227,40345,35386,56572,51613,75731,1
90481,21373,62889,111854,153370,84262,0
88771,17851,74779,106622,163550,92630,1
59017,84436,55476,143453,114493,139912,1
47244,36065,81459,83309,128703,117524,1
66149,99335,96890,165484,163039,196225,1
13762,18327,8411,32089,22173,26738,1
99605,41791,69883,141396,169488,111674,1
66245,25356,93010,91601,159255,118366,0
8537,78522,49152,87059,57689,127674,0
30431,56395,55462,86826,85893,111857,1
19219,86397,26610,105616,45829,113007,0
13078,1473,21090,14551,34168,22563,0
7166,5443,24750,12609,31916,30193,0
66291,97520,20478,163811,86769,117998,0
41145,20405,43211,61550,84356,63616,1
4889,20804,44309,25693,49198,65113,0
3894,62910,78303,66804,82197,141213,0
75571,84667,40068,160238,115639,124735,1
13048,22553,11502,35601,24550,34055,1
52095,47983,21019,100078,73114,69002,1
41146,34156,11770,75302,52916,45926,1
96547,43710,92150,140257,188697,135860,1
26429,2394,97207,28823,123636,99601,0
25897,3363,52343,29260,78240,55706,0
43772,32478,90476,76250,134248,122954,0
89190,17160,87424,106350,176614,104584,1
11611,53839,30721,65450,42332,84560,0
56032,60109,6115,116141,62147,66224,1
97396,76428,20521,173824,117917,96949,0
97832,57551,93486,155383,191318,151037,1
35803,8760,83862,44563,119665,92622,0
78871,61589,29924,140460,108795,91513,1
48540,41970,5707,90510,54247,47677,0
49404,38923,20395,88327,69799,59318,1
94233,91736,37523,185969,131756,129259,1
17900,8191,96382,26091,114282,104573,0
79313,8755,21676,88068,100989,30431,0
8266,30662,71628,38928,79894,102290,0
31293,58754,47825,90047,79118,106579,1
96459,20605,98729,117064,195188,119334,1
15354,50291,45033,65645,60387,95324,1
24129,98991,67803,123120,91932,166794,0
42385,22204,98446,64589,140831,120650,0
86823,91958,3370,178781,90193,95328,0
91995,64336,67902,156331,159897,132238,1
68924,49674,26717,118598,95641,76391,1
42181,54746,75301,96927,117482,130047,1
86706,89156,94450,175862,181156,183606,1
72378,36715,63624,109093,136002,100339,1
25004,1636,36798,26640,61802,38434,0
62278,4237,30999,66515,93277,35236,0
59478,54002,85418,113480,144896,139420,1
80032,39383,29377,119415,109409,68760,0
19000,47256,16260,66256,35260,63516,0
70792,59698,11071,130490,81863,70769,0
70938,42365,55262,113303,126200,97627,1
67375,5628,34023,73003,101398,39651,0
26052,40430,73930,66482,99982,114360,0
72286,27569,41319,99855,113605,68888,0
39207,53004,9556,92211,48763,62560,0
84941,28382,80109,113323,165050,108491,1
91140,82519,39747,173659,130887,122266,1
42649,51005,22742,93654,65391,73747,1
85105,89999,12127,175104,97232,102126,1
69922,41274,81168,111196,151090,122442,1
26455,90017,24774,116472,51229,114791,0
52504,50594,25819,103098,78323,76413,1
78411,22802,63045,101213,141456,85847,1
74252,43789,24008,118041,98260,67797,0
78537,36707,31304,115244,109841,68011,0
24881,11730,69220,36611,94101,80950,0
35520,16718,8539,52238,44059,25257,0
696,31228,93769,31924,94465,124997,0
8139,63108,99458,71247,107597,162566,0
40655,27248,95534,67903,136189,122782,0
51705,36412,79243,88117,130948,115655,1
60986,23283,37877,84269,98863,61160,1
37576,37547,85004,75123,122580,122551,0
23493,93412,26951,116905,50444,120363,0
52279,84330,42359,136609,94638,126689,1
44559,2447,16066,47006,60625,18513,0
65876,97665,2972,163541,68848,100637,0
47365,55220,97355,102585,144720,152575,1
17235,62463,33725,79698,50960,96188,0
25843,45339,36976,71182,62819,82315,1
32074,21650,34227,53724,66301,55877,1
17844,99963,73589,117807,91433,173552,0
66181,30716,7204,96897,73385,37920,0
98218,21410,46289,119628,144507,67699,0
40122,28419,74294,68541,114416,102713,0
30851,7164,41845,38015,72696,49009,0
68975,48803,95326,117778,164301,144129,1
78489,5227,92126,83716,170615,97353,0
99524,48415,97443,147939,196967,145858,1
55071,99853,36214,154924,91285,136067,0
45840,9805,38384,55645,84224,48189,1
33131,16478,10073,49609,43204,26551,0
29255,27309,70028,56564,99283,97337,0
80147,82003,435,162150,80582,82438,0
81531,76407,97711,157938,179242,174118,1
18739,92258,5374,110997,24113,97632,0
54349,91710,66039,146059,120388,157749,1
44751,16941,14585,61692,59336,31526,0
66158,35885,83092,102043,149250,118977,1
39937,77491,19577,117428,59514,97068,0
93053,67292,44825,160345,137878,112117,1
90769,84162,93150,174931,183919,177312,1
33207,19729,5011,52936,38218,24740,0
63909,6947,56619,70856,120528,63566,0
11303,33970,4562,45273,15865,38532,0
26988,82548,34697,109536,61685,117245,0
82863,66032,70837,148895,153700,136869,1
61455,34167,51146,95622,112601,85313,1
76459,43779,7478,120238,83937,51257,0
661,95116,7428,95777,8089,102544,0
67772,17815,41566,85587,109338,59381,0
45106,364,34233,45470,79339,34597,0
69492,94024,42413,163516,111905,136437,1
47487,4755,20266,52242,67753,25021,0
83223,48410,82276,131633,165499,130686,1
54189,33523,44677,87712,98866,78200,1
87107,30736,72724,117843,159831,103460,1
7762,4126,12831,11888,20593,16957,0
88091,85357,24835,173448,112926,110192,1
36236,82608,72183,118844,108419,154791,1
75629,28816,58464,104445,134093,87280,1
902,38730,29766,39632,30668,68496,0
61356,90705,34911,152061,96267,125616,1
25776,67564,2753,93340,28529,70317,0
64728,97085,92539,161813,157267,189624,1
48553,56773,38904,105326,87457,95677,1
31170,61691,28593,92861,59763,90284,0
92550,1099,48084,93649,140634,49183,0
88721,43987,33487,132708,122208,77474,0
63459,97373,86573,160832,150032,183946,1
14134,36723,26192,50857,40326,62915,1
38396,88654,89598,127050,127994,178252,1
42189,13463,80009,55652,122198,93472,0
54934,19088,91719,74022,146653,110807,0
57889,22475,72462,80364,130351,94937,1
18238,25648,48113,43886,66351,73761,0
92526,71889,88891,164415,181417,160780,1
14324,64715,48579,79039,62903,113294,0
53963,31031,17492,84994,71455,48523,0
36443,81693,89939,118136,126382,171632,1
5091,37148,21097,42239,26188,58245,0
25324,96180,25199,121504,50523,121379,0
5699,43253,73012,48952,78711,116265,0
65742,52465,90586,118207,156328,143051,1
9908,16546,28120,26454,38028,44666,0
52434,66753,10634,119187,63068,77387,0
92942,78828,5501,171770,98443,84329,0
23053,99091,46074,122144,69127,145165,0
68415,76639,27442,145054,95857,104081,1
67190,85777,53672,152967,120862,139449,1
82141,69725,51954,151866,134095,121679,1
74791,22467,69795,97258,144586,92262,1
98278,88083,72825,186361,171103,160908,1
96429,47726,35498,144155,131927,83224,0
81621,78084,68956,159705,150577,147040,1
82438,36858,41560,119296,123998,78418,0
4744,96818,14896,101562,19640,111714,0
49033,47725,18473,96758,67506,66198,1
18734,77887,89843,96621,108577,167730,1
9431,66359,69642,75790,79073,136001,1
4968,94041,13161,99009,18129,107202,0
38533,4269,84457,42802,122990,88726,0
96319,80939,72913,177258,169232,153852,1
59304,71946,40286,131250,99590,112232,1
76053,38454,24957,114507,101010,63411,0
86208,52947,7440,139155,93648,60387,0
70146,11144,82674,81290,152820,93818,0
65387,8073,65461,73460,130848,73534,1
77703,50387,6184,128090,83887,56571,0
48187,45748,6864,93935,55051,52612,1
71359,82139,75948,153498,147307,158087,1
11848,26890,46279,38738,58127,73169,0
92528,34225,37753,126753,130281,71978,0
16819,56327,84179,73146,100998,140506,0
31621,22716,16889,54337,48510,39605,1
90379,75738,94156,166117,184535,169894,1
91699,65425,55281,157124,146980,120706,1
79443,72481,89313,151924,168756,161794,1
92958,3898,39098,96856,132056,42996,0
99981,65167,29089,165148,129070,94256,0
78205,50346,3350,128551,81555,53696,0
24787,46410,70760,71197,95547,117170,1
70408,97468,77369,167876,147777,174837,1
11087,26225,50996,37312,62083,77221,0
28671,79895,89522,108566,118193,169417,1
5681,60719,11374,66400,17055,72093,0
63585,2681,44471,66266,108056,47152,0
79918,86438,35047,166356,114965,121485,1
12919,21383,10900,34302,23819,32283,1
32045,28974,74577,61019,106622,103551,0
22186,4149,85849,26335,108035,89998,0
41519,3071,32248,44590,73767,35319,0
58640,32323,99632,90963,158272,131955,0
55638,1632,18596,57270,74234,20228,0
7035,44333,95617,51368,102652,139950,0
95715,42283,40047,137998,135762,82330,0
71278,1830,3249,73108,74527,5079,0
16603,81190,57856,97793,74459,139046,0
37528,23225,8252,60753,45780,31477,0
84002,50135,41692,134137,125694,91827,1
51689,58318,53993,110007,105682,112311,1
27942,85407,94354,113349,122296,179761,1
64366,90126,42591,154492,106957,132717,1
69096,37073,72934,106169,142030,110007,1
46509,32899,85291,79408,131800,118190,0
79576,82186,98496,161762,178072,180682,1
67296,1746,48481,69042,115777,50227,0
56327,82432,6221,138759,62548,88653,0
82080,13140,18902,95220,100982,32042,0
50759,58221,8978,108980,59737,67199,1
2832,39589,25070,42421,27902,64659,0
45397,10833,16658,56230,62055,27491,0
50539,36733,18333,87272,68872,55066,1
95406,23993,13259,119399,108665,37252,0
91944,10301,54637,102245,146581,64938,0
33405,89737,89250,123142,122655,178987,1
94556,62665,22209,157221,116765,84874,0
75485,61797,61295,137282,136780,123092,1
99731,78402,49849,178133,149580,128251,1
78531,49376,70679,127907,149210,120055,1
79770,42109,56143,121879,135913,98252,1
52626,63562,86899,116188,139525,150461,1
57407,96078,2449,153485,59856,98527,0
75992,14401,86019,90393,162011,100420,1
29769,55577,2990,85346,32759,58567,0
47060,8583,1673,55643,48733,10256,0
25301,76091,74633,101392,99934,150724,1
83959,7947,72265,91906,156224,80212,0
74334,93220,92300,167554,166634,185520,1
79869,44046,95399,123915,175268,139445,1
38263,62431,52315,100694,90578,114746,1
83067,35980,97762,119047,180829,133742,1
20855,60763,73009,81618,93864,133772,1
57854,96546,98079,154400,155933,194625,1
49511,76081,14751,125592,64262,90832,0
53130,79455,23828,132585,76958,103283,0
3417,57078,51992,60495,55409,109070,0
72613,43819,1501,116432,74114,45320,0
80907,85316,37297,166223,118204,122613,1
38420,7927,17957,46347,56377,25884,0
77480,63106,3629,140586,81109,66735,0
95861,50431,85511,146292,181372,135942,1
21714,10812,94324,32526,116038,105136,0
8487,84070,98189,92557,106676,182259,0
49784,41231,106,91015,49890,41337,0
89402,85717,73102,175119,162504,158819,1
67570,85736,58822,153306,126392,144558,1
72035,37366,50696,109401,122731,88062,1
58305,11849,21442,70154,79747,33291,0
26264,79808,60094,106072,86358,139902,1
1533,53286,35071,54819,36604,88357,0
65941,40045,75618,105986,141559,115663,1
55991,9002,11862,64993,67853,20864,0
95745,47010,53884,142755,149629,100894,1
88175,99626,74873,187801,163048,174499,1
40562,51197,5412,91759,45974,56609,0
87471,10767,61893,98238,149364,72660,0
24230,45470,12489,69700,36719,57959,0
83249,66842,62079,150091,145328,128921,1
62294,79969,42976,142263,105270,122945,1
27520,55240,41586,82760,69106,96826,1
18181,89208,44076,107389,62257,133284,0
39720,81011,39336,120731,79056,120347,0
52267,54697,46885,106964,99152,101582,1
69312,27093,45010,96405,114322,72103,1
6925,3381,64091,10306,71016,67472,0
35826,43500,22308,79326,58134,65808,1
85150,22508,69433,107658,154583,91941,1
21210,74728,53464,95938,74674,128192,0
97586,65421,69046,163007,166632,134467,1
83060,70772,25952,153832,109012,96724,1
97536,61572,36528,159108,134064,98100,1
50330,79439,2029,129769,52359,81468,0
99186,55938,26403,155124,125589,82341,0
95471,97720,33086,193191,128557,130806,1
6974,53043,93222,60017,100196,146265,0
46226,6072,7222,52298,53448,13294,0
73440,19184,4703,92624,78143,23887,0
88925,72640,85377,161565,174302,158017,1
49449,40923,61712,90372,111161,102635,1
22069,72083,5651,94152,27720,77734,0
8483,13459,86774,21942,95257,100233,0
43402,29658,80559,73060,123961,110217,0
14710,26574,94264,41284,108974,120838,0
88769,20511,11657,109280,100426,32168,0
56614,49959,66618,106573,123232,116577,1
3460,45059,47559,48519,51019,92618,1
62675,15897,80526,78572,143201,96423,0
60231,52634,49459,112865,109690,102093,1
38445,39128,54276,77573,92721,93404,1
85934,61601,2315,147535,88249,63916,0
89102,69884,68604,158986,157706,138488,1
36424,1479,38137,37903,74561,39616,0
47960,46569,92741,94529,140701,139310,1
88585,2732,80120,91317,168705,82852,0
57979,48261,77924,106240,135903,126185,1
22482,50775,38881,73257,61363,89656,1
10172,7034,87348,17206,97520,94382,0
50270,13047,89705,63317,139975,102752,0
94380,69053,67011,163433,161391,136064,1
86015,9221,53986,95236,140001,63207,0
10820,96531,99329,107351,110149,195860,1
66122,84310,31770,150432,97892,116080,1
10383,5816,9836,16199,20219,15652,1
89133,17102,92297,106235,181430,109399,1
96863,86129,41279,182992,138142,127408,1
89139,95742,11554,184881,100693,107296,1
80770,80442,81732,161212,162502,162174,1
4685,8353,69831,13038,74516,78184,0
30849,74361,19841,105210,50690,94202,0
13814,56256,94479,70070,108293,150735,0
54325,35750,71423,90075,125748,107173,1
74468,74483,97096,148951,171564,171579,1
1974,69146,9164,71120,11138,78310,0
96963,30196,42887,127159,139850,73083,0
78354,62351,64800,140705,143154,127151,1
34865,31736,59439,66601,94304,91175,1
25090,91510,85904,116600,110994,177414,1
21693,18113,23276,39806,44969,41389,1
66956,1351,13523,68307,80479,14874,0
35523,85565,64787,121088,100310,150352,1
26781,34916,79167,61697,105948,114083,0
79042,62166,2745,141208,81787,64911,0
53885,17985,36873,71870,90758,54858,1
55178,55487,11421,110665,66599,66908,1
75677,46185,58854,121862,134531,105039,1
82773,42711,40386,125484,123159,83097,1
95050,72845,38962,167895,134012,111807,1
28316,41767,90647,70083,118963,132414,0
27266,90414,92169,117680,119435,182583,1
91595,43291,44116,134886,135711,87407,0
73805,43146,7083,116951,80888,50229,0
79778,17126,93056,96904,172834,110182,1
58562,66414,71162,124976,129724,137576,1
59548,23000,54550,82548,114098,77550,1
64356,17199,91108,81555,155464,108307,0
78129,48814,42464,126943,120593,91278,1
57694,90428,2353,148122,60047,92781,0
91788,83473,33322,175261,125110,116795,1
77128,24853,67650,101981,144778,92503,1
24167,67345,83413,91512,107580,150758,1
51456,94543,48278,145999,99734,142821,1
77259,22347,1083,99606,78342,23430,0
27525,68564,6900,96089,34425,75464,0
73752,53669,65496,127421,139248,119165,1
46148,79427,79897,125575,126045,159324,1
78921,2758,95820,81679,174741,98578,0
2046,80275,52878,82321,54924,133153,0
79376,41824,29344,121200,108720,71168,0
48563,50321,49620,98884,98183,99941,1
61412,77385,19906,138797,81318,97291,1
4895,9376,7898,14271,12793,17274,1
80197,91044,94760,171241,174957,185804,1
75635,73170,45599,148805,121234,118769,1
17921,44737,58976,62658,76897,103713,1
56949,40676,59719,97625,116668,100395,1
62242,78216,82792,140458,145034,161008,1
29185,12834,27172,42019,56357,40006,1
33282,46897,82805,80179,116087,129702,0
89202,94291,36717,183493,125919,131008,1
41508,47150,16106,88658,57614,63256,1
49208,47707,99318,96915,148526,147025,0
33714,43393,51580,77107,85294,94973,1
43354,97505,93053,140859,136407,190558,1
3507,14272,84309,17779,87816,98581,0
49960,83420,14730,133380,64690,98150,0
38013,1887,19466,39900,57479,21353,0
3028,5623,90880,8651,93908,96503,0
47811,13417,90700,61228,138511,104117,0
91477,40596,69387,132073,160864,109983,1
50585,99307,95034,149892,145619,194341,1
76493,35140,73248,111633,149741,108388,1
92947,27027,76045,119974,168992,103072,1
16112,92356,46313,108468,62425,138669,0
90863,75768,79629,166631,170492,155397,1
98197,37582,31271,135779,129468,68853,0
37134,58541,89158,95675,126292,147699,1
89417,64872,61697,154289,151114,126569,1
50611,93794,68436,144405,119047,162230,1
43277,58102,48838,101379,92115,106940,1
60456,89772,83556,150228,144012,173328,1
52113,14835,47192,66948,99305,62027,1
29837,13492,20012,43329,49849,33504,1
39394,82974,93440,122368,132834,176414,1
40543,61385,24297,101928,64840,85682,1
30715,63303,80543,94018,111258,143846,1
48699,8360,32064,57059,80763,40424,0
33142,72040,15903,105182,49045,87943,0
89542,23054,63037,112596,152579,86091,0
87320,47287,58089,134607,145409,105376,1
39747,1102,50459,40849,90206,51561,0
35929,68139,24773,104068,60702,92912,0
6727,70117,83150,76844,89877,153267,0
11050,14854,61774,25904,72824,76628,0
49563,50468,34213,100031,83776,84681,1
18415,69739,26771,88154,45186,96510,0
54629,27484,88482,82113,143111,115966,0
54765,21649,42688,76414,97453,64337,1
38859,93088,60167,131947,99026,153255,1
9926,90485,81459,100411,91385,171944,1
50281,84516,60113,134797,110394,144629,1
83930,15457,75957,99387,159887,91414,1
60362,24398,38662,84760,99024,63060,1
67169,65217,10535,132386,77704,75752,1
16318,93130,51297,109448,67615,144427,0
77404,16631,53631,94035,131035,70262,0
43604,70320,94454,113924,138058,164774,1
20869,25545,45231,46414,66100,70776,1
89703,77099,18485,166802,108188,95584,1
68997,14861,76570,83858,145567,91431,1
10764,89731,80739,100495,91503,170470,1
93667,50963,15989,144630,109656,66952,0
94143,74354,98842,168497,192985,173196,1
29932,54442,83842,84374,113774,138284,1
61600,89639,77580,151239,139180,167219,1
96482,22035,42935,118517,139417,64970,0
64411,64175,76275,128586,140686,140450,1
91281,12242,83734,103523,175015,95976,1
44677,13792,68520,58469,113197,82312,0
23884,47902,11655,71786,35539,59557,0
21464,32517,87995,53981,109459,120512,0
99828,56965,13135,156793,112963,70100,0
21067,55123,21472,76190,42539,76595,0
30980,79479,33386,110459,64366,112865,0
98917,44229,65162,143146,164079,109391,1
95841,14247,97011,110088,192852,111258,1
18089,23609,4000,41698,22089,27609,0
46453,14153,43921,60606,90374,58074,1
27509,3609,52022,31118,79531,55631,0
18660,78030,2905,96690,21565,80935,0
94955,2622,19890,97577,114845,22512,0
45299,6620,25561,51919,70860,32181,0
65146,50258,74697,115404,139843,124955,1
14025,23491,67612,37516,81637,91103,0
82962,85230,45917,168192,128879,131147,1
72020,61362,80559,133382,152579,141921,1
98470,80648,75890,179118,174360,156538,1
64523,4137,92142,68660,156665,96279,0
86005,26575,20571,112580,106576,47146,0
618,10979,33540,11597,34158,44519,0
88240,26716,69840,114956,158080,96556,1
1801,95754,2053,97555,3854,97807,0
44301,70643,32042,114944,76343,102685,1
92027,54825,91199,146852,183226,146024,1
90125,6364,84097,96489,174222,90461,1
34946,84016,2288,118962,37234,86304,0
18484,87770,71653,106254,90137,159423,1
12912,94470,686,107382,13598,95156,0
83010,97372,37624,180382,120634,134996,1
17392,58665,10886,76057,28278,69551,0
87803,76982,68330,164785,156133,145312,1
48515,53007,8289,101522,56804,61296,1
78677,91595,15864,170272,94541,107459,1
38213,24101,49830,62314,88043,73931,1
48532,65836,67415,114368,115947,133251,1
12956,38439,58090,51395,71046,96529,0
49247,33189,15831,82436,65078,49020,0
11694,46909,90509,58603,102203,137418,0
34440,2138,2421,36578,36861,4559,0
66221,30718,13835,96939,80056,44553,0
99526,41305,80429,140831,179955,121734,1
3219,36456,18113,39675,21332,54569,0
19978,88393,25713,108371,45691,114106,0
71482,23942,50374,95424,121856,74316,1
48083,74468,74157,122551,122240,148625,1
49208,47286,48143,96494,97351,95429,1
10997,35252,62443,46249,73440,97695,0
38733,88221,65248,126954,103981,153469,1
23328,208,2007,23536,25335,2215,0
6531,40284,2513,46815,9044,42797,0
44889,47936,25518,92825,70407,73454,1
83024,9139,37349,92163,120373,46488,0
29755,68945,47299,98700,77054,116244,1
84554,10917,81909,95471,166463,92826,1
48610,46461,65384,95071,113994,111845,1
47174,91400,18358,138574,65532,109758,0
94708,62418,38549,157126,133257,100967,1
45695,74965,47864,120660,93559,122829,1
80102,36868,72911,116970,153013,109779,1
44262,84128,39514,128390,83776,123642,0
65432,41726,28153,107158,93585,69879,1
52761,79775,38198,132536,90959,117973,1
18435,9234,52286,27669,70721,61520,0
28610,33340,91104,61950,119714,124444,0
58148,66437,89811,124585,147959,156248,1
11435,46344,45821,57779,57256,92165,1
82119,55345,62899,137464,145018,118244,1
80352,26331,91562,106683,171914,117893,1
95142,37316,37106,132458,132248,74422,0
89471,46010,26097,135481,115568,72107,0
44716,26848,14176,71564,58892,41024,0
23653,24253,64747,47906,88400,89000,0
95306,62791,91009,158097,186315,153800,1
47871,75656,32003,123527,79874,107659,1
51483,91925,84140,143408,135623,176065,1
21514,79502,23575,101016,45089,103077,0
48415,96416,73541,144831,121956,169957,1
75440,43456,63674,118896,139114,107130,1
17889,85927,57434,103816,75323,143361,0
41085,8516,63592,49601,104677,72108,0
52674,82964,76798,135638,129472,159762,1
6875,14740,45626,21615,52501,60366,0
67103,4659,30880,71762,97983,35539,0
11068,52558,39569,63626,50637,92127,0
25114,59436,83279,84550,108393,142715,1
26824,21021,87521,47845,114345,108542,0
73513,8093,17109,81606,90622,25202,0
53249,593,95191,53842,148440,95784,0
75480,96529,9236,172009,84716,105765,0
87244,91690,87212,178934,174456,178902,1
35547,89087,34650,124634,70197,123737,0
55768,80858,72270,136626,128038,153128,1
92083,72227,48963,164310,141046,121190,1
70199,77612,51458,147811,121657,129070,1
81801,70393,88111,152194,169912,158504,1
78956,22685,81848,101641,160804,104533,1
48391,88031,49494,136422,97885,137525,1
59526,39274,716,98800,60242,39990,0
55919,6506,26165,62425,82084,32671,0
26268,25239,80493,51507,106761,105732,0
9933,49582,97768,59515,107701,147350,0
69672,92894,29322,162566,98994,122216,1
84473,91332,42856,175805,127329,134188,1
33354,68611,2163,101965,35517,70774,0
20499,28606,4097,49105,24596,32703,0
3244,60934,11573,64178,14817,72507,0
5238,74853,95824,80091,101062,170677,0
36975,80064,77050,117039,114025,157114,1
7116,11039,81517,18155,88633,92556,0
75058,36094,18665,111152,93723,54759,0
46677,8819,12110,55496,58787,20929,0
14133,12804,82751,26937,96884,95555,0
34077,29213,86114,63290,120191,115327,0
62806,94662,22949,157468,85755,117611,0
83842,23807,28144,107649,111986,51951,0
94104,14940,91211,109044,185315,106151,1
46063,88702,9362,134765,55425,98064,0
34715,7957,28583,42672,63298,36540,1
98501,77716,50567,176217,149068,128283,1
5952,48933,8331,54885,14283,57264,0
51709,57773,65029,109482,116738,122802,1
48987,74521,75140,123508,124127,149661,1
42960,27983,23026,70943,65986,51009,1
61598,45698,26597,107296,88195,72295,1
86719,4142,72997,90861,159716,77139,0
68934,46484,1789,115418,70723,48273,0
55262,46869,9774,102131,65036,56643,1
99456,81973,38333,181429,137789,120306,1
23220,20155,720,43375,23940,20875,0
15101,47245,53008,62346,68109,100253,1
10310,56369,25806,66679,36116,82175,0
72438,61947,27328,134385,99766,89275,1
2466,1298,51064,3764,53530,52362,0
7305,51258,8615,58563,15920,59873,0
49725,81594,46903,131319,96628,128497,1
94699,55746,47935,150445,142634,103681,1
63713,96902,31423,160615,95136,128325,0
82730,77919,74678,160649,157408,152597,1
73333,47481,40442,120814,113775,87923,1
96920,93912,55885,190832,152805,149797,1
14504,78713,85082,93217,99586,163795,1
27043,75427,97273,102470,124316,172700,1
50295,24269,42359,74564,92654,66628,1
60130,23599,97499,83729,157629,121098,0
15894,66126,75839,82020,91733,141965,1
92905,68485,94914,161390,187819,163399,1
92762,24241,8105,117003,100867,32346,0
2723,56474,26090,59197,28813,82564,0
22899,36482,58799,59381,81698,95281,1
73461,35148,4626,108609,78087,39774,0
14716,26926,41981,41642,56697,68907,0
65118,56133,78418,121251,143536,134551,1
81922,3665,50092,85587,132014,53757,0
44943,92095,47093,137038,92036,139188,0
94764,71048,23961,165812,118725,95009,1
98979,19440,5158,118419,104137,24598,0
54800,43820,79580,98620,134380,123400,1
63580,61812,3094,125392,66674,64906,1
66658,7483,80412,74141,147070,87895,0
75099,74555,23176,149654,98275,97731,1
42925,8366,20005,51291,62930,28371,0
84760,10851,5587,95611,90347,16438,0
84290,10551,42727,94841,127017,53278,0
50904,51453,43669,102357,94573,95122,1
68963,91478,27518,160441,96481,118996,1
18370,29101,92324,47471,110694,121425,0
72319,83818,53150,156137,125469,136968,1
81769,35584,11478,117353,93247,47062,0
44312,46242,78827,90554,123139,125069,1
57846,54366,81582,112212,139428,135948,1
36531,45902,84991,82433,121522,130893,0
6381,38543,99546,44924,105927,138089,0
21334,30045,71866,51379,93200,101911,0
22734,53715,95453,76449,118187,149168,0
68300,41559,61659,109859,129959,103218,1
94852,87174,9847,182026,104699,97021,1
77467,21366,28991,98833,106458,50357,0
73125,4208,69617,77333,142742,73825,1
95306,48319,30694,143625,126000,79013,0
445,38010,5698,38455,6143,43708,0
14228,20297,83907,34525,98135,104204,0
63813,12679,23735,76492,87548,36414,0
78429,913,75891,79342,154320,76804,0
9792,51344,98706,61136,108498,150050,0
10871,94447,51172,105318,62043,145619,0
2437,89315,86849,91752,89286,176164,0
7270,14295,32474,21565,39744,46769,0
99148,22907,47016,122055,146164,69923,0
34754,33771,65279,68525,100033,99050,1
41065,358,62551,41423,103616,62909,0
7943,1439,60875,9382,68818,62314,0
54516,9897,70126,64413,124642,80023,0
22068,87568,89999,109636,112067,177567,1
82906,582,14140,83488,97046,14722,0
48617,56367,19703,104984,68320,76070,1
37296,71276,64420,108572,101716,135696,1
71261,19304,62179,90565,133440,81483,1
98687,78752,12874,177439,111561,91626,0
19698,63110,54287,82808,73985,117397,1
61234,69004,29562,130238,90796,98566,1
6004,79213,87511,85217,93515,166724,0
71043,18026,22294,89069,93337,40320,0
34102,31217,49231,65319,83333,80448,1
46856,40745,33382,87601,80238,74127,1
74353,50877,72074,125230,146427,122951,1
34474,56268,51242,90742,85716,107510,1
74481,94560,93823,169041,168304,188383,1
94935,29847,60189,124782,155124,90036,0
42606,35298,12115,77904,54721,47413,1
22136,22675,2043,44811,24179,24718,1
84794,23290,22519,108084,107313,45809,0
56331,32000,55314,88331,111645,87314,1
40375,811,10052,41186,50427,10863,0
69864,59090,96725,128954,166589,155815,1
45460,86346,27049,131806,72509,113395,0
36218,76671,63535,112889,99753,140206,1
82927,87143,9987,170070,92914,97130,1
57489,65839,7457,123328,64946,73296,0
59205,99090,60932,158295,120137,160022,1
67515,58925,7753,126440,75268,66678,0
74517,34723,93624,109240,168141,128347,1
71739,63321,38420,135060,110159,101741,1
4145,4418,55834,8563,59979,60252,0
89402,7860,50545,97262,139947,58405,0
44941,11035,98048,55976,142989,109083,0
23463,5775,28883,29238,52346,34658,1
25220,8614,74719,33834,99939,83333,0
18923,17158,59000,36081,77923,76158,0
69674,72448,33097,142122,102771,105545,1
80853,56806,19279,137659,100132,76085,0
96576,16989,35991,113565,132567,52980,0
54774,76647,39720,131421,94494,116367,1
64321,325,55610,64646,119931,55935,0
11891,8174,86971,20065,98862,95145,0
56785,30622,26307,87407,83092,56929,1
92525,18370,91726,110895,184251,110096,1
57788,65246,4628,123034,62416,69874,0
11663,77492,91219,89155,102882,168711,0
7174,97580,17882,104754,25056,115462,0
95599,66780,99875,162379,195474,166655,1
8611,16019,38402,24630,47013,54421,0
77192,91790,12616,168982,89808,104406,0
74240,60536,15731,134776,89971,76267,1
77856,10713,19279,88569,97135,29992,0
30493,58842,61007,89335,91500,119849,1
60294,93564,19056,153858,79350,112620,0
21356,20141,35215,41497,56571,55356,1
20450,8818,19333,29268,39783,28151,1
91177,95830,58572,187007,149749,154402,1
3995,47957,9534,51952,13529,57491,0
3110,91879,64095,94989,67205,155974,0
6521,15396,55146,21917,61667,70542,0
35679,69432,66792,105111,102471,136224,1
75306,28294,46437,103600,121743,74731,0
97757,40514,96507,138271,194264,137021,1
24876,33699,87995,58575,112871,121694,0
22844,41638,88007,64482,110851,129645,0
59237,30323,82758,89560,141995,113081,1
18063,20682,65096,38745,83159,85778,0
23214,65573,21837,88787,45051,87410,0
8603,45366,72086,53969,80689,117452,0
50603,36094,23198,86697,73801,59292,1
79768,55789,443,135557,80211,56232,0
29899,90928,57459,120827,87358,148387,0
38354,35742,89068,74096,127422,124810,0
82850,99083,79920,181933,162770,179003,1
47953,3715,21465,51668,69418,25180,0
69312,38505,84983,107817,154295,123488,1
7433,76830,59975,84263,67408,136805,0
25693,67106,80268,92799,105961,147374,1
20693,26621,77706,47314,98399,104327,0
88080,17439,91459,105519,179539,108898,1
18003,14719,13073,32722,31076,27792,1
13031,89409,25682,102440,38713,115091,0
5579,38264,5277,43843,10856,43541,0
20587,14073,75455,34660,96042,89528,0
6481,53850,76847,60331,83328,130697,0
62828,46972,40980,109800,103808,87952,1
10211,74647,89952,84858,100163,164599,0
31278,50935,59623,82213,90901,110558,1
43694,45011,94598,88705,138292,139609,0
95952,89836,5080,185788,101032,94916,0
62532,51236,15786,113768,78318,67022,1
92465,78130,47714,170595,140179,125844,1
15774,58773,73238,74547,89012,132011,1
42887,62473,14344,105360,57231,76817,0
70750,89586,60665,160336,131415,150251,1
71974,63918,93845,135892,165819,157763,1
90657,67085,98299,157742,188956,165384,1
47398,92406,81548,139804,128946,173954,1
36248,25661,37838,61909,74086,63499,1
93441,35432,94976,128873,188417,130408,1
97154,40180,47893,137334,145047,88073,0
37135,39429,61182,76564,98317,100611,1
81816,19755,60678,101571,142494,80433,0
85315,85181,83131,170496,168446,168312,1
27387,84449,2404,111836,29791,86853,0
44432,17279,53804,61711,98236,71083,1
20207,61394,23427,81601,43634,84821,0
87498,84402,31429,171900,118927,115831,1
47670,97688,52255,145358,99925,149943,1
71124,4443,37113,75567,108237,41556,0
85537,2405,53683,87942,139220,56088,0
84285,77293,64816,161578,149101,142109,1
2185,11905,3862,14090,6047,15767,0
20326,89124,87398,109450,107724,176522,1
48134,77553,79292,125687,127426,156845,1
80472,40382,18614,120854,99086,58996,0
48591,75570,73176,124161,121767,148746,1
14488,67028,51533,81516,66021,118561,0
27198,42405,83553,69603,110751,125958,0
72383,95353,15565,167736,87948,110918,0
62799,64126,86189,126925,148988,150315,1
87834,16790,84394,104624,172228,101184,1
68656,78488,83812,147144,152468,162300,1
74536,10523,54972,85059,129508,65495,0
96928,29500,82988,126428,179916,112488,1
9136,18299,61402,27435,70538,79701,0
75825,89728,8736,165553,84561,98464,0
92438,40468,72008,132906,164446,112476,1
6935,98166,78141,105101,85076,176307,0
46446,88029,7884,134475,54330,95913,0
89030,39882,5818,128912,94848,45700,0
70693,13508,67323,84201,138016,80831,1
73177,7063,54739,80240,127916,61802,0
4431,59267,90481,63698,94912,149748,0
23682,14133,85445,37815,109127,99578,0
17279,94403,75959,111682,93238,170362,0
7556,47915,43466,55471,51022,91381,1
11705,12879,12955,24584,24660,25834,1
73238,78921,94822,152159,168060,173743,1
9577,11564,31013,21141,40590,42577,0
22225,71783,49582,94008,71807,121365,1
77735,7829,92921,85564,170656,100750,0
49715,52351,32084,102066,81799,84435,1
42370,74060,67920,116430,110290,141980,1
73686,90108,44654,163794,118340,134762,1
7624,79580,96533,87204,104157,176113,0
58240,20753,78288,78993,136528,99041,1
40254,99075,2015,139329,42269,101090,0
86508,40679,50410,127187,136918,91089,1
42167,35775,57287,77942,99454,93062,1
3901,21540,5791,25441,9692,27331,0
344,66038,13484,66382,13828,79522,0
87136,52105,27009,139241,114145,79114,0
49519,98718,33955,148237,83474,132673,0
88841,44094,78437,132935,167278,122531,1
72510,81291,27053,153801,99563,108344,1
39354,85950,45645,125304,84999,131595,0
54898,81538,70836,136436,125734,152374,1
26397,80858,35422,107255,61819,116280,0
38628,10060,38647,48688,77275,48707,1
32006,76934,20485,108940,52491,97419,0
81935,65343,94119,147278,176054,159462,1
54159,62616,26115,116775,80274,88731,1
15917,41250,55806,57167,71723,97056,1
36624,79316,87102,115940,123726,166418,1
62615,12022,11567,74637,74182,23589,0
17828,86710,29331,104538,47159,116041,0
86670,96718,56881,183388,143551,153599,1
15716,18958,83251,34674,98967,102209,0
5238,25974,69619,31212,74857,95593,0
54369,44586,21712,98955,76081,66298,1
90765,7349,87383,98114,178148,94732,1
60650,60468,23203,121118,83853,83671,1
13247,71333,31732,84580,44979,103065,0
8028,81561,77717,89589,85745,159278,1
13815,95402,56554,109217,70369,151956,0
51525,59845,37626,111370,89151,97471,1
28511,9348,9360,37859,37871,18708,0
54859,66899,77586,121758,132445,144485,1
55626,86476,71698,142102,127324,158174,1
32802,85387,87879,118189,120681,173266,1
78357,8562,5491,86919,83848,14053,0
82195,4132,8712,86327,90907,12844,0
97196,22988,96732,120184,193928,119720,1
50446,23603,43755,74049,94201,67358,1
43404,88836,6137,132240,49541,94973,0
1231,28176,74799,29407,76030,102975,0
88878,23468,61214,112346,150092,84682,0
60885,47972,90405,108857,151290,138377,1
4896,49599,89712,54495,94608,139311,0
41567,76273,92885,117840,134452,169158,1
56723,47397,54420,104120,111143,101817,1
45249,52250,64802,97499,110051,117052,1
92760,53779,97559,146539,190319,151338,1
70997,9939,32080,80936,103077,42019,0
63003,33039,50810,96042,113813,83849,1
17232,77227,6135,94459,23367,83362,0
81814,39224,10264,121038,92078,49488,0
21885,7414,71697,29299,93582,79111,0
3870,25173,5327,29043,9197,30500,0
66217,56969,39715,123186,105932,96684,1
26842,96993,80285,123835,107127,177278,1
54941,21751,30364,76692,85305,52115,0
36700,10440,65394,47140,102094,75834,0
5149,9310,24979,14459,30128,34289,0
97367,65535,14319,162902,111686,79854,0
37933,71443,68365,109376,106298,139808,1
60077,50832,62443,110909,122520,113275,1
9396,99570,59684,108966,69080,159254,0
48495,20672,23891,69167,72386,44563,0
79063,38449,24220,117512,103283,62669,0
14098,35411,71513,49509,85611,106924,0
29768,39073,31176,68841,60944,70249,1
46549,61390,65256,107939,111805,126646,1
41350,26790,4438,68140,45788,31228,0
88923,90877,86041,179800,174964,176918,1
40137,82291,8194,122428,48331,90485,0
30199,59177,65426,89376,95625,124603,1
61816,58910,77026,120726,138842,135936,1
85765,60929,96429,146694,182194,157358,1
43878,21889,66222,65767,110100,88111,0
59174,2706,25071,61880,84245,27777,0
32592,50402,72840,82994,105432,123242,1
99367,6753,57495,106120,156862,64248,0
95376,83911,84070,179287,179446,167981,1
16220,54344,14404,70564,30624,68748,0
42190,98034,14733,140224,56923,112767,0
68137,33708,45316,101845,113453,79024,1
9503,93577,74263,103080,83766,167840,0
16281,28266,20568,44547,36849,48834,1
92993,2060,80174,95053,173167,82234,0
12472,54358,48063,66830,60535,102421,1
51748,16095,6209,67843,57957,22304,0
73568,37209,6405,110777,79973,43614,0
69869,88219,10512,158088,80381,98731,0
75884,21559,54543,97443,130427,76102,1
87371,29715,97706,117086,185077,127421,1
77820,10527,88422,88347,166242,98949,0
44200,8861,39885,53061,84085,48746,1
42168,34550,26273,76718,68441,60823,1
20958,26669,40908,47627,61866,67577,1
3777,37025,93278,40802,97055,130303,0
98199,7226,61446,105425,159645,68672,0
15916,3646,31668,19562,47584,35314,0
55455,88235,79557,143690,135012,167792,1
59919,31901,15017,91820,74936,46918,0
35636,4227,57726,39863,93362,61953,0
49066,55583,50649,104649,99715,106232,1
9985,58857,48316,68842,58301,107173,0
82665,44573,65365,127238,148030,109938,1
57408,62763,23461,120171,80869,86224,1
18181,84970,65576,103151,83757,150546,0
69539,46135,86711,115674,156250,132846,1
48523,51652,69718,100175,118241,121370,1
15041,9060,29606,24101,44647,38666,0
29268,94115,48105,123383,77373,142220,0
8243,40427,24488,48670,32731,64915,0
47647,39661,89180,87308,136827,128841,0
27877,34976,80211,62853,108088,115187,0
9041,49961,54235,59002,63276,104196,1
59938,94009,54036,153947,113974,148045,1
19233,87924,94619,107157,113852,182543,1
68753,86016,96563,154769,165316,182579,1
34517,28433,97508,62950,132025,125941,0
1972,93106,62850,95078,64822,155956,0
24991,16152,85028,41143,110019,101180,0
35090,47276,84374,82366,119464,131650,0
36837,22947,47503,59784,84340,70450,1
74618,6257,41314,80875,115932,47571,0
74855,94508,98421,169363,173276,192929,1
68255,54659,91320,122914,159575,145979,1
77215,3461,22401,80676,99616,25862,0
87087,65382,62747,152469,149834,128129,1
71004,20806,11684,91810,82688,32490,0
6576,56777,22795,63353,29371,79572,0
66796,13665,94879,80461,161675,108544,0
80559,98282,5989,178841,86548,104271,0
38748,35746,43484,74494,82232,79230,1
12394,82429,40991,94823,53385,123420,0
96122,89403,47117,185525,143239,136520,1
4583,46654,30791,51237,35374,77445,0
32629,94534,71763,127163,104392,166297,1
39431,55871,61435,95302,100866,117306,1
64835,5070,11042,69905,75877,16112,0
7133,50072,64645,57205,71778,114717,0
88932,94437,45244,183369,134176,139681,1
28107,97876,7347,125983,35454,105223,0
97411,43531,27342,140942,124753,70873,0
75980,25089,60230,101069,136210,85319,1
47007,64392,18061,111399,65068,82453,1
58992,47331,54818,106323,113810,102149,1
45732,8095,31570,53827,77302,39665,0
36701,14668,42509,51369,79210,57177,1
34812,55877,77607,90689,112419,133484,1
70605,73560,36996,144165,107601,110556,1
41922,80120,80799,122042,122721,160919,1
83102,93564,11110,176666,94212,104674,1
88259,4333,37568,92592,125827,41901,0
34739,44312,34955,79051,69694,79267,1
43377,60712,14289,104089,57666,75001,0
40812,43189,35916,84001,76728,79105,1
23274,98786,83762,122060,107036,182548,1
78298,85106,95750,163404,174048,180856,1
34278,11332,74176,45610,108454,85508,0
71548,4831,46196,76379,117744,51027,0
29406,54470,70223,83876,99629,124693,1
77906,38834,22879,116740,100785,61713,0
54310,40459,76930,94769,131240,117389,1
79791,75926,73671,155717,153462,149597,1
94267,81278,37584,175545,131851,118862,1
2336,76250,52731,78586,55067,128981,0
59315,94296,79031,153611,138346,173327,1
40304,85756,41525,126060,81829,127281,0
9922,70449,60829,80371,70751,131278,1
76695,63269,2669,139964,79364,65938,0
36259,39203,85050,75462,121309,124253,0
1689,85028,99501,86717,101190,184529,0
34547,39702,51163,74249,85710,90865,1
77640,67523,42066,145163,119706,109589,1
21487,37559,92309,59046,113796,129868,0
28393,269,19996,28662,48389,20265,0
72736,18739,94615,91475,167351,113354,0
83804,47417,71157,131221,154961,118574,1
52376,41711,83851,94087,136227,125562,1
87708,62230,5029,149938,92737,67259,0
4879,21645,65506,26524,70385,87151,0
24689,63262,49044,87951,73733,112306,1
72134,75825,8201,147959,80335,84026,1
90633,84565,58714,175198,149347,143279,1
10089,42235,4666,52324,14755,46901,0
83835,77741,43387,161576,127222,121128,1
94869,24983,21080,119852,115949,46063,0
30074,55412,51415,85486,81489,106827,1
45288,91868,29243,137156,74531,121111,0
64986,30230,89250,95216,154236,119480,1
19012,63413,92941,82425,111953,156354,0
42383,58806,39487,101189,81870,98293,1
32028,24270,73710,56298,105738,97980,0
49545,14575,83604,64120,133149,98179,0
88146,2839,65501,90985,153647,68340,0
15962,94589,98878,110551,114840,193467,1
8485,72069,47120,80554,55605,119189,0
70883,14101,57308,84984,128191,71409,1
912,68446,62696,69358,63608,131142,0
42348,34984,86222,77332,128570,121206,0
4540,7941,57733,12481,62273,65674,0
65695,99575,71012,165270,136707,170587,1
41280,11022,51360,52302,92640,62382,1
68984,64843,71039,133827,140023,135882,1
21126,80594,60045,101720,81171,140639,1
43483,92271,83113,135754,126596,175384,1
78928,995,75481,79923,154409,76476,0
89152,8328,8004,97480,97156,16332,0
23198,89775,36278,112973,59476,126053,0
32346,4003,37440,36349,69786,41443,0
18306,88516,16017,106822,34323,104533,0
99147,90104,94096,189251,193243,184200,1
8514,74266,16023,82780,24537,90289,0
59788,36119,13529,95907,73317,49648,0
94804,86983,60092,181787,154896,147075,1
18483,61071,19041,79554,37524,80112,0
89442,75719,61717,165161,151159,137436,1
53661,96644,96425,150305,150086,193069,1
99986,7604,94765,107590,194751,102369,1
44559,48947,96350,93506,140909,145297,0
34951,97831,17501,132782,52452,115332,0
15142,41169,32240,56311,47382,73409,1
48803,74207,13223,123010,62026,87430,0
93115,33639,12560,126754,105675,46199,0
13480,5280,6460,18760,19940,11740,0
32592,1463,99073,34055,131665,100536,0
66674,3669,95260,70343,161934,98929,0
79592,15994,60023,95586,139615,76017,0
72529,89207,53020,161736,125549,142227,1
87020,33110,64800,120130,151820,97910,1
36141,75908,46148,112049,82289,122056,1
26660,21579,19572,48239,46232,41151,1
65307,23682,87099,88989,152406,110781,1
74086,87183,67117,161269,141203,154300,1
52165,17366,79923,69531,132088,97289,0
4856,16083,79765,20939,84621,95848,0
65343,81446,88816,146789,154159,170262,1
45412,51250,96437,96662,141849,147687,1
34576,5629,55376,40205,89952,61005,0
1671,25906,35401,27577,37072,61307,0
62453,12479,51730,74932,114183,64209,1
81762,45589,5842,127351,87604,51431,0
10914,12283,85610,23197,96524,97893,0
3036,46028,56534,49064,59570,102562,0
10239,98480,9922,108719,20161,108402,0
2905,14487,1927,17392,4832,16414,0
43442,79782,51428,123224,94870,131210,1
87749,60627,88098,148376,175847,148725,1
92793,85388,10478,178181,103271,95866,1
52806,9164,27153,61970,79959,36317,0
13765,80566,73835,94331,87600,154401,1
47689,41191,46130,88880,93819,87321,1
67353,41283,48745,108636,116098,90028,1
31193,82837,55661,114030,86854,138498,1
19809,47182,37911,66991,57720,85093,1
7194,20415,54108,27609,61302,74523,0
41201,22946,59196,64147,100397,82142,1
62906,14874,42368,77780,105274,57242,0
62279,42937,11096,105216,73375,54033,0
18233,30995,6947,49228,25180,37942,0
81688,54368,68339,136056,150027,122707,1
80090,55846,1766,135936,81856,57612,0
37246,10563,90692,47809,127938,101255,0
78783,56732,45635,135515,124418,102367,1
82943,91175,89764,174118,172707,180939,1
50001,76532,69559,126533,119560,146091,1
66839,14589,64752,81428,131591,79341,1
96577,11569,74125,108146,170702,85694,0
32101,48415,92077,80516,124178,140492,0
67567,95564,78330,163131,145897,173894,1
48028,62481,98130,110509,146158,160611,1
13412,94986,85455,108398,98867,180441,1
11028,84134,66679,95162,77707,150813,0
44681,48069,31587,92750,76268,79656,1
91474,4602,96511,96076,187985,101113,0
42930,77887,11004,120817,53934,88891,0
98066,84286,97860,182352,195926,182146,1
87200,78897,32065,166097,119265,110962,1
40153,84749,21595,124902,61748,106344,0
3450,96325,43714,99775,47164,140039,0
75626,51976,52821,127602,128447,104797,1
51034,86151,12014,137185,63048,98165,0
31219,25997,97634,57216,128853,123631,0
37948,76051,55917,113999,93865,131968,1
85445,83929,42539,169374,127984,126468,1
22823,7882,16392,30705,39215,24274,1
21369,46024,20127,67393,41496,66151,0
1053,60672,43722,61725,44775,104394,0
71403,90613,4768,162016,76171,95381,0
6576,53912,69118,60488,75694,123030,0
59722,80576,57494,140298,117216,138070,1
14191,51,8674,14242,22865,8725,0
83283,89374,75939,172657,159222,165313,1
68180,51616,19191,119796,87371,70807,1
87284,5586,32415,92870,119699,38001,0
5208,83166,3160,88374,8368,86326,0
61829,17646,99254,79475,161083,116900,0
66704,40684,8631,107388,75335,49315,0
33398,35633,18868,69031,52266,54501,1
34969,19544,3780,54513,38749,23324,0
90203,22728,16174,112931,106377,38902,0
13524,89971,43378,103495,56902,133349,0
52516,63743,1225,116259,53741,64968,0
68061,71915,91140,139976,159201,163055,1
37786,29339,89924,67125,127710,119263,0
63745,61193,14946,124938,78691,76139,1
75521,58831,89417,134352,164938,148248,1
68905,54844,58740,123749,127645,113584,1
53835,85033,68241,138868,122076,153274,1
68097,12654,61656,80751,129753,74310,1
13487,38898,68474,52385,81961,107372,0
37263,17284,36806,54547,74069,54090,1
61726,35830,27846,97556,89572,63676,1
23296,78788,74251,102084,97547,153039,1
35252,7021,16236,42273,51488,23257,0
23815,40434,55232,64249,79047,95666,1
40244,34553,13479,74797,53723,48032,1
72389,95674,76123,168063,148512,171797,1
11824,84847,35744,96671,47568,120591,0
19406,82239,44758,101645,64164,126997,0
96545,69900,59900,166445,156445,129800,1
38823,65545,92754,104368,131577,158299,1
25893,12102,9805,37995,35698,21907,0
33783,33020,44949,66803,78732,77969,1
21124,71586,96617,92710,117741,168203,0
38523,89925,2408,128448,40931,92333,0
47051,91244,13082,138295,60133,104326,0
10496,38704,41901,49200,52397,80605,1
59703,22173,45894,81876,105597,68067,1
62945,75729,83384,138674,146329,159113,1
84724,85582,33038,170306,117762,118620,1
23091,62208,24067,85299,47158,86275,0
6873,18569,90089,25442,96962,108658,0
51134,30338,73980,81472,125114,104318,1
5340,52768,32004,58108,37344,84772,0
89372,81402,74783,170774,164155,156185,1
79605,7017,10395,86622,90000,17412,0
13341,35926,78437,49267,91778,114363,0
19317,64922,99915,84239,119232,164837,0
48626,43007,84393,91633,133019,127400,1
60191,18263,40495,78454,100686,58758,0
16031,38971,67542,55002,83573,106513,0
90911,30377,79431,121288,170342,109808,1
95445,80329,68821,175774,164266,149150,1
35869,60228,97351,96097,133220,157579,0
3379,24485,27174,27864,30553,51659,1
64879,64170,42267,129049,107146,106437,1
99080,89757,17547,188837,116627,107304,1
76165,42276,87228,118441,163393,129504,1
15287,39570,90811,54857,106098,130381,0
72131,16963,9451,89094,81582,26414,0
78248,40710,2979,118958,81227,43689,0
20815,5224,31595,26039,52410,36819,0
47237,91732,25070,138969,72307,116802,0
97901,90784,3323,188685,101224,94107,0
20435,16773,96026,37208,116461,112799,0
16067,73197,70444,89264,86511,143641,1
82756,80840,81597,163596,164353,162437,1
67849,22770,61401,90619,129250,84171,1
65689,35940,16590,101629,82279,52530,0
48368,57108,11239,105476,59607,68347,1
28961,31899,78168,60860,107129,110067,0
96569,13660,30532,110229,127101,44192,0
79848,82215,7839,162063,87687,90054,1
29521,63080,34506,92601,64027,97586,1
76210,45794,73767,122004,149977,119561,1
82915,49745,33928,132660,116843,83673,1
85110,57849,4199,142959,89309,62048,0
41843,71284,12865,113127,54708,84149,0
3881,74927,63847,78808,67728,138774,0
38943,12189,81247,51132,120190,93436,0
35775,74944,54612,110719,90387,129556,1
13693,44942,40244,58635,53937,85186,1
68085,99635,42126,167720,110211,141761,1
96762,54359,63244,151121,160006,117603,1
32762,82182,90335,114944,123097,172517,1
80709,85542,31291,166251,112000,116833,1
88316,61738,39739,150054,128055,101477,1
51696,91497,51229,143193,102925,142726,1
20267,94369,1728,114636,21995,96097,0
50379,22636,59837,73015,110216,82473,1
91772,42557,52572,134329,144344,95129,1
74934,72865,44028,147799,118962,116893,1
60371,45831,4127,106202,64498,49958,0
54126,46726,20178,100852,74304,66904,1
95977,68154,25650,164131,121627,93804,0
57724,6632,31719,64356,89443,38351,0
60729,62399,35634,123128,96363,98033,1
40279,10695,94661,50974,134940,105356,0
31996,31551,43976,63547,75972,75527,1
58227,4573,98804,62800,157031,103377,0
43732,50984,58928,94716,102660,109912,1
79885,48704,188,128589,80073,48892,0
3608,2347,77022,5955,80630,79369,0
34351,85678,35884,120029,70235,121562,0
11019,82583,37781,93602,48800,120364,0
62163,43963,56242,106126,118405,100205,1
21165,78610,13210,99775,34375,91820,0
80700,17746,37743,98446,118443,55489,0
35417,24825,55820,60242,91237,80645,1
98607,68514,1657,167121,100264,70171,0
17926,38306,51938,56232,69864,90244,1
8590,17983,90033,26573,98623,108016,0
32140,83223,10103,115363,42243,93326,0
15732,82821,73030,98553,88762,155851,1
61148,88644,2922,149792,64070,91566,0
13579,10822,92191,24401,105770,103013,0
98881,89913,58252,188794,157133,148165,1
7270,61799,33594,69069,40864,95393,0
81584,4751,52426,86335,134010,57177,0
4927,5588,82144,10515,87071,87732,0
56643,24107,62303,80750,118946,86410,1
6671,39215,86424,45886,93095,125639,0
46289,78203,31066,124492,77355,109269,0
43242,85073,63388,128315,106630,148461,1
12253,70949,43399,83202,55652,114348,0
54372,83400,24393,137772,78765,107793,0
36930,34259,11626,71189,48556,45885,1
13845,51005,55650,64850,69495,106655,1
21111,15576,81791,36687,102902,97367,0
30033,85377,54442,115410,84475,139819,0
84632,85660,70816,170292,155448,156476,1
98148,86769,59300,184917,157448,146069,1
10517,23203,93139,33720,103656,116342,0
28495,36299,20595,64794,49090,56894,1
69875,24908,16976,94783,86851,41884,0
73097,9257,30299,82354,103396,39556,0
78274,42426,8667,120700,86941,51093,0
37665,96850,55184,134515,92849,152034,0
34554,98780,54842,133334,89396,153622,0
29699,17437,28986,47136,58685,46423,1
2146,12571,64758,14717,66904,77329,0
19631,93683,71884,113314,91515,165567,0
22204,66791,80475,88995,102679,147266,1
5804,65504,53585,71308,59389,119089,0
21400,38070,47251,59470,68651,85321,1
99360,78681,10435,178041,109795,89116,0
4021,83952,10150,87973,14171,94102,0
43132,6265,28623,49397,71755,34888,0
31265,65091,2799,96356,34064,67890,0
66978,16338,91396,83316,158374,107734,0
86033,88585,310,174618,86343,88895,0
65433,59906,82230,125339,147663,142136,1
15124,14469,402,29593,15526,14871,0
25249,55770,38643,81019,63892,94413,1
93094,27415,77818,120509,170912,105233,1
15489,53179,46315,68668,61804,99494,1
17639,16470,84447,34109,102086,100917,0
89950,67521,68457,157471,158407,135978,1
49775,51293,2841,101068,52616,54134,1
16556,35067,9218,51623,25774,44285,0
48243,7205,12538,55448,60781,19743,0
21626,93890,30988,115516,52614,124878,0
76986,27317,53596,104303,130582,80913,1
78662,77907,37078,156569,115740,114985,1
48761,51542,28997,100303,77758,80539,1
89332,90295,34925,179627,124257,125220,1
35365,45899,52301,81264,87666,98200,1
41968,99136,80573,141104,122541,179709,1
65818,11836,56241,77654,122059,68077,1
52834,53261,57977,106095,110811,111238,1
5944,25752,86208,31696,92152,111960,0
57108,5066,2769,62174,59877,7835,0
77341,4963,3961,82304,81302,8924,0
17122,81974,39239,99096,56361,121213,0
70375,93166,35803,163541,106178,128969,1
96564,87126,16908,183690,113472,104034,1
61552,24472,11470,86024,73022,35942,0
28279,7357,62394,35636,90673,69751,0
27092,43437,24185,70529,51277,67622,1
43098,59865,12092,102963,55190,71957,0
67443,99267,71324,166710,138767,170591,1
78303,27313,72521,105616,150824,99834,1
6239,78596,68961,84835,75200,147557,0
98157,53148,57516,151305,155673,110664,1
67103,65346,82531,132449,149634,147877,1
5040,66515,3464,71555,8504,69979,0
263,13412,5421,13675,5684,18833,0
93593,2318,2737,95911,96330,5055,0
62294,51601,14179,113895,76473,65780,1
79954,51619,8617,131573,88571,60236,0
81805,68145,91621,149950,173426,159766,1
54242,71224,46173,125466,100415,117397,1
69648,86647,71365,156295,141013,158012,1
98365,83979,43125,182344,141490,127104,1
57838,47637,43558,105475,101396,91195,1
40061,85817,94270,125878,134331,180087,1
76930,27773,14007,104703,90937,41780,0
80318,33490,70915,113808,151233,104405,1
42204,34137,23899,76341,66103,58036,1
44740,93571,72268,138311,117008,165839,1
39851,34402,89221,74253,129072,123623,0
91060,51887,52978,142947,144038,104865,1
41593,36139,39568,77732,81161,75707,1
44080,57003,2081,101083,46161,59084,0
25264,17650,71534,42914,96798,89184,0
88403,38436,88995,126839,177398,127431,1
49684,75813,72338,125497,122022,148151,1
45080,7040,17159,52120,62239,24199,0
14956,65851,26349,80807,41305,92200,0
28775,78925,694,107700,29469,79619,0
72294,69329,75995,141623,148289,145324,1
55743,18270,87899,74013,143642,106169,0
30466,29766,62267,60232,92733,92033,0
96097,3894,31455,99991,127552,35349,0
35182,44082,9600,79264,44782,53682,1
18036,34718,79560,52754,97596,114278,0
10747,52352,47268,63099,58015,99620,1
46693,22345,18822,69038,65515,41167,0
68829,53742,93836,122571,162665,147578,1
46273,46878,93190,93151,139463,140068,0
98946,60945,82875,159891,181821,143820,1
17195,87222,20189,104417,37384,107411,0
42212,28394,31293,70606,73505,59687,1
60773,80718,82331,141491,143104,163049,1
55062,87544,80180,142606,135242,167724,1
76119,68505,35659,144624,111778,104164,1
68411,83942,38878,152353,107289,122820,1
97266,25138,12048,122404,109314,37186,0
55352,99356,36479,154708,91831,135835,0
98122,70410,61107,168532,159229,131517,1
63195,86537,46676,149732,109871,133213,1
37784,2286,27338,40070,65122,29624,0
94897,55468,72876,150365,167773,128344,1
66092,46435,77161,112527,143253,123596,1
48737,2770,40455,51507,89192,43225,0
3316,66873,55715,70189,59031,122588,0
43569,55984,42735,99553,86304,98719,1
162,40583,44213,40745,44375,84796,0
25869,45751,35437,71620,61306,81188,1
20853,33622,70893,54475,91746,104515,0
98404,44953,12943,143357,111347,57896,0
74572,94527,16586,169099,91158,111113,0
10887,30670,76843,41557,87730,107513,0
93776,14071,46633,107847,140409,60704,0
10847,88421,53487,99268,64334,141908,0
76745,83344,44214,160089,120959,127558,1
62585,70290,76772,132875,139357,147062,1
96309,39043,31986,135352,128295,71029,0
21183,2226,3627,23409,24810,5853,0
85465,26567,49781,112032,135246,76348,0
59656,10222,76969,69878,136625,87191,0
62326,70645,64529,132971,126855,135174,1
46234,28175,10454,74409,56688,38629,0
47889,42788,96456,90677,144345,139244,0
5206,60956,28644,66162,33850,89600,0
84821,18304,26555,103125,111376,44859,0
64367,70760,51847,135127,116214,122607,1
48280,91957,77266,140237,125546,169223,1
13702,21355,97986,35057,111688,119341,0
69876,10056,82732,79932,152608,92788,0
85491,86950,34762,172441,120253,121712,1
8162,86350,30756,94512,38918,117106,0
79785,54808,80993,134593,160778,135801,1
71386,13992,91064,85378,162450,105056,0
12682,85476,3496,98158,16178,88972,0
69864,72864,28684,142728,98548,101548,1
61476,14312,60580,75788,122056,74892,1
35013,19812,57261,54825,92274,77073,0
55126,57761,97220,112887,152346,154981,1
54985,37811,54476,92796,109461,92287,1
78616,46620,98745,125236,177361,145365,1
69983,75162,68301,145145,138284,143463,1
45119,45869,58975,90988,104094,104844,1
128,38514,23905,38642,24033,62419,0
91398,69249,84216,160647,175614,153465,1
46730,42922,30311,89652,77041,73233,1
73658,78493,76630,152151,150288,155123,1
91824,85707,12038,177531,103862,97745,1
15090,45037,93684,60127,108774,138721,0
67181,57166,98835,124347,166016,156001,1
42820,49950,91486,92770,134306,141436,1
98249,32478,38728,130727,136977,71206,0
78307,92640,23225,170947,101532,115865,1
45238,7640,99790,52878,145028,107430,0
35477,38018,36951,73495,72428,74969,1
8529,42212,70292,50741,78821,112504,0
58525,99196,69749,157721,128274,168945,1
15314,31900,32189,47214,47503,64089,1
92772,23172,65930,115944,158702,89102,0
29630,65891,66699,95521,96329,132590,1
87456,35272,13442,122728,100898,48714,0
75380,18756,83789,94136,159169,102545,1
59212,6762,78816,65974,138028,85578,0
8935,90186,23927,99121,32862,114113,0
21038,73672,86700,94710,107738,160372,1
20927,50367,38811,71294,59738,89178,1
71630,26942,63055,98572,134685,89997,1
41984,47745,38221,89729,80205,85966,1
79484,86731,62223,166215,141707,148954,1
70685,58925,96743,129610,167428,155668,1
51020,79426,65628,130446,116648,145054,1
99764,76853,89171,176617,188935,166024,1
47571,10639,64038,58210,111609,74677,0
14722,60657,9829,75379,24551,70486,0
63025,25971,88026,88996,151051,113997,1
74205,80097,10223,154302,84428,90320,1
31151,38462,3422,69613,34573,41884,0
3483,51035,31543,54518,35026,82578,0
84520,70077,88366,154597,172886,158443,1
84176,31338,87458,115514,171634,118796,1
14621,80516,39805,95137,54426,120321,0
45719,48347,21648,94066,67367,69995,1
30009,39919,6400,69928,36409,46319,0
34138,91556,80440,125694,114578,171996,1
68371,42666,21823,111037,90194,64489,0
82789,63693,53972,146482,136761,117665,1
66612,19011,61667,85623,128279,80678,1
16177,97986,64958,114163,81135,162944,0
79849,56575,35996,136424,115845,92571,1
45056,76841,83313,121897,128369,160154,1
21418,88714,88066,110132,109484,176780,1
16665,84064,68114,100729,84779,152178,1
12862,64994,12502,77856,25364,77496,0
68179,31195,27499,99374,95678,58694,0
97044,37202,17686,134246,114730,54888,0
43787,62042,25559,105829,69346,87601,1
94700,53629,69701,148329,164401,123330,1
52031,87778,72064,139809,124095,159842,1
20976,24167,48361,45143,69337,72528,0
75296,11468,66694,86764,141990,78162,1
60272,59023,99137,119295,159409,158160,1
77000,57969,52076,134969,129076,110045,1
73837,33623,23995,107460,97832,57618,0
40653,21612,68176,62265,108829,89788,0
99572,73124,89349,172696,188921,162473,1
80063,13982,35305,94045,115368,49287,0
95985,79504,40421,175489,136406,119925,1
87521,38032,55134,125553,142655,93166,1
34327,78755,33132,113082,67459,111887,0
40011,4334,14996,44345,55007,19330,0
95112,63418,58091,158530,153203,121509,1
50892,40003,17813,90895,68705,57816,1
17247,54017,98824,71264,116071,152841,0
261,67896,97774,68157,98035,165670,0
80641,28372,62029,109013,142670,90401,1
76906,73460,46512,150366,123418,119972,1
85750,50672,78144,136422,163894,128816,1
75256,27938,74112,103194,149368,102050,1
41046,57831,42538,98877,83584,100369,1
16074,69716,56483,85790,72557,126199,1
4189,13830,91227,18019,95416,105057,0
56815,87679,1439,144494,58254,89118,0
11993,27047,16353,39040,28346,43400,1
74849,37418,52313,112267,127162,89731,1
99473,78532,66576,178005,166049,145108,1
44998,84805,90323,129803,135321,175128,1
39285,27742,52867,67027,92152,80609,1
8597,20781,52177,29378,60774,72958,0
6568,27130,18607,33698,25175,45737,0
60656,8590,87708,69246,148364,96298,0
51582,47345,31557,98927,83139,78902,1
88090,49412,56862,137502,144952,106274,1
23122,34602,84229,57724,107351,118831,0
23112,52273,77738,75385,100850,130011,0
58444,4113,77536,62557,135980,81649,0
95858,72528,56688,168386,152546,129216,1
91848,73329,38371,165177,130219,111700,1
52734,95211,54095,147945,106829,149306,1
26576,50455,39214,77031,65790,89669,1
50126,34333,75823,84459,125949,110156,1
43941,60051,21451,103992,65392,81502,1
40849,13711,42664,54560,83513,56375,1
12118,99910,32662,112028,44780,132572,0
66296,92798,32144,159094,98440,124942,1
93906,99186,2623,193092,96529,101809,0
56496,12136,52488,68632,108984,64624,1
59560,7877,81505,67437,141065,89382,0
66216,99312,9163,165528,75379,108475,0
3658,92551,13424,96209,17082,105975,0
18559,14565,76841,33124,95400,91406,0
2484,18091,16255,20575,18739,34346,1
94663,16618,61256,111281,155919,77874,0
42296,40172,16619,82468,58915,56791,1
74389,76681,85226,151070,159615,161907,1
63396,45821,63188,109217,126584,109009,1
27119,32209,29898,59328,57017,62107,1
79807,97566,46044,177373,125851,143610,1
4287,43151,14279,47438,18566,57430,0
85412,10865,8144,96277,93556,19009,0
38778,37584,19046,76362,57824,56630,1
39097,17268,40921,56365,80018,58189,1
33133,60686,56993,93819,90126,117679,1
42336,39382,14400,81718,56736,53782,1
62137,33104,31729,95241,93866,64833,1
16668,45394,74627,62062,91295,120021,0
35836,72468,3065,108304,38901,75533,0
87700,13172,92313,100872,180013,105485,1
52869,31755,16486,84624,69355,48241,0
10328,438,42175,10766,52503,42613,0
11570,98712,8242,110282,19812,106954,0
12579,92997,32631,105576,45210,125628,0
88075,53411,83044,141486,171119,136455,1
33087,3840,62309,36927,95396,66149,0
75743,86022,39575,161765,115318,125597,1
21356,38189,49828,59545,71184,88017,1
21294,76762,35784,98056,57078,112546,0
36529,92307,6766,128836,43295,99073,0
39175,75731,76946,114906,116121,152677,1
97318,3282,27757,100600,125075,31039,0
86375,54534,81546,140909,167921,136080,1
78906,27912,76997,106818,155903,104909,1
69903,38699,10117,108602,80020,48816,0
14949,89709,66172,104658,81121,155881,0
38941,95275,85767,134216,124708,181042,1
96082,56335,29167,152417,125249,85502,0
48843,74266,43836,123109,92679,118102,1
17926,86658,16487,104584,34413,103145,0
35991,12937,8396,48928,44387,21333,0
26482,25747,89076,52229,115558,114823,0
96058,77851,44002,173909,140060,121853,1
33527,74797,74769,108324,108296,149566,1
68803,32855,86250,101658,155053,119105,1
36367,124,188,36491,36555,312,0
35537,13714,63342,49251,98879,77056,0
48409,12096,94011,60505,142420,106107,0
73431,49958,85300,123389,158731,135258,1
12600,6916,46552,19516,59152,53468,0
20097,9606,50592,29703,70689,60198,0
77488,4253,40582,81741,118070,44835,0
22548,89310,27349,111858,49897,116659,0
22296,18275,97362,40571,119658,115637,0
46264,96705,91100,142969,137364,187805,1
75463,82164,45864,157627,121327,128028,1
61873,45783,78264,107656,140137,124047,1
77801,97328,59664,175129,137465,156992,1
21100,38779,54481,59879,75581,93260,1
78565,33064,83574,111629,162139,116638,1
88320,17702,53000,106022,141320,70702,0
5936,8378,58442,14314,64378,66820,0
60163,76993,86046,137156,146209,163039,1
96658,63782,22778,160440,119436,86560,0
88198,83904,3922,172102,92120,87826,0
37499,84630,99130,122129,136629,183760,1
83854,61232,95631,145086,179485,156863,1
22052,41418,49112,63470,71164,90530,1
68004,22275,69141,90279,137145,91416,1
65097,2990,24465,68087,89562,27455,0
82554,26681,17024,109235,99578,43705,0
25335,72761,8027,98096,33362,80788,0
93710,41477,61771,135187,155481,103248,1
71106,17334,42559,88440,113665,59893,0
38912,39027,97504,77939,136416,136531,0
45062,98283,79158,143345,124220,177441,1
14218,67310,84717,81528,98935,152027,0
21353,75249,96972,96602,118325,172221,0
97764,67716,91291,165480,189055,159007,1
84448,47734,11779,132182,96227,59513,0
2562,23445,78124,26007,80686,101569,0
90586,97282,67042,187868,157628,164324,1
24677,48806,43048,73483,67725,91854,1
42871,22357,62223,65228,105094,84580,1
9132,44891,60882,54023,70014,105773,0
26815,51844,76110,78659,102925,127954,1
32605,75154,83394,107759,115999,158548,1
69963,34822,14709,104785,84672,49531,0
34953,69121,13761,104074,48714,82882,0
76209,30465,52674,106674,128883,83139,1
87743,50920,30068,138663,117811,80988,0
73076,6893,21735,79969,94811,28628,0
31779,34817,92476,66596,124255,127293,0
92598,76170,41988,168768,134586,118158,1
57254,68610,60075,125864,117329,128685,1
61296,19260,17930,80556,79226,37190,0
36733,82746,27840,119479,64573,110586,0
86557,24072,867,110629,87424,24939,0
22,8273,35743,8295,35765,44016,0
91009,83734,50552,174743,141561,134286,1
8346,87043,56980,95389,65326,144023,0
54854,53125,57548,107979,112402,110673,1
89723,20327,29140,110050,118863,49467,0
87653,1166,92123,88819,179776,93289,0
38430,63012,12629,101442,51059,75641,0
26477,45024,8498,71501,34975,53522,0
11074,39302,26896,50376,37970,66198,0
17494,61925,50517,79419,68011,112442,1
60746,46328,10,107074,60756,46338,0
8673,5837,6697,14510,15370,12534,1
92245,88877,96084,181122,188329,184961,1
69214,23889,33739,93103,102953,57628,0
1900,94235,78306,96135,80206,172541,0
4531,93311,54787,97842,59318,148098,0
74016,92726,81867,166742,155883,174593,1
74724,46109,11896,120833,86620,58005,0
7147,23581,68972,30728,76119,92553,0
60673,48761,77216,109434,137889,125977,1
18868,16672,60157,35540,79025,76829,0
92354,10243,78211,102597,170565,88454,0
95344,42891,27557,138235,122901,70448,0
12965,95664,8117,108629,21082,103781,0
58639,42616,27615,101255,86254,70231,1
6787,30396,55899,37183,62686,86295,0
4766,40990,20598,45756,25364,61588,0
70012,23053,91297,93065,161309,114350,1
87881,67640,2426,155521,90307,70066,0
3339,12496,32901,15835,36240,45397,0
448,79350,9835,79798,10283,89185,0
58654,26499,63972,85153,122626,90471,1
59323,28052,489,87375,59812,28541,0
67217,30681,80387,97898,147604,111068,1
23477,37127,55846,60604,79323,92973,1
62816,68304,26018,131120,88834,94322,1
4033,21450,31012,25483,35045,52462,0
74940,67714,31391,142654,106331,99105,1
35151,64725,81659,99876,116810,146384,1
72757,3165,9939,75922,82696,13104,0
43115,82595,82398,125710,125513,164993,1
70753,59307,999,130060,71752,60306,0
49228,66239,15626,115467,64854,81865,0
86527,80217,25006,166744,111533,105223,1
45869,32127,55590,77996,101459,87717,1
66342,411,52488,66753,118830,52899,0
6028,35111,45255,41139,51283,80366,0
21217,37923,50213,59140,71430,88136,1
92321,11577,60629,103898,152950,72206,0
22154,50052,51821,72206,73975,101873,1
71549,59399,14946,130948,86495,74345,1
38015,61515,95694,99530,133709,157209,1
63506,27685,79662,91191,143168,107347,1
42984,67240,1961,110224,44945,69201,0
88341,29018,46155,117359,134496,75173,0
20375,73233,13249,93608,33624,86482,0
25589,77693,62890,103282,88479,140583,1
50005,82617,37570,132622,87575,120187,1
64899,97787,10406,162686,75305,108193,0
21168,89816,77445,110984,98613,167261,1
87878,38405,90944,126283,178822,129349,1
58667,98213,93666,156880,152333,191879,1
84197,87187,31607,171384,115804,118794,1
73356,63112,55801,136468,129157,118913,1
93446,87258,95083,180704,188529,182341,1
78185,53471,78610,131656,156795,132081,1
64947,67067,70254,132014,135201,137321,1
76665,41662,35976,118327,112641,77638,1
88095,86745,86369,174840,174464,173114,1
86690,92999,54742,179689,141432,147741,1
49796,16522,76690,66318,126486,93212,0
42267,25777,87340,68044,129607,113117,0
37291,51680,52108,88971,89399,103788,1
53542,12957,38882,66499,92424,51839,0
36639,34561,59124,71200,95763,93685,1
28974,75083,83,104057,29057,75166,0
36772,42387,65895,79159,102667,108282,1
45630,15624,73184,61254,118814,88808,0
45865,74493,62336,120358,108201,136829,1
61841,61795,8349,123636,70190,70144,1
40621,29892,15291,70513,55912,45183,1
77193,76140,63650,153333,140843,139790,1
30821,15193,47771,46014,78592,62964,0
65613,73056,22765,138669,88378,95821,1
59226,41423,53717,100649,112943,95140,1
95200,55662,2100,150862,97300,57762,0
24615,95707,66816,120322,91431,162523,0
78017,47562,96154,125579,174171,143716,1
23734,97010,20642,120744,44376,117652,0
50364,44432,54230,94796,104594,98662,1
1678,86696,1873,88374,3551,88569,0
64938,63433,88687,128371,153625,152120,1
69726,23440,56126,93166,125852,79566,1
8262,33776,84938,42038,93200,118714,0
4093,34734,32847,38827,36940,67581,1
45110,66225,91024,111335,136134,157249,1
18481,30117,77877,48598,96358,107994,0
195,30341,93135,30536,93330,123476,0
69648,14519,79014,84167,148662,93533,1
46957,34370,13900,81327,60857,48270,1
11909,16316,78088,28225,89997,94404,0
56665,80170,86453,136835,143118,166623,1
34453,12907,76179,47360,110632,89086,0
28906,36210,45128,65116,74034,81338,1
12338,66470,98868,78808,111206,165338,0
17500,31802,98974,49302,116474,130776,0
69872,84821,12808,154693,82680,97629,0
30586,96857,34641,127443,65227,131498,0
32940,88038,2963,120978,35903,91001,0
55661,45845,45138,101506,100799,90983,1
68609,32387,29639,100996,98248,62026,0
70539,77225,39462,147764,110001,116687,1
85338,46536,87126,131874,172464,133662,1
51738,8894,54986,60632,106724,63880,1
51212,28739,75990,79951,127202,104729,1
3688,81271,47324,84959,51012,128595,0
33988,24440,31867,58428,65855,56307,1
42927,77348,10541,120275,53468,87889,0
40025,31972,34206,71997,74231,66178,1
58511,11056,70247,69567,128758,81303,0
46082,49491,69700,95573,115782,119191,1
54653,78782,57430,133435,112083,136212,1
99889,80517,82635,180406,182524,163152,1
51835,14108,45003,65943,96838,59111,1
41363,48667,80025,90030,121388,128692,1
75531,31280,72330,106811,147861,103610,1
89766,10924,24456,100690,114222,35380,0
52514,54038,6531,106552,59045,60569,1
35735,20275,94476,56010,130211,114751,0
538,14203,66584,14741,67122,80787,0
72907,67088,68776,139995,141683,135864,1
47345,62631,33786,109976,81131,96417,1
30071,50061,92029,80132,122100,142090,0
35537,5718,1238,41255,36775,6956,0
38409,18087,4945,56496,43354,23032,0
59736,6076,60046,65812,119782,66122,1
70927,94792,3275,165719,74202,98067,0
60612,86560,97839,147172,158451,184399,1
46622,58243,29367,104865,75989,87610,1
97213,457,59436,97670,156649,59893,0
17701,52614,53532,70315,71233,106146,1
92283,94482,96342,186765,188625,190824,1
3914,86793,85956,90707,89870,172749,1
51931,45450,22518,97381,74449,67968,1
49142,86774,44153,135916,93295,130927,1
42621,6142,84043,48763,126664,90185,0
31183,30557,98227,61740,129410,128784,0
41323,87252,64192,128575,105515,151444,1
88350,61875,28072,150225,116422,89947,1
7117,53684,46956,60801,54073,100640,1
76541,93065,13315,169606,89856,106380,0
48977,23395,11940,72372,60917,35335,0
64579,52370,78368,116949,142947,130738,1
88057,13587,31990,101644,120047,45577,0
21732,93295,87447,115027,109179,180742,1
16408,66396,38900,82804,55308,105296,0
48756,65612,73504,114368,122260,139116,1
17312,144,65696,17456,83008,65840,0
14912,86863,32860,101775,47772,119723,0
85180,30512,49158,115692,134338,79670,0
13995,26481,83032,40476,97027,109513,0
22203,18165,25596,40368,47799,43761,1
27870,49326,59456,77196,87326,108782,1
38607,69026,70283,107633,108890,139309,1
83173,84633,47060,167806,130233,131693,1
58741,17993,47499,76734,106240,65492,1
58601,21029,81782,79630,140383,102811,0
80540,42785,68970,123325,149510,111755,1
45371,20302,62772,65673,108143,83074,1
5349,59473,73510,64822,78859,132983,0
39647,8766,93052,48413,132699,101818,0
45045,98360,9872,143405,54917,108232,0
63279,76174,87074,139453,150353,163248,1
95530,10967,3076,106497,98606,14043,0
61965,93872,87182,155837,149147,181054,1
36768,78043,63611,114811,100379,141654,1
67144,58564,49698,125708,116842,108262,1
33120,34793,83664,67913,116784,118457,0
1072,57771,99107,58843,100179,156878,0
77792,21724,74509,99516,152301,96233,1
44097,42323,98753,86420,142850,141076,0
85520,24241,41248,109761,126768,65489,0
17766,32689,67145,50455,84911,99834,0
4864,3731,72049,8595,76913,75780,0
96931,2484,16403,99415,113334,18887,0
16139,69911,68802,86050,84941,138713,1
11191,79004,8984,90195,20175,87988,0
48914,94006,40659,142920,89573,134665,0
84937,15285,10497,100222,95434,25782,0
40633,8751,6958,49384,47591,15709,0
3659,28560,88520,32219,92179,117080,0
29454,51904,13507,81358,42961,65411,0
54295,40069,82600,94364,136895,122669,1
9664,3102,44740,12766,54404,47842,0
68501,43090,49937,111591,118438,93027,1
27488,85665,6994,113153,34482,92659,0
77901,55366,97637,133267,175538,153003,1
73000,51806,80655,124806,153655,132461,1
71981,75016,83133,146997,155114,158149,1
81810,40562,35055,122372,116865,75617,0
50214,14569,49202,64783,99416,63771,1
40837,16488,19475,57325,60312,35963,0
96814,59995,49170,156809,145984,109165,1
84374,97506,72935,181880,157309,170441,1
10844,23720,79804,34564,90648,103524,0
36681,18659,83107,55340,119788,101766,0
68292,74689,40509,142981,108801,115198,1
32745,40882,62701,73627,95446,103583,1
79754,64682,7293,144436,87047,71975,0
56276,28508,94765,84784,151041,123273,0
91591,68690,42918,160281,134509,111608,1
28892,9303,37769,38195,66661,47072,1
48190,21885,98060,70075,146250,119945,0
13797,39922,69794,53719,83591,109716,0
35584,10201,1240,45785,36824,11441,0
41744,1008,71325,42752,113069,72333,0
44982,10046,84502,55028,129484,94548,0
96621,49138,47738,145759,144359,96876,1
20272,6913,6096,27185,26368,13009,0
21537,3511,44304,25048,65841,47815,0
37030,62683,4550,99713,41580,67233,0
25203,86993,81732,112196,106935,168725,1
27923,87755,21100,115678,49023,108855,0
57826,38129,51717,95955,109543,89846,1
21468,20745,85543,42213,107011,106288,0
8174,3965,61553,12139,69727,65518,0
25422,98937,62274,124359,87696,161211,0
22953,54160,63416,77113,86369,117576,1
51661,74237,21405,125898,73066,95642,0
15042,62757,29740,77799,44782,92497,0
47938,65986,92455,113924,140393,158441,1
42267,96906,23969,139173,66236,120875,0
61322,646,41050,61968,102372,41696,0
7337,7149,58003,14486,65340,65152,0
66262,21023,33438,87285,99700,54461,0
54780,77824,70353,132604,125133,148177,1
55004,39015,590,94019,55594,39605,0
91062,44060,59806,135122,150868,103866,1
25105,23471,35335,48576,60440,58806,1
81484,49317,22044,130801,103528,71361,0
373,83240,14963,83613,15336,98203,0
40535,88259,40995,128794,81530,129254,0
80675,6510,28505,87185,109180,35015,0
90041,15766,52993,105807,143034,68759,0
52319,20092,31245,72411,83564,51337,0
10884,23425,81505,34309,92389,104930,0
34573,17801,37283,52374,71856,55084,1
64789,99883,10695,164672,75484,110578,0
3778,78118,70433,81896,74211,148551,0
25914,49442,41222,75356,67136,90664,1
66162,2763,5950,68925,72112,8713,0
90239,97447,35703,187686,125942,133150,1
26274,35583,72727,61857,99001,108310,0
51645,94928,44797,146573,96442,139725,1
83205,19088,78186,102293,161391,97274,1
18063,73081,98669,91144,116732,171750,0
4040,72929,10013,76969,14053,82942,0
7132,56648,86558,63780,93690,143206,0
27828,91510,87711,119338,115539,179221,1
5277,28449,41540,33726,46817,69989,0
75708,95215,59449,170923,135157,154664,1
11943,62130,56837,74073,68780,118967,1
75961,25879,55579,101840,131540,81458,1
11372,4293,88028,15665,99400,92321,0
12715,87981,35431,100696,48146,123412,0
25444,27256,62144,52700,87588,89400,0
77640,14673,64958,92313,142598,79631,1
11872,19873,16190,31745,28062,36063,1
61627,50241,80026,111868,141653,130267,1
94532,40196,28366,134728,122898,68562,0
49536,49287,74724,98823,124260,124011,1
44221,4546,40123,48767,84344,44669,1
84613,22354,82001,106967,166614,104355,1
61361,53738,70485,115099,131846,124223,1
48925,89024,32716,137949,81641,121740,0
3384,78421,26165,81805,29549,104586,0
4410,14986,65397,19396,69807,80383,0
76896,25001,22931,101897,99827,47932,0
65119,69446,4129,134565,69248,73575,0
38437,88280,67748,126717,106185,156028,1
54933,36384,32255,91317,87188,68639,1
3908,17914,51405,21822,55313,69319,0
71822,36163,53648,107985,125470,89811,1
30519,98822,82041,129341,112560,180863,1
68807,25844,385,94651,69192,26229,0
54863,20268,35720,75131,90583,55988,1
90794,38630,48674,129424,139468,87304,0
49364,56251,45235,105615,94599,101486,1
60509,98024,42460,158533,102969,140484,1
23812,30170,93763,53982,117575,123933,0
21593,20106,14705,41699,36298,34811,1
51685,4853,72862,56538,124547,77715,0
28892,81661,55814,110553,84706,137475,1
42269,64098,27316,106367,69585,91414,1
85780,90522,65593,176302,151373,156115,1
55470,57,9628,55527,65098,9685,0
10144,64862,37209,75006,47353,102071,0
41621,60580,22217,102201,63838,82797,1
54565,90463,95983,145028,150548,186446,1
86035,34155,94035,120190,180070,128190,1
93928,3075,73185,97003,167113,76260,0
70749,9514,10126,80263,80875,19640,0
68066,41593,78475,109659,146541,120068,1
3490,46505,57857,49995,61347,104362,0
21072,37327,53405,58399,74477,90732,1
14492,78675,30399,93167,44891,109074,0
58249,48808,74573,107057,132822,123381,1
5073,92813,96318,97886,101391,189131,1
9184,27668,61341,36852,70525,89009,0
28624,55718,6046,84342,34670,61764,0
64792,22179,7699,86971,72491,29878,0
79164,32986,5148,112150,84312,38134,0
33635,67427,46374,101062,80009,113801,1
77024,61986,924,139010,77948,62910,0
84633,37565,4319,122198,88952,41884,0
13290,85043,18207,98333,31497,103250,0
29136,70095,15012,99231,44148,85107,0
58870,83440,52044,142310,110914,135484,1
61763,26191,75864,87954,137627,102055,1
94146,47578,56420,141724,150566,103998,1
52429,3990,88121,56419,140550,92111,0
34869,37836,35788,72705,70657,73624,1
63454,66159,91651,129613,155105,157810,1
64079,67633,71618,131712,135697,139251,1
64963,55012,72425,119975,137388,127437,1
47038,73216,56858,120254,103896,130074,1
18065,88573,76237,106638,94302,164810,1
4184,53866,72771,58050,76955,126637,0
46629,905,50858,47534,97487,51763,0
37890,18585,73249,56475,111139,91834,0
25361,12416,41567,37777,66928,53983,0
50995,38900,25786,89895,76781,64686,1
43853,8235,90389,52088,134242,98624,0
18877,49932,18316,68809,37193,68248,0
48086,10990,57749,59076,105835,68739,1
71287,64818,92700,136105,163987,157518,1
10829,49931,14109,60760,24938,64040,0
88578,12384,32866,100962,121444,45250,0
196,76577,3515,76773,3711,80092,0
67820,4603,49970,72423,117790,54573,0
24176,96127,72469,120303,96645,168596,1
18253,87800,49889,106053,68142,137689,0
37020,13688,64768,50708,101788,78456,0
82965,39917,30524,122882,113489,70441,0
70715,89128,79326,159843,150041,168454,1
38239,75009,95012,113248,133251,170021,1
45328,1588,22316,46916,67644,23904,0
17227,21280,25528,38507,42755,46808,1
82570,31930,99406,114500,181976,131336,1
34688,5533,14537,40221,49225,20070,0
50014,14752,36885,64766,86899,51637,1
83224,22658,21302,105882,104526,43960,0
32327,6545,57445,38872,89772,63990,0
29336,4733,13221,34069,42557,17954,0
80982,38277,78496,119259,159478,116773,1
13396,74008,5099,87404,18495,79107,0
10944,45372,94786,56316,105730,140158,0
14390,16003,88936,30393,103326,104939,0
37215,9612,11836,46827,49051,21448,0
29515,87459,60016,116974,89531,147475,1
50934,99998,34261,150932,85195,134259,0
34664,11290,73183,45954,107847,84473,0
19130,65737,62296,84867,81426,128033,1
82278,77547,45214,159825,127492,122761,1
92662,40795,20347,133457,113009,61142,0
63819,2872,2989,66691,66808,5861,0
80310,80431,67512,160741,147822,147943,1
85659,4842,28565,90501,114224,33407,0
37404,90743,73088,128147,110492,163831,1
19055,28942,10394,47997,29449,39336,1
49241,25396,44960,74637,94201,70356,1
23085,42366,4220,65451,27305,46586,0
65008,11242,11207,76250,76215,22449,0
89030,67387,85034,156417,174064,152421,1
9421,45898,38920,55319,48341,84818,1
9299,95278,91772,104577,101071,187050,1
26102,47698,58068,73800,84170,105766,1
14266,5602,40363,19868,54629,45965,0
29079,79508,62153,108587,91232,141661,1
16906,31837,48374,48743,65280,80211,1
33014,75874,71244,108888,104258,147118,1
41832,45534,6785,87366,48617,52319,1
69171,4232,97266,73403,166437,101498,0
67427,90862,34024,158289,101451,124886,1
65377,91913,91924,157290,157301,183837,1
86928,25018,85149,111946,172077,110167,1
62760,49689,26076,112449,88836,75765,1
12234,23179,31650,35413,43884,54829,1
88345,20471,52096,108816,140441,72567,0
55198,77899,31050,133097,86248,108949,1
85686,5347,27958,91033,113644,33305,0
54700,48611,88800,103311,143500,137411,1
51735,89357,76939,141092,128674,166296,1
14315,63876,61570,78191,75885,125446,1
77573,96878,66970,174451,144543,163848,1
17560,62138,29412,79698,46972,91550,0
20605,74888,77882,95493,98487,152770,1
75928,82841,85684,158769,161612,168525,1
44143,80520,27736,124663,71879,108256,0
24516,27025,45424,51541,69940,72449,1
62687,56410,33536,119097,96223,89946,1
97025,76872,30993,173897,128018,107865,1
62706,62264,7137,124970,69843,69401,1
62231,32146,72263,94377,134494,104409,1
44390,90135,96107,134525,140497,186242,1
43881,68532,8000,112413,51881,76532,0
63131,65480,31798,128611,94929,97278,1
71874,42987,5902,114861,77776,48889,0
69917,40690,19665,110607,89582,60355,0
58479,84901,19150,143380,77629,104051,0
22301,80765,7958,103066,30259,88723,0
23154,59983,75842,83137,98996,135825,1
22184,23093,12134,45277,34318,35227,1
58064,36172,18784,94236,76848,54956,0
70704,21527,13895,92231,84599,35422,0
89066,73042,77167,162108,166233,150209,1
96970,95059,72284,192029,169254,167343,1
89068,52826,17596,141894,106664,70422,0
94233,15534,26909,109767,121142,42443,0
17007,16653,94834,33660,111841,111487,0
55563,10218,5799,65781,61362,16017,0
69053,44955,73258,114008,142311,118213,1
9577,24359,15103,33936,24680,39462,1
68787,42151,71231,110938,140018,113382,1
96653,60308,22629,156961,119282,82937,0
18585,69836,57809,88421,76394,127645,1
33452,12443,24887,45895,58339,37330,1
85902,78910,6707,164812,92609,85617,0
89316,83482,20786,172798,110102,104268,1
75990,7071,77346,83061,153336,84417,1
70937,21536,74321,92473,145258,95857,1
5980,73328,92662,79308,98642,165990,0
40203,99307,14019,139510,54222,113326,0
46937,95571,81734,142508,128671,177305,1
31535,41124,68197,72659,99732,109321,1
88106,99889,20759,187995,108865,120648,1
31199,68055,83061,99254,114260,151116,1
80822,59758,8954,140580,89776,68712,0
13818,37444,33305,51262,47123,70749,1
45201,55577,66154,100778,111355,121731,1
41323,47296,87352,88619,128675,134648,1
92661,65571,70975,158232,163636,136546,1
52262,93027,97070,145289,149332,190097,1
46371,56864,81225,103235,127596,138089,1
81792,48151,74266,129943,156058,122417,1
31724,81739,21675,113463,53399,103414,0
36931,79096,59674,116027,96605,138770,1
73812,7725,81693,81537,155505,89418,0
6427,62769,29096,69196,35523,91865,0
86412,34320,76444,120732,162856,110764,1
92149,94877,84519,187026,176668,179396,1
11193,30364,28842,41557,40035,59206,1
6922,54263,37946,61185,44868,92209,0
33152,86011,18567,119163,51719,104578,0
40436,97439,43896,137875,84332,141335,0
23710,56346,90481,80056,114191,146827,0
88309,56345,73490,144654,161799,129835,1
78583,33689,68904,112272,147487,102593,1
44144,48442,2781,92586,46925,51223,0
12849,41163,15148,54012,27997,56311,0
46557,56698,10654,103255,57211,67352,1
56734,7485,77634,64219,134368,85119,0
39366,76300,29812,115666,69178,106112,0
98721,86288,24998,185009,123719,111286,1
21184,58651,23223,79835,44407,81874,0
45428,70717,71287,116145,116715,142004,1
15491,96999,66290,112490,81781,163289,0
19728,54939,79392,74667,99120,134331,0
48828,89368,85397,138196,134225,174765,1
56417,35598,7679,92015,64096,43277,0
18621,29155,87174,47776,105795,116329,0
29024,7924,34813,36948,63837,42737,1
36085,39675,85399,75760,121484,125074,0
3066,12338,87050,15404,90116,99388,0
68645,50386,95599,119031,164244,145985,1
90977,5017,27456,95994,118433,32473,0
35568,66158,77640,101726,113208,143798,1
39117,80319,13640,119436,52757,93959,0
17724,96547,13418,114271,31142,109965,0
35958,29858,21398,65816,57356,51256,1
41143,33312,99437,74455,140580,132749,0
50406,14490,18572,64896,68978,33062,0
41443,42862,54548,84305,95991,97410,1
41545,16331,12879,57876,54424,29210,0
57804,37016,90570,94820,148374,127586,1
79982,98759,20179,178741,100161,118938,1
61317,34454,51489,95771,112806,85943,1
75923,73381,29898,149304,105821,103279,1
43776,71118,36214,114894,79990,107332,1
11515,68299,27673,79814,39188,95972,0
95896,71068,77335,166964,173231,148403,1
85397,48343,23667,133740,109064,72010,0
40605,89540,78769,130145,119374,168309,1
38838,26280,24701,65118,63539,50981,1
93211,58141,42304,151352,135515,100445,1
25153,81014,46161,106167,71314,127175,0
38216,51115,57579,89331,95795,108694,1
98804,14584,28211,113388,127015,42795,0
88026,85899,60974,173925,149000,146873,1
20003,70754,21290,90757,41293,92044,0
42195,42039,96171,84234,138366,138210,0
37685,408,23822,38093,61507,24230,0
31509,79973,44980,111482,76489,124953,0
28326,43579,40211,71905,68537,83790,1
40740,47147,60765,87887,101505,107912,1
49280,96262,21373,145542,70653,117635,0
17786,42233,17089,60019,34875,59322,0
29651,81066,53384,110717,83035,134450,1
74962,32688,68745,107650,143707,101433,1
39839,87541,82289,127380,122128,169830,1
20319,58915,57803,79234,78122,116718,1
40631,28801,52290,69432,92921,81091,1
39696,63647,77531,103343,117227,141178,1
62318,25018,86344,87336,148662,111362,1
88887,72631,50449,161518,139336,123080,1
76798,45809,21729,122607,98527,67538,0
85061,11087,56599,96148,141660,67686,0
96019,55400,15724,151419,111743,71124,0
58213,85293,18441,143506,76654,103734,0
8404,10975,29761,19379,38165,40736,0
77826,2043,5054,79869,82880,7097,0
30009,57507,31452,87516,61461,88959,1
93389,79024,7200,172413,100589,86224,0
46389,28013,29378,74402,75767,57391,1
6263,92822,81637,99085,87900,174459,0
5247,1687,88122,6934,93369,89809,0
58674,69651,54129,128325,112803,123780,1
51023,64667,89381,115690,140404,154048,1
81762,268,84078,82030,165840,84346,0
82002,82195,32783,164197,114785,114978,1
68127,29432,27992,97559,96119,57424,0
41631,32146,48867,73777,90498,81013,1
34239,71564,57831,105803,92070,129395,1
24907,21323,85558,46230,110465,106881,0
47559,22508,32304,70067,79863,54812,1
84503,61717,16311,146220,100814,78028,0
37207,9117,70239,46324,107446,79356,0
23070,95616,85462,118686,108532,181078,1
72621,12721,24069,85342,96690,36790,0
57019,20721,86251,77740,143270,106972,0
40542,79543,24791,120085,65333,104334,0
28438,93345,68718,121783,97156,162063,1
34388,69013,5320,103401,39708,74333,0
8418,41433,50673,49851,59091,92106,0
27327,17030,15751,44357,43078,32781,1
49573,11093,59726,60666,109299,70819,1
46326,47588,20519,93914,66845,68107,1
19241,31531,87293,50772,106534,118824,0
64377,64217,18923,128594,83300,83140,1
61038,79263,76908,140301,137946,156171,1
92250,62684,46626,154934,138876,109310,1
46171,81909,64662,128080,110833,146571,1
20893,22340,94261,43233,115154,116601,0
35876,61923,27376,97799,63252,89299,1
98119,76710,84948,174829,183067,161658,1
29169,6134,39839,35303,69008,45973,0
2362,54068,54500,56430,56862,108568,1
44974,963,19350,45937,64324,20313,0
83077,45123,58287,128200,141364,103410,1
39192,89874,53317,129066,92509,143191,1
67013,13048,71245,80061,138258,84293,1
5627,84453,95704,90080,101331,180157,0
19492,84540,16436,104032,35928,100976,0
84912,16532,60332,101444,145244,76864,0
88157,64601,94531,152758,182688,159132,1
1758,22803,48690,24561,50448,71493,0
27905,81307,66314,109212,94219,147621,1
51043,15387,50073,66430,101116,65460,1
62991,22919,86092,85910,149083,109011,0
33676,63207,81768,96883,115444,144975,1
59562,62004,67281,121566,126843,129285,1
85883,68569,26817,154452,112700,95386,1
32586,83975,17311,116561,49897,101286,0
74461,11535,80432,85996,154893,91967,1
73618,69345,43845,142963,117463,113190,1
57016,72368,14982,129384,71998,87350,0
4746,29951,15668,34697,20414,45619,0
52755,22998,68319,75753,121074,91317,1
37752,77831,54294,115583,92046,132125,1
53395,43580,13638,96975,67033,57218,1
22550,79385,95252,101935,117802,174637,1
85980,26821,76178,112801,162158,102999,1
24588,61832,89861,86420,114449,151693,0
52855,66339,29355,119194,82210,95694,1
21315,68446,2627,89761,23942,71073,0
97063,26109,6964,123172,104027,33073,0
91093,17256,28944,108349,120037,46200,0
9002,13912,20889,22914,29891,34801,1
88858,57340,34764,146198,123622,92104,1
14749,90220,91516,104969,106265,181736,1
79343,14895,56587,94238,135930,71482,0
21846,20982,36089,42828,57935,57071,1
44416,15598,21963,60014,66379,37561,0
53168,37226,24732,90394,77900,61958,1
64254,12451,37822,76705,102076,50273,0
26052,74185,9752,100237,35804,83937,0
22200,97965,4247,120165,26447,102212,0
18070,95527,14929,113597,32999,110456,0
50473,88330,38965,138803,89438,127295,1
62214,25294,76055,87508,138269,101349,1
28073,78860,97330,106933,125403,176190,1
58396,79662,167,138058,58563,79829,0
98026,18092,19469,116118,117495,37561,0
44806,84742,60670,129548,105476,145412,1
21697,84002,58344,105699,80041,142346,0
89906,71399,64802,161305,154708,136201,1
41737,86499,61883,128236,103620,148382,1
78191,28396,50150,106587,128341,78546,1
59346,96709,50581,156055,109927,147290,1
53428,22421,39109,75849,92537,61530,1
19501,65969,54063,85470,73564,120032,1
18971,24479,10125,43450,29096,34604,1
50192,70839,55594,121031,105786,126433,1
18161,57856,3153,76017,21314,61009,0
41268,71359,6820,112627,48088,78179,0
27905,9789,57516,37694,85421,67305,0
60962,65804,93807,126766,154769,159611,1
14253,24468,7330,38721,21583,31798,0
34016,92440,20393,126456,54409,112833,0
84113,82715,44675,166828,128788,127390,1
18995,95288,98145,114283,117140,193433,1
50802,42339,53243,93141,104045,95582,1
82489,20700,22445,103189,104934,43145,0
23256,12926,54255,36182,77511,67181,0
13281,40330,14095,53611,27376,54425,0
20053,22617,28589,42670,48642,51206,1
54150,30855,54185,85005,108335,85040,1
12492,4404,23881,16896,36373,28285,0
15874,86813,84059,102687,99933,170872,1
24076,3536,5628,27612,29704,9164,0
11902,24072,81940,35974,93842,106012,0
99810,47819,82297,147629,182107,130116,1
4258,85274,75233,89532,79491,160507,0
36714,29197,57889,65911,94603,87086,1
26576,25728,49789,52304,76365,75517,1
86784,17850,43942,104634,130726,61792,0
67301,20886,76831,88187,144132,97717,1
39319,36449,31980,75768,71299,68429,1
35856,24668,98711,60524,134567,123379,0
95403,63598,42519,159001,137922,106117,1
18700,83710,75709,102410,94409,159419,1
50712,45706,50101,96418,100813,95807,1
56893,31980,87076,88873,143969,119056,1
81913,80773,52040,162686,133953,132813,1
53847,65111,16096,118958,69943,81207,1
43780,68782,80362,112562,124142,149144,1
53109,77458,89948,130567,143057,167406,1
25323,63812,9566,89135,34889,73378,0
33201,55758,69944,88959,103145,125702,1
82566,60259,87998,142825,170564,148257,1
74722,94665,37632,169387,112354,132297,1
43741,32813,7090,76554,50831,39903,0
22296,8787,30672,31083,52968,39459,1
24460,42888,77213,67348,101673,120101,0
76209,19323,40874,95532,117083,60197,0
39082,2659,75273,41741,114355,77932,0
82365,37589,59034,119954,141399,96623,1
46679,85359,70863,132038,117542,156222,1
19397,36630,17167,56027,36564,53797,0
1129,31318,1310,32447,2439,32628,0
98275,38780,2203,137055,100478,40983,0
43272,88019,65702,131291,108974,153721,1
53712,9993,78261,63705,131973,88254,0
99267,57383,93402,156650,192669,150785,1
84006,58916,54919,142922,138925,113835,1
47347,4066,56095,51413,103442,60161,0
67543,63725,75549,131268,143092,139274,1
74435,93146,23176,167581,97611,116322,1
75037,22228,9381,97265,84418,31609,0
28978,4493,38293,33471,67271,42786,0
14259,30494,86221,44753,100480,116715,0
46212,96425,64704,142637,110916,161129,1
22102,6334,87914,28436,110016,94248,0
4135,5890,34763,10025,38898,40653,0
87480,21002,31266,108482,118746,52268,0
99940,32528,11543,132468,111483,44071,0
19717,36916,5287,56633,25004,42203,0
44137,25953,51088,70090,95225,77041,1
72399,41195,29941,113594,102340,71136,0
19112,84349,45662,103461,64774,130011,0
73066,24809,66772,97875,139838,91581,1
39846,63550,87480,103396,127326,151030,1
52069,45288,62675,97357,114744,107963,1
75075,5980,80478,81055,155553,86458,1
2482,28297,73103,30779,75585,101400,0
61532,98133,10208,159665,71740,108341,0
6259,63124,84264,69383,90523,147388,0
67857,87680,57123,155537,124980,144803,1
74207,33307,58437,107514,132644,91744,1
12482,53117,88389,65599,100871,141506,0
7501,68170,48406,75671,55907,116576,0
73921,83101,79787,157022,153708,162888,1
88867,46339,97791,135206,186658,144130,1
41630,67154,7557,108784,49187,74711,0
26818,80680,41342,107498,68160,122022,0
16932,62170,49832,79102,66764,112002,1
85905,93559,80876,179464,166781,174435,1
86003,89653,39038,175656,125041,128691,1
44532,15109,92860,59641,137392,107969,0
48576,38067,94233,86643,142809,132300,0
29706,68884,26644,98590,56350,95528,0
33682,87456,70148,121138,103830,157604,1
92990,44953,24633,137943,117623,69586,0
28016,37575,20880,65591,48896,58455,1
4245,81007,49276,85252,53521,130283,0
20163,82732,92706,102895,112869,175438,1
67881,44635,97673,112516,165554,142308,1
77454,25475,35962,102929,113416,61437,0
42472,2989,69445,45461,111917,72434,0
29757,87411,73699,117168,103456,161110,1
18116,33901,62430,52017,80546,96331,0
37515,92403,17078,129918,54593,109481,0
24526,85947,79073,110473,103599,165020,1
20083,8294,73018,28377,93101,81312,0
67719,46663,9584,114382,77303,56247,0
57628,66154,12336,123782,69964,78490,1
43266,59846,91599,103112,134865,151445,1
19404,39810,90308,59214,109712,130118,0
42665,84535,33686,127200,76351,118221,0
57328,2424,44249,59752,101577,46673,0
5372,74372,90857,79744,96229,165229,0
98449,83153,27845,181602,126294,110998,1
53883,78614,68591,132497,122474,147205,1
35503,60271,70536,95774,106039,130807,1
24366,1418,69806,25784,94172,71224,0
68314,62556,9031,130870,77345,71587,1
10793,53845,76256,64638,87049,130101,0
28570,99064,92938,127634,121508,192002,1
23557,38402,6688,61959,30245,45090,0
92429,33949,77445,126378,169874,111394,1
60358,1166,51766,61524,112124,52932,0
32647,12789,87936,45436,120583,100725,0
17939,32566,15885,50505,33824,48451,1
40539,67186,7416,107725,47955,74602,0
27165,24413,59314,51578,86479,83727,0
8756,33517,72618,42273,81374,106135,0
70256,54487,90731,124743,160987,145218,1
10542,17343,1936,27885,12478,19279,0
96148,34936,52548,131084,148696,87484,0
55859,12836,53925,68695,109784,66761,1
40655,90838,82502,131493,123157,173340,1
70939,18776,17638,89715,88577,36414,0
34619,83012,71792,117631,106411,154804,1
33652,88889,56288,122541,89940,145177,1
31376,53936,5678,85312,37054,59614,0
81334,70009,38637,151343,119971,108646,1
18901,17340,16288,36241,35189,33628,1
39760,39272,53605,79032,93365,92877,1
53547,51430,15097,104977,68644,66527,1
60131,54703,99221,114834,159352,153924,1
37149,63605,44392,100754,81541,107997,1
93281,30509,78134,123790,171415,108643,1
11615,84723,35859,96338,47474,120582,0
19695,25636,67896,45331,87591,93532,0
84163,30265,41341,114428,125504,71606,0
46432,61354,44057,107786,90489,105411,1
71888,28166,90018,100054,161906,118184,1
21819,67815,4069,89634,25888,71884,0
94921,32796,89555,127717,184476,122351,1
5561,53684,59621,59245,65182,113305,0
87088,25890,75623,112978,162711,101513,1
17260,13944,54347,31204,71607,68291,0
44250,18669,64238,62919,108488,82907,0
12329,28563,70345,40892,82674,98908,0
9711,93264,83949,102975,93660,177213,1
42802,89969,11064,132771,53866,101033,0
37218,99450,45463,136668,82681,144913,0
97214,12310,52659,109524,149873,64969,0
71119,10067,60247,81186,131366,70314,0
28591,32375,16774,60966,45365,49149,1
82060,22956,14571,105016,96631,37527,0
62609,84725,46643,147334,109252,131368,1
24975,86890,85228,111865,110203,172118,1
41326,82722,76324,124048,117650,159046,1
49601,31571,4152,81172,53753,35723,0
41334,23470,79760,64804,121094,103230,0
25234,31966,62560,57200,87794,94526,0
56969,73076,11880,130045,68849,84956,0
95265,32200,12699,127465,107964,44899,0
2399,89677,71900,92076,74299,161577,0
4881,44510,71723,49391,76604,116233,0
52077,1343,32735,53420,84812,34078,0
13457,48498,35486,61955,48943,83984,1
6826,55606,48204,62432,55030,103810,0
60987,10293,70187,71280,131174,80480,1
2909,32798,77063,35707,79972,109861,0
36877,84981,36500,121858,73377,121481,0
71960,14221,7395,86181,79355,21616,0
90143,89720,37323,179863,127466,127043,1
49734,29815,97496,79549,147230,127311,0
62580,8372,43048,70952,105628,51420,0
63733,13346,52419,77079,116152,65765,1
23849,59700,57136,83549,80985,116836,1
38218,45617,15929,83835,54147,61546,1
89228,74055,43904,163283,133132,117959,1
44383,20568,50764,64951,95147,71332,1
61495,85020,56815,146515,118310,141835,1
29859,31332,91073,61191,120932,122405,0
62983,47806,73354,110789,136337,121160,1
90130,3118,68123,93248,158253,71241,0
42043,4917,95102,46960,137145,100019,0
61168,73836,83753,135004,144921,157589,1
96577,10113,92921,106690,189498,103034,1
72913,61574,79588,134487,152501,141162,1
54265,58772,12769,113037,67034,71541,1
63652,9951,93857,73603,157509,103808,0
91432,74759,27196,166191,118628,101955,1
25776,37468,48292,63244,74068,85760,1
23829,98460,77552,122289,101381,176012,1
2666,82269,74100,84935,76766,156369,0
88677,75833,80140,164510,168817,155973,1
94577,24658,12503,119235,107080,37161,0
69673,59567,26421,129240,96094,85988,1
55677,28011,50062,83688,105739,78073,1
88928,56144,33735,145072,122663,89879,1
58064,5624,58900,63688,116964,64524,1
78665,6258,67537,84923,146202,73795,0
17172,7802,57156,24974,74328,64958,0
99828,48916,37954,148744,137782,86870,0
17333,45377,84491,62710,101824,129868,0
65950,87298,10382,153248,76332,97680,0
3836,59918,11561,63754,15397,71479,0
73765,75436,7088,149201,80853,82524,1
17234,86874,64498,104108,81732,151372,0
34507,25973,75741,60480,110248,101714,0
65944,88154,20169,154098,86113,108323,0
45321,79521,39246,124842,84567,118767,1
42176,39522,758,81698,42934,40280,0
95859,17475,65415,113334,161274,82890,0
42107,96339,83854,138446,125961,180193,1
77825,98402,85186,176227,163011,183588,1
76721,15646,6483,92367,83204,22129,0
41016,21446,21578,62462,62594,43024,1
42637,70056,1909,112693,44546,71965,0
50677,33627,38226,84304,88903,71853,1
48868,21285,7436,70153,56304,28721,0
68916,8149,41439,77065,110355,49588,0
37545,76257,92537,113802,130082,168794,1
60764,4241,78895,65005,139659,83136,0
87287,9647,19753,96934,107040,29400,0
5743,71048,19364,76791,25107,90412,0
74808,45060,75869,119868,150677,120929,1
38957,34639,7221,73596,46178,41860,1
23857,65340,78194,89197,102051,143534,1
75617,61232,25499,136849,101116,86731,1
33317,28131,95376,61448,128693,123507,0
47825,56060,14182,103885,62007,70242,1
84057,76866,15482,160923,99539,92348,1
82393,32247,38760,114640,121153,71007,0
29270,75108,70480,104378,99750,145588,1
21016,62662,40008,83678,61024,102670,0
77284,96405,80245,173689,157529,176650,1
91568,74025,81645,165593,173213,155670,1
21660,98651,5208,120311,26868,103859,0
84554,78154,49029,162708,133583,127183,1
22535,38478,46246,61013,68781,84724,1
52505,54677,49976,107182,102481,104653,1
37451,99613,79300,137064,116751,178913,1
45578,10536,74160,56114,119738,84696,0
73218,64392,83930,137610,157148,148322,1
65351,77396,70436,142747,135787,147832,1
90679,41084,826,131763,91505,41910,0
13211,70984,84431,84195,97642,155415,0
36517,146,55903,36663,92420,56049,0
11042,79159,66910,90201,77952,146069,0
89842,89018,30663,178860,120505,119681,1
39629,35629,11086,75258,50715,46715,1
69821,86463,30786,156284,100607,117249,1
103,55215,21702,55318,21805,76917,0
13974,36916,85846,50890,99820,122762,0
52848,85220,29148,138068,81996,114368,0
77414,14019,96577,91433,173991,110596,0
95043,69812,78989,164855,174032,148801,1
78440,85213,72743,163653,151183,157956,1
91678,45342,64192,137020,155870,109534,1
91267,4326,9599,95593,100866,13925,0
89078,99722,29782,188800,118860,129504,1
47533,76843,15302,124376,62835,92145,0
18520,8210,23483,26730,42003,31693,1
40914,83543,45956,124457,86870,129499,1
64891,50355,49570,115246,114461,99925,1
55399,91129,55650,146528,111049,146779,1
4296,9896,49022,14192,53318,58918,0
9304,93130,14844,102434,24148,107974,0
59585,3799,74379,63384,133964,78178,0
44206,31997,31525,76203,75731,63522,1
49876,57091,28335,106967,78211,85426,1
84209,8146,23886,92355,108095,32032,0
94439,75816,97046,170255,191485,172862,1
66114,90098,644,156212,66758,90742,0
14179,78848,97609,93027,111788,176457,0
46715,19643,42655,66358,89370,62298,1
49658,48622,16031,98280,65689,64653,1
33815,32746,21653,66561,55468,54399,1
71015,82151,64873,153166,135888,147024,1
96724,43180,90468,139904,187192,133648,1
18324,971,15968,19295,34292,16939,0
5524,88639,60786,94163,66310,149425,0
77689,21207,42811,98896,120500,64018,0
954,68104,25025,69058,25979,93129,0
39476,48777,68778,88253,108254,117555,1
94288,21488,77197,115776,171485,98685,1
69295,96523,87627,165818,156922,184150,1
74742,5262,82188,80004,156930,87450,0
74621,79514,86740,154135,161361,166254,1
10653,81389,47301,92042,57954,128690,0
53360,32563,34058,85923,87418,66621,1
82564,53942,43901,136506,126465,97843,1
94755,80478,4962,175233,99717,85440,0
19016,51981,66471,70997,85487,118452,1
54048,57262,41407,111310,95455,98669,1
12806,70741,25181,83547,37987,95922,0
58913,38963,3270,97876,62183,42233,0
22164,60585,30074,82749,52238,90659,0
28202,62679,89159,90881,117361,151838,1
75272,72601,15470,147873,90742,88071,1
44307,94885,51434,139192,95741,146319,1
78914,18833,80279,97747,159193,99112,1
45900,90573,86014,136473,131914,176587,1
12689,26581,97501,39270,110190,124082,0
76812,29579,5725,106391,82537,35304,0
74887,59850,81974,134737,156861,141824,1
72323,53354,14302,125677,86625,67656,0
92619,78302,73720,170921,166339,152022,1
66544,58236,4266,124780,70810,62502,0
83344,94103,64765,177447,148109,158868,1
45640,3556,78405,49196,124045,81961,0
72564,65880,74268,138444,146832,140148,1
74938,70642,81830,145580,156768,152472,1
81208,49181,18321,130389,99529,67502,0
44181,87372,47525,131553,91706,134897,1
49323,79050,57949,128373,107272,136999,1
86780,30857,77066,117637,163846,107923,1
33664,10478,88135,44142,121799,98613,0
78889,5222,28192,84111,107081,33414,0
1878,84894,93114,86772,94992,178008,0
70607,40224,61291,110831,131898,101515,1
73447,38236,14117,111683,87564,52353,0
86479,3463,74703,89942,161182,78166,0
71260,16448,93146,87708,164406,109594,0
25964,59018,9025,84982,34989,68043,0
26728,51181,20150,77909,46878,71331,0
44271,57127,75646,101398,119917,132773,1
99275,11511,33118,110786,132393,44629,0
76286,22255,84411,98541,160697,106666,1
36200,77471,38507,113671,74707,115978,0
14279,94535,94749,108814,109028,189284,1
63261,92816,79027,156077,142288,171843,1
43345,50113,27070,93458,70415,77183,1
2459,37213,99332,39672,101791,136545,0
11611,99432,34473,111043,46084,133905,0
1307,84542,10821,85849,12128,95363,0
31701,85854,37449,117555,69150,123303,0
36881,59767,98651,96648,135532,158418,0
47961,43445,36980,91406,84941,80425,1
63942,6917,18160,70859,82102,25077,0
51137,1528,68531,52665,119668,70059,0
88354,48020,42837,136374,131191,90857,1
38549,10420,44961,48969,83510,55381,1
73793,85711,42349,159504,116142,128060,1
86326,58348,5060,144674,91386,63408,0
63417,14361,12029,77778,75446,26390,0
49696,95427,7069,145123,56765,102496,0
18467,66696,93197,85163,111664,159893,0
22593,38100,73608,60693,96201,111708,0
15334,28340,90303,43674,105637,118643,0
68980,25176,11537,94156,80517,36713,0
89947,37757,68838,127704,158785,106595,1
29582,43756,76709,73338,106291,120465,0
16933,73654,75998,90587,92931,149652,1
44164,71812,39072,115976,83236,110884,1
40019,57445,37333,97464,77352,94778,1
49595,61583,38634,111178,88229,100217,1
32261,49719,48447,81980,80708,98166,1
70250,32183,69806,102433,140056,101989,1
12231,61232,87007,73463,99238,148239,0
4399,33137,7805,37536,12204,40942,0
84087,19161,39517,103248,123604,58678,0
20154,42729,74114,62883,94268,116843,0
68060,76942,81834,145002,149894,158776,1
96855,52174,27303,149029,124158,79477,0
67757,81427,30500,149184,98257,111927,1
36330,37311,36336,73641,72666,73647,1
56512,87281,50659,143793,107171,137940,1
89477,29723,69073,119200,158550,98796,1
23468,67138,81274,90606,104742,148412,1
19412,62985,66822,82397,86234,129807,1
80565,83682,41999,164247,122564,125681,1
286,75796,62098,76082,62384,137894,0
32467,50422,16617,82889,49084,67039,0
30454,33244,16675,63698,47129,49919,1
57240,48004,64859,105244,122099,112863,1
79922,65475,55655,145397,135577,121130,1
69239,92361,21881,161600,91120,114242,0
82560,48283,44300,130843,126860,92583,1
88856,51669,30584,140525,119440,82253,0
30515,15571,35083,46086,65598,50654,1
35256,30995,75757,66251,111013,106752,0
81152,30444,15438,111596,96590,45882,0
35354,20895,97303,56249,132657,118198,0
99990,90775,8163,190765,108153,98938,0
67491,41186,80209,108677,147700,121395,1
32690,77786,4239,110476,36929,82025,0
34208,24920,3834,59128,38042,28754,0
20083,12240,24965,32323,45048,37205,1
97386,6170,97617,103556,195003,103787,1
66233,75016,94691,141249,160924,169707,1
85364,48626,33812,133990,119176,82438,0
29439,12143,95398,41582,124837,107541,0
81524,31747,26573,113271,108097,58320,0
40242,82122,73690,122364,113932,155812,1
29085,86142,13569,115227,42654,99711,0
27000,87288,20679,114288,47679,107967,0
6083,69212,2858,75295,8941,72070,0
66045,1023,66230,67068,132275,67253,1
55802,17161,15649,72963,71451,32810,0
34354,61488,37343,95842,71697,98831,1
31188,33001,55962,64189,87150,88963,1
95943,52675,30606,148618,126549,83281,0
54222,9037,71443,63259,125665,80480,0
52076,15304,12547,67380,64623,27851,0
55220,47163,32119,102383,87339,79282,1
58717,82334,9856,141051,68573,92190,0
39969,85556,1870,125525,41839,87426,0
43999,21944,62057,65943,106056,84001,1
18691,89512,10580,108203,29271,100092,0
1387,2353,19166,3740,20553,21519,0
60611,28964,56089,89575,116700,85053,1
40551,3289,82941,43840,123492,86230,0
74956,27995,8661,102951,83617,36656,0
71834,32312,27939,104146,99773,60251,0
90694,46845,86282,137539,176976,133127,1
53386,39350,20460,92736,73846,59810,1
46049,99669,44601,145718,90650,144270,0
82446,35165,54700,117611,137146,89865,1
64356,14465,27293,78821,91649,41758,0
71109,10813,32847,81922,103956,43660,0
8568,8014,28419,16582,36987,36433,0
28684,65423,343,94107,29027,65766,0
26542,66471,29609,93013,56151,96080,0
62455,45600,59775,108055,122230,105375,1
10203,48321,46615,58524,56818,94936,1
2102,74625,1439,76727,3541,76064,0
90596,24823,49755,115419,140351,74578,0
23653,51137,92620,74790,116273,143757,0
75203,60246,96410,135449,171613,156656,1
3780,30221,91139,34001,94919,121360,0
82243,62301,96783,144544,179026,159084,1
85349,99025,27243,184374,112592,126268,1
66262,93674,35406,159936,101668,129080,1
68248,76343,18399,144591,86647,94742,1
28584,33310,39744,61894,68328,73054,1
79044,24002,90062,103046,169106,114064,1
78501,24868,38463,103369,116964,63331,0
34806,33660,92874,68466,127680,126534,0
95674,65699,74143,161373,169817,139842,1
29357,84210,7233,113567,36590,91443,0
99994,66282,9479,166276,109473,75761,0
67344,43515,70623,110859,137967,114138,1
52417,11294,92124,63711,144541,103418,0
78157,84633,38720,162790,116877,123353,1
42291,30911,5239,73202,47530,36150,0
64392,67122,37434,131514,101826,104556,1
90192,78744,31197,168936,121389,109941,1
219,20610,32167,20829,32386,52777,0
43531,50434,91665,93965,135196,142099,1
41908,22035,46268,63943,88176,68303,1
48397,65771,98631,114168,147028,164402,1
15615,77176,22314,92791,37929,99490,0
20358,21969,54546,42327,74904,76515,0
66737,60890,70889,127627,137626,131779,1
46118,39593,87806,85711,133924,127399,0
83963,35409,83653,119372,167616,119062,1
89007,62037,34089,151044,123096,96126,1
39433,37625,58400,77058,97833,96025,1
85025,70802,79773,155827,164798,150575,1
41587,69645,81187,111232,122774,150832,1
22362,40325,90356,62687,112718,130681,0
67979,83135,99798,151114,167777,182933,1
86574,70096,64780,156670,151354,134876,1
76359,80046,99666,156405,176025,179712,1
76120,15571,50563,91691,126683,66134,0
8958,25684,91999,34642,100957,117683,0
58225,57609,79070,115834,137295,136679,1
7193,89584,64299,96777,71492,153883,0
70144,64944,50841,135088,120985,115785,1
29807,74002,90863,103809,120670,164865,1
44853,4172,12645,49025,57498,16817,0
87797,23176,10198,110973,97995,33374,0
33332,22405,7048,55737,40380,29453,0
4981,99446,85591,104427,90572,185037,0
9080,15825,77783,24905,86863,93608,0
35,66546,27980,66581,28015,94526,0
67083,8957,27320,76040,94403,36277,0
56143,94400,5705,150543,61848,100105,0
95340,15777,3029,111117,98369,18806,0
26088,52196,91501,78284,117589,143697,0
43165,63961,65786,107126,108951,129747,1
24955,25966,53084,50921,78039,79050,0
946,87253,20843,88199,21789,108096,0
15233,58026,51886,73259,67119,109912,1
8063,87653,65989,95716,74052,153642,0
742,97458,11867,98200,12609,109325,0
37158,44613,10648,81771,47806,55261,1
95284,13294,50625,108578,145909,63919,0
94024,65549,24285,159573,118309,89834,0
14562,8460,65160,23022,79722,73620,0
74205,20446,29973,94651,104178,50419,0
95671,24631,16134,120302,111805,40765,0
27213,97999,42257,125212,69470,140256,0
56283,86828,47613,143111,103896,134441,1
54726,97545,47968,152271,102694,145513,1
48989,25931,12666,74920,61655,38597,0
7804,24152,62998,31956,70802,87150,0
45419,72196,42525,117615,87944,114721,1
34610,21706,90757,56316,125367,112463,0
96104,2722,83917,98826,180021,86639,0
46007,33001,53238,79008,99245,86239,1
69049,10890,5792,79939,74841,16682,0
16050,24689,23900,40739,39950,48589,1
79743,17230,6480,96973,86223,23710,0
52338,94721,9420,147059,61758,104141,0
88199,84894,12048,173093,100247,96942,1
72980,48667,35399,121647,108379,84066,1
88979,12381,47939,101360,136918,60320,0
17277,74904,90410,92181,107687,165314,1
56218,5087,36288,61305,92506,41375,0
94540,4209,59519,98749,154059,63728,0
40424,52902,15477,93326,55901,68379,1
20607,98806,32387,119413,52994,131193,0
58072,19314,35571,77386,93643,54885,0
63479,29630,17877,93109,81356,47507,0
43282,62033,79233,105315,122515,141266,1
78556,99304,36086,177860,114642,135390,1
40941,97124,92234,138065,133175,189358,1
78570,90253,70219,168823,148789,160472,1
95040,51024,27806,146064,122846,78830,0
94706,78597,42545,173303,137251,121142,1
81264,25924,95750,107188,177014,121674,1
44786,32590,67015,77376,111801,99605,1
45615,13890,80495,59505,126110,94385,0
41165,3637,44628,44802,85793,48265,1
37679,36280,84415,73959,122094,120695,0
16784,91288,69517,108072,86301,160805,0
26842,42866,98847,69708,125689,141713,0
5634,14719,65185,20353,70819,79904,0
79498,98568,6503,178066,86001,105071,0
18721,29952,86822,48673,105543,116774,0
26122,68077,80790,94199,106912,148867,1
72705,20210,74937,92915,147642,95147,1
25315,83478,98679,108793,123994,182157,1
54950,25239,79207,80189,134157,104446,1
58842,26314,45233,85156,104075,71547,1
30720,9723,13083,40443,43803,22806,0
56166,60833,15334,116999,71500,76167,1
46729,34188,67661,80917,114390,101849,1
79015,68360,69173,147375,148188,137533,1
14638,71279,89348,85917,103986,160627,0
44628,66994,84143,111622,128771,151137,1
19106,31002,14292,50108,33398,45294,1
51011,85995,18920,137006,69931,104915,0
560,29583,47389,30143,47949,76972,0
37150,62101,38452,99251,75602,100553,1
48220,23282,42508,71502,90728,65790,1
58890,74261,79297,133151,138187,153558,1
27703,35215,73914,62918,101617,109129,0
67875,45171,90591,113046,158466,135762,1
65224,6434,60451,71658,125675,66885,1
8854,22894,82905,31748,91759,105799,0
15545,24046,71471,39591,87016,95517,0
64269,75542,22617,139811,86886,98159,1
5457,62001,57171,67458,62628,119172,1
39705,8311,56953,48016,96658,65264,0
66680,4101,76385,70781,143065,80486,0
611,142,4139,753,4750,4281,0
38334,96006,68604,134340,106938,164610,1
11681,10068,20312,21749,31993,30380,1
20456,12241,43102,32697,63558,55343,0
42694,32799,78351,75493,121045,111150,0
57341,13256,79929,70597,137270,93185,0
54714,7623,86048,62337,140762,93671,0
83381,64434,47943,147815,131324,112377,1
28040,34457,6014,62497,34054,40471,0
3324,71694,962,75018,4286,72656,0
30759,50587,26643,81346,57402,77230,1
9890,43900,7814,53790,17704,51714,0
93897,83882,71199,177779,165096,155081,1
34499,98064,6023,132563,40522,104087,0
37453,1682,71142,39135,108595,72824,0
1711,39625,31548,41336,33259,71173,0
21166,51755,86861,72921,108027,138616,0
13160,12759,46638,25919,59798,59397,0
44605,13512,76171,58117,120776,89683,0
15984,47996,98969,63980,114953,146965,0
83000,56491,21227,139491,104227,77718,0
75516,82514,64817,158030,140333,147331,1
92175,48580,59139,140755,151314,107719,1
58830,52531,79515,111361,138345,132046,1
45529,1316,84851,46845,130380,86167,0
64710,56254,71144,120964,135854,127398,1
10687,97521,60058,108208,70745,157579,0
71258,856,4604,72114,75862,5460,0
84607,8191,41294,92798,125901,49485,0
56922,50077,21169,106999,78091,71246,1
91272,37395,81610,128667,172882,119005,1
8500,9987,90838,18487,99338,100825,0
31705,95351,23363,127056,55068,118714,0
57798,51790,69066,109588,126864,120856,1
37504,33058,13813,70562,51317,46871,1
36852,27552,68137,64404,104989,95689,0
34744,56504,76554,91248,111298,133058,1
6332,21989,95,28321,6427,22084,0
44594,38387,48000,82981,92594,86387,1
27494,39595,44195,67089,71689,83790,1
78541,72509,55160,151050,133701,127669,1
47803,26822,42498,74625,90301,69320,1
33410,86052,80666,119462,114076,166718,1
4855,81991,43503,86846,48358,125494,0
35828,89103,63066,124931,98894,152169,1
10355,15574,43108,25929,53463,58682,0
61360,67827,29967,129187,91327,97794,1
7746,93951,74130,101697,81876,168081,0
65570,81460,40720,147030,106290,122180,1
90736,72486,45744,163222,136480,118230,1
91563,27797,11014,119360,102577,38811,0
19272,18125,40396,37397,59668,58521,0
87853,60920,35984,148773,123837,96904,1
15176,66839,60043,82015,75219,126882,1
78440,32743,79274,111183,157714,112017,1
71589,57199,57593,128788,129182,114792,1
65405,53304,88708,118709,154113,142012,1
19320,85349,51596,104669,70916,136945,0
68188,16127,46852,84315,115040,62979,0
39115,66559,45197,105674,84312,111756,1
3648,81063,64432,84711,68080,145495,0
16198,31755,71234,47953,87432,102989,0
89607,90292,40199,179899,129806,130491,1
80840,39547,99385,120387,180225,138932,1
93757,2091,22773,95848,116530,24864,0
44922,32807,22642,77729,67564,55449,1
26057,60724,58702,86781,84759,119426,1
70574,30680,14870,101254,85444,45550,0
82660,84882,1158,167542,83818,86040,0
68651,76621,34451,145272,103102,111072,1
32291,18318,16398,50609,48689,34716,1
781,61040,65310,61821,66091,126350,0
52184,84580,50914,136764,103098,135494,1
36569,33626,35943,70195,72512,69569,1
72897,22806,90134,95703,163031,112940,1
64094,4998,98827,69092,162921,103825,0
58140,94973,36431,153113,94571,131404,0
36346,73326,27091,109672,63437,100417,0
96881,25720,44744,122601,141625,70464,0
85291,80558,71723,165849,157014,152281,1
77488,52000,3267,129488,80755,55267,0
1371,65241,58182,66612,59553,123423,0
38867,79581,59778,118448,98645,139359,1
95002,83037,65736,178039,160738,148773,1
95245,89869,17071,185114,112316,106940,1
32677,90637,69596,123314,102273,160233,1
68875,34644,75540,103519,144415,110184,1
22262,5306,46524,27568,68786,51830,0
22828,2947,31229,25775,54057,34176,0
77549,94358,89471,171907,167020,183829,1
96723,87828,42072,184551,138795,129900,1
26203,10626,57304,36829,83507,67930,0
31825,56941,14921,88766,46746,71862,0
35910,37953,94600,73863,130510,132553,0
78421,65902,85731,144323,164152,151633,1
39990,18714,87291,58704,127281,106005,0
64869,54987,18027,119856,82896,73014,1
83017,58070,40326,141087,123343,98396,1
83015,97525,11163,180540,94178,108688,0
2393,95033,10408,97426,12801,105441,0
25181,61855,2655,87036,27836,64510,0
74396,97282,28794,171678,103190,126076,1
28912,45226,61423,74138,90335,106649,1
74786,56363,30747,131149,105533,87110,1
78833,66976,58176,145809,137009,125152,1
73495,7369,69125,80864,142620,76494,1
41116,98976,10546,140092,51662,109522,0
92554,6254,92224,98808,184778,98478,1
95617,54367,14387,149984,110004,68754,0
84431,70927,99107,155358,183538,170034,1
17342,68112,91550,85454,108892,159662,0
54661,88962,5413,143623,60074,94375,0
92435,3687,44900,96122,137335,48587,0
33992,17028,92130,51020,126122,109158,0
39226,4534,16919,43760,56145,21453,0
35954,37088,12807,73042,48761,49895,1
75074,94837,52489,169911,127563,147326,1
11720,54541,47354,66261,59074,101895,1
74267,8430,27154,82697,101421,35584,0
20855,48355,36752,69210,57607,85107,1
81520,13050,70739,94570,152259,83789,1
51279,58385,47399,109664,98678,105784,1
68256,10261,40842,78517,109098,51103,0
80583,84178,19407,164761,99990,103585,1
62058,67452,9665,129510,71723,77117,1
46165,32037,54610,78202,100775,86647,1
37646,76139,61051,113785,98697,137190,1
41874,64918,76194,106792,118068,141112,1
37363,11876,27685,49239,65048,39561,1
12241,3152,74926,15393,87167,78078,0
48733,72301,80757,121034,129490,153058,1
34242,58234,56584,92476,90826,114818,1
59982,6271,80370,66253,140352,86641,0
81193,72666,81924,153859,163117,154590,1
67702,41430,44658,109132,112360,86088,1
76735,42832,81072,119567,157807,123904,1
1593,60289,64955,61882,66548,125244,0
33551,16532,27651,50083,61202,44183,1
29250,59049,26136,88299,55386,85185,0
22025,86523,82398,108548,104423,168921,1
55863,38427,66299,94290,122162,104726,1
70248,23515,24728,93763,94976,48243,0
93784,30386,59439,124170,153223,89825,0
91852,93045,60620,184897,152472,153665,1
21061,98916,45868,119977,66929,144784,0
25722,28165,5296,53887,31018,33461,1
62265,10468,9565,72733,71830,20033,0
32894,45856,26854,78750,59748,72710,1
15384,82864,38430,98248,53814,121294,0
78175,30646,49459,108821,127634,80105,1
20640,58851,78656,79491,99296,137507,1
84083,36570,38526,120653,122609,75096,0
56577,20765,68131,77342,124708,88896,1
79287,32260,46645,111547,125932,78905,0
94214,86431,13755,180645,107969,100186,1
30393,27375,6032,57768,36425,33407,1
88643,46942,38269,135585,126912,85211,0
41750,46779,95747,88529,137497,142526,0
47038,90070,40154,137108,87192,130224,0
28108,70489,39111,98597,67219,109600,0
99031,7140,56039,106171,155070,63179,0
51385,36781,53324,88166,104709,90105,1
61225,98051,88984,159276,150209,187035,1
11691,9305,43728,20996,55419,53033,0
2121,12988,96450,15109,98571,109438,0
86003,79491,69916,165494,155919,149407,1
98366,9784,12057,108150,110423,21841,0
26745,96420,30293,123165,57038,126713,0
21726,32082,90007,53808,111733,122089,0
96387,23119,13578,119506,109965,36697,0
60804,89656,67160,150460,127964,156816,1
32394,93134,97662,125528,130056,190796,1
60224,91637,35207,151861,95431,126844,1
14492,69861,20329,84353,34821,90190,0
12707,92393,92235,105100,104942,184628,1
66657,24304,1052,90961,67709,25356,0
8334,72765,13611,81099,21945,86376,0
54563,70102,32663,124665,87226,102765,1
78355,26478,3223,104833,81578,29701,0
30793,85681,36750,116474,67543,122431,0
13829,52744,89653,66573,103482,142397,0
51371,6202,43983,57573,95354,50185,0
36076,88729,98622,124805,134698,187351,1
39461,19858,28611,59319,68072,48469,1
24668,30391,35847,55059,60515,66238,1
24578,11054,75533,35632,100111,86587,0
58814,88416,92686,147230,151500,181102,1
62172,35852,9517,98024,71689,45369,0
15426,7441,20989,22867,36415,28430,1
60770,15863,36911,76633,97681,52774,0
39266,40838,16993,80104,56259,57831,1
69684,86039,70142,155723,139826,156181,1
47631,15481,51897,63112,99528,67378,1
91047,73309,15456,164356,106503,88765,0
22004,9073,44442,31077,66446,53515,0
39566,62586,38319,102152,77885,100905,1
31971,14634,11138,46605,43109,25772,0
34053,94616,91657,128669,125710,186273,1
78397,49595,57675,127992,136072,107270,1
51525,3088,53674,54613,105199,56762,1
12873,21706,8455,34579,21328,30161,0
32310,24378,20331,56688,52641,44709,1
10342,88107,4828,98449,15170,92935,0
57280,86366,12359,143646,69639,98725,0
28110,42290,69322,70400,97432,111612,1
77957,12547,76588,90504,154545,89135,1
80234,45652,68105,125886,148339,113757,1
23210,91042,37991,114252,61201,129033,0
79394,73827,28388,153221,107782,102215,1
2286,87639,25780,89925,28066,113419,0
86314,13563,60889,99877,147203,74452,0
33068,91450,98053,124518,131121,189503,1
87834,34053,24178,121887,112012,58231,0
73964,85654,13189,159618,87153,98843,1
67035,28313,80430,95348,147465,108743,1
73284,23376,41539,96660,114823,64915,0
52018,32399,86618,84417,138636,119017,0
36078,17104,14611,53182,50689,31715,0
85157,41663,96608,126820,181765,138271,1
82403,37642,69586,120045,151989,107228,1
9965,54948,16661,64913,26626,71609,0
69272,64561,70716,133833,139988,135277,1
50799,80939,41900,131738,92699,122839,1
6617,9443,49156,16060,55773,58599,0
86454,28312,86813,114766,173267,115125,1
63698,70432,45036,134130,108734,115468,1
1198,40484,68882,41682,70080,109366,0
31906,56967,68591,88873,100497,125558,1
44511,76540,81874,121051,126385,158414,1
91855,71875,93132,163730,184987,165007,1
64527,26218,55381,90745,119908,81599,1
65817,60585,30081,126402,95898,90666,1
40297,25005,31750,65302,72047,56755,1
86517,68459,85863,154976,172380,154322,1
59568,42369,92365,101937,151933,134734,1
22759,28650,92453,51409,115212,121103,0
37371,1641,11048,39012,48419,12689,0
23227,27357,14120,50584,37347,41477,1
63216,96947,37608,160163,100824,134555,1
54734,22839,66280,77573,121014,89119,1
17191,95429,37574,112620,54765,133003,0
69321,88709,17635,158030,86956,106344,0
17231,2690,93814,19921,111045,96504,0
38944,91743,1498,130687,40442,93241,0
42573,60910,21215,103483,63788,82125,1
34249,80867,31774,115116,66023,112641,0
20672,57618,77834,78290,98506,135452,1
33611,75082,50549,108693,84160,125631,1
83223,20725,32678,103948,115901,53403,0
23353,49468,95286,72821,118639,144754,0
90014,19780,81112,109794,171126,100892,1
51118,32109,98578,83227,149696,130687,0
96321,72180,56636,168501,152957,128816,1
12915,26358,51536,39273,64451,77894,0
25105,84020,48472,109125,73577,132492,0
56907,51640,83998,108547,140905,135638,1
51054,92072,26405,143126,77459,118477,0
77426,58067,162,135493,77588,58229,0
35824,7387,11583,43211,47407,18970,0
7057,94568,98304,101625,105361,192872,1
81770,18721,37447,100491,119217,56168,0
43929,44826,54529,88755,98458,99355,1
38742,83426,73664,122168,112406,157090,1
94224,15243,526,109467,94750,15769,0
8591,52539,72562,61130,81153,125101,0
90885,94242,66178,185127,157063,160420,1
52722,96559,86530,149281,139252,183089,1
83287,72435,37031,155722,120318,109466,1
89354,76938,62919,166292,152273,139857,1
1909,48199,3757,50108,5666,51956,0
62791,97893,38071,160684,100862,135964,1
52160,63253,68193,115413,120353,131446,1
4080,91119,99556,95199,103636,190675,0
89118,27401,13446,116519,102564,40847,0
53157,58942,27865,112099,81022,86807,1
46946,21711,79418,68657,126364,101129,0
5858,84727,23982,90585,29840,108709,0
35518,7075,16172,42593,51690,23247,0
9041,57090,75630,66131,84671,132720,0
481,49819,58217,50300,58698,108036,0
67380,49338,55677,116718,123057,105015,1
23870,47012,34062,70882,57932,81074,1
81944,83963,46112,165907,128056,130075,1
26816,16051,41918,42867,68734,57969,1
82413,19535,40430,101948,122843,59965,0
15005,27334,88415,42339,103420,115749,0
43382,54956,72822,98338,116204,127778,1
49869,98826,5298,148695,55167,104124,0
25187,58305,92335,83492,117522,150640,0
61017,64184,68443,125201,129460,132627,1
32511,16417,93828,48928,126339,110245,0
50086,52925,17195,103011,67281,70120,1
73359,35128,71410,108487,144769,106538,1
39256,35631,5469,74887,44725,41100,1
2077,88987,85008,91064,87085,173995,0
29135,67836,49336,96971,78471,117172,1
11810,53049,96902,64859,108712,149951,0
75696,63498,69857,139194,145553,133355,1
76321,49164,49838,125485,126159,99002,1
50762,89519,93488,140281,144250,183007,1
29708,95030,71732,124738,101440,166762,1
13005,53729,27843,66734,40848,81572,0
4043,64627,99491,68670,103534,164118,0
34569,60904,99489,95473,134058,160393,0
10415,54931,47465,65346,57880,102396,1
24477,94590,95121,119067,119598,189711,1
15875,17890,98387,33765,114262,116277,0
77071,8790,11276,85861,88347,20066,0
74544,49348,76187,123892,150731,125535,1
33386,4254,48229,37640,81615,52483,0
69615,85226,81426,154841,151041,166652,1
84629,28152,85631,112781,170260,113783,1
69556,95517,29737,165073,99293,125254,1
76836,66846,91544,143682,168380,158390,1
63082,45964,40801,109046,103883,86765,1
25266,43016,1216,68282,26482,44232,0
43532,83401,11143,126933,54675,94544,0
44667,94979,85746,139646,130413,180725,1
2385,75069,5907,77454,8292,80976,0
69532,58344,10775,127876,80307,69119,0
25285,99845,43671,125130,68956,143516,0
99751,79802,95354,179553,195105,175156,1
81057,23285,11764,104342,92821,35049,0
1991,17542,32935,19533,34926,50477,0
57084,40893,88334,97977,145418,129227,1
47169,22916,1854,70085,49023,24770,0
98477,95856,95285,194333,193762,191141,1
13044,54241,80202,67285,93246,134443,0
10252,52812,19038,63064,29290,71850,0
19327,61209,78373,80536,97700,139582,1
95977,98132,70867,194109,166844,168999,1
89260,72636,58491,161896,147751,131127,1
55093,48767,17323,103860,72416,66090,1
50352,90437,42293,140789,92645,132730,1
12369,64868,71313,77237,83682,136181,1
9134,73524,47418,82658,56552,120942,0
72912,50748,70735,123660,143647,121483,1
27957,78685,42950,106642,70907,121635,0
99570,1820,56177,101390,155747,57997,0
84339,29397,63451,113736,147790,92848,1
15228,55981,19640,71209,34868,75621,0
63606,68675,31902,132281,95508,100577,1
36195,31187,5584,67382,41779,36771,1
58754,11346,79723,70100,138477,91069,0
3922,94296,94128,98218,98050,188424,1
77958,73628,76057,151586,154015,149685,1
22046,33499,36326,55545,58372,69825,1
48586,54468,7011,103054,55597,61479,1
26842,13183,25404,40025,52246,38587,1
53539,468,61022,54007,114561,61490,0
34051,27684,35097,61735,69148,62781,1
71052,35960,96455,107012,167507,132415,1
37782,25052,91698,62834,129480,116750,0
20886,51397,79446,72283,100332,130843,0
69843,95501,66022,165344,135865,161523,1
47054,57886,17874,104940,64928,75760,1
71334,81420,52719,152754,124053,134139,1
19116,4812,95851,23928,114967,100663,0
29007,8836,31866,37843,60873,40702,1
70708,2579,63515,73287,134223,66094,0
54240,61136,57189,115376,111429,118325,1
26045,96262,60268,122307,86313,156530,0
79531,31466,62590,110997,142121,94056,1
87542,15402,9935,102944,97477,25337,0
62740,4699,19119,67439,81859,23818,0
40038,19176,75663,59214,115701,94839,0
94946,91811,36584,186757,131530,128395,1
49575,94225,40672,143800,90247,134897,0
25377,26738,25171,52115,50548,51909,1
13750,31689,4667,45439,18417,36356,0
91370,52897,31010,144267,122380,83907,0
15179,48482,60371,63661,75550,108853,1
41527,97028,15940,138555,57467,112968,0
58520,77189,43852,135709,102372,121041,1
49134,70383,29942,119517,79076,100325,1
79778,58290,481,138068,80259,58771,0
28857,28889,69420,57746,98277,98309,0
94843,83681,5924,178524,100767,89605,0
27383,11627,8080,39010,35463,19707,0
27418,96004,59053,123422,86471,155057,0
49375,40817,25285,90192,74660,66102,1
5933,58266,85351,64199,91284,143617,0
19902,34695,53630,54597,73532,88325,1
78279,50121,26150,128400,104429,76271,0
43005,52870,17277,95875,60282,70147,1
31963,49621,570,81584,32533,50191,0
39164,62164,72653,101328,111817,134817,1
74620,24128,54810,98748,129430,78938,1
44498,83215,93442,127713,137940,176657,1
11170,64714,80613,75884,91783,145327,0
31113,39761,17160,70874,48273,56921,1
15951,35194,53354,51145,69305,88548,0
42680,92998,92208,135678,134888,185206,1
77987,4228,28655,82215,106642,32883,0
43186,82382,89928,125568,133114,172310,1
43570,50824,24200,94394,67770,75024,1
37227,5251,27328,42478,64555,32579,0
23887,34967,94175,58854,118062,129142,0
34388,8256,13089,42644,47477,21345,0
77549,17727,14116,95276,91665,31843,0
41237,51375,94640,92612,135877,146015,0
73104,21944,99905,95048,173009,121849,0
38135,59776,58622,97911,96757,118398,1
11515,55681,97415,67196,108930,153096,0
54457,9567,89015,64024,143472,98582,0
85783,63604,28064,149387,113847,91668,1
38844,75307,82176,114151,121020,157483,1
8075,32639,21310,40714,29385,53949,0
36844,25722,45593,62566,82437,71315,1
47842,98883,77570,146725,125412,176453,1
77704,56871,2212,134575,79916,59083,0
43134,69635,40976,112769,84110,110611,1
47647,9053,14778,56700,62425,23831,0
6602,62908,96054,69510,102656,158962,0
3511,20341,64821,23852,68332,85162,0
5612,78393,11941,84005,17553,90334,0
18514,93594,86219,112108,104733,179813,1
30733,37952,53024,68685,83757,90976,1
72176,32836,95281,105012,167457,128117,1
97845,5662,66429,103507,164274,72091,0
90541,17761,62171,108302,152712,79932,0
72230,54720,48690,126950,120920,103410,1
70821,98441,4345,169262,75166,102786,0
88276,85935,61179,174211,149455,147114,1
1437,84095,66880,85532,68317,150975,0
95343,35548,93807,130891,189150,129355,1
72923,61633,74762,134556,147685,136395,1
45126,12385,29083,57511,74209,41468,0
49913,88293,8039,138206,57952,96332,0
50080,82385,39747,132465,89827,122132,1
90570,85302,20147,175872,110717,105449,1
22006,34965,93430,56971,115436,128395,0
22488,98033,46162,120521,68650,144195,0
35469,82328,29431,117797,64900,111759,0
99502,5287,75060,104789,174562,80347,0
72572,35392,8656,107964,81228,44048,0
83370,57316,33522,140686,116892,90838,1
96802,50219,42743,147021,139545,92962,0
19977,33518,54508,53495,74485,88026,0
7077,24334,81695,31411,88772,106029,0
39651,90886,55780,130537,95431,146666,1
73238,8476,30636,81714,103874,39112,0
76042,80635,12881,156677,88923,93516,1
60644,25160,47794,85804,108438,72954,1
47563,76920,56861,124483,104424,133781,1
49675,4780,24633,54455,74308,29413,0
92054,69302,94995,161356,187049,164297,1
89499,17028,35060,106527,124559,52088,0
81892,71287,42935,153179,124827,114222,1
18215,68542,39329,86757,57544,107871,0
26188,85454,22214,111642,48402,107668,0
85431,33718,99774,119149,185205,133492,1
64670,73680,23100,138350,87770,96780,1
8385,71034,92719,79419,101104,163753,0
20055,21268,7095,41323,27150,28363,1
62115,39396,3562,101511,65677,42958,0
41882,41969,71183,83851,113065,113152,1
63486,54104,46310,117590,109796,100414,1
22803,3566,14937,26369,37740,18503,0
34887,96070,24244,130957,59131,120314,0
47512,86916,29110,134428,76622,116026,0
66965,39882,42672,106847,109637,82554,1
8824,85866,39969,94690,48793,125835,0
27383,17277,2102,44660,29485,19379,0
1896,19129,7310,21025,9206,26439,0
49092,24245,92449,73337,141541,116694,0
53613,37486,81117,91099,134730,118603,1
6794,98080,19430,104874,26224,117510,0
53505,28809,5191,82314,58696,34000,0
56821,76252,1733,133073,58554,77985,0
88223,10187,26561,98410,114784,36748,0
36908,62896,79954,99804,116862,142850,1
45919,34598,95206,80517,141125,129804,0
37063,72788,76821,109851,113884,149609,1
96870,40688,45562,137558,142432,86250,0
35031,29158,62007,64189,97038,91165,1
69859,80814,90755,150673,160614,171569,1
43279,82957,64590,126236,107869,147547,1
16440,29129,93468,45569,109908,122597,0
2445,43308,86504,45753,88949,129812,0
57333,23509,9584,80842,66917,33093,0
44357,53920,26159,98277,70516,80079,1
36491,34520,55252,71011,91743,89772,1
8864,76205,57249,85069,66113,133454,0
23289,92677,70029,115966,93318,162706,1
17664,33359,42456,51023,60120,75815,1
22079,60288,97964,82367,120043,158252,0
82554,90553,85707,173107,168261,176260,1
33983,89490,63357,123473,97340,152847,1
11287,53579,31533,64866,42820,85112,0
36077,73161,88279,109238,124356,161440,1
54490,87440,33123,141930,87613,120563,1
70071,15957,68674,86028,138745,84631,1
54207,89295,64462,143502,118669,153757,1
63946,59250,29936,123196,93882,89186,1
73567,16477,42147,90044,115714,58624,0
50693,74022,72791,124715,123484,146813,1
55266,93245,57347,148511,112613,150592,1
14180,21515,3895,35695,18075,25410,0
7779,37138,74340,44917,82119,111478,0
89486,70229,21334,159715,110820,91563,1
59910,69832,74564,129742,134474,144396,1
40582,97918,87308,138500,127890,185226,1
71774,37378,7084,109152,78858,44462,0
95773,50173,41706,145946,137479,91879,0
55107,94290,95999,149397,151106,190289,1
85972,53477,97472,139449,183444,150949,1
60051,24708,7430,84759,67481,32138,0
17436,42601,71166,60037,88602,113767,0
58340,25212,92825,83552,151165,118037,0
10354,39427,79355,49781,89709,118782,0
75310,48505,2326,123815,77636,50831,0
2928,22373,95659,25301,98587,118032,0
92009,8156,69640,100165,161649,77796,0
3553,1891,99249,5444,102802,101140,0
97094,5379,47900,102473,144994,53279,0
35187,78885,44495,114072,79682,123380,1
76048,55632,40060,131680,116108,95692,1
65516,73191,13060,138707,78576,86251,1
648,91791,32097,92439,32745,123888,0
38662,93131,70124,131793,108786,163255,1
53247,98675,44511,151922,97758,143186,0
40430,40739,81270,81169,121700,122009,0
47982,77859,73520,125841,121502,151379,1
45017,13382,16190,58399,61207,29572,0
43400,13866,24616,57266,68016,38482,0
38703,42868,92039,81571,130742,134907,0
32257,22468,92123,54725,124380,114591,0
77553,35797,5500,113350,83053,41297,0
87323,42014,63542,129337,150865,105556,1
80324,15204,14436,95528,94760,29640,0
88603,34280,79121,122883,167724,113401,1
62563,30951,11217,93514,73780,42168,0
33198,55132,75984,88330,109182,131116,1
29296,48635,42881,77931,72177,91516,1
27141,48677,8646,75818,35787,57323,0
11269,32497,3908,43766,15177,36405,0
95182,91064,7594,186246,102776,98658,1
72388,22434,22825,94822,95213,45259,0
47300,73789,49670,121089,96970,123459,1
55527,56039,68800,111566,124327,124839,1
25281,60734,52625,86015,77906,113359,1
62057,99548,90295,161605,152352,189843,1
45331,39507,49085,84838,94416,88592,1
75664,18645,2495,94309,78159,21140,0
74162,48372,1569,122534,75731,49941,0
60251,32090,42500,92341,102751,74590,1
14170,19844,62737,34014,76907,82581,0
70157,98948,42506,169105,112663,141454,1
83152,40083,28699,123235,111851,68782,0
19503,40960,95043,60463,114546,136003,0
71398,98822,74857,170220,146255,173679,1
31342,55912,14756,87254,46098,70668,0
40461,70599,76810,111060,117271,147409,1
80785,65209,71334,145994,152119,136543,1
43435,59016,81765,102451,125200,140781,1
71226,45260,20968,116486,92194,66228,0
18367,57658,18127,76025,36494,75785,0
17214,72746,43723,89960,60937,116469,0
9591,35137,19752,44728,29343,54889,0
72642,85902,90076,158544,162718,175978,1
47871,975,1014,48846,48885,1989,0
51265,81304,61127,132569,112392,142431,1
34612,14710,72828,49322,107440,87538,0
51475,94130,32003,145605,83478,126133,0
53456,21631,75663,75087,129119,97294,0
79571,21813,3332,101384,82903,25145,0
57067,18495,79940,75562,137007,98435,0
14508,6160,89066,20668,103574,95226,0
79080,90979,79065,170059,158145,170044,1
5472,62652,89375,68124,94847,152027,0
91235,49690,95794,140925,187029,145484,1
68459,488,1341,68947,69800,1829,0
54730,45914,58251,100644,112981,104165,1
56244,40852,55943,97096,112187,96795,1
5212,46785,46604,51997,51816,93389,1
3598,32562,47591,36160,51189,80153,0
85060,98784,87915,183844,172975,186699,1
63496,88520,88887,152016,152383,177407,1
40066,40253,81676,80319,121742,121929,0
90805,71717,54471,162522,145276,126188,1
77780,11215,11050,88995,88830,22265,0
17907,97014,31680,114921,49587,128694,0
31924,28584,78704,60508,110628,107288,0
61567,25460,55630,87027,117197,81090,1
39932,71596,22624,111528,62556,94220,0
35193,3255,11561,38448,46754,14816,0
85351,709,37343,86060,122694,38052,0
27245,45156,14768,72401,42013,59924,0
87384,44199,52171,131583,139555,96370,1
46088,90634,35060,136722,81148,125694,0
93352,82776,74363,176128,167715,157139,1
73749,72885,92231,146634,165980,165116,1
33432,591,42287,34023,75719,42878,0
37328,16044,48444,53372,85772,64488,1
81147,81830,28952,162977,110099,110782,1
52435,79039,5611,131474,58046,84650,0
5961,68537,43017,74498,48978,111554,0
7929,85318,96060,93247,103989,181378,0
5491,12344,59879,17835,65370,72223,0
56012,69754,6523,125766,62535,76277,0
32067,81681,36982,113748,69049,118663,0
55455,87419,57,142874,55512,87476,0
61910,74782,7205,136692,69115,81987,0
82929,88770,85673,171699,168602,174443,1
10569,90753,68362,101322,78931,159115,0
93369,84434,60297,177803,153666,144731,1
13919,87987,61486,101906,75405,149473,0
68597,4635,51938,73232,120535,56573,0
77313,4894,50610,82207,127923,55504,0
94997,1208,51477,96205,146474,52685,0
78349,48889,62556,127238,140905,111445,1
91832,39995,48069,131827,139901,88064,0
91920,11248,81860,103168,173780,93108,1
52731,47654,87223,100385,139954,134877,1
57607,38240,37294,95847,94901,75534,1
4515,5759,6040,10274,10555,11799,1
92865,89967,19091,182832,111956,109058,1
62544,68713,31115,131257,93659,99828,1
75746,86708,23498,162454,99244,110206,1
46172,97796,61422,143968,107594,159218,1
58021,87265,85747,145286,143768,173012,1
35063,3310,72903,38373,107966,76213,0
61296,98778,16292,160074,77588,115070,0
42354,6570,4419,48924,46773,10989,0
67868,28408,36119,96276,103987,64527,0
93549,16687,99576,110236,193125,116263,1
93099,66169,14530,159268,107629,80699,0
84191,56259,36108,140450,120299,92367,1
76030,77573,79543,153603,155573,157116,1
77825,60373,57280,138198,135105,117653,1
29344,11309,20401,40653,49745,31710,1
39637,68622,74436,108259,114073,143058,1
50846,62243,9086,113089,59932,71329,0
34166,84994,85365,119160,119531,170359,1
78676,57918,63929,136594,142605,121847,1
87761,84111,95499,171872,183260,179610,1
68500,61687,64413,130187,132913,126100,1
96063,25442,82743,121505,178806,108185,1
46853,26288,37825,73141,84678,64113,1
83112,26327,60343,109439,143455,86670,1
75053,69317,26402,144370,101455,95719,1
18027,95119,35808,113146,53835,130927,0
79146,17971,80172,97117,159318,98143,1
38592,52625,14322,91217,52914,66947,1
86596,96340,94785,182936,181381,191125,1
60627,73050,70185,133677,130812,143235,1
28135,85866,60117,114001,88252,145983,1
67388,9270,97931,76658,165319,107201,0
98588,80140,66629,178728,165217,146769,1
96026,1266,44222,97292,140248,45488,0
93229,16502,4326,109731,97555,20828,0
18032,50222,16760,68254,34792,66982,0
17319,24234,77294,41553,94613,101528,0
51440,27916,69333,79356,120773,97249,1
84663,24810,9825,109473,94488,34635,0
59391,86523,37562,145914,96953,124085,1
83775,22386,70523,106161,154298,92909,1
41596,47043,95624,88639,137220,142667,0
47388,6519,51696,53907,99084,58215,1
78146,95270,65429,173416,143575,160699,1
38698,98081,51604,136779,90302,149685,0
58854,53986,10294,112840,69148,64280,1
27492,54975,43616,82467,71108,98591,1
46961,2667,9965,49628,56926,12632,0
67314,25669,54665,92983,121979,80334,1
1866,92050,35755,93916,37621,127805,0
37160,65497,59143,102657,96303,124640,1
70999,70538,29442,141537,100441,99980,1
33690,30539,61046,64229,94736,91585,1
16044,12989,39477,29033,55521,52466,0
70163,82877,85227,153040,155390,168104,1
61676,46128,30358,107804,92034,76486,1
60767,49563,99929,110330,160696,149492,1
8009,10852,47521,18861,55530,58373,0
52090,23864,72350,75954,124440,96214,1
87556,59931,22992,147487,110548,82923,0
31667,62978,39543,94645,71210,102521,1
45946,6103,83483,52049,129429,89586,0
15049,80162,70504,95211,85553,150666,1
77677,31002,65620,108679,143297,96622,1
62320,57504,77740,119824,140060,135244,1
29823,49929,48816,79752,78639,98745,1
72657,68765,63685,141422,136342,132450,1
28082,67244,5749,95326,33831,72993,0
51825,46123,83913,97948,135738,130036,1
47710,60515,26110,108225,73820,86625,1
24274,3814,52422,28088,76696,56236,0
86541,86359,89777,172900,176318,176136,1
4335,23643,65674,27978,70009,89317,0
85731,55738,77978,141469,163709,133716,1
27120,67009,67564,94129,94684,134573,1
2638,37534,55394,40172,58032,92928,0
18542,56401,7318,74943,25860,63719,0
93455,94924,48993,188379,142448,143917,1
54891,14245,22077,69136,76968,36322,0
17137,46517,90062,63654,107199,136579,0
19532,86651,46874,106183,66406,133525,0
70379,10876,16170,81255,86549,27046,0
98658,35742,22865,134400,121523,58607,0
82888,52003,30294,134891,113182,82297,0
4524,76225,73522,80749,78046,149747,1
63266,33996,82776,97262,146042,116772,1
70820,39924,258,110744,71078,40182,0
98570,92384,64864,190954,163434,157248,1
83226,63632,50208,146858,133434,113840,1
46529,35968,29396,82497,75925,65364,1
9804,61078,42390,70882,52194,103468,0
94267,92744,8078,187011,102345,100822,1
72536,34946,14153,107482,86689,49099,0
39144,16923,40911,56067,80055,57834,1
10358,37003,96759,47361,107117,133762,0
84947,55927,48880,140874,133827,104807,1
78675,72613,44451,151288,123126,117064,1
22594,61988,32981,84582,55575,94969,0
13814,24675,26252,38489,40066,50927,1
73107,5299,89058,78406,162165,94357,0
93635,25550,31677,119185,125312,57227,0
18200,22443,26483,40643,44683,48926,1
8087,93014,92660,101101,100747,185674,1
37398,26953,82650,64351,120048,109603,0
63666,8088,67948,71754,131614,76036,1
5943,39242,37890,45185,43833,77132,1
6810,16687,89010,23497,95820,105697,0
39688,69622,70438,109310,110126,140060,1
79369,55406,92839,134775,172208,148245,1
1058,63356,11967,64414,13025,75323,0
76439,40631,22784,117070,99223,63415,0
82260,9221,73369,91481,155629,82590,1
8909,94880,76730,103789,85639,171610,0
89783,50446,55300,140229,145083,105746,1
75050,88678,26700,163728,101750,115378,1
36867,11124,60355,47991,97222,71479,0
97916,22978,91901,120894,189817,114879,1
66402,48223,53317,114625,119719,101540,1
87741,93081,42181,180822,129922,135262,1
47895,51110,11819,99005,59714,62929,1
53748,52912,80969,106660,134717,133881,1
50451,88245,51749,138696,102200,139994,1
35312,28115,72196,63427,107508,100311,0
24327,82033,72272,106360,96599,154305,1
50089,11038,81697,61127,131786,92735,0
98370,42019,60551,140389,158921,102570,1
29404,75238,98366,104642,127770,173604,1
69552,75806,655,145358,70207,76461,0
8001,36935,9417,44936,17418,46352,0
76999,78908,53555,155907,130554,132463,1
32934,17138,72353,50072,105287,89491,0
46395,37504,66537,83899,112932,104041,1
29860,45650,95561,75510,125421,141211,0
21716,91775,34300,113491,56016,126075,0
53850,60248,59048,114098,112898,119296,1
28980,90554,87855,119534,116835,178409,1
64215,53978,26499,118193,90714,80477,1
24405,23636,75839,48041,100244,99475,0
6625,21745,11261,28370,17886,33006,0
96079,56632,34332,152711,130411,90964,0
30241,27972,94165,58213,124406,122137,0
65415,99898,10214,165313,75629,110112,0
62637,94311,42260,156948,104897,136571,1
64032,72521,41773,136553,105805,114294,1
5410,8352,22116,13762,27526,30468,0
83992,47963,21184,131955,105176,69147,0
68450,29451,35734,97901,104184,65185,0
23739,88831,92964,112570,116703,181795,1
91230,56194,97807,147424,189037,154001,1
72352,36839,38060,109191,110412,74899,1
43617,66570,88252,110187,131869,154822,1
52020,67400,27798,119420,79818,95198,1
92296,48160,22879,140456,115175,71039,0
79032,16244,28850,95276,107882,45094,0
72741,21800,52686,94541,125427,74486,1
75371,76965,27726,152336,103097,104691,1
99203,26848,76182,126051,175385,103030,1
8282,62416,82864,70698,91146,145280,0
44070,97787,17789,141857,61859,115576,0
342,82852,15750,83194,16092,98602,0
10246,94785,82487,105031,92733,177272,0
49205,64265,75765,113470,124970,140030,1
99545,55835,86220,155380,185765,142055,1
47399,65290,7825,112689,55224,73115,0
98203,30389,94060,128592,192263,124449,1
98055,22363,57110,120418,155165,79473,0
98452,64881,5497,163333,103949,70378,0
92371,55620,52330,147991,144701,107950,1
40686,47788,59831,88474,100517,107619,1
12943,17719,9248,30662,22191,26967,1
15038,59875,3336,74913,18374,63211,0
76910,99289,11065,176199,87975,110354,0
4158,80990,46876,85148,51034,127866,0
31815,19866,3601,51681,35416,23467,0
37118,78407,5449,115525,42567,83856,0
89151,87836,46716,176987,135867,134552,1
16127,28468,60527,44595,76654,88995,0
4263,2399,88085,6662,92348,90484,0
37785,6241,90012,44026,127797,96253,0
17867,18092,65227,35959,83094,83319,0
95549,25212,75637,120761,171186,100849,1
19108,88815,63970,107923,83078,152785,0
93920,96531,19412,190451,113332,115943,1
31275,84769,11648,116044,42923,96417,0
866,58704,57289,59570,58155,115993,0
85969,96209,22138,182178,108107,118347,1
33881,87277,4326,121158,38207,91603,0
77281,20992,99425,98273,176706,120417,0
11145,82932,87686,94077,98831,170618,1
52451,22471,80264,74922,132715,102735,0
55868,30159,39313,86027,95181,69472,1
96506,35940,45656,132446,142162,81596,0
45801,94056,43213,139857,89014,137269,0
60251,77089,99698,137340,159949,176787,1
73905,79509,57754,153414,131659,137263,1
30668,91997,99651,122665,130319,191648,1
90425,86395,21279,176820,111704,107674,1
20728,23242,25081,43970,45809,48323,1
18466,68963,85826,87429,104292,154789,1
60103,35015,89478,95118,149581,124493,1
58517,15970,76989,74487,135506,92959,0
41613,33250,77391,74863,119004,110641,0
26373,35424,23257,61797,49630,58681,1
98951,65717,64801,164668,163752,130518,1
3300,87767,54133,91067,57433,141900,0
99389,76595,92851,175984,192240,169446,1
39664,59528,57219,99192,96883,116747,1
83744,17058,654,100802,84398,17712,0
96838,38511,22031,135349,118869,60542,0
83701,42550,9010,126251,92711,51560,0
5811,85572,67506,91383,73317,153078,0
50108,2532,57711,52640,107819,60243,0
18209,53657,16783,71866,34992,70440,0
83042,36599,7013,119641,90055,43612,0
39626,98529,96821,138155,136447,195350,1
60149,84738,53308,144887,113457,138046,1
15980,42734,93990,58714,109970,136724,0
5302,18150,62510,23452,67812,80660,0
34601,7948,80005,42549,114606,87953,0
46457,65218,60181,111675,106638,125399,1
33785,65056,4600,98841,38385,69656,0
78591,11920,69194,90511,147785,81114,1
1595,79827,34459,81422,36054,114286,0
95781,52381,62873,148162,158654,115254,1
74548,69118,16278,143666,90826,85396,1
45635,76938,52988,122573,98623,129926,1
1760,16202,62808,17962,64568,79010,0
77043,61960,92616,139003,169659,154576,1
33031,35121,36393,68152,69424,71514,1
9690,82649,90315,92339,100005,172964,1
97329,1203,85559,98532,182888,86762,0
8490,38531,7954,47021,16444,46485,0
90754,96801,6086,187555,96840,102887,1
53053,54899,67103,107952,120156,122002,1
16538,57002,32154,73540,48692,89156,0
42937,10315,95613,53252,138550,105928,0
4495,4646,91460,9141,95955,96106,0
84554,15310,55360,99864,139914,70670,0
13284,29534,9248,42818,22532,38782,0
61476,17402,6399,78878,67875,23801,0
92450,60366,14707,152816,107157,75073,0
85113,45886,3518,130999,88631,49404,0
4045,79292,20509,83337,24554,99801,0
26028,3599,63335,29627,89363,66934,0
11279,413,84262,11692,95541,84675,0
60623,99897,53416,160520,114039,153313,1
27456,1774,4817,29230,32273,6591,0
17663,78836,58765,96499,76428,137601,0
56280,48378,6379,104658,62659,54757,0
28514,98839,56275,127353,84789,155114,0
23534,75903,65336,99437,88870,141239,1
47337,65477,49879,112814,97216,115356,1
79265,27446,12637,106711,91902,40083,0
26357,49143,4699,75500,31056,53842,0
88609,56695,13785,145304,102394,70480,0
5956,32355,53693,38311,59649,86048,0
67262,72142,28083,139404,95345,100225,1
84938,41857,1492,126795,86430,43349,0
25190,56945,84865,82135,110055,141810,0
86433,21975,23282,108408,109715,45257,0
26258,66205,15301,92463,41559,81506,0
90007,76793,40687,166800,130694,117480,1
13555,40497,19245,54052,32800,59742,0
17666,36086,58768,53752,76434,94854,0
41779,65377,80882,107156,122661,146259,1
11805,26948,69026,38753,80831,95974,0
95413,61330,80106,156743,175519,141436,1
26164,6921,44532,33085,70696,51453,0
8929,49214,96537,58143,105466,145751,0
28378,94458,6263,122836,34641,100721,0
94262,80589,26454,174851,120716,107043,1
71647,52712,38341,124359,109988,91053,1
65908,80019,67141,145927,133049,147160,1
26782,40329,22524,67111,49306,62853,1
37911,14775,24253,52686,62164,39028,1
16881,6792,56050,23673,72931,62842,0
27422,37203,60554,64625,87976,97757,1
36382,50602,18055,86984,54437,68657,1
71147,55194,91661,126341,162808,146855,1
67120,65372,91303,132492,158423,156675,1
36092,92773,91277,128865,127369,184050,1
43759,77810,67396,121569,111155,145206,1
53974,2694,35681,56668,89655,38375,0
72330,89100,14608,161430,86938,103708,0
67340,17401,22538,84741,89878,39939,0
77418,15403,26963,92821,104381,42366,0
89288,75042,77648,164330,166936,152690,1
36766,90325,4083,127091,40849,94408,0
52867,29427,43408,82294,96275,72835,1
90957,4627,22011,95584,112968,26638,0
94037,58333,42429,152370,136466,100762,1
83576,45903,30135,129479,113711,76038,0
54308,73710,45850,128018,100158,119560,1
5099,85728,33855,90827,38954,119583,0
30900,69955,67675,100855,98575,137630,1
33640,57879,36507,91519,70147,94386,1
70114,51922,8058,122036,78172,59980,0
19421,65920,1748,85341,21169,67668,0
6293,55966,1801,62259,8094,57767,0
92901,64187,25591,157088,118492,89778,0
1986,91390,93350,93376,95336,184740,1
34890,75146,69549,110036,104439,144695,1
9964,83404,53577,93368,63541,136981,0
29104,83363,66198,112467,95302,149561,1
34487,35974,13334,70461,47821,49308,1
33939,67509,93820,101448,127759,161329,1
23268,7791,17168,31059,40436,24959,1
67432,92188,96902,159620,164334,189090,1
26654,11953,24874,38607,51528,36827,1
74079,57172,73351,131251,147430,130523,1
69165,79506,76592,148671,145757,156098,1
29516,43890,56698,73406,86214,100588,1
23061,69251,57257,92312,80318,126508,1
4835,11981,75259,16816,80094,87240,0
78818,61289,90518,140107,169336,151807,1
39188,97601,53876,136789,93064,151477,0
85632,25253,98433,110885,184065,123686,1
65091,93381,96006,158472,161097,189387,1
45126,11861,69258,56987,114384,81119,0
4162,86015,34401,90177,38563,120416,0
14645,32374,67998,47019,82643,100372,0
70195,45035,10728,115230,80923,55763,0
5649,3680,87273,9329,92922,90953,0
94152,4884,43873,99036,138025,48757,0
44998,18633,5931,63631,50929,24564,0
28330,91321,90056,119651,118386,181377,1
81131,83764,55819,164895,136950,139583,1
12107,91465,78112,103572,90219,169577,0
59542,6199,16340,65741,75882,22539,0
95598,4479,54075,100077,149673,58554,0
52020,13398,43946,65418,95966,57344,1
59392,47050,81143,106442,140535,128193,1
63168,25080,87154,88248,150322,112234,1
37298,18484,21527,55782,58825,40011,1
51492,64921,20364,116413,71856,85285,1
45626,99985,37893,145611,83519,137878,0
13963,40806,15452,54769,29415,56258,0
56549,18202,67660,74751,124209,85862,1
81149,33942,6586,115091,87735,40528,0
84298,91287,2522,175585,86820,93809,0
14101,42573,17026,56674,31127,59599,0
84495,65350,51813,149845,136308,117163,1
71250,31556,47603,102806,118853,79159,1
89825,31694,81619,121519,171444,113313,1
3737,84620,93932,88357,97669,178552,0
10900,94751,18594,105651,29494,113345,0
49731,43191,20795,92922,70526,63986,1
45489,6688,91755,52177,137244,98443,0
47094,52154,68009,99248,115103,120163,1
37824,74238,32198,112062,70022,106436,0
69316,34311,60765,103627,130081,95076,1
63054,71285,89080,134339,152134,160365,1
9832,27897,20790,37729,30622,48687,1
33459,33994,46945,67453,80404,80939,1
54883,94736,86917,149619,141800,181653,1
38863,76982,41770,115845,80633,118752,1
49410,96576,86462,145986,135872,183038,1
50325,90884,75274,141209,125599,166158,1
23478,2222,39955,25700,63433,42177,0
71715,8711,33819,80426,105534,42530,0
44203,4370,77178,48573,121381,81548,0
69986,35780,90775,105766,160761,126555,1
21949,78820,34656,100769,56605,113476,0
13047,4792,30650,17839,43697,35442,0
64539,78655,30834,143194,95373,109489,1
82125,38911,94460,121036,176585,133371,1
37016,12203,31930,49219,68946,44133,1
19150,15897,63885,35047,83035,79782,0
73416,41307,31045,114723,104461,72352,0
80809,4517,88206,85326,169015,92723,0
63759,33922,91594,97681,155353,125516,1
82514,51032,44616,133546,127130,95648,1
27042,39770,16940,66812,43982,56710,1
98314,75778,3500,174092,101814,79278,0
24725,63349,88016,88074,112741,151365,1
65915,4697,72374,70612,138289,77071,0
38976,82202,26633,121178,65609,108835,0
29361,75611,42259,104972,71620,117870,0
99377,22176,77519,121553,176896,99695,1
9654,6742,48574,16396,58228,55316,0
57648,53633,27562,111281,85210,81195,1
84976,28398,28371,113374,113347,56769,0
37185,63471,40856,100656,78041,104327,1
26233,22010,1800,48243,28033,23810,0
95589,58308,55300,153897,150889,113608,1
77575,86930,49640,164505,127215,136570,1
65570,82714,72556,148284,138126,155270,1
73967,46797,1470,120764,75437,48267,0
27757,6549,37583,34306,65340,44132,0
15665,75297,78149,90962,93814,153446,1
38818,77916,88796,116734,127614,166712,1
94187,71030,49616,165217,143803,120646,1
18228,92273,35826,110501,54054,128099,0
39609,16598,9974,56207,49583,26572,0
57429,81831,16670,139260,74099,98501,0
12696,30475,50704,43171,63400,81179,0
44036,49121,12553,93157,56589,61674,1
92406,91318,18432,183724,110838,109750,1
49618,73276,6659,122894,56277,79935,0
24026,42048,54275,66074,78301,96323,1
58304,50028,38828,108332,97132,88856,1
3821,16592,6091,20413,9912,22683,0
9843,61496,50720,71339,60563,112216,0
41066,71031,10513,112097,51579,81544,0
85729,32685,14785,118414,100514,47470,0
90928,44499,24981,135427,115909,69480,0
69788,4917,14783,74705,84571,19700,0
20802,22484,54918,43286,75720,77402,0
77585,61277,36542,138862,114127,97819,1
47082,53893,71856,100975,118938,125749,1
70433,18311,6615,88744,77048,24926,0
40509,79636,26,120145,40535,79662,0
52892,43056,12740,95948,65632,55796,1
75855,61896,25013,137751,100868,86909,1
14162,42322,19687,56484,33849,62009,0
712,51969,91576,52681,92288,143545,0
50720,75754,60385,126474,111105,136139,1
96914,1707,90587,98621,187501,92294,0
13509,2582,72533,16091,86042,75115,0
52444,81392,45245,133836,97689,126637,1
91696,43139,37765,134835,129461,80904,0
46744,94148,97413,140892,144157,191561,1
32271,77336,8541,109607,40812,85877,0
71366,21500,11521,92866,82887,33021,0
77979,18443,60111,96422,138090,78554,1
47780,11840,8301,59620,56081,20141,0
1507,3729,77847,5236,79354,81576,0
86653,61122,29280,147775,115933,90402,1
48575,49744,67437,98319,116012,117181,1
96420,39684,40124,136104,136544,79808,0
73737,69423,89531,143160,163268,158954,1
55973,88660,40595,144633,96568,129255,1
25254,84790,2480,110044,27734,87270,0
64762,19436,54462,84198,119224,73898,1
45828,20879,59008,66707,104836,79887,1
62663,39688,79517,102351,142180,119205,1
18404,33482,65454,51886,83858,98936,0
25700,55556,73596,81256,99296,129152,1
53751,12492,68419,66243,122170,80911,0
27663,32075,59694,59738,87357,91769,1
95614,3096,6076,98710,101690,9172,0
69666,34077,24457,103743,94123,58534,0
26810,74187,69666,100997,96476,143853,1
66792,61102,73415,127894,140207,134517,1
76436,66153,21355,142589,97791,87508,1
60724,84448,48007,145172,108731,132455,1
69002,83982,11951,152984,80953,95933,0
49143,19960,43568,69103,92711,63528,1
77074,63858,39688,140932,116762,103546,1
77109,13203,59650,90312,136759,72853,0
50512,35521,6000,86033,56512,41521,0
12634,34159,60026,46793,72660,94185,0
66207,39931,24303,106138,90510,64234,0
31899,50470,99082,82369,130981,149552,0
55254,22221,79189,77475,134443,101410,0
18253,58527,12022,76780,30275,70549,0
22716,39006,40456,61722,63172,79462,1
88687,92542,61817,181229,150504,154359,1
58085,82925,58955,141010,117040,141880,1
68225,3019,36317,71244,104542,39336,0
4227,19124,93900,23351,98127,113024,0
91118,92457,83180,183575,174298,175637,1
37771,84203,99370,121974,137141,183573,1
49629,87751,12434,137380,62063,100185,0
29512,83224,86936,112736,116448,170160,1
31041,45688,79665,76729,110706,125353,0
9446,11396,73122,20842,82568,84518,0
12428,64999,82952,77427,95380,147951,0
55077,94001,58,149078,55135,94059,0
87369,46243,73893,133612,161262,120136,1
37064,30594,42492,67658,79556,73086,1
99318,674,73364,99992,172682,74038,0
79396,70963,80005,150359,159401,150968,1
34598,14869,4341,49467,38939,19210,0
65460,63029,67982,128489,133442,131011,1
83566,54574,61761,138140,145327,116335,1
23986,67447,93394,91433,117380,160841,0
58844,87699,96209,146543,155053,183908,1
75840,28851,26041,104691,101881,54892,0
72116,64597,85607,136713,157723,150204,1
7434,17038,98203,24472,105637,115241,0
61784,36625,49693,98409,111477,86318,1
16502,40510,83710,57012,100212,124220,0
58568,98787,56795,157355,115363,155582,1
13820,90461,55955,104281,69775,146416,0
41809,93467,23087,135276,64896,116554,0
68324,29313,39242,97637,107566,68555,1
24056,88423,48925,112479,72981,137348,0
66734,4513,82168,71247,148902,86681,0
13842,64010,49692,77852,63534,113702,0
94755,3646,58910,98401,153665,62556,0
27503,11796,77969,39299,105472,89765,0
11776,12682,10441,24458,22217,23123,1
58021,87949,15839,145970,73860,103788,0
38797,23654,49487,62451,88284,73141,1
43780,39414,19944,83194,63724,59358,1
17498,5328,33136,22826,50634,38464,0
8794,30005,46659,38799,55453,76664,0
49621,45331,2712,94952,52333,48043,0
48475,6668,40816,55143,89291,47484,0
38059,33451,83513,71510,121572,116964,0
66683,28626,25160,95309,91843,53786,0
80656,71335,48812,151991,129468,120147,1
40912,57668,14682,98580,55594,72350,0
76873,52700,17618,129573,94491,70318,0
21349,49919,60512,71268,81861,110431,1
28761,49250,4360,78011,33121,53610,0
64162,41082,21112,105244,85274,62194,0
45152,45085,51582,90237,96734,96667,1
20522,73999,46660,94521,67182,120659,0
25238,4316,41609,29554,66847,45925,0
57265,72181,54283,129446,111548,126464,1
72194,81203,1123,153397,73317,82326,0
70291,98942,85477,169233,155768,184419,1
65322,44576,79611,109898,144933,124187,1
73433,12772,60503,86205,133936,73275,0
24129,13926,88181,38055,112310,102107,0
24417,21464,15499,45881,39916,36963,1
6807,61530,3448,68337,10255,64978,0
31444,31062,73722,62506,105166,104784,0
66934,76793,69806,143727,136740,146599,1
46527,71690,12007,118217,58534,83697,0
98371,76981,88407,175352,186778,165388,1
46180,2692,93492,48872,139672,96184,0
95292,85765,12425,181057,107717,98190,1
53190,29965,70818,83155,124008,100783,1
1022,40841,33062,41863,34084,73903,0
49002,35974,39669,84976,88671,75643,1
41138,37616,81594,78754,122732,119210,0
45539,70245,43290,115784,88829,113535,1
40875,15486,71083,56361,111958,86569,0
33086,50014,44122,83100,77208,94136,1
65914,71523,69679,137437,135593,141202,1
47514,88,64765,47602,112279,64853,0
89830,20191,74790,110021,164620,94981,1
20120,56874,48011,76994,68131,104885,1
12181,11125,38752,23306,50933,49877,0
61065,93747,19469,154812,80534,113216,0
63220,89728,21402,152948,84622,111130,0
92771,16560,57306,109331,150077,73866,0
90587,95675,92650,186262,183237,188325,1
32812,41569,2253,74381,35065,43822,0
47689,95522,50031,143211,97720,145553,1
1793,94615,83938,96408,85731,178553,0
30442,66575,80269,97017,110711,146844,1
23232,19019,48898,42251,72130,67917,0
58948,66862,16098,125810,75046,82960,1
94495,25032,99039,119527,193534,124071,1
19522,52394,8684,71916,28206,61078,0
42148,84354,1087,126502,43235,85441,0
81548,77259,54616,158807,136164,131875,1
16104,12248,89884,28352,105988,102132,0
59677,54774,38971,114451,98648,93745,1
53091,33453,4092,86544,57183,37545,0
32265,96777,84961,129042,117226,181738,1
74251,54522,59185,128773,133436,113707,1
60674,20170,6148,80844,66822,26318,0
25042,54133,86411,79175,111453,140544,0
16022,15350,64322,31372,80344,79672,0
89003,41802,57745,130805,146748,99547,1
75803,88892,50010,164695,125813,138902,1
62646,41812,59378,104458,122024,101190,1
16289,65489,82820,81778,99109,148309,0
44792,12726,91243,57518,136035,103969,0
81985,74523,33140,156508,115125,107663,1
83335,75921,13717,159256,97052,89638,1
9239,8070,50964,17309,60203,59034,0
34346,14666,991,49012,35337,15657,0
87373,55737,27543,143110,114916,83280,0
67181,50389,25726,117570,92907,76115,1
93315,54780,30178,148095,123493,84958,0
7138,72053,90464,79191,97602,162517,0
24429,31415,64692,55844,89121,96107,0
36587,96603,44207,133190,80794,140810,0
15423,65174,1841,80597,17264,67015,0
24776,68112,269,92888,25045,68381,0
2336,8031,92265,10367,94601,100296,0
36051,21297,17868,57348,53919,39165,1
34197,12414,6903,46611,41100,19317,0
93600,19554,26241,113154,119841,45795,0
24727,43745,53306,68472,78033,97051,1
57596,11726,5605,69322,63201,17331,0
80369,12999,13119,93368,93488,26118,0
84500,72627,78816,157127,163316,151443,1
2055,33774,62079,35829,64134,95853,0
87851,35480,13137,123331,100988,48617,0
39560,46273,57685,85833,97245,103958,1
66328,25778,11337,92106,77665,37115,0
46177,64861,1993,111038,48170,66854,0
5050,6789,36302,11839,41352,43091,0
58931,85567,70098,144498,129029,155665,1
39352,80731,50753,120083,90105,131484,1
95038,37109,38166,132147,133204,75275,0
33893,7270,35668,41163,69561,42938,1
74009,25465,14308,99474,88317,39773,0
14130,56904,52945,71034,67075,109849,1
47576,63681,2580,111257,50156,66261,0
40081,67863,70207,107944,110288,138070,1
20514,99418,92902,119932,113416,192320,1
71229,73627,81926,144856,153155,155553,1
87330,36747,85143,124077,172473,121890,1
83274,75158,84781,158432,168055,159939,1
31786,98532,64325,130318,96111,162857,0
75368,58489,59147,133857,134515,117636,1
99238,22282,18121,121520,117359,40403,0
64242,87310,55949,151552,120191,143259,1
64394,30841,64573,95235,128967,95414,1
78757,65888,33893,144645,112650,99781,1
77734,45501,38121,123235,115855,83622,1
42170,8006,82247,50176,124417,90253,0
31590,27156,84418,58746,116008,111574,0
67107,32589,79852,99696,146959,112441,1
34185,70746,14752,104931,48937,85498,0
71944,78045,32509,149989,104453,110554,1
90745,2488,51609,93233,142354,54097,0
73445,98454,15393,171899,88838,113847,0
48898,17251,68556,66149,117454,85807,0
19229,33482,812,52711,20041,34294,0
47639,47537,47191,95176,94830,94728,1
32736,85526,77910,118262,110646,163436,1
80699,90507,25493,171206,106192,116000,1
2020,10322,55206,12342,57226,65528,0
51461,11671,99292,63132,150753,110963,0
39103,36743,94580,75846,133683,131323,0
77854,20034,22108,97888,99962,42142,0
78090,59105,99584,137195,177674,158689,1
42379,95636,67012,138015,109391,162648,1
65999,86627,82670,152626,148669,169297,1
71558,24298,36061,95856,107619,60359,0
69458,53281,89841,122739,159299,143122,1
90886,73884,37515,164770,128401,111399,1
37578,18120,96523,55698,134101,114643,0
38955,72696,82227,111651,121182,154923,1
2193,13866,82095,16059,84288,95961,0
64966,17306,42673,82272,107639,59979,0
61982,4165,1877,66147,63859,6042,0
91017,73857,61181,164874,152198,135038,1
4392,50073,8644,54465,13036,58717,0
128,74359,97374,74487,97502,171733,0
12237,59704,44844,71941,57081,104548,0
41983,82046,76922,124029,118905,158968,1
22549,48413,64099,70962,86648,112512,1
62564,12407,79889,74971,142453,92296,0
34023,33663,25793,67686,59816,59456,1
50613,10688,11873,61301,62486,22561,0
58563,76608,54948,135171,113511,131556,1
32089,3086,96105,35175,128194,99191,0
28142,78451,27572,106593,55714,106023,0
67572,85127,35164,152699,102736,120291,1
72916,14615,12284,87531,85200,26899,0
23182,68612,68997,91794,92179,137609,1
95398,62033,18889,157431,114287,80922,0
52265,65808,51038,118073,103303,116846,1
61348,12014,663,73362,62011,12677,0
79478,80282,50784,159760,130262,131066,1
90853,46318,79351,137171,170204,125669,1
6409,84884,22067,91293,28476,106951,0
36630,87725,43662,124355,80292,131387,0
7646,53414,12126,61060,19772,65540,0
20093,79075,89447,99168,109540,168522,1
50743,6019,272,56762,51015,6291,0
81365,22253,52448,103618,133813,74701,0
92136,85782,99844,177918,191980,185626,1
96545,11617,93868,108162,190413,105485,1
37261,54811,27764,92072,65025,82575,1
11537,16826,91851,28363,103388,108677,0
10398,56666,43461,67064,53859,100127,0
4296,68676,16136,72972,20432,84812,0
56811,10759,39488,67570,96299,50247,0
98883,89085,41598,187968,140481,130683,1
33636,63800,65033,97436,98669,128833,1
77166,98719,33051,175885,110217,131770,1
49073,92516,92608,141589,141681,185124,1
34879,4893,48226,39772,83105,53119,0
7068,96874,18093,103942,25161,114967,0
66743,76374,48510,143117,115253,124884,1
60718,23063,51484,83781,112202,74547,1
57494,48213,38003,105707,95497,86216,1
55318,55454,71169,110772,126487,126623,1
22985,36729,29935,59714,52920,66664,1
84179,54222,36952,138401,121131,91174,1
43379,50722,80454,94101,123833,131176,1
9209,79975,18954,89184,28163,98929,0
40335,92255,79983,132590,120318,172238,1
25362,99588,99875,124950,125237,199463,1
7251,75378,7110,82629,14361,82488,0
25313,57116,42381,82429,67694,99497,1
98076,42848,49051,140924,147127,91899,0
16256,27357,6238,43613,22494,33595,0
80866,81773,18440,162639,99306,100213,1
32339,76911,47127,109250,79466,124038,1
37027,91139,69372,128166,106399,160511,1
37992,45509,70195,83501,108187,115704,1
14670,24593,53339,39263,68009,77932,0
91649,70146,40890,161795,132539,111036,1
10013,28499,91053,38512,101066,119552,0
44053,14267,71701,58320,115754,85968,0
98944,58478,79456,157422,178400,137934,1
8756,21916,79354,30672,88110,101270,0
65303,22806,19648,88109,84951,42454,0
71482,79763,73495,151245,144977,153258,1
78327,841,13165,79168,91492,14006,0
42996,36547,45018,79543,88014,81565,1
19517,76223,53458,95740,72975,129681,0
52908,15751,23545,68659,76453,39296,0
22495,57280,72718,79775,95213,129998,1
56646,84536,87395,141182,144041,171931,1
66173,88410,26776,154583,92949,115186,1
85775,12921,37715,98696,123490,50636,0
7840,35589,57245,43429,65085,92834,0
39569,9567,58893,49136,98462,68460,0
61107,13432,13041,74539,74148,26473,0
49533,39012,65546,88545,115079,104558,1
21592,72930,96439,94522,118031,169369,0
83493,74469,9599,157962,93092,84068,1
26358,63899,70618,90257,96976,134517,1
38951,47671,9023,86622,47974,56694,1
59130,56188,43411,115318,102541,99599,1
19609,94237,91646,113846,111255,185883,1
49419,76474,92962,125893,142381,169436,1
30160,54640,48904,84800,79064,103544,1
75812,23001,77566,98813,153378,100567,1
32878,9408,91287,42286,124165,100695,0
67747,11617,4042,79364,71789,15659,0
27546,19094,27436,46640,54982,46530,1
96981,69270,70623,166251,167604,139893,1
16681,80950,55762,97631,72443,136712,0
50118,85348,71633,135466,121751,156981,1
48009,23272,32626,71281,80635,55898,1
28171,42088,26328,70259,54499,68416,1
22953,43161,3839,66114,26792,47000,0
47257,34261,51504,81518,98761,85765,1
42460,59744,41520,102204,83980,101264,1
59996,7852,44865,67848,104861,52717,0
27994,23481,42890,51475,70884,66371,1
58113,81013,45938,139126,104051,126951,1
95847,46107,10578,141954,106425,56685,0
17939,96372,14689,114311,32628,111061,0
35128,17122,45984,52250,81112,63106,1
76431,46162,37560,122593,113991,83722,1
88531,73877,95709,162408,184240,169586,1
54805,33057,46151,87862,100956,79208,1
61590,83983,934,145573,62524,84917,0
35507,843,83363,36350,118870,84206,0
51,86458,80781,86509,80832,167239,0
13798,60885,81217,74683,95015,142102,0
55230,32033,41225,87263,96455,73258,1
24193,10651,62549,34844,86742,73200,0
35906,87199,83264,123105,119170,170463,1
64518,36562,32983,101080,97501,69545,1
40569,89342,13985,129911,54554,103327,0
31851,39415,2973,71266,34824,42388,0
57055,59683,56601,116738,113656,116284,1
30967,25437,46181,56404,77148,71618,1
24060,72030,91020,96090,115080,163050,1
10095,59610,75388,69705,85483,134998,0
95220,73184,15200,168404,110420,88384,0
83767,47143,21282,130910,105049,68425,0
94785,56944,64120,151729,158905,121064,1
33408,99411,91463,132819,124871,190874,1
37149,40911,82455,78060,119604,123366,0
88046,12165,95080,100211,183126,107245,1
98970,11859,19635,110829,118605,31494,0
82911,58942,10893,141853,93804,69835,0
73367,11480,35459,84847,108826,46939,0
87705,33257,26278,120962,113983,59535,0
15106,42532,68780,57638,83886,111312,0
57547,24034,32275,81581,89822,56309,0
92972,10086,25111,103058,118083,35197,0
8785,44337,78925,53122,87710,123262,0
23195,2871,33875,26066,57070,36746,0
70813,34795,50907,105608,121720,85702,1
42142,99306,19004,141448,61146,118310,0
15822,89227,90536,105049,106358,179763,1
25168,71375,80933,96543,106101,152308,1
57668,88385,21094,146053,78762,109479,0
47767,94823,8450,142590,56217,103273,0
14648,87132,83999,101780,98647,171131,1
34447,98191,19210,132638,53657,117401,0
77293,65659,88320,142952,165613,153979,1
32145,44132,33502,76277,65647,77634,1
90930,76847,59651,167777,150581,136498,1
54732,36582,44897,91314,99629,81479,1
20600,34027,67477,54627,88077,101504,0
73269,67057,99128,140326,172397,166185,1
43790,58938,93981,102728,137771,152919,1
27414,80171,71458,107585,98872,151629,1
15792,33878,37064,49670,52856,70942,1
14769,99972,79615,114741,94384,179587,0
23460,49320,52648,72780,76108,101968,1
71624,10323,55406,81947,127030,65729,0
87098,28229,98988,115327,186086,127217,1
38739,90182,97458,128921,136197,187640,1
10811,28175,49252,38986,60063,77427,0
68199,34796,28422,102995,96621,63218,0
99858,16601,11847,116459,111705,28448,0
75935,42388,66960,118323,142895,109348,1
49366,16683,56402,66049,105768,73085,1
71100,23574,29494,94674,100594,53068,0
50917,46701,93730,97618,144647,140431,1
65256,19574,77655,84830,142911,97229,1
80941,67294,94469,148235,175410,161763,1
79533,51349,74475,130882,154008,125824,1
51871,96822,79749,148693,131620,176571,1
39681,28792,98067,68473,137748,126859,0
97559,438,96931,97997,194490,97369,0
29458,2291,34529,31749,63987,36820,0
25689,69895,57002,95584,82691,126897,1
97699,31702,19552,129401,117251,51254,0
63333,13869,4947,77202,68280,18816,0
10408,93510,83063,103918,93471,176573,0
3820,19152,71845,22972,75665,90997,0
37716,113,64439,37829,102155,64552,0
14708,20507,80080,35215,94788,100587,0
46856,75918,15026,122774,61882,90944,0
67575,47121,59154,114696,126729,106275,1
72881,87137,44347,160018,117228,131484,1
3831,99316,83826,103147,87657,183142,0
90965,16101,90559,107066,181524,106660,1
14869,75704,7309,90573,22178,83013,0
60045,25759,66051,85804,126096,91810,1
41649,29106,83830,70755,125479,112936,0
43131,97629,23081,140760,66212,120710,0
82110,58454,52050,140564,134160,110504,1
14916,3386,10638,18302,25554,14024,0
96494,45720,59532,142214,156026,105252,1
47623,66147,53722,113770,101345,119869,1
29325,74604,50280,103929,79605,124884,1
64526,11532,65043,76058,129569,76575,1
79163,76532,12585,155695,91748,89117,1
72962,68910,52447,141872,125409,121357,1
91536,47364,91217,138900,182753,138581,1
99174,56094,57061,155268,156235,113155,1
41331,24696,87993,66027,129324,112689,0
41943,14137,74753,56080,116696,88890,0
30237,56274,98278,86511,128515,154552,0
81676,91755,44433,173431,126109,136188,1
936,41768,13770,42704,14706,55538,0
6845,88267,42763,95112,49608,131030,0
42790,99725,76407,142515,119197,176132,1
9550,95983,90279,105533,99829,186262,1
57277,36255,70439,93532,127716,106694,1
59449,94774,17690,154223,77139,112464,0
50236,30573,10119,80809,60355,40692,0
59229,34232,94299,93461,153528,128531,0
77859,64775,46661,142634,124520,111436,1
68359,54316,61365,122675,129724,115681,1
51865,83399,36388,135264,88253,119787,1
28776,69201,1891,97977,30667,71092,0
80000,11784,35238,91784,115238,47022,0
69481,68135,93203,137616,162684,161338,1
64556,17999,83483,82555,148039,101482,0
1354,18697,37531,20051,38885,56228,0
83721,12349,74454,96070,158175,86803,1
32450,12039,59830,44489,92280,71869,0
76266,53587,46063,129853,122329,99650,1
20523,54324,53100,74847,73623,107424,1
23763,59681,40106,83444,63869,99787,1
26004,51310,33652,77314,59656,84962,1
11252,61450,93883,72702,105135,155333,0
29358,83358,80787,112716,110145,164145,1
46691,85251,23088,131942,69779,108339,0
16966,5874,71269,22840,88235,77143,0
80364,75562,2153,155926,82517,77715,0
61349,19174,67356,80523,128705,86530,1
20167,24422,64308,44589,84475,88730,0
58637,120,47689,58757,106326,47809,0
84624,50489,85815,135113,170439,136304,1
51201,92444,13009,143645,64210,105453,0
90439,57226,72123,147665,162562,129349,1
5824,74743,47577,80567,53401,122320,0
4157,82733,17939,86890,22096,100672,0
83452,12508,78181,95960,161633,90689,1
27839,35368,80607,63207,108446,115975,0
35531,57040,36399,92571,71930,93439,1
14597,49442,325,64039,14922,49767,0
50694,79382,61120,130076,111814,140502,1
61850,92247,69893,154097,131743,162140,1
33641,53349,89255,86990,122896,142604,0
99812,30047,99280,129859,199092,129327,1
31660,70701,4924,102361,36584,75625,0
34311,64726,8049,99037,42360,72775,0
85407,54362,76814,139769,162221,131176,1
59364,84866,12157,144230,71521,97023,0
97047,81171,87997,178218,185044,169168,1
10271,93356,76546,103627,86817,169902,0
76091,27741,24623,103832,100714,52364,0
64745,86145,25758,150890,90503,111903,1
66868,94024,22407,160892,89275,116431,0
36077,93784,49561,129861,85638,143345,0
23360,29428,33578,52788,56938,63006,1
61186,74114,19728,135300,80914,93842,1
17918,78492,85142,96410,103060,163634,1
15233,91103,61580,106336,76813,152683,0
98365,99593,44332,197958,142697,143925,1
70593,63218,74316,133811,144909,137534,1
83954,15005,72705,98959,156659,87710,1
91829,6571,80828,98400,172657,87399,0
26327,78722,63960,105049,90287,142682,1
35119,53778,73068,88897,108187,126846,1
55044,40169,12894,95213,67938,53063,0
13004,9211,98638,22215,111642,107849,0
25311,54455,13082,79766,38393,67537,0
48544,65250,56108,113794,104652,121358,1
44320,85386,45913,129706,90233,131299,1
97135,93786,51297,190921,148432,145083,1
3958,89035,14765,92993,18723,103800,0
47699,39488,28752,87187,76451,68240,1
19747,92457,78882,112204,98629,171339,1
39446,67865,41597,107311,81043,109462,1
61201,87068,79082,148269,140283,166150,1
40641,64214,69458,104855,110099,133672,1
68958,11634,85575,80592,154533,97209,0
77321,21987,85298,99308,162619,107285,1
38372,64644,78988,103016,117360,143632,1
12389,21162,74104,33551,86493,95266,0
73726,52544,59932,126270,133658,112476,1
28266,10111,13690,38377,41956,23801,0
69949,39206,84167,109155,154116,123373,1
31945,65243,18750,97188,50695,83993,0
99539,8611,34064,108150,133603,42675,0
3470,78101,4070,81571,7540,82171,0
11002,865,30859,11867,41861,31724,0
33950,1071,32048,35021,65998,33119,0
71116,60733,66818,131849,137934,127551,1
75207,63516,7257,138723,82464,70773,0
31898,86472,19092,118370,50990,105564,0
46447,80699,70611,127146,117058,151310,1
94449,13375,90369,107824,184818,103744,1
95479,13950,64075,109429,159554,78025,0
64177,54920,63679,119097,127856,118599,1
92963,70189,48634,163152,141597,118823,1
37222,47809,45433,85031,82655,93242,1
8425,40599,45850,49024,54275,86449,1
35173,90924,81057,126097,116230,171981,1
72280,43615,86971,115895,159251,130586,1
63491,78456,72743,141947,136234,151199,1
23706,39892,78086,63598,101792,117978,0
5673,66369,89494,72042,95167,155863,0
17175,25145,71435,42320,88610,96580,0
30586,82381,98703,112967,129289,181084,1
41742,45884,77218,87626,118960,123102,1
15710,28685,53640,44395,69350,82325,0
60096,95511,85250,155607,145346,180761,1
58578,42582,24927,101160,83505,67509,1
54053,41747,79748,95800,133801,121495,1
81876,84452,20173,166328,102049,104625,1
58616,16458,62040,75074,120656,78498,1
54273,98618,21201,152891,75474,119819,0
98511,89849,51263,188360,149774,141112,1
15906,79242,21482,95148,37388,100724,0
73272,43650,66426,116922,139698,110076,1
7465,20304,16643,27769,24108,36947,1
53698,10693,94491,64391,148189,105184,0
46514,24771,71017,71285,117531,95788,1
8603,2791,3107,11394,11710,5898,0
81899,65415,85602,147314,167501,151017,1
258,77010,73103,77268,73361,150113,0
31942,6598,44150,38540,76092,50748,0
48589,96011,91053,144600,139642,187064,1
93654,8256,97080,101910,190734,105336,1
48614,69212,84193,117826,132807,153405,1
51111,14551,55725,65662,106836,70276,1
62739,31523,98116,94262,160855,129639,0
29515,64526,72596,94041,102111,137122,1
21040,45494,93194,66534,114234,138688,0
86662,77264,14167,163926,100829,91431,1
74084,35266,98610,109350,172694,133876,1
14144,52815,31791,66959,45935,84606,0
19600,3253,45995,22853,65595,49248,0
64058,28189,77756,92247,141814,105945,1
62919,70178,17861,133097,80780,88039,1
34050,82676,45041,116726,79091,127717,0
5135,2827,47870,7962,53005,50697,0
28938,14509,86916,43447,115854,101425,0
25156,71728,76906,96884,102062,148634,1
10022,44468,74539,54490,84561,119007,0
50437,27155,97187,77592,147624,124342,0
89739,32629,19452,122368,109191,52081,0
8028,37390,37631,45418,45659,75021,1
37052,54443,41023,91495,78075,95466,1
69,8664,55835,8733,55904,64499,0
6575,93937,56605,100512,63180,150542,0
16976,17486,76285,34462,93261,93771,0
9648,27088,79107,36736,88755,106195,0
39115,41797,10078,80912,49193,51875,1
65835,86156,16274,151991,82109,102430,0
53363,50096,9535,103459,62898,59631,1
63549,26795,44610,90344,108159,71405,1
55047,7595,38673,62642,93720,46268,0
100,49435,59635,49535,59735,109070,0
60836,8935,99795,69771,160631,108730,0
24960,50558,79785,75518,104745,130343,0
16060,921,72285,16981,88345,73206,0
57754,54964,33050,112718,90804,88014,1
46659,40104,56921,86763,103580,97025,1
35948,25847,63305,61795,99253,89152,0
10852,91772,51848,102624,62700,143620,0
35645,62531,92450,98176,128095,154981,1
64940,99252,40115,164192,105055,139367,1
52112,24972,79058,77084,131170,104030,0
5070,22763,53815,27833,58885,76578,0
42567,77595,97150,120162,139717,174745,1
91903,81953,11364,173856,103267,93317,1
37216,28860,7884,66076,45100,36744,0
7760,70885,82008,78645,89768,152893,0
51028,42126,27588,93154,78616,69714,1
69714,10338,15546,80052,85260,25884,0
96454,8191,43979,104645,140433,52170,0
54293,10370,92233,64663,146526,102603,0
99057,43500,80112,142557,179169,123612,1
11363,25169,21341,36532,32704,46510,1
21434,47420,78400,68854,99834,125820,0
62415,70798,21595,133213,84010,92393,1
73461,26405,77999,99866,151460,104404,1
82629,51586,95195,134215,177824,146781,1
42142,22230,65085,64372,107227,87315,0
1609,58556,2527,60165,4136,61083,0
58136,75012,61248,133148,119384,136260,1
30081,83016,66887,113097,96968,149903,1
91205,68523,35385,159728,126590,103908,1
88976,33321,78959,122297,167935,112280,1
58236,96473,1117,154709,59353,97590,0
90801,47452,26310,138253,117111,73762,0
86605,81330,44333,167935,130938,125663,1
29960,68023,95058,97983,125018,163081,1
3750,69580,48822,73330,52572,118402,0
48390,17810,33350,66200,81740,51160,1
71066,30676,18093,101742,89159,48769,0
33894,89929,30575,123823,64469,120504,0
85854,74580,45773,160434,131627,120353,1
12906,32375,62201,45281,75107,94576,0
67874,32813,32781,100687,100655,65594,0
74805,29985,26369,104790,101174,56354,0
3738,7488,97625,11226,101363,105113,0
95051,36515,82630,131566,177681,119145,1
52491,12462,17460,64953,69951,29922,0
79661,66031,17173,145692,96834,83204,1
96278,8849,70866,105127,167144,79715,0
34436,51538,64924,85974,99360,116462,1
13065,38864,88241,51929,101306,127105,0
6591,91435,42550,98026,49141,133985,0
40746,54449,2797,95195,43543,57246,0
40840,77342,96446,118182,137286,173788,1
14859,55613,30290,70472,45149,85903,0
82054,19050,62599,101104,144653,81649,0
51555,70982,47524,122537,99079,118506,1
43342,60565,39760,103907,83102,100325,1
89670,84152,13684,173822,103354,97836,1
46859,60161,87784,107020,134643,147945,1
84192,37288,26664,121480,110856,63952,0
99298,18484,85172,117782,184470,103656,1
75526,57065,4075,132591,79601,61140,0
62928,94100,52529,157028,115457,146629,1
74474,15873,5451,90347,79925,21324,0
69555,47994,60192,117549,129747,108186,1
50423,53280,32805,103703,83228,86085,1
75202,10330,97686,85532,172888,108016,0
14985,90767,32900,105752,47885,123667,0
93454,46367,22349,139821,115803,68716,0
22523,67595,74644,90118,97167,142239,1
43095,18704,16396,61799,59491,35100,0
76167,49614,27745,125781,103912,77359,1
8931,300,54636,9231,63567,54936,0
21096,90885,17686,111981,38782,108571,0
14231,97201,1298,111432,15529,98499,0
60144,49806,35704,109950,95848,85510,1
23544,94772,22354,118316,45898,117126,0
55366,21983,51714,77349,107080,73697,1
22483,20373,199,42856,22682,20572,0
78246,12740,19588,90986,97834,32328,0
76340,58299,76944,134639,153284,135243,1
56924,62267,10366,119191,67290,72633,1
1626,71822,77006,73448,78632,148828,0
65688,58450,49751,124138,115439,108201,1
63073,66372,32176,129445,95249,98548,1
68210,29755,31556,97965,99766,61311,0
85293,95509,8871,180802,94164,104380,0
59153,86788,5714,145941,64867,92502,0
89926,79160,88022,169086,177948,167182,1
89623,13955,98344,103578,187967,112299,1
26303,30471,43006,56774,69309,73477,1
13939,46356,65870,60295,79809,112226,0
39073,13290,25658,52363,64731,38948,0
30819,73512,51283,104331,82102,124795,1
36102,16806,59611,52908,95713,76417,0
45473,36660,75119,82133,120592,111779,1
53835,80951,32176,134786,86011,113127,1
30948,28837,33113,59785,64061,61950,1
52694,95912,94393,148606,147087,190305,1
2417,72684,50399,75101,52816,123083,0
11339,31007,87139,42346,98478,118146,0
63017,1065,40738,64082,103755,41803,0
1303,93914,88470,95217,89773,182384,0
9938,24870,92707,34808,102645,117577,0
85120,32837,52831,117957,137951,85668,1
91734,68239,46424,159973,138158,114663,1
46002,5906,39001,51908,85003,44907,0
43483,39668,98028,83151,141511,137696,0
61324,53843,47276,115167,108600,101119,1
42837,44967,86984,87804,129821,131951,1
72275,15218,2926,87493,75201,18144,0
82604,51544,50306,134148,132910,101850,1
64251,46418,66626,110669,130877,113044,1
12492,89946,13272,102438,25764,103218,0
3363,49539,99416,52902,102779,148955,0
26251,32431,54577,58682,80828,87008,1
62139,35979,57598,98118,119737,93577,1
31010,25755,17141,56765,48151,42896,1
52605,89629,19280,142234,71885,108909,0
55492,22138,62474,77630,117966,84612,1
96697,88763,60308,185460,157005,149071,1
59014,23348,38785,82362,97799,62133,1
91086,34850,23585,125936,114671,58435,0
44205,14405,28445,58610,72650,42850,0
8646,79974,66009,88620,74655,145983,0
2033,41377,48206,43410,50239,89583,0
10870,95321,33916,106191,44786,129237,0
25145,49366,22214,74511,47359,71580,0
77602,45519,90114,123121,167716,135633,1
73907,42993,19443,116900,93350,62436,0
48460,68016,75049,116476,123509,143065,1
37058,69213,79867,106271,116925,149080,1
5690,94747,63157,100437,68847,157904,0
52121,67917,7881,120038,60002,75798,0
57093,61162,32107,118255,89200,93269,1
6293,42757,35264,49050,41557,78021,0
16800,20373,79460,37173,96260,99833,0
25778,57599,58960,83377,84738,116559,1
76749,46450,32207,123199,108956,78657,1
67639,13694,35144,81333,102783,48838,0
5934,6010,76091,11944,82025,82101,0
92202,4665,48550,96867,140752,53215,0
32844,94943,67407,127787,100251,162350,1
44600,79526,74378,124126,118978,153904,1
60753,77422,88147,138175,148900,165569,1
13146,98282,50304,111428,63450,148586,0
39679,12008,45052,51687,84731,57060,1
21979,61979,35245,83958,57224,97224,0
67039,39617,99975,106656,167014,139592,1
71678,2480,76437,74158,148115,78917,0
5830,47165,65328,52995,71158,112493,0
42664,20900,35972,63564,78636,56872,1
19089,14951,46427,34040,65516,61378,0
98341,99094,7261,197435,105602,106355,1
42336,77872,74078,120208,116414,151950,1
99428,69461,97981,168889,197409,167442,1
53193,23677,21661,76870,74854,45338,0
11471,40918,73595,52389,85066,114513,0
21251,632,57312,21883,78563,57944,0
51404,58727,33724,110131,85128,92451,1
34812,49127,19504,83939,54316,68631,1
82521,63876,8549,146397,91070,72425,0
56308,79442,83695,135750,140003,163137,1
63104,45614,44788,108718,107892,90402,1
54028,14664,21711,68692,75739,36375,0
19430,82195,13775,101625,33205,95970,0
44436,92590,87777,137026,132213,180367,1
14044,95305,27140,109349,41184,122445,0
21480,75708,7465,97188,28945,83173,0
92236,81212,14346,173448,106582,95558,1
2384,58072,82656,60456,85040,140728,0
84444,68676,93228,153120,177672,161904,1
70760,20556,15672,91316,86432,36228,0
96432,24492,13412,120924,109844,37904,0
56524,11128,25102,67652,81626,36230,0
93451,31756,14034,125207,107485,45790,0
15857,82805,84238,98662,100095,167043,1
49426,64880,67221,114306,116647,132101,1
85237,4998,60954,90235,146191,65952,0
89543,87713,91848,177256,181391,179561,1
64376,74549,82360,138925,146736,156909,1
72436,12771,13305,85207,85741,26076,0
22015,99841,82032,121856,104047,181873,1
74994,43261,4284,118255,79278,47545,0
60916,49512,72285,110428,133201,121797,1
39552,18371,10666,57923,50218,29037,0
79131,25844,30129,104975,109260,55973,0
58425,45736,75722,104161,134147,121458,1
42126,67014,1800,109140,43926,68814,0
71688,21423,63096,93111,134784,84519,1
88475,20031,75161,108506,163636,95192,1
66687,75184,19671,141871,86358,94855,1
51837,6902,73750,58739,125587,80652,0
56186,91145,60040,147331,116226,151185,1
93194,62198,32126,155392,125320,94324,1
15670,31149,60279,46819,75949,91428,0
63771,34092,11456,97863,75227,45548,0
64816,70443,73218,135259,138034,143661,1
38515,68527,57890,107042,96405,126417,1
54382,34902,59253,89284,113635,94155,1
59642,66672,10556,126314,70198,77228,1
36987,92036,12842,129023,49829,104878,0
89777,47977,7964,137754,97741,55941,0
87786,42373,34562,130159,122348,76935,0
43019,23080,57194,66099,100213,80274,1
93671,2617,96810,96288,190481,99427,0
23993,56779,9533,80772,33526,66312,0
90925,62861,84187,153786,175112,147048,1
97441,86076,39771,183517,137212,125847,1
37794,53380,26218,91174,64012,79598,1
9390,93000,17777,102390,27167,110777,0
85509,7270,90331,92779,175840,97601,1
28523,67278,73249,95801,101772,140527,1
49946,73052,10652,122998,60598,83704,0
84490,93460,94676,177950,179166,188136,1
75276,52397,18739,127673,94015,71136,0
93005,7311,35788,100316,128793,43099,0
64646,85684,85584,150330,150230,171268,1
93213,90455,50831,183668,144044,141286,1
31414,37137,13407,68551,44821,50544,1
67661,89801,99625,157462,167286,189426,1
19747,67192,86655,86939,106402,153847,1
18443,17129,54137,35572,72580,71266,0
38425,23157,13832,61582,52257,36989,0
72899,26948,69344,99847,142243,96292,1
5831,23677,89526,29508,95357,113203,0
8186,27824,89572,36010,97758,117396,0
43967,38299,96093,82266,140060,134392,0
90226,6566,63294,96792,153520,69860,0
32165,47609,15037,79774,47202,62646,0
62428,19228,15500,81656,77928,34728,0
25596,25225,32533,50821,58129,57758,1
37006,66133,91423,103139,128429,157556,1
10939,107,95365,11046,106304,95472,0
31341,43070,84010,74411,115351,127080,0
6560,86070,64272,92630,70832,150342,0
5100,28649,62540,33749,67640,91189,0
7992,21079,27594,29071,35586,48673,1
26685,51834,54516,78519,81201,106350,1
29471,24394,1797,53865,31268,26191,0
47535,66114,63750,113649,111285,129864,1
38835,85320,50190,124155,89025,135510,1
93366,82408,38755,175774,132121,121163,1
68537,89465,97317,158002,165854,186782,1
1494,81292,36808,82786,38302,118100,0
4719,72805,11709,77524,16428,84514,0
17834,95101,4592,112935,22426,99693,0
22920,40909,30393,63829,53313,71302,1
47881,97784,11980,145665,59861,109764,0
57005,91494,29609,148499,86614,121103,0
91539,93033,57961,184572,149500,150994,1
80775,77789,13569,158564,94344,91358,1
58899,75401,96909,134300,155808,172310,1
62222,18003,15366,80225,77588,33369,0
28494,6474,13284,34968,41778,19758,0
84968,75593,13083,160561,98051,88676,1
14696,41130,46800,55826,61496,87930,1
11769,21142,91830,32911,103599,112972,0
75723,78740,32192,154463,107915,110932,1
32026,30465,99493,62491,131519,129958,0
61244,24914,42997,86158,104241,67911,1
46561,18608,99468,65169,146029,118076,0
11224,75732,89308,86956,100532,165040,0
42897,75893,13629,118790,56526,89522,0
58971,60378,87945,119349,146916,148323,1
39302,88549,15150,127851,54452,103699,0
79541,52051,42615,131592,122156,94666,1
77784,15120,40497,92904,118281,55617,0
32847,66073,35943,98920,68790,102016,1
68560,43271,27348,111831,95908,70619,1
53357,45011,46181,98368,99538,91192,1
41155,76093,40040,117248,81195,116133,1
78092,3086,11679,81178,89771,14765,0
54742,21085,82955,75827,137697,104040,0
15968,93179,28393,109147,44361,121572,0
11986,49798,13677,61784,25663,63475,0
63639,14271,19196,77910,82835,33467,0
69756,25280,89151,95036,158907,114431,1
35674,23079,26964,58753,62638,50043,1
77546,22545,77606,100091,155152,100151,1
29158,20226,80605,49384,109763,100831,0
69490,94725,76574,164215,146064,171299,1
81890,90952,94888,172842,176778,185840,1
4558,48764,25261,53322,29819,74025,0
7325,29043,45765,36368,53090,74808,0
26393,90254,29546,116647,55939,119800,0
18016,34671,57016,52687,75032,91687,0
52730,13687,72523,66417,125253,86210,0
42939,69258,70481,112197,113420,139739,1
46365,65654,67047,112019,113412,132701,1
7662,93381,57479,101043,65141,150860,0
33472,65178,40387,98650,73859,105565,1
59109,41436,53486,100545,112595,94922,1
99273,84133,61513,183406,160786,145646,1
75722,49244,29191,124966,104913,78435,1
88656,33884,30610,122540,119266,64494,0
60975,42924,84488,103899,145463,127412,1
51486,17396,92762,68882,144248,110158,0
66082,23223,65871,89305,131953,89094,1
52930,24459,98226,77389,151156,122685,0
49641,53812,73313,103453,122954,127125,1
48190,9190,19384,57380,67574,28574,0
48419,87479,35195,135898,83614,122674,0
36602,54171,87781,90773,124383,141952,1
65617,78508,24551,144125,90168,103059,1
56045,56575,40366,112620,96411,96941,1
52132,8695,2067,60827,54199,10762,0
43814,95373,75880,139187,119694,171253,1
91087,5089,26913,96176,118000,32002,0
97966,80598,5134,178564,103100,85732,0
40525,51927,67228,92452,107753,119155,1
48641,33585,20695,82226,69336,54280,1
15162,57142,99352,72304,114514,156494,0
36722,67656,21996,104378,58718,89652,0
81868,2098,48554,83966,130422,50652,0
6139,55626,72327,61765,78466,127953,0
61871,40337,42335,102208,104206,82672,1
48855,23872,420,72727,49275,24292,0
39214,70738,77005,109952,116219,147743,1
91655,13957,72445,105612,164100,86402,0
25010,49364,47999,74374,73009,97363,1
48833,17377,11016,66210,59849,28393,0
35434,78565,9007,113999,44441,87572,0
55030,59079,34082,114109,89112,93161,1
64063,97902,48319,161965,112382,146221,1
64058,21240,48493,85298,112551,69733,1
42657,95078,87593,137735,130250,182671,1
90294,41262,62088,131556,152382,103350,1
52141,72288,97284,124429,149425,169572,1
7185,53529,4246,60714,11431,57775,0
74634,62457,97591,137091,172225,160048,1
51774,5757,47974,57531,99748,53731,1
61241,87146,18914,148387,80155,106060,0
36055,44212,70431,80267,106486,114643,1
98540,59893,57100,158433,155640,116993,1
91976,13355,25107,105331,117083,38462,0
60479,21434,48870,81913,109349,70304,1
16134,49334,41958,65468,58092,91292,1
54349,15457,17212,69806,71561,32669,0
56491,47204,48520,103695,105011,95724,1
66189,95009,21894,161198,88083,116903,0
69181,37928,48581,107109,117762,86509,1
30074,47279,39399,77353,69473,86678,1
33819,53923,85199,87742,119018,139122,1
80686,91279,81314,171965,162000,172593,1
69905,58956,86103,128861,156008,145059,1
30205,44973,61858,75178,92063,106831,1
72782,52353,28910,125135,101692,81263,1
36297,44470,51346,80767,87643,95816,1
93538,16852,899,110390,94437,17751,0
22385,22747,65852,45132,88237,88599,0
42615,9013,56282,51628,98897,65295,0
27835,76721,20698,104556,48533,97419,0
91476,95124,26977,186600,118453,122101,1
15685,34466,34607,50151,50292,69073,1
40624,70146,34178,110770,74802,104324,1
79752,29390,87197,109142,166949,116587,1
51758,78269,24960,130027,76718,103229,0
95715,49183,1516,144898,97231,50699,0
15141,59937,67480,75078,82621,127417,1
1347,1782,64626,3129,65973,66408,0
49689,64092,15096,113781,64785,79188,1
26223,84836,97187,111059,123410,182023,1
8603,1222,69530,9825,78133,70752,0
65887,41769,67335,107656,133222,109104,1
59119,5344,54044,64463,113163,59388,1
24460,44299,36554,68759,61014,80853,1
20544,2676,32354,23220,52898,35030,0
75831,12038,6722,87869,82553,18760,0
12935,24080,76490,37015,89425,100570,0
88673,72360,18503,161033,107176,90863,1
35018,27806,10846,62824,45864,38652,1
61666,70993,34313,132659,95979,105306,1
63525,70019,36598,133544,100123,106617,1
16835,79943,65052,96778,81887,144995,1
45523,62177,71879,107700,117402,134056,1
83936,54951,87215,138887,171151,142166,1
10637,66437,1863,77074,12500,68300,0
20458,37225,93426,57683,113884,130651,0
65838,37479,90945,103317,156783,128424,1
50910,90233,24632,141143,75542,114865,0
73116,86364,48240,159480,121356,134604,1
29056,96375,2987,125431,32043,99362,0
83665,79558,83690,163223,167355,163248,1
73702,34553,15652,108255,89354,50205,0
66064,48594,56054,114658,122118,104648,1
98321,14172,4744,112493,103065,18916,0
98062,20550,64005,118612,162067,84555,0
15771,79737,49264,95508,65035,129001,0
9573,68976,21863,78549,31436,90839,0
24319,74038,23491,98357,47810,97529,0
57145,96311,83800,153456,140945,180111,1
23269,32189,29627,55458,52896,61816,1
43079,55853,25702,98932,68781,81555,1
60694,5313,75757,66007,136451,81070,0
8420,52377,44244,60797,52664,96621,1
53026,18411,82155,71437,135181,100566,0
29416,15904,10982,45320,40398,26886,0
81353,68901,8625,150254,89978,77526,0
91542,67239,32729,158781,124271,99968,1
12929,75249,70958,88178,83887,146207,1
99117,9521,54238,108638,153355,63759,0
71509,26701,57207,98210,128716,83908,1
42387,3541,45743,45928,88130,49284,1
52418,67932,9431,120350,61849,77363,0
90141,23259,94847,113400,184988,118106,1
87279,53873,41675,141152,128954,95548,1
27833,61128,74723,88961,102556,135851,1
53585,60407,10502,113992,64087,70909,1
4474,5842,34585,10316,39059,40427,0
41014,64478,81251,105492,122265,145729,1
16789,1506,59585,18295,76374,61091,0
86475,12881,65949,99356,152424,78830,0
51055,15016,75019,66071,126074,90035,0
23894,10205,58251,34099,82145,68456,0
45286,93421,94936,138707,140222,188357,1
22075,83409,85988,105484,108063,169397,1
52289,28232,93778,80521,146067,122010,0
24163,25435,7353,49598,31516,32788,1
59182,74537,90873,133719,150055,165410,1
24356,74655,89009,99011,113365,163664,1
81371,92053,93855,173424,175226,185908,1
83499,80120,48376,163619,131875,128496,1
86467,70771,61591,157238,148058,132362,1
51125,84888,84671,136013,135796,169559,1
21874,1499,16169,23373,38043,17668,0
36889,57757,62461,94646,99350,120218,1
79911,93104,98040,173015,177951,191144,1
22777,44243,35919,67020,58696,80162,1
33556,80622,8417,114178,41973,89039,0
27211,93858,32691,121069,59902,126549,0
34702,32682,91963,67384,126665,124645,0
87156,80338,32898,167494,120054,113236,1
36877,77660,85397,114537,122274,163057,1
27816,87202,4339,115018,32155,91541,0
15146,26200,67580,41346,82726,93780,0
19009,89614,54765,108623,73774,144379,0
14554,69585,62835,84139,77389,132420,1
5014,85624,46677,90638,51691,132301,0
14299,42526,8467,56825,22766,50993,0
30155,27627,61437,57782,91592,89064,0
32470,17272,25090,49742,57560,42362,1
35001,70652,22109,105653,57110,92761,0
39724,9316,55717,49040,95441,65033,0
92908,49113,15144,142021,108052,64257,0
63824,56487,57533,120311,121357,114020,1
74692,52793,84145,127485,158837,136938,1
40312,45814,17843,86126,58155,63657,1
68956,32508,68864,101464,137820,101372,1
63495,89972,98208,153467,161703,188180,1
24975,92656,20936,117631,45911,113592,0
91315,60375,95581,151690,186896,155956,1
85062,32914,47229,117976,132291,80143,0
84814,32317,94334,117131,179148,126651,1
21905,28665,53287,50570,75192,81952,0
64100,31148,91289,95248,155389,122437,1
38136,60751,93534,98887,131670,154285,1
85911,99971,52151,185882,138062,152122,1
23144,55293,55026,78437,78170,110319,1
73475,77225,59637,150700,133112,136862,1
6901,59051,45729,65952,52630,104780,0
2007,291,14124,2298,16131,14415,0
24976,88990,28819,113966,53795,117809,0
3464,25232,82506,28696,85970,107738,0
70969,79079,20309,150048,91278,99388,1
3553,56469,56040,60022,59593,112509,1
14317,69592,51852,83909,66169,121444,0
61308,6123,811,67431,62119,6934,0
70261,36854,6134,107115,76395,42988,0
2450,62684,7719,65134,10169,70403,0
672,61493,93965,62165,94637,155458,0
62459,17454,34214,79913,96673,51668,0
21581,85466,64238,107047,85819,149704,1
78584,60759,60885,139343,139469,121644,1
46332,6015,73062,52347,119394,79077,0
61655,10397,19350,72052,81005,29747,0
65686,13815,90908,79501,156594,104723,0
19998,8071,70421,28069,90419,78492,0
11762,57148,51123,68910,62885,108271,1
29114,56264,1145,85378,30259,57409,0
75534,45588,58408,121122,133942,103996,1
36190,47032,34216,83222,70406,81248,1
57561,14298,18778,71859,76339,33076,0
32786,17260,7589,50046,40375,24849,0
19329,50463,12066,69792,31395,62529,0
35837,38216,47657,74053,83494,85873,1
72964,59401,54262,132365,127226,113663,1
3234,36034,17280,39268,20514,53314,0
81537,54184,10277,135721,91814,64461,0
49958,67922,86810,117880,136768,154732,1
6021,34586,56558,40607,62579,91144,0
11880,20137,18923,32017,30803,39060,1
78303,12601,83065,90904,161368,95666,1
29773,62648,48147,92421,77920,110795,1
61319,402,58178,61721,119497,58580,0
35508,13521,15759,49029,51267,29280,0
9037,85014,3530,94051,12567,88544,0
20729,9447,35062,30176,55791,44509,0
22579,57894,77455,80473,100034,135349,1
67203,90786,42162,157989,109365,132948,1
8062,72333,56712,80395,64774,129045,0
66332,39825,26483,106157,92815,66308,0
28131,47433,53758,75564,81889,101191,1
48169,9960,19828,58129,67997,29788,0
67643,14885,38139,82528,105782,53024,0
70639,5671,91554,76310,162193,97225,0
38010,40392,56176,78402,94186,96568,1
49751,56771,3454,106522,53205,60225,0
88788,2313,15246,91101,104034,17559,0
53635,53014,1349,106649,54984,54363,1
33352,15324,49147,48676,82499,64471,0
34994,60554,14228,95548,49222,74782,0
13328,18415,17683,31743,31011,36098,1
64561,9235,20417,73796,84978,29652,0
12401,56904,76672,69305,89073,133576,0
10475,70782,56257,81257,66732,127039,0
27769,8032,4892,35801,32661,12924,0
29999,38696,24851,68695,54850,63547,1
43080,71356,22822,114436,65902,94178,0
83761,74342,52223,158103,135984,126565,1
6526,43336,13802,49862,20328,57138,0
88946,11706,98693,100652,187639,110399,1
1774,33763,59809,35537,61583,93572,0
14741,29644,21148,44385,35889,50792,1
71591,22189,58011,93780,129602,80200,1
47620,12609,72973,60229,120593,85582,0
67636,44643,36392,112279,104028,81035,1
9880,44591,86483,54471,96363,131074,0
24448,26757,41232,51205,65680,67989,1
28080,37850,12989,65930,41069,50839,1
72628,72075,74630,144703,147258,146705,1
62977,7378,51974,70355,114951,59352,0
92858,36934,48175,129792,141033,85109,0
97733,58698,6910,156431,104643,65608,0
47910,31267,91736,79177,139646,123003,0
69419,4640,57346,74059,126765,61986,0
85520,8085,19705,93605,105225,27790,0
79218,4036,18359,83254,97577,22395,0
41929,71966,58068,113895,99997,130034,1
68610,11919,25514,80529,94124,37433,0
99054,28197,16699,127251,115753,44896,0
32823,22970,93808,55793,126631,116778,0
30464,52899,62371,83363,92835,115270,1
79677,53063,40447,132740,120124,93510,1
57389,22041,70627,79430,128016,92668,1
17720,4674,38858,22394,56578,43532,0
88829,51633,21169,140462,109998,72802,0
24073,72425,47726,96498,71799,120151,0
21159,68544,74429,89703,95588,142973,1
53987,35379,74684,89366,128671,110063,1
96783,18863,27060,115646,123843,45923,0
62916,17337,60121,80253,123037,77458,1
52669,41337,72315,94006,124984,113652,1
19516,886,34677,20402,54193,35563,0
14946,23026,44857,37972,59803,67883,0
77591,5272,23106,82863,100697,28378,0
76813,73257,23028,150070,99841,96285,1
38764,76525,74401,115289,113165,150926,1
78962,77804,22195,156766,101157,99999,1
86787,70541,21450,157328,108237,91991,1
67348,89186,18030,156534,85378,107216,0
50756,17857,55106,68613,105862,72963,1
49971,86645,27811,136616,77782,114456,0
28390,37046,57584,65436,85974,94630,1
98017,48104,85446,146121,183463,133550,1
75219,63328,23579,138547,98798,86907,1
83119,89924,65739,173043,148858,155663,1
53223,63594,90599,116817,143822,154193,1
11491,9771,99682,21262,111173,109453,0
19574,97901,67774,117475,87348,165675,0
34270,41828,23213,76098,57483,65041,1
8081,92168,13321,100249,21402,105489,0
11767,74415,25031,86182,36798,99446,0
66329,90770,66686,157099,133015,157456,1
6465,64985,69479,71450,75944,134464,1
33602,33101,60209,66703,93811,93310,1
24930,51377,18201,76307,43131,69578,0
58262,75830,39316,134092,97578,115146,1
90040,53197,55040,143237,145080,108237,1
44218,34064,47348,78282,91566,81412,1
64925,9018,16244,73943,81169,25262,0
37583,39735,80772,77318,118355,120507,0
79913,69881,22154,149794,102067,92035,1
62879,52630,8362,115509,71241,60992,0
5413,7316,22933,12729,28346,30249,0
10336,46848,25594,57184,35930,72442,0
66307,23284,70257,89591,136564,93541,1
13840,85324,93902,99164,107742,179226,1
73334,21212,24736,94546,98070,45948,0
17571,76322,2040,93893,19611,78362,0
18602,69974,37267,88576,55869,107241,0
96249,4006,613,100255,96862,4619,0
49789,85142,21408,134931,71197,106550,0
37225,63786,69885,101011,107110,133671,1
38650,32668,68357,71318,107007,101025,1
5529,84381,96919,89910,102448,181300,0
26842,28579,31531,55421,58373,60110,1
48912,74817,57785,123729,106697,132602,1
8059,32329,21756,40388,29815,54085,0
13353,38818,73204,52171,86557,112022,0
48039,48901,88917,96940,136956,137818,1
54406,38485,30728,92891,85134,69213,1
96837,16094,26404,112931,123241,42498,0
30647,53036,15423,83683,46070,68459,0
34058,97682,23782,131740,57840,121464,0
90127,29905,16701,120032,106828,46606,0
84873,67368,82547,152241,167420,149915,1
67852,10339,44898,78191,112750,55237,0
31079,49889,31566,80968,62645,81455,1
7816,81830,34976,89646,42792,116806,0
30088,77819,25937,107907,56025,103756,0
81977,63904,75031,145881,157008,138935,1
10745,91877,98193,102622,108938,190070,1
25529,28096,40310,53625,65839,68406,1
99446,25401,27917,124847,127363,53318,0
64814,3303,54068,68117,118882,57371,0
88637,40724,38203,129361,126840,78927,0
66789,96815,47529,163604,114318,144344,1
10997,67015,74999,78012,85996,142014,1
3078,6642,23501,9720,26579,30143,0
25138,2309,93146,27447,118284,95455,0
18869,74585,21458,93454,40327,96043,0
13046,48322,39468,61368,52514,87790,1
79747,48401,30047,128148,109794,78448,0
92881,76804,62050,169685,154931,138854,1
17655,10545,60916,28200,78571,71461,0
10902,46935,3725,57837,14627,50660,0
19291,15442,32483,34733,51774,47925,1
19884,88609,4040,108493,23924,92649,0
86691,47359,67600,134050,154291,114959,1
14259,45856,52422,60115,66681,98278,1
60367,88093,33662,148460,94029,121755,1
63776,66977,4477,130753,68253,71454,1
53719,18271,45248,71990,98967,63519,1
80197,7178,44457,87375,124654,51635,0
65529,76165,50468,141694,115997,126633,1
22596,44948,53004,67544,75600,97952,1
56700,60575,78922,117275,135622,139497,1
48826,27027,62413,75853,111239,89440,1
19015,846,30164,19861,49179,31010,0
37278,91050,80952,128328,118230,172002,1
4722,28024,68940,32746,73662,96964,0
67411,61588,34159,128999,101570,95747,1
82831,38934,54255,121765,137086,93189,1
5021,92344,9510,97365,14531,101854,0
74694,12563,89208,87257,163902,101771,0
90112,75833,94612,165945,184724,170445,1
85849,56270,86167,142119,172016,142437,1
10529,55359,66819,65888,77348,122178,0
20035,5198,47426,25233,67461,52624,0
55251,3724,45630,58975,100881,49354,0
58087,51131,13563,109218,71650,64694,1
9473,5914,97140,15387,106613,103054,0
26089,34577,98184,60666,124273,132761,0
69340,46049,43686,115389,113026,89735,1
4322,84877,41329,89199,45651,126206,0
50001,2626,22656,52627,72657,25282,0
86382,48321,76523,134703,162905,124844,1
85317,95071,72480,180388,157797,167551,1
44738,25119,14556,69857,59294,39675,0
35601,8738,77136,44339,112737,85874,0
37686,87293,94942,124979,132628,182235,1
14337,67742,66767,82079,81104,134509,1
55799,84807,44651,140606,100450,129458,1
82717,875,80966,83592,163683,81841,0
74923,66334,17585,141257,92508,83919,1
39398,77518,23257,116916,62655,100775,0
89369,88447,61270,177816,150639,149717,1
13301,36822,20994,50123,34295,57816,0
25373,90021,56242,115394,81615,146263,0
15678,13944,55066,29622,70744,69010,0
27898,2915,43896,30813,71794,46811,0
44293,5129,55098,49422,99391,60227,0
9079,53129,70402,62208,79481,123531,0
29861,69838,99383,99699,129244,169221,1
46289,46416,51295,92705,97584,97711,1
67774,16272,21724,84046,89498,37996,0
36381,76559,41948,112940,78329,118507,1
18881,5826,65719,24707,84600,71545,0
76848,39217,89776,116065,166624,128993,1
15349,61878,64845,77227,80194,126723,1
54276,81426,57487,135702,111763,138913,1
87834,52420,11594,140254,99428,64014,0
32401,49874,12330,82275,44731,62204,0
5276,11428,42499,16704,47775,53927,0
87285,11885,28466,99170,115751,40351,0
86135,6637,56980,92772,143115,63617,0
6858,67676,90077,74534,96935,157753,0
36278,64530,56823,100808,93101,121353,1
75429,99863,14167,175292,89596,114030,0
94402,94075,74162,188477,168564,168237,1
71232,77967,53251,149199,124483,131218,1
1010,77267,65043,78277,66053,142310,0
59757,95270,9807,155027,69564,105077,0
71797,66191,7905,137988,79702,74096,1
83600,65539,75558,149139,159158,141097,1
3698,1185,35488,4883,39186,36673,0
51155,15057,33328,66212,84483,48385,0
25738,72058,10357,97796,36095,82415,0
90162,81081,63835,171243,153997,144916,1
21717,66626,9799,88343,31516,76425,0
56051,38446,92640,94497,148691,131086,1
45373,88301,12415,133674,57788,100716,0
73144,69293,9395,142437,82539,78688,1
10574,96603,4663,107177,15237,101266,0
68564,30539,7254,99103,75818,37793,0
97661,719,90020,98380,187681,90739,0
3366,51310,20342,54676,23708,71652,0
33982,12251,24859,46233,58841,37110,1
72765,10545,54500,83310,127265,65045,0
8673,61474,76649,70147,85322,138123,0
59060,6616,23981,65676,83041,30597,0
54543,40681,85269,95224,139812,125950,1
19611,79854,54438,99465,74049,134292,0
95724,91685,32910,187409,128634,124595,1
25420,78346,1416,103766,26836,79762,0
13369,56953,91080,70322,104449,148033,0
87592,16049,86766,103641,174358,102815,1
45507,37124,92972,82631,138479,130096,0
51765,9958,66877,61723,118642,76835,0
84965,92056,22306,177021,107271,114362,1
71868,74167,78350,146035,150218,152517,1
71824,91000,209,162824,72033,91209,0
19478,17511,96761,36989,116239,114272,0
9733,38801,50345,48534,60078,89146,0
61082,33174,33544,94256,94626,66718,1
8704,85301,19810,94005,28514,105111,0
29990,73158,48558,103148,78548,121716,1
9267,54161,43043,63428,52310,97204,0
91750,39106,3458,130856,95208,42564,0
83441,48740,80698,132181,164139,129438,1
56523,72855,81476,129378,137999,154331,1
21325,12857,29147,34182,50472,42004,1
98853,96007,97384,194860,196237,193391,1
21237,63507,6131,84744,27368,69638,0
80895,24799,94834,105694,175729,119633,1
18322,39556,70980,57878,89302,110536,0
15068,38077,4155,53145,19223,42232,0
20456,54031,42254,74487,62710,96285,1
52731,6437,76325,59168,129056,82762,0
34089,19467,25107,53556,59196,44574,1
73142,4427,51626,77569,124768,56053,0
26919,96933,21701,123852,48620,118634,0
22794,90176,5231,112970,28025,95407,0
75381,85064,24742,160445,100123,109806,1
74895,18556,80524,93451,155419,99080,1
57060,57995,38622,115055,95682,96617,1
38527,94843,2458,133370,40985,97301,0
10375,33403,45409,43778,55784,78812,0
79068,4828,50190,83896,129258,55018,0
74897,85586,79814,160483,154711,165400,1
78441,40057,18885,118498,97326,58942,0
42690,68060,34813,110750,77503,102873,1
48586,19987,39963,68573,88549,59950,1
46654,98553,86119,145207,132773,184672,1
24818,22496,61945,47314,86763,84441,0
92776,17970,83055,110746,175831,101025,1
26649,6595,44372,33244,71021,50967,0
24108,89433,85732,113541,109840,175165,1
35401,7619,69093,43020,104494,76712,0
59456,62935,28559,122391,88015,91494,1
6016,79391,16902,85407,22918,96293,0
32099,19149,43579,51248,75678,62728,1
25950,63633,2977,89583,28927,66610,0
94982,21175,6787,116157,101769,27962,0
8633,36114,63521,44747,72154,99635,0
63554,92009,13067,155563,76621,105076,0
55055,82433,61027,137488,116082,143460,1
56340,43430,16489,99770,72829,59919,1
30194,45557,73063,75751,103257,118620,1
56150,97743,41231,153893,97381,138974,0
30997,1566,86401,32563,117398,87967,0
4103,13421,26468,17524,30571,39889,0
7901,5923,30864,13824,38765,36787,0
93992,35048,21234,129040,115226,56282,0
77213,55382,70195,132595,147408,125577,1
43473,31858,14000,75331,57473,45858,1
46536,8916,35765,55452,82301,44681,0
33857,51594,33721,85451,67578,85315,1
3250,57639,55328,60889,58578,112967,1
56310,94703,50358,151013,106668,145061,1
70617,34999,54728,105616,125345,89727,1
43562,63838,39644,107400,83206,103482,1
6332,97222,24876,103554,31208,122098,0
1660,19072,87330,20732,88990,106402,0
26915,82358,84272,109273,111187,166630,1
39662,46037,23185,85699,62847,69222,1
55043,3296,59205,58339,114248,62501,0
97558,41571,69052,139129,166610,110623,1
29480,43296,3826,72776,33306,47122,0
80952,30008,85704,110960,166656,115712,1
39525,87950,93616,127475,133141,181566,1
95923,74723,26103,170646,122026,100826,1
98444,23439,70692,121883,169136,94131,0
44755,61152,20624,105907,65379,81776,1
75878,17777,93951,93655,169829,111728,0
19031,84546,86945,103577,105976,171491,1
39684,30364,87509,70048,127193,117873,0
5739,57234,92055,62973,97794,149289,0
47308,36673,32542,83981,79850,69215,1
74151,94624,3376,168775,77527,98000,0
26808,35778,64144,62586,90952,99922,0
59206,92973,31901,152179,91107,124874,0
64758,3300,21829,68058,86587,25129,0
62992,71173,33578,134165,96570,104751,1
86882,36893,57155,123775,144037,94048,1
71921,44461,17603,116382,89524,62064,0
10097,64484,30097,74581,40194,94581,0
33425,61377,42084,94802,75509,103461,1
47999,40326,758,88325,48757,41084,0
39543,98605,91291,138148,130834,189896,1
73896,59993,62983,133889,136879,122976,1
78265,53418,94605,131683,172870,148023,1
49493,25189,86058,74682,135551,111247,0
26756,29301,38678,56057,65434,67979,1
3627,83494,52473,87121,56100,135967,0
68229,59155,9910,127384,78139,69065,1
7281,92968,83038,100249,90319,176006,0
48614,22024,15131,70638,63745,37155,0
58825,76312,91453,135137,150278,167765,1
47516,7069,45804,54585,93320,52873,1
91423,45511,97310,136934,188733,142821,1
91748,40733,30226,132481,121974,70959,0
46094,73556,14146,119650,60240,87702,0
54758,9141,81026,63899,135784,90167,0
20198,144,76116,20342,96314,76260,0
99978,90767,11248,190745,111226,102015,1
58554,75084,90250,133638,148804,165334,1
24368,28112,22512,52480,46880,50624,1
31340,9239,99978,40579,131318,109217,0
88631,17413,72572,106044,161203,89985,1
91235,96276,91181,187511,182416,187457,1
64339,4086,71152,68425,135491,75238,0
41147,82564,56544,123711,97691,139108,1
93789,4356,48711,98145,142500,53067,0
95539,78402,18243,173941,113782,96645,1
62458,92309,35842,154767,98300,128151,1
72068,84593,84598,156661,156666,169191,1
43599,50948,79381,94547,122980,130329,1
51409,37486,10923,88895,62332,48409,0
32270,46941,79848,79211,112118,126789,0
36290,53924,70802,90214,107092,124726,1
80163,85640,39165,165803,119328,124805,1
57375,71065,3309,128440,60684,74374,0
13936,45275,55716,59211,69652,100991,1
46936,78126,75101,125062,122037,153227,1
17633,54981,3925,72614,21558,58906,0
43332,61455,99118,104787,142450,160573,1
57630,15236,98647,72866,156277,113883,0
74007,93634,74405,167641,148412,168039,1
9346,5630,7612,14976,16958,13242,1
80418,86881,74099,167299,154517,160980,1
26175,31857,74161,58032,100336,106018,0
1910,17270,76912,19180,78822,94182,0
67036,5649,37338,72685,104374,42987,0
64822,95164,42305,159986,107127,137469,1
18829,11558,18634,30387,37463,30192,1
74565,8704,28646,83269,103211,37350,0
18690,49859,91558,68549,110248,141417,0
83993,59851,7671,143844,91664,67522,0
1030,63480,90782,64510,91812,154262,0
3085,81808,99663,84893,102748,181471,0
77938,49357,19788,127295,97726,69145,0
76854,63781,29890,140635,106744,93671,1
19986,15290,2099,35276,22085,17389,0
13435,55224,11684,68659,25119,66908,0
62084,5564,50334,67648,112418,55898,0
10224,15276,77865,25500,88089,93141,0
37123,36021,75254,73144,112377,111275,0
97969,30540,71369,128509,169338,101909,1
31972,42387,44393,74359,76365,86780,1
40240,52809,11986,93049,52226,64795,0
70353,10369,12017,80722,82370,22386,0
26190,5763,46196,31953,72386,51959,0
62995,64529,78173,127524,141168,142702,1
41371,26250,28224,67621,69595,54474,1
25603,24964,9437,50567,35040,34401,1
35458,25809,28340,61267,63798,54149,1
40507,71247,75310,111754,115817,146557,1
83080,30934,26761,114014,109841,57695,0
6863,51624,26528,58487,33391,78152,0
42114,81347,55186,123461,97300,136533,1
14147,89291,53115,103438,67262,142406,0
39914,91682,69593,131596,109507,161275,1
86632,87285,22810,173917,109442,110095,1
39575,70022,75590,109597,115165,145612,1
51261,28518,88132,79779,139393,116650,0
30621,59967,88339,90588,118960,148306,1
90124,16793,1233,106917,91357,18026,0
87023,50422,71108,137445,158131,121530,1
43871,6348,7273,50219,51144,13621,0
80468,30299,61129,110767,141597,91428,1
80953,43728,67600,124681,148553,111328,1
86137,59659,92879,145796,179016,152538,1
58318,45698,1283,104016,59601,46981,0
80755,73951,94563,154706,175318,168514,1
64129,20753,70075,84882,134204,90828,1
74013,60873,32726,134886,106739,93599,1
214,43055,59279,43269,59493,102334,0
9853,68020,46091,77873,55944,114111,0
27359,71116,13674,98475,41033,84790,0
82890,77329,89714,160219,172604,167043,1
58274,29597,82342,87871,140616,111939,1
54250,53638,79524,107888,133774,133162,1
10587,3674,4057,14261,14644,7731,0
54526,4211,11030,58737,65556,15241,0
49887,10430,94750,60317,144637,105180,0
26715,16266,95189,42981,121904,111455,0
36147,57435,37694,93582,73841,95129,1
64445,18169,73209,82614,137654,91378,1
41716,95797,40384,137513,82100,136181,0
76275,2011,2961,78286,79236,4972,0
13356,95994,35089,109350,48445,131083,0
41567,459,16346,42026,57913,16805,0
52488,64003,41723,116491,94211,105726,1
25286,59228,92634,84514,117920,151862,0
19822,30088,43000,49910,62822,73088,1
59077,65450,75423,124527,134500,140873,1
47704,22310,64558,70014,112262,86868,1
53038,26864,41655,79902,94693,68519,1
10880,87800,8438,98680,19318,96238,0
46352,24249,9631,70601,55983,33880,0
61207,36467,3222,97674,64429,39689,0
47457,53172,32352,100629,79809,85524,1
5091,80185,71435,85276,76526,151620,0
10088,13121,93293,23209,103381,106414,0
81685,27561,22059,109246,103744,49620,0
61553,78816,28841,140369,90394,107657,1
48187,60745,5463,108932,53650,66208,0
60868,25570,76501,86438,137369,102071,1
35041,65414,18440,100455,53481,83854,0
35330,73942,39541,109272,74871,113483,1
12963,3808,4699,16771,17662,8507,0
26902,25456,1910,52358,28812,27366,1
22725,70617,62054,93342,84779,132671,1
34730,72782,45697,107512,80427,118479,1
5583,26308,53405,31891,58988,79713,0
38071,82992,37730,121063,75801,120722,0
86342,24210,25341,110552,111683,49551,0
94801,80586,23484,175387,118285,104070,1
71622,8919,13211,80541,84833,22130,0
90117,77637,59740,167754,149857,137377,1
56764,73851,6842,130615,63606,80693,0
7589,43289,89452,50878,97041,132741,0
93326,48619,73901,141945,167227,122520,1
55250,75261,23110,130511,78360,98371,1
29160,96899,3655,126059,32815,100554,0
59985,1002,43041,60987,103026,44043,0
67769,6909,32414,74678,100183,39323,0
35660,31286,63526,66946,99186,94812,1
31883,47730,18912,79613,50795,66642,1
97921,91970,22742,189891,120663,114712,1
60210,88490,20725,148700,80935,109215,0
12889,55703,11208,68592,24097,66911,0
61268,92781,93502,154049,154770,186283,1
53229,60606,19594,113835,72823,80200,1
33716,77131,60464,110847,94180,137595,1
79852,64874,88024,144726,167876,152898,1
64841,34788,20028,99629,84869,54816,0
16711,58258,25094,74969,41805,83352,0
77411,41574,59172,118985,136583,100746,1
25587,95494,2126,121081,27713,97620,0
55880,45044,24172,100924,80052,69216,1
33217,42706,81164,75923,114381,123870,0
40403,27019,83938,67422,124341,110957,0
63112,2769,8797,65881,71909,11566,0
94646,20031,25033,114677,119679,45064,0
22192,91049,13230,113241,35422,104279,0
90190,39105,97057,129295,187247,136162,1
56855,79767,77260,136622,134115,157027,1
22713,78574,60399,101287,83112,138973,1
21009,81485,62845,102494,83854,144330,1
94545,95269,93946,189814,188491,189215,1
9037,42442,40124,51479,49161,82566,1
80038,90277,2627,170315,82665,92904,0
44733,24129,32821,68862,77554,56950,1
35294,8777,56536,44071,91830,65313,0
86535,11812,29370,98347,115905,41182,0
561,1905,50972,2466,51533,52877,0
56779,86516,94663,143295,151442,181179,1
39064,96353,56283,135417,95347,152636,0
55367,99044,65425,154411,120792,164469,1
2911,57080,4178,59991,7089,61258,0
52717,36999,13313,89716,66030,50312,0
11760,20629,13150,32389,24910,33779,1
87547,90477,60460,178024,148007,150937,1
49021,57562,97880,106583,146901,155442,1
7241,99792,3322,107033,10563,103114,0
12576,37427,55639,50003,68215,93066,0
80316,41268,44025,121584,124341,85293,1
4625,51581,50609,56206,55234,102190,1
77230,36831,81709,114061,158939,118540,1
3787,69138,26293,72925,30080,95431,0
58957,67272,43623,126229,102580,110895,1
73945,57119,68842,131064,142787,125961,1
3047,52799,65030,55846,68077,117829,0
93128,93966,72629,187094,165757,166595,1
95899,31486,85985,127385,181884,117471,1
87304,35037,56467,122341,143771,91504,1
53053,61508,25635,114561,78688,87143,1
71485,94936,94431,166421,165916,189367,1
84446,2751,51296,87197,135742,54047,0
45623,78991,72726,124614,118349,151717,1
81227,85310,28495,166537,109722,113805,1
11563,60354,12652,71917,24215,73006,0
67340,7561,6173,74901,73513,13734,0
94293,14956,75412,109249,169705,90368,0
63190,56290,53040,119480,116230,109330,1
95026,17788,60109,112814,155135,77897,0
15341,66675,15060,82016,30401,81735,0
37177,37382,50403,74559,87580,87785,1
4305,45547,55865,49852,60170,101412,0
20171,21124,44054,41295,64225,65178,0
30334,28678,75147,59012,105481,103825,0
40240,14257,63041,54497,103281,77298,0
93,97788,97462,97881,97555,195250,0
38174,31710,7555,69884,45729,39265,1
26489,75704,61651,102193,88140,137355,1
43192,28854,50546,72046,93738,79400,1
8438,20374,26118,28812,34556,46492,1
63059,21006,56551,84065,119610,77557,1
82354,14846,2623,97200,84977,17469,0
31643,72695,60863,104338,92506,133558,1
82182,72145,31284,154327,113466,103429,1
18373,35863,79755,54236,98128,115618,0
16669,39949,98287,56618,114956,138236,0
77626,83042,57269,160668,134895,140311,1
21790,48914,51366,70704,73156,100280,1
36263,58576,15351,94839,51614,73927,0
23127,54469,49184,77596,72311,103653,1
82420,3250,27871,85670,110291,31121,0
14060,9543,74012,23603,88072,83555,0
89044,22224,88370,111268,177414,110594,1
5654,31353,38879,37007,44533,70232,0
51109,68134,73334,119243,124443,141468,1
15445,49142,94769,64587,110214,143911,0
46958,63546,56888,110504,103846,120434,1
38082,26329,9503,64411,47585,35832,0
95615,25985,61736,121600,157351,87721,0
35304,60584,92718,95888,128022,153302,1
9354,11986,92396,21340,101750,104382,0
24424,64773,38994,89197,63418,103767,0
17921,63553,16948,81474,34869,80501,0
85949,48784,90311,134733,176260,139095,1
9177,97548,94368,106725,103545,191916,1
92469,32044,30595,124513,123064,62639,0
81762,36379,68119,118141,149881,104498,1
40419,83205,56267,123624,96686,139472,1
49654,79471,90776,129125,140430,170247,1
15484,8918,45676,24402,61160,54594,0
29718,88304,49911,118022,79629,138215,0
71933,37329,15148,109262,87081,52477,0
73075,58946,58608,132021,131683,117554,1
30850,65380,95211,96230,126061,160591,1
70609,9752,13218,80361,83827,22970,0
38451,92480,84924,130931,123375,177404,1
83066,49286,56253,132352,139319,105539,1
17133,37970,97312,55103,114445,135282,0
9504,49616,87983,59120,97487,137599,0
11346,43549,363,54895,11709,43912,0
19055,41088,95345,60143,114400,136433,0
62731,38207,91902,100938,154633,130109,1
32541,58027,51489,90568,84030,109516,1
10283,62277,65364,72560,75647,127641,1
75663,34328,54871,109991,130534,89199,1
80188,17206,74785,97394,154973,91991,1
11259,97614,18535,108873,29794,116149,0
2094,30930,64540,33024,66634,95470,0
51785,89509,36639,141294,88424,126148,0
76831,3839,18267,80670,95098,22106,0
53511,65411,7302,118922,60813,72713,0
59275,34402,23140,93677,82415,57542,0
49736,65067,59067,114803,108803,124134,1
8011,31512,11845,39523,19856,43357,0
19962,98090,61364,118052,81326,159454,0
21738,24934,40593,46672,62331,65527,1
50431,77602,88848,128033,139279,166450,1
34805,10996,55147,45801,89952,66143,0
19053,22166,86767,41219,105820,108933,0
5737,66952,42660,72689,48397,109612,0
80763,97012,42224,177775,122987,139236,1
99789,91797,17928,191586,117717,109725,1
64973,44788,51200,109761,116173,95988,1
37887,20773,74070,58660,111957,94843,0
43299,3537,18812,46836,62111,22349,0
31334,1012,81565,32346,112899,82577,0
68800,2096,7479,70896,76279,9575,0
28700,77969,7467,106669,36167,85436,0
66222,86430,18389,152652,84611,104819,0
26909,17444,32541,44353,59450,49985,1
32412,92040,86907,124452,119319,178947,1
74125,52755,37235,126880,111360,89990,1
93004,6141,88772,99145,181776,94913,1
57803,36769,73970,94572,131773,110739,1
13512,19981,68687,33493,82199,88668,0
23920,65381,85779,89301,109699,151160,1
50772,13805,48913,64577,99685,62718,1
88332,40640,41919,128972,130251,82559,0
12053,48523,46168,60576,58221,94691,1
16887,26515,81878,43402,98765,108393,0
1256,93899,28306,95155,29562,122205,0
25006,83749,813,108755,25819,84562,0
82627,72071,817,154698,83444,72888,0
93785,27982,871,121767,94656,28853,0
79536,24608,72824,104144,152360,97432,1
49033,72527,77038,121560,126071,149565,1
43890,81925,94301,125815,138191,176226,1
36638,96447,38553,133085,75191,135000,0
93025,68603,39677,161628,132702,108280,1
53421,80652,12169,134073,65590,92821,0
95197,20836,52449,116033,147646,73285,0
56872,20738,7835,77610,64707,28573,0
33189,37578,1363,70767,34552,38941,0
92201,95165,15280,187366,107481,110445,1
98558,83120,31433,181678,129991,114553,1
50030,67670,17648,117700,67678,85318,1
92231,38913,55873,131144,148104,94786,1
82158,12487,1102,94645,83260,13589,0
29618,77143,40217,106761,69835,117360,0
9301,5717,2256,15018,11557,7973,0
48164,25899,30451,74063,78615,56350,1
5171,29602,94231,34773,99402,123833,0
55415,88248,54208,143663,109623,142456,1
40932,22341,52092,63273,93024,74433,1
36328,7387,94081,43715,130409,101468,0
16624,97439,1171,114063,17795,98610,0
28293,67140,12616,95433,40909,79756,0
79621,83996,53773,163617,133394,137769,1
9250,51807,41599,61057,50849,93406,0
37946,38393,20508,76339,58454,58901,1
8234,15351,60724,23585,68958,76075,0
85965,47059,15861,133024,101826,62920,0
58094,5264,49995,63358,108089,55259,0
14784,2285,44082,17069,58866,46367,0
61461,46452,42350,107913,103811,88802,1
96315,32608,69589,128923,165904,102197,1
52934,16015,63302,68949,116236,79317,1
88565,24254,89507,112819,178072,113761,1
41496,34020,79077,75516,120573,113097,0
18538,66646,80467,85184,99005,147113,1
59832,50146,32185,109978,92017,82331,1
84458,35665,71587,120123,156045,107252,1
33043,23734,32472,56777,65515,56206,1
79678,8435,80719,88113,160397,89154,1
6713,34921,18331,41634,25044,53252,0
69220,36280,10116,105500,79336,46396,0
11291,65841,87221,77132,98512,153062,0
75315,3691,79448,79006,154763,83139,0
70163,22764,80490,92927,150653,103254,1
70410,9968,95416,80378,165826,105384,0
35452,6213,45442,41665,80894,51655,0
6770,54897,3411,61667,10181,58308,0
46997,23506,67556,70503,114553,91062,1
44388,41995,60582,86383,104970,102577,1
42863,27412,2642,70275,45505,30054,0
98028,40989,23489,139017,121517,64478,0
13954,85049,18645,99003,32599,103694,0
30899,10596,48092,41495,78991,58688,0
66837,62996,62356,129833,129193,125352,1
40491,56357,98810,96848,139301,155167,0
81537,7724,10877,89261,92414,18601,0
45996,55201,77034,101197,123030,132235,1
85570,99292,94579,184862,180149,193871,1
52532,74708,51198,127240,103730,125906,1
40972,1811,32431,42783,73403,34242,0
95059,81926,80585,176985,175644,162511,1
80476,82883,54578,163359,135054,137461,1
32624,45222,34350,77846,66974,79572,1
6709,27131,78813,33840,85522,105944,0
76899,54684,51790,131583,128689,106474,1
27832,21437,57080,49269,84912,78517,0
31291,17882,67202,49173,98493,85084,0
5102,24797,99057,29899,104159,123854,0
66920,27596,45066,94516,111986,72662,1
86424,24537,49129,110961,135553,73666,0
20445,8273,92021,28718,112466,100294,0
94910,48964,38696,143874,133606,87660,0
30177,68774,37162,98951,67339,105936,0
93242,82901,73957,176143,167199,156858,1
12924,86482,51462,99406,64386,137944,0
48144,29570,97348,77714,145492,126918,0
10378,93611,22759,103989,33137,116370,0
5951,18551,20098,24502,26049,38649,1
14625,76212,64774,90837,79399,140986,1
64253,28888,54709,93141,118962,83597,1
30042,61394,69311,91436,99353,130705,1
6407,24305,51370,30712,57777,75675,0
16916,4545,18366,21461,35282,22911,1
93890,27803,8605,121693,102495,36408,0
71384,42435,58864,113819,130248,101299,1
31785,99288,47703,131073,79488,146991,0
77528,95687,21955,173215,99483,117642,1
17832,13471,35751,31303,53583,49222,0
58896,7555,68980,66451,127876,76535,0
57991,67744,326,125735,58317,68070,0
55417,77727,26848,133144,82265,104575,1
97204,79295,79725,176499,176929,159020,1
99930,3423,94137,103353,194067,97560,0
13505,75449,23613,88954,37118,99062,0
63343,21600,91813,84943,155156,113413,0
19784,83915,74203,103699,93987,158118,1
89903,6137,67795,96040,157698,73932,0
67165,91634,19659,158799,86824,111293,0
66413,68095,83474,134508,149887,151569,1
82027,8493,40293,90520,122320,48786,0
36809,29109,92475,65918,129284,121584,0
85120,55413,52716,140533,137836,108129,1
1765,3542,58386,5307,60151,61928,0
39642,58106,50961,97748,90603,109067,1
1438,73750,30451,75188,31889,104201,0
69776,11207,71640,80983,141416,82847,1
14550,64176,1213,78726,15763,65389,0
84371,98130,52535,182501,136906,150665,1
48007,70314,47528,118321,95535,117842,1
8932,99559,14826,108491,23758,114385,0
84677,1607,8654,86284,93331,10261,0
14871,75372,69888,90243,84759,145260,1
24429,39307,54279,63736,78708,93586,1
21681,39376,67707,61057,89388,107083,0
38816,21967,59220,60783,98036,81187,1
46417,51822,7207,98239,53624,59029,1
38513,44455,37282,82968,75795,81737,1
80610,54007,851,134617,81461,54858,0
25297,48503,97732,73800,123029,146235,0
41636,18736,93676,60372,135312,112412,0
76324,87384,11064,163708,87388,98448,1
53287,24691,37285,77978,90572,61976,1
28252,65683,19739,93935,47991,85422,0
11588,17523,64824,29111,76412,82347,0
89310,45209,36663,134519,125973,81872,0
8393,12110,49398,20503,57791,61508,0
3165,46367,38995,49532,42160,85362,0
68327,11529,8949,79856,77276,20478,0
59436,64229,21088,123665,80524,85317,1
7175,50388,42601,57563,49776,92989,0
4645,6653,84065,11298,88710,90718,0
53965,96209,62715,150174,116680,158924,1
8540,90662,28991,99202,37531,119653,0
23451,20892,32986,44343,56437,53878,1
77222,8839,21389,86061,98611,30228,0
41134,41034,11293,82168,52427,52327,1
84750,54805,71607,139555,156357,126412,1
56033,82939,64035,138972,120068,146974,1
29761,95822,97777,125583,127538,193599,1
93692,3575,38252,97267,131944,41827,0
6897,81740,10856,88637,17753,92596,0
19239,60277,56521,79516,75760,116798,1
17323,76191,22214,93514,39537,98405,0
63846,3562,93933,67408,157779,97495,0
64556,86120,18637,150676,83193,104757,0
81465,71881,54844,153346,136309,126725,1
72453,87068,30621,159521,103074,117689,1
13846,8342,22861,22188,36707,31203,0
18975,69251,9775,88226,28750,79026,0
17761,47687,31376,65448,49137,79063,1
27049,75166,72995,102215,100044,148161,1
70253,18950,28610,89203,98863,47560,0
20837,44384,83621,65221,104458,128005,0
9189,52180,93225,61369,102414,145405,0
16582,77174,71228,93756,87810,148402,1
77195,69758,27093,146953,104288,96851,1
60264,36363,54922,96627,115186,91285,1
67312,59485,701,126797,68013,60186,0
16299,1682,60617,17981,76916,62299,0
65330,28437,71616,93767,136946,100053,1
1501,63585,18458,65086,19959,82043,0
71309,37616,11457,108925,82766,49073,0
57154,57952,89497,115106,146651,147449,1
55334,73509,2144,128843,57478,75653,0
61227,67230,14895,128457,76122,82125,1
52162,79991,49522,132153,101684,129513,1
66172,34006,15175,100178,81347,49181,0
26967,62006,60981,88973,87948,122987,1
9638,56387,11422,66025,21060,67809,0
38969,62435,25628,101404,64597,88063,1
79417,2542,25186,81959,104603,27728,0
75344,37481,2230,112825,77574,39711,0
35956,66191,59172,102147,95128,125363,1
1845,74592,3249,76437,5094,77841,0
28074,40476,80399,68550,108473,120875,0
67568,86155,49446,153723,117014,135601,1
89611,89402,88219,179013,177830,177621,1
28118,20281,33029,48399,61147,53310,1
45889,66247,59885,112136,105774,126132,1
93732,65587,70209,159319,163941,135796,1
7686,73015,93564,80701,101250,166579,0
220,60411,67755,60631,67975,128166,0
17417,42689,93956,60106,111373,136645,0
21210,11305,93525,32515,114735,104830,0
45189,15871,16689,61060,61878,32560,0
18768,2295,35012,21063,53780,37307,0
19080,71537,2931,90617,22011,74468,0
48528,57557,10663,106085,59191,68220,1
17096,24139,73683,41235,90779,97822,0
98712,7205,33531,105917,132243,40736,0
61612,59932,72905,121544,134517,132837,1
61218,53020,54172,114238,115390,107192,1
85338,78626,79530,163964,164868,158156,1
52411,24181,63398,76592,115809,87579,1
64721,51447,12355,116168,77076,63802,0
30841,82081,91094,112922,121935,173175,1
2210,20748,42123,22958,44333,62871,0
24302,7674,96919,31976,121221,104593,0
67875,89449,34159,157324,102034,123608,1
57884,29119,52978,87003,110862,82097,1
80109,64467,78675,144576,158784,143142,1
81000,68314,97283,149314,178283,165597,1
29470,39900,42522,69370,71992,82422,1
52756,98825,61656,151581,114412,160481,1
63416,20569,91018,83985,154434,111587,0
98160,46686,94596,144846,192756,141282,1
39204,3609,84134,42813,123338,87743,0
74830,58339,44872,133169,119702,103211,1
93353,73979,26918,167332,120271,100897,1
80900,38940,40667,119840,121567,79607,0
64226,49397,44507,113623,108733,93904,1
89694,28832,77232,118526,166926,106064,1
33838,26475,38718,60313,72556,65193,1
35304,16993,40341,52297,75645,57334,1
30726,23065,35928,53791,66654,58993,1
37788,12661,32785,50449,70573,45446,1
45850,25277,73061,71127,118911,98338,0
27674,10479,83177,38153,110851,93656,0
95262,45713,46505,140975,141767,92218,0
62514,45001,75647,107515,138161,120648,1
78884,1178,97880,80062,176764,99058,0
40639,83246,9016,123885,49655,92262,0
44105,27318,72057,71423,116162,99375,0
17297,78765,67954,96062,85251,146719,1
13146,91823,17714,104969,30860,109537,0
65950,88298,49173,154248,115123,137471,1
86776,87839,48815,174615,135591,136654,1
86012,85094,62666,171106,148678,147760,1
38818,44614,63757,83432,102575,108371,1
29559,39199,98744,68758,128303,137943,0
12806,12232,25487,25038,38293,37719,0
17120,12797,13487,29917,30607,26284,1
32220,45988,11133,78208,43353,57121,0
53716,38606,86392,92322,140108,124998,1
7382,24738,46181,32120,53563,70919,0
13864,43182,19983,57046,33847,63165,0
75743,17752,80921,93495,156664,98673,1
70774,99702,47027,170476,117801,146729,1
27449,45926,86869,73375,114318,132795,0
87697,57702,993,145399,88690,58695,0
71085,92742,66830,163827,137915,159572,1
78005,77362,44332,155367,122337,121694,1
53117,63662,84865,116779,137982,148527,1
49424,85338,64584,134762,114008,149922,1
29288,26273,69075,55561,98363,95348,0
93906,53216,45145,147122,139051,98361,1
70723,22107,10066,92830,80789,32173,0
87390,59452,17842,146842,105232,77294,0
69197,35794,52775,104991,121972,88569,1
95815,82852,29049,178667,124864,111901,1
89255,78105,41992,167360,131247,120097,1
37428,32313,58710,69741,96138,91023,1
26826,13258,61298,40084,88124,74556,0
94024,48021,27454,142045,121478,75475,0
68245,37955,54177,106200,122422,92132,1
28521,53303,97920,81824,126441,151223,0
14262,10368,88575,24630,102837,98943,0
10824,34950,3617,45774,14441,38567,0
64538,45870,85512,110408,150050,131382,1
38431,43362,31322,81793,69753,74684,1
96073,31981,81432,128054,177505,113413,1
6249,28768,41637,35017,47886,70405,0
41867,36269,903,78136,42770,37172,0
14166,81471,7159,95637,21325,88630,0
4321,71391,6550,75712,10871,77941,0
70800,4308,54452,75108,125252,58760,0
65685,17923,41875,83608,107560,59798,0
1962,50075,29297,52037,31259,79372,0
73039,859,13224,73898,86263,14083,0
97541,2976,324,100517,97865,3300,0
13582,5259,21443,18841,35025,26702,0
63754,94595,76370,158349,140124,170965,1
7471,72620,76986,80091,84457,149606,1
21695,10968,77428,32663,99123,88396,0
92653,3967,73522,96620,166175,77489,0
61422,97815,14100,159237,75522,111915,0
32878,24386,93409,57264,126287,117795,0
94729,90863,43824,185592,138553,134687,1
72672,82565,31238,155237,103910,113803,1
98919,70754,64050,169673,162969,134804,1
91778,35544,13089,127322,104867,48633,0
81218,70200,14808,151418,96026,85008,1
71645,74432,37656,146077,109301,112088,1
36951,76236,93205,113187,130156,169441,1
99452,65249,75491,164701,174943,140740,1
80758,6797,36504,87555,117262,43301,0
77191,25770,89747,102961,166938,115517,1
9304,57521,44371,66825,53675,101892,0
27911,82820,48756,110731,76667,131576,0
72963,50962,27413,123925,100376,78375,1
36522,43436,82163,79958,118685,125599,0
34423,63489,82110,97912,116533,145599,1
28494,5542,97669,34036,126163,103211,0
47150,36122,93343,83272,140493,129465,0
43781,23804,24238,67585,68019,48042,1
78895,93645,11875,172540,90770,105520,0
65430,44363,11547,109793,76977,55910,0
87024,64281,16429,151305,103453,80710,0
23517,84536,52047,108053,75564,136583,0
43482,30792,46207,74274,89689,76999,1
40346,93572,99548,133918,139894,193120,1
28098,37144,42451,65242,70549,79595,1
59296,86035,26852,145331,86148,112887,1
2687,26693,40672,29380,43359,67365,0
66904,62212,62079,129116,128983,124291,1
43144,68864,20728,112008,63872,89592,0
82644,40114,83605,122758,166249,123719,1
17566,48102,86841,65668,104407,134943,0
29953,99655,19342,129608,49295,118997,0
43259,63862,24867,107121,68126,88729,1
55658,3626,25926,59284,81584,29552,0
46096,15733,92079,61829,138175,107812,0
72432,19382,82468,91814,154900,101850,1
70060,52469,99662,122529,169722,152131,1
39818,4068,58763,43886,98581,62831,0
42894,89679,58965,132573,101859,148644,1
302,65088,12841,65390,13143,77929,0
12895,39637,58962,52532,71857,98599,0
78473,92045,91399,170518,169872,183444,1
91627,31423,31594,123050,123221,63017,0
47096,97309,25278,144405,72374,122587,0
40479,99841,17563,140320,58042,117404,0
78180,88064,56541,166244,134721,144605,1
59801,83656,78435,143457,138236,162091,1
55341,99404,65471,154745,120812,164875,1
96091,79489,48439,175580,144530,127928,1
19801,85920,32261,105721,52062,118181,0
81862,57422,16328,139284,98190,73750,0
19779,70507,14373,90286,34152,84880,0
74423,34776,62089,109199,136512,96865,1
62722,9242,72737,71964,135459,81979,0
92493,82088,39880,174581,132373,121968,1
12666,9599,47332,22265,59998,56931,0
41141,76810,94787,117951,135928,171597,1
45553,30229,32762,75782,78315,62991,1
55330,53506,54503,108836,109833,108009,1
7893,65043,74059,72936,81952,139102,0
81060,83894,90658,164954,171718,174552,1
29203,86793,96005,115996,125208,182798,1
38371,86281,98339,124652,136710,184620,1
63328,29847,84395,93175,147723,114242,1
30984,70788,94102,101772,125086,164890,1
60483,21922,10525,82405,71008,32447,0
32063,25739,34002,57802,66065,59741,1
50191,15753,10667,65944,60858,26420,0
4933,77309,65650,82242,70583,142959,0
70373,41399,90729,111772,161102,132128,1
87640,9928,89616,97568,177256,99544,1
63302,12915,66666,76217,129968,79581,1
50202,68892,42401,119094,92603,111293,1
35091,82873,28155,117964,63246,111028,0
67119,31615,72939,98734,140058,104554,1
49196,68272,89425,117468,138621,157697,1
45893,44783,91472,90676,137365,136255,0
92242,37102,14172,129344,106414,51274,0
53642,83286,96348,136928,149990,179634,1
97523,58670,26220,156193,123743,84890,0
77363,48379,49311,125742,126674,97690,1
58587,65353,98836,123940,157423,164189,1
13928,29679,18657,43607,32585,48336,1
27712,11105,65043,38817,92755,76148,0
45496,94458,79863,139954,125359,174321,1
61750,79966,71828,141716,133578,151794,1
27863,14103,22491,41966,50354,36594,1
63920,83486,24609,147406,88529,108095,1
11693,36332,32103,48025,43796,68435,1
42423,37107,42960,79530,85383,80067,1
23664,45218,66574,68882,90238,111792,1
56655,64464,89434,121119,146089,153898,1
83164,86308,99863,169472,183027,186171,1
44285,10133,38603,54418,82888,48736,1
45271,72068,86082,117339,131353,158150,1
69004,78838,69710,147842,138714,148548,1
56191,83211,17036,139402,73227,100247,0
23860,44498,44909,68358,68769,89407,1
60840,76831,81276,137671,142116,158107,1
39651,86034,61227,125685,100878,147261,1
32296,29290,80307,61586,112603,109597,0
90066,971,94873,91037,184939,95844,0
68941,37173,34364,106114,103305,71537,1
11232,9505,87394,20737,98626,96899,0
49518,82913,11676,132431,61194,94589,0
5257,69398,98341,74655,103598,167739,0
86563,43197,18141,129760,104704,61338,0
78826,78716,4993,157542,83819,83709,1
82908,80314,35374,163222,118282,115688,1
37772,42585,11332,80357,49104,53917,1
13302,45394,62183,58696,75485,107577,0
82360,51474,34345,133834,116705,85819,1
90661,43733,17779,134394,108440,61512,0
94807,43262,99804,138069,194611,143066,1
89082,67378,91104,156460,180186,158482,1
89364,19743,50643,109107,140007,70386,0
93439,89483,2957,182922,96396,92440,0
11058,54985,35590,66043,46648,90575,0
470,95858,51604,96328,52074,147462,0
66031,24256,78156,90287,144187,102412,1
58819,11142,68501,69961,127320,79643,1
51701,41724,66890,93425,118591,108614,1
31660,4773,71006,36433,102666,75779,0
58792,26037,14069,84829,72861,40106,0
12485,41358,5639,53843,18124,46997,0
64040,8742,45274,72782,109314,54016,0
28602,77829,43730,106431,72332,121559,0
62497,44862,78338,107359,140835,123200,1
24989,98575,58135,123564,83124,156710,0
54363,52205,35235,106568,89598,87440,1
417,38228,80772,38645,81189,119000,0
346,51858,78746,52204,79092,130604,0
91606,99240,60913,190846,152519,160153,1
51916,26648,33852,78564,85768,60500,1
74269,70237,27589,144506,101858,97826,1
84594,29216,2318,113810,86912,31534,0
3730,7913,50233,11643,53963,58146,0
16847,10931,14099,27778,30946,25030,1
95823,58683,59898,154506,155721,118581,1
32107,75133,63246,107240,95353,138379,1
90455,91970,516,182425,90971,92486,0
50779,85312,43844,136091,94623,129156,1
93557,56419,82327,149976,175884,138746,1
22060,29316,5036,51376,27096,34352,0
85794,6013,20974,91807,106768,26987,0
11974,40373,47224,52347,59198,87597,1
29932,89377,77866,119309,107798,167243,1
21207,43710,90976,64917,112183,134686,0
2467,48791,56802,51258,59269,105593,0
59602,36381,82967,95983,142569,119348,1
71372,22746,84449,94118,155821,107195,1
91671,64059,91278,155730,182949,155337,1
70102,73425,32089,143527,102191,105514,1
30430,34584,82392,65014,112822,116976,0
81548,75321,85494,156869,167042,160815,1
36698,44107,56950,80805,93648,101057,1
56420,32823,94365,89243,150785,127188,0
43968,69063,34023,113031,77991,103086,1
48918,80638,85216,129556,134134,165854,1
49206,30482,4344,79688,53550,34826,0
92516,83303,54014,175819,146530,137317,1
73275,23524,50534,96799,123809,74058,1
68679,13729,48024,82408,116703,61753,0
51780,79678,60279,131458,112059,139957,1
7963,91621,72045,99584,80008,163666,0
20979,26714,63417,47693,84396,90131,0
92315,21720,20079,114035,112394,41799,0
51344,5732,18566,57076,69910,24298,0
134,36542,34024,36676,34158,70566,0
15869,64923,42639,80792,58508,107562,0
24241,12658,40955,36899,65196,53613,0
78138,99178,77256,177316,155394,176434,1
84374,45907,18811,130281,103185,64718,0
53117,28704,42551,81821,95668,71255,1
5657,46758,24024,52415,29681,70782,0
52635,22487,51716,75122,104351,74203,1
13432,38199,85578,51631,99010,123777,0
40192,86088,5312,126280,45504,91400,0
4961,38078,7264,43039,12225,45342,0
99688,13055,60920,112743,160608,73975,0
11210,99221,54307,110431,65517,153528,0
89537,39391,60169,128928,149706,99560,1
90069,8889,25692,98958,115761,34581,0
21775,65304,98259,87079,120034,163563,0
68225,21339,57230,89564,125455,78569,1
82573,87947,23976,170520,106549,111923,1
57136,87860,57362,144996,114498,145222,1
1386,32791,35205,34177,36591,67996,0
6539,43499,76678,50038,83217,120177,0
64893,84371,89073,149264,153966,173444,1
84247,19127,66079,103374,150326,85206,1
97488,1261,1204,98749,98692,2465,0
89441,39814,98364,129255,187805,138178,1
10416,77722,32810,88138,43226,110532,0
46460,62007,92307,108467,138767,154314,1
9248,63939,45990,73187,55238,109929,0
84716,85283,31370,169999,116086,116653,1
61204,83907,17339,145111,78543,101246,0
58919,47903,94987,106822,153906,142890,1
83656,54038,83867,137694,167523,137905,1
31094,69983,75752,101077,106846,145735,1
41725,32979,95219,74704,136944,128198,0
5560,10119,59853,15679,65413,69972,0
34603,43312,2976,77915,37579,46288,0
63967,74458,43529,138425,107496,117987,1
32710,80115,3315,112825,36025,83430,0
76388,99312,23296,175700,99684,122608,1
9271,55012,45337,64283,54608,100349,0
4108,43694,11297,47802,15405,54991,0
24798,12703,98022,37501,122820,110725,0
39691,79186,61585,118877,101276,140771,1
15634,8022,39028,23656,54662,47050,0
28471,8114,87249,36585,115720,95363,0
66008,59294,57554,125302,123562,116848,1
58835,1737,78901,60572,137736,80638,0
21217,21407,35227,42624,56444,56634,1
48634,14088,34323,62722,82957,48411,0
50879,47090,32598,97969,83477,79688,1
57708,61722,28161,119430,85869,89883,1
59132,76446,73483,135578,132615,149929,1
33526,20252,7726,53778,41252,27978,0
15214,63635,20396,78849,35610,84031,0
93766,85806,18925,179572,112691,104731,1
62648,4165,88902,66813,151550,93067,0
16423,47014,6662,63437,23085,53676,0
14999,67137,21157,82136,36156,88294,0
69197,54511,88881,123708,158078,143392,1
65852,38998,67334,104850,133186,106332,1
94683,57242,23285,151925,117968,80527,0
30376,28929,68435,59305,98811,97364,0
38715,79685,82792,118400,121507,162477,1
75667,29086,40628,104753,116295,69714,0
8695,40517,25983,49212,34678,66500,0
69450,41674,17448,111124,86898,59122,0
46834,2477,94192,49311,141026,96669,0
27001,45723,83210,72724,110211,128933,0
27479,54045,96943,81524,124422,150988,0
8522,29987,43161,38509,51683,73148,0
51992,36327,59583,88319,111575,95910,1
83086,1874,50110,84960,133196,51984,0
90562,29841,77387,120403,167949,107228,1
75369,92516,21384,167885,96753,113900,1
59191,58378,17666,117569,76857,76044,1
58883,6213,92546,65096,151429,98759,0
74281,81467,24151,155748,98432,105618,1
69181,79851,15950,149032,85131,95801,1
95857,29643,31733,125500,127590,61376,0
19329,13424,10838,32753,30167,24262,1
74604,13490,73969,88094,148573,87459,1
36472,63461,72760,99933,109232,136221,1
11931,64674,73358,76605,85289,138032,1
95032,54142,51522,149174,146554,105664,1
62480,81287,96447,143767,158927,177734,1
75175,22963,14594,98138,89769,37557,0
36338,26259,67557,62597,103895,93816,0
43976,74284,43970,118260,87946,118254,1
64926,46869,37508,111795,102434,84377,1
46361,2042,77115,48403,123476,79157,0
68643,58736,47238,127379,115881,105974,1
17885,93308,43858,111193,61743,137166,0
59922,92066,61067,151988,120989,153133,1
83423,80867,52409,164290,135832,133276,1
41737,68956,1830,110693,43567,70786,0
83234,30546,59140,113780,142374,89686,1
5201,969,41910,6170,47111,42879,0
28585,8356,31307,36941,59892,39663,1
91623,30548,47878,122171,139501,78426,0
25159,95130,15025,120289,40184,110155,0
74911,5965,58109,80876,133020,64074,0
91172,96313,67416,187485,158588,163729,1
74060,15358,13678,89418,87738,29036,0
73493,46528,71369,120021,144862,117897,1
39409,41052,75141,80461,114550,116193,1
13943,65649,7494,79592,21437,73143,0
52926,41864,58316,94790,111242,100180,1
59629,58572,93097,118201,152726,151669,1
60995,39552,61670,100547,122665,101222,1
33730,18635,53042,52365,86772,71677,0
89008,9877,65469,98885,154477,75346,0
35504,5874,65814,41378,101318,71688,0
40320,96867,25186,137187,65506,122053,0
50921,96686,49657,147607,100578,146343,1
832,21496,81322,22328,82154,102818,0
56909,54785,3240,111694,60149,58025,1
52846,5031,25045,57877,77891,30076,0
67482,22680,94791,90162,162273,117471,0
6780,1188,90977,7968,97757,92165,0
38908,74577,87758,113485,126666,162335,1
49994,93582,99581,143576,149575,193163,1
88057,36392,43529,124449,131586,79921,0
8000,78368,50554,86368,58554,128922,0
54715,67360,81604,122075,136319,148964,1
14906,17519,72879,32425,87785,90398,0
47290,6589,89269,53879,136559,95858,0
66327,76988,5732,143315,72059,82720,0
43242,12957,52776,56199,96018,65733,1
34210,67091,51308,101301,85518,118399,1
14434,41380,48520,55814,62954,89900,1
53567,35340,53396,88907,106963,88736,1
58678,75448,5298,134126,63976,80746,0
80880,81995,4535,162875,85415,86530,1
79077,71335,56057,150412,135134,127392,1
37263,7342,89609,44605,126872,96951,0
98210,10594,83492,108804,181702,94086,0
68923,33216,25030,102139,93953,58246,0
25258,16657,28037,41915,53295,44694,1
60812,63677,79936,124489,140748,143613,1
16546,20001,65575,36547,82121,85576,0
37521,20352,66501,57873,104022,86853,0
26107,11868,86052,37975,112159,97920,0
67013,94099,8057,161112,75070,102156,0
69043,84122,39197,153165,108240,123319,1
17686,9943,59403,27629,77089,69346,0
54509,33585,64532,88094,119041,98117,1
20378,60439,44529,80817,64907,104968,1
12353,15686,47422,28039,59775,63108,0
81626,80303,69903,161929,151529,150206,1
22128,75259,82225,97387,104353,157484,1
59046,15838,26225,74884,85271,42063,0
42084,87510,41162,129594,83246,128672,0
3275,51330,73226,54605,76501,124556,0
12487,54072,65755,66559,78242,119827,1
64694,7200,65386,71894,130080,72586,1
44590,28228,5580,72818,50170,33808,0
80067,18464,16761,98531,96828,35225,0
47040,27282,43087,74322,90127,70369,1
56138,51633,33241,107771,89379,84874,1
25092,94986,22037,120078,47129,117023,0
88096,84423,41071,172519,129167,125494,1
47418,44389,99376,91807,146794,143765,0
92975,89583,45769,182558,138744,135352,1
59878,71041,51117,130919,110995,122158,1
25682,16806,73997,42488,99679,90803,0
29136,92293,80016,121429,109152,172309,1
17714,42804,30157,60518,47871,72961,1
72639,86035,45970,158674,118609,132005,1
57324,29964,3069,87288,60393,33033,0
31247,89679,28361,120926,59608,118040,0
74096,52849,22116,126945,96212,74965,1
75468,95909,96333,171377,171801,192242,1
39955,59265,50572,99220,90527,109837,1
77932,9510,52906,87442,130838,62416,0
11910,625,1394,12535,13304,2019,0
15726,90698,43399,106424,59125,134097,0
75441,103,6921,75544,82362,7024,0
54126,46504,18632,100630,72758,65136,1
84070,61156,24472,145226,108542,85628,1
32514,25738,27377,58252,59891,53115,1
45192,64861,44143,110053,89335,109004,1
32315,4910,53471,37225,85786,58381,0
70068,44390,74209,114458,144277,118599,1
45283,25387,68358,70670,113641,93745,1
31132,35231,6991,66363,38123,42222,1
60880,6391,57266,67271,118146,63657,1
42534,42702,40128,85236,82662,82830,1
61909,67294,3563,129203,65472,70857,0
12105,64802,60115,76907,72220,124917,1
27318,62822,70175,90140,97493,132997,1
24060,97143,49595,121203,73655,146738,0
89018,2076,4774,91094,93792,6850,0
57371,22773,75752,80144,133123,98525,1
69259,69217,48100,138476,117359,117317,1
37572,50187,1181,87759,38753,51368,0
61090,60979,8051,122069,69141,69030,1
54233,68437,60316,122670,114549,128753,1
74470,50734,52482,125204,126952,103216,1
96657,19739,74499,116396,171156,94238,0
81962,89106,31642,171068,113604,120748,1
20014,58002,94785,78016,114799,152787,0
21662,20382,72111,42044,93773,92493,0
94727,28625,73428,123352,168155,102053,1
87150,54942,75295,142092,162445,130237,1
61475,85088,94607,146563,156082,179695,1
49485,91863,71461,141348,120946,163324,1
42816,31591,3164,74407,45980,34755,0
14228,69691,58657,83919,72885,128348,1
67781,52254,53637,120035,121418,105891,1
80434,75464,30427,155898,110861,105891,1
76799,22421,67201,99220,144000,89622,1
94084,52472,46127,146556,140211,98599,1
99090,14469,46921,113559,146011,61390,0
26555,65584,65820,92139,92375,131404,1
94031,89194,95169,183225,189200,184363,1
74422,50389,95796,124811,170218,146185,1
63919,50274,1123,114193,65042,51397,0
81383,37752,34951,119135,116334,72703,0
58092,36249,90159,94341,148251,126408,1
54426,1080,18508,55506,72934,19588,0
1074,57638,2617,58712,3691,60255,0
45069,26932,16641,72001,61710,43573,0
45462,99621,34803,145083,80265,134424,0
80531,93179,89781,173710,170312,182960,1
68928,33450,26918,102378,95846,60368,0
41917,61658,9103,103575,51020,70761,0
73840,56348,21750,130188,95590,78098,1
55931,3647,39569,59578,95500,43216,0
56453,89783,65100,146236,121553,154883,1
15483,35509,22863,50992,38346,58372,1
97270,54784,62809,152054,160079,117593,1
24703,62846,59023,87549,83726,121869,1
96687,46692,86951,143379,183638,133643,1
62531,53444,69440,115975,131971,122884,1
92475,54805,54887,147280,147362,109692,1
6674,90793,63070,97467,69744,153863,0
81487,14446,60162,95933,141649,74608,0
43499,53046,296,96545,43795,53342,0
3216,21830,28368,25046,31584,50198,0
49881,67930,65820,117811,115701,133750,1
83905,2483,98681,86388,182586,101164,0
91972,1626,86743,93598,178715,88369,0
23792,8352,173,32144,23965,8525,0
2840,93097,50410,95937,53250,143507,0
14486,13753,28407,28239,42893,42160,0
62466,79945,75478,142411,137944,155423,1
96838,99805,53185,196643,150023,152990,1
91809,10222,4435,102031,96244,14657,0
8461,56485,29820,64946,38281,86305,0
32448,68398,58052,100846,90500,126450,1
20381,95731,80621,116112,101002,176352,1
77356,24999,28490,102355,105846,53489,0
19092,48760,20766,67852,39858,69526,0
17245,7747,14255,24992,31500,22002,1
19480,74035,21159,93515,40639,95194,0
40311,52191,26019,92502,66330,78210,1
25173,64480,42172,89653,67345,106652,1
11331,70091,31442,81422,42773,101533,0
88455,2031,55494,90486,143949,57525,0
84352,132,27134,84484,111486,27266,0
19691,381,25395,20072,45086,25776,0
45672,17653,11243,63325,56915,28896,0
26596,98825,66457,125421,93053,165282,0
6954,92456,94367,99410,101321,186823,1
7262,13520,14995,20782,22257,28515,1
95376,24264,1767,119640,97143,26031,0
55687,85908,41524,141595,97211,127432,1
88071,23442,22909,111513,110980,46351,0
98443,3861,27212,102304,125655,31073,0
47190,43212,56799,90402,103989,100011,1
40308,84915,58781,125223,99089,143696,1
32699,50789,9224,83488,41923,60013,0
29338,47218,69653,76556,98991,116871,1
14585,21072,925,35657,15510,21997,0
81784,56414,78682,138198,160466,135096,1
10506,5035,57027,15541,67533,62062,0
92473,55819,88567,148292,181040,144386,1
26397,67418,34488,93815,60885,101906,0
67377,24792,40825,92169,108202,65617,0
52076,69029,3964,121105,56040,72993,0
1968,81661,14616,83629,16584,96277,0
52524,16775,80418,69299,132942,97193,0
88750,32014,55918,120764,144668,87932,0
12007,446,25444,12453,37451,25890,0
21346,60302,62449,81648,83795,122751,1
